
$orca_hessian_file

$act_atom
  0

$act_coord
  0

$act_energy
      -11.819769

$multiplicity
  1

$hessian
18
                    0                  1                  2                  3                  4        
    0      5.9163898783E-01  -1.6050548240E-03  -1.1507338128E-05  -4.1131139478E-02   1.8843084098E-04
    1     -1.6050548240E-03   5.9484499113E-01  -1.1476721299E-05  -1.9225465693E-04  -3.3890316109E-01
    2     -1.1507338128E-05  -1.1476721299E-05  -3.4919343935E-02   6.8439942494E-07   1.2589784018E-03
    3     -4.1131139478E-02  -1.9225465693E-04   6.8439942494E-07   4.1059569388E-02   1.6608917888E-04
    4      1.8843084098E-04  -3.3890316109E-01   1.2589784018E-03   1.6608917888E-04   3.6108327144E-01
    5     -1.4005625412E-06   1.5371004024E-03  -3.9020820408E-03  -1.5551882920E-06  -2.4388912685E-03
    6     -2.6565920797E-01   1.2791478404E-01   1.0916419423E-03   7.6941009727E-04  -8.0272754330E-05
    7      1.5094228450E-01  -1.1562286682E-01  -6.3625154590E-04   3.1686517428E-03  -1.3924747491E-02
    8      1.3132404770E-03  -7.6181484540E-04  -3.9020795232E-03  -1.9106009662E-05   8.8973789044E-05
    9     -2.6563587115E-01  -1.2929297785E-01  -1.1058419379E-03   7.5783401444E-04   8.0963634266E-05
   10     -1.4952691500E-01  -1.1562286713E-01  -6.3625148986E-04  -3.1432351785E-03  -1.3924747487E-02
   11     -1.2983905416E-03  -7.6181481617E-04  -3.9020793498E-03   1.9199443237E-05   8.8973783461E-05
   12     -1.0954858353E-02   2.2711347327E-06   1.5087265126E-05   2.7066281830E-04  -3.4842843697E-08
   13      5.9276550437E-07  -1.1301487489E-02   1.5085950487E-05   2.7137384018E-07   1.0996478826E-03
   14     -5.2794149393E-06  -5.2997737623E-06   2.3609616860E-02   2.6470982490E-07  -1.6370672604E-05
   15     -8.2579108818E-03   3.1732321609E-03   9.9356691362E-06  -1.7263368402E-03  -3.5517605692E-04
   16      6.6171278261E-07  -1.3394608604E-02   9.9154047662E-06   4.7753987062E-07   4.5697367415E-03
   17      3.3373802493E-06   3.3057542380E-06   2.3015967989E-02   5.1264546833E-07   1.0183359668E-03
                    5                  6                  7                  8                  9        
    0     -1.4005625412E-06  -2.6565920797E-01   1.5094228450E-01   1.3132404770E-03  -2.6563587115E-01
    1      1.5371004024E-03   1.2791478404E-01  -1.1562286682E-01  -7.6181484540E-04  -1.2929297785E-01
    2     -3.9020820408E-03   1.0916419423E-03  -6.3625154590E-04  -3.9020795232E-03  -1.1058419379E-03
    3     -1.5551882920E-06   7.6941009727E-04   3.1686517428E-03  -1.9106009662E-05   7.5783401444E-04
    4     -2.4388912685E-03  -8.0272754330E-05  -1.3924747491E-02   8.8973789044E-05   8.0963634266E-05
    5      3.8355569080E-02   3.3001341274E-05  -1.2081420651E-04  -7.3936940135E-04  -3.2776172519E-05
    6      3.3001341274E-05   2.8160394205E-01  -1.3954939111E-01  -2.1138067276E-03  -2.0778443548E-02
    7     -1.2081420651E-04  -1.3954939111E-01   1.2187041035E-01   1.2264413181E-03  -1.1964988139E-02
    8     -7.3936940135E-04  -2.1138067276E-03   1.2264413181E-03   3.8355572223E-02  -1.2105535658E-04
    9     -3.2776172519E-05  -2.0778443548E-02  -1.1964988139E-02  -1.2105535658E-04   2.8527906562E-01
   10     -1.2081420059E-04   1.1946108925E-02   6.6483523388E-03   3.2027895718E-05   1.4094251444E-01
   11     -7.3936950118E-04   1.2111057812E-04   3.2027886560E-05  -7.3936959951E-04   2.1293907047E-03
   12     -5.1282867666E-06   1.0891258295E-03  -5.6810852495E-04   3.7321254736E-03   1.0829010338E-03
   13      8.8830284478E-03  -3.4667413639E-04   4.9715507171E-04  -4.4450768770E-03   3.4830252525E-04
   14     -1.6834771153E-02  -1.4567954057E-05   1.1253631865E-05  -1.6834776230E-02   2.0413615241E-05
   15      7.8588688436E-06   2.9751735388E-03  -2.0284484728E-03  -2.7913978568E-03  -7.0548596976E-04
   16     -7.7396091746E-03   1.1544503237E-04   5.3169655146E-04   3.8594487195E-03  -1.1381460979E-04
   17     -1.6139976984E-02   8.8262081996E-04  -5.1265708413E-04  -1.6139977469E-02  -8.9013085299E-04
                   10                 11                 12                 13                 14        
    0     -1.4952691500E-01  -1.2983905416E-03  -1.0954858353E-02   5.9276550437E-07  -5.2794149393E-06
    1     -1.1562286713E-01  -7.6181481617E-04   2.2711347327E-06  -1.1301487489E-02  -5.2997737623E-06
    2     -6.3625148986E-04  -3.9020793498E-03   1.5087265126E-05   1.5085950487E-05   2.3609616860E-02
    3     -3.1432351785E-03   1.9199443237E-05   2.7066281830E-04   2.7137384018E-07   2.6470982490E-07
    4     -1.3924747487E-02   8.8973783461E-05  -3.4842843697E-08   1.0996478826E-03  -1.6370672604E-05
    5     -1.2081420059E-04  -7.3936950118E-04  -5.1282867666E-06   8.8830284478E-03  -1.6834771153E-02
    6      1.1946108925E-02   1.2111057812E-04   1.0891258295E-03  -3.4667413639E-04  -1.4567954057E-05
    7      6.6483523388E-03   3.2027886560E-05  -5.6810852495E-04   4.9715507171E-04   1.1253631865E-05
    8      3.2027895718E-05  -7.3936959951E-04   3.7321254736E-03  -4.4450768770E-03  -1.6834776230E-02
    9      1.4094251444E-01   2.1293907047E-03   1.0829010338E-03   3.4830252525E-04   2.0413615241E-05
   10      1.2187041057E-01   1.2264412544E-03   5.6901999834E-04   4.9715510364E-04   1.1253649557E-05
   11      1.2264412544E-03   3.8355572657E-02  -3.7341311069E-03  -4.4450769207E-03  -1.6834776432E-02
   12      5.6901999834E-04  -3.7341311069E-03   7.6187479541E-03  -3.0484140721E-06  -2.9372660339E-06
   13      4.9715510364E-04  -4.4450769207E-03  -3.0484140721E-06   7.6226479362E-03  -2.9466489042E-06
   14      1.1253649557E-05  -1.6834776432E-02  -2.9372660339E-06  -2.9466489042E-06   4.7274246853E-02
   15     -7.8749319295E-04   2.7628209224E-03   8.9342071735E-04   5.5588586623E-07   2.1063100061E-06
   16      5.3169660283E-04   3.8594488124E-03  -9.9351205586E-08   1.5848814948E-03   2.1098138682E-06
   17     -5.1265710925E-04  -1.6139977775E-02  -5.0160790674E-06  -5.0139517024E-06  -2.0379539898E-02
                   15                 16                 17        
     0     -8.2579108818E-03   6.6171278261E-07   3.3373802493E-06
     1      3.1732321609E-03  -1.3394608604E-02   3.3057542380E-06
     2      9.9356691362E-06   9.9154047662E-06   2.3015967989E-02
     3     -1.7263368402E-03   4.7753987062E-07   5.1264546833E-07
     4     -3.5517605692E-04   4.5697367415E-03   1.0183359668E-03
     5      7.8588688436E-06  -7.7396091746E-03  -1.6139976984E-02
     6      2.9751735388E-03   1.1544503237E-04   8.8262081996E-04
     7     -2.0284484728E-03   5.3169655146E-04  -5.1265708413E-04
     8     -2.7913978568E-03   3.8594487195E-03  -1.6139977469E-02
     9     -7.0548596976E-04  -1.1381460979E-04  -8.9013085299E-04
    10     -7.8749319295E-04   5.3169660283E-04  -5.1265710925E-04
    11      2.7628209224E-03   3.8594488124E-03  -1.6139977775E-02
    12      8.9342071735E-04  -9.9351205586E-08  -5.0160790674E-06
    13      5.5588586623E-07   1.5848814948E-03  -5.0139517024E-06
    14      2.1063100061E-06   2.1098138682E-06  -2.0379539898E-02
    15      6.8211394356E-03  -2.6703240619E-06   8.6760863969E-06
    16     -2.6703240619E-06   6.1765972134E-03   8.6864240550E-06
    17      8.6760863969E-06   8.6864240550E-06   4.5783504137E-02

$vibrational_frequencies
18
    0        0.0000000000000000
    1        0.0000000000000000
    2        0.0000000000000000
    3        0.0000000000000000
    4        0.0000000000000000
    5        0.0000000000000000
    6     -290.4620917101728423
    7      134.0177305591791423
    8      174.4835927618311473
    9      177.5790022373510055
   10      990.4777183987428089
   11     1012.1154851242100676
   12     1012.8921731761636238
   13     1054.7403516084571038
   14     1333.7723462109252068
   15     3143.6437765468413090
   16     3227.8814105124270100
   17     3247.9666362260632013

$normal_modes
18 18
                    0                  1                  2                  3                  4        
    0      0.0000000000E+00   0.0000000000E+00   0.0000000000E+00   0.0000000000E+00   0.0000000000E+00
    1      0.0000000000E+00   0.0000000000E+00   0.0000000000E+00   0.0000000000E+00   0.0000000000E+00
    2      0.0000000000E+00   0.0000000000E+00   0.0000000000E+00   0.0000000000E+00   0.0000000000E+00
    3      0.0000000000E+00   0.0000000000E+00   0.0000000000E+00   0.0000000000E+00   0.0000000000E+00
    4      0.0000000000E+00   0.0000000000E+00   0.0000000000E+00   0.0000000000E+00   0.0000000000E+00
    5      0.0000000000E+00   0.0000000000E+00   0.0000000000E+00   0.0000000000E+00   0.0000000000E+00
    6      0.0000000000E+00   0.0000000000E+00   0.0000000000E+00   0.0000000000E+00   0.0000000000E+00
    7      0.0000000000E+00   0.0000000000E+00   0.0000000000E+00   0.0000000000E+00   0.0000000000E+00
    8      0.0000000000E+00   0.0000000000E+00   0.0000000000E+00   0.0000000000E+00   0.0000000000E+00
    9      0.0000000000E+00   0.0000000000E+00   0.0000000000E+00   0.0000000000E+00   0.0000000000E+00
   10      0.0000000000E+00   0.0000000000E+00   0.0000000000E+00   0.0000000000E+00   0.0000000000E+00
   11      0.0000000000E+00   0.0000000000E+00   0.0000000000E+00   0.0000000000E+00   0.0000000000E+00
   12      0.0000000000E+00   0.0000000000E+00   0.0000000000E+00   0.0000000000E+00   0.0000000000E+00
   13      0.0000000000E+00   0.0000000000E+00   0.0000000000E+00   0.0000000000E+00   0.0000000000E+00
   14      0.0000000000E+00   0.0000000000E+00   0.0000000000E+00   0.0000000000E+00   0.0000000000E+00
   15      0.0000000000E+00   0.0000000000E+00   0.0000000000E+00   0.0000000000E+00   0.0000000000E+00
   16      0.0000000000E+00   0.0000000000E+00   0.0000000000E+00   0.0000000000E+00   0.0000000000E+00
   17      0.0000000000E+00   0.0000000000E+00   0.0000000000E+00   0.0000000000E+00   0.0000000000E+00
                    5                  6                  7                  8                  9        
    0      0.0000000000E+00  -4.9025057597E-05   6.7850778128E-05  -2.4709880133E-01   1.9032812544E-02
    1      0.0000000000E+00  -4.8686599953E-05   6.0560794551E-05   1.8607387649E-02   2.4609314884E-01
    2      0.0000000000E+00  -2.7994141667E-01   1.2941087660E-02   5.3845575009E-05  -6.1991065166E-05
    3      0.0000000000E+00  -5.3306372662E-05   6.4438508058E-05  -2.4915756186E-01   1.9167166850E-02
    4      0.0000000000E+00   7.6898400095E-04   2.7499989496E-04   1.9473060088E-02   2.5174981843E-01
    5      0.0000000000E+00  -1.2977254846E-02   1.6637243725E-02   8.4159108947E-04   1.0638689135E-02
    6      0.0000000000E+00   6.5657500482E-04   2.5235079394E-04  -2.5030819217E-01   2.2673838395E-02
    7      0.0000000000E+00  -4.6240071019E-04  -4.8387397388E-05   2.2012448878E-02   2.5441853780E-01
    8      0.0000000000E+00  -1.2975868660E-02   1.6635527833E-02  -8.1685922044E-03  -4.7421251559E-03
    9      0.0000000000E+00  -7.5703392535E-04  -1.1742233156E-04  -2.4956056748E-01   1.5828270734E-02
   10      0.0000000000E+00  -4.5884775484E-04  -4.4893653364E-05   2.1115734066E-02   2.5451544057E-01
   11      0.0000000000E+00  -1.2973340854E-02   1.6631403737E-02   7.3640875264E-03  -5.9378580232E-03
   12      0.0000000000E+00   4.8452273942E-06  -6.6160910251E-06   2.4244793037E-02  -1.8672982445E-03
   13      0.0000000000E+00   4.8073012916E-06  -5.9359032628E-06  -1.8657702179E-03  -2.4235742025E-02
   14      0.0000000000E+00   2.0622209990E-02   8.6507163167E-02   1.8060371512E-05  -1.8456645202E-05
   15      0.0000000000E+00   2.8108882076E-06  -3.8399679227E-06   1.4072208599E-02  -1.0838188488E-03
   16      0.0000000000E+00   2.7908113367E-06  -3.4380585312E-06  -1.0836906668E-03  -1.4075321435E-02
   17      0.0000000000E+00   1.3821116261E-02  -5.6088740344E-02  -1.6762379732E-05   1.7816272907E-05
                   10                 11                 12                 13                 14        
    0      3.6459399474E-06   2.2966513808E-03   6.3840045213E-06   8.7814538906E-02   1.4590099405E-04
    1     -1.5484225022E-06  -2.5267672315E-08  -3.7451598754E-03  -2.9396964685E-04  -9.3437872429E-02
    2     -1.4636998123E-02  -3.6276779726E-07   3.4377298691E-07   2.1877171835E-06  -7.1938461598E-07
    3     -4.6755301438E-05   6.2607184739E-03   3.4048952112E-05  -7.7069490730E-01   2.6586388107E-03
    4      3.8951096094E-03  -3.1187966730E-06   2.5767618769E-03   1.7286994350E-04  -5.4465941906E-02
    5      5.7073117236E-01  -1.3423576403E-04   8.1258088642E-01  -2.3020429225E-05  -4.2830072934E-03
    6      3.3577777483E-03  -1.2401090038E-03  -6.3967532084E-04  -1.3301105949E-01   3.5765201213E-01
    7     -1.9676183598E-03   4.3297905378E-03   1.4508783210E-03  -3.6605805477E-01   5.6252198941E-01
    8      5.7072372938E-01  -7.0366042597E-01  -4.0642714664E-01  -3.7723282327E-03   2.1625091341E-03
    9     -3.3569379370E-03  -1.2203920941E-03   6.5775977301E-04  -1.3495918634E-01  -3.5413575290E-01
   10     -1.9131451206E-03  -4.3201550973E-03   1.4220055833E-03   3.6915107636E-01   5.6148216958E-01
   11      5.7070198859E-01   7.0382200168E-01  -4.0617973876E-01   3.6901985633E-03   2.1238547923E-03
   12      6.5936982771E-08  -3.4591123143E-03  -1.4144770783E-06  -8.2489848666E-05  -5.1870258465E-05
   13      7.6340462001E-08  -6.1484672468E-07   3.5118408278E-03   1.6524171696E-06   2.8615686904E-04
   14     -9.9510850795E-03  -1.5413647903E-07   1.5280075086E-07   1.0832184328E-07   2.8609940672E-07
   15     -2.1882865381E-08   1.9303969666E-03  -1.2775438343E-07  -9.2593659255E-06  -3.0199215247E-05
   16     -1.5464131430E-08   3.3775387183E-07  -1.8999701326E-03   8.4178587214E-07   1.6803647819E-04
   17     -5.9492313880E-03  -8.5783788670E-08   7.7770941137E-08   5.5996621835E-07  -1.3871000782E-07
                   15                 16                 17        
     0      5.8539078506E-03   2.3548985935E-02   9.3288449721E-02
     1      6.8812758596E-03  -9.0799601097E-02   2.1990284524E-02
     2     -4.9051828893E-04  -2.6063265964E-05   3.4626392674E-05
     3      7.7714417609E-04   2.8712713981E-03   8.9406470782E-03
     4     -6.2530736958E-01   7.1389848773E-01  -1.4083275442E-01
     5      4.2553465511E-03  -5.4470046074E-03   1.1014685537E-03
     6     -5.0388488003E-01  -5.0133370632E-01  -4.3651360920E-01
     7      2.9434577981E-01   2.5638822639E-01   2.6680035895E-01
     8      3.9170741543E-03   4.2405601286E-03   3.8810635294E-03
     9      4.4005802332E-01   2.2689175883E-01  -6.7325081943E-01
    10      2.5659795767E-01   9.4623636147E-02  -3.8424620311E-01
    11      3.3111068103E-03   1.8039665215E-03  -5.7726707786E-03
    12     -4.3572134344E-05  -5.7573760195E-05  -6.3957541480E-05
    13     -4.9522187738E-05   1.0431589902E-04  -2.2822879839E-05
    14     -5.7440742754E-06  -1.9310672608E-07   2.2146962298E-07
    15     -2.5813738586E-05  -3.5488456437E-05  -4.5287551080E-05
    16     -2.9437670560E-05   6.9578686879E-05  -1.5421055545E-05
    17     -4.1172805618E-05  -2.1578179993E-06   2.8594702901E-06

#
# The atoms: label  mass x y z (in bohrs)
#
$atoms
6
 C     12.01100      0.000000008737     0.000000036519     0.057580826677
 H      1.00800      0.000000010977     2.015674447294     0.046993560979
 H      1.00800      1.745625250981    -1.007837165070     0.046993346174
 H      1.00800     -1.745625232365    -1.007837166978     0.046993346891
 Br    79.90000     -0.000000008393    -0.000000472956     4.616926313364
 I    126.90000     -0.000000029936     0.000000321192    -4.908083974647

$actual_temperature
  0.000000

$frequency_scale_factor
  1.000000

$dipole_derivatives
18
    2.0000000000E-01    0.0000000000E+00    0.0000000000E+00
    0.0000000000E+00    2.0000000000E-01    0.0000000000E+00
    0.0000000000E+00    0.0000000000E+00    2.8000000000E+00
    0.0000000000E+00   -0.0000000000E+00    0.0000000000E+00
    0.0000000000E+00   -0.0000000000E+00    0.0000000000E+00
    0.0000000000E+00   -0.0000000000E+00   -2.0000000000E-01
    0.0000000000E+00    0.0000000000E+00    0.0000000000E+00
    0.0000000000E+00    0.0000000000E+00    0.0000000000E+00
   -0.0000000000E+00    0.0000000000E+00   -2.0000000000E-01
    0.0000000000E+00   -0.0000000000E+00    2.0000000000E-01
   -0.0000000000E+00    0.0000000000E+00    0.0000000000E+00
    0.0000000000E+00    0.0000000000E+00   -2.0000000000E-01
   -6.0000000000E-01    0.0000000000E+00    0.0000000000E+00
    0.0000000000E+00   -6.0000000000E-01    0.0000000000E+00
    0.0000000000E+00    0.0000000000E+00   -1.4000000000E+00
    4.0000000000E-01   -0.0000000000E+00   -2.0000000000E-01
   -0.0000000000E+00    4.0000000000E-01   -0.0000000000E+00
   -0.0000000000E+00   -0.0000000000E+00   -8.0000000000E-01

#
# The IR spectrum
#  wavenumber T**2 TX TY TZ
#
$ir_spectrum
18
      0.00   0.00000000     0.000000     0.000000     0.000000
      0.00   0.00000000     0.000000     0.000000     0.000000
      0.00   0.00000000     0.000000     0.000000     0.000000
      0.00   0.00000000     0.000000     0.000000     0.000000
      0.00   0.00000000     0.000000     0.000000     0.000000
      0.00   0.00000000     0.000000     0.000000     0.000000
   -290.46   0.00000000     0.000000     0.000000     0.000000
    134.02   0.00112332     0.000011     0.000010    -0.033516
    174.48   0.00213529    -0.034266     0.002589    -0.030893
    177.58   0.00115590     0.002616     0.033846     0.001880
    990.48   0.00811476     0.000000    -0.000000    -0.090082
   1012.12   0.00000067     0.000807     0.000000    -0.000155
   1012.89   0.00000078     0.000001    -0.000882     0.000034
   1054.74   0.00005919     0.004207    -0.000014    -0.006442
   1333.77   0.00024234     0.000010    -0.003992    -0.015047
   3143.64   0.00013643     0.000164     0.000193     0.011678
   3227.88   0.00004469     0.000646    -0.002485     0.006172
   3247.97   0.00034157     0.002543     0.000600    -0.018296


$end

