
$orca_hessian_file

$act_atom
  0

$act_coord
  0

$act_energy
      -12.553580

$multiplicity
  1

$hessian
18
                    0                  1                  2                  3                  4        
    0      5.0692174670E-01   1.0645000000E-06  -2.1901000000E-06  -4.1454817800E-02  -8.3100000000E-07
    1      1.0645000000E-06   5.0691896030E-01   3.3459000000E-06  -1.0453000000E-06  -2.8089365070E-01
    2     -2.1901000000E-06   3.3459000000E-06   2.4561326330E-01   3.8700000000E-07   7.7121875200E-02
    3     -4.1454817800E-02  -1.0453000000E-06   3.8700000000E-07   4.4109086600E-02   9.1660000000E-07
    4     -8.3100000000E-07  -2.8089365070E-01   7.7121875200E-02   9.1660000000E-07   3.1319154970E-01
    5      4.4420000000E-07   8.1502977000E-02  -5.7325170300E-02  -2.5810000000E-07  -8.5454317200E-02
    6     -2.2102914340E-01   1.0368842690E-01   6.6779924400E-02  -1.2814167000E-03   1.9088328000E-03
    7      1.0367869930E-01  -1.0131147680E-01  -3.8572233800E-02   2.6206136500E-02  -1.7519455200E-02
    8      7.0583177100E-02  -4.0752186300E-02  -5.7324447000E-02  -6.5793184000E-03   3.2112679000E-03
    9     -2.2103377750E-01  -1.0368843630E-01  -6.6777822000E-02  -1.2815022000E-03  -1.9089566000E-03
   10     -1.0367886690E-01  -1.0130998510E-01  -3.8570141700E-02  -2.6206257400E-02  -1.7519002100E-02
   11     -7.0581197600E-02  -4.0750275800E-02  -5.7322088400E-02   6.5794453000E-03   3.2112339000E-03
   12     -2.1786898900E-02   1.2500000000E-08  -6.0870000000E-07   4.2954330000E-04   1.1800000000E-08
   13     -3.9200000000E-08  -2.1786735800E-02   8.2171000000E-06   2.2280000000E-07   2.2266894000E-03
   14     -3.9910000000E-07  -5.1637000000E-06  -7.7521719300E-02  -2.3200000000E-07   1.1780258000E-03
   15     -1.6171090000E-03  -2.2300000000E-08   3.0930000000E-07  -5.2089320000E-04   2.6400000000E-08
   16     -2.6600000000E-08  -1.6171119000E-03   8.9371000000E-06   2.6800000000E-08   5.1386900000E-04
   17      1.6560000000E-07   1.3029000000E-06   3.8801616000E-03  -2.3800000000E-08   7.3191440000E-04
                    5                  6                  7                  8                  9        
    0      4.4420000000E-07  -2.2102914340E-01   1.0367869930E-01   7.0583177100E-02  -2.2103377750E-01
    1      8.1502977000E-02   1.0368842690E-01  -1.0131147680E-01  -4.0752186300E-02  -1.0368843630E-01
    2     -5.7325170300E-02   6.6779924400E-02  -3.8572233800E-02  -5.7324447000E-02  -6.6777822000E-02
    3     -2.5810000000E-07  -1.2814167000E-03   2.6206136500E-02  -6.5793184000E-03  -1.2815022000E-03
    4     -8.5454317200E-02   1.9088328000E-03  -1.7519455200E-02   3.2112679000E-03  -1.9089566000E-03
    5      7.2555373400E-02  -5.0760090000E-04  -7.3014595000E-03   4.0944379000E-03   5.0761870000E-04
    6     -5.0760090000E-04   2.4590678130E-01  -1.1652451590E-01  -7.4002420000E-02  -2.5618228600E-02
    7     -7.3014595000E-03  -1.1652451590E-01   1.1138755250E-01   4.2729381300E-02  -1.2140454100E-02
    8      4.0944379000E-03  -7.4002420000E-02   4.2729381300E-02   7.2554413300E-02  -6.0723303000E-03
    9      5.0761870000E-04  -2.5618228600E-02  -1.2140454100E-02  -6.0723303000E-03   2.4591185770E-01
   10     -7.3009514000E-03   1.2140830700E-02   6.8413373000E-03   4.0940254000E-03   1.1652440650E-01
   11      4.0943250000E-03   6.0729280000E-03   4.0942172000E-03   4.0942916000E-03   7.4000209700E-02
   12     -1.3070000000E-07   1.7715209000E-03  -7.7452120000E-04   1.6157182500E-02   1.7712644000E-03
   13      1.8655088700E-02  -7.7226830000E-04   8.7074780000E-04  -9.3305493000E-03   7.7213060000E-04
   14     -2.0470808500E-02   1.0243161000E-03  -5.8216220000E-04  -2.0470452700E-02  -1.0247171000E-03
   15     -7.3200000000E-08   2.5048650000E-04  -4.4534450000E-04  -8.6290900000E-05   2.5038630000E-04
   16     -1.0133750000E-04  -4.4130610000E-04  -2.6870570000E-04   4.8061100000E-05   4.4130980000E-04
   17     -2.9481575000E-03   6.3285230000E-04  -3.6774300000E-04  -2.9482432000E-03  -6.3295900000E-04
                   10                 11                 12                 13                 14        
    0     -1.0367886690E-01  -7.0581197600E-02  -2.1786898900E-02  -3.9200000000E-08  -3.9910000000E-07
    1     -1.0130998510E-01  -4.0750275800E-02   1.2500000000E-08  -2.1786735800E-02  -5.1637000000E-06
    2     -3.8570141700E-02  -5.7322088400E-02  -6.0870000000E-07   8.2171000000E-06  -7.7521719300E-02
    3     -2.6206257400E-02   6.5794453000E-03   4.2954330000E-04   2.2280000000E-07  -2.3200000000E-07
    4     -1.7519002100E-02   3.2112339000E-03   1.1800000000E-08   2.2266894000E-03   1.1780258000E-03
    5     -7.3009514000E-03   4.0943250000E-03  -1.3070000000E-07   1.8655088700E-02  -2.0470808500E-02
    6      1.2140830700E-02   6.0729280000E-03   1.7715209000E-03  -7.7226830000E-04   1.0243161000E-03
    7      6.8413373000E-03   4.0942172000E-03  -7.7452120000E-04   8.7074780000E-04  -5.8216220000E-04
    8      4.0940254000E-03   4.0942916000E-03   1.6157182500E-02  -9.3305493000E-03  -2.0470452700E-02
    9      1.1652440650E-01   7.4000209700E-02   1.7712644000E-03   7.7213060000E-04  -1.0247171000E-03
   10      1.1138562210E-01   4.2726937800E-02   7.7455860000E-04   8.7078450000E-04  -5.8210550000E-04
   11      4.2726937800E-02   7.2551600600E-02  -1.6157524300E-02  -9.3302110000E-03  -2.0469624300E-02
   12      7.7455860000E-04  -1.6157524300E-02   1.6872983200E-02  -5.3200000000E-08   1.2785000000E-06
   13      8.7078450000E-04  -9.3302110000E-03  -5.3200000000E-08   1.6875065200E-02  -3.5099000000E-06
   14     -5.8210550000E-04  -2.0469624300E-02   1.2785000000E-06  -3.5099000000E-06   1.4783665500E-01
   15      4.4532850000E-04   8.6138900000E-05   9.4158710000E-04   7.3000000000E-09  -2.4640000000E-07
   16     -2.6875660000E-04   4.8097900000E-05  -8.5000000000E-09   9.4344890000E-04  -5.0845000000E-06
   17     -3.6776460000E-04  -2.9485045000E-03  -1.9730000000E-07   9.6440000000E-07  -8.9040502000E-03
                   15                 16                 17        
     0     -1.6171090000E-03  -2.6600000000E-08   1.6560000000E-07
     1     -2.2300000000E-08  -1.6171119000E-03   1.3029000000E-06
     2      3.0930000000E-07   8.9371000000E-06   3.8801616000E-03
     3     -5.2089320000E-04   2.6800000000E-08  -2.3800000000E-08
     4      2.6400000000E-08   5.1386900000E-04   7.3191440000E-04
     5     -7.3200000000E-08  -1.0133750000E-04  -2.9481575000E-03
     6      2.5048650000E-04  -4.4130610000E-04   6.3285230000E-04
     7     -4.4534450000E-04  -2.6870570000E-04  -3.6774300000E-04
     8     -8.6290900000E-05   4.8061100000E-05  -2.9482432000E-03
     9      2.5038630000E-04   4.4130980000E-04  -6.3295900000E-04
    10      4.4532850000E-04  -2.6875660000E-04  -3.6776460000E-04
    11      8.6138900000E-05   4.8097900000E-05  -2.9485045000E-03
    12      9.4158710000E-04  -8.5000000000E-09  -1.9730000000E-07
    13      7.3000000000E-09   9.4344890000E-04   9.6440000000E-07
    14     -2.4640000000E-07  -5.0845000000E-06  -8.9040502000E-03
    15      6.9554230000E-04   4.6000000000E-09   1.6230000000E-07
    16      4.6000000000E-09   6.9725630000E-04   1.3259000000E-06
    17      1.6230000000E-07   1.3259000000E-06   1.3868793700E-02

$vibrational_frequencies
18
    0        0.0000000000000000
    1        0.0000000000000000
    2        0.0000000000000000
    3        0.0000000000000000
    4        0.0000000000000000
    5        0.0000000000000000
    6       87.3426892876415195
    7       87.4484433390624361
    8      117.6714517853676512
    9      524.4282782061185344
   10      952.0380702960767394
   11      952.0425796858613694
   12     1295.1401816022505500
   13     1437.2894800656408734
   14     1437.3900392133605237
   15     3083.2055565918735738
   16     3099.6273582454746247
   17     3099.6358391451872194

$normal_modes
18 18
                    0                  1                  2                  3                  4        
    0      0.0000000000E+00   0.0000000000E+00   0.0000000000E+00   0.0000000000E+00   0.0000000000E+00
    1      0.0000000000E+00   0.0000000000E+00   0.0000000000E+00   0.0000000000E+00   0.0000000000E+00
    2      0.0000000000E+00   0.0000000000E+00   0.0000000000E+00   0.0000000000E+00   0.0000000000E+00
    3      0.0000000000E+00   0.0000000000E+00   0.0000000000E+00   0.0000000000E+00   0.0000000000E+00
    4      0.0000000000E+00   0.0000000000E+00   0.0000000000E+00   0.0000000000E+00   0.0000000000E+00
    5      0.0000000000E+00   0.0000000000E+00   0.0000000000E+00   0.0000000000E+00   0.0000000000E+00
    6      0.0000000000E+00   0.0000000000E+00   0.0000000000E+00   0.0000000000E+00   0.0000000000E+00
    7      0.0000000000E+00   0.0000000000E+00   0.0000000000E+00   0.0000000000E+00   0.0000000000E+00
    8      0.0000000000E+00   0.0000000000E+00   0.0000000000E+00   0.0000000000E+00   0.0000000000E+00
    9      0.0000000000E+00   0.0000000000E+00   0.0000000000E+00   0.0000000000E+00   0.0000000000E+00
   10      0.0000000000E+00   0.0000000000E+00   0.0000000000E+00   0.0000000000E+00   0.0000000000E+00
   11      0.0000000000E+00   0.0000000000E+00   0.0000000000E+00   0.0000000000E+00   0.0000000000E+00
   12      0.0000000000E+00   0.0000000000E+00   0.0000000000E+00   0.0000000000E+00   0.0000000000E+00
   13      0.0000000000E+00   0.0000000000E+00   0.0000000000E+00   0.0000000000E+00   0.0000000000E+00
   14      0.0000000000E+00   0.0000000000E+00   0.0000000000E+00   0.0000000000E+00   0.0000000000E+00
   15      0.0000000000E+00   0.0000000000E+00   0.0000000000E+00   0.0000000000E+00   0.0000000000E+00
   16      0.0000000000E+00   0.0000000000E+00   0.0000000000E+00   0.0000000000E+00   0.0000000000E+00
   17      0.0000000000E+00   0.0000000000E+00   0.0000000000E+00   0.0000000000E+00   0.0000000000E+00
                    5                  6                  7                  8                  9        
    0      0.0000000000E+00  -4.1480519637E-01  -1.2831618902E-03  -4.8816901802E-05  -6.0665981497E-06
    1      0.0000000000E+00   1.2831871458E-03  -4.1482340111E-01   7.1399319490E-04   5.5259372709E-05
    2      0.0000000000E+00  -4.3932623121E-07   2.1614423464E-05   2.9886037458E-01  -6.3800894459E-01
    3      0.0000000000E+00  -4.8892109001E-01  -1.5402219636E-03  -5.7911119573E-05  -2.3412368305E-06
    4      0.0000000000E+00   1.5385375921E-03  -4.9730331419E-01  -7.8922886411E-03   4.4832359171E-02
    5      0.0000000000E+00   7.5804114433E-04  -2.4499233424E-01   2.5224321091E-01  -4.3758422637E-01
    6      0.0000000000E+00  -4.9520935778E-01   2.0891752223E-03  -7.6491151048E-03   3.8740102847E-02
    7      0.0000000000E+00   5.1032299551E-03  -4.9096555194E-01   5.1860024459E-03  -2.2413442174E-02
    8      0.0000000000E+00  -2.1257831148E-01   1.2189165282E-01   2.5160461242E-01  -4.3756787932E-01
    9      0.0000000000E+00  -4.9518373174E-01  -5.1253465222E-03   7.5321674222E-03  -3.8746210862E-02
   10      0.0000000000E+00  -2.0664898114E-03  -4.9103130531E-01   5.1855259827E-03  -2.2414298776E-02
   11      0.0000000000E+00   2.1182478795E-01   1.2320164630E-01   2.5165162228E-01  -4.3757296314E-01
   12      0.0000000000E+00   4.5943763843E-02   1.4213197706E-04   1.0229030529E-05   9.9537477301E-07
   13      0.0000000000E+00  -1.4212614433E-04   4.5945315664E-02  -7.3896306131E-05  -4.5812566543E-06
   14      0.0000000000E+00  -4.4650758930E-06   5.9904963004E-05   2.9810236669E-01   1.1184879616E-01
   15      0.0000000000E+00   7.9047391632E-02   2.4451292996E-04  -1.5429458482E-06   5.2246962719E-08
   16      0.0000000000E+00  -2.4450291468E-04   7.9049663555E-02  -1.4584185005E-04  -8.5277151760E-06
   17      0.0000000000E+00   1.0083280779E-05  -1.4520040586E-04  -7.9455996668E-01   1.3999799659E-03
                   10                 11                 12                 13                 14        
    0     -4.4092447365E-02  -1.0126645850E-01  -1.6716496017E-06   7.0292936103E-04  -7.0257897048E-02
    1     -1.0126696842E-01   4.4092991966E-02   1.2938392839E-06  -7.0240439479E-02  -7.0310795792E-04
    2     -5.9060322506E-06   4.6736791418E-06  -9.6532485982E-02  -8.7540144387E-06   1.1413562693E-06
    3      9.9810226174E-02   2.2921939512E-01   1.0809212714E-05  -7.4720352253E-03   7.4606846228E-01
    4      1.4401674525E-01  -6.2708217739E-02   1.8666743325E-01  -1.2545813114E-01  -1.2614999493E-03
    5      6.9297500973E-01  -3.0172967800E-01   5.4349360377E-01  -3.0161973714E-01  -3.0280244981E-03
    6      1.0891938563E-01   1.4923568285E-01   1.6164728570E-01   3.7651485992E-01   9.6182089291E-02
    7      2.2402193709E-01  -5.3642597165E-02  -9.3335500671E-02   5.2435491684E-01   3.8267971069E-01
    8     -8.5194753837E-02   7.5102879056E-01   5.4348057105E-01   1.5341051865E-01  -2.5966378853E-01
    9      3.5033857833E-02   1.8139658358E-01  -1.6163479714E-01  -3.7835818803E-01   8.8626512375E-02
   10      1.9188854461E-01  -1.2744954114E-01  -9.3340949401E-02   5.3191582393E-01  -3.7210319872E-01
   11     -6.0782266057E-01  -4.4929486655E-01   5.4347946956E-01   1.4818512939E-01   2.6267411843E-01
   12      3.5531741444E-03   8.1605201770E-03  -9.3069561751E-09   1.1012285096E-05  -1.0987915721E-03
   13      8.1599893531E-03  -3.5529382289E-03  -3.0448781284E-08  -1.1001075067E-03  -1.1001362067E-05
   14      1.6510156106E-06  -9.2748861484E-07  -5.1205356634E-03   2.0457532013E-06   6.3819724295E-08
   15     -5.0224889345E-07  -1.2581153307E-06  -7.5094822479E-08   1.8932136721E-06  -1.8793987547E-04
   16     -2.0375243488E-06   8.3482015954E-07  -1.1334707736E-07  -1.8905599355E-04  -1.8473362054E-06
   17     -5.1433959111E-07   3.8616772726E-07  -2.1130732211E-03  -9.5984526307E-07  -2.7413019609E-08
                   15                 16                 17        
     0     -7.4739545487E-06  -1.5697739449E-02  -9.0217130194E-02
     1      7.2352598958E-05   9.0220208080E-02  -1.5698357585E-02
     2      3.8290001920E-02  -3.1664471424E-05   2.7300217386E-06
     3     -4.6837974269E-06  -7.0328590195E-03  -4.0398508720E-02
     4      5.5284942325E-01  -7.6062885123E-01   1.3230202303E-01
     5     -1.6278344197E-01   2.4941729673E-01  -4.3384251184E-02
     6      4.7956520280E-01   4.4371228170E-01   4.9973845202E-01
     7     -2.7691829616E-01  -2.1986078746E-01  -3.1887892406E-01
     8     -1.6309064504E-01  -1.6207403352E-01  -1.9420331634E-01
     9     -4.7947141419E-01  -2.4881605734E-01   6.2033678820E-01
    10     -2.7685926658E-01  -9.9216135048E-02   3.7444597080E-01
    11     -1.6304543492E-01  -8.6940008832E-02   2.3755342304E-01
    12     -1.6306981256E-08  -1.5034806545E-05  -8.6331867509E-05
    13      4.5518155447E-07   8.6258813159E-05  -1.5005737056E-05
    14      3.1452947060E-04  -2.5053229069E-07   1.9848682881E-08
    15      3.5397527183E-08   1.0734135032E-05   6.1538420837E-05
    16      8.5094454021E-07  -6.1590796007E-05   1.0715849576E-05
    17      2.1997462382E-04  -1.7321285971E-07   1.1688089393E-09

#
# The atoms: label  mass x y z (in bohrs)
#
$atoms
6
 C     12.01100      0.000007170527     0.000003865671    -0.765288204232
 H      1.00800      0.000006531862     1.941169345715    -1.403463340393
 H      1.00800      1.681107959647    -0.970580852822    -1.403453905151
 H      1.00800     -1.681096603114    -0.970583686624    -1.403439221473
 Br    79.90000      0.000038665101     0.000039140540     2.906200146281
 Cl    35.45300     -0.000090076954    -0.000089656854    -6.170690089642

$actual_temperature
  0.000000

$frequency_scale_factor
  1.000000


$end

