*************************************************
******************* ORCA 6.1.0 ******************
*************************************************
$Calculation_Status
   &GeometryIndex 0
   &version [&Type "String"] "6.1.0"
   &progName [&Type "String"] "orca"
   &Status [&Type "String"] "NORMAL TERMINATION"
$End
$Geometry
   &GeometryIndex 1
   &NAtoms [&Type "Integer"] 6
   &NCorelessECP [&Type "Integer"] 0
   &NGhostAtoms [&Type "Integer"] 0
   &CartesianCoordinates [&Type "Coordinates", &Dim(6,4), &Units "Bohr"] 
              C      0.000064250689    0.000032125344    0.626897747667
              H     -0.000000000000    1.940865902557   -0.010094917007
              H      1.680843365982   -0.970448069088   -0.010094917007
              H     -1.680896278314   -0.970470745801   -0.010128932078
              Br    -0.000009448631   -0.000011338357    4.303427971352
              Cl    -0.000000000000    0.000000000000   -4.679460795288
$End
$Single_Point_Data
   &GeometryIndex 1
   &FinalEnergy [&Type "Double"]      -1.2553511757290000e+01  "Final single point energy"
   &Converged [&Type "Boolean"] true
$End
$Geometry
   &GeometryIndex 2
   &NAtoms [&Type "Integer"] 6
   &NCorelessECP [&Type "Integer"] 0
   &NGhostAtoms [&Type "Integer"] 0
   &CartesianCoordinates [&Type "Coordinates", &Dim(6,4), &Units "Bohr"] 
              C      0.000031584881    0.000012511419    0.633974119747
              H     -0.000017287150    1.940677033798   -0.003538139197
              H      1.680669607426   -0.970367749601   -0.003537541304
              H     -1.680657825440   -0.970333114392   -0.003535744579
              Br    -0.000021491423   -0.000018889951    4.311262445254
              Cl    -0.000002698569   -0.000001916617   -4.714078982283
$End
$Single_Point_Data
   &GeometryIndex 2
   &FinalEnergy [&Type "Double"]      -1.2553558011230001e+01  "Final single point energy"
   &Converged [&Type "Boolean"] true
$End
$Geometry
   &GeometryIndex 3
   &NAtoms [&Type "Integer"] 6
   &NCorelessECP [&Type "Integer"] 0
   &NGhostAtoms [&Type "Integer"] 0
   &CartesianCoordinates [&Type "Coordinates", &Dim(6,4), &Units "Bohr"] 
              C      0.000001389805   -0.000005600032    0.642356848498
              H     -0.000005825467    1.941090057129    0.004558687837
              H      1.681033301386   -0.970563716278    0.004558974634
              H     -1.681020352052   -0.970541640241    0.004557641906
              Br    -0.000009585501   -0.000012220562    4.317054195047
              Cl     0.000002961556    0.000000994640   -4.752540190284
$End
$Single_Point_Data
   &GeometryIndex 3
   &FinalEnergy [&Type "Double"]      -1.2553579172939999e+01  "Final single point energy"
   &Converged [&Type "Boolean"] true
$End
$Geometry
   &GeometryIndex 4
   &NAtoms [&Type "Integer"] 6
   &NCorelessECP [&Type "Integer"] 0
   &NGhostAtoms [&Type "Integer"] 0
   &CartesianCoordinates [&Type "Coordinates", &Dim(6,4), &Units "Bohr"] 
              C     -0.000001821233   -0.000007503995    0.644218893729
              H      0.000001990433    1.941176612060    0.006278733620
              H      1.681112501585   -0.970600098252    0.006278738489
              H     -1.681109899985   -0.970593021135    0.006270905265
              Br    -0.000005143029   -0.000009703008    4.316846303227
              Cl     0.000004261955    0.000001588986   -4.759347416693
$End
$Single_Point_Data
   &GeometryIndex 4
   &FinalEnergy [&Type "Double"]      -1.2553580250230000e+01  "Final single point energy"
   &Converged [&Type "Boolean"] true
$End
$Geometry
   &GeometryIndex 5
   &NAtoms [&Type "Integer"] 6
   &NCorelessECP [&Type "Integer"] 0
   &NGhostAtoms [&Type "Integer"] 0
   &CartesianCoordinates [&Type "Coordinates", &Dim(6,4), &Units "Bohr"] 
              C     -0.000001205303   -0.000007100198    0.644912850533
              H      0.000004767436    1.941138911384    0.006649195353
              H      1.681081292588   -0.970578733772    0.006649024886
              H     -1.681081438670   -0.970576449781    0.006639900232
              Br    -0.000005286099   -0.000009892116    4.316271634686
              Cl     0.000003759775    0.000001139138   -4.760576448052
$End
$Single_Point_Data
   &GeometryIndex 5
   &FinalEnergy [&Type "Double"]      -1.2553580454170000e+01  "Final single point energy"
   &Converged [&Type "Boolean"] true
$End
$Hessian
   &GeometryIndex 5
   &HESSIAN [&Type "ArrayOfDoubles", &Dim (18,18)] "The Hessian"
                                                         0                           1                           2                           3                           4                           5                           6                           7

0                                      5.0689263409999996e-01         4.8490000000000001e-07        -2.4960000000000001e-07        -4.1455182100000001e-02        -1.7042999999999999e-06         5.8179999999999998e-07        -2.2101654420000000e-01         1.0367104440000000e-01
1                                      4.8490000000000001e-07         5.0689180119999999e-01         5.3696999999999996e-06        -1.7885999999999999e-06        -2.8087756060000002e-01         8.1508685999999997e-02         1.0368055140000000e-01        -1.0130736730000001e-01
2                                     -2.4960000000000001e-07         5.3696999999999996e-06         2.4570439259999999e-01         5.4830000000000001e-07         7.7126266200000002e-02        -5.7335141700000002e-02         6.6784615600000000e-02        -3.8575002599999998e-02
3                                     -4.1455182100000001e-02        -1.7885999999999999e-06         5.4830000000000001e-07         4.4110461699999999e-02         1.8638000000000001e-06        -5.7510000000000001e-07        -1.2817201999999999e-03         2.6207196100000000e-02
4                                     -1.7042999999999999e-06        -2.8087756060000002e-01         7.7126266200000002e-02         1.8638000000000001e-06         3.1317811839999998e-01        -8.5459754600000007e-02         1.9095664000000000e-03        -1.7520858699999999e-02
5                                      5.8179999999999998e-07         8.1508685999999997e-02        -5.7335141700000002e-02        -5.7510000000000001e-07        -8.5459754600000007e-02         7.2564960900000003e-02        -5.0745040000000003e-04        -7.3020172000000001e-03
6                                     -2.2101654420000000e-01         1.0368055140000000e-01         6.6784615600000000e-02        -1.2817201999999999e-03         1.9095664000000000e-03        -5.0745040000000003e-04         2.4589651790000000e-01        -1.1651744500000000e-01
7                                      1.0367104440000000e-01        -1.0130736730000001e-01        -3.8575002599999998e-02         2.6207196100000000e-02        -1.7520858699999999e-02        -7.3020172000000001e-03        -1.1651744500000000e-01         1.1138464050000001e-01
8                                      7.0589700199999994e-02        -4.0755676300000002e-02        -5.7335260600000000e-02        -6.5796589999999999e-03         3.2115703000000001e-03         4.0942273999999999e-03        -7.4008370300000001e-02         4.2732590600000002e-02
9                                     -2.2101928560000000e-01        -1.0367924710000000e-01        -6.6784835400000006e-02        -1.2820266999999999e-03        -1.9097506000000000e-03         5.0737410000000003e-04        -2.5620250000000001e-02        -1.2140574899999999e-02
10                                    -1.0366980190000000e-01        -1.0130500150000001e-01        -3.8574050899999997e-02        -2.6207339900000001e-02        -1.7520367400000000e-02        -7.3019586999999997e-03         1.2140967799999999e-02         6.8413459999999999e-03
11                                    -7.0589977400000004e-02        -4.0754734299999998e-02        -5.7335051400000003e-02         6.5797136999999999e-03         3.2114804999999998e-03         4.0942132999999999e-03         6.0735789000000004e-03         4.0942377000000004e-03
12                                    -2.1787179399999999e-02         1.3000000000000001e-09        -1.3379999999999999e-07         4.2979070000000001e-04         1.4699999999999999e-08         8.8500000000000005e-08         1.7719037000000000e-03        -7.7484400000000001e-04
13                                    -1.7000000000000000e-08        -2.1787554800000001e-02         8.7342000000000002e-06         5.4900000000000002e-08         2.2272580999999998e-03         1.8656617500000000e-02        -7.7233429999999995e-04         8.7131670000000004e-04
14                                    -7.5600000000000002e-08        -4.8030999999999998e-06        -7.7573836399999999e-02        -3.1800000000000000e-08         1.1784674000000000e-03        -2.0470533900000001e-02         1.0247358000000000e-03        -5.8208580000000004e-04
15                                    -1.6144428000000001e-03        -1.9000000000000001e-09         5.5000000000000003e-08        -5.2132340000000000e-04         1.0000000000000000e-08        -1.9000000000000001e-08         2.5009290000000003e-04        -4.4537670000000001e-04
16                                    -6.1000000000000000e-09        -1.6143170999999999e-03         8.6834000000000006e-06         1.3700000000000000e-08         5.1341020000000002e-04        -1.0157310000000001e-04        -4.4130640000000001e-04        -2.6907720000000001e-04
17                                     2.0500000000000002e-08         1.1580000000000000e-06         3.8748974000000001e-03         3.9000000000000002e-09         7.3197010000000001e-04        -2.9477259999999999e-03         6.3289040000000002e-04        -3.6772260000000000e-04
                                                         8                           9                          10                          11                          12                          13                          14                          15

0                                      7.0589700199999994e-02        -2.2101928560000000e-01        -1.0366980190000000e-01        -7.0589977400000004e-02        -2.1787179399999999e-02        -1.7000000000000000e-08        -7.5600000000000002e-08        -1.6144428000000001e-03
1                                     -4.0755676300000002e-02        -1.0367924710000000e-01        -1.0130500150000001e-01        -4.0754734299999998e-02         1.3000000000000001e-09        -2.1787554800000001e-02        -4.8030999999999998e-06        -1.9000000000000001e-09
2                                     -5.7335260600000000e-02        -6.6784835400000006e-02        -3.8574050899999997e-02        -5.7335051400000003e-02        -1.3379999999999999e-07         8.7342000000000002e-06        -7.7573836399999999e-02         5.5000000000000003e-08
3                                     -6.5796589999999999e-03        -1.2820266999999999e-03        -2.6207339900000001e-02         6.5797136999999999e-03         4.2979070000000001e-04         5.4900000000000002e-08        -3.1800000000000000e-08        -5.2132340000000000e-04
4                                      3.2115703000000001e-03        -1.9097506000000000e-03        -1.7520367400000000e-02         3.2114804999999998e-03         1.4699999999999999e-08         2.2272580999999998e-03         1.1784674000000000e-03         1.0000000000000000e-08
5                                      4.0942273999999999e-03         5.0737410000000003e-04        -7.3019586999999997e-03         4.0942132999999999e-03         8.8500000000000005e-08         1.8656617500000000e-02        -2.0470533900000001e-02        -1.9000000000000001e-08
6                                     -7.4008370300000001e-02        -2.5620250000000001e-02         1.2140967799999999e-02         6.0735789000000004e-03         1.7719037000000000e-03        -7.7233429999999995e-04         1.0247358000000000e-03         2.5009290000000003e-04
7                                      4.2732590600000002e-02        -1.2140574899999999e-02         6.8413459999999999e-03         4.0942377000000004e-03        -7.7484400000000001e-04         8.7131670000000004e-04        -5.8208580000000004e-04        -4.4537670000000001e-04
8                                      7.2564160899999994e-02        -6.0734630999999999e-03         4.0942805000000002e-03         4.0950552000000003e-03         1.6158059200000002e-02        -9.3310458999999995e-03        -2.0470446600000001e-02        -8.6267000000000006e-05
9                                     -6.0734630999999999e-03         2.4589959820000001e-01         1.1651596000000000e-01         7.4008623800000006e-02         1.7718848999999999e-03         7.7231049999999996e-04        -1.0247938000000000e-03         2.5007920000000002e-04
10                                     4.0942805000000002e-03         1.1651596000000000e-01         1.1138179590000000e-01         4.2731505300000000e-02         7.7484590000000001e-04         8.7132230000000000e-04        -5.8205639999999999e-04         4.4536810000000000e-04
11                                     4.0950552000000003e-03         7.4008623800000006e-02         4.2731505300000000e-02         7.2563755999999993e-02        -1.6158183600000001e-02        -9.3307880999999992e-03        -2.0470209600000001e-02         8.6244500000000004e-05
12                                     1.6158059200000002e-02         1.7718848999999999e-03         7.7484590000000001e-04        -1.6158183600000001e-02         1.6873000400000001e-02        -1.2900000000000000e-08         2.0100000000000001e-07         9.4059959999999996e-04
13                                    -9.3310458999999995e-03         7.7231049999999996e-04         8.7132230000000000e-04        -9.3307880999999992e-03        -1.2900000000000000e-08         1.6875335400000000e-02        -4.6510000000000000e-06        -1.2000000000000000e-09
14                                    -2.0470446600000001e-02        -1.0247938000000000e-03        -5.8205639999999999e-04        -2.0470209600000001e-02         2.0100000000000001e-07        -4.6510000000000000e-06         1.4788633830000000e-01        -3.5600000000000001e-08
15                                    -8.6267000000000006e-05         2.5007920000000002e-04         4.4536810000000000e-04         8.6244500000000004e-05         9.4059959999999996e-04        -1.2000000000000000e-09        -3.5600000000000001e-08         6.9499440000000002e-04
16                                     4.8280800000000000e-05         4.4130210000000000e-04        -2.6909530000000001e-04         4.8298899999999999e-05        -5.0000000000000001e-09         9.4232229999999999e-04        -4.8710999999999998e-06         1.6999999999999999e-09
17                                    -2.9477361999999999e-03        -6.3290570000000003e-04        -3.6771969999999999e-04        -2.9477636000000002e-03        -3.1300000000000002e-08         1.1333000000000000e-06        -8.9013118000000006e-03         2.2099999999999999e-08
                                                        16                          17

0                                     -6.1000000000000000e-09         2.0500000000000002e-08
1                                     -1.6143170999999999e-03         1.1580000000000000e-06
2                                      8.6834000000000006e-06         3.8748974000000001e-03
3                                      1.3700000000000000e-08         3.9000000000000002e-09
4                                      5.1341020000000002e-04         7.3197010000000001e-04
5                                     -1.0157310000000001e-04        -2.9477259999999999e-03
6                                     -4.4130640000000001e-04         6.3289040000000002e-04
7                                     -2.6907720000000001e-04        -3.6772260000000000e-04
8                                      4.8280800000000000e-05        -2.9477361999999999e-03
9                                      4.4130210000000000e-04        -6.3290570000000003e-04
10                                    -2.6909530000000001e-04        -3.6771969999999999e-04
11                                     4.8298899999999999e-05        -2.9477636000000002e-03
12                                    -5.0000000000000001e-09        -3.1300000000000002e-08
13                                     9.4232229999999999e-04         1.1333000000000000e-06
14                                    -4.8710999999999998e-06        -8.9013118000000006e-03
15                                     1.6999999999999999e-09         2.2099999999999999e-08
16                                     6.9675719999999996e-04         1.1810000000000000e-06
17                                     1.1810000000000000e-06         1.3869640200000000e-02
   &MODES [&Type "ArrayOfDoubles", &Dim (18,18)] "The modes of vibrations"
                                                         0                           1                           2                           3                           4                           5                           6                           7

0                                      0.0000000000000000e+00         0.0000000000000000e+00         0.0000000000000000e+00         0.0000000000000000e+00         0.0000000000000000e+00         0.0000000000000000e+00        -2.2893398926389852e-01         2.4006392946804872e-04
1                                      0.0000000000000000e+00         0.0000000000000000e+00         0.0000000000000000e+00         0.0000000000000000e+00         0.0000000000000000e+00         0.0000000000000000e+00         2.4006147287771864e-04         2.2893782708877405e-01
2                                      0.0000000000000000e+00         0.0000000000000000e+00         0.0000000000000000e+00         0.0000000000000000e+00         0.0000000000000000e+00         0.0000000000000000e+00         7.1790240424601741e-08        -1.1981100768921830e-05
3                                      0.0000000000000000e+00         0.0000000000000000e+00         0.0000000000000000e+00         0.0000000000000000e+00         0.0000000000000000e+00         0.0000000000000000e+00        -2.6985319720549428e-01         2.8356976141999602e-04
4                                      0.0000000000000000e+00         0.0000000000000000e+00         0.0000000000000000e+00         0.0000000000000000e+00         0.0000000000000000e+00         0.0000000000000000e+00         2.8781728162736981e-04         2.7446092580276021e-01
5                                      0.0000000000000000e+00         0.0000000000000000e+00         0.0000000000000000e+00         0.0000000000000000e+00         0.0000000000000000e+00         0.0000000000000000e+00         1.4112490240085498e-04         1.3520283578660311e-01
6                                      0.0000000000000000e+00         0.0000000000000000e+00         0.0000000000000000e+00         0.0000000000000000e+00         0.0000000000000000e+00         0.0000000000000000e+00        -2.7330290865855650e-01        -1.7058058334163662e-03
7                                      0.0000000000000000e+00         0.0000000000000000e+00         0.0000000000000000e+00         0.0000000000000000e+00         0.0000000000000000e+00         0.0000000000000000e+00         2.2762504742161460e-03         2.7097790876705902e-01
8                                      0.0000000000000000e+00         0.0000000000000000e+00         0.0000000000000000e+00         0.0000000000000000e+00         0.0000000000000000e+00         0.0000000000000000e+00        -1.1718328567903227e-01        -6.7505946375335552e-02
9                                      0.0000000000000000e+00         0.0000000000000000e+00         0.0000000000000000e+00         0.0000000000000000e+00         0.0000000000000000e+00         0.0000000000000000e+00        -2.7329857424239279e-01         2.2783588378191512e-03
10                                     0.0000000000000000e+00         0.0000000000000000e+00         0.0000000000000000e+00         0.0000000000000000e+00         0.0000000000000000e+00         0.0000000000000000e+00        -1.7079946709859016e-03         2.7098272256703310e-01
11                                     0.0000000000000000e+00         0.0000000000000000e+00         0.0000000000000000e+00         0.0000000000000000e+00         0.0000000000000000e+00         0.0000000000000000e+00         1.1704273013024455e-01        -6.7749896214923194e-02
12                                     0.0000000000000000e+00         0.0000000000000000e+00         0.0000000000000000e+00         0.0000000000000000e+00         0.0000000000000000e+00         0.0000000000000000e+00         2.5357215548115621e-02        -2.6592741414168251e-05
13                                     0.0000000000000000e+00         0.0000000000000000e+00         0.0000000000000000e+00         0.0000000000000000e+00         0.0000000000000000e+00         0.0000000000000000e+00        -2.6592450017946880e-05        -2.5357380241490899e-02
14                                     0.0000000000000000e+00         0.0000000000000000e+00         0.0000000000000000e+00         0.0000000000000000e+00         0.0000000000000000e+00         0.0000000000000000e+00        -4.0885438861554260e-07        -3.4994863884215971e-05
15                                     0.0000000000000000e+00         0.0000000000000000e+00         0.0000000000000000e+00         0.0000000000000000e+00         0.0000000000000000e+00         0.0000000000000000e+00         4.3625953806491514e-02        -4.5739981547345569e-05
16                                     0.0000000000000000e+00         0.0000000000000000e+00         0.0000000000000000e+00         0.0000000000000000e+00         0.0000000000000000e+00         0.0000000000000000e+00        -4.5738393474085367e-05        -4.3625941089952630e-02
17                                     0.0000000000000000e+00         0.0000000000000000e+00         0.0000000000000000e+00         0.0000000000000000e+00         0.0000000000000000e+00         0.0000000000000000e+00         8.8092078613259361e-07         8.4433629982491002e-05
                                                         8                           9                          10                          11                          12                          13                          14                          15

0                                      1.2605941242319842e-06        -5.1223057021740210e-07        -1.0304609351951252e-01        -2.1565966760055638e-03        -3.7813654544406553e-07        -3.6663379419236454e-04         6.8161002160676304e-02         2.0671575431241412e-07
1                                     -1.3592023202171465e-04         2.3775879341101682e-05        -2.1564269286684788e-03         1.0304601452581923e-01         2.5333091126715438e-06         6.8144460819744901e-02         3.6666887476891519e-04         7.8558855082490087e-05
2                                     -5.3889983280430855e-02        -2.5074917224323612e-01         3.6301219284649654e-07         8.2244616932645162e-06        -9.1522257570319593e-02         9.5087243305606486e-06        -1.7304668384146187e-07         3.7841700430091905e-02
3                                      1.4625847192561025e-06        -1.0722814251798277e-07         2.3326243586765133e-01         4.8826798302805874e-03         2.6353763306935016e-06         3.8991926906931391e-03        -7.2383909741169705e-01         8.9543457935279198e-07
4                                      1.4135652662946505e-03         1.7615941280681058e-02         3.0662062192233501e-03        -1.4656369518341869e-01         1.7697877362751879e-01         1.2173698927509480e-01         6.6105248675462833e-04         5.4622591248352959e-01
5                                     -4.5492795124917898e-02        -1.7200945117856423e-01         1.4759790460256748e-02        -7.0509394495069555e-01         5.1520647327429225e-01         2.9266663420267669e-01         1.5773323314785205e-03        -1.6085071360768902e-01
6                                      1.3694670937465969e-03         1.5221960873190171e-02         1.6902397718212231e-01        -3.4069218603386048e-02         1.5325382245412350e-01        -3.6572347363114843e-01        -9.1612904037416010e-02         4.7385246822001137e-01
7                                     -9.4324091941289697e-04        -8.8055065402256015e-03         4.1971296503405288e-02        -2.1084511035120015e-01        -8.8502457347407776e-02        -5.1042327645774921e-01        -3.6891573670807126e-01        -2.7361324617394278e-01
8                                     -4.5375218525244156e-02        -1.7200241246661194e-01         6.0327362219297720e-01         3.6534423800678800e-01         5.1519416450152966e-01        -1.4769379211890826e-01         2.5262042563034703e-01        -1.6116882225331916e-01
9                                     -1.3665139375219730e-03        -1.5222376037507500e-02         1.6744978472412653e-01         4.1110743648406362e-02        -1.5325206591507085e-01         3.6668282634554833e-01        -8.7664454476048037e-02        -4.7385586539156060e-01
10                                    -9.4321934545699572e-04        -8.8055509431886753e-03        -3.3113189654121834e-02        -2.1241696399889357e-01        -8.8503768494210711e-02        -5.1437273834081465e-01         3.6339637066893310e-01        -2.7361402557485326e-01
11                                    -4.5376292890750410e-02        -1.7200362822214632e-01        -6.1803685496088534e-01         3.3977765640729268e-01         5.1519305976778407e-01        -1.4496358194661610e-01        -2.5419391389960794e-01        -1.6116900382922750e-01
12                                    -8.1188066212544985e-08         3.0367396556453514e-08         8.3035407848819822e-03         1.7378780607264289e-04         1.2983030149098226e-08        -5.7427559031146714e-06         1.0661825381242385e-03        -9.4442912679821334e-09
13                                     1.5059426663935716e-05        -2.1928022995852603e-06         1.7377398211609391e-04        -8.3028552985856593e-03        -7.0715333837999214e-09         1.0674956210128112e-03         5.7475412531648632e-06         4.5586970212278070e-07
14                                    -5.3761214702415842e-02         4.3958120343712472e-02        -1.3224186955883295e-08        -1.8992041566910247e-06        -4.8522937600843329e-03        -1.9521131944451325e-06        -2.4265517989239921e-08         3.1078476921351389e-04
15                                    -3.6964816537941982e-07         1.1995086434371474e-07        -1.7027277041685735e-06        -6.6610554951697814e-08        -2.6023094463227801e-08        -9.8522183257606298e-07         1.8254042886503054e-04         2.2381372886780220e-08
16                                     2.5554053956737139e-05        -3.2519124100637787e-06        -9.6039937202582344e-08         2.7313225160111698e-06        -6.1792469546202323e-08         1.8355227210043972e-04         9.5596028051794704e-07         8.2858268109758175e-07
17                                     1.4329190491347760e-01         5.5391950337469777e-04         4.6912589085633603e-09         6.9921709388997993e-07        -2.0022660992330137e-03         9.1474171585626616e-07         4.0183874851522274e-09         2.1734919701474741e-04
                                                        16                          17

0                                     -4.7289654307977724e-03        -8.7170373107860702e-02
1                                      8.7173166225950990e-02        -4.7292035795984200e-03
2                                     -3.2650921090149967e-05         1.9274200591608096e-06
3                                     -2.1236861863661795e-03        -3.9038147563475234e-02
4                                     -7.3498553649746290e-01         3.9879378051006428e-02
5                                      2.4103978161117387e-01        -1.3078283366874712e-02
6                                      3.6390076226240026e-01         5.2297605855089091e-01
7                                     -1.7230467772208044e-01        -3.2659989898491587e-01
8                                     -1.3163140574532339e-01        -2.0209935264098938e-01
9                                     -3.0518274267814588e-01         5.5928035866157366e-01
10                                    -1.3595405886642994e-01         3.4331715103554528e-01
11                                    -1.0899206494029938e-01         2.1515301547325402e-01
12                                    -4.5382945505275145e-06        -8.3446738767885097e-05
13                                     8.3374863220534676e-05        -4.5218576548859276e-06
14                                    -2.6049341026478330e-07         1.6542829151775916e-08
15                                     3.2472698735814196e-06         5.9423180545748169e-05
16                                    -5.9468136421648291e-05         3.2256079523038105e-06
17                                    -1.8779161880631182e-07         9.7448595946560845e-09
$End
$THERMOCHEMISTRY_Energies
   &GeometryIndex 5
   &temperature [&Type "Double"]       2.9814999999999998e+02
   &pressure [&Type "Double"]       1.0000000000000000e+00
   &totalMass [&Type "Double"]       1.3038800000000001e+02
   &spinDegeneracy [&Type "Integer"] 1
   &elEnergy [&Type "Double"]      -1.2553580454170000e+01
   &transEnergy [&Type "Double"]       1.4162714244859817e-03
   &rotEnergy [&Type "Double"]       1.4162714244859817e-03
   &vibEnergy [&Type "Double"]       2.5389671118969527e-03
   &numOfFreqs [&Type "Integer"] 18
   &freqScalingFactor [&Type "Double"]       1.0000000000000000e+00
   &FREQ [&Type "ArrayOfDoubles", &Units "cm^-1", &Dim (18,1)] 
                                                         0

0                                      0.0000000000000000e+00
1                                      0.0000000000000000e+00
2                                      0.0000000000000000e+00
3                                      0.0000000000000000e+00
4                                      0.0000000000000000e+00
5                                      0.0000000000000000e+00
6                                      8.7309646195455301e+01
7                                      8.7418688091236945e+01
8                                      1.1767599009674396e+02
9                                      5.2455354062713525e+02
10                                     9.5205465522650718e+02
11                                     9.5207225728196022e+02
12                                     1.2952150283106780e+03
13                                     1.4373227562008324e+03
14                                     1.4374216361463693e+03
15                                     3.0831810444209341e+03
16                                     3.0995798743596138e+03
17                                     3.0995859974352925e+03
   &zpe [&Type "Double"]       3.6845696096658317e-02
   &innerEnergyU [&Type "Double"]      -1.2511363248112472e+01
   &enthalpyH [&Type "Double"]      -1.2510419039070213e+01
   &qEl [&Type "Double"]       0.0000000000000000e+00
   &qRot [&Type "Double"]       1.1015696786174388e-02
   &qVib [&Type "Double"]       4.9348946855644659e-03
   &qTrans [&Type "Double"]       1.9247041860113716e-02
   &entropyS [&Type "Double"]       3.5197633331852572e-02
   &freeEnergyG [&Type "Double"]      -1.2545616672402065e+01
   &isLinear [&Type "Boolean"] false
$End
$Calculation_Info
   &GeometryIndex 5
   &Mult [&Type "Integer"] 1
   &Charge [&Type "Integer"] -1
   &NumOfAtoms [&Type "Integer"] 6
   &NumOfElectrons [&Type "Integer"] 0
   &NumOfBasisFuncts [&Type "Integer"] 0
   &NumOfAuxCBasisFuncts [&Type "Integer"] 0
   &NumOfAuxJBasisFuncts [&Type "Integer"] 0
   &NumOfAuxJKBasisFuncts [&Type "Integer"] 0
   &NumOfCABSBasisFuncts [&Type "Integer"] 0
$End
$Calculation_Timings
   &GeometryIndex 5
   &GSTEP [&Type "Double"]       1.3440000000000007e-02
   &XTB [&Type "Double"]       3.7538899999999997e-01
   &XTBGRAD [&Type "Double"]       1.6359999999998598e-03
   &SUM [&Type "Double"]       3.9046499999999984e-01
$End
