
$orca_hessian_file

$act_atom
  0

$act_coord
  0

$act_energy
      -12.553580

$multiplicity
  1

$hessian
18
                    0                  1                  2                  3                  4        
    0      5.0689263410E-01   4.8490000000E-07  -2.4960000000E-07  -4.1455182100E-02  -1.7043000000E-06
    1      4.8490000000E-07   5.0689180120E-01   5.3697000000E-06  -1.7886000000E-06  -2.8087756060E-01
    2     -2.4960000000E-07   5.3697000000E-06   2.4570439260E-01   5.4830000000E-07   7.7126266200E-02
    3     -4.1455182100E-02  -1.7886000000E-06   5.4830000000E-07   4.4110461700E-02   1.8638000000E-06
    4     -1.7043000000E-06  -2.8087756060E-01   7.7126266200E-02   1.8638000000E-06   3.1317811840E-01
    5      5.8180000000E-07   8.1508686000E-02  -5.7335141700E-02  -5.7510000000E-07  -8.5459754600E-02
    6     -2.2101654420E-01   1.0368055140E-01   6.6784615600E-02  -1.2817202000E-03   1.9095664000E-03
    7      1.0367104440E-01  -1.0130736730E-01  -3.8575002600E-02   2.6207196100E-02  -1.7520858700E-02
    8      7.0589700200E-02  -4.0755676300E-02  -5.7335260600E-02  -6.5796590000E-03   3.2115703000E-03
    9     -2.2101928560E-01  -1.0367924710E-01  -6.6784835400E-02  -1.2820267000E-03  -1.9097506000E-03
   10     -1.0366980190E-01  -1.0130500150E-01  -3.8574050900E-02  -2.6207339900E-02  -1.7520367400E-02
   11     -7.0589977400E-02  -4.0754734300E-02  -5.7335051400E-02   6.5797137000E-03   3.2114805000E-03
   12     -2.1787179400E-02   1.3000000000E-09  -1.3380000000E-07   4.2979070000E-04   1.4700000000E-08
   13     -1.7000000000E-08  -2.1787554800E-02   8.7342000000E-06   5.4900000000E-08   2.2272581000E-03
   14     -7.5600000000E-08  -4.8031000000E-06  -7.7573836400E-02  -3.1800000000E-08   1.1784674000E-03
   15     -1.6144428000E-03  -1.9000000000E-09   5.5000000000E-08  -5.2132340000E-04   1.0000000000E-08
   16     -6.1000000000E-09  -1.6143171000E-03   8.6834000000E-06   1.3700000000E-08   5.1341020000E-04
   17      2.0500000000E-08   1.1580000000E-06   3.8748974000E-03   3.9000000000E-09   7.3197010000E-04
                    5                  6                  7                  8                  9        
    0      5.8180000000E-07  -2.2101654420E-01   1.0367104440E-01   7.0589700200E-02  -2.2101928560E-01
    1      8.1508686000E-02   1.0368055140E-01  -1.0130736730E-01  -4.0755676300E-02  -1.0367924710E-01
    2     -5.7335141700E-02   6.6784615600E-02  -3.8575002600E-02  -5.7335260600E-02  -6.6784835400E-02
    3     -5.7510000000E-07  -1.2817202000E-03   2.6207196100E-02  -6.5796590000E-03  -1.2820267000E-03
    4     -8.5459754600E-02   1.9095664000E-03  -1.7520858700E-02   3.2115703000E-03  -1.9097506000E-03
    5      7.2564960900E-02  -5.0745040000E-04  -7.3020172000E-03   4.0942274000E-03   5.0737410000E-04
    6     -5.0745040000E-04   2.4589651790E-01  -1.1651744500E-01  -7.4008370300E-02  -2.5620250000E-02
    7     -7.3020172000E-03  -1.1651744500E-01   1.1138464050E-01   4.2732590600E-02  -1.2140574900E-02
    8      4.0942274000E-03  -7.4008370300E-02   4.2732590600E-02   7.2564160900E-02  -6.0734631000E-03
    9      5.0737410000E-04  -2.5620250000E-02  -1.2140574900E-02  -6.0734631000E-03   2.4589959820E-01
   10     -7.3019587000E-03   1.2140967800E-02   6.8413460000E-03   4.0942805000E-03   1.1651596000E-01
   11      4.0942133000E-03   6.0735789000E-03   4.0942377000E-03   4.0950552000E-03   7.4008623800E-02
   12      8.8500000000E-08   1.7719037000E-03  -7.7484400000E-04   1.6158059200E-02   1.7718849000E-03
   13      1.8656617500E-02  -7.7233430000E-04   8.7131670000E-04  -9.3310459000E-03   7.7231050000E-04
   14     -2.0470533900E-02   1.0247358000E-03  -5.8208580000E-04  -2.0470446600E-02  -1.0247938000E-03
   15     -1.9000000000E-08   2.5009290000E-04  -4.4537670000E-04  -8.6267000000E-05   2.5007920000E-04
   16     -1.0157310000E-04  -4.4130640000E-04  -2.6907720000E-04   4.8280800000E-05   4.4130210000E-04
   17     -2.9477260000E-03   6.3289040000E-04  -3.6772260000E-04  -2.9477362000E-03  -6.3290570000E-04
                   10                 11                 12                 13                 14        
    0     -1.0366980190E-01  -7.0589977400E-02  -2.1787179400E-02  -1.7000000000E-08  -7.5600000000E-08
    1     -1.0130500150E-01  -4.0754734300E-02   1.3000000000E-09  -2.1787554800E-02  -4.8031000000E-06
    2     -3.8574050900E-02  -5.7335051400E-02  -1.3380000000E-07   8.7342000000E-06  -7.7573836400E-02
    3     -2.6207339900E-02   6.5797137000E-03   4.2979070000E-04   5.4900000000E-08  -3.1800000000E-08
    4     -1.7520367400E-02   3.2114805000E-03   1.4700000000E-08   2.2272581000E-03   1.1784674000E-03
    5     -7.3019587000E-03   4.0942133000E-03   8.8500000000E-08   1.8656617500E-02  -2.0470533900E-02
    6      1.2140967800E-02   6.0735789000E-03   1.7719037000E-03  -7.7233430000E-04   1.0247358000E-03
    7      6.8413460000E-03   4.0942377000E-03  -7.7484400000E-04   8.7131670000E-04  -5.8208580000E-04
    8      4.0942805000E-03   4.0950552000E-03   1.6158059200E-02  -9.3310459000E-03  -2.0470446600E-02
    9      1.1651596000E-01   7.4008623800E-02   1.7718849000E-03   7.7231050000E-04  -1.0247938000E-03
   10      1.1138179590E-01   4.2731505300E-02   7.7484590000E-04   8.7132230000E-04  -5.8205640000E-04
   11      4.2731505300E-02   7.2563756000E-02  -1.6158183600E-02  -9.3307881000E-03  -2.0470209600E-02
   12      7.7484590000E-04  -1.6158183600E-02   1.6873000400E-02  -1.2900000000E-08   2.0100000000E-07
   13      8.7132230000E-04  -9.3307881000E-03  -1.2900000000E-08   1.6875335400E-02  -4.6510000000E-06
   14     -5.8205640000E-04  -2.0470209600E-02   2.0100000000E-07  -4.6510000000E-06   1.4788633830E-01
   15      4.4536810000E-04   8.6244500000E-05   9.4059960000E-04  -1.2000000000E-09  -3.5600000000E-08
   16     -2.6909530000E-04   4.8298900000E-05  -5.0000000000E-09   9.4232230000E-04  -4.8711000000E-06
   17     -3.6771970000E-04  -2.9477636000E-03  -3.1300000000E-08   1.1333000000E-06  -8.9013118000E-03
                   15                 16                 17        
     0     -1.6144428000E-03  -6.1000000000E-09   2.0500000000E-08
     1     -1.9000000000E-09  -1.6143171000E-03   1.1580000000E-06
     2      5.5000000000E-08   8.6834000000E-06   3.8748974000E-03
     3     -5.2132340000E-04   1.3700000000E-08   3.9000000000E-09
     4      1.0000000000E-08   5.1341020000E-04   7.3197010000E-04
     5     -1.9000000000E-08  -1.0157310000E-04  -2.9477260000E-03
     6      2.5009290000E-04  -4.4130640000E-04   6.3289040000E-04
     7     -4.4537670000E-04  -2.6907720000E-04  -3.6772260000E-04
     8     -8.6267000000E-05   4.8280800000E-05  -2.9477362000E-03
     9      2.5007920000E-04   4.4130210000E-04  -6.3290570000E-04
    10      4.4536810000E-04  -2.6909530000E-04  -3.6771970000E-04
    11      8.6244500000E-05   4.8298900000E-05  -2.9477636000E-03
    12      9.4059960000E-04  -5.0000000000E-09  -3.1300000000E-08
    13     -1.2000000000E-09   9.4232230000E-04   1.1333000000E-06
    14     -3.5600000000E-08  -4.8711000000E-06  -8.9013118000E-03
    15      6.9499440000E-04   1.7000000000E-09   2.2100000000E-08
    16      1.7000000000E-09   6.9675720000E-04   1.1810000000E-06
    17      2.2100000000E-08   1.1810000000E-06   1.3869640200E-02

$vibrational_frequencies
18
    0        0.0000000000000000
    1        0.0000000000000000
    2        0.0000000000000000
    3        0.0000000000000000
    4        0.0000000000000000
    5        0.0000000000000000
    6       87.3096461954553007
    7       87.4186880912369446
    8      117.6759900967439592
    9      524.5535406271352485
   10      952.0546552265071796
   11      952.0722572819602192
   12     1295.2150283106780080
   13     1437.3227562008323730
   14     1437.4216361463693374
   15     3083.1810444209340858
   16     3099.5798743596137683
   17     3099.5859974352924837

$normal_modes
18 18
                    0                  1                  2                  3                  4        
    0      0.0000000000E+00   0.0000000000E+00   0.0000000000E+00   0.0000000000E+00   0.0000000000E+00
    1      0.0000000000E+00   0.0000000000E+00   0.0000000000E+00   0.0000000000E+00   0.0000000000E+00
    2      0.0000000000E+00   0.0000000000E+00   0.0000000000E+00   0.0000000000E+00   0.0000000000E+00
    3      0.0000000000E+00   0.0000000000E+00   0.0000000000E+00   0.0000000000E+00   0.0000000000E+00
    4      0.0000000000E+00   0.0000000000E+00   0.0000000000E+00   0.0000000000E+00   0.0000000000E+00
    5      0.0000000000E+00   0.0000000000E+00   0.0000000000E+00   0.0000000000E+00   0.0000000000E+00
    6      0.0000000000E+00   0.0000000000E+00   0.0000000000E+00   0.0000000000E+00   0.0000000000E+00
    7      0.0000000000E+00   0.0000000000E+00   0.0000000000E+00   0.0000000000E+00   0.0000000000E+00
    8      0.0000000000E+00   0.0000000000E+00   0.0000000000E+00   0.0000000000E+00   0.0000000000E+00
    9      0.0000000000E+00   0.0000000000E+00   0.0000000000E+00   0.0000000000E+00   0.0000000000E+00
   10      0.0000000000E+00   0.0000000000E+00   0.0000000000E+00   0.0000000000E+00   0.0000000000E+00
   11      0.0000000000E+00   0.0000000000E+00   0.0000000000E+00   0.0000000000E+00   0.0000000000E+00
   12      0.0000000000E+00   0.0000000000E+00   0.0000000000E+00   0.0000000000E+00   0.0000000000E+00
   13      0.0000000000E+00   0.0000000000E+00   0.0000000000E+00   0.0000000000E+00   0.0000000000E+00
   14      0.0000000000E+00   0.0000000000E+00   0.0000000000E+00   0.0000000000E+00   0.0000000000E+00
   15      0.0000000000E+00   0.0000000000E+00   0.0000000000E+00   0.0000000000E+00   0.0000000000E+00
   16      0.0000000000E+00   0.0000000000E+00   0.0000000000E+00   0.0000000000E+00   0.0000000000E+00
   17      0.0000000000E+00   0.0000000000E+00   0.0000000000E+00   0.0000000000E+00   0.0000000000E+00
                    5                  6                  7                  8                  9        
    0      0.0000000000E+00  -4.1480389561E-01   4.3498453574E-04   6.9901503231E-06  -1.3031961551E-06
    1      0.0000000000E+00   4.3496570542E-04   4.1482456215E-01  -7.5369449652E-04   6.0489623900E-05
    2      0.0000000000E+00   1.3007623503E-07  -2.1709190411E-05  -2.9882662214E-01  -6.3794583177E-01
    3      0.0000000000E+00  -4.8894512258E-01   5.1381505458E-04   8.1102131537E-06  -2.7280547312E-07
    4      0.0000000000E+00   5.2149412163E-04   4.9731027337E-01   7.8383942246E-03   4.4817760362E-02
    5      0.0000000000E+00   2.5570322464E-04   2.4498117183E-01  -2.5226317530E-01  -4.3761944026E-01
    6      0.0000000000E+00  -4.9519563066E-01  -3.0908398449E-03   7.5938644039E-03   3.8727092909E-02
    7      0.0000000000E+00   4.1243223303E-03   4.9099921051E-01  -5.2303875536E-03  -2.2402611118E-02
    8      0.0000000000E+00  -2.1232357657E-01  -1.2231759602E-01  -2.5161119851E-01  -4.3760153266E-01
    9      0.0000000000E+00  -4.9518777716E-01   4.1282789277E-03  -7.5774887874E-03  -3.8728149153E-02
   10      0.0000000000E+00  -3.0947036108E-03   4.9100793289E-01  -5.2302679234E-03  -2.2402724086E-02
   11      0.0000000000E+00   2.1206890496E-01  -1.2275962164E-01  -2.5161715600E-01  -4.3760462574E-01
   12      0.0000000000E+00   4.5944561683E-02  -4.8184795208E-05  -4.5019786810E-07   7.7259493547E-08
   13      0.0000000000E+00  -4.8182674389E-05  -4.5946378935E-02   8.3506383329E-05  -5.5788383044E-06
   14      0.0000000000E+00  -7.4080041011E-07  -6.3409045473E-05  -2.9811258445E-01   1.1183645950E-01
   15      0.0000000000E+00   7.9045560892E-02  -8.2878692698E-05  -2.0497447933E-06   3.0517410383E-07
   16      0.0000000000E+00  -8.2873075566E-05  -7.9048150938E-02   1.4170038959E-04  -8.2733831131E-06
   17      0.0000000000E+00   1.5961342175E-06   1.5298976160E-04   7.9457133440E-01   1.4092594410E-03
                   10                 11                 12                 13                 14        
    0     -1.1043221201E-01  -2.3111754010E-03  -3.9889008086E-07  -3.7789609534E-04   7.0255689836E-02
    1     -2.3109948922E-03   1.1043206020E-01   2.6723465081E-06   7.0237730592E-02   3.7793714766E-04
    2      3.8903211248E-07   8.8139677500E-06  -9.6545338351E-02   9.8008144723E-06  -1.7836466252E-07
    3      2.4998217684E-01   5.2326564537E-03   2.7800155534E-06   4.0189685624E-03  -7.4608373567E-01
    4      3.2859851715E-03  -1.5706896461E-01   1.8669202481E-01   1.2547652081E-01   6.8136760028E-04
    5      1.5817739943E-02  -7.5563307646E-01   5.4348291447E-01   3.0165680320E-01   1.6258060700E-03
    6      1.8113924600E-01  -3.6511203436E-02   1.6166496036E-01  -3.7695781144E-01  -9.4428303091E-02
    7      4.4979707194E-02  -2.2595788906E-01  -9.3359800297E-02  -5.2610252027E-01  -3.8025305897E-01
    8      6.4651495533E-01   3.9153107541E-01   5.4346993014E-01  -1.5223066785E-01   2.6038382223E-01
    9      1.7945221887E-01   4.4057444999E-02  -1.6166310742E-01   3.7794663366E-01  -9.0358511877E-02
   10     -3.5486670629E-02  -2.2764240871E-01  -9.3361183405E-02  -5.3017330220E-01   3.7456407470E-01
   11     -6.6233638432E-01   3.6413195385E-01   5.4346876478E-01  -1.4941659075E-01  -2.6200566610E-01
   12      8.8987204183E-03   1.8624442245E-04   1.3695586974E-08  -5.9191625721E-06   1.0989478930E-03
   13      1.8622972090E-04  -8.8979803863E-03  -7.4596453510E-09   1.1002870803E-03   5.9241716348E-06
   14     -1.4172067739E-08  -2.0353337169E-06  -5.1186056297E-03  -2.0120784432E-06  -2.5011232985E-08
   15     -1.8247755000E-06  -7.1385010357E-08  -2.7451338359E-08  -1.0154859957E-06   1.8815016426E-04
   16     -1.0292386974E-07   2.9270959570E-06  -6.5183869348E-08   1.8919065295E-04   9.8533834355E-07
   17      5.0275180816E-09   7.4933498941E-07  -2.1121578854E-03   9.4284086230E-07   4.1418784327E-09
                   15                 16                 17        
     0      2.0919657079E-07  -4.9603869554E-03  -9.1435965608E-02
     1      7.9501647774E-05   9.1439162104E-02  -4.9606222899E-03
     2      3.8295842469E-02  -3.4248760205E-05   2.0217363762E-06
     3      9.0618077946E-07  -2.2276130816E-03  -4.0948439140E-02
     4      5.5278122439E-01  -7.7095354597E-01   4.1830834376E-02
     5     -1.6278109914E-01   2.5283555271E-01  -1.3718255704E-02
     6      4.7953921917E-01   3.8170898490E-01   5.4856735378E-01
     7     -2.7689690616E-01  -1.8073675696E-01  -3.4258172893E-01
     8     -1.6310302544E-01  -1.3807305584E-01  -2.1198887648E-01
     9     -4.7954265711E-01  -3.2011747981E-01   5.8664816745E-01
    10     -2.7689769491E-01  -1.4260724677E-01   3.6011702251E-01
    11     -1.6310320919E-01  -1.1432581293E-01   2.2568130687E-01
    12     -9.5576331538E-09  -4.7603852085E-06  -8.7530119053E-05
    13      4.6134064009E-07   8.7454981429E-05  -4.7431301057E-06
    14      3.1451452837E-04  -2.7324118418E-07   1.7352335472E-08
    15      2.2649973985E-08   3.4061816178E-06   6.2330992733E-05
    16      8.3852658487E-07  -6.2378330416E-05   3.3834497579E-06
    17      2.1995762651E-04  -1.9698158295E-07   1.0221714270E-08

#
# The atoms: label  mass x y z (in bohrs)
#
$atoms
6
 C     12.01100      0.000001086952    -0.000000568331    -0.765182654205
 H      1.00800      0.000007059691     1.941145443251    -1.403446309386
 H      1.00800      1.681083584844    -0.970572201905    -1.403446479852
 H      1.00800     -1.681079146415    -0.970569917914    -1.403455604507
 Br    79.90000     -0.000002993844    -0.000003360249     2.906176129948
 Cl    35.45300      0.000006052030     0.000007671004    -6.170671952791

$actual_temperature
  0.000000

$frequency_scale_factor
  1.000000


$end

