*************************************************
******************* ORCA 6.1.0 ******************
*************************************************
$Calculation_Status
   &GeometryIndex 0
   &version [&Type "String"] "6.1.0"
   &progName [&Type "String"] "orca"
   &Status [&Type "String"] "NORMAL TERMINATION"
$End
$Geometry
   &GeometryIndex 1
   &NAtoms [&Type "Integer"] 6
   &NCorelessECP [&Type "Integer"] 0
   &NGhostAtoms [&Type "Integer"] 0
   &CartesianCoordinates [&Type "Coordinates", &Dim(6,4), &Units "Bohr"] 
              C      0.000234326041    0.000219208232    0.624904086596
              H      0.000107714390    1.941219281344   -0.012190623290
              H      1.681191075591   -0.970466966349   -0.012192513016
              H     -1.681073912570   -0.970525547859   -0.012230307539
              Br     0.000105824663    0.000102045211    4.301882175374
              Cl    -0.000018897261   -0.000020786987   -4.668938800175
$End
$Single_Point_Data
   &GeometryIndex 1
   &FinalEnergy [&Type "Double"]      -1.2553491909850001e+01  "Final single point energy"
   &Converged [&Type "Boolean"] true
$End
$Geometry
   &GeometryIndex 2
   &NAtoms [&Type "Integer"] 6
   &NCorelessECP [&Type "Integer"] 0
   &NGhostAtoms [&Type "Integer"] 0
   &CartesianCoordinates [&Type "Coordinates", &Dim(6,4), &Units "Bohr"] 
              C      0.000169058530    0.000159608404    0.632941779652
              H      0.000068855830    1.940715269594   -0.004624431552
              H      1.680692560519   -0.970237819111   -0.004608697533
              H     -1.680456340937   -0.970182792930   -0.004577507561
              Br     0.000090374873    0.000091281860    4.310888924886
              Cl    -0.000018377962   -0.000018314226   -4.708786049941
$End
$Single_Point_Data
   &GeometryIndex 2
   &FinalEnergy [&Type "Double"]      -1.2553552509499999e+01  "Final single point energy"
   &Converged [&Type "Boolean"] true
$End
$Geometry
   &GeometryIndex 3
   &NAtoms [&Type "Integer"] 6
   &NCorelessECP [&Type "Integer"] 0
   &NGhostAtoms [&Type "Integer"] 0
   &CartesianCoordinates [&Type "Coordinates", &Dim(6,4), &Units "Bohr"] 
              C      0.000109878668    0.000105310155    0.641990293702
              H      0.000083431435    1.941161952648    0.004244399722
              H      1.681092625014   -0.970449115165    0.004257396414
              H     -1.680861354803   -0.970413777565    0.004283951779
              Br     0.000121885474    0.000122830671    4.317189793460
              Cl    -0.000000334935    0.000000032847   -4.750731817125
$End
$Single_Point_Data
   &GeometryIndex 3
   &FinalEnergy [&Type "Double"]      -1.2553578701630000e+01  "Final single point energy"
   &Converged [&Type "Boolean"] true
$End
$Geometry
   &GeometryIndex 4
   &NAtoms [&Type "Integer"] 6
   &NCorelessECP [&Type "Integer"] 0
   &NGhostAtoms [&Type "Integer"] 0
   &CartesianCoordinates [&Type "Coordinates", &Dim(6,4), &Units "Bohr"] 
              C      0.000101999286    0.000098102959    0.644186614130
              H      0.000097366642    1.941290762523    0.006332569497
              H      1.681221171727   -0.970503089028    0.006342207614
              H     -1.681012591545   -0.970496942698    0.006357472066
              Br     0.000133352798    0.000133504251    4.317036042855
              Cl     0.000004831945    0.000004895584   -4.759020888211
$End
$Single_Point_Data
   &GeometryIndex 4
   &FinalEnergy [&Type "Double"]      -1.2553580187360000e+01  "Final single point energy"
   &Converged [&Type "Boolean"] true
$End
$Geometry
   &GeometryIndex 5
   &NAtoms [&Type "Integer"] 6
   &NCorelessECP [&Type "Integer"] 0
   &NGhostAtoms [&Type "Integer"] 0
   &CartesianCoordinates [&Type "Coordinates", &Dim(6,4), &Units "Bohr"] 
              C      0.000102584491    0.000098711998    0.644939901195
              H      0.000101945826    1.941264192042    0.006764765033
              H      1.681203373611   -0.970486006494    0.006774200276
              H     -1.681001189150   -0.970488840296    0.006788883953
              Br     0.000134079065    0.000133986867    4.316428251708
              Cl     0.000005337010    0.000005189474   -4.760461984216
$End
$Single_Point_Data
   &GeometryIndex 5
   &FinalEnergy [&Type "Double"]      -1.2553580428460000e+01  "Final single point energy"
   &Converged [&Type "Boolean"] true
$End
$Hessian
   &GeometryIndex 5
   &HESSIAN [&Type "ArrayOfDoubles", &Dim (18,18)] "The Hessian"
                                                         0                           1                           2                           3                           4                           5                           6                           7

0                                      5.0692174670000001e-01         1.0644999999999999e-06        -2.1901000000000000e-06        -4.1454817800000002e-02        -8.3099999999999996e-07         4.4420000000000002e-07        -2.2102914339999999e-01         1.0367869930000000e-01
1                                      1.0644999999999999e-06         5.0691896030000005e-01         3.3459000000000000e-06        -1.0453000000000000e-06        -2.8089365070000000e-01         8.1502977000000004e-02         1.0368842690000001e-01        -1.0131147679999999e-01
2                                     -2.1901000000000000e-06         3.3459000000000000e-06         2.4561326330000000e-01         3.8700000000000001e-07         7.7121875199999995e-02        -5.7325170299999999e-02         6.6779924399999996e-02        -3.8572233800000001e-02
3                                     -4.1454817800000002e-02        -1.0453000000000000e-06         3.8700000000000001e-07         4.4109086600000000e-02         9.1660000000000004e-07        -2.5810000000000001e-07        -1.2814167000000001e-03         2.6206136500000001e-02
4                                     -8.3099999999999996e-07        -2.8089365070000000e-01         7.7121875199999995e-02         9.1660000000000004e-07         3.1319154970000002e-01        -8.5454317200000005e-02         1.9088327999999999e-03        -1.7519455199999999e-02
5                                      4.4420000000000002e-07         8.1502977000000004e-02        -5.7325170299999999e-02        -2.5810000000000001e-07        -8.5454317200000005e-02         7.2555373399999998e-02        -5.0760089999999996e-04        -7.3014595000000003e-03
6                                     -2.2102914339999999e-01         1.0368842690000001e-01         6.6779924399999996e-02        -1.2814167000000001e-03         1.9088327999999999e-03        -5.0760089999999996e-04         2.4590678129999999e-01        -1.1652451590000000e-01
7                                      1.0367869930000000e-01        -1.0131147679999999e-01        -3.8572233800000001e-02         2.6206136500000001e-02        -1.7519455199999999e-02        -7.3014595000000003e-03        -1.1652451590000000e-01         1.1138755250000000e-01
8                                      7.0583177100000005e-02        -4.0752186300000000e-02        -5.7324447000000001e-02        -6.5793183999999999e-03         3.2112679000000002e-03         4.0944379000000001e-03        -7.4002419999999999e-02         4.2729381300000001e-02
9                                     -2.2103377750000000e-01        -1.0368843630000001e-01        -6.6777822000000001e-02        -1.2815022000000000e-03        -1.9089566000000001e-03         5.0761869999999996e-04        -2.5618228600000001e-02        -1.2140454100000000e-02
10                                    -1.0367886690000000e-01        -1.0130998510000000e-01        -3.8570141699999998e-02        -2.6206257399999999e-02        -1.7519002100000000e-02        -7.3009514000000001e-03         1.2140830700000001e-02         6.8413373000000000e-03
11                                    -7.0581197600000006e-02        -4.0750275799999999e-02        -5.7322088399999999e-02         6.5794453000000003e-03         3.2112338999999998e-03         4.0943250000000002e-03         6.0729280000000000e-03         4.0942171999999999e-03
12                                    -2.1786898900000001e-02         1.2499999999999999e-08        -6.0869999999999999e-07         4.2954330000000000e-04         1.1800000000000000e-08        -1.3070000000000000e-07         1.7715209000000000e-03        -7.7452119999999998e-04
13                                    -3.9200000000000000e-08        -2.1786735799999998e-02         8.2170999999999996e-06         2.2280000000000001e-07         2.2266894000000001e-03         1.8655088699999999e-02        -7.7226829999999999e-04         8.7074780000000000e-04
14                                    -3.9910000000000002e-07        -5.1637000000000002e-06        -7.7521719300000000e-02        -2.3200000000000001e-07         1.1780257999999999e-03        -2.0470808500000000e-02         1.0243161000000000e-03        -5.8216219999999996e-04
15                                    -1.6171090000000000e-03        -2.2300000000000001e-08         3.0930000000000000e-07        -5.2089319999999999e-04         2.6400000000000001e-08        -7.3199999999999994e-08         2.5048650000000002e-04        -4.4534449999999998e-04
16                                    -2.6600000000000000e-08        -1.6171118999999999e-03         8.9370999999999995e-06         2.6799999999999998e-08         5.1386900000000002e-04        -1.0133750000000000e-04        -4.4130610000000001e-04        -2.6870570000000002e-04
17                                     1.6560000000000000e-07         1.3029000000000001e-06         3.8801615999999998e-03        -2.3800000000000001e-08         7.3191439999999999e-04        -2.9481575000000000e-03         6.3285230000000004e-04        -3.6774300000000002e-04
                                                         8                           9                          10                          11                          12                          13                          14                          15

0                                      7.0583177100000005e-02        -2.2103377750000000e-01        -1.0367886690000000e-01        -7.0581197600000006e-02        -2.1786898900000001e-02        -3.9200000000000000e-08        -3.9910000000000002e-07        -1.6171090000000000e-03
1                                     -4.0752186300000000e-02        -1.0368843630000001e-01        -1.0130998510000000e-01        -4.0750275799999999e-02         1.2499999999999999e-08        -2.1786735799999998e-02        -5.1637000000000002e-06        -2.2300000000000001e-08
2                                     -5.7324447000000001e-02        -6.6777822000000001e-02        -3.8570141699999998e-02        -5.7322088399999999e-02        -6.0869999999999999e-07         8.2170999999999996e-06        -7.7521719300000000e-02         3.0930000000000000e-07
3                                     -6.5793183999999999e-03        -1.2815022000000000e-03        -2.6206257399999999e-02         6.5794453000000003e-03         4.2954330000000000e-04         2.2280000000000001e-07        -2.3200000000000001e-07        -5.2089319999999999e-04
4                                      3.2112679000000002e-03        -1.9089566000000001e-03        -1.7519002100000000e-02         3.2112338999999998e-03         1.1800000000000000e-08         2.2266894000000001e-03         1.1780257999999999e-03         2.6400000000000001e-08
5                                      4.0944379000000001e-03         5.0761869999999996e-04        -7.3009514000000001e-03         4.0943250000000002e-03        -1.3070000000000000e-07         1.8655088699999999e-02        -2.0470808500000000e-02        -7.3199999999999994e-08
6                                     -7.4002419999999999e-02        -2.5618228600000001e-02         1.2140830700000001e-02         6.0729280000000000e-03         1.7715209000000000e-03        -7.7226829999999999e-04         1.0243161000000000e-03         2.5048650000000002e-04
7                                      4.2729381300000001e-02        -1.2140454100000000e-02         6.8413373000000000e-03         4.0942171999999999e-03        -7.7452119999999998e-04         8.7074780000000000e-04        -5.8216219999999996e-04        -4.4534449999999998e-04
8                                      7.2554413299999995e-02        -6.0723302999999996e-03         4.0940254000000004e-03         4.0942916000000001e-03         1.6157182499999999e-02        -9.3305492999999993e-03        -2.0470452699999999e-02        -8.6290899999999997e-05
9                                     -6.0723302999999996e-03         2.4591185770000001e-01         1.1652440650000000e-01         7.4000209700000000e-02         1.7712644000000000e-03         7.7213059999999998e-04        -1.0247170999999999e-03         2.5038630000000001e-04
10                                     4.0940254000000004e-03         1.1652440650000000e-01         1.1138562210000000e-01         4.2726937800000003e-02         7.7455860000000005e-04         8.7078450000000005e-04        -5.8210550000000003e-04         4.4532850000000000e-04
11                                     4.0942916000000001e-03         7.4000209700000000e-02         4.2726937800000003e-02         7.2551600600000002e-02        -1.6157524300000000e-02        -9.3302109999999997e-03        -2.0469624299999999e-02         8.6138900000000003e-05
12                                     1.6157182499999999e-02         1.7712644000000000e-03         7.7455860000000005e-04        -1.6157524300000000e-02         1.6872983200000000e-02        -5.3200000000000000e-08         1.2784999999999999e-06         9.4158709999999995e-04
13                                    -9.3305492999999993e-03         7.7213059999999998e-04         8.7078450000000005e-04        -9.3302109999999997e-03        -5.3200000000000000e-08         1.6875065200000001e-02        -3.5099000000000001e-06         7.3000000000000000e-09
14                                    -2.0470452699999999e-02        -1.0247170999999999e-03        -5.8210550000000003e-04        -2.0469624299999999e-02         1.2784999999999999e-06        -3.5099000000000001e-06         1.4783665500000001e-01        -2.4639999999999998e-07
15                                    -8.6290899999999997e-05         2.5038630000000001e-04         4.4532850000000000e-04         8.6138900000000003e-05         9.4158709999999995e-04         7.3000000000000000e-09        -2.4639999999999998e-07         6.9554230000000005e-04
16                                     4.8061100000000000e-05         4.4130979999999997e-04        -2.6875659999999997e-04         4.8097899999999999e-05        -8.5000000000000000e-09         9.4344890000000003e-04        -5.0845000000000002e-06         4.5999999999999998e-09
17                                    -2.9482432000000002e-03        -6.3295900000000000e-04        -3.6776460000000001e-04        -2.9485045000000000e-03        -1.9730000000000000e-07         9.6440000000000003e-07        -8.9040501999999994e-03         1.6229999999999999e-07
                                                        16                          17

0                                     -2.6600000000000000e-08         1.6560000000000000e-07
1                                     -1.6171118999999999e-03         1.3029000000000001e-06
2                                      8.9370999999999995e-06         3.8801615999999998e-03
3                                      2.6799999999999998e-08        -2.3800000000000001e-08
4                                      5.1386900000000002e-04         7.3191439999999999e-04
5                                     -1.0133750000000000e-04        -2.9481575000000000e-03
6                                     -4.4130610000000001e-04         6.3285230000000004e-04
7                                     -2.6870570000000002e-04        -3.6774300000000002e-04
8                                      4.8061100000000000e-05        -2.9482432000000002e-03
9                                      4.4130979999999997e-04        -6.3295900000000000e-04
10                                    -2.6875659999999997e-04        -3.6776460000000001e-04
11                                     4.8097899999999999e-05        -2.9485045000000000e-03
12                                    -8.5000000000000000e-09        -1.9730000000000000e-07
13                                     9.4344890000000003e-04         9.6440000000000003e-07
14                                    -5.0845000000000002e-06        -8.9040501999999994e-03
15                                     4.5999999999999998e-09         1.6229999999999999e-07
16                                     6.9725630000000004e-04         1.3259000000000001e-06
17                                     1.3259000000000001e-06         1.3868793700000000e-02
   &MODES [&Type "ArrayOfDoubles", &Dim (18,18)] "The modes of vibrations"
                                                         0                           1                           2                           3                           4                           5                           6                           7

0                                      0.0000000000000000e+00         0.0000000000000000e+00         0.0000000000000000e+00         0.0000000000000000e+00         0.0000000000000000e+00         0.0000000000000000e+00        -2.2893347522617907e-01        -7.0816416226602251e-04
1                                      0.0000000000000000e+00         0.0000000000000000e+00         0.0000000000000000e+00         0.0000000000000000e+00         0.0000000000000000e+00         0.0000000000000000e+00         7.0819868032112804e-04        -2.2893686960249410e-01
2                                      0.0000000000000000e+00         0.0000000000000000e+00         0.0000000000000000e+00         0.0000000000000000e+00         0.0000000000000000e+00         0.0000000000000000e+00        -2.4246678139323049e-07         1.1928783267337662e-05
3                                      0.0000000000000000e+00         0.0000000000000000e+00         0.0000000000000000e+00         0.0000000000000000e+00         0.0000000000000000e+00         0.0000000000000000e+00        -2.6983848135390182e-01        -8.5003303548815195e-04
4                                      0.0000000000000000e+00         0.0000000000000000e+00         0.0000000000000000e+00         0.0000000000000000e+00         0.0000000000000000e+00         0.0000000000000000e+00         8.4912812279156098e-04        -2.7445670540486056e-01
5                                      0.0000000000000000e+00         0.0000000000000000e+00         0.0000000000000000e+00         0.0000000000000000e+00         0.0000000000000000e+00         0.0000000000000000e+00         4.1836745309148122e-04        -1.3520880916284941e-01
6                                      0.0000000000000000e+00         0.0000000000000000e+00         0.0000000000000000e+00         0.0000000000000000e+00         0.0000000000000000e+00         0.0000000000000000e+00        -2.7330901404806152e-01         1.1529948266118092e-03
7                                      0.0000000000000000e+00         0.0000000000000000e+00         0.0000000000000000e+00         0.0000000000000000e+00         0.0000000000000000e+00         0.0000000000000000e+00         2.8165032133429203e-03        -2.7095895805869030e-01
8                                      0.0000000000000000e+00         0.0000000000000000e+00         0.0000000000000000e+00         0.0000000000000000e+00         0.0000000000000000e+00         0.0000000000000000e+00        -1.1732324481389395e-01         6.7270779212385695e-02
9                                      0.0000000000000000e+00         0.0000000000000000e+00         0.0000000000000000e+00         0.0000000000000000e+00         0.0000000000000000e+00         0.0000000000000000e+00        -2.7329487088142529e-01        -2.8286272791923700e-03
10                                     0.0000000000000000e+00         0.0000000000000000e+00         0.0000000000000000e+00         0.0000000000000000e+00         0.0000000000000000e+00         0.0000000000000000e+00        -1.1405081184868782e-03        -2.7099524668368741e-01
11                                     0.0000000000000000e+00         0.0000000000000000e+00         0.0000000000000000e+00         0.0000000000000000e+00         0.0000000000000000e+00         0.0000000000000000e+00         1.1690737066062132e-01         6.7993751456907600e-02
12                                     0.0000000000000000e+00         0.0000000000000000e+00         0.0000000000000000e+00         0.0000000000000000e+00         0.0000000000000000e+00         0.0000000000000000e+00         2.5356638763214662e-02         7.8441210912418569e-05
13                                     0.0000000000000000e+00         0.0000000000000000e+00         0.0000000000000000e+00         0.0000000000000000e+00         0.0000000000000000e+00         0.0000000000000000e+00        -7.8440271305660800e-05         2.5356758352632902e-02
14                                     0.0000000000000000e+00         0.0000000000000000e+00         0.0000000000000000e+00         0.0000000000000000e+00         0.0000000000000000e+00         0.0000000000000000e+00        -2.4643021598556470e-06         3.3060947543135018e-05
15                                     0.0000000000000000e+00         0.0000000000000000e+00         0.0000000000000000e+00         0.0000000000000000e+00         0.0000000000000000e+00         0.0000000000000000e+00         4.3626729443895881e-02         1.3494423075757243e-04
16                                     0.0000000000000000e+00         0.0000000000000000e+00         0.0000000000000000e+00         0.0000000000000000e+00         0.0000000000000000e+00         0.0000000000000000e+00        -1.3494262475399968e-04         4.3626715534612122e-02
17                                     0.0000000000000000e+00         0.0000000000000000e+00         0.0000000000000000e+00         0.0000000000000000e+00         0.0000000000000000e+00         0.0000000000000000e+00         5.5650231254440308e-06        -8.0134645954247206e-05
                                                         8                           9                          10                          11                          12                          13                          14                          15

0                                     -8.8036993358108205e-06        -2.3843166778160989e-06        -4.1143686050831491e-02        -9.4494085233729153e-02        -1.5846949082211840e-06         6.8197763445444835e-04        -6.8162910751468256e-02        -7.3853403357180380e-06
1                                      1.2876239957266566e-04         2.1718241542370802e-05        -9.4494558707710521e-02         4.1144195252818455e-02         1.2265372618051361e-06        -6.8146831551464823e-02        -6.8214232133773632e-04         7.1494757426825283e-05
2                                      5.3896842774800294e-02        -2.5075261780148717e-01        -5.5110557758779537e-06         4.3611185947771535e-06        -9.1511127004731865e-02        -8.4930896187611797e-06         1.1073227180373487e-06         3.7836020247521203e-02
3                                     -1.0443761609282151e-05        -9.2016149477193656e-07         9.3135238703713180e-02         2.1388994323826574e-01         1.0246946687359972e-05        -7.2493214681618881e-03         7.2382180716758782e-01        -4.6282644396505006e-06
4                                     -1.4233049149607341e-03         1.7620178399826721e-02         1.3438536771991805e-01        -5.8514494925063686e-02         1.7695749797044469e-01        -1.2171868788446927e-01        -1.2238838916289224e-03         5.4629461799390722e-01
5                                      4.5489846884287546e-02        -1.7198095920334122e-01         6.4663106598549525e-01        -2.8155097288215208e-01         5.1522253566138110e-01        -2.9262956741119872e-01        -2.9377332982005191e-03        -1.6085341596711622e-01
6                                     -1.3794507042053160e-03         1.5225777452090947e-02         1.0163520681915371e-01         1.3925528298744599e-01         1.5323883085372267e-01         3.6529234335674071e-01         9.3314082028515960e-02         4.7387928475507418e-01
7                                      9.3524997702765320e-04        -8.8090133323420940e-03         2.0904006918990869e-01        -5.0055153738256704e-02        -8.8480440227904689e-02         5.0872583451768183e-01         3.7126876923907393e-01        -2.7363504139882538e-01
8                                      4.5374681257178973e-02        -1.7197453442387634e-01        -7.9497202230804156e-02         7.0080241375717778e-01         5.1521018086927561e-01         1.4883791801506893e-01        -2.5192099943984536e-01        -1.6115697671498275e-01
9                                      1.3583602171521301e-03        -1.5228178046458920e-02         3.2690905902934636e-02         1.6926536667415354e-01        -1.5322699192330894e-01        -3.6708072866472952e-01         8.5983801211179156e-02        -4.7378660814422385e-01
10                                     9.3516405107976720e-04        -8.8093499971420696e-03         1.7905565483595892e-01        -1.1892612797788192e-01        -8.8485605529605826e-02         5.1606137891706372e-01        -3.6100763316572848e-01        -2.7357671169285153e-01
11                                     4.5383159072594673e-02        -1.7197653248484041e-01        -5.6717343254117336e-01        -4.1924747882662960e-01         5.1520913666899759e-01         1.4376827829697117e-01         2.5484156576907119e-01        -1.6111230262603254e-01
12                                     1.8447157838829030e-06         3.9120584772653615e-07         3.3155492656552544e-03         7.6147709773877852e-03        -8.8228334731276784e-09         1.0684049572938268e-05        -1.0660272369760223e-03        -1.6113639123678475e-08
13                                    -1.3326549559496891e-05        -1.8005423099686826e-06         7.6142754640060612e-03        -3.3153292097975349e-03        -2.8864917989902250e-08        -1.0673173673476340e-03        -1.0673317765083223e-05         4.4978473876785684e-07
14                                     5.3760142712625414e-02         4.3959224510321304e-02         1.5406009873769045e-06        -8.6546117563357651e-07        -4.8541792398875865e-03         1.9847768584667661e-06         6.1916714761956924e-08         3.1080028261153988e-04
15                                    -2.7825672744362031e-07         2.0534293108138054e-08        -4.6866010000707030e-07        -1.1739766459056747e-06        -7.1188592807768502e-08         1.8367839689120165e-06        -1.8233578710607213e-04         3.4977839854750406e-08
16                                    -2.6301296294117518e-05        -3.3515939272899198e-06        -1.9012612620931594e-06         7.7899008695025102e-07        -1.0745106878962264e-07        -1.8342093303692781e-04        -1.7922513793639193e-06         8.4085539928182624e-07
17                                    -1.4329190900681668e-01         5.5022526612539375e-04        -4.7994221062253371e-07         3.6034207846586407e-07        -2.0031568641412281e-03        -9.3123582288355818e-07        -2.6595604018301690e-08         2.1736651614694038e-04
                                                        16                          17

0                                     -1.4965349919558698e-02        -8.6008214812239914e-02
1                                      8.6010918205224274e-02        -1.4965979392790823e-02
2                                     -3.0187142322209747e-05         2.6026575621477824e-06
3                                     -6.7047358319018494e-03        -3.8513790103530322e-02
4                                     -7.2514115517997968e-01         1.2612971386187272e-01
5                                      2.3778055010893945e-01        -4.1360238208131186e-02
6                                      4.2301056027875183e-01         4.7642406756066469e-01
7                                     -2.0960302142099513e-01        -3.0400221044831816e-01
8                                     -1.5451235080483686e-01        -1.8514311542687270e-01
9                                     -2.3720736197683320e-01         5.9139610870180159e-01
10                                    -9.4587133613616217e-02         3.5697687814435308e-01
11                                    -8.2883759055550024e-02         2.2647080210068063e-01
12                                    -1.4333346636309847e-05        -8.2304211958708984e-05
13                                     8.2234345065099120e-05        -1.4305671809383126e-05
14                                    -2.3884352320571069e-07         1.8922678844460737e-08
15                                     1.0233326101706304e-05         5.8667458243505484e-05
16                                    -5.8717232317229541e-05         1.0215921191700762e-05
17                                    -1.6513148689589162e-07         1.1142802936205115e-09
$End
$THERMOCHEMISTRY_Energies
   &GeometryIndex 5
   &temperature [&Type "Double"]       2.9814999999999998e+02
   &pressure [&Type "Double"]       1.0000000000000000e+00
   &totalMass [&Type "Double"]       1.3038800000000001e+02
   &spinDegeneracy [&Type "Integer"] 1
   &elEnergy [&Type "Double"]      -1.2553580428460000e+01
   &transEnergy [&Type "Double"]       1.4162714244859817e-03
   &rotEnergy [&Type "Double"]       1.4162714244859817e-03
   &vibEnergy [&Type "Double"]       2.5389518043837152e-03
   &numOfFreqs [&Type "Integer"] 18
   &freqScalingFactor [&Type "Double"]       1.0000000000000000e+00
   &FREQ [&Type "ArrayOfDoubles", &Units "cm^-1", &Dim (18,1)] 
                                                         0

0                                      0.0000000000000000e+00
1                                      0.0000000000000000e+00
2                                      0.0000000000000000e+00
3                                      0.0000000000000000e+00
4                                      0.0000000000000000e+00
5                                      0.0000000000000000e+00
6                                      8.7342689287641520e+01
7                                      8.7448443339062436e+01
8                                      1.1767145178536765e+02
9                                      5.2442827820611853e+02
10                                     9.5203807029607674e+02
11                                     9.5204257968586137e+02
12                                     1.2951401816022505e+03
13                                     1.4372894800656409e+03
14                                     1.4373900392133605e+03
15                                     3.0832055565918736e+03
16                                     3.0996273582454746e+03
17                                     3.0996358391451872e+03
   &zpe [&Type "Double"]       3.6845397321970320e-02
   &innerEnergyU [&Type "Double"]      -1.2511363536484675e+01
   &enthalpyH [&Type "Double"]      -1.2510419327442415e+01
   &qEl [&Type "Double"]       0.0000000000000000e+00
   &qRot [&Type "Double"]       1.1015718145060036e-02
   &qVib [&Type "Double"]       4.9348402939267027e-03
   &qTrans [&Type "Double"]       1.9247041860113716e-02
   &entropyS [&Type "Double"]       3.5197600299100455e-02
   &freeEnergyG [&Type "Double"]      -1.2545616927741516e+01
   &isLinear [&Type "Boolean"] false
$End
$Calculation_Info
   &GeometryIndex 5
   &Mult [&Type "Integer"] 1
   &Charge [&Type "Integer"] -1
   &NumOfAtoms [&Type "Integer"] 6
   &NumOfElectrons [&Type "Integer"] 0
   &NumOfBasisFuncts [&Type "Integer"] 0
   &NumOfAuxCBasisFuncts [&Type "Integer"] 0
   &NumOfAuxJBasisFuncts [&Type "Integer"] 0
   &NumOfAuxJKBasisFuncts [&Type "Integer"] 0
   &NumOfCABSBasisFuncts [&Type "Integer"] 0
$End
$Calculation_Timings
   &GeometryIndex 5
   &GSTEP [&Type "Double"]       8.4870000000000223e-03
   &XTB [&Type "Double"]       7.0222199999999979e-01
   &XTBGRAD [&Type "Double"]       1.2090000000000156e-03
   &SUM [&Type "Double"]       7.1191799999999983e-01
$End
