
$orca_hessian_file

$act_atom
  0

$act_coord
  0

$act_energy
      -12.557872

$multiplicity
  1

$hessian
18
                    0                  1                  2                  3                  4        
    0      5.0516550020E-01   2.5201300000E-05  -7.2731000000E-06  -4.2441988200E-02  -1.0116100000E-05
    1      2.5201300000E-05   5.0516133170E-01  -1.2434800000E-05  -1.3064400000E-05  -2.7571735330E-01
    2     -7.2731000000E-06  -1.2434800000E-05   2.7545469460E-01  -2.8452000000E-06  -7.3511498300E-02
    3     -4.2441988200E-02  -1.3064400000E-05  -2.8452000000E-06   4.4370546400E-02   9.3758000000E-06
    4     -1.0116100000E-05  -2.7571735330E-01  -7.3511498300E-02   9.3758000000E-06   3.0825793840E-01
    5     -2.7505000000E-06  -7.7504126500E-02  -5.7535623200E-02   2.6941000000E-06   8.4115835500E-02
    6     -2.1738766690E-01   1.0100636180E-01  -6.3715555900E-02  -1.3375218000E-03   2.0127916000E-03
    7      1.0099945470E-01  -1.0074451660E-01   3.6771874500E-02   2.6391027500E-02  -1.7731022500E-02
    8     -6.7119310000E-02   3.8749505000E-02  -5.7536860600E-02   6.1811438000E-03  -3.2764923000E-03
    9     -2.1739729900E-01  -1.0101833570E-01   6.3723688500E-02  -1.3371875000E-03  -2.0122067000E-03
   10     -1.0101427800E-01  -1.0075655920E-01   3.6778419300E-02  -2.6388027500E-02  -1.7726518000E-02
   11      6.7127996300E-02   3.8756459800E-02  -5.7540643300E-02  -6.1814343000E-03  -3.2761460000E-03
   12     -1.1171530000E-03   3.2700000000E-08  -8.8030000000E-07  -4.0145110000E-04  -7.0000000000E-09
   13      4.0000000000E-08  -1.1192372000E-03  -1.1508900000E-05   2.5100000000E-08   2.8960310000E-04
   14      2.0050000000E-07  -7.0800000000E-08   2.8025290000E-03  -4.4700000000E-08  -3.7799450000E-04
   15     -2.6821393100E-02  -1.9570000000E-07   2.8661000000E-06   1.1476022000E-03   1.6240000000E-07
   16     -3.0190000000E-07  -2.6823665500E-02  -1.4851800000E-05   6.6340000000E-07   2.6273524000E-03
   17      1.1368000000E-06   1.0667300000E-05  -1.0564409650E-01   4.8640000000E-07  -3.6737043000E-03
                    5                  6                  7                  8                  9        
    0     -2.7505000000E-06  -2.1738766690E-01   1.0099945470E-01  -6.7119310000E-02  -2.1739729900E-01
    1     -7.7504126500E-02   1.0100636180E-01  -1.0074451660E-01   3.8749505000E-02  -1.0101833570E-01
    2     -5.7535623200E-02  -6.3715555900E-02   3.6771874500E-02  -5.7536860600E-02   6.3723688500E-02
    3      2.6941000000E-06  -1.3375218000E-03   2.6391027500E-02   6.1811438000E-03  -1.3371875000E-03
    4      8.4115835500E-02   2.0127916000E-03  -1.7731022500E-02  -3.2764923000E-03  -2.0122067000E-03
    5      7.3490060500E-02   2.5435840000E-04   6.9928195000E-03   3.9981207000E-03  -2.5455520000E-04
    6      2.5435840000E-04   2.4229916610E-01  -1.1427210170E-01   7.2849711200E-02  -2.5935958600E-02
    7      6.9928195000E-03  -1.1427210170E-01   1.1033962850E-01  -4.2058170400E-02  -1.2185507400E-02
    8      3.9981207000E-03   7.2849711200E-02  -4.2058170400E-02   7.3493585000E-02   5.9275445000E-03
    9     -2.5455520000E-04  -2.5935958600E-02  -1.2185507400E-02   5.9275445000E-03   2.4230902530E-01
   10      6.9928125000E-03   1.2184798200E-02   6.8578686000E-03  -3.7151873000E-03   1.1428450010E-01
   11      3.9979223000E-03  -5.9275887000E-03  -3.7152520000E-03   3.9980857000E-03  -7.2857805600E-02
   12      3.4900000000E-07   1.1212940000E-04  -2.9651870000E-04   1.9459700000E-04   1.1213790000E-04
   13      2.2494130000E-04  -2.9562320000E-04  -2.3239030000E-04  -1.1183980000E-04   2.9560370000E-04
   14     -2.3153812000E-03  -3.2817390000E-04   1.8923110000E-04  -2.3158088000E-03   3.2803930000E-04
   15     -9.5800000000E-08   2.2498518000E-03  -6.3635440000E-04  -1.8033686500E-02   2.2492818000E-03
   16     -2.0822282200E-02  -6.3622680000E-04   1.5104323000E-03   1.0412184800E-02   6.3594600000E-04
   17     -2.1635099000E-02  -3.1327510000E-03   1.8194974000E-03  -2.1637122000E-02   3.1330884000E-03
                   10                 11                 12                 13                 14        
    0     -1.0101427800E-01   6.7127996300E-02  -1.1171530000E-03   4.0000000000E-08   2.0050000000E-07
    1     -1.0075655920E-01   3.8756459800E-02   3.2700000000E-08  -1.1192372000E-03  -7.0800000000E-08
    2      3.6778419300E-02  -5.7540643300E-02  -8.8030000000E-07  -1.1508900000E-05   2.8025290000E-03
    3     -2.6388027500E-02  -6.1814343000E-03  -4.0145110000E-04   2.5100000000E-08  -4.4700000000E-08
    4     -1.7726518000E-02  -3.2761460000E-03  -7.0000000000E-09   2.8960310000E-04  -3.7799450000E-04
    5      6.9928125000E-03   3.9979223000E-03   3.4900000000E-07   2.2494130000E-04  -2.3153812000E-03
    6      1.2184798200E-02  -5.9275887000E-03   1.1212940000E-04  -2.9562320000E-04  -3.2817390000E-04
    7      6.8578686000E-03  -3.7152520000E-03  -2.9651870000E-04  -2.3239030000E-04   1.8923110000E-04
    8     -3.7151873000E-03   3.9980857000E-03   1.9459700000E-04  -1.1183980000E-04  -2.3158088000E-03
    9      1.1428450010E-01  -7.2857805600E-02   1.1213790000E-04   2.9560370000E-04   3.2803930000E-04
   10      1.1034652010E-01  -4.2064301800E-02   2.9649790000E-04  -2.3229300000E-04   1.8919760000E-04
   11     -4.2064301800E-02   7.3492737000E-02  -1.9397930000E-04  -1.1197570000E-04  -2.3149056000E-03
   12      2.9649790000E-04  -1.9397930000E-04   5.5158110000E-04   8.9000000000E-09   2.3900000000E-08
   13     -2.3229300000E-04  -1.1197570000E-04   8.9000000000E-09   5.5149920000E-04  -1.0000000000E-08
   14      1.8919760000E-04  -2.3149056000E-03   2.3900000000E-08  -1.0000000000E-08   1.0584576900E-02
   15      6.3650930000E-04   1.8032811600E-02   7.4275560000E-04  -5.4600000000E-08  -4.5100000000E-08
   16      1.5109816000E-03   1.0411215600E-02  -1.3800000000E-08   7.4281820000E-04  -3.5340000000E-07
   17      1.8190597000E-03  -2.1633196200E-02  -1.1020000000E-07   1.0393000000E-05  -6.4410102000E-03
                   15                 16                 17        
     0     -2.6821393100E-02  -3.0190000000E-07   1.1368000000E-06
     1     -1.9570000000E-07  -2.6823665500E-02   1.0667300000E-05
     2      2.8661000000E-06  -1.4851800000E-05  -1.0564409650E-01
     3      1.1476022000E-03   6.6340000000E-07   4.8640000000E-07
     4      1.6240000000E-07   2.6273524000E-03  -3.6737043000E-03
     5     -9.5800000000E-08  -2.0822282200E-02  -2.1635099000E-02
     6      2.2498518000E-03  -6.3622680000E-04  -3.1327510000E-03
     7     -6.3635440000E-04   1.5104323000E-03   1.8194974000E-03
     8     -1.8033686500E-02   1.0412184800E-02  -2.1637122000E-02
     9      2.2492818000E-03   6.3594600000E-04   3.1330884000E-03
    10      6.3650930000E-04   1.5109816000E-03   1.8190597000E-03
    11      1.8032811600E-02   1.0411215600E-02  -2.1633196200E-02
    12      7.4275560000E-04  -1.3800000000E-08  -1.1020000000E-07
    13     -5.4600000000E-08   7.4281820000E-04   1.0393000000E-05
    14     -4.5100000000E-08  -3.5340000000E-07  -6.4410102000E-03
    15      2.0431901600E-02  -6.7000000000E-08  -1.8503000000E-06
    16     -6.7000000000E-08   2.0432080900E-02   1.4086900000E-05
    17     -1.8503000000E-06   1.4086900000E-05   1.7699052380E-01

$vibrational_frequencies
18
    0        0.0000000000000000
    1        0.0000000000000000
    2        0.0000000000000000
    3        0.0000000000000000
    4        0.0000000000000000
    5        0.0000000000000000
    6       87.9610654288304517
    7       87.9698814974672558
    8       94.1561378788803722
    9      642.7034762227899591
   10      984.5235961428543305
   11      984.5444028996431598
   12     1312.7534054088669109
   13     1438.4571596020816742
   14     1438.5648551764491003
   15     3061.0436737070726849
   16     3074.0513834168432368
   17     3074.1406296714021664

$normal_modes
18 18
                    0                  1                  2                  3                  4        
    0      0.0000000000E+00   0.0000000000E+00   0.0000000000E+00   0.0000000000E+00   0.0000000000E+00
    1      0.0000000000E+00   0.0000000000E+00   0.0000000000E+00   0.0000000000E+00   0.0000000000E+00
    2      0.0000000000E+00   0.0000000000E+00   0.0000000000E+00   0.0000000000E+00   0.0000000000E+00
    3      0.0000000000E+00   0.0000000000E+00   0.0000000000E+00   0.0000000000E+00   0.0000000000E+00
    4      0.0000000000E+00   0.0000000000E+00   0.0000000000E+00   0.0000000000E+00   0.0000000000E+00
    5      0.0000000000E+00   0.0000000000E+00   0.0000000000E+00   0.0000000000E+00   0.0000000000E+00
    6      0.0000000000E+00   0.0000000000E+00   0.0000000000E+00   0.0000000000E+00   0.0000000000E+00
    7      0.0000000000E+00   0.0000000000E+00   0.0000000000E+00   0.0000000000E+00   0.0000000000E+00
    8      0.0000000000E+00   0.0000000000E+00   0.0000000000E+00   0.0000000000E+00   0.0000000000E+00
    9      0.0000000000E+00   0.0000000000E+00   0.0000000000E+00   0.0000000000E+00   0.0000000000E+00
   10      0.0000000000E+00   0.0000000000E+00   0.0000000000E+00   0.0000000000E+00   0.0000000000E+00
   11      0.0000000000E+00   0.0000000000E+00   0.0000000000E+00   0.0000000000E+00   0.0000000000E+00
   12      0.0000000000E+00   0.0000000000E+00   0.0000000000E+00   0.0000000000E+00   0.0000000000E+00
   13      0.0000000000E+00   0.0000000000E+00   0.0000000000E+00   0.0000000000E+00   0.0000000000E+00
   14      0.0000000000E+00   0.0000000000E+00   0.0000000000E+00   0.0000000000E+00   0.0000000000E+00
   15      0.0000000000E+00   0.0000000000E+00   0.0000000000E+00   0.0000000000E+00   0.0000000000E+00
   16      0.0000000000E+00   0.0000000000E+00   0.0000000000E+00   0.0000000000E+00   0.0000000000E+00
   17      0.0000000000E+00   0.0000000000E+00   0.0000000000E+00   0.0000000000E+00   0.0000000000E+00
                    5                  6                  7                  8                  9        
    0      0.0000000000E+00  -2.7456069674E-02   3.9274044616E-01  -4.0888616831E-04  -2.0902397962E-05
    1      0.0000000000E+00   3.9274278922E-01   2.7455982406E-02  -3.5804229912E-04   1.1473030448E-04
    2      0.0000000000E+00   4.9553646809E-06   1.0184827902E-04   4.4560531772E-01   6.3107731001E-01
    3      0.0000000000E+00  -3.3889113622E-02   4.8253564827E-01  -5.0282988393E-04   1.4504529078E-06
    4      0.0000000000E+00   4.8891663445E-01   3.4178246182E-02   4.5738424144E-03   4.0726063290E-02
    5      0.0000000000E+00  -2.8398360298E-01  -1.9759556007E-02   4.2076631453E-01   4.2200278260E-01
    6      0.0000000000E+00  -3.6755511507E-02   4.8710383107E-01   3.8421415782E-03   3.5379979178E-02
    7      0.0000000000E+00   4.8442954216E-01   3.1076068016E-02  -2.9512357503E-03  -2.0167045970E-02
    8      0.0000000000E+00   1.5922151132E-01  -2.3592030158E-01   4.2062667066E-01   4.2180553321E-01
    9      0.0000000000E+00  -3.1224375955E-02   4.8749323302E-01  -4.8578074255E-03  -3.5390155228E-02
   10      0.0000000000E+00   4.8377615807E-01   3.6609677663E-02  -2.9565863503E-03  -2.0174685068E-02
   11      0.0000000000E+00   1.2483335665E-01   2.5597901178E-01   4.2011657349E-01   4.2189550168E-01
   12      0.0000000000E+00   2.1287792288E-03  -3.0450809840E-02   2.7238503736E-05  -2.4439470060E-07
   13      0.0000000000E+00  -3.0450913864E-02  -2.1288024994E-03   2.3822997614E-05  -7.4972110649E-06
   14      0.0000000000E+00  -4.6681672800E-05  -6.1334090789E-05  -2.7810861137E-01   3.2738124459E-04
   15      0.0000000000E+00   7.4004836140E-03  -1.0585777132E-01   1.2031193457E-04   7.8803272121E-06
   16      0.0000000000E+00  -1.0585803562E-01  -7.4002591817E-03   1.0553803822E-04  -3.2900048879E-05
   17      0.0000000000E+00   1.0150090701E-04   9.5217520495E-05   4.3993769052E-01  -2.5052482949E-01
                   10                 11                 12                 13                 14        
    0     -4.3136907260E-02  -1.0526776224E-01  -1.0642042354E-05   1.5713221941E-02   6.9549825453E-02
    1     -1.0527257367E-01   4.3144682747E-02  -8.1822245327E-06  -6.9531478523E-02   1.5713613565E-02
    2      9.8280729466E-06  -1.9643163202E-05   1.0067678071E-01  -2.7325876040E-05   1.2255488079E-05
    3      9.1753704619E-02   2.2391830559E-01   7.0065320042E-05  -1.6492510936E-01  -7.2990721585E-01
    4      1.4494185460E-01  -5.9418651648E-02   1.8783327701E-01  -1.2040287215E-01   2.7237920693E-02
    5     -7.0137895681E-01   2.8744559284E-01  -5.4277373129E-01   2.8958903498E-01  -6.5444106894E-02
    6      1.0169446884E-01   1.5066877653E-01   1.6274849140E-01   3.4730605791E-01  -1.7539067953E-01
    7      2.1821220283E-01  -4.9522025748E-02  -9.3841242405E-02   4.3414050912E-01  -4.8509195741E-01
    8      1.0178106647E-01  -7.5113928541E-01  -5.4283405294E-01  -2.0142574113E-01  -2.1803628360E-01
    9      3.3276691277E-02   1.7876478719E-01  -1.6271659203E-01  -3.8897613258E-01  -9.0303377922E-03
   10      1.9025203003E-01  -1.1789229363E-01  -9.3903468549E-02   6.0051780928E-01   2.5126265234E-01
   11      5.9967189746E-01   4.6375944234E-01  -5.4278075791E-01  -8.8079292935E-02   2.8335575136E-01
   12     -2.4714449627E-05  -6.0320425721E-05  -1.1879725170E-07   1.1445881054E-05   5.0716189866E-05
   13     -6.0316509087E-05   2.4665730594E-05   3.4827425377E-08  -5.1033916789E-05   1.1531057994E-05
   14      5.6195921860E-08   8.6607963676E-08   7.2519291012E-04  -8.8281621277E-08   1.0340907522E-07
   15      8.2236598868E-03   2.0066341635E-02   9.7405175478E-07   5.2469215234E-04   2.3193434113E-03
   16      2.0066421327E-02  -8.2231106410E-03   1.7542680490E-07  -2.3227735689E-03   5.2425948115E-04
   17     -5.5604381569E-06   4.5902544736E-06   1.0556057989E-02   7.0682841199E-06  -8.4130539186E-07
                   15                 16                 17        
     0      2.6210780840E-04  -5.0574099770E-02  -7.5913151510E-02
     1      4.7180158920E-04   7.5914509439E-02  -5.0577180082E-02
     2      3.7703216577E-02  -1.1591345923E-04   2.1762201219E-04
     3      1.1071614234E-04  -2.3747180125E-02  -3.5587065162E-02
     4     -5.5722202690E-01  -6.4013572940E-01   4.2443235124E-01
     5     -1.6477725745E-01  -2.1118758489E-01   1.4009182248E-01
     6     -4.7899211779E-01   6.0939139358E-01   2.7431822580E-01
     7      2.7680932042E-01  -3.2992192869E-01  -2.0264179984E-01
     8     -1.6344943998E-01   2.2842038658E-01   1.1188170419E-01
     9      4.7574312887E-01   2.0068219590E-02   6.7045926212E-01
    10      2.7480467211E-01   6.0875218543E-02   3.8394060303E-01
    11     -1.6219581475E-01  -1.5829363469E-02  -2.5472801753E-01
    12     -5.0874690606E-08   1.0495991475E-05   1.5753344742E-05
    13     -3.0831874201E-07  -1.5852273241E-05   1.0575446464E-05
    14      6.5775092565E-05  -2.1155062604E-07   3.6964614765E-07
    15      5.4345078834E-07  -1.1145036801E-04  -1.6725737167E-04
    16      3.0249715815E-07   1.6679329880E-04  -1.1111815297E-04
    17      1.0221173970E-03  -1.5587593895E-07   3.7552270673E-06

#
# The atoms: label  mass x y z (in bohrs)
#
$atoms
6
 C     12.01100     -0.000170336162    -0.000056929003    -2.729247334362
 H      1.00800     -0.000099016409     1.941828473215    -2.081049335097
 H      1.00800      1.681573906793    -0.970965589000    -2.081019050768
 H      1.00800     -1.681859940085    -0.971013709408    -2.081021793603
 Br    79.90000      0.000057694869     0.000051509170     3.192265326046
 Cl    35.45300     -0.000061370893    -0.000092510553    -6.092234082225

$actual_temperature
  0.000000

$frequency_scale_factor
  1.000000


$end

