*************************************************
******************* ORCA 6.1.0 ******************
*************************************************
$Calculation_Status
   &GeometryIndex 0
   &version [&Type "String"] "6.1.0"
   &progName [&Type "String"] "orca"
   &Status [&Type "String"] "NORMAL TERMINATION"
$End
$Geometry
   &GeometryIndex 1
   &NAtoms [&Type "Integer"] 6
   &NCorelessECP [&Type "Integer"] 0
   &NGhostAtoms [&Type "Integer"] 0
   &CartesianCoordinates [&Type "Coordinates", &Dim(6,4), &Units "Bohr"] 
              C      0.000300466455    0.000531013044   -0.749775299799
              H     -0.000011338357    1.941652028629   -0.103177157186
              H      1.681775000966   -0.970992310214   -0.103073222249
              H     -1.682050900982   -0.971137819127   -0.102967397585
              Br     0.000003779452    0.000003779452    5.035177173559
              Cl    -0.000015117809   -0.000022676714   -4.116753264938
$End
$Single_Point_Data
   &GeometryIndex 1
   &FinalEnergy [&Type "Double"]      -1.2557765381239999e+01  "Final single point energy"
   &Converged [&Type "Boolean"] true
$End
$Geometry
   &GeometryIndex 2
   &NAtoms [&Type "Integer"] 6
   &NCorelessECP [&Type "Integer"] 0
   &NGhostAtoms [&Type "Integer"] 0
   &CartesianCoordinates [&Type "Coordinates", &Dim(6,4), &Units "Bohr"] 
              C      0.000141327746    0.000253073348   -0.757585917864
              H     -0.000100075167    1.941626975119   -0.110316823999
              H      1.681313663861   -0.970932525514   -0.110377742684
              H     -1.681285868321   -0.970800231714   -0.110435734479
              Br    -0.000001845191   -0.000004931985    5.073554607114
              Cl    -0.000065313203   -0.000108344184   -4.125407556286
$End
$Single_Point_Data
   &GeometryIndex 2
   &FinalEnergy [&Type "Double"]      -1.2557826966900000e+01  "Final single point energy"
   &Converged [&Type "Boolean"] true
$End
$Geometry
   &GeometryIndex 3
   &NAtoms [&Type "Integer"] 6
   &NCorelessECP [&Type "Integer"] 0
   &NGhostAtoms [&Type "Integer"] 0
   &CartesianCoordinates [&Type "Coordinates", &Dim(6,4), &Units "Bohr"] 
              C     -0.000033982611   -0.000053313595   -0.770083790790
              H     -0.000042146773    1.941867095710   -0.122370442797
              H      1.681602628921   -0.970966591535   -0.122411263475
              H     -1.681567947056   -0.970897211686   -0.122449952875
              Br     0.000030484822    0.000053239015    5.132844068343
              Cl     0.000012852423    0.000030797162   -4.136097786604
$End
$Single_Point_Data
   &GeometryIndex 3
   &FinalEnergy [&Type "Double"]      -1.2557869329680001e+01  "Final single point energy"
   &Converged [&Type "Boolean"] true
$End
$Geometry
   &GeometryIndex 4
   &NAtoms [&Type "Integer"] 6
   &NCorelessECP [&Type "Integer"] 0
   &NGhostAtoms [&Type "Integer"] 0
   &CartesianCoordinates [&Type "Coordinates", &Dim(6,4), &Units "Bohr"] 
              C     -0.000038625617   -0.000061640073   -0.773044365915
              H     -0.000001562544    1.941925810580   -0.125289777869
              H      1.681770946224   -0.970970057998   -0.125293516154
              H     -1.681792594509   -0.970980062982   -0.125295223687
              Br     0.000032332451    0.000056657496    5.145488286669
              Cl     0.000031393722    0.000063308048   -4.137134571241
$End
$Single_Point_Data
   &GeometryIndex 4
   &FinalEnergy [&Type "Double"]      -1.2557871440370000e+01  "Final single point energy"
   &Converged [&Type "Boolean"] true
$End
$Geometry
   &GeometryIndex 5
   &NAtoms [&Type "Integer"] 6
   &NCorelessECP [&Type "Integer"] 0
   &NGhostAtoms [&Type "Integer"] 0
   &CartesianCoordinates [&Type "Coordinates", &Dim(6,4), &Units "Bohr"] 
              C     -0.000022376167   -0.000033229020   -0.773810913934
              H      0.000004778128    1.941933308914   -0.125871541680
              H      1.681789570411   -0.970965974536   -0.125872755541
              H     -1.681813491747   -0.970984613451   -0.125871994427
              Br     0.000024251619    0.000042558016    5.147717892743
              Cl     0.000019157482    0.000041965148   -4.136859855359
$End
$Single_Point_Data
   &GeometryIndex 5
   &FinalEnergy [&Type "Double"]      -1.2557871636460000e+01  "Final single point energy"
   &Converged [&Type "Boolean"] true
$End
$Hessian
   &GeometryIndex 5
   &HESSIAN [&Type "ArrayOfDoubles", &Dim (18,18)] "The Hessian"
                                                         0                           1                           2                           3                           4                           5                           6                           7

0                                      5.0523924430000000e-01         9.2422999999999996e-06        -3.0757000000000000e-06        -4.2443308300000003e-02        -4.7516999999999998e-06        -1.3458999999999999e-06        -2.1742585100000000e-01         1.0101851140000000e-01
1                                      9.2422999999999996e-06         5.0520252349999994e-01        -1.4065399999999999e-05        -5.8721000000000001e-06        -2.7574349710000001e-01        -7.7476444399999997e-02         1.0102615199999999e-01        -1.0075580050000001e-01
2                                     -3.0757000000000000e-06        -1.4065399999999999e-05         2.7533508990000000e-01        -1.3508000000000001e-06        -7.3490696100000003e-02        -5.7509316300000002e-02        -6.3701691699999993e-02         3.6763294199999998e-02
3                                     -4.2443308300000003e-02        -5.8721000000000001e-06        -1.3508000000000001e-06         4.4368408300000002e-02         4.5919000000000000e-06         1.3557000000000000e-06        -1.3363386000000001e-03         2.6388044100000001e-02
4                                     -4.7516999999999998e-06        -2.7574349710000001e-01        -7.3490696100000003e-02         4.5919000000000000e-06         3.0827665479999999e-01         8.4094762000000003e-02         2.0106152000000000e-03        -1.7725855200000001e-02
5                                     -1.3458999999999999e-06        -7.7476444399999997e-02        -5.7509316300000002e-02         1.3557000000000000e-06         8.4094762000000003e-02         7.3475342999999999e-02         2.5506429999999999e-04         6.9909708000000003e-03
6                                     -2.1742585100000000e-01         1.0102615199999999e-01        -6.3701691699999993e-02        -1.3363386000000001e-03         2.0106152000000000e-03         2.5506429999999999e-04         2.4232860689999999e-01        -1.1429062860000000e-01
7                                      1.0101851140000000e-01        -1.0075580050000001e-01         3.6763294199999998e-02         2.6388044100000001e-02        -1.7725855200000001e-02         6.9909708000000003e-03        -1.1429062860000000e-01         1.1034477910000000e-01
8                                     -6.7100065000000000e-02         3.8737822300000002e-02        -5.7510580499999998e-02         6.1806702000000002e-03        -3.2754218000000000e-03         3.9962110000000004e-03         7.2834931800000002e-02        -4.2049297300000003e-02
9                                     -2.1742967499999999e-01        -1.0102944329999999e-01         6.3705631700000001e-02        -1.3363971000000001e-03        -2.0105188000000000e-03        -2.5506580000000001e-04        -2.5928261399999999e-02        -1.2184560600000000e-02
10                                    -1.0102289260000000e-01        -1.0075890190000000e-01         3.6765768999999997e-02        -2.6386986800000001e-02        -1.7723949100000001e-02         6.9910869000000004e-03         1.2184486300000000e-02         6.8579384000000002e-03
11                                     6.7104245000000007e-02         3.8740442000000000e-02        -5.7512587800000001e-02        -6.1807737000000003e-03        -3.2752421999999999e-03         3.9961705999999996e-03        -5.9256830000000002e-03        -3.7151230999999999e-03
12                                    -1.1211109999999999e-03         5.4999999999999996e-09        -3.8449999999999998e-07        -3.9983340000000002e-04         4.5999999999999998e-09         1.4370000000000000e-07         1.1375540000000000e-04        -2.9648579999999998e-04
13                                     7.6999999999999995e-09        -1.1231615000000001e-03        -1.2333299999999999e-05         1.7100000000000001e-08         2.9123259999999998e-04         2.2588860000000000e-04        -2.9558770000000001e-04        -2.3075330000000001e-04
14                                     3.5500000000000000e-08        -1.3619999999999999e-07         2.8091466000000000e-03        -2.0599999999999999e-08        -3.7828519999999997e-04        -2.3151748000000000e-03        -3.2840840000000000e-04         1.8938129999999999e-04
15                                    -2.6819299000000001e-02        -8.4400000000000001e-08         8.7090000000000000e-07         1.1474691000000000e-03         5.8799999999999997e-08        -1.5200000000000001e-07         2.2480886999999999e-03        -6.3488059999999998e-04
16                                    -1.1710000000000000e-07        -2.6821162600000000e-02        -1.1968300000000000e-05         2.0580000000000000e-07         2.6254140000000000e-03        -2.0826263899999999e-02        -6.3503720000000004e-04         1.5096915000000000e-03
17                                     2.0610000000000000e-07         1.2381700000000000e-05        -1.0561175189999999e-01         1.1920000000000000e-07        -3.6751167000000002e-03        -2.1643233599999999e-02        -3.1342130999999999e-03         1.8207741000000001e-03
                                                         8                           9                          10                          11                          12                          13                          14                          15

0                                     -6.7100065000000000e-02        -2.1742967499999999e-01        -1.0102289260000000e-01         6.7104245000000007e-02        -1.1211109999999999e-03         7.6999999999999995e-09         3.5500000000000000e-08        -2.6819299000000001e-02
1                                      3.8737822300000002e-02        -1.0102944329999999e-01        -1.0075890190000000e-01         3.8740442000000000e-02         5.4999999999999996e-09        -1.1231615000000001e-03        -1.3619999999999999e-07        -8.4400000000000001e-08
2                                     -5.7510580499999998e-02         6.3705631700000001e-02         3.6765768999999997e-02        -5.7512587800000001e-02        -3.8449999999999998e-07        -1.2333299999999999e-05         2.8091466000000000e-03         8.7090000000000000e-07
3                                      6.1806702000000002e-03        -1.3363971000000001e-03        -2.6386986800000001e-02        -6.1807737000000003e-03        -3.9983340000000002e-04         1.7100000000000001e-08        -2.0599999999999999e-08         1.1474691000000000e-03
4                                     -3.2754218000000000e-03        -2.0105188000000000e-03        -1.7723949100000001e-02        -3.2752421999999999e-03         4.5999999999999998e-09         2.9123259999999998e-04        -3.7828519999999997e-04         5.8799999999999997e-08
5                                      3.9962110000000004e-03        -2.5506580000000001e-04         6.9910869000000004e-03         3.9961705999999996e-03         1.4370000000000000e-07         2.2588860000000000e-04        -2.3151748000000000e-03        -1.5200000000000001e-07
6                                      7.2834931800000002e-02        -2.5928261399999999e-02         1.2184486300000000e-02        -5.9256830000000002e-03         1.1375540000000000e-04        -2.9558770000000001e-04        -3.2840840000000000e-04         2.2480886999999999e-03
7                                     -4.2049297300000003e-02        -1.2184560600000000e-02         6.8579384000000002e-03        -3.7151230999999999e-03        -2.9648579999999998e-04        -2.3075330000000001e-04         1.8938129999999999e-04        -6.3488059999999998e-04
8                                      7.3474479699999998e-02         5.9257768999999997e-03        -3.7151907000000000e-03         3.9960320000000001e-03         1.9507629999999999e-04        -1.1194270000000000e-04        -2.3150527000000000e-03        -1.8036390300000000e-02
9                                      5.9257768999999997e-03         2.4233260270000001e-01         1.1429396610000001e-01        -7.2838916000000004e-02         1.1373040000000000e-04         2.9557340000000001e-04         3.2836950000000002e-04         2.2480005000000002e-03
10                                    -3.7151907000000000e-03         1.1429396610000001e-01         1.1034576359999999e-01        -4.2051604399999998e-02         2.9647350000000001e-04        -2.3074120000000001e-04         1.8937560000000000e-04         6.3495339999999998e-04
11                                     3.9960320000000001e-03        -7.2838916000000004e-02        -4.2051604399999998e-02         7.3474825499999993e-02        -1.9484919999999999e-04        -1.1200240000000000e-04        -2.3148342000000001e-03         1.8035977000000002e-02
12                                     1.9507629999999999e-04         1.1373040000000000e-04         2.9647350000000001e-04        -1.9484919999999999e-04         5.5117329999999996e-04         7.2000000000000000e-09         1.5200000000000000e-08         7.4228540000000000e-04
13                                    -1.1194270000000000e-04         2.9557340000000001e-04        -2.3074120000000001e-04        -1.1200240000000000e-04         7.2000000000000000e-09         5.5105070000000000e-04        -1.7440000000000000e-07        -1.7700000000000000e-08
14                                    -2.3150527000000000e-03         3.2836950000000002e-04         1.8937560000000000e-04        -2.3148342000000001e-03         1.5200000000000000e-08        -1.7440000000000000e-07         1.0578548900000000e-02         8.9000000000000003e-09
15                                    -1.8036390300000000e-02         2.2480005000000002e-03         6.3495339999999998e-04         1.8035977000000002e-02         7.4228540000000000e-04        -1.7700000000000000e-08         8.9000000000000003e-09         2.0433455300000000e-02
16                                     1.0414030300000000e-02         6.3498310000000002e-04         1.5098901000000001e-03         1.0413530000000001e-02        -5.1000000000000002e-09         7.4237260000000003e-04        -1.6110000000000001e-07        -2.9499999999999999e-08
17                                    -2.1641089499999999e-02         3.1342038000000002e-03         1.8205636000000001e-03        -2.1639605999999999e-02        -1.5000000000000000e-09         1.0564200000000000e-05        -6.4426338000000000e-03        -3.1450000000000002e-07
                                                        16                          17

0                                     -1.1710000000000000e-07         2.0610000000000000e-07
1                                     -2.6821162600000000e-02         1.2381700000000000e-05
2                                     -1.1968300000000000e-05        -1.0561175189999999e-01
3                                      2.0580000000000000e-07         1.1920000000000000e-07
4                                      2.6254140000000000e-03        -3.6751167000000002e-03
5                                     -2.0826263899999999e-02        -2.1643233599999999e-02
6                                     -6.3503720000000004e-04        -3.1342130999999999e-03
7                                      1.5096915000000000e-03         1.8207741000000001e-03
8                                      1.0414030300000000e-02        -2.1641089499999999e-02
9                                      6.3498310000000002e-04         3.1342038000000002e-03
10                                     1.5098901000000001e-03         1.8205636000000001e-03
11                                     1.0413530000000001e-02        -2.1639605999999999e-02
12                                    -5.1000000000000002e-09        -1.5000000000000000e-09
13                                     7.4237260000000003e-04         1.0564200000000000e-05
14                                    -1.6110000000000001e-07        -6.4426338000000000e-03
15                                    -2.9499999999999999e-08        -3.1450000000000002e-07
16                                     2.0433794400000000e-02         1.0832999999999999e-05
17                                     1.0832999999999999e-05         1.7697831480000001e-01
   &MODES [&Type "ArrayOfDoubles", &Dim (18,18)] "The modes of vibrations"
                                                         0                           1                           2                           3                           4                           5                           6                           7

0                                      0.0000000000000000e+00         0.0000000000000000e+00         0.0000000000000000e+00         0.0000000000000000e+00         0.0000000000000000e+00         0.0000000000000000e+00        -1.0122504022850812e-02         2.2072496384997728e-01
1                                      0.0000000000000000e+00         0.0000000000000000e+00         0.0000000000000000e+00         0.0000000000000000e+00         0.0000000000000000e+00         0.0000000000000000e+00         2.2072545069692437e-01         1.0122527792241541e-02
2                                      0.0000000000000000e+00         0.0000000000000000e+00         0.0000000000000000e+00         0.0000000000000000e+00         0.0000000000000000e+00         0.0000000000000000e+00         1.2807629581563306e-05         1.0458725383536795e-05
3                                      0.0000000000000000e+00         0.0000000000000000e+00         0.0000000000000000e+00         0.0000000000000000e+00         0.0000000000000000e+00         0.0000000000000000e+00        -1.2462226431152112e-02         2.7122113992571417e-01
4                                      0.0000000000000000e+00         0.0000000000000000e+00         0.0000000000000000e+00         0.0000000000000000e+00         0.0000000000000000e+00         0.0000000000000000e+00         2.7475929485727058e-01         1.2600163490773749e-02
5                                      0.0000000000000000e+00         0.0000000000000000e+00         0.0000000000000000e+00         0.0000000000000000e+00         0.0000000000000000e+00         0.0000000000000000e+00        -1.5959553286878650e-01        -7.3108425643776953e-03
6                                      0.0000000000000000e+00         0.0000000000000000e+00         0.0000000000000000e+00         0.0000000000000000e+00         0.0000000000000000e+00         0.0000000000000000e+00        -1.4095623683584501e-02         2.7376354904728928e-01
7                                      0.0000000000000000e+00         0.0000000000000000e+00         0.0000000000000000e+00         0.0000000000000000e+00         0.0000000000000000e+00         0.0000000000000000e+00         2.7215479605359821e-01         1.0898881463677443e-02
8                                      0.0000000000000000e+00         0.0000000000000000e+00         0.0000000000000000e+00         0.0000000000000000e+00         0.0000000000000000e+00         0.0000000000000000e+00         8.6174701638430828e-02        -1.3456056710799486e-01
9                                      0.0000000000000000e+00         0.0000000000000000e+00         0.0000000000000000e+00         0.0000000000000000e+00         0.0000000000000000e+00         0.0000000000000000e+00        -1.0997178467333453e-02         2.7390708169785838e-01
10                                     0.0000000000000000e+00         0.0000000000000000e+00         0.0000000000000000e+00         0.0000000000000000e+00         0.0000000000000000e+00         0.0000000000000000e+00         2.7196965970257631e-01         1.4054984790816636e-02
11                                     0.0000000000000000e+00         0.0000000000000000e+00         0.0000000000000000e+00         0.0000000000000000e+00         0.0000000000000000e+00         0.0000000000000000e+00         7.3494978006008529e-02         1.4190376403636720e-01
12                                     0.0000000000000000e+00         0.0000000000000000e+00         0.0000000000000000e+00         0.0000000000000000e+00         0.0000000000000000e+00         0.0000000000000000e+00         7.8482748997424009e-04        -1.7113433201274050e-02
13                                     0.0000000000000000e+00         0.0000000000000000e+00         0.0000000000000000e+00         0.0000000000000000e+00         0.0000000000000000e+00         0.0000000000000000e+00        -1.7113417127304374e-02        -7.8483385029613155e-04
14                                     0.0000000000000000e+00         0.0000000000000000e+00         0.0000000000000000e+00         0.0000000000000000e+00         0.0000000000000000e+00         0.0000000000000000e+00        -2.8978987166190337e-05        -6.7173810513295791e-06
15                                     0.0000000000000000e+00         0.0000000000000000e+00         0.0000000000000000e+00         0.0000000000000000e+00         0.0000000000000000e+00         0.0000000000000000e+00         2.7283769548485607e-03        -5.9493050880221950e-02
16                                     0.0000000000000000e+00         0.0000000000000000e+00         0.0000000000000000e+00         0.0000000000000000e+00         0.0000000000000000e+00         0.0000000000000000e+00        -5.9493024016796694e-02        -2.7283422744812081e-03
17                                     0.0000000000000000e+00         0.0000000000000000e+00         0.0000000000000000e+00         0.0000000000000000e+00         0.0000000000000000e+00         0.0000000000000000e+00         5.8862400525101576e-05         1.0675705765743126e-05
                                                         8                           9                          10                          11                          12                          13                          14                          15

0                                     -1.7005288949345849e-05        -2.2312893638404818e-06        -5.1362146020568343e-02        -9.1940786252943191e-02        -3.5613726490206004e-06         4.6583329001028267e-03         6.8969718338432753e-02         8.8317702199082045e-05
1                                     -9.2705940716454564e-05         3.3955084927733719e-05        -9.1948705538104719e-02         5.1368782796917548e-02        -1.5603380855543283e-05        -6.8950588998898929e-02         4.6585108394629308e-03         6.2695001641883529e-04
2                                      1.1154231433102231e-01         2.2965160051408634e-01         2.0986845704246397e-06        -6.6815399278591497e-06         9.4965200404042605e-02        -3.3002002513949071e-05         4.2761338285960138e-06         3.7250282770570305e-02
3                                     -2.0876677490277534e-05         7.9177163463080195e-07         1.0924234316865848e-01         1.9555366036783339e-01         2.3827064835623189e-05        -4.8893878082299849e-02        -7.2377090379576414e-01         3.6398451780924363e-05
4                                      1.1416224395349095e-03         1.4825992667998849e-02         1.2654639548841118e-01        -7.0703586822380871e-02         1.7716352839352445e-01        -1.1938322257995110e-01         8.0786162073896873e-03        -5.5210554491977248e-01
5                                      1.0532240397999786e-01         1.5348970527380359e-01        -6.1266582327255747e-01         3.4227118368191273e-01        -5.1214656124471558e-01         2.8717698424780885e-01        -1.9401652363518485e-02        -1.6325950102798248e-01
6                                      1.0678380758013637e-03         1.2885489132232510e-02         1.1024763846732190e-01         1.2711171810082109e-01         1.5350797863091112e-01         3.5884464792660431e-01        -1.1611052049935831e-01        -4.7175779516115779e-01
7                                     -7.4262704545386348e-04        -7.3459804145767403e-03         1.9506700527320564e-01        -6.9772918135238421e-02        -8.8486968254776976e-02         4.8833548776770125e-01        -3.9972972365427217e-01         2.7265701360720784e-01
8                                      1.0523284435817977e-01         1.5344679661553540e-01         9.9387722363078416e-03        -7.0179028264338028e-01        -5.1216162140673593e-01        -1.6030026524290972e-01        -2.3888771612246754e-01        -1.6086072733932089e-01
9                                     -1.1100259981040191e-03        -1.2885792323000522e-02         5.0442721015463321e-02         1.6054619405841658e-01        -1.5349915475962292e-01        -3.7119751146785779e-01        -6.6793021743332667e-02         4.7066385952204903e-01
10                                    -7.4285419704582891e-04        -7.3470792390410858e-03         1.6169941687240530e-01        -1.2954419108914766e-01        -8.8509323908173940e-02         5.3765939220825454e-01         3.3040633835436345e-01         2.7198311130446268e-01
11                                     1.0521194547641116e-01         1.5345960965963967e-01         6.0283165246170800e-01         3.5949439061005051e-01        -5.1214217938740048e-01        -1.2669588762555115e-01         2.5824125040180296e-01        -1.6044171331353679e-01
12                                     1.1932585247890537e-06        -8.0777116368865173e-08        -2.9349889940699068e-05        -5.2554319229903923e-05        -3.8469631575970166e-08         3.3640819727300589e-06         4.9955213392599271e-05        -1.1558870095739281e-08
13                                     7.0251319568943365e-06        -2.7865123653999954e-06        -5.2514710250389757e-05         2.9305550085058424e-05        -6.3885415148866096e-08        -5.0284323829573862e-05         3.3943519200849626e-06        -3.4645386973680129e-07
14                                    -6.9611342818948568e-02         1.2097589559625868e-04         1.7409054184098218e-08         5.9730890473853410e-09         6.8434497826256300e-04        -1.4082308592620833e-07         3.3993495477937673e-08         6.5016603757123468e-05
15                                     4.8649842335250222e-06         9.2408593443036133e-07         9.7922214703030312e-03         1.7528068391483995e-02         3.6491204800285733e-07         1.5560570173992332e-04         2.2999783683687819e-03         1.7310572966839305e-07
16                                     2.5351667954136248e-05        -9.0031496789440964e-06         1.7527783470851217e-02        -9.7918681637782987e-03         6.7533161391790295e-07        -2.3039322120952917e-03         1.5542111623995526e-04         6.3544369028899628e-07
17                                     1.1011531386452422e-01        -9.1165504422029309e-02        -3.7242693331035914e-06         2.9526625246670813e-06         9.9691360144142406e-03         6.3566069550611272e-06        -1.5721363064913410e-07         1.0106468907221564e-03
                                                        16                          17

0                                      1.4282728139465744e-02        -8.5814851693320426e-02
1                                     -8.5814132417205355e-02        -1.4283134119886735e-02
2                                      2.6518083585105998e-04         8.2822827801428480e-05
3                                      6.7112657968681436e-03        -4.0235535141694881e-02
4                                      7.2163406197251390e-01         1.1955132742623409e-01
5                                      2.3806018125647183e-01         3.9457211600431412e-02
6                                     -4.2366636590129414e-01         4.7780227649650281e-01
7                                      2.0823549288691554e-01        -3.0577113361426600e-01
8                                     -1.5516861215313302e-01         1.8687400698723255e-01
9                                      2.4589523730887658e-01         5.9021002943031187e-01
10                                     9.7871833665406804e-02         3.5727935387113091e-01
11                                    -8.6217739264196708e-02        -2.2738584109161761e-01
12                                    -2.9767484825760367e-06         1.7884379711379350e-05
13                                     1.8000533649236868e-05         3.0070336316587116e-06
14                                     4.6396070329578850e-07         1.4107388579766230e-07
15                                     3.1487778708392878e-05        -1.8914515561076401e-04
16                                    -1.8864462269919141e-04        -3.1409531993727408e-05
17                                     3.6843720572129195e-06         1.6078384279779616e-06
$End
$THERMOCHEMISTRY_Energies
   &GeometryIndex 5
   &temperature [&Type "Double"]       2.9814999999999998e+02
   &pressure [&Type "Double"]       1.0000000000000000e+00
   &totalMass [&Type "Double"]       1.3038800000000001e+02
   &spinDegeneracy [&Type "Integer"] 1
   &elEnergy [&Type "Double"]      -1.2557871636460000e+01
   &transEnergy [&Type "Double"]       1.4162714244859817e-03
   &rotEnergy [&Type "Double"]       1.4162714244859817e-03
   &vibEnergy [&Type "Double"]       2.5014708648958329e-03
   &numOfFreqs [&Type "Integer"] 18
   &freqScalingFactor [&Type "Double"]       1.0000000000000000e+00
   &FREQ [&Type "ArrayOfDoubles", &Units "cm^-1", &Dim (18,1)] 
                                                         0

0                                      0.0000000000000000e+00
1                                      0.0000000000000000e+00
2                                      0.0000000000000000e+00
3                                      0.0000000000000000e+00
4                                      0.0000000000000000e+00
5                                      0.0000000000000000e+00
6                                      8.7927117307990500e+01
7                                      8.7939055061651118e+01
8                                      9.4128381907398534e+01
9                                      6.4264466242702611e+02
10                                     9.8460378953423788e+02
11                                     9.8461049909824635e+02
12                                     1.3126347925451616e+03
13                                     1.4383819843547092e+03
14                                     1.4385106667527270e+03
15                                     3.0610567633928813e+03
16                                     3.0741299061645227e+03
17                                     3.0742201714498851e+03
   &zpe [&Type "Double"]       3.7090363726538560e-02
   &innerEnergyU [&Type "Double"]      -1.2515447259019595e+01
   &enthalpyH [&Type "Double"]      -1.2514503049977336e+01
   &qEl [&Type "Double"]       0.0000000000000000e+00
   &qRot [&Type "Double"]       1.1102113735488644e-02
   &qVib [&Type "Double"]       4.9167121539019946e-03
   &qTrans [&Type "Double"]       1.9247041860113716e-02
   &entropyS [&Type "Double"]       3.5265867749504354e-02
   &freeEnergyG [&Type "Double"]      -1.2549768917726841e+01
   &isLinear [&Type "Boolean"] false
$End
$Calculation_Info
   &GeometryIndex 5
   &Mult [&Type "Integer"] 1
   &Charge [&Type "Integer"] -1
   &NumOfAtoms [&Type "Integer"] 6
   &NumOfElectrons [&Type "Integer"] 0
   &NumOfBasisFuncts [&Type "Integer"] 0
   &NumOfAuxCBasisFuncts [&Type "Integer"] 0
   &NumOfAuxJBasisFuncts [&Type "Integer"] 0
   &NumOfAuxJKBasisFuncts [&Type "Integer"] 0
   &NumOfCABSBasisFuncts [&Type "Integer"] 0
$End
$Calculation_Timings
   &GeometryIndex 5
   &GSTEP [&Type "Double"]       1.1402000000000245e-02
   &XTB [&Type "Double"]       5.2595900000000040e-01
   &XTBGRAD [&Type "Double"]       3.9319999999998245e-03
   &SUM [&Type "Double"]       5.4129300000000047e-01
$End
