*************************************************
******************* ORCA 6.1.0 ******************
*************************************************
$Calculation_Status
   &GeometryIndex 0
   &version [&Type "String"] "6.1.0"
   &progName [&Type "String"] "orca"
   &Status [&Type "String"] "NORMAL TERMINATION"
$End
$Geometry
   &GeometryIndex 1
   &NAtoms [&Type "Integer"] 6
   &NCorelessECP [&Type "Integer"] 0
   &NGhostAtoms [&Type "Integer"] 0
   &CartesianCoordinates [&Type "Coordinates", &Dim(6,4), &Units "Bohr"] 
              C      0.000710537026   -0.000103934937   -0.751540304008
              H     -0.000151178091    1.941740845757   -0.103231959244
              H      1.681192965317   -0.970827904041   -0.103343453086
              H     -1.682177512633   -0.971219077350   -0.103077001701
              Br     0.000017007535    0.000013228083    5.035265990688
              Cl    -0.000139839734   -0.000128501377   -4.115335970338
$End
$Single_Point_Data
   &GeometryIndex 1
   &FinalEnergy [&Type "Double"]      -1.2557765040320000e+01  "Final single point energy"
   &Converged [&Type "Boolean"] true
$End
$Geometry
   &GeometryIndex 2
   &NAtoms [&Type "Integer"] 6
   &NCorelessECP [&Type "Integer"] 0
   &NGhostAtoms [&Type "Integer"] 0
   &CartesianCoordinates [&Type "Coordinates", &Dim(6,4), &Units "Bohr"] 
              C      0.000275901701   -0.000104086791   -0.759099942932
              H     -0.000388734188    1.941122230091   -0.110452510717
              H      1.681069892949   -0.970893010452   -0.110341855785
              H     -1.681223740275   -0.970530275705   -0.110518383224
              Br    -0.000001362401    0.000011433566    5.074174912948
              Cl    -0.000279978365   -0.000131634576   -4.125024917979
$End
$Single_Point_Data
   &GeometryIndex 2
   &FinalEnergy [&Type "Double"]      -1.2557828256720001e+01  "Final single point energy"
   &Converged [&Type "Boolean"] true
$End
$Geometry
   &GeometryIndex 3
   &NAtoms [&Type "Integer"] 6
   &NCorelessECP [&Type "Integer"] 0
   &NGhostAtoms [&Type "Integer"] 0
   &CartesianCoordinates [&Type "Coordinates", &Dim(6,4), &Units "Bohr"] 
              C     -0.000190448722   -0.000103883448   -0.770556072319
              H     -0.000234635374    1.941423264779   -0.122032436672
              H      1.681347496914   -0.970961117256   -0.121944770182
              H     -1.681465190504   -0.970755449231   -0.122069041053
              Br     0.000077368493    0.000008056345    5.131785416692
              Cl    -0.000082611385   -0.000136215055   -4.136445794155
$End
$Single_Point_Data
   &GeometryIndex 3
   &FinalEnergy [&Type "Double"]      -1.2557869076090000e+01  "Final single point energy"
   &Converged [&Type "Boolean"] true
$End
$Geometry
   &GeometryIndex 4
   &NAtoms [&Type "Integer"] 6
   &NCorelessECP [&Type "Integer"] 0
   &NGhostAtoms [&Type "Integer"] 0
   &CartesianCoordinates [&Type "Coordinates", &Dim(6,4), &Units "Bohr"] 
              C     -0.000210578584   -0.000103362179   -0.773334720698
              H     -0.000120560265    1.941688156955   -0.125100423540
              H      1.681500989661   -0.970982522665   -0.125063875084
              H     -1.681771198886   -0.970996631088   -0.125081707282
              Br     0.000082308079    0.000006583588    5.144794334592
              Cl    -0.000028980585   -0.000137568476   -4.137476305678
$End
$Single_Point_Data
   &GeometryIndex 4
   &FinalEnergy [&Type "Double"]      -1.2557871427360000e+01  "Final single point energy"
   &Converged [&Type "Boolean"] true
$End
$Geometry
   &GeometryIndex 5
   &NAtoms [&Type "Integer"] 6
   &NCorelessECP [&Type "Integer"] 0
   &NGhostAtoms [&Type "Integer"] 0
   &CartesianCoordinates [&Type "Coordinates", &Dim(6,4), &Units "Bohr"] 
              C     -0.000168495944   -0.000103027051   -0.774073405642
              H     -0.000097176191    1.941782375167   -0.125875406377
              H      1.681575747011   -0.971011687048   -0.125845122048
              H     -1.681858099867   -0.971059807456   -0.125847864883
              Br     0.000059535087    0.000005411123    5.147439254766
              Cl    -0.000059530675   -0.000138608601   -4.137060153505
$End
$Single_Point_Data
   &GeometryIndex 5
   &FinalEnergy [&Type "Double"]      -1.2557871668890000e+01  "Final single point energy"
   &Converged [&Type "Boolean"] true
$End
$Hessian
   &GeometryIndex 5
   &HESSIAN [&Type "ArrayOfDoubles", &Dim (18,18)] "The Hessian"
                                                         0                           1                           2                           3                           4                           5                           6                           7

0                                      5.0516550019999995e-01         2.5201299999999999e-05        -7.2730999999999999e-06        -4.2441988200000003e-02        -1.0116100000000000e-05        -2.7505000000000002e-06        -2.1738766690000000e-01         1.0099945470000000e-01
1                                      2.5201299999999999e-05         5.0516133169999999e-01        -1.2434800000000000e-05        -1.3064400000000000e-05        -2.7571735330000002e-01        -7.7504126500000006e-02         1.0100636180000000e-01        -1.0074451660000000e-01
2                                     -7.2730999999999999e-06        -1.2434800000000000e-05         2.7545469459999999e-01        -2.8451999999999999e-06        -7.3511498300000006e-02        -5.7535623199999997e-02        -6.3715555899999998e-02         3.6771874500000003e-02
3                                     -4.2441988200000003e-02        -1.3064400000000000e-05        -2.8451999999999999e-06         4.4370546400000002e-02         9.3757999999999992e-06         2.6941000000000002e-06        -1.3375218000000000e-03         2.6391027500000001e-02
4                                     -1.0116100000000000e-05        -2.7571735330000002e-01        -7.3511498300000006e-02         9.3757999999999992e-06         3.0825793839999999e-01         8.4115835500000000e-02         2.0127916000000001e-03        -1.7731022499999999e-02
5                                     -2.7505000000000002e-06        -7.7504126500000006e-02        -5.7535623199999997e-02         2.6941000000000002e-06         8.4115835500000000e-02         7.3490060499999996e-02         2.5435840000000002e-04         6.9928194999999997e-03
6                                     -2.1738766690000000e-01         1.0100636180000000e-01        -6.3715555899999998e-02        -1.3375218000000000e-03         2.0127916000000001e-03         2.5435840000000002e-04         2.4229916609999999e-01        -1.1427210170000000e-01
7                                      1.0099945470000000e-01        -1.0074451660000000e-01         3.6771874500000003e-02         2.6391027500000001e-02        -1.7731022499999999e-02         6.9928194999999997e-03        -1.1427210170000000e-01         1.1033962849999999e-01
8                                     -6.7119310000000001e-02         3.8749504999999997e-02        -5.7536860600000003e-02         6.1811438000000003e-03        -3.2764922999999999e-03         3.9981206999999998e-03         7.2849711200000000e-02        -4.2058170399999997e-02
9                                     -2.1739729899999999e-01        -1.0101833570000000e-01         6.3723688500000000e-02        -1.3371875000000001e-03        -2.0122067000000001e-03        -2.5455520000000002e-04        -2.5935958600000000e-02        -1.2185507400000000e-02
10                                    -1.0101427800000000e-01        -1.0075655920000000e-01         3.6778419299999997e-02        -2.6388027500000001e-02        -1.7726518000000000e-02         6.9928124999999999e-03         1.2184798199999999e-02         6.8578685999999998e-03
11                                     6.7127996300000006e-02         3.8756459799999997e-02        -5.7540643299999999e-02        -6.1814343000000001e-03        -3.2761460000000002e-03         3.9979222999999998e-03        -5.9275886999999999e-03        -3.7152520000000001e-03
12                                    -1.1171530000000001e-03         3.2700000000000002e-08        -8.8029999999999996e-07        -4.0145110000000002e-04        -6.9999999999999998e-09         3.4900000000000001e-07         1.1212940000000000e-04        -2.9651869999999998e-04
13                                     4.0000000000000001e-08        -1.1192372000000000e-03        -1.1508899999999999e-05         2.5100000000000000e-08         2.8960310000000002e-04         2.2494130000000001e-04        -2.9562320000000003e-04        -2.3239030000000001e-04
14                                     2.0050000000000000e-07        -7.0799999999999999e-08         2.8025289999999998e-03        -4.4700000000000003e-08        -3.7799449999999999e-04        -2.3153812000000001e-03        -3.2817390000000000e-04         1.8923110000000000e-04
15                                    -2.6821393100000000e-02        -1.9570000000000001e-07         2.8661000000000000e-06         1.1476022000000000e-03         1.6240000000000000e-07        -9.5799999999999998e-08         2.2498518000000000e-03        -6.3635440000000003e-04
16                                    -3.0190000000000002e-07        -2.6823665500000000e-02        -1.4851800000000001e-05         6.6339999999999997e-07         2.6273524000000000e-03        -2.0822282200000000e-02        -6.3622679999999999e-04         1.5104323000000000e-03
17                                     1.1368000000000001e-06         1.0667300000000000e-05        -1.0564409650000001e-01         4.8640000000000001e-07        -3.6737043000000000e-03        -2.1635099000000001e-02        -3.1327510000000000e-03         1.8194973999999999e-03
                                                         8                           9                          10                          11                          12                          13                          14                          15

0                                     -6.7119310000000001e-02        -2.1739729899999999e-01        -1.0101427800000000e-01         6.7127996300000006e-02        -1.1171530000000001e-03         4.0000000000000001e-08         2.0050000000000000e-07        -2.6821393100000000e-02
1                                      3.8749504999999997e-02        -1.0101833570000000e-01        -1.0075655920000000e-01         3.8756459799999997e-02         3.2700000000000002e-08        -1.1192372000000000e-03        -7.0799999999999999e-08        -1.9570000000000001e-07
2                                     -5.7536860600000003e-02         6.3723688500000000e-02         3.6778419299999997e-02        -5.7540643299999999e-02        -8.8029999999999996e-07        -1.1508899999999999e-05         2.8025289999999998e-03         2.8661000000000000e-06
3                                      6.1811438000000003e-03        -1.3371875000000001e-03        -2.6388027500000001e-02        -6.1814343000000001e-03        -4.0145110000000002e-04         2.5100000000000000e-08        -4.4700000000000003e-08         1.1476022000000000e-03
4                                     -3.2764922999999999e-03        -2.0122067000000001e-03        -1.7726518000000000e-02        -3.2761460000000002e-03        -6.9999999999999998e-09         2.8960310000000002e-04        -3.7799449999999999e-04         1.6240000000000000e-07
5                                      3.9981206999999998e-03        -2.5455520000000002e-04         6.9928124999999999e-03         3.9979222999999998e-03         3.4900000000000001e-07         2.2494130000000001e-04        -2.3153812000000001e-03        -9.5799999999999998e-08
6                                      7.2849711200000000e-02        -2.5935958600000000e-02         1.2184798199999999e-02        -5.9275886999999999e-03         1.1212940000000000e-04        -2.9562320000000003e-04        -3.2817390000000000e-04         2.2498518000000000e-03
7                                     -4.2058170399999997e-02        -1.2185507400000000e-02         6.8578685999999998e-03        -3.7152520000000001e-03        -2.9651869999999998e-04        -2.3239030000000001e-04         1.8923110000000000e-04        -6.3635440000000003e-04
8                                      7.3493585000000000e-02         5.9275444999999996e-03        -3.7151873000000001e-03         3.9980857000000000e-03         1.9459699999999999e-04        -1.1183980000000000e-04        -2.3158088000000002e-03        -1.8033686500000000e-02
9                                      5.9275444999999996e-03         2.4230902530000001e-01         1.1428450010000001e-01        -7.2857805600000006e-02         1.1213790000000000e-04         2.9560369999999999e-04         3.2803930000000002e-04         2.2492817999999999e-03
10                                    -3.7151873000000001e-03         1.1428450010000001e-01         1.1034652010000000e-01        -4.2064301800000002e-02         2.9649789999999999e-04        -2.3229300000000001e-04         1.8919760000000001e-04         6.3650930000000005e-04
11                                     3.9980857000000000e-03        -7.2857805600000006e-02        -4.2064301800000002e-02         7.3492737000000002e-02        -1.9397929999999999e-04        -1.1197570000000001e-04        -2.3149056000000001e-03         1.8032811600000000e-02
12                                     1.9459699999999999e-04         1.1213790000000000e-04         2.9649789999999999e-04        -1.9397929999999999e-04         5.5158110000000002e-04         8.9000000000000003e-09         2.3899999999999999e-08         7.4275559999999999e-04
13                                    -1.1183980000000000e-04         2.9560369999999999e-04        -2.3229300000000001e-04        -1.1197570000000001e-04         8.9000000000000003e-09         5.5149919999999996e-04        -1.0000000000000000e-08        -5.4599999999999999e-08
14                                    -2.3158088000000002e-03         3.2803930000000002e-04         1.8919760000000001e-04        -2.3149056000000001e-03         2.3899999999999999e-08        -1.0000000000000000e-08         1.0584576900000000e-02        -4.5100000000000000e-08
15                                    -1.8033686500000000e-02         2.2492817999999999e-03         6.3650930000000005e-04         1.8032811600000000e-02         7.4275559999999999e-04        -5.4599999999999999e-08        -4.5100000000000000e-08         2.0431901600000000e-02
16                                     1.0412184800000000e-02         6.3594599999999997e-04         1.5109816000000000e-03         1.0411215600000001e-02        -1.3799999999999999e-08         7.4281819999999998e-04        -3.5339999999999997e-07        -6.7000000000000004e-08
17                                    -2.1637122000000002e-02         3.1330884000000002e-03         1.8190597000000001e-03        -2.1633196200000000e-02        -1.1019999999999999e-07         1.0393000000000000e-05        -6.4410101999999997e-03        -1.8503000000000001e-06
                                                        16                          17

0                                     -3.0190000000000002e-07         1.1368000000000001e-06
1                                     -2.6823665500000000e-02         1.0667300000000000e-05
2                                     -1.4851800000000001e-05        -1.0564409650000001e-01
3                                      6.6339999999999997e-07         4.8640000000000001e-07
4                                      2.6273524000000000e-03        -3.6737043000000000e-03
5                                     -2.0822282200000000e-02        -2.1635099000000001e-02
6                                     -6.3622679999999999e-04        -3.1327510000000000e-03
7                                      1.5104323000000000e-03         1.8194973999999999e-03
8                                      1.0412184800000000e-02        -2.1637122000000002e-02
9                                      6.3594599999999997e-04         3.1330884000000002e-03
10                                     1.5109816000000000e-03         1.8190597000000001e-03
11                                     1.0411215600000001e-02        -2.1633196200000000e-02
12                                    -1.3799999999999999e-08        -1.1019999999999999e-07
13                                     7.4281819999999998e-04         1.0393000000000000e-05
14                                    -3.5339999999999997e-07        -6.4410101999999997e-03
15                                    -6.7000000000000004e-08        -1.8503000000000001e-06
16                                     2.0432080900000000e-02         1.4086900000000001e-05
17                                     1.4086900000000001e-05         1.7699052379999999e-01
   &MODES [&Type "ArrayOfDoubles", &Dim (18,18)] "The modes of vibrations"
                                                         0                           1                           2                           3                           4                           5                           6                           7

0                                      0.0000000000000000e+00         0.0000000000000000e+00         0.0000000000000000e+00         0.0000000000000000e+00         0.0000000000000000e+00         0.0000000000000000e+00        -1.5409060349287622e-02         2.2041693828471284e-01
1                                      0.0000000000000000e+00         0.0000000000000000e+00         0.0000000000000000e+00         0.0000000000000000e+00         0.0000000000000000e+00         0.0000000000000000e+00         2.2041746734479084e-01         1.5409066314769347e-02
2                                      0.0000000000000000e+00         0.0000000000000000e+00         0.0000000000000000e+00         0.0000000000000000e+00         0.0000000000000000e+00         0.0000000000000000e+00         2.7810795327630244e-06         5.7160106757843148e-05
3                                      0.0000000000000000e+00         0.0000000000000000e+00         0.0000000000000000e+00         0.0000000000000000e+00         0.0000000000000000e+00         0.0000000000000000e+00        -1.9019451916449746e-02         2.7081252069352135e-01
4                                      0.0000000000000000e+00         0.0000000000000000e+00         0.0000000000000000e+00         0.0000000000000000e+00         0.0000000000000000e+00         0.0000000000000000e+00         2.7439273047253959e-01         1.9181789023526664e-02
5                                      0.0000000000000000e+00         0.0000000000000000e+00         0.0000000000000000e+00         0.0000000000000000e+00         0.0000000000000000e+00         0.0000000000000000e+00        -1.5937898353359450e-01        -1.1089616258139798e-02
6                                      0.0000000000000000e+00         0.0000000000000000e+00         0.0000000000000000e+00         0.0000000000000000e+00         0.0000000000000000e+00         0.0000000000000000e+00        -2.0628148955619298e-02         2.7337631282971558e-01
7                                      0.0000000000000000e+00         0.0000000000000000e+00         0.0000000000000000e+00         0.0000000000000000e+00         0.0000000000000000e+00         0.0000000000000000e+00         2.7187445758515139e-01         1.7440759751008901e-02
8                                      0.0000000000000000e+00         0.0000000000000000e+00         0.0000000000000000e+00         0.0000000000000000e+00         0.0000000000000000e+00         0.0000000000000000e+00         8.9359253015845339e-02        -1.3240508091787492e-01
9                                      0.0000000000000000e+00         0.0000000000000000e+00         0.0000000000000000e+00         0.0000000000000000e+00         0.0000000000000000e+00         0.0000000000000000e+00        -1.7523931836019753e-02         2.7359485611091638e-01
10                                     0.0000000000000000e+00         0.0000000000000000e+00         0.0000000000000000e+00         0.0000000000000000e+00         0.0000000000000000e+00         0.0000000000000000e+00         2.7150776144104677e-01         2.0546376470608946e-02
11                                     0.0000000000000000e+00         0.0000000000000000e+00         0.0000000000000000e+00         0.0000000000000000e+00         0.0000000000000000e+00         0.0000000000000000e+00         7.0059726286464716e-02         1.4366259088456143e-01
12                                     0.0000000000000000e+00         0.0000000000000000e+00         0.0000000000000000e+00         0.0000000000000000e+00         0.0000000000000000e+00         0.0000000000000000e+00         1.1947262662200637e-03        -1.7089847350013551e-02
13                                     0.0000000000000000e+00         0.0000000000000000e+00         0.0000000000000000e+00         0.0000000000000000e+00         0.0000000000000000e+00         0.0000000000000000e+00        -1.7089844795255174e-02        -1.1947435862688564e-03
14                                     0.0000000000000000e+00         0.0000000000000000e+00         0.0000000000000000e+00         0.0000000000000000e+00         0.0000000000000000e+00         0.0000000000000000e+00        -2.6198968822686808e-05        -3.4422409599562726e-05
15                                     0.0000000000000000e+00         0.0000000000000000e+00         0.0000000000000000e+00         0.0000000000000000e+00         0.0000000000000000e+00         0.0000000000000000e+00         4.1533438680524627e-03        -5.9410346137783267e-02
16                                     0.0000000000000000e+00         0.0000000000000000e+00         0.0000000000000000e+00         0.0000000000000000e+00         0.0000000000000000e+00         0.0000000000000000e+00        -5.9410282634251618e-02        -4.1532327196829233e-03
17                                     0.0000000000000000e+00         0.0000000000000000e+00         0.0000000000000000e+00         0.0000000000000000e+00         0.0000000000000000e+00         0.0000000000000000e+00         5.6964948743393213e-05         5.3438739359755608e-05
                                                         8                           9                          10                          11                          12                          13                          14                          15

0                                     -1.0234531775910025e-04        -7.6062001678561813e-06        -3.9937943210213163e-02        -9.7461448080733440e-02        -1.0040538039194692e-05         1.5232544772441525e-02         6.7421377782180658e-02         2.5905841918436864e-04
1                                     -8.9618959295429803e-05         4.1749356356935567e-05        -9.7465727982110922e-02         3.9945213693210843e-02        -7.7197528377874002e-06        -6.7404467630029941e-02         1.5232726604375586e-02         4.6631260097226753e-04
2                                      1.1153622052325637e-01         2.2964352464012402e-01         9.0992387758232193e-06        -1.8186490240370416e-05         9.4986376927129898e-02        -2.6489960607205803e-05         1.1880430846697112e-05         3.7264573475919931e-02
3                                     -1.2585968476787007e-04         5.2780715259282741e-07         8.4949396634170657e-02         2.0731325384599797e-01         6.6105122276017523e-05        -1.5987994835785627e-01        -7.0756971460033480e-01         1.0942805934491454e-04
4                                      1.1448451710057413e-03         1.4819858946375858e-02         1.3419319848225075e-01        -5.5012358101125383e-02         1.7721665635065154e-01        -1.1671967389231426e-01         2.6404352981581287e-02        -5.5073924851083589e-01
5                                      1.0531895060503019e-01         1.5356312905841260e-01        -6.4936581515061942e-01         2.6612956452524317e-01        -5.1209533979678401e-01         2.8073032745990184e-01        -6.3441307376707695e-02        -1.6286022187888252e-01
6                                      9.6169846566077619e-04         1.2874465602311197e-02         9.4152969681093254e-02         1.3949567112871877e-01         1.5354970073552845e-01         3.3668175098818898e-01        -1.7002316234743323e-01        -4.7341947421306346e-01
7                                     -7.3870231878080529e-04        -7.3386119968002917e-03         2.0202993487032384e-01        -4.5849633722219001e-02        -8.8537193578288501e-02         4.2085988268788038e-01        -4.7024658806544722e-01         2.7358889230477806e-01
8                                      1.0528399736414547e-01         1.5349135172876668e-01         9.4233145365911014e-02        -6.9543724414062325e-01        -5.1215225198078429e-01        -1.9526400324683790e-01        -2.1136367418873384e-01        -1.6154785237505170e-01
9                                     -1.2159223840466876e-03        -1.2878168578186064e-02         3.0808945074221706e-02         1.6550817320536557e-01        -1.5351960435984788e-01        -3.7707711232738805e-01        -8.7539804999764281e-03         4.7020828436466966e-01
10                                    -7.4004158846752448e-04        -7.3413917978552437e-03         1.7614324377156895e-01        -1.0914978537497086e-01        -8.8595902606853003e-02         5.8214759842666630e-01         2.4357320950571609e-01         2.7160756627783067e-01
11                                     1.0515631865854926e-01         1.5352409046905111e-01         5.5520118865386070e-01         4.2936855359388848e-01        -5.1210196926476759e-01        -8.5384892938500420e-02         2.7468415678350161e-01        -1.6030881195735933e-01
12                                     6.8178714179476905e-06        -8.8933098305466462e-08        -2.2881665571174969e-05        -5.5847259547630115e-05        -1.1208265152054642e-07         1.1095744480080158e-05         4.9164111834141325e-05        -5.0282809221343827e-08
13                                     5.9629609649773597e-06        -2.7281696657317720e-06        -5.5843533243229433e-05         2.2836600404362549e-05         3.2858926665823178e-08        -4.9472757739516610e-05         1.1178170644930105e-05        -3.0473173004544483e-07
14                                    -6.9611340290067616e-02         1.1913117729897643e-04         5.2028522174320580e-08         8.0185399365684126e-08         6.8420391098286540e-04        -8.5581031931555530e-08         1.0024442593322789e-07         6.5009858370291648e-05
15                                     3.0114403782177992e-05         2.8675822876143162e-06         7.6138064224862655e-03         1.8578287139875960e-02         9.1899687768535692e-07         5.0864149518737840e-04         2.2483640659466423e-03         5.3712822595537663e-07
16                                     2.6416457426121465e-05        -1.1972040612788975e-05         1.8578327615663883e-02        -7.6133115568657742e-03         1.6551141679659148e-07        -2.2517184901794719e-03         5.0821545999182058e-04         2.9897787508784967e-07
17                                     1.1011759805124598e-01        -9.1163798700956145e-02        -5.1480849565283266e-06         4.2498561625581953e-06         9.9594136397875010e-03         6.8520609410887213e-06        -8.1555874922561278e-07         1.0102259779968762e-03
                                                        16                          17

0                                     -4.8230273153410108e-02        -7.2394951018036530e-02
1                                      7.2396296586577508e-02        -4.8233177016046860e-02
2                                     -1.1054151880404861e-04         2.0753630430657690e-04
3                                     -2.2646631165845810e-02        -3.3937780055669074e-02
4                                     -6.1046901921424568e-01         4.0476200325256145e-01
5                                     -2.0140022169747282e-01         1.3359925684720694e-01
6                                      5.8114951138358684e-01         2.6160492780025030e-01
7                                     -3.1463189285221327e-01        -1.9325035098130308e-01
8                                      2.1783437942490197e-01         1.0669653852831132e-01
9                                      1.9138169872004663e-02         6.3938677917510001e-01
10                                     5.8053992694979406e-02         3.6614684803642988e-01
11                                    -1.5095761020362421e-02        -2.4292262915181165e-01
12                                     1.0009560983620917e-05         1.5023254841513460e-05
13                                    -1.5117609052477171e-05         1.0085326633893999e-05
14                                    -2.0174643791807687e-07         3.5251487022997342e-07
15                                    -1.0628526690114484e-04        -1.5950581669361505e-04
16                                     1.5906336243368604e-04        -1.0596837414206550e-04
17                                    -1.4865196113749927e-07         3.5811907975655293e-06
$End
$THERMOCHEMISTRY_Energies
   &GeometryIndex 5
   &temperature [&Type "Double"]       2.9814999999999998e+02
   &pressure [&Type "Double"]       1.0000000000000000e+00
   &totalMass [&Type "Double"]       1.3038800000000001e+02
   &spinDegeneracy [&Type "Integer"] 1
   &elEnergy [&Type "Double"]      -1.2557871668890000e+01
   &transEnergy [&Type "Double"]       1.4162714244859817e-03
   &rotEnergy [&Type "Double"]       1.4162714244859817e-03
   &vibEnergy [&Type "Double"]       2.5012754665749062e-03
   &numOfFreqs [&Type "Integer"] 18
   &freqScalingFactor [&Type "Double"]       1.0000000000000000e+00
   &FREQ [&Type "ArrayOfDoubles", &Units "cm^-1", &Dim (18,1)] 
                                                         0

0                                      0.0000000000000000e+00
1                                      0.0000000000000000e+00
2                                      0.0000000000000000e+00
3                                      0.0000000000000000e+00
4                                      0.0000000000000000e+00
5                                      0.0000000000000000e+00
6                                      8.7961065428830452e+01
7                                      8.7969881497467256e+01
8                                      9.4156137878880372e+01
9                                      6.4270347622278996e+02
10                                     9.8452359614285433e+02
11                                     9.8454440289964316e+02
12                                     1.3127534054088669e+03
13                                     1.4384571596020817e+03
14                                     1.4385648551764491e+03
15                                     3.0610436737070727e+03
16                                     3.0740513834168432e+03
17                                     3.0741406296714022e+03
   &zpe [&Type "Double"]       3.7090550256198840e-02
   &innerEnergyU [&Type "Double"]      -1.2515447300318256e+01
   &enthalpyH [&Type "Double"]      -1.2514503091275996e+01
   &qEl [&Type "Double"]       0.0000000000000000e+00
   &qRot [&Type "Double"]       1.2139347641915861e-02
   &qVib [&Type "Double"]       4.9163444586759883e-03
   &qTrans [&Type "Double"]       1.9247041860113716e-02
   &entropyS [&Type "Double"]       3.6302733960705567e-02
   &freeEnergyG [&Type "Double"]      -1.2550805825236701e+01
   &isLinear [&Type "Boolean"] false
$End
$Calculation_Info
   &GeometryIndex 5
   &Mult [&Type "Integer"] 1
   &Charge [&Type "Integer"] -1
   &NumOfAtoms [&Type "Integer"] 6
   &NumOfElectrons [&Type "Integer"] 0
   &NumOfBasisFuncts [&Type "Integer"] 0
   &NumOfAuxCBasisFuncts [&Type "Integer"] 0
   &NumOfAuxJBasisFuncts [&Type "Integer"] 0
   &NumOfAuxJKBasisFuncts [&Type "Integer"] 0
   &NumOfCABSBasisFuncts [&Type "Integer"] 0
$End
$Calculation_Timings
   &GeometryIndex 5
   &GSTEP [&Type "Double"]       9.0240000000000875e-03
   &XTB [&Type "Double"]       7.6990900000000018e-01
   &XTBGRAD [&Type "Double"]       1.4180000000000303e-03
   &SUM [&Type "Double"]       7.8035100000000035e-01
$End
