
$orca_hessian_file

$act_atom
  0

$act_coord
  0

$act_energy
      -12.467195

$multiplicity
  1

$hessian
18
                    0                  1                  2                  3                  4        
    0      5.1592096930E-01   3.4000000000E-07  -2.3690000000E-06  -4.3565339800E-02  -6.8270000000E-06
    1      3.4000000000E-07   5.1516249800E-01   6.3894600000E-04  -6.9986000000E-06  -2.6841016730E-01
    2     -2.3690000000E-06   6.3894600000E-04   4.1216553990E-01   2.1595000000E-06   6.6643935000E-02
    3     -4.3565339800E-02  -6.9986000000E-06   2.1595000000E-06   4.5088893500E-02   7.6677000000E-06
    4     -6.8270000000E-06  -2.6841016730E-01   6.6643935000E-02   7.6677000000E-06   3.0229900060E-01
    5      2.0657000000E-06   6.3924657400E-02  -5.8194771700E-02  -2.1325000000E-06  -8.2235514700E-02
    6     -2.1205520390E-01   9.6921476200E-02   5.9321179100E-02  -1.5067938000E-03   2.0113849000E-03
    7      9.6902411700E-02  -9.9275878600E-02  -3.4129437600E-02   2.6932990900E-02  -1.8181209600E-02
    8      5.6955308200E-02  -3.2780151600E-02  -5.9222973800E-02  -5.9173628000E-03   3.3019823000E-03
    9     -2.1207827530E-01  -9.6914870300E-02  -5.9315088800E-02  -1.5088058000E-03  -2.0125377000E-03
   10     -9.6895976700E-02  -9.9260726800E-02  -3.4119095000E-02  -2.6934748700E-02  -1.8179030800E-02
   11     -5.6949143400E-02  -3.2770029400E-02  -5.9216325200E-02   5.9179483000E-03   3.3016425000E-03
   12     -4.6800056000E-02   4.3500000000E-08  -5.9565000000E-06   1.8215006000E-03   2.6020000000E-07
   13      4.2100000000E-08  -4.6794351900E-02   9.5848860000E-04   1.0557000000E-06   2.0162170000E-03
   14     -5.8469000000E-06   9.8535490000E-04  -2.3554435570E-01  -6.1900000000E-07   7.9123479000E-03
   15     -1.4220942000E-03   9.2000000000E-09   7.5600000000E-08  -3.2945470000E-04   5.1900000000E-08
   16      9.9000000000E-09  -1.4213734000E-03   7.1630000000E-06   3.3000000000E-08   4.5519010000E-04
   17     -1.4700000000E-08   1.2228000000E-06   1.2886600000E-05   6.6000000000E-09   1.0756070000E-03
                    5                  6                  7                  8                  9        
    0      2.0657000000E-06  -2.1205520390E-01   9.6902411700E-02   5.6955308200E-02  -2.1207827530E-01
    1      6.3924657400E-02   9.6921476200E-02  -9.9275878600E-02  -3.2780151600E-02  -9.6914870300E-02
    2     -5.8194771700E-02   5.9321179100E-02  -3.4129437600E-02  -5.9222973800E-02  -5.9315088800E-02
    3     -2.1325000000E-06  -1.5067938000E-03   2.6932990900E-02  -5.9173628000E-03  -1.5088058000E-03
    4     -8.2235514700E-02   2.0113849000E-03  -1.8181209600E-02   3.3019823000E-03  -2.0125377000E-03
    5      7.9773062600E-02  -6.0956100000E-05  -7.0672066000E-03   3.7930001000E-03   6.0700600000E-05
    6     -6.0956100000E-05   2.3767803360E-01  -1.1077780200E-01  -7.2939869300E-02  -2.6501755100E-02
    7     -7.0672066000E-03  -1.1077780200E-01   1.0876802740E-01   4.1898956300E-02  -1.2395605000E-02
    8      3.7930001000E-03  -7.2939869300E-02   4.1898956300E-02   8.1095897200E-02  -6.0492213000E-03
    9      6.0700600000E-05  -2.6501755100E-02  -1.2395605000E-02  -6.0492213000E-03   2.3770519490E-01
   10     -7.0655548000E-03   1.2398463300E-02   6.7962299000E-03   3.5569869000E-03   1.1077053060E-01
   11      3.7926434000E-03   6.0513632000E-03   3.5572851000E-03   3.8463288000E-03   7.2934155500E-02
   12      3.5110000000E-07   2.1208727000E-03  -3.1930440000E-04   2.8176460000E-02   2.1187897000E-03
   13      3.2699149500E-02  -2.0851840000E-04   2.0210140000E-03  -1.6107799600E-02   2.0751630000E-04
   14     -2.7636619100E-02   6.7028002000E-03  -3.7294942000E-03  -2.7965575100E-02  -6.7049569000E-03
   15     -2.8800000000E-08   2.6484640000E-04  -3.4269120000E-04  -2.2531490000E-04   2.6485160000E-04
   16     -2.5553080000E-04  -3.4500410000E-04  -1.2818320000E-04   1.3002570000E-04   3.4496600000E-04
   17     -1.5273153000E-03   9.2548280000E-04  -5.3010300000E-04  -1.5466772000E-03  -9.2558920000E-04
                   10                 11                 12                 13                 14        
    0     -9.6895976700E-02  -5.6949143400E-02  -4.6800056000E-02   4.2100000000E-08  -5.8469000000E-06
    1     -9.9260726800E-02  -3.2770029400E-02   4.3500000000E-08  -4.6794351900E-02   9.8535490000E-04
    2     -3.4119095000E-02  -5.9216325200E-02  -5.9565000000E-06   9.5848860000E-04  -2.3554435570E-01
    3     -2.6934748700E-02   5.9179483000E-03   1.8215006000E-03   1.0557000000E-06  -6.1900000000E-07
    4     -1.8179030800E-02   3.3016425000E-03   2.6020000000E-07   2.0162170000E-03   7.9123479000E-03
    5     -7.0655548000E-03   3.7926434000E-03   3.5110000000E-07   3.2699149500E-02  -2.7636619100E-02
    6      1.2398463300E-02   6.0513632000E-03   2.1208727000E-03  -2.0851840000E-04   6.7028002000E-03
    7      6.7962299000E-03   3.5572851000E-03  -3.1930440000E-04   2.0210140000E-03  -3.7294942000E-03
    8      3.5569869000E-03   3.8463288000E-03   2.8176460000E-02  -1.6107799600E-02  -2.7965575100E-02
    9      1.1077053060E-01   7.2934155500E-02   2.1187897000E-03   2.0751630000E-04  -6.7049569000E-03
   10      1.0875073360E-01   4.1886648100E-02   3.1909650000E-04   2.0210364000E-03  -3.7289601000E-03
   11      4.1886648100E-02   8.1086922800E-02  -2.8179512500E-02  -1.6105496900E-02  -2.7963063600E-02
   12      3.1909650000E-04  -2.8179512500E-02   3.9939834700E-02  -9.9700000000E-08   8.7872000000E-06
   13      2.0210364000E-03  -1.6105496900E-02  -9.9700000000E-08   3.9937045900E-02  -1.4692355000E-03
   14     -3.7289601000E-03  -2.7963063600E-02   8.7872000000E-06  -1.4692355000E-03   3.2394625740E-01
   15      3.4263490000E-04   2.2518890000E-04   7.9905830000E-04   4.0000000000E-09  -1.6470000000E-07
   16     -1.2824230000E-04   1.2995070000E-04   3.9000000000E-09   7.9903850000E-04   2.9987000000E-05
   17     -5.3002510000E-04  -1.5465063000E-03  -1.2930000000E-07   2.4893900000E-05  -4.8366440000E-03
                   15                 16                 17        
     0     -1.4220942000E-03   9.9000000000E-09  -1.4700000000E-08
     1      9.2000000000E-09  -1.4213734000E-03   1.2228000000E-06
     2      7.5600000000E-08   7.1630000000E-06   1.2886600000E-05
     3     -3.2945470000E-04   3.3000000000E-08   6.6000000000E-09
     4      5.1900000000E-08   4.5519010000E-04   1.0756070000E-03
     5     -2.8800000000E-08  -2.5553080000E-04  -1.5273153000E-03
     6      2.6484640000E-04  -3.4500410000E-04   9.2548280000E-04
     7     -3.4269120000E-04  -1.2818320000E-04  -5.3010300000E-04
     8     -2.2531490000E-04   1.3002570000E-04  -1.5466772000E-03
     9      2.6485160000E-04   3.4496600000E-04  -9.2558920000E-04
    10      3.4263490000E-04  -1.2824230000E-04  -5.3002510000E-04
    11      2.2518890000E-04   1.2995070000E-04  -1.5465063000E-03
    12      7.9905830000E-04   3.9000000000E-09  -1.2930000000E-07
    13      4.0000000000E-09   7.9903850000E-04   2.4893900000E-05
    14     -1.6470000000E-07   2.9987000000E-05  -4.8366440000E-03
    15      4.2279270000E-04  -8.8000000000E-09   2.4380000000E-07
    16     -8.8000000000E-09   4.2357030000E-04  -4.1595600000E-05
    17      2.4380000000E-07  -4.1595600000E-05   9.4442561000E-03

$vibrational_frequencies
18
    0        0.0000000000000000
    1        0.0000000000000000
    2        0.0000000000000000
    3        0.0000000000000000
    4        0.0000000000000000
    5        0.0000000000000000
    6       96.1446218566067330
    7      100.5981413177496364
    8      100.6758523635365634
    9     1001.1633493022394532
   10     1106.2836357042347117
   11     1106.2860382550857139
   12     1386.7712327388076119
   13     1451.6208569187951980
   14     1452.2424021230822291
   15     3035.6054879419316421
   16     3042.2376254723499187
   17     3043.6711129482423530

$normal_modes
18 18
                    0                  1                  2                  3                  4        
    0      0.0000000000E+00   0.0000000000E+00   0.0000000000E+00   0.0000000000E+00   0.0000000000E+00
    1      0.0000000000E+00   0.0000000000E+00   0.0000000000E+00   0.0000000000E+00   0.0000000000E+00
    2      0.0000000000E+00   0.0000000000E+00   0.0000000000E+00   0.0000000000E+00   0.0000000000E+00
    3      0.0000000000E+00   0.0000000000E+00   0.0000000000E+00   0.0000000000E+00   0.0000000000E+00
    4      0.0000000000E+00   0.0000000000E+00   0.0000000000E+00   0.0000000000E+00   0.0000000000E+00
    5      0.0000000000E+00   0.0000000000E+00   0.0000000000E+00   0.0000000000E+00   0.0000000000E+00
    6      0.0000000000E+00   0.0000000000E+00   0.0000000000E+00   0.0000000000E+00   0.0000000000E+00
    7      0.0000000000E+00   0.0000000000E+00   0.0000000000E+00   0.0000000000E+00   0.0000000000E+00
    8      0.0000000000E+00   0.0000000000E+00   0.0000000000E+00   0.0000000000E+00   0.0000000000E+00
    9      0.0000000000E+00   0.0000000000E+00   0.0000000000E+00   0.0000000000E+00   0.0000000000E+00
   10      0.0000000000E+00   0.0000000000E+00   0.0000000000E+00   0.0000000000E+00   0.0000000000E+00
   11      0.0000000000E+00   0.0000000000E+00   0.0000000000E+00   0.0000000000E+00   0.0000000000E+00
   12      0.0000000000E+00   0.0000000000E+00   0.0000000000E+00   0.0000000000E+00   0.0000000000E+00
   13      0.0000000000E+00   0.0000000000E+00   0.0000000000E+00   0.0000000000E+00   0.0000000000E+00
   14      0.0000000000E+00   0.0000000000E+00   0.0000000000E+00   0.0000000000E+00   0.0000000000E+00
   15      0.0000000000E+00   0.0000000000E+00   0.0000000000E+00   0.0000000000E+00   0.0000000000E+00
   16      0.0000000000E+00   0.0000000000E+00   0.0000000000E+00   0.0000000000E+00   0.0000000000E+00
   17      0.0000000000E+00   0.0000000000E+00   0.0000000000E+00   0.0000000000E+00   0.0000000000E+00
                    5                  6                  7                  8                  9        
    0      0.0000000000E+00   8.0946304370E-05   3.3057929479E-01   3.8802445957E-03  -2.0738749738E-05
    1      0.0000000000E+00  -6.2848457540E-03   3.8799834721E-03  -3.3060026508E-01   3.0548392020E-03
    2      0.0000000000E+00  -4.4946159397E-01   6.9084901618E-06   2.0362654722E-03  -5.6418513963E-01
    3      0.0000000000E+00   1.1481766040E-04   4.5299692329E-01   5.3244817136E-03  -8.8271972473E-06
    4      0.0000000000E+00  -9.4023747223E-03   5.3996456356E-03  -4.6004965546E-01   1.4525252352E-02
    5      0.0000000000E+00  -4.5035498507E-01   4.5594043288E-03  -3.8491612607E-01  -4.1046952678E-01
    6      0.0000000000E+00   3.5036562761E-04   4.6134121280E-01   8.4293784232E-03   1.1153965831E-02
    7      0.0000000000E+00  -9.5870606575E-03   2.4343574508E-03  -4.5795423684E-01  -4.1273652763E-03
    8      0.0000000000E+00  -4.3571207953E-01   3.3233114135E-01   1.9841153918E-01  -4.0900164752E-01
    9      0.0000000000E+00  -1.1664943195E-04   4.6139256940E-01   2.3934110333E-03  -1.1174618952E-02
   10      0.0000000000E+00  -9.5845357397E-03   8.3140310106E-03  -4.5785104502E-01  -4.1274541528E-03
   11      0.0000000000E+00  -4.3589614101E-01  -3.3686018104E-01   1.9053146709E-01  -4.0902985877E-01
   12      0.0000000000E+00  -6.0437069693E-05  -1.8850106917E-01  -2.2124025080E-03   1.4210215592E-05
   13      0.0000000000E+00   6.6457456170E-03  -2.2124509428E-03   1.8849324805E-01  -2.2656522187E-03
   14      0.0000000000E+00  -4.4781480259E-01  -8.4631691837E-06   4.7387470774E-03   4.2203473697E-01
   15      0.0000000000E+00  -1.3820704387E-06  -1.3996699360E-02  -1.6430925399E-04   6.9689584457E-08
   16      0.0000000000E+00  -1.7309716305E-04  -1.6428334784E-04   1.4000841877E-02   2.4106233165E-07
   17      0.0000000000E+00   1.2008359130E-01   3.7192954391E-07  -9.3414812290E-04  -2.4107008576E-05
                   10                 11                 12                 13                 14        
    0     -1.2384747934E-01   5.3282685641E-02   3.6528844439E-06   1.6459732920E-05   6.4494115325E-02
    1     -5.3305260403E-02  -1.2391357306E-01  -3.6277202502E-04   6.4421605451E-02  -1.6071354994E-05
    2     -2.8808087809E-04  -6.8659883798E-04   1.1289636223E-01   1.3990899327E-05  -1.3951127931E-06
    3      2.4576317950E-01  -1.0571705338E-01  -2.1585449368E-05  -1.4299689425E-04  -7.3657853122E-01
    4      5.6017626027E-02   1.3023313772E-01  -1.9321643566E-01   1.2545707316E-01   1.6266295398E-06
    5      2.9571913276E-01   6.8737592489E-01  -5.3956304389E-01   3.2696985698E-01  -5.0062688327E-05
    6      1.8283733820E-01  -2.1040877221E-02  -1.7105162009E-01  -3.7325436088E-01  -8.9014217256E-02
    7      1.4013281991E-01   2.0068714817E-01   9.9460563333E-02  -5.2005465873E-01  -3.7521756024E-01
    8      4.4803008959E-01  -5.9896448418E-01  -5.3866899619E-01  -1.6393071479E-01   2.7897553695E-01
    9      1.4095695412E-01  -1.1828381680E-01   1.7102491627E-01   3.7316546493E-01  -8.9158951953E-02
   10      4.9342593781E-02   2.3975714418E-01   9.9446650305E-02  -5.1992526559E-01   3.7544613390E-01
   11     -7.4295504380E-01  -8.6510224803E-02  -5.3867145181E-01  -1.6407022241E-01  -2.7890245426E-01
   12      4.8170561874E-02  -2.0724344228E-02   1.8440548540E-07   1.8511128083E-06   7.6011400432E-03
   13      2.0715056817E-02   4.8153983475E-02  -7.5523100135E-05   7.6380413295E-03  -1.9550747466E-06
   14      1.3690691373E-04   3.2587362495E-04   1.3112100561E-02   4.3672017555E-05  -3.1515193230E-07
   15     -1.3602771902E-05   5.8694702536E-06   1.0224185315E-08   6.9558317983E-09   2.3833225515E-05
   16     -5.9271137518E-06  -1.3761241121E-05   4.3923123662E-07   2.3353993086E-05  -1.4707147897E-08
   17      4.6217417218E-07   1.0982339230E-06   1.9493165208E-04   3.2784216196E-07  -3.6264885089E-09
                   15                 16                 17        
     0     -2.2414489778E-05  -1.0398746583E-04  -8.9795017276E-02
     1     -1.2269009692E-02   8.8786849826E-02  -9.9679425345E-05
     2      3.7053774836E-02   5.8593057937E-03  -1.4554920171E-05
     3      5.1841827503E-06  -7.5295830109E-05  -4.5453468173E-02
     4      6.5093198033E-01  -6.8263003464E-01   6.4269896752E-04
     5     -1.9947226974E-01   2.3062023947E-01  -2.2078148798E-04
     6      4.2608387095E-01   4.1832964479E-01   5.6466410753E-01
     7     -2.5129799961E-01  -1.9560245064E-01  -3.5091532327E-01
     8     -1.5156424251E-01  -1.5495532050E-01  -2.2788536392E-01
     9     -4.2582006764E-01  -4.1699827388E-01   5.6594248105E-01
    10     -2.5108891451E-01  -1.9472844673E-01   3.5147712210E-01
    11     -1.5142143695E-01  -1.5438326241E-01   2.2830592464E-01
    12     -1.8176950182E-07  -1.1022403910E-06  -9.2350660480E-04
    13     -1.3929574698E-04   9.1242009689E-04  -1.0159080419E-06
    14      2.8535473016E-03   4.1661626434E-04  -1.2342845032E-06
    15      1.2090611770E-08   3.0024740179E-08   1.7638972505E-05
    16      2.1748563109E-06  -1.7402606856E-05   1.9038751436E-08
    17      5.6840280586E-05   8.3301222680E-06  -2.4502643900E-08

#
# The atoms: label  mass x y z (in bohrs)
#
$atoms
6
 C     12.01100      0.000084759189    -0.019541697222     4.755718901413
 H      1.00800      0.000133957444     1.932621800254     4.116810312176
 H      1.00800      1.687748389144    -0.989876208752     4.101742421118
 H      1.00800     -1.687679531484    -0.989758733276     4.101831440816
 F     18.99800      0.000159124321    -0.033091553735     7.363838384873
 I    126.90000     -0.000033455667     0.007177130891    -1.650418349946

$actual_temperature
  0.000000

$frequency_scale_factor
  1.000000


$end

