
$orca_hessian_file

$act_atom
  0

$act_coord
  0

$act_energy
      -12.416189

$multiplicity
  1

$hessian
18
                    0                  1                  2                  3                  4        
    0      4.7638601120E-01   3.3738100000E-05  -2.2665100000E-05  -3.8945853000E-02   6.0176200000E-05
    1      3.3738100000E-05   3.9986345150E-01   6.7285465800E-02   6.2653600000E-05  -1.1892402270E-01
    2     -2.2665100000E-05   6.7285465800E-02   2.8502077150E-01   6.9190700000E-05  -8.5714911700E-02
    3     -3.8945853000E-02   6.2653600000E-05   6.9190700000E-05   4.8949484500E-02  -6.9771800000E-05
    4      6.0176200000E-05  -1.1892402270E-01  -8.5714911700E-02  -6.9771800000E-05   1.3822865080E-01
    5      7.2207300000E-05  -9.5765323700E-02  -1.2325631600E-01  -7.4880300000E-05   9.4200293600E-02
    6     -2.1144351020E-01   1.1633994180E-01  -7.2371776000E-03  -1.7923126000E-03   1.0617263000E-03
    7      1.2546572270E-01  -1.2510431980E-01   2.5289721000E-03   1.6860421600E-02  -1.0210365000E-02
    8     -7.8329664000E-03   3.1730503000E-03  -3.7817319500E-02   1.5604235500E-02  -1.0307077300E-02
    9     -2.1113764390E-01  -1.1644220620E-01   7.1994499000E-03  -1.7658486000E-03  -1.0475852000E-03
   10     -1.2556656980E-01  -1.2540023890E-01   2.5135351000E-03  -1.6848735000E-02  -1.0234093400E-02
   11      7.7938073000E-03   3.1586326000E-03  -3.7814860800E-02  -1.5591146600E-02  -1.0326429800E-02
   12      1.7391577000E-03   4.6040000000E-07  -4.0940000000E-07  -5.9812622000E-03   4.5130000000E-07
   13      1.1596000000E-06  -1.3472680000E-03  -6.8423247000E-03  -1.5238000000E-06  -4.4107809000E-03
   14      4.1722000000E-06  -1.0563873000E-02  -2.6617321200E-02  -3.7524000000E-06   6.4346938000E-03
   15     -1.6598161900E-02   5.4123000000E-06  -8.3885000000E-06  -4.6420810000E-04  -4.9968000000E-06
   16      5.7732000000E-06  -2.9087602100E-02   2.0229263400E-02  -3.0445000000E-06   5.5506113000E-03
   17     -1.4555400000E-05   3.2712048000E-02  -5.9514954000E-02  -3.6468000000E-06   5.7134315000E-03
                    5                  6                  7                  8                  9        
    0      7.2207300000E-05  -2.1144351020E-01   1.2546572270E-01  -7.8329664000E-03  -2.1113764390E-01
    1     -9.5765323700E-02   1.1633994180E-01  -1.2510431980E-01   3.1730503000E-03  -1.1644220620E-01
    2     -1.2325631600E-01  -7.2371776000E-03   2.5289721000E-03  -3.7817319500E-02   7.1994499000E-03
    3     -7.4880300000E-05  -1.7923126000E-03   1.6860421600E-02   1.5604235500E-02  -1.7658486000E-03
    4      9.4200293600E-02   1.0617263000E-03  -1.0210365000E-02  -1.0307077300E-02  -1.0475852000E-03
    5      1.2860076680E-01   1.1154100000E-05   1.1850846000E-03   4.2001151000E-03  -1.3486800000E-05
    6      1.1154100000E-05   2.3845859560E-01  -1.3167611740E-01   6.1154397000E-03  -2.7686667000E-02
    7      1.1850846000E-03  -1.3167611740E-01   1.3160834310E-01  -6.3623055000E-03  -1.5214559900E-02
    8      4.2001151000E-03   6.1154397000E-03  -6.3623055000E-03   4.5898881700E-02  -3.4308060000E-04
    9     -1.3486800000E-05  -2.7686667000E-02  -1.5214559900E-02  -3.4308060000E-04   2.3812505850E-01
   10      1.1818970000E-03   1.5167213400E-02   1.0247250900E-02  -1.1942215000E-03   1.3180432530E-01
   11      4.1969035000E-03   3.3916100000E-04  -1.1966665000E-03   1.2362452000E-03  -6.0690118000E-03
   12      3.2674000000E-06   5.6856440000E-04  -7.9823230000E-04  -1.4300920000E-04   5.6685430000E-04
   13     -1.0724363000E-03  -1.7204220000E-04  -4.5868050000E-04  -2.1448560000E-04   1.7240230000E-04
   14      3.1119630000E-03   7.3502060000E-04  -2.0438892000E-03  -1.5187773000E-03  -7.3297960000E-04
   15      1.7382000000E-06   1.8953299000E-03   5.3627653000E-03  -1.3400619000E-02   1.8982467000E-03
   16      2.7048490000E-04  -7.2072190000E-04  -6.0822287000E-03   1.4905039500E-02   7.2762350000E-04
   17     -1.6853432300E-02   3.6402100000E-05   5.8888046000E-03  -1.1999145200E-02  -4.0891100000E-05
                   10                 11                 12                 13                 14        
    0     -1.2556656980E-01   7.7938073000E-03   1.7391577000E-03   1.1596000000E-06   4.1722000000E-06
    1     -1.2540023890E-01   3.1586326000E-03   4.6040000000E-07  -1.3472680000E-03  -1.0563873000E-02
    2      2.5135351000E-03  -3.7814860800E-02  -4.0940000000E-07  -6.8423247000E-03  -2.6617321200E-02
    3     -1.6848735000E-02  -1.5591146600E-02  -5.9812622000E-03  -1.5238000000E-06  -3.7524000000E-06
    4     -1.0234093400E-02  -1.0326429800E-02   4.5130000000E-07  -4.4107809000E-03   6.4346938000E-03
    5      1.1818970000E-03   4.1969035000E-03   3.2674000000E-06  -1.0724363000E-03   3.1119630000E-03
    6      1.5167213400E-02   3.3916100000E-04   5.6856440000E-04  -1.7204220000E-04   7.3502060000E-04
    7      1.0247250900E-02  -1.1966665000E-03  -7.9823230000E-04  -4.5868050000E-04  -2.0438892000E-03
    8     -1.1942215000E-03   1.2362452000E-03  -1.4300920000E-04  -2.1448560000E-04  -1.5187773000E-03
    9      1.3180432530E-01  -6.0690118000E-03   5.6685430000E-04   1.7240230000E-04  -7.3297960000E-04
   10      1.3193326420E-01  -6.3430756000E-03   7.9803140000E-04  -4.5789330000E-04  -2.0465669000E-03
   11     -6.3430756000E-03   4.5897913000E-02   1.4218340000E-04  -2.1480160000E-04  -1.5194129000E-03
   12      7.9803140000E-04   1.4218340000E-04   2.4794958000E-03  -4.4960000000E-07  -3.7159000000E-06
   13     -4.5789330000E-04  -2.1480160000E-04  -4.4960000000E-07   6.2809286000E-03   1.0917076300E-02
   14     -2.0465669000E-03  -1.5194129000E-03  -3.7159000000E-06   1.0917076300E-02   2.6792501200E-02
   15     -5.3542654000E-03   1.3385006600E-02   6.2719010000E-04   4.5380000000E-07   1.2551000000E-06
   16     -6.0882895000E-03   1.4922341000E-02  -2.6110000000E-07   3.9369420000E-04  -2.6974410000E-03
   17      5.8884319000E-03  -1.1996787900E-02   1.6837000000E-06  -2.5730281000E-03  -2.4895280000E-04
                   15                 16                 17        
     0     -1.6598161900E-02   5.7732000000E-06  -1.4555400000E-05
     1      5.4123000000E-06  -2.9087602100E-02   3.2712048000E-02
     2     -8.3885000000E-06   2.0229263400E-02  -5.9514954000E-02
     3     -4.6420810000E-04  -3.0445000000E-06  -3.6468000000E-06
     4     -4.9968000000E-06   5.5506113000E-03   5.7134315000E-03
     5      1.7382000000E-06   2.7048490000E-04  -1.6853432300E-02
     6      1.8953299000E-03  -7.2072190000E-04   3.6402100000E-05
     7      5.3627653000E-03  -6.0822287000E-03   5.8888046000E-03
     8     -1.3400619000E-02   1.4905039500E-02  -1.1999145200E-02
     9      1.8982467000E-03   7.2762350000E-04  -4.0891100000E-05
    10     -5.3542654000E-03  -6.0882895000E-03   5.8884319000E-03
    11      1.3385006600E-02   1.4922341000E-02  -1.1996787900E-02
    12      6.2719010000E-04  -2.6110000000E-07   1.6837000000E-06
    13      4.5380000000E-07   3.9369420000E-04  -2.5730281000E-03
    14      1.2551000000E-06  -2.6974410000E-03  -2.4895280000E-04
    15      1.2641603200E-02  -9.3692000000E-06   2.1007500000E-05
    16     -9.3692000000E-06   3.5313814800E-02  -4.7629687800E-02
    17      2.1007500000E-05  -4.7629687800E-02   1.0061327210E-01

$vibrational_frequencies
18
    0        0.0000000000000000
    1        0.0000000000000000
    2        0.0000000000000000
    3        0.0000000000000000
    4        0.0000000000000000
    5        0.0000000000000000
    6       77.6638497191341060
    7      257.7268836103111767
    8      297.7004297170185509
    9      521.0448663614588440
   10      875.6121478893203403
   11      959.0257604981733266
   12     1301.1865143281675046
   13     1402.5593816183936724
   14     1441.7591805428000953
   15     2535.1043010694065742
   16     3032.8275073233994590
   17     3039.6300575924119585

$normal_modes
18 18
                    0                  1                  2                  3                  4        
    0      0.0000000000E+00   0.0000000000E+00   0.0000000000E+00   0.0000000000E+00   0.0000000000E+00
    1      0.0000000000E+00   0.0000000000E+00   0.0000000000E+00   0.0000000000E+00   0.0000000000E+00
    2      0.0000000000E+00   0.0000000000E+00   0.0000000000E+00   0.0000000000E+00   0.0000000000E+00
    3      0.0000000000E+00   0.0000000000E+00   0.0000000000E+00   0.0000000000E+00   0.0000000000E+00
    4      0.0000000000E+00   0.0000000000E+00   0.0000000000E+00   0.0000000000E+00   0.0000000000E+00
    5      0.0000000000E+00   0.0000000000E+00   0.0000000000E+00   0.0000000000E+00   0.0000000000E+00
    6      0.0000000000E+00   0.0000000000E+00   0.0000000000E+00   0.0000000000E+00   0.0000000000E+00
    7      0.0000000000E+00   0.0000000000E+00   0.0000000000E+00   0.0000000000E+00   0.0000000000E+00
    8      0.0000000000E+00   0.0000000000E+00   0.0000000000E+00   0.0000000000E+00   0.0000000000E+00
    9      0.0000000000E+00   0.0000000000E+00   0.0000000000E+00   0.0000000000E+00   0.0000000000E+00
   10      0.0000000000E+00   0.0000000000E+00   0.0000000000E+00   0.0000000000E+00   0.0000000000E+00
   11      0.0000000000E+00   0.0000000000E+00   0.0000000000E+00   0.0000000000E+00   0.0000000000E+00
   12      0.0000000000E+00   0.0000000000E+00   0.0000000000E+00   0.0000000000E+00   0.0000000000E+00
   13      0.0000000000E+00   0.0000000000E+00   0.0000000000E+00   0.0000000000E+00   0.0000000000E+00
   14      0.0000000000E+00   0.0000000000E+00   0.0000000000E+00   0.0000000000E+00   0.0000000000E+00
   15      0.0000000000E+00   0.0000000000E+00   0.0000000000E+00   0.0000000000E+00   0.0000000000E+00
   16      0.0000000000E+00   0.0000000000E+00   0.0000000000E+00   0.0000000000E+00   0.0000000000E+00
   17      0.0000000000E+00   0.0000000000E+00   0.0000000000E+00   0.0000000000E+00   0.0000000000E+00
                    5                  6                  7                  8                  9        
    0      0.0000000000E+00   1.7394063480E-04  -2.7134082223E-04  -1.0559048053E-01   9.4282650350E-05
    1      0.0000000000E+00  -3.8000614198E-01   3.8554508529E-01  -1.4982428538E-04  -2.0348093120E-01
    2      0.0000000000E+00  -1.4914339580E-01   1.0115775121E-01  -1.9436220191E-05   5.4399265941E-01
    3      0.0000000000E+00   3.5128580598E-04  -8.6407925114E-04  -5.7637976832E-01   9.0584388122E-05
    4      0.0000000000E+00  -4.7416024888E-01   5.0138074284E-01  -4.5797948298E-04  -1.3370458717E-01
    5      0.0000000000E+00  -3.4203052859E-02   7.3050463152E-03  -9.1079424366E-05   4.7730119084E-01
    6      0.0000000000E+00   2.6145062492E-03  -6.4190001063E-03   2.1856711710E-01   1.7766492957E-02
    7      0.0000000000E+00  -3.8597677817E-01   3.8053687702E-01   4.7675516689E-01  -1.7696722507E-01
    8      0.0000000000E+00  -2.5838758656E-01   2.4269173610E-01   2.2847051945E-01   4.1499946445E-01
    9      0.0000000000E+00  -2.4060918474E-03   6.6070656130E-03   2.1919777602E-01  -1.7633351325E-02
   10      0.0000000000E+00  -3.8573382061E-01   3.7943978563E-01  -4.7662917634E-01  -1.7691959904E-01
   11      0.0000000000E+00  -2.5833955570E-01   2.4223595176E-01  -2.2847127973E-01   4.1503486765E-01
   12      0.0000000000E+00  -7.2385875923E-05   1.2457791169E-04   4.3912524429E-02   4.6301792059E-06
   13      0.0000000000E+00   1.4321422295E-01  -1.9585770016E-01   6.4563268502E-05  -2.1504494706E-02
   14      0.0000000000E+00  -3.8618545293E-01  -3.7779472778E-01   6.1493822202E-05  -7.4286721078E-02
   15      0.0000000000E+00  -1.0072434226E-05   1.2401617839E-05   4.5210474137E-03  -1.1394081056E-05
   16      0.0000000000E+00   2.4423229143E-02  -1.7189327791E-02   7.1521778021E-06   2.6351804552E-02
   17      0.0000000000E+00   7.6307724180E-02   4.3074609082E-02  -6.6370115690E-06  -5.0751701436E-02
                   10                 11                 12                 13                 14        
    0      9.9206749855E-05  -9.7415523535E-02   1.3837139932E-05   6.3019785474E-02   5.5083029432E-05
    1     -8.9802522704E-02  -8.9015464167E-05  -2.7700240777E-02   5.6029294200E-05  -7.3741422958E-02
    2     -2.6643930576E-02  -1.9053327311E-05   1.0536785628E-01   6.2281650380E-07  -1.5502477699E-02
    3     -3.7907432468E-04   3.4865124531E-01  -3.0237895125E-04  -7.7901336905E-01   1.2114120183E-05
    4      5.1205802465E-01   3.9035825228E-04   4.1190582158E-01  -5.6106877590E-04  -1.7672708147E-01
    5     -6.3927742121E-01  -1.5745904570E-04  -3.7193711861E-01  -5.4676632093E-05   1.2333752665E-01
    6      4.2340821075E-02   1.4739893457E-01   7.9987501956E-02  -7.3416055887E-02   3.9588052909E-01
    7      2.4589375380E-02   2.8977798819E-01   7.6151245829E-02  -1.6485510566E-01   5.6234401359E-01
    8      3.9732867578E-01  -5.7325151632E-01  -5.7263841808E-01  -4.0250522109E-01   3.0821273647E-02
    9     -4.2560545620E-02   1.4761753599E-01  -7.9977765259E-02  -7.3589314623E-02  -3.9660481351E-01
   10      2.4770427382E-02  -2.8957601521E-01   7.6081580616E-02   1.6462306711E-01   5.6189657141E-01
   11      3.9700932025E-01   5.7354808129E-01  -5.7255612176E-01   4.0256557831E-01   3.0834612832E-02
   12      4.8782255627E-07  -3.6178422747E-03   1.0076179466E-06   3.5867883454E-03   5.0763343528E-08
   13     -2.6477789047E-03  -3.7263327914E-06  -1.6137455460E-03   2.6286313240E-06   1.1891462543E-04
   14      3.1977848797E-03   2.2298309514E-06   4.3093858222E-04  -1.0961678263E-06  -9.3362585901E-04
   15     -4.7064670227E-06   4.6491139727E-03   8.6400928970E-07   8.5385690438E-04   4.3578401921E-07
   16      4.4366543247E-03   4.2780751351E-06  -1.6177007672E-03   6.0319615396E-07  -5.6457462942E-04
   17      8.1140798731E-04   3.6460532588E-07   2.0134627168E-03   6.0034057288E-08   1.3761956872E-04
                   15                 16                 17        
     0     -4.2758272249E-05  -3.2734936444E-04  -9.2099498045E-02
     1      5.4430914292E-02  -6.2723063808E-02   2.0399992094E-04
     2      5.6826786395E-02   7.5253275667E-04  -1.2487397213E-05
     3      5.6775090362E-04  -1.6411890143E-04  -3.9067331388E-02
     4     -7.2002597561E-01   1.0301754630E-02  -6.3837869226E-05
     5     -6.8530830751E-01   3.4010710419E-02  -1.4214571814E-04
     6     -3.5727352787E-02  -5.9659846188E-01   5.7078015749E-01
     7      3.8406282277E-02   3.7017413671E-01  -4.1593371325E-01
     8      1.0367830828E-02  -2.2547620777E-02   1.8073616917E-02
     9      3.5679884427E-02   6.0065430082E-01   5.6528219272E-01
    10      3.8455025381E-02   3.7421938727E-01   4.1353840916E-01
    11      1.0365691313E-02  -2.2571060537E-02  -1.7772041498E-02
    12     -1.1656857835E-06   9.2879288695E-07   2.0713998335E-04
    13      7.3668343260E-04  -1.9743474465E-05   1.5284100745E-07
    14     -1.9779338419E-03  -2.3049718680E-04   8.4713950616E-07
    15      8.8814044697E-08  -6.8603515522E-08  -2.7574100587E-05
    16     -1.5331156913E-04  -5.5090897741E-05   2.0227246999E-07
    17      1.9638801731E-04   5.1514178695E-05  -2.1129209541E-07

#
# The atoms: label  mass x y z (in bohrs)
#
$atoms
6
 C     12.01100      0.000674470062    -1.616580433975     2.400717542632
 H      1.00800     -0.000367408185    -0.247257575907     3.997042239323
 H      1.00800      1.676915571907    -2.794579074055     2.481519578574
 H      1.00800     -1.674111700113    -2.796685585568     2.481173566060
 F     18.99800     -0.000215949152     0.715616199188     6.968504051689
 I    126.90000     -0.000050862201     0.092251390494    -1.341639650477

$actual_temperature
  0.000000

$frequency_scale_factor
  1.000000


$end

