
$orca_hessian_file

$act_atom
  0

$act_coord
  0

$act_energy
      -12.416186

$multiplicity
  1

$hessian
18
                    0                  1                  2                  3                  4        
    0      4.7623179730E-01   4.4884628000E-03  -3.9655066000E-03  -3.9280620300E-02   4.1641793000E-03
    1      4.4884628000E-03   3.9757323700E-01   6.6612251300E-02   4.1579182000E-03  -1.1547111120E-01
    2     -3.9655066000E-03   6.6612251300E-02   2.8547548090E-01   4.5540905000E-03  -8.3520190700E-02
    3     -3.9280620300E-02   4.1579182000E-03   4.5540905000E-03   4.9381337100E-02  -4.6528692000E-03
    4      4.1641793000E-03  -1.1547111120E-01  -8.3520190700E-02  -4.6528692000E-03   1.3432890810E-01
    5      5.1289929000E-03  -9.3483311500E-02  -1.2342132270E-01  -5.0478152000E-03   9.1682528300E-02
    6     -2.2457128110E-01   1.1082673160E-01  -5.8774092000E-03  -2.7434012000E-03   1.3924833000E-03
    7      1.2001685520E-01  -1.1197308150E-01   1.1942996000E-03   1.7021172400E-02  -8.9768078000E-03
    8     -6.2879229000E-03   1.7221614000E-03  -3.7704128500E-02   1.6236198200E-02  -9.4256704000E-03
    9     -1.9753863260E-01  -1.2041743120E-01   6.1431909000E-03  -8.2011750000E-04  -4.9843770000E-04
   10     -1.2960514910E-01  -1.3894912630E-01   2.2010989000E-03  -1.6096397000E-02  -1.0941262400E-02
   11      6.4977140000E-03   2.7440767000E-03  -3.7739002400E-02  -1.5068974100E-02  -1.1173940600E-02
   12      1.8418733000E-03   1.6896270000E-04   3.6894430000E-04  -6.1262831000E-03  -8.1398200000E-05
   13      1.7333130000E-04  -1.5020387000E-03  -7.3436181000E-03  -9.2023700000E-05  -4.4393199000E-03
   14      5.5864670000E-04  -1.0890684400E-02  -2.6879458800E-02  -3.4393550000E-04   6.5700972000E-03
   15     -1.6683136600E-02   7.7535600000E-04  -1.2233100000E-03  -4.1091490000E-04  -3.2395740000E-04
   16      7.6232060000E-04  -2.9677879400E-02   2.0856159000E-02  -3.3780080000E-04   5.4995931000E-03
   17     -1.9319241000E-03   3.3295506500E-02  -5.9731568500E-02  -3.2956390000E-04   5.8671762000E-03
                    5                  6                  7                  8                  9        
    0      5.1289929000E-03  -2.2457128110E-01   1.2001685520E-01  -6.2879229000E-03  -1.9753863260E-01
    1     -9.3483311500E-02   1.1082673160E-01  -1.1197308150E-01   1.7221614000E-03  -1.2041743120E-01
    2     -1.2342132270E-01  -5.8774092000E-03   1.1942996000E-03  -3.7704128500E-02   6.1431909000E-03
    3     -5.0478152000E-03  -2.7434012000E-03   1.7021172400E-02   1.6236198200E-02  -8.2011750000E-04
    4      9.1682528300E-02   1.3924833000E-03  -8.9768078000E-03  -9.4256704000E-03  -4.9843770000E-04
    5      1.2873179310E-01  -5.3994800000E-05   1.0920763000E-03   4.1105167000E-03  -5.5160100000E-05
    6     -5.3994800000E-05   2.5266056770E-01  -1.2495270860E-01   4.8069552000E-03  -2.7552980000E-02
    7      1.0920763000E-03  -1.2495270860E-01   1.1737995790E-01  -5.1295173000E-03  -1.7308076400E-02
    8      4.1105167000E-03   4.8069552000E-03  -5.1295173000E-03   4.5779255200E-02  -3.9362550000E-04
    9     -5.5160100000E-05  -2.7552980000E-02  -1.7308076400E-02  -3.9362550000E-04   2.2324531390E-01
   10      1.1370998000E-03   1.3074658100E-02   1.0138791000E-02  -1.1511508000E-03   1.3681040480E-01
   11      4.1475706000E-03   5.9347590000E-04  -1.0562351000E-03   1.2061158000E-03  -4.6918947000E-03
   12      6.7972200000E-05   6.2281600000E-04  -7.3779240000E-04  -1.3982310000E-04   5.1419120000E-04
   13     -7.8148910000E-04  -8.9630300000E-05  -5.5103270000E-04  -2.6280830000E-04   2.0814070000E-04
   14      3.0889543000E-03   8.5969270000E-04  -2.0391560000E-03  -1.5765912000E-03  -6.3224070000E-04
   15     -3.9995000000E-05   1.5842785000E-03   5.9605497000E-03  -1.4221781800E-02   2.1522250000E-03
   16      3.5309620000E-04  -2.5153400000E-04  -6.0178269000E-03   1.4246985400E-02   1.2053999000E-03
   17     -1.6657511900E-02  -3.2871990000E-04   5.9385325000E-03  -1.1815168000E-02  -3.7026990000E-04
                   10                 11                 12                 13                 14        
    0     -1.2960514910E-01   6.4977140000E-03   1.8418733000E-03   1.7333130000E-04   5.5864670000E-04
    1     -1.3894912630E-01   2.7440767000E-03   1.6896270000E-04  -1.5020387000E-03  -1.0890684400E-02
    2      2.2010989000E-03  -3.7739002400E-02   3.6894430000E-04  -7.3436181000E-03  -2.6879458800E-02
    3     -1.6096397000E-02  -1.5068974100E-02  -6.1262831000E-03  -9.2023700000E-05  -3.4393550000E-04
    4     -1.0941262400E-02  -1.1173940600E-02  -8.1398200000E-05  -4.4393199000E-03   6.5700972000E-03
    5      1.1370998000E-03   4.1475706000E-03   6.7972200000E-05  -7.8148910000E-04   3.0889543000E-03
    6      1.3074658100E-02   5.9347590000E-04   6.2281600000E-04  -8.9630300000E-05   8.5969270000E-04
    7      1.0138791000E-02  -1.0562351000E-03  -7.3779240000E-04  -5.5103270000E-04  -2.0391560000E-03
    8     -1.1511508000E-03   1.2061158000E-03  -1.3982310000E-04  -2.6280830000E-04  -1.5765912000E-03
    9      1.3681040480E-01  -4.6918947000E-03   5.1419120000E-04   2.0814070000E-04  -6.3224070000E-04
   10      1.4674811400E-01  -6.0068702000E-03   8.4806790000E-04  -4.4580400000E-04  -2.1275288000E-03
   11     -6.0068702000E-03   4.5804427600E-02   1.6158880000E-04  -2.4596200000E-04  -1.5730531000E-03
   12      8.4806790000E-04   1.6158880000E-04   2.5424904000E-03  -2.0923580000E-04  -5.9015000000E-04
   13     -4.4580400000E-04  -2.4596200000E-04  -2.0923580000E-04   6.5629997000E-03   1.1166524900E-02
   14     -2.1275288000E-03  -1.5730531000E-03  -5.9015000000E-04   1.1166524900E-02   2.7154114400E-02
   15     -5.0315847000E-03   1.2508090200E-02   6.0491230000E-04   9.4178000000E-06   1.4798670000E-04
   16     -6.5507122000E-03   1.5738931300E-02   1.1395700000E-05   3.7519550000E-04  -2.6792529000E-03
   17      5.9473511000E-03  -1.1846058400E-02   1.3146790000E-04  -2.5326474000E-03  -2.1396580000E-04
                   15                 16                 17        
     0     -1.6683136600E-02   7.6232060000E-04  -1.9319241000E-03
     1      7.7535600000E-04  -2.9677879400E-02   3.3295506500E-02
     2     -1.2233100000E-03   2.0856159000E-02  -5.9731568500E-02
     3     -4.1091490000E-04  -3.3780080000E-04  -3.2956390000E-04
     4     -3.2395740000E-04   5.4995931000E-03   5.8671762000E-03
     5     -3.9995000000E-05   3.5309620000E-04  -1.6657511900E-02
     6      1.5842785000E-03  -2.5153400000E-04  -3.2871990000E-04
     7      5.9605497000E-03  -6.0178269000E-03   5.9385325000E-03
     8     -1.4221781800E-02   1.4246985400E-02  -1.1815168000E-02
     9      2.1522250000E-03   1.2053999000E-03  -3.7026990000E-04
    10     -5.0315847000E-03  -6.5507122000E-03   5.9473511000E-03
    11      1.2508090200E-02   1.5738931300E-02  -1.1846058400E-02
    12      6.0491230000E-04   1.1395700000E-05   1.3146790000E-04
    13      9.4178000000E-06   3.7519550000E-04  -2.5326474000E-03
    14      1.4798670000E-04  -2.6792529000E-03  -2.1396580000E-04
    15      1.2752635600E-02  -1.3897814000E-03   2.8290099000E-03
    16     -1.3897814000E-03   3.6371629900E-02  -4.8515919000E-02
    17      2.8290099000E-03  -4.8515919000E-02   1.0026427250E-01

$vibrational_frequencies
18
    0        0.0000000000000000
    1        0.0000000000000000
    2        0.0000000000000000
    3        0.0000000000000000
    4        0.0000000000000000
    5        0.0000000000000000
    6       79.3733353356384299
    7      261.7194738662267923
    8      302.1273997093377943
    9      522.4789880808386897
   10      884.0859225434953714
   11      960.9936935837063174
   12     1302.6371170855488799
   13     1402.0392427673082238
   14     1441.2809255537133595
   15     2511.8747126931507410
   16     3032.0874438419768921
   17     3039.1241026308534856

$normal_modes
18 18
                    0                  1                  2                  3                  4        
    0      0.0000000000E+00   0.0000000000E+00   0.0000000000E+00   0.0000000000E+00   0.0000000000E+00
    1      0.0000000000E+00   0.0000000000E+00   0.0000000000E+00   0.0000000000E+00   0.0000000000E+00
    2      0.0000000000E+00   0.0000000000E+00   0.0000000000E+00   0.0000000000E+00   0.0000000000E+00
    3      0.0000000000E+00   0.0000000000E+00   0.0000000000E+00   0.0000000000E+00   0.0000000000E+00
    4      0.0000000000E+00   0.0000000000E+00   0.0000000000E+00   0.0000000000E+00   0.0000000000E+00
    5      0.0000000000E+00   0.0000000000E+00   0.0000000000E+00   0.0000000000E+00   0.0000000000E+00
    6      0.0000000000E+00   0.0000000000E+00   0.0000000000E+00   0.0000000000E+00   0.0000000000E+00
    7      0.0000000000E+00   0.0000000000E+00   0.0000000000E+00   0.0000000000E+00   0.0000000000E+00
    8      0.0000000000E+00   0.0000000000E+00   0.0000000000E+00   0.0000000000E+00   0.0000000000E+00
    9      0.0000000000E+00   0.0000000000E+00   0.0000000000E+00   0.0000000000E+00   0.0000000000E+00
   10      0.0000000000E+00   0.0000000000E+00   0.0000000000E+00   0.0000000000E+00   0.0000000000E+00
   11      0.0000000000E+00   0.0000000000E+00   0.0000000000E+00   0.0000000000E+00   0.0000000000E+00
   12      0.0000000000E+00   0.0000000000E+00   0.0000000000E+00   0.0000000000E+00   0.0000000000E+00
   13      0.0000000000E+00   0.0000000000E+00   0.0000000000E+00   0.0000000000E+00   0.0000000000E+00
   14      0.0000000000E+00   0.0000000000E+00   0.0000000000E+00   0.0000000000E+00   0.0000000000E+00
   15      0.0000000000E+00   0.0000000000E+00   0.0000000000E+00   0.0000000000E+00   0.0000000000E+00
   16      0.0000000000E+00   0.0000000000E+00   0.0000000000E+00   0.0000000000E+00   0.0000000000E+00
   17      0.0000000000E+00   0.0000000000E+00   0.0000000000E+00   0.0000000000E+00   0.0000000000E+00
                    5                  6                  7                  8                  9        
    0      0.0000000000E+00  -2.0866447722E-02  -2.1210716309E-02  -1.0435335917E-01   1.2141877575E-02
    1      0.0000000000E+00   3.7850067615E-01   3.8664825994E-01  -5.6753661233E-03  -2.0694151279E-01
    2      0.0000000000E+00   1.5196621317E-01   1.0434900997E-01   5.3311492073E-05   5.4248139866E-01
    3      0.0000000000E+00  -2.6082960313E-02  -2.6905252622E-02  -5.7178343851E-01   7.9886140666E-03
    4      0.0000000000E+00   4.6762671790E-01   5.0137793864E-01  -3.1703110778E-02  -1.3625995053E-01
    5      0.0000000000E+00   4.3718412446E-02   1.4669143431E-02   4.7617195989E-04   4.7689427215E-01
    6      0.0000000000E+00  -2.3634011378E-02  -2.7675230113E-02   1.9459600077E-01   2.8367363684E-02
    7      0.0000000000E+00   3.8247281234E-01   3.7809482532E-01   4.8793453941E-01  -1.7784373399E-01
    8      0.0000000000E+00   2.5956756743E-01   2.4473845632E-01   2.3209170740E-01   4.1365478652E-01
    9      0.0000000000E+00  -1.8135490934E-02  -1.4530520742E-02   2.4715589175E-01  -6.5661927399E-03
   10      0.0000000000E+00   3.8259278165E-01   3.8029224438E-01  -4.6285710422E-01  -1.8109146973E-01
   11      0.0000000000E+00   2.5955800989E-01   2.4559959657E-01  -2.3256697017E-01   4.1352948892E-01
   12      0.0000000000E+00   8.5572897737E-03   1.0277490149E-02   4.3440030004E-02   1.1578199787E-03
   13      0.0000000000E+00  -1.4331353630E-01  -1.9554296473E-01   2.3669855633E-03  -2.1970384932E-02
   14      0.0000000000E+00   3.9541941413E-01  -3.7107230534E-01  -1.7024693734E-04  -7.4386828755E-02
   15      0.0000000000E+00   1.2328667832E-03   1.0179199940E-03   4.4065114688E-03  -1.5591840725E-03
   16      0.0000000000E+00  -2.4161189196E-02  -1.7328212251E-02   2.3544138512E-04   2.6809492502E-02
   17      0.0000000000E+00  -7.8051938201E-02   4.1664684352E-02   2.0434283063E-05  -5.0567803645E-02
                   10                 11                 12                 13                 14        
    0     -5.0545159602E-03  -9.6989412202E-02  -1.7870074274E-03   6.2823902721E-02  -4.0827763079E-03
    1      8.8575827115E-02  -5.5064359133E-03   2.9136963426E-02   3.5393041200E-03   7.3342002442E-02
    2      2.8060761409E-02   3.4527187280E-05  -1.0487392160E-01  -8.6990114661E-05   1.5938896446E-02
    3      2.9950873448E-02   3.4829829203E-01   2.4250608276E-02  -7.7931316446E-01  -1.0142123570E-02
    4     -5.1354646338E-01   2.0029374104E-02  -4.2021495614E-01  -4.3896793014E-02   1.7859511644E-01
    5      6.3063876342E-01  -1.1082238237E-03   3.7336844194E-01   1.2179700839E-03  -1.2219364446E-01
    6     -4.1789885767E-02   1.2917885212E-01  -7.4365369127E-02  -6.4478704457E-02  -3.6395491186E-01
    7     -2.4007344125E-02   3.0168544491E-01  -8.5423620161E-02  -1.6415312178E-01  -5.8316210862E-01
    8     -4.0314717186E-01  -5.7114609909E-01   5.6851777655E-01  -4.0269905551E-01  -3.4026263041E-02
    9      4.3612949043E-02   1.6344294597E-01   8.4964102416E-02  -8.1230298266E-02   4.2663063231E-01
   10     -2.0090862404E-02  -2.8526319264E-01  -7.6601735470E-02   1.5591631525E-01  -5.3895748838E-01
   11     -4.0225941715E-01   5.7167782022E-01   5.6783813271E-01   4.0322496621E-01  -3.5080892058E-02
   12     -1.6625245198E-04  -3.6890483214E-03  -9.7414350383E-05   3.6772721298E-03   9.6919280506E-06
   13      2.9646656946E-03  -2.0523716823E-04   1.7417077479E-03   2.0430925387E-04  -1.4278924358E-04
   14     -3.3963490780E-03   2.1572145220E-05  -5.6142424619E-04  -1.3036053338E-05   9.7446292147E-04
   15      2.5090722666E-04   4.6412680782E-03  -9.3094659246E-05   8.5093485434E-04  -3.2307065977E-05
   16     -4.3979602134E-03   2.6236137191E-04   1.6063451754E-03   4.8531279346E-05   5.7426788915E-04
   17     -7.5924347753E-04  -1.9181950485E-06  -1.9818403139E-03  -3.6669394947E-06  -1.3493873793E-04
                   15                 16                 17        
     0     -2.9523735596E-03   2.8312345437E-03  -9.2027484289E-02
     1      5.3999821715E-02  -6.2567060487E-02  -4.6718159810E-03
     2      5.7514808056E-02   2.1517648995E-04   1.1876154544E-04
     3      3.9050965609E-02  -7.6410463229E-04  -3.8668103945E-02
     4     -7.1231510816E-01   9.4107762138E-03  -2.2175608442E-03
     5     -6.9230933781E-01   3.3236527946E-02  -1.8954970826E-04
     6     -3.7305172525E-02  -6.1437748659E-01   5.9515099749E-01
     7      3.5699612744E-02   3.3538022816E-01  -3.8489794610E-01
     8      1.0441385211E-02  -1.8022421559E-02   1.3226294445E-02
     9      3.3143512301E-02   5.8098368829E-01   5.3970995471E-01
    10      3.9648741088E-02   4.0827062218E-01   4.4270486691E-01
    11      1.0341813984E-02  -1.9800951418E-02  -1.4435196085E-02
    12     -4.4185063012E-05   2.4900808962E-06   2.0643226068E-04
    13      6.9321794626E-04  -2.4028841764E-05   1.1713641397E-05
    14     -2.0408622638E-03  -2.3495673179E-04   1.4643670138E-06
    15      8.9201483306E-06   2.9779471525E-06  -2.7912350872E-05
    16     -1.5523344998E-04  -5.6238424921E-05  -1.1302510699E-06
    17      1.9590456623E-04   5.1243206941E-05  -3.5166279030E-07

#
# The atoms: label  mass x y z (in bohrs)
#
$atoms
6
 C     12.01100      0.094960268429    -1.643878592376     2.387365724802
 H      1.00800      0.021264668474    -0.288553614520     3.998430742568
 H      1.00800      1.834069901944    -2.727989007801     2.453728014463
 H      1.00800     -1.512226446790    -2.915166313923     2.458116415845
 F     18.99800     -0.029004363917     0.701521273918     6.948582065650
 I    126.90000     -0.007371125824     0.097685478478    -1.337000545138

$actual_temperature
  0.000000

$frequency_scale_factor
  1.000000


$end

