*************************************************
******************* ORCA 6.1.0 ******************
*************************************************
$Calculation_Status
   &GeometryIndex 0
   &version [&Type "String"] "6.1.0"
   &progName [&Type "String"] "orca"
   &Status [&Type "String"] "NORMAL TERMINATION"
$End
$Geometry
   &GeometryIndex 1
   &NAtoms [&Type "Integer"] 6
   &NCorelessECP [&Type "Integer"] 0
   &NGhostAtoms [&Type "Integer"] 0
   &CartesianCoordinates [&Type "Coordinates", &Dim(6,4), &Units "Bohr"] 
              C      0.000177634257   -0.944910310114   -0.516889230507
              H     -0.000835258951    0.400948863012    1.101795373752
              H      1.676857933566   -2.124579408119   -0.465229787184
              H     -1.674939861540   -2.126835741123   -0.465702218717
              F     -0.000591484280    1.484302399424    4.063360942751
              I     -0.000457313724    0.813326789683   -4.238379818370
$End
$Single_Point_Data
   &GeometryIndex 1
   &FinalEnergy [&Type "Double"]      -1.2416127374249999e+01  "Final single point energy"
   &Converged [&Type "Boolean"] true
$End
$Geometry
   &GeometryIndex 2
   &NAtoms [&Type "Integer"] 6
   &NCorelessECP [&Type "Integer"] 0
   &NGhostAtoms [&Type "Integer"] 0
   &CartesianCoordinates [&Type "Coordinates", &Dim(6,4), &Units "Bohr"] 
              C      0.000191525213   -0.941443745494   -0.511534387000
              H     -0.000834569616    0.405267246786    1.101319735406
              H      1.676920469935   -2.120176309537   -0.454257278878
              H     -1.674994994024   -2.122391746977   -0.454708617773
              F     -0.000601050802    1.464305536608    4.029246985277
              I     -0.000469731379    0.816691611378   -4.231111175307
$End
$Single_Point_Data
   &GeometryIndex 2
   &FinalEnergy [&Type "Double"]      -1.2416167976380001e+01  "Final single point energy"
   &Converged [&Type "Boolean"] true
$End
$Geometry
   &GeometryIndex 3
   &NAtoms [&Type "Integer"] 6
   &NCorelessECP [&Type "Integer"] 0
   &NGhostAtoms [&Type "Integer"] 0
   &CartesianCoordinates [&Type "Coordinates", &Dim(6,4), &Units "Bohr"] 
              C      0.000204119413   -0.940288853780   -0.512678402980
              H     -0.000835317329    0.410605572630    1.100907439909
              H      1.676925245198   -2.119029146169   -0.451513630261
              H     -1.674994671692   -2.121216854226   -0.451947136458
              F     -0.000611268991    1.457397600454    4.026872832861
              I     -0.000476457272    0.814784273854   -4.232685841346
$End
$Single_Point_Data
   &GeometryIndex 3
   &FinalEnergy [&Type "Double"]      -1.2416175113490000e+01  "Final single point energy"
   &Converged [&Type "Boolean"] true
$End
$Geometry
   &GeometryIndex 4
   &NAtoms [&Type "Integer"] 6
   &NCorelessECP [&Type "Integer"] 0
   &NGhostAtoms [&Type "Integer"] 0
   &CartesianCoordinates [&Type "Coordinates", &Dim(6,4), &Units "Bohr"] 
              C      0.000223152239   -0.937641823616   -0.515153080464
              H     -0.000834864994    0.419403776902    1.098245739098
              H      1.676755347657   -2.116348146864   -0.447599668192
              H     -1.674820105456   -2.118496631094   -0.448003623252
              F     -0.000627004407    1.446058789772    4.028714012944
              I     -0.000484875712    0.809276627663   -4.237248118410
$End
$Single_Point_Data
   &GeometryIndex 4
   &FinalEnergy [&Type "Double"]      -1.2416180334570001e+01  "Final single point energy"
   &Converged [&Type "Boolean"] true
$End
$Geometry
   &GeometryIndex 5
   &NAtoms [&Type "Integer"] 6
   &NCorelessECP [&Type "Integer"] 0
   &NGhostAtoms [&Type "Integer"] 0
   &CartesianCoordinates [&Type "Coordinates", &Dim(6,4), &Units "Bohr"] 
              C      0.000230647527   -0.935451213617   -0.516214360745
              H     -0.000832918180    0.424230923247    1.095293994318
              H      1.676645529416   -2.114098769743   -0.445215909951
              H     -1.674709862646   -2.116230978672   -0.445604811407
              F     -0.000634056470    1.438797482641    4.031837564757
              I     -0.000487690321    0.805005148907   -4.241141215247
$End
$Single_Point_Data
   &GeometryIndex 5
   &FinalEnergy [&Type "Double"]      -1.2416182439660000e+01  "Final single point energy"
   &Converged [&Type "Boolean"] true
$End
$Geometry
   &GeometryIndex 6
   &NAtoms [&Type "Integer"] 6
   &NCorelessECP [&Type "Integer"] 0
   &NGhostAtoms [&Type "Integer"] 0
   &CartesianCoordinates [&Type "Coordinates", &Dim(6,4), &Units "Bohr"] 
              C      0.000243072779   -0.929073794217   -0.518112929755
              H     -0.000823457422    0.436558434426    1.086072574015
              H      1.676414144030   -2.107470101714   -0.439219146594
              H     -1.674480519407   -2.109571211087   -0.439573925190
              F     -0.000649561747    1.419237331895    4.042039888971
              I     -0.000492028906    0.792571933461   -4.252251199723
$End
$Single_Point_Data
   &GeometryIndex 6
   &FinalEnergy [&Type "Double"]      -1.2416186711510001e+01  "Final single point energy"
   &Converged [&Type "Boolean"] true
$End
$Geometry
   &GeometryIndex 7
   &NAtoms [&Type "Integer"] 6
   &NCorelessECP [&Type "Integer"] 0
   &NGhostAtoms [&Type "Integer"] 0
   &CartesianCoordinates [&Type "Coordinates", &Dim(6,4), &Units "Bohr"] 
              C      0.000241939138   -0.925966701369   -0.518122060707
              H     -0.000814575270    0.442163245865    1.081074152918
              H      1.676389925827   -2.104156183868   -0.436886959903
              H     -1.674459938306   -2.106254232343   -0.437231817192
              F     -0.000654188988    1.410205272333    4.047874058607
              I     -0.000491513075    0.786261192145   -4.257752111999
$End
$Single_Point_Data
   &GeometryIndex 7
   &FinalEnergy [&Type "Double"]      -1.2416188268210000e+01  "Final single point energy"
   &Converged [&Type "Boolean"] true
$End
$Geometry
   &GeometryIndex 8
   &NAtoms [&Type "Integer"] 6
   &NCorelessECP [&Type "Integer"] 0
   &NGhostAtoms [&Type "Integer"] 0
   &CartesianCoordinates [&Type "Coordinates", &Dim(6,4), &Units "Bohr"] 
              C      0.000235724564   -0.924999155211   -0.517342801714
              H     -0.000806153684    0.444323702858    1.078981894977
              H      1.676476826408   -2.102997795291   -0.436540765772
              H     -1.674550445611   -2.105104306804   -0.436886778286
              F     -0.000654694650    1.407197477952    4.050443707343
              I     -0.000489607699    0.783832669259   -4.259699994823
$End
$Single_Point_Data
   &GeometryIndex 8
   &FinalEnergy [&Type "Double"]      -1.2416188858660000e+01  "Final single point energy"
   &Converged [&Type "Boolean"] true
$End
$Hessian
   &GeometryIndex 8
   &HESSIAN [&Type "ArrayOfDoubles", &Dim (18,18)] "The Hessian"
                                                         0                           1                           2                           3                           4                           5                           6                           7

0                                      4.7638601120000001e-01         3.3738100000000001e-05        -2.2665100000000001e-05        -3.8945853000000002e-02         6.0176200000000002e-05         7.2207300000000002e-05        -2.1144351019999999e-01         1.2546572270000000e-01
1                                      3.3738100000000001e-05         3.9986345150000002e-01         6.7285465799999999e-02         6.2653599999999999e-05        -1.1892402270000001e-01        -9.5765323700000002e-02         1.1633994180000000e-01        -1.2510431980000000e-01
2                                     -2.2665100000000001e-05         6.7285465799999999e-02         2.8502077149999999e-01         6.9190700000000001e-05        -8.5714911699999993e-02        -1.2325631600000000e-01        -7.2371776000000002e-03         2.5289721000000000e-03
3                                     -3.8945853000000002e-02         6.2653599999999999e-05         6.9190700000000001e-05         4.8949484500000001e-02        -6.9771799999999995e-05        -7.4880299999999995e-05        -1.7923126000000001e-03         1.6860421600000002e-02
4                                      6.0176200000000002e-05        -1.1892402270000001e-01        -8.5714911699999993e-02        -6.9771799999999995e-05         1.3822865079999999e-01         9.4200293599999999e-02         1.0617262999999999e-03        -1.0210365000000001e-02
5                                      7.2207300000000002e-05        -9.5765323700000002e-02        -1.2325631600000000e-01        -7.4880299999999995e-05         9.4200293599999999e-02         1.2860076679999999e-01         1.1154100000000000e-05         1.1850846000000001e-03
6                                     -2.1144351019999999e-01         1.1633994180000000e-01        -7.2371776000000002e-03        -1.7923126000000001e-03         1.0617262999999999e-03         1.1154100000000000e-05         2.3845859559999999e-01        -1.3167611739999999e-01
7                                      1.2546572270000000e-01        -1.2510431980000000e-01         2.5289721000000000e-03         1.6860421600000002e-02        -1.0210365000000001e-02         1.1850846000000001e-03        -1.3167611739999999e-01         1.3160834310000000e-01
8                                     -7.8329664000000004e-03         3.1730502999999998e-03        -3.7817319500000002e-02         1.5604235500000001e-02        -1.0307077300000000e-02         4.2001151000000004e-03         6.1154397000000001e-03        -6.3623055000000001e-03
9                                     -2.1113764390000000e-01        -1.1644220620000000e-01         7.1994499000000000e-03        -1.7658486000000000e-03        -1.0475852000000000e-03        -1.3486799999999999e-05        -2.7686667000000002e-02        -1.5214559900000001e-02
10                                    -1.2556656980000000e-01        -1.2540023889999999e-01         2.5135350999999999e-03        -1.6848735000000000e-02        -1.0234093400000000e-02         1.1818969999999999e-03         1.5167213400000001e-02         1.0247250899999999e-02
11                                     7.7938073000000004e-03         3.1586326000000000e-03        -3.7814860800000002e-02        -1.5591146600000000e-02        -1.0326429800000000e-02         4.1969034999999998e-03         3.3916099999999999e-04        -1.1966665000000000e-03
12                                     1.7391577000000001e-03         4.6040000000000002e-07        -4.0940000000000000e-07        -5.9812622000000003e-03         4.5130000000000002e-07         3.2673999999999998e-06         5.6856439999999995e-04        -7.9823229999999995e-04
13                                     1.1596000000000001e-06        -1.3472680000000000e-03        -6.8423247000000001e-03        -1.5237999999999999e-06        -4.4107809000000003e-03        -1.0724363000000001e-03        -1.7204220000000000e-04        -4.5868050000000000e-04
14                                     4.1721999999999996e-06        -1.0563873000000000e-02        -2.6617321199999999e-02        -3.7523999999999999e-06         6.4346938000000003e-03         3.1119630000000001e-03         7.3502059999999995e-04        -2.0438892000000002e-03
15                                    -1.6598161899999998e-02         5.4122999999999998e-06        -8.3884999999999994e-06        -4.6420810000000001e-04        -4.9968000000000002e-06         1.7381999999999999e-06         1.8953298999999999e-03         5.3627652999999999e-03
16                                     5.7732000000000001e-06        -2.9087602099999998e-02         2.0229263399999999e-02        -3.0444999999999998e-06         5.5506113000000001e-03         2.7048490000000002e-04        -7.2072190000000000e-04        -6.0822287000000001e-03
17                                    -1.4555400000000000e-05         3.2712048000000001e-02        -5.9514954000000002e-02        -3.6468000000000000e-06         5.7134315000000003e-03        -1.6853432299999999e-02         3.6402100000000002e-05         5.8888046000000003e-03
                                                         8                           9                          10                          11                          12                          13                          14                          15

0                                     -7.8329664000000004e-03        -2.1113764390000000e-01        -1.2556656980000000e-01         7.7938073000000004e-03         1.7391577000000001e-03         1.1596000000000001e-06         4.1721999999999996e-06        -1.6598161899999998e-02
1                                      3.1730502999999998e-03        -1.1644220620000000e-01        -1.2540023889999999e-01         3.1586326000000000e-03         4.6040000000000002e-07        -1.3472680000000000e-03        -1.0563873000000000e-02         5.4122999999999998e-06
2                                     -3.7817319500000002e-02         7.1994499000000000e-03         2.5135350999999999e-03        -3.7814860800000002e-02        -4.0940000000000000e-07        -6.8423247000000001e-03        -2.6617321199999999e-02        -8.3884999999999994e-06
3                                      1.5604235500000001e-02        -1.7658486000000000e-03        -1.6848735000000000e-02        -1.5591146600000000e-02        -5.9812622000000003e-03        -1.5237999999999999e-06        -3.7523999999999999e-06        -4.6420810000000001e-04
4                                     -1.0307077300000000e-02        -1.0475852000000000e-03        -1.0234093400000000e-02        -1.0326429800000000e-02         4.5130000000000002e-07        -4.4107809000000003e-03         6.4346938000000003e-03        -4.9968000000000002e-06
5                                      4.2001151000000004e-03        -1.3486799999999999e-05         1.1818969999999999e-03         4.1969034999999998e-03         3.2673999999999998e-06        -1.0724363000000001e-03         3.1119630000000001e-03         1.7381999999999999e-06
6                                      6.1154397000000001e-03        -2.7686667000000002e-02         1.5167213400000001e-02         3.3916099999999999e-04         5.6856439999999995e-04        -1.7204220000000000e-04         7.3502059999999995e-04         1.8953298999999999e-03
7                                     -6.3623055000000001e-03        -1.5214559900000001e-02         1.0247250899999999e-02        -1.1966665000000000e-03        -7.9823229999999995e-04        -4.5868050000000000e-04        -2.0438892000000002e-03         5.3627652999999999e-03
8                                      4.5898881699999998e-02        -3.4308059999999999e-04        -1.1942215000000000e-03         1.2362452000000000e-03        -1.4300920000000000e-04        -2.1448560000000001e-04        -1.5187772999999999e-03        -1.3400619000000001e-02
9                                     -3.4308059999999999e-04         2.3812505849999999e-01         1.3180432530000000e-01        -6.0690118000000003e-03         5.6685429999999998e-04         1.7240229999999999e-04        -7.3297960000000002e-04         1.8982466999999999e-03
10                                    -1.1942215000000000e-03         1.3180432530000000e-01         1.3193326420000001e-01        -6.3430756000000003e-03         7.9803139999999996e-04        -4.5789330000000001e-04        -2.0465669000000000e-03        -5.3542653999999997e-03
11                                     1.2362452000000000e-03        -6.0690118000000003e-03        -6.3430756000000003e-03         4.5897912999999999e-02         1.4218339999999999e-04        -2.1480159999999999e-04        -1.5194129000000000e-03         1.3385006600000001e-02
12                                    -1.4300920000000000e-04         5.6685429999999998e-04         7.9803139999999996e-04         1.4218339999999999e-04         2.4794957999999998e-03        -4.4960000000000000e-07        -3.7158999999999999e-06         6.2719010000000005e-04
13                                    -2.1448560000000001e-04         1.7240229999999999e-04        -4.5789330000000001e-04        -2.1480159999999999e-04        -4.4960000000000000e-07         6.2809286000000001e-03         1.0917076300000000e-02         4.5380000000000000e-07
14                                    -1.5187772999999999e-03        -7.3297960000000002e-04        -2.0465669000000000e-03        -1.5194129000000000e-03        -3.7158999999999999e-06         1.0917076300000000e-02         2.6792501199999999e-02         1.2551000000000001e-06
15                                    -1.3400619000000001e-02         1.8982466999999999e-03        -5.3542653999999997e-03         1.3385006600000001e-02         6.2719010000000005e-04         4.5380000000000000e-07         1.2551000000000001e-06         1.2641603200000000e-02
16                                     1.4905039500000000e-02         7.2762350000000000e-04        -6.0882894999999999e-03         1.4922341000000000e-02        -2.6109999999999998e-07         3.9369420000000000e-04        -2.6974410000000001e-03        -9.3692000000000000e-06
17                                    -1.1999145200000000e-02        -4.0891099999999999e-05         5.8884319000000003e-03        -1.1996787900000000e-02         1.6837000000000001e-06        -2.5730280999999998e-03        -2.4895279999999999e-04         2.1007499999999998e-05
                                                        16                          17

0                                      5.7732000000000001e-06        -1.4555400000000000e-05
1                                     -2.9087602099999998e-02         3.2712048000000001e-02
2                                      2.0229263399999999e-02        -5.9514954000000002e-02
3                                     -3.0444999999999998e-06        -3.6468000000000000e-06
4                                      5.5506113000000001e-03         5.7134315000000003e-03
5                                      2.7048490000000002e-04        -1.6853432299999999e-02
6                                     -7.2072190000000000e-04         3.6402100000000002e-05
7                                     -6.0822287000000001e-03         5.8888046000000003e-03
8                                      1.4905039500000000e-02        -1.1999145200000000e-02
9                                      7.2762350000000000e-04        -4.0891099999999999e-05
10                                    -6.0882894999999999e-03         5.8884319000000003e-03
11                                     1.4922341000000000e-02        -1.1996787900000000e-02
12                                    -2.6109999999999998e-07         1.6837000000000001e-06
13                                     3.9369420000000000e-04        -2.5730280999999998e-03
14                                    -2.6974410000000001e-03        -2.4895279999999999e-04
15                                    -9.3692000000000000e-06         2.1007499999999998e-05
16                                     3.5313814800000003e-02        -4.7629687800000001e-02
17                                    -4.7629687800000001e-02         1.0061327210000000e-01
   &MODES [&Type "ArrayOfDoubles", &Dim (18,18)] "The modes of vibrations"
                                                         0                           1                           2                           3                           4                           5                           6                           7

0                                      0.0000000000000000e+00         0.0000000000000000e+00         0.0000000000000000e+00         0.0000000000000000e+00         0.0000000000000000e+00         0.0000000000000000e+00         6.7190233897014630e-05        -1.0823621227500556e-04
1                                      0.0000000000000000e+00         0.0000000000000000e+00         0.0000000000000000e+00         0.0000000000000000e+00         0.0000000000000000e+00         0.0000000000000000e+00        -1.4678974577192000e-01         1.5379160183445634e-01
2                                      0.0000000000000000e+00         0.0000000000000000e+00         0.0000000000000000e+00         0.0000000000000000e+00         0.0000000000000000e+00         0.0000000000000000e+00        -5.7611492905516030e-02         4.0351214916512744e-02
3                                      0.0000000000000000e+00         0.0000000000000000e+00         0.0000000000000000e+00         0.0000000000000000e+00         0.0000000000000000e+00         0.0000000000000000e+00         1.3569558082459339e-04        -3.4467598528250252e-04
4                                      0.0000000000000000e+00         0.0000000000000000e+00         0.0000000000000000e+00         0.0000000000000000e+00         0.0000000000000000e+00         0.0000000000000000e+00        -1.8315983532592742e-01         1.9999774478326265e-01
5                                      0.0000000000000000e+00         0.0000000000000000e+00         0.0000000000000000e+00         0.0000000000000000e+00         0.0000000000000000e+00         0.0000000000000000e+00        -1.3212042856818765e-02         2.9139387769398970e-03
6                                      0.0000000000000000e+00         0.0000000000000000e+00         0.0000000000000000e+00         0.0000000000000000e+00         0.0000000000000000e+00         0.0000000000000000e+00         1.0099381700566133e-03        -2.5605003050863909e-03
7                                      0.0000000000000000e+00         0.0000000000000000e+00         0.0000000000000000e+00         0.0000000000000000e+00         0.0000000000000000e+00         0.0000000000000000e+00        -1.4909609841023067e-01         1.5179385785390787e-01
8                                      0.0000000000000000e+00         0.0000000000000000e+00         0.0000000000000000e+00         0.0000000000000000e+00         0.0000000000000000e+00         0.0000000000000000e+00        -9.9810618701886761e-02         9.6808265155959139e-02
9                                      0.0000000000000000e+00         0.0000000000000000e+00         0.0000000000000000e+00         0.0000000000000000e+00         0.0000000000000000e+00         0.0000000000000000e+00        -9.2943132113218290e-04         2.6355184978598878e-03
10                                     0.0000000000000000e+00         0.0000000000000000e+00         0.0000000000000000e+00         0.0000000000000000e+00         0.0000000000000000e+00         0.0000000000000000e+00        -1.4900224814210400e-01         1.5135623473756030e-01
11                                     0.0000000000000000e+00         0.0000000000000000e+00         0.0000000000000000e+00         0.0000000000000000e+00         0.0000000000000000e+00         0.0000000000000000e+00        -9.9792065217461853e-02         9.6626455541198308e-02
12                                     0.0000000000000000e+00         0.0000000000000000e+00         0.0000000000000000e+00         0.0000000000000000e+00         0.0000000000000000e+00         0.0000000000000000e+00        -2.7961401541674187e-05         4.9693375232783491e-05
13                                     0.0000000000000000e+00         0.0000000000000000e+00         0.0000000000000000e+00         0.0000000000000000e+00         0.0000000000000000e+00         0.0000000000000000e+00         5.5321156830641344e-02        -7.8126451581028850e-02
14                                     0.0000000000000000e+00         0.0000000000000000e+00         0.0000000000000000e+00         0.0000000000000000e+00         0.0000000000000000e+00         0.0000000000000000e+00        -1.4917670583227235e-01        -1.5070003111313704e-01
15                                     0.0000000000000000e+00         0.0000000000000000e+00         0.0000000000000000e+00         0.0000000000000000e+00         0.0000000000000000e+00         0.0000000000000000e+00        -3.8908056897981819e-06         4.9469303216060328e-06
16                                     0.0000000000000000e+00         0.0000000000000000e+00         0.0000000000000000e+00         0.0000000000000000e+00         0.0000000000000000e+00         0.0000000000000000e+00         9.4342675045807119e-03        -6.8567188539873534e-03
17                                     0.0000000000000000e+00         0.0000000000000000e+00         0.0000000000000000e+00         0.0000000000000000e+00         0.0000000000000000e+00         0.0000000000000000e+00         2.9476343130654375e-02         1.7182200945431478e-02
                                                         8                           9                          10                          11                          12                          13                          14                          15

0                                     -9.7704476289759506e-02         4.1191681721143104e-05         9.4272683824499936e-05        -9.2239759063600435e-02         1.2962556274251211e-05         6.1441893540927481e-02         5.3237469710305270e-05        -4.1216384478814407e-05
1                                     -1.3863468812995368e-04        -8.8899937826944206e-02        -8.5336177648297429e-02        -8.4286001549628548e-05        -2.5949432589087294e-02         5.4626430469466844e-05        -7.1270712805298536e-02         5.2468104368434479e-02
2                                     -1.7984629913730297e-05         2.3766803756370172e-01        -2.5318789767069621e-02        -1.8041008832741934e-05         9.8708025883343972e-02         6.0722239903233826e-07        -1.4983066389656767e-02         5.4777579951741248e-02
3                                     -5.3333295882996690e-01         3.9575926966235290e-05        -3.6022099311643074e-04         3.3012712653345894e-01        -2.8326693168707965e-04        -7.5950840086634064e-01         1.1708235965928522e-05         5.4727748107489941e-04
4                                     -4.2377537548608503e-04        -5.8414955232141380e-02         4.8659072420267863e-01         3.6961820695958472e-04         3.8587109896235278e-01        -5.4702071324010408e-04        -1.7080583155906784e-01        -6.9406142680923011e-01
5                                     -8.4277175493557098e-05         2.0853082370006565e-01        -6.0748284057234869e-01        -1.4909312099762470e-04        -3.4842863874660873e-01        -5.3307636370952173e-05         1.1920509650797627e-01        -6.6059569769816806e-01
6                                      2.0224347500162826e-01         7.7621038491457227e-03         4.0234992517224830e-02         1.3956751159496400e-01         7.4931850112401055e-02        -7.1577861715652294e-02         3.8261653168801923e-01        -3.4439003996437755e-02
7                                      4.4114880113503030e-01        -7.7316214416218484e-02         2.3366418252928556e-02         2.7438185252262010e-01         7.1338066557667862e-02        -1.6072745686666598e-01         5.4350264862241826e-01         3.7021329755898551e-02
8                                      2.1140724369749292e-01         1.8131146918882857e-01         3.7756746068927927e-01        -5.4279420598700689e-01        -5.3644450773762986e-01        -3.9242727911785508e-01         2.9788605294989515e-02         9.9939609142504458e-03
9                                      2.0282703328712579e-01        -7.7039348466537688e-03        -4.0443789021029554e-02         1.3977449854826429e-01        -7.4922728828461904e-02        -7.1746782392800842e-02        -3.8331654891983785e-01         3.4393247372918691e-02
10                                    -4.4103222016623062e-01        -7.7295406809565814e-02         2.3538465599927491e-02        -2.7419061053408461e-01         7.1272804571176629e-02         1.6050122810922862e-01         5.4307019801642753e-01         3.7068315155407490e-02
11                                    -2.1140794719922240e-01         1.8132693669591715e-01         3.7726398836795566e-01         5.4307501422205684e-01        -5.3636741300021173e-01         3.9248612510443404e-01         2.9801497550477715e-02         9.9918985511520068e-03
12                                     4.0632926189610515e-02         2.0229052477365886e-06         4.6356061131777251e-07        -3.4256234287719724e-03         9.4393092792855588e-07         3.4969821939667424e-03         4.9062515103957063e-08        -1.1236504869339005e-06
13                                     5.9741373508037842e-05        -9.3952206288071601e-03        -2.5160911316993765e-03        -3.5283497577431161e-06        -1.5117479158032075e-03         2.5628155467546175e-06         1.1493038481911602e-04         7.1011820637302883e-04
14                                     5.6901168200733245e-05        -3.2455546799050904e-02         3.0387424579942737e-03         2.1113582542167123e-06         4.0370088402153019e-04        -1.0687219319784203e-06        -9.0234467679272637e-04        -1.9066084155106950e-03
15                                     4.1833938779481670e-03        -4.9780246804020317e-06        -4.4723900158645289e-06         4.4021028387912775e-03         8.0939913121541907e-07         8.3247800073705841e-04         4.2118305332847215e-07         8.5611359411055961e-08
16                                     6.6180188113704259e-06         1.1512989312963694e-02         4.2159965022359773e-03         4.0507775906321784e-06        -1.5154531451534289e-03         5.8809330430872889e-07        -5.4565852755531483e-04        -1.4778306620042282e-04
17                                    -6.1413276670046211e-06        -2.2173198617105913e-02         7.7105246117046937e-04         3.4523355407360605e-07         1.8862007539861413e-03         5.8530922137701622e-08         1.3300861802682782e-04         1.8930615300343846e-04
                                                        16                          17

0                                     -3.1926316141478082e-04        -8.7760296429175294e-02
1                                     -6.1173675040189730e-02         1.9438861137768267e-04
2                                      7.3394364878009977e-04        -1.1899062473500098e-05
3                                     -1.6006482678972879e-04        -3.7226702165136009e-02
4                                      1.0047280088013474e-02        -6.0830193927316207e-05
5                                      3.3170575873680427e-02        -1.3544862485901247e-04
6                                     -5.8186125200224492e-01         5.4388826085640751e-01
7                                      3.6103007367447454e-01        -3.9633729547654661e-01
8                                     -2.1990648138157178e-02         1.7222091453846154e-02
9                                      5.8581690336941827e-01         5.3864932874360594e-01
10                                     3.6497539822044717e-01         3.9405484441097488e-01
11                                    -2.2013508887672235e-02        -1.6934724543804253e-02
12                                     9.0584979107803297e-07         1.9738073200376401e-04
13                                    -1.9255770011677888e-05         1.4564001330509779e-07
14                                    -2.2480343189832896e-04         8.0722713755960825e-07
15                                    -6.6908867494033781e-08        -2.6274966667773164e-05
16                                    -5.3730039183596386e-05         1.9274254802943354e-07
17                                     5.0241672459203009e-05        -2.0133722028775933e-07
$End
$THERMOCHEMISTRY_Energies
   &GeometryIndex 8
   &temperature [&Type "Double"]       2.9814999999999998e+02
   &pressure [&Type "Double"]       1.0000000000000000e+00
   &totalMass [&Type "Double"]       1.6093299999999999e+02
   &spinDegeneracy [&Type "Integer"] 1
   &elEnergy [&Type "Double"]      -1.2416188858660000e+01
   &transEnergy [&Type "Double"]       1.4162714244859817e-03
   &rotEnergy [&Type "Double"]       1.4162714244859817e-03
   &vibEnergy [&Type "Double"]       2.0132713613708621e-03
   &numOfFreqs [&Type "Integer"] 18
   &freqScalingFactor [&Type "Double"]       1.0000000000000000e+00
   &FREQ [&Type "ArrayOfDoubles", &Units "cm^-1", &Dim (18,1)] 
                                                         0

0                                      0.0000000000000000e+00
1                                      0.0000000000000000e+00
2                                      0.0000000000000000e+00
3                                      0.0000000000000000e+00
4                                      0.0000000000000000e+00
5                                      0.0000000000000000e+00
6                                      7.7663849719134106e+01
7                                      2.5772688361031118e+02
8                                      2.9770042971701855e+02
9                                      5.2104486636145884e+02
10                                     8.7561214788932034e+02
11                                     9.5902576049817333e+02
12                                     1.3011865143281675e+03
13                                     1.4025593816183937e+03
14                                     1.4417591805428001e+03
15                                     2.5351043010694066e+03
16                                     3.0328275073233995e+03
17                                     3.0396300575924120e+03
   &zpe [&Type "Double"]       3.5862552322760533e-02
   &innerEnergyU [&Type "Double"]      -1.2375480492126899e+01
   &enthalpyH [&Type "Double"]      -1.2374536283084639e+01
   &qEl [&Type "Double"]       0.0000000000000000e+00
   &qRot [&Type "Double"]       1.2422020157223665e-02
   &qVib [&Type "Double"]       3.5064494510059800e-03
   &qTrans [&Type "Double"]       1.9545129475932437e-02
   &entropyS [&Type "Double"]       3.5473599084162082e-02
   &freeEnergyG [&Type "Double"]      -1.2410009882168801e+01
   &isLinear [&Type "Boolean"] false
$End
$Calculation_Info
   &GeometryIndex 8
   &Mult [&Type "Integer"] 1
   &Charge [&Type "Integer"] -1
   &NumOfAtoms [&Type "Integer"] 6
   &NumOfElectrons [&Type "Integer"] 0
   &NumOfBasisFuncts [&Type "Integer"] 0
   &NumOfAuxCBasisFuncts [&Type "Integer"] 0
   &NumOfAuxJBasisFuncts [&Type "Integer"] 0
   &NumOfAuxJKBasisFuncts [&Type "Integer"] 0
   &NumOfCABSBasisFuncts [&Type "Integer"] 0
$End
$Calculation_Timings
   &GeometryIndex 8
   &GSTEP [&Type "Double"]       1.2760999999999967e-02
   &XTB [&Type "Double"]       9.8734100000000025e-01
   &XTBGRAD [&Type "Double"]       2.2559999999999247e-03
   &SUM [&Type "Double"]       1.0023580000000001e+00
$End
