*************************************************
******************* ORCA 6.1.0 ******************
*************************************************
$Calculation_Status
   &GeometryIndex 0
   &version [&Type "String"] "6.1.0"
   &progName [&Type "String"] "orca"
   &Status [&Type "String"] "NORMAL TERMINATION"
$End
$Geometry
   &GeometryIndex 1
   &NAtoms [&Type "Integer"] 6
   &NCorelessECP [&Type "Integer"] 0
   &NGhostAtoms [&Type "Integer"] 0
   &CartesianCoordinates [&Type "Coordinates", &Dim(6,4), &Units "Bohr"] 
              C      0.050185456939   -0.918826420287   -0.511392017183
              H     -0.022933716361    0.426416702119    1.102386858032
              H      1.789680252939   -2.004485422582   -0.459294157397
              H     -1.557276063811   -2.191823422868   -0.454979912634
              F     -0.075744002900    1.463706274290    4.079867700530
              I     -0.052615644747    0.831800752368   -4.236779220334
$End
$Single_Point_Data
   &GeometryIndex 1
   &FinalEnergy [&Type "Double"]      -1.2416148438870000e+01  "Final single point energy"
   &Converged [&Type "Boolean"] true
$End
$Geometry
   &GeometryIndex 2
   &NAtoms [&Type "Integer"] 6
   &NCorelessECP [&Type "Integer"] 0
   &NGhostAtoms [&Type "Integer"] 0
   &CartesianCoordinates [&Type "Coordinates", &Dim(6,4), &Units "Bohr"] 
              C      0.050060083583   -0.916500522645   -0.507344408771
              H     -0.023140548956    0.430014540184    1.102738756312
              H      1.789226482562   -2.001025250413   -0.450672753331
              H     -1.557144423377   -2.188249259632   -0.446334074978
              F     -0.074932449038    1.448033272389    4.051284405647
              I     -0.052772862715    0.834515683157   -4.229862673865
$End
$Single_Point_Data
   &GeometryIndex 2
   &FinalEnergy [&Type "Double"]      -1.2416177247589999e+01  "Final single point energy"
   &Converged [&Type "Boolean"] true
$End
$Geometry
   &GeometryIndex 3
   &NAtoms [&Type "Integer"] 6
   &NCorelessECP [&Type "Integer"] 0
   &NGhostAtoms [&Type "Integer"] 0
   &CartesianCoordinates [&Type "Coordinates", &Dim(6,4), &Units "Bohr"] 
              C      0.050026084070   -0.915853535509   -0.508322624522
              H     -0.023383673293    0.434368564508    1.102989670182
              H      1.789179566746   -2.000166023593   -0.448176787851
              H     -1.557174334259   -2.187359981134   -0.443819052317
              F     -0.074628869379    1.442296109943    4.047692922039
              I     -0.052722491827    0.833503328825   -4.230554876518
$End
$Single_Point_Data
   &GeometryIndex 3
   &FinalEnergy [&Type "Double"]      -1.2416182662910000e+01  "Final single point energy"
   &Converged [&Type "Boolean"] true
$End
$Geometry
   &GeometryIndex 4
   &NAtoms [&Type "Integer"] 6
   &NCorelessECP [&Type "Integer"] 0
   &NGhostAtoms [&Type "Integer"] 0
   &CartesianCoordinates [&Type "Coordinates", &Dim(6,4), &Units "Bohr"] 
              C      0.049960969068   -0.914605334440   -0.510077078439
              H     -0.023654044059    0.439271969535    1.101857897465
              H      1.789100872509   -1.998771012808   -0.445951356243
              H     -1.557245307063   -2.185954550246   -0.441573529644
              F     -0.074297866138    1.436199822276    4.048512832775
              I     -0.052568342258    0.830647568723   -4.232959514901
$End
$Single_Point_Data
   &GeometryIndex 4
   &FinalEnergy [&Type "Double"]      -1.2416185008570000e+01  "Final single point energy"
   &Converged [&Type "Boolean"] true
$End
$Geometry
   &GeometryIndex 5
   &NAtoms [&Type "Integer"] 6
   &NCorelessECP [&Type "Integer"] 0
   &NGhostAtoms [&Type "Integer"] 0
   &CartesianCoordinates [&Type "Coordinates", &Dim(6,4), &Units "Bohr"] 
              C      0.049894165052   -0.913350385832   -0.510869803061
              H     -0.023801434902    0.441974592024    1.100195214705
              H      1.789003798568   -1.997460801257   -0.444507513399
              H     -1.557292550166   -2.184638107379   -0.440119112017
              F     -0.074070467293    1.432049480462    4.050346537787
              I     -0.052437229200    0.828213685022   -4.235236073001
$End
$Single_Point_Data
   &GeometryIndex 5
   &FinalEnergy [&Type "Double"]      -1.2416185876589999e+01  "Final single point energy"
   &Converged [&Type "Boolean"] true
$End
$Hessian
   &GeometryIndex 5
   &HESSIAN [&Type "ArrayOfDoubles", &Dim (18,18)] "The Hessian"
                                                         0                           1                           2                           3                           4                           5                           6                           7

0                                      4.7623179729999998e-01         4.4884627999999998e-03        -3.9655065999999999e-03        -3.9280620299999999e-02         4.1641793000000002e-03         5.1289928999999996e-03        -2.2457128109999999e-01         1.2001685519999999e-01
1                                      4.4884627999999998e-03         3.9757323700000002e-01         6.6612251299999994e-02         4.1579182000000001e-03        -1.1547111120000000e-01        -9.3483311499999999e-02         1.1082673160000001e-01        -1.1197308150000000e-01
2                                     -3.9655065999999999e-03         6.6612251299999994e-02         2.8547548090000002e-01         4.5540905000000000e-03        -8.3520190699999997e-02        -1.2342132270000000e-01        -5.8774092000000002e-03         1.1942996000000000e-03
3                                     -3.9280620299999999e-02         4.1579182000000001e-03         4.5540905000000000e-03         4.9381337099999999e-02        -4.6528691999999996e-03        -5.0478151999999998e-03        -2.7434012000000000e-03         1.7021172399999999e-02
4                                      4.1641793000000002e-03        -1.1547111120000000e-01        -8.3520190699999997e-02        -4.6528691999999996e-03         1.3432890810000001e-01         9.1682528299999996e-02         1.3924833000000000e-03        -8.9768078000000001e-03
5                                      5.1289928999999996e-03        -9.3483311499999999e-02        -1.2342132270000000e-01        -5.0478151999999998e-03         9.1682528299999996e-02         1.2873179309999999e-01        -5.3994800000000000e-05         1.0920763000000001e-03
6                                     -2.2457128109999999e-01         1.1082673160000001e-01        -5.8774092000000002e-03        -2.7434012000000000e-03         1.3924833000000000e-03        -5.3994800000000000e-05         2.5266056770000000e-01        -1.2495270860000000e-01
7                                      1.2001685519999999e-01        -1.1197308150000000e-01         1.1942996000000000e-03         1.7021172399999999e-02        -8.9768078000000001e-03         1.0920763000000001e-03        -1.2495270860000000e-01         1.1737995790000000e-01
8                                     -6.2879229000000003e-03         1.7221614000000000e-03        -3.7704128500000003e-02         1.6236198199999999e-02        -9.4256704000000007e-03         4.1105166999999996e-03         4.8069552000000000e-03        -5.1295172999999998e-03
9                                     -1.9753863260000001e-01        -1.2041743119999999e-01         6.1431908999999996e-03        -8.2011750000000004e-04        -4.9843770000000003e-04        -5.5160100000000001e-05        -2.7552980000000001e-02        -1.7308076400000000e-02
10                                    -1.2960514910000001e-01        -1.3894912630000000e-01         2.2010989000000002e-03        -1.6096396999999998e-02        -1.0941262400000000e-02         1.1370998000000000e-03         1.3074658100000001e-02         1.0138790999999999e-02
11                                     6.4977139999999999e-03         2.7440767000000000e-03        -3.7739002399999999e-02        -1.5068974100000000e-02        -1.1173940600000000e-02         4.1475705999999999e-03         5.9347589999999997e-04        -1.0562351000000000e-03
12                                     1.8418733000000001e-03         1.6896270000000001e-04         3.6894430000000000e-04        -6.1262831000000002e-03        -8.1398199999999996e-05         6.7972200000000006e-05         6.2281599999999999e-04        -7.3779239999999995e-04
13                                     1.7333130000000001e-04        -1.5020387000000000e-03        -7.3436181000000001e-03        -9.2023700000000005e-05        -4.4393198999999996e-03        -7.8148910000000005e-04        -8.9630300000000001e-05        -5.5103270000000004e-04
14                                     5.5864670000000001e-04        -1.0890684400000000e-02        -2.6879458799999999e-02        -3.4393549999999997e-04         6.5700971999999996e-03         3.0889543000000002e-03         8.5969270000000003e-04        -2.0391559999999999e-03
15                                    -1.6683136599999999e-02         7.7535600000000005e-04        -1.2233100000000000e-03        -4.1091490000000000e-04        -3.2395740000000002e-04        -3.9994999999999999e-05         1.5842784999999999e-03         5.9605496999999997e-03
16                                     7.6232060000000002e-04        -2.9677879399999999e-02         2.0856158999999999e-02        -3.3780080000000003e-04         5.4995931000000001e-03         3.5309620000000002e-04        -2.5153399999999998e-04        -6.0178269000000003e-03
17                                    -1.9319241000000000e-03         3.3295506500000002e-02        -5.9731568499999999e-02        -3.2956389999999998e-04         5.8671762000000001e-03        -1.6657511900000001e-02        -3.2871989999999998e-04         5.9385324999999996e-03
                                                         8                           9                          10                          11                          12                          13                          14                          15

0                                     -6.2879229000000003e-03        -1.9753863260000001e-01        -1.2960514910000001e-01         6.4977139999999999e-03         1.8418733000000001e-03         1.7333130000000001e-04         5.5864670000000001e-04        -1.6683136599999999e-02
1                                      1.7221614000000000e-03        -1.2041743119999999e-01        -1.3894912630000000e-01         2.7440767000000000e-03         1.6896270000000001e-04        -1.5020387000000000e-03        -1.0890684400000000e-02         7.7535600000000005e-04
2                                     -3.7704128500000003e-02         6.1431908999999996e-03         2.2010989000000002e-03        -3.7739002399999999e-02         3.6894430000000000e-04        -7.3436181000000001e-03        -2.6879458799999999e-02        -1.2233100000000000e-03
3                                      1.6236198199999999e-02        -8.2011750000000004e-04        -1.6096396999999998e-02        -1.5068974100000000e-02        -6.1262831000000002e-03        -9.2023700000000005e-05        -3.4393549999999997e-04        -4.1091490000000000e-04
4                                     -9.4256704000000007e-03        -4.9843770000000003e-04        -1.0941262400000000e-02        -1.1173940600000000e-02        -8.1398199999999996e-05        -4.4393198999999996e-03         6.5700971999999996e-03        -3.2395740000000002e-04
5                                      4.1105166999999996e-03        -5.5160100000000001e-05         1.1370998000000000e-03         4.1475705999999999e-03         6.7972200000000006e-05        -7.8148910000000005e-04         3.0889543000000002e-03        -3.9994999999999999e-05
6                                      4.8069552000000000e-03        -2.7552980000000001e-02         1.3074658100000001e-02         5.9347589999999997e-04         6.2281599999999999e-04        -8.9630300000000001e-05         8.5969270000000003e-04         1.5842784999999999e-03
7                                     -5.1295172999999998e-03        -1.7308076400000000e-02         1.0138790999999999e-02        -1.0562351000000000e-03        -7.3779239999999995e-04        -5.5103270000000004e-04        -2.0391559999999999e-03         5.9605496999999997e-03
8                                      4.5779255200000001e-02        -3.9362549999999999e-04        -1.1511507999999999e-03         1.2061158000000001e-03        -1.3982310000000000e-04        -2.6280830000000000e-04        -1.5765912000000001e-03        -1.4221781800000000e-02
9                                     -3.9362549999999999e-04         2.2324531389999999e-01         1.3681040480000001e-01        -4.6918947000000001e-03         5.1419119999999996e-04         2.0814069999999999e-04        -6.3224069999999997e-04         2.1522249999999998e-03
10                                    -1.1511507999999999e-03         1.3681040480000001e-01         1.4674811400000001e-01        -6.0068702000000002e-03         8.4806789999999996e-04        -4.4580400000000000e-04        -2.1275287999999999e-03        -5.0315847000000002e-03
11                                     1.2061158000000001e-03        -4.6918947000000001e-03        -6.0068702000000002e-03         4.5804427600000003e-02         1.6158880000000000e-04        -2.4596200000000001e-04        -1.5730531000000001e-03         1.2508090200000000e-02
12                                    -1.3982310000000000e-04         5.1419119999999996e-04         8.4806789999999996e-04         1.6158880000000000e-04         2.5424903999999998e-03        -2.0923580000000000e-04        -5.9015000000000001e-04         6.0491229999999998e-04
13                                    -2.6280830000000000e-04         2.0814069999999999e-04        -4.4580400000000000e-04        -2.4596200000000001e-04        -2.0923580000000000e-04         6.5629996999999997e-03         1.1166524900000000e-02         9.4177999999999999e-06
14                                    -1.5765912000000001e-03        -6.3224069999999997e-04        -2.1275287999999999e-03        -1.5730531000000001e-03        -5.9015000000000001e-04         1.1166524900000000e-02         2.7154114399999998e-02         1.4798670000000001e-04
15                                    -1.4221781800000000e-02         2.1522249999999998e-03        -5.0315847000000002e-03         1.2508090200000000e-02         6.0491229999999998e-04         9.4177999999999999e-06         1.4798670000000001e-04         1.2752635599999999e-02
16                                     1.4246985400000000e-02         1.2053999000000001e-03        -6.5507122000000003e-03         1.5738931300000002e-02         1.1395700000000000e-05         3.7519550000000000e-04        -2.6792528999999999e-03        -1.3897814000000000e-03
17                                    -1.1815167999999999e-02        -3.7026989999999998e-04         5.9473510999999996e-03        -1.1846058400000000e-02         1.3146790000000000e-04        -2.5326474000000000e-03        -2.1396579999999999e-04         2.8290098999999998e-03
                                                        16                          17

0                                      7.6232060000000002e-04        -1.9319241000000000e-03
1                                     -2.9677879399999999e-02         3.3295506500000002e-02
2                                      2.0856158999999999e-02        -5.9731568499999999e-02
3                                     -3.3780080000000003e-04        -3.2956389999999998e-04
4                                      5.4995931000000001e-03         5.8671762000000001e-03
5                                      3.5309620000000002e-04        -1.6657511900000001e-02
6                                     -2.5153399999999998e-04        -3.2871989999999998e-04
7                                     -6.0178269000000003e-03         5.9385324999999996e-03
8                                      1.4246985400000000e-02        -1.1815167999999999e-02
9                                      1.2053999000000001e-03        -3.7026989999999998e-04
10                                    -6.5507122000000003e-03         5.9473510999999996e-03
11                                     1.5738931300000002e-02        -1.1846058400000000e-02
12                                     1.1395700000000000e-05         1.3146790000000000e-04
13                                     3.7519550000000000e-04        -2.5326474000000000e-03
14                                    -2.6792528999999999e-03        -2.1396579999999999e-04
15                                    -1.3897814000000000e-03         2.8290098999999998e-03
16                                     3.6371629900000001e-02        -4.8515918999999998e-02
17                                    -4.8515918999999998e-02         1.0026427250000000e-01
   &MODES [&Type "ArrayOfDoubles", &Dim (18,18)] "The modes of vibrations"
                                                         0                           1                           2                           3                           4                           5                           6                           7

0                                      0.0000000000000000e+00         0.0000000000000000e+00         0.0000000000000000e+00         0.0000000000000000e+00         0.0000000000000000e+00         0.0000000000000000e+00        -7.9624926561786252e-03        -8.5177020391810215e-03
1                                      0.0000000000000000e+00         0.0000000000000000e+00         0.0000000000000000e+00         0.0000000000000000e+00         0.0000000000000000e+00         0.0000000000000000e+00         1.4443324970253699e-01         1.5526843243810337e-01
2                                      0.0000000000000000e+00         0.0000000000000000e+00         0.0000000000000000e+00         0.0000000000000000e+00         0.0000000000000000e+00         0.0000000000000000e+00         5.7989259720761001e-02         4.1903996171415894e-02
3                                      0.0000000000000000e+00         0.0000000000000000e+00         0.0000000000000000e+00         0.0000000000000000e+00         0.0000000000000000e+00         0.0000000000000000e+00        -9.9530779132786691e-03        -1.0804487778065044e-02
4                                      0.0000000000000000e+00         0.0000000000000000e+00         0.0000000000000000e+00         0.0000000000000000e+00         0.0000000000000000e+00         0.0000000000000000e+00         1.7844313305050835e-01         2.0134104988054452e-01
5                                      0.0000000000000000e+00         0.0000000000000000e+00         0.0000000000000000e+00         0.0000000000000000e+00         0.0000000000000000e+00         0.0000000000000000e+00         1.6682644918275327e-02         5.8907672469845985e-03
6                                      0.0000000000000000e+00         0.0000000000000000e+00         0.0000000000000000e+00         0.0000000000000000e+00         0.0000000000000000e+00         0.0000000000000000e+00        -9.0185758756594746e-03        -1.1113691802659540e-02
7                                      0.0000000000000000e+00         0.0000000000000000e+00         0.0000000000000000e+00         0.0000000000000000e+00         0.0000000000000000e+00         0.0000000000000000e+00         1.4594898950164106e-01         1.5183358344858877e-01
8                                      0.0000000000000000e+00         0.0000000000000000e+00         0.0000000000000000e+00         0.0000000000000000e+00         0.0000000000000000e+00         0.0000000000000000e+00         9.9049195004947160e-02         9.8280945258420571e-02
9                                      0.0000000000000000e+00         0.0000000000000000e+00         0.0000000000000000e+00         0.0000000000000000e+00         0.0000000000000000e+00         0.0000000000000000e+00        -6.9203783655940312e-03        -5.8350997841839407e-03
10                                     0.0000000000000000e+00         0.0000000000000000e+00         0.0000000000000000e+00         0.0000000000000000e+00         0.0000000000000000e+00         0.0000000000000000e+00         1.4599476896187308e-01         1.5271601290225778e-01
11                                     0.0000000000000000e+00         0.0000000000000000e+00         0.0000000000000000e+00         0.0000000000000000e+00         0.0000000000000000e+00         0.0000000000000000e+00         9.9045547913699614e-02         9.8626758006881560e-02
12                                     0.0000000000000000e+00         0.0000000000000000e+00         0.0000000000000000e+00         0.0000000000000000e+00         0.0000000000000000e+00         0.0000000000000000e+00         3.2654028078545785e-03         4.1271872918194905e-03
13                                     0.0000000000000000e+00         0.0000000000000000e+00         0.0000000000000000e+00         0.0000000000000000e+00         0.0000000000000000e+00         0.0000000000000000e+00        -5.4687457853147943e-02        -7.8525245689607504e-02
14                                     0.0000000000000000e+00         0.0000000000000000e+00         0.0000000000000000e+00         0.0000000000000000e+00         0.0000000000000000e+00         0.0000000000000000e+00         1.5088932352537154e-01        -1.4901351212804348e-01
15                                     0.0000000000000000e+00         0.0000000000000000e+00         0.0000000000000000e+00         0.0000000000000000e+00         0.0000000000000000e+00         0.0000000000000000e+00         4.7045346856980716e-04         4.0877163611067227e-04
16                                     0.0000000000000000e+00         0.0000000000000000e+00         0.0000000000000000e+00         0.0000000000000000e+00         0.0000000000000000e+00         0.0000000000000000e+00        -9.2197432981024410e-03        -6.9585838912855479e-03
17                                     0.0000000000000000e+00         0.0000000000000000e+00         0.0000000000000000e+00         0.0000000000000000e+00         0.0000000000000000e+00         0.0000000000000000e+00        -2.9784081747680744e-02         1.6731512585636800e-02
                                                         8                           9                          10                          11                          12                          13                          14                          15

0                                     -9.6695067832113304e-02         5.3042968881826542e-03        -4.8058704243891526e-03        -9.1859692856398265e-02        -1.6742189803269647e-03         6.1254441007354138e-02        -3.9465524823728386e-03        -2.8453135668247537e-03
1                                     -5.2588619724504970e-03        -9.0404405376227043e-02         8.4218538668469650e-02        -5.2152033943610697e-03         2.7297959957083739e-02         3.4508855075426376e-03         7.0894910710765757e-02         5.2041661474002743e-02
2                                      4.9399064707097562e-05         2.3698825630551407e-01         2.6680375411316570e-02         3.2701062381512930e-05        -9.8254717574458458e-02        -8.4816934573882132e-05         1.5407087381923770e-02         5.5429186162330064e-02
3                                     -5.2982135706638733e-01         3.4899034743230664e-03         2.8477507643299087e-02         3.2987697730937887e-01         2.2720011141261705e-02        -7.5984442530926333e-01        -9.8037266641346332e-03         3.7634885966269953e-02
4                                     -2.9376480751556987e-02        -5.9526479913536254e-02        -4.8828370101644519e-01         1.8970030970242118e-02        -3.9369274273199412e-01        -4.2800166841986689e-02         1.7263620315295725e-01        -6.8648489095303777e-01
5                                      4.4122662006832277e-04         2.0833588446984661e-01         5.9961590890487160e-01        -1.0496104445676122e-03         3.4980298490125522e-01         1.1875428526717925e-03        -1.1811659383305660e-01        -6.6720457678119915e-01
6                                      1.8031497637339527e-01         1.2392557739384320e-02        -3.9734126398441004e-02         1.2234665011090302e-01        -6.9671737543109402e-02        -6.2867902619108823e-02        -3.5181137847195287e-01        -3.5952399435993980e-02
7                                      4.5212596660606741e-01        -7.7692758713357457e-02        -2.2826356867291300e-02         2.8572945932259391e-01        -8.0032037945737766e-02        -1.6005226161573999e-01        -5.6370462005944866e-01         3.4405061019427773e-02
8                                      2.1505894556686631e-01         1.8070910230676412e-01        -3.8331525415709594e-01        -5.4093848026265579e-01         5.3263530836004558e-01        -3.9263885991227232e-01        -3.2890960157002623e-02         1.0062756083293973e-02
9                                      2.2901759853717962e-01        -2.8685049327632078e-03         4.1467508179969574e-02         1.5479853393924720e-01         7.9601523042270805e-02        -7.9201009450787813e-02         4.1239589290145862e-01         3.1941650776760332e-02
10                                    -4.2888891592093903e-01        -7.9111563547026753e-02        -1.9102537648614980e-02        -2.7017577139918347e-01        -7.1766953781117443e-02         1.5202122632901602e-01        -5.2097490855843998e-01         3.8210984703878834e-02
11                                    -2.1549932972056368e-01         1.8065436483465422e-01        -3.8247117053635277e-01         5.4144207894508500e-01         5.3199856080605046e-01         3.9315163235344192e-01        -3.3910400961498048e-02         9.9667955429331937e-03
12                                     4.0252050160140489e-02         5.0580487836936021e-04        -1.5807403681281733e-04        -3.4939364827822495e-03        -9.1265963344027353e-05         3.5854068115926331e-03         9.3685521377444969e-06        -4.2582808950641953e-05
13                                     2.1932770675543484e-03        -9.5979755771915271e-03         2.8188256386978104e-03        -1.9438228161399297e-04         1.6317784273867327e-03         1.9920521642535611e-04        -1.3802501073023252e-04         6.6808023694920227e-04
14                                    -1.5775284364984222e-04        -3.2496607039858301e-02        -3.2292733296505494e-03         2.0431205728344240e-05        -5.2598949202058501e-04        -1.2710387696446924e-05         9.4194949018135815e-04        -1.9668558093636382e-03
15                                     4.0831261087645532e-03        -6.8114467245401625e-04         2.3856441038992780e-04         4.3957938341031635e-03        -8.7218913075093796e-05         8.2967686786623862e-04        -3.1229124942687051e-05         8.5966828217805413e-06
16                                     2.1816279691619603e-04         1.1711986616080840e-02        -4.1816124596876164e-03         2.4848521600450443e-04         1.5049593753072863e-03         4.7318874806908760e-05         5.5510716056340914e-04        -1.4960432083718634e-04
17                                     1.8934650522937793e-05        -2.2091035085630047e-02        -7.2189420357554168e-04        -1.8167427143885991e-06        -1.8567548285552660e-03        -3.5753323054994628e-06        -1.3043644103689445e-04         1.8880060698783430e-04
                                                        16                          17

0                                      2.7614728369904930e-03        -8.7687935520998392e-02
1                                     -6.1025406181122843e-02        -4.4515168666992384e-03
2                                      2.0987453458489277e-04         1.1316135412223412e-04
3                                     -7.4527707050876997e-04        -3.6844712551705697e-02
4                                      9.1788943967289864e-03        -2.1129919374246390e-03
5                                      3.2417578869197015e-02        -1.8061150670546771e-04
6                                     -5.9923920630899064e-01         5.6708669910974030e-01
7                                      3.2711644896248121e-01        -3.6674811378760408e-01
8                                     -1.7578348534195029e-02         1.2602609572951217e-02
9                                      5.6666823223258400e-01         5.1425997433177839e-01
10                                     3.9821082142209391e-01         4.2182915380735947e-01
11                                    -1.9313055362433336e-02        -1.3754505551054773e-02
12                                     2.4287252258421676e-06         1.9669796369852050e-04
13                                    -2.3436770359382581e-05         1.1161285560504656e-05
14                                    -2.2916739064809231e-04         1.3953149026677816e-06
15                                     2.9045704425378420e-06        -2.6596146166777033e-05
16                                    -5.4852708390866680e-05        -1.0769541697659877e-06
17                                     4.9980572736675522e-05        -3.3508015914539241e-07
$End
$THERMOCHEMISTRY_Energies
   &GeometryIndex 5
   &temperature [&Type "Double"]       2.9814999999999998e+02
   &pressure [&Type "Double"]       1.0000000000000000e+00
   &totalMass [&Type "Double"]       1.6093299999999999e+02
   &spinDegeneracy [&Type "Integer"] 1
   &elEnergy [&Type "Double"]      -1.2416185876589999e+01
   &transEnergy [&Type "Double"]       1.4162714244859817e-03
   &rotEnergy [&Type "Double"]       1.4162714244859817e-03
   &vibEnergy [&Type "Double"]       1.9956385781559195e-03
   &numOfFreqs [&Type "Integer"] 18
   &freqScalingFactor [&Type "Double"]       1.0000000000000000e+00
   &FREQ [&Type "ArrayOfDoubles", &Units "cm^-1", &Dim (18,1)] 
                                                         0

0                                      0.0000000000000000e+00
1                                      0.0000000000000000e+00
2                                      0.0000000000000000e+00
3                                      0.0000000000000000e+00
4                                      0.0000000000000000e+00
5                                      0.0000000000000000e+00
6                                      7.9373335335638430e+01
7                                      2.6171947386622679e+02
8                                      3.0212739970933779e+02
9                                      5.2247898808083869e+02
10                                     8.8408592254349537e+02
11                                     9.6099369358370632e+02
12                                     1.3026371170855489e+03
13                                     1.4020392427673082e+03
14                                     1.4412809255537134e+03
15                                     2.5118747126931507e+03
16                                     3.0320874438419769e+03
17                                     3.0391241026308535e+03
   &zpe [&Type "Double"]       3.5857953789963384e-02
   &innerEnergyU [&Type "Double"]      -1.2375499741372909e+01
   &enthalpyH [&Type "Double"]      -1.2374555532330650e+01
   &qEl [&Type "Double"]       0.0000000000000000e+00
   &qRot [&Type "Double"]       1.2427082022429054e-02
   &qVib [&Type "Double"]       3.4712620384667707e-03
   &qTrans [&Type "Double"]       1.9545129475932437e-02
   &entropyS [&Type "Double"]       3.5443473536828266e-02
   &freeEnergyG [&Type "Double"]      -1.2409999005867478e+01
   &isLinear [&Type "Boolean"] false
$End
$Calculation_Info
   &GeometryIndex 5
   &Mult [&Type "Integer"] 1
   &Charge [&Type "Integer"] -1
   &NumOfAtoms [&Type "Integer"] 6
   &NumOfElectrons [&Type "Integer"] 0
   &NumOfBasisFuncts [&Type "Integer"] 0
   &NumOfAuxCBasisFuncts [&Type "Integer"] 0
   &NumOfAuxJBasisFuncts [&Type "Integer"] 0
   &NumOfAuxJKBasisFuncts [&Type "Integer"] 0
   &NumOfCABSBasisFuncts [&Type "Integer"] 0
$End
$Calculation_Timings
   &GeometryIndex 5
   &GSTEP [&Type "Double"]       1.1465000000000058e-02
   &XTB [&Type "Double"]       1.1069449999999998e+00
   &XTBGRAD [&Type "Double"]       2.3159999999999847e-03
   &SUM [&Type "Double"]       1.1207259999999999e+00
$End
