
$orca_hessian_file

$act_atom
  0

$act_coord
  0

$act_energy
      -11.819770

$multiplicity
  1

$hessian
18
                    0                  1                  2                  3                  4        
    0      5.9056743950E-01  -6.5900000000E-08  -2.1633000000E-06  -4.1254221500E-02  -1.5578000000E-06
    1     -6.5900000000E-08   5.9056295930E-01   4.0629000000E-06  -1.5446000000E-06  -3.3822918810E-01
    2     -2.1633000000E-06   4.0629000000E-06  -3.4226679600E-02   1.2850000000E-07  -1.6325720000E-03
    3     -4.1254221500E-02  -1.5446000000E-06   1.2850000000E-07   4.1101489500E-02   1.6944000000E-06
    4     -1.5578000000E-06  -3.3822918810E-01  -1.6325720000E-03   1.6944000000E-06   3.6358809980E-01
    5      1.2100000000E-07  -1.3369461000E-03  -4.0273934000E-03  -8.0000000000E-09   3.5886390000E-04
    6     -2.6397923250E-01   1.2859461870E-01  -1.3922756000E-03  -1.8632470000E-04  -7.4571800000E-05
    7      1.2859159130E-01  -1.1549097750E-01   8.0894010000E-04   2.3837515300E-02  -1.3905516100E-02
    8     -1.1571587000E-03   6.6857830000E-04  -4.0270440000E-03   1.4461740000E-04  -2.2756500000E-05
    9     -2.6398182690E-01  -1.2859300790E-01   1.3940991000E-03  -1.8659610000E-04   7.4430600000E-05
   10     -1.2858996630E-01  -1.1548825090E-01   8.0981520000E-04  -2.3837677000E-02  -1.3905282800E-02
   11      1.1589766000E-03   6.6943330000E-04  -4.0270665000E-03  -1.4462200000E-04  -2.2756800000E-05
   12     -1.1021195600E-02   5.2000000000E-09   1.0660000000E-07   2.9135690000E-04  -1.0000000000E-09
   13     -9.0000000000E-10  -1.1022581900E-02   4.9502000000E-06   3.3800000000E-08   1.0704063000E-03
   14      1.1710000000E-07  -4.4736000000E-06   2.3173128700E-02  -7.1600000000E-08  -3.3958300000E-05
   15     -1.0330962900E-02  -5.5000000000E-09   1.0470000000E-07   2.3429600000E-04   5.7000000000E-09
   16     -3.0000000000E-10  -1.0331960900E-02   4.8037000000E-06  -2.1900000000E-08   1.3814809000E-03
   17      1.0720000000E-07  -6.5460000000E-07   2.3135054700E-02  -4.4400000000E-08   1.3531798000E-03
                    5                  6                  7                  8                  9        
    0      1.2100000000E-07  -2.6397923250E-01   1.2859159130E-01  -1.1571587000E-03  -2.6398182690E-01
    1     -1.3369461000E-03   1.2859461870E-01  -1.1549097750E-01   6.6857830000E-04  -1.2859300790E-01
    2     -4.0273934000E-03  -1.3922756000E-03   8.0894010000E-04  -4.0270440000E-03   1.3940991000E-03
    3     -8.0000000000E-09  -1.8632470000E-04   2.3837515300E-02   1.4461740000E-04  -1.8659610000E-04
    4      3.5886390000E-04  -7.4571800000E-05  -1.3905516100E-02  -2.2756500000E-05   7.4430600000E-05
    5      3.7923862900E-02   5.3479800000E-05   1.3597480000E-04  -7.1240800000E-04  -5.3480500000E-05
    6      5.3479800000E-05   2.8296881100E-01  -1.3964325030E-01   3.1043690000E-04  -2.0769422900E-02
    7      1.3597480000E-04  -1.3964325030E-01   1.2172168440E-01  -1.7894080000E-04  -1.1954122900E-02
    8     -7.1240800000E-04   3.1043690000E-04  -1.7894080000E-04   3.7920682100E-02   9.1157000000E-05
    9     -5.3480500000E-05  -2.0769422900E-02  -1.1954122900E-02   9.1157000000E-05   2.8297165320E-01
   10      1.3614110000E-04   1.1954396600E-02   6.6707933000E-03  -1.1420880000E-04   1.3964151770E-01
   11     -7.1240620000E-04  -9.1020100000E-05  -1.1412380000E-04  -7.0908790000E-04  -3.1214620000E-04
   12     -1.3800000000E-08   8.7332180000E-04  -3.3599750000E-04   7.3813311000E-03   8.7328680000E-04
   13      8.5249124000E-03  -3.3576330000E-04   4.8432420000E-04  -4.2622892000E-03   3.3573100000E-04
   14     -1.6406766600E-02  -4.9104200000E-05   2.3683600000E-05  -1.6407034900E-02   4.8981900000E-05
   15     -9.8500000000E-08   1.0928474000E-03  -4.9573590000E-04  -6.7703837000E-03   1.0929059000E-03
   16     -7.8189460000E-03  -4.9542980000E-04   5.1969160000E-04   3.9096170000E-03   4.9545150000E-04
   17     -1.6064888700E-02   1.1684831000E-03  -6.7553390000E-04  -1.6065107400E-02  -1.1686113000E-03
                   10                 11                 12                 13                 14        
    0     -1.2858996630E-01   1.1589766000E-03  -1.1021195600E-02  -9.0000000000E-10   1.1710000000E-07
    1     -1.1548825090E-01   6.6943330000E-04   5.2000000000E-09  -1.1022581900E-02  -4.4736000000E-06
    2      8.0981520000E-04  -4.0270665000E-03   1.0660000000E-07   4.9502000000E-06   2.3173128700E-02
    3     -2.3837677000E-02  -1.4462200000E-04   2.9135690000E-04   3.3800000000E-08  -7.1600000000E-08
    4     -1.3905282800E-02  -2.2756800000E-05  -1.0000000000E-09   1.0704063000E-03  -3.3958300000E-05
    5      1.3614110000E-04  -7.1240620000E-04  -1.3800000000E-08   8.5249124000E-03  -1.6406766600E-02
    6      1.1954396600E-02  -9.1020100000E-05   8.7332180000E-04  -3.3576330000E-04  -4.9104200000E-05
    7      6.6707933000E-03  -1.1412380000E-04  -3.3599750000E-04   4.8432420000E-04   2.3683600000E-05
    8     -1.1420880000E-04  -7.0908790000E-04   7.3813311000E-03  -4.2622892000E-03  -1.6407034900E-02
    9      1.3964151770E-01  -3.1214620000E-04   8.7328680000E-04   3.3573100000E-04   4.8981900000E-05
   10      1.2171874190E-01  -1.7991020000E-04   3.3599870000E-04   4.8431710000E-04   2.3694800000E-05
   11     -1.7991020000E-04   3.7920701400E-02  -7.3814968000E-03  -4.2622006000E-03  -1.6406986000E-02
   12      3.3599870000E-04  -7.3814968000E-03   7.3580728000E-03  -2.8000000000E-09   1.4460000000E-07
   13      4.8431710000E-04  -4.2622006000E-03  -2.8000000000E-09   7.3586858000E-03  -4.5782000000E-06
   14      2.3694800000E-05  -1.6406986000E-02   1.4460000000E-07  -4.5782000000E-06   4.6138114100E-02
   15      4.9573030000E-04   6.7703084000E-03   1.6251573000E-03   2.3000000000E-09  -6.7900000000E-08
   16      5.1968130000E-04   3.9095581000E-03  -2.6000000000E-09   1.6248484000E-03  -4.3683000000E-06
   17     -6.7553220000E-04  -1.6065154900E-02  -7.1600000000E-08  -7.9460000000E-07  -2.0090455400E-02
                   15                 16                 17        
     0     -1.0330962900E-02  -3.0000000000E-10   1.0720000000E-07
     1     -5.5000000000E-09  -1.0331960900E-02  -6.5460000000E-07
     2      1.0470000000E-07   4.8037000000E-06   2.3135054700E-02
     3      2.3429600000E-04  -2.1900000000E-08  -4.4400000000E-08
     4      5.7000000000E-09   1.3814809000E-03   1.3531798000E-03
     5     -9.8500000000E-08  -7.8189460000E-03  -1.6064888700E-02
     6      1.0928474000E-03  -4.9542980000E-04   1.1684831000E-03
     7     -4.9573590000E-04   5.1969160000E-04  -6.7553390000E-04
     8     -6.7703837000E-03   3.9096170000E-03  -1.6065107400E-02
     9      1.0929059000E-03   4.9545150000E-04  -1.1686113000E-03
    10      4.9573030000E-04   5.1968130000E-04  -6.7553220000E-04
    11      6.7703084000E-03   3.9095581000E-03  -1.6065154900E-02
    12      1.6251573000E-03  -2.6000000000E-09  -7.1600000000E-08
    13      2.3000000000E-09   1.6248484000E-03  -7.9460000000E-07
    14     -6.7900000000E-08  -4.3683000000E-06  -2.0090455400E-02
    15      6.2857564000E-03   3.1000000000E-09   1.3700000000E-07
    16      3.1000000000E-09   6.2862587000E-03  -6.6440000000E-07
    17      1.3700000000E-07  -6.6440000000E-07   4.5150551600E-02

$vibrational_frequencies
18
    0        0.0000000000000000
    1        0.0000000000000000
    2        0.0000000000000000
    3        0.0000000000000000
    4        0.0000000000000000
    5        0.0000000000000000
    6     -288.0368334274745052
    7      132.8707940590558962
    8      178.0608487213782780
    9      178.0636360701176102
   10      985.6145714640446158
   11     1006.9752121068020188
   12     1007.0605328017215925
   13     1336.0565917936223741
   14     1336.1188177979972806
   15     3145.2744474482415171
   16     3232.9259608043785192
   17     3232.9405368121806532

$normal_modes
18 18
                    0                  1                  2                  3                  4        
    0      0.0000000000E+00   0.0000000000E+00   0.0000000000E+00   0.0000000000E+00   0.0000000000E+00
    1      0.0000000000E+00   0.0000000000E+00   0.0000000000E+00   0.0000000000E+00   0.0000000000E+00
    2      0.0000000000E+00   0.0000000000E+00   0.0000000000E+00   0.0000000000E+00   0.0000000000E+00
    3      0.0000000000E+00   0.0000000000E+00   0.0000000000E+00   0.0000000000E+00   0.0000000000E+00
    4      0.0000000000E+00   0.0000000000E+00   0.0000000000E+00   0.0000000000E+00   0.0000000000E+00
    5      0.0000000000E+00   0.0000000000E+00   0.0000000000E+00   0.0000000000E+00   0.0000000000E+00
    6      0.0000000000E+00   0.0000000000E+00   0.0000000000E+00   0.0000000000E+00   0.0000000000E+00
    7      0.0000000000E+00   0.0000000000E+00   0.0000000000E+00   0.0000000000E+00   0.0000000000E+00
    8      0.0000000000E+00   0.0000000000E+00   0.0000000000E+00   0.0000000000E+00   0.0000000000E+00
    9      0.0000000000E+00   0.0000000000E+00   0.0000000000E+00   0.0000000000E+00   0.0000000000E+00
   10      0.0000000000E+00   0.0000000000E+00   0.0000000000E+00   0.0000000000E+00   0.0000000000E+00
   11      0.0000000000E+00   0.0000000000E+00   0.0000000000E+00   0.0000000000E+00   0.0000000000E+00
   12      0.0000000000E+00   0.0000000000E+00   0.0000000000E+00   0.0000000000E+00   0.0000000000E+00
   13      0.0000000000E+00   0.0000000000E+00   0.0000000000E+00   0.0000000000E+00   0.0000000000E+00
   14      0.0000000000E+00   0.0000000000E+00   0.0000000000E+00   0.0000000000E+00   0.0000000000E+00
   15      0.0000000000E+00   0.0000000000E+00   0.0000000000E+00   0.0000000000E+00   0.0000000000E+00
   16      0.0000000000E+00   0.0000000000E+00   0.0000000000E+00   0.0000000000E+00   0.0000000000E+00
   17      0.0000000000E+00   0.0000000000E+00   0.0000000000E+00   0.0000000000E+00   0.0000000000E+00
                    5                  6                  7                  8                  9        
    0      0.0000000000E+00  -3.0644980777E-06  -9.2667748090E-07   4.9055957260E-01  -5.5930674229E-04
    1      0.0000000000E+00  -1.6432079643E-04   6.5161035686E-04  -5.5930601864E-04  -4.9056196791E-01
    2      0.0000000000E+00  -9.9223889660E-01  -1.1376343431E-01  -1.3606569045E-06   9.4249025663E-05
    3      0.0000000000E+00   3.2751724518E-07  -1.2718476081E-06   5.0707760518E-01  -5.7830265449E-04
    4      0.0000000000E+00  -4.5468463342E-03  -1.6589358132E-03  -5.6651409630E-04  -4.9682512970E-01
    5      0.0000000000E+00  -5.0712891282E-02  -1.4785952251E-01  -1.7846458575E-05  -1.4154545243E-02
    6      0.0000000000E+00  -3.7123331937E-03  -2.0459980254E-03   4.9938498453E-01  -5.0151231912E-03
    7      0.0000000000E+00   2.0570283200E-03   1.8115929068E-03   3.8837197135E-03  -5.0452001329E-01
    8      0.0000000000E+00  -5.0697516165E-02  -1.4788863575E-01   1.2258394610E-02   7.0538807561E-03
    9      0.0000000000E+00   3.7128308183E-03   2.0437802096E-03   4.9939496936E-01   3.8765281606E-03
   10      0.0000000000E+00   2.0569374170E-03   1.8117820023E-03  -5.0340776949E-03  -5.0451022383E-01
   11      0.0000000000E+00  -5.0697627608E-02  -1.4788679573E-01  -1.2245790116E-02   7.0812473776E-03
   12      0.0000000000E+00   2.3117142097E-07   8.9187935232E-08  -4.8066829421E-02   5.4804306480E-05
   13      0.0000000000E+00   1.5460762054E-05  -6.3592728298E-05   5.4802886426E-05   4.8066999595E-02
   14      0.0000000000E+00   7.2366054970E-02  -8.0580284150E-01   1.6704948366E-09  -5.5784321735E-05
   15      0.0000000000E+00   1.3794599596E-07   5.9273348707E-08  -2.8128256701E-02   3.2069362179E-05
   16      0.0000000000E+00   9.2567836071E-06  -3.7238673080E-05   3.2069984387E-05   2.8128358854E-02
   17      0.0000000000E+00   4.9559168592E-02   5.2164888636E-01   1.6937177449E-07   2.6357089881E-05
                   10                 11                 12                 13                 14        
    0      5.6181877021E-08   2.3459583033E-04  -1.4000575152E-07   8.7948335966E-05  -9.8091563347E-02
    1     -4.6600839897E-09  -1.7989716830E-07  -2.3520157491E-04   9.8090508618E-02   8.7941257706E-05
    2      1.5429020363E-02  -6.4739474880E-08   9.5062489272E-09  -8.0874602462E-06   3.4369295361E-07
    3     -1.9553398640E-06   1.1136130120E-02  -5.4834329484E-06  -7.2216903924E-04   8.1054203868E-01
    4      5.8287601665E-04  -1.3094101266E-06  -1.9650814473E-03   5.6210525922E-02   4.5825291242E-05
    5     -5.7727729718E-01   5.0476601924E-04   8.1638730370E-01  -1.0661963933E-02  -1.2272603294E-05
    6      5.0923343129E-04   4.2517498509E-03  -3.9731165316E-03  -3.7545080156E-01   1.6014604574E-01
    7     -2.8656273798E-04   3.9664256227E-03  -8.8406353759E-03  -5.9419294462E-01   3.7478406055E-01
    8     -5.7722759727E-01  -7.0728241213E-01  -4.0779517732E-01   5.3150511891E-03   9.2371621674E-03
    9     -5.1321343109E-04   4.2615654463E-03   3.9663414097E-03   3.7515849241E-01   1.6081118805E-01
   10     -2.8660272655E-04  -3.9775068702E-03  -8.8382143937E-03  -5.9352778469E-01  -3.7584433658E-01
   11     -5.7722203585E-01   7.0678424814E-01  -4.0866570320E-01   5.3288065054E-03  -9.2288259593E-03
   12      2.1476387653E-08  -3.4097155270E-03   2.0997947866E-06  -2.4010831497E-07   2.7488967817E-04
   13     -2.2551430670E-07   2.1036517871E-06   3.4097230779E-03  -2.7471576393E-04  -2.5181897636E-07
   14      9.9087566407E-03  -2.5236963668E-08   4.7412325123E-07   1.2023647676E-06  -2.9268250329E-09
   15      2.8306213409E-08   1.9685728850E-03  -1.2114686455E-06  -1.1480531224E-07   1.2342644146E-04
   16      6.5298099619E-08  -1.2090721042E-06  -1.9685641067E-03  -1.2334928646E-04  -1.0698005037E-07
   17      6.0563682157E-03  -3.0424128399E-08   2.8501820284E-07   1.5225081374E-07   5.8032779621E-10
                   15                 16                 17        
     0      1.7144701344E-07   9.8403414189E-02  -9.9931294381E-04
     1     -1.5118206082E-05   9.9930735475E-04   9.8403432692E-02
     2     -6.1986695010E-04  -3.0399781672E-07   3.6741985617E-06
     3      1.3521905593E-07   3.8337282490E-02  -3.9374955054E-04
     4      5.7745601605E-01  -8.2465959206E-03  -8.1150063099E-01
     5      5.3969770439E-04  -1.2298493042E-05  -1.1971182863E-03
     6      4.9995453181E-01  -5.9536423023E-01   3.7418916389E-01
     7     -2.8864447576E-01   3.6626073503E-01  -1.7792309230E-01
     8      5.3649550753E-04  -1.0296604199E-03   6.1080475351E-04
     9     -4.9995668253E-01  -6.0284627682E-01  -3.6201660719E-01
    10     -2.8864587362E-01  -3.6979281584E-01  -1.7044057659E-01
    11      5.3997269216E-04   1.0460581380E-03   5.9226904586E-04
    12     -8.1935020221E-09  -7.5407927847E-05   7.6000939005E-07
    13      9.5705036421E-08  -7.7227047987E-07  -7.5468973192E-05
    14     -4.1577482829E-06  -5.4312701447E-09  -5.4672985734E-07
    15      4.9411466145E-09  -5.3160788297E-05   5.4362030763E-07
    16      5.4735573116E-08  -5.3640726833E-07  -5.3194994693E-05
    17      4.8450203264E-05  -3.6834255013E-10  -5.0829318564E-08

#
# The atoms: label  mass x y z (in bohrs)
#
$atoms
6
 C     12.01100      0.000000158317     0.000008715359     1.178003999598
 H      1.00800      0.000000098629     2.016278429515     1.186027596741
 H      1.00800      1.746141735334    -1.008124099779     1.186026149432
 H      1.00800     -1.746141524411    -1.008124091884     1.186026132404
 Br    79.90000     -0.000000001127    -0.000000962120     5.773016052333
 I    126.90000     -0.000000016734    -0.000000459311    -3.774622010545

$actual_temperature
  0.000000

$frequency_scale_factor
  1.000000


$end

