
$orca_hessian_file

$act_atom
  0

$act_coord
  0

$act_energy
      -11.819769

$multiplicity
  1

$hessian
18
                    0                  1                  2                  3                  4        
    0      5.9163278630E-01   2.0000000000E-09  -2.1814000000E-06  -4.1193570500E-02  -1.5573000000E-06
    1      2.0000000000E-09   5.9163161320E-01   3.1549000000E-06  -1.5531000000E-06  -3.3889336360E-01
    2     -2.1814000000E-06   3.1549000000E-06  -3.4936396100E-02   1.3970000000E-07   1.1256039000E-03
    3     -4.1193570500E-02  -1.5531000000E-06   1.3970000000E-07   4.1057947300E-02   1.6852000000E-06
    4     -1.5573000000E-06  -3.3889336360E-01   1.1256039000E-03   1.6852000000E-06   3.6426194670E-01
    5      1.3840000000E-07   1.7412445000E-03  -3.8744372000E-03  -2.2100000000E-08  -2.6450137000E-03
    6     -2.6446212050E-01   1.2890683830E-01   9.9376960000E-04  -2.0853270000E-04  -6.4508000000E-05
    7      1.2890572240E-01  -1.1561394340E-01  -5.6915400000E-04   2.3825212600E-02  -1.3926819500E-02
    8      1.5091749000E-03  -8.7033200000E-04  -3.8743401000E-03  -8.6626000000E-05   9.0949300000E-05
    9     -2.6446483370E-01  -1.2890528760E-01  -9.9195540000E-04  -2.0878420000E-04   6.4366400000E-05
   10     -1.2890416560E-01  -1.1561124460E-01  -5.6824730000E-04  -2.3825359000E-02  -1.3926572000E-02
   11     -1.5073630000E-03  -8.6944550000E-04  -3.8743397000E-03   8.6622700000E-05   9.0940800000E-05
   12     -1.1295765300E-02   5.6000000000E-09   1.1940000000E-07   3.0170110000E-04   4.7000000000E-09
   13     -1.2000000000E-09  -1.1296606200E-02   4.4707000000E-06   3.5500000000E-08   1.0904852000E-03
   14      1.1790000000E-07  -4.2051000000E-06   2.3569404500E-02  -5.7700000000E-08  -3.7172900000E-05
   15     -1.0216496300E-02  -5.1000000000E-09   1.0800000000E-07   2.5123900000E-04   9.0000000000E-09
   16     -3.0000000000E-10  -1.0216455400E-02   4.1717000000E-06  -2.1200000000E-08   1.3943231000E-03
   17      1.1320000000E-07  -4.1680000000E-07   2.2990108700E-02  -5.6700000000E-08   1.3746927000E-03
                    5                  6                  7                  8                  9        
    0      1.3840000000E-07  -2.6446212050E-01   1.2890572240E-01   1.5091749000E-03  -2.6446483370E-01
    1      1.7412445000E-03   1.2890683830E-01  -1.1561394340E-01  -8.7033200000E-04  -1.2890528760E-01
    2     -3.8744372000E-03   9.9376960000E-04  -5.6915400000E-04  -3.8743401000E-03  -9.9195540000E-04
    3     -2.2100000000E-08  -2.0853270000E-04   2.3825212600E-02  -8.6626000000E-05  -2.0878420000E-04
    4     -2.6450137000E-03  -6.4508000000E-05  -1.3926819500E-02   9.0949300000E-05   6.4366400000E-05
    5      3.8365742200E-02   3.6298100000E-05  -1.2127060000E-04  -7.3403370000E-04  -3.6301900000E-05
    6      3.6298100000E-05   2.8346156730E-01  -1.3995212190E-01  -2.2907991000E-03  -2.0789148200E-02
    7     -1.2127060000E-04  -1.3995212190E-01   1.2185921820E-01   1.3229838000E-03  -1.1944365200E-02
    8     -7.3403370000E-04  -2.2907991000E-03   1.3229838000E-03   3.8362656800E-02  -1.2322630000E-04
    9     -3.6301900000E-05  -2.0789148200E-02  -1.1944365200E-02  -1.2322630000E-04   2.8346452730E-01
   10     -1.2110450000E-04   1.1944650900E-02   6.6496062000E-03   2.9114100000E-05   1.3995043910E-01
   11     -7.3403630000E-04   1.2335960000E-04   2.9200100000E-05  -7.3097730000E-04   2.2891042000E-03
   12     -1.3700000000E-08   8.9118610000E-04  -3.4031560000E-04   7.6786788000E-03   8.9113940000E-04
   13      8.8685699000E-03  -3.4064940000E-04   4.9665000000E-04  -4.4341322000E-03   3.4061610000E-04
   14     -1.6863732600E-02  -5.0839600000E-05   2.4942300000E-05  -1.6863818600E-02   5.0716400000E-05
   15     -9.8800000000E-08   1.1070479000E-03  -4.9413230000E-04  -6.6872023000E-03   1.1070994000E-03
   16     -7.7224256000E-03  -4.9421000000E-04   5.3528860000E-04   3.8614171000E-03   4.9423120000E-04
   17     -1.6159502400E-02   1.1882114000E-03  -6.8670160000E-04  -1.6159487100E-02  -1.1883371000E-03
                   10                 11                 12                 13                 14        
    0     -1.2890416560E-01  -1.5073630000E-03  -1.1295765300E-02  -1.2000000000E-09   1.1790000000E-07
    1     -1.1561124460E-01  -8.6944550000E-04   5.6000000000E-09  -1.1296606200E-02  -4.2051000000E-06
    2     -5.6824730000E-04  -3.8743397000E-03   1.1940000000E-07   4.4707000000E-06   2.3569404500E-02
    3     -2.3825359000E-02   8.6622700000E-05   3.0170110000E-04   3.5500000000E-08  -5.7700000000E-08
    4     -1.3926572000E-02   9.0940800000E-05   4.7000000000E-09   1.0904852000E-03  -3.7172900000E-05
    5     -1.2110450000E-04  -7.3403630000E-04  -1.3700000000E-08   8.8685699000E-03  -1.6863732600E-02
    6      1.1944650900E-02   1.2335960000E-04   8.9118610000E-04  -3.4064940000E-04  -5.0839600000E-05
    7      6.6496062000E-03   2.9200100000E-05  -3.4031560000E-04   4.9665000000E-04   2.4942300000E-05
    8      2.9114100000E-05  -7.3097730000E-04   7.6786788000E-03  -4.4341322000E-03  -1.6863818600E-02
    9      1.3995043910E-01   2.2891042000E-03   8.9113940000E-04   3.4061610000E-04   5.0716400000E-05
   10      1.2185628850E-01   1.3219846000E-03   3.4031130000E-04   4.9664330000E-04   2.4936900000E-05
   11      1.3219846000E-03   3.8362625000E-02  -7.6788472000E-03  -4.4340388000E-03  -1.6863751900E-02
   12      3.4031130000E-04  -7.6788472000E-03   7.6191996000E-03  -3.3000000000E-09   1.3720000000E-07
   13      4.9664330000E-04  -4.4340388000E-03  -3.3000000000E-09   7.6203277000E-03  -4.3514000000E-06
   14      2.4936900000E-05  -1.6863751900E-02   1.3720000000E-07  -4.3514000000E-06   4.7514139100E-02
   15      4.9412320000E-04   6.6871237000E-03   1.5925392000E-03   2.3000000000E-09  -7.4200000000E-08
   16      5.3527850000E-04   3.8613587000E-03  -2.6000000000E-09   1.5924999000E-03  -4.1498000000E-06
   17     -6.8668380000E-04  -1.6159519800E-02  -7.4500000000E-08  -5.1820000000E-07  -2.0492240500E-02
                   15                 16                 17        
     0     -1.0216496300E-02  -3.0000000000E-10   1.1320000000E-07
     1     -5.1000000000E-09  -1.0216455400E-02  -4.1680000000E-07
     2      1.0800000000E-07   4.1717000000E-06   2.2990108700E-02
     3      2.5123900000E-04  -2.1200000000E-08  -5.6700000000E-08
     4      9.0000000000E-09   1.3943231000E-03   1.3746927000E-03
     5     -9.8800000000E-08  -7.7224256000E-03  -1.6159502400E-02
     6      1.1070479000E-03  -4.9421000000E-04   1.1882114000E-03
     7     -4.9413230000E-04   5.3528860000E-04  -6.8670160000E-04
     8     -6.6872023000E-03   3.8614171000E-03  -1.6159487100E-02
     9      1.1070994000E-03   4.9423120000E-04  -1.1883371000E-03
    10      4.9412320000E-04   5.3527850000E-04  -6.8668380000E-04
    11      6.6871237000E-03   3.8613587000E-03  -1.6159519800E-02
    12      1.5925392000E-03  -2.6000000000E-09  -7.4500000000E-08
    13      2.3000000000E-09   1.5924999000E-03  -5.1820000000E-07
    14     -7.4200000000E-08  -4.1498000000E-06  -2.0492240500E-02
    15      6.1585708000E-03   2.9000000000E-09   1.4370000000E-07
    16      2.9000000000E-09   6.1590654000E-03  -3.7220000000E-07
    17      1.4370000000E-07  -3.7220000000E-07   4.5980641100E-02

$vibrational_frequencies
18
    0        0.0000000000000000
    1        0.0000000000000000
    2        0.0000000000000000
    3        0.0000000000000000
    4        0.0000000000000000
    5        0.0000000000000000
    6     -290.4495414893830230
    7      134.3451542506971066
    8      178.2253881711550605
    9      178.2341615031803883
   10      990.7141176801241045
   11     1012.8299114648732484
   12     1012.9096764743438825
   13     1335.4182417489555519
   14     1335.4315130689712987
   15     3148.3014678730733067
   16     3236.0079083165805969
   17     3236.0208665839063542

$normal_modes
18 18
                    0                  1                  2                  3                  4        
    0      0.0000000000E+00   0.0000000000E+00   0.0000000000E+00   0.0000000000E+00   0.0000000000E+00
    1      0.0000000000E+00   0.0000000000E+00   0.0000000000E+00   0.0000000000E+00   0.0000000000E+00
    2      0.0000000000E+00   0.0000000000E+00   0.0000000000E+00   0.0000000000E+00   0.0000000000E+00
    3      0.0000000000E+00   0.0000000000E+00   0.0000000000E+00   0.0000000000E+00   0.0000000000E+00
    4      0.0000000000E+00   0.0000000000E+00   0.0000000000E+00   0.0000000000E+00   0.0000000000E+00
    5      0.0000000000E+00   0.0000000000E+00   0.0000000000E+00   0.0000000000E+00   0.0000000000E+00
    6      0.0000000000E+00   0.0000000000E+00   0.0000000000E+00   0.0000000000E+00   0.0000000000E+00
    7      0.0000000000E+00   0.0000000000E+00   0.0000000000E+00   0.0000000000E+00   0.0000000000E+00
    8      0.0000000000E+00   0.0000000000E+00   0.0000000000E+00   0.0000000000E+00   0.0000000000E+00
    9      0.0000000000E+00   0.0000000000E+00   0.0000000000E+00   0.0000000000E+00   0.0000000000E+00
   10      0.0000000000E+00   0.0000000000E+00   0.0000000000E+00   0.0000000000E+00   0.0000000000E+00
   11      0.0000000000E+00   0.0000000000E+00   0.0000000000E+00   0.0000000000E+00   0.0000000000E+00
   12      0.0000000000E+00   0.0000000000E+00   0.0000000000E+00   0.0000000000E+00   0.0000000000E+00
   13      0.0000000000E+00   0.0000000000E+00   0.0000000000E+00   0.0000000000E+00   0.0000000000E+00
   14      0.0000000000E+00   0.0000000000E+00   0.0000000000E+00   0.0000000000E+00   0.0000000000E+00
   15      0.0000000000E+00   0.0000000000E+00   0.0000000000E+00   0.0000000000E+00   0.0000000000E+00
   16      0.0000000000E+00   0.0000000000E+00   0.0000000000E+00   0.0000000000E+00   0.0000000000E+00
   17      0.0000000000E+00   0.0000000000E+00   0.0000000000E+00   0.0000000000E+00   0.0000000000E+00
                    5                  6                  7                  8                  9        
    0      0.0000000000E+00  -3.3026958098E-06  -6.7121843114E-07   4.9020239942E-01   4.0030790643E-05
    1      0.0000000000E+00  -1.4370408727E-04  -6.6308740383E-04  -4.0030183945E-05   4.9021027178E-01
    2      0.0000000000E+00  -9.9301812520E-01   1.1969636029E-01  -1.5943321873E-06  -8.0823797806E-05
    3      0.0000000000E+00   5.7144428312E-08  -6.5341612433E-07   5.0719366747E-01   4.1434978635E-05
    4      0.0000000000E+00   2.3278467885E-03   1.9552164842E-03  -4.0618403107E-05   4.9671474026E-01
    5      0.0000000000E+00  -4.5276012781E-02   1.5445854517E-01  -3.3782185738E-06   2.0950661673E-02
    6      0.0000000000E+00   2.2136237910E-03   2.3100951736E-03   4.9932375109E-01   4.5760924443E-03
    7      0.0000000000E+00  -1.3515372702E-03  -1.9786650633E-03   4.5026460598E-03   5.0455979954E-01
    8      0.0000000000E+00  -4.5262677962E-02   1.5450396256E-01   1.8126047273E-02  -1.0460572938E-02
    9      0.0000000000E+00  -2.2135827963E-03  -2.3112432870E-03   4.9932427295E-01  -4.4945553194E-03
   10      0.0000000000E+00  -1.3515796169E-03  -1.9785735832E-03  -4.5849915488E-03   5.0455914655E-01
   11      0.0000000000E+00  -4.5263093104E-02   1.5450218826E-01  -1.8127857584E-02  -1.0462884409E-02
   12      0.0000000000E+00   2.5869683735E-07   7.0440284154E-08  -4.8215608832E-02  -3.9388879581E-06
   13      0.0000000000E+00   1.3688193707E-05   6.4918180407E-05   3.9375285254E-06  -4.8216131629E-02
   14      0.0000000000E+00   7.3100915204E-02   8.0220966720E-01   1.9468559192E-07   5.5887429758E-05
   15      0.0000000000E+00   1.4893520806E-07   3.3489106741E-08  -2.8000648533E-02  -2.2856466424E-06
   16      0.0000000000E+00   7.9638721385E-06   3.7788956127E-05   2.2863799331E-06  -2.8001000891E-02
   17      0.0000000000E+00   4.9040707448E-02  -5.2010557767E-01   6.9536510789E-08  -2.7754554473E-05
                   10                 11                 12                 13                 14        
    0      5.1075782871E-08  -3.7979749212E-03   7.9505532728E-07  -3.0667252034E-06  -9.8123391224E-02
    1      8.0024805803E-08   8.3608546550E-07   3.8011661375E-03  -9.8119729214E-02   3.0639324128E-06
    2      1.4697681630E-02   3.0214222491E-08   3.8668175372E-07   7.2317328367E-06   3.4658810698E-07
    3     -2.0003825770E-06   1.3150685296E-03  -1.6776299546E-06   2.0777107350E-05   8.1059003647E-01
    4     -4.2451456934E-03  -6.0562181773E-07  -3.0555329589E-03  -5.6292733746E-02  -2.7902321692E-06
    5     -5.7722522876E-01  -1.6764742588E-04  -8.1648239107E-01  -4.7572532837E-03  -2.6544821958E-06
    6     -3.6708312228E-03   2.6261381168E-03   7.4837227318E-04   3.7537097536E-01   1.6041886150E-01
    7      2.1276815522E-03  -7.5577157779E-04  -1.7614103186E-03   5.9388223765E-01   3.7535570561E-01
    8     -5.7723582869E-01   7.0717433712E-01   4.0808813190E-01   2.3874951678E-03  -4.1123118797E-03
    9      3.6668080587E-03   2.6208692034E-03  -7.4802645537E-04  -3.7535640737E-01   1.6043449770E-01
   10      2.1276686208E-03   7.5519994355E-04  -1.7592761211E-03   5.9386665646E-01  -3.7538827208E-01
   11     -5.7723655558E-01  -7.0700586498E-01   4.0837899545E-01   2.3904350860E-03   4.1110435030E-03
   12      3.7150521926E-08   3.5242480526E-03  -7.2606319784E-07   1.5713751421E-09   2.4521915850E-04
   13     -4.4229928961E-08  -7.3025813315E-07  -3.5244052565E-03   2.4478301063E-04  -1.3466602658E-08
   14      1.0076622470E-02  -1.9945381518E-08   5.3592008410E-08  -1.1545801888E-06  -2.4680148174E-10
   15      1.9621253723E-08  -1.9116195042E-03   3.9247838154E-07   8.5187351361E-09   1.4556421107E-04
   16     -6.0782679334E-08   3.9000848238E-07   1.9115287838E-03   1.4539082270E-04  -6.7265661669E-10
   17      6.0196627621E-03   3.1475172638E-09   5.0901382777E-08  -1.2176337184E-07  -1.4886414180E-09
                   15                 16                 17        
     0     -3.5614955824E-09  -9.8415414086E-02  -5.0552424634E-07
     1      7.0749920315E-06   5.0742951176E-07  -9.8415515709E-02
     2     -4.4510287453E-04   3.4323205776E-07  -3.2829244429E-06
     3      3.4581996180E-09  -3.8313252452E-02   4.2435174778E-06
     4     -5.7737885842E-01   3.0200649534E-07   8.1156644491E-01
     5      4.1723458636E-03   1.3236548329E-07  -6.6229894331E-03
     6     -4.9997004516E-01   5.9912124792E-01  -3.6805570712E-01
     7      2.8865293082E-01  -3.6802724332E-01   1.7418180867E-01
     8      4.1740073509E-03  -5.7371977497E-03   3.3096079773E-03
     9      4.9997012738E-01   5.9912515497E-01   3.6805743956E-01
    10      2.8865297429E-01   3.6802097340E-01   1.7417791025E-01
    11      4.1705530730E-03   5.7330069953E-03   3.3070453854E-03
    12      7.7031760751E-09   7.3621345812E-05   6.3220435315E-09
    13     -7.5334592295E-08   5.3474776824E-09   7.3680721426E-05
    14     -4.4722120717E-06  -2.6009221152E-10   5.1681540532E-07
    15     -5.1936660435E-09   5.4945448548E-05  -3.6016298458E-09
    16     -4.2723061698E-08  -3.9900756333E-09   5.4973178946E-05
    17     -5.4480545054E-05  -8.6074706340E-11   3.5653376814E-08

#
# The atoms: label  mass x y z (in bohrs)
#
$atoms
6
 C     12.01100      0.000000028277     0.000000020629     1.198562784166
 H      1.00800      0.000000030517     2.015674431404     1.187975518469
 H      1.00800      1.745625270521    -1.007837180959     1.187975303664
 H      1.00800     -1.745625212825    -1.007837182868     1.187975304381
 Br    79.90000      0.000000011148    -0.000000488846     5.757908270853
 I    126.90000     -0.000000010396     0.000000305302    -3.767102017158

$actual_temperature
  0.000000

$frequency_scale_factor
  1.000000


$end

