
$orca_hessian_file

$act_atom
  0

$act_coord
  0

$act_energy
      -11.819071

$multiplicity
  1

$hessian
18
                    0                  1                  2                  3                  4        
    0      5.6996592540E-01  -1.0200000000E-07  -1.9570000000E-06  -4.2323068300E-02  -1.5402000000E-06
    1     -1.0200000000E-07   5.6996439540E-01  -4.1746000000E-06  -1.5225000000E-06  -3.2449021550E-01
    2     -1.9570000000E-06  -4.1746000000E-06  -1.9127616200E-02   9.4000000000E-09  -1.9742982900E-02
    3     -4.2323068300E-02  -1.5225000000E-06   9.4000000000E-09   4.1849897700E-02   1.6848000000E-06
    4     -1.5402000000E-06  -3.2449021550E-01  -1.9742982900E-02   1.6848000000E-06   3.4979082900E-01
    5     -1.0000000000E-10  -2.1430740000E-02  -9.1058896000E-03   8.7100000000E-08   2.0710457300E-02
    6     -2.5394117820E-01   1.2218192880E-01  -1.7093546500E-02   1.1712930000E-04  -1.5304910000E-04
    7      1.2217939860E-01  -1.1285852780E-01   9.8774092000E-03   2.4094442600E-02  -1.3707504000E-02
    8     -1.8558947300E-02   1.0715149000E-02  -9.1060742000E-03   1.9517548000E-03  -8.4099800000E-04
    9     -2.5394338110E-01  -1.2218030180E-01   1.7095342300E-02   1.1683320000E-04   1.5290250000E-04
   10     -1.2217775870E-01  -1.1285591760E-01   9.8780770000E-03  -2.4094600400E-02  -1.3707276800E-02
   11      1.8560729000E-02   1.0715765100E-02  -9.1063310000E-03  -1.9517645000E-03  -8.4097770000E-04
   12     -8.6745235000E-03   2.7000000000E-09   7.3300000000E-08   2.2421230000E-04  -2.5000000000E-09
   13      9.0000000000E-10  -8.6753246000E-03  -4.2169000000E-06   2.1100000000E-08   9.6431030000E-04
   14      9.1500000000E-08   1.0607000000E-06   2.3153760800E-02  -4.7500000000E-08  -2.3218240000E-04
   15     -1.1083774200E-02  -5.2000000000E-09   7.8500000000E-08   1.4995700000E-05   4.5000000000E-09
   16      1.5000000000E-09  -1.1084409900E-02  -4.1118000000E-06  -2.5700000000E-08   1.1498570000E-03
   17      8.3900000000E-08   2.9398000000E-06   2.3292150300E-02  -3.9400000000E-08   9.4668370000E-04
                    5                  6                  7                  8                  9        
    0     -1.0000000000E-10  -2.5394117820E-01   1.2217939860E-01  -1.8558947300E-02  -2.5394338110E-01
    1     -2.1430740000E-02   1.2218192880E-01  -1.1285852780E-01   1.0715149000E-02  -1.2218030180E-01
    2     -9.1058896000E-03  -1.7093546500E-02   9.8774092000E-03  -9.1060742000E-03   1.7095342300E-02
    3      8.7100000000E-08   1.1712930000E-04   2.4094442600E-02   1.9517548000E-03   1.1683320000E-04
    4      2.0710457300E-02  -1.5304910000E-04  -1.3707504000E-02  -8.4099800000E-04   1.5290250000E-04
    5      3.5318792000E-02   2.4717630000E-04   2.1101235000E-03   4.0547000000E-06  -2.4715380000E-04
    6      2.4717630000E-04   2.7279713830E-01  -1.3334090290E-01   1.7934954100E-02  -2.0616580300E-02
    7      2.1101235000E-03  -1.3334090290E-01   1.1883300970E-01  -1.0354634100E-02  -1.2122168500E-02
    8      4.0547000000E-06   1.7934954100E-02  -1.0354634100E-02   3.5316799300E-02   1.7038714000E-03
    9     -2.4715380000E-04  -2.0616580300E-02  -1.2122168500E-02   1.7038714000E-03   2.7279958530E-01
   10      2.1102921000E-03   1.2122431800E-02   7.0268045000E-03  -1.2698394000E-03   1.3333915940E-01
   11      4.0703000000E-06  -1.7037417000E-03  -1.2697378000E-03   5.9995000000E-06  -1.7936687700E-02
   12     -1.1300000000E-08   7.7822390000E-04  -3.1983970000E-04   4.4816954000E-03   7.7821130000E-04
   13      5.1760707000E-03  -3.1981620000E-04   4.0826890000E-04  -2.5879503000E-03   3.1979350000E-04
   14     -1.0949371200E-02  -2.0199160000E-04   1.1457230000E-04  -1.0949264700E-02   2.0190200000E-04
   15     -9.8100000000E-08   8.6526690000E-04  -4.9093000000E-04  -7.5133284000E-03   8.6533170000E-04
   16     -8.6762037000E-03  -4.9059250000E-04   2.9794870000E-04   4.3382729000E-03   4.9061490000E-04
   17     -1.5271656100E-02   8.1714940000E-04  -4.7773310000E-04  -1.5271514700E-02  -8.1727420000E-04
                   10                 11                 12                 13                 14        
    0     -1.2217775870E-01   1.8560729000E-02  -8.6745235000E-03   9.0000000000E-10   9.1500000000E-08
    1     -1.1285591760E-01   1.0715765100E-02   2.7000000000E-09  -8.6753246000E-03   1.0607000000E-06
    2      9.8780770000E-03  -9.1063310000E-03   7.3300000000E-08  -4.2169000000E-06   2.3153760800E-02
    3     -2.4094600400E-02  -1.9517645000E-03   2.2421230000E-04   2.1100000000E-08  -4.7500000000E-08
    4     -1.3707276800E-02  -8.4097770000E-04  -2.5000000000E-09   9.6431030000E-04  -2.3218240000E-04
    5      2.1102921000E-03   4.0703000000E-06  -1.1300000000E-08   5.1760707000E-03  -1.0949371200E-02
    6      1.2122431800E-02  -1.7037417000E-03   7.7822390000E-04  -3.1981620000E-04  -2.0199160000E-04
    7      7.0268045000E-03  -1.2697378000E-03  -3.1983970000E-04   4.0826890000E-04   1.1457230000E-04
    8     -1.2698394000E-03   5.9995000000E-06   4.4816954000E-03  -2.5879503000E-03  -1.0949264700E-02
    9      1.3333915940E-01  -1.7936687700E-02   7.7821130000E-04   3.1979350000E-04   2.0190200000E-04
   10      1.1883019050E-01  -1.0355358500E-02   3.1984260000E-04   4.0826190000E-04   1.1457120000E-04
   11     -1.0355358500E-02   3.5317066000E-02  -4.4818036000E-03  -2.5878958000E-03  -1.0949232900E-02
   12      3.1984260000E-04  -4.4818036000E-03   4.9766385000E-03  -1.5000000000E-09   8.7000000000E-08
   13      4.0826190000E-04  -2.5878958000E-03  -1.5000000000E-09   4.9772201000E-03   1.0352000000E-06
   14      1.1457120000E-04  -1.0949232900E-02   8.7000000000E-08   1.0352000000E-06   2.4791684700E-02
   15      4.9092540000E-04   7.5132685000E-03   1.9172376000E-03   2.0000000000E-09  -4.1500000000E-08
   16      2.9793760000E-04   4.3382047000E-03  -1.5000000000E-09   1.9172635000E-03   9.4300000000E-07
   17     -4.7774250000E-04  -1.5271571800E-02  -4.0800000000E-08   2.9572000000E-06  -1.5097576700E-02
                   15                 16                 17        
     0     -1.1083774200E-02   1.5000000000E-09   8.3900000000E-08
     1     -5.2000000000E-09  -1.1084409900E-02   2.9398000000E-06
     2      7.8500000000E-08  -4.1118000000E-06   2.3292150300E-02
     3      1.4995700000E-05  -2.5700000000E-08  -3.9400000000E-08
     4      4.5000000000E-09   1.1498570000E-03   9.4668370000E-04
     5     -9.8100000000E-08  -8.6762037000E-03  -1.5271656100E-02
     6      8.6526690000E-04  -4.9059250000E-04   8.1714940000E-04
     7     -4.9093000000E-04   2.9794870000E-04  -4.7773310000E-04
     8     -7.5133284000E-03   4.3382729000E-03  -1.5271514700E-02
     9      8.6533170000E-04   4.9061490000E-04  -8.1727420000E-04
    10      4.9092540000E-04   2.9793760000E-04  -4.7774250000E-04
    11      7.5132685000E-03   4.3382047000E-03  -1.5271571800E-02
    12      1.9172376000E-03  -1.5000000000E-09  -4.0800000000E-08
    13      2.0000000000E-09   1.9172635000E-03   2.9572000000E-06
    14     -4.1500000000E-08   9.4300000000E-07  -1.5097576700E-02
    15      7.4209422000E-03   3.3000000000E-09   1.2110000000E-07
    16      3.3000000000E-09   7.4214031000E-03   2.8948000000E-06
    17      1.2110000000E-07   2.8948000000E-06   3.7620169100E-02

$vibrational_frequencies
18
    0        0.0000000000000000
    1        0.0000000000000000
    2        0.0000000000000000
    3        0.0000000000000000
    4        0.0000000000000000
    5        0.0000000000000000
    6     -255.0840429856333742
    7      110.5509993065753349
    8      171.0581957235554853
    9      171.0652125892625861
   10      936.0259628309247546
   11      936.0798017352424267
   12      957.4211977867158794
   13     1352.3505412601809894
   14     1352.4082762484513296
   15     3091.6343537782749991
   16     3176.0589959475473734
   17     3176.0833646750170374

$normal_modes
18 18
                    0                  1                  2                  3                  4        
    0      0.0000000000E+00   0.0000000000E+00   0.0000000000E+00   0.0000000000E+00   0.0000000000E+00
    1      0.0000000000E+00   0.0000000000E+00   0.0000000000E+00   0.0000000000E+00   0.0000000000E+00
    2      0.0000000000E+00   0.0000000000E+00   0.0000000000E+00   0.0000000000E+00   0.0000000000E+00
    3      0.0000000000E+00   0.0000000000E+00   0.0000000000E+00   0.0000000000E+00   0.0000000000E+00
    4      0.0000000000E+00   0.0000000000E+00   0.0000000000E+00   0.0000000000E+00   0.0000000000E+00
    5      0.0000000000E+00   0.0000000000E+00   0.0000000000E+00   0.0000000000E+00   0.0000000000E+00
    6      0.0000000000E+00   0.0000000000E+00   0.0000000000E+00   0.0000000000E+00   0.0000000000E+00
    7      0.0000000000E+00   0.0000000000E+00   0.0000000000E+00   0.0000000000E+00   0.0000000000E+00
    8      0.0000000000E+00   0.0000000000E+00   0.0000000000E+00   0.0000000000E+00   0.0000000000E+00
    9      0.0000000000E+00   0.0000000000E+00   0.0000000000E+00   0.0000000000E+00   0.0000000000E+00
   10      0.0000000000E+00   0.0000000000E+00   0.0000000000E+00   0.0000000000E+00   0.0000000000E+00
   11      0.0000000000E+00   0.0000000000E+00   0.0000000000E+00   0.0000000000E+00   0.0000000000E+00
   12      0.0000000000E+00   0.0000000000E+00   0.0000000000E+00   0.0000000000E+00   0.0000000000E+00
   13      0.0000000000E+00   0.0000000000E+00   0.0000000000E+00   0.0000000000E+00   0.0000000000E+00
   14      0.0000000000E+00   0.0000000000E+00   0.0000000000E+00   0.0000000000E+00   0.0000000000E+00
   15      0.0000000000E+00   0.0000000000E+00   0.0000000000E+00   0.0000000000E+00   0.0000000000E+00
   16      0.0000000000E+00   0.0000000000E+00   0.0000000000E+00   0.0000000000E+00   0.0000000000E+00
   17      0.0000000000E+00   0.0000000000E+00   0.0000000000E+00   0.0000000000E+00   0.0000000000E+00
                    5                  6                  7                  8                  9        
    0      0.0000000000E+00  -1.8526358995E-06   1.4200218434E-07  -4.8788471267E-01  -5.6361497026E-05
    1      0.0000000000E+00   1.4246920510E-04   3.0393717299E-04  -5.6356345423E-05   4.8788734710E-01
    2      0.0000000000E+00  -9.5031520173E-01  -1.7415238926E-01   7.4659411737E-07   1.0573851859E-04
    3      0.0000000000E+00   8.1718536651E-07   4.2645507396E-07  -5.0517328226E-01  -5.8288490980E-05
    4      0.0000000000E+00  -4.2543920707E-02  -7.6962622356E-03  -5.7444109843E-05   4.9743336517E-01
    5      0.0000000000E+00  -1.6674390504E-01  -6.4625104249E-02   8.5620324874E-06  -5.8033733985E-02
    6      0.0000000000E+00  -3.6925650855E-02  -6.9148544016E-03  -4.9935772667E-01   3.2988269804E-03
    7      0.0000000000E+00   2.1585845206E-02   4.3516259160E-03  -3.4083272959E-03   5.0322638222E-01
    8      0.0000000000E+00  -1.6670636840E-01  -6.4564242257E-02   5.0285599723E-02   2.9057072500E-02
    9      0.0000000000E+00   3.6927368764E-02   6.9159596673E-03  -4.9935718675E-01  -3.4142443572E-03
   10      0.0000000000E+00   2.1585893618E-02   4.3517720672E-03   3.2920459196E-03   5.0322775955E-01
   11      0.0000000000E+00  -1.6670657648E-01  -6.4562402868E-02  -5.0289606616E-02   2.9045310079E-02
   12      0.0000000000E+00   1.1904039589E-07  -3.0689053083E-08   4.6112293148E-02   5.3271471103E-06
   13      0.0000000000E+00  -1.4653088347E-05  -2.9186032858E-05   5.3278668811E-06  -4.6112443766E-02
   14      0.0000000000E+00   7.7540635282E-02  -8.1959708679E-01  -1.0374965600E-07   1.4129939333E-05
   15      0.0000000000E+00   8.0262474147E-08  -6.2845350495E-09   2.9090073779E-02   3.3602395695E-06
   16      0.0000000000E+00  -9.2455202926E-06  -1.8391002309E-05   3.3594546184E-06  -2.9090222822E-02
   17      0.0000000000E+00   4.5097692937E-02   5.3406503818E-01  -4.1523441559E-08  -1.9450002219E-05
                   10                 11                 12                 13                 14        
    0     -2.6599912017E-02  -3.9849760330E-05   2.7578806819E-07  -1.4401777690E-04  -9.5403874219E-02
    1      3.9803707090E-05  -2.6598804607E-02   1.2596732342E-06  -9.5403289631E-02   1.4401325052E-04
    2      2.5654928000E-07   1.3472835237E-06   3.2017422266E-02   1.2026363913E-05   3.0612876585E-07
    3      7.9033233242E-02   1.1679660010E-04  -2.4548032389E-06   1.2096743511E-03   8.0426628622E-01
    4     -5.0850916542E-05   3.3896906076E-02   3.5300620806E-02  -6.0305895281E-02   8.6473103026E-05
    5      1.2078951575E-03  -8.1164609298E-01  -5.7596599913E-01   1.0057417881E-01  -1.5401251266E-04
    6      4.5148580599E-02   1.9614200269E-02   3.0564741838E-02   3.7461353279E-01   1.5526982392E-01
    7      1.9443858909E-02   6.7782492612E-02  -1.7653938909E-02   5.8868127313E-01   3.7348895152E-01
    8     -7.0352650772E-01   4.0479225575E-01  -5.7593475249E-01  -5.0163684179E-02   8.7174356290E-02
    9      4.5211220086E-02  -1.9477186434E-02  -3.0569207174E-02  -3.7413866810E-01   1.5639177339E-01
   10     -1.9646840672E-02   6.7726697130E-02  -1.7653682419E-02   5.8755857622E-01  -3.7525989979E-01
   11      7.0230818739E-01   4.0689065638E-01  -5.7594257424E-01  -5.0423170812E-02  -8.7024251790E-02
   12     -2.2650691156E-03  -3.3762647690E-06   4.1320417008E-08   4.8170407136E-07   3.2424761673E-04
   13      3.3793597165E-06  -2.2652347423E-03  -1.1174658243E-07   3.2418524933E-04  -4.9321841126E-07
   14      5.0511997707E-08  -2.0397666918E-07   7.1140510268E-03  -3.8624614402E-07  -1.7443825113E-09
   15      2.5982851645E-03   3.8814665711E-06   2.8487689155E-09  -5.2844708175E-08  -3.8351126241E-05
   16     -3.8788796417E-06   2.5981808783E-03   6.7387115799E-09  -3.8415408734E-05   6.0015519653E-08
   17      2.6723844381E-08  -2.9155387449E-07   6.2150680583E-03  -7.9440503665E-07   3.1658048346E-09
                   15                 16                 17        
     0     -2.1613246967E-07  -9.7991338522E-02   8.3071376843E-04
     1     -2.0192268937E-05  -8.3070271888E-04  -9.7991127904E-02
     2      8.0332204256E-03   3.0108989877E-07  -1.7223271388E-06
     3     -2.9840238976E-07  -3.8564959396E-02   3.3141003569E-04
     4     -5.7619020212E-01   6.8714690263E-03   8.0984811053E-01
     5     -3.3518074870E-02   4.7165720925E-04   5.5575673890E-02
     6     -4.9921221063E-01   5.9453128248E-01  -3.7227398227E-01
     7      2.8821675389E-01  -3.6585016352E-01   1.7655458072E-01
     8     -3.3535234327E-02   4.7885481639E-02  -2.8184228217E-02
     9      4.9921501034E-01   6.0076172132E-01   3.6213651123E-01
    10      2.8821871485E-01   3.6878462421E-01   1.7031892861E-01
    11     -3.3538912116E-02  -4.8360644701E-02  -2.7370326773E-02
    12      8.4031811037E-09   7.9946375229E-05  -6.7318598846E-07
    13     -2.2251295626E-08   6.8471299364E-07   7.9974545555E-05
    14      5.8485227554E-05  -6.2947205046E-10  -1.1811254714E-08
    15     -4.7026937054E-09   3.6283552837E-05  -3.1052817268E-07
    16     -2.3022317163E-08   3.0326744454E-07   3.6296912910E-05
    17      1.8674457838E-06  -2.5371355392E-10   2.7008602652E-09

#
# The atoms: label  mass x y z (in bohrs)
#
$atoms
6
 C     12.01100      0.000000187186    -0.000003211064     0.987854865713
 H      1.00800      0.000000052410     2.022531818747     1.125527665548
 H      1.00800      1.751566273144    -1.011272021971     1.125526787076
 H      1.00800     -1.751566083207    -1.011271972828     1.125526606074
 Br    79.90000      0.000000028971     0.000000244636     5.967877339534
 I    126.90000     -0.000000037883     0.000000246613    -3.877873269724

$actual_temperature
  0.000000

$frequency_scale_factor
  1.000000


$end

