*************************************************
******************* ORCA 6.1.0 ******************
*************************************************
$Calculation_Status
   &GeometryIndex 0
   &version [&Type "String"] "6.1.0"
   &progName [&Type "String"] "orca"
   &Status [&Type "String"] "NORMAL TERMINATION"
$End
$Geometry
   &GeometryIndex 1
   &NAtoms [&Type "Integer"] 6
   &NCorelessECP [&Type "Integer"] 0
   &NGhostAtoms [&Type "Integer"] 0
   &CartesianCoordinates [&Type "Coordinates", &Dim(6,4), &Units "Bohr"] 
              C      0.000000000000    0.000000000000   -0.185193161124
              H      0.000000000000    2.050352855305    0.000000000000
              H      1.775658485025   -1.025176427652    0.000000000000
              H     -1.775658485025   -1.025176427652    0.000000000000
              Br     0.000000000000    0.000000000000    5.130606453596
              I      0.000000000000    0.000000000000   -5.038009873034
$End
$Single_Point_Data
   &GeometryIndex 1
   &FinalEnergy [&Type "Double"]      -1.1815629434010001e+01  "Final single point energy"
   &Converged [&Type "Boolean"] true
$End
$Hessian
   &GeometryIndex 1
   &HESSIAN [&Type "ArrayOfDoubles", &Dim (18,18)] "The Hessian"
                                                         0                           1                           2                           3                           4                           5                           6                           7

0                                      5.2076449510000000e-01        -3.3999999999999998e-09        -1.6677999999999999e-06        -4.5674407200000003e-02        -1.3658999999999999e-06        -3.1200000000000001e-08        -2.2831017910000001e-01         1.0544595750000001e-01
1                                     -3.3999999999999998e-09         5.2076499840000001e-01        -2.8982999999999998e-06        -1.3592000000000000e-06        -2.8919004729999997e-01        -2.4705015800000001e-02         1.0544947690000001e-01        -1.0655522290000000e-01
2                                     -1.6677999999999999e-06        -2.8982999999999998e-06         3.7179574000000002e-03        -5.0099999999999999e-08        -2.2499390500000001e-02        -1.6237906800000000e-02        -1.9481661599999998e-02         1.1254002399999999e-02
3                                     -4.5674407200000003e-02        -1.3592000000000000e-06        -5.0099999999999999e-08         4.3464314599999998e-02         1.5012999999999999e-06         1.0190000000000001e-07         1.0505976000000001e-03         2.4487580700000001e-02
4                                     -1.3658999999999999e-06        -2.8919004729999997e-01        -2.2499390500000001e-02         1.5012999999999999e-06         3.1309575820000002e-01         2.4636789700000002e-02        -4.1855089999999999e-04        -1.2856197000000000e-02
5                                     -3.1200000000000001e-08        -2.4705015800000001e-02        -1.6237906800000000e-02         1.0190000000000001e-07         2.4636789700000002e-02         3.5980125500000001e-02         3.6056100000000002e-04         2.9398314000000001e-03
6                                     -2.2831017910000001e-01         1.0544947690000001e-01        -1.9481661599999998e-02         1.0505976000000001e-03        -4.1855089999999999e-04         3.6056100000000002e-04         2.4567473340000001e-01        -1.1675724660000000e-01
7                                      1.0544595750000001e-01        -1.0655522290000000e-01         1.1254002399999999e-02         2.4487580700000001e-02        -1.2856197000000000e-02         2.9398314000000001e-03        -1.1675724660000000e-01         1.1088076510000000e-01
8                                     -2.1394939599999999e-02         1.2352064400000000e-02        -1.6238017600000001e-02         2.7273825000000002e-03        -1.1577834000000000e-03         7.4852250000000001e-04         2.1335492200000000e-02        -1.2317308000000001e-02
9                                     -2.2831208119999999e-01        -1.0544811100000000e-01         1.9483278999999999e-02         1.0503180000000000e-03         4.1840220000000002e-04        -3.6053090000000000e-04        -1.9787644800000000e-02        -1.2446888499999999e-02
10                                    -1.0544459210000000e-01        -1.0655301420000000e-01         1.1254586000000000e-02        -2.4487709300000000e-02        -1.2855946100000000e-02         2.9400080000000000e-03         1.2447163700000000e-02         8.0080234999999993e-03
11                                     2.1396543200000000e-02         1.2352558499999999e-02        -1.6238295800000000e-02        -2.7274004999999998e-03        -1.1577588000000001e-03         7.4854239999999996e-04        -2.3656405999999998e-03        -1.7825835000000001e-03
12                                    -7.1377932000000000e-03         1.3999999999999999e-09         4.3000000000000001e-08         1.7479569999999999e-04         3.8000000000000001e-09        -2.6000000000000001e-09         6.6079889999999997e-04        -2.8058500000000002e-04
13                                     1.6000000000000001e-09        -7.1371187000000003e-03        -3.1360000000000001e-06         1.5700000000000002e-08         8.2940689999999996e-04         3.7746708999999998e-03        -2.7654669999999999e-04         3.3266749999999999e-04
14                                     5.4399999999999997e-08         6.5250000000000000e-07         2.2005669700000001e-02        -3.3000000000000002e-09        -4.1158189999999998e-04        -6.8906625000000003e-03        -3.5702789999999998e-04         2.0487460000000001e-04
15                                    -1.1330034399999999e-02        -4.6999999999999999e-09         5.7499999999999999e-08        -6.5618700000000002e-05         9.3999999999999998e-09        -9.8200000000000006e-08         7.1169389999999999e-04        -4.4881800000000003e-04
16                                     2.2999999999999999e-09        -1.1329595400000000e-02        -3.1636000000000001e-06        -2.9300000000000001e-08         9.7702529999999996e-04        -9.5862841000000001e-03        -4.4429630000000000e-04         1.8996369999999999e-04
17                                     4.0900000000000002e-08         2.6388999999999998e-06         2.2990593100000001e-02        -3.0500000000000002e-08         5.8972479999999997e-04        -1.4348621200000000e-02         5.0827680000000005e-04        -2.9881679999999998e-04
                                                         8                           9                          10                          11                          12                          13                          14                          15

0                                     -2.1394939599999999e-02        -2.2831208119999999e-01        -1.0544459210000000e-01         2.1396543200000000e-02        -7.1377932000000000e-03         1.6000000000000001e-09         5.4399999999999997e-08        -1.1330034399999999e-02
1                                      1.2352064400000000e-02        -1.0544811100000000e-01        -1.0655301420000000e-01         1.2352558499999999e-02         1.3999999999999999e-09        -7.1371187000000003e-03         6.5250000000000000e-07        -4.6999999999999999e-09
2                                     -1.6238017600000001e-02         1.9483278999999999e-02         1.1254586000000000e-02        -1.6238295800000000e-02         4.3000000000000001e-08        -3.1360000000000001e-06         2.2005669700000001e-02         5.7499999999999999e-08
3                                      2.7273825000000002e-03         1.0503180000000000e-03        -2.4487709300000000e-02        -2.7274004999999998e-03         1.7479569999999999e-04         1.5700000000000002e-08        -3.3000000000000002e-09        -6.5618700000000002e-05
4                                     -1.1577834000000000e-03         4.1840220000000002e-04        -1.2855946100000000e-02        -1.1577588000000001e-03         3.8000000000000001e-09         8.2940689999999996e-04        -4.1158189999999998e-04         9.3999999999999998e-09
5                                      7.4852250000000001e-04        -3.6053090000000000e-04         2.9400080000000000e-03         7.4854239999999996e-04        -2.6000000000000001e-09         3.7746708999999998e-03        -6.8906625000000003e-03        -9.8200000000000006e-08
6                                      2.1335492200000000e-02        -1.9787644800000000e-02         1.2447163700000000e-02        -2.3656405999999998e-03         6.6079889999999997e-04        -2.7654669999999999e-04        -3.5702789999999998e-04         7.1169389999999999e-04
7                                     -1.2317308000000001e-02        -1.2446888499999999e-02         8.0080234999999993e-03        -1.7825835000000001e-03        -2.8058500000000002e-04         3.3266749999999999e-04         2.0487460000000001e-04        -4.4881800000000003e-04
8                                      3.5980175500000003e-02         2.3657642999999999e-03        -1.7826936999999999e-03         7.4852689999999999e-04         3.2686243000000000e-03        -1.8874149999999999e-03        -6.8906456999999997e-03        -8.3023238000000006e-03
9                                      2.3657642999999999e-03         2.4567687240000000e-01         1.1675574760000000e-01        -2.1337084499999999e-02         6.6078130000000004e-04         2.7652809999999999e-04         3.5696779999999997e-04         7.1175429999999998e-04
10                                    -1.7826936999999999e-03         1.1675574760000000e-01         1.1087832100000000e-01        -1.2317897000000000e-02         2.8058130000000001e-04         3.3266150000000000e-04         2.0483630000000001e-04         4.4880870000000000e-04
11                                     7.4852689999999999e-04        -2.1337084499999999e-02        -1.2317897000000000e-02         3.5980474399999997e-02        -3.2686920000000001e-03        -1.8873746000000000e-03        -6.8906271000000003e-03         8.3022744000000002e-03
12                                     3.2686243000000000e-03         6.6078130000000004e-04         2.8058130000000001e-04        -3.2686920000000001e-03         3.8065833000000002e-03        -8.0000000000000003e-10         3.5800000000000003e-08         1.8348340000000000e-03
13                                    -1.8874149999999999e-03         2.7652809999999999e-04         3.3266150000000000e-04        -1.8873746000000000e-03        -8.0000000000000003e-10         3.8071913999999998e-03         6.2710000000000000e-07         2.0000000000000001e-09
14                                    -6.8906456999999997e-03         3.5696779999999997e-04         2.0483630000000001e-04        -6.8906271000000003e-03         3.5800000000000003e-08         6.2710000000000000e-07         9.4886512999999995e-03        -2.6799999999999998e-08
15                                    -8.3023238000000006e-03         7.1175429999999998e-04         4.4880870000000000e-04         8.3022744000000002e-03         1.8348340000000000e-03         2.0000000000000001e-09        -2.6799999999999998e-08         8.1373707999999999e-03
16                                     4.7931357000000003e-03         4.4432150000000003e-04         1.8995420000000000e-04         4.7930554999999998e-03        -8.0000000000000003e-10         1.8351914000000000e-03         5.9139999999999996e-07         2.6000000000000001e-09
17                                    -1.4348561700000000e-02        -5.0839570000000005e-04        -2.9883960000000000e-04        -1.4348620899999999e-02        -8.5000000000000000e-09         2.6276999999999998e-06        -1.0822385800000001e-02         1.1700000000000000e-07
                                                        16                          17

0                                      2.2999999999999999e-09         4.0900000000000002e-08
1                                     -1.1329595400000000e-02         2.6388999999999998e-06
2                                     -3.1636000000000001e-06         2.2990593100000001e-02
3                                     -2.9300000000000001e-08        -3.0500000000000002e-08
4                                      9.7702529999999996e-04         5.8972479999999997e-04
5                                     -9.5862841000000001e-03        -1.4348621200000000e-02
6                                     -4.4429630000000000e-04         5.0827680000000005e-04
7                                      1.8996369999999999e-04        -2.9881679999999998e-04
8                                      4.7931357000000003e-03        -1.4348561700000000e-02
9                                      4.4432150000000003e-04        -5.0839570000000005e-04
10                                     1.8995420000000000e-04        -2.9883960000000000e-04
11                                     4.7930554999999998e-03        -1.4348620899999999e-02
12                                    -8.0000000000000003e-10        -8.5000000000000000e-09
13                                     1.8351914000000000e-03         2.6276999999999998e-06
14                                     5.9139999999999996e-07        -1.0822385800000001e-02
15                                     2.6000000000000001e-09         1.1700000000000000e-07
16                                     8.1374607999999994e-03         2.6651000000000001e-06
17                                     2.6651000000000001e-06         3.0877596399999999e-02
   &MODES [&Type "ArrayOfDoubles", &Dim (18,18)] "The modes of vibrations"
                                                         0                           1                           2                           3                           4                           5                           6                           7

0                                      0.0000000000000000e+00         0.0000000000000000e+00         0.0000000000000000e+00         0.0000000000000000e+00         0.0000000000000000e+00         0.0000000000000000e+00        -1.1390386892876368e-07         4.6379129600951169e-07
1                                      0.0000000000000000e+00         0.0000000000000000e+00         0.0000000000000000e+00         0.0000000000000000e+00         0.0000000000000000e+00         0.0000000000000000e+00         3.4282248705027562e-05         3.5363346770427647e-05
2                                      0.0000000000000000e+00         0.0000000000000000e+00         0.0000000000000000e+00         0.0000000000000000e+00         0.0000000000000000e+00         0.0000000000000000e+00        -2.7251327780525075e-01        -3.6628076607649281e-02
3                                      0.0000000000000000e+00         0.0000000000000000e+00         0.0000000000000000e+00         0.0000000000000000e+00         0.0000000000000000e+00         0.0000000000000000e+00         3.3697565441305551e-07         5.8445161302056310e-07
4                                      0.0000000000000000e+00         0.0000000000000000e+00         0.0000000000000000e+00         0.0000000000000000e+00         0.0000000000000000e+00         0.0000000000000000e+00        -1.2049331997631134e-02        -2.1329546280568750e-03
5                                      0.0000000000000000e+00         0.0000000000000000e+00         0.0000000000000000e+00         0.0000000000000000e+00         0.0000000000000000e+00         0.0000000000000000e+00        -9.7434644863542294e-02        -8.4100964611988939e-03
6                                      0.0000000000000000e+00         0.0000000000000000e+00         0.0000000000000000e+00         0.0000000000000000e+00         0.0000000000000000e+00         0.0000000000000000e+00        -1.0457989131111728e-02        -1.8761357195027500e-03
7                                      0.0000000000000000e+00         0.0000000000000000e+00         0.0000000000000000e+00         0.0000000000000000e+00         0.0000000000000000e+00         0.0000000000000000e+00         6.0938908694962522e-03         1.1255628527307238e-03
8                                      0.0000000000000000e+00         0.0000000000000000e+00         0.0000000000000000e+00         0.0000000000000000e+00         0.0000000000000000e+00         0.0000000000000000e+00        -9.7421062265185140e-02        -8.3983957641275368e-03
9                                      0.0000000000000000e+00         0.0000000000000000e+00         0.0000000000000000e+00         0.0000000000000000e+00         0.0000000000000000e+00         0.0000000000000000e+00         1.0458945776542727e-02         1.8773089545907947e-03
10                                     0.0000000000000000e+00         0.0000000000000000e+00         0.0000000000000000e+00         0.0000000000000000e+00         0.0000000000000000e+00         0.0000000000000000e+00         6.0940540829479009e-03         1.1255653537312546e-03
11                                     0.0000000000000000e+00         0.0000000000000000e+00         0.0000000000000000e+00         0.0000000000000000e+00         0.0000000000000000e+00         0.0000000000000000e+00        -9.7420858677497696e-02        -8.3980365615033727e-03
12                                     0.0000000000000000e+00         0.0000000000000000e+00         0.0000000000000000e+00         0.0000000000000000e+00         0.0000000000000000e+00         0.0000000000000000e+00        -3.6268644653316996e-10        -4.5050261535796743e-08
13                                     0.0000000000000000e+00         0.0000000000000000e+00         0.0000000000000000e+00         0.0000000000000000e+00         0.0000000000000000e+00         0.0000000000000000e+00        -3.3606284982914965e-06        -3.3058426004567228e-06
14                                     0.0000000000000000e+00         0.0000000000000000e+00         0.0000000000000000e+00         0.0000000000000000e+00         0.0000000000000000e+00         0.0000000000000000e+00         2.8787086912283343e-02        -8.4620395214717703e-02
15                                     0.0000000000000000e+00         0.0000000000000000e+00         0.0000000000000000e+00         0.0000000000000000e+00         0.0000000000000000e+00         0.0000000000000000e+00         7.3371128973618139e-10        -2.9494322729187182e-08
16                                     0.0000000000000000e+00         0.0000000000000000e+00         0.0000000000000000e+00         0.0000000000000000e+00         0.0000000000000000e+00         0.0000000000000000e+00        -2.2298796740276042e-06        -2.2043443760083164e-06
17                                     0.0000000000000000e+00         0.0000000000000000e+00         0.0000000000000000e+00         0.0000000000000000e+00         0.0000000000000000e+00         0.0000000000000000e+00         9.9896257979519513e-03         5.6946553087529918e-02
                                                         8                           9                          10                          11                          12                          13                          14                          15

0                                     -2.4640157208797339e-01         5.8664704671361125e-06        -3.6882773679745441e-02        -1.5473385227401416e-04         2.1821532205807144e-07         3.5995328663532645e-05         8.9292754874462990e-02         1.1728044924664596e-08
1                                      5.8687990475985424e-06         2.4640315402268370e-01         1.5467591171074927e-04        -3.6875202453799820e-02        -5.2349523691334138e-06         8.9290951277626776e-02        -3.5996767238258120e-05        -2.4054863266568232e-05
2                                     -1.2297682296751901e-07         4.6195292905069042e-05         9.8940831151593627e-08         4.6686048511141398e-06         5.5083327939969000e-02        -2.6034699209423024e-06        -2.5045997452037251e-07         1.0482447505463448e-02
3                                     -2.5659605463010143e-01         6.0051801022340036e-06         8.8947652873422420e-02         3.7154123537619935e-04        -1.9384968325883145e-06        -3.0328109146067673e-04        -7.6256114987430990e-01        -1.9168932420977337e-07
4                                      6.0127279295366810e-06         2.5367070489891125e-01        -1.7915714322411417e-04         4.2639560577547406e-02         4.7785048114672775e-02         5.8862203240606627e-02        -1.9406290868185003e-05        -5.7276652260725169e-01
5                                     -4.3814754039287602e-07        -5.0420464150502803e-02         3.3517481596560092e-03        -8.0000985415380854e-01        -5.6085555221925409e-01        -1.1429160007192959e-01         4.8140159637589182e-05        -4.4686688442797433e-02
6                                     -2.5439158107010212e-01         1.2841611876193567e-03         5.4119285202517631e-02         2.0274271520690772e-02         4.1407179237224902e-02        -3.5581383205762906e-01        -1.4631577253254133e-01        -4.9621945869280210e-01
7                                     -1.2665698183122866e-03         2.5584638584710356e-01         1.9733955621635997e-02         7.7419991604066304e-02        -2.3876079448420566e-02        -5.5731527817930870e-01        -3.5548638519360248e-01         2.8655626202930462e-01
8                                      4.3682023146260851e-02         2.5224159012674805e-02        -6.9447131378218130e-01         3.9705374564679669e-01        -5.6093622713251556e-01         5.7054617821081358e-02        -9.9007999792738319e-02        -4.4711697466014333e-02
9                                     -2.5439184347233856e-01        -1.2719377462319706e-03         5.4291919214119314e-02        -1.9817808633338173e-02        -4.1411037505350766e-02         3.5569165942756265e-01        -1.4659447328196623e-01         4.9621951763559330e-01
10                                     1.2787843067719770e-03         2.5584650886952465e-01        -2.0382690333122948e-02         7.7254511787376925e-02        -2.3876068637230435e-02        -5.5703561587060701e-01         3.5593124506321550e-01         2.8655651740358812e-01
11                                    -4.3680116283561006e-02         2.5225931791895789e-02         6.9111933396325576e-01         4.0285949970090551e-01        -5.6093587164307779e-01         5.7130867344938246e-02         9.8963681418624661e-02        -4.4715193122496881e-02
12                                     2.2653392000952767e-02        -5.3870593164029682e-07        -1.6400258244297561e-03        -6.8646924956699447e-06         1.9794343464989267e-08        -9.1024557675748741e-08        -2.4487013111379002e-04         7.6892241217746401e-09
13                                    -5.3849867680231593e-07        -2.2653374800114097e-02         6.8676520086508863e-06        -1.6403124602168897e-03         3.7468584300036373e-07        -2.4446921954499772e-04         1.0197864066382552e-07        -3.7048741058850182e-07
14                                    -1.7097941463329917e-07         8.1272281680988237e-06         5.6302171905885710e-09         2.3077959678867280e-07         4.2984579644602255e-03         3.8626729769395892e-07        -4.8301128908597689e-09         7.1778270529975296e-05
15                                     1.5138106985645746e-02        -3.6086700791371590e-07         2.9558654837744717e-03         1.2390615243155167e-05         1.2928185988743294e-08         2.9868564853005437e-08         8.6564314681987804e-05        -4.8969743868338490e-09
16                                    -3.6120673920053110e-07        -1.5138141409375902e-02        -1.2387886379040634e-05         2.9556851517980815e-03        -1.7621371481442739e-09         8.6619977792380502e-05        -3.6628285777993506e-08        -2.4036228088644129e-07
17                                     1.0762698951232506e-07        -9.7248294800174233e-06        -1.1069504595838802e-08         1.8020310405757044e-07         5.4463107088689264e-03         8.4610989197757504e-07        -3.6103942805433369e-09         2.7948990229255893e-05
                                                        16                          17

0                                      9.2503570802338328e-02        -2.8183167762420862e-05
1                                      2.8180964861751786e-05         9.2504100145559848e-02
2                                     -3.2298902712710330e-07         2.1632929291998627e-06
3                                      3.7427266332202190e-02        -1.5733877475100508e-05
4                                     -2.3786541224442672e-04        -7.6629954466702399e-01
5                                     -2.2013155534790258e-05        -7.0552664133057177e-02
6                                     -5.6516519053618930e-01         3.4803472671580010e-01
7                                      3.4792224103081432e-01        -1.6352201438874023e-01
8                                     -6.1078605844910025e-02         3.5280480142477637e-02
9                                     -5.6538368476546397e-01        -3.4768595767638433e-01
10                                    -3.4801741745637599e-01        -1.6330248467522973e-01
11                                     6.1104372291332455e-02         3.5245036997635600e-02
12                                    -7.2923813398713313e-05         1.8337491091980524e-08
13                                    -2.8825952236386147e-08        -7.2951176000533144e-05
14                                     7.5884050384931403e-10         1.3494527697719284e-08
15                                    -2.6534234634531104e-05         1.0586439873757309e-08
16                                    -3.7210627427255173e-09        -2.6547768361181733e-05
17                                     2.7953218118547152e-10         2.3849074219115377e-09
$End
$THERMOCHEMISTRY_Energies
   &GeometryIndex 1
   &temperature [&Type "Double"]       2.9814999999999998e+02
   &pressure [&Type "Double"]       1.0000000000000000e+00
   &totalMass [&Type "Double"]       2.2183500000000001e+02
   &spinDegeneracy [&Type "Integer"] 1
   &elEnergy [&Type "Double"]      -1.1815629434010001e+01
   &transEnergy [&Type "Double"]       1.4162714244859817e-03
   &rotEnergy [&Type "Double"]       1.4162714244859817e-03
   &vibEnergy [&Type "Double"]       2.1582948908695958e-03
   &numOfFreqs [&Type "Integer"] 18
   &freqScalingFactor [&Type "Double"]       1.0000000000000000e+00
   &FREQ [&Type "ArrayOfDoubles", &Units "cm^-1", &Dim (18,1)] 
                                                         0

0                                      0.0000000000000000e+00
1                                      0.0000000000000000e+00
2                                      0.0000000000000000e+00
3                                      0.0000000000000000e+00
4                                      0.0000000000000000e+00
5                                      0.0000000000000000e+00
6                                     -2.0902079505664744e+02
7                                      8.9485455950320798e+01
8                                      1.6111244855392465e+02
9                                      1.6112486260759954e+02
10                                     9.1927681234841862e+02
11                                     9.1928188347666412e+02
12                                     9.8966823781512028e+02
13                                     1.3811690041645279e+03
14                                     1.3811753125899384e+03
15                                     2.9295242070654081e+03
16                                     3.0085524075810572e+03
17                                     3.0085553462286575e+03
   &zpe [&Type "Double"]       3.4056159260300603e-02
   &innerEnergyU [&Type "Double"]      -1.1776582437009861e+01
   &enthalpyH [&Type "Double"]      -1.1775638227967601e+01
   &qEl [&Type "Double"]       0.0000000000000000e+00
   &qRot [&Type "Double"]       1.1928896237318177e-02
   &qVib [&Type "Double"]       4.1192228615948350e-03
   &qTrans [&Type "Double"]       1.9999675746369457e-02
   &entropyS [&Type "Double"]       3.6047794845282470e-02
   &freeEnergyG [&Type "Double"]      -1.1811686022812884e+01
   &isLinear [&Type "Boolean"] false
$End
$Geometry
   &GeometryIndex 2
   &NAtoms [&Type "Integer"] 6
   &NCorelessECP [&Type "Integer"] 0
   &NGhostAtoms [&Type "Integer"] 0
   &CartesianCoordinates [&Type "Coordinates", &Dim(6,4), &Units "Bohr"] 
              C      0.000000017958   -0.000006620225   -0.147873116047
              H     -0.000000025820    2.030179645301    0.018322713570
              H      1.758185509725   -1.015109257762    0.018327088179
              H     -1.758185688508   -1.015109331168    0.018327335877
              Br     0.000000049546    0.000021546855    5.004979075767
              I      0.000000137098    0.000024016999   -5.004679677908
$End
$Single_Point_Data
   &GeometryIndex 2
   &FinalEnergy [&Type "Double"]      -1.1817784091309999e+01  "Final single point energy"
   &Converged [&Type "Boolean"] true
$End
$Geometry
   &GeometryIndex 3
   &NAtoms [&Type "Integer"] 6
   &NCorelessECP [&Type "Integer"] 0
   &NGhostAtoms [&Type "Integer"] 0
   &CartesianCoordinates [&Type "Coordinates", &Dim(6,4), &Units "Bohr"] 
              C      0.000000125259   -0.000002523655   -0.114169558482
              H      0.000000023765    2.020181306718    0.036273089740
              H      1.749531517177   -1.010096137925    0.036272634396
              H     -1.749531389356   -1.010096091562    0.036272407539
              Br    -0.000000098483    0.000006251094    4.874622787757
              I     -0.000000178362    0.000007195330   -4.961867941512
$End
$Single_Point_Data
   &GeometryIndex 3
   &FinalEnergy [&Type "Double"]      -1.1819300027240001e+01  "Final single point energy"
   &Converged [&Type "Boolean"] true
$End
$Geometry
   &GeometryIndex 4
   &NAtoms [&Type "Integer"] 6
   &NCorelessECP [&Type "Integer"] 0
   &NGhostAtoms [&Type "Integer"] 0
   &CartesianCoordinates [&Type "Coordinates", &Dim(6,4), &Units "Bohr"] 
              C      0.000000173549   -0.000001158144   -0.083150741881
              H      0.000000039059    2.015890939557    0.048650325799
              H      1.745815662027   -1.007946875085    0.048647999921
              H     -1.745815515551   -1.007946835610    0.048647663022
              Br    -0.000000118742    0.000001768420    4.789703149047
              I     -0.000000240342    0.000002160862   -4.945094976469
$End
$Single_Point_Data
   &GeometryIndex 4
   &FinalEnergy [&Type "Double"]      -1.1819748509309999e+01  "Final single point energy"
   &Converged [&Type "Boolean"] true
$End
$Geometry
   &GeometryIndex 5
   &NAtoms [&Type "Integer"] 6
   &NCorelessECP [&Type "Integer"] 0
   &NGhostAtoms [&Type "Integer"] 0
   &CartesianCoordinates [&Type "Coordinates", &Dim(6,4), &Units "Bohr"] 
              C      0.000000184969    0.000000178411   -0.051986863690
              H      0.000000040030    2.015326147900    0.053548116555
              H      1.745325230936   -1.007661786259    0.053546880924
              H     -1.745325108909   -1.007661762021    0.053546506621
              Br    -0.000000104570   -0.000001889051    4.735747559678
              I     -0.000000242456   -0.000000888981   -4.936998780651
$End
$Single_Point_Data
   &GeometryIndex 5
   &FinalEnergy [&Type "Double"]      -1.1819813313179999e+01  "Final single point energy"
   &Converged [&Type "Boolean"] true
$End
$Geometry
   &GeometryIndex 6
   &NAtoms [&Type "Integer"] 6
   &NCorelessECP [&Type "Integer"] 0
   &NGhostAtoms [&Type "Integer"] 0
   &CartesianCoordinates [&Type "Coordinates", &Dim(6,4), &Units "Bohr"] 
              C      0.000000183172    0.000000469621   -0.023399657159
              H      0.000000059321    2.015808322705    0.054316801231
              H      1.745742298857   -1.007902367706    0.054315447237
              H     -1.745742149662   -1.007902350057    0.054315156642
              Br    -0.000000141965   -0.000002531403    4.697459603129
              I     -0.000000249724   -0.000001543160   -4.929603931642
$End
$Single_Point_Data
   &GeometryIndex 6
   &FinalEnergy [&Type "Double"]      -1.1819808577110001e+01  "Final single point energy"
   &Converged [&Type "Boolean"] true
$End
$Hessian
   &GeometryIndex 6
   &HESSIAN [&Type "ArrayOfDoubles", &Dim (18,18)] "The Hessian"
                                                         0                           1                           2                           3                           4                           5                           6                           7

0                                      5.8784272820000005e-01        -1.2900000000000000e-07        -2.0882000000000002e-06        -4.1283365000000002e-02        -1.5737000000000001e-06         5.6200000000000000e-08        -2.6285373229999998e-01         1.2792497999999999e-01
1                                     -1.2900000000000000e-07         5.8784226230000003e-01         5.4804000000000001e-06        -1.5605999999999999e-06        -3.3671959420000003e-01        -1.2824544300000001e-02         1.2792703820000001e-01        -1.1513823960000000e-01
2                                     -2.0882000000000002e-06         5.4804000000000001e-06        -3.0505420700000001e-02         6.0500000000000006e-08        -1.1845938800000001e-02        -5.1432066000000002e-03        -1.0263463699999999e-02         5.9140848000000003e-03
3                                     -4.1283365000000002e-02        -1.5605999999999999e-06         6.0500000000000006e-08         4.1203865999999999e-02         1.7046000000000000e-06         4.6800000000000002e-08        -1.7715090000000001e-04         2.3891322600000001e-02
4                                     -1.5737000000000001e-06        -3.3671959420000003e-01        -1.1845938800000001e-02         1.7046000000000000e-06         3.6222364590000000e-01         1.1410056000000000e-02        -7.7883100000000007e-05        -1.3928624900000000e-02
5                                      5.6200000000000000e-08        -1.2824544300000001e-02        -5.1432066000000002e-03         4.6800000000000002e-08         1.1410056000000000e-02         3.6862814899999999e-02         1.1125490000000000e-04         1.0765741000000001e-03
6                                     -2.6285373229999998e-01         1.2792703820000001e-01        -1.0263463699999999e-02        -1.7715090000000001e-04        -7.7883100000000007e-05         1.1125490000000000e-04         2.8195914319999998e-01        -1.3900418889999999e-01
7                                      1.2792497999999999e-01        -1.1513823960000000e-01         5.9140848000000003e-03         2.3891322600000001e-02        -1.3928624900000000e-02         1.0765741000000001e-03        -1.3900418889999999e-01         1.2145930940000001e-01
8                                     -1.1105879600000000e-02         6.4121187000000003e-03        -5.1430781000000002e-03         9.8910719999999999e-04        -4.4192830000000001e-04        -5.3521760000000004e-04         9.8807211999999995e-03        -5.7042452999999998e-03
9                                     -2.6285612590000001e-01        -1.2792534710000000e-01         1.0265272000000001e-02        -1.7740790000000001e-04         7.7737099999999998e-05        -1.1124500000000000e-04        -2.0798220799999999e-02        -1.1983071900000000e-02
10                                    -1.2792327740000001e-01        -1.1513549480000000e-01         5.9148441999999999e-03        -2.3891472099999998e-02        -1.3928380900000000e-02         1.0767399000000000e-03         1.1983354099999999e-02         6.6985189000000004e-03
11                                     1.1107694899999999e-02         6.4128407999999998e-03        -5.1432387999999999e-03        -9.8911620000000002e-04        -4.4191920000000000e-04        -5.3520939999999995e-04        -8.7671739999999998e-04        -6.3547530000000003e-04
12                                    -1.0076427600000000e-02         4.2000000000000004e-09         1.0789999999999999e-07         2.5018280000000000e-04         4.1000000000000003e-09        -1.4300000000000001e-08         7.9702989999999997e-04        -3.1570840000000002e-04
13                                    -1.0000000000000000e-10        -1.0076142999999999e-02         5.9833000000000000e-06         2.8600000000000001e-08         9.8169750000000008e-04         7.3447571000000000e-03        -3.1558049999999999e-04         4.3035660000000000e-04
14                                     1.0420000000000001e-07        -4.7129000000000002e-06         2.2489864100000000e-02        -4.6199999999999997e-08         2.8134999999999998e-06        -1.4955719700000000e-02         6.6646999999999999e-06         5.7084999999999996e-06
15                                    -1.0773077299999999e-02        -5.7999999999999998e-09         1.1150000000000000e-07         1.8387500000000001e-04         1.0999999999999999e-08        -9.8599999999999996e-08         1.0729309000000000e-03        -5.1333339999999996e-04
16                                     2.0000000000000001e-10        -1.0772790600000000e-02         5.5459999999999999e-06        -2.3199999999999999e-08         1.3712565999999999e-03        -8.0835827999999992e-03        -5.1273979999999996e-04         4.7867970000000000e-04
17                                     1.1240000000000000e-07        -1.1826999999999999e-06         2.3445080100000001e-02        -5.2100000000000003e-08         1.3169168000000001e-03        -1.5693461499999999e-02         1.1415402000000000e-03        -6.5664680000000004e-04
                                                         8                           9                          10                          11                          12                          13                          14                          15

0                                     -1.1105879600000000e-02        -2.6285612590000001e-01        -1.2792327740000001e-01         1.1107694899999999e-02        -1.0076427600000000e-02        -1.0000000000000000e-10         1.0420000000000001e-07        -1.0773077299999999e-02
1                                      6.4121187000000003e-03        -1.2792534710000000e-01        -1.1513549480000000e-01         6.4128407999999998e-03         4.2000000000000004e-09        -1.0076142999999999e-02        -4.7129000000000002e-06        -5.7999999999999998e-09
2                                     -5.1430781000000002e-03         1.0265272000000001e-02         5.9148441999999999e-03        -5.1432387999999999e-03         1.0789999999999999e-07         5.9833000000000000e-06         2.2489864100000000e-02         1.1150000000000000e-07
3                                      9.8910719999999999e-04        -1.7740790000000001e-04        -2.3891472099999998e-02        -9.8911620000000002e-04         2.5018280000000000e-04         2.8600000000000001e-08        -4.6199999999999997e-08         1.8387500000000001e-04
4                                     -4.4192830000000001e-04         7.7737099999999998e-05        -1.3928380900000000e-02        -4.4191920000000000e-04         4.1000000000000003e-09         9.8169750000000008e-04         2.8134999999999998e-06         1.0999999999999999e-08
5                                     -5.3521760000000004e-04        -1.1124500000000000e-04         1.0767399000000000e-03        -5.3520939999999995e-04        -1.4300000000000001e-08         7.3447571000000000e-03        -1.4955719700000000e-02        -9.8599999999999996e-08
