
$orca_hessian_file

$act_atom
  0

$act_coord
  0

$act_energy
      -11.817794

$multiplicity
  1

$hessian
18
                    0                  1                  2                  3                  4        
    0      5.4860491180E-01  -4.2700000000E-08  -1.8254000000E-06  -4.3758073300E-02  -1.4778000000E-06
    1     -4.2700000000E-08   5.4860049870E-01  -3.4010000000E-06  -1.4617000000E-06  -3.0924728540E-01
    2     -1.8254000000E-06  -3.4010000000E-06  -7.6517940000E-03  -2.4200000000E-08  -2.2365790400E-02
    3     -4.3758073300E-02  -1.4617000000E-06  -2.4200000000E-08   4.2579266700E-02   1.6257000000E-06
    4     -1.4778000000E-06  -3.0924728540E-01  -2.2365790400E-02   1.6257000000E-06   3.3403088590E-01
    5     -2.4200000000E-08  -2.4398420900E-02  -1.2648870600E-02   1.0240000000E-07   2.4037547000E-02
    6     -2.4287606210E-01   1.1496938830E-01  -1.9381574500E-02   5.1041510000E-04  -2.3065520000E-04
    7      1.1496216820E-01  -1.1012895360E-01   1.1187873700E-02   2.4288472800E-02  -1.3374489900E-02
    8     -2.1129376000E-02   1.2199004200E-02  -1.2649050400E-02   2.4303368000E-03  -1.0390531000E-03
    9     -2.4287812470E-01  -1.1496788100E-01   1.9383296000E-02   5.1010460000E-04   2.3050620000E-04
   10     -1.1496065090E-01  -1.1012652470E-01   1.1188489600E-02  -2.4288626900E-02  -1.3374264900E-02
   11      2.1131083500E-02   1.2199553900E-02  -1.2649334000E-02  -2.4303481000E-03  -1.0390296000E-03
   12     -7.8446160000E-03   2.0000000000E-09   5.9100000000E-08   2.0343770000E-04  -2.6000000000E-09
   13      1.3000000000E-09  -7.8471798000E-03  -3.5865000000E-06   1.7600000000E-08   9.1263470000E-04
   14      7.8900000000E-08   2.0600000000E-07   2.2557827900E-02  -3.7200000000E-08  -3.4066430000E-04
   15     -1.1248035800E-02  -4.9000000000E-09   6.9000000000E-08  -4.5150800000E-05   3.7000000000E-09
   16      1.9000000000E-09  -1.1250555200E-02  -3.5855000000E-06  -2.7600000000E-08   1.0525198000E-03
   17      6.3200000000E-08   3.0578000000E-06   2.3041221200E-02  -2.9600000000E-08   7.4699040000E-04
                    5                  6                  7                  8                  9        
    0     -2.4200000000E-08  -2.4287606210E-01   1.1496216820E-01  -2.1129376000E-02  -2.4287812470E-01
    1     -2.4398420900E-02   1.1496938830E-01  -1.1012895360E-01   1.2199004200E-02  -1.1496788100E-01
    2     -1.2648870600E-02  -1.9381574500E-02   1.1187873700E-02  -1.2649050400E-02   1.9383296000E-02
    3      1.0240000000E-07   5.1041510000E-04   2.4288472800E-02   2.4303368000E-03   5.1010460000E-04
    4      2.4037547000E-02  -2.3065520000E-04  -1.3374489900E-02  -1.0390531000E-03   2.3050620000E-04
    5      3.5412707200E-02   3.1601340000E-04   2.6236521000E-03   4.0328940000E-04  -3.1598500000E-04
    6      3.1601340000E-04   2.6121104050E-01  -1.2622422900E-01   2.0816890700E-02  -2.0345837100E-02
    7      2.6236521000E-03  -1.2622422900E-01   1.1544939610E-01  -1.2018307600E-02  -1.2251504700E-02
    8      4.0328940000E-04   2.0816890700E-02  -1.2018307600E-02   3.5412566000E-02   2.1141792000E-03
    9     -3.1598500000E-04  -2.0345837100E-02  -1.2251504700E-02   2.1141792000E-03   2.6121335360E-01
   10      2.6238236000E-03   1.2251762000E-02   7.4534745000E-03  -1.5853470000E-03   1.2622260960E-01
   11      4.0330740000E-04  -2.1140520000E-03  -1.5852394000E-03   4.0345140000E-04  -2.0818572500E-02
   12     -7.6000000000E-09   7.2862370000E-04  -3.0320140000E-04   3.6863674000E-03   7.2861560000E-04
   13      4.2567706000E-03  -2.9882600000E-04   3.7587410000E-04  -2.1282262000E-03   2.9880610000E-04
   14     -8.6963943000E-03  -2.9581010000E-04   1.7009350000E-04  -8.6963402000E-03   2.9573660000E-04
   15     -9.8800000000E-08   7.7181990000E-04  -4.7170590000E-04  -7.9183981000E-03   7.7188790000E-04
   16     -9.1433723000E-03  -4.6744010000E-04   2.2469880000E-04   4.5719297000E-03   4.6746380000E-04
   17     -1.4874039000E-02   6.5853260000E-04  -3.7807220000E-04  -1.4873916200E-02  -6.5865430000E-04
                   10                 11                 12                 13                 14        
    0     -1.1496065090E-01   2.1131083500E-02  -7.8446160000E-03   1.3000000000E-09   7.8900000000E-08
    1     -1.1012652470E-01   1.2199553900E-02   2.0000000000E-09  -7.8471798000E-03   2.0600000000E-07
    2      1.1188489600E-02  -1.2649334000E-02   5.9100000000E-08  -3.5865000000E-06   2.2557827900E-02
    3     -2.4288626900E-02  -2.4303481000E-03   2.0343770000E-04   1.7600000000E-08  -3.7200000000E-08
    4     -1.3374264900E-02  -1.0390296000E-03  -2.6000000000E-09   9.1263470000E-04  -3.4066430000E-04
    5      2.6238236000E-03   4.0330740000E-04  -7.6000000000E-09   4.2567706000E-03  -8.6963943000E-03
    6      1.2251762000E-02  -2.1140520000E-03   7.2862370000E-04  -2.9882600000E-04  -2.9581010000E-04
    7      7.4534745000E-03  -1.5852394000E-03  -3.0320140000E-04   3.7587410000E-04   1.7009350000E-04
    8     -1.5853470000E-03   4.0345140000E-04   3.6863674000E-03  -2.1282262000E-03  -8.6963402000E-03
    9      1.2622260960E-01  -2.0818572500E-02   7.2861560000E-04   2.9880610000E-04   2.9573660000E-04
   10      1.1544675890E-01  -1.2018959500E-02   3.0320410000E-04   3.7586770000E-04   1.7008790000E-04
   11     -1.2018959500E-02   3.5412863200E-02  -3.6864531000E-03  -2.1281807000E-03  -8.6963137000E-03
   12      3.0320410000E-04  -3.6864531000E-03   4.2688756000E-03  -1.0000000000E-09   6.2000000000E-08
   13      3.7586770000E-04  -2.1281807000E-03  -1.0000000000E-09   4.2682479000E-03   1.5510000000E-07
   14      1.7008790000E-04  -8.6963137000E-03   6.2000000000E-08   1.5510000000E-07   1.6365511500E-02
   15      4.7170210000E-04   7.9183422000E-03   1.9150633000E-03   2.1000000000E-09  -3.0200000000E-08
   16      2.2468840000E-04   4.5718554000E-03  -1.1000000000E-09   1.9145555000E-03   1.2170000000E-07
   17     -3.7809460000E-04  -1.4873974300E-02  -2.7700000000E-08   3.0678000000E-06  -1.2834291200E-02
                   15                 16                 17        
     0     -1.1248035800E-02   1.9000000000E-09   6.3200000000E-08
     1     -4.9000000000E-09  -1.1250555200E-02   3.0578000000E-06
     2      6.9000000000E-08  -3.5855000000E-06   2.3041221200E-02
     3     -4.5150800000E-05  -2.7600000000E-08  -2.9600000000E-08
     4      3.7000000000E-09   1.0525198000E-03   7.4699040000E-04
     5     -9.8800000000E-08  -9.1433723000E-03  -1.4874039000E-02
     6      7.7181990000E-04  -4.6744010000E-04   6.5853260000E-04
     7     -4.7170590000E-04   2.2469880000E-04  -3.7807220000E-04
     8     -7.9183981000E-03   4.5719297000E-03  -1.4873916200E-02
     9      7.7188790000E-04   4.6746380000E-04  -6.5865430000E-04
    10      4.7170210000E-04   2.2468840000E-04  -3.7809460000E-04
    11      7.9183422000E-03   4.5718554000E-03  -1.4873974300E-02
    12      1.9150633000E-03  -1.1000000000E-09  -2.7700000000E-08
    13      2.1000000000E-09   1.9145555000E-03   3.0678000000E-06
    14     -3.0200000000E-08   1.2170000000E-07  -1.2834291200E-02
    15      7.8344155000E-03   3.0000000000E-09   1.1590000000E-07
    16      3.0000000000E-09   7.8340927000E-03   3.0509000000E-06
    17      1.1590000000E-07   3.0509000000E-06   3.4414999500E-02

$vibrational_frequencies
18
    0        0.0000000000000000
    1        0.0000000000000000
    2        0.0000000000000000
    3        0.0000000000000000
    4        0.0000000000000000
    5        0.0000000000000000
    6     -229.7290184306589254
    7       99.5544134946878643
    8      165.8581139642318476
    9      165.8716285873661889
   10      921.0238500141911118
   11      921.0267474455159800
   12      968.2204499717277031
   13     1365.8859077103215895
   14     1365.9489722996984256
   15     3024.6862153247152492
   16     3106.0699639264785219
   17     3106.0750801633894298

$normal_modes
18 18
                    0                  1                  2                  3                  4        
    0      0.0000000000E+00   0.0000000000E+00   0.0000000000E+00   0.0000000000E+00   0.0000000000E+00
    1      0.0000000000E+00   0.0000000000E+00   0.0000000000E+00   0.0000000000E+00   0.0000000000E+00
    2      0.0000000000E+00   0.0000000000E+00   0.0000000000E+00   0.0000000000E+00   0.0000000000E+00
    3      0.0000000000E+00   0.0000000000E+00   0.0000000000E+00   0.0000000000E+00   0.0000000000E+00
    4      0.0000000000E+00   0.0000000000E+00   0.0000000000E+00   0.0000000000E+00   0.0000000000E+00
    5      0.0000000000E+00   0.0000000000E+00   0.0000000000E+00   0.0000000000E+00   0.0000000000E+00
    6      0.0000000000E+00   0.0000000000E+00   0.0000000000E+00   0.0000000000E+00   0.0000000000E+00
    7      0.0000000000E+00   0.0000000000E+00   0.0000000000E+00   0.0000000000E+00   0.0000000000E+00
    8      0.0000000000E+00   0.0000000000E+00   0.0000000000E+00   0.0000000000E+00   0.0000000000E+00
    9      0.0000000000E+00   0.0000000000E+00   0.0000000000E+00   0.0000000000E+00   0.0000000000E+00
   10      0.0000000000E+00   0.0000000000E+00   0.0000000000E+00   0.0000000000E+00   0.0000000000E+00
   11      0.0000000000E+00   0.0000000000E+00   0.0000000000E+00   0.0000000000E+00   0.0000000000E+00
   12      0.0000000000E+00   0.0000000000E+00   0.0000000000E+00   0.0000000000E+00   0.0000000000E+00
   13      0.0000000000E+00   0.0000000000E+00   0.0000000000E+00   0.0000000000E+00   0.0000000000E+00
   14      0.0000000000E+00   0.0000000000E+00   0.0000000000E+00   0.0000000000E+00   0.0000000000E+00
   15      0.0000000000E+00   0.0000000000E+00   0.0000000000E+00   0.0000000000E+00   0.0000000000E+00
   16      0.0000000000E+00   0.0000000000E+00   0.0000000000E+00   0.0000000000E+00   0.0000000000E+00
   17      0.0000000000E+00   0.0000000000E+00   0.0000000000E+00   0.0000000000E+00   0.0000000000E+00
                    5                  6                  7                  8                  9        
    0      0.0000000000E+00  -1.1428134393E-06  -1.1460520204E-06  -2.3064126178E-05   4.8488021068E-01
    1      0.0000000000E+00   1.0902974748E-04  -4.2449104753E-04  -4.8487585504E-01  -2.3069107149E-05
    2      0.0000000000E+00  -9.0196467842E-01   2.4442814549E-01  -8.2996582507E-05  -3.3701498872E-07
    3      0.0000000000E+00   9.6608782156E-07  -1.6894833745E-06  -2.3908164925E-05   5.0387625785E-01
    4      0.0000000000E+00  -4.2598825854E-02   1.3962400914E-02  -4.9716385284E-01  -2.3643593583E-05
    5      0.0000000000E+00  -2.3989987270E-01   5.2362160244E-02   8.3417496567E-02   2.2026426266E-06
    6      0.0000000000E+00  -3.7015555660E-02   1.2498413942E-02  -2.9586076753E-03   4.9881823609E-01
    7      0.0000000000E+00   2.1468625224E-02  -7.6286510470E-03  -5.0217580889E-01   2.8902216480E-03
    8      0.0000000000E+00  -2.3986730373E-01   5.2245346863E-02  -4.1727780391E-02  -7.2250776265E-02
    9      0.0000000000E+00   3.7017836564E-02  -1.2502155850E-02   2.9110754278E-03   4.9881887777E-01
   10      0.0000000000E+00   2.1468826639E-02  -7.6288609823E-03  -5.0217605775E-01  -2.9380105618E-03
   11      0.0000000000E+00  -2.3986712608E-01   5.2243221605E-02  -4.1734235438E-02   7.2244659936E-02
   12      0.0000000000E+00   6.0880919053E-08   1.2673653680E-07   2.1477894792E-06  -4.5170367439E-02
   13      0.0000000000E+00  -1.0134053147E-05   3.9426318231E-05   4.5170094970E-02   2.1472610349E-06
   14      0.0000000000E+00   8.2671577510E-02   8.0552503254E-01  -2.4078315208E-05   1.4585134402E-07
   15      0.0000000000E+00   4.4042387422E-08   7.1818942335E-08   1.3981621419E-06  -2.9379900164E-02
   16      0.0000000000E+00  -6.6286876907E-06   2.5641222613E-05   2.9379678109E-02   1.3989035202E-06
   17      0.0000000000E+00   3.9034122037E-02  -5.3156329464E-01   2.3369619810E-05  -2.8846647100E-08
                   10                 11                 12                 13                 14        
    0     -3.3461268132E-02  -5.8563933726E-04   2.1024190982E-07  -5.2860653010E-05   9.4402137302E-02
    1      5.8564675428E-04  -3.3463742659E-02   2.1656912838E-07  -9.4402455593E-02  -5.2861313568E-05
    2      1.2049737299E-07   1.9505776455E-06   4.4155146485E-02  -8.7376432088E-07  -3.0412785506E-07
    3      8.7371048657E-02   1.5275389919E-03  -2.0976744285E-06   4.4494201812E-04  -8.0239513974E-01
    4     -6.9626849494E-04   3.9768772749E-02   4.3737290878E-02  -6.1647267874E-02  -2.9905671854E-05
    5      1.4175925413E-02  -8.1026467902E-01  -5.7507519212E-01   1.1441217757E-01   6.6225814811E-05
    6      5.1304735126E-02   2.1524200909E-02   3.7868932337E-02   3.7418849824E-01  -1.5417823359E-01
    7      1.9292591817E-02   7.5832191541E-02  -2.1879358565E-02   5.8661319668E-01  -3.7380350854E-01
    8     -7.0877950100E-01   3.9282118233E-01  -5.7512219331E-01  -5.7166892314E-02  -9.9115741045E-02
    9      5.2030837581E-02  -1.9713957462E-02  -3.7872994444E-02  -3.7401126333E-01  -1.5458883384E-01
   10     -2.1934282417E-02   7.5113456760E-02  -2.1879281645E-02   5.8620172711E-01   3.7445555824E-01
   11      6.9460216330E-01   4.1737575305E-01  -5.7512350757E-01  -5.7274218178E-02   9.9053447260E-02
   12     -1.8842388643E-03  -3.2961672163E-05   2.6500201309E-08   1.5411600067E-07  -2.8954181933E-04
   13      3.2961536307E-05  -1.8841048552E-03   2.4654819502E-07   2.8956475361E-04   1.6584293835E-07
   14      1.0080464230E-08   2.3853232144E-07   5.6342914003E-03  -1.0876662299E-07   1.3912865819E-09
   15      2.8386264968E-03   4.9671134652E-05   1.2344192754E-08  -3.5925222751E-08   7.3458038313E-05
   16     -4.9670347904E-05   2.8387143782E-03  -6.1488191350E-09  -7.3485633277E-05  -4.2985000616E-08
   17     -6.5337481377E-09   2.0329767410E-07   5.9779047505E-03   3.8100570817E-07  -3.3236494118E-09
                   15                 16                 17        
     0      2.1275356676E-08  -1.6326149049E-03  -9.7759057332E-02
     1     -1.8479450688E-04  -9.7759442779E-02   1.6326255082E-03
     2     -9.6510225255E-03   2.0828538856E-05  -1.5156914198E-08
     3      3.0986312899E-07  -6.4501914820E-04  -3.8894292637E-02
     4      5.7732451381E-01   8.0757726660E-01  -1.3481980494E-02
     5      4.0957618491E-02   6.7490698486E-02  -1.1265979040E-03
     6      4.9808240132E-01  -3.5805544742E-01   6.0296079077E-01
     7     -2.8760170535E-01   1.6745032470E-01  -3.6992995381E-01
     8      4.0760875996E-02  -3.2884487597E-02   5.9079238264E-02
     9     -4.9808290490E-01   3.7798511705E-01   5.9067514544E-01
    10     -2.8760235397E-01   1.7970149053E-01   3.6412747868E-01
    11      4.0764388720E-02  -3.4840892508E-02  -5.7952606794E-02
    12     -8.2095406310E-09   1.3113485023E-06   7.8265685052E-05
    13      5.5093490418E-07   7.8374955476E-05  -1.3019971968E-06
    14     -6.7704283243E-05   1.4142925903E-07  -2.8085800356E-09
    15      4.6939606272E-09   5.1720405332E-07   3.1135009106E-05
    16      3.0046487835E-07   3.1202472735E-05  -5.2564332503E-07
    17     -1.6822241833E-05  -1.9631761475E-07   2.9363303512E-09

#
# The atoms: label  mass x y z (in bohrs)
#
$atoms
6
 C     12.01100      0.000000107185    -0.000002616419     0.916984609019
 H      1.00800      0.000000047362     2.033419574744     1.084244693655
 H      1.00800      1.760995834963    -1.016714260379     1.084244332952
 H      1.00800     -1.760995703756    -1.016714239316     1.084244209986
 Br    79.90000      0.000000020341     0.000000150924     6.069680563377
 I    126.90000     -0.000000024371     0.000000223509    -3.934280017772

$actual_temperature
  0.000000

$frequency_scale_factor
  1.000000


$end

