
$orca_hessian_file

$act_atom
  0

$act_coord
  0

$act_energy
      -11.819809

$multiplicity
  1

$hessian
18
                    0                  1                  2                  3                  4        
    0      5.8784272820E-01  -1.2900000000E-07  -2.0882000000E-06  -4.1283365000E-02  -1.5737000000E-06
    1     -1.2900000000E-07   5.8784226230E-01   5.4804000000E-06  -1.5606000000E-06  -3.3671959420E-01
    2     -2.0882000000E-06   5.4804000000E-06  -3.0505420700E-02   6.0500000000E-08  -1.1845938800E-02
    3     -4.1283365000E-02  -1.5606000000E-06   6.0500000000E-08   4.1203866000E-02   1.7046000000E-06
    4     -1.5737000000E-06  -3.3671959420E-01  -1.1845938800E-02   1.7046000000E-06   3.6222364590E-01
    5      5.6200000000E-08  -1.2824544300E-02  -5.1432066000E-03   4.6800000000E-08   1.1410056000E-02
    6     -2.6285373230E-01   1.2792703820E-01  -1.0263463700E-02  -1.7715090000E-04  -7.7883100000E-05
    7      1.2792498000E-01  -1.1513823960E-01   5.9140848000E-03   2.3891322600E-02  -1.3928624900E-02
    8     -1.1105879600E-02   6.4121187000E-03  -5.1430781000E-03   9.8910720000E-04  -4.4192830000E-04
    9     -2.6285612590E-01  -1.2792534710E-01   1.0265272000E-02  -1.7740790000E-04   7.7737100000E-05
   10     -1.2792327740E-01  -1.1513549480E-01   5.9148442000E-03  -2.3891472100E-02  -1.3928380900E-02
   11      1.1107694900E-02   6.4128408000E-03  -5.1432388000E-03  -9.8911620000E-04  -4.4191920000E-04
   12     -1.0076427600E-02   4.2000000000E-09   1.0790000000E-07   2.5018280000E-04   4.1000000000E-09
   13     -1.0000000000E-10  -1.0076143000E-02   5.9833000000E-06   2.8600000000E-08   9.8169750000E-04
   14      1.0420000000E-07  -4.7129000000E-06   2.2489864100E-02  -4.6200000000E-08   2.8135000000E-06
   15     -1.0773077300E-02  -5.8000000000E-09   1.1150000000E-07   1.8387500000E-04   1.1000000000E-08
   16      2.0000000000E-10  -1.0772790600E-02   5.5460000000E-06  -2.3200000000E-08   1.3712566000E-03
   17      1.1240000000E-07  -1.1827000000E-06   2.3445080100E-02  -5.2100000000E-08   1.3169168000E-03
                    5                  6                  7                  8                  9        
    0      5.6200000000E-08  -2.6285373230E-01   1.2792498000E-01  -1.1105879600E-02  -2.6285612590E-01
    1     -1.2824544300E-02   1.2792703820E-01  -1.1513823960E-01   6.4121187000E-03  -1.2792534710E-01
    2     -5.1432066000E-03  -1.0263463700E-02   5.9140848000E-03  -5.1430781000E-03   1.0265272000E-02
    3      4.6800000000E-08  -1.7715090000E-04   2.3891322600E-02   9.8910720000E-04  -1.7740790000E-04
    4      1.1410056000E-02  -7.7883100000E-05  -1.3928624900E-02  -4.4192830000E-04   7.7737100000E-05
    5      3.6862814900E-02   1.1125490000E-04   1.0765741000E-03  -5.3521760000E-04  -1.1124500000E-04
    6      1.1125490000E-04   2.8195914320E-01  -1.3900418890E-01   9.8807212000E-03  -2.0798220800E-02
    7      1.0765741000E-03  -1.3900418890E-01   1.2145930940E-01  -5.7042453000E-03  -1.1983071900E-02
    8     -5.3521760000E-04   9.8807212000E-03  -5.7042453000E-03   3.6860022600E-02   8.7684890000E-04
    9     -1.1124500000E-04  -2.0798220800E-02  -1.1983071900E-02   8.7684890000E-04   2.8196177960E-01
   10      1.0767399000E-03   1.1983354100E-02   6.6985189000E-03  -6.3556680000E-04   1.3900236860E-01
   11     -5.3520940000E-04  -8.7671740000E-04  -6.3547530000E-04  -5.3234790000E-04  -9.8824437000E-03
   12     -1.4300000000E-08   7.9702990000E-04  -3.1570840000E-04   6.3592124000E-03   7.9699340000E-04
   13      7.3447571000E-03  -3.1558050000E-04   4.3035660000E-04  -3.6722983000E-03   3.1555220000E-04
   14     -1.4955719700E-02   6.6647000000E-06   5.7085000000E-06  -1.4955842800E-02  -6.7713000000E-06
   15     -9.8600000000E-08   1.0729309000E-03  -5.1333340000E-04  -7.0000102000E-03   1.0729815000E-03
   16     -8.0835828000E-03  -5.1273980000E-04   4.7867970000E-04   4.0419200000E-03   5.1276120000E-04
   17     -1.5693461500E-02   1.1415402000E-03  -6.5664680000E-04  -1.5693536200E-02  -1.1416609000E-03
                   10                 11                 12                 13                 14        
    0     -1.2792327740E-01   1.1107694900E-02  -1.0076427600E-02  -1.0000000000E-10   1.0420000000E-07
    1     -1.1513549480E-01   6.4128408000E-03   4.2000000000E-09  -1.0076143000E-02  -4.7129000000E-06
    2      5.9148442000E-03  -5.1432388000E-03   1.0790000000E-07   5.9833000000E-06   2.2489864100E-02
    3     -2.3891472100E-02  -9.8911620000E-04   2.5018280000E-04   2.8600000000E-08  -4.6200000000E-08
    4     -1.3928380900E-02  -4.4191920000E-04   4.1000000000E-09   9.8169750000E-04   2.8135000000E-06
    5      1.0767399000E-03  -5.3520940000E-04  -1.4300000000E-08   7.3447571000E-03  -1.4955719700E-02
    6      1.1983354100E-02  -8.7671740000E-04   7.9702990000E-04  -3.1558050000E-04   6.6647000000E-06
    7      6.6985189000E-03  -6.3547530000E-04  -3.1570840000E-04   4.3035660000E-04   5.7085000000E-06
    8     -6.3556680000E-04  -5.3234790000E-04   6.3592124000E-03  -3.6722983000E-03  -1.4955842800E-02
    9      1.3900236860E-01  -9.8824437000E-03   7.9699340000E-04   3.1555220000E-04  -6.7713000000E-06
   10      1.2145633920E-01  -5.7050852000E-03   3.1570460000E-04   4.3034990000E-04   5.7004000000E-06
   11     -5.7050852000E-03   3.6860187800E-02  -6.3593608000E-03  -3.6722218000E-03  -1.4955796400E-02
   12      3.1570460000E-04  -6.3593608000E-03   6.4868155000E-03  -2.3000000000E-09   1.1960000000E-07
   13      4.3034990000E-04  -3.6722218000E-03  -2.3000000000E-09   6.4881056000E-03  -4.9014000000E-06
   14      5.7004000000E-06  -1.4955796400E-02   1.1960000000E-07  -4.9014000000E-06   4.0996624400E-02
   15      5.1332210000E-04   6.9999432000E-03   1.7454058000E-03   2.1000000000E-09  -7.1000000000E-08
   16      4.7866780000E-04   4.0418607000E-03  -2.3000000000E-09   1.7456333000E-03  -4.6080000000E-06
   17     -6.5663250000E-04  -1.5693595300E-02  -6.4800000000E-08  -1.3189000000E-06  -1.8619129600E-02
                   15                 16                 17        
     0     -1.0773077300E-02   2.0000000000E-10   1.1240000000E-07
     1     -5.8000000000E-09  -1.0772790600E-02  -1.1827000000E-06
     2      1.1150000000E-07   5.5460000000E-06   2.3445080100E-02
     3      1.8387500000E-04  -2.3200000000E-08  -5.2100000000E-08
     4      1.1000000000E-08   1.3712566000E-03   1.3169168000E-03
     5     -9.8600000000E-08  -8.0835828000E-03  -1.5693461500E-02
     6      1.0729309000E-03  -5.1273980000E-04   1.1415402000E-03
     7     -5.1333340000E-04   4.7867970000E-04  -6.5664680000E-04
     8     -7.0000102000E-03   4.0419200000E-03  -1.5693536200E-02
     9      1.0729815000E-03   5.1276120000E-04  -1.1416609000E-03
    10      5.1332210000E-04   4.7866780000E-04  -6.5663250000E-04
    11      6.9999432000E-03   4.0418607000E-03  -1.5693595300E-02
    12      1.7454058000E-03  -2.3000000000E-09  -6.4800000000E-08
    13      2.1000000000E-09   1.7456333000E-03  -1.3189000000E-06
    14     -7.1000000000E-08  -4.6080000000E-06  -1.8619129600E-02
    15      6.6978841000E-03   3.9000000000E-09   1.2520000000E-07
    16      3.9000000000E-09   6.6985533000E-03  -1.1359000000E-06
    17      1.2520000000E-07  -1.1359000000E-06   4.2254642400E-02

$vibrational_frequencies
18
    0        0.0000000000000000
    1        0.0000000000000000
    2        0.0000000000000000
    3        0.0000000000000000
    4        0.0000000000000000
    5        0.0000000000000000
    6     -279.6326356582112567
    7      127.2275506904547342
    8      176.8337802785513020
    9      176.8483232604400825
   10      971.8584351564002191
   11      982.6326436246342837
   12      982.7099093496998421
   13     1339.0893586468625926
   14     1339.1146281908900164
   15     3141.3564372858986644
   16     3228.2940947513575338
   17     3228.3128860906667796

$normal_modes
18 18
                    0                  1                  2                  3                  4        
    0      0.0000000000E+00   0.0000000000E+00   0.0000000000E+00   0.0000000000E+00   0.0000000000E+00
    1      0.0000000000E+00   0.0000000000E+00   0.0000000000E+00   0.0000000000E+00   0.0000000000E+00
    2      0.0000000000E+00   0.0000000000E+00   0.0000000000E+00   0.0000000000E+00   0.0000000000E+00
    3      0.0000000000E+00   0.0000000000E+00   0.0000000000E+00   0.0000000000E+00   0.0000000000E+00
    4      0.0000000000E+00   0.0000000000E+00   0.0000000000E+00   0.0000000000E+00   0.0000000000E+00
    5      0.0000000000E+00   0.0000000000E+00   0.0000000000E+00   0.0000000000E+00   0.0000000000E+00
    6      0.0000000000E+00   0.0000000000E+00   0.0000000000E+00   0.0000000000E+00   0.0000000000E+00
    7      0.0000000000E+00   0.0000000000E+00   0.0000000000E+00   0.0000000000E+00   0.0000000000E+00
    8      0.0000000000E+00   0.0000000000E+00   0.0000000000E+00   0.0000000000E+00   0.0000000000E+00
    9      0.0000000000E+00   0.0000000000E+00   0.0000000000E+00   0.0000000000E+00   0.0000000000E+00
   10      0.0000000000E+00   0.0000000000E+00   0.0000000000E+00   0.0000000000E+00   0.0000000000E+00
   11      0.0000000000E+00   0.0000000000E+00   0.0000000000E+00   0.0000000000E+00   0.0000000000E+00
   12      0.0000000000E+00   0.0000000000E+00   0.0000000000E+00   0.0000000000E+00   0.0000000000E+00
   13      0.0000000000E+00   0.0000000000E+00   0.0000000000E+00   0.0000000000E+00   0.0000000000E+00
   14      0.0000000000E+00   0.0000000000E+00   0.0000000000E+00   0.0000000000E+00   0.0000000000E+00
   15      0.0000000000E+00   0.0000000000E+00   0.0000000000E+00   0.0000000000E+00   0.0000000000E+00
   16      0.0000000000E+00   0.0000000000E+00   0.0000000000E+00   0.0000000000E+00   0.0000000000E+00
   17      0.0000000000E+00   0.0000000000E+00   0.0000000000E+00   0.0000000000E+00   0.0000000000E+00
                    5                  6                  7                  8                  9        
    0      0.0000000000E+00   3.2213942822E-06  -8.0036793578E-07   4.9077215642E-01   1.2737057771E-04
    1      0.0000000000E+00   1.8771786652E-04  -6.1588550273E-04  -1.2737294422E-04   4.9078244737E-01
    2      0.0000000000E+00   9.8637964841E-01   1.0516687470E-01  -1.5496477185E-06  -1.2609547828E-04
    3      0.0000000000E+00   1.4730583332E-07  -9.0317842830E-07   5.0671406672E-01   1.3187977117E-04
    4      0.0000000000E+00   2.9117012521E-02   9.7812796595E-04  -1.2908211437E-04   4.9719840550E-01
    5      0.0000000000E+00   7.5144595233E-02   1.2669016835E-01   6.8470241015E-07  -9.6112351136E-03
    6      0.0000000000E+00   2.5123141663E-02   1.3513845019E-03   4.9957043670E-01   4.2449025869E-03
    7      0.0000000000E+00  -1.4126998007E-02  -1.4974794730E-03   3.9985243179E-03   5.0432529405E-01
    8      0.0000000000E+00   7.5161971747E-02   1.2666601378E-01  -8.3376951814E-03   4.7987663899E-03
    9      0.0000000000E+00  -2.5122870530E-02  -1.3530072095E-03   4.9957253989E-01  -3.9859397707E-03
   10      0.0000000000E+00  -1.4127011002E-02  -1.4973753182E-03  -4.2602456912E-03   5.0432401506E-01
   11      0.0000000000E+00   7.5162438635E-02   1.2666393630E-01   8.3319052886E-03   4.8034647421E-03
   12      0.0000000000E+00  -2.4463577700E-07   9.2556438897E-08  -4.7471086270E-02  -1.2321240296E-05
   13      0.0000000000E+00  -2.0024901175E-05   6.0342001948E-05   1.2319870745E-05  -4.7471750418E-02
   14      0.0000000000E+00  -7.1184300606E-02   8.1489705078E-01   1.8954520430E-07   5.5758293066E-05
   15      0.0000000000E+00  -1.5419665089E-07   3.7541788501E-08  -2.8523471060E-02  -7.4022871341E-06
   16      0.0000000000E+00  -1.2014162578E-05   3.6319428349E-05   7.4030628538E-06  -2.8523952824E-02
   17      0.0000000000E+00  -5.0331387678E-02  -5.2605590204E-01   6.7881708732E-08  -2.3100699864E-05
                   10                 11                 12                 13                 14        
    0     -1.3497209716E-07  -1.2206224039E-02   1.7930217287E-05   4.0604736122E-04   9.7266395315E-02
    1     -9.0930186482E-07   1.7868904375E-05   1.2200475822E-02   9.7262633227E-02  -4.0602772093E-04
    2      1.8696800250E-02  -2.7280778418E-07   3.2944322456E-06   1.7686580753E-05  -4.0378705979E-07
    3     -1.1153596797E-06   5.3250865882E-02  -7.6671271833E-05  -3.3690873759E-03  -8.0812279826E-01
    4      1.8490758714E-02  -3.1204967941E-05  -2.0910047969E-02   5.7706847184E-02  -2.3640387117E-04
    5     -5.7697536473E-01   1.2003349123E-03   8.1438340571E-01  -6.2849706862E-02   2.6472695200E-04
    6      1.6012861500E-02   2.8968842564E-02  -1.4035348372E-02  -3.7559275228E-01  -1.5717845205E-01
    7     -9.2414105640E-03   1.3939885022E-02  -4.5168532325E-02  -5.9322225760E-01  -3.7245372404E-01
    8     -5.7689987001E-01  -7.0589704081E-01  -4.0622076940E-01   3.1199904993E-02  -5.4585622429E-02
    9     -1.6015851069E-02   2.9014956979E-02   1.3948638005E-02   3.7426293205E-01  -1.6030057389E-01
   10     -9.2418486799E-03  -1.4072065938E-02  -4.5130031855E-02  -5.9009967231E-01   3.7738904281E-01
   11     -5.7687670203E-01   7.0472409084E-01  -4.0828417153E-01   3.1651423295E-02   5.4324766942E-02
   12     -1.6350927205E-08  -3.0184615188E-03   4.4138878160E-06  -1.4506272446E-06  -3.4921418500E-04
   13     -2.1597622441E-07   4.4182361868E-06   3.0187335356E-03  -3.4872510149E-04   1.4602745652E-06
   14      9.3045405198E-03  -1.3525266664E-07   3.9641672695E-07  -2.1758964689E-06   8.7745785962E-09
   15      5.5676568494E-08   2.1722576007E-03  -3.1784143775E-06  -1.9409668671E-07  -4.5372907441E-05
   16      1.6247958155E-07  -3.1753152903E-06  -2.1720917537E-03  -4.5219453776E-05   1.8610556299E-07
   17      6.1197627812E-03  -1.0654561572E-07   4.0397469624E-07  -3.1689354742E-07   1.9413830010E-09
                   15                 16                 17        
     0      3.7599959055E-07  -9.8283028700E-02  -1.4785735079E-03
     1      2.2670221281E-05  -1.4785658349E-03   9.8283197140E-02
     2     -4.6024685330E-03   2.9907189782E-07   9.7957062475E-07
     3      2.0604084374E-07  -3.8381293154E-02  -5.8185099203E-04
     4      5.7688312678E-01   1.2209664164E-02  -8.1113261489E-01
     5      1.7894147071E-02   4.5183318802E-04  -3.0009614914E-02
     6      4.9982958197E-01   5.9311378049E-01   3.7667181446E-01
     7     -2.8858071537E-01  -3.6517503419E-01  -1.7942533819E-01
     8      1.7904073421E-02   2.5756778824E-02   1.5388619840E-02
     9     -4.9983424389E-01   6.0417917770E-01  -3.5865526468E-01
    10     -2.8858364481E-01   3.7039994471E-01  -1.6835154918E-01
    11      1.7907681117E-02  -2.6212139156E-02   1.4609024349E-02
    12     -8.1558627793E-09   7.9282416593E-05   1.1875659207E-06
    13      6.7953892976E-08   1.1995679090E-06  -7.9313005995E-05
    14     -3.0277985734E-05  -6.4009811228E-10   1.2975758792E-08
    15      4.9412208880E-09   4.6964809105E-05   7.0987792403E-07
    16      4.5403654449E-08   7.0258070109E-07  -4.6978671298E-05
    17      2.8084411257E-05   1.1309444166E-10  -5.7990175601E-09

#
# The atoms: label  mass x y z (in bohrs)
#
$atoms
6
 C     12.01100      0.000000366293     0.000002222328     1.105171212781
 H      1.00800      0.000000242442     2.015810075412     1.182887671171
 H      1.00800      1.745742481978    -1.007900614999     1.182886317177
 H      1.00800     -1.745741966541    -1.007900597350     1.182886026582
 Br    79.90000      0.000000041156    -0.000000778696     5.826030473069
 I    126.90000     -0.000000066603     0.000000209547    -3.801033061702

$actual_temperature
  0.000000

$frequency_scale_factor
  1.000000


$end

