
$orca_hessian_file

$act_atom
  0

$act_coord
  0

$act_energy
      -11.819769

$multiplicity
  1

$hessian
18
                    0                  1                  2                  3                  4        
    0      5.9163233900E-01   2.1000000000E-09  -2.1790000000E-06  -4.1193782300E-02  -1.5564000000E-06
    1      2.1000000000E-09   5.9163105430E-01   3.1953000000E-06  -1.5532000000E-06  -3.3889303340E-01
    2     -2.1790000000E-06   3.1953000000E-06  -3.4936286800E-02   1.4020000000E-07   1.1236852000E-03
    3     -4.1193782300E-02  -1.5532000000E-06   1.4020000000E-07   4.1058151400E-02   1.6857000000E-06
    4     -1.5564000000E-06  -3.3889303340E-01   1.1236852000E-03   1.6857000000E-06   3.6426159660E-01
    5      1.3820000000E-07   1.7390491000E-03  -3.8744109000E-03  -2.2100000000E-08  -2.6429944000E-03
    6     -2.6446189000E-01   1.2890668830E-01   9.9214380000E-04  -2.0847650000E-04  -6.4510500000E-05
    7      1.2890546540E-01  -1.1561386850E-01  -5.6821810000E-04   2.3825298000E-02  -1.3926817100E-02
    8      1.5073165000E-03  -8.6925620000E-04  -3.8743172000E-03  -8.6508500000E-05   9.0885600000E-05
    9     -2.6446460490E-01  -1.2890513770E-01  -9.9032920000E-04  -2.0872880000E-04   6.4368700000E-05
   10     -1.2890390960E-01  -1.1561116980E-01  -5.6731170000E-04  -2.3825444800E-02  -1.3926570200E-02
   11     -1.5055046000E-03  -8.6836960000E-04  -3.8743125000E-03   8.6505200000E-05   9.0878700000E-05
   12     -1.1295559000E-02   5.6000000000E-09   1.1690000000E-07   3.0163450000E-04   3.8000000000E-09
   13     -1.2000000000E-09  -1.1296465400E-02   4.4748000000E-06   3.5500000000E-08   1.0904735000E-03
   14      1.1750000000E-07  -4.2041000000E-06   2.3569157700E-02  -5.8600000000E-08  -3.7146400000E-05
   15     -1.0216502800E-02  -5.1000000000E-09   1.0720000000E-07   2.5120170000E-04   8.7000000000E-09
   16     -3.0000000000E-10  -1.0216517300E-02   4.1744000000E-06  -2.1200000000E-08   1.3943507000E-03
   17      1.1140000000E-07  -4.1440000000E-07   2.2990169600E-02  -5.6200000000E-08   1.3746913000E-03
                    5                  6                  7                  8                  9        
    0      1.3820000000E-07  -2.6446189000E-01   1.2890546540E-01   1.5073165000E-03  -2.6446460490E-01
    1      1.7390491000E-03   1.2890668830E-01  -1.1561386850E-01  -8.6925620000E-04  -1.2890513770E-01
    2     -3.8744109000E-03   9.9214380000E-04  -5.6821810000E-04  -3.8743172000E-03  -9.9032920000E-04
    3     -2.2100000000E-08  -2.0847650000E-04   2.3825298000E-02  -8.6508500000E-05  -2.0872880000E-04
    4     -2.6429944000E-03  -6.4510500000E-05  -1.3926817100E-02   9.0885600000E-05   6.4368700000E-05
    5      3.8365471000E-02   3.6311800000E-05  -1.2112230000E-04  -7.3401100000E-04  -3.6315400000E-05
    6      3.6311800000E-05   2.8346130730E-01  -1.3995192960E-01  -2.2890839000E-03  -2.0789147700E-02
    7     -1.2112230000E-04  -1.3995192960E-01   1.2185917180E-01   1.3219857000E-03  -1.1944342100E-02
    8     -7.3401100000E-04  -2.2890839000E-03   1.3219857000E-03   3.8362383100E-02  -1.2310380000E-04
    9     -3.6315400000E-05  -2.0789147700E-02  -1.1944342100E-02  -1.2310380000E-04   2.8346426780E-01
   10     -1.2095610000E-04   1.1944627400E-02   6.6495864000E-03   2.9039100000E-05   1.3995024750E-01
   11     -7.3401330000E-04   1.2323860000E-04   2.9124300000E-05  -7.3095430000E-04   2.2873878000E-03
   12     -1.3700000000E-08   8.9115710000E-04  -3.4033660000E-04   7.6785694000E-03   8.9111190000E-04
   13      8.8684395000E-03  -3.4065230000E-04   4.9663600000E-04  -4.4340668000E-03   3.4061900000E-04
   14     -1.6863676300E-02  -5.0818600000E-05   2.4929800000E-05  -1.6863744900E-02   5.0694800000E-05
   15     -9.8800000000E-08   1.1070498000E-03  -4.9415510000E-04  -6.6871897000E-03   1.1071018000E-03
   16     -7.7224157000E-03  -4.9422330000E-04   5.3529140000E-04   3.8614126000E-03   4.9424450000E-04
   17     -1.6159359400E-02   1.1882082000E-03  -6.8669930000E-04  -1.6159355700E-02  -1.1883342000E-03
                   10                 11                 12                 13                 14        
    0     -1.2890390960E-01  -1.5055046000E-03  -1.1295559000E-02  -1.2000000000E-09   1.1750000000E-07
    1     -1.1561116980E-01  -8.6836960000E-04   5.6000000000E-09  -1.1296465400E-02  -4.2041000000E-06
    2     -5.6731170000E-04  -3.8743125000E-03   1.1690000000E-07   4.4748000000E-06   2.3569157700E-02
    3     -2.3825444800E-02   8.6505200000E-05   3.0163450000E-04   3.5500000000E-08  -5.8600000000E-08
    4     -1.3926570200E-02   9.0878700000E-05   3.8000000000E-09   1.0904735000E-03  -3.7146400000E-05
    5     -1.2095610000E-04  -7.3401330000E-04  -1.3700000000E-08   8.8684395000E-03  -1.6863676300E-02
    6      1.1944627400E-02   1.2323860000E-04   8.9115710000E-04  -3.4065230000E-04  -5.0818600000E-05
    7      6.6495864000E-03   2.9124300000E-05  -3.4033660000E-04   4.9663600000E-04   2.4929800000E-05
    8      2.9039100000E-05  -7.3095430000E-04   7.6785694000E-03  -4.4340668000E-03  -1.6863744900E-02
    9      1.3995024750E-01   2.2873878000E-03   8.9111190000E-04   3.4061900000E-04   5.0694800000E-05
   10      1.2185624280E-01   1.3209859000E-03   3.4033320000E-04   4.9662940000E-04   2.4925100000E-05
   11      1.3209859000E-03   3.8362350700E-02  -7.6787379000E-03  -4.4339733000E-03  -1.6863679900E-02
   12      3.4033320000E-04  -7.6787379000E-03   7.6190997000E-03  -3.4000000000E-09   1.3850000000E-07
   13      4.9662940000E-04  -4.4339733000E-03  -3.4000000000E-09   7.6202171000E-03  -4.3545000000E-06
   14      2.4925100000E-05  -1.6863679900E-02   1.3850000000E-07  -4.3545000000E-06   4.7513826600E-02
   15      4.9414630000E-04   6.6871109000E-03   1.5925558000E-03   2.4000000000E-09  -7.3700000000E-08
   16      5.3528130000E-04   3.8613540000E-03  -2.6000000000E-09   1.5925093000E-03  -4.1498000000E-06
   17     -6.8668230000E-04  -1.6159390600E-02  -7.3200000000E-08  -5.1970000000E-07  -2.0491883200E-02
                   15                 16                 17        
     0     -1.0216502800E-02  -3.0000000000E-10   1.1140000000E-07
     1     -5.1000000000E-09  -1.0216517300E-02  -4.1440000000E-07
     2      1.0720000000E-07   4.1744000000E-06   2.2990169600E-02
     3      2.5120170000E-04  -2.1200000000E-08  -5.6200000000E-08
     4      8.7000000000E-09   1.3943507000E-03   1.3746913000E-03
     5     -9.8800000000E-08  -7.7224157000E-03  -1.6159359400E-02
     6      1.1070498000E-03  -4.9422330000E-04   1.1882082000E-03
     7     -4.9415510000E-04   5.3529140000E-04  -6.8669930000E-04
     8     -6.6871897000E-03   3.8614126000E-03  -1.6159355700E-02
     9      1.1071018000E-03   4.9424450000E-04  -1.1883342000E-03
    10      4.9414630000E-04   5.3528130000E-04  -6.8668230000E-04
    11      6.6871109000E-03   3.8613540000E-03  -1.6159390600E-02
    12      1.5925558000E-03  -2.6000000000E-09  -7.3200000000E-08
    13      2.4000000000E-09   1.5925093000E-03  -5.1970000000E-07
    14     -7.3700000000E-08  -4.1498000000E-06  -2.0491883200E-02
    15      6.1585938000E-03   2.9000000000E-09   1.4400000000E-07
    16      2.9000000000E-09   6.1590846000E-03  -3.7560000000E-07
    17      1.4400000000E-07  -3.7560000000E-07   4.5979819300E-02

$vibrational_frequencies
18
    0        0.0000000000000000
    1        0.0000000000000000
    2        0.0000000000000000
    3        0.0000000000000000
    4        0.0000000000000000
    5        0.0000000000000000
    6     -290.4489418426928751
    7      134.3442371453276110
    8      178.2252771803941869
    9      178.2338554738409755
   10      990.7114377196061241
   11     1012.8265238161130810
   12     1012.9063225650646700
   13     1335.4184922580732291
   14     1335.4345981185406345
   15     3148.2998473717998422
   16     3236.0060127290280434
   17     3236.0191568015375196

$normal_modes
18 18
                    0                  1                  2                  3                  4        
    0      0.0000000000E+00   0.0000000000E+00   0.0000000000E+00   0.0000000000E+00   0.0000000000E+00
    1      0.0000000000E+00   0.0000000000E+00   0.0000000000E+00   0.0000000000E+00   0.0000000000E+00
    2      0.0000000000E+00   0.0000000000E+00   0.0000000000E+00   0.0000000000E+00   0.0000000000E+00
    3      0.0000000000E+00   0.0000000000E+00   0.0000000000E+00   0.0000000000E+00   0.0000000000E+00
    4      0.0000000000E+00   0.0000000000E+00   0.0000000000E+00   0.0000000000E+00   0.0000000000E+00
    5      0.0000000000E+00   0.0000000000E+00   0.0000000000E+00   0.0000000000E+00   0.0000000000E+00
    6      0.0000000000E+00   0.0000000000E+00   0.0000000000E+00   0.0000000000E+00   0.0000000000E+00
    7      0.0000000000E+00   0.0000000000E+00   0.0000000000E+00   0.0000000000E+00   0.0000000000E+00
    8      0.0000000000E+00   0.0000000000E+00   0.0000000000E+00   0.0000000000E+00   0.0000000000E+00
    9      0.0000000000E+00   0.0000000000E+00   0.0000000000E+00   0.0000000000E+00   0.0000000000E+00
   10      0.0000000000E+00   0.0000000000E+00   0.0000000000E+00   0.0000000000E+00   0.0000000000E+00
   11      0.0000000000E+00   0.0000000000E+00   0.0000000000E+00   0.0000000000E+00   0.0000000000E+00
   12      0.0000000000E+00   0.0000000000E+00   0.0000000000E+00   0.0000000000E+00   0.0000000000E+00
   13      0.0000000000E+00   0.0000000000E+00   0.0000000000E+00   0.0000000000E+00   0.0000000000E+00
   14      0.0000000000E+00   0.0000000000E+00   0.0000000000E+00   0.0000000000E+00   0.0000000000E+00
   15      0.0000000000E+00   0.0000000000E+00   0.0000000000E+00   0.0000000000E+00   0.0000000000E+00
   16      0.0000000000E+00   0.0000000000E+00   0.0000000000E+00   0.0000000000E+00   0.0000000000E+00
   17      0.0000000000E+00   0.0000000000E+00   0.0000000000E+00   0.0000000000E+00   0.0000000000E+00
                    5                  6                  7                  8                  9        
    0      0.0000000000E+00  -3.2518349978E-06  -6.3700028542E-07   4.9020293552E-01   3.6283939829E-05
    1      0.0000000000E+00  -1.4380863740E-04  -6.6287613125E-04  -3.6283348794E-05   4.9021048786E-01
    2      0.0000000000E+00  -9.9301812613E-01   1.1969162229E-01  -1.5630024954E-06  -8.0901740202E-05
    3      0.0000000000E+00   1.1391662381E-07  -6.0288272006E-07   5.0719317142E-01   3.7542618782E-05
    4      0.0000000000E+00   2.3229559408E-03   1.9552292548E-03  -3.6823588942E-05   4.9671482228E-01
    5      0.0000000000E+00  -4.5276413968E-02   1.5445975747E-01  -3.2168883159E-06   2.0948607161E-02
    6      0.0000000000E+00   2.2096055759E-03   2.3099613326E-03   4.9932383731E-01   4.5721874840E-03
    7      0.0000000000E+00  -1.3493548613E-03  -1.9783423526E-03   4.5060022050E-03   5.0455969907E-01
    8      0.0000000000E+00  -4.5263162098E-02   1.5450468475E-01   1.8124323252E-02  -1.0459689904E-02
    9      0.0000000000E+00  -2.2094595375E-03  -2.3110316498E-03   4.9932429291E-01  -4.4982680238E-03
   10      0.0000000000E+00  -1.3494021026E-03  -1.9782642358E-03  -4.5806332892E-03   5.0455908875E-01
   11      0.0000000000E+00  -4.5263474284E-02   1.5450290066E-01  -1.8126296241E-02  -1.0461728299E-02
   12      0.0000000000E+00   2.5361638296E-07   6.6373744908E-08  -4.8215580942E-02  -3.5703371727E-06
   13      0.0000000000E+00   1.3701038986E-05   6.4941616606E-05   3.5690007336E-06  -4.8216081322E-02
   14      0.0000000000E+00   7.3100358717E-02   8.0221000595E-01   1.9006985352E-07   5.5877713668E-05
   15      0.0000000000E+00   1.4603472466E-07   3.1791439753E-08  -2.8000713738E-02  -2.0716330716E-06
   16      0.0000000000E+00   7.9698972423E-06   3.7749081150E-05   2.0723597655E-06  -2.8001052412E-02
   17      0.0000000000E+00   4.9041067976E-02  -5.2010536353E-01   6.9488091126E-08  -2.7740937667E-05
                   10                 11                 12                 13                 14        
    0     -5.0373783123E-08  -3.7961284585E-03  -5.7782118989E-07  -1.4805411207E-06   9.8123256133E-02
    1     -6.2286884867E-08   6.1794321257E-07  -3.7992015960E-03  -9.8119738171E-02  -1.4778583146E-06
    2     -1.4697736255E-02   2.2947306515E-08  -3.9874737061E-07   7.2247246644E-06  -3.4711698266E-07
    3      2.0006439867E-06   1.3073878595E-03   1.6004981382E-06   7.6742989087E-06  -8.1059011788E-01
    4      4.2418615125E-03  -4.2710810159E-07   3.0517417763E-03  -5.6292573837E-02   3.7018422599E-06
    5      5.7722447370E-01  -1.2091946607E-04   8.1648297644E-01  -4.7472504209E-03   2.7310963707E-06
    6      3.6680063613E-03   2.6213468952E-03  -7.5055356678E-04   3.7536834184E-01  -1.6042513353E-01
    7     -2.1261264969E-03  -7.5732337570E-04   1.7542302462E-03   5.9387626204E-01  -3.7536523483E-01
    8      5.7723618129E-01   7.0715108064E-01  -4.0812803559E-01   2.3826478993E-03   4.1043883984E-03
    9     -3.6639837034E-03   2.6161557297E-03   7.4990570643E-04  -3.7535896049E-01  -1.6042863688E-01
   10     -2.1261141593E-03   7.5695245795E-04   1.7520100671E-03   5.9387281655E-01   3.7537859998E-01
   11      5.7723702802E-01  -7.0702919177E-01  -4.0833804742E-01   2.3854568444E-03  -4.1031969321E-03
   12     -3.7507614610E-08   3.5242115787E-03   5.2459209931E-07  -2.4006298501E-09  -2.4522201173E-04
   13      4.0700297433E-08  -5.2871704068E-07   3.5243664234E-03   2.4480179115E-04   9.5081951524E-09
   14     -1.0076637041E-02  -2.0393619359E-08  -6.7096903327E-08  -1.1551577245E-06   4.6955859417E-10
   15     -1.9460916534E-08  -1.9116347977E-03  -2.8317539257E-07   6.1661782992E-09  -1.4554571543E-04
   16      6.2713561153E-08   2.8074693213E-07  -1.9115454122E-03   1.4537710999E-04  -1.6759622265E-09
   17     -6.0196489733E-03   2.9682569752E-09  -5.4201626649E-08  -1.2214517893E-07   1.4007973733E-09
                   15                 16                 17        
     0      7.6317868069E-11   9.8415418450E-02   2.7728413471E-06
     1     -7.0667546646E-06  -2.7747416308E-06   9.8415519761E-02
     2      4.4437404574E-04  -3.4326947007E-07   3.2909346668E-06
     3     -2.5315180952E-09   3.8313263676E-02  -3.3609369580E-06
     4      5.7737881310E-01   1.8418458308E-05  -8.1156653872E-01
     5     -4.1691324614E-03  -2.8547539988E-07   6.6177296973E-03
     6      4.9997011965E-01  -5.9912973639E-01   3.6804189841E-01
     7     -2.8865296828E-01   3.6803126500E-01  -1.7417327123E-01
     8     -4.1708676141E-03   5.7327837505E-03  -3.3068940731E-03
     9     -4.9997015642E-01  -5.9911672522E-01  -3.6807123639E-01
    10     -2.8865298659E-01  -3.6801699298E-01  -1.7418632988E-01
    11     -4.1674049733E-03  -5.7284416887E-03  -3.3045956477E-03
    12     -7.7528905882E-09  -7.3622520772E-05  -8.0163226827E-09
    13      7.5292152259E-08  -3.6499208088E-09  -7.3682215792E-05
    14      4.4677188558E-06   2.7355130128E-10  -5.1680924568E-07
    15      5.1863999607E-09  -5.4944744495E-05   2.3357492819E-09
    16      4.2725415113E-08   5.2565032225E-09  -5.4972812108E-05
    17      5.4476886440E-05   9.5458819544E-11  -3.5652119447E-08

#
# The atoms: label  mass x y z (in bohrs)
#
$atoms
6
 C     12.01100      0.000000015595     0.000000001564     1.198554700095
 H      1.00800      0.000000017552     2.015674785642     1.187980370334
 H      1.00800      1.745625586164    -1.007837382343     1.187979888767
 H      1.00800     -1.745625553760    -1.007837383895     1.187979890606
 Br    79.90000      0.000000008245    -0.000000177363     5.757917060871
 I    126.90000     -0.000000007064     0.000000111371    -3.767106897851

$actual_temperature
  0.000000

$frequency_scale_factor
  1.000000


$end

