
$orca_hessian_file

$act_atom
  0

$act_coord
  0

$act_energy
      -13.146556

$multiplicity
  1

$hessian
18
                    0                  1                  2                  3                  4        
    0      4.0949509720E-01   4.2843932200E-02  -4.1423858500E-02  -4.1826718900E-02   1.4803919500E-02
    1      4.2843932200E-02   4.5908913380E-01   2.3882427600E-02   2.2078663900E-02  -2.8684806090E-01
    2     -4.1423858500E-02   2.3882427600E-02   3.2779945900E-01   2.4145428000E-03  -7.8076914000E-03
    3     -4.1826718900E-02   2.2078663900E-02   2.4145428000E-03   4.5388333400E-02  -1.9044002900E-02
    4      1.4803919500E-02  -2.8684806090E-01  -7.8076914000E-03  -1.9044002900E-02   3.2195867440E-01
    5      1.4345091000E-03  -1.1082219800E-02  -3.8031274000E-02   4.1156331000E-03   2.8673918000E-03
    6     -7.8945546300E-02   2.2149574000E-02   6.1863751300E-02   2.2550430000E-04  -4.1173230000E-04
    7      2.2148364400E-02  -5.3343462900E-02  -3.5713998800E-02   1.3884993000E-02  -1.0167397400E-02
    8      5.9516460700E-02  -3.4341212200E-02  -1.2889653450E-01  -1.8618730000E-04   4.0926610000E-04
    9     -2.4154965520E-01  -1.0046962290E-01   7.8494406000E-03   2.7176250000E-04  -1.5087845000E-03
   10     -9.3223105500E-02  -8.7127940800E-02   1.8332663000E-03  -3.0635743200E-02  -1.8269191100E-02
   11      1.0320062200E-02   4.2866580000E-03  -3.8012483100E-02  -1.2007413000E-03  -1.9928221000E-03
   12     -4.5611243500E-02   1.0805374100E-02  -4.0181607700E-02  -3.3562022000E-03   5.4533231000E-03
   13      1.0812735400E-02  -3.3180909300E-02   2.3238682300E-02   1.3689222000E-02  -7.1923297000E-03
   14     -4.2409104500E-02   2.4510846300E-02  -9.8278638700E-02  -6.6629990000E-03   8.3487286000E-03
   15     -1.5619334000E-03   2.5920787000E-03   9.4777315000E-03  -7.0267920000E-04   7.0727710000E-04
   16      2.6141540000E-03   1.4112400000E-03  -5.4326861000E-03   2.6867100000E-05   5.1830470000E-04
   17      1.2561931100E-02  -7.2564999000E-03  -2.4580528700E-02   1.5197518000E-03  -1.8248730000E-03
                    5                  6                  7                  8                  9        
    0      1.4345091000E-03  -7.8945546300E-02   2.2148364400E-02   5.9516460700E-02  -2.4154965520E-01
    1     -1.1082219800E-02   2.2149574000E-02  -5.3343462900E-02  -3.4341212200E-02  -1.0046962290E-01
    2     -3.8031274000E-02   6.1863751300E-02  -3.5713998800E-02  -1.2889653450E-01   7.8494406000E-03
    3      4.1156331000E-03   2.2550430000E-04   1.3884993000E-02  -1.8618730000E-04   2.7176250000E-04
    4      2.8673918000E-03  -4.1173230000E-04  -1.0167397400E-02   4.0926610000E-04  -1.5087845000E-03
    5      4.5975945200E-02   3.8425980000E-04  -1.8429622100E-02   2.8405225000E-03   1.1309369000E-03
    6      3.8425980000E-04   9.4491808200E-02  -2.4947170000E-02  -6.1958949400E-02  -1.3392393400E-02
    7     -1.8429622100E-02  -2.4947170000E-02   6.5668266200E-02   3.5763654700E-02  -8.2769780000E-03
    8      2.8405225000E-03  -6.1958949400E-02   3.5763654700E-02   1.3255532920E-01  -4.5982610000E-04
    9      1.1309369000E-03  -1.3392393400E-02  -8.2769780000E-03  -4.5982610000E-04   2.6930089590E-01
   10      2.0385115000E-03   6.0157686000E-03   3.4625250000E-03  -4.8575300000E-05   1.1025732430E-01
   11      1.0273604000E-03   1.6153177600E-02   8.8857024000E-03   2.8384635000E-03  -4.2780620000E-04
   12     -7.7996390000E-03   3.8042040000E-03  -1.9625304000E-03   4.2243136000E-03  -1.4493254400E-02
   13      2.4650865000E-02  -1.9615550000E-03   1.5394831000E-03  -2.4371926000E-03  -1.0425996000E-03
   14     -9.6495336000E-03  -1.1751542400E-02   6.7896848000E-03  -1.0073872800E-02  -1.0448550800E-02
   15      7.3430020000E-04  -6.1835769000E-03  -8.4667900000E-04  -1.1358115000E-03  -1.3735540000E-04
   16     -4.4926500000E-05  -8.4488530000E-04  -7.1594141000E-03   6.5405930000E-04   1.0406608000E-03
   17     -2.1630205000E-03  -4.6906969000E-03   2.7045790000E-03   7.3609210000E-04   2.3558056000E-03
                   10                 11                 12                 13                 14        
    0     -9.3223105500E-02   1.0320062200E-02  -4.5611243500E-02   1.0812735400E-02  -4.2409104500E-02
    1     -8.7127940800E-02   4.2866580000E-03   1.0805374100E-02  -3.3180909300E-02   2.4510846300E-02
    2      1.8332663000E-03  -3.8012483100E-02  -4.0181607700E-02   2.3238682300E-02  -9.8278638700E-02
    3     -3.0635743200E-02  -1.2007413000E-03  -3.3562022000E-03   1.3689222000E-02  -6.6629990000E-03
    4     -1.8269191100E-02  -1.9928221000E-03   5.4533231000E-03  -7.1923297000E-03   8.3487286000E-03
    5      2.0385115000E-03   1.0273604000E-03  -7.7996390000E-03   2.4650865000E-02  -9.6495336000E-03
    6      6.0157686000E-03   1.6153177600E-02   3.8042040000E-03  -1.9615550000E-03  -1.1751542400E-02
    7      3.4625250000E-03   8.8857024000E-03  -1.9625304000E-03   1.5394831000E-03   6.7896848000E-03
    8     -4.8575300000E-05   2.8384635000E-03   4.2243136000E-03  -2.4371926000E-03  -1.0073872800E-02
    9      1.1025732430E-01  -4.2780620000E-04  -1.4493254400E-02  -1.0425996000E-03  -1.0448550800E-02
   10      9.8055381500E-02  -4.9958671000E-03   7.2205267000E-03   3.9689641000E-03   1.5730748000E-03
   11     -4.9958671000E-03   4.5976602700E-02  -2.5252838900E-02  -5.5701981000E-03  -9.6700116000E-03
   12      7.2205267000E-03  -2.5252838900E-02   5.9056991900E-02  -2.1510867700E-02   6.8298257700E-02
   13      3.9689641000E-03  -5.5701981000E-03  -2.1510867700E-02   3.4250995300E-02  -3.9467759000E-02
   14      1.5730748000E-03  -9.6700116000E-03   6.8298257700E-02  -3.9467759000E-02   1.3165624920E-01
   15      3.6522920000E-04   4.0814660000E-04   5.9950430000E-04   1.3064800000E-05   2.9739389000E-03
   16     -8.9738700000E-05  -6.1347300000E-04  -5.8258000000E-06   6.1379640000E-04  -1.7545755000E-03
   17     -4.0041020000E-04  -2.1599319000E-03   7.1151420000E-04  -4.1439760000E-04  -3.9841924000E-03
                   15                 16                 17        
     0     -1.5619334000E-03   2.6141540000E-03   1.2561931100E-02
     1      2.5920787000E-03   1.4112400000E-03  -7.2564999000E-03
     2      9.4777315000E-03  -5.4326861000E-03  -2.4580528700E-02
     3     -7.0267920000E-04   2.6867100000E-05   1.5197518000E-03
     4      7.0727710000E-04   5.1830470000E-04  -1.8248730000E-03
     5      7.3430020000E-04  -4.4926500000E-05  -2.1630205000E-03
     6     -6.1835769000E-03  -8.4488530000E-04  -4.6906969000E-03
     7     -8.4667900000E-04  -7.1594141000E-03   2.7045790000E-03
     8     -1.1358115000E-03   6.5405930000E-04   7.3609210000E-04
     9     -1.3735540000E-04   1.0406608000E-03   2.3558056000E-03
    10      3.6522920000E-04  -8.9738700000E-05  -4.0041020000E-04
    11      4.0814660000E-04  -6.1347300000E-04  -2.1599319000E-03
    12      5.9950430000E-04  -5.8258000000E-06   7.1151420000E-04
    13      1.3064800000E-05   6.1379640000E-04  -4.1439760000E-04
    14      2.9739389000E-03  -1.7545755000E-03  -3.9841924000E-03
    15      7.9860405000E-03  -2.8309708000E-03  -1.2458305800E-02
    16     -2.8309708000E-03   4.7058117000E-03   7.1916018000E-03
    17     -1.2458305800E-02   7.1916018000E-03   3.2151581500E-02

$vibrational_frequencies
18
    0        0.0000000000000000
    1        0.0000000000000000
    2        0.0000000000000000
    3        0.0000000000000000
    4        0.0000000000000000
    5        0.0000000000000000
    6      113.4865685095641652
    7      320.0799030302799792
    8      349.1668664938857773
    9      681.5411524264354739
   10     1007.1284642961763893
   11     1045.8089367119284816
   12     1325.0222277434895659
   13     1394.2328564751735485
   14     1432.5191569118355801
   15     2339.2056484973059014
   16     3011.3062656536017130
   17     3017.4531359181346488

$normal_modes
18 18
                    0                  1                  2                  3                  4        
    0      0.0000000000E+00   0.0000000000E+00   0.0000000000E+00   0.0000000000E+00   0.0000000000E+00
    1      0.0000000000E+00   0.0000000000E+00   0.0000000000E+00   0.0000000000E+00   0.0000000000E+00
    2      0.0000000000E+00   0.0000000000E+00   0.0000000000E+00   0.0000000000E+00   0.0000000000E+00
    3      0.0000000000E+00   0.0000000000E+00   0.0000000000E+00   0.0000000000E+00   0.0000000000E+00
    4      0.0000000000E+00   0.0000000000E+00   0.0000000000E+00   0.0000000000E+00   0.0000000000E+00
    5      0.0000000000E+00   0.0000000000E+00   0.0000000000E+00   0.0000000000E+00   0.0000000000E+00
    6      0.0000000000E+00   0.0000000000E+00   0.0000000000E+00   0.0000000000E+00   0.0000000000E+00
    7      0.0000000000E+00   0.0000000000E+00   0.0000000000E+00   0.0000000000E+00   0.0000000000E+00
    8      0.0000000000E+00   0.0000000000E+00   0.0000000000E+00   0.0000000000E+00   0.0000000000E+00
    9      0.0000000000E+00   0.0000000000E+00   0.0000000000E+00   0.0000000000E+00   0.0000000000E+00
   10      0.0000000000E+00   0.0000000000E+00   0.0000000000E+00   0.0000000000E+00   0.0000000000E+00
   11      0.0000000000E+00   0.0000000000E+00   0.0000000000E+00   0.0000000000E+00   0.0000000000E+00
   12      0.0000000000E+00   0.0000000000E+00   0.0000000000E+00   0.0000000000E+00   0.0000000000E+00
   13      0.0000000000E+00   0.0000000000E+00   0.0000000000E+00   0.0000000000E+00   0.0000000000E+00
   14      0.0000000000E+00   0.0000000000E+00   0.0000000000E+00   0.0000000000E+00   0.0000000000E+00
   15      0.0000000000E+00   0.0000000000E+00   0.0000000000E+00   0.0000000000E+00   0.0000000000E+00
   16      0.0000000000E+00   0.0000000000E+00   0.0000000000E+00   0.0000000000E+00   0.0000000000E+00
   17      0.0000000000E+00   0.0000000000E+00   0.0000000000E+00   0.0000000000E+00   0.0000000000E+00
                    5                  6                  7                  8                  9        
    0      0.0000000000E+00  -3.2537817211E-01  -2.7314298659E-01   4.8481216420E-02   2.4010068332E-01
    1      0.0000000000E+00   1.8804225009E-01   1.5825468912E-01   8.2736792188E-02  -1.3882685351E-01
    2      0.0000000000E+00   8.3640602524E-02   2.3736156958E-01  -3.2041386654E-07   4.9909513382E-01
    3      0.0000000000E+00  -3.1389656948E-01  -2.6043947021E-01  -4.9550343314E-01   1.8833199399E-01
    4      0.0000000000E+00   1.8686212368E-01   1.5337251747E-01   3.1270681384E-02  -1.2065790737E-01
    5      0.0000000000E+00   2.5311476235E-01   3.7939181947E-01   3.0585324006E-01   2.8893419617E-01
    6      0.0000000000E+00  -4.3504383120E-01  -3.9256749351E-01   2.7786767248E-01   2.2866904019E-01
    7      0.0000000000E+00   2.5239298181E-01   2.2993462233E-01   4.7990980720E-01  -1.3446697575E-01
    8      0.0000000000E+00  -3.0570341498E-02   1.4303139333E-01   8.5809098476E-05   5.3568514614E-01
    9      0.0000000000E+00  -3.1765102192E-01  -2.6008995109E-01   2.7576655199E-01   1.9764096576E-01
   10      0.0000000000E+00   1.7669298143E-01   1.4443704149E-01  -4.1399410761E-01  -1.0072081810E-01
   11      0.0000000000E+00   2.5190390886E-01   3.7625126368E-01  -3.0656372255E-01   2.9149383759E-01
   12      0.0000000000E+00   8.7619897266E-02   3.2033859188E-02  -7.2156452263E-03  -1.0195207216E-01
   13      0.0000000000E+00  -5.0609700378E-02  -1.8579614871E-02  -1.2226637710E-02   5.8881560847E-02
   14      0.0000000000E+00  -2.3297376566E-01   7.1709675392E-02  -1.0651666248E-04  -1.8486624134E-01
   15      0.0000000000E+00   9.8792144508E-02   1.6135517909E-01  -2.0269894614E-02   5.8478982450E-03
   16      0.0000000000E+00  -5.7121035372E-02  -9.3381414870E-02  -3.4648094339E-02  -3.2311913027E-03
   17      0.0000000000E+00   3.5670953367E-01  -3.3156841805E-01   2.3212203940E-04  -2.9772127768E-02
                   10                 11                 12                 13                 14        
    0      8.1859323276E-02  -5.3467754270E-02   3.4999800344E-02   3.0631007177E-02   6.1064096417E-02
    1     -4.7232735259E-02  -9.2731783517E-02  -2.0222186270E-02   5.3107868827E-02  -3.5235063673E-02
    2     -4.0924442696E-02   6.7805555270E-05   1.0104289136E-01  -1.5385226777E-05  -1.3756844537E-02
    3     -2.0614267220E-02   3.7731771749E-01  -1.0017516837E-01  -1.4187221836E-01  -6.8825556204E-01
    4     -4.3535503541E-02  -4.7263431494E-02  -1.0723716022E-02   3.3153417453E-03  -5.8148849901E-02
    5      4.6769587647E-01   5.4959699089E-01  -5.1338116927E-01   3.9266395620E-01   2.5415971473E-02
    6     -4.3888918320E-01   1.5413696996E-01  -4.6690315309E-01  -4.0227031734E-01   1.4929230770E-01
    7      2.5323256186E-01   2.6705185187E-01   2.6948462603E-01  -6.9688043088E-01  -8.6318768334E-02
    8     -5.3843332161E-01   2.6629750155E-05  -3.8736149434E-01  -4.7073101440E-05   9.8721045154E-02
    9      2.7421499489E-02  -2.2957216327E-01  -4.0857616878E-02   7.3855828516E-02  -2.9382196580E-01
   10      3.9552105659E-02   3.0320262469E-01   9.2236764666E-02  -1.2133602800E-01   6.2501159527E-01
   11      4.6787169285E-01  -5.4929509880E-01  -5.1336236187E-01  -3.9273666916E-01   2.5416184090E-02
   12     -1.7640274037E-02   1.0424382748E-02   3.9492958340E-03   1.7088156649E-03   3.1807319643E-03
   13      1.0179098072E-02   1.8099833450E-02  -2.2773199426E-03   2.9501995134E-03  -1.8366433634E-03
   14      4.8834914775E-04  -2.7990459457E-05   4.8287468736E-03   7.9312396126E-06   9.6073738202E-04
   15      4.0913206715E-03  -1.6671244021E-03   2.7583134396E-03   2.3980067306E-03  -3.5581905971E-04
   16     -2.3586871262E-03  -2.8985638964E-03  -1.5885436811E-03   4.1556106030E-03   2.0710275235E-04
   17      3.8908683652E-03  -8.0648898942E-06   2.1369688732E-03   1.2817177741E-06  -1.0304868405E-03
                   15                 16                 17        
     0     -4.1129932004E-02  -5.1914143443E-02   4.6077226815E-02
     1      2.3741534882E-02   3.0282406767E-02   7.9453882822E-02
     2      6.7094088258E-02   4.7162549616E-03   2.0642518671E-06
     3     -1.4124987031E-02   2.0774515730E-02   7.3267590457E-02
     4      4.1691660427E-02  -7.0723618319E-01  -6.9753611644E-01
     5      6.8790122667E-03  -3.9370023055E-03  -1.4601221928E-02
     6      5.5675015457E-01   2.6397972287E-03   1.8739518144E-02
     7     -3.2135125806E-01  -1.3778781404E-03   3.2547185538E-02
     8     -7.5896337901E-01  -2.6072172994E-02   1.2861364530E-04
     9     -4.3238491791E-02   6.1924028623E-01  -6.4436125464E-01
    10     -8.6331404926E-03   3.3402422251E-01  -2.8740313967E-01
    11      6.9056639015E-03  -3.8695875424E-03   1.4607927851E-02
    12     -6.2571641747E-05  -6.6191710699E-04   1.4130868794E-04
    13      3.6377284795E-05   3.8073781549E-04   2.4476088123E-04
    14     -6.3799302730E-04  -7.7036835276E-04  -3.2160754298E-06
    15     -3.7645033369E-04  -4.1483940598E-05  -8.7925517943E-05
    16      2.1843460785E-04   1.9279507542E-05  -1.5722112631E-04
    17     -1.6900828928E-03   2.5343319358E-04  -2.4832262284E-06

#
# The atoms: label  mass x y z (in bohrs)
#
$atoms
6
 C     12.01100     -1.339831784228     0.773398680951    -0.191244260548
 H      1.00800     -1.514135306547     2.820934007805    -0.166748812205
 H      1.00800     -0.251663876305     0.145348214080    -1.925655508905
 H      1.00800     -3.200063785665    -0.099807078022    -0.166822365094
 Cl    35.45300      0.186196993239    -0.107493052128     2.660339386263
 F     18.99800      0.763083873635    -0.440454117530    -4.723796028426

$actual_temperature
  0.000000

$frequency_scale_factor
  1.000000


$end

