
$orca_hessian_file

$act_atom
  0

$act_coord
  0

$act_energy
      -13.191987

$multiplicity
  1

$hessian
18
                    0                  1                  2                  3                  4        
    0      5.1616354010E-01   1.2788200000E-05   3.1954457000E-03  -4.3230074700E-02   6.1838880000E-04
    1      1.2788200000E-05   5.1616185100E-01  -1.8900207000E-03   5.1085910000E-04  -2.7162077190E-01
    2      3.1954457000E-03  -1.8900207000E-03   4.1618159480E-01   3.0614100000E-05  -6.7052384400E-02
    3     -4.3230074700E-02   5.1085910000E-04   3.0614100000E-05   4.5170644200E-02  -8.6910290000E-04
    4      6.1838880000E-04  -2.7162077190E-01  -6.7052384400E-02  -8.6910290000E-04   3.0604013870E-01
    5      4.9869400000E-05  -6.3344092400E-02  -5.7996583200E-02  -4.7704180000E-04   8.1738808200E-02
    6     -2.0749533690E-01   9.6311999000E-02  -6.7606363400E-02  -1.5001382000E-03   2.0149584000E-03
    7      9.6312378700E-02  -9.9702012700E-02   3.9627905800E-02   2.6699389800E-02  -1.8358723700E-02
    8     -6.4410868300E-02   3.7766664300E-02  -6.5767598700E-02   5.4814059000E-03  -2.8788740000E-03
    9     -2.1764172310E-01  -9.6941482200E-02   5.8595701000E-02  -1.5047468000E-03  -2.0462308000E-03
   10     -9.7048617100E-02  -9.7172962500E-02   3.2730534900E-02  -2.7379926300E-02  -1.7974345100E-02
   11      5.5363096500E-02   3.0912394500E-02  -5.8035119800E-02  -5.8552558000E-03  -2.9346445000E-03
   12     -1.3690175000E-03  -1.6249000000E-06  -2.8969600000E-05  -5.0039680000E-04   3.5419900000E-05
   13     -1.9539000000E-06  -1.3667708000E-03   2.3031200000E-05   1.5317900000E-05   5.3667310000E-04
   14     -3.1465400000E-05   1.6698800000E-05  -4.4611350000E-04   5.3110000000E-07  -8.8682260000E-04
   15     -4.6427387800E-02   1.0746080000E-04   5.8135722000E-03   1.5647124000E-03   2.4656650000E-04
   16      1.0701530000E-04  -4.6299333100E-02  -3.4390668000E-03   1.0234624000E-03   1.3770289000E-03
   17      5.8339221000E-03  -3.4616445000E-03  -2.3393617960E-01   8.1974640000E-04  -7.9860827000E-03
                    5                  6                  7                  8                  9        
    0      4.9869400000E-05  -2.0749533690E-01   9.6312378700E-02  -6.4410868300E-02  -2.1764172310E-01
    1     -6.3344092400E-02   9.6311999000E-02  -9.9702012700E-02   3.7766664300E-02  -9.6941482200E-02
    2     -5.7996583200E-02  -6.7606363400E-02   3.9627905800E-02  -6.5767598700E-02   5.8595701000E-02
    3     -4.7704180000E-04  -1.5001382000E-03   2.6699389800E-02   5.4814059000E-03  -1.5047468000E-03
    4      8.1738808200E-02   2.0149584000E-03  -1.8358723700E-02  -2.8788740000E-03  -2.0462308000E-03
    5      7.7495651900E-02   5.2768800000E-05   8.2388482000E-03   4.0309204000E-03  -2.9393740000E-04
    6      5.2768800000E-05   2.3221931950E-01  -1.0968285480E-01   8.0894314500E-02  -2.6559746000E-02
    7      8.2388482000E-03  -1.0968285480E-01   1.0947863630E-01  -4.7426340700E-02  -1.2003528600E-02
    8      4.0309204000E-03   8.0894314500E-02  -4.7426340700E-02   8.7099270600E-02   5.1959226000E-03
    9     -2.9393740000E-04  -2.6559746000E-02  -1.2003528600E-02   5.1959226000E-03   2.4455933440E-01
   10      6.5504262000E-03   1.2667304000E-02   6.7264788000E-03  -3.3815310000E-03   1.1067039120E-01
   11      3.6660014000E-03  -7.1627985000E-03  -4.0711913000E-03   4.0327566000E-03  -7.1629152600E-02
   12      5.7684000000E-06   3.1077950000E-04  -4.7581580000E-04  -1.9142820000E-04   2.6312440000E-04
   13     -2.8794110000E-04  -4.7325940000E-04  -2.2619060000E-04   1.1233450000E-04   4.6020320000E-04
   14     -7.1852180000E-04  -7.0130660000E-04   4.1402210000E-04  -7.7497340000E-04   7.7308220000E-04
   15      6.6257270000E-04   3.0251221000E-03  -8.4956920000E-04  -2.6969346500E-02   8.8375700000E-04
   16     -3.2896049100E-02  -8.3814730000E-04   2.0818119000E-03   1.5807746800E-02  -1.3935270000E-04
   17     -2.6477468600E-02  -5.4766148000E-03   3.2167559000E-03  -2.8620375500E-02   7.3583842000E-03
                   10                 11                 12                 13                 14        
    0     -9.7048617100E-02   5.5363096500E-02  -1.3690175000E-03  -1.9539000000E-06  -3.1465400000E-05
    1     -9.7172962500E-02   3.0912394500E-02  -1.6249000000E-06  -1.3667708000E-03   1.6698800000E-05
    2      3.2730534900E-02  -5.8035119800E-02  -2.8969600000E-05   2.3031200000E-05  -4.4611350000E-04
    3     -2.7379926300E-02  -5.8552558000E-03  -5.0039680000E-04   1.5317900000E-05   5.3110000000E-07
    4     -1.7974345100E-02  -2.9346445000E-03   3.5419900000E-05   5.3667310000E-04  -8.8682260000E-04
    5      6.5504262000E-03   3.6660014000E-03   5.7684000000E-06  -2.8794110000E-04  -7.1852180000E-04
    6      1.2667304000E-02  -7.1627985000E-03   3.1077950000E-04  -4.7325940000E-04  -7.0130660000E-04
    7      6.7264788000E-03  -4.0711913000E-03  -4.7581580000E-04  -2.2619060000E-04   4.1402210000E-04
    8     -3.3815310000E-03   4.0327566000E-03  -1.9142820000E-04   1.1233450000E-04  -7.7497340000E-04
    9      1.1067039120E-01  -7.1629152600E-02   2.6312440000E-04   4.6020320000E-04   7.7308220000E-04
   10      1.0659652650E-01  -3.9516512300E-02   4.4256620000E-04  -2.3765970000E-04   4.3460140000E-04
   11     -3.9516512300E-02   7.7546361600E-02   2.5479340000E-04   1.3598000000E-04  -7.2000240000E-04
   12      4.4256620000E-04   2.5479340000E-04   3.1139920000E-04  -3.7983000000E-06  -2.3439120000E-04
   13     -2.3765970000E-04   1.3598000000E-04  -3.7983000000E-06   3.0746200000E-04   1.3729380000E-04
   14      4.3460140000E-04  -7.2000240000E-04  -2.3439120000E-04   1.3729380000E-04   7.7869076000E-03
   15      6.4828200000E-04   2.9029317000E-02   9.8411120000E-04   3.4905000000E-06   1.9354990000E-04
   16      2.0619620000E-03   1.5473973600E-02   3.2530000000E-06   9.8648600000E-04  -1.1579350000E-04
   17      3.1824808000E-03  -2.6489997400E-02   1.9422730000E-04  -1.2069850000E-04  -5.1272964000E-03
                   15                 16                 17        
     0     -4.6427387800E-02   1.0701530000E-04   5.8339221000E-03
     1      1.0746080000E-04  -4.6299333100E-02  -3.4616445000E-03
     2      5.8135722000E-03  -3.4390668000E-03  -2.3393617960E-01
     3      1.5647124000E-03   1.0234624000E-03   8.1974640000E-04
     4      2.4656650000E-04   1.3770289000E-03  -7.9860827000E-03
     5      6.6257270000E-04  -3.2896049100E-02  -2.6477468600E-02
     6      3.0251221000E-03  -8.3814730000E-04  -5.4766148000E-03
     7     -8.4956920000E-04   2.0818119000E-03   3.2167559000E-03
     8     -2.6969346500E-02   1.5807746800E-02  -2.8620375500E-02
     9      8.8375700000E-04  -1.3935270000E-04   7.3583842000E-03
    10      6.4828200000E-04   2.0619620000E-03   3.1824808000E-03
    11      2.9029317000E-02   1.5473973600E-02  -2.6489997400E-02
    12      9.8411120000E-04   3.2530000000E-06   1.9422730000E-04
    13      3.4905000000E-06   9.8648600000E-04  -1.2069850000E-04
    14      1.9354990000E-04  -1.1579350000E-04  -5.1272964000E-03
    15      3.9969685100E-02  -1.5623060000E-04  -8.7296652000E-03
    16     -1.5623060000E-04   3.9792044300E-02   5.1691890000E-03
    17     -8.7296652000E-03   5.1691890000E-03   3.2065131750E-01

$vibrational_frequencies
18
    0        0.0000000000000000
    1        0.0000000000000000
    2        0.0000000000000000
    3        0.0000000000000000
    4        0.0000000000000000
    5        0.0000000000000000
    6       78.3359844424374074
    7       78.5204947567452791
    8      108.8175093156389153
    9      996.3293084507095045
   10     1090.7938859166993097
   11     1090.9406512913831193
   12     1377.0612065973823519
   13     1452.3077182475481095
   14     1452.3433280268650378
   15     3049.3100489742200807
   16     3054.1454302776064651
   17     3054.5081258170812362

$normal_modes
18 18
                    0                  1                  2                  3                  4        
    0      0.0000000000E+00   0.0000000000E+00   0.0000000000E+00   0.0000000000E+00   0.0000000000E+00
    1      0.0000000000E+00   0.0000000000E+00   0.0000000000E+00   0.0000000000E+00   0.0000000000E+00
    2      0.0000000000E+00   0.0000000000E+00   0.0000000000E+00   0.0000000000E+00   0.0000000000E+00
    3      0.0000000000E+00   0.0000000000E+00   0.0000000000E+00   0.0000000000E+00   0.0000000000E+00
    4      0.0000000000E+00   0.0000000000E+00   0.0000000000E+00   0.0000000000E+00   0.0000000000E+00
    5      0.0000000000E+00   0.0000000000E+00   0.0000000000E+00   0.0000000000E+00   0.0000000000E+00
    6      0.0000000000E+00   0.0000000000E+00   0.0000000000E+00   0.0000000000E+00   0.0000000000E+00
    7      0.0000000000E+00   0.0000000000E+00   0.0000000000E+00   0.0000000000E+00   0.0000000000E+00
    8      0.0000000000E+00   0.0000000000E+00   0.0000000000E+00   0.0000000000E+00   0.0000000000E+00
    9      0.0000000000E+00   0.0000000000E+00   0.0000000000E+00   0.0000000000E+00   0.0000000000E+00
   10      0.0000000000E+00   0.0000000000E+00   0.0000000000E+00   0.0000000000E+00   0.0000000000E+00
   11      0.0000000000E+00   0.0000000000E+00   0.0000000000E+00   0.0000000000E+00   0.0000000000E+00
   12      0.0000000000E+00   0.0000000000E+00   0.0000000000E+00   0.0000000000E+00   0.0000000000E+00
   13      0.0000000000E+00   0.0000000000E+00   0.0000000000E+00   0.0000000000E+00   0.0000000000E+00
   14      0.0000000000E+00   0.0000000000E+00   0.0000000000E+00   0.0000000000E+00   0.0000000000E+00
   15      0.0000000000E+00   0.0000000000E+00   0.0000000000E+00   0.0000000000E+00   0.0000000000E+00
   16      0.0000000000E+00   0.0000000000E+00   0.0000000000E+00   0.0000000000E+00   0.0000000000E+00
   17      0.0000000000E+00   0.0000000000E+00   0.0000000000E+00   0.0000000000E+00   0.0000000000E+00
                    5                  6                  7                  8                  9        
    0      0.0000000000E+00   2.9700610704E-01   1.3859948168E-01   1.1837192572E-02  -1.6843000375E-02
    1      0.0000000000E+00  -1.3847871056E-01   2.9720827701E-01  -6.4220582543E-03   9.8821263215E-03
    2      0.0000000000E+00   1.1247051184E-02  -9.4043509839E-04  -4.1403792882E-01   5.4906289059E-01
    3      0.0000000000E+00   4.0358887267E-01   2.0325001825E-01   1.1292709117E-02  -1.3206129649E-02
    4      0.0000000000E+00  -1.9248619871E-01   4.1318102888E-01  -4.7665496529E-03   1.7192969299E-02
    5      0.0000000000E+00   1.7876276584E-01  -3.5729727542E-01  -4.1084736618E-01   4.1723974016E-01
    6      0.0000000000E+00   4.3112818989E-01   1.8801588571E-01   1.2031194455E-02  -4.8943415543E-03
    7      0.0000000000E+00  -2.0361421645E-01   4.0912796832E-01  -6.3597592556E-03   3.2782044773E-03
    8      0.0000000000E+00  -3.7346875246E-01   3.5275118820E-02  -4.0729247062E-01   4.1986433181E-01
    9      0.0000000000E+00   4.0770189012E-01   1.8850546799E-01   1.0313076422E-02  -2.1544411975E-02
   10      0.0000000000E+00  -1.8311481274E-01   4.2077665325E-01  -6.4284212513E-03   3.4928432525E-03
   11      0.0000000000E+00   2.4245377264E-01   3.1771506934E-01  -4.0984731732E-01   4.1752955035E-01
   12      0.0000000000E+00  -4.8634302262E-02  -2.2684119066E-02  -1.2278681860E-02  -2.4793594531E-05
   13      0.0000000000E+00   2.2676358472E-02  -4.8655115756E-02   7.1464907649E-03   1.9081906106E-05
   14      0.0000000000E+00  -1.4509795652E-03  -5.8593075701E-06   3.9521448962E-01   7.0663669778E-04
   15      0.0000000000E+00  -1.6293645320E-01  -7.6055787146E-02   1.3645305409E-02   1.2798311772E-02
   16      0.0000000000E+00   7.5964407060E-02  -1.6306080282E-01  -8.3447745759E-03  -7.5548194141E-03
   17      0.0000000000E+00  -6.9363365386E-03   8.3402673714E-04  -4.1060736320E-01  -4.1501828935E-01
                   10                 11                 12                 13                 14        
    0      1.2001054963E-01   6.6360366624E-02  -3.5613619781E-03  -1.6393802788E-03   6.4552557920E-02
    1     -6.6299303981E-02   1.2007057889E-01   2.0588096334E-03   6.4573677730E-02   1.6395655400E-03
    2      4.7230595958E-03  -1.1641053092E-04   1.1596233681E-01  -1.1232208170E-03   1.9865517846E-03
    3     -2.1565742710E-01  -1.4512926034E-01   1.8002575501E-02   3.4575446578E-02  -7.3857329237E-01
    4      6.5513423086E-02  -1.1714112747E-01   1.9152970157E-01   1.2042787699E-01   8.6713060752E-03
    5     -3.6659461219E-01   6.5740769091E-01  -5.3998790266E-01  -3.1896688897E-01  -3.3495325370E-02
    6     -1.5451636567E-01  -1.2720010965E-01   1.9077451201E-01  -3.8044121875E-01  -9.6383144555E-02
    7      8.3008185969E-02  -2.2576273401E-01  -1.1135985953E-01  -5.0532447498E-01  -3.9586734798E-01
    8      7.4452478040E-01  -1.8947484714E-02  -5.2893982282E-01   1.6447669529E-01  -2.6542039073E-01
    9     -1.6385606265E-01  -2.3148633638E-02  -1.5888224696E-01   3.6903020051E-01  -8.4175227097E-02
   10      1.4646752697E-01  -1.9165033008E-01  -1.0903546949E-01  -5.3459413779E-01   3.6369284086E-01
   11     -3.9963713774E-01  -6.3760802083E-01  -5.4046201915E-01   1.7092891269E-01   2.7069509385E-01
   12     -2.5870640973E-04  -1.4182763584E-04  -6.3653695406E-06  -6.3649046327E-06   2.4939282867E-04
   13      1.4228575443E-04  -2.5543454811E-04   4.7396190418E-06   2.5059058058E-04   6.3015024097E-06
   14     -8.8451044841E-06  -5.6381794174E-09   2.1903979508E-04  -5.6835830735E-06   7.3608588663E-06
   15     -4.7056147965E-02  -2.6012439240E-02  -3.8387246592E-04  -1.8072914368E-04   7.4903789980E-03
   16      2.5998917473E-02  -4.7072385353E-02   2.2108412673E-04   7.4938430677E-03   1.9870501009E-04
   17     -1.8177944013E-03   2.8392669553E-05   1.1668366003E-02  -1.5147507421E-04   2.2765286929E-04
                   15                 16                 17        
     0     -5.2184199574E-03   4.5685001100E-02  -7.6838864261E-02
     1      2.6095845880E-03   7.7071382142E-02   4.5579640060E-02
     2      3.8581763913E-02   1.9109312985E-04  -5.2934183797E-03
     3     -4.4652521405E-04   2.5096017394E-02  -3.7336336933E-02
     4     -5.6888964772E-01  -6.6975904006E-01  -3.5946066279E-01
     5     -1.6790711737E-01  -2.1688150356E-01  -1.1905082356E-01
     6     -4.3631537849E-01   1.7269452856E-02   6.7724939518E-01
     7      2.5565023041E-01   4.1946478120E-02  -3.9681962965E-01
     8     -1.7813216591E-01  -2.3589486843E-03   3.0262870846E-01
     9      5.0142797732E-01  -5.9498227015E-01   2.8947068148E-01
    10      2.8081123520E-01  -3.0448204722E-01   2.0497887418E-01
    11     -1.6999218251E-01   2.1668139069E-01  -1.1697838293E-01
    12     -1.9559079192E-06  -2.7969231449E-05   4.6990595763E-05
    13      7.9234027884E-07  -4.7243116497E-05  -2.7863263698E-05
    14      1.4246172571E-04   6.6136272360E-07  -5.2897356253E-06
    15     -1.2820387911E-04   4.8988205345E-04  -8.1972673928E-04
    16      6.9259724466E-05   8.2764003249E-04   4.8650432341E-04
    17      2.7215209810E-03   1.3731296719E-05  -1.7715090194E-04

#
# The atoms: label  mass x y z (in bohrs)
#
$atoms
6
 C     12.01100      0.072191434963    -0.042387134985    -2.261111390617
 H      1.00800      0.065361825199     1.913135679477    -1.637600063169
 H      1.00800      1.727091089336    -1.012655835401    -1.531520423018
 H      1.00800     -1.637643368308    -0.990994072201    -1.636996431955
 Cl    35.45300     -0.110981305840     0.065409695862     3.514432902041
 F     18.99800      0.153251967998    -0.090463192290    -4.873903300867

$actual_temperature
  0.000000

$frequency_scale_factor
  1.000000


$end

