*************************************************
******************* ORCA 6.1.0 ******************
*************************************************
$Calculation_Status
   &GeometryIndex 0
   &version [&Type "String"] "6.1.0"
   &progName [&Type "String"] "orca"
   &Status [&Type "String"] "NORMAL TERMINATION"
$End
$Geometry
   &GeometryIndex 1
   &NAtoms [&Type "Integer"] 6
   &NCorelessECP [&Type "Integer"] 0
   &NGhostAtoms [&Type "Integer"] 0
   &CartesianCoordinates [&Type "Coordinates", &Dim(6,4), &Units "Bohr"] 
              C     -0.612900546193    0.353756732270    0.624112291346
              H     -0.785944658002    2.399377713335    0.543540038174
              H      0.549889517984   -0.317243443910   -1.024600061181
              H     -2.470565586526   -0.519370440921    0.543456890224
              Cl     0.689460910783   -0.397921521746    3.624817868030
              F      1.196807024313   -0.690753483458   -4.032977925969
$End
$Single_Point_Data
   &GeometryIndex 1
   &FinalEnergy [&Type "Double"]      -1.3146016926680000e+01  "Final single point energy"
   &Converged [&Type "Boolean"] true
$End
$Geometry
   &GeometryIndex 2
   &NAtoms [&Type "Integer"] 6
   &NCorelessECP [&Type "Integer"] 0
   &NGhostAtoms [&Type "Integer"] 0
   &CartesianCoordinates [&Type "Coordinates", &Dim(6,4), &Units "Bohr"] 
              C     -0.623697166105    0.360047956852    0.622056044279
              H     -0.797988969053    2.406363984445    0.554502469443
              H      0.535709438492   -0.309028139002   -1.031794869577
              H     -2.482807109069   -0.512464929301    0.554424886718
              Cl     0.710520259948   -0.410050922385    3.603592427107
              F      1.225010208146   -0.707022395038   -4.024431857348
$End
$Single_Point_Data
   &GeometryIndex 2
   &FinalEnergy [&Type "Double"]      -1.3146129254150001e+01  "Final single point energy"
   &Converged [&Type "Boolean"] true
$End
$Geometry
   &GeometryIndex 3
   &NAtoms [&Type "Integer"] 6
   &NCorelessECP [&Type "Integer"] 0
   &NGhostAtoms [&Type "Integer"] 0
   &CartesianCoordinates [&Type "Coordinates", &Dim(6,4), &Units "Bohr"] 
              C     -0.684470259485    0.395335101243    0.606032364767
              H     -0.861882151421    2.442146305794    0.617802782983
              H      0.443794950013   -0.255925348538   -1.085255016802
              H     -2.545803829225   -0.475133929034    0.617702824445
              Cl     0.830192517228   -0.479190329972    3.466358645662
              F      1.384915435248   -0.799386243922   -3.944292500432
$End
$Single_Point_Data
   &GeometryIndex 3
   &FinalEnergy [&Type "Double"]      -1.3146463543279999e+01  "Final single point energy"
   &Converged [&Type "Boolean"] true
$End
$Geometry
   &GeometryIndex 4
   &NAtoms [&Type "Integer"] 6
   &NCorelessECP [&Type "Integer"] 0
   &NGhostAtoms [&Type "Integer"] 0
   &CartesianCoordinates [&Type "Coordinates", &Dim(6,4), &Units "Bohr"] 
              C     -0.687520035618    0.397054043155    0.605866868189
              H     -0.863719083772    2.443936768203    0.623922248125
              H      0.432019719782   -0.249161641037   -1.095814988257
              H     -2.548148535452   -0.474416405049    0.623800888194
              Cl     0.835962693479   -0.482535484856    3.459906845047
              F      1.398151903940   -0.807031724846   -3.939332760677
$End
$Single_Point_Data
   &GeometryIndex 4
   &FinalEnergy [&Type "Double"]      -1.3146496988040001e+01  "Final single point energy"
   &Converged [&Type "Boolean"] true
$End
$Geometry
   &GeometryIndex 5
   &NAtoms [&Type "Integer"] 6
   &NCorelessECP [&Type "Integer"] 0
   &NGhostAtoms [&Type "Integer"] 0
   &CartesianCoordinates [&Type "Coordinates", &Dim(6,4), &Units "Bohr"] 
              C     -0.688872963942    0.397697439012    0.605517955498
              H     -0.860973334415    2.445079109931    0.634621049624
              H      0.399336025488   -0.230375540932   -1.128490954899
              H     -2.547695991109   -0.477283441516    0.634486578921
              Cl     0.843255458717   -0.486702154416    3.453608731292
              F      1.421697467619   -0.820569856509   -3.921394259815
$End
$Single_Point_Data
   &GeometryIndex 5
   &FinalEnergy [&Type "Double"]      -1.3146554939060000e+01  "Final single point energy"
   &Converged [&Type "Boolean"] true
$End
$Geometry
   &GeometryIndex 6
   &NAtoms [&Type "Integer"] 6
   &NCorelessECP [&Type "Integer"] 0
   &NGhostAtoms [&Type "Integer"] 0
   &CartesianCoordinates [&Type "Coordinates", &Dim(6,4), &Units "Bohr"] 
              C     -0.686926466719    0.396586321531    0.606795928015
              H     -0.859961794574    2.444067717967    0.632914619775
              H      0.401707875310   -0.231729934955   -1.127170158455
              H     -2.546407359835   -0.477658064590    0.632810840846
              Cl     0.840262969140   -0.484960131914    3.458196067144
              F      1.418071439035   -0.818460352469   -3.925198196702
$End
$Single_Point_Data
   &GeometryIndex 6
   &FinalEnergy [&Type "Double"]      -1.3146555847689999e+01  "Final single point energy"
   &Converged [&Type "Boolean"] true
$End
$Geometry
   &GeometryIndex 7
   &NAtoms [&Type "Integer"] 6
   &NCorelessECP [&Type "Integer"] 0
   &NGhostAtoms [&Type "Integer"] 0
   &CartesianCoordinates [&Type "Coordinates", &Dim(6,4), &Units "Bohr"] 
              C     -0.685971692856    0.396051831021    0.607468521042
              H     -0.860275215176    2.443587157874    0.631963969385
              H      0.402196215067   -0.231998635851   -1.126942727316
              H     -2.546203694293   -0.477153927953    0.631890416496
              Cl     0.840057084611   -0.484839902059    3.459052167853
              F      1.416943965006   -0.817800967461   -3.925083246837
$End
$Single_Point_Data
   &GeometryIndex 7
   &FinalEnergy [&Type "Double"]      -1.3146556319049999e+01  "Final single point energy"
   &Converged [&Type "Boolean"] true
$End
$Hessian
   &GeometryIndex 7
   &HESSIAN [&Type "ArrayOfDoubles", &Dim (18,18)] "The Hessian"
                                                         0                           1                           2                           3                           4                           5                           6                           7

0                                      4.0949509719999999e-01         4.2843932199999997e-02        -4.1423858500000001e-02        -4.1826718899999997e-02         1.4803919500000000e-02         1.4345091000000001e-03        -7.8945546300000002e-02         2.2148364399999999e-02
1                                      4.2843932199999997e-02         4.5908913379999999e-01         2.3882427599999999e-02         2.2078663900000000e-02        -2.8684806089999998e-01        -1.1082219799999999e-02         2.2149574000000002e-02        -5.3343462899999999e-02
2                                     -4.1423858500000001e-02         2.3882427599999999e-02         3.2779945900000002e-01         2.4145427999999998e-03        -7.8076914000000004e-03        -3.8031273999999997e-02         6.1863751299999999e-02        -3.5713998800000001e-02
3                                     -4.1826718899999997e-02         2.2078663900000000e-02         2.4145427999999998e-03         4.5388333400000001e-02        -1.9044002899999999e-02         4.1156331000000001e-03         2.2550430000000001e-04         1.3884993000000000e-02
4                                      1.4803919500000000e-02        -2.8684806089999998e-01        -7.8076914000000004e-03        -1.9044002899999999e-02         3.2195867439999998e-01         2.8673917999999998e-03        -4.1173229999999999e-04        -1.0167397400000000e-02
5                                      1.4345091000000001e-03        -1.1082219799999999e-02        -3.8031273999999997e-02         4.1156331000000001e-03         2.8673917999999998e-03         4.5975945200000000e-02         3.8425980000000002e-04        -1.8429622100000001e-02
6                                     -7.8945546300000002e-02         2.2149574000000002e-02         6.1863751299999999e-02         2.2550430000000001e-04        -4.1173229999999999e-04         3.8425980000000002e-04         9.4491808199999999e-02        -2.4947170000000001e-02
7                                      2.2148364399999999e-02        -5.3343462899999999e-02        -3.5713998800000001e-02         1.3884993000000000e-02        -1.0167397400000000e-02        -1.8429622100000001e-02        -2.4947170000000001e-02         6.5668266200000006e-02
8                                      5.9516460700000003e-02        -3.4341212199999999e-02        -1.2889653449999999e-01        -1.8618730000000001e-04         4.0926610000000002e-04         2.8405225000000000e-03        -6.1958949399999998e-02         3.5763654700000001e-02
9                                     -2.4154965519999999e-01        -1.0046962290000000e-01         7.8494406000000003e-03         2.7176250000000000e-04        -1.5087844999999999e-03         1.1309369000000000e-03        -1.3392393400000001e-02        -8.2769780000000008e-03
10                                    -9.3223105500000000e-02        -8.7127940799999998e-02         1.8332662999999999e-03        -3.0635743199999999e-02        -1.8269191099999998e-02         2.0385115000000000e-03         6.0157685999999997e-03         3.4625250000000002e-03
11                                     1.0320062200000001e-02         4.2866579999999996e-03        -3.8012483100000001e-02        -1.2007413000000001e-03        -1.9928221000000000e-03         1.0273604000000001e-03         1.6153177599999999e-02         8.8857024000000007e-03
12                                    -4.5611243500000002e-02         1.0805374099999999e-02        -4.0181607699999997e-02        -3.3562022000000000e-03         5.4533231000000000e-03        -7.7996389999999997e-03         3.8042039999999998e-03        -1.9625303999999998e-03
13                                     1.0812735400000001e-02        -3.3180909299999999e-02         2.3238682300000001e-02         1.3689221999999999e-02        -7.1923296999999997e-03         2.4650865000000001e-02        -1.9615549999999998e-03         1.5394830999999999e-03
14                                    -4.2409104500000003e-02         2.4510846300000000e-02        -9.8278638700000004e-02        -6.6629990000000002e-03         8.3487286000000008e-03        -9.6495335999999994e-03        -1.1751542400000000e-02         6.7896848000000001e-03
15                                    -1.5619334000000001e-03         2.5920787000000001e-03         9.4777314999999994e-03        -7.0267919999999996e-04         7.0727710000000000e-04         7.3430019999999997e-04        -6.1835769000000004e-03        -8.4667900000000003e-04
16                                     2.6141540000000000e-03         1.4112400000000000e-03        -5.4326861000000004e-03         2.6867099999999999e-05         5.1830470000000005e-04        -4.4926499999999998e-05        -8.4488529999999997e-04        -7.1594140999999998e-03
17                                     1.2561931100000000e-02        -7.2564999000000003e-03        -2.4580528700000000e-02         1.5197518000000000e-03        -1.8248730000000001e-03        -2.1630205000000000e-03        -4.6906969000000001e-03         2.7045789999999999e-03
                                                         8                           9                          10                          11                          12                          13                          14                          15

0                                      5.9516460700000003e-02        -2.4154965519999999e-01        -9.3223105500000000e-02         1.0320062200000001e-02        -4.5611243500000002e-02         1.0812735400000001e-02        -4.2409104500000003e-02        -1.5619334000000001e-03
1                                     -3.4341212199999999e-02        -1.0046962290000000e-01        -8.7127940799999998e-02         4.2866579999999996e-03         1.0805374099999999e-02        -3.3180909299999999e-02         2.4510846300000000e-02         2.5920787000000001e-03
2                                     -1.2889653449999999e-01         7.8494406000000003e-03         1.8332662999999999e-03        -3.8012483100000001e-02        -4.0181607699999997e-02         2.3238682300000001e-02        -9.8278638700000004e-02         9.4777314999999994e-03
3                                     -1.8618730000000001e-04         2.7176250000000000e-04        -3.0635743199999999e-02        -1.2007413000000001e-03        -3.3562022000000000e-03         1.3689221999999999e-02        -6.6629990000000002e-03        -7.0267919999999996e-04
4                                      4.0926610000000002e-04        -1.5087844999999999e-03        -1.8269191099999998e-02        -1.9928221000000000e-03         5.4533231000000000e-03        -7.1923296999999997e-03         8.3487286000000008e-03         7.0727710000000000e-04
5                                      2.8405225000000000e-03         1.1309369000000000e-03         2.0385115000000000e-03         1.0273604000000001e-03        -7.7996389999999997e-03         2.4650865000000001e-02        -9.6495335999999994e-03         7.3430019999999997e-04
6                                     -6.1958949399999998e-02        -1.3392393400000001e-02         6.0157685999999997e-03         1.6153177599999999e-02         3.8042039999999998e-03        -1.9615549999999998e-03        -1.1751542400000000e-02        -6.1835769000000004e-03
7                                      3.5763654700000001e-02        -8.2769780000000008e-03         3.4625250000000002e-03         8.8857024000000007e-03        -1.9625303999999998e-03         1.5394830999999999e-03         6.7896848000000001e-03        -8.4667900000000003e-04
8                                      1.3255532919999999e-01        -4.5982610000000002e-04        -4.8575300000000002e-05         2.8384635000000000e-03         4.2243135999999997e-03        -2.4371926000000001e-03        -1.0073872800000000e-02        -1.1358115000000000e-03
9                                     -4.5982610000000002e-04         2.6930089590000000e-01         1.1025732430000000e-01        -4.2780619999999999e-04        -1.4493254400000001e-02        -1.0425995999999999e-03        -1.0448550799999999e-02        -1.3735540000000000e-04
10                                    -4.8575300000000002e-05         1.1025732430000000e-01         9.8055381499999997e-02        -4.9958670999999998e-03         7.2205267000000004e-03         3.9689640999999998e-03         1.5730748000000001e-03         3.6522920000000002e-04
11                                     2.8384635000000000e-03        -4.2780619999999999e-04        -4.9958670999999998e-03         4.5976602700000001e-02        -2.5252838900000001e-02        -5.5701980999999998e-03        -9.6700116000000003e-03         4.0814660000000001e-04
12                                     4.2243135999999997e-03        -1.4493254400000001e-02         7.2205267000000004e-03        -2.5252838900000001e-02         5.9056991900000001e-02        -2.1510867699999998e-02         6.8298257700000004e-02         5.9950430000000005e-04
13                                    -2.4371926000000001e-03        -1.0425995999999999e-03         3.9689640999999998e-03        -5.5701980999999998e-03        -2.1510867699999998e-02         3.4250995300000003e-02        -3.9467758999999998e-02         1.3064800000000001e-05
14                                    -1.0073872800000000e-02        -1.0448550799999999e-02         1.5730748000000001e-03        -9.6700116000000003e-03         6.8298257700000004e-02        -3.9467758999999998e-02         1.3165624919999999e-01         2.9739389000000001e-03
15                                    -1.1358115000000000e-03        -1.3735540000000000e-04         3.6522920000000002e-04         4.0814660000000001e-04         5.9950430000000005e-04         1.3064800000000001e-05         2.9739389000000001e-03         7.9860404999999995e-03
16                                     6.5405930000000001e-04         1.0406607999999999e-03        -8.9738699999999995e-05        -6.1347300000000001e-04        -5.8258000000000002e-06         6.1379640000000003e-04        -1.7545754999999999e-03        -2.8309708000000002e-03
17                                     7.3609209999999997e-04         2.3558056000000001e-03        -4.0041019999999998e-04        -2.1599318999999998e-03         7.1151419999999996e-04        -4.1439759999999998e-04        -3.9841924000000003e-03        -1.2458305800000000e-02
                                                        16                          17

0                                      2.6141540000000000e-03         1.2561931100000000e-02
1                                      1.4112400000000000e-03        -7.2564999000000003e-03
2                                     -5.4326861000000004e-03        -2.4580528700000000e-02
3                                      2.6867099999999999e-05         1.5197518000000000e-03
4                                      5.1830470000000005e-04        -1.8248730000000001e-03
5                                     -4.4926499999999998e-05        -2.1630205000000000e-03
6                                     -8.4488529999999997e-04        -4.6906969000000001e-03
7                                     -7.1594140999999998e-03         2.7045789999999999e-03
8                                      6.5405930000000001e-04         7.3609209999999997e-04
9                                      1.0406607999999999e-03         2.3558056000000001e-03
10                                    -8.9738699999999995e-05        -4.0041019999999998e-04
11                                    -6.1347300000000001e-04        -2.1599318999999998e-03
12                                    -5.8258000000000002e-06         7.1151419999999996e-04
13                                     6.1379640000000003e-04        -4.1439759999999998e-04
14                                    -1.7545754999999999e-03        -3.9841924000000003e-03
15                                    -2.8309708000000002e-03        -1.2458305800000000e-02
16                                     4.7058116999999997e-03         7.1916018000000000e-03
17                                     7.1916018000000000e-03         3.2151581499999998e-02
   &MODES [&Type "ArrayOfDoubles", &Dim (18,18)] "The modes of vibrations"
                                                         0                           1                           2                           3                           4                           5                           6                           7

0                                      0.0000000000000000e+00         0.0000000000000000e+00         0.0000000000000000e+00         0.0000000000000000e+00         0.0000000000000000e+00         0.0000000000000000e+00        -1.1973665550669817e-01        -1.1592420591817304e-01
1                                      0.0000000000000000e+00         0.0000000000000000e+00         0.0000000000000000e+00         0.0000000000000000e+00         0.0000000000000000e+00         0.0000000000000000e+00         6.9198096401156942e-02         6.7164635627719543e-02
2                                      0.0000000000000000e+00         0.0000000000000000e+00         0.0000000000000000e+00         0.0000000000000000e+00         0.0000000000000000e+00         0.0000000000000000e+00         3.0779096046914270e-02         1.0073826830439303e-01
3                                      0.0000000000000000e+00         0.0000000000000000e+00         0.0000000000000000e+00         0.0000000000000000e+00         0.0000000000000000e+00         0.0000000000000000e+00        -1.1551151437464263e-01        -1.1053272555347614e-01
4                                      0.0000000000000000e+00         0.0000000000000000e+00         0.0000000000000000e+00         0.0000000000000000e+00         0.0000000000000000e+00         0.0000000000000000e+00         6.8763818989394987e-02         6.5092600469036935e-02
5                                      0.0000000000000000e+00         0.0000000000000000e+00         0.0000000000000000e+00         0.0000000000000000e+00         0.0000000000000000e+00         0.0000000000000000e+00         9.3144278570659794e-02         1.6101711397803867e-01
6                                      0.0000000000000000e+00         0.0000000000000000e+00         0.0000000000000000e+00         0.0000000000000000e+00         0.0000000000000000e+00         0.0000000000000000e+00        -1.6009277146331510e-01        -1.6660898206648189e-01
7                                      0.0000000000000000e+00         0.0000000000000000e+00         0.0000000000000000e+00         0.0000000000000000e+00         0.0000000000000000e+00         0.0000000000000000e+00         9.2878668902814945e-02         9.7586208746194905e-02
8                                      0.0000000000000000e+00         0.0000000000000000e+00         0.0000000000000000e+00         0.0000000000000000e+00         0.0000000000000000e+00         0.0000000000000000e+00        -1.1249649676750845e-02         6.0703739457954299e-02
9                                      0.0000000000000000e+00         0.0000000000000000e+00         0.0000000000000000e+00         0.0000000000000000e+00         0.0000000000000000e+00         0.0000000000000000e+00        -1.1689312388896894e-01        -1.1038438666830827e-01
10                                     0.0000000000000000e+00         0.0000000000000000e+00         0.0000000000000000e+00         0.0000000000000000e+00         0.0000000000000000e+00         0.0000000000000000e+00         6.5021653146671993e-02         6.1300308488976080e-02
11                                     0.0000000000000000e+00         0.0000000000000000e+00         0.0000000000000000e+00         0.0000000000000000e+00         0.0000000000000000e+00         0.0000000000000000e+00         9.2698693832850274e-02         1.5968423539857940e-01
12                                     0.0000000000000000e+00         0.0000000000000000e+00         0.0000000000000000e+00         0.0000000000000000e+00         0.0000000000000000e+00         0.0000000000000000e+00         3.2243445792840920e-02         1.3595442208698866e-02
13                                     0.0000000000000000e+00         0.0000000000000000e+00         0.0000000000000000e+00         0.0000000000000000e+00         0.0000000000000000e+00         0.0000000000000000e+00        -1.8623979046407869e-02        -7.8853465250436350e-03
14                                     0.0000000000000000e+00         0.0000000000000000e+00         0.0000000000000000e+00         0.0000000000000000e+00         0.0000000000000000e+00         0.0000000000000000e+00        -8.5732547271400478e-02         3.0434195950753213e-02
15                                     0.0000000000000000e+00         0.0000000000000000e+00         0.0000000000000000e+00         0.0000000000000000e+00         0.0000000000000000e+00         0.0000000000000000e+00         3.6354746531324540e-02         6.8480509932663802e-02
16                                     0.0000000000000000e+00         0.0000000000000000e+00         0.0000000000000000e+00         0.0000000000000000e+00         0.0000000000000000e+00         0.0000000000000000e+00        -2.1020100058384571e-02        -3.9631866450047820e-02
17                                     0.0000000000000000e+00         0.0000000000000000e+00         0.0000000000000000e+00         0.0000000000000000e+00         0.0000000000000000e+00         0.0000000000000000e+00         1.3126635469443629e-01        -1.4072045579489242e-01
                                                         8                           9                          10                          11                          12                          13                          14                          15

0                                      4.5305318917818957e-02         9.5913418806207407e-02         7.6679220141537829e-02        -4.9874101829003280e-02         3.2778901012646654e-02         2.9890360775028772e-02         5.9163261369923101e-02        -3.9533107219548023e-02
1                                      7.7316887510121252e-02        -5.5457393783430134e-02        -4.4243821716524655e-02        -8.6499133488367380e-02        -1.8938994951704959e-02         5.1823740239754196e-02        -3.4138248230739410e-02         2.2819795664983836e-02
2                                     -2.9942426120873069e-07         1.9937436217724996e-01        -3.8334721386818066e-02         6.3248236517248578e-05         9.4631252219290585e-02        -1.5013217694690208e-05        -1.3328614303768067e-02         6.4489233403657059e-02
3                                     -4.6304409668504148e-01         7.5233294485920199e-02        -1.9309785018770204e-02         3.5195759614244027e-01        -9.3818590273407387e-02        -1.3844180069764489e-01        -6.6683118388083062e-01        -1.3576599803556851e-02
4                                      2.9222208052353670e-02        -4.8199414686138024e-02        -4.0780552861187175e-02        -4.4086781413002880e-02        -1.0043246604609519e-02         3.2351780104551645e-03        -5.6338762167748385e-02         4.0073027148705032e-02
5                                      2.8581746924583495e-01         1.1542102330489262e-01         4.3809982340448189e-01         5.1265770674240763e-01        -4.8080475785692184e-01         3.8316948725041861e-01         2.4624809854383062e-02         6.6119421125441589e-03
6                                      2.5966517443746717e-01         9.1346801335067784e-02        -4.1111603357520010e-01         1.4377718010340582e-01        -4.3727598693603181e-01        -3.9254357013611180e-01         1.4464505887073742e-01         5.3513493659531686e-01
7                                      4.4847197476476647e-01        -5.3715746172685548e-02         2.3720786565249052e-01         2.4910287398191533e-01         2.5238457918158308e-01        -6.8003012030873078e-01        -8.3631792685297204e-02        -3.0887514568652563e-01
8                                      8.0187933793132238e-05         2.1399103517989365e-01        -5.0436096399301844e-01         2.4839922473600823e-05        -3.6278161459817571e-01        -4.5934891291074858e-05         9.5648004962616953e-02        -7.2949745298135249e-01
9                                      2.5770169371422574e-01         7.8951964902167576e-02         2.5686251874728130e-02        -2.1414225460508710e-01        -3.8265011974511459e-02         7.2070021951320201e-02        -2.8467572237523109e-01        -4.1559804470918227e-02
10                                    -3.8687426720033236e-01        -4.0235112519341802e-02         3.7049226593853499e-02         2.8282389610907621e-01         8.6383915023349134e-02        -1.1840216780727489e-01         6.0555590829616945e-01        -8.2979682218509657e-03
11                                    -2.8648140959578694e-01         1.1644352751457220e-01         4.3826451402340727e-01        -5.1237610529961430e-01        -4.8078714387953486e-01        -3.8324044204139218e-01         2.4625015853232846e-02         6.6375590266420786e-03
12                                    -6.7429642305704826e-03        -4.0726963620783520e-02        -1.6523987765048903e-02         9.7237434742364747e-03         3.6986947337244776e-03         1.6674971353364655e-03         3.0817204804686874e-03        -6.0142365950346335e-05
13                                    -1.1425697654831047e-02         2.3521514922444215e-02         9.5349591304055188e-03         1.6883314979020032e-02        -2.1328134515248933e-03         2.8788647824416554e-03        -1.7794713707279682e-03         3.4964976358442594e-05
14                                    -9.9538990974048895e-05        -7.3848824519026399e-02         4.5744614428913828e-04        -2.6109176348938768e-05         4.5223405342454557e-03         7.7394651779307041e-06         9.3083104762881378e-04        -6.1322364333516897e-04
15                                    -1.8942058547946738e-02         2.3360696261364752e-03         3.8324196424499414e-03        -1.5550743308681237e-03         2.5832856847978558e-03         2.3400238164828775e-03        -3.4474293840381645e-04        -3.6183505976312714e-04
16                                    -3.2378374137754642e-02        -1.2907693571662920e-03        -2.2094281036597174e-03        -2.7037468264990870e-03        -1.4877432318815126e-03         4.0551294786189736e-03         2.0065594984529928e-04         2.0995412226509100e-04
17                                     2.1691623682979915e-04        -1.1893121335154123e-02         3.6446520687040533e-03        -7.5228358721403346e-06         2.0013683071273959e-03         1.2507263133264037e-06        -9.9840930859147791e-04        -1.6244672664101213e-03
                                                        16                          17

0                                     -5.0710599843567905e-02         4.3916446856983267e-02
1                                      2.9580359224011154e-02         7.5727912977595124e-02
2                                      4.6069163864829550e-03         1.9674492951791655e-06
3                                      2.0292892924557677e-02         6.9831725236546613e-02
4                                     -6.9084008137726072e-01        -6.6482533576311575e-01
5                                     -3.8457294151161112e-03        -1.3916501299032236e-02
6                                      2.5785978936758336e-03         1.7860733155647835e-02
7                                     -1.3459343134260046e-03         3.1020893461313301e-02
8                                     -2.5467732761665803e-02         1.2258234076696105e-04
9                                      6.0488422383280005e-01        -6.1414409572204509e-01
10                                     3.2628042306837979e-01        -2.7392544174472172e-01
11                                    -3.7798775518364642e-03         1.3922892749529793e-02
12                                    -6.4657165304398984e-04         1.3468205257233286e-04
13                                     3.7191103862038331e-04         2.3328288128937844e-04
14                                    -7.5250863595657097e-04        -3.0652583816755768e-06
15                                    -4.0522204009878797e-05        -8.3802272901553848e-05
16                                     1.8832544029843678e-05        -1.4984828115333353e-04
17                                     2.4755776392088014e-04        -2.3667759592333047e-06
$End
$THERMOCHEMISTRY_Energies
   &GeometryIndex 7
   &temperature [&Type "Double"]       2.9814999999999998e+02
   &pressure [&Type "Double"]       1.0000000000000000e+00
   &totalMass [&Type "Double"]       6.9486000000000004e+01
   &spinDegeneracy [&Type "Integer"] 1
   &elEnergy [&Type "Double"]      -1.3146556319049999e+01
   &transEnergy [&Type "Double"]       1.4162714244859817e-03
   &rotEnergy [&Type "Double"]       1.4162714244859817e-03
   &vibEnergy [&Type "Double"]       1.6784081338747868e-03
   &numOfFreqs [&Type "Integer"] 18
   &freqScalingFactor [&Type "Double"]       1.0000000000000000e+00
   &FREQ [&Type "ArrayOfDoubles", &Units "cm^-1", &Dim (18,1)] 
                                                         0

0                                      0.0000000000000000e+00
1                                      0.0000000000000000e+00
2                                      0.0000000000000000e+00
3                                      0.0000000000000000e+00
4                                      0.0000000000000000e+00
5                                      0.0000000000000000e+00
6                                      1.1348656850956417e+02
7                                      3.2007990303027998e+02
8                                      3.4916686649388578e+02
9                                      6.8154115242643547e+02
10                                     1.0071284642961764e+03
11                                     1.0458089367119285e+03
12                                     1.3250222277434896e+03
13                                     1.3942328564751735e+03
14                                     1.4325191569118356e+03
15                                     2.3392056484973059e+03
16                                     3.0113062656536017e+03
17                                     3.0174531359181346e+03
   &zpe [&Type "Double"]       3.6534863060826248e-02
   &innerEnergyU [&Type "Double"]      -1.3105510505006327e+01
   &enthalpyH [&Type "Double"]      -1.3104566295964068e+01
   &qEl [&Type "Double"]       0.0000000000000000e+00
   &qRot [&Type "Double"]       1.1853987003116202e-02
   &qVib [&Type "Double"]       2.8845249180481356e-03
   &qTrans [&Type "Double"]       1.8355655740999458e-02
   &entropyS [&Type "Double"]       3.3094167662163797e-02
   &freeEnergyG [&Type "Double"]      -1.3137660463626231e+01
   &isLinear [&Type "Boolean"] false
$End
$Calculation_Info
   &GeometryIndex 7
   &Mult [&Type "Integer"] 1
   &Charge [&Type "Integer"] -1
   &NumOfAtoms [&Type "Integer"] 6
   &NumOfElectrons [&Type "Integer"] 0
   &NumOfBasisFuncts [&Type "Integer"] 0
   &NumOfAuxCBasisFuncts [&Type "Integer"] 0
   &NumOfAuxJBasisFuncts [&Type "Integer"] 0
   &NumOfAuxJKBasisFuncts [&Type "Integer"] 0
   &NumOfCABSBasisFuncts [&Type "Integer"] 0
$End
$Calculation_Timings
   &GeometryIndex 7
   &GSTEP [&Type "Double"]       1.4761999999999942e-02
   &XTB [&Type "Double"]       1.4499749999999998e+00
   &XTBGRAD [&Type "Double"]       2.4680000000001368e-03
   &SUM [&Type "Double"]       1.4672049999999999e+00
$End
