
$orca_hessian_file

$act_atom
  0

$act_coord
  0

$act_energy
      -13.191987

$multiplicity
  1

$hessian
18
                    0                  1                  2                  3                  4        
    0      5.1607528740E-01   1.2172200000E-05   3.4611875000E-03  -4.3257790800E-02   2.3031422000E-03
    1      1.2172200000E-05   5.1607177980E-01  -1.9974098000E-03   2.1900142000E-03  -2.7169732120E-01
    2      3.4611875000E-03  -1.9974098000E-03   4.1631105610E-01   5.0929290000E-04  -6.6773694400E-02
    3     -4.3257790800E-02   2.1900142000E-03   5.0929290000E-04   4.5202821100E-02  -2.8048904000E-03
    4      2.3031422000E-03  -2.7169732120E-01  -6.6773694400E-02  -2.8048904000E-03   3.0614837000E-01
    5      5.0526190000E-04  -6.3066056100E-02  -5.7840952100E-02  -1.0945550000E-03   8.1440306200E-02
    6     -2.0841233370E-01   9.5390858100E-02  -6.8317088100E-02  -1.7029219000E-03   2.1322989000E-03
    7      9.5389546800E-02  -9.8327806000E-02   3.9441330300E-02   2.6797634800E-02  -1.8158947000E-02
    8     -6.5113241600E-02   3.7604356000E-02  -6.6192022600E-02   5.4554541000E-03  -2.8110809000E-03
    9     -2.1658378690E-01  -9.7713611300E-02   5.8095503400E-02  -1.2931840000E-03  -1.9283387000E-03
   10     -9.7824636700E-02  -9.8378948900E-02   3.2923089500E-02  -2.7294035600E-02  -1.8165023600E-02
   11      5.4876150400E-02   3.1083260100E-02  -5.7839926400E-02  -5.8154168000E-03  -2.9525322000E-03
   12     -1.3643644000E-03  -1.4625000000E-06  -2.7980700000E-05  -5.0141300000E-04   3.0358700000E-05
   13     -1.7723000000E-06  -1.3623498000E-03   2.2759800000E-05   8.3281000000E-06   5.3559640000E-04
   14     -3.2405800000E-05   1.7408700000E-05  -4.4772080000E-04   7.0392000000E-06  -8.8827200000E-04
   15     -4.6457011700E-02   1.2202920000E-04   6.2790850000E-03   1.5524887000E-03   2.6742930000E-04
   16      1.2154790000E-04  -4.6305353800E-02  -3.6160753000E-03   1.1029490000E-03   1.3373255000E-03
   17      6.3030475000E-03  -3.6415589000E-03  -2.3399043420E-01   9.3818560000E-04  -8.0147268000E-03
                    5                  6                  7                  8                  9        
    0      5.0526190000E-04  -2.0841233370E-01   9.5389546800E-02  -6.5113241600E-02  -2.1658378690E-01
    1     -6.3066056100E-02   9.5390858100E-02  -9.8327806000E-02   3.7604356000E-02  -9.7713611300E-02
    2     -5.7840952100E-02  -6.8317088100E-02   3.9441330300E-02  -6.6192022600E-02   5.8095503400E-02
    3     -1.0945550000E-03  -1.7029219000E-03   2.6797634800E-02   5.4554541000E-03  -1.2931840000E-03
    4      8.1440306200E-02   2.1322989000E-03  -1.8158947000E-02  -2.8110809000E-03  -1.9283387000E-03
    5      7.7304773700E-02  -1.8562900000E-05   8.3292315000E-03   4.0383264000E-03  -3.4711560000E-04
    6     -1.8562900000E-05   2.3324018920E-01  -1.0862245550E-01   8.1679772300E-02  -2.6558048900E-02
    7      8.3292315000E-03  -1.0862245550E-01   1.0790386790E-01  -4.7169522800E-02  -1.2208811400E-02
    8      4.0383264000E-03   8.1679772300E-02  -4.7169522800E-02   8.7601680100E-02   5.1596712000E-03
    9     -3.4711560000E-04  -2.6558048900E-02  -1.2208811400E-02   5.1596712000E-03   2.4338559260E-01
   10      6.5090885000E-03   1.2445880800E-02   6.7217731000E-03  -3.3204618000E-03   1.1156275510E-01
   11      3.6472615000E-03  -7.2235658000E-03  -4.1504953000E-03   4.0373801000E-03  -7.1084965600E-02
   12      7.8527000000E-06   3.1684850000E-04  -4.7317300000E-04  -1.8791620000E-04   2.5522120000E-04
   13     -2.8730730000E-04  -4.7049350000E-04  -2.3343250000E-04   1.0852160000E-04   4.6438990000E-04
   14     -7.1759440000E-04  -7.0106690000E-04   4.0774180000E-04  -7.7877610000E-04   7.7170820000E-04
   15      9.4711890000E-04   3.1162668000E-03  -8.8274160000E-04  -2.6993739900E-02   7.9420600000E-04
   16     -3.2925262900E-02  -8.7608890000E-04   2.0945445000E-03   1.5588187900E-02  -1.7638360000E-04
   17     -2.6431815200E-02  -5.4194886000E-03   3.1417145000E-03  -2.8706587800E-02   7.4051985000E-03
                   10                 11                 12                 13                 14        
    0     -9.7824636700E-02   5.4876150400E-02  -1.3643644000E-03  -1.7723000000E-06  -3.2405800000E-05
    1     -9.8378948900E-02   3.1083260100E-02  -1.4625000000E-06  -1.3623498000E-03   1.7408700000E-05
    2      3.2923089500E-02  -5.7839926400E-02  -2.7980700000E-05   2.2759800000E-05  -4.4772080000E-04
    3     -2.7294035600E-02  -5.8154168000E-03  -5.0141300000E-04   8.3281000000E-06   7.0392000000E-06
    4     -1.8165023600E-02  -2.9525322000E-03   3.0358700000E-05   5.3559640000E-04  -8.8827200000E-04
    5      6.5090885000E-03   3.6472615000E-03   7.8527000000E-06  -2.8730730000E-04  -7.1759440000E-04
    6      1.2445880800E-02  -7.2235658000E-03   3.1684850000E-04  -4.7049350000E-04  -7.0106690000E-04
    7      6.7217731000E-03  -4.1504953000E-03  -4.7317300000E-04  -2.3343250000E-04   4.0774180000E-04
    8     -3.3204618000E-03   4.0373801000E-03  -1.8791620000E-04   1.0852160000E-04  -7.7877610000E-04
    9      1.1156275510E-01  -7.1084965600E-02   2.5522120000E-04   4.6438990000E-04   7.7170820000E-04
   10      1.0796650980E-01  -3.9753581000E-02   4.4496300000E-04  -2.3130450000E-04   4.4005340000E-04
   11     -3.9753581000E-02   7.7305532900E-02   2.5390470000E-04   1.3740040000E-04  -7.1754780000E-04
   12      4.4496300000E-04   2.5390470000E-04   3.1268790000E-04  -4.3587000000E-06  -2.5267800000E-04
   13     -2.3130450000E-04   1.3740040000E-04  -4.3587000000E-06   3.0777210000E-04   1.4459520000E-04
   14      4.4005340000E-04  -7.1754780000E-04  -2.5267800000E-04   1.4459520000E-04   7.7876196000E-03
   15      6.6507340000E-04   2.8993893100E-02   9.8101970000E-04   3.9066000000E-06   2.0740330000E-04
   16      2.0869942000E-03   1.5635948000E-02   3.6725000000E-06   9.8371840000E-04  -1.2152710000E-04
   17      3.2018113000E-03  -2.6432700400E-02   2.0681740000E-04  -1.2596960000E-04  -5.1259804000E-03
                   15                 16                 17        
     0     -4.6457011700E-02   1.2154790000E-04   6.3030475000E-03
     1      1.2202920000E-04  -4.6305353800E-02  -3.6415589000E-03
     2      6.2790850000E-03  -3.6160753000E-03  -2.3399043420E-01
     3      1.5524887000E-03   1.1029490000E-03   9.3818560000E-04
     4      2.6742930000E-04   1.3373255000E-03  -8.0147268000E-03
     5      9.4711890000E-04  -3.2925262900E-02  -2.6431815200E-02
     6      3.1162668000E-03  -8.7608890000E-04  -5.4194886000E-03
     7     -8.8274160000E-04   2.0945445000E-03   3.1417145000E-03
     8     -2.6993739900E-02   1.5588187900E-02  -2.8706587800E-02
     9      7.9420600000E-04  -1.7638360000E-04   7.4051985000E-03
    10      6.6507340000E-04   2.0869942000E-03   3.2018113000E-03
    11      2.8993893100E-02   1.5635948000E-02  -2.6432700400E-02
    12      9.8101970000E-04   3.6725000000E-06   2.0681740000E-04
    13      3.9066000000E-06   9.8371840000E-04  -1.2596960000E-04
    14      2.0740330000E-04  -1.2152710000E-04  -5.1259804000E-03
    15      4.0013030500E-02  -1.7569680000E-04  -9.4337604000E-03
    16     -1.7569680000E-04   3.9802771300E-02   5.4387294000E-03
    17     -9.4337604000E-03   5.4387294000E-03   3.2068751800E-01

$vibrational_frequencies
18
    0        0.0000000000000000
    1        0.0000000000000000
    2        0.0000000000000000
    3        0.0000000000000000
    4        0.0000000000000000
    5        0.0000000000000000
    6       78.3546905343396958
    7       78.5347403606923535
    8      108.8327125561650632
    9      996.4833958919033421
   10     1090.8138269593102905
   11     1091.0455427189631337
   12     1377.1580949730714565
   13     1452.3604015777204950
   14     1452.4032257029030006
   15     3049.0483830190687513
   16     3053.8517179329182909
   17     3054.2439191298249170

$normal_modes
18 18
                    0                  1                  2                  3                  4        
    0      0.0000000000E+00   0.0000000000E+00   0.0000000000E+00   0.0000000000E+00   0.0000000000E+00
    1      0.0000000000E+00   0.0000000000E+00   0.0000000000E+00   0.0000000000E+00   0.0000000000E+00
    2      0.0000000000E+00   0.0000000000E+00   0.0000000000E+00   0.0000000000E+00   0.0000000000E+00
    3      0.0000000000E+00   0.0000000000E+00   0.0000000000E+00   0.0000000000E+00   0.0000000000E+00
    4      0.0000000000E+00   0.0000000000E+00   0.0000000000E+00   0.0000000000E+00   0.0000000000E+00
    5      0.0000000000E+00   0.0000000000E+00   0.0000000000E+00   0.0000000000E+00   0.0000000000E+00
    6      0.0000000000E+00   0.0000000000E+00   0.0000000000E+00   0.0000000000E+00   0.0000000000E+00
    7      0.0000000000E+00   0.0000000000E+00   0.0000000000E+00   0.0000000000E+00   0.0000000000E+00
    8      0.0000000000E+00   0.0000000000E+00   0.0000000000E+00   0.0000000000E+00   0.0000000000E+00
    9      0.0000000000E+00   0.0000000000E+00   0.0000000000E+00   0.0000000000E+00   0.0000000000E+00
   10      0.0000000000E+00   0.0000000000E+00   0.0000000000E+00   0.0000000000E+00   0.0000000000E+00
   11      0.0000000000E+00   0.0000000000E+00   0.0000000000E+00   0.0000000000E+00   0.0000000000E+00
   12      0.0000000000E+00   0.0000000000E+00   0.0000000000E+00   0.0000000000E+00   0.0000000000E+00
   13      0.0000000000E+00   0.0000000000E+00   0.0000000000E+00   0.0000000000E+00   0.0000000000E+00
   14      0.0000000000E+00   0.0000000000E+00   0.0000000000E+00   0.0000000000E+00   0.0000000000E+00
   15      0.0000000000E+00   0.0000000000E+00   0.0000000000E+00   0.0000000000E+00   0.0000000000E+00
   16      0.0000000000E+00   0.0000000000E+00   0.0000000000E+00   0.0000000000E+00   0.0000000000E+00
   17      0.0000000000E+00   0.0000000000E+00   0.0000000000E+00   0.0000000000E+00   0.0000000000E+00
                    5                  6                  7                  8                  9        
    0      0.0000000000E+00   2.9380252956E-01   1.4523745547E-01   1.3283821426E-02  -1.8056722244E-02
    1      0.0000000000E+00  -1.4510294337E-01   2.9404719158E-01  -6.8119930471E-03   1.0313982664E-02
    2      0.0000000000E+00   1.2254527021E-02  -5.3815919508E-04  -4.1398741736E-01   5.4888312314E-01
    3      0.0000000000E+00   3.9861362735E-01   2.1282926993E-01   1.2901410886E-02  -1.4495241080E-02
    4      0.0000000000E+00  -2.0154991040E-01   4.0842575096E-01  -5.1482916549E-03   1.7595927720E-02
    5      0.0000000000E+00   1.9037162111E-01  -3.5182054423E-01  -4.1081698590E-01   4.1677752502E-01
    6      0.0000000000E+00   4.2770411552E-01   1.9782841348E-01   1.3669634901E-02  -6.1341386394E-03
    7      0.0000000000E+00  -2.1322884132E-01   4.0455939766E-01  -6.7484254926E-03   3.8650765776E-03
    8      0.0000000000E+00  -3.7291690498E-01   2.4465905747E-02  -4.0771242922E-01   4.2088793421E-01
    9      0.0000000000E+00   4.0267489423E-01   1.9684514705E-01   1.1925559711E-02  -2.2660688555E-02
   10      0.0000000000E+00  -1.9214090309E-01   4.1681824837E-01  -6.7999192215E-03   3.9925287169E-03
   11      0.0000000000E+00   2.3438683083E-01   3.2466544665E-01  -4.0929359972E-01   4.1706455459E-01
   12      0.0000000000E+00  -4.8106295300E-02  -2.3768047023E-02  -1.3282503539E-02  -2.5176844016E-05
   13      0.0000000000E+00   2.3758747808E-02  -4.8137116116E-02   7.5297426768E-03   1.9514399960E-05
   14      0.0000000000E+00  -1.7148609268E-03  -1.1514970371E-04   3.9517774688E-01   7.0514370226E-04
   15      0.0000000000E+00  -1.6118403376E-01  -7.9701092729E-02   1.4346143830E-02   1.3759778626E-02
   16      0.0000000000E+00   7.9602462305E-02  -1.6132421647E-01  -8.7528639420E-03  -7.9076877083E-03
   17      0.0000000000E+00  -7.2980544767E-03   6.9780702765E-04  -4.1057943948E-01  -4.1490696419E-01
                   10                 11                 12                 13                 14        
    0      1.1875023205E-01   6.8552407932E-02  -3.8344665372E-03   6.0182925406E-03   6.4294276769E-02
    1     -6.8488057878E-02   1.1882818264E-01   2.1626069808E-03   6.4306217895E-02  -6.0283381777E-03
    2      4.9470179230E-03   2.8463038640E-05   1.1597861021E-01  -9.3366720657E-04   2.2798124668E-03
    3     -2.1142584313E-01  -1.5124316881E-01   1.7975534253E-02  -5.8116778501E-02  -7.3707005607E-01
    4      6.6531142677E-02  -1.1571656905E-01   1.9104131027E-01   1.1979715326E-01  -1.1366088182E-02
    5     -3.8351379942E-01   6.4777203859E-01  -5.4025038881E-01  -3.2095185993E-01   4.8910907098E-03
    6     -1.5373386265E-01  -1.2959345596E-01   1.9277066743E-01  -3.8614944143E-01  -4.5157632576E-02
    7      8.8564163543E-02  -2.2457030565E-01  -1.1073240019E-01  -5.5328408233E-01  -3.3018244761E-01
    8      7.4431812226E-01  -3.4345446761E-04  -5.2819255927E-01   1.2970248970E-01  -2.8356605939E-01
    9     -1.6326144007E-01  -2.4461727323E-02  -1.5689015644E-01   3.5832355272E-01  -1.3312372806E-01
   10      1.4965210496E-01  -1.8887422821E-01  -1.1071433977E-01  -4.8226372101E-01   4.2715706140E-01
   11     -3.8411289167E-01  -6.4723780679E-01  -5.4076009319E-01   2.0494098871E-01   2.4635075929E-01
   12     -2.5440974631E-04  -1.4544455756E-04  -6.8285341219E-06   2.3588010432E-05   2.4832231384E-04
   13      1.4599489052E-04  -2.5081014503E-04   4.9064791773E-06   2.4970872809E-04  -2.3105871875E-05
   14     -1.0171689653E-05  -6.7320821343E-07   2.1909833864E-04  -4.9201831161E-06   8.7756588087E-06
   15     -4.6564950702E-02  -2.6870501467E-02  -4.2051921328E-04   7.1103437773E-04   7.4550952088E-03
   16      2.6858022731E-02  -4.6581689538E-02   2.3684868270E-04   7.4661410995E-03  -6.8785406279E-04
   17     -1.8719327288E-03  -2.6861030266E-05   1.1648062165E-02  -1.2698385954E-04   2.5733509276E-04
                   15                 16                 17        
     0     -5.4474386975E-03   4.4088000427E-02  -7.7739388554E-02
     1      2.9991244048E-03   7.7993310701E-02   4.3948619420E-02
     2      3.8551272208E-02   4.9798116461E-06  -5.6719695928E-03
     3      3.7217342156E-03   2.9576949086E-02  -3.5089631924E-02
     4     -5.7225088190E-01  -6.7301743261E-01  -3.4832629118E-01
     5     -1.6827069267E-01  -2.1715100333E-01  -1.1505769811E-01
     6     -4.3529437533E-01   2.8045355112E-02   6.8032051471E-01
     7      2.5137048251E-01   3.5683220775E-02  -3.9336716872E-01
     8     -1.7851181632E-01   2.5338205509E-03   3.0537941924E-01
     9      4.9913187252E-01  -5.9093377906E-01   2.9503794374E-01
    10      2.8369178723E-01  -3.0611870982E-01   2.1012606476E-01
    11     -1.6887656647E-01   2.1450616166E-01  -1.1899813295E-01
    12     -2.0886790974E-06  -2.7003445293E-05   4.7492252818E-05
    13      6.7008872695E-07  -4.7859659563E-05  -2.6837174396E-05
    14      1.4247324470E-04   1.6205929574E-07  -5.7056767595E-06
    15     -1.3667065596E-04   4.7343650289E-04  -8.2887272611E-04
    16      7.5791197644E-05   8.3796498093E-04   4.6870853670E-04
    17      2.7210187195E-03   2.4397978468E-06  -1.8769695466E-04

#
# The atoms: label  mass x y z (in bohrs)
#
$atoms
6
 C     12.01100      0.077356220089    -0.044663391975    -2.260901821605
 H      1.00800      0.055984196507     1.911556821127    -1.639715064253
 H      1.00800      1.736898819618    -1.003048968352    -1.526039491122
 H      1.00800     -1.627681983955    -1.003882829246    -1.639716985110
 Cl    35.45300     -0.119213903477     0.068835790481     3.514045712025
 F     18.99800      0.164798521952    -0.095159769588    -4.873347485858

$actual_temperature
  0.000000

$frequency_scale_factor
  1.000000


$end

