
$orca_hessian_file

$act_atom
  0

$act_coord
  0

$act_energy
      -13.146556

$multiplicity
  1

$hessian
18
                    0                  1                  2                  3                  4        
    0      4.0910890900E-01   4.2878879000E-02  -4.1544035200E-02  -4.1906865900E-02   1.5370764300E-02
    1      4.2878879000E-02   4.5915122820E-01   2.3991646200E-02   2.2636065800E-02  -2.8667456540E-01
    2     -4.1544035200E-02   2.3991646200E-02   3.2812643510E-01   2.4906373000E-03  -8.4045126000E-03
    3     -4.1906865900E-02   2.2636065800E-02   2.4906373000E-03   4.5502163100E-02  -1.9711576800E-02
    4      1.5370764300E-02  -2.8667456540E-01  -8.4045126000E-03  -1.9711576800E-02   3.2181352060E-01
    5      1.5048574000E-03  -1.1698763500E-02  -3.8086027900E-02   4.0652179000E-03   3.5533769000E-03
    6     -7.8763195200E-02   2.1862571700E-02   6.1883355200E-02   1.8974070000E-04  -3.8807950000E-04
    7      2.1855108000E-02  -5.3069578700E-02  -3.5430898100E-02   1.3865360800E-02  -1.0090551900E-02
    8      5.9530421700E-02  -3.4065761100E-02  -1.2934515120E-01  -1.5007540000E-04   3.8271300000E-04
    9     -2.4106229250E-01  -1.0085531950E-01   8.0859298000E-03   3.4860150000E-04  -1.4716558000E-03
   10     -9.3616948200E-02  -8.7609612400E-02   1.9552658000E-03  -3.0584500200E-02  -1.8348633300E-02
   11      1.0562458000E-02   4.4325182000E-03  -3.8041933900E-02  -1.2641413000E-03  -2.0364000000E-03
   12     -4.5865324200E-02   1.0926650600E-02  -4.0346521900E-02  -3.4358745000E-03   5.5009454000E-03
   13      1.0936927400E-02  -3.3239656900E-02   2.3270105200E-02   1.3771853800E-02  -7.2213703000E-03
   14     -4.2574514500E-02   2.4536717100E-02  -9.7988740000E-02  -6.6645618000E-03   8.3251211000E-03
   15     -1.5112312000E-03   2.5511524000E-03   9.4306348000E-03  -6.9776490000E-04   6.9960240000E-04
   16      2.5752695000E-03   1.4421852000E-03  -5.3816065000E-03   2.2796600000E-05   5.2160040000E-04
   17      1.2520812500E-02  -7.1963569000E-03  -2.4664582000E-02   1.5229233000E-03  -1.8202985000E-03
                    5                  6                  7                  8                  9        
    0      1.5048574000E-03  -7.8763195200E-02   2.1855108000E-02   5.9530421700E-02  -2.4106229250E-01
    1     -1.1698763500E-02   2.1862571700E-02  -5.3069578700E-02  -3.4065761100E-02  -1.0085531950E-01
    2     -3.8086027900E-02   6.1883355200E-02  -3.5430898100E-02  -1.2934515120E-01   8.0859298000E-03
    3      4.0652179000E-03   1.8974070000E-04   1.3865360800E-02  -1.5007540000E-04   3.4860150000E-04
    4      3.5533769000E-03  -3.8807950000E-04  -1.0090551900E-02   3.8271300000E-04  -1.4716558000E-03
    5      4.5972182500E-02   4.3332980000E-04  -1.8488159200E-02   2.7980049000E-03   1.1242000000E-03
    6      4.3332980000E-04   9.4326568700E-02  -2.4640719400E-02  -6.2022103600E-02  -1.3352320500E-02
    7     -1.8488159200E-02  -2.4640719400E-02   6.5370870900E-02   3.5490947700E-02  -8.2978451000E-03
    8      2.7980049000E-03  -6.2022103600E-02   3.5490947700E-02   1.3301907830E-01  -4.3850370000E-04
    9      1.1242000000E-03  -1.3352320500E-02  -8.2978451000E-03  -4.3850370000E-04   2.6878996590E-01
   10      2.0691121000E-03   5.9348786000E-03   3.4390733000E-03  -6.2444000000E-05   1.1066441720E-01
   11      1.0278896000E-03   1.6187920100E-02   8.9470133000E-03   2.8221558000E-03  -6.7941330000E-04
   12     -7.8607327000E-03   3.7967994000E-03  -1.9485608000E-03   4.1940301000E-03  -1.4591863200E-02
   13      2.4605365200E-02  -1.9326649000E-03   1.5180216000E-03  -2.3933601000E-03  -1.0754718000E-03
   14     -9.5377406000E-03  -1.1804911400E-02   6.7997988000E-03  -1.0045247400E-02  -1.0443118700E-02
   15      7.3312750000E-04  -6.1975930000E-03  -8.3334370000E-04  -1.1137691000E-03  -1.3209110000E-04
   16     -4.0931500000E-05  -8.3598650000E-04  -7.1678352000E-03   6.4790450000E-04   1.0358749000E-03
   17     -2.1743085000E-03  -4.6775900000E-03   2.6812975000E-03   7.5115950000E-04   2.3509059000E-03
                   10                 11                 12                 13                 14        
    0     -9.3616948200E-02   1.0562458000E-02  -4.5865324200E-02   1.0936927400E-02  -4.2574514500E-02
    1     -8.7609612400E-02   4.4325182000E-03   1.0926650600E-02  -3.3239656900E-02   2.4536717100E-02
    2      1.9552658000E-03  -3.8041933900E-02  -4.0346521900E-02   2.3270105200E-02  -9.7988740000E-02
    3     -3.0584500200E-02  -1.2641413000E-03  -3.4358745000E-03   1.3771853800E-02  -6.6645618000E-03
    4     -1.8348633300E-02  -2.0364000000E-03   5.5009454000E-03  -7.2213703000E-03   8.3251211000E-03
    5      2.0691121000E-03   1.0278896000E-03  -7.8607327000E-03   2.4605365200E-02  -9.5377406000E-03
    6      5.9348786000E-03   1.6187920100E-02   3.7967994000E-03  -1.9326649000E-03  -1.1804911400E-02
    7      3.4390733000E-03   8.9470133000E-03  -1.9485608000E-03   1.5180216000E-03   6.7997988000E-03
    8     -6.2444000000E-05   2.8221558000E-03   4.1940301000E-03  -2.3933601000E-03  -1.0045247400E-02
    9      1.1066441720E-01  -6.7941330000E-04  -1.4591863200E-02  -1.0754718000E-03  -1.0443118700E-02
   10      9.8612924100E-02  -5.1341845000E-03   7.2385335000E-03   3.9928461000E-03   1.5626087000E-03
   11     -5.1341845000E-03   4.5953383300E-02  -2.5209573800E-02  -5.5966229000E-03  -9.5939473000E-03
   12      7.2385335000E-03  -2.5209573800E-02   5.9488857600E-02  -2.1705736500E-02   6.8522509300E-02
   13      3.9928461000E-03  -5.5966229000E-03  -2.1705736500E-02   3.4331611600E-02  -3.9481471400E-02
   14      1.5626087000E-03  -9.5939473000E-03   6.8522509300E-02  -3.9481471400E-02   1.3116399300E-01
   15      3.6361920000E-04   4.0275030000E-04   6.0740490000E-04   5.0920000000E-06   2.9645971000E-03
   16     -8.6597800000E-05  -6.1232410000E-04  -1.1832200000E-05   6.1854790000E-04  -1.7427743000E-03
   17     -3.9035810000E-04  -2.1675475000E-03   7.0028890000E-04  -4.0401600000E-04  -3.9983176000E-03
                   15                 16                 17        
     0     -1.5112312000E-03   2.5752695000E-03   1.2520812500E-02
     1      2.5511524000E-03   1.4421852000E-03  -7.1963569000E-03
     2      9.4306348000E-03  -5.3816065000E-03  -2.4664582000E-02
     3     -6.9776490000E-04   2.2796600000E-05   1.5229233000E-03
     4      6.9960240000E-04   5.2160040000E-04  -1.8202985000E-03
     5      7.3312750000E-04  -4.0931500000E-05  -2.1743085000E-03
     6     -6.1975930000E-03  -8.3598650000E-04  -4.6775900000E-03
     7     -8.3334370000E-04  -7.1678352000E-03   2.6812975000E-03
     8     -1.1137691000E-03   6.4790450000E-04   7.5115950000E-04
     9     -1.3209110000E-04   1.0358749000E-03   2.3509059000E-03
    10      3.6361920000E-04  -8.6597800000E-05  -3.9035810000E-04
    11      4.0275030000E-04  -6.1232410000E-04  -2.1675475000E-03
    12      6.0740490000E-04  -1.1832200000E-05   7.0028890000E-04
    13      5.0920000000E-06   6.1854790000E-04  -4.0401600000E-04
    14      2.9645971000E-03  -1.7427743000E-03  -3.9983176000E-03
    15      7.9312753000E-03  -2.7861223000E-03  -1.2417340600E-02
    16     -2.7861223000E-03   4.6720996000E-03   7.1297319000E-03
    17     -1.2417340600E-02   7.1297319000E-03   3.2253596200E-02

$vibrational_frequencies
18
    0        0.0000000000000000
    1        0.0000000000000000
    2        0.0000000000000000
    3        0.0000000000000000
    4        0.0000000000000000
    5        0.0000000000000000
    6      113.4824209363330425
    7      320.1344053575632529
    8      349.1526893499035964
    9      681.5882958051240621
   10     1007.1380781007050018
   11     1045.7928787285302406
   12     1325.0459493214468694
   13     1394.2364551600646791
   14     1432.5409862314199927
   15     2339.1872507387638507
   16     3011.2792411260584231
   17     3017.4203607770068629

$normal_modes
18 18
                    0                  1                  2                  3                  4        
    0      0.0000000000E+00   0.0000000000E+00   0.0000000000E+00   0.0000000000E+00   0.0000000000E+00
    1      0.0000000000E+00   0.0000000000E+00   0.0000000000E+00   0.0000000000E+00   0.0000000000E+00
    2      0.0000000000E+00   0.0000000000E+00   0.0000000000E+00   0.0000000000E+00   0.0000000000E+00
    3      0.0000000000E+00   0.0000000000E+00   0.0000000000E+00   0.0000000000E+00   0.0000000000E+00
    4      0.0000000000E+00   0.0000000000E+00   0.0000000000E+00   0.0000000000E+00   0.0000000000E+00
    5      0.0000000000E+00   0.0000000000E+00   0.0000000000E+00   0.0000000000E+00   0.0000000000E+00
    6      0.0000000000E+00   0.0000000000E+00   0.0000000000E+00   0.0000000000E+00   0.0000000000E+00
    7      0.0000000000E+00   0.0000000000E+00   0.0000000000E+00   0.0000000000E+00   0.0000000000E+00
    8      0.0000000000E+00   0.0000000000E+00   0.0000000000E+00   0.0000000000E+00   0.0000000000E+00
    9      0.0000000000E+00   0.0000000000E+00   0.0000000000E+00   0.0000000000E+00   0.0000000000E+00
   10      0.0000000000E+00   0.0000000000E+00   0.0000000000E+00   0.0000000000E+00   0.0000000000E+00
   11      0.0000000000E+00   0.0000000000E+00   0.0000000000E+00   0.0000000000E+00   0.0000000000E+00
   12      0.0000000000E+00   0.0000000000E+00   0.0000000000E+00   0.0000000000E+00   0.0000000000E+00
   13      0.0000000000E+00   0.0000000000E+00   0.0000000000E+00   0.0000000000E+00   0.0000000000E+00
   14      0.0000000000E+00   0.0000000000E+00   0.0000000000E+00   0.0000000000E+00   0.0000000000E+00
   15      0.0000000000E+00   0.0000000000E+00   0.0000000000E+00   0.0000000000E+00   0.0000000000E+00
   16      0.0000000000E+00   0.0000000000E+00   0.0000000000E+00   0.0000000000E+00   0.0000000000E+00
   17      0.0000000000E+00   0.0000000000E+00   0.0000000000E+00   0.0000000000E+00   0.0000000000E+00
                    5                  6                  7                  8                  9        
    0      0.0000000000E+00  -3.2549394728E-01  -2.7299279684E-01   4.8064107847E-02   2.4160324918E-01
    1      0.0000000000E+00   1.8730357425E-01   1.5699232571E-01   8.2972661729E-02  -1.3943809638E-01
    2      0.0000000000E+00   8.4852451002E-02   2.3836507636E-01   2.7372816463E-04   4.9819776475E-01
    3      0.0000000000E+00  -3.1322918907E-01  -2.5750661151E-01  -4.9503019713E-01   1.8952616530E-01
    4      0.0000000000E+00   1.8579301761E-01   1.5204760437E-01   2.9482358539E-02  -1.2088627689E-01
    5      0.0000000000E+00   2.5432156077E-01   3.7917012944E-01   3.0735149981E-01   2.8829156654E-01
    6      0.0000000000E+00  -4.3569722574E-01  -3.9378302140E-01   2.7639931583E-01   2.3026442340E-01
    7      0.0000000000E+00   2.5145090270E-01   2.2694321445E-01   4.8074589279E-01  -1.3501571398E-01
    8      0.0000000000E+00  -2.8930951420E-02   1.4445027075E-01   7.8096669014E-04   5.3476340751E-01
    9      0.0000000000E+00  -3.1750903632E-01  -2.6061328415E-01   2.7584427209E-01   1.9848410555E-01
   10      0.0000000000E+00   1.7592167236E-01   1.4511079520E-01  -4.1253173960E-01  -1.0075485279E-01
   11      0.0000000000E+00   2.5303878185E-01   3.7839946125E-01  -3.0792403491E-01   2.9085960355E-01
   12      0.0000000000E+00   8.7101601245E-02   3.2277903658E-02  -7.1604380922E-03  -1.0253020490E-01
   13      0.0000000000E+00  -5.0014847148E-02  -1.8607134663E-02  -1.2256879665E-02   5.9075367661E-02
   14      0.0000000000E+00  -2.3329662747E-01   7.1597093552E-02  -7.1930003167E-05  -1.8448505275E-01
   15      0.0000000000E+00   9.9824279745E-02   1.6074145199E-01  -2.0060537192E-02   5.7840739465E-03
   16      0.0000000000E+00  -5.7616473931E-02  -9.2338693852E-02  -3.4767847620E-02  -3.1633822328E-03
   17      0.0000000000E+00   3.5633465197E-01  -3.3217026583E-01  -4.9884915549E-05  -2.9799487916E-02
                   10                 11                 12                 13                 14        
    0      8.2008415964E-02  -5.3074027720E-02   3.5289334955E-02   3.0502655236E-02   6.1107027873E-02
    1     -4.6702449504E-02  -9.2963167859E-02  -2.0366959922E-02   5.3179512045E-02  -3.5076342968E-02
    2     -4.1250096733E-02  -1.4749837888E-04   1.0091115133E-01   5.3005110379E-05  -1.3968746469E-02
    3     -2.0338599544E-02   3.7870094832E-01  -1.0126609686E-01  -1.4116657579E-01  -6.8801671025E-01
    4     -4.4530005907E-02  -4.7697480976E-02  -9.7900680903E-03   2.0659063492E-03  -5.9864917156E-02
    5      4.6652642078E-01   5.4969043772E-01  -5.1303325424E-01   3.9302200933E-01   2.6717932876E-02
    6     -4.4114824899E-01   1.5248925144E-01  -4.6856812075E-01  -4.0029518052E-01   1.4985379042E-01
    7      2.5272835233E-01   2.6800767602E-01   2.6920928740E-01  -6.9801551651E-01  -8.5899430139E-02
    8     -5.3677399257E-01  -9.0325439111E-04  -3.8565399886E-01  -6.5912091463E-04   9.8142426397E-02
    9      2.8979113714E-02  -2.3151666632E-01  -4.2250141230E-02   7.3110877517E-02  -2.9527912829E-01
   10      3.7808583988E-02   3.0400670613E-01   9.3286711641E-02  -1.2003749437E-01   6.2429224620E-01
   11      4.6905975026E-01  -5.4693922671E-01  -5.1312572766E-01  -3.9318161539E-01   2.7618519586E-02
   12     -1.7687060716E-02   1.0345120856E-02   3.9645475009E-03   1.7022735703E-03   3.1870486307E-03
   13      1.0089520570E-02   1.8145800355E-02  -2.2776590935E-03   2.9537714873E-03  -1.8321264129E-03
   14      5.5694400205E-04  -4.9815975171E-06   4.8129178120E-03   6.9253728553E-06   9.4855275172E-04
   15      4.1069626341E-03  -1.6509287541E-03   2.7669085704E-03   2.3886508523E-03  -3.5989906236E-04
   16     -2.3547551122E-03  -2.9084054753E-03  -1.5870183667E-03   4.1612707471E-03   2.0529587406E-04
   17      3.8797189314E-03   4.4991756001E-06   2.1281856408E-03  -2.9946747406E-06  -1.0290102514E-03
                   15                 16                 17        
     0     -4.1031260812E-02  -5.0911370059E-02   4.7122043604E-02
     1      2.3474660286E-02   3.1960943546E-02   7.8814892725E-02
     2      6.7247073039E-02   4.9058091175E-03  -3.8166867318E-05
     3     -1.4207437556E-02   2.4183613513E-02   7.4352073134E-02
     4      4.1665278139E-02  -7.2296352946E-01  -6.8010131257E-01
     5      6.9797412282E-03  -5.9788394409E-03  -1.6230089384E-02
     6      5.5580119860E-01   3.0051394958E-03   1.8618509208E-02
     7     -3.1805806465E-01  -5.6427119907E-04   3.2602290395E-02
     8     -7.6104391483E-01  -2.6071816973E-02   7.5472629806E-04
     9     -4.3173634806E-02   6.0352261221E-01  -6.5833269830E-01
    10     -8.7345528682E-03   3.2881339553E-01  -2.9695868317E-01
    11      7.0135315044E-03  -4.1810307829E-03   1.5544788343E-02
    12     -6.4479416530E-05  -6.6128100709E-04   1.5656428872E-04
    13      3.7677372122E-05   3.8645913584E-04   2.3589101386E-04
    14     -6.3817845755E-04  -7.6775493424E-04   1.5427148748E-05
    15     -3.8398909799E-04  -4.2962143887E-05  -8.6773690297E-05
    16      2.1678268890E-04   1.5164317240E-05  -1.5766678879E-04
    17     -1.6871358133E-03   2.5355737799E-04  -8.3428318914E-06

#
# The atoms: label  mass x y z (in bohrs)
#
$atoms
6
 C     12.01100     -1.341649978867     0.771568844425    -0.186290724181
 H      1.00800     -1.520857997092     2.818643032124    -0.156703743502
 H      1.00800     -0.256151485733     0.150097688645    -1.924750235476
 H      1.00800     -3.199713496975    -0.106133169667    -0.159586744921
 Cl    35.45300      0.193282504064    -0.112229542106     2.659551244553
 F     18.99800      0.751587011435    -0.430253071146    -4.726421904165

$actual_temperature
  0.000000

$frequency_scale_factor
  1.000000


$end

