*************************************************
******************* ORCA 6.1.0 ******************
*************************************************
$Calculation_Status
   &GeometryIndex 0
   &version [&Type "String"] "6.1.0"
   &progName [&Type "String"] "orca"
   &Status [&Type "String"] "NORMAL TERMINATION"
$End
$Geometry
   &GeometryIndex 1
   &NAtoms [&Type "Integer"] 6
   &NCorelessECP [&Type "Integer"] 0
   &NGhostAtoms [&Type "Integer"] 0
   &CartesianCoordinates [&Type "Coordinates", &Dim(6,4), &Units "Bohr"] 
              C     -0.618205007451    0.361878775194    0.626708775054
              H     -0.797866940181    2.407254091861    0.558431080109
              H      0.537988022792   -0.299156875083   -1.032967768502
              H     -2.473781900406   -0.516662463371    0.553351496261
              Cl     0.706239789126   -0.402369937065    3.613779977682
              F      1.198381166183   -0.683740709775   -4.030903006674
$End
$Single_Point_Data
   &GeometryIndex 1
   &FinalEnergy [&Type "Double"]      -1.3146076775759999e+01  "Final single point energy"
   &Converged [&Type "Boolean"] true
$End
$Geometry
   &GeometryIndex 2
   &NAtoms [&Type "Integer"] 6
   &NCorelessECP [&Type "Integer"] 0
   &NGhostAtoms [&Type "Integer"] 0
   &CartesianCoordinates [&Type "Coordinates", &Dim(6,4), &Units "Bohr"] 
              C     -0.628504947707    0.367638693497    0.624538820301
              H     -0.809072751252    2.413765509764    0.568554789490
              H      0.524255399034   -0.291455487207   -1.039617172454
              H     -2.485456338764   -0.510111474282    0.563841809570
              Cl     0.726362611930   -0.413804049733    3.593170858726
              F      1.225171156823   -0.698830310278   -4.022088551705
$End
$Single_Point_Data
   &GeometryIndex 2
   &FinalEnergy [&Type "Double"]      -1.3146178819190000e+01  "Final single point energy"
   &Converged [&Type "Boolean"] true
$End
$Geometry
   &GeometryIndex 3
   &NAtoms [&Type "Integer"] 6
   &NCorelessECP [&Type "Integer"] 0
   &NGhostAtoms [&Type "Integer"] 0
   &CartesianCoordinates [&Type "Coordinates", &Dim(6,4), &Units "Bohr"] 
              C     -0.685636665627    0.399644350677    0.609478869084
              H     -0.867674472102    2.446277580503    0.626935585892
              H      0.437634859786   -0.242824610794   -1.088422806911
              H     -2.544867629772   -0.475028923697    0.624249379356
              Cl     0.837799214242   -0.477276603179    3.464633030661
              F      1.375499823536   -0.783588911750   -3.948473504153
$End
$Single_Point_Data
   &GeometryIndex 3
   &FinalEnergy [&Type "Double"]      -1.3146475618240000e+01  "Final single point energy"
   &Converged [&Type "Boolean"] true
$End
$Geometry
   &GeometryIndex 4
   &NAtoms [&Type "Integer"] 6
   &NCorelessECP [&Type "Integer"] 0
   &NGhostAtoms [&Type "Integer"] 0
   &CartesianCoordinates [&Type "Coordinates", &Dim(6,4), &Units "Bohr"] 
              C     -0.688667376261    0.401405817175    0.609169942478
              H     -0.869511675324    2.447996650442    0.632705490519
              H      0.426313854278   -0.236453094908   -1.098466531334
              H     -2.547239037406   -0.474281866732    0.630059606938
              Cl     0.843659238086   -0.480647395773    3.457819792941
              F      1.388200126689   -0.790817228442   -3.942887747614
$End
$Single_Point_Data
   &GeometryIndex 4
   &FinalEnergy [&Type "Double"]      -1.3146504670500001e+01  "Final single point energy"
   &Converged [&Type "Boolean"] true
$End
$Geometry
   &GeometryIndex 5
   &NAtoms [&Type "Integer"] 6
   &NCorelessECP [&Type "Integer"] 0
   &NGhostAtoms [&Type "Integer"] 0
   &CartesianCoordinates [&Type "Coordinates", &Dim(6,4), &Units "Bohr"] 
              C     -0.690052679705    0.402409591160    0.609004438031
              H     -0.867141096455    2.449253421212    0.642894825887
              H      0.395700266363   -0.219200597222   -1.129151076958
              H     -2.546817848363   -0.476989840600    0.640066202020
              Cl     0.850631462954   -0.484707878739    3.451365710425
              F      1.410435025269   -0.803561814051   -3.925779545476
$End
$Single_Point_Data
   &GeometryIndex 5
   &FinalEnergy [&Type "Double"]      -1.3146555082590000e+01  "Final single point energy"
   &Converged [&Type "Boolean"] true
$End
$Geometry
   &GeometryIndex 6
   &NAtoms [&Type "Integer"] 6
   &NCorelessECP [&Type "Integer"] 0
   &NGhostAtoms [&Type "Integer"] 0
   &CartesianCoordinates [&Type "Coordinates", &Dim(6,4), &Units "Bohr"] 
              C     -0.688230798508    0.401378310534    0.610183782011
              H     -0.866235703055    2.448366657449    0.641342430378
              H      0.397787001516   -0.220385391569   -1.127963130499
              H     -2.545589423742   -0.477339815373    0.638461281675
              Cl     0.847914140661   -0.483141805069    3.455665972804
              F      1.407109913191   -0.801675074211   -3.929289782440
$End
$Single_Point_Data
   &GeometryIndex 6
   &FinalEnergy [&Type "Double"]      -1.3146555904450000e+01  "Final single point energy"
   &Converged [&Type "Boolean"] true
$End
$Geometry
   &GeometryIndex 7
   &NAtoms [&Type "Integer"] 6
   &NCorelessECP [&Type "Integer"] 0
   &NGhostAtoms [&Type "Integer"] 0
   &CartesianCoordinates [&Type "Coordinates", &Dim(6,4), &Units "Bohr"] 
              C     -0.687273549995    0.400820361006    0.610809719422
              H     -0.866481568220    2.447894548705    0.640396700101
              H      0.398224943139   -0.220650794774   -1.127649791872
              H     -2.545337068103   -0.476881653086    0.637513698682
              Cl     0.847658932936   -0.482978025524    3.456651688157
              F      1.405963440307   -0.801001554565   -3.929321460562
$End
$Single_Point_Data
   &GeometryIndex 7
   &FinalEnergy [&Type "Double"]      -1.3146556313600000e+01  "Final single point energy"
   &Converged [&Type "Boolean"] true
$End
$Hessian
   &GeometryIndex 7
   &HESSIAN [&Type "ArrayOfDoubles", &Dim (18,18)] "The Hessian"
                                                         0                           1                           2                           3                           4                           5                           6                           7

0                                      4.0910890900000002e-01         4.2878879000000002e-02        -4.1544035200000003e-02        -4.1906865900000000e-02         1.5370764300000001e-02         1.5048574000000000e-03        -7.8763195199999997e-02         2.1855108000000002e-02
1                                      4.2878879000000002e-02         4.5915122819999998e-01         2.3991646200000001e-02         2.2636065800000001e-02        -2.8667456540000003e-01        -1.1698763500000001e-02         2.1862571700000000e-02        -5.3069578700000002e-02
2                                     -4.1544035200000003e-02         2.3991646200000001e-02         3.2812643510000000e-01         2.4906373000000001e-03        -8.4045126000000005e-03        -3.8086027900000000e-02         6.1883355199999997e-02        -3.5430898099999997e-02
3                                     -4.1906865900000000e-02         2.2636065800000001e-02         2.4906373000000001e-03         4.5502163100000000e-02        -1.9711576799999998e-02         4.0652179000000002e-03         1.8974070000000000e-04         1.3865360800000000e-02
4                                      1.5370764300000001e-02        -2.8667456540000003e-01        -8.4045126000000005e-03        -1.9711576799999998e-02         3.2181352060000001e-01         3.5533768999999999e-03        -3.8807950000000000e-04        -1.0090551900000000e-02
5                                      1.5048574000000000e-03        -1.1698763500000001e-02        -3.8086027900000000e-02         4.0652179000000002e-03         3.5533768999999999e-03         4.5972182500000000e-02         4.3332979999999999e-04        -1.8488159200000000e-02
6                                     -7.8763195199999997e-02         2.1862571700000000e-02         6.1883355199999997e-02         1.8974070000000000e-04        -3.8807950000000000e-04         4.3332979999999999e-04         9.4326568700000002e-02        -2.4640719400000000e-02
7                                      2.1855108000000002e-02        -5.3069578700000002e-02        -3.5430898099999997e-02         1.3865360800000000e-02        -1.0090551900000000e-02        -1.8488159200000000e-02        -2.4640719400000000e-02         6.5370870900000003e-02
8                                      5.9530421700000002e-02        -3.4065761100000001e-02        -1.2934515120000001e-01        -1.5007540000000000e-04         3.8271300000000002e-04         2.7980049000000001e-03        -6.2022103600000003e-02         3.5490947699999997e-02
9                                     -2.4106229250000000e-01        -1.0085531950000000e-01         8.0859298000000007e-03         3.4860149999999999e-04        -1.4716557999999999e-03         1.1241999999999999e-03        -1.3352320500000001e-02        -8.2978450999999995e-03
10                                    -9.3616948199999994e-02        -8.7609612399999995e-02         1.9552658000000001e-03        -3.0584500200000000e-02        -1.8348633300000000e-02         2.0691121000000002e-03         5.9348786000000004e-03         3.4390733000000001e-03
11                                     1.0562458000000000e-02         4.4325181999999999e-03        -3.8041933899999998e-02        -1.2641413000000000e-03        -2.0363999999999998e-03         1.0278895999999999e-03         1.6187920099999999e-02         8.9470133000000007e-03
12                                    -4.5865324200000002e-02         1.0926650600000001e-02        -4.0346521900000001e-02        -3.4358745000000000e-03         5.5009454000000003e-03        -7.8607326999999994e-03         3.7967994000000001e-03        -1.9485608000000001e-03
13                                     1.0936927399999999e-02        -3.3239656899999998e-02         2.3270105199999998e-02         1.3771853800000001e-02        -7.2213703000000001e-03         2.4605365200000000e-02        -1.9326649000000000e-03         1.5180216000000000e-03
14                                    -4.2574514500000001e-02         2.4536717100000001e-02        -9.7988740000000005e-02        -6.6645617999999997e-03         8.3251210999999992e-03        -9.5377406000000005e-03        -1.1804911400000000e-02         6.7997988000000004e-03
15                                    -1.5112312000000001e-03         2.5511523999999998e-03         9.4306348000000005e-03        -6.9776490000000000e-04         6.9960240000000004e-04         7.3312750000000004e-04        -6.1975930000000004e-03        -8.3334369999999997e-04
16                                     2.5752695000000000e-03         1.4421852000000000e-03        -5.3816065000000003e-03         2.2796600000000001e-05         5.2160040000000002e-04        -4.0931499999999999e-05        -8.3598650000000000e-04        -7.1678352000000001e-03
17                                     1.2520812500000001e-02        -7.1963569000000000e-03        -2.4664582000000001e-02         1.5229232999999999e-03        -1.8202985000000001e-03        -2.1743085000000000e-03        -4.6775899999999997e-03         2.6812975000000002e-03
                                                         8                           9                          10                          11                          12                          13                          14                          15

0                                      5.9530421700000002e-02        -2.4106229250000000e-01        -9.3616948199999994e-02         1.0562458000000000e-02        -4.5865324200000002e-02         1.0936927399999999e-02        -4.2574514500000001e-02        -1.5112312000000001e-03
1                                     -3.4065761100000001e-02        -1.0085531950000000e-01        -8.7609612399999995e-02         4.4325181999999999e-03         1.0926650600000001e-02        -3.3239656899999998e-02         2.4536717100000001e-02         2.5511523999999998e-03
2                                     -1.2934515120000001e-01         8.0859298000000007e-03         1.9552658000000001e-03        -3.8041933899999998e-02        -4.0346521900000001e-02         2.3270105199999998e-02        -9.7988740000000005e-02         9.4306348000000005e-03
3                                     -1.5007540000000000e-04         3.4860149999999999e-04        -3.0584500200000000e-02        -1.2641413000000000e-03        -3.4358745000000000e-03         1.3771853800000001e-02        -6.6645617999999997e-03        -6.9776490000000000e-04
4                                      3.8271300000000002e-04        -1.4716557999999999e-03        -1.8348633300000000e-02        -2.0363999999999998e-03         5.5009454000000003e-03        -7.2213703000000001e-03         8.3251210999999992e-03         6.9960240000000004e-04
5                                      2.7980049000000001e-03         1.1241999999999999e-03         2.0691121000000002e-03         1.0278895999999999e-03        -7.8607326999999994e-03         2.4605365200000000e-02        -9.5377406000000005e-03         7.3312750000000004e-04
6                                     -6.2022103600000003e-02        -1.3352320500000001e-02         5.9348786000000004e-03         1.6187920099999999e-02         3.7967994000000001e-03        -1.9326649000000000e-03        -1.1804911400000000e-02        -6.1975930000000004e-03
7                                      3.5490947699999997e-02        -8.2978450999999995e-03         3.4390733000000001e-03         8.9470133000000007e-03        -1.9485608000000001e-03         1.5180216000000000e-03         6.7997988000000004e-03        -8.3334369999999997e-04
8                                      1.3301907830000001e-01        -4.3850369999999999e-04        -6.2444000000000000e-05         2.8221558000000001e-03         4.1940301000000001e-03        -2.3933600999999998e-03        -1.0045247400000000e-02        -1.1137690999999999e-03
9                                     -4.3850369999999999e-04         2.6878996589999998e-01         1.1066441720000000e-01        -6.7941330000000002e-04        -1.4591863199999999e-02        -1.0754718000000000e-03        -1.0443118700000000e-02        -1.3209110000000001e-04
10                                    -6.2444000000000000e-05         1.1066441720000000e-01         9.8612924099999999e-02        -5.1341844999999997e-03         7.2385334999999999e-03         3.9928461000000000e-03         1.5626087000000001e-03         3.6361919999999999e-04
11                                     2.8221558000000001e-03        -6.7941330000000002e-04        -5.1341844999999997e-03         4.5953383299999997e-02        -2.5209573799999999e-02        -5.5966228999999998e-03        -9.5939473000000008e-03         4.0275030000000000e-04
12                                     4.1940301000000001e-03        -1.4591863199999999e-02         7.2385334999999999e-03        -2.5209573799999999e-02         5.9488857600000000e-02        -2.1705736500000000e-02         6.8522509300000006e-02         6.0740489999999996e-04
13                                    -2.3933600999999998e-03        -1.0754718000000000e-03         3.9928461000000000e-03        -5.5966228999999998e-03        -2.1705736500000000e-02         3.4331611599999999e-02        -3.9481471400000002e-02         5.0919999999999997e-06
14                                    -1.0045247400000000e-02        -1.0443118700000000e-02         1.5626087000000001e-03        -9.5939473000000008e-03         6.8522509300000006e-02        -3.9481471400000002e-02         1.3116399300000001e-01         2.9645970999999998e-03
15                                    -1.1137690999999999e-03        -1.3209110000000001e-04         3.6361919999999999e-04         4.0275030000000000e-04         6.0740489999999996e-04         5.0919999999999997e-06         2.9645970999999998e-03         7.9312753000000003e-03
16                                     6.4790449999999999e-04         1.0358749000000001e-03        -8.6597800000000000e-05        -6.1232409999999995e-04        -1.1832200000000000e-05         6.1854789999999998e-04        -1.7427743000000000e-03        -2.7861222999999999e-03
17                                     7.5115950000000000e-04         2.3509058999999998e-03        -3.9035810000000003e-04        -2.1675474999999999e-03         7.0028889999999996e-04        -4.0401599999999999e-04        -3.9983175999999997e-03        -1.2417340600000000e-02
                                                        16                          17

0                                      2.5752695000000000e-03         1.2520812500000001e-02
1                                      1.4421852000000000e-03        -7.1963569000000000e-03
2                                     -5.3816065000000003e-03        -2.4664582000000001e-02
3                                      2.2796600000000001e-05         1.5229232999999999e-03
4                                      5.2160040000000002e-04        -1.8202985000000001e-03
5                                     -4.0931499999999999e-05        -2.1743085000000000e-03
6                                     -8.3598650000000000e-04        -4.6775899999999997e-03
7                                     -7.1678352000000001e-03         2.6812975000000002e-03
8                                      6.4790449999999999e-04         7.5115950000000000e-04
9                                      1.0358749000000001e-03         2.3509058999999998e-03
10                                    -8.6597800000000000e-05        -3.9035810000000003e-04
11                                    -6.1232409999999995e-04        -2.1675474999999999e-03
12                                    -1.1832200000000000e-05         7.0028889999999996e-04
13                                     6.1854789999999998e-04        -4.0401599999999999e-04
14                                    -1.7427743000000000e-03        -3.9983175999999997e-03
15                                    -2.7861222999999999e-03        -1.2417340600000000e-02
16                                     4.6720996000000001e-03         7.1297319000000001e-03
17                                     7.1297319000000001e-03         3.2253596199999998e-02
   &MODES [&Type "ArrayOfDoubles", &Dim (18,18)] "The modes of vibrations"
                                                         0                           1                           2                           3                           4                           5                           6                           7

0                                      0.0000000000000000e+00         0.0000000000000000e+00         0.0000000000000000e+00         0.0000000000000000e+00         0.0000000000000000e+00         0.0000000000000000e+00        -1.1977981773432669e-01        -1.1585902360499885e-01
1                                      0.0000000000000000e+00         0.0000000000000000e+00         0.0000000000000000e+00         0.0000000000000000e+00         0.0000000000000000e+00         0.0000000000000000e+00         6.8926590407060617e-02         6.6628049458937216e-02
2                                      0.0000000000000000e+00         0.0000000000000000e+00         0.0000000000000000e+00         0.0000000000000000e+00         0.0000000000000000e+00         0.0000000000000000e+00         3.1225192358019290e-02         1.0116290733118705e-01
3                                      0.0000000000000000e+00         0.0000000000000000e+00         0.0000000000000000e+00         0.0000000000000000e+00         0.0000000000000000e+00         0.0000000000000000e+00        -1.1526646037333141e-01        -1.0928663659613466e-01
4                                      0.0000000000000000e+00         0.0000000000000000e+00         0.0000000000000000e+00         0.0000000000000000e+00         0.0000000000000000e+00         0.0000000000000000e+00         6.8370714638036095e-02         6.4529493773808941e-02
5                                      0.0000000000000000e+00         0.0000000000000000e+00         0.0000000000000000e+00         0.0000000000000000e+00         0.0000000000000000e+00         0.0000000000000000e+00         9.3588806949016196e-02         1.6092102606974476e-01
6                                      0.0000000000000000e+00         0.0000000000000000e+00         0.0000000000000000e+00         0.0000000000000000e+00         0.0000000000000000e+00         0.0000000000000000e+00        -1.6033396234232880e-01        -1.6712278455775254e-01
7                                      0.0000000000000000e+00         0.0000000000000000e+00         0.0000000000000000e+00         0.0000000000000000e+00         0.0000000000000000e+00         0.0000000000000000e+00         9.2532422019206334e-02         9.6315432290308992e-02
8                                      0.0000000000000000e+00         0.0000000000000000e+00         0.0000000000000000e+00         0.0000000000000000e+00         0.0000000000000000e+00         0.0000000000000000e+00        -1.0646416367884982e-02         6.1305160877793981e-02
9                                      0.0000000000000000e+00         0.0000000000000000e+00         0.0000000000000000e+00         0.0000000000000000e+00         0.0000000000000000e+00         0.0000000000000000e+00        -1.1684141845604909e-01        -1.1060511848374666e-01
10                                     0.0000000000000000e+00         0.0000000000000000e+00         0.0000000000000000e+00         0.0000000000000000e+00         0.0000000000000000e+00         0.0000000000000000e+00         6.4738118871004544e-02         6.1585489584328607e-02
11                                     0.0000000000000000e+00         0.0000000000000000e+00         0.0000000000000000e+00         0.0000000000000000e+00         0.0000000000000000e+00         0.0000000000000000e+00         9.3116752008296874e-02         1.6059395200471241e-01
12                                     0.0000000000000000e+00         0.0000000000000000e+00         0.0000000000000000e+00         0.0000000000000000e+00         0.0000000000000000e+00         0.0000000000000000e+00         3.2052866139695275e-02         1.3698846435344723e-02
13                                     0.0000000000000000e+00         0.0000000000000000e+00         0.0000000000000000e+00         0.0000000000000000e+00         0.0000000000000000e+00         0.0000000000000000e+00        -1.8405163369287672e-02        -7.8969279741433213e-03
14                                     0.0000000000000000e+00         0.0000000000000000e+00         0.0000000000000000e+00         0.0000000000000000e+00         0.0000000000000000e+00         0.0000000000000000e+00        -8.5851757764122863e-02         3.0386037462846575e-02
15                                     0.0000000000000000e+00         0.0000000000000000e+00         0.0000000000000000e+00         0.0000000000000000e+00         0.0000000000000000e+00         0.0000000000000000e+00         3.6734735417278855e-02         6.8219190746504815e-02
16                                     0.0000000000000000e+00         0.0000000000000000e+00         0.0000000000000000e+00         0.0000000000000000e+00         0.0000000000000000e+00         0.0000000000000000e+00        -2.1202516371213901e-02        -3.9188839538773834e-02
17                                     0.0000000000000000e+00         0.0000000000000000e+00         0.0000000000000000e+00         0.0000000000000000e+00         0.0000000000000000e+00         0.0000000000000000e+00         1.3112901183646355e-01        -1.4097413233967021e-01
                                                         8                           9                          10                          11                          12                          13                          14                          15

0                                      4.4915877922019128e-02         9.6513602331607523e-02         7.6818458353576966e-02        -4.9506577334929379e-02         3.3050137418587242e-02         2.9765148108378686e-02         5.9204868660009992e-02        -3.9438299274928902e-02
1                                      7.7537899110698222e-02        -5.5701539734487680e-02        -4.3746853662338214e-02        -8.6714509085649927e-02        -1.9074624814521074e-02         5.1893713517030413e-02        -3.3984475285134888e-02         2.2563300747775846e-02
2                                      2.5579879409562927e-04         1.9901578771502174e-01        -3.8639556693547662e-02        -1.3758405409478356e-04         9.4508083611464885e-02         5.1723528613867054e-05        -1.3533922837191398e-02         6.4636331894474500e-02
3                                     -4.6260540137216088e-01         7.5710293681521337e-02        -1.9051457629644244e-02         3.5324599602135365e-01        -9.4840506948380796e-02        -1.3775338585290350e-01        -6.6659990485346332e-01        -1.3655860511423354e-02
4                                      2.7551245124918498e-02        -4.8290617346153177e-02        -4.1711894615037950e-02        -4.4491423245806273e-02        -9.1688635147013572e-03         2.0159559220112983e-03        -5.8001422764960141e-02         4.0047702071364995e-02
5                                      2.8721977922415443e-01         1.1516425256285143e-01         4.3700198332635609e-01         5.1274217040411840e-01        -4.8047999699840122e-01         3.8351934370420426e-01         2.5886248470202534e-02         6.7087659012575592e-03
6                                      2.5829498317463778e-01         9.1984065060618250e-02        -4.1322988615746498e-01         1.4223945767183357e-01        -4.3883628866061530e-01        -3.9061666084321672e-01         1.4518909344611536e-01         5.3422326231422557e-01
7                                      4.4925672813833201e-01        -5.3934924185519866e-02         2.3673426903457284e-01         2.4999313805994197e-01         2.5212727738343588e-01        -6.8113857858121540e-01        -8.3225525055702354e-02        -3.0571005843997956e-01
8                                      7.2981287049897080e-04         2.1362271836092017e-01        -5.0280389041890461e-01        -8.4254079232288180e-04        -3.6118327745925183e-01        -6.4318438815673406e-04         9.5087417389384310e-02        -7.3149781607184261e-01
9                                      2.5777629515532235e-01         7.9288735135946795e-02         2.7145151065567825e-02        -2.1595492631186217e-01        -3.9569262934255729e-02         7.1343169332569706e-02        -2.8608758463547113e-01        -4.1497499627365958e-02
10                                    -3.8551064577421651e-01        -4.0248687997448344e-02         3.5415842390565881e-02         2.8357243936618604e-01         8.7367433900911354e-02        -1.1713517301470655e-01         6.0485907640853653e-01        -8.3954502794138294e-03
11                                    -2.8775481290786931e-01         1.1619011005360186e-01         4.3937498935216429e-01        -5.1017588617305909e-01        -4.8056660273908453e-01        -3.8367509073933087e-01         2.6758801426895525e-02         6.7412443334887960e-03
12                                    -6.6914247996438395e-03        -4.0957890495742673e-02        -1.6567723215337459e-02         9.6497580396241768e-03         3.7129869371204847e-03         1.6611152225284966e-03         3.0878411561084643e-03        -6.1976124444193642e-05
13                                    -1.1454046177025150e-02         2.3598923282314489e-02         9.4509984932811455e-03         1.6926103165395626e-02        -2.1331358647062441e-03         2.8823538513636491e-03        -1.7750953927589807e-03         3.6214619006100395e-05
14                                    -6.7218541774958371e-05        -7.3696513097346386e-02         5.2169742731795153e-04        -4.6467519675005423e-06         4.5075260068291184e-03         6.7579280277558789e-06         9.1902589664479050e-04        -6.1340237910644283e-04
15                                    -1.8746559125858517e-02         2.3105724556014623e-03         3.8470507491241007e-03        -1.5399591014493661e-03         2.5913412251402307e-03         2.3308969611758905e-03        -3.4869600861836070e-04        -3.6908144340186611e-04
16                                    -3.2490531277685523e-02        -1.2636809143914917e-03        -2.2057328554865594e-03        -2.7129126386353404e-03        -1.4863180383808878e-03         4.0606576425862902e-03         1.9890535807254837e-04         2.0836650868794786e-04
17                                    -4.6617421550342415e-05        -1.1904044901047203e-02         3.6341883165493670e-03         4.1967567633293029e-06         1.9931468805608060e-03        -2.9222681271507292e-06        -9.9697888941026130e-04        -1.6216359382187036e-03
                                                        16                          17

0                                     -4.9730241466921711e-02         4.4913109618558024e-02
1                                      3.1219459193531744e-02         7.5120297122564114e-02
2                                      4.7919958100028090e-03        -3.6377723981379114e-05
3                                      2.3622560896767016e-02         7.0866680551775002e-02
4                                     -7.0619099132630225e-01        -6.4822029069954290e-01
5                                     -5.8401321500932664e-03        -1.5469273568558329e-02
6                                      2.9354211563317328e-03         1.7745731743697715e-02
7                                     -5.5118027564467502e-04         3.1073997016301272e-02
8                                     -2.5466958599497058e-02         7.1934709032418819e-04
9                                      5.8952106770568224e-01        -6.2747212096331217e-01
10                                     3.2118502287840461e-01        -2.8303818911806800e-01
11                                    -4.0840321163978519e-03         1.4816097296397063e-02
12                                    -6.4593948506750894e-04         1.4922504467173892e-04
13                                     3.7749339921391319e-04         2.2483318110007064e-04
14                                    -7.4994324887454466e-04         1.4703972277566214e-05
15                                    -4.1965434969812029e-05        -8.2706011162520578e-05
16                                     1.4812509605739975e-05        -1.5027586298234876e-04
17                                     2.4767492248244896e-04        -7.9517460324496997e-06
$End
$THERMOCHEMISTRY_Energies
   &GeometryIndex 7
   &temperature [&Type "Double"]       2.9814999999999998e+02
   &pressure [&Type "Double"]       1.0000000000000000e+00
   &totalMass [&Type "Double"]       6.9486000000000004e+01
   &spinDegeneracy [&Type "Integer"] 1
   &elEnergy [&Type "Double"]      -1.3146556313600000e+01
   &transEnergy [&Type "Double"]       1.4162714244859817e-03
   &rotEnergy [&Type "Double"]       1.4162714244859817e-03
   &vibEnergy [&Type "Double"]       1.6783455015872987e-03
   &numOfFreqs [&Type "Integer"] 18
   &freqScalingFactor [&Type "Double"]       1.0000000000000000e+00
   &FREQ [&Type "ArrayOfDoubles", &Units "cm^-1", &Dim (18,1)] 
                                                         0

0                                      0.0000000000000000e+00
1                                      0.0000000000000000e+00
2                                      0.0000000000000000e+00
3                                      0.0000000000000000e+00
4                                      0.0000000000000000e+00
5                                      0.0000000000000000e+00
6                                      1.1348242093633304e+02
7                                      3.2013440535756325e+02
8                                      3.4915268934990360e+02
9                                      6.8158829580512406e+02
10                                     1.0071380781007050e+03
11                                     1.0457928787285302e+03
12                                     1.3250459493214469e+03
13                                     1.3942364551600647e+03
14                                     1.4325409862314200e+03
15                                     2.3391872507387639e+03
16                                     3.0112792411260584e+03
17                                     3.0174203607770069e+03
   &zpe [&Type "Double"]       3.6534972023226309e-02
   &innerEnergyU [&Type "Double"]      -1.3105510453226216e+01
   &enthalpyH [&Type "Double"]      -1.3104566244183957e+01
   &qEl [&Type "Double"]       0.0000000000000000e+00
   &qRot [&Type "Double"]       1.1853961606305774e-02
   &qVib [&Type "Double"]       2.8844124775858366e-03
   &qTrans [&Type "Double"]       1.8355655740999458e-02
   &entropyS [&Type "Double"]       3.3094029824891069e-02
   &freeEnergyG [&Type "Double"]      -1.3137660274008848e+01
   &isLinear [&Type "Boolean"] false
$End
$Calculation_Info
   &GeometryIndex 7
   &Mult [&Type "Integer"] 1
   &Charge [&Type "Integer"] -1
   &NumOfAtoms [&Type "Integer"] 6
   &NumOfElectrons [&Type "Integer"] 0
   &NumOfBasisFuncts [&Type "Integer"] 0
   &NumOfAuxCBasisFuncts [&Type "Integer"] 0
   &NumOfAuxJBasisFuncts [&Type "Integer"] 0
   &NumOfAuxJKBasisFuncts [&Type "Integer"] 0
   &NumOfCABSBasisFuncts [&Type "Integer"] 0
$End
$Calculation_Timings
   &GeometryIndex 7
   &GSTEP [&Type "Double"]       1.6503000000001045e-02
   &XTB [&Type "Double"]       1.2189090000000000e+00
   &XTBGRAD [&Type "Double"]       7.2900000000011289e-03
   &SUM [&Type "Double"]       1.2427020000000022e+00
$End
