
$orca_hessian_file

$act_atom
  0

$act_coord
  0

$act_energy
      -20.996039

$multiplicity
  1

$hessian
48
                    0                  1                  2                  3                  4        
    0      6.8483650000E-01   2.7567774100E-02   1.9027152240E-01  -3.7752530560E-01   1.8493857300E-02
    1      2.7567774100E-02   2.8664091810E-01  -1.4767031000E-02  -6.6615646000E-03  -6.4288994900E-02
    2      1.9027152240E-01  -1.4767031000E-02   1.7325118830E-01  -4.9229251100E-02  -1.1428044000E-03
    3     -3.7752530560E-01  -6.6615646000E-03  -4.9229251100E-02   6.6000704800E-01   1.4673243000E-02
    4      1.8493857300E-02  -6.4288994900E-02  -1.1428044000E-03   1.4673243000E-02   6.1013589210E-01
    5      9.6749482700E-02   3.9944835000E-03  -2.0709195700E-02   8.4050286000E-03   3.0141364000E-03
    6     -3.2772969300E-02  -2.6750978300E-02  -6.6941253000E-03  -1.1776007710E-01  -1.0899994560E-01
    7     -7.6896822000E-03   1.3805320000E-04   9.2558550000E-04  -1.0788703890E-01  -2.6757333430E-01
    8      5.1810158000E-03   1.2636429000E-03   9.1985247000E-03   2.5089469700E-02   2.0368882700E-02
    9      4.7568251000E-03  -1.7364904000E-03  -1.2537909100E-02  -3.1638876500E-02  -6.0023247000E-03
   10     -1.5922786000E-03  -2.3694492000E-03  -9.9916240000E-04  -2.5561972400E-02  -2.9525510000E-04
   11      1.6658989900E-02   4.4693223000E-03   2.2311586100E-02   4.1054628000E-03  -1.7983852000E-03
   12      2.7347668600E-02   1.7012121000E-03   1.1959098700E-02  -2.1874798500E-02  -1.8180646700E-02
   13      8.0512865000E-03  -1.2150029000E-03  -8.9305490000E-04  -9.7884923000E-03  -8.3439550000E-04
   14     -2.6809425400E-02  -5.7359200000E-03  -1.7738551300E-02  -2.5679361200E-02  -2.1531857600E-02
   15      3.9296187000E-03  -2.8789027000E-03  -1.0747008000E-02   6.8313871000E-03   5.5134324000E-03
   16     -2.1973838500E-02   6.4020516000E-03  -9.6556890000E-04   1.2868888200E-02  -8.4048559000E-03
   17     -1.0842263440E-01  -1.8631008000E-03  -2.6764605800E-02   3.6007842500E-02   1.7507295000E-03
   18     -1.3234331600E-01  -1.0090065130E-01  -4.7271700600E-02  -1.3520780000E-02  -2.8186669100E-02
   19     -1.1876199300E-01  -1.4653351590E-01  -6.2201031700E-02   1.1413754000E-03  -1.8179023000E-03
   20     -6.3906383500E-02  -6.4655269400E-02  -5.0660251400E-02   4.5643266000E-03   2.0711860000E-04
   21     -1.5158833570E-01   8.4396061600E-02  -8.4993392900E-02  -1.6956948800E-02   2.2032138100E-02
   22      9.3501635400E-02  -7.9043267200E-02   7.2163767400E-02   8.2417210000E-04  -3.6762445000E-03
   23     -1.1468604790E-01   7.4553319200E-02  -8.8882793500E-02   9.1696849000E-03   1.7742588000E-03
   24     -2.4661075100E-02   2.0921617200E-02  -7.2055740000E-03  -9.8838976700E-02   1.0734055060E-01
   25      5.3622210000E-03   2.1447139000E-03   2.0230636000E-03   1.0670798870E-01  -2.3689229820E-01
   26     -6.9865466000E-03   4.1038968000E-03   2.7588544000E-03   2.7315145000E-03   2.8184620000E-03
   27      4.2396010000E-04  -1.8642320000E-04  -3.3027800000E-05   5.5548903000E-03  -1.0209427100E-02
   28      1.1190797000E-03   2.8250702000E-03   5.3711100000E-04   1.0597136700E-02  -2.6898251100E-02
   29     -8.5777700000E-04   1.1397113000E-03  -8.4829840000E-04   8.3200400000E-04  -2.7768839000E-03
   30     -7.0978930000E-04   6.6327940000E-04   1.0097845000E-03  -4.6638533000E-03   2.1918529000E-03
   31     -5.4155770000E-04  -7.9564800000E-05  -3.2599810000E-04  -3.1896267000E-03  -1.5110512000E-03
   32      2.4577667000E-03   2.3541278000E-03   1.5030904000E-03   1.6755213000E-03   1.2251056000E-03
   33      9.5364380000E-04  -1.7485693000E-03   8.7768800000E-05   2.6840482000E-03   4.3075020000E-04
   34     -2.7296030000E-04   1.1725668000E-03  -3.1472980000E-04   7.1205240000E-04  -1.6798569000E-03
   35      9.3369770000E-04  -1.2198365000E-03   2.7466273000E-03  -2.1599384000E-03  -1.9310045000E-03
   36     -9.2284504000E-03   1.8729098000E-03   5.9152930000E-04   2.2484762000E-03  -2.5646670000E-04
   37     -8.0699708000E-03   2.3126145000E-03   5.2062767000E-03   5.1926401000E-03  -6.8552980000E-04
   38     -1.0383885800E-02  -8.6671200000E-05  -1.3796757000E-03   2.7066935000E-03   2.1233040000E-04
   39      3.9361847000E-03   5.7550250000E-04   5.8797076000E-03   2.1400122000E-03  -7.6056030000E-04
   40      7.5783250000E-03  -3.5183722000E-03  -1.3368992000E-03  -2.9900016000E-03   2.3782890000E-03
   41      1.3442967400E-02  -2.2598490000E-03  -8.6525850000E-04  -6.6645811000E-03   3.4518545000E-03
   42      5.0301062000E-03   7.8643600000E-05   3.9671694000E-03   1.9496949000E-03   2.8276350000E-04
   43      3.0916256000E-03  -2.4142278000E-03  -1.9577910000E-04   5.5212620000E-04   6.7308700000E-05
   44      4.3553398000E-03  -1.5081880000E-03  -1.7395409000E-03  -5.9181897000E-03  -5.0302239000E-03
   45     -2.3852658000E-03   3.0865794000E-03   4.9454083000E-03   1.3640595000E-03   1.6374522000E-03
   46     -5.8635235000E-03  -2.1735934000E-03   2.2862553000E-03   2.8090738000E-03   1.9764798000E-03
   47      2.0019184000E-03   2.1736210000E-04  -2.1816999000E-03  -5.6362269000E-03  -6.1171900000E-04
                    5                  6                  7                  8                  9        
    0      9.6749482700E-02  -3.2772969300E-02  -7.6896822000E-03   5.1810158000E-03   4.7568251000E-03
    1      3.9944835000E-03  -2.6750978300E-02   1.3805320000E-04   1.2636429000E-03  -1.7364904000E-03
    2     -2.0709195700E-02  -6.6941253000E-03   9.2558550000E-04   9.1985247000E-03  -1.2537909100E-02
    3      8.4050286000E-03  -1.1776007710E-01  -1.0788703890E-01   2.5089469700E-02  -3.1638876500E-02
    4      3.0141364000E-03  -1.0899994560E-01  -2.6757333430E-01   2.0368882700E-02  -6.0023247000E-03
    5     -4.0712279200E-02  -2.4160228800E-02  -2.6427216000E-02  -3.8164389700E-02  -2.8023613000E-03
    6     -2.4160228800E-02   6.4562127060E-01   6.6872619000E-03  -2.8976614000E-03  -3.7119526440E-01
    7     -2.6427216000E-02   6.6872619000E-03   6.0930693780E-01   6.7600596000E-03   2.2559241000E-02
    8     -3.8164389700E-02  -2.8976614000E-03   6.7600596000E-03  -5.1850484700E-02  -1.0666618250E-01
    9     -2.8023613000E-03  -3.7119526440E-01   2.2559241000E-02  -1.0666618250E-01   6.8440004320E-01
   10      1.7159719000E-03   3.2641550000E-04  -6.5737068700E-02  -2.3511060000E-03   3.1514100500E-02
   11      4.6860264000E-03   5.1584587200E-02  -9.1553760000E-04  -2.2575316400E-02  -1.8536204460E-01
   12     -5.4551877500E-02   1.0362089100E-02   5.7409556000E-03   3.2324817000E-02   3.4745877000E-03
   13     -3.2091824600E-02   1.2413075300E-02  -7.2818677000E-03  -3.7089264200E-02  -2.8276706400E-02
   14     -8.4587480000E-04  -4.3623416100E-02   4.6737693000E-03   1.1261978170E-01   1.0849598370E-01
   15     -2.1425801800E-02  -1.8067025000E-02  -1.5132611000E-02   4.3029825600E-02   2.6730841400E-02
   16      3.6605735400E-02  -2.1431214000E-03   2.5560334000E-03   1.7343011100E-02   4.1042840000E-03
   17      1.0902543290E-01   2.8119302700E-02   2.1228279700E-02  -5.6280853000E-03   2.3183358600E-02
   18     -5.3351443000E-03  -4.3462824000E-03   2.2493315000E-03  -3.5552083000E-03  -1.0861790000E-03
   19      2.7237985000E-03  -3.0029084000E-03  -1.0691084000E-03   5.4396390000E-04  -3.7535580000E-04
   20      3.9884342000E-03  -2.3279899000E-03  -9.5158980000E-04   6.7618521000E-03  -2.3631609000E-03
   21     -1.3035438200E-02   2.9242295000E-03   4.1097910000E-04   1.4641588000E-03   8.4289860000E-04
   22     -1.1335475000E-03   8.3731270000E-04  -1.4843897000E-03   5.2065800000E-04  -6.9152400000E-05
   23      1.5447038300E-02   9.1729750000E-04   1.6029460000E-03  -1.9981100000E-03  -8.9431240000E-04
   24     -1.1579753000E-03   5.5909977000E-03  -9.8658930000E-03  -7.3745670000E-04   2.6540980000E-04
   25      1.3638488000E-03   1.1017559400E-02  -2.7281509500E-02   7.4494410000E-04   1.2304742000E-03
   26     -2.5922450200E-02  -9.6365470000E-04   9.8583420000E-04   1.9586387000E-03   5.4086060000E-04
   27      5.4810750000E-04  -9.8429855500E-02   1.0734483260E-01   3.8635905000E-03  -2.2208236100E-02
   28     -1.2590339000E-03   1.0652059080E-01  -2.3720395430E-01  -5.9710424000E-03   4.8852042000E-03
   29      2.2135925000E-03  -1.2368413000E-03  -6.9957984000E-03  -2.3737023800E-02   8.0404709000E-03
   30      2.3785537000E-03  -1.3680039600E-02  -2.6874646500E-02   3.6930324000E-03  -1.5140548080E-01
   31     -6.7845280000E-04   2.6471812000E-03   1.6241920000E-04  -3.1177717000E-03  -1.2424117170E-01
   32      4.8495284000E-03  -5.2778071000E-03  -2.1022426000E-03   1.4387697000E-03   6.1029033900E-02
   33     -1.9215529000E-03  -1.7379887300E-02   2.3124867500E-02   1.4355078000E-02  -1.3866972130E-01
   34     -6.8954600000E-05   1.5058536000E-03  -4.2340221000E-03  -3.1288360000E-04   9.1320993300E-02
   35     -1.7467436000E-03  -7.3579070000E-03  -4.0965330000E-04   1.7697270700E-02   1.1420598120E-01
   36      1.2832807400E-02   2.0106488000E-03   1.3686354000E-03   1.6473598000E-03   2.6327548000E-03
   37      7.7172773000E-03  -5.4598090000E-04  -1.5381873000E-03   2.6992064000E-03   4.3028175000E-03
   38      1.5080886000E-02   2.1472834000E-03   4.9267158000E-03  -2.0808840000E-03  -1.0008944000E-03
   39     -7.1989440000E-04   1.9236731000E-03   8.7199260000E-04  -2.8651592000E-03  -1.6163180000E-04
   40     -4.9127315000E-03   4.9862700000E-04   9.7068610000E-04  -5.8542760000E-04  -1.0368292000E-03
   41     -1.5523525900E-02   9.5890995000E-03   2.3196574000E-03  -1.6999929100E-02  -8.8032300000E-03
   42     -2.5389510000E-03   3.5480583000E-03  -1.7113950000E-04  -1.3317592600E-02  -8.7763548000E-03
   43      4.3089930000E-04   5.9223044000E-03  -2.3710874000E-03  -6.6686418000E-03  -4.4982177000E-03
   44     -7.0172839000E-03   2.3987436000E-03  -3.1072657000E-03   1.2530389300E-02   6.1008111000E-03
   45      6.7352457000E-03   1.6504335000E-03  -2.7370860000E-03  -6.0908680000E-04   2.0383840000E-03
   46      9.0056098000E-03  -6.9332472000E-03   2.6403997000E-03   5.8517686000E-03   6.3191335000E-03
   47     -4.6491955000E-03  -2.1668220000E-04  -2.5135441000E-03   8.2899610000E-04  -1.1664048000E-03
                   10                 11                 12                 13                 14        
    0     -1.5922786000E-03   1.6658989900E-02   2.7347668600E-02   8.0512865000E-03  -2.6809425400E-02
    1     -2.3694492000E-03   4.4693223000E-03   1.7012121000E-03  -1.2150029000E-03  -5.7359200000E-03
    2     -9.9916240000E-04   2.2311586100E-02   1.1959098700E-02  -8.9305490000E-04  -1.7738551300E-02
    3     -2.5561972400E-02   4.1054628000E-03  -2.1874798500E-02  -9.7884923000E-03  -2.5679361200E-02
    4     -2.9525510000E-04  -1.7983852000E-03  -1.8180646700E-02  -8.3439550000E-04  -2.1531857600E-02
    5      1.7159719000E-03   4.6860264000E-03  -5.4551877500E-02  -3.2091824600E-02  -8.4587480000E-04
    6      3.2641550000E-04   5.1584587200E-02   1.0362089100E-02   1.2413075300E-02  -4.3623416100E-02
    7     -6.5737068700E-02  -9.1553760000E-04   5.7409556000E-03  -7.2818677000E-03   4.6737693000E-03
    8     -2.3511060000E-03  -2.2575316400E-02   3.2324817000E-02  -3.7089264200E-02   1.1261978170E-01
    9      3.1514100500E-02  -1.8536204460E-01   3.4745877000E-03  -2.8276706400E-02   1.0849598370E-01
   10      2.8201631230E-01   2.9537604000E-02   8.7928740000E-04   1.0800309300E-02   1.2040148000E-03
   11      2.9537604000E-02   1.7097859600E-01   9.1496436000E-03   4.9505922000E-03  -2.9088068900E-02
   12      8.7928740000E-04   9.1496436000E-03   5.0133823690E-01   2.6955442600E-02   9.8960686800E-02
   13      1.0800309300E-02   4.9505922000E-03   2.6955442600E-02   1.6286670680E-01  -4.2754565600E-02
   14      1.2040148000E-03  -2.9088068900E-02   9.8960686800E-02  -4.2754565600E-02   1.9005867020E-01
   15     -3.0832744000E-03  -1.6627124800E-02  -3.4880611270E-01  -6.5425879200E-02  -2.5964229800E-02
   16     -2.5779611000E-03  -8.5094501000E-03  -9.1659362900E-02  -6.4017612500E-02  -1.1078544300E-02
   17      2.1294365000E-03  -1.6486536900E-02   4.2743652900E-02   1.8941755400E-02  -4.2018444400E-02
   18      6.2153570000E-04  -1.4843643000E-03  -2.7954910000E-04   1.2197013000E-03   1.4627285000E-03
   19      1.6177040000E-04   5.2990350000E-04   4.1541540000E-04  -4.1096840000E-04  -2.4780250000E-04
   20     -2.3267064000E-03   2.4182540000E-03   5.9541761000E-03   3.1647953000E-03  -4.2145400000E-05
   21     -1.9205184000E-03  -4.8477970000E-04   4.5601200000E-04   4.4728870000E-04   2.8025995000E-03
   22      9.6396850000E-04   2.3270500000E-04   8.6514860000E-04  -3.4384820000E-04  -1.3540870000E-04
   23      1.4963908000E-03   2.8378428000E-03   4.7430543000E-03  -9.4945600000E-05  -7.2212764000E-03
   24     -3.9631250000E-04  -7.1939500000E-05  -1.3547960000E-04  -5.1951170000E-04   1.0792967000E-03
   25      2.7955340000E-03  -4.8008700000E-04   2.1408210000E-04  -7.9926550000E-04   2.9646430000E-04
   26     -1.4725371000E-03  -5.2283030000E-04   1.2516315000E-03   1.3737722000E-03  -1.1659953000E-03
   27      2.0699344300E-02   7.7693748000E-03  -8.7835510000E-04   2.4486961000E-03  -3.5858928000E-03
   28      2.0335193000E-03  -1.9704562000E-03   4.7328810000E-04  -1.8782102000E-03   2.0690264000E-03
   29     -3.8325744000E-03   3.0047107000E-03  -4.8947911000E-03   7.1567022000E-03  -1.2933142000E-02
   30     -1.0704109460E-01   4.6633825800E-02  -8.3539680000E-04   2.7455010000E-04   5.6932900000E-04
   31     -1.3421804850E-01   5.3190686300E-02   1.2465624000E-03  -1.3629320000E-03   4.7226580000E-04
   32      5.5195151100E-02  -4.3359049000E-02  -2.9200030000E-03  -3.1636802000E-03  -4.3713525000E-03
   33      8.2492485900E-02   8.3634020800E-02  -1.5854669000E-03   1.8145669000E-03  -1.3378571000E-03
   34     -8.5796527200E-02  -7.7321129700E-02  -2.3471800000E-05  -9.3070430000E-04   2.8592649000E-03
   35     -8.1261238300E-02  -9.6489495700E-02  -2.2227005000E-03   8.5369371000E-03  -1.6754754500E-02
   36     -2.2010300000E-05  -2.1564675000E-03  -3.9322817300E-02   1.4950537000E-02   9.0633092000E-03
   37     -2.4540478000E-03  -1.0845310000E-03  -1.5966498300E-02   6.2354160000E-04   7.5607860000E-04
   38      6.4089330000E-04   3.8254648000E-03   2.1899760000E-03  -5.8553700000E-05  -1.8684994000E-03
   39      2.2987756000E-03  -6.0291653000E-03  -2.1463968600E-02  -3.7010969900E-02   1.4808664700E-02
   40     -1.6480819000E-03  -5.9581200000E-04  -5.2320058000E-03  -7.1735246000E-03   6.8335120000E-03
   41     -3.1243510000E-04  -3.5460654000E-03  -2.3330240000E-04   1.9201986000E-03   1.3317264500E-02
   42      2.9659876000E-03  -3.6802320000E-03  -1.0564557220E-01   6.0297581200E-02  -1.1105725860E-01
   43      1.3843958000E-03  -4.9355842000E-03   7.5510108200E-02  -4.4287232400E-02   1.2492033370E-01
   44     -1.3957273000E-03  -8.1204540000E-04  -1.5094594470E-01   1.0788860510E-01  -1.4451840580E-01
   45     -2.1804712000E-03  -3.6397874000E-03  -2.1510775000E-03   1.2148834000E-02   8.1484320000E-04
   46     -5.0593699000E-03   4.7001599000E-03   1.7060482900E-02  -4.3754993400E-02  -6.2600631200E-02
   47      2.0320243000E-03   2.8169272000E-03   6.4918823000E-03  -3.7787469400E-02  -3.7429205600E-02
                   15                 16                 17                 18                 19        
    0      3.9296187000E-03  -2.1973838500E-02  -1.0842263440E-01  -1.3234331600E-01  -1.1876199300E-01
    1     -2.8789027000E-03   6.4020516000E-03  -1.8631008000E-03  -1.0090065130E-01  -1.4653351590E-01
    2     -1.0747008000E-02  -9.6556890000E-04  -2.6764605800E-02  -4.7271700600E-02  -6.2201031700E-02
    3      6.8313871000E-03   1.2868888200E-02   3.6007842500E-02  -1.3520780000E-02   1.1413754000E-03
    4      5.5134324000E-03  -8.4048559000E-03   1.7507295000E-03  -2.8186669100E-02  -1.8179023000E-03
    5     -2.1425801800E-02   3.6605735400E-02   1.0902543290E-01  -5.3351443000E-03   2.7237985000E-03
    6     -1.8067025000E-02  -2.1431214000E-03   2.8119302700E-02  -4.3462824000E-03  -3.0029084000E-03
    7     -1.5132611000E-02   2.5560334000E-03   2.1228279700E-02   2.2493315000E-03  -1.0691084000E-03
    8      4.3029825600E-02   1.7343011100E-02  -5.6280853000E-03  -3.5552083000E-03   5.4396390000E-04
    9      2.6730841400E-02   4.1042840000E-03   2.3183358600E-02  -1.0861790000E-03  -3.7535580000E-04
   10     -3.0832744000E-03  -2.5779611000E-03   2.1294365000E-03   6.2153570000E-04   1.6177040000E-04
   11     -1.6627124800E-02  -8.5094501000E-03  -1.6486536900E-02  -1.4843643000E-03   5.2990350000E-04
   12     -3.4880611270E-01  -9.1659362900E-02   4.2743652900E-02  -2.7954910000E-04   4.1541540000E-04
   13     -6.5425879200E-02  -6.4017612500E-02   1.8941755400E-02   1.2197013000E-03  -4.1096840000E-04
   14     -2.5964229800E-02  -1.1078544300E-02  -4.2018444400E-02   1.4627285000E-03  -2.4780250000E-04
   15      5.1799402960E-01   8.7416856800E-02  -1.1048481620E-01  -1.8239706000E-03   1.1566295000E-03
   16      8.7416856800E-02   3.0441572920E-01  -6.7563211600E-02  -7.4009170000E-04  -7.2171670000E-04
   17     -1.1048481620E-01  -6.7563211600E-02   2.8720270360E-01  -1.9537000000E-04  -1.5657305000E-03
   18     -1.8239706000E-03  -7.4009170000E-04  -1.9537000000E-04   1.3083907670E-01   1.1927559020E-01
   19      1.1566295000E-03  -7.2171670000E-04  -1.5657305000E-03   1.1927559020E-01   2.2833428090E-01
   20      2.8265390000E-03   3.7656767000E-03  -5.6890655000E-03   5.7832335600E-02   4.4702604400E-02
   21     -2.9068493000E-03   9.5357940000E-04   2.3986856000E-03   1.9594057800E-02   2.7855011000E-03
   22     -1.5460344000E-03  -1.2071819000E-03  -1.5948268000E-03   5.5912422000E-03  -8.5313256000E-02
   23      3.6660909000E-03  -5.9939046000E-03  -1.7033487800E-02  -2.4144667000E-03   1.6783507900E-02
   24     -7.5741600000E-04   1.6454260000E-03   3.2905901000E-03   4.1507032000E-03  -5.3720810000E-04
   25      6.6558500000E-05  -1.5582907000E-03  -1.8518066000E-03  -8.2532000000E-04   6.1197660000E-04
   26      4.6713347000E-03  -5.1062768000E-03  -1.0640170000E-02   1.8079184000E-03   7.5725100000E-05
   27     -6.7426830000E-04  -2.2651530000E-04  -1.0272036000E-03  -1.3024556000E-03  -6.8486430000E-04
   28     -1.2979500000E-05  -1.1386341000E-03  -7.4684540000E-04   1.5870590000E-04  -4.3931040000E-04
   29     -1.0891142000E-03  -7.8496610000E-04  -1.7129644000E-03   3.9130460000E-04  -1.0072219000E-03
   30     -1.2481005000E-03   1.2164328000E-03  -1.2550886000E-03  -2.6854467000E-03   1.1968049000E-03
   31      1.0998887000E-03  -1.2147857000E-03   2.9386770000E-04   1.2087616000E-03   9.0954400000E-05
   32     -5.4611497000E-03  -2.8353702000E-03   1.1158017000E-03  -8.2513500000E-04   9.7083790000E-04
   33     -1.8139250000E-04   9.3692000000E-06  -2.5265815000E-03   7.2639530000E-04  -1.8489087000E-03
   34      1.6443015000E-03  -7.6299130000E-04  -2.5543280000E-04   1.5135834000E-03   1.4692941000E-03
   35     -6.4097500000E-03  -3.9282640000E-04  -7.2192438000E-03  -1.0517132000E-03  -8.9328410000E-04
   36     -9.5403121100E-02   4.8376524000E-02   9.6883874000E-02   1.0455600000E-05   1.1868089000E-03
   37      6.6214598000E-02  -6.2297098400E-02  -9.7309059900E-02  -1.4016119000E-03   1.1119971000E-03
   38      1.2299087340E-01  -7.6670610500E-02  -1.5245377580E-01   2.0203030000E-04   4.9404780000E-04
   39     -3.2953887900E-02  -1.8749088900E-02   1.6231669500E-02   2.0990113000E-03  -1.6744957000E-03
   40     -3.6345032800E-02  -1.5660754860E-01   1.3704588300E-01  -8.4975280000E-04   1.0393976000E-03
   41      2.8568817600E-02   1.2814831210E-01  -1.1582594420E-01   1.2466700000E-04  -3.5381410000E-04
   42     -3.7096155200E-02   8.7334798000E-03  -7.7966294000E-03   1.7433720000E-03  -1.5381188000E-03
   43     -1.3997249000E-02   2.0671224000E-03  -3.5294828000E-03   5.8529330000E-04   2.3563276000E-03
   44      7.5053286000E-03   3.3847904000E-03  -4.4434490000E-04   1.8966580000E-04  -4.2582860000E-04
   45     -1.5567577700E-02  -2.9832821600E-02  -1.7150652100E-02  -1.7750926000E-03   1.2657274000E-03
   46     -2.4690302400E-02  -1.4932259700E-02  -5.1104546000E-03   4.8035160000E-04   1.1297792000E-03
   47     -1.5049815100E-02  -9.3467961000E-03   4.5727308000E-03   1.2245220000E-04  -1.2967560000E-04
                   20                 21                 22                 23                 24        
    0     -6.3906383500E-02  -1.5158833570E-01   9.3501635400E-02  -1.1468604790E-01  -2.4661075100E-02
    1     -6.4655269400E-02   8.4396061600E-02  -7.9043267200E-02   7.4553319200E-02   2.0921617200E-02
    2     -5.0660251400E-02  -8.4993392900E-02   7.2163767400E-02  -8.8882793500E-02  -7.2055740000E-03
    3      4.5643266000E-03  -1.6956948800E-02   8.2417210000E-04   9.1696849000E-03  -9.8838976700E-02
    4      2.0711860000E-04   2.2032138100E-02  -3.6762445000E-03   1.7742588000E-03   1.0734055060E-01
    5      3.9884342000E-03  -1.3035438200E-02  -1.1335475000E-03   1.5447038300E-02  -1.1579753000E-03
    6     -2.3279899000E-03   2.9242295000E-03   8.3731270000E-04   9.1729750000E-04   5.5909977000E-03
    7     -9.5158980000E-04   4.1097910000E-04  -1.4843897000E-03   1.6029460000E-03  -9.8658930000E-03
    8      6.7618521000E-03   1.4641588000E-03   5.2065800000E-04  -1.9981100000E-03  -7.3745670000E-04
    9     -2.3631609000E-03   8.4289860000E-04  -6.9152400000E-05  -8.9431240000E-04   2.6540980000E-04
   10     -2.3267064000E-03  -1.9205184000E-03   9.6396850000E-04   1.4963908000E-03  -3.9631250000E-04
   11      2.4182540000E-03  -4.8477970000E-04   2.3270500000E-04   2.8378428000E-03  -7.1939500000E-05
   12      5.9541761000E-03   4.5601200000E-04   8.6514860000E-04   4.7430543000E-03  -1.3547960000E-04
   13      3.1647953000E-03   4.4728870000E-04  -3.4384820000E-04  -9.4945600000E-05  -5.1951170000E-04
   14     -4.2145400000E-05   2.8025995000E-03  -1.3540870000E-04  -7.2212764000E-03   1.0792967000E-03
   15      2.8265390000E-03  -2.9068493000E-03  -1.5460344000E-03   3.6660909000E-03  -7.5741600000E-04
   16      3.7656767000E-03   9.5357940000E-04  -1.2071819000E-03  -5.9939046000E-03   1.6454260000E-03
   17     -5.6890655000E-03   2.3986856000E-03  -1.5948268000E-03  -1.7033487800E-02   3.2905901000E-03
   18      5.7832335600E-02   1.9594057800E-02   5.5912422000E-03  -2.4144667000E-03   4.1507032000E-03
   19      4.4702604400E-02   2.7855011000E-03  -8.5313256000E-02   1.6783507900E-02  -5.3720810000E-04
   20      2.0659419900E-02  -2.2405902000E-03   1.4227813100E-02   2.6474644400E-02   1.0325919000E-03
   21     -2.2405902000E-03   1.4928812930E-01  -1.0350596670E-01   9.8259432400E-02  -5.2261543000E-03
   22      1.4227813100E-02  -1.0350596670E-01   1.6486405890E-01  -8.5305828700E-02   5.1359080000E-03
   23      2.6474644400E-02   9.8259432400E-02  -8.5305828700E-02   5.8397094200E-02   2.7529035000E-03
   24      1.0325919000E-03  -5.2261543000E-03   5.1359080000E-03   2.7529035000E-03   1.1946165030E-01
   25     -7.1457730000E-04  -5.7328430000E-04  -8.6333290000E-04  -5.2532910000E-04  -1.1994460660E-01
   26     -4.6367000000E-03  -3.5532484000E-03   1.1553648000E-03   6.1916953000E-03   1.2044647000E-03
   27      3.6174000000E-04   1.3551131000E-03  -6.3210930000E-04  -3.6585330000E-04  -1.0274620000E-03
   28     -7.4171350000E-04   4.9294200000E-05  -3.4798300000E-04   8.7380280000E-04  -2.4232467000E-03
   29     -1.5246934000E-03   8.0876000000E-06  -3.3231180000E-04   1.4062618000E-03   4.7944800000E-05
   30      9.5018580000E-04   6.3656400000E-04   1.5217535000E-03   8.3773110000E-04  -1.3001817000E-03
   31     -1.0156650000E-03  -2.0317443000E-03   1.2479907000E-03   1.0555740000E-03  -7.7241510000E-04
   32      7.7204540000E-04  -5.4688700000E-04   1.1757231000E-03   2.0475527000E-03  -2.6719360000E-04
   33      5.4512980000E-04  -9.1274300000E-05  -2.1159467000E-03   3.2827760000E-04   1.3142337000E-03
   34     -1.3051912000E-03  -2.1837168000E-03   7.2863890000E-04   1.5102892000E-03  -7.6710690000E-04
   35      2.2937457000E-03  -2.6528340000E-04  -1.3570622000E-03   3.2804570000E-04   2.2032350000E-04
   36     -1.6220506000E-03   8.9015820000E-04   1.6282616000E-03  -2.3368421000E-03  -5.8875630000E-04
   37      1.2400946000E-03   1.6540846000E-03   2.0147463000E-03  -3.5729795000E-03   5.0340100000E-05
   38     -1.3854544000E-03  -1.5946470000E-04   1.2024396000E-03  -4.4492880000E-04   4.3896300000E-05
   39     -3.3524750000E-04  -4.2442220000E-04  -1.1595056000E-03  -2.0184920000E-04   1.2836509000E-03
   40      1.5093189000E-03  -1.5845500000E-05  -3.1424400000E-04   1.6736780000E-04   1.9411020000E-04
   41      1.1676397000E-03  -5.0840400000E-05  -1.0126067000E-03   7.0863510000E-04  -2.1670100000E-04
   42     -9.8572710000E-04   2.3642230000E-04  -2.0363585000E-03   1.0495970000E-04   1.3544314000E-03
   43      9.0246310000E-04  -1.7319814000E-03   1.0340965000E-03  -4.8371530000E-04  -6.9745400000E-05
   44      1.4173733000E-03   6.5874400000E-04  -1.2871997000E-03  -6.7003380000E-04   1.3159470000E-04
   45     -2.8587500000E-04   9.7039960000E-04   1.1596395000E-03   1.1994010000E-04  -8.8557520000E-04
   46      1.9908277000E-03  -7.6586950000E-04   1.7402478000E-03  -3.8407538000E-03   8.0940000000E-06
   47     -2.0150986000E-03  -2.6178320000E-04   1.4803211000E-03   2.4118198000E-03  -1.4676620000E-04
                   25                 26                 27                 28                 29        
    0      5.3622210000E-03  -6.9865466000E-03   4.2396010000E-04   1.1190797000E-03  -8.5777700000E-04
    1      2.1447139000E-03   4.1038968000E-03  -1.8642320000E-04   2.8250702000E-03   1.1397113000E-03
    2      2.0230636000E-03   2.7588544000E-03  -3.3027800000E-05   5.3711100000E-04  -8.4829840000E-04
    3      1.0670798870E-01   2.7315145000E-03   5.5548903000E-03   1.0597136700E-02   8.3200400000E-04
    4     -2.3689229820E-01   2.8184620000E-03  -1.0209427100E-02  -2.6898251100E-02  -2.7768839000E-03
    5      1.3638488000E-03  -2.5922450200E-02   5.4810750000E-04  -1.2590339000E-03   2.2135925000E-03
    6      1.1017559400E-02  -9.6365470000E-04  -9.8429855500E-02   1.0652059080E-01  -1.2368413000E-03
    7     -2.7281509500E-02   9.8583420000E-04   1.0734483260E-01  -2.3720395430E-01  -6.9957984000E-03
    8      7.4494410000E-04   1.9586387000E-03   3.8635905000E-03  -5.9710424000E-03  -2.3737023800E-02
    9      1.2304742000E-03   5.4086060000E-04  -2.2208236100E-02   4.8852042000E-03   8.0404709000E-03
   10      2.7955340000E-03  -1.4725371000E-03   2.0699344300E-02   2.0335193000E-03  -3.8325744000E-03
   11     -4.8008700000E-04  -5.2283030000E-04   7.7693748000E-03  -1.9704562000E-03   3.0047107000E-03
   12      2.1408210000E-04   1.2516315000E-03  -8.7835510000E-04   4.7328810000E-04  -4.8947911000E-03
   13     -7.9926550000E-04   1.3737722000E-03   2.4486961000E-03  -1.8782102000E-03   7.1567022000E-03
   14      2.9646430000E-04  -1.1659953000E-03  -3.5858928000E-03   2.0690264000E-03  -1.2933142000E-02
   15      6.6558500000E-05   4.6713347000E-03  -6.7426830000E-04  -1.2979500000E-05  -1.0891142000E-03
   16     -1.5582907000E-03  -5.1062768000E-03  -2.2651530000E-04  -1.1386341000E-03  -7.8496610000E-04
   17     -1.8518066000E-03  -1.0640170000E-02  -1.0272036000E-03  -7.4684540000E-04  -1.7129644000E-03
   18     -8.2532000000E-04   1.8079184000E-03  -1.3024556000E-03   1.5870590000E-04   3.9130460000E-04
   19      6.1197660000E-04   7.5725100000E-05  -6.8486430000E-04  -4.3931040000E-04  -1.0072219000E-03
   20     -7.1457730000E-04  -4.6367000000E-03   3.6174000000E-04  -7.4171350000E-04  -1.5246934000E-03
   21     -5.7328430000E-04  -3.5532484000E-03   1.3551131000E-03   4.9294200000E-05   8.0876000000E-06
   22     -8.6333290000E-04   1.1553648000E-03  -6.3210930000E-04  -3.4798300000E-04  -3.3231180000E-04
   23     -5.2532910000E-04   6.1916953000E-03  -3.6585330000E-04   8.7380280000E-04   1.4062618000E-03
   24     -1.1994460660E-01   1.2044647000E-03  -1.0274620000E-03  -2.4232467000E-03   4.7944800000E-05
   25      2.6403619090E-01  -2.4035080000E-04  -2.5779078000E-03  -3.8137401000E-03  -6.6239040000E-04
   26     -2.4035080000E-04   2.8284686700E-02  -1.3820910000E-04   5.1914460000E-04   2.5729390000E-03
   27     -2.5779078000E-03  -1.3820910000E-04   1.1726554770E-01  -1.1977955600E-01  -3.5660267000E-03
   28     -3.8137401000E-03   5.1914460000E-04  -1.1977955600E-01   2.6448632320E-01   5.1921415000E-03
   29     -6.6239040000E-04   2.5729390000E-03  -3.5660267000E-03   5.1921415000E-03   2.8412631100E-02
   30      1.6542910000E-04  -2.1208370000E-04   3.7758113000E-03  -5.9732320000E-04  -1.7124570000E-03
   31     -5.9243660000E-04   1.1601465000E-03  -3.6757800000E-04   3.4658950000E-04   3.8403450000E-04
   32      7.5533990000E-04  -1.4138712000E-03  -1.0217602000E-03   9.8161120000E-04  -4.2251280000E-03
   33      6.1259400000E-05  -1.0371030000E-04  -5.2440127000E-03  -5.9690810000E-04   3.4267989000E-03
   34     -2.9060750000E-04   3.9553850000E-04   5.0960229000E-03  -8.5457130000E-04  -1.8548521000E-03
   35     -8.0844790000E-04   1.4296598000E-03  -2.5559835000E-03   3.3759340000E-04   6.0982903000E-03
   36     -4.6177400000E-04  -6.0576550000E-04   1.2577751000E-03   7.6482700000E-05  -4.0949920000E-04
   37      7.4844280000E-04  -3.4270745000E-03   2.1837890000E-04   5.8024740000E-04   9.8869640000E-04
   38      7.6741040000E-04  -2.7383989000E-03  -6.9568050000E-04   6.3301760000E-04   1.3767415000E-03
   39      5.4155300000E-05   2.8770190000E-04  -4.9308690000E-04  -3.0928720000E-04  -1.5670910000E-04
   40      7.9257200000E-04  -1.9817120000E-04  -7.7315640000E-04   8.5899990000E-04   1.0529791000E-03
   41     -4.2107560000E-04   3.3429343000E-03   6.2345730000E-04  -8.2625340000E-04  -4.0023950000E-04
   42      8.6360000000E-07   3.4157730000E-04  -3.4878220000E-04  -4.5205130000E-04   1.0235567000E-03
   43      8.8249260000E-04  -1.5911525000E-03  -2.2295400000E-05   7.8058100000E-04   3.9511151000E-03
   44     -7.7569560000E-04   1.5322898000E-03   1.8531770000E-04  -6.6717340000E-04  -1.5636268000E-03
   45     -4.9769880000E-04  -2.7378520000E-04   9.7341700000E-04   2.9156980000E-04   1.5304810000E-04
   46      7.9558200000E-05  -5.5232180000E-04  -3.4744190000E-04   6.6332410000E-04  -1.6183814000E-03
   47      5.2868930000E-04  -1.0312821000E-03  -3.6195000000E-04   1.0390696000E-03   1.8599495000E-03
                   30                 31                 32                 33                 34        
    0     -7.0978930000E-04  -5.4155770000E-04   2.4577667000E-03   9.5364380000E-04  -2.7296030000E-04
    1      6.6327940000E-04  -7.9564800000E-05   2.3541278000E-03  -1.7485693000E-03   1.1725668000E-03
    2      1.0097845000E-03  -3.2599810000E-04   1.5030904000E-03   8.7768800000E-05  -3.1472980000E-04
    3     -4.6638533000E-03  -3.1896267000E-03   1.6755213000E-03   2.6840482000E-03   7.1205240000E-04
    4      2.1918529000E-03  -1.5110512000E-03   1.2251056000E-03   4.3075020000E-04  -1.6798569000E-03
    5      2.3785537000E-03  -6.7845280000E-04   4.8495284000E-03  -1.9215529000E-03  -6.8954600000E-05
    6     -1.3680039600E-02   2.6471812000E-03  -5.2778071000E-03  -1.7379887300E-02   1.5058536000E-03
    7     -2.6874646500E-02   1.6241920000E-04  -2.1022426000E-03   2.3124867500E-02  -4.2340221000E-03
    8      3.6930324000E-03  -3.1177717000E-03   1.4387697000E-03   1.4355078000E-02  -3.1288360000E-04
    9     -1.5140548080E-01  -1.2424117170E-01   6.1029033900E-02  -1.3866972130E-01   9.1320993300E-02
   10     -1.0704109460E-01  -1.3421804850E-01   5.5195151100E-02   8.2492485900E-02  -8.5796527200E-02
   11      4.6633825800E-02   5.3190686300E-02  -4.3359049000E-02   8.3634020800E-02  -7.7321129700E-02
   12     -8.3539680000E-04   1.2465624000E-03  -2.9200030000E-03  -1.5854669000E-03  -2.3471800000E-05
   13      2.7455010000E-04  -1.3629320000E-03  -3.1636802000E-03   1.8145669000E-03  -9.3070430000E-04
   14      5.6932900000E-04   4.7226580000E-04  -4.3713525000E-03  -1.3378571000E-03   2.8592649000E-03
   15     -1.2481005000E-03   1.0998887000E-03  -5.4611497000E-03  -1.8139250000E-04   1.6443015000E-03
   16      1.2164328000E-03  -1.2147857000E-03  -2.8353702000E-03   9.3692000000E-06  -7.6299130000E-04
   17     -1.2550886000E-03   2.9386770000E-04   1.1158017000E-03  -2.5265815000E-03  -2.5543280000E-04
   18     -2.6854467000E-03   1.2087616000E-03  -8.2513500000E-04   7.2639530000E-04   1.5135834000E-03
   19      1.1968049000E-03   9.0954400000E-05   9.7083790000E-04  -1.8489087000E-03   1.4692941000E-03
   20      9.5018580000E-04  -1.0156650000E-03   7.7204540000E-04   5.4512980000E-04  -1.3051912000E-03
   21      6.3656400000E-04  -2.0317443000E-03  -5.4688700000E-04  -9.1274300000E-05  -2.1837168000E-03
   22      1.5217535000E-03   1.2479907000E-03   1.1757231000E-03  -2.1159467000E-03   7.2863890000E-04
   23      8.3773110000E-04   1.0555740000E-03   2.0475527000E-03   3.2827760000E-04   1.5102892000E-03
   24     -1.3001817000E-03  -7.7241510000E-04  -2.6719360000E-04   1.3142337000E-03  -7.6710690000E-04
   25      1.6542910000E-04  -5.9243660000E-04   7.5533990000E-04   6.1259400000E-05  -2.9060750000E-04
   26     -2.1208370000E-04   1.1601465000E-03  -1.4138712000E-03  -1.0371030000E-04   3.9553850000E-04
   27      3.7758113000E-03  -3.6757800000E-04  -1.0217602000E-03  -5.2440127000E-03   5.0960229000E-03
   28     -5.9732320000E-04   3.4658950000E-04   9.8161120000E-04  -5.9690810000E-04  -8.5457130000E-04
   29     -1.7124570000E-03   3.8403450000E-04  -4.2251280000E-03   3.4267989000E-03  -1.8548521000E-03
   30      1.4960008260E-01   1.2995187500E-01  -5.3318679600E-02   1.9716812300E-02  -1.3692773000E-03
   31      1.2995187500E-01   2.1283805210E-01  -2.8916657500E-02  -3.8377289000E-03  -8.3188383200E-02
   32     -5.3318679600E-02  -2.8916657500E-02   1.6467088400E-02   8.2826860000E-04  -1.9730111200E-02
   33      1.9716812300E-02  -3.8377289000E-03   8.2826860000E-04   1.3635667830E-01  -9.6455216200E-02
   34     -1.3692773000E-03  -8.3188383200E-02  -1.9730111200E-02  -9.6455216200E-02   1.6973978290E-01
   35      1.0889497000E-03  -2.3262631400E-02   2.4382810100E-02  -9.6685112000E-02   9.7263090000E-02
   36      1.7110897000E-03  -1.9283166000E-03   1.2027029000E-03   3.4668000000E-04  -1.9435326000E-03
   37      9.4899160000E-04   1.9354001000E-03  -1.3325267000E-03  -1.5243653000E-03   9.9848340000E-04
   38     -3.1655230000E-04   9.6386270000E-04   1.5816830000E-03  -8.9217900000E-04   1.2069716000E-03
   39     -1.2121638000E-03   1.3127306000E-03   7.0843900000E-04   1.0962117000E-03   9.6661650000E-04
   40      1.7778400000E-05   2.3763563000E-03  -1.1582219000E-03  -1.0500588000E-03   2.5613620000E-03
   41     -4.2557400000E-05  -3.2777030000E-04  -1.2333808000E-03   3.0003750000E-04  -1.5434843000E-03
   42      6.6400000000E-05   7.6540240000E-04   1.5592411000E-03   1.2987708000E-03   1.7504500000E-03
   43     -1.3891666000E-03   1.3366045000E-03  -1.2403892000E-03   1.2284075000E-03   2.2535862000E-03
   44      7.3122100000E-05  -1.0697424000E-03  -1.2247256000E-03   3.6743190000E-04  -9.9642530000E-04
   45      2.2336925000E-03  -1.3222629000E-03   1.7764180000E-04  -1.3417192000E-03  -1.4945918000E-03
   46     -8.7723960000E-04   1.8328353000E-03  -2.1786973000E-03   1.5995400000E-05  -1.1860506000E-03
   47     -3.7709520000E-04   1.1942517000E-03   1.6691373000E-03  -4.0581890000E-04   4.6804030000E-04
                   35                 36                 37                 38                 39        
    0      9.3369770000E-04  -9.2284504000E-03  -8.0699708000E-03  -1.0383885800E-02   3.9361847000E-03
    1     -1.2198365000E-03   1.8729098000E-03   2.3126145000E-03  -8.6671200000E-05   5.7550250000E-04
    2      2.7466273000E-03   5.9152930000E-04   5.2062767000E-03  -1.3796757000E-03   5.8797076000E-03
    3     -2.1599384000E-03   2.2484762000E-03   5.1926401000E-03   2.7066935000E-03   2.1400122000E-03
    4     -1.9310045000E-03  -2.5646670000E-04  -6.8552980000E-04   2.1233040000E-04  -7.6056030000E-04
    5     -1.7467436000E-03   1.2832807400E-02   7.7172773000E-03   1.5080886000E-02  -7.1989440000E-04
    6     -7.3579070000E-03   2.0106488000E-03  -5.4598090000E-04   2.1472834000E-03   1.9236731000E-03
    7     -4.0965330000E-04   1.3686354000E-03  -1.5381873000E-03   4.9267158000E-03   8.7199260000E-04
    8      1.7697270700E-02   1.6473598000E-03   2.6992064000E-03  -2.0808840000E-03  -2.8651592000E-03
    9      1.1420598120E-01   2.6327548000E-03   4.3028175000E-03  -1.0008944000E-03  -1.6163180000E-04
   10     -8.1261238300E-02  -2.2010300000E-05  -2.4540478000E-03   6.4089330000E-04   2.2987756000E-03
   11     -9.6489495700E-02  -2.1564675000E-03  -1.0845310000E-03   3.8254648000E-03  -6.0291653000E-03
   12     -2.2227005000E-03  -3.9322817300E-02  -1.5966498300E-02   2.1899760000E-03  -2.1463968600E-02
   13      8.5369371000E-03   1.4950537000E-02   6.2354160000E-04  -5.8553700000E-05  -3.7010969900E-02
   14     -1.6754754500E-02   9.0633092000E-03   7.5607860000E-04  -1.8684994000E-03   1.4808664700E-02
   15     -6.4097500000E-03  -9.5403121100E-02   6.6214598000E-02   1.2299087340E-01  -3.2953887900E-02
   16     -3.9282640000E-04   4.8376524000E-02  -6.2297098400E-02  -7.6670610500E-02  -1.8749088900E-02
   17     -7.2192438000E-03   9.6883874000E-02  -9.7309059900E-02  -1.5245377580E-01   1.6231669500E-02
   18     -1.0517132000E-03   1.0455600000E-05  -1.4016119000E-03   2.0203030000E-04   2.0990113000E-03
   19     -8.9328410000E-04   1.1868089000E-03   1.1119971000E-03   4.9404780000E-04  -1.6744957000E-03
   20      2.2937457000E-03  -1.6220506000E-03   1.2400946000E-03  -1.3854544000E-03  -3.3524750000E-04
   21     -2.6528340000E-04   8.9015820000E-04   1.6540846000E-03  -1.5946470000E-04  -4.2442220000E-04
   22     -1.3570622000E-03   1.6282616000E-03   2.0147463000E-03   1.2024396000E-03  -1.1595056000E-03
   23      3.2804570000E-04  -2.3368421000E-03  -3.5729795000E-03  -4.4492880000E-04  -2.0184920000E-04
   24      2.2032350000E-04  -5.8875630000E-04   5.0340100000E-05   4.3896300000E-05   1.2836509000E-03
   25     -8.0844790000E-04  -4.6177400000E-04   7.4844280000E-04   7.6741040000E-04   5.4155300000E-05
   26      1.4296598000E-03  -6.0576550000E-04  -3.4270745000E-03  -2.7383989000E-03   2.8770190000E-04
   27     -2.5559835000E-03   1.2577751000E-03   2.1837890000E-04  -6.9568050000E-04  -4.9308690000E-04
   28      3.3759340000E-04   7.6482700000E-05   5.8024740000E-04   6.3301760000E-04  -3.0928720000E-04
   29      6.0982903000E-03  -4.0949920000E-04   9.8869640000E-04   1.3767415000E-03  -1.5670910000E-04
   30      1.0889497000E-03   1.7110897000E-03   9.4899160000E-04  -3.1655230000E-04  -1.2121638000E-03
   31     -2.3262631400E-02  -1.9283166000E-03   1.9354001000E-03   9.6386270000E-04   1.3127306000E-03
   32      2.4382810100E-02   1.2027029000E-03  -1.3325267000E-03   1.5816830000E-03   7.0843900000E-04
   33     -9.6685112000E-02   3.4668000000E-04  -1.5243653000E-03  -8.9217900000E-04   1.0962117000E-03
   34      9.7263090000E-02  -1.9435326000E-03   9.9848340000E-04   1.2069716000E-03   9.6661650000E-04
   35      6.7354774200E-02   2.0626660000E-04   8.1840640000E-04  -1.9576351000E-03   3.3347740000E-04
   36      2.0626660000E-04   1.3254932120E-01  -8.9796119700E-02  -1.2065397580E-01   8.1591349000E-03
   37      8.1840640000E-04  -8.9796119700E-02   1.1957121580E-01   7.6950086200E-02   3.7670090400E-02
   38     -1.9576351000E-03  -1.2065397580E-01   7.6950086200E-02   1.1833590700E-01   6.0716075000E-03
