
$orca_hessian_file

$act_atom
  0

$act_coord
  0

$act_energy
      -21.289751

$multiplicity
  1

$hessian
48
                    0                  1                  2                  3                  4        
    0      7.9746496320E-01   1.4725169900E-02   9.7320765600E-02  -4.7103431050E-01   3.3342747800E-02
    1      1.4725169900E-02   4.9403113740E-01  -3.7265454900E-02  -5.9165881000E-03  -7.1457283100E-02
    2      9.7320765600E-02  -3.7265454900E-02   1.0586615760E-01  -5.1918170900E-02  -2.2297290800E-02
    3     -4.7103431050E-01  -5.9165881000E-03  -5.1918170900E-02   7.4545827690E-01  -1.6003223300E-02
    4      3.3342747800E-02  -7.1457283100E-02  -2.2297290800E-02  -1.6003223300E-02   6.0121395590E-01
    5     -7.7797953000E-03   7.1720743000E-03   3.9698574000E-03   6.9683871500E-02  -1.1206954000E-02
    6     -7.3010273800E-02  -3.1065886200E-02   3.3320617500E-02  -6.2698820300E-02  -7.9892524700E-02
    7     -4.6815246500E-02  -2.0785772000E-03   2.9157800900E-02  -6.1020088000E-02  -2.6630837300E-01
    8     -8.0524017000E-03  -9.9385450000E-04   4.3870868000E-03   1.0289228300E-02   1.1085477700E-02
    9      6.6265835000E-03  -3.4982454000E-03  -6.0208838000E-03  -5.8084195000E-02  -2.5676869000E-02
   10     -8.0944787000E-03  -4.4457139000E-03   5.4167171000E-03  -2.0531633000E-02   4.2099347000E-03
   11      2.0644254700E-02  -1.4964414000E-03  -2.0146512500E-02  -6.2510523600E-02  -4.2719449300E-02
   12      1.6788274100E-02  -9.7798560000E-04  -2.0840954400E-02  -5.1635315300E-02  -3.2791690700E-02
   13      7.7434457000E-03  -1.8030018000E-03  -1.0460879300E-02  -2.3417326600E-02  -1.1972438300E-02
   14     -1.0389912100E-02   8.4981360000E-04   1.9542714800E-02   3.2652706200E-02   2.7496377200E-02
   15     -1.1102501300E-02   2.4189823000E-03   2.5711528300E-02   3.8388548100E-02   2.1184653000E-02
   16      2.2996600000E-05  -5.7102930000E-03   4.1891005000E-03   4.7418840000E-03   4.5193869000E-03
   17     -4.1164155000E-03   3.0700008000E-03   1.1418977000E-03   2.4797234000E-02   9.8609846000E-03
   18     -1.1635574070E-01  -1.1068578590E-01  -2.5362456500E-02  -1.7582289400E-02  -2.7438753700E-02
   19     -1.1183860760E-01  -2.1572575580E-01  -3.2284087600E-02  -1.4254405000E-03  -1.6052639000E-03
   20     -3.4231165400E-02  -4.0295097700E-02  -4.3537718500E-02   4.1082155000E-03   1.4450030000E-03
   21     -1.2569435780E-01   1.1001915280E-01  -4.9219673600E-02  -1.9348510200E-02   2.6439739600E-02
   22      1.0777117850E-01  -1.9142879360E-01   6.1152834600E-02   4.8651483000E-03  -1.6887771000E-03
   23     -5.6628186900E-02   6.8026845000E-02  -6.1146160700E-02   2.5516768000E-03   2.5529976000E-03
   24     -2.2959090800E-02   2.6591019900E-02  -5.8367131000E-03  -1.0539270360E-01   1.0835841140E-01
   25      4.3006484000E-03  -1.0190847000E-03   5.3633300000E-04   1.0837815730E-01  -2.3117018420E-01
   26     -1.5501495000E-03   1.1802322000E-03   4.3993420000E-04  -1.5231482300E-02   2.7545308700E-02
   27      1.6517587000E-03  -1.2471910000E-03   1.9903510000E-04   6.2999957000E-03  -1.1978409500E-02
   28      7.9969490000E-04   1.0417613000E-03   3.1287520000E-04   1.1374445300E-02  -2.6392956500E-02
   29     -7.6369170000E-04   1.6505900000E-04  -3.6723620000E-04   2.8108468000E-03   1.7537497000E-03
   30     -6.9023530000E-04  -9.7511850000E-04  -4.5243650000E-04  -6.4947961000E-03  -6.2556500000E-05
   31     -8.6251000000E-05  -6.7902700000E-05  -2.4979440000E-04  -1.2918035000E-03   4.3291350000E-04
   32     -4.8480760000E-04  -5.8355520000E-04  -4.4216840000E-04  -3.9389472000E-03   1.1549193000E-03
   33      9.5493600000E-04  -1.6125630000E-04  -5.1005980000E-04  -1.4983080000E-04   1.4896637000E-03
   34     -8.4607200000E-05  -4.5090400000E-05  -8.8587700000E-05  -3.3035341000E-03   9.5879830000E-04
   35     -1.0465832000E-03   5.6097800000E-05   1.0039438000E-03   4.9412176000E-03   2.6266712000E-03
   36      8.3205200000E-04  -3.7575610000E-04  -1.4040467000E-03  -2.6916056000E-03  -6.5120970000E-04
   37     -2.1986910000E-04   2.8016530000E-04   1.4405210000E-04   4.7160210000E-04  -9.0252090000E-04
   38      2.1340619000E-03  -1.1747987000E-03  -3.8712583000E-03  -5.6150079000E-03  -2.6922913000E-03
   39     -1.3879341000E-03   1.0844822000E-03   4.6405160000E-04   1.5042027000E-03   6.5955230000E-04
   40      4.0541900000E-05  -3.9363900000E-05  -1.2543800000E-04   5.1476630000E-04  -6.3059210000E-04
   41     -1.8565669000E-03   1.5417738000E-03  -3.8182090000E-04   9.6716970000E-04   1.3565665000E-03
   42     -9.4986090000E-04  -5.2050370000E-04   2.8191277000E-03   2.3035652000E-03   1.7737038000E-03
   43     -7.0525080000E-04  -6.5483360000E-04   1.4352885000E-03   2.1449485000E-03   1.0726552000E-03
   44      5.6379078000E-03  -5.4814950000E-04  -4.8905138000E-03  -1.0264527300E-02  -7.2128279000E-03
   45     -1.1342623000E-03   5.8550980000E-04   1.7302694000E-03   1.1577882000E-03   1.2467655000E-03
   46     -9.0211280000E-04  -8.7737030000E-04   4.2653090000E-04   4.1868520000E-04  -2.7925550000E-04
   47      1.1626858000E-03   2.9545550000E-04  -1.5682029000E-03  -3.3235071000E-03  -7.4924220000E-04
                    5                  6                  7                  8                  9        
    0     -7.7797953000E-03  -7.3010273800E-02  -4.6815246500E-02  -8.0524017000E-03   6.6265835000E-03
    1      7.1720743000E-03  -3.1065886200E-02  -2.0785772000E-03  -9.9385450000E-04  -3.4982454000E-03
    2      3.9698574000E-03   3.3320617500E-02   2.9157800900E-02   4.3870868000E-03  -6.0208838000E-03
    3      6.9683871500E-02  -6.2698820300E-02  -6.1020088000E-02   1.0289228300E-02  -5.8084195000E-02
    4     -1.1206954000E-02  -7.9892524700E-02  -2.6630837300E-01   1.1085477700E-02  -2.5676869000E-02
    5      9.9903475700E-02  -9.5996726000E-03  -1.6777815900E-02  -2.2311042500E-02  -1.0716767000E-03
    6     -9.5996726000E-03   6.3831732780E-01  -3.8644184300E-02   1.1350130310E-01  -3.7730158740E-01
    7     -1.6777815900E-02  -3.8644184300E-02   6.1284500710E-01  -4.5340627800E-02   4.9226229500E-02
    8     -2.2311042500E-02   1.1350130310E-01  -4.5340627800E-02   1.9322871860E-01  -1.2635674160E-01
    9     -1.0716767000E-03  -3.7730158740E-01   4.9226229500E-02  -1.2635674160E-01   7.3733370090E-01
   10     -8.1882073000E-03   1.9918867700E-02  -7.6909105900E-02  -2.4137080000E-04  -2.0042745000E-03
   11      6.7444000000E-03  -3.9642291500E-02   3.0260848400E-02  -2.2087717800E-02   8.2784424500E-02
   12     -7.7619051000E-03   5.8759689300E-02   1.7352574600E-02   2.6520743900E-02  -2.9685490400E-02
   13      2.1950706000E-03   2.9173985000E-02   1.4750980800E-02   2.2356310700E-02  -8.8014367000E-03
   14     -3.3098892000E-02  -1.0239677040E-01  -9.4872773000E-03  -8.5266867200E-02   2.0296144600E-02
   15     -2.3210473800E-02  -5.2193685200E-02  -2.6436794200E-02  -6.4611842000E-03   8.2245188000E-03
   16     -2.2555800000E-03  -2.4507202600E-02  -5.3295030000E-04   6.2805602000E-03   2.7866813000E-03
   17     -1.6148469300E-02   4.5296615000E-03   8.1791381000E-03  -4.7526794500E-02   3.2789047000E-03
   18      2.1716440000E-04  -5.5724795000E-03   7.8549510000E-04  -2.8221276000E-03  -1.5573554000E-03
   19      5.6925990000E-04  -1.9225166000E-03   1.1198534000E-03  -7.4301710000E-04  -1.5052790000E-04
   20      1.3499809000E-03  -4.5398972000E-03  -1.8946955000E-03   1.0143955200E-02   1.8628235000E-03
   21     -5.9371506000E-03   2.2131535000E-03   1.4420793000E-03   1.2751200000E-03   2.5211000000E-06
   22      7.1060500000E-05  -1.0582785000E-03   1.7071917000E-03  -3.6811440000E-04  -1.6823320000E-04
   23     -5.0800030000E-04  -1.7372961000E-03  -1.0698051000E-03  -4.9927958000E-03   7.4399910000E-04
   24     -1.3661969500E-02   5.8487861000E-03  -9.3955460000E-03   1.3693952000E-03   6.5407820000E-04
   25      2.6841809800E-02   1.1066953800E-02  -2.6769591500E-02   2.2971227000E-03   1.4109322000E-03
   26     -3.9001048400E-02  -6.9149220000E-04   1.5671198000E-03  -2.8594040000E-04  -1.6197860000E-04
   27      4.6786300000E-05  -1.0152607240E-01   1.1244257500E-01  -5.9902509000E-03  -1.7046128300E-02
   28      1.6182067000E-03   1.1084170750E-01  -2.4767702810E-01   3.4292239000E-03   3.8910674000E-03
   29     -1.3541169000E-03  -3.8082593000E-03  -6.8500860000E-04  -2.5338927400E-02  -5.3676247000E-03
   30     -1.8676016000E-03  -1.5714259600E-02  -2.2317277600E-02  -1.5206089000E-03  -1.5402354510E-01
   31      1.1883920000E-04   2.7878500000E-05   2.3307002000E-03  -8.3850470000E-04  -1.2205729620E-01
   32      7.1801392000E-03  -6.7462918000E-03  -9.8629643000E-03  -7.9355310000E-04   7.9468392000E-03
   33     -1.5527110000E-04  -1.4197956400E-02   2.4504191400E-02   2.6101009000E-03  -1.1422218810E-01
   34      6.3107980000E-04   7.6844667000E-03  -5.1224281000E-03   2.1061326000E-03   1.0523823760E-01
   35     -3.8726564000E-03  -1.2514025800E-02   9.3042291000E-03  -1.5315746000E-03   3.1175017700E-02
   36      1.6532553000E-03   2.6402543000E-03   2.6889165000E-03  -1.7484753000E-03  -2.2800283000E-03
   37     -8.9174360000E-04  -6.1414430000E-04  -1.5481964000E-03   5.2847890000E-04  -9.9469980000E-04
   38      2.2679195000E-03   8.1369628000E-03   5.7479749000E-03  -3.7489010000E-04  -2.1223406000E-03
   39      8.9228400000E-05   4.7086380000E-04  -9.2205190000E-04  -1.7510634000E-03  -1.0746343000E-03
   40      3.9510600000E-04  -3.1236190000E-04  -1.0357182000E-03  -2.2262520000E-04  -2.1742870000E-04
   41     -3.6231919000E-03   5.1527920000E-03  -3.0229942000E-03  -2.5549646000E-03  -5.8884840000E-04
   42     -3.8743920000E-04  -4.5712049000E-03  -7.1042670000E-04   1.1742277000E-03   1.9622258000E-03
   43     -6.0598020000E-04  -1.9718007000E-03  -2.0402602000E-03  -3.4231260000E-04   1.1031233000E-03
   44     -1.2578248000E-03   1.2622679000E-02   2.1448474000E-03   2.7965539000E-03  -6.0900393000E-03
   45     -2.5735020000E-04  -1.4637352000E-03  -2.1804463000E-03  -2.0372655000E-03   4.7152390000E-04
   46      3.1377420000E-04   1.2750406000E-03  -2.7315044000E-03   1.0071205000E-03  -8.7260100000E-05
   47     -2.4053010000E-04   4.4119811000E-03   1.7792302000E-03   2.5087536000E-03  -3.0801960000E-04
                   10                 11                 12                 13                 14        
    0     -8.0944787000E-03   2.0644254700E-02   1.6788274100E-02   7.7434457000E-03  -1.0389912100E-02
    1     -4.4457139000E-03  -1.4964414000E-03  -9.7798560000E-04  -1.8030018000E-03   8.4981360000E-04
    2      5.4167171000E-03  -2.0146512500E-02  -2.0840954400E-02  -1.0460879300E-02   1.9542714800E-02
    3     -2.0531633000E-02  -6.2510523600E-02  -5.1635315300E-02  -2.3417326600E-02   3.2652706200E-02
    4      4.2099347000E-03  -4.2719449300E-02  -3.2791690700E-02  -1.1972438300E-02   2.7496377200E-02
    5     -8.1882073000E-03   6.7444000000E-03  -7.7619051000E-03   2.1950706000E-03  -3.3098892000E-02
    6      1.9918867700E-02  -3.9642291500E-02   5.8759689300E-02   2.9173985000E-02  -1.0239677040E-01
    7     -7.6909105900E-02   3.0260848400E-02   1.7352574600E-02   1.4750980800E-02  -9.4872773000E-03
    8     -2.4137080000E-04  -2.2087717800E-02   2.6520743900E-02   2.2356310700E-02  -8.5266867200E-02
    9     -2.0042745000E-03   8.2784424500E-02  -2.9685490400E-02  -8.8014367000E-03   2.0296144600E-02
   10      5.0109916690E-01   6.0993180900E-02   1.6389817000E-02  -1.6987550400E-02  -2.7962179300E-02
   11      6.0993180900E-02   5.3437747000E-02  -9.6903138200E-02  -3.9831089100E-02   1.0855415140E-01
   12      1.6389817000E-02  -9.6903138200E-02   4.6447841060E-01  -2.4511737600E-02   1.9849937580E-01
   13     -1.6987550400E-02  -3.9831089100E-02  -2.4511737600E-02   2.5189153660E-01  -2.2326994600E-02
   14     -2.7962179300E-02   1.0855415140E-01   1.9849937580E-01  -2.2326994600E-02   1.5165978390E-01
   15     -1.3842175500E-02   6.7386584900E-02  -2.2327342810E-01  -5.6732364800E-02  -3.6630455400E-02
   16     -6.5916649000E-03   2.7641207500E-02  -7.1458910800E-02  -9.0608563200E-02  -1.6596484300E-02
   17      7.3133050000E-04   8.8134398000E-03   5.6460563100E-02   1.4138401400E-02  -4.9425845500E-02
   18     -1.0918083000E-03   6.6386830000E-04   4.5342670000E-04   1.9838550000E-04   1.7102130000E-04
   19     -8.9744650000E-04   9.4166730000E-04   1.1266752000E-03  -3.1857030000E-04  -2.7072100000E-05
   20     -2.0058540000E-04   8.9774310000E-04   1.3897488000E-03   1.2695438000E-03  -8.1868680000E-04
   21     -1.7020330000E-04  -8.8238900000E-05  -6.0215500000E-05   5.8065400000E-05   4.4829150000E-04
   22     -5.6816470000E-04  -3.3643600000E-04  -1.7233460000E-04  -5.7386970000E-04  -1.3460820000E-04
   23      6.7153500000E-05   4.2680190000E-04   8.7175170000E-04  -1.6247130000E-04  -4.2257780000E-04
   24     -3.3779096000E-03  -1.7642100000E-05  -5.7222710000E-04  -6.1407300000E-05  -3.1333420000E-04
   25      1.9496870000E-04   4.1922350000E-04   1.1079970000E-04  -1.1633659000E-03  -1.4426510000E-04
   26     -3.0296940000E-04  -1.0828116000E-03   4.1879900000E-05   2.8995850000E-04  -3.5628130000E-04
   27      2.5091540200E-02   1.5809320000E-04  -8.1615880000E-04   4.9478990000E-04   8.5747000000E-05
   28     -2.6927991000E-03   1.5106182000E-03   1.2325158000E-03  -7.6500570000E-04  -5.4683570000E-04
   29      6.4125726000E-03  -2.2261970000E-04   4.4091140000E-04  -7.2417010000E-04  -1.2997009000E-03
   30     -1.2200519850E-01   4.2374876000E-03  -2.4177551000E-03  -2.7263567000E-03   1.3285023000E-03
   31     -1.8404542760E-01   5.4895650000E-03  -2.8835090000E-04  -1.9276214000E-03  -2.9912450000E-04
   32      8.1092255000E-03  -3.9427598800E-02   6.3825193000E-03   6.9083339000E-03   6.1475450000E-04
   33      1.0863097900E-01   2.4458225400E-02  -4.1843467000E-03   2.3750339000E-03   5.1052131000E-03
   34     -2.0943479380E-01  -4.3586693500E-02  -7.2374730000E-04  -3.4868800000E-05   7.7028920000E-04
   35     -4.8082707000E-02  -3.6645650900E-02   1.0669811400E-02  -5.5245840000E-03  -1.3575182600E-02
   36      1.4295432000E-03  -7.1988960000E-03  -2.9503228600E-02   4.2740436000E-03   1.8856824100E-02
   37     -3.0125080000E-04   1.5290841000E-03  -8.9566525000E-03   4.6652268000E-03   3.0107792000E-03
   38      3.2564828000E-03  -1.3313221300E-02  -1.1831823800E-02  -1.1882269200E-02   1.1448558300E-02
   39     -4.6272010000E-04  -2.3055686000E-03  -9.1932515000E-03  -2.7378905400E-02   5.8444247000E-03
   40     -7.3648900000E-05   3.7949700000E-04  -4.8420398000E-03  -1.5490569100E-02   1.7028831000E-03
   41      1.2916372000E-03  -8.2127254000E-03  -7.7086574000E-03   4.8928307000E-03   7.7295108000E-03
   42     -1.4972421000E-03   6.4395482000E-03  -1.7668339430E-01   9.5846368300E-02  -1.3189416300E-01
   43      9.7465100000E-04   3.0099149000E-03   1.0004754560E-01  -6.5290064300E-02   7.0826764700E-02
   44      9.5078179000E-03  -2.5278664500E-02  -1.5253321600E-01   6.8708142800E-02  -8.9838463500E-02
   45      1.6168963000E-03   1.8938121000E-03  -1.2454989300E-02   3.4654177000E-03  -1.6636156000E-03
   46     -3.5311548000E-03  -4.2046973000E-03   8.4635218000E-03  -6.4372255500E-02  -2.7132066000E-02
   47     -1.0808098800E-02  -1.2456760800E-02  -3.6976103000E-03  -2.9846134900E-02  -2.5446976200E-02
                   15                 16                 17                 18                 19        
    0     -1.1102501300E-02   2.2996600000E-05  -4.1164155000E-03  -1.1635574070E-01  -1.1183860760E-01
    1      2.4189823000E-03  -5.7102930000E-03   3.0700008000E-03  -1.1068578590E-01  -2.1572575580E-01
    2      2.5711528300E-02   4.1891005000E-03   1.1418977000E-03  -2.5362456500E-02  -3.2284087600E-02
    3      3.8388548100E-02   4.7418840000E-03   2.4797234000E-02  -1.7582289400E-02  -1.4254405000E-03
    4      2.1184653000E-02   4.5193869000E-03   9.8609846000E-03  -2.7438753700E-02  -1.6052639000E-03
    5     -2.3210473800E-02  -2.2555800000E-03  -1.6148469300E-02   2.1716440000E-04   5.6925990000E-04
    6     -5.2193685200E-02  -2.4507202600E-02   4.5296615000E-03  -5.5724795000E-03  -1.9225166000E-03
    7     -2.6436794200E-02  -5.3295030000E-04   8.1791381000E-03   7.8549510000E-04   1.1198534000E-03
    8     -6.4611842000E-03   6.2805602000E-03  -4.7526794500E-02  -2.8221276000E-03  -7.4301710000E-04
    9      8.2245188000E-03   2.7866813000E-03   3.2789047000E-03  -1.5573554000E-03  -1.5052790000E-04
   10     -1.3842175500E-02  -6.5916649000E-03   7.3133050000E-04  -1.0918083000E-03  -8.9744650000E-04
   11      6.7386584900E-02   2.7641207500E-02   8.8134398000E-03   6.6386830000E-04   9.4166730000E-04
   12     -2.2327342810E-01  -7.1458910800E-02   5.6460563100E-02   4.5342670000E-04   1.1266752000E-03
   13     -5.6732364800E-02  -9.0608563200E-02   1.4138401400E-02   1.9838550000E-04  -3.1857030000E-04
   14     -3.6630455400E-02  -1.6596484300E-02  -4.9425845500E-02   1.7102130000E-04  -2.7072100000E-05
   15      4.6135903140E-01   3.0835781300E-02  -1.9792844220E-01  -1.3231280000E-04  -6.4098660000E-04
   16      3.0835781300E-02   4.8631337910E-01  -1.5625526100E-02  -3.9753660000E-04  -6.2069960000E-04
   17     -1.9792844220E-01  -1.5625526100E-02   2.5866591210E-01  -9.6083260000E-04  -8.1941220000E-04
   18     -1.3231280000E-04  -3.9753660000E-04  -9.6083260000E-04   1.3158343100E-01   1.2598526300E-01
   19     -6.4098660000E-04  -6.2069960000E-04  -8.1941220000E-04   1.2598526300E-01   2.4900133950E-01
   20      1.4889671000E-03   7.9692650000E-04   1.5503089000E-03   2.8218232000E-02   3.2115701500E-02
   21     -8.9531480000E-04   2.2148670000E-04  -4.3282420000E-04   7.5005252000E-03  -1.1506648300E-02
   22     -2.6424000000E-04  -4.4633940000E-04   5.1244120000E-04   1.2942756200E-02  -3.5282337100E-02
   23      1.4551877000E-03  -6.4151900000E-05   6.1159190000E-04  -1.6773480000E-04   6.4443720000E-04
   24     -1.1214470000E-04   5.1721100000E-04   4.8860630000E-04   1.3142510000E-03   8.7456790000E-04
   25      1.0231855000E-03  -1.0721006000E-03  -8.8158020000E-04  -6.7831050000E-04   8.8758210000E-04
   26      1.1300464000E-03  -6.9901020000E-04  -3.1111004000E-03   8.6662000000E-04   1.6752110000E-04
   27     -7.4782250000E-04   4.8961030000E-04   3.7300410000E-04  -3.5363670000E-04   8.9249900000E-05
   28     -3.3869030000E-04  -1.3115188000E-03  -1.0771159000E-03   3.4422760000E-04   2.2884620000E-04
   29     -8.5805960000E-04  -1.3256467000E-03   2.8304680000E-04   1.6596230000E-04  -3.8456680000E-04
   30     -3.9449900000E-04  -3.7319900000E-05  -1.0097050000E-04  -9.6404520000E-04   1.0682160000E-04
   31      7.9619310000E-04  -5.5442330000E-04  -6.3376270000E-04   8.7757800000E-05   2.5773470000E-04
   32     -8.5513400000E-05  -2.9178780000E-04  -2.2180999000E-03  -6.8487520000E-04  -2.8559270000E-04
   33      7.4299580000E-04   3.6771660000E-04   3.8064380000E-04   1.7476010000E-04  -2.0927320000E-04
   34      9.2060680000E-04  -5.0560830000E-04  -1.8296930000E-04   4.2705900000E-05   2.7388610000E-04
   35     -4.1334465000E-03  -1.2128749000E-03  -7.2498760000E-04  -4.7452860000E-04   4.6930000000E-06
   36     -1.4250282890E-01   7.4851758800E-02   1.1466754260E-01   1.5177920000E-04   2.2437460000E-04
   37      7.4534633100E-02  -8.7623945700E-02  -6.7214073000E-02  -2.6874560000E-04   6.0119180000E-04
   38      1.4249942440E-01  -7.1176841500E-02  -1.2064459060E-01   1.1867220000E-04   4.1281100000E-05
   39     -3.5819729400E-02   6.5161400000E-04   1.1027202200E-02   5.1824300000E-04  -1.3319640000E-04
   40     -5.4585752000E-03  -2.7576468690E-01   5.3762511900E-02   2.1908000000E-05   5.1891510000E-04
   41      1.5540583300E-02   6.9815110000E-02  -3.4571209800E-02   5.1361800000E-05   2.6012070000E-04
   42     -3.3923341600E-02   4.5446994000E-03  -6.8094571000E-03   9.8661700000E-04  -9.3807260000E-04
   43     -1.2941845300E-02   2.1280099000E-03  -1.4170487000E-03   1.1117370000E-04   5.4435110000E-04
   44      1.5429440900E-02   7.3431424000E-03   2.7970769000E-03   1.7484900000E-05  -9.6956700000E-05
   45     -7.6174859000E-03  -2.3630469900E-02  -5.6544202000E-03  -1.6517340000E-04   3.5831740000E-04
   46     -1.5058363200E-02  -2.1617982100E-02  -2.4033202000E-03   4.1268000000E-05   1.0163731000E-03
   47     -1.3341880000E-03  -6.8181437000E-03   5.0782340000E-04  -1.7831800000E-05  -1.0397680000E-04
                   20                 21                 22                 23                 24        
    0     -3.4231165400E-02  -1.2569435780E-01   1.0777117850E-01  -5.6628186900E-02  -2.2959090800E-02
    1     -4.0295097700E-02   1.1001915280E-01  -1.9142879360E-01   6.8026845000E-02   2.6591019900E-02
    2     -4.3537718500E-02  -4.9219673600E-02   6.1152834600E-02  -6.1146160700E-02  -5.8367131000E-03
    3      4.1082155000E-03  -1.9348510200E-02   4.8651483000E-03   2.5516768000E-03  -1.0539270360E-01
    4      1.4450030000E-03   2.6439739600E-02  -1.6887771000E-03   2.5529976000E-03   1.0835841140E-01
    5      1.3499809000E-03  -5.9371506000E-03   7.1060500000E-05  -5.0800030000E-04  -1.3661969500E-02
    6     -4.5398972000E-03   2.2131535000E-03  -1.0582785000E-03  -1.7372961000E-03   5.8487861000E-03
    7     -1.8946955000E-03   1.4420793000E-03   1.7071917000E-03  -1.0698051000E-03  -9.3955460000E-03
    8      1.0143955200E-02   1.2751200000E-03  -3.6811440000E-04  -4.9927958000E-03   1.3693952000E-03
    9      1.8628235000E-03   2.5211000000E-06  -1.6823320000E-04   7.4399910000E-04   6.5407820000E-04
   10     -2.0058540000E-04  -1.7020330000E-04  -5.6816470000E-04   6.7153500000E-05  -3.3779096000E-03
   11      8.9774310000E-04  -8.8238900000E-05  -3.3643600000E-04   4.2680190000E-04  -1.7642100000E-05
   12      1.3897488000E-03  -6.0215500000E-05  -1.7233460000E-04   8.7175170000E-04  -5.7222710000E-04
   13      1.2695438000E-03   5.8065400000E-05  -5.7386970000E-04  -1.6247130000E-04  -6.1407300000E-05
   14     -8.1868680000E-04   4.4829150000E-04  -1.3460820000E-04  -4.2257780000E-04  -3.1333420000E-04
   15      1.4889671000E-03  -8.9531480000E-04  -2.6424000000E-04   1.4551877000E-03  -1.1214470000E-04
   16      7.9692650000E-04   2.2148670000E-04  -4.4633940000E-04  -6.4151900000E-05   5.1721100000E-04
   17      1.5503089000E-03  -4.3282420000E-04   5.1244120000E-04   6.1159190000E-04   4.8860630000E-04
   18      2.8218232000E-02   7.5005252000E-03   1.2942756200E-02  -1.6773480000E-04   1.3142510000E-03
   19      3.2115701500E-02  -1.1506648300E-02  -3.5282337100E-02   6.4443720000E-04   8.7456790000E-04
   20      2.8063394800E-02   2.1331570000E-03   7.6209239000E-03   7.2425944000E-03   1.8828500000E-04
   21      2.1331570000E-03   1.3960393420E-01  -1.2375133790E-01   5.4338115600E-02  -5.2033823000E-03
   22      7.6209239000E-03  -1.2375133790E-01   2.2448016780E-01  -6.9621634700E-02   7.0235780000E-04
   23      7.2425944000E-03   5.4338115600E-02  -6.9621634700E-02   4.7386887800E-02   3.9264440000E-04
   24      1.8828500000E-04  -5.2033823000E-03   7.0235780000E-04   3.9264440000E-04   1.2820650710E-01
   25     -6.8123630000E-04  -6.3119060000E-04   7.6262690000E-04   3.6285990000E-04  -1.2075294960E-01
   26     -4.2067110000E-03  -1.7604072000E-03   1.6227028000E-03   9.8002446000E-03   1.7353997800E-02
   27      1.5955310000E-04  -1.2242010000E-04  -2.0599330000E-04  -1.0627160000E-04  -1.3496516000E-03
   28     -1.6047700000E-05  -6.2711330000E-04  -7.5526000000E-06  -2.1351510000E-04  -2.3134225000E-03
   29     -4.6987470000E-04  -1.0377880000E-04  -3.3562690000E-04   4.3114560000E-04  -4.2993370000E-04
   30      7.8110280000E-04   1.6987840000E-04   1.1068690000E-04   1.6385940000E-04  -2.3137620000E-04
   31      1.4500380000E-04  -3.2442350000E-04   2.7278350000E-04   1.7031600000E-05  -2.4864550000E-04
   32     -9.9443210000E-04  -4.9841490000E-04  -4.9768000000E-05   8.4811730000E-04  -5.6856500000E-05
   33      2.5164130000E-04  -6.4317000000E-06  -3.5753780000E-04   2.6820420000E-04  -7.0329380000E-04
   34     -3.4077800000E-05  -4.0362950000E-04   1.3891530000E-04  -8.0288300000E-05  -7.4044820000E-04
   35      9.1365560000E-04  -3.7255400000E-04   6.9297300000E-05   3.3078760000E-04   1.2631950000E-04
   36     -5.0994440000E-04   5.7711760000E-04   2.5859750000E-04  -6.5683580000E-04  -1.2434200000E-04
   37      2.8162400000E-05   4.0755000000E-06   6.8514600000E-04  -5.0979000000E-05  -1.5777820000E-04
   38     -3.3996700000E-04   3.2668800000E-05   2.4696230000E-04   1.3509500000E-05   3.0500000000E-08
   39     -5.6032160000E-04   1.9095220000E-04  -1.2332890000E-04  -6.9741610000E-04   3.1202540000E-04
   40     -1.1306600000E-04  -1.7004030000E-04   4.1632800000E-04  -5.1427300000E-05  -5.4871100000E-05
   41     -3.3022530000E-04   3.6247690000E-04   3.9770000000E-06  -5.9855500000E-04   4.3883300000E-04
   42     -5.5834290000E-04   3.9310010000E-04  -9.4614320000E-04  -5.4383470000E-04   6.3646830000E-04
   43     -1.5217210000E-04  -3.4272860000E-04   5.6128210000E-04  -1.0330970000E-04   1.1417870000E-04
   44      7.8438720000E-04   1.3482620000E-04  -4.8642010000E-04  -2.5790760000E-04  -1.1993070000E-04
   45     -1.8205460000E-04   6.7945020000E-04   3.9670230000E-04  -2.4786290000E-04  -3.2390400000E-04
   46     -3.4286300000E-05  -2.5728400000E-04   9.7139270000E-04  -2.5374240000E-04  -5.4768500000E-05
   47     -2.4840470000E-04  -3.1161370000E-04   3.2408900000E-05   8.3431650000E-04   7.8268100000E-05
                   25                 26                 27                 28                 29        
    0      4.3006484000E-03  -1.5501495000E-03   1.6517587000E-03   7.9969490000E-04  -7.6369170000E-04
    1     -1.0190847000E-03   1.1802322000E-03  -1.2471910000E-03   1.0417613000E-03   1.6505900000E-04
    2      5.3633300000E-04   4.3993420000E-04   1.9903510000E-04   3.1287520000E-04  -3.6723620000E-04
    3      1.0837815730E-01  -1.5231482300E-02   6.2999957000E-03   1.1374445300E-02   2.8108468000E-03
    4     -2.3117018420E-01   2.7545308700E-02  -1.1978409500E-02  -2.6392956500E-02   1.7537497000E-03
    5      2.6841809800E-02  -3.9001048400E-02   4.6786300000E-05   1.6182067000E-03  -1.3541169000E-03
    6      1.1066953800E-02  -6.9149220000E-04  -1.0152607240E-01   1.1084170750E-01  -3.8082593000E-03
    7     -2.6769591500E-02   1.5671198000E-03   1.1244257500E-01  -2.4767702810E-01  -6.8500860000E-04
    8      2.2971227000E-03  -2.8594040000E-04  -5.9902509000E-03   3.4292239000E-03  -2.5338927400E-02
    9      1.4109322000E-03  -1.6197860000E-04  -1.7046128300E-02   3.8910674000E-03  -5.3676247000E-03
   10      1.9496870000E-04  -3.0296940000E-04   2.5091540200E-02  -2.6927991000E-03   6.4125726000E-03
   11      4.1922350000E-04  -1.0828116000E-03   1.5809320000E-04   1.5106182000E-03  -2.2261970000E-04
   12      1.1079970000E-04   4.1879900000E-05  -8.1615880000E-04   1.2325158000E-03   4.4091140000E-04
   13     -1.1633659000E-03   2.8995850000E-04   4.9478990000E-04  -7.6500570000E-04  -7.2417010000E-04
   14     -1.4426510000E-04  -3.5628130000E-04   8.5747000000E-05  -5.4683570000E-04  -1.2997009000E-03
   15      1.0231855000E-03   1.1300464000E-03  -7.4782250000E-04  -3.3869030000E-04  -8.5805960000E-04
   16     -1.0721006000E-03  -6.9901020000E-04   4.8961030000E-04  -1.3115188000E-03  -1.3256467000E-03
   17     -8.8158020000E-04  -3.1111004000E-03   3.7300410000E-04  -1.0771159000E-03   2.8304680000E-04
   18     -6.7831050000E-04   8.6662000000E-04  -3.5363670000E-04   3.4422760000E-04   1.6596230000E-04
   19      8.8758210000E-04   1.6752110000E-04   8.9249900000E-05   2.2884620000E-04  -3.8456680000E-04
   20     -6.8123630000E-04  -4.2067110000E-03   1.5955310000E-04  -1.6047700000E-05  -4.6987470000E-04
   21     -6.3119060000E-04  -1.7604072000E-03  -1.2242010000E-04  -6.2711330000E-04  -1.0377880000E-04
   22      7.6262690000E-04   1.6227028000E-03  -2.0599330000E-04  -7.5526000000E-06  -3.3562690000E-04
   23      3.6285990000E-04   9.8002446000E-03  -1.0627160000E-04  -2.1351510000E-04   4.3114560000E-04
   24     -1.2075294960E-01   1.7353997800E-02  -1.3496516000E-03  -2.3134225000E-03  -4.2993370000E-04
   25      2.6083173140E-01  -2.9475092900E-02  -2.8511816000E-03  -3.6110165000E-03   1.9256520000E-04
   26     -2.9475092900E-02   3.4310488200E-02  -6.2091010000E-04   2.2269600000E-04   5.1264879000E-03
   27     -2.8511816000E-03  -6.2091010000E-04   1.1645361170E-01  -1.2393373260E-01   9.1014631000E-03
   28     -3.6110165000E-03   2.2269600000E-04  -1.2393373260E-01   2.7805098210E-01  -5.9568019000E-03
   29      1.9256520000E-04   5.1264879000E-03   9.1014631000E-03  -5.9568019000E-03   1.9126847200E-02
   30      4.4987810000E-04  -5.8439900000E-05   1.1617877000E-03  -4.5578860000E-04   5.1950570000E-04
   31      4.1178900000E-04   2.3303510000E-04   7.3566920000E-04   6.6983760000E-04  -1.4194660000E-04
   32      3.0864280000E-04  -2.0173340000E-04   9.4473610000E-04  -9.4527300000E-05  -2.0584400000E-03
   33     -1.1238582000E-03   2.4861000000E-05  -4.3664250000E-03  -4.1013850000E-04  -1.1496787000E-03
   34      1.7117080000E-04   1.2881700000E-05   1.8361365000E-03   3.7806060000E-04  -1.0195693000E-03
   35      4.6275100000E-05   2.8438760000E-04  -4.2778691000E-03   3.6626440000E-04   5.0935387000E-03
   36     -3.3193430000E-04   7.5863000000E-05   5.2708520000E-04  -1.4815300000E-04  -2.8763800000E-05
   37      4.2975500000E-04  -6.4108570000E-04  -1.6817930000E-04   4.0628330000E-04   5.9550570000E-04
   38      1.9266920000E-04  -4.7420340000E-04  -2.8966800000E-05   2.3496620000E-04   5.1346080000E-04
   39     -7.3209700000E-05   5.3750530000E-04   9.1678100000E-05  -6.2585900000E-05  -5.5162800000E-05
   40      8.9787070000E-04  -1.0180626000E-03  -2.7284460000E-04   4.5252270000E-04   3.4864010000E-04
   41      2.6904250000E-04  -1.6566979000E-03   8.0599100000E-05  -1.8404510000E-04   7.5627600000E-05
   42     -3.2148000000E-05  -1.2107680000E-04  -2.8748350000E-04  -3.0321470000E-04  -4.8394090000E-04
   43      2.4401260000E-04  -6.4539350000E-04  -2.9340010000E-04   2.3439290000E-04   7.5652490000E-04
   44     -4.0248430000E-04   7.1064060000E-04   2.9017620000E-04  -4.7266230000E-04  -6.3607800000E-05
   45     -2.6577270000E-04   1.6516330000E-04   4.2988180000E-04   1.0918110000E-04   1.0204500000E-05
   46     -2.6164000000E-05  -5.9841500000E-05  -2.2863900000E-04   9.9519050000E-04   3.4871970000E-04
   47      1.1811510000E-04  -2.9565540000E-04  -4.1492500000E-04   8.6670050000E-04   5.2436900000E-04
                   30                 31                 32                 33                 34        
    0     -6.9023530000E-04  -8.6251000000E-05  -4.8480760000E-04   9.5493600000E-04  -8.4607200000E-05
    1     -9.7511850000E-04  -6.7902700000E-05  -5.8355520000E-04  -1.6125630000E-04  -4.5090400000E-05
    2     -4.5243650000E-04  -2.4979440000E-04  -4.4216840000E-04  -5.1005980000E-04  -8.8587700000E-05
    3     -6.4947961000E-03  -1.2918035000E-03  -3.9389472000E-03  -1.4983080000E-04  -3.3035341000E-03
    4     -6.2556500000E-05   4.3291350000E-04   1.1549193000E-03   1.4896637000E-03   9.5879830000E-04
    5     -1.8676016000E-03   1.1883920000E-04   7.1801392000E-03  -1.5527110000E-04   6.3107980000E-04
    6     -1.5714259600E-02   2.7878500000E-05  -6.7462918000E-03  -1.4197956400E-02   7.6844667000E-03
    7     -2.2317277600E-02   2.3307002000E-03  -9.8629643000E-03   2.4504191400E-02  -5.1224281000E-03
    8     -1.5206089000E-03  -8.3850470000E-04  -7.9355310000E-04   2.6101009000E-03   2.1061326000E-03
    9     -1.5402354510E-01  -1.2205729620E-01   7.9468392000E-03  -1.1422218810E-01   1.0523823760E-01
   10     -1.2200519850E-01  -1.8404542760E-01   8.1092255000E-03   1.0863097900E-01  -2.0943479380E-01
   11      4.2374876000E-03   5.4895650000E-03  -3.9427598800E-02   2.4458225400E-02  -4.3586693500E-02
   12     -2.4177551000E-03  -2.8835090000E-04   6.3825193000E-03  -4.1843467000E-03  -7.2374730000E-04
   13     -2.7263567000E-03  -1.9276214000E-03   6.9083339000E-03   2.3750339000E-03  -3.4868800000E-05
   14      1.3285023000E-03  -2.9912450000E-04   6.1475450000E-04   5.1052131000E-03   7.7028920000E-04
   15     -3.9449900000E-04   7.9619310000E-04  -8.5513400000E-05   7.4299580000E-04   9.2060680000E-04
   16     -3.7319900000E-05  -5.5442330000E-04  -2.9178780000E-04   3.6771660000E-04  -5.0560830000E-04
   17     -1.0097050000E-04  -6.3376270000E-04  -2.2180999000E-03   3.8064380000E-04  -1.8296930000E-04
   18     -9.6404520000E-04   8.7757800000E-05  -6.8487520000E-04   1.7476010000E-04   4.2705900000E-05
   19      1.0682160000E-04   2.5773470000E-04  -2.8559270000E-04  -2.0927320000E-04   2.7388610000E-04
   20      7.8110280000E-04   1.4500380000E-04  -9.9443210000E-04   2.5164130000E-04  -3.4077800000E-05
   21      1.6987840000E-04  -3.2442350000E-04  -4.9841490000E-04  -6.4317000000E-06  -4.0362950000E-04
   22      1.1068690000E-04   2.7278350000E-04  -4.9768000000E-05  -3.5753780000E-04   1.3891530000E-04
   23      1.6385940000E-04   1.7031600000E-05   8.4811730000E-04   2.6820420000E-04  -8.0288300000E-05
   24     -2.3137620000E-04  -2.4864550000E-04  -5.6856500000E-05  -7.0329380000E-04  -7.4044820000E-04
   25      4.4987810000E-04   4.1178900000E-04   3.0864280000E-04  -1.1238582000E-03   1.7117080000E-04
   26     -5.8439900000E-05   2.3303510000E-04  -2.0173340000E-04   2.4861000000E-05   1.2881700000E-05
   27      1.1617877000E-03   7.3566920000E-04   9.4473610000E-04  -4.3664250000E-03   1.8361365000E-03
   28     -4.5578860000E-04   6.6983760000E-04  -9.4527300000E-05  -4.1013850000E-04   3.7806060000E-04
   29      5.1950570000E-04  -1.4194660000E-04  -2.0584400000E-03  -1.1496787000E-03  -1.0195693000E-03
   30      1.7071838260E-01   1.3854962720E-01  -3.0281584000E-03   8.0578819000E-03   9.4917852000E-03
   31      1.3854962720E-01   2.1443536330E-01  -6.9061740000E-04  -1.5832822900E-02  -3.5150475500E-02
   32     -3.0281584000E-03  -6.9061740000E-04   3.4313132600E-02  -3.0179480000E-03  -5.4671920000E-03
   33      8.0578819000E-03  -1.5832822900E-02  -3.0179480000E-03   1.2690907850E-01  -1.1909070840E-01
   34      9.4917852000E-03  -3.5150475500E-02  -5.4671920000E-03  -1.1909070840E-01   2.4623200270E-01
   35     -9.0527300000E-05  -2.9273289000E-03   4.4300659000E-03  -2.7587781800E-02   4.7434325900E-02
   36      4.3880440000E-04  -4.9841160000E-04   6.8378200000E-04   4.7200300000E-05  -6.7091910000E-04
   37     -1.3039900000E-05   7.5656640000E-04   1.8514170000E-04  -3.4141180000E-04   6.4053040000E-04
   38     -8.5336400000E-05   7.7096900000E-05   6.4022300000E-05  -2.8000980000E-04   1.5918390000E-04
   39     -6.9115600000E-05  -2.1358890000E-04   8.3585910000E-04   2.9788310000E-04  -2.8288400000E-04
   40     -6.4867100000E-05   7.7795670000E-04   1.2959200000E-04  -1.8563100000E-04   7.4704490000E-04
   41     -4.5543000000E-06   8.5957300000E-05  -1.1988700000E-04  -7.9850800000E-05   1.1169590000E-04
   42     -3.2444060000E-04   5.4079900000E-04   7.6563450000E-04   8.3931250000E-04   4.9182720000E-04
   43     -5.4390610000E-04   2.7952610000E-04   2.9487310000E-04   1.2989870000E-04   9.5496480000E-04
   44      1.5395130000E-04  -9.0437000000E-05  -1.1720677000E-03  -6.1075200000E-04  -3.7596660000E-04
   45      7.7733290000E-04   1.0366920000E-04   9.8244280000E-04  -1.9357560000E-04  -4.0528810000E-04
   46      4.9263030000E-04   1.1206793000E-03   2.3527650000E-04   2.1515470000E-04  -2.0210920000E-04
   47      2.4224800000E-05  -2.9501260000E-04  -2.2251700000E-05   2.9246220000E-04  -3.9024450000E-04
                   35                 36                 37                 38                 39        
    0     -1.0465832000E-03   8.3205200000E-04  -2.1986910000E-04   2.1340619000E-03  -1.3879341000E-03
    1      5.6097800000E-05  -3.7575610000E-04   2.8016530000E-04  -1.1747987000E-03   1.0844822000E-03
    2      1.0039438000E-03  -1.4040467000E-03   1.4405210000E-04  -3.8712583000E-03   4.6405160000E-04
    3      4.9412176000E-03  -2.6916056000E-03   4.7160210000E-04  -5.6150079000E-03   1.5042027000E-03
    4      2.6266712000E-03  -6.5120970000E-04  -9.0252090000E-04  -2.6922913000E-03   6.5955230000E-04
    5     -3.8726564000E-03   1.6532553000E-03  -8.9174360000E-04   2.2679195000E-03   8.9228400000E-05
    6     -1.2514025800E-02   2.6402543000E-03  -6.1414430000E-04   8.1369628000E-03   4.7086380000E-04
    7      9.3042291000E-03   2.6889165000E-03  -1.5481964000E-03   5.7479749000E-03  -9.2205190000E-04
    8     -1.5315746000E-03  -1.7484753000E-03   5.2847890000E-04  -3.7489010000E-04  -1.7510634000E-03
    9      3.1175017700E-02  -2.2800283000E-03  -9.9469980000E-04  -2.1223406000E-03  -1.0746343000E-03
   10     -4.8082707000E-02   1.4295432000E-03  -3.0125080000E-04   3.2564828000E-03  -4.6272010000E-04
   11     -3.6645650900E-02  -7.1988960000E-03   1.5290841000E-03  -1.3313221300E-02  -2.3055686000E-03
   12      1.0669811400E-02  -2.9503228600E-02  -8.9566525000E-03  -1.1831823800E-02  -9.1932515000E-03
   13     -5.5245840000E-03   4.2740436000E-03   4.6652268000E-03  -1.1882269200E-02  -2.7378905400E-02
   14     -1.3575182600E-02   1.8856824100E-02   3.0107792000E-03   1.1448558300E-02   5.8444247000E-03
   15     -4.1334465000E-03  -1.4250282890E-01   7.4534633100E-02   1.4249942440E-01  -3.5819729400E-02
   16     -1.2128749000E-03   7.4851758800E-02  -8.7623945700E-02  -7.1176841500E-02   6.5161400000E-04
   17     -7.2498760000E-04   1.1466754260E-01  -6.7214073000E-02  -1.2064459060E-01   1.1027202200E-02
   18     -4.7452860000E-04   1.5177920000E-04  -2.6874560000E-04   1.1867220000E-04   5.1824300000E-04
   19      4.6930000000E-06   2.2437460000E-04   6.0119180000E-04   4.1281100000E-05  -1.3319640000E-04
   20      9.1365560000E-04  -5.0994440000E-04   2.8162400000E-05  -3.3996700000E-04  -5.6032160000E-04
   21     -3.7255400000E-04   5.7711760000E-04   4.0755000000E-06   3.2668800000E-05   1.9095220000E-04
   22      6.9297300000E-05   2.5859750000E-04   6.8514600000E-04   2.4696230000E-04  -1.2332890000E-04
   23      3.3078760000E-04  -6.5683580000E-04  -5.0979000000E-05   1.3509500000E-05  -6.9741610000E-04
   24      1.2631950000E-04  -1.2434200000E-04  -1.5777820000E-04   3.0500000000E-08   3.1202540000E-04
   25      4.6275100000E-05  -3.3193430000E-04   4.2975500000E-04   1.9266920000E-04  -7.3209700000E-05
   26      2.8438760000E-04   7.5863000000E-05  -6.4108570000E-04  -4.7420340000E-04   5.3750530000E-04
   27     -4.2778691000E-03   5.2708520000E-04  -1.6817930000E-04  -2.8966800000E-05   9.1678100000E-05
   28      3.6626440000E-04  -1.4815300000E-04   4.0628330000E-04   2.3496620000E-04  -6.2585900000E-05
   29      5.0935387000E-03  -2.8763800000E-05   5.9550570000E-04   5.1346080000E-04  -5.5162800000E-05
   30     -9.0527300000E-05   4.3880440000E-04  -1.3039900000E-05  -8.5336400000E-05  -6.9115600000E-05
   31     -2.9273289000E-03  -4.9841160000E-04   7.5656640000E-04   7.7096900000E-05  -2.1358890000E-04
   32      4.4300659000E-03   6.8378200000E-04   1.8514170000E-04   6.4022300000E-05   8.3585910000E-04
   33     -2.7587781800E-02   4.7200300000E-05  -3.4141180000E-04  -2.8000980000E-04   2.9788310000E-04
   34      4.7434325900E-02  -6.7091910000E-04   6.4053040000E-04   1.5918390000E-04  -2.8288400000E-04
   35      4.4879436100E-02   1.2433870000E-03   7.9468000000E-05   7.6147170000E-04   4.6310140000E-04
   36      1.2433870000E-03   1.7720147910E-01  -8.6511794000E-02  -1.3168375230E-01  -9.0795440000E-04
   37      7.9468000000E-05  -8.6511794000E-02   1.0874911210E-01   7.8003086600E-02   2.5142180500E-02
   38      7.6147170000E-04  -1.3168375230E-01   7.8003086600E-02   1.1828294500E-01   7.7606460000E-04
