
$orca_hessian_file

$act_atom
  0

$act_coord
  0

$act_energy
      -21.227681

$multiplicity
  1

$hessian
48
                    0                  1                  2                  3                  4        
    0      6.2408362120E-01   1.3863032000E-02   2.0143752750E-01  -3.7862599760E-01   2.9692135400E-02
    1      1.3863032000E-02   4.4288154440E-01  -2.6514172000E-02   4.1864880000E-04  -7.1630466100E-02
    2      2.0143752750E-01  -2.6514172000E-02   1.9976512540E-01  -8.2968542200E-02  -7.8552528000E-03
    3     -3.7862599760E-01   4.1864880000E-04  -8.2968542200E-02   6.7317316460E-01  -3.1423931700E-02
    4      2.9692135400E-02  -7.1630466100E-02  -7.8552528000E-03  -3.1423931700E-02   5.6797188490E-01
    5      5.5658617000E-03  -2.8253410000E-04  -1.3229411400E-02   7.9106676100E-02   3.8801756000E-03
    6     -8.2255750800E-02  -2.9800733500E-02   1.6436816700E-02  -4.6322875900E-02  -3.9068862400E-02
    7     -4.8536156900E-02  -2.9867330000E-03   4.9188234000E-03  -5.0369841100E-02  -2.1164307650E-01
    8      3.0798490200E-02  -1.1402548000E-03   2.2919096600E-02   1.0885681700E-02   1.7234288200E-02
    9      2.3157956900E-02  -1.3023472000E-03   1.5783910000E-04  -5.2376666800E-02  -2.3352594300E-02
   10     -7.7025613000E-03  -4.0822178000E-03   3.6642035000E-03  -1.9432411200E-02   7.2303634000E-03
   11      4.6544435300E-02   2.8763830000E-03  -1.6471952700E-02  -7.2946637800E-02  -5.6708765700E-02
   12      6.5071057300E-02   3.8991723000E-03  -1.6082184300E-02  -8.3021399600E-02  -5.7452797300E-02
   13      3.2752203200E-02   3.0783040000E-04  -2.3140905000E-03  -3.0871679800E-02  -1.7102818200E-02
   14     -5.3344051400E-02  -3.6693551000E-03   6.9873390000E-04   3.9313571200E-02   2.7744046600E-02
   15     -2.9618854200E-02  -3.6023363000E-03  -7.3786061000E-03   1.7950178500E-02   2.0496369800E-02
   16     -8.7714173000E-03   1.7324088000E-03  -2.8124915000E-03   5.5415706000E-03  -1.0910886000E-02
   17     -8.1722423400E-02  -2.6834490000E-03  -3.1153059900E-02   3.3342256100E-02   2.3476624000E-03
   18     -9.8275230300E-02  -9.5472640500E-02  -4.1780974300E-02  -1.8357295400E-02  -2.6454218300E-02
   19     -9.8844914700E-02  -2.0379822470E-01  -6.0007855500E-02  -5.2552440000E-04  -1.7888111000E-03
   20     -5.9520223100E-02  -7.1545078600E-02  -6.0697317200E-02   5.5813020000E-03  -3.3478930000E-03
   21     -1.0464606070E-01   8.8958747600E-02  -6.8844068200E-02  -1.9308954000E-02   2.3666867100E-02
   22      8.5191837400E-02  -1.6037765660E-01   8.5016718400E-02   4.7780763000E-03  -1.2273746000E-03
   23     -8.9744156100E-02   9.7035077900E-02  -9.6723843100E-02   6.3021174000E-03   6.5159049000E-03
   24     -1.9117684300E-02   2.4528304800E-02  -7.2048408000E-03  -1.0216834420E-01   1.0827028560E-01
   25      3.7860868000E-03  -4.5364650000E-04   1.8662999000E-03   1.0900401580E-01  -2.4042407570E-01
   26     -1.2586420100E-02   3.9363897000E-03  -1.2347662000E-03  -3.3048557000E-03   2.0316982800E-02
   27      4.9769580000E-04  -1.1453985000E-03   7.4732000000E-06   6.5456935000E-03  -1.1214439100E-02
   28      1.8646430000E-03   1.6390572000E-03   8.7037820000E-04   1.0414615300E-02  -2.5714313500E-02
   29     -2.6213137000E-03   8.9996530000E-04  -5.8783310000E-04   4.0288596000E-03   7.4914630000E-04
   30     -4.0713860000E-04  -1.0849834000E-03   3.8131000000E-06  -4.9702096000E-03   1.8451963000E-03
   31     -1.4701020000E-04   5.8899270000E-04  -1.2525580000E-04  -9.0220660000E-04  -2.3003550000E-04
   32      6.8555060000E-04   6.6723970000E-04   1.0487860000E-04  -2.4021495000E-03   7.4839900000E-04
   33      6.8970020000E-04  -4.1586520000E-04  -2.3621370000E-04   1.6007856000E-03   1.4475959000E-03
   34      7.1063830000E-04   8.1971540000E-04   5.9520600000E-05  -2.2539674000E-03  -2.4819210000E-04
   35     -2.2873265000E-03  -8.8475660000E-04   1.5029760000E-04   3.3043854000E-03   2.5880023000E-03
   36     -1.5181063000E-03   8.5509760000E-04  -2.2338310000E-04   7.3372180000E-04  -2.3249021000E-03
   37     -1.1893838000E-03  -6.9577540000E-04   2.3851950000E-04   8.1214310000E-04   8.4762700000E-05
   38     -1.9887003000E-03   9.7492700000E-04  -7.1088460000E-04   2.5042480000E-04  -5.3083950000E-03
   39     -3.7120310000E-04  -9.0268800000E-05   1.8651109000E-03   1.8159338000E-03   2.3547788000E-03
   40      2.0273180000E-03  -1.1219153000E-03   4.1442850000E-04  -4.9630770000E-04   1.0263647000E-03
   41      3.5965413000E-03  -1.2752898000E-03   2.3952799000E-03  -1.3635856000E-03   5.0737034000E-03
   42      4.4028627000E-03  -3.9691830000E-04   2.8843486000E-03   3.2874060000E-04   8.9512150000E-04
   43     -1.0540779000E-03  -1.4609868000E-03   1.5756424000E-03   2.8523540000E-03   2.9112663000E-03
   44      1.0476744800E-02   7.5727400000E-05  -4.4838740000E-03  -1.3951841200E-02  -1.1107842200E-02
   45     -3.0668682000E-03   7.8848870000E-04   1.9258838000E-03   3.0035249000E-03   2.6233947000E-03
   46     -3.6423722000E-03  -1.3619267000E-03   1.0045835000E-03   2.4544459000E-03   1.6954071000E-03
   47      4.7094632000E-03   1.5291800000E-03  -7.4046990000E-04  -5.1776624000E-03  -2.8701627000E-03
                    5                  6                  7                  8                  9        
    0      5.5658617000E-03  -8.2255750800E-02  -4.8536156900E-02   3.0798490200E-02   2.3157956900E-02
    1     -2.8253410000E-04  -2.9800733500E-02  -2.9867330000E-03  -1.1402548000E-03  -1.3023472000E-03
    2     -1.3229411400E-02   1.6436816700E-02   4.9188234000E-03   2.2919096600E-02   1.5783910000E-04
    3      7.9106676100E-02  -4.6322875900E-02  -5.0369841100E-02   1.0885681700E-02  -5.2376666800E-02
    4      3.8801756000E-03  -3.9068862400E-02  -2.1164307650E-01   1.7234288200E-02  -2.3352594300E-02
    5     -3.6371063000E-03  -2.7319396900E-02  -2.4224169900E-02  -5.2339168900E-02   5.4382166000E-03
    6     -2.7319396900E-02   5.7183969360E-01  -8.8425043900E-02   5.8081068400E-02  -4.0361009580E-01
    7     -2.4224169900E-02  -8.8425043900E-02   5.2631911500E-01   1.6229322500E-02   6.0419555500E-02
    8     -5.2339168900E-02   5.8081068400E-02   1.6229322500E-02   3.5201907000E-02  -1.2217948870E-01
    9      5.4382166000E-03  -4.0361009580E-01   6.0419555500E-02  -1.2217948870E-01   7.6818502720E-01
   10     -3.9198208000E-03  -5.3451964000E-03  -7.2726867200E-02  -1.3533246500E-02   4.2754199000E-03
   11      1.3118820300E-02   1.1673914320E-01   4.2097819000E-02   3.0783069300E-02  -3.3627129800E-02
   12     -2.6349020700E-02   1.6743336150E-01   5.4824625600E-02   3.6021975800E-02  -4.7859655100E-02
   13     -1.4117583200E-02   6.4760950900E-02   3.0117795100E-02  -4.1696104000E-03  -2.5552135900E-02
   14     -1.2020526500E-02  -1.7896778760E-01  -3.0162634400E-02  -3.2984194300E-02   5.4956726800E-02
   15     -3.7817664000E-03  -7.0999556900E-02  -3.2201014100E-02   1.0235468500E-02   1.3119762000E-02
   16      2.1270749500E-02  -1.6112446700E-02   6.9268728000E-03   4.8344300000E-03  -4.3471102000E-03
   17      7.7360091700E-02  -1.0010131300E-02   1.8342261000E-03   7.0604586000E-03   1.9493598200E-02
   18     -7.7919062000E-03  -2.5704135000E-03   1.6270294000E-03  -8.9692497000E-03  -2.5294809000E-03
   19     -2.1593040000E-04  -1.2577436000E-03   1.5937460000E-03  -1.6396544000E-03  -4.2681220000E-04
   20      7.7977852000E-03  -7.3639596000E-03  -2.8594116000E-03   1.3204232300E-02   2.2324162000E-03
   21     -1.1843546800E-02   3.9742202000E-03   2.4454844000E-03  -4.5620480000E-04  -1.0069029000E-03
   22      2.1201503000E-03  -1.7287529000E-03   8.0538180000E-04   1.3041578000E-03   7.1215990000E-04
   23      7.2172121000E-03  -3.5975205000E-03  -3.0287015000E-03   2.9843058000E-03   2.8764589000E-03
   24     -1.0380841400E-02   6.9484949000E-03  -1.0750759600E-02  -1.1183110000E-04   4.4294260000E-04
   25      1.8377941900E-02   8.6271564000E-03  -2.6387527300E-02   5.4105000000E-05   1.2734564000E-03
   26     -2.4339499400E-02  -4.3025364000E-03  -1.7822971000E-03   3.1007692000E-03   1.5697434000E-03
   27      2.5216140000E-04  -1.0168604210E-01   1.0950619660E-01   4.8599333000E-03  -1.8940796000E-02
   28     -1.0302682000E-03   1.0987755040E-01  -2.3904895370E-01  -1.3094335700E-02   3.6874114000E-03
   29      1.4823996000E-03  -1.2205580000E-03  -1.4469223100E-02  -2.8129367100E-02  -8.5786380000E-04
   30     -4.8968310000E-04  -1.8012800200E-02  -2.4932087700E-02  -7.4530960000E-04  -1.4744970050E-01
   31      4.7255900000E-05  -8.5639710000E-04   1.2682259000E-03  -2.4884730000E-04  -1.1978051020E-01
   32      4.8219102000E-03  -6.1000972000E-03  -8.0915707000E-03  -7.6996220000E-04   2.6231293500E-02
   33     -7.8489610000E-04  -1.7548495300E-02   2.5178602500E-02   5.0888486000E-03  -1.2702176820E-01
   34      4.5125010000E-04   7.3853566000E-03  -3.1503251000E-03  -4.8973430000E-04   1.0414520120E-01
   35     -3.6242599000E-03  -1.4099475200E-02   3.6806713000E-03   2.9149873000E-03   5.7041632500E-02
   36      4.6721343000E-03   3.4235179000E-03   3.1281530000E-03  -1.4421430000E-04  -1.6458261000E-03
   37      2.5638890000E-04  -3.6672850000E-04  -1.0610254000E-03   5.8089330000E-04  -9.7100080000E-04
   38      7.7529220000E-03   1.0775966700E-02   6.8612681000E-03   1.3718022000E-03  -9.4348140000E-04
   39     -2.9352033000E-03  -2.9091572000E-03  -1.5006103000E-03  -4.6326765000E-03  -9.2375230000E-04
   40     -2.3888512000E-03   4.3823500000E-04  -7.7597680000E-04  -1.4768100000E-03  -4.9624820000E-04
   41     -9.9414160000E-03   6.1099043000E-03  -1.3755631000E-03  -1.0695620000E-02   7.7270000000E-07
   42     -3.2707472000E-03  -2.8768892000E-03   3.5655036000E-03  -1.2051392400E-02  -2.3385683000E-03
   43     -2.4114885000E-03  -7.0674594000E-03  -4.1365238000E-03  -3.9006469000E-03   9.5811700000E-04
   44      2.4021100000E-04   3.2255306300E-02   7.3616317000E-03   7.7859809000E-03  -7.9152731000E-03
   45     -8.8042000000E-05  -4.8272112000E-03  -3.9796369000E-03  -6.6810994000E-03   7.9752400000E-04
   46      2.1867341000E-03  -1.0598848000E-03  -5.1141277000E-03  -5.4405660000E-04   7.5743770000E-04
   47     -6.5996350000E-04   1.2583257100E-02   3.0098095000E-03  -2.4082966000E-03  -4.4754609000E-03
                   10                 11                 12                 13                 14        
    0     -7.7025613000E-03   4.6544435300E-02   6.5071057300E-02   3.2752203200E-02  -5.3344051400E-02
    1     -4.0822178000E-03   2.8763830000E-03   3.8991723000E-03   3.0783040000E-04  -3.6693551000E-03
    2      3.6642035000E-03  -1.6471952700E-02  -1.6082184300E-02  -2.3140905000E-03   6.9873390000E-04
    3     -1.9432411200E-02  -7.2946637800E-02  -8.3021399600E-02  -3.0871679800E-02   3.9313571200E-02
    4      7.2303634000E-03  -5.6708765700E-02  -5.7452797300E-02  -1.7102818200E-02   2.7744046600E-02
    5     -3.9198208000E-03   1.3118820300E-02  -2.6349020700E-02  -1.4117583200E-02  -1.2020526500E-02
    6     -5.3451964000E-03   1.1673914320E-01   1.6743336150E-01   6.4760950900E-02  -1.7896778760E-01
    7     -7.2726867200E-02   4.2097819000E-02   5.4824625600E-02   3.0117795100E-02  -3.0162634400E-02
    8     -1.3533246500E-02   3.0783069300E-02   3.6021975800E-02  -4.1696104000E-03  -3.2984194300E-02
    9      4.2754199000E-03  -3.3627129800E-02  -4.7859655100E-02  -2.5552135900E-02   5.4956726800E-02
   10      4.5333475240E-01   8.2650256400E-02   3.4057157800E-02  -4.0068578000E-03  -3.4809136300E-02
   11      8.2650256400E-02  -7.6464522300E-02  -2.0110014670E-01  -6.2947449000E-02   1.7779618600E-01
   12      3.4057157800E-02  -2.0110014670E-01   3.1619887050E-01  -7.6750510700E-02   2.7613766160E-01
   13     -4.0068578000E-03  -6.2947449000E-02  -7.6750510700E-02   1.8995649520E-01  -6.2563882000E-03
   14     -3.4809136300E-02   1.7779618600E-01   2.7613766160E-01  -6.2563882000E-03   6.3882702000E-02
   15     -1.6766831800E-02   8.0378694600E-02  -1.9181572980E-01  -3.2656859000E-02  -5.8754807300E-02
   16     -7.2743097000E-03   2.4865277000E-02  -6.1927375700E-02  -7.6608450200E-02  -1.7113000000E-02
   17     -2.4852814000E-03   3.5164394200E-02   1.0165886110E-01   4.0407901200E-02  -9.2838797800E-02
   18     -2.2713180000E-04  -7.2555300000E-04  -2.3689845000E-03  -1.3701414000E-03   3.1282305000E-03
   19     -8.2487830000E-04   2.3114810000E-04   7.6408610000E-04  -8.2503760000E-04   6.4478130000E-04
   20     -1.5424619000E-03   1.6767271000E-03   6.6059426000E-03   4.1739113000E-03  -4.6511996000E-03
   21     -3.9660270000E-04  -1.9442408000E-03  -2.9483009000E-03  -1.6204014000E-03   3.4299894000E-03
   22     -5.7374040000E-04   1.1022973000E-03   1.7277070000E-03   9.7722800000E-05  -1.9001359000E-03
   23      3.4039490000E-04   3.4463260000E-03   6.9292340000E-03   3.3344837000E-03  -6.5565293000E-03
   24     -1.4777704000E-03  -9.2177160000E-04  -1.6699890000E-03  -8.3285020000E-04   8.2783710000E-04
   25      7.4738090000E-04   1.2559579000E-03   1.6363978000E-03  -7.1359220000E-04  -1.4262320000E-04
   26     -4.8708790000E-04   2.9473596000E-03   5.0484971000E-03   2.6973980000E-03  -4.6790284000E-03
   27      2.4894037900E-02   2.5319635000E-03  -8.2352900000E-04   1.1011153000E-03  -1.2198742000E-03
   28     -2.0466739000E-03   7.9066390000E-04   1.1612535000E-03  -1.2279639000E-03   1.1788334000E-03
   29      1.7040350000E-03   7.8807152000E-03   4.6645750000E-03   2.3089340000E-03  -7.2638733000E-03
   30     -1.2017543670E-01   1.9533844000E-02  -2.0015194000E-03  -1.5106643000E-03   2.1092467000E-03
   31     -1.8355965240E-01   2.0936206700E-02  -3.9082300000E-04  -1.7065834000E-03  -1.3846690000E-04
   32      2.7045970500E-02  -4.0573806500E-02   1.4281047000E-03   3.3840750000E-03   2.9604188000E-03
   33      1.0881882380E-01   4.5846981500E-02  -2.2590235000E-03   9.5100860000E-04   2.6782574000E-03
   34     -1.8046312600E-01  -6.0634266200E-02  -1.4199319000E-03  -3.4783100000E-04   1.4070492000E-03
   35     -6.8349228700E-02  -5.0074934700E-02   1.0857741700E-02  -7.9645110000E-04  -1.1355697800E-02
   36      1.5276422000E-03  -7.2629732000E-03  -3.4671717900E-02   5.8201421000E-03   1.6573487600E-02
   37     -8.9881800000E-04   9.6680700000E-04  -1.0469395500E-02   3.1405811000E-03   2.9302902000E-03
   38      3.6399172000E-03  -1.4326497900E-02  -1.8180109100E-02  -1.2456386700E-02   8.0429989000E-03
   39     -4.5166550000E-04  -5.2636400000E-04  -6.9492784000E-03  -2.7915945700E-02   1.2856196100E-02
   40     -6.2682200000E-04  -1.1618119000E-03  -7.3802327000E-03  -1.4871204000E-02   7.7148620000E-03
   41      2.0295239000E-03  -1.1965893400E-02  -4.5642487000E-03   6.3581360000E-03   1.7552248400E-02
   42     -1.1272202000E-03   5.6538893000E-03  -1.6968832100E-01   8.7080032500E-02  -1.2363719030E-01
   43     -2.4321370000E-04   8.0058080000E-03   1.0157955660E-01  -5.6369419900E-02   7.5137723000E-02
   44      1.1247245100E-02  -4.2696868300E-02  -1.7560315450E-01   6.7474341000E-02  -8.5742636800E-02
   45     -4.7025360000E-04   1.8258656000E-03  -2.6258413000E-03   6.6157358000E-03   3.9125065000E-03
   46     -3.9853194000E-03  -4.3263313000E-03   1.6141110100E-02  -4.9840666500E-02  -2.2565845600E-02
   47     -7.1952830000E-03  -2.0239121900E-02  -7.4737298000E-03  -2.7081221300E-02  -1.2840804100E-02
                   15                 16                 17                 18                 19        
    0     -2.9618854200E-02  -8.7714173000E-03  -8.1722423400E-02  -9.8275230300E-02  -9.8844914700E-02
    1     -3.6023363000E-03   1.7324088000E-03  -2.6834490000E-03  -9.5472640500E-02  -2.0379822470E-01
    2     -7.3786061000E-03  -2.8124915000E-03  -3.1153059900E-02  -4.1780974300E-02  -6.0007855500E-02
    3      1.7950178500E-02   5.5415706000E-03   3.3342256100E-02  -1.8357295400E-02  -5.2552440000E-04
    4      2.0496369800E-02  -1.0910886000E-02   2.3476624000E-03  -2.6454218300E-02  -1.7888111000E-03
    5     -3.7817664000E-03   2.1270749500E-02   7.7360091700E-02  -7.7919062000E-03  -2.1593040000E-04
    6     -7.0999556900E-02  -1.6112446700E-02  -1.0010131300E-02  -2.5704135000E-03  -1.2577436000E-03
    7     -3.2201014100E-02   6.9268728000E-03   1.8342261000E-03   1.6270294000E-03   1.5937460000E-03
    8      1.0235468500E-02   4.8344300000E-03   7.0604586000E-03  -8.9692497000E-03  -1.6396544000E-03
    9      1.3119762000E-02  -4.3471102000E-03   1.9493598200E-02  -2.5294809000E-03  -4.2681220000E-04
   10     -1.6766831800E-02  -7.2743097000E-03  -2.4852814000E-03  -2.2713180000E-04  -8.2487830000E-04
   11      8.0378694600E-02   2.4865277000E-02   3.5164394200E-02  -7.2555300000E-04   2.3114810000E-04
   12     -1.9181572980E-01  -6.1927375700E-02   1.0165886110E-01  -2.3689845000E-03   7.6408610000E-04
   13     -3.2656859000E-02  -7.6608450200E-02   4.0407901200E-02  -1.3701414000E-03  -8.2503760000E-04
   14     -5.8754807300E-02  -1.7113000000E-02  -9.2838797800E-02   3.1282305000E-03   6.4478130000E-04
   15      4.6547136140E-01   1.9857125900E-02  -1.7794117780E-01   1.0004185000E-03  -6.3260300000E-04
   16      1.9857125900E-02   4.2182788900E-01  -5.3545451400E-02  -3.5199060000E-04  -5.9019960000E-04
   17     -1.7794117780E-01  -5.3545451400E-02   2.1711531840E-01   3.2031938000E-03   3.1197860000E-04
   18      1.0004185000E-03  -3.5199060000E-04   3.2031938000E-03   1.1325444880E-01   1.1113848300E-01
   19     -6.3260300000E-04  -5.9019960000E-04   3.1197860000E-04   1.1113848300E-01   2.4636589760E-01
   20     -1.8271080000E-03   7.7704130000E-04  -7.5733541000E-03   5.2312462100E-02   6.1709451200E-02
   21      3.6162960000E-04   6.3055090000E-04   3.5152859000E-03   8.4779519000E-03  -1.0022167300E-02
   22     -1.3951157000E-03  -8.0991030000E-04  -2.8017735000E-03   1.1708027100E-02  -4.5008371600E-02
   23     -2.0152820000E-03  -2.0073718000E-03  -1.0301527400E-02  -3.7197980000E-04  -7.1064600000E-04
   24      3.7736900000E-04   1.1006034000E-03   2.6707489000E-03   1.4351100000E-03   7.6518860000E-04
   25      3.4414900000E-04  -1.3961256000E-03  -1.6941601000E-03  -8.8286250000E-04   8.4395910000E-04
   26      1.1890274000E-03  -5.5754300000E-03  -1.2165043800E-02   1.9349636000E-03   4.3463980000E-04
   27     -7.9560290000E-04   2.0530210000E-04  -1.1140993000E-03  -3.7036130000E-04   3.5155400000E-05
   28     -2.8960720000E-04  -1.1807703000E-03   6.8570130000E-04   1.4728470000E-04   1.3346470000E-04
   29     -2.0160442000E-03  -7.7002410000E-04  -2.2551307000E-03   5.3233150000E-04  -4.3525500000E-04
   30      1.2974670000E-04   4.3742600000E-04   5.1617150000E-04  -1.2670666000E-03   2.4132330000E-04
   31      1.0290320000E-03  -1.1929410000E-04  -6.8175090000E-04   1.7122640000E-04   1.9935430000E-04
   32      1.1639310000E-03   4.5775810000E-04   3.1387440000E-04  -2.7840030000E-04  -7.9172700000E-05
   33      4.4431800000E-04   1.1990490000E-04   5.7442200000E-05   1.4060490000E-04  -4.4656270000E-04
   34      8.6101710000E-04  -4.9551930000E-04   6.0480410000E-04   1.8793110000E-04   2.5772080000E-04
   35     -3.7754461000E-03   1.1309770000E-04  -3.0926157000E-03  -5.8283780000E-04  -8.3930900000E-05
   36     -1.2614243020E-01   6.9494843200E-02   1.0418748160E-01   2.0304070000E-04   3.7749360000E-04
   37      7.5372572400E-02  -8.9073433900E-02  -7.0382890600E-02  -4.6389300000E-04   9.1545730000E-04
   38      1.3900068050E-01  -7.8345195600E-02  -1.2970324020E-01   1.6500750000E-04   1.9543200000E-04
   39     -3.6991010700E-02   1.2603472800E-02   8.1534444000E-03   8.1482830000E-04  -3.6789780000E-04
   40      2.6438288000E-03  -2.2468750960E-01   9.1455732500E-02  -1.7460850000E-04   6.0300600000E-04
   41      9.9610645000E-03   1.1081673750E-01  -6.2693312200E-02  -1.4751390000E-04   2.7819500000E-05
   42     -3.1112662400E-02   5.2706439000E-03  -7.5660970000E-04   8.6017010000E-04  -1.3091659000E-03
   43     -1.2480255300E-02   1.4139711000E-03  -2.0615582000E-03   2.0616010000E-04   8.1830750000E-04
   44      1.7884254600E-02   5.4081390000E-03   9.2191144000E-03  -3.5468950000E-04  -3.4790270000E-04
   45     -1.1378936500E-02  -2.3751103100E-02  -5.2540423000E-03  -4.4774070000E-04   5.1166150000E-04
   46     -2.0579472500E-02  -1.8754733000E-02  -1.3116910000E-03   2.1134470000E-04   1.1046095000E-03
   47     -2.3228833000E-03  -8.3742656000E-03   5.5428299000E-03  -2.7308440000E-04  -3.4903000000E-05
                   20                 21                 22                 23                 24        
    0     -5.9520223100E-02  -1.0464606070E-01   8.5191837400E-02  -8.9744156100E-02  -1.9117684300E-02
    1     -7.1545078600E-02   8.8958747600E-02  -1.6037765660E-01   9.7035077900E-02   2.4528304800E-02
    2     -6.0697317200E-02  -6.8844068200E-02   8.5016718400E-02  -9.6723843100E-02  -7.2048408000E-03
    3      5.5813020000E-03  -1.9308954000E-02   4.7780763000E-03   6.3021174000E-03  -1.0216834420E-01
    4     -3.3478930000E-03   2.3666867100E-02  -1.2273746000E-03   6.5159049000E-03   1.0827028560E-01
    5      7.7977852000E-03  -1.1843546800E-02   2.1201503000E-03   7.2172121000E-03  -1.0380841400E-02
    6     -7.3639596000E-03   3.9742202000E-03  -1.7287529000E-03  -3.5975205000E-03   6.9484949000E-03
    7     -2.8594116000E-03   2.4454844000E-03   8.0538180000E-04  -3.0287015000E-03  -1.0750759600E-02
    8      1.3204232300E-02  -4.5620480000E-04   1.3041578000E-03   2.9843058000E-03  -1.1183110000E-04
    9      2.2324162000E-03  -1.0069029000E-03   7.1215990000E-04   2.8764589000E-03   4.4294260000E-04
   10     -1.5424619000E-03  -3.9660270000E-04  -5.7374040000E-04   3.4039490000E-04  -1.4777704000E-03
   11      1.6767271000E-03  -1.9442408000E-03   1.1022973000E-03   3.4463260000E-03  -9.2177160000E-04
   12      6.6059426000E-03  -2.9483009000E-03   1.7277070000E-03   6.9292340000E-03  -1.6699890000E-03
   13      4.1739113000E-03  -1.6204014000E-03   9.7722800000E-05   3.3344837000E-03  -8.3285020000E-04
   14     -4.6511996000E-03   3.4299894000E-03  -1.9001359000E-03  -6.5565293000E-03   8.2783710000E-04
   15     -1.8271080000E-03   3.6162960000E-04  -1.3951157000E-03  -2.0152820000E-03   3.7736900000E-04
   16      7.7704130000E-04   6.3055090000E-04  -8.0991030000E-04  -2.0073718000E-03   1.1006034000E-03
   17     -7.5733541000E-03   3.5152859000E-03  -2.8017735000E-03  -1.0301527400E-02   2.6707489000E-03
   18      5.2312462100E-02   8.4779519000E-03   1.1708027100E-02  -3.7197980000E-04   1.4351100000E-03
   19      6.1709451200E-02  -1.0022167300E-02  -4.5008371600E-02  -7.1064600000E-04   7.6518860000E-04
   20      4.4189225500E-02   1.6225514000E-03   1.2638590800E-02   9.7091899000E-03   8.6078760000E-04
   21      1.6225514000E-03   1.1785474860E-01  -1.0150234150E-01   8.0310161800E-02  -4.8797887000E-03
   22      1.2638590800E-02  -1.0150234150E-01   2.0282101830E-01  -9.9027805300E-02   1.1231845000E-03
   23      9.7091899000E-03   8.0310161800E-02  -9.9027805300E-02   8.1014993100E-02   9.8829600000E-05
   24      8.6078760000E-04  -4.8797887000E-03   1.1231845000E-03   9.8829600000E-05   1.1963813250E-01
   25     -3.6877230000E-04  -2.0990140000E-04   3.5169500000E-04  -7.7494750000E-04  -1.1967677270E-01
   26     -3.9329459000E-03  -3.9845180000E-03   1.7994598000E-03   6.0782331000E-03   1.4209284200E-02
   27      5.2293800000E-05   2.3781140000E-04  -1.6183540000E-04  -3.1853880000E-04  -1.2647515000E-03
   28      2.1759250000E-04  -3.0483880000E-04  -3.1461000000E-06  -6.0511400000E-05  -2.4801639000E-03
   29     -9.5353540000E-04  -2.1212070000E-04  -4.4431650000E-04   7.4240470000E-04  -2.6247230000E-04
   30      4.5779590000E-04   1.1524940000E-04   3.1626070000E-04   3.7922210000E-04  -3.9549320000E-04
   31     -2.1836400000E-05  -5.1101470000E-04   2.2977190000E-04   8.8740700000E-05  -2.4885420000E-04
   32     -6.1415690000E-04  -6.1768260000E-04   6.9049300000E-05   1.0521243000E-03  -4.6601400000E-05
   33      4.5186350000E-04  -2.6325490000E-04  -5.2204660000E-04   3.9995930000E-04   4.2489000000E-05
   34      1.4497800000E-05  -5.2978970000E-04   1.5129610000E-04   2.0044970000E-04  -4.4674590000E-04
   35      8.2572130000E-04  -3.4324420000E-04  -2.6441040000E-04  -1.5637240000E-04   1.8630510000E-04
   36     -6.3757460000E-04   7.5853490000E-04   3.8049700000E-04  -7.8725170000E-04  -1.1270990000E-04
   37      4.0178600000E-05   2.2719340000E-04   9.9216550000E-04  -4.9632910000E-04  -9.8991200000E-05
   38     -4.8877120000E-04   4.5123000000E-06   3.2488080000E-04   7.2595500000E-05   1.9788280000E-04
   39     -5.4660950000E-04   1.5945420000E-04  -2.1423790000E-04  -3.1032440000E-04   4.2173270000E-04
   40      3.2955000000E-04  -2.0128530000E-04   6.1370990000E-04  -1.2058250000E-04   2.9898000000E-05
   41      3.8417510000E-04   1.6363270000E-04   1.9970850000E-04  -9.1414900000E-05   1.5468050000E-04
   42     -6.0952800000E-05   1.3560810000E-04  -9.5806020000E-04   2.9830130000E-04   7.0736080000E-04
   43     -7.4551200000E-05  -5.1099810000E-04   8.0004390000E-04  -1.8429470000E-04   1.1421500000E-04
   44      1.4017008000E-03  -1.7327980000E-04  -4.7682250000E-04   7.2107100000E-05  -2.9230410000E-04
   45     -2.2098760000E-04   9.7805380000E-04   5.4464030000E-04  -4.4923100000E-04  -4.0487060000E-04
   46     -1.4080850000E-04  -1.1950260000E-04   1.1373942000E-03  -1.1038619000E-03   8.1228300000E-05
   47     -2.7747690000E-04  -6.2722750000E-04   3.4025100000E-04   1.4401954000E-03   1.4307000000E-05
                   25                 26                 27                 28                 29        
    0      3.7860868000E-03  -1.2586420100E-02   4.9769580000E-04   1.8646430000E-03  -2.6213137000E-03
    1     -4.5364650000E-04   3.9363897000E-03  -1.1453985000E-03   1.6390572000E-03   8.9996530000E-04
    2      1.8662999000E-03  -1.2347662000E-03   7.4732000000E-06   8.7037820000E-04  -5.8783310000E-04
    3      1.0900401580E-01  -3.3048557000E-03   6.5456935000E-03   1.0414615300E-02   4.0288596000E-03
    4     -2.4042407570E-01   2.0316982800E-02  -1.1214439100E-02  -2.5714313500E-02   7.4914630000E-04
    5      1.8377941900E-02  -2.4339499400E-02   2.5216140000E-04  -1.0302682000E-03   1.4823996000E-03
    6      8.6271564000E-03  -4.3025364000E-03  -1.0168604210E-01   1.0987755040E-01  -1.2205580000E-03
    7     -2.6387527300E-02  -1.7822971000E-03   1.0950619660E-01  -2.3904895370E-01  -1.4469223100E-02
    8      5.4105000000E-05   3.1007692000E-03   4.8599333000E-03  -1.3094335700E-02  -2.8129367100E-02
    9      1.2734564000E-03   1.5697434000E-03  -1.8940796000E-02   3.6874114000E-03  -8.5786380000E-04
   10      7.4738090000E-04  -4.8708790000E-04   2.4894037900E-02  -2.0466739000E-03   1.7040350000E-03
   11      1.2559579000E-03   2.9473596000E-03   2.5319635000E-03   7.9066390000E-04   7.8807152000E-03
   12      1.6363978000E-03   5.0484971000E-03  -8.2352900000E-04   1.1612535000E-03   4.6645750000E-03
   13     -7.1359220000E-04   2.6973980000E-03   1.1011153000E-03  -1.2279639000E-03   2.3089340000E-03
   14     -1.4262320000E-04  -4.6790284000E-03  -1.2198742000E-03   1.1788334000E-03  -7.2638733000E-03
   15      3.4414900000E-04   1.1890274000E-03  -7.9560290000E-04  -2.8960720000E-04  -2.0160442000E-03
   16     -1.3961256000E-03  -5.5754300000E-03   2.0530210000E-04  -1.1807703000E-03  -7.7002410000E-04
   17     -1.6941601000E-03  -1.2165043800E-02  -1.1140993000E-03   6.8570130000E-04  -2.2551307000E-03
   18     -8.8286250000E-04   1.9349636000E-03  -3.7036130000E-04   1.4728470000E-04   5.3233150000E-04
   19      8.4395910000E-04   4.3463980000E-04   3.5155400000E-05   1.3346470000E-04  -4.3525500000E-04
   20     -3.6877230000E-04  -3.9329459000E-03   5.2293800000E-05   2.1759250000E-04  -9.5353540000E-04
   21     -2.0990140000E-04  -3.9845180000E-03   2.3781140000E-04  -3.0483880000E-04  -2.1212070000E-04
   22      3.5169500000E-04   1.7994598000E-03  -1.6183540000E-04  -3.1461000000E-06  -4.4431650000E-04
   23     -7.7494750000E-04   6.0782331000E-03  -3.1853880000E-04  -6.0511400000E-05   7.4240470000E-04
   24     -1.1967677270E-01   1.4209284200E-02  -1.2647515000E-03  -2.4801639000E-03  -2.6247230000E-04
   25      2.6910052520E-01  -1.8960094500E-02  -2.7607599000E-03  -3.4765855000E-03  -2.5432200000E-04
   26     -1.8960094500E-02   3.1979235500E-02  -3.5708320000E-04  -1.2542330000E-04   2.9558241000E-03
   27     -2.7607599000E-03  -3.5708320000E-04   1.1873304170E-01  -1.2234351160E-01  -2.0384917000E-03
   28     -3.4765855000E-03  -1.2542330000E-04  -1.2234351160E-01   2.6799085000E-01   9.8608917000E-03
   29     -2.5432200000E-04   2.9558241000E-03  -2.0384917000E-03   9.8608917000E-03   2.0389709300E-02
   30      3.3953610000E-04   2.1214200000E-05   1.7696651000E-03  -6.4994940000E-04  -8.7340700000E-05
   31      1.9901810000E-04   4.8322160000E-04   7.6899430000E-04   7.5735940000E-04  -1.3132700000E-04
   32      2.3881770000E-04  -3.5215330000E-04   5.8293640000E-04   2.3585320000E-04  -2.9984874000E-03
   33     -5.3431690000E-04  -3.0050300000E-05  -4.7962504000E-03  -4.1889170000E-04   4.0765310000E-04
   34      4.7568100000E-05   3.9426820000E-04   1.8916542000E-03   3.5859890000E-04  -1.3957383000E-03
   35     -3.5171000000E-06  -2.6137700000E-05  -3.3932640000E-03   2.7541040000E-04   6.0471096000E-03
   36     -3.1171560000E-04  -5.2009870000E-04   6.0212360000E-04  -2.5311100000E-05  -2.0549570000E-04
   37      4.9646790000E-04  -1.1429377000E-03  -1.0367180000E-04   4.1550180000E-04   6.9521630000E-04
   38      2.5858220000E-04  -1.7858676000E-03  -1.5231900000E-04   3.8407030000E-04   6.3082590000E-04
   39     -1.4953280000E-04   6.4491500000E-04   5.7117000000E-05  -2.2522560000E-04  -9.2425900000E-05
   40      8.1247330000E-04  -7.5178400000E-04  -3.2692550000E-04   4.4470860000E-04   4.6831250000E-04
   41      3.8892100000E-05   1.8537440000E-04   2.7590640000E-04  -4.5433610000E-04   1.0721780000E-04
   42     -1.5158640000E-04   3.5584210000E-04  -3.6508410000E-04  -5.4749160000E-04  -6.6581300000E-05
   43      2.2336480000E-04  -8.5758210000E-04  -2.1370850000E-04   2.1647190000E-04   9.5647140000E-04
   44     -1.0830260000E-04   1.5089038000E-03   3.9413010000E-04  -4.7482290000E-04   5.5178910000E-04
   45     -3.3335020000E-04   1.1207530000E-04   5.9926910000E-04   1.3223270000E-04   4.7288900000E-05
   46      2.9100300000E-05  -3.7972320000E-04  -1.3220530000E-04   7.4239440000E-04   2.5723340000E-04
   47      2.1614280000E-04  -2.4025740000E-04  -3.6312790000E-04   7.4030280000E-04   1.4002318000E-03
                   30                 31                 32                 33                 34        
    0     -4.0713860000E-04  -1.4701020000E-04   6.8555060000E-04   6.8970020000E-04   7.1063830000E-04
    1     -1.0849834000E-03   5.8899270000E-04   6.6723970000E-04  -4.1586520000E-04   8.1971540000E-04
    2      3.8131000000E-06  -1.2525580000E-04   1.0487860000E-04  -2.3621370000E-04   5.9520600000E-05
    3     -4.9702096000E-03  -9.0220660000E-04  -2.4021495000E-03   1.6007856000E-03  -2.2539674000E-03
    4      1.8451963000E-03  -2.3003550000E-04   7.4839900000E-04   1.4475959000E-03  -2.4819210000E-04
    5     -4.8968310000E-04   4.7255900000E-05   4.8219102000E-03  -7.8489610000E-04   4.5125010000E-04
    6     -1.8012800200E-02  -8.5639710000E-04  -6.1000972000E-03  -1.7548495300E-02   7.3853566000E-03
    7     -2.4932087700E-02   1.2682259000E-03  -8.0915707000E-03   2.5178602500E-02  -3.1503251000E-03
    8     -7.4530960000E-04  -2.4884730000E-04  -7.6996220000E-04   5.0888486000E-03  -4.8973430000E-04
    9     -1.4744970050E-01  -1.1978051020E-01   2.6231293500E-02  -1.2702176820E-01   1.0414520120E-01
   10     -1.2017543670E-01  -1.8355965240E-01   2.7045970500E-02   1.0881882380E-01  -1.8046312600E-01
   11      1.9533844000E-02   2.0936206700E-02  -4.0573806500E-02   4.5846981500E-02  -6.0634266200E-02
   12     -2.0015194000E-03  -3.9082300000E-04   1.4281047000E-03  -2.2590235000E-03  -1.4199319000E-03
   13     -1.5106643000E-03  -1.7065834000E-03   3.3840750000E-03   9.5100860000E-04  -3.4783100000E-04
   14      2.1092467000E-03  -1.3846690000E-04   2.9604188000E-03   2.6782574000E-03   1.4070492000E-03
   15      1.2974670000E-04   1.0290320000E-03   1.1639310000E-03   4.4431800000E-04   8.6101710000E-04
   16      4.3742600000E-04  -1.1929410000E-04   4.5775810000E-04   1.1990490000E-04  -4.9551930000E-04
   17      5.1617150000E-04  -6.8175090000E-04   3.1387440000E-04   5.7442200000E-05   6.0480410000E-04
   18     -1.2670666000E-03   1.7122640000E-04  -2.7840030000E-04   1.4060490000E-04   1.8793110000E-04
   19      2.4132330000E-04   1.9935430000E-04  -7.9172700000E-05  -4.4656270000E-04   2.5772080000E-04
   20      4.5779590000E-04  -2.1836400000E-05  -6.1415690000E-04   4.5186350000E-04   1.4497800000E-05
   21      1.1524940000E-04  -5.1101470000E-04  -6.1768260000E-04  -2.6325490000E-04  -5.2978970000E-04
   22      3.1626070000E-04   2.2977190000E-04   6.9049300000E-05  -5.2204660000E-04   1.5129610000E-04
   23      3.7922210000E-04   8.8740700000E-05   1.0521243000E-03   3.9995930000E-04   2.0044970000E-04
   24     -3.9549320000E-04  -2.4885420000E-04  -4.6601400000E-05   4.2489000000E-05  -4.4674590000E-04
   25      3.3953610000E-04   1.9901810000E-04   2.3881770000E-04  -5.3431690000E-04   4.7568100000E-05
   26      2.1214200000E-05   4.8322160000E-04  -3.5215330000E-04  -3.0050300000E-05   3.9426820000E-04
   27      1.7696651000E-03   7.6899430000E-04   5.8293640000E-04  -4.7962504000E-03   1.8916542000E-03
   28     -6.4994940000E-04   7.5735940000E-04   2.3585320000E-04  -4.1889170000E-04   3.5859890000E-04
   29     -8.7340700000E-05  -1.3132700000E-04  -2.9984874000E-03   4.0765310000E-04  -1.3957383000E-03
   30      1.6220117070E-01   1.3520585270E-01  -2.0949610900E-02   8.9042484000E-03   1.0266457200E-02
   31      1.3520585270E-01   2.2233580910E-01  -1.6358494600E-02  -1.3763759400E-02  -4.3685506600E-02
   32     -2.0949610900E-02  -1.6358494600E-02   3.0660728800E-02  -3.1406317000E-03  -8.6958440000E-03
   33      8.9042484000E-03  -1.3763759400E-02  -3.1406317000E-03   1.3867857130E-01  -1.1974699010E-01
   34      1.0266457200E-02  -4.3685506600E-02  -8.6958440000E-03  -1.1974699010E-01   2.2368437210E-01
   35     -1.6899000000E-05  -3.7603917000E-03   7.0455635000E-03  -4.9913321700E-02   6.8345677300E-02
   36      7.6210980000E-04  -7.3739330000E-04   6.6228850000E-04   2.5640810000E-04  -8.9377050000E-04
   37      1.6578030000E-04   1.0274358000E-03  -1.8806800000E-05  -5.9375990000E-04   9.1541120000E-04
   38     -2.0599280000E-04   2.0395620000E-04  -6.3262500000E-05  -1.7018090000E-04   4.3127390000E-04
   39     -1.2713270000E-04  -2.1333450000E-04   1.1091214000E-03   6.8082480000E-04  -2.5319410000E-04
   40     -8.6402500000E-05   1.1393877000E-03   9.1133000000E-06  -3.1444020000E-04   1.1301997000E-03
   41     -1.6890830000E-04  -1.8510300000E-05  -6.7036850000E-04  -1.1748840000E-04   7.1851100000E-05
   42     -4.2142560000E-04   7.8021920000E-04   1.0002121000E-03   7.7971480000E-04   7.4936570000E-04
   43     -6.4598750000E-04   5.4487690000E-04   3.1941250000E-04   3.1379900000E-04   1.0113734000E-03
   44     -4.8476800000E-05  -4.2647160000E-04  -1.8026245000E-03  -3.4625920000E-04  -7.7921480000E-04
   45      1.1702962000E-03  -4.0402140000E-04   6.7173510000E-04  -3.2887280000E-04  -6.5323190000E-04
   46      2.6767870000E-04   1.0108399000E-03   6.8200700000E-05  -7.3102100000E-05   1.4244400000E-05
   47     -3.0908640000E-04   1.5197150000E-04   8.8532310000E-04  -1.9196360000E-04   1.4155400000E-05
                   35                 36                 37                 38                 39        
    0     -2.2873265000E-03  -1.5181063000E-03  -1.1893838000E-03  -1.9887003000E-03  -3.7120310000E-04
    1     -8.8475660000E-04   8.5509760000E-04  -6.9577540000E-04   9.7492700000E-04  -9.0268800000E-05
    2      1.5029760000E-04  -2.2338310000E-04   2.3851950000E-04  -7.1088460000E-04   1.8651109000E-03
    3      3.3043854000E-03   7.3372180000E-04   8.1214310000E-04   2.5042480000E-04   1.8159338000E-03
    4      2.5880023000E-03  -2.3249021000E-03   8.4762700000E-05  -5.3083950000E-03   2.3547788000E-03
    5     -3.6242599000E-03   4.6721343000E-03   2.5638890000E-04   7.7529220000E-03  -2.9352033000E-03
    6     -1.4099475200E-02   3.4235179000E-03  -3.6672850000E-04   1.0775966700E-02  -2.9091572000E-03
    7      3.6806713000E-03   3.1281530000E-03  -1.0610254000E-03   6.8612681000E-03  -1.5006103000E-03
    8      2.9149873000E-03  -1.4421430000E-04   5.8089330000E-04   1.3718022000E-03  -4.6326765000E-03
    9      5.7041632500E-02  -1.6458261000E-03  -9.7100080000E-04  -9.4348140000E-04  -9.2375230000E-04
   10     -6.8349228700E-02   1.5276422000E-03  -8.9881800000E-04   3.6399172000E-03  -4.5166550000E-04
   11     -5.0074934700E-02  -7.2629732000E-03   9.6680700000E-04  -1.4326497900E-02  -5.2636400000E-04
   12      1.0857741700E-02  -3.4671717900E-02  -1.0469395500E-02  -1.8180109100E-02  -6.9492784000E-03
   13     -7.9645110000E-04   5.8201421000E-03   3.1405811000E-03  -1.2456386700E-02  -2.7915945700E-02
   14     -1.1355697800E-02   1.6573487600E-02   2.9302902000E-03   8.0429989000E-03   1.2856196100E-02
   15     -3.7754461000E-03  -1.2614243020E-01   7.5372572400E-02   1.3900068050E-01  -3.6991010700E-02
   16      1.1309770000E-04   6.9494843200E-02  -8.9073433900E-02  -7.8345195600E-02   1.2603472800E-02
   17     -3.0926157000E-03   1.0418748160E-01  -7.0382890600E-02  -1.2970324020E-01   8.1534444000E-03
   18     -5.8283780000E-04   2.0304070000E-04  -4.6389300000E-04   1.6500750000E-04   8.1482830000E-04
   19     -8.3930900000E-05   3.7749360000E-04   9.1545730000E-04   1.9543200000E-04  -3.6789780000E-04
   20      8.2572130000E-04  -6.3757460000E-04   4.0178600000E-05  -4.8877120000E-04  -5.4660950000E-04
   21     -3.4324420000E-04   7.5853490000E-04   2.2719340000E-04   4.5123000000E-06   1.5945420000E-04
   22     -2.6441040000E-04   3.8049700000E-04   9.9216550000E-04   3.2488080000E-04  -2.1423790000E-04
   23     -1.5637240000E-04  -7.8725170000E-04  -4.9632910000E-04   7.2595500000E-05  -3.1032440000E-04
   24      1.8630510000E-04  -1.1270990000E-04  -9.8991200000E-05   1.9788280000E-04   4.2173270000E-04
   25     -3.5171000000E-06  -3.1171560000E-04   4.9646790000E-04   2.5858220000E-04  -1.4953280000E-04
   26     -2.6137700000E-05  -5.2009870000E-04  -1.1429377000E-03  -1.7858676000E-03   6.4491500000E-04
   27     -3.3932640000E-03   6.0212360000E-04  -1.0367180000E-04  -1.5231900000E-04   5.7117000000E-05
   28      2.7541040000E-04  -2.5311100000E-05   4.1550180000E-04   3.8407030000E-04  -2.2522560000E-04
   29      6.0471096000E-03  -2.0549570000E-04   6.9521630000E-04   6.3082590000E-04  -9.2425900000E-05
   30     -1.6899000000E-05   7.6210980000E-04   1.6578030000E-04  -2.0599280000E-04  -1.2713270000E-04
   31     -3.7603917000E-03  -7.3739330000E-04   1.0274358000E-03   2.0395620000E-04  -2.1333450000E-04
   32      7.0455635000E-03   6.6228850000E-04  -1.8806800000E-05  -6.3262500000E-05   1.1091214000E-03
   33     -4.9913321700E-02   2.5640810000E-04  -5.9375990000E-04  -1.7018090000E-04   6.8082480000E-04
   34      6.8345677300E-02  -8.9377050000E-04   9.1541120000E-04   4.3127390000E-04  -2.5319410000E-04
   35      5.1216592400E-02   1.1732994000E-03   4.6004190000E-04  -2.1848800000E-05   3.1893720000E-04
   36      1.1732994000E-03   1.6449431880E-01  -9.0095023200E-02  -1.2477201020E-01  -2.5328860000E-03
   37      4.6004190000E-04  -9.0095023200E-02   1.1792545510E-01   7.7231481700E-02   2.8799782100E-02
   38     -2.1848800000E-05  -1.2477201020E-01   7.7231481700E-02   1.1894474990E-01  -2.3640893000E-03
