
$orca_hessian_file

$act_atom
  0

$act_coord
  0

$act_energy
      -21.098180

$multiplicity
  1

$hessian
48
                    0                  1                  2                  3                  4        
    0      6.7426731690E-01   1.6347967400E-02   2.1800866530E-01  -3.9246231810E-01   1.8954448400E-02
    1      1.6347967400E-02   3.4533819920E-01  -1.2665513000E-03  -7.2965874000E-03  -6.9421098500E-02
    2      2.1800866530E-01  -1.2665513000E-03   2.1879092690E-01  -5.6952471200E-02   2.9621200000E-03
    3     -3.9246231810E-01  -7.2965874000E-03  -5.6952471200E-02   6.8669999390E-01   4.2007173000E-03
    4      1.8954448400E-02  -6.9421098500E-02   2.9621200000E-03   4.2007173000E-03   5.8568813790E-01
    5      3.7014538200E-02   1.5767069000E-03  -3.0248978700E-02   3.5829748400E-02   1.0315841100E-02
    6     -4.3298645000E-02  -2.7403467500E-02  -1.2326480100E-02  -1.0999289240E-01  -9.3586300400E-02
    7     -1.7621301000E-02  -1.3565207000E-03  -4.6423772000E-03  -9.2503405300E-02  -2.3980214090E-01
    8     -6.6694663000E-03   9.0594140000E-04   2.3272708000E-03   3.0557695500E-02   1.6365024800E-02
    9      9.7928230000E-04  -5.6376840000E-04  -4.5858449000E-03  -2.2475458000E-02  -2.8194930000E-03
   10     -3.5378560000E-03  -2.7011758000E-03  -1.7939509000E-03  -2.5890831500E-02   3.7888430000E-04
   11      2.2688055800E-02   3.2380883000E-03   1.5896855700E-02  -1.1880485700E-02  -1.1209718400E-02
   12      4.1420482200E-02   2.0881692000E-03   1.2579547600E-02  -3.3259547700E-02  -2.2270857400E-02
   13      1.4535848800E-02  -1.1160070000E-04   3.2652951000E-03  -7.0374210000E-03  -1.6587220000E-04
   14     -2.3675261000E-02  -6.2526628000E-03  -1.7660592000E-02  -2.3515245300E-02  -1.6104436700E-02
   15     -1.2536213300E-02  -5.2288934000E-03  -2.4473701400E-02  -4.7041284000E-03   2.4894429000E-03
   16     -1.8838046900E-02   4.5201073000E-03  -6.1551023000E-03   7.9957333000E-03  -8.6806754000E-03
   17     -7.9114480100E-02  -7.9051416000E-03  -3.3270239900E-02   1.8480433000E-02  -1.1413443000E-03
   18     -1.0212996840E-01  -8.7982858900E-02  -4.7395589800E-02  -1.5907740100E-02  -2.8603831700E-02
   19     -9.7338664700E-02  -1.7458449740E-01  -6.9537630800E-02  -8.2123300000E-05  -2.8190211000E-03
   20     -6.4398004900E-02  -7.8814497500E-02  -6.4497598600E-02   5.6342842000E-03  -1.8470421000E-03
   21     -1.3888898580E-01   8.5946195000E-02  -8.4638256900E-02  -1.8038512000E-02   2.1877449800E-02
   22      8.6348964400E-02  -1.0047377800E-01   7.3277536200E-02   1.3867117000E-03  -1.6904263000E-03
   23     -1.0974827640E-01   8.2655801600E-02  -9.6366424500E-02   8.5924678000E-03   4.2500741000E-03
   24     -2.3937703500E-02   2.2346317500E-02  -7.3661998000E-03  -9.8859298600E-02   1.0754614860E-01
   25      4.8886311000E-03   9.3967420000E-04   1.8724444000E-03   1.0737658600E-01  -2.3853321960E-01
   26     -8.1827308000E-03   3.6221068000E-03   1.0580953000E-03   3.2411439000E-03   3.8070646000E-03
   27      7.6293580000E-04  -3.0122310000E-04   1.0395270000E-04   6.0932039000E-03  -1.0651768900E-02
   28      7.5916580000E-04   2.2984715000E-03   3.4054890000E-04   1.0153024200E-02  -2.5488469700E-02
   29     -5.9700030000E-04   1.3798076000E-03  -1.2132956000E-03   8.7462160000E-04  -3.7359980000E-03
   30     -1.1540740000E-04  -7.8415400000E-05   5.5319730000E-04  -4.5266347000E-03   2.4132733000E-03
   31     -4.9452190000E-04   3.7167630000E-04  -2.8211000000E-05  -1.8045664000E-03  -1.0454657000E-03
   32      2.5763547000E-03   1.8638807000E-03   7.9872940000E-04   3.6470740000E-04   8.2494670000E-04
   33      1.3269181000E-03  -1.2305236000E-03  -1.6325010000E-04   2.2955530000E-03   8.2457050000E-04
   34     -1.8395650000E-04   1.3164536000E-03  -4.0635470000E-04  -7.9503000000E-06  -8.0375750000E-04
   35      1.8393825000E-03  -1.2685729000E-03   9.0908290000E-04  -3.1874640000E-03  -2.0228542000E-03
   36     -4.7150768000E-03   1.8712850000E-03   1.6453802000E-03   2.5477551000E-03  -5.9394560000E-04
   37     -3.1551637000E-03   1.6163000000E-05   1.8075287000E-03   1.6387955000E-03  -1.1932210000E-04
   38     -6.0221637000E-03   1.4386818000E-03   1.9329324000E-03   3.6930739000E-03  -8.1965740000E-04
   39      1.4203923000E-03  -4.7288360000E-04   2.1863427000E-03   3.6883000000E-05  -7.3106260000E-04
   40      3.1848379000E-03  -1.9647716000E-03  -9.6388200000E-05  -1.0743682000E-03   1.4769735000E-03
   41      6.9111433000E-03  -1.9612377000E-03   1.1408065000E-03  -3.4757041000E-03   2.5831052000E-03
   42      1.6372345000E-03  -3.0462860000E-04   1.1286051000E-03   1.7712803000E-03   3.0628280000E-04
   43     -7.7775500000E-05  -2.0183232000E-03  -5.1011510000E-04   1.3435692000E-03   7.0212360000E-04
   44      6.8151981000E-03  -7.2520890000E-04   7.6873210000E-04  -5.4919106000E-03  -4.1635879000E-03
   45     -3.7302437000E-03   2.2633155000E-03   1.6961030000E-03   7.8186080000E-04   6.4492610000E-04
   46     -3.7725776000E-03  -2.1689792000E-03   9.1120830000E-04   1.6021161000E-03   3.2334960000E-04
   47      2.5540456000E-03   1.5128575000E-03  -3.6630290000E-04  -2.7648947000E-03  -6.3537600000E-05
                    5                  6                  7                  8                  9        
    0      3.7014538200E-02  -4.3298645000E-02  -1.7621301000E-02  -6.6694663000E-03   9.7928230000E-04
    1      1.5767069000E-03  -2.7403467500E-02  -1.3565207000E-03   9.0594140000E-04  -5.6376840000E-04
    2     -3.0248978700E-02  -1.2326480100E-02  -4.6423772000E-03   2.3272708000E-03  -4.5858449000E-03
    3      3.5829748400E-02  -1.0999289240E-01  -9.2503405300E-02   3.0557695500E-02  -2.2475458000E-02
    4      1.0315841100E-02  -9.3586300400E-02  -2.3980214090E-01   1.6365024800E-02  -2.8194930000E-03
    5      4.4251427500E-02  -1.5452845000E-02  -2.1520446500E-02  -8.6898431000E-03   1.5601907800E-02
    6     -1.5452845000E-02   6.5704678690E-01  -2.1194214500E-02   1.5202458500E-02  -3.9620838320E-01
    7     -2.1520446500E-02  -2.1194214500E-02   5.7853035730E-01   3.6018560900E-02   3.6478981600E-02
    8     -8.6898431000E-03   1.5202458500E-02   3.6018560900E-02  -4.3653520500E-02  -1.0539125730E-01
    9      1.5601907800E-02  -3.9620838320E-01   3.6478981600E-02  -1.0539125730E-01   7.1041606420E-01
   10      3.2866615000E-03   6.7926494000E-03  -6.8647405600E-02  -1.9308802000E-03   2.7858849200E-02
   11      9.9425520000E-04   5.9867129700E-02   4.4576915000E-03  -1.5421255700E-02  -1.4995523990E-01
   12     -6.3419238300E-02   3.0387471800E-02   1.3253069200E-02   2.1733093700E-02  -5.7148413000E-03
   13     -3.0172970800E-02   1.5827627900E-02  -1.3836142000E-03  -4.3625708800E-02  -2.8581704500E-02
   14     -2.1543056600E-02  -6.5757328900E-02  -8.2633567000E-03   1.0105755900E-01   8.1605697000E-02
   15     -1.3959464000E-03  -1.8636487900E-02  -1.4302892100E-02   4.0868061800E-02   1.3280848100E-02
   16      2.8010646800E-02  -2.4760698000E-03   2.8608568000E-03   8.9189766000E-03  -4.7812683000E-03
   17      4.3350949100E-02   1.5800931600E-02   1.4455526900E-02  -1.6647866900E-02   6.1182738000E-03
   18     -8.2466643000E-03  -3.7125239000E-03   1.5101044000E-03  -5.9587651000E-03  -1.3083969000E-03
   19      1.1866927000E-03  -1.5582267000E-03  -2.3447350000E-04  -1.1252050000E-04  -1.2373510000E-04
   20      5.2900299000E-03  -4.1808392000E-03  -1.2328465000E-03   7.7872836000E-03  -1.4172571000E-03
   21     -1.2144864600E-02   2.5050116000E-03   7.0764930000E-04   6.3875980000E-04   3.4662370000E-04
   22     -1.1063130000E-03  -2.2087120000E-04  -6.1116290000E-04  -1.5453420000E-04  -2.3877980000E-04
   23      8.7388472000E-03  -8.8814790000E-04  -5.5133200000E-05  -2.8886273000E-03  -8.8726320000E-04
   24     -1.2365341000E-03   5.6538223000E-03  -1.0879888700E-02  -8.4030510000E-04   4.4260700000E-04
   25      1.7232820000E-03   1.0464372000E-02  -2.7824050000E-02  -5.6257000000E-06   1.1078281000E-03
   26     -2.7833478000E-02  -1.7043955000E-03  -1.1186339000E-03   1.7913440000E-04  -1.5888540000E-04
   27     -4.9544730000E-04  -9.8357134500E-02   1.0560813840E-01   7.4925277000E-03  -1.9917225500E-02
   28     -1.4977081000E-03   1.0651182260E-01  -2.3709234770E-01  -1.4638182000E-02   3.8900959000E-03
   29      1.4882753000E-03   2.9702471000E-03  -1.6316009700E-02  -2.6652925900E-02   6.9215068000E-03
   30      6.4624260000E-04  -1.7188311600E-02  -2.6444804600E-02   1.1868080000E-03  -1.5376362270E-01
   31      2.1400290000E-04   1.5762690000E-03   1.4482861000E-03  -6.6502790000E-04  -1.2024363640E-01
   32      2.3620679000E-03  -6.4164679000E-03  -4.1782541000E-03  -8.9889540000E-04   5.4598720100E-02
   33     -2.5534033000E-03  -1.8940090000E-02   2.4231111600E-02   1.2740050200E-02  -1.2421724570E-01
   34      7.7971780000E-04   4.9157424000E-03  -3.8702721000E-03  -3.0303589000E-03   8.3400661600E-02
   35     -4.3917171000E-03  -5.3594073000E-03   5.3846270000E-04   1.4539353400E-02   9.8538328600E-02
   36      6.8687320000E-03   1.4592927000E-03   8.4843300000E-04  -5.6758750000E-04   9.3294230000E-04
   37      2.2679256000E-03  -7.2051400000E-05  -7.8107740000E-04   2.1282856000E-03   1.7614973000E-03
   38      7.4918298000E-03   2.2825898000E-03   3.6576281000E-03  -3.3739691000E-03   8.9403900000E-05
   39      1.5907917000E-03   2.7860763000E-03   1.4350786000E-03   1.7257678000E-03   1.8540416000E-03
   40     -1.7552061000E-03   2.9096840000E-04   1.8583380000E-04   6.1129630000E-04   6.3655180000E-04
   41     -7.7367653000E-03   9.2982071000E-03   2.7445336000E-03  -9.4802627000E-03  -4.4364140000E-04
   42      2.1629174000E-03   3.6442767000E-03   1.1805589000E-03  -1.1205217400E-02  -6.4564476000E-03
   43      1.5492637000E-03   3.0975618000E-03  -2.9286654000E-03  -4.5203291000E-03  -1.9290979000E-03
   44     -9.0852648000E-03   4.2944207000E-03  -2.0103204000E-03   7.1569705000E-03   2.5453215000E-03
   45      5.2300652000E-03   2.8517303000E-03  -2.3066189000E-03  -1.5126244000E-03   1.8092120000E-03
   46      5.1419035000E-03  -2.9658120000E-03   1.5063964000E-03   3.7350817000E-03   4.1470178000E-03
   47     -4.4385781000E-03   2.3699274000E-03  -2.5350253000E-03  -5.3404051000E-03  -3.1797704000E-03
                   10                 11                 12                 13                 14        
    0     -3.5378560000E-03   2.2688055800E-02   4.1420482200E-02   1.4535848800E-02  -2.3675261000E-02
    1     -2.7011758000E-03   3.2380883000E-03   2.0881692000E-03  -1.1160070000E-04  -6.2526628000E-03
    2     -1.7939509000E-03   1.5896855700E-02   1.2579547600E-02   3.2652951000E-03  -1.7660592000E-02
    3     -2.5890831500E-02  -1.1880485700E-02  -3.3259547700E-02  -7.0374210000E-03  -2.3515245300E-02
    4      3.7888430000E-04  -1.1209718400E-02  -2.2270857400E-02  -1.6587220000E-04  -1.6104436700E-02
    5      3.2866615000E-03   9.9425520000E-04  -6.3419238300E-02  -3.0172970800E-02  -2.1543056600E-02
    6      6.7926494000E-03   5.9867129700E-02   3.0387471800E-02   1.5827627900E-02  -6.5757328900E-02
    7     -6.8647405600E-02   4.4576915000E-03   1.3253069200E-02  -1.3836142000E-03  -8.2633567000E-03
    8     -1.9308802000E-03  -1.5421255700E-02   2.1733093700E-02  -4.3625708800E-02   1.0105755900E-01
    9      2.7858849200E-02  -1.4995523990E-01  -5.7148413000E-03  -2.8581704500E-02   8.1605697000E-02
   10      3.4128503080E-01   5.1074181600E-02   4.6427531000E-03   6.2576769000E-03  -3.5278855000E-03
   11      5.1074181600E-02   1.4273390610E-01  -2.0304691400E-02   1.9762078000E-03   9.1273950000E-04
   12      4.6427531000E-03  -2.0304691400E-02   4.8299388430E-01  -2.0192005000E-03   1.2876107080E-01
   13      6.2576769000E-03   1.9762078000E-03  -2.0192005000E-03   1.7136732170E-01  -4.8451251300E-02
   14     -3.5278855000E-03   9.1273950000E-04   1.2876107080E-01  -4.8451251300E-02   1.6568857130E-01
   15     -3.4699873000E-03  -3.2121779000E-03  -3.1480241540E-01  -5.7417273600E-02  -1.4651946800E-02
   16     -3.4291177000E-03  -3.3641288000E-03  -7.6592730000E-02  -6.7380384100E-02   7.9678430000E-04
   17     -7.1643990000E-04   3.4039351000E-03   6.9195935900E-02   2.3602430500E-02  -4.5520683500E-02
   18      4.5092490000E-04  -1.5774408000E-03  -1.4646238000E-03  -1.4770630000E-04   2.7039136000E-03
   19      1.9537210000E-04  -9.5123800000E-05   2.2445250000E-04  -2.3565410000E-04  -1.8345910000E-04
   20     -2.5481061000E-03   2.5757191000E-03   6.9487869000E-03   3.8236049000E-03  -2.2299638000E-03
   21     -1.3933201000E-03  -9.2032620000E-04  -8.8170770000E-04  -4.4697180000E-04   3.3244672000E-03
   22      4.9899210000E-04   4.9559430000E-04   8.7299730000E-04  -3.6645300000E-04  -8.8140000000E-06
   23      9.5547370000E-04   3.3100329000E-03   6.9340609000E-03   1.4393379000E-03  -5.6534748000E-03
   24     -7.2996920000E-04  -2.3067580000E-04  -3.7381610000E-04  -8.0371300000E-04   7.3164120000E-04
   25      2.1094497000E-03  -6.6542040000E-04  -3.5859400000E-05  -8.5984050000E-04   7.4172370000E-04
   26     -1.1911043000E-03   5.7815590000E-04   2.4051073000E-03   1.3523990000E-03  -8.9937160000E-04
   27      2.2147712500E-02   7.8928832000E-03  -3.6947700000E-04   2.6461826000E-03  -3.3702878000E-03
   28      5.8334210000E-04  -1.8631017000E-03   5.9706630000E-04  -1.9688930000E-03   2.5269908000E-03
   29     -3.0037129000E-03   3.5575448000E-03  -3.7269631000E-03   6.7368775000E-03  -1.1766855100E-02
   30     -1.1500774260E-01   4.0378962000E-02  -9.7523600000E-04   1.7905430000E-04   1.9181230000E-03
   31     -1.5183911310E-01   4.0517719800E-02   5.0087690000E-04  -1.4357573000E-03  -6.3868350000E-04
   32      4.8798246400E-02  -4.2875492700E-02  -2.5942718000E-03  -1.8894073000E-03  -2.9379420000E-04
   33      8.5196822600E-02   7.6597923800E-02  -1.1498242000E-03   1.0699616000E-03   4.9435900000E-04
   34     -1.1747969090E-01  -7.9510636600E-02   3.1465430000E-04  -1.6378238000E-03   2.3860893000E-03
   35     -9.0358105500E-02  -1.0038450670E-01  -1.2108772000E-03   6.4779146000E-03  -9.7856942000E-03
   36      2.8736740000E-04  -3.4146020000E-03  -3.8632337600E-02   1.2348504700E-02   1.0949605700E-02
   37     -2.1364757000E-03  -1.1834131000E-03  -1.3682742900E-02   1.7624726000E-03   1.8168502000E-03
   38      6.9834620000E-04   3.8531390000E-04  -5.1350511000E-03  -2.2943920000E-03  -2.1104481000E-03
   39      1.6882081000E-03  -7.5098123000E-03  -1.8549323000E-02  -3.3924184600E-02   1.4919909800E-02
   40     -1.4124111000E-03  -1.6706089000E-03  -7.7094446000E-03  -9.2450201000E-03   7.2874435000E-03
   41      5.2772790000E-04  -7.9875910000E-03  -2.2228957000E-03   4.7387578000E-03   1.2789628300E-02
   42      2.3372582000E-03  -2.7300249000E-03  -1.3408692430E-01   7.5156083100E-02  -1.1912687770E-01
   43      8.4285510000E-04  -3.1889924000E-03   8.5733124000E-02  -4.9225325700E-02   1.1249674800E-01
   44      4.0205360000E-04  -6.1240081000E-03  -1.5476753390E-01   1.0156741200E-01  -1.3698112240E-01
   45     -1.3728388000E-03  -5.6894776000E-03  -4.5417642000E-03   8.6149121000E-03   4.6881602000E-03
   46     -4.5062131000E-03   9.9166090000E-04   1.4083671900E-02  -4.5371232600E-02  -4.4622080200E-02
   47     -6.7250570000E-04  -1.5556039000E-03   4.8239195000E-03  -2.8546506800E-02  -2.6003441700E-02
                   15                 16                 17                 18                 19        
    0     -1.2536213300E-02  -1.8838046900E-02  -7.9114480100E-02  -1.0212996840E-01  -9.7338664700E-02
    1     -5.2288934000E-03   4.5201073000E-03  -7.9051416000E-03  -8.7982858900E-02  -1.7458449740E-01
    2     -2.4473701400E-02  -6.1551023000E-03  -3.3270239900E-02  -4.7395589800E-02  -6.9537630800E-02
    3     -4.7041284000E-03   7.9957333000E-03   1.8480433000E-02  -1.5907740100E-02  -8.2123300000E-05
    4      2.4894429000E-03  -8.6806754000E-03  -1.1413443000E-03  -2.8603831700E-02  -2.8190211000E-03
    5     -1.3959464000E-03   2.8010646800E-02   4.3350949100E-02  -8.2466643000E-03   1.1866927000E-03
    6     -1.8636487900E-02  -2.4760698000E-03   1.5800931600E-02  -3.7125239000E-03  -1.5582267000E-03
    7     -1.4302892100E-02   2.8608568000E-03   1.4455526900E-02   1.5101044000E-03  -2.3447350000E-04
    8      4.0868061800E-02   8.9189766000E-03  -1.6647866900E-02  -5.9587651000E-03  -1.1252050000E-04
    9      1.3280848100E-02  -4.7812683000E-03   6.1182738000E-03  -1.3083969000E-03  -1.2373510000E-04
   10     -3.4699873000E-03  -3.4291177000E-03  -7.1643990000E-04   4.5092490000E-04   1.9537210000E-04
   11     -3.2121779000E-03  -3.3641288000E-03   3.4039351000E-03  -1.5774408000E-03  -9.5123800000E-05
   12     -3.1480241540E-01  -7.6592730000E-02   6.9195935900E-02  -1.4646238000E-03   2.2445250000E-04
   13     -5.7417273600E-02  -6.7380384100E-02   2.3602430500E-02  -1.4770630000E-04  -2.3565410000E-04
   14     -1.4651946800E-02   7.9678430000E-04  -4.5520683500E-02   2.7039136000E-03  -1.8345910000E-04
   15      5.2794735380E-01   6.3518653700E-02  -1.3320481840E-01  -4.0160050000E-04  -2.0530470000E-04
   16      6.3518653700E-02   3.5277349330E-01  -5.7600170000E-02  -5.1073990000E-04  -1.0277674000E-03
   17     -1.3320481840E-01  -5.7600170000E-02   3.1258976960E-01   1.7263142000E-03  -9.2382580000E-04
   18     -4.0160050000E-04  -5.1073990000E-04   1.7263142000E-03   1.0869921980E-01   1.0063410500E-01
   19     -2.0530470000E-04  -1.0277674000E-03  -9.2382580000E-04   1.0063410500E-01   2.4398922070E-01
   20     -5.7291650000E-04   1.9326230000E-03  -7.5232140000E-03   5.9388430800E-02   6.6010833400E-02
   21     -1.3353180000E-03   1.3552804000E-03   3.4793655000E-03   1.3777263400E-02  -1.3164370000E-04
   22     -9.6777870000E-04  -1.3212556000E-03  -1.2380740000E-03   1.4776600300E-02  -7.1821827100E-02
   23      3.8958870000E-04  -5.0288579000E-03  -1.1424053200E-02  -1.7394458000E-03   4.2506479000E-03
   24     -7.9210720000E-04   1.4788866000E-03   2.4065818000E-03   3.0135527000E-03   1.9750040000E-04
   25      1.8588570000E-04  -1.4108026000E-03  -1.3117024000E-03  -1.1370652000E-03   7.4100360000E-04
   26      3.3843519000E-03  -4.3793726000E-03  -7.0450643000E-03   2.2755926000E-03   4.8233720000E-04
   27     -7.4658750000E-04  -2.8418040000E-04  -8.2374400000E-04  -8.6604740000E-04  -4.0459040000E-04
   28      2.0689490000E-04  -1.2216233000E-03  -5.3255340000E-04   1.3666130000E-04  -1.0383890000E-04
   29     -9.3493250000E-04   1.2841170000E-04  -1.5562806000E-03   5.3475720000E-04  -7.2051680000E-04
   30     -2.6915550000E-04   1.4196451000E-03   4.7175090000E-04  -2.0840291000E-03   6.9970200000E-04
   31      6.2658400000E-04  -1.1037527000E-03  -1.0956383000E-03   7.2710830000E-04   2.1410310000E-04
   32     -2.2004615000E-03  -7.6781750000E-04   3.7756901000E-03  -6.3401720000E-04   4.7658830000E-04
   33      1.4563390000E-04   5.2152460000E-04  -9.2248320000E-04   4.6921800000E-04  -1.1451068000E-03
   34      1.0039751000E-03  -7.0711630000E-04   1.7390080000E-04   8.8275250000E-04   8.4914970000E-04
   35     -3.3805017000E-03   6.7163760000E-04  -2.7743891000E-03  -8.8336260000E-04  -5.8600050000E-04
   36     -1.0509444760E-01   5.4568320900E-02   9.8841807800E-02   1.0951900000E-04   8.1437230000E-04
   37      6.6489616700E-02  -7.5001847500E-02  -7.7435950900E-02  -1.0155269000E-03   1.1576952000E-03
   38      1.2766453400E-01  -8.0111450700E-02  -1.4475357530E-01   1.5045160000E-04   4.2473640000E-04
   39     -3.4035213900E-02  -6.3878650000E-03   1.3722059100E-02   1.5408315000E-03  -9.7131690000E-04
   40     -1.8880812500E-02  -1.8393428610E-01   1.1522617200E-01  -4.7050040000E-04   7.3198710000E-04
   41      1.7946407000E-02   1.2518967150E-01  -1.0071910620E-01  -1.3576870000E-04  -2.4283690000E-04
   42     -3.4155636900E-02   7.6467534000E-03  -6.3997193000E-03   1.5400715000E-03  -1.5050368000E-03
   43     -1.0364336100E-02   6.3802050000E-04  -3.6572517000E-03   4.4651890000E-04   1.7247166000E-03
   44      6.3101495000E-03   2.9727635000E-03   3.1835721000E-03  -4.9246200000E-05  -6.1452990000E-04
   45     -1.3864523600E-02  -2.8633897700E-02  -9.7782086000E-03  -1.2747457000E-03   8.9561700000E-04
   46     -2.3683774600E-02  -1.5573849200E-02   1.0006190000E-04   3.0345370000E-04   1.2238315000E-03
   47     -1.2535689800E-02  -1.1214615200E-02   4.9305569000E-03  -1.5915960000E-04   1.8460830000E-04
                   20                 21                 22                 23                 24        
    0     -6.4398004900E-02  -1.3888898580E-01   8.6348964400E-02  -1.0974827640E-01  -2.3937703500E-02
    1     -7.8814497500E-02   8.5946195000E-02  -1.0047377800E-01   8.2655801600E-02   2.2346317500E-02
    2     -6.4497598600E-02  -8.4638256900E-02   7.3277536200E-02  -9.6366424500E-02  -7.3661998000E-03
    3      5.6342842000E-03  -1.8038512000E-02   1.3867117000E-03   8.5924678000E-03  -9.8859298600E-02
    4     -1.8470421000E-03   2.1877449800E-02  -1.6904263000E-03   4.2500741000E-03   1.0754614860E-01
    5      5.2900299000E-03  -1.2144864600E-02  -1.1063130000E-03   8.7388472000E-03  -1.2365341000E-03
    6     -4.1808392000E-03   2.5050116000E-03  -2.2087120000E-04  -8.8814790000E-04   5.6538223000E-03
    7     -1.2328465000E-03   7.0764930000E-04  -6.1116290000E-04  -5.5133200000E-05  -1.0879888700E-02
    8      7.7872836000E-03   6.3875980000E-04  -1.5453420000E-04  -2.8886273000E-03  -8.4030510000E-04
    9     -1.4172571000E-03   3.4662370000E-04  -2.3877980000E-04  -8.8726320000E-04   4.4260700000E-04
   10     -2.5481061000E-03  -1.3933201000E-03   4.9899210000E-04   9.5547370000E-04  -7.2996920000E-04
   11      2.5757191000E-03  -9.2032620000E-04   4.9559430000E-04   3.3100329000E-03  -2.3067580000E-04
   12      6.9487869000E-03  -8.8170770000E-04   8.7299730000E-04   6.9340609000E-03  -3.7381610000E-04
   13      3.8236049000E-03  -4.4697180000E-04  -3.6645300000E-04   1.4393379000E-03  -8.0371300000E-04
   14     -2.2299638000E-03   3.3244672000E-03  -8.8140000000E-06  -5.6534748000E-03   7.3164120000E-04
   15     -5.7291650000E-04  -1.3353180000E-03  -9.6777870000E-04   3.8958870000E-04  -7.9210720000E-04
   16      1.9326230000E-03   1.3552804000E-03  -1.3212556000E-03  -5.0288579000E-03   1.4788866000E-03
   17     -7.5232140000E-03   3.4793655000E-03  -1.2380740000E-03  -1.1424053200E-02   2.4065818000E-03
   18      5.9388430800E-02   1.3777263400E-02   1.4776600300E-02  -1.7394458000E-03   3.0135527000E-03
   19      6.6010833400E-02  -1.3164370000E-04  -7.1821827100E-02   4.2506479000E-03   1.9750040000E-04
   20      4.3035275800E-02  -1.3454221000E-03   1.1758891100E-02   1.8827593100E-02   1.2900123000E-03
   21     -1.3454221000E-03   1.4461318050E-01  -1.0407969190E-01   9.7191870900E-02  -5.1863133000E-03
   22      1.1758891100E-02  -1.0407969190E-01   1.7075852450E-01  -8.4075863900E-02   3.4417611000E-03
   23      1.8827593100E-02   9.7191870900E-02  -8.4075863900E-02   7.3830563300E-02   1.6942600000E-03
   24      1.2900123000E-03  -5.1863133000E-03   3.4417611000E-03   1.6942600000E-03   1.2015596910E-01
   25     -3.1977140000E-04  -1.9693090000E-04  -2.9968000000E-04  -8.8724610000E-04  -1.1918240750E-01
   26     -4.9327583000E-03  -4.3531919000E-03   1.3614416000E-03   6.9811136000E-03   3.4479223000E-03
   27      2.2676190000E-04   9.2038620000E-04  -3.5720010000E-04  -2.8556140000E-04  -1.1327010000E-03
   28     -2.6393090000E-04  -1.8617400000E-05  -2.4641390000E-04   3.6472750000E-04  -2.4606736000E-03
   29     -1.2739378000E-03  -9.3868600000E-05  -4.4617350000E-04   1.2216979000E-03  -6.5899200000E-05
   30      8.2100060000E-04   2.9172300000E-04   9.9899930000E-04   7.5937010000E-04  -9.0978510000E-04
   31     -4.9890630000E-04  -1.4084932000E-03   5.2770060000E-04   5.9254720000E-04  -5.5740300000E-04
   32      4.7961950000E-04  -6.4698760000E-04   6.8868810000E-04   1.6822214000E-03  -1.7210320000E-04
   33      5.4914010000E-04  -3.6375740000E-04  -1.3598062000E-03   4.9359110000E-04   7.9308900000E-04
   34     -6.8597970000E-04  -1.4407580000E-03   4.3245670000E-04   9.9601620000E-04  -6.8314730000E-04
   35      1.7316790000E-03  -4.4541550000E-04  -7.7550340000E-04   3.1075670000E-04   9.8062500000E-05
   36     -1.1019975000E-03   1.0193902000E-03   1.0779988000E-03  -1.4446578000E-03  -2.9782860000E-04
   37      5.1754870000E-04   9.4376440000E-04   1.5828590000E-03  -1.7861884000E-03  -6.0012000000E-05
   38     -8.1524060000E-04   1.8895000000E-05   8.0090650000E-04  -4.6877300000E-05   2.5475350000E-04
   39     -5.8497310000E-04  -2.2345940000E-04  -7.7129480000E-04  -3.4472390000E-04   8.6976340000E-04
   40      9.6106810000E-04   4.0372500000E-05   3.4754440000E-04  -5.3200770000E-04   2.3682820000E-04
   41      1.0659824000E-03   6.2404000000E-06  -3.8651670000E-04  -1.5617520000E-04  -2.8441800000E-05
   42     -8.7670560000E-04   2.9255170000E-04  -1.8431833000E-03  -2.8548620000E-04   1.1917297000E-03
   43      3.1354170000E-04  -1.2268851000E-03   1.0680515000E-03  -6.9023070000E-04   3.8485200000E-05
   44      1.6576976000E-03   4.1610460000E-04  -9.7460910000E-04  -2.6433250000E-04   5.2972200000E-05
   45     -3.8030080000E-04   1.1519233000E-03   9.3457320000E-04  -4.3164690000E-04  -6.3097990000E-04
   46      8.9296950000E-04  -5.2739940000E-04   1.6148680000E-03  -2.4490981000E-03   7.1286500000E-05
   47     -1.1781669000E-03  -4.8737000000E-04   7.8334400000E-04   1.8971387000E-03  -3.6046800000E-05
                   25                 26                 27                 28                 29        
    0      4.8886311000E-03  -8.1827308000E-03   7.6293580000E-04   7.5916580000E-04  -5.9700030000E-04
    1      9.3967420000E-04   3.6221068000E-03  -3.0122310000E-04   2.2984715000E-03   1.3798076000E-03
    2      1.8724444000E-03   1.0580953000E-03   1.0395270000E-04   3.4054890000E-04  -1.2132956000E-03
    3      1.0737658600E-01   3.2411439000E-03   6.0932039000E-03   1.0153024200E-02   8.7462160000E-04
    4     -2.3853321960E-01   3.8070646000E-03  -1.0651768900E-02  -2.5488469700E-02  -3.7359980000E-03
    5      1.7232820000E-03  -2.7833478000E-02  -4.9544730000E-04  -1.4977081000E-03   1.4882753000E-03
    6      1.0464372000E-02  -1.7043955000E-03  -9.8357134500E-02   1.0651182260E-01   2.9702471000E-03
    7     -2.7824050000E-02  -1.1186339000E-03   1.0560813840E-01  -2.3709234770E-01  -1.6316009700E-02
    8     -5.6257000000E-06   1.7913440000E-04   7.4925277000E-03  -1.4638182000E-02  -2.6652925900E-02
    9      1.1078281000E-03  -1.5888540000E-04  -1.9917225500E-02   3.8900959000E-03   6.9215068000E-03
   10      2.1094497000E-03  -1.1911043000E-03   2.2147712500E-02   5.8334210000E-04  -3.0037129000E-03
   11     -6.6542040000E-04   5.7815590000E-04   7.8928832000E-03  -1.8631017000E-03   3.5575448000E-03
   12     -3.5859400000E-05   2.4051073000E-03  -3.6947700000E-04   5.9706630000E-04  -3.7269631000E-03
   13     -8.5984050000E-04   1.3523990000E-03   2.6461826000E-03  -1.9688930000E-03   6.7368775000E-03
   14      7.4172370000E-04  -8.9937160000E-04  -3.3702878000E-03   2.5269908000E-03  -1.1766855100E-02
   15      1.8588570000E-04   3.3843519000E-03  -7.4658750000E-04   2.0689490000E-04  -9.3493250000E-04
   16     -1.4108026000E-03  -4.3793726000E-03  -2.8418040000E-04  -1.2216233000E-03   1.2841170000E-04
   17     -1.3117024000E-03  -7.0450643000E-03  -8.2374400000E-04  -5.3255340000E-04  -1.5562806000E-03
   18     -1.1370652000E-03   2.2755926000E-03  -8.6604740000E-04   1.3666130000E-04   5.3475720000E-04
   19      7.4100360000E-04   4.8233720000E-04  -4.0459040000E-04  -1.0383890000E-04  -7.2051680000E-04
   20     -3.1977140000E-04  -4.9327583000E-03   2.2676190000E-04  -2.6393090000E-04  -1.2739378000E-03
   21     -1.9693090000E-04  -4.3531919000E-03   9.2038620000E-04  -1.8617400000E-05  -9.3868600000E-05
   22     -2.9968000000E-04   1.3614416000E-03  -3.5720010000E-04  -2.4641390000E-04  -4.4617350000E-04
   23     -8.8724610000E-04   6.9811136000E-03  -2.8556140000E-04   3.6472750000E-04   1.2216979000E-03
   24     -1.1918240750E-01   3.4479223000E-03  -1.1327010000E-03  -2.4606736000E-03  -6.5899200000E-05
   25      2.6682676510E-01  -5.4844190000E-04  -2.7621922000E-03  -3.5935636000E-03  -7.4752190000E-04
   26     -5.4844190000E-04   2.8995688600E-02  -2.0432890000E-04  -1.0289220000E-04   2.6432885000E-03
   27     -2.7621922000E-03  -2.0432890000E-04   1.1478916450E-01  -1.1840518840E-01  -7.7817637000E-03
   28     -3.5935636000E-03  -1.0289220000E-04  -1.1840518840E-01   2.6431281910E-01   1.4649696300E-02
   29     -7.4752190000E-04   2.6432885000E-03  -7.7817637000E-03   1.4649696300E-02   2.9965796100E-02
   30      2.5276020000E-04  -4.5824800000E-05   2.8558460000E-03  -5.2517640000E-04  -1.3922827000E-03
   31     -3.4039540000E-04   9.1252270000E-04   2.6108590000E-04   4.0230230000E-04   3.6234070000E-04
   32      4.9278120000E-04  -7.6231240000E-04  -3.8979080000E-04   8.6807660000E-04  -3.7440040000E-03
   33     -9.0269100000E-05  -1.0445060000E-04  -5.2309850000E-03  -5.0136040000E-04   2.8121169000E-03
   34     -1.8760930000E-04   5.0253940000E-04   3.5094084000E-03  -3.4826600000E-04  -2.3945750000E-03
   35     -3.5801110000E-04   8.6887240000E-04  -2.4940989000E-03   2.6502350000E-04   6.2839057000E-03
   36     -3.0940670000E-04  -5.6470030000E-04   1.0291115000E-03   1.3769200000E-05  -3.5870080000E-04
   37      7.3480920000E-04  -2.0586307000E-03   1.1575700000E-04   5.4557740000E-04   9.1549650000E-04
   38      6.1680840000E-04  -2.2784699000E-03  -4.2569340000E-04   3.6511880000E-04   1.0074594000E-03
   39     -9.1758000000E-05   5.2934140000E-04  -2.1745240000E-04  -2.1095950000E-04  -2.4541240000E-04
   40      8.2902580000E-04  -7.5251360000E-04  -6.7762820000E-04   7.0314580000E-04   8.7224170000E-04
   41     -2.7943340000E-04   1.8232994000E-03   4.5928160000E-04  -5.5191080000E-04  -4.2505510000E-04
   42     -6.4481700000E-05   1.2064180000E-04  -4.9535460000E-04  -4.4092860000E-04   9.2427460000E-04
   43      7.2946470000E-04  -1.4349640000E-03  -1.7562570000E-04   5.2151400000E-04   3.1494492000E-03
   44     -6.7679180000E-04   1.5267630000E-03   3.8344740000E-04  -6.4970060000E-04  -1.4971418000E-03
   45     -4.0569230000E-04  -8.5593100000E-05   8.8231710000E-04   2.9440400000E-04   1.5929930000E-04
   46      1.3896880000E-04  -4.5385820000E-04  -2.6868750000E-04   6.9624390000E-04  -8.2981340000E-04
   47      3.5292630000E-04  -9.0295660000E-04  -2.8813840000E-04   7.1979740000E-04   1.9615281000E-03
                   30                 31                 32                 33                 34        
    0     -1.1540740000E-04  -4.9452190000E-04   2.5763547000E-03   1.3269181000E-03  -1.8395650000E-04
    1     -7.8415400000E-05   3.7167630000E-04   1.8638807000E-03  -1.2305236000E-03   1.3164536000E-03
    2      5.5319730000E-04  -2.8211000000E-05   7.9872940000E-04  -1.6325010000E-04  -4.0635470000E-04
    3     -4.5266347000E-03  -1.8045664000E-03   3.6470740000E-04   2.2955530000E-03  -7.9503000000E-06
    4      2.4132733000E-03  -1.0454657000E-03   8.2494670000E-04   8.2457050000E-04  -8.0375750000E-04
    5      6.4624260000E-04   2.1400290000E-04   2.3620679000E-03  -2.5534033000E-03   7.7971780000E-04
    6     -1.7188311600E-02   1.5762690000E-03  -6.4164679000E-03  -1.8940090000E-02   4.9157424000E-03
    7     -2.6444804600E-02   1.4482861000E-03  -4.1782541000E-03   2.4231111600E-02  -3.8702721000E-03
    8      1.1868080000E-03  -6.6502790000E-04  -8.9889540000E-04   1.2740050200E-02  -3.0303589000E-03
    9     -1.5376362270E-01  -1.2024363640E-01   5.4598720100E-02  -1.2421724570E-01   8.3400661600E-02
   10     -1.1500774260E-01  -1.5183911310E-01   4.8798246400E-02   8.5196822600E-02  -1.1747969090E-01
   11      4.0378962000E-02   4.0517719800E-02  -4.2875492700E-02   7.6597923800E-02  -7.9510636600E-02
   12     -9.7523600000E-04   5.0087690000E-04  -2.5942718000E-03  -1.1498242000E-03   3.1465430000E-04
   13      1.7905430000E-04  -1.4357573000E-03  -1.8894073000E-03   1.0699616000E-03  -1.6378238000E-03
   14      1.9181230000E-03  -6.3868350000E-04  -2.9379420000E-04   4.9435900000E-04   2.3860893000E-03
   15     -2.6915550000E-04   6.2658400000E-04  -2.2004615000E-03   1.4563390000E-04   1.0039751000E-03
   16      1.4196451000E-03  -1.1037527000E-03  -7.6781750000E-04   5.2152460000E-04  -7.0711630000E-04
   17      4.7175090000E-04  -1.0956383000E-03   3.7756901000E-03  -9.2248320000E-04   1.7390080000E-04
   18     -2.0840291000E-03   7.2710830000E-04  -6.3401720000E-04   4.6921800000E-04   8.8275250000E-04
   19      6.9970200000E-04   2.1410310000E-04   4.7658830000E-04  -1.1451068000E-03   8.4914970000E-04
   20      8.2100060000E-04  -4.9890630000E-04   4.7961950000E-04   5.4914010000E-04  -6.8597970000E-04
   21      2.9172300000E-04  -1.4084932000E-03  -6.4698760000E-04  -3.6375740000E-04  -1.4407580000E-03
   22      9.9899930000E-04   5.2770060000E-04   6.8868810000E-04  -1.3598062000E-03   4.3245670000E-04
   23      7.5937010000E-04   5.9254720000E-04   1.6822214000E-03   4.9359110000E-04   9.9601620000E-04
   24     -9.0978510000E-04  -5.5740300000E-04  -1.7210320000E-04   7.9308900000E-04  -6.8314730000E-04
   25      2.5276020000E-04  -3.4039540000E-04   4.9278120000E-04  -9.0269100000E-05  -1.8760930000E-04
   26     -4.5824800000E-05   9.1252270000E-04  -7.6231240000E-04  -1.0445060000E-04   5.0253940000E-04
   27      2.8558460000E-03   2.6108590000E-04  -3.8979080000E-04  -5.2309850000E-03   3.5094084000E-03
   28     -5.2517640000E-04   4.0230230000E-04   8.6807660000E-04  -5.0136040000E-04  -3.4826600000E-04
   29     -1.3922827000E-03   3.6234070000E-04  -3.7440040000E-03   2.8121169000E-03  -2.3945750000E-03
   30      1.6037214350E-01   1.3392249130E-01  -4.4865589000E-02   1.3830485100E-02   3.3049315000E-03
   31      1.3392249130E-01   2.1367701340E-01  -2.3663182500E-02  -1.1868732800E-02  -6.7426478900E-02
   32     -4.4865589000E-02  -2.3663182500E-02   2.4680446600E-02  -2.8244735000E-03  -2.0227952100E-02
   33      1.3830485100E-02  -1.1868732800E-02  -2.8244735000E-03   1.2938099150E-01  -9.4319247600E-02
   34      3.3049315000E-03  -6.7426478900E-02  -2.0227952100E-02  -9.4319247600E-02   1.8481007680E-01
   35      6.8424870000E-04  -1.6567224000E-02   1.5034275800E-02  -8.6104764000E-02   1.0155753050E-01
   36      1.4626027000E-03  -1.5041771000E-03   1.0110337000E-03   4.4675740000E-04  -1.4235963000E-03
   37      6.4313030000E-04   1.6550365000E-03  -7.6164710000E-04  -1.0891352000E-03   1.3054513000E-03
   38     -2.3940710000E-04   5.9058830000E-04   8.6664200000E-04  -4.6058630000E-04   1.0609906000E-03
   39     -6.8037150000E-04   4.6846250000E-04   7.5311050000E-04   1.0132295000E-03   4.9196150000E-04
   40     -1.2217070000E-04   2.1584901000E-03  -7.3865350000E-04  -8.2132440000E-04   2.2262820000E-03
   41     -4.0279210000E-04   7.6435500000E-05  -1.4749913000E-03  -2.0409270000E-04  -6.6656390000E-04
   42     -1.5873310000E-04   9.4954850000E-04   1.2994065000E-03   1.0793386000E-03   1.3308861000E-03
   43     -1.1045342000E-03   1.3396216000E-03  -4.9256460000E-04   7.9127080000E-04   1.7313275000E-03
   44      6.6762000000E-06  -8.4461750000E-04  -1.2400231000E-03   2.1602380000E-04  -1.0674009000E-03
   45      1.8584865000E-03  -1.1508955000E-03   1.4082960000E-04  -8.7931180000E-04  -1.0963175000E-03
   46     -5.5114340000E-04   1.3967331000E-03  -1.2937293000E-03  -2.0975570000E-04  -2.1018250000E-04
   47     -4.8048390000E-04   7.3533380000E-04   1.6098205000E-03  -5.6570140000E-04   5.3303730000E-04
                   35                 36                 37                 38                 39        
    0      1.8393825000E-03  -4.7150768000E-03  -3.1551637000E-03  -6.0221637000E-03   1.4203923000E-03
    1     -1.2685729000E-03   1.8712850000E-03   1.6163000000E-05   1.4386818000E-03  -4.7288360000E-04
    2      9.0908290000E-04   1.6453802000E-03   1.8075287000E-03   1.9329324000E-03   2.1863427000E-03
    3     -3.1874640000E-03   2.5477551000E-03   1.6387955000E-03   3.6930739000E-03   3.6883000000E-05
    4     -2.0228542000E-03  -5.9394560000E-04  -1.1932210000E-04  -8.1965740000E-04  -7.3106260000E-04
    5     -4.3917171000E-03   6.8687320000E-03   2.2679256000E-03   7.4918298000E-03   1.5907917000E-03
    6     -5.3594073000E-03   1.4592927000E-03  -7.2051400000E-05   2.2825898000E-03   2.7860763000E-03
    7      5.3846270000E-04   8.4843300000E-04  -7.8107740000E-04   3.6576281000E-03   1.4350786000E-03
    8      1.4539353400E-02  -5.6758750000E-04   2.1282856000E-03  -3.3739691000E-03   1.7257678000E-03
    9      9.8538328600E-02   9.3294230000E-04   1.7614973000E-03   8.9403900000E-05   1.8540416000E-03
   10     -9.0358105500E-02   2.8736740000E-04  -2.1364757000E-03   6.9834620000E-04   1.6882081000E-03
   11     -1.0038450670E-01  -3.4146020000E-03  -1.1834131000E-03   3.8531390000E-04  -7.5098123000E-03
   12     -1.2108772000E-03  -3.8632337600E-02  -1.3682742900E-02  -5.1350511000E-03  -1.8549323000E-02
   13      6.4779146000E-03   1.2348504700E-02   1.7624726000E-03  -2.2943920000E-03  -3.3924184600E-02
   14     -9.7856942000E-03   1.0949605700E-02   1.8168502000E-03  -2.1104481000E-03   1.4919909800E-02
   15     -3.3805017000E-03  -1.0509444760E-01   6.6489616700E-02   1.2766453400E-01  -3.4035213900E-02
   16      6.7163760000E-04   5.4568320900E-02  -7.5001847500E-02  -8.0111450700E-02  -6.3878650000E-03
   17     -2.7743891000E-03   9.8841807800E-02  -7.7435950900E-02  -1.4475357530E-01   1.3722059100E-02
   18     -8.8336260000E-04   1.0951900000E-04  -1.0155269000E-03   1.5045160000E-04   1.5408315000E-03
   19     -5.8600050000E-04   8.1437230000E-04   1.1576952000E-03   4.2473640000E-04  -9.7131690000E-04
   20      1.7316790000E-03  -1.1019975000E-03   5.1754870000E-04  -8.1524060000E-04  -5.8497310000E-04
   21     -4.4541550000E-04   1.0193902000E-03   9.4376440000E-04   1.8895000000E-05  -2.2345940000E-04
   22     -7.7550340000E-04   1.0779988000E-03   1.5828590000E-03   8.0090650000E-04  -7.7129480000E-04
   23      3.1075670000E-04  -1.4446578000E-03  -1.7861884000E-03  -4.6877300000E-05  -3.4472390000E-04
   24      9.8062500000E-05  -2.9782860000E-04  -6.0012000000E-05   2.5475350000E-04   8.6976340000E-04
   25     -3.5801110000E-04  -3.0940670000E-04   7.3480920000E-04   6.1680840000E-04  -9.1758000000E-05
   26      8.6887240000E-04  -5.6470030000E-04  -2.0586307000E-03  -2.2784699000E-03   5.2934140000E-04
   27     -2.4940989000E-03   1.0291115000E-03   1.1575700000E-04  -4.2569340000E-04  -2.1745240000E-04
   28      2.6502350000E-04   1.3769200000E-05   5.4557740000E-04   3.6511880000E-04  -2.1095950000E-04
   29      6.2839057000E-03  -3.5870080000E-04   9.1549650000E-04   1.0074594000E-03  -2.4541240000E-04
   30      6.8424870000E-04   1.4626027000E-03   6.4313030000E-04  -2.3940710000E-04  -6.8037150000E-04
   31     -1.6567224000E-02  -1.5041771000E-03   1.6550365000E-03   5.9058830000E-04   4.6846250000E-04
   32      1.5034275800E-02   1.0110337000E-03  -7.6164710000E-04   8.6664200000E-04   7.5311050000E-04
   33     -8.6104764000E-02   4.4675740000E-04  -1.0891352000E-03  -4.6058630000E-04   1.0132295000E-03
   34      1.0155753050E-01  -1.4235963000E-03   1.3054513000E-03   1.0609906000E-03   4.9196150000E-04
   35      7.9273305500E-02   5.5457150000E-04   8.2727790000E-04  -1.6014041000E-03  -1.2724400000E-04
   36      5.5457150000E-04   1.4516381760E-01  -8.8708552400E-02  -1.2047177700E-01   1.3973776000E-03
   37      8.2727790000E-04  -8.8708552400E-02   1.2299626870E-01   7.5808361300E-02   3.5555765000E-02
   38     -1.6014041000E-03  -1.2047177700E-01   7.5808361300E-02   1.2269466260E-01   1.0306349000E-03
