
$orca_hessian_file

$act_atom
  0

$act_coord
  0

$act_energy
      -21.176146

$multiplicity
  1

$hessian
48
                    0                  1                  2                  3                  4        
    0      6.2762567610E-01   1.1242888200E-02   2.2885911590E-01  -3.7363181590E-01   2.7881080200E-02
    1      1.1242888200E-02   4.0005491830E-01  -1.2469132800E-02  -2.0752502000E-03  -7.1835035000E-02
    2      2.2885911590E-01  -1.2469132800E-02   2.3534382140E-01  -7.2180177200E-02   5.1770797000E-03
    3     -3.7363181590E-01  -2.0752502000E-03  -7.2180177200E-02   6.7461156740E-01  -1.0808208000E-02
    4      2.7881080200E-02  -7.1835035000E-02   5.1770797000E-03  -1.0808208000E-02   5.8284639770E-01
    5     -7.8578700000E-04  -2.4097588000E-03  -4.0899775500E-02   5.3793021500E-02  -4.1070513000E-03
    6     -6.5904048400E-02  -2.6987036500E-02  -1.2328982900E-02  -8.9909944700E-02  -7.8856086000E-02
    7     -3.0082175900E-02  -2.7572860000E-03  -7.2224058000E-03  -8.2491988600E-02  -2.2955137120E-01
    8     -8.6615198000E-03   1.5883092000E-03   1.0789102000E-03   3.0597987000E-02   6.3753380000E-03
    9      4.4416347000E-03   2.0050800000E-05  -8.6491780000E-04  -2.6357262600E-02  -1.0327040200E-02
   10     -7.1324709000E-03  -2.8238720000E-03  -1.8053979000E-03  -2.3189759900E-02   2.1043638000E-03
   11      4.2334266700E-02   1.0855579000E-03   1.0699362300E-02  -3.9309385600E-02  -2.3994953900E-02
   12      5.9802062700E-02   5.0328270000E-04   9.0890488000E-03  -5.5626197900E-02  -2.9635447300E-02
   13      2.1747710100E-02  -1.8741130000E-04   3.7242604000E-03  -1.3125493700E-02  -5.0146098000E-03
   14     -3.9462541800E-02  -4.3490628000E-03  -1.4201648700E-02   1.8827730000E-03   2.7364451000E-03
   15     -2.2168715800E-02  -4.4668564000E-03  -2.3977638100E-02  -2.5679475000E-03   6.6845612000E-03
   16     -1.4809446600E-02   4.6264429000E-03  -4.8906119000E-03   9.1845861000E-03  -9.8482448000E-03
   17     -6.3391708500E-02  -4.7599906000E-03  -2.4850409800E-02   2.1531534000E-02   7.8675711000E-03
   18     -9.3644021300E-02  -8.6085147900E-02  -4.6635053300E-02  -1.7212428700E-02  -2.7042860800E-02
   19     -9.2128691200E-02  -1.9071498940E-01  -6.9587157200E-02  -6.3095700000E-05  -2.4134652000E-03
   20     -6.3672575600E-02  -8.1965695800E-02  -6.7308192100E-02   6.1987562000E-03  -2.9022236000E-03
   21     -1.1093731110E-01   8.4497049600E-02  -7.7116106400E-02  -1.9059316300E-02   2.2751986000E-02
   22      8.2658340500E-02  -1.3452928640E-01   8.3883712900E-02   3.1281673000E-03  -1.1280774000E-03
   23     -1.0017796980E-01   9.7281792900E-02  -1.0307388510E-01   8.0828446000E-03   6.6342421000E-03
   24     -2.0472532300E-02   2.3458342100E-02  -7.4117037000E-03  -9.9436608200E-02   1.0760186830E-01
   25      4.4382505000E-03  -1.3477340000E-04   1.8709401000E-03   1.0739552420E-01  -2.4130096650E-01
   26     -1.0647494000E-02   4.0201706000E-03  -2.3172900000E-04   1.7009386000E-03   1.0909283800E-02
   27      8.2056940000E-04  -7.3246810000E-04   2.6482420000E-04   6.4673349000E-03  -1.0736271400E-02
   28      8.6842540000E-04   1.9706495000E-03   3.7359130000E-04   1.0226392800E-02  -2.5570909700E-02
   29     -1.0621876000E-03   1.3767463000E-03  -1.5149165000E-03   1.9401696000E-03  -3.1870361000E-03
   30     -1.6769560000E-04  -7.3285160000E-04   1.7145330000E-04  -4.4362919000E-03   2.5314160000E-03
   31     -1.9604300000E-04   6.5237980000E-04  -3.8358000000E-05  -9.6072430000E-04  -6.5797170000E-04
   32      1.9380681000E-03   1.1668395000E-03   6.0726200000E-04  -1.2119511000E-03   8.3174330000E-04
   33      1.1157148000E-03  -7.8008430000E-04  -2.0286020000E-04   2.0785786000E-03   1.4401688000E-03
   34     -1.1485520000E-04   1.1544154000E-03  -1.3537940000E-04  -8.7184050000E-04  -6.0368590000E-04
   35      1.1405153000E-03  -1.1529790000E-03  -6.3947900000E-05  -1.5382889000E-03  -2.1955180000E-04
   36     -2.4960202000E-03   1.4645826000E-03   1.4155748000E-03   2.5882689000E-03  -1.2084183000E-03
   37     -1.5734988000E-03  -6.4163240000E-04   7.8715460000E-04   1.0818300000E-03   1.9579680000E-04
   38     -2.9049788000E-03   1.6327109000E-03   2.6114741000E-03   3.4888515000E-03  -2.2564591000E-03
   39     -4.8857930000E-04  -6.0145830000E-04   5.4921710000E-04  -3.0177680000E-04  -1.1233310000E-04
   40      2.0510414000E-03  -1.6736054000E-03   9.2178100000E-05  -8.4068280000E-04   1.2561021000E-03
   41      3.6254187000E-03  -2.1369994000E-03   6.8671500000E-04  -3.8785283000E-03   2.1483163000E-03
   42      3.5922630000E-04  -2.9361850000E-04  -1.7228500000E-05   1.4983080000E-03  -5.6287770000E-04
   43     -1.5690268000E-03  -1.6066410000E-03  -4.5726430000E-04   1.9260417000E-03   1.0811227000E-03
   44      9.6088052000E-03  -6.6495440000E-04   9.5891140000E-04  -8.2252798000E-03  -4.8167572000E-03
   45     -4.2541441000E-03   1.5685758000E-03   3.8543390000E-04   1.2955326000E-03   3.9846230000E-04
   46     -3.2815277000E-03  -1.5542736000E-03   6.9679010000E-04   1.4845018000E-03   4.4055410000E-04
   47      3.2605730000E-03   1.7564464000E-03   1.5804810000E-04  -2.8732652000E-03  -1.1959865000E-03
                    5                  6                  7                  8                  9        
    0     -7.8578700000E-04  -6.5904048400E-02  -3.0082175900E-02  -8.6615198000E-03   4.4416347000E-03
    1     -2.4097588000E-03  -2.6987036500E-02  -2.7572860000E-03   1.5883092000E-03   2.0050800000E-05
    2     -4.0899775500E-02  -1.2328982900E-02  -7.2224058000E-03   1.0789102000E-03  -8.6491780000E-04
    3      5.3793021500E-02  -8.9909944700E-02  -8.2491988600E-02   3.0597987000E-02  -2.6357262600E-02
    4     -4.1070513000E-03  -7.8856086000E-02  -2.2955137120E-01   6.3753380000E-03  -1.0327040200E-02
    5      5.2842402700E-02  -7.7944885000E-03  -2.2084081500E-02   2.7143193900E-02   3.1783815100E-02
    6     -7.7944885000E-03   6.3840456350E-01  -4.9475346600E-02   6.2684364000E-02  -3.9864235680E-01
    7     -2.2084081500E-02  -4.9475346600E-02   5.4814809760E-01   6.5916766300E-02   5.4587343500E-02
    8      2.7143193900E-02   6.2684364000E-02   6.5916766300E-02  -3.6627625800E-02  -1.2348884390E-01
    9      3.1783815100E-02  -3.9864235680E-01   5.4587343500E-02  -1.2348884390E-01   7.3142922510E-01
   10      6.0098180000E-03   4.5608014000E-03  -6.9548994300E-02  -5.5211621000E-03   1.8722994100E-02
   11     -1.2998316800E-02   6.9939506000E-02   1.6646283600E-02  -1.2107363500E-02  -9.8971574400E-02
   12     -6.8389339400E-02   6.8297460100E-02   2.7181001500E-02   1.5423153400E-02  -1.9896840300E-02
   13     -1.9861950200E-02   3.1503030300E-02   1.3940817900E-02  -3.9662782400E-02  -2.7940773500E-02
   14     -2.6826317100E-02  -1.1427467000E-01  -3.1336314500E-02   7.1432675400E-02   6.3933995400E-02
   15      4.2346405000E-03  -3.0979006900E-02  -1.9282127300E-02   3.0183293000E-02   4.4772107000E-03
   16      2.8426170600E-02  -3.7047039000E-03   7.7339860000E-03  -7.7001808000E-03  -1.4716394900E-02
   17      2.8704486800E-02  -6.1106767000E-03   2.4608451000E-03  -2.6204749800E-02   5.4055990000E-04
   18     -9.1572897000E-03  -2.7289309000E-03   1.4753910000E-03  -8.3147689000E-03  -2.0038078000E-03
   19      4.9735810000E-04  -8.2312970000E-04   5.0594010000E-04  -7.0722090000E-04  -2.3233250000E-04
   20      5.4503313000E-03  -6.2936792000E-03  -2.1039377000E-03   8.9073384000E-03   2.1464220000E-04
   21     -1.2890538500E-02   3.3656366000E-03   1.9130013000E-03  -4.9569850000E-04  -4.0151130000E-04
   22      4.3330070000E-04  -1.1538446000E-03   2.0375400000E-05   8.4322900000E-05   2.2020830000E-04
   23      6.0106914000E-03  -3.5695049000E-03  -2.0864007000E-03  -1.8369256000E-03   2.9952420000E-04
   24     -4.7404387000E-03   6.4961258000E-03  -1.1459183300E-02  -9.0458060000E-04   4.3688110000E-04
   25      7.6977924000E-03   9.9328578000E-03  -2.7808616500E-02  -3.6203300000E-05   1.0879746000E-03
   26     -2.6371044600E-02  -3.9257241000E-03  -1.9351818000E-03  -9.0386340000E-04  -1.0217800000E-05
   27     -8.5771510000E-04  -1.0074289510E-01   1.0598419090E-01   8.4579030000E-03  -1.9019433500E-02
   28     -7.8955280000E-04   1.0813982880E-01  -2.3388286910E-01  -1.7066753300E-02   3.1456630000E-03
   29      1.4690489000E-03   3.7112995000E-03  -1.8705910900E-02  -2.9937024100E-02   3.7693736000E-03
   30     -1.5849810000E-04  -1.9143184100E-02  -2.6576852900E-02   9.2920100000E-05  -1.4524408920E-01
   31      1.1003470000E-04  -6.1202200000E-05   1.2488859000E-03  -9.1304000000E-05  -1.1984423800E-01
   32      1.2585759000E-03  -7.9243149000E-03  -7.1339859000E-03  -1.2788557000E-03   4.1546587400E-02
   33     -2.0757938000E-03  -1.9757704600E-02   2.4469711500E-02   9.0827700000E-03  -1.2677745350E-01
   34      1.4161613000E-03   6.5860439000E-03  -2.7399508000E-03  -2.3743060000E-03   9.2228567100E-02
   35     -5.9510859000E-03  -7.4064090000E-03   1.2158233000E-03   1.0759485500E-02   8.1182514200E-02
   36      3.8896090000E-03   1.6233696000E-03   1.4644862000E-03  -1.7134298000E-03  -3.6025870000E-04
   37      4.5804300000E-04  -4.2587330000E-04  -7.3073180000E-04   1.1305704000E-03  -1.7588920000E-04
   38      4.0753917000E-03   4.0837453000E-03   3.9342843000E-03  -3.6818438000E-03   5.7670700000E-04
   39      1.2671384000E-03   2.0877030000E-03   3.9674390000E-04   2.5961506000E-03   1.5947731000E-03
   40     -1.6393730000E-03   6.5223340000E-04  -1.0948600000E-05   1.0621340000E-04   6.2420160000E-04
   41     -4.1735413000E-03   1.0118984400E-02   2.0565846000E-03  -3.5300107000E-03   4.4430670000E-03
   42      6.1929703000E-03   4.5612778000E-03   4.4448677000E-03  -1.1957433000E-02  -5.2068710000E-03
   43      1.6028022000E-03   6.7471900000E-05  -3.0223765000E-03  -3.2983025000E-03  -5.9500420000E-04
   44     -9.1630818000E-03   1.1228045400E-02   7.5493510000E-04   4.9242425000E-03  -1.1910648000E-03
   45      5.6886940000E-03   2.9719351000E-03  -2.5490629000E-03  -3.5822665000E-03   1.5301598000E-03
   46      4.2402865000E-03   4.4955300000E-05  -1.5449582000E-03   1.2566951000E-03   3.1946695000E-03
   47     -5.7095950000E-04   7.8625056000E-03  -3.7730350000E-04  -8.1375835000E-03  -3.7641673000E-03
                   10                 11                 12                 13                 14        
    0     -7.1324709000E-03   4.2334266700E-02   5.9802062700E-02   2.1747710100E-02  -3.9462541800E-02
    1     -2.8238720000E-03   1.0855579000E-03   5.0328270000E-04  -1.8741130000E-04  -4.3490628000E-03
    2     -1.8053979000E-03   1.0699362300E-02   9.0890488000E-03   3.7242604000E-03  -1.4201648700E-02
    3     -2.3189759900E-02  -3.9309385600E-02  -5.5626197900E-02  -1.3125493700E-02   1.8827730000E-03
    4      2.1043638000E-03  -2.3994953900E-02  -2.9635447300E-02  -5.0146098000E-03   2.7364451000E-03
    5      6.0098180000E-03  -1.2998316800E-02  -6.8389339400E-02  -1.9861950200E-02  -2.6826317100E-02
    6      4.5608014000E-03   6.9939506000E-02   6.8297460100E-02   3.1503030300E-02  -1.1427467000E-01
    7     -6.9548994300E-02   1.6646283600E-02   2.7181001500E-02   1.3940817900E-02  -3.1336314500E-02
    8     -5.5211621000E-03  -1.2107363500E-02   1.5423153400E-02  -3.9662782400E-02   7.1432675400E-02
    9      1.8722994100E-02  -9.8971574400E-02  -1.9896840300E-02  -2.7940773500E-02   6.3933995400E-02
   10      4.0702851940E-01   6.2464046800E-02   1.1260488300E-02  -3.5021850000E-04  -1.0381683800E-02
   11      6.2464046800E-02   7.0616457300E-02  -7.3655406500E-02  -1.2172334100E-02   6.7415727600E-02
   12      1.1260488300E-02  -7.3655406500E-02   4.3403312010E-01  -3.2028331500E-02   1.7114292300E-01
   13     -3.5021850000E-04  -1.2172334100E-02  -3.2028331500E-02   1.7551911730E-01  -4.4235355900E-02
   14     -1.0381683800E-02   6.7415727600E-02   1.7114292300E-01  -4.4235355900E-02   1.0596504580E-01
   15     -7.3043787000E-03   2.5329485800E-02  -2.5784797050E-01  -4.6880105500E-02  -2.1189693700E-02
   16     -5.4075259000E-03   9.6811385000E-03  -6.3350058000E-02  -7.2370417900E-02   1.9947956000E-03
   17     -4.3497831000E-03   3.2256461500E-02   9.4477632200E-02   2.9059179500E-02  -7.0480875000E-02
   18      2.1672230000E-04  -1.3755180000E-03  -2.3840119000E-03  -1.3211408000E-03   3.7783314000E-03
   19     -8.4710600000E-05  -3.4261550000E-04   2.9644010000E-04  -3.8910970000E-04   4.5794230000E-04
   20     -2.3492101000E-03   2.3606576000E-03   7.3907438000E-03   4.3358281000E-03  -4.5074388000E-03
   21     -7.9691390000E-04  -2.0186779000E-03  -2.5129164000E-03  -1.3902827000E-03   4.2999666000E-03
   22      6.0801800000E-05   1.1140942000E-03   1.3013633000E-03  -1.5383760000E-04  -1.1615839000E-03
   23      2.3915670000E-04   5.6449185000E-03   9.1495211000E-03   2.9738338000E-03  -7.2554307000E-03
   24     -8.4817030000E-04  -8.4391760000E-04  -1.0693849000E-03  -1.0608269000E-03   1.0585036000E-03
   25      1.5620995000E-03  -5.5324100000E-04  -1.2139450000E-04  -9.8652540000E-04   9.4448900000E-04
   26     -1.0975848000E-03   2.7610860000E-03   4.8558754000E-03   1.7637954000E-03  -2.8773581000E-03
   27      2.3129550300E-02   6.4371413000E-03   2.2795300000E-05   2.4521805000E-03  -3.4934365000E-03
   28     -4.2706460000E-04  -1.3741706000E-03   5.3160940000E-04  -1.7469920000E-03   2.7027026000E-03
   29     -1.3662460000E-03   5.2685306000E-03  -1.7286751000E-03   5.0155498000E-03  -9.2999443000E-03
   30     -1.1904315200E-01   2.9459922300E-02  -1.8072656000E-03  -5.5803810000E-04   3.0444882000E-03
   31     -1.7675468500E-01   2.9918833100E-02  -3.8545730000E-04  -1.7802612000E-03   3.2918480000E-04
   32      3.9869366200E-02  -3.9309694800E-02  -3.8590700000E-04   3.9914770000E-04   1.5501047000E-03
   33      9.7386458900E-02   6.5205524500E-02  -1.2252710000E-03   4.1123710000E-04   2.1071675000E-03
   34     -1.4874543270E-01  -7.3683402400E-02  -2.0107820000E-04  -1.0113844000E-03   4.6073280000E-04
   35     -8.5374529500E-02  -8.1472061500E-02   1.0438011000E-03   2.7212175000E-03  -4.7750082000E-03
   36      9.1492820000E-04  -4.6066024000E-03  -3.7370841100E-02   8.2059156000E-03   1.3505559400E-02
   37     -1.6764833000E-03  -1.1250080000E-04  -1.2483025400E-02   1.9381233000E-03   2.2677223000E-03
   38      1.6168853000E-03  -4.2558572000E-03  -1.2306028500E-02  -7.6428706000E-03  -3.8265580000E-04
   39      1.1818479000E-03  -7.8870051000E-03  -1.4774543200E-02  -3.0266185500E-02   1.8079545100E-02
   40     -1.1181471000E-03  -2.5069764000E-03  -8.2436994000E-03  -1.2304167700E-02   9.5736381000E-03
   41      2.0910489000E-03  -1.5882736900E-02  -4.4071770000E-03   8.5532229000E-03   1.8694736100E-02
   42      1.3231520000E-03  -1.9312516000E-03  -1.6121343890E-01   8.2300457500E-02  -1.1745021350E-01
   43      6.3727140000E-04  -1.3422770000E-04   9.1751773700E-02  -5.2395825700E-02   9.2654626800E-02
   44      4.4603388000E-03  -1.8573455900E-02  -1.5443437610E-01   8.4802931700E-02  -1.1246253460E-01
   45     -3.8209780000E-04  -8.1065075000E-03  -6.4267566000E-03   7.9506471000E-03   1.3037302300E-02
   46     -4.4559217000E-03  -6.0355316000E-03   1.3622532500E-02  -4.2707297300E-02  -2.2658278400E-02
   47     -4.5050634000E-03  -1.2423714800E-02   2.7342107000E-03  -1.9773673600E-02  -1.1989078200E-02
                   15                 16                 17                 18                 19        
    0     -2.2168715800E-02  -1.4809446600E-02  -6.3391708500E-02  -9.3644021300E-02  -9.2128691200E-02
    1     -4.4668564000E-03   4.6264429000E-03  -4.7599906000E-03  -8.6085147900E-02  -1.9071498940E-01
    2     -2.3977638100E-02  -4.8906119000E-03  -2.4850409800E-02  -4.6635053300E-02  -6.9587157200E-02
    3     -2.5679475000E-03   9.1845861000E-03   2.1531534000E-02  -1.7212428700E-02  -6.3095700000E-05
    4      6.6845612000E-03  -9.8482448000E-03   7.8675711000E-03  -2.7042860800E-02  -2.4134652000E-03
    5      4.2346405000E-03   2.8426170600E-02   2.8704486800E-02  -9.1572897000E-03   4.9735810000E-04
    6     -3.0979006900E-02  -3.7047039000E-03  -6.1106767000E-03  -2.7289309000E-03  -8.2312970000E-04
    7     -1.9282127300E-02   7.7339860000E-03   2.4608451000E-03   1.4753910000E-03   5.0594010000E-04
    8      3.0183293000E-02  -7.7001808000E-03  -2.6204749800E-02  -8.3147689000E-03  -7.0722090000E-04
    9      4.4772107000E-03  -1.4716394900E-02   5.4055990000E-04  -2.0038078000E-03  -2.3233250000E-04
   10     -7.3043787000E-03  -5.4075259000E-03  -4.3497831000E-03   2.1672230000E-04  -8.4710600000E-05
   11      2.5329485800E-02   9.6811385000E-03   3.2256461500E-02  -1.3755180000E-03  -3.4261550000E-04
   12     -2.5784797050E-01  -6.3350058000E-02   9.4477632200E-02  -2.3840119000E-03   2.9644010000E-04
   13     -4.6880105500E-02  -7.2370417900E-02   2.9059179500E-02  -1.3211408000E-03  -3.8910970000E-04
   14     -2.1189693700E-02   1.9947956000E-03  -7.0480875000E-02   3.7783314000E-03   4.5794230000E-04
   15      5.0048018130E-01   3.2033245900E-02  -1.5385162190E-01   8.4219950000E-04  -5.1875580000E-04
   16      3.2033245900E-02   3.8213147800E-01  -5.2334632500E-02  -2.1638750000E-04  -8.4232850000E-04
   17     -1.5385162190E-01  -5.2334632500E-02   2.9035124380E-01   2.9179185000E-03  -3.1399970000E-04
   18      8.4219950000E-04  -2.1638750000E-04   2.9179185000E-03   1.0499808000E-01   1.0076008640E-01
   19     -5.1875580000E-04  -8.4232850000E-04  -3.1399970000E-04   1.0076008640E-01   2.4459585700E-01
   20     -2.4974225000E-03   4.7533140000E-04  -6.8417661000E-03   5.8535862400E-02   7.0811870900E-02
   21     -4.0390600000E-05   1.0302676000E-03   4.1280583000E-03   1.0294400700E-02  -6.7746848000E-03
   22     -1.1584488000E-03  -1.0979606000E-03  -1.9060259000E-03   1.2796155700E-02  -5.6155398600E-02
   23     -2.0534896000E-03  -3.4464642000E-03  -9.4526834000E-03  -7.4089510000E-04  -4.4326370000E-04
   24     -3.8501000000E-04   1.3852527000E-03   2.4144033000E-03   1.9020168000E-03   5.9673060000E-04
   25      3.9941440000E-04  -1.1775864000E-03  -1.0525449000E-03  -1.1461943000E-03   8.1909080000E-04
   26      2.3679946000E-03  -5.6135106000E-03  -7.6860549000E-03   2.1071381000E-03   4.9978720000E-04
   27     -9.7548750000E-04  -6.7480100000E-05  -9.1549470000E-04  -5.1872410000E-04  -1.1177800000E-04
   28      5.0535700000E-05  -1.3253797000E-03  -2.3551980000E-04   1.1134650000E-04   9.2578600000E-05
   29     -9.2520180000E-04   6.6691400000E-04  -1.7918136000E-03   6.1000520000E-04  -4.7687680000E-04
   30      4.6308340000E-04   1.1792334000E-03   9.9324410000E-04  -1.5522204000E-03   4.1664170000E-04
   31      8.8149150000E-04  -3.2456670000E-04  -8.5870770000E-04   3.3675090000E-04   1.9846290000E-04
   32      3.0803420000E-04   7.5500930000E-04   3.3840186000E-03  -4.0249210000E-04   1.4839420000E-04
   33      4.1711090000E-04   5.6578560000E-04  -2.0782000000E-06   2.2254100000E-04  -7.0325270000E-04
   34      3.4574260000E-04  -7.8658700000E-04  -8.0754900000E-05   4.4153480000E-04   3.8305800000E-04
   35     -1.1554021000E-03   1.8875045000E-03  -8.6072220000E-04  -6.5976000000E-04  -2.7745640000E-04
   36     -1.1409369820E-01   6.3268776900E-02   1.0239362570E-01   2.0206600000E-04   5.2812140000E-04
   37      7.2993850600E-02  -8.5335096000E-02  -7.3048763000E-02  -6.5397330000E-04   1.0729111000E-03
   38      1.3434750530E-01  -8.2241056300E-02  -1.3439483860E-01   1.3739890000E-04   2.8924590000E-04
   39     -3.4549203500E-02   8.9274278000E-03   7.3060611000E-03   1.1220634000E-03  -5.5109150000E-04
   40     -3.1636635000E-03  -1.9962346470E-01   1.0153617680E-01  -2.5820970000E-04   6.3198420000E-04
   41      9.6333740000E-03   1.1969543650E-01  -8.5580340400E-02  -1.6936040000E-04  -8.1232100000E-05
   42     -3.1805064800E-02   4.9892860000E-03  -5.6426396000E-03   1.1990097000E-03  -1.3692764000E-03
   43     -9.1352166000E-03   8.1767330000E-04  -3.3706224000E-03   3.2096150000E-04   1.1840393000E-03
   44      8.0005010000E-03   3.8369114000E-03   8.2376023000E-03  -2.9151100000E-04  -5.8915770000E-04
   45     -1.1267290400E-02  -2.5699390800E-02  -6.7888175000E-03  -7.3823200000E-04   6.7806820000E-04
   46     -2.1479289400E-02  -1.7170422100E-02   1.3875719000E-03   2.6496530000E-04   1.1160799000E-03
   47     -8.7543588000E-03  -1.1192755600E-02   5.2104408000E-03  -3.4000620000E-04   1.1438130000E-04
                   20                 21                 22                 23                 24        
    0     -6.3672575600E-02  -1.1093731110E-01   8.2658340500E-02  -1.0017796980E-01  -2.0472532300E-02
    1     -8.1965695800E-02   8.4497049600E-02  -1.3452928640E-01   9.7281792900E-02   2.3458342100E-02
    2     -6.7308192100E-02  -7.7116106400E-02   8.3883712900E-02  -1.0307388510E-01  -7.4117037000E-03
    3      6.1987562000E-03  -1.9059316300E-02   3.1281673000E-03   8.0828446000E-03  -9.9436608200E-02
    4     -2.9022236000E-03   2.2751986000E-02  -1.1280774000E-03   6.6342421000E-03   1.0760186830E-01
    5      5.4503313000E-03  -1.2890538500E-02   4.3330070000E-04   6.0106914000E-03  -4.7404387000E-03
    6     -6.2936792000E-03   3.3656366000E-03  -1.1538446000E-03  -3.5695049000E-03   6.4961258000E-03
    7     -2.1039377000E-03   1.9130013000E-03   2.0375400000E-05  -2.0864007000E-03  -1.1459183300E-02
    8      8.9073384000E-03  -4.9569850000E-04   8.4322900000E-05  -1.8369256000E-03  -9.0458060000E-04
    9      2.1464220000E-04  -4.0151130000E-04   2.2020830000E-04   2.9952420000E-04   4.3688110000E-04
   10     -2.3492101000E-03  -7.9691390000E-04   6.0801800000E-05   2.3915670000E-04  -8.4817030000E-04
   11      2.3606576000E-03  -2.0186779000E-03   1.1140942000E-03   5.6449185000E-03  -8.4391760000E-04
   12      7.3907438000E-03  -2.5129164000E-03   1.3013633000E-03   9.1495211000E-03  -1.0693849000E-03
   13      4.3358281000E-03  -1.3902827000E-03  -1.5383760000E-04   2.9738338000E-03  -1.0608269000E-03
   14     -4.5074388000E-03   4.2999666000E-03  -1.1615839000E-03  -7.2554307000E-03   1.0585036000E-03
   15     -2.4974225000E-03  -4.0390600000E-05  -1.1584488000E-03  -2.0534896000E-03  -3.8501000000E-04
   16      4.7533140000E-04   1.0302676000E-03  -1.0979606000E-03  -3.4464642000E-03   1.3852527000E-03
   17     -6.8417661000E-03   4.1280583000E-03  -1.9060259000E-03  -9.4526834000E-03   2.4144033000E-03
   18      5.8535862400E-02   1.0294400700E-02   1.2796155700E-02  -7.4089510000E-04   1.9020168000E-03
   19      7.0811870900E-02  -6.7746848000E-03  -5.6155398600E-02  -4.4326370000E-04   5.9673060000E-04
   20      5.1682759500E-02   3.2728760000E-04   1.3460629900E-02   1.2859847800E-02   1.1094866000E-03
   21      3.2728760000E-04   1.2187150120E-01  -9.8852141600E-02   8.9877513000E-02  -5.0403994000E-03
   22      1.3460629900E-02  -9.8852141600E-02   1.8843736220E-01  -9.7389163400E-02   1.9449287000E-03
   23      1.2859847800E-02   8.9877513000E-02  -9.7389163400E-02   8.7094663300E-02   7.9845400000E-04
   24      1.1094866000E-03  -5.0403994000E-03   1.9449287000E-03   7.9845400000E-04   1.1807106780E-01
   25     -2.4291180000E-04   2.8983900000E-05   1.0210230000E-04  -1.0134436000E-03  -1.1851882780E-01
   26     -3.9341575000E-03  -4.3786740000E-03   1.6966554000E-03   5.8261214000E-03   8.3743998000E-03
   27      1.0478870000E-04   5.3047040000E-04  -1.7387660000E-04  -3.2336430000E-04  -1.1949571000E-03
   28      7.3706200000E-05  -1.1597480000E-04  -8.9832100000E-05  -1.2595200000E-05  -2.5224864000E-03
   29     -1.0689400000E-03  -2.4848100000E-04  -3.9402210000E-04   1.0418309000E-03  -2.0225610000E-04
   30      5.8635820000E-04   1.4441140000E-04   5.4667750000E-04   5.5142090000E-04  -5.8646220000E-04
   31     -1.5262170000E-04  -8.3203510000E-04   2.7775760000E-04   2.7402950000E-04  -3.8522360000E-04
   32      8.7621800000E-05  -6.0020220000E-04   3.2467850000E-04   1.3219490000E-03  -1.0477050000E-04
   33      5.1412620000E-04  -4.1046650000E-04  -8.0468310000E-04   5.4060270000E-04   3.9864470000E-04
   34     -2.2639800000E-04  -8.2660500000E-04   2.1353370000E-04   4.7686980000E-04  -5.4220430000E-04
   35      1.1065771000E-03  -4.1095400000E-04  -4.5714300000E-04   9.7995100000E-05   1.4954840000E-04
   36     -7.5287320000E-04   9.0441040000E-04   6.2294490000E-04  -9.1652330000E-04  -1.2671470000E-04
   37      1.5822570000E-04   4.9429940000E-04   1.2210048000E-03  -9.2383640000E-04  -6.4158900000E-05
   38     -4.2275440000E-04  -9.6297000000E-06   5.2935930000E-04   3.0912520000E-04   3.1379650000E-04
   39     -6.7830370000E-04   1.1833000000E-05  -3.9915390000E-04  -4.7436440000E-04   5.4819150000E-04
   40      5.4890880000E-04  -1.0052960000E-04   5.4613770000E-04  -3.8438930000E-04   1.3281230000E-04
   41      6.3851410000E-04   9.5329900000E-05  -2.5512000000E-06  -4.4537260000E-04   6.2221500000E-05
   42     -6.5717400000E-04   1.8831390000E-04  -1.3762065000E-03  -3.2796450000E-04   9.1120040000E-04
   43     -5.8345300000E-05  -8.0123700000E-04   9.4450290000E-04  -5.2260230000E-04   1.1043280000E-04
   44      1.5838126000E-03   9.1593700000E-05  -7.1421370000E-04   2.5550470000E-04  -9.5862800000E-05
   45     -4.3002370000E-04   1.0913339000E-03   6.9956900000E-04  -7.1580450000E-04  -4.5205920000E-04
   46      1.3684310000E-04  -2.2518340000E-04   1.3308143000E-03  -1.6577661000E-03   1.7071410000E-04
   47     -5.9421120000E-04  -6.5078670000E-04   4.9794940000E-04   1.6016500000E-03   2.2716400000E-05
                   25                 26                 27                 28                 29        
    0      4.4382505000E-03  -1.0647494000E-02   8.2056940000E-04   8.6842540000E-04  -1.0621876000E-03
    1     -1.3477340000E-04   4.0201706000E-03  -7.3246810000E-04   1.9706495000E-03   1.3767463000E-03
    2      1.8709401000E-03  -2.3172900000E-04   2.6482420000E-04   3.7359130000E-04  -1.5149165000E-03
    3      1.0739552420E-01   1.7009386000E-03   6.4673349000E-03   1.0226392800E-02   1.9401696000E-03
    4     -2.4130096650E-01   1.0909283800E-02  -1.0736271400E-02  -2.5570909700E-02  -3.1870361000E-03
    5      7.6977924000E-03  -2.6371044600E-02  -8.5771510000E-04  -7.8955280000E-04   1.4690489000E-03
    6      9.9328578000E-03  -3.9257241000E-03  -1.0074289510E-01   1.0813982880E-01   3.7112995000E-03
    7     -2.7808616500E-02  -1.9351818000E-03   1.0598419090E-01  -2.3388286910E-01  -1.8705910900E-02
    8     -3.6203300000E-05  -9.0386340000E-04   8.4579030000E-03  -1.7066753300E-02  -2.9937024100E-02
    9      1.0879746000E-03  -1.0217800000E-05  -1.9019433500E-02   3.1456630000E-03   3.7693736000E-03
   10      1.5620995000E-03  -1.0975848000E-03   2.3129550300E-02  -4.2706460000E-04  -1.3662460000E-03
   11     -5.5324100000E-04   2.7610860000E-03   6.4371413000E-03  -1.3741706000E-03   5.2685306000E-03
   12     -1.2139450000E-04   4.8558754000E-03   2.2795300000E-05   5.3160940000E-04  -1.7286751000E-03
   13     -9.8652540000E-04   1.7637954000E-03   2.4521805000E-03  -1.7469920000E-03   5.0155498000E-03
   14      9.4448900000E-04  -2.8773581000E-03  -3.4934365000E-03   2.7027026000E-03  -9.2999443000E-03
   15      3.9941440000E-04   2.3679946000E-03  -9.7548750000E-04   5.0535700000E-05  -9.2520180000E-04
   16     -1.1775864000E-03  -5.6135106000E-03  -6.7480100000E-05  -1.3253797000E-03   6.6691400000E-04
   17     -1.0525449000E-03  -7.6860549000E-03  -9.1549470000E-04  -2.3551980000E-04  -1.7918136000E-03
   18     -1.1461943000E-03   2.1071381000E-03  -5.1872410000E-04   1.1134650000E-04   6.1000520000E-04
   19      8.1909080000E-04   4.9978720000E-04  -1.1177800000E-04   9.2578600000E-05  -4.7687680000E-04
   20     -2.4291180000E-04  -3.9341575000E-03   1.0478870000E-04   7.3706200000E-05  -1.0689400000E-03
   21      2.8983900000E-05  -4.3786740000E-03   5.3047040000E-04  -1.1597480000E-04  -2.4848100000E-04
   22      1.0210230000E-04   1.6966554000E-03  -1.7387660000E-04  -8.9832100000E-05  -3.9402210000E-04
   23     -1.0134436000E-03   5.8261214000E-03  -3.2336430000E-04  -1.2595200000E-05   1.0418309000E-03
   24     -1.1851882780E-01   8.3743998000E-03  -1.1949571000E-03  -2.5224864000E-03  -2.0225610000E-04
   25      2.7043534720E-01  -7.1258003000E-03  -2.7683368000E-03  -3.4493529000E-03  -7.0587660000E-04
   26     -7.1258003000E-03   3.0393098200E-02  -3.0022770000E-04  -4.4385800000E-04   3.0117729000E-03
   27     -2.7683368000E-03  -3.0022770000E-04   1.1642288570E-01  -1.1899145990E-01  -7.1780868000E-03
   28     -3.4493529000E-03  -4.4385800000E-04  -1.1899145990E-01   2.6167664550E-01   1.6136690000E-02
   29     -7.0587660000E-04   3.0117729000E-03  -7.1780868000E-03   1.6136690000E-02   2.8614734700E-02
   30      2.9074040000E-04   2.2695900000E-05   2.2417229000E-03  -6.0551100000E-04  -8.4340730000E-04
   31     -3.9005100000E-05   6.8338100000E-04   6.1605110000E-04   6.3054560000E-04   8.7333100000E-05
   32      3.4690560000E-04  -3.8758690000E-04   2.1417710000E-04   6.1827490000E-04  -3.4750987000E-03
   33     -2.8197810000E-04  -7.0536300000E-05  -4.9828201000E-03  -4.7800610000E-04   1.6630428000E-03
   34     -7.7897300000E-05   4.8442790000E-04   2.3600887000E-03   9.8280700000E-05  -1.9325559000E-03
   35     -1.0705800000E-04   3.5657200000E-04  -2.9205499000E-03   1.8524740000E-04   6.3561169000E-03
   36     -2.5538740000E-04  -6.3403790000E-04   7.7975450000E-04   5.7767000000E-06  -3.3003340000E-04
   37      6.1662140000E-04  -1.5030480000E-03  -1.1723700000E-05   4.7131880000E-04   7.8155120000E-04
   38      4.2762080000E-04  -2.0472484000E-03  -1.3878870000E-04   2.8446800000E-04   6.7462900000E-04
   39     -1.2228220000E-04   6.2335930000E-04  -7.2358900000E-05  -1.6747640000E-04  -1.3942440000E-04
   40      7.9897060000E-04  -6.8111970000E-04  -4.7773920000E-04   5.2563730000E-04   6.1591050000E-04
   41     -1.2607160000E-04   1.0232086000E-03   3.4862320000E-04  -3.9684230000E-04  -1.7990400000E-04
   42     -8.6341600000E-05  -1.0092200000E-05  -4.5782990000E-04  -4.5652310000E-04   6.6622330000E-04
   43      4.8541960000E-04  -1.2428034000E-03  -2.7211140000E-04   3.9622640000E-04   2.2351117000E-03
   44     -5.5207760000E-04   1.6858979000E-03   5.3971290000E-04  -6.2553540000E-04  -9.9820920000E-04
   45     -2.7300310000E-04  -7.5397700000E-05   6.7897330000E-04   2.5785930000E-04   2.9763950000E-04
   46      1.5507210000E-04  -4.1459470000E-04  -1.9881640000E-04   6.3051740000E-04  -1.4728220000E-04
   47      2.2748070000E-04  -6.1871410000E-04  -2.3950670000E-04   5.7014700000E-04   1.8291865000E-03
                   30                 31                 32                 33                 34        
    0     -1.6769560000E-04  -1.9604300000E-04   1.9380681000E-03   1.1157148000E-03  -1.1485520000E-04
    1     -7.3285160000E-04   6.5237980000E-04   1.1668395000E-03  -7.8008430000E-04   1.1544154000E-03
    2      1.7145330000E-04  -3.8358000000E-05   6.0726200000E-04  -2.0286020000E-04  -1.3537940000E-04
    3     -4.4362919000E-03  -9.6072430000E-04  -1.2119511000E-03   2.0785786000E-03  -8.7184050000E-04
    4      2.5314160000E-03  -6.5797170000E-04   8.3174330000E-04   1.4401688000E-03  -6.0368590000E-04
    5     -1.5849810000E-04   1.1003470000E-04   1.2585759000E-03  -2.0757938000E-03   1.4161613000E-03
    6     -1.9143184100E-02  -6.1202200000E-05  -7.9243149000E-03  -1.9757704600E-02   6.5860439000E-03
    7     -2.6576852900E-02   1.2488859000E-03  -7.1339859000E-03   2.4469711500E-02  -2.7399508000E-03
    8      9.2920100000E-05  -9.1304000000E-05  -1.2788557000E-03   9.0827700000E-03  -2.3743060000E-03
    9     -1.4524408920E-01  -1.1984423800E-01   4.1546587400E-02  -1.2677745350E-01   9.2228567100E-02
   10     -1.1904315200E-01  -1.7675468500E-01   3.9869366200E-02   9.7386458900E-02  -1.4874543270E-01
   11      2.9459922300E-02   2.9918833100E-02  -3.9309694800E-02   6.5205524500E-02  -7.3683402400E-02
   12     -1.8072656000E-03  -3.8545730000E-04  -3.8590700000E-04  -1.2252710000E-03  -2.0107820000E-04
   13     -5.5803810000E-04  -1.7802612000E-03   3.9914770000E-04   4.1123710000E-04  -1.0113844000E-03
   14      3.0444882000E-03   3.2918480000E-04   1.5501047000E-03   2.1071675000E-03   4.6073280000E-04
   15      4.6308340000E-04   8.8149150000E-04   3.0803420000E-04   4.1711090000E-04   3.4574260000E-04
   16      1.1792334000E-03  -3.2456670000E-04   7.5500930000E-04   5.6578560000E-04  -7.8658700000E-04
   17      9.9324410000E-04  -8.5870770000E-04   3.3840186000E-03  -2.0782000000E-06  -8.0754900000E-05
   18     -1.5522204000E-03   3.3675090000E-04  -4.0249210000E-04   2.2254100000E-04   4.4153480000E-04
   19      4.1664170000E-04   1.9846290000E-04   1.4839420000E-04  -7.0325270000E-04   3.8305800000E-04
   20      5.8635820000E-04  -1.5262170000E-04   8.7621800000E-05   5.1412620000E-04  -2.2639800000E-04
   21      1.4441140000E-04  -8.3203510000E-04  -6.0020220000E-04  -4.1046650000E-04  -8.2660500000E-04
   22      5.4667750000E-04   2.7775760000E-04   3.2467850000E-04  -8.0468310000E-04   2.1353370000E-04
   23      5.5142090000E-04   2.7402950000E-04   1.3219490000E-03   5.4060270000E-04   4.7686980000E-04
   24     -5.8646220000E-04  -3.8522360000E-04  -1.0477050000E-04   3.9864470000E-04  -5.4220430000E-04
   25      2.9074040000E-04  -3.9005100000E-05   3.4690560000E-04  -2.8197810000E-04  -7.7897300000E-05
   26      2.2695900000E-05   6.8338100000E-04  -3.8758690000E-04  -7.0536300000E-05   4.8442790000E-04
   27      2.2417229000E-03   6.1605110000E-04   2.1417710000E-04  -4.9828201000E-03   2.3600887000E-03
   28     -6.0551100000E-04   6.3054560000E-04   6.1827490000E-04  -4.7800610000E-04   9.8280700000E-05
   29     -8.4340730000E-04   8.7333100000E-05  -3.4750987000E-03   1.6630428000E-03  -1.9325559000E-03
   30      1.5785457760E-01   1.3420508340E-01  -3.3051517000E-02   1.0393074800E-02   9.0967868000E-03
   31      1.3420508340E-01   2.2447223800E-01  -2.1962912000E-02  -1.2330134100E-02  -5.2916487000E-02
   32     -3.3051517000E-02  -2.1962912000E-02   2.7415946700E-02  -3.4954280000E-03  -1.4455462700E-02
   33      1.0393074800E-02  -1.2330134100E-02  -3.4954280000E-03   1.3705370700E-01  -1.0775658810E-01
   34      9.0967868000E-03  -5.2916487000E-02  -1.4455462700E-02  -1.0775658810E-01   2.0070739420E-01
   35      5.0103310000E-04  -8.3376932000E-03   9.8636110000E-03  -7.2088225600E-02   8.9660561800E-02
   36      1.0521188000E-03  -1.0317241000E-03   7.7350540000E-04   3.9817210000E-04  -1.0886043000E-03
   37      3.5442160000E-04   1.3437959000E-03  -2.4584790000E-04  -7.9956810000E-04   1.1406115000E-03
   38     -2.8967700000E-04   3.2842870000E-04   2.6177360000E-04  -2.2127270000E-04   7.8004960000E-04
   39     -3.1413030000E-04  -9.8202000000E-05   9.3907490000E-04   8.3497590000E-04   6.0697800000E-05
   40     -1.3567100000E-04   1.5966362000E-03  -2.9780350000E-04  -5.1750260000E-04   1.6689258000E-03
   41     -4.7146010000E-04  -2.8426600000E-05  -1.3500816000E-03  -3.5077410000E-04   1.1667200000E-04
   42     -3.1485500000E-04   8.7010400000E-04   1.1018958000E-03   8.2668140000E-04   1.0308278000E-03
   43     -8.0475530000E-04   9.7942910000E-04   4.6264500000E-05   5.2612680000E-04   1.2909533000E-03
   44     -1.0822960000E-04  -6.5308570000E-04  -1.4457681000E-03   2.3185000000E-06  -9.2887190000E-04
   45      1.4172055000E-03  -7.8449710000E-04   3.5524000000E-04  -5.8548550000E-04  -7.4851400000E-04
   46     -1.6416890000E-04   1.0728457000E-03  -4.1061170000E-04  -3.4769150000E-04   2.2425250000E-04
   47     -5.0074700000E-04   3.9188410000E-04   1.4962226000E-03  -6.0858330000E-04   4.2165610000E-04
                   35                 36                 37                 38                 39        
    0      1.1405153000E-03  -2.4960202000E-03  -1.5734988000E-03  -2.9049788000E-03  -4.8857930000E-04
    1     -1.1529790000E-03   1.4645826000E-03  -6.4163240000E-04   1.6327109000E-03  -6.0145830000E-04
    2     -6.3947900000E-05   1.4155748000E-03   7.8715460000E-04   2.6114741000E-03   5.4921710000E-04
    3     -1.5382889000E-03   2.5882689000E-03   1.0818300000E-03   3.4888515000E-03  -3.0177680000E-04
    4     -2.1955180000E-04  -1.2084183000E-03   1.9579680000E-04  -2.2564591000E-03  -1.1233310000E-04
    5     -5.9510859000E-03   3.8896090000E-03   4.5804300000E-04   4.0753917000E-03   1.2671384000E-03
    6     -7.4064090000E-03   1.6233696000E-03  -4.2587330000E-04   4.0837453000E-03   2.0877030000E-03
    7      1.2158233000E-03   1.4644862000E-03  -7.3073180000E-04   3.9342843000E-03   3.9674390000E-04
    8      1.0759485500E-02  -1.7134298000E-03   1.1305704000E-03  -3.6818438000E-03   2.5961506000E-03
    9      8.1182514200E-02  -3.6025870000E-04  -1.7588920000E-04   5.7670700000E-04   1.5947731000E-03
   10     -8.5374529500E-02   9.1492820000E-04  -1.6764833000E-03   1.6168853000E-03   1.1818479000E-03
   11     -8.1472061500E-02  -4.6066024000E-03  -1.1250080000E-04  -4.2558572000E-03  -7.8870051000E-03
   12      1.0438011000E-03  -3.7370841100E-02  -1.2483025400E-02  -1.2306028500E-02  -1.4774543200E-02
   13      2.7212175000E-03   8.2059156000E-03   1.9381233000E-03  -7.6428706000E-03  -3.0266185500E-02
   14     -4.7750082000E-03   1.3505559400E-02   2.2677223000E-03  -3.8265580000E-04   1.8079545100E-02
   15     -1.1554021000E-03  -1.1409369820E-01   7.2993850600E-02   1.3434750530E-01  -3.4549203500E-02
   16      1.8875045000E-03   6.3268776900E-02  -8.5335096000E-02  -8.2241056300E-02   8.9274278000E-03
   17     -8.6072220000E-04   1.0239362570E-01  -7.3048763000E-02  -1.3439483860E-01   7.3060611000E-03
   18     -6.5976000000E-04   2.0206600000E-04  -6.5397330000E-04   1.3739890000E-04   1.1220634000E-03
   19     -2.7745640000E-04   5.2812140000E-04   1.0729111000E-03   2.8924590000E-04  -5.5109150000E-04
   20      1.1065771000E-03  -7.5287320000E-04   1.5822570000E-04  -4.2275440000E-04  -6.7830370000E-04
   21     -4.1095400000E-04   9.0441040000E-04   4.9429940000E-04  -9.6297000000E-06   1.1833000000E-05
   22     -4.5714300000E-04   6.2294490000E-04   1.2210048000E-03   5.2935930000E-04  -3.9915390000E-04
   23      9.7995100000E-05  -9.1652330000E-04  -9.2383640000E-04   3.0912520000E-04  -4.7436440000E-04
   24      1.4954840000E-04  -1.2671470000E-04  -6.4158900000E-05   3.1379650000E-04   5.4819150000E-04
   25     -1.0705800000E-04  -2.5538740000E-04   6.1662140000E-04   4.2762080000E-04  -1.2228220000E-04
   26      3.5657200000E-04  -6.3403790000E-04  -1.5030480000E-03  -2.0472484000E-03   6.2335930000E-04
   27     -2.9205499000E-03   7.7975450000E-04  -1.1723700000E-05  -1.3878870000E-04  -7.2358900000E-05
   28      1.8524740000E-04   5.7767000000E-06   4.7131880000E-04   2.8446800000E-04  -1.6747640000E-04
   29      6.3561169000E-03  -3.3003340000E-04   7.8155120000E-04   6.7462900000E-04  -1.3942440000E-04
   30      5.0103310000E-04   1.0521188000E-03   3.5442160000E-04  -2.8967700000E-04  -3.1413030000E-04
   31     -8.3376932000E-03  -1.0317241000E-03   1.3437959000E-03   3.2842870000E-04  -9.8202000000E-05
   32      9.8636110000E-03   7.7350540000E-04  -2.4584790000E-04   2.6177360000E-04   9.3907490000E-04
   33     -7.2088225600E-02   3.9817210000E-04  -7.9956810000E-04  -2.2127270000E-04   8.3497590000E-04
   34      8.9660561800E-02  -1.0886043000E-03   1.1406115000E-03   7.8004960000E-04   6.0697800000E-05
   35      6.7435283300E-02   8.1583880000E-04   7.4646890000E-04  -1.1255591000E-03  -9.4451500000E-05
   36      8.1583880000E-04   1.5475055980E-01  -9.0281188200E-02  -1.2201116770E-01  -2.2828744000E-03
   37      7.4646890000E-04  -9.0281188200E-02   1.2189219010E-01   7.7321763100E-02   3.1654016300E-02
   38     -1.1255591000E-03  -1.2201116770E-01   7.7321763100E-02   1.2259307420E-01  -2.6873380000E-03
