
$orca_hessian_file

$act_atom
  0

$act_coord
  0

$act_energy
      -21.247301

$multiplicity
  1

$hessian
48
                    0                  1                  2                  3                  4        
    0      6.8973164210E-01   1.2332732700E-02   1.6360966780E-01  -4.3118141260E-01   2.7314460000E-02
    1      1.2332732700E-02   4.6019183130E-01  -3.0794833600E-02  -3.3439351000E-03  -7.1858796100E-02
    2      1.6360966780E-01  -3.0794833600E-02   1.5803681210E-01  -8.5550736500E-02  -2.1649321100E-02
    3     -4.3118141260E-01  -3.3439351000E-03  -8.5550736500E-02   7.0945114320E-01  -3.6957956800E-02
    4      2.7314460000E-02  -7.1858796100E-02  -2.1649321100E-02  -3.6957956800E-02   5.6473734650E-01
    5      2.0279280700E-02   6.1249388000E-03   1.8298643300E-02   1.0065063150E-01   1.7154136200E-02
    6     -9.5773858900E-02  -3.1387023600E-02   2.2327196500E-02  -3.4419887400E-02  -4.5324018800E-02
    7     -5.2740126200E-02  -2.6375641000E-03   2.0260062200E-02  -3.7553137900E-02  -2.2035115900E-01
    8      3.3275773500E-02   1.7484160000E-04   2.5875048700E-02   9.6328209000E-03   2.1180092900E-02
    9      2.7848365500E-02  -1.7307233000E-03   1.5996521000E-03  -6.0291444600E-02  -2.3656805800E-02
   10     -9.4822841000E-03  -4.4908878000E-03   4.4108509000E-03  -1.8336978800E-02   7.1077520000E-03
   11      5.4406577000E-02   1.9943487000E-03  -1.3391014800E-02  -7.8383785800E-02  -5.3051958900E-02
   12      7.4959749700E-02   4.1057259000E-03  -6.4325212000E-03  -7.9183114900E-02  -4.4420827700E-02
   13      3.5859196000E-02   2.5438470000E-04  -3.8989680000E-04  -3.2179095500E-02  -1.3674238300E-02
   14     -5.4874024200E-02  -3.2002864000E-03   4.1748970000E-04   4.2652680000E-02   2.5760413800E-02
   15     -2.8836738600E-02  -1.7075093000E-03   3.1800470000E-03   3.1063394300E-02   2.0196782300E-02
   16     -6.1335018000E-03  -1.9730920000E-03  -2.3975516000E-03   2.5017089000E-03  -4.2659183000E-03
   17     -8.5172531800E-02  -3.7868121000E-03  -4.1913706400E-02   2.5421021000E-02  -1.0678114800E-02
   18     -1.0410204830E-01  -1.0121934980E-01  -3.5915021700E-02  -1.8516142700E-02  -2.6952237200E-02
   19     -1.0294414240E-01  -2.0787940400E-01  -5.0419169400E-02  -1.2535962000E-03  -1.7826816000E-03
   20     -5.3638536300E-02  -6.0368905500E-02  -5.6722498800E-02   4.9949822000E-03  -2.8528370000E-03
   21     -1.1556828500E-01   9.8581716700E-02  -6.3629484400E-02  -1.9535111900E-02   2.4850339500E-02
   22      9.3823463900E-02  -1.6992052580E-01   7.6405927500E-02   5.0025891000E-03  -1.2195180000E-03
   23     -8.1878565000E-02   8.5653795100E-02  -8.5540429000E-02   4.5149684000E-03   5.6767628000E-03
   24     -2.0978323100E-02   2.5624712700E-02  -7.0158698000E-03  -1.0386179870E-01   1.0870463120E-01
   25      3.6429788000E-03  -4.6384040000E-04   1.3345983000E-03   1.0947626560E-01  -2.3622719300E-01
   26     -1.0990033200E-02   2.8562862000E-03  -1.3788143000E-03  -8.2143842000E-03   2.4184636200E-02
   27      5.6034390000E-04  -1.2617885000E-03  -7.1665300000E-05   6.4385035000E-03  -1.1861859700E-02
   28      2.1462308000E-03   1.5252754000E-03   1.0362212000E-03   1.0781033800E-02  -2.5813761800E-02
   29     -3.6875731000E-03   5.4928840000E-04  -6.3010270000E-04   4.5423494000E-03   1.8355947000E-03
   30     -2.2482200000E-04  -1.0459625000E-03  -1.2879770000E-04  -5.8959268000E-03   9.0096750000E-04
   31      1.6172340000E-04   3.2347260000E-04  -1.2212770000E-04  -1.2519504000E-03   1.7781970000E-04
   32     -1.8429010000E-04   1.7079770000E-04  -4.3657930000E-04  -3.0187080000E-03   8.2962700000E-04
   33      1.0306991000E-03  -2.6785890000E-04  -1.9235900000E-04   9.9809860000E-04   1.4837745000E-03
   34      5.8605910000E-04   4.8021200000E-04   6.3571200000E-05  -2.7621277000E-03   4.6481740000E-04
   35     -3.2958107000E-03  -6.3280690000E-04   1.7363770000E-04   5.0604664000E-03   2.7730904000E-03
   36     -1.3900301000E-03   2.0704730000E-04  -1.3949026000E-03  -1.4780769000E-03  -1.9619485000E-03
   37     -8.7028100000E-04  -4.3673650000E-04   6.0031700000E-05   5.9729670000E-04  -4.6906420000E-04
   38     -1.3048164000E-03  -1.4954170000E-04  -3.1274818000E-03  -3.6702751000E-03  -4.7404858000E-03
   39      1.9677300000E-05   5.3788180000E-04   2.5748545000E-03   2.8757589000E-03   2.6627141000E-03
   40      1.5084332000E-03  -5.7097060000E-04   3.0492180000E-04  -6.3327700000E-05  -9.1382000000E-06
   41      3.7997473000E-03   5.7876900000E-05   3.7922599000E-03   1.4609495000E-03   5.0673851000E-03
   42      6.2041957000E-03  -1.4868000000E-04   4.7682455000E-03   6.6643070000E-04   2.3346673000E-03
   43     -1.8891932000E-03  -1.2293624000E-03   1.1917720000E-03   2.9665304000E-03   2.0351216000E-03
   44      1.4474939400E-02   1.3330010000E-04  -3.0998587000E-03  -1.5229853800E-02  -9.9643813000E-03
   45     -2.2991546000E-03   7.2301380000E-04   2.2716948000E-03   2.8695873000E-03   2.6873183000E-03
   46     -3.3157493000E-03  -1.3139962000E-03   7.0494360000E-04   2.3766818000E-03   1.1486112000E-03
   47      5.1801954000E-03   1.2177127000E-03  -3.5340560000E-04  -4.8631261000E-03  -1.5246403000E-03
                    5                  6                  7                  8                  9        
    0      2.0279280700E-02  -9.5773858900E-02  -5.2740126200E-02   3.3275773500E-02   2.7848365500E-02
    1      6.1249388000E-03  -3.1387023600E-02  -2.6375641000E-03   1.7484160000E-04  -1.7307233000E-03
    2      1.8298643300E-02   2.2327196500E-02   2.0260062200E-02   2.5875048700E-02   1.5996521000E-03
    3      1.0065063150E-01  -3.4419887400E-02  -3.7553137900E-02   9.6328209000E-03  -6.0291444600E-02
    4      1.7154136200E-02  -4.5324018800E-02  -2.2035115900E-01   2.1180092900E-02  -2.3656805800E-02
    5     -2.2340285300E-02  -9.7979461000E-03  -3.2124538900E-02  -7.4211285000E-02  -1.3367861000E-02
    6     -9.7979461000E-03   6.0585913380E-01  -8.1039573300E-02   9.4022871400E-02  -3.9975041900E-01
    7     -3.2124538900E-02  -8.1039573300E-02   5.4984890840E-01  -2.4559486500E-02   5.6885153200E-02
    8     -7.4211285000E-02   9.4022871400E-02  -2.4559486500E-02   1.1286046500E-01  -1.2802942460E-01
    9     -1.3367861000E-02  -3.9975041900E-01   5.6885153200E-02  -1.2802942460E-01   7.6859478680E-01
   10     -5.9755122000E-03   7.6723400000E-03  -7.5030738200E-02  -5.5835709000E-03  -9.6030540000E-04
   11     -7.6425744000E-03   4.7900490300E-02   4.1456918000E-02  -5.0938526000E-03   1.1103814400E-02
   12     -5.4138223900E-02   1.2277360960E-01   4.1914426700E-02   1.2598629000E-03  -5.1543246400E-02
   13     -2.3204363100E-02   5.4253207400E-02   2.5132911500E-02   2.5379882000E-03  -2.2985553600E-02
   14      4.0394153000E-03  -1.5791255470E-01  -1.6577660300E-02  -5.3637528300E-02   4.8987756000E-02
   15     -4.7483114000E-03  -6.6051781300E-02  -3.1792851300E-02   1.0847187800E-02   1.5584702500E-02
   16      1.3359545900E-02  -2.4226141500E-02   3.9240615000E-03   1.2914105900E-02   2.6963593000E-03
   17      1.0045820360E-01  -7.8212391000E-03   1.6075929400E-02   1.0123970100E-02   2.6295553800E-02
   18     -5.7353233000E-03  -3.2390707000E-03   1.2030200000E-03  -7.2463699000E-03  -2.4821139000E-03
   19     -5.8170390000E-04  -1.5328941000E-03   1.6291356000E-03  -1.5241339000E-03  -4.6414030000E-04
   20      9.4321378000E-03  -8.4501032000E-03  -2.4710860000E-03   1.4645129800E-02   3.0387502000E-03
   21     -9.7475028000E-03   3.5076304000E-03   1.8258964000E-03   5.4222130000E-04  -7.2641350000E-04
   22      2.4742404000E-03  -1.6311639000E-03   1.4908656000E-03   1.1715984000E-03   6.2424630000E-04
   23      7.0928387000E-03  -4.5436834000E-03  -2.2099888000E-03   5.6648050000E-04   3.1372344000E-03
   24     -1.2948228400E-02   6.2614116000E-03  -1.0100773100E-02   3.9184340000E-04   5.3869080000E-04
   25      2.4154505800E-02   9.5385813000E-03  -2.6012033400E-02   1.2290557000E-03   1.4192434000E-03
   26     -2.7972265200E-02  -3.7836634000E-03  -8.3543400000E-04   3.3213767000E-03   1.7936387000E-03
   27      7.4179070000E-04  -1.0186796170E-01   1.1163285090E-01   3.3959900000E-04  -1.8209320800E-02
   28     -1.0079279000E-03   1.1114714500E-01  -2.4424904200E-01  -7.0231643000E-03   3.7646365000E-03
   29      1.6678376000E-03  -2.6190489000E-03  -9.3942779000E-03  -2.3349968200E-02  -2.7893618000E-03
   30     -1.0869905000E-03  -1.6442447400E-02  -2.3570044100E-02  -1.1657539000E-03  -1.5275639990E-01
   31     -1.8331910000E-04  -3.5612390000E-04   2.0110234000E-03  -8.1640900000E-04  -1.2063321920E-01
   32      7.2789649000E-03  -5.9264350000E-03  -8.4681569000E-03  -1.0259090000E-04   1.8924554500E-02
   33     -6.8958450000E-04  -1.5811956400E-02   2.5014062200E-02   3.2854956000E-03  -1.2226020180E-01
   34      3.4980350000E-04   7.5272125000E-03  -4.0336496000E-03   8.8522940000E-04   1.0522914460E-01
   35     -2.1664959000E-03  -1.4088575800E-02   6.0626644000E-03   8.9976280000E-04   4.5978909700E-02
   36      5.0824907000E-03   2.6846096000E-03   3.6403455000E-03  -1.3208230000E-04  -1.9138909000E-03
   37     -1.2474380000E-04  -4.7407150000E-04  -1.4874285000E-03   3.0536180000E-04  -1.0532353000E-03
   38      8.1069869000E-03   9.2814014000E-03   7.7325678000E-03   1.0715777000E-03  -1.4811886000E-03
   39     -4.2919895000E-03  -1.4099102000E-03  -2.1791770000E-03  -5.5910055000E-03  -1.7895632000E-03
   40     -1.6386116000E-03   6.1046380000E-04  -1.2479811000E-03  -7.4502810000E-04  -6.3199790000E-04
   41     -1.3061779600E-02   6.6033013000E-03  -4.0244458000E-03  -1.1674459600E-02  -2.3286491000E-03
   42     -8.8062187000E-03  -2.7850359000E-03   1.0485417000E-03  -6.8056761000E-03  -1.2809397000E-03
   43     -6.8496060000E-04  -4.5057319000E-03  -3.8295716000E-03  -3.6261480000E-04   1.2768622000E-03
   44     -5.9547498000E-03   2.5244410100E-02   6.4476919000E-03  -6.8072410000E-04  -9.3302642000E-03
   45     -1.3960134000E-03  -3.5340661000E-03  -4.1886137000E-03  -4.6273635000E-03   4.3740800000E-04
   46      1.9085105000E-03  -2.7220760000E-04  -5.1577387000E-03   2.1613370000E-04   2.2033530000E-04
   47     -3.0255931000E-03   9.5635787000E-03   2.6292414000E-03  -6.1340280000E-04  -3.5331145000E-03
                   10                 11                 12                 13                 14        
    0     -9.4822841000E-03   5.4406577000E-02   7.4959749700E-02   3.5859196000E-02  -5.4874024200E-02
    1     -4.4908878000E-03   1.9943487000E-03   4.1057259000E-03   2.5438470000E-04  -3.2002864000E-03
    2      4.4108509000E-03  -1.3391014800E-02  -6.4325212000E-03  -3.8989680000E-04   4.1748970000E-04
    3     -1.8336978800E-02  -7.8383785800E-02  -7.9183114900E-02  -3.2179095500E-02   4.2652680000E-02
    4      7.1077520000E-03  -5.3051958900E-02  -4.4420827700E-02  -1.3674238300E-02   2.5760413800E-02
    5     -5.9755122000E-03  -7.6425744000E-03  -5.4138223900E-02  -2.3204363100E-02   4.0394153000E-03
    6      7.6723400000E-03   4.7900490300E-02   1.2277360960E-01   5.4253207400E-02  -1.5791255470E-01
    7     -7.5030738200E-02   4.1456918000E-02   4.1914426700E-02   2.5132911500E-02  -1.6577660300E-02
    8     -5.5835709000E-03  -5.0938526000E-03   1.2598629000E-03   2.5379882000E-03  -5.3637528300E-02
    9     -9.6030540000E-04   1.1103814400E-02  -5.1543246400E-02  -2.2985553600E-02   4.8987756000E-02
   10      4.7066187380E-01   7.4242790300E-02   2.6248095500E-02  -9.5256677000E-03  -3.5486852400E-02
   11      7.4242790300E-02  -2.6868210800E-02  -1.6108794820E-01  -6.0736567700E-02   1.6390193920E-01
   12      2.6248095500E-02  -1.6108794820E-01   3.6462128130E-01  -6.6494294100E-02   2.6495312620E-01
   13     -9.5256677000E-03  -6.0736567700E-02  -6.6494294100E-02   2.0854643150E-01  -5.3868221000E-03
   14     -3.5486852400E-02   1.6390193920E-01   2.6495312620E-01  -5.3868221000E-03   9.1377743600E-02
   15     -1.6043661900E-02   7.9444047600E-02  -1.9875121200E-01  -3.8174306300E-02  -5.6147446500E-02
   16     -7.5818990000E-03   2.9945598300E-02  -6.1991729900E-02  -8.0043020600E-02  -2.2297384500E-02
   17     -7.8993420000E-04   3.7808496600E-02   1.1508044180E-01   4.4124830900E-02  -9.6834705200E-02
   18     -5.5125890000E-04  -6.1172850000E-04  -1.9859949000E-03  -9.6554920000E-04   2.2531594000E-03
   19     -1.0458488000E-03   4.1739090000E-04   5.6100160000E-04  -8.6977450000E-04   5.2982860000E-04
   20     -1.3084002000E-03   3.2713767000E-03   7.6735008000E-03   4.2638602000E-03  -4.8004500000E-03
   21     -3.0423970000E-04  -1.2981289000E-03  -2.0623670000E-03  -1.0293076000E-03   2.2702168000E-03
   22     -7.4010200000E-04   9.0163830000E-04   1.6735006000E-03   6.9219300000E-05  -1.7060295000E-03
   23      1.2350200000E-04   3.9167081000E-03   7.3413276000E-03   2.9083702000E-03  -5.5532086000E-03
   24     -2.3371535000E-03  -5.2393760000E-04  -1.3883030000E-03  -6.0592620000E-04   4.3794000000E-04
   25      4.9684270000E-04   1.0163247000E-03   1.1787775000E-03  -8.9672470000E-04  -1.8481830000E-04
   26     -3.8011170000E-04   2.7764544000E-03   5.0709522000E-03   2.7156117000E-03  -4.3163975000E-03
   27      2.5207502300E-02   1.7291450000E-03  -3.2256430000E-04   9.3859460000E-04  -6.9427840000E-04
   28     -2.5310458000E-03   8.3461190000E-04   3.2524890000E-04  -1.3333863000E-03   6.1687460000E-04
   29      3.9929847000E-03   4.7859447000E-03   4.0588577000E-03   1.0639214000E-03  -5.7336384000E-03
   30     -1.2089754730E-01   1.3811841900E-02  -2.3921584000E-03  -2.0209138000E-03   1.8393903000E-03
   31     -1.8107239410E-01   1.5143831700E-02  -3.9503880000E-04  -1.8977117000E-03  -1.2462200000E-04
   32      1.9395978800E-02  -4.0890275000E-02   4.1408506000E-03   5.3058358000E-03   1.9689746000E-03
   33      1.0954086380E-01   3.6633062300E-02  -3.3139013000E-03   1.4665314000E-03   4.0361587000E-03
   34     -1.9224698470E-01  -5.4062790400E-02  -1.4678488000E-03  -2.0675130000E-04   1.3456798000E-03
   35     -6.0114413900E-02  -4.2233064400E-02   1.2702552600E-02  -2.4994332000E-03  -1.4630855600E-02
   36      1.6344763000E-03  -7.0037340000E-03  -3.1113417200E-02   5.0052929000E-03   1.8010645700E-02
   37     -5.5919490000E-04   1.4571113000E-03  -9.6202524000E-03   3.8093817000E-03   3.2478426000E-03
   38      3.7308367000E-03  -1.3797107300E-02  -1.4070161200E-02  -1.2989354100E-02   9.9853808000E-03
   39     -5.4045320000E-04  -1.8865521000E-03  -9.5170357000E-03  -2.8253672700E-02   1.1337411100E-02
   40     -3.1043390000E-04  -7.8640600000E-04  -7.0734514000E-03  -1.5214142100E-02   5.2942539000E-03
   41      1.8448147000E-03  -1.2312494200E-02  -9.4982107000E-03   4.7081043000E-03   1.6539310000E-02
   42     -1.3544615000E-03   4.1063999000E-03  -1.7453663360E-01   9.0148121100E-02  -1.2808749990E-01
   43      7.3841260000E-04   5.3506118000E-03   1.0209191170E-01  -5.9406133000E-02   7.3889907100E-02
   44      1.0896880300E-02  -3.6102617500E-02  -1.6958700330E-01   6.7053438100E-02  -8.4447837400E-02
   45      5.0506650000E-04   1.6604367000E-03  -6.2446920000E-03   5.0376755000E-03   9.3731970000E-04
   46     -3.8696841000E-03  -4.1234529000E-03   1.3364754900E-02  -5.4744778500E-02  -2.5720324700E-02
   47     -8.9998429000E-03  -1.8129708800E-02  -7.4674039000E-03  -2.9475523600E-02  -1.8275632300E-02
                   15                 16                 17                 18                 19        
    0     -2.8836738600E-02  -6.1335018000E-03  -8.5172531800E-02  -1.0410204830E-01  -1.0294414240E-01
    1     -1.7075093000E-03  -1.9730920000E-03  -3.7868121000E-03  -1.0121934980E-01  -2.0787940400E-01
    2      3.1800470000E-03  -2.3975516000E-03  -4.1913706400E-02  -3.5915021700E-02  -5.0419169400E-02
    3      3.1063394300E-02   2.5017089000E-03   2.5421021000E-02  -1.8516142700E-02  -1.2535962000E-03
    4      2.0196782300E-02  -4.2659183000E-03  -1.0678114800E-02  -2.6952237200E-02  -1.7826816000E-03
    5     -4.7483114000E-03   1.3359545900E-02   1.0045820360E-01  -5.7353233000E-03  -5.8170390000E-04
    6     -6.6051781300E-02  -2.4226141500E-02  -7.8212391000E-03  -3.2390707000E-03  -1.5328941000E-03
    7     -3.1792851300E-02   3.9240615000E-03   1.6075929400E-02   1.2030200000E-03   1.6291356000E-03
    8      1.0847187800E-02   1.2914105900E-02   1.0123970100E-02  -7.2463699000E-03  -1.5241339000E-03
    9      1.5584702500E-02   2.6963593000E-03   2.6295553800E-02  -2.4821139000E-03  -4.6414030000E-04
   10     -1.6043661900E-02  -7.5818990000E-03  -7.8993420000E-04  -5.5125890000E-04  -1.0458488000E-03
   11      7.9444047600E-02   2.9945598300E-02   3.7808496600E-02  -6.1172850000E-04   4.1739090000E-04
   12     -1.9875121200E-01  -6.1991729900E-02   1.1508044180E-01  -1.9859949000E-03   5.6100160000E-04
   13     -3.8174306300E-02  -8.0043020600E-02   4.4124830900E-02  -9.6554920000E-04  -8.6977450000E-04
   14     -5.6147446500E-02  -2.2297384500E-02  -9.6834705200E-02   2.2531594000E-03   5.2982860000E-04
   15      4.5310794280E-01   2.4795752900E-02  -1.9740032110E-01   4.8983450000E-04  -5.4210820000E-04
   16      2.4795752900E-02   4.4428556580E-01  -4.9823212900E-02  -3.5136920000E-04  -6.2926770000E-04
   17     -1.9740032110E-01  -4.9823212900E-02   1.8652911480E-01   2.3575441000E-03   4.2509250000E-04
   18      4.8983450000E-04  -3.5136920000E-04   2.3575441000E-03   1.2036968780E-01   1.1662391450E-01
   19     -5.4210820000E-04  -6.2926770000E-04   4.2509250000E-04   1.1662391450E-01   2.4728857210E-01
   20     -5.2056830000E-04   1.1198965000E-03  -7.6725839000E-03   4.4412461100E-02   5.1616444600E-02
   21     -3.5831560000E-04   5.1395680000E-04   2.0255285000E-03   8.0926522000E-03  -1.0432426900E-02
   22     -1.0566499000E-03  -8.8233300000E-04  -2.4878042000E-03   1.2661668200E-02  -4.1548287900E-02
   23     -6.1882430000E-04  -1.6171435000E-03  -8.9254974000E-03  -2.4073110000E-04  -3.3681000000E-06
   24      2.8244690000E-04   7.1836820000E-04   2.1776360000E-03   1.3526092000E-03   8.5083130000E-04
   25      7.2648050000E-04  -1.4108526000E-03  -1.7658697000E-03  -7.3946650000E-04   8.5355980000E-04
   26      3.1052280000E-04  -3.0178571000E-03  -1.1801230800E-02   1.7976385000E-03   3.6542730000E-04
   27     -1.0474459000E-03   3.2324810000E-04  -1.0789036000E-03  -3.7615750000E-04   6.5631300000E-05
   28     -8.3987200000E-05  -1.2522508000E-03   9.9924710000E-04   2.0260880000E-04   1.2198520000E-04
   29     -1.7359489000E-03  -1.7382101000E-03  -2.6319712000E-03   4.3910890000E-04  -4.6260490000E-04
   30     -2.1059940000E-04   1.9474660000E-04   4.5272720000E-04  -1.2224868000E-03   1.7486370000E-04
   31      1.0176731000E-03  -4.8231060000E-04  -3.9158810000E-04   1.3284650000E-04   2.1582520000E-04
   32      3.2097790000E-04  -4.6803900000E-05  -1.8227842000E-03  -3.8870310000E-04  -1.9231630000E-04
   33      5.3656380000E-04   1.6371180000E-04   4.5616720000E-04   1.5108030000E-04  -3.4971080000E-04
   34      1.1048655000E-03  -5.7141520000E-04   4.8527160000E-04   1.3724140000E-04   2.5154710000E-04
   35     -4.8918911000E-03  -9.7111890000E-04  -3.4812656000E-03  -5.9208060000E-04  -1.8653000000E-05
   36     -1.2830596230E-01   6.9274978100E-02   1.0630849920E-01   2.2628980000E-04   3.3324560000E-04
   37      7.2845970200E-02  -8.7016752200E-02  -6.8751340800E-02  -4.0344430000E-04   8.4823680000E-04
   38      1.4193736230E-01  -7.5508630600E-02  -1.3154670530E-01   2.0650010000E-04   1.5528010000E-04
   39     -3.5554200800E-02   9.9209854000E-03   1.2357493100E-02   7.3044360000E-04  -3.1288430000E-04
   40      8.1054650000E-04  -2.4395738940E-01   8.0681134100E-02  -9.8956800000E-05   6.2506760000E-04
   41      1.3725695200E-02   1.0033412380E-01  -4.4985111900E-02  -1.1135080000E-04   9.7848600000E-05
   42     -3.1602496900E-02   5.4290603000E-03   2.7573191000E-03   8.5954830000E-04  -1.2464991000E-03
   43     -1.3347140000E-02   1.5796830000E-03  -2.3870002000E-03   1.8000300000E-04   7.6019290000E-04
   44      1.7870527600E-02   7.1169038000E-03   1.1221033500E-02  -4.1403950000E-04  -2.9554020000E-04
   45     -1.0346132100E-02  -2.3830134100E-02  -4.2169356000E-03  -3.4813080000E-04   4.6891460000E-04
   46     -1.8749857000E-02  -1.9722808800E-02  -1.9298285000E-03   1.4032940000E-04   1.1611421000E-03
   47     -1.5730568000E-03  -7.3722611000E-03   5.4747432000E-03  -2.1106370000E-04  -1.0982280000E-04
                   20                 21                 22                 23                 24        
    0     -5.3638536300E-02  -1.1556828500E-01   9.3823463900E-02  -8.1878565000E-02  -2.0978323100E-02
    1     -6.0368905500E-02   9.8581716700E-02  -1.6992052580E-01   8.5653795100E-02   2.5624712700E-02
    2     -5.6722498800E-02  -6.3629484400E-02   7.6405927500E-02  -8.5540429000E-02  -7.0158698000E-03
    3      4.9949822000E-03  -1.9535111900E-02   5.0025891000E-03   4.5149684000E-03  -1.0386179870E-01
    4     -2.8528370000E-03   2.4850339500E-02  -1.2195180000E-03   5.6767628000E-03   1.0870463120E-01
    5      9.4321378000E-03  -9.7475028000E-03   2.4742404000E-03   7.0928387000E-03  -1.2948228400E-02
    6     -8.4501032000E-03   3.5076304000E-03  -1.6311639000E-03  -4.5436834000E-03   6.2614116000E-03
    7     -2.4710860000E-03   1.8258964000E-03   1.4908656000E-03  -2.2099888000E-03  -1.0100773100E-02
    8      1.4645129800E-02   5.4222130000E-04   1.1715984000E-03   5.6648050000E-04   3.9184340000E-04
    9      3.0387502000E-03  -7.2641350000E-04   6.2424630000E-04   3.1372344000E-03   5.3869080000E-04
   10     -1.3084002000E-03  -3.0423970000E-04  -7.4010200000E-04   1.2350200000E-04  -2.3371535000E-03
   11      3.2713767000E-03  -1.2981289000E-03   9.0163830000E-04   3.9167081000E-03  -5.2393760000E-04
   12      7.6735008000E-03  -2.0623670000E-03   1.6735006000E-03   7.3413276000E-03  -1.3883030000E-03
   13      4.2638602000E-03  -1.0293076000E-03   6.9219300000E-05   2.9083702000E-03  -6.0592620000E-04
   14     -4.8004500000E-03   2.2702168000E-03  -1.7060295000E-03  -5.5532086000E-03   4.3794000000E-04
   15     -5.2056830000E-04  -3.5831560000E-04  -1.0566499000E-03  -6.1882430000E-04   2.8244690000E-04
   16      1.1198965000E-03   5.1395680000E-04  -8.8233300000E-04  -1.6171435000E-03   7.1836820000E-04
   17     -7.6725839000E-03   2.0255285000E-03  -2.4878042000E-03  -8.9254974000E-03   2.1776360000E-03
   18      4.4412461100E-02   8.0926522000E-03   1.2661668200E-02  -2.4073110000E-04   1.3526092000E-03
   19      5.1616444600E-02  -1.0432426900E-02  -4.1548287900E-02  -3.3681000000E-06   8.5083130000E-04
   20      3.7649490500E-02   1.8037690000E-03   1.0446659600E-02   8.6544070000E-03   8.2298930000E-04
   21      1.8037690000E-03   1.2942974020E-01  -1.1143347540E-01   7.3244927500E-02  -4.9336019000E-03
   22      1.0446659600E-02  -1.1143347540E-01   2.0850937980E-01  -8.8766060000E-02   9.1452450000E-04
   23      8.6544070000E-03   7.3244927500E-02  -8.8766060000E-02   6.8185057500E-02  -1.7020410000E-04
   24      8.2298930000E-04  -4.9336019000E-03   9.1452450000E-04  -1.7020410000E-04   1.2403762180E-01
   25     -5.7344090000E-04  -5.1575840000E-04   4.7862180000E-04  -3.5721030000E-04  -1.2062697670E-01
   26     -4.7606505000E-03  -3.6213614000E-03   1.8469294000E-03   8.2533052000E-03   1.7036745300E-02
   27      7.5597100000E-05   1.1506410000E-04  -1.7829900000E-04  -2.2175420000E-04  -1.2900298000E-03
   28      2.1847300000E-04  -4.0584940000E-04  -3.0173500000E-05  -7.6305200000E-05  -2.3844826000E-03
   29     -9.5300220000E-04  -1.3013060000E-04  -5.0931190000E-04   4.6698980000E-04  -3.7327230000E-04
   30      5.6173020000E-04   1.2297680000E-04   2.6300580000E-04   3.4942710000E-04  -3.3336180000E-04
   31      1.0631350000E-04  -4.5021060000E-04   2.3897890000E-04   6.5550800000E-05  -2.4878710000E-04
   32     -1.0490073000E-03  -6.4434850000E-04  -4.2339500000E-05   1.0039842000E-03  -5.0191200000E-05
   33      4.3603600000E-04  -1.8611280000E-04  -4.4651320000E-04   4.0023560000E-04  -2.3747070000E-04
   34      4.6473000000E-06  -4.7259320000E-04   1.4110300000E-04   5.7757800000E-05  -5.2211410000E-04
   35      8.5183560000E-04  -4.0591990000E-04  -1.1787650000E-04  -6.3387900000E-05   1.3251780000E-04
   36     -7.0147840000E-04   7.3719390000E-04   3.0246650000E-04  -8.8449100000E-04  -1.1568020000E-04
   37      3.1895000000E-05   1.2769480000E-04   9.2051720000E-04  -3.1970470000E-04  -1.2198670000E-04
   38     -5.9561450000E-04   6.6772000000E-05   2.3131620000E-04  -1.2050580000E-04   1.0862420000E-04
   39     -4.9026220000E-04   2.1460350000E-04  -1.5512450000E-04  -3.6362970000E-04   4.0098640000E-04
   40      1.3468120000E-04  -2.0754460000E-04   6.2226250000E-04  -6.3876300000E-05   9.9000000000E-08
   41      3.0473660000E-04   2.2571700000E-04   2.7307710000E-04   6.7411200000E-05   2.1967990000E-04
   42      1.4820700000E-04   2.3649860000E-04  -8.8272540000E-04   2.9608500000E-04   6.6058240000E-04
   43     -2.2305030000E-04  -4.5407150000E-04   7.5491750000E-04  -2.9398480000E-04   1.3114500000E-04
   44      1.8199456000E-03  -1.7932320000E-04  -3.3234320000E-04   5.7359630000E-04  -2.8442100000E-04
   45     -1.6707450000E-04   9.1384780000E-04   5.1848640000E-04  -3.6232290000E-04  -3.9578000000E-04
   46     -1.4515130000E-04  -1.9412690000E-04   1.1150745000E-03  -7.7809710000E-04   3.8883000000E-06
   47     -7.5252400000E-05  -5.2295250000E-04   2.1037800000E-04   1.4222502000E-03   3.8148400000E-05
                   25                 26                 27                 28                 29        
    0      3.6429788000E-03  -1.0990033200E-02   5.6034390000E-04   2.1462308000E-03  -3.6875731000E-03
    1     -4.6384040000E-04   2.8562862000E-03  -1.2617885000E-03   1.5252754000E-03   5.4928840000E-04
    2      1.3345983000E-03  -1.3788143000E-03  -7.1665300000E-05   1.0362212000E-03  -6.3010270000E-04
    3      1.0947626560E-01  -8.2143842000E-03   6.4385035000E-03   1.0781033800E-02   4.5423494000E-03
    4     -2.3622719300E-01   2.4184636200E-02  -1.1861859700E-02  -2.5813761800E-02   1.8355947000E-03
    5      2.4154505800E-02  -2.7972265200E-02   7.4179070000E-04  -1.0079279000E-03   1.6678376000E-03
    6      9.5385813000E-03  -3.7836634000E-03  -1.0186796170E-01   1.1114714500E-01  -2.6190489000E-03
    7     -2.6012033400E-02  -8.3543400000E-04   1.1163285090E-01  -2.4424904200E-01  -9.3942779000E-03
    8      1.2290557000E-03   3.3213767000E-03   3.3959900000E-04  -7.0231643000E-03  -2.3349968200E-02
    9      1.4192434000E-03   1.7936387000E-03  -1.8209320800E-02   3.7646365000E-03  -2.7893618000E-03
   10      4.9684270000E-04  -3.8011170000E-04   2.5207502300E-02  -2.5310458000E-03   3.9929847000E-03
   11      1.0163247000E-03   2.7764544000E-03   1.7291450000E-03   8.3461190000E-04   4.7859447000E-03
   12      1.1787775000E-03   5.0709522000E-03  -3.2256430000E-04   3.2524890000E-04   4.0588577000E-03
   13     -8.9672470000E-04   2.7156117000E-03   9.3859460000E-04  -1.3333863000E-03   1.0639214000E-03
   14     -1.8481830000E-04  -4.3163975000E-03  -6.9427840000E-04   6.1687460000E-04  -5.7336384000E-03
   15      7.2648050000E-04   3.1052280000E-04  -1.0474459000E-03  -8.3987200000E-05  -1.7359489000E-03
   16     -1.4108526000E-03  -3.0178571000E-03   3.2324810000E-04  -1.2522508000E-03  -1.7382101000E-03
   17     -1.7658697000E-03  -1.1801230800E-02  -1.0789036000E-03   9.9924710000E-04  -2.6319712000E-03
   18     -7.3946650000E-04   1.7976385000E-03  -3.7615750000E-04   2.0260880000E-04   4.3910890000E-04
   19      8.5355980000E-04   3.6542730000E-04   6.5631300000E-05   1.2198520000E-04  -4.6260490000E-04
   20     -5.7344090000E-04  -4.7606505000E-03   7.5597100000E-05   2.1847300000E-04  -9.5300220000E-04
   21     -5.1575840000E-04  -3.6213614000E-03   1.1506410000E-04  -4.0584940000E-04  -1.3013060000E-04
   22      4.7862180000E-04   1.8469294000E-03  -1.7829900000E-04  -3.0173500000E-05  -5.0931190000E-04
   23     -3.5721030000E-04   8.2533052000E-03  -2.2175420000E-04  -7.6305200000E-05   4.6698980000E-04
   24     -1.2062697670E-01   1.7036745300E-02  -1.2900298000E-03  -2.3844826000E-03  -3.7327230000E-04
   25      2.6470963610E-01  -2.5377447800E-02  -2.8046689000E-03  -3.5547165000E-03  -4.4332800000E-05
   26     -2.5377447800E-02   3.3037795700E-02  -4.6452450000E-04   1.6476800000E-05   3.4066279000E-03
   27     -2.8046689000E-03  -4.6452450000E-04   1.1826973110E-01  -1.2385341910E-01   2.4951892000E-03
   28     -3.5547165000E-03   1.6476800000E-05  -1.2385341910E-01   2.7395764140E-01   3.8481960000E-03
   29     -4.4332800000E-05   3.4066279000E-03   2.4951892000E-03   3.8481960000E-03   1.7447704500E-02
   30      3.9486630000E-04   1.4535500000E-05   1.5384448000E-03  -5.6283940000E-04   2.5934700000E-04
   31      2.7088800000E-04   4.3485160000E-04   7.8213650000E-04   7.0716660000E-04  -1.6364530000E-04
   32      1.9228950000E-04  -3.5676380000E-04   7.3032240000E-04   7.2692200000E-05  -2.6308493000E-03
   33     -7.5232470000E-04   2.1039400000E-05  -4.7122577000E-03  -4.1196210000E-04  -9.5547200000E-05
   34      7.4722700000E-05   3.1398160000E-04   1.9488826000E-03   3.5051670000E-04  -1.3567073000E-03
   35      6.6966600000E-05   6.7300000000E-07  -3.7804647000E-03   3.7577250000E-04   5.6419210000E-03
   36     -3.7374730000E-04  -2.2066770000E-04   5.8064770000E-04  -4.8941500000E-05  -1.9800730000E-04
   37      5.1464640000E-04  -9.5834260000E-04  -1.5274920000E-04   4.3044030000E-04   7.0729780000E-04
   38      1.6672950000E-04  -1.1353404000E-03  -1.2332820000E-04   3.7318220000E-04   5.2319120000E-04
   39     -1.2828600000E-04   5.8884610000E-04   1.1263200000E-04  -2.1562610000E-04  -2.7570000000E-07
   40      9.1114990000E-04  -1.0019993000E-03  -3.2205550000E-04   4.7658110000E-04   4.7507810000E-04
   41      1.8770150000E-04  -6.2892150000E-04   2.3767760000E-04  -4.3616830000E-04   2.8424340000E-04
   42     -9.7722800000E-05   4.4068140000E-04  -3.4051420000E-04  -5.3978700000E-04  -2.4975390000E-04
   43      2.2317080000E-04  -8.6619670000E-04  -2.7916610000E-04   2.9138760000E-04   8.2082740000E-04
   44     -1.9363990000E-04   1.6567218000E-03   4.7381770000E-04  -6.4655040000E-04   6.2431410000E-04
   45     -3.3824210000E-04   2.2003460000E-04   5.5088470000E-04   1.3999040000E-04   8.4067300000E-05
   46      3.2122400000E-05  -2.9681160000E-04  -1.8484030000E-04   9.0338230000E-04   3.7590190000E-04
   47      1.4858810000E-04  -1.0257080000E-04  -3.8821990000E-04   7.9836870000E-04   1.0807579000E-03
                   30                 31                 32                 33                 34        
    0     -2.2482200000E-04   1.6172340000E-04  -1.8429010000E-04   1.0306991000E-03   5.8605910000E-04
    1     -1.0459625000E-03   3.2347260000E-04   1.7079770000E-04  -2.6785890000E-04   4.8021200000E-04
    2     -1.2879770000E-04  -1.2212770000E-04  -4.3657930000E-04  -1.9235900000E-04   6.3571200000E-05
    3     -5.8959268000E-03  -1.2519504000E-03  -3.0187080000E-03   9.9809860000E-04  -2.7621277000E-03
    4      9.0096750000E-04   1.7781970000E-04   8.2962700000E-04   1.4837745000E-03   4.6481740000E-04
    5     -1.0869905000E-03  -1.8331910000E-04   7.2789649000E-03  -6.8958450000E-04   3.4980350000E-04
    6     -1.6442447400E-02  -3.5612390000E-04  -5.9264350000E-03  -1.5811956400E-02   7.5272125000E-03
    7     -2.3570044100E-02   2.0110234000E-03  -8.4681569000E-03   2.5014062200E-02  -4.0336496000E-03
    8     -1.1657539000E-03  -8.1640900000E-04  -1.0259090000E-04   3.2854956000E-03   8.8522940000E-04
    9     -1.5275639990E-01  -1.2063321920E-01   1.8924554500E-02  -1.2226020180E-01   1.0522914460E-01
   10     -1.2089754730E-01  -1.8107239410E-01   1.9395978800E-02   1.0954086380E-01  -1.9224698470E-01
   11      1.3811841900E-02   1.5143831700E-02  -4.0890275000E-02   3.6633062300E-02  -5.4062790400E-02
   12     -2.3921584000E-03  -3.9503880000E-04   4.1408506000E-03  -3.3139013000E-03  -1.4678488000E-03
   13     -2.0209138000E-03  -1.8977117000E-03   5.3058358000E-03   1.4665314000E-03  -2.0675130000E-04
   14      1.8393903000E-03  -1.2462200000E-04   1.9689746000E-03   4.0361587000E-03   1.3456798000E-03
   15     -2.1059940000E-04   1.0176731000E-03   3.2097790000E-04   5.3656380000E-04   1.1048655000E-03
   16      1.9474660000E-04  -4.8231060000E-04  -4.6803900000E-05   1.6371180000E-04  -5.7141520000E-04
   17      4.5272720000E-04  -3.9158810000E-04  -1.8227842000E-03   4.5616720000E-04   4.8527160000E-04
   18     -1.2224868000E-03   1.3284650000E-04  -3.8870310000E-04   1.5108030000E-04   1.3724140000E-04
   19      1.7486370000E-04   2.1582520000E-04  -1.9231630000E-04  -3.4971080000E-04   2.5154710000E-04
   20      5.6173020000E-04   1.0631350000E-04  -1.0490073000E-03   4.3603600000E-04   4.6473000000E-06
   21      1.2297680000E-04  -4.5021060000E-04  -6.4434850000E-04  -1.8611280000E-04  -4.7259320000E-04
   22      2.6300580000E-04   2.3897890000E-04  -4.2339500000E-05  -4.4651320000E-04   1.4110300000E-04
   23      3.4942710000E-04   6.5550800000E-05   1.0039842000E-03   4.0023560000E-04   5.7757800000E-05
   24     -3.3336180000E-04  -2.4878710000E-04  -5.0191200000E-05  -2.3747070000E-04  -5.2211410000E-04
   25      3.9486630000E-04   2.7088800000E-04   1.9228950000E-04  -7.5232470000E-04   7.4722700000E-05
   26      1.4535500000E-05   4.3485160000E-04  -3.5676380000E-04   2.1039400000E-05   3.1398160000E-04
   27      1.5384448000E-03   7.8213650000E-04   7.3032240000E-04  -4.7122577000E-03   1.9488826000E-03
   28     -5.6283940000E-04   7.0716660000E-04   7.2692200000E-05  -4.1196210000E-04   3.5051670000E-04
   29      2.5934700000E-04  -1.6364530000E-04  -2.6308493000E-03  -9.5547200000E-05  -1.3567073000E-03
   30      1.6806132510E-01   1.3672760070E-01  -1.4368694300E-02   8.5490177000E-03   9.6888568000E-03
   31      1.3672760070E-01   2.1677314870E-01  -1.0553070900E-02  -1.5042619600E-02  -4.0788582700E-02
   32     -1.4368694300E-02  -1.0553070900E-02   3.2477184300E-02  -3.1487486000E-03  -7.2731998000E-03
   33      8.5490177000E-03  -1.5042619600E-02  -3.1487486000E-03   1.3403590970E-01  -1.1990084930E-01
   34      9.6888568000E-03  -4.0788582700E-02  -7.2731998000E-03  -1.1990084930E-01   2.3333285650E-01
   35     -1.2989480000E-04  -3.2405826000E-03   6.0383108000E-03  -4.0312433000E-02   5.9764018200E-02
   36      6.6557940000E-04  -6.5987670000E-04   6.7600320000E-04   1.6620390000E-04  -8.3819970000E-04
   37      7.7987800000E-05   9.6008310000E-04   5.3984900000E-05  -5.0545820000E-04   8.7033460000E-04
   38     -1.1606820000E-04   1.6201110000E-04  -2.9175900000E-05  -2.0446350000E-04   2.9245100000E-04
   39     -1.0089600000E-04  -2.4544730000E-04   1.0916853000E-03   5.4751240000E-04  -3.0776190000E-04
   40     -9.3160200000E-05   1.0350718000E-03   1.0952780000E-04  -2.8170030000E-04   1.0161482000E-03
   41     -5.9435400000E-05   3.7524800000E-05  -3.3569560000E-04  -1.3382920000E-04   5.1624800000E-05
   42     -4.4147410000E-04   6.6682270000E-04   1.0225970000E-03   7.8853930000E-04   6.5481120000E-04
   43     -5.8983610000E-04   4.5576900000E-04   2.7188060000E-04   2.2431140000E-04   9.6636140000E-04
   44     -2.2485700000E-05  -3.0012680000E-04  -1.5915727000E-03  -4.9338710000E-04  -6.8600840000E-04
   45      1.0832290000E-03  -2.0552940000E-04   8.2312780000E-04  -2.8172390000E-04  -6.0557880000E-04
   46      3.5740810000E-04   1.0717521000E-03   1.7327290000E-04   6.5742100000E-05  -1.0123600000E-04
   47     -2.1087860000E-04  -5.4591800000E-05   4.7787520000E-04   2.1573000000E-06  -2.3533020000E-04
                   35                 36                 37                 38                 39        
    0     -3.2958107000E-03  -1.3900301000E-03  -8.7028100000E-04  -1.3048164000E-03   1.9677300000E-05
    1     -6.3280690000E-04   2.0704730000E-04  -4.3673650000E-04  -1.4954170000E-04   5.3788180000E-04
    2      1.7363770000E-04  -1.3949026000E-03   6.0031700000E-05  -3.1274818000E-03   2.5748545000E-03
    3      5.0604664000E-03  -1.4780769000E-03   5.9729670000E-04  -3.6702751000E-03   2.8757589000E-03
    4      2.7730904000E-03  -1.9619485000E-03  -4.6906420000E-04  -4.7404858000E-03   2.6627141000E-03
    5     -2.1664959000E-03   5.0824907000E-03  -1.2474380000E-04   8.1069869000E-03  -4.2919895000E-03
    6     -1.4088575800E-02   2.6846096000E-03  -4.7407150000E-04   9.2814014000E-03  -1.4099102000E-03
    7      6.0626644000E-03   3.6403455000E-03  -1.4874285000E-03   7.7325678000E-03  -2.1791770000E-03
    8      8.9976280000E-04  -1.3208230000E-04   3.0536180000E-04   1.0715777000E-03  -5.5910055000E-03
    9      4.5978909700E-02  -1.9138909000E-03  -1.0532353000E-03  -1.4811886000E-03  -1.7895632000E-03
   10     -6.0114413900E-02   1.6344763000E-03  -5.5919490000E-04   3.7308367000E-03  -5.4045320000E-04
   11     -4.2233064400E-02  -7.0037340000E-03   1.4571113000E-03  -1.3797107300E-02  -1.8865521000E-03
   12      1.2702552600E-02  -3.1113417200E-02  -9.6202524000E-03  -1.4070161200E-02  -9.5170357000E-03
   13     -2.4994332000E-03   5.0052929000E-03   3.8093817000E-03  -1.2989354100E-02  -2.8253672700E-02
   14     -1.4630855600E-02   1.8010645700E-02   3.2478426000E-03   9.9853808000E-03   1.1337411100E-02
   15     -4.8918911000E-03  -1.2830596230E-01   7.2845970200E-02   1.4193736230E-01  -3.5554200800E-02
   16     -9.7111890000E-04   6.9274978100E-02  -8.7016752200E-02  -7.5508630600E-02   9.9209854000E-03
   17     -3.4812656000E-03   1.0630849920E-01  -6.8751340800E-02  -1.3154670530E-01   1.2357493100E-02
   18     -5.9208060000E-04   2.2628980000E-04  -4.0344430000E-04   2.0650010000E-04   7.3044360000E-04
   19     -1.8653000000E-05   3.3324560000E-04   8.4823680000E-04   1.5528010000E-04  -3.1288430000E-04
   20      8.5183560000E-04  -7.0147840000E-04   3.1895000000E-05  -5.9561450000E-04  -4.9026220000E-04
   21     -4.0591990000E-04   7.3719390000E-04   1.2769480000E-04   6.6772000000E-05   2.1460350000E-04
   22     -1.1787650000E-04   3.0246650000E-04   9.2051720000E-04   2.3131620000E-04  -1.5512450000E-04
   23     -6.3387900000E-05  -8.8449100000E-04  -3.1970470000E-04  -1.2050580000E-04  -3.6362970000E-04
   24      1.3251780000E-04  -1.1568020000E-04  -1.2198670000E-04   1.0862420000E-04   4.0098640000E-04
   25      6.6966600000E-05  -3.7374730000E-04   5.1464640000E-04   1.6672950000E-04  -1.2828600000E-04
   26      6.7300000000E-07  -2.2066770000E-04  -9.5834260000E-04  -1.1353404000E-03   5.8884610000E-04
   27     -3.7804647000E-03   5.8064770000E-04  -1.5274920000E-04  -1.2332820000E-04   1.1263200000E-04
   28      3.7577250000E-04  -4.8941500000E-05   4.3044030000E-04   3.7318220000E-04  -2.1562610000E-04
   29      5.6419210000E-03  -1.9800730000E-04   7.0729780000E-04   5.2319120000E-04  -2.7570000000E-07
   30     -1.2989480000E-04   6.6557940000E-04   7.7987800000E-05  -1.1606820000E-04  -1.0089600000E-04
   31     -3.2405826000E-03  -6.5987670000E-04   9.6008310000E-04   1.6201110000E-04  -2.4544730000E-04
   32      6.0383108000E-03   6.7600320000E-04   5.3984900000E-05  -2.9175900000E-05   1.0916853000E-03
   33     -4.0312433000E-02   1.6620390000E-04  -5.0545820000E-04  -2.0446350000E-04   5.4751240000E-04
   34      5.9764018200E-02  -8.3819970000E-04   8.7033460000E-04   2.9245100000E-04  -3.0776190000E-04
   35      4.8237565700E-02   1.3010129000E-03   2.7942280000E-04   4.4068580000E-04   4.8731620000E-04
   36      1.3010129000E-03   1.6533328710E-01  -8.6603360200E-02  -1.2854871240E-01  -1.7537602000E-03
   37      2.7942280000E-04  -8.6603360200E-02   1.1360551600E-01   7.7839285700E-02   2.7440932900E-02
   38      4.4068580000E-04  -1.2854871240E-01   7.7839285700E-02   1.2081760270E-01  -6.5477780000E-04
