
$orca_hessian_file

$act_atom
  0

$act_coord
  0

$act_energy
      -21.266730

$multiplicity
  1

$hessian
48
                    0                  1                  2                  3                  4        
    0      7.9640865180E-01   1.7875080900E-02   1.3858197400E-01  -4.7385361340E-01   3.3304310000E-02
    1      1.7875080900E-02   4.7429461050E-01  -3.4098586800E-02  -9.5454651000E-03  -6.9700044000E-02
    2      1.3858197400E-01  -3.4098586800E-02   1.2389033990E-01  -7.9160019600E-02  -2.6955050100E-02
    3     -4.7385361340E-01  -9.5454651000E-03  -7.9160019600E-02   7.4114117440E-01  -2.0075292400E-02
    4      3.3304310000E-02  -6.9700044000E-02  -2.6955050100E-02  -2.0075292400E-02   5.9558049640E-01
    5     -3.0596946400E-02   6.0671363000E-03   1.0709384000E-02   1.0557189000E-01   2.3493820000E-03
    6     -7.7169672900E-02  -3.1629296000E-02   3.4166005100E-02  -5.3809607400E-02  -7.4289408100E-02
    7     -5.1350210000E-02  -2.3330926000E-03   3.3057647700E-02  -5.0775080100E-02  -2.6194997850E-01
    8     -9.6842241000E-03  -1.7675349000E-03   6.0709656000E-03   1.2777268800E-02   1.2540883700E-02
    9      6.8060391000E-03  -3.5443816000E-03  -5.5287518000E-03  -5.8290914000E-02  -2.5160211400E-02
   10     -8.3947501000E-03  -4.6890033000E-03   5.0886047000E-03  -2.0596504100E-02   4.6912183000E-03
   11      2.3085604200E-02  -1.0885989000E-03  -1.9512361200E-02  -6.4020277300E-02  -4.5034800700E-02
   12      1.9957627700E-02  -3.1597440000E-04  -1.9361423400E-02  -5.3975192300E-02  -3.5132976500E-02
   13      8.7474256000E-03  -1.7615283000E-03  -9.4498181000E-03  -2.3723071600E-02  -1.2183865100E-02
   14     -1.0666438100E-02   3.3950490000E-04   1.6891395500E-02   2.9916880400E-02   2.6313524100E-02
   15     -1.0747450500E-02   1.8246259000E-03   2.2583729800E-02   3.6761041800E-02   2.0513205600E-02
   16      1.1141410000E-03  -5.3309696000E-03   2.1149289000E-03   1.4865638000E-03   3.0995661000E-03
   17     -4.1528295000E-03   2.3954688000E-03  -7.7491875000E-03   1.4679836300E-02   2.3795452000E-03
   18     -1.1072287130E-01  -1.0534325330E-01  -3.1120816800E-02  -1.7632818000E-02  -2.7814722000E-02
   19     -1.0673275090E-01  -2.1136096530E-01  -4.1530233100E-02  -1.5391355000E-03  -1.9848259000E-03
   20     -4.1111014500E-02  -4.9983206600E-02  -4.9918267100E-02   3.8071361000E-03  -2.8883380000E-04
   21     -1.2571031020E-01   1.0590275340E-01  -5.8096246300E-02  -1.9326872800E-02   2.5749394300E-02
   22      1.0301736680E-01  -1.7774772760E-01   6.8496001000E-02   4.5661664000E-03  -1.1391254000E-03
   23     -6.7203648800E-02   7.5944985000E-02  -7.2488970700E-02   2.2696826000E-03   4.8325631000E-03
   24     -2.3409272800E-02   2.6213758600E-02  -6.8736715000E-03  -1.0522554260E-01   1.0861989380E-01
   25      4.0779890000E-03  -5.8447570000E-04   8.9305760000E-04   1.0879539470E-01  -2.3124787140E-01
   26     -3.5481470000E-03   2.0940114000E-03   4.9408420000E-04  -1.3371238200E-02   2.6886526300E-02
   27      1.6364179000E-03  -1.1226272000E-03   1.3164940000E-04   6.1901333000E-03  -1.2192882200E-02
   28      7.2772800000E-04   1.1571285000E-03   4.1418460000E-04   1.1427647500E-02  -2.6290712900E-02
   29     -1.1892862000E-03   3.0563890000E-04  -5.6291400000E-05   3.6830377000E-03   2.3461077000E-03
   30     -7.9083610000E-04  -9.5774120000E-04  -4.6789570000E-04  -6.6176868000E-03   5.7747500000E-05
   31     -5.8614500000E-05  -8.7419400000E-05  -2.3158600000E-04  -1.3809456000E-03   4.8125440000E-04
   32     -3.6620060000E-04  -3.5228520000E-04  -5.0733180000E-04  -3.6139697000E-03   1.1479726000E-03
   33      9.5751280000E-04  -1.9924970000E-04  -3.6958650000E-04   3.7406640000E-04   1.5933400000E-03
   34      1.2421500000E-05   7.2597000000E-06  -1.4307250000E-04  -3.2742850000E-03   9.0665730000E-04
   35     -1.0212027000E-03  -9.1903000000E-05   7.9820900000E-04   4.8067098000E-03   2.5445525000E-03
   36      7.6649890000E-04  -2.7732760000E-04  -1.2848132000E-03  -2.8913709000E-03  -6.5360640000E-04
   37     -2.4501850000E-04   1.2071560000E-04   1.2452190000E-04   4.2127600000E-04  -1.0416073000E-03
   38      2.0502356000E-03  -9.4262240000E-04  -3.5642975000E-03  -5.9225582000E-03  -2.6583243000E-03
   39     -1.8441058000E-03   9.3844180000E-04   1.3662570000E-03   2.8022935000E-03   1.5271262000E-03
   40      1.8036680000E-04  -9.5935900000E-05  -3.7930540000E-04   1.5914540000E-04  -9.6919510000E-04
   41     -2.2993855000E-03   1.1796568000E-03   1.2778400000E-03   3.2219064000E-03   2.5328109000E-03
   42     -6.2737440000E-04  -5.5626370000E-04   3.0683132000E-03   2.3588367000E-03   1.9930612000E-03
   43     -7.4909010000E-04  -8.3356940000E-04   1.5767972000E-03   2.4764957000E-03   1.3191620000E-03
   44      6.7778013000E-03  -5.1344390000E-04  -4.8578321000E-03  -1.1291271600E-02  -8.2517091000E-03
   45     -1.6572410000E-03   7.3691940000E-04   2.3652964000E-03   1.9960719000E-03   1.9610201000E-03
   46     -1.5263956000E-03  -1.0549832000E-03   1.0219084000E-03   1.5770898000E-03   4.2887120000E-04
   47      1.3437083000E-03   5.1177980000E-04  -1.4776791000E-03  -3.3550134000E-03  -6.8515010000E-04
                    5                  6                  7                  8                  9        
    0     -3.0596946400E-02  -7.7169672900E-02  -5.1350210000E-02  -9.6842241000E-03   6.8060391000E-03
    1      6.0671363000E-03  -3.1629296000E-02  -2.3330926000E-03  -1.7675349000E-03  -3.5443816000E-03
    2      1.0709384000E-02   3.4166005100E-02   3.3057647700E-02   6.0709656000E-03  -5.5287518000E-03
    3      1.0557189000E-01  -5.3809607400E-02  -5.0775080100E-02   1.2777268800E-02  -5.8290914000E-02
    4      2.3493820000E-03  -7.4289408100E-02  -2.6194997850E-01   1.2540883700E-02  -2.5160211400E-02
    5      8.1015429100E-02  -1.5402285300E-02  -3.0450715200E-02  -1.8988155300E-02   1.2367900000E-04
    6     -1.5402285300E-02   6.3450200100E-01  -4.5586097300E-02   1.0584333680E-01  -3.7997563380E-01
    7     -3.0450715200E-02  -4.5586097300E-02   6.0520216930E-01  -4.5992751800E-02   5.1121076900E-02
    8     -1.8988155300E-02   1.0584333680E-01  -4.5992751800E-02   1.8749635950E-01  -1.2113027620E-01
    9      1.2367900000E-04  -3.7997563380E-01   5.1121076900E-02  -1.2113027620E-01   7.4899571890E-01
   10     -7.7608615000E-03   2.0828979400E-02  -7.4690652400E-02   6.5535230000E-04  -1.9936314000E-03
   11      7.7773180000E-03  -2.4963769400E-02   3.0977732100E-02  -1.7699332900E-02   5.7955166800E-02
   12     -1.1018395300E-02   6.2915177700E-02   1.9869335400E-02   2.2603990300E-02  -3.4889435700E-02
   13      1.9196254000E-03   3.1603828800E-02   1.6392315800E-02   2.1564639200E-02  -1.1895566300E-02
   14     -3.6553375700E-02  -1.1444586050E-01  -5.9697473000E-03  -8.4107358400E-02   2.9531640900E-02
   15     -2.4786188900E-02  -5.3400766700E-02  -2.8341276900E-02  -2.5004040000E-04   1.0521962600E-02
   16     -7.2871990000E-04  -2.5602154900E-02   1.2406746000E-03   1.0639996000E-02   3.9063606000E-03
   17     -5.5688927000E-03   1.1738642800E-02   1.8681030700E-02  -5.0771328400E-02   3.9257658000E-03
   18     -1.0455760000E-03  -5.0273870000E-03   8.2584550000E-04  -3.8291897000E-03  -1.8112394000E-03
   19      3.4551940000E-04  -2.0598097000E-03   1.3021405000E-03  -9.0513590000E-04  -2.2971400000E-04
   20      2.2661509000E-03  -5.8791491000E-03  -1.9873762000E-03   9.9956908000E-03   1.6900299000E-03
   21     -6.6592725000E-03   2.4610272000E-03   1.4243669000E-03   1.5617651000E-03  -1.2055430000E-04
   22      1.5851870000E-04  -8.6366660000E-04   1.8091807000E-03  -2.1041250000E-04  -9.9301700000E-05
   23     -7.3402320000E-04  -2.1352697000E-03  -1.3820829000E-03  -4.7425984000E-03   1.0555301000E-03
   24     -1.3363294200E-02   5.7155089000E-03  -9.3503669000E-03   1.4983717000E-03   5.7798030000E-04
   25      2.6772889900E-02   1.0540102400E-02  -2.6574774300E-02   1.7445829000E-03   1.4860967000E-03
   26     -3.7983781400E-02  -1.1197033000E-03   6.4987330000E-04  -4.6670120000E-04  -3.6961400000E-05
   27     -2.6968200000E-05  -1.0123220450E-01   1.1307521890E-01  -4.3444374000E-03  -1.7263747200E-02
   28      1.3015589000E-03   1.1130087820E-01  -2.4847198160E-01   2.4311940000E-04   3.9568135000E-03
   29     -1.8048630000E-03  -3.2285575000E-03  -3.6523018000E-03  -2.3003156100E-02  -4.7609771000E-03
   30     -1.1179657000E-03  -1.5568148600E-02  -2.2345336100E-02  -1.2955090000E-03  -1.5718627550E-01
   31      7.0657300000E-05  -6.2802400000E-05   2.6588396000E-03  -9.0887170000E-04  -1.2094895840E-01
   32      6.9830944000E-03  -6.3177767000E-03  -9.5844639000E-03  -5.9888260000E-04   1.1931800100E-02
   33     -4.7399620000E-04  -1.4469062700E-02   2.4164968700E-02   2.8844287000E-03  -1.1587734360E-01
   34      8.6126050000E-04   7.6461907000E-03  -4.9265477000E-03   1.9602821000E-03   1.0386568030E-01
   35     -3.6080914000E-03  -1.1540022200E-02   8.9871901000E-03  -4.6195740000E-04   3.6859667700E-02
   36      2.0784956000E-03   2.4037417000E-03   3.3550958000E-03  -2.3992408000E-03  -2.6576212000E-03
   37     -8.9184340000E-04  -4.8763620000E-04  -1.7815660000E-03   3.6306070000E-04  -1.1497204000E-03
   38      3.0178910000E-03   8.3268138000E-03   7.0254924000E-03  -2.1440844000E-03  -2.6436121000E-03
   39     -8.6380620000E-04  -1.2536280000E-04  -1.8823982000E-03  -2.8154496000E-03  -1.3495739000E-03
   40      4.3838790000E-04   8.7673100000E-05  -1.1734755000E-03   3.7444890000E-04  -2.3683730000E-04
   41     -4.9659420000E-03   5.3458036000E-03  -4.7427487000E-03  -5.2771514000E-03  -1.2895174000E-03
   42     -1.5340665000E-03  -5.1903662000E-03  -8.2308080000E-04   1.6353082000E-03   2.1463310000E-03
   43     -8.1099270000E-04  -2.2676642000E-03  -2.6617264000E-03  -5.4631030000E-04   1.0481777000E-03
   44     -1.3976028000E-03   1.4430244500E-02   2.4997621000E-03   1.9283308000E-03  -6.8478686000E-03
   45     -8.8530310000E-04  -2.0292439000E-03  -3.3820618000E-03  -3.0561024000E-03   3.7430660000E-04
   46      3.5819630000E-04   8.4088290000E-04  -4.0415256000E-03   2.4465200000E-04  -1.2588330000E-04
   47     -1.6453990000E-04   5.1815472000E-03   1.8834594000E-03   2.7693600000E-03  -8.3531570000E-04
                   10                 11                 12                 13                 14        
    0     -8.3947501000E-03   2.3085604200E-02   1.9957627700E-02   8.7474256000E-03  -1.0666438100E-02
    1     -4.6890033000E-03  -1.0885989000E-03  -3.1597440000E-04  -1.7615283000E-03   3.3950490000E-04
    2      5.0886047000E-03  -1.9512361200E-02  -1.9361423400E-02  -9.4498181000E-03   1.6891395500E-02
    3     -2.0596504100E-02  -6.4020277300E-02  -5.3975192300E-02  -2.3723071600E-02   2.9916880400E-02
    4      4.6912183000E-03  -4.5034800700E-02  -3.5132976500E-02  -1.2183865100E-02   2.6313524100E-02
    5     -7.7608615000E-03   7.7773180000E-03  -1.1018395300E-02   1.9196254000E-03  -3.6553375700E-02
    6      2.0828979400E-02  -2.4963769400E-02   6.2915177700E-02   3.1603828800E-02  -1.1444586050E-01
    7     -7.4690652400E-02   3.0977732100E-02   1.9869335400E-02   1.6392315800E-02  -5.9697473000E-03
    8      6.5535230000E-04  -1.7699332900E-02   2.2603990300E-02   2.1564639200E-02  -8.4107358400E-02
    9     -1.9936314000E-03   5.7955166800E-02  -3.4889435700E-02  -1.1895566300E-02   2.9531640900E-02
   10      4.8646730300E-01   6.4163970900E-02   1.6215954400E-02  -1.9237234700E-02  -3.0032735400E-02
   11      6.4163970900E-02   5.3638517000E-02  -9.8471665100E-02  -3.9779917600E-02   1.1318539620E-01
   12      1.6215954400E-02  -9.8471665100E-02   4.4428391520E-01  -3.0564281900E-02   2.0311103680E-01
   13     -1.9237234700E-02  -3.9779917600E-02  -3.0564281900E-02   2.3902487070E-01  -2.6978028800E-02
   14     -3.0032735400E-02   1.1318539620E-01   2.0311103680E-01  -2.6978028800E-02   1.5293146180E-01
   15     -1.3516779200E-02   6.7146502700E-02  -2.1104619300E-01  -4.9608786400E-02  -3.7570539000E-02
   16     -6.9285888000E-03   2.8011116600E-02  -6.6554547200E-02  -8.5044701600E-02  -1.7549312700E-02
   17      1.3160134000E-03   7.0710731000E-03   5.8610127600E-02   1.3499626400E-02  -4.8692643700E-02
   18     -9.1358060000E-04   5.1915200000E-04   3.2990710000E-04   2.2597370000E-04   3.9122090000E-04
   19     -1.1193008000E-03   8.7558340000E-04   1.0943851000E-03  -5.1819000000E-04   4.5131600000E-05
   20     -6.0434850000E-04   1.0620699000E-03   1.9423366000E-03   1.3945430000E-03  -7.6754990000E-04
   21     -2.7962280000E-04  -1.8927800000E-05   1.1251600000E-05  -7.7378000000E-05   6.7856000000E-04
   22     -7.0845020000E-04  -2.4522220000E-04  -1.2102760000E-04  -7.1933310000E-04  -2.7083700000E-04
   23      1.3009450000E-04   6.4123160000E-04   1.2308693000E-03  -4.4893200000E-05  -7.6674270000E-04
   24     -3.3800212000E-03  -7.7852500000E-05  -5.7780690000E-04  -1.2220900000E-05  -3.7430530000E-04
   25      1.1612340000E-04   7.0005140000E-04   5.0349380000E-04  -1.0829062000E-03  -2.2047100000E-05
   26     -1.7075150000E-04  -6.0935710000E-04   3.6352170000E-04   3.1739780000E-04  -5.8621950000E-04
   27      2.4987881300E-02   6.5843910000E-04  -8.2541210000E-04   4.0178930000E-04   1.6057510000E-04
   28     -2.6913369000E-03   1.4515311000E-03   1.1969715000E-03  -7.3113160000E-04  -5.5763810000E-04
   29      5.5456476000E-03   5.8094160000E-04   7.2243110000E-04  -4.3344640000E-04  -2.5520107000E-03
   30     -1.2126211200E-01   8.7190933000E-03  -2.4326389000E-03  -2.6614578000E-03   1.4790530000E-03
   31     -1.7781516310E-01   9.7574319000E-03  -3.0888870000E-04  -1.9401281000E-03  -4.0325200000E-04
   32      1.2153027700E-02  -4.0620512800E-02   7.1477756000E-03   7.5911856000E-03   7.4989500000E-04
   33      1.0759398910E-01   3.0610939600E-02  -3.9848118000E-03   2.4077318000E-03   5.1067368000E-03
   34     -2.0091028000E-01  -4.9957617800E-02  -1.0062283000E-03   3.0560210000E-04   8.8300160000E-04
   35     -5.4398661700E-02  -4.1805357400E-02   1.0700930900E-02  -6.2022251000E-03  -1.4110870700E-02
   36      1.5167197000E-03  -7.2899328000E-03  -2.8826253000E-02   3.6281829000E-03   2.0629229000E-02
   37     -1.6030840000E-04   1.5447051000E-03  -9.1964249000E-03   3.8853494000E-03   3.6678332000E-03
   38      3.4002827000E-03  -1.3694995800E-02  -1.2170340200E-02  -1.3297420600E-02   1.2274194900E-02
   39     -5.9078190000E-04  -2.3612470000E-03  -9.6119195000E-03  -2.6981710000E-02   8.0516305000E-03
   40      1.6638900000E-05   9.3979000000E-05  -5.2770881000E-03  -1.5029914200E-02   2.7473366000E-03
   41      1.4895671000E-03  -9.2427141000E-03  -7.3121096000E-03   6.6226743000E-03   9.8506790000E-03
   42     -1.7944677000E-03   6.8763299000E-03  -1.7170898900E-01   9.5015390900E-02  -1.3521925690E-01
   43      1.2969815000E-03   3.0282480000E-03   1.0049995650E-01  -6.2154554200E-02   7.4736341000E-02
   44      1.0488859200E-02  -2.6927757700E-02  -1.5487393750E-01   7.1434801100E-02  -9.2935187300E-02
   45      1.5787271000E-03   1.6324442000E-03  -9.6192272000E-03   3.4941499000E-03  -7.8016360000E-04
   46     -3.6379468000E-03  -4.4981922000E-03   9.0973408000E-03  -5.9204650900E-02  -2.6949074600E-02
   47     -1.1464061500E-02  -1.3844158400E-02  -3.2251490000E-03  -2.8158743000E-02  -2.4811063700E-02
                   15                 16                 17                 18                 19        
    0     -1.0747450500E-02   1.1141410000E-03  -4.1528295000E-03  -1.1072287130E-01  -1.0673275090E-01
    1      1.8246259000E-03  -5.3309696000E-03   2.3954688000E-03  -1.0534325330E-01  -2.1136096530E-01
    2      2.2583729800E-02   2.1149289000E-03  -7.7491875000E-03  -3.1120816800E-02  -4.1530233100E-02
    3      3.6761041800E-02   1.4865638000E-03   1.4679836300E-02  -1.7632818000E-02  -1.5391355000E-03
    4      2.0513205600E-02   3.0995661000E-03   2.3795452000E-03  -2.7814722000E-02  -1.9848259000E-03
    5     -2.4786188900E-02  -7.2871990000E-04  -5.5688927000E-03  -1.0455760000E-03   3.4551940000E-04
    6     -5.3400766700E-02  -2.5602154900E-02   1.1738642800E-02  -5.0273870000E-03  -2.0598097000E-03
    7     -2.8341276900E-02   1.2406746000E-03   1.8681030700E-02   8.2584550000E-04   1.3021405000E-03
    8     -2.5004040000E-04   1.0639996000E-02  -5.0771328400E-02  -3.8291897000E-03  -9.0513590000E-04
    9      1.0521962600E-02   3.9063606000E-03   3.9257658000E-03  -1.8112394000E-03  -2.2971400000E-04
   10     -1.3516779200E-02  -6.9285888000E-03   1.3160134000E-03  -9.1358060000E-04  -1.1193008000E-03
   11      6.7146502700E-02   2.8011116600E-02   7.0710731000E-03   5.1915200000E-04   8.7558340000E-04
   12     -2.1104619300E-01  -6.6554547200E-02   5.8610127600E-02   3.2990710000E-04   1.0943851000E-03
   13     -4.9608786400E-02  -8.5044701600E-02   1.3499626400E-02   2.2597370000E-04  -5.1819000000E-04
   14     -3.7570539000E-02  -1.7549312700E-02  -4.8692643700E-02   3.9122090000E-04   4.5131600000E-05
   15      4.3623291110E-01   2.9210082100E-02  -1.9613998390E-01  -2.4584700000E-04  -6.5843590000E-04
   16      2.9210082100E-02   4.6210287570E-01  -3.1221245200E-02  -4.9127560000E-04  -6.2493960000E-04
   17     -1.9613998390E-01  -3.1221245200E-02   2.8078668890E-01  -1.0348226000E-03  -6.6198370000E-04
   18     -2.4584700000E-04  -4.9127560000E-04  -1.0348226000E-03   1.2546003140E-01   1.2058620250E-01
   19     -6.5843590000E-04  -6.2493960000E-04  -6.6198370000E-04   1.2058620250E-01   2.4852847320E-01
   20      1.8755259000E-03   1.3191982000E-03   1.1327808000E-03   3.6092364500E-02   4.1778529600E-02
   21     -1.0550563000E-03   2.6556650000E-04  -5.9376940000E-04   7.8543929000E-03  -1.0696372500E-02
   22     -3.2128120000E-04  -5.1808000000E-04   3.1038700000E-04   1.3259081400E-02  -3.8959364800E-02
   23      1.7367430000E-03  -3.7990190000E-04   4.0665270000E-04  -3.3483590000E-04   5.1122950000E-04
   24     -7.4852000000E-05   4.3356000000E-04   6.3211580000E-04   1.3701227000E-03   8.9513700000E-04
   25      1.0662158000E-03  -1.2519676000E-03  -1.2574304000E-03  -6.8683280000E-04   8.5922520000E-04
   26      1.0656470000E-03  -7.5080410000E-04  -3.9533985000E-03   1.2290769000E-03   2.5549830000E-04
   27     -9.4615120000E-04   5.6011510000E-04   2.3959850000E-04  -4.0407220000E-04   5.7794500000E-05
   28     -2.6689820000E-04  -1.3868024000E-03  -9.9717420000E-04   3.1580790000E-04   1.6505020000E-04
   29     -1.0788269000E-03  -1.7632387000E-03   3.5487100000E-04   2.4077410000E-04  -4.7480330000E-04
   30     -4.1896240000E-04   7.3510800000E-05  -2.2130510000E-04  -1.1268123000E-03   1.3637820000E-04
   31      9.2498550000E-04  -6.9352930000E-04  -6.4810300000E-04   1.2648860000E-04   2.6289490000E-04
   32     -3.9494800000E-04  -4.1312420000E-04  -2.4786288000E-03  -6.2370120000E-04  -2.7184660000E-04
   33      5.6279580000E-04   3.0032190000E-04   3.8411560000E-04   1.8228260000E-04  -2.6495050000E-04
   34      1.0929510000E-03  -7.2297840000E-04  -2.1257990000E-04   8.8076400000E-05   2.9590190000E-04
   35     -4.2992559000E-03  -1.1789988000E-03  -6.8710080000E-04  -6.0425170000E-04  -4.5509000000E-06
   36     -1.2839716900E-01   6.7498236600E-02   1.1222277700E-01   1.6736290000E-04   2.7722720000E-04
   37      6.8968885100E-02  -8.4227123000E-02  -6.7875413200E-02  -3.3854260000E-04   7.1709230000E-04
   38      1.4378832400E-01  -7.3668216600E-02  -1.3146655610E-01   1.3719670000E-04   6.6503000000E-05
   39     -3.5306780100E-02   6.7204431000E-03   1.0669512100E-02   7.1595720000E-04  -2.0871110000E-04
   40     -1.4564407000E-03  -2.6118632260E-01   6.6312602700E-02  -2.4982000000E-06   6.0889230000E-04
   41      1.4041865700E-02   8.5364055400E-02  -4.1628962000E-02   1.2331240000E-04   2.3050870000E-04
   42     -3.3378658900E-02   4.4802291000E-03  -6.1638995000E-03   1.1304865000E-03  -1.0750588000E-03
   43     -1.3354258600E-02   1.5867991000E-03  -1.0515842000E-03   1.0985580000E-04   6.8180210000E-04
   44      1.4474963400E-02   7.4524657000E-03   2.5083339000E-03  -8.6786400000E-05  -1.5763470000E-04
   45     -9.0608240000E-03  -2.3401153000E-02  -4.7958814000E-03  -2.3949620000E-04   4.1781430000E-04
   46     -1.6076794000E-02  -2.0113912700E-02  -9.6916050000E-04   5.3373300000E-05   1.1461137000E-03
   47     -2.1935185000E-03  -7.2481986000E-03   7.3629810000E-04  -5.3117100000E-05  -1.0231540000E-04
                   20                 21                 22                 23                 24        
    0     -4.1111014500E-02  -1.2571031020E-01   1.0301736680E-01  -6.7203648800E-02  -2.3409272800E-02
    1     -4.9983206600E-02   1.0590275340E-01  -1.7774772760E-01   7.5944985000E-02   2.6213758600E-02
    2     -4.9918267100E-02  -5.8096246300E-02   6.8496001000E-02  -7.2488970700E-02  -6.8736715000E-03
    3      3.8071361000E-03  -1.9326872800E-02   4.5661664000E-03   2.2696826000E-03  -1.0522554260E-01
    4     -2.8883380000E-04   2.5749394300E-02  -1.1391254000E-03   4.8325631000E-03   1.0861989380E-01
    5      2.2661509000E-03  -6.6592725000E-03   1.5851870000E-04  -7.3402320000E-04  -1.3363294200E-02
    6     -5.8791491000E-03   2.4610272000E-03  -8.6366660000E-04  -2.1352697000E-03   5.7155089000E-03
    7     -1.9873762000E-03   1.4243669000E-03   1.8091807000E-03  -1.3820829000E-03  -9.3503669000E-03
    8      9.9956908000E-03   1.5617651000E-03  -2.1041250000E-04  -4.7425984000E-03   1.4983717000E-03
    9      1.6900299000E-03  -1.2055430000E-04  -9.9301700000E-05   1.0555301000E-03   5.7798030000E-04
   10     -6.0434850000E-04  -2.7962280000E-04  -7.0845020000E-04   1.3009450000E-04  -3.3800212000E-03
   11      1.0620699000E-03  -1.8927800000E-05  -2.4522220000E-04   6.4123160000E-04  -7.7852500000E-05
   12      1.9423366000E-03   1.1251600000E-05  -1.2102760000E-04   1.2308693000E-03  -5.7780690000E-04
   13      1.3945430000E-03  -7.7378000000E-05  -7.1933310000E-04  -4.4893200000E-05  -1.2220900000E-05
   14     -7.6754990000E-04   6.7856000000E-04  -2.7083700000E-04  -7.6674270000E-04  -3.7430530000E-04
   15      1.8755259000E-03  -1.0550563000E-03  -3.2128120000E-04   1.7367430000E-03  -7.4852000000E-05
   16      1.3191982000E-03   2.6556650000E-04  -5.1808000000E-04  -3.7990190000E-04   4.3356000000E-04
   17      1.1327808000E-03  -5.9376940000E-04   3.1038700000E-04   4.0665270000E-04   6.3211580000E-04
   18      3.6092364500E-02   7.8543929000E-03   1.3259081400E-02  -3.3483590000E-04   1.3701227000E-03
   19      4.1778529600E-02  -1.0696372500E-02  -3.8959364800E-02   5.1122950000E-04   8.9513700000E-04
   20      3.2841817700E-02   1.8387242000E-03   9.0414313000E-03   8.4155943000E-03   4.9789110000E-04
   21      1.8387242000E-03   1.3878914150E-01  -1.1940895170E-01   6.5087879100E-02  -5.1192277000E-03
   22      9.0414313000E-03  -1.1940895170E-01   2.1388659250E-01  -7.8555640600E-02   8.1001050000E-04
   23      8.4155943000E-03   6.5087879100E-02  -7.8555640600E-02   5.7564903900E-02  -4.4949800000E-05
   24      4.9789110000E-04  -5.1192277000E-03   8.1001050000E-04  -4.4949800000E-05   1.2830057360E-01
   25     -6.7698120000E-04  -7.0533790000E-04   6.2226280000E-04   9.1023700000E-05  -1.2077976300E-01
   26     -4.3701165000E-03  -2.7583485000E-03   1.8251821000E-03   9.6174863000E-03   1.8185665300E-02
   27      1.8925910000E-04   1.3319000000E-06  -1.9548610000E-04  -7.9683200000E-05  -1.2989023000E-03
   28      3.6683600000E-05  -4.9445510000E-04  -8.5135900000E-05  -2.2600060000E-04  -2.2732686000E-03
   29     -5.9647280000E-04  -1.3728850000E-04  -4.1572320000E-04   5.1117090000E-04  -4.8980010000E-04
   30      6.7289570000E-04   1.7051410000E-04   1.8659500000E-04   2.3152280000E-04  -2.8223340000E-04
   31      1.3926500000E-04  -4.1684980000E-04   2.7425470000E-04   3.2766200000E-05  -3.1759620000E-04
   32     -1.0527870000E-03  -6.1233710000E-04  -5.4931200000E-05   9.6702260000E-04  -6.6854700000E-05
   33      3.1315470000E-04  -9.2362400000E-05  -4.0836240000E-04   3.3485700000E-04  -5.9843130000E-04
   34     -6.0047300000E-05  -4.6321310000E-04   1.7274740000E-04  -3.6281100000E-05  -7.8387400000E-04
   35      1.0373952000E-03  -4.6446410000E-04   4.4063700000E-05   3.1914750000E-04   9.6363600000E-05
   36     -5.3936750000E-04   6.4112240000E-04   3.1932450000E-04  -6.8477980000E-04  -1.4828530000E-04
   37      8.0267100000E-05   6.9353800000E-05   7.8034960000E-04  -1.9095830000E-04  -1.3296440000E-04
   38     -4.2001250000E-04   3.1291600000E-05   2.9412500000E-04   2.9537800000E-05   3.6074000000E-05
   39     -6.7859810000E-04   2.5895710000E-04  -1.6320340000E-04  -7.0812970000E-04   3.8675470000E-04
   40     -7.0051700000E-05  -1.7393520000E-04   5.1809850000E-04  -1.1728760000E-04  -6.8595000000E-06
   41     -3.5771410000E-04   4.0237540000E-04   8.0119500000E-05  -5.6840750000E-04   4.0406140000E-04
   42     -5.3084370000E-04   4.2092450000E-04  -1.0502016000E-03  -4.7337530000E-04   7.3219870000E-04
   43     -9.2489800000E-05  -4.4004510000E-04   7.0170230000E-04  -1.6902610000E-04   1.1374720000E-04
   44      1.0463325000E-03   1.1292290000E-04  -5.4365760000E-04  -1.6703750000E-04  -1.6627450000E-04
   45     -1.8034480000E-04   8.1572060000E-04   4.7293780000E-04  -2.8241160000E-04  -3.4858470000E-04
   46     -2.6582600000E-05  -2.5527370000E-04   1.1120284000E-03  -4.4058960000E-04  -4.9172300000E-05
   47     -3.1491230000E-04  -3.7286400000E-04   4.6596100000E-05   9.9503270000E-04   1.0645990000E-04
                   25                 26                 27                 28                 29        
    0      4.0779890000E-03  -3.5481470000E-03   1.6364179000E-03   7.2772800000E-04  -1.1892862000E-03
    1     -5.8447570000E-04   2.0940114000E-03  -1.1226272000E-03   1.1571285000E-03   3.0563890000E-04
    2      8.9305760000E-04   4.9408420000E-04   1.3164940000E-04   4.1418460000E-04  -5.6291400000E-05
    3      1.0879539470E-01  -1.3371238200E-02   6.1901333000E-03   1.1427647500E-02   3.6830377000E-03
    4     -2.3124787140E-01   2.6886526300E-02  -1.2192882200E-02  -2.6290712900E-02   2.3461077000E-03
    5      2.6772889900E-02  -3.7983781400E-02  -2.6968200000E-05   1.3015589000E-03  -1.8048630000E-03
    6      1.0540102400E-02  -1.1197033000E-03  -1.0123220450E-01   1.1130087820E-01  -3.2285575000E-03
    7     -2.6574774300E-02   6.4987330000E-04   1.1307521890E-01  -2.4847198160E-01  -3.6523018000E-03
    8      1.7445829000E-03  -4.6670120000E-04  -4.3444374000E-03   2.4311940000E-04  -2.3003156100E-02
    9      1.4860967000E-03  -3.6961400000E-05  -1.7263747200E-02   3.9568135000E-03  -4.7609771000E-03
   10      1.1612340000E-04  -1.7075150000E-04   2.4987881300E-02  -2.6913369000E-03   5.5456476000E-03
   11      7.0005140000E-04  -6.0935710000E-04   6.5843910000E-04   1.4515311000E-03   5.8094160000E-04
   12      5.0349380000E-04   3.6352170000E-04  -8.2541210000E-04   1.1969715000E-03   7.2243110000E-04
   13     -1.0829062000E-03   3.1739780000E-04   4.0178930000E-04  -7.3113160000E-04  -4.3344640000E-04
   14     -2.2047100000E-05  -5.8621950000E-04   1.6057510000E-04  -5.5763810000E-04  -2.5520107000E-03
   15      1.0662158000E-03   1.0656470000E-03  -9.4615120000E-04  -2.6689820000E-04  -1.0788269000E-03
   16     -1.2519676000E-03  -7.5080410000E-04   5.6011510000E-04  -1.3868024000E-03  -1.7632387000E-03
   17     -1.2574304000E-03  -3.9533985000E-03   2.3959850000E-04  -9.9717420000E-04   3.5487100000E-04
   18     -6.8683280000E-04   1.2290769000E-03  -4.0407220000E-04   3.1580790000E-04   2.4077410000E-04
   19      8.5922520000E-04   2.5549830000E-04   5.7794500000E-05   1.6505020000E-04  -4.7480330000E-04
   20     -6.7698120000E-04  -4.3701165000E-03   1.8925910000E-04   3.6683600000E-05  -5.9647280000E-04
   21     -7.0533790000E-04  -2.7583485000E-03   1.3319000000E-06  -4.9445510000E-04  -1.3728850000E-04
   22      6.2226280000E-04   1.8251821000E-03  -1.9548610000E-04  -8.5135900000E-05  -4.1572320000E-04
   23      9.1023700000E-05   9.6174863000E-03  -7.9683200000E-05  -2.2600060000E-04   5.1117090000E-04
   24     -1.2077976300E-01   1.8185665300E-02  -1.2989023000E-03  -2.2732686000E-03  -4.8980010000E-04
   25      2.6072160990E-01  -2.8904655800E-02  -2.8297339000E-03  -3.6268712000E-03   1.5786510000E-04
   26     -2.8904655800E-02   3.4392044800E-02  -6.0242030000E-04   7.8810100000E-05   4.9599257000E-03
   27     -2.8297339000E-03  -6.0242030000E-04   1.1653014790E-01  -1.2455673100E-01   6.9318475000E-03
   28     -3.6268712000E-03   7.8810100000E-05  -1.2455673100E-01   2.7886807270E-01  -2.4810268000E-03
   29      1.5786510000E-04   4.9599257000E-03   6.9318475000E-03  -2.4810268000E-03   1.7357223700E-02
   30      4.5059060000E-04  -4.4195400000E-05   1.3144903000E-03  -4.4300720000E-04   4.0723420000E-04
   31      3.3007690000E-04   3.1769140000E-04   7.4174430000E-04   6.3879120000E-04  -2.1320630000E-04
   32      2.6454160000E-04  -2.5016950000E-04   8.4773710000E-04  -3.5075800000E-05  -1.9092902000E-03
   33     -1.0196235000E-03   3.7946000000E-05  -4.5280038000E-03  -4.4396000000E-04  -5.0535500000E-04
   34      1.0666920000E-04   1.1373220000E-04   2.0273314000E-03   3.0450650000E-04  -1.2285547000E-03
   35      6.8006800000E-05   2.7366260000E-04  -4.0649415000E-03   3.5090660000E-04   4.6775754000E-03
   36     -3.7764580000E-04   1.3742550000E-04   6.0111060000E-04  -1.4057370000E-04  -4.6122200000E-05
   37      4.9466700000E-04  -7.7266660000E-04  -1.8451160000E-04   4.1040110000E-04   6.6778150000E-04
   38      1.6019550000E-04  -4.6845020000E-04  -3.1152600000E-05   2.5746880000E-04   6.3915550000E-04
   39     -1.2242260000E-04   4.0308430000E-04   1.1922040000E-04  -1.2144170000E-04  -4.5069600000E-05
   40      9.2621210000E-04  -1.1303166000E-03  -3.2182120000E-04   5.1286490000E-04   4.1469220000E-04
   41      2.3214800000E-04  -1.6134818000E-03   1.3518130000E-04  -2.4579190000E-04   1.1707830000E-04
   42     -7.1078300000E-05  -1.4534820000E-04  -3.9596550000E-04  -3.2843050000E-04  -5.6826200000E-04
   43      2.1864050000E-04  -6.8776020000E-04  -2.6485300000E-04   2.6401880000E-04   8.2752440000E-04
   44     -3.2721150000E-04   9.1007720000E-04   3.1148840000E-04  -5.0810340000E-04   5.9130900000E-05
   45     -3.2744530000E-04   2.0399550000E-04   5.0160630000E-04   1.4291950000E-04   6.4220500000E-05
   46     -2.6620500000E-05  -1.2176810000E-04  -1.8322850000E-04   9.6313850000E-04   3.9704380000E-04
   47      1.0396360000E-04  -3.4560510000E-04  -4.5617200000E-04   9.1654790000E-04   6.6501150000E-04
                   30                 31                 32                 33                 34        
    0     -7.9083610000E-04  -5.8614500000E-05  -3.6620060000E-04   9.5751280000E-04   1.2421500000E-05
    1     -9.5774120000E-04  -8.7419400000E-05  -3.5228520000E-04  -1.9924970000E-04   7.2597000000E-06
    2     -4.6789570000E-04  -2.3158600000E-04  -5.0733180000E-04  -3.6958650000E-04  -1.4307250000E-04
    3     -6.6176868000E-03  -1.3809456000E-03  -3.6139697000E-03   3.7406640000E-04  -3.2742850000E-03
    4      5.7747500000E-05   4.8125440000E-04   1.1479726000E-03   1.5933400000E-03   9.0665730000E-04
    5     -1.1179657000E-03   7.0657300000E-05   6.9830944000E-03  -4.7399620000E-04   8.6126050000E-04
    6     -1.5568148600E-02  -6.2802400000E-05  -6.3177767000E-03  -1.4469062700E-02   7.6461907000E-03
    7     -2.2345336100E-02   2.6588396000E-03  -9.5844639000E-03   2.4164968700E-02  -4.9265477000E-03
    8     -1.2955090000E-03  -9.0887170000E-04  -5.9888260000E-04   2.8844287000E-03   1.9602821000E-03
    9     -1.5718627550E-01  -1.2094895840E-01   1.1931800100E-02  -1.1587734360E-01   1.0386568030E-01
   10     -1.2126211200E-01  -1.7781516310E-01   1.2153027700E-02   1.0759398910E-01  -2.0091028000E-01
   11      8.7190933000E-03   9.7574319000E-03  -4.0620512800E-02   3.0610939600E-02  -4.9957617800E-02
   12     -2.4326389000E-03  -3.0888870000E-04   7.1477756000E-03  -3.9848118000E-03  -1.0062283000E-03
   13     -2.6614578000E-03  -1.9401281000E-03   7.5911856000E-03   2.4077318000E-03   3.0560210000E-04
   14      1.4790530000E-03  -4.0325200000E-04   7.4989500000E-04   5.1067368000E-03   8.8300160000E-04
   15     -4.1896240000E-04   9.2498550000E-04  -3.9494800000E-04   5.6279580000E-04   1.0929510000E-03
   16      7.3510800000E-05  -6.9352930000E-04  -4.1312420000E-04   3.0032190000E-04  -7.2297840000E-04
   17     -2.2130510000E-04  -6.4810300000E-04  -2.4786288000E-03   3.8411560000E-04  -2.1257990000E-04
   18     -1.1268123000E-03   1.2648860000E-04  -6.2370120000E-04   1.8228260000E-04   8.8076400000E-05
   19      1.3637820000E-04   2.6289490000E-04  -2.7184660000E-04  -2.6495050000E-04   2.9590190000E-04
   20      6.7289570000E-04   1.3926500000E-04  -1.0527870000E-03   3.1315470000E-04  -6.0047300000E-05
   21      1.7051410000E-04  -4.1684980000E-04  -6.1233710000E-04  -9.2362400000E-05  -4.6321310000E-04
   22      1.8659500000E-04   2.7425470000E-04  -5.4931200000E-05  -4.0836240000E-04   1.7274740000E-04
   23      2.3152280000E-04   3.2766200000E-05   9.6702260000E-04   3.3485700000E-04  -3.6281100000E-05
   24     -2.8223340000E-04  -3.1759620000E-04  -6.6854700000E-05  -5.9843130000E-04  -7.8387400000E-04
   25      4.5059060000E-04   3.3007690000E-04   2.6454160000E-04  -1.0196235000E-03   1.0666920000E-04
   26     -4.4195400000E-05   3.1769140000E-04  -2.5016950000E-04   3.7946000000E-05   1.1373220000E-04
   27      1.3144903000E-03   7.4174430000E-04   8.4773710000E-04  -4.5280038000E-03   2.0273314000E-03
   28     -4.4300720000E-04   6.3879120000E-04  -3.5075800000E-05  -4.4396000000E-04   3.0450650000E-04
   29      4.0723420000E-04  -2.1320630000E-04  -1.9092902000E-03  -5.0535500000E-04  -1.2285547000E-03
   30      1.7359240800E-01   1.3803204940E-01  -8.1419142000E-03   8.3077102000E-03   8.9853242000E-03
   31      1.3803204940E-01   2.1096224660E-01  -4.3448498000E-03  -1.6140568400E-02  -3.8337391800E-02
   32     -8.1419142000E-03  -4.3448498000E-03   3.4844479300E-02  -3.3942163000E-03  -6.8114099000E-03
   33      8.3077102000E-03  -1.6140568400E-02  -3.3942163000E-03   1.2809054750E-01  -1.1724129600E-01
   34      8.9853242000E-03  -3.8337391800E-02  -6.8114099000E-03  -1.1724129600E-01   2.4039413730E-01
   35     -1.5642200000E-04  -3.3952759000E-03   5.0566523000E-03  -3.4125553600E-02   5.5239295300E-02
   36      5.3699970000E-04  -6.0899790000E-04   7.4612700000E-04   6.9953100000E-05  -7.9355570000E-04
   37      1.2951400000E-05   8.8796690000E-04   1.0882720000E-04  -4.1531610000E-04   7.8590920000E-04
   38     -1.1600480000E-04   9.9249800000E-05   1.1352350000E-04  -2.4915410000E-04   1.9421420000E-04
   39     -8.9445000000E-05  -2.4486440000E-04   1.0292932000E-03   4.1456380000E-04  -3.1254900000E-04
   40     -8.4753000000E-05   9.3900400000E-04   1.2408370000E-04  -2.2133650000E-04   9.1274320000E-04
   41      8.4840000000E-06   9.6400000000E-05  -1.4298640000E-04  -1.1400640000E-04   8.5883700000E-05
   42     -3.8420140000E-04   6.3709900000E-04   8.6097890000E-04   8.6496850000E-04   6.3147660000E-04
   43     -6.0095480000E-04   3.0595400000E-04   2.5334590000E-04   1.4131250000E-04   9.3173280000E-04
   44      1.4593190000E-04  -1.2611650000E-04  -1.3642578000E-03  -6.0994820000E-04  -5.2204650000E-04
   45      9.7511800000E-04   2.6719400000E-05   9.6820670000E-04  -2.7438500000E-04  -4.7445100000E-04
   46      4.2021510000E-04   1.1323484000E-03   2.2500230000E-04   1.5299890000E-04  -2.2666870000E-04
   47     -1.0300320000E-04  -2.4220050000E-04   2.1017980000E-04   1.6963790000E-04  -3.6606000000E-04
                   35                 36                 37                 38                 39        
    0     -1.0212027000E-03   7.6649890000E-04  -2.4501850000E-04   2.0502356000E-03  -1.8441058000E-03
    1     -9.1903000000E-05  -2.7732760000E-04   1.2071560000E-04  -9.4262240000E-04   9.3844180000E-04
    2      7.9820900000E-04  -1.2848132000E-03   1.2452190000E-04  -3.5642975000E-03   1.3662570000E-03
    3      4.8067098000E-03  -2.8913709000E-03   4.2127600000E-04  -5.9225582000E-03   2.8022935000E-03
    4      2.5445525000E-03  -6.5360640000E-04  -1.0416073000E-03  -2.6583243000E-03   1.5271262000E-03
    5     -3.6080914000E-03   2.0784956000E-03  -8.9184340000E-04   3.0178910000E-03  -8.6380620000E-04
    6     -1.1540022200E-02   2.4037417000E-03  -4.8763620000E-04   8.3268138000E-03  -1.2536280000E-04
    7      8.9871901000E-03   3.3550958000E-03  -1.7815660000E-03   7.0254924000E-03  -1.8823982000E-03
    8     -4.6195740000E-04  -2.3992408000E-03   3.6306070000E-04  -2.1440844000E-03  -2.8154496000E-03
    9      3.6859667700E-02  -2.6576212000E-03  -1.1497204000E-03  -2.6436121000E-03  -1.3495739000E-03
   10     -5.4398661700E-02   1.5167197000E-03  -1.6030840000E-04   3.4002827000E-03  -5.9078190000E-04
   11     -4.1805357400E-02  -7.2899328000E-03   1.5447051000E-03  -1.3694995800E-02  -2.3612470000E-03
   12      1.0700930900E-02  -2.8826253000E-02  -9.1964249000E-03  -1.2170340200E-02  -9.6119195000E-03
   13     -6.2022251000E-03   3.6281829000E-03   3.8853494000E-03  -1.3297420600E-02  -2.6981710000E-02
   14     -1.4110870700E-02   2.0629229000E-02   3.6678332000E-03   1.2274194900E-02   8.0516305000E-03
   15     -4.2992559000E-03  -1.2839716900E-01   6.8968885100E-02   1.4378832400E-01  -3.5306780100E-02
   16     -1.1789988000E-03   6.7498236600E-02  -8.4227123000E-02  -7.3668216600E-02   6.7204431000E-03
   17     -6.8710080000E-04   1.1222277700E-01  -6.7875413200E-02  -1.3146655610E-01   1.0669512100E-02
   18     -6.0425170000E-04   1.6736290000E-04  -3.3854260000E-04   1.3719670000E-04   7.1595720000E-04
   19     -4.5509000000E-06   2.7722720000E-04   7.1709230000E-04   6.6503000000E-05  -2.0871110000E-04
   20      1.0373952000E-03  -5.3936750000E-04   8.0267100000E-05  -4.2001250000E-04  -6.7859810000E-04
   21     -4.6446410000E-04   6.4112240000E-04   6.9353800000E-05   3.1291600000E-05   2.5895710000E-04
   22      4.4063700000E-05   3.1932450000E-04   7.8034960000E-04   2.9412500000E-04  -1.6320340000E-04
   23      3.1914750000E-04  -6.8477980000E-04  -1.9095830000E-04   2.9537800000E-05  -7.0812970000E-04
   24      9.6363600000E-05  -1.4828530000E-04  -1.3296440000E-04   3.6074000000E-05   3.8675470000E-04
   25      6.8006800000E-05  -3.7764580000E-04   4.9466700000E-04   1.6019550000E-04  -1.2242260000E-04
   26      2.7366260000E-04   1.3742550000E-04  -7.7266660000E-04  -4.6845020000E-04   4.0308430000E-04
   27     -4.0649415000E-03   6.0111060000E-04  -1.8451160000E-04  -3.1152600000E-05   1.1922040000E-04
   28      3.5090660000E-04  -1.4057370000E-04   4.1040110000E-04   2.5746880000E-04  -1.2144170000E-04
   29      4.6775754000E-03  -4.6122200000E-05   6.6778150000E-04   6.3915550000E-04  -4.5069600000E-05
   30     -1.5642200000E-04   5.3699970000E-04   1.2951400000E-05  -1.1600480000E-04  -8.9445000000E-05
   31     -3.3952759000E-03  -6.0899790000E-04   8.8796690000E-04   9.9249800000E-05  -2.4486440000E-04
   32      5.0566523000E-03   7.4612700000E-04   1.0882720000E-04   1.1352350000E-04   1.0292932000E-03
   33     -3.4125553600E-02   6.9953100000E-05  -4.1531610000E-04  -2.4915410000E-04   4.1456380000E-04
   34      5.5239295300E-02  -7.9355570000E-04   7.8590920000E-04   1.9421420000E-04  -3.1254900000E-04
   35      4.8907395700E-02   1.3869433000E-03   1.6914110000E-04   7.6801150000E-04   5.1941180000E-04
   36      1.3869433000E-03   1.6297496030E-01  -8.1632344900E-02  -1.3233284710E-01  -1.0330940000E-03
   37      1.6914110000E-04  -8.1632344900E-02   1.0876968880E-01   7.9346372700E-02   2.5861115700E-02
   38      7.6801150000E-04  -1.3233284710E-01   7.9346372700E-02   1.2750142370E-01   8.1434390000E-04
