
$orca_hessian_file

$act_atom
  0

$act_coord
  0

$act_energy
      -21.358384

$multiplicity
  1

$hessian
48
                    0                  1                  2                  3                  4        
    0      7.3494601630E-01  -3.1267145000E-03  -1.4903123130E-01  -4.2312956710E-01   3.8526497600E-02
    1     -3.1267145000E-03   5.5685436890E-01  -2.5496717300E-02   1.5235911500E-02  -7.6838093100E-02
    2     -1.4903123130E-01  -2.5496717300E-02   9.6021212300E-02   8.8084576600E-02  -2.3925431200E-02
    3     -4.2312956710E-01   1.5235911500E-02   8.8084576600E-02   7.0683518460E-01  -1.4661874600E-02
    4      3.8526497600E-02  -7.6838093100E-02  -2.3925431200E-02  -1.4661874600E-02   6.0891253470E-01
    5      1.3452632530E-01   1.9379397000E-03  -4.0117790200E-02  -1.0586626540E-01   7.0667546000E-03
    6     -5.6145818200E-02  -2.7555040700E-02   4.3598910700E-02  -9.0889033500E-02  -9.1434117300E-02
    7     -2.7959216400E-02  -1.1021148000E-03   2.6416291500E-02  -9.0220777300E-02  -2.6480081990E-01
    8      1.4985715000E-03   6.0228910000E-03   4.8471387000E-03   1.0182181400E-02   7.6829702000E-03
    9      7.9699388000E-03  -3.0865644000E-03  -8.4294979000E-03  -5.5760431900E-02  -2.7511444600E-02
   10     -4.7680567000E-03  -3.0341068000E-03   7.2407828000E-03  -2.2020208700E-02   2.6351602000E-03
   11      1.1009442000E-02  -3.4574561000E-03  -2.7302270700E-02  -5.0818490700E-02  -3.0505452000E-02
   12      7.9777159000E-03  -4.2188245000E-03  -3.9904975300E-02  -4.5453266400E-02  -2.4258861700E-02
   13      4.0934512000E-03  -2.0349078000E-03  -1.9542768100E-02  -2.1619782400E-02  -8.2261896000E-03
   14     -7.6765708000E-03   1.2016622000E-03   2.7548582000E-02   2.7300617300E-02   2.0127441400E-02
   15     -1.2082067000E-02   4.2725378000E-03   5.3518607200E-02   4.4394520800E-02   2.0128739500E-02
   16     -2.8736149000E-03  -1.0017685400E-02   1.4537336900E-02   1.2633018500E-02   6.1336806000E-03
   17     -5.4685333000E-03   7.1269208000E-03   3.6526734200E-02   4.7130474800E-02   1.9202575900E-02
   18     -1.2981291570E-01  -1.2184247830E-01   1.3407441000E-02  -1.7328365400E-02  -2.3937178200E-02
   19     -1.2273287450E-01  -2.2054541440E-01   1.5987654000E-02  -8.6115670000E-04  -8.3429300000E-05
   20      8.9432728000E-03   1.1736046600E-02  -3.2906465200E-02   7.5044935000E-03   1.0577091700E-02
   21     -1.1101630720E-01   1.1416753840E-01   9.0894080000E-04  -1.6297682100E-02   2.6034770000E-02
   22      1.1335150440E-01  -2.4034333040E-01   4.4637804000E-03   6.3717148000E-03  -4.1831963000E-03
   23     -3.0002108000E-03   8.1825811000E-03  -2.9625816100E-02   8.8881144000E-03  -9.7390404000E-03
   24     -1.9204546600E-02   2.7263115900E-02   5.5634580000E-04  -1.0323021800E-01   1.0662994690E-01
   25      4.8092369000E-03  -3.1668149000E-03  -1.1717780000E-03   1.0687316370E-01  -2.3736244340E-01
   26      7.6631387000E-03  -6.1993516000E-03  -3.0897115000E-03  -9.1536328000E-03   6.7010177000E-03
   27      1.0046723000E-03  -1.8086425000E-03   3.8399070000E-04   7.2322525000E-03  -1.1086516100E-02
   28      1.1985799000E-03   5.0286770000E-04  -3.9987320000E-04   1.0328305800E-02  -2.6831579400E-02
   29      2.6690320000E-04  -7.2273400000E-05  -2.2002946000E-03  -1.4449818000E-03  -2.6005745000E-03
   30     -2.3721640000E-04  -6.8408290000E-04  -4.8255970000E-04  -5.3393244000E-03   1.0421000000E-05
   31      6.0881200000E-05   6.9366300000E-05  -4.2287140000E-04  -1.1042132000E-03   3.7792090000E-04
   32     -1.3288935000E-03  -1.4501403000E-03   3.3789600000E-05  -4.6847354000E-03   1.3547081000E-03
   33      4.3905270000E-04  -1.8542270000E-04  -9.0587310000E-04  -9.9314720000E-04   1.2822089000E-03
   34     -2.4355440000E-04  -1.9632530000E-04   1.7529530000E-04  -2.5036674000E-03   1.1486380000E-03
   35     -4.9295800000E-04   6.1043720000E-04   1.6373128000E-03   4.2540141000E-03   2.2240767000E-03
   36      6.8731440000E-04  -3.9170110000E-04  -3.3504043000E-03  -2.2051618000E-03  -7.1549110000E-04
   37     -9.7134400000E-05   7.9088520000E-04   2.2588760000E-04   6.1023640000E-04  -3.8595690000E-04
   38      1.8526166000E-03  -3.4493325000E-03  -1.3251712400E-02  -6.6646506000E-03  -3.1808174000E-03
   39     -3.6071040000E-04   1.9958574000E-03  -2.4320278000E-03  -5.9242860000E-04  -7.7595080000E-04
   40      4.6117460000E-04  -2.8012130000E-04   1.0286555000E-03   5.1040250000E-04   3.1387900000E-05
   41     -1.4882138000E-03   4.7392478000E-03  -8.4037041000E-03  -4.1152495000E-03  -6.3866100000E-05
   42     -7.9010270000E-04  -6.0424400000E-05   3.0578660000E-03   2.0326064000E-03   1.1208676000E-03
   43     -7.6074550000E-04   1.7902100000E-05   1.1465039000E-03   1.2683365000E-03   5.6228010000E-04
   44      2.0792345000E-03  -7.9386960000E-04  -7.1484030000E-03  -7.5352842000E-03  -3.9915236000E-03
   45     -2.4545920000E-04   2.4935000000E-05   1.0198906000E-03   7.2406210000E-04   6.4798280000E-04
   46      6.0585500000E-05  -6.7647610000E-04  -2.6274850000E-04  -8.3940930000E-04  -1.0898945000E-03
   47      6.4710700000E-04  -6.3858560000E-04  -2.5686018000E-03  -3.0611816000E-03  -9.2993100000E-04
                    5                  6                  7                  8                  9        
    0      1.3452632530E-01  -5.6145818200E-02  -2.7959216400E-02   1.4985715000E-03   7.9699388000E-03
    1      1.9379397000E-03  -2.7555040700E-02  -1.1021148000E-03   6.0228910000E-03  -3.0865644000E-03
    2     -4.0117790200E-02   4.3598910700E-02   2.6416291500E-02   4.8471387000E-03  -8.4294979000E-03
    3     -1.0586626540E-01  -9.0889033500E-02  -9.0220777300E-02   1.0182181400E-02  -5.5760431900E-02
    4      7.0667546000E-03  -9.1434117300E-02  -2.6480081990E-01   7.6829702000E-03  -2.7511444600E-02
    5      1.6471853260E-01  -5.9379095000E-03  -1.6619855000E-03  -3.6112326100E-02  -4.8269554000E-03
    6     -5.9379095000E-03   6.5992003620E-01  -2.0641087700E-02   1.3976168520E-01  -3.8188466820E-01
    7     -1.6619855000E-03  -2.0641087700E-02   6.1856382310E-01  -4.2861850400E-02   4.4784320800E-02
    8     -3.6112326100E-02   1.3976168520E-01  -4.2861850400E-02   1.9550589170E-01  -1.5386138180E-01
    9     -4.8269554000E-03  -3.8188466820E-01   4.4784320800E-02  -1.5386138180E-01   6.9946128680E-01
   10     -8.8341259000E-03   1.7580960100E-02  -8.1444473000E-02  -1.7363335000E-03  -3.2868485000E-03
   11      4.6925368000E-03  -1.0002190340E-01   2.7316266500E-02  -5.5659351300E-02   1.6904891230E-01
   12      3.4802282000E-03   4.3783835700E-02   1.4655892400E-02   3.0007649000E-02  -1.5782941500E-02
   13      4.0097403000E-03   1.8768167600E-02   9.5140600000E-03   1.6559873700E-02  -3.1818792000E-03
   14     -2.2354563600E-02  -5.5951236200E-02  -1.4994617800E-02  -5.4856391700E-02   7.1806115000E-03
   15     -2.6549276400E-02  -4.4883573200E-02  -2.3421404800E-02  -1.3291966000E-02   5.2518758000E-03
   16     -5.9726790000E-03  -1.7881505700E-02  -4.4699976000E-03  -2.1616512000E-03   1.5001474000E-03
   17     -3.8590289500E-02  -1.9223913100E-02  -1.3636630400E-02  -2.6791172000E-02   4.6977522000E-03
   18      4.2719899000E-03  -5.9222755000E-03   2.8504310000E-04   2.9945917000E-03  -1.5594370000E-04
   19      6.2944180000E-04  -1.2330738000E-03   6.5527440000E-04  -4.4432400000E-05   4.3812600000E-05
   20     -2.9610723000E-03   2.2657081000E-03  -1.9113296000E-03   8.5210006000E-03   1.9942020000E-03
   21      1.1736220000E-04   4.3470480000E-04   1.7361893000E-03  -1.2472903000E-03   1.2341890000E-04
   22     -1.2361188000E-03  -1.9621202000E-03   1.3492754000E-03   5.8879900000E-05  -2.4703230000E-04
   23     -7.8214440000E-04  -2.1287673000E-03  -8.7334280000E-04  -4.6483244000E-03  -1.6853860000E-04
   24     -8.6291970000E-04   7.1156271000E-03  -1.0260764400E-02   3.7157800000E-05   8.4785850000E-04
   25      4.8878135000E-03   1.0769764000E-02  -2.7402749600E-02   4.4532390000E-04   1.2253964000E-03
   26     -3.4012430000E-02   1.9809919000E-03   4.5600021000E-03   8.0733630000E-04  -5.8400550000E-04
   27      6.5323490000E-04  -1.0054192140E-01   1.0726105050E-01  -1.0358086000E-02  -1.6658822900E-02
   28      1.4666938000E-03   1.0727973290E-01  -2.4431015360E-01   1.3553236800E-02   4.0737722000E-03
   29      4.5345220000E-04  -3.8567224000E-03   1.1249971200E-02  -3.2991802500E-02  -7.6991360000E-03
   30     -4.0174433000E-03  -1.6989301700E-02  -2.2491585800E-02  -4.2234314000E-03  -1.3582542930E-01
   31     -7.9058300000E-05  -2.1465300000E-04   1.0658704000E-03  -3.6556530000E-04  -1.2366675400E-01
   32      7.5735605000E-03  -7.8414077000E-03  -1.1480474800E-02  -2.5015771000E-03  -1.2176031600E-02
   33      1.2874745000E-03  -1.3614459200E-02   2.5518548000E-02   4.7591120000E-04  -1.0732883500E-01
   34     -1.6637830000E-04   7.2287068000E-03  -5.4339535000E-03   2.2380534000E-03   1.0898281000E-01
   35     -4.4975170000E-03  -1.3822815400E-02   1.0983725000E-02  -3.2918072000E-03   7.6629910000E-03
   36      1.3774281000E-03   1.9603145000E-03   1.2776305000E-03  -2.3027660000E-04  -9.4288480000E-04
   37     -5.7752880000E-04  -7.7813030000E-04  -4.7118720000E-04   2.9055390000E-04  -5.7071630000E-04
   38      3.2179239000E-03   6.6572119000E-03   3.8628193000E-03   2.0292665000E-03  -8.8009250000E-04
   39      1.1366520000E-03   8.2346510000E-04   5.6589340000E-04  -2.0143530000E-04  -6.4611840000E-04
   40      8.8237400000E-05  -2.8325620000E-04  -5.2641280000E-04  -3.5777520000E-04  -9.6047900000E-05
   41     -4.5726310000E-04   4.2871490000E-03   9.6953360000E-04   6.2126160000E-04  -1.4134760000E-04
   42      7.7471600000E-04  -2.1206444000E-03  -4.8877940000E-04  -5.9026710000E-04   1.0371297000E-03
   43     -9.6992900000E-05  -1.1892646000E-03  -5.7852050000E-04  -2.9548500000E-04   6.7716590000E-04
   44      3.1033600000E-05   7.1332417000E-03   1.6526424000E-03   3.4318047000E-03  -2.7463027000E-03
   45      4.3535880000E-04  -1.0462882000E-03  -6.0095220000E-04  -9.5361320000E-04   2.9456710000E-04
   46     -1.4617536000E-03   1.5449180000E-03  -6.0792070000E-04   9.7131020000E-04   3.5986180000E-04
   47     -8.0164320000E-04   3.0997765000E-03   4.0897980000E-04   1.0890523000E-03   9.2882070000E-04
                   10                 11                 12                 13                 14        
    0     -4.7680567000E-03   1.1009442000E-02   7.9777159000E-03   4.0934512000E-03  -7.6765708000E-03
    1     -3.0341068000E-03  -3.4574561000E-03  -4.2188245000E-03  -2.0349078000E-03   1.2016622000E-03
    2      7.2407828000E-03  -2.7302270700E-02  -3.9904975300E-02  -1.9542768100E-02   2.7548582000E-02
    3     -2.2020208700E-02  -5.0818490700E-02  -4.5453266400E-02  -2.1619782400E-02   2.7300617300E-02
    4      2.6351602000E-03  -3.0505452000E-02  -2.4258861700E-02  -8.2261896000E-03   2.0127441400E-02
    5     -8.8341259000E-03   4.6925368000E-03   3.4802282000E-03   4.0097403000E-03  -2.2354563600E-02
    6      1.7580960100E-02  -1.0002190340E-01   4.3783835700E-02   1.8768167600E-02  -5.5951236200E-02
    7     -8.1444473000E-02   2.7316266500E-02   1.4655892400E-02   9.5140600000E-03  -1.4994617800E-02
    8     -1.7363335000E-03  -5.5659351300E-02   3.0007649000E-02   1.6559873700E-02  -5.4856391700E-02
    9     -3.2868485000E-03   1.6904891230E-01  -1.5782941500E-02  -3.1818792000E-03   7.1806115000E-03
   10      5.5034404450E-01   4.0838345800E-02   1.1863567800E-02  -8.7387079000E-03  -1.3985062600E-02
   11      4.0838345800E-02   1.0530847730E-01  -6.5389813200E-02  -2.5757118800E-02   5.5011529000E-02
   12      1.1863567800E-02  -6.5389813200E-02   5.4876428570E-01   2.0986578000E-03   1.7304426860E-01
   13     -8.7387079000E-03  -2.5757118800E-02   2.0986578000E-03   3.0659621210E-01  -6.0189604000E-03
   14     -1.3985062600E-02   5.5011529000E-02   1.7304426860E-01  -6.0189604000E-03   1.4281878970E-01
   15     -1.1527733800E-02   5.0647016600E-02  -2.7798136010E-01  -8.8197927400E-02  -4.4390036800E-02
   16     -4.9111688000E-03   1.9802871100E-02  -1.0323655060E-01  -1.1619634480E-01  -1.9068730400E-02
   17     -3.2650807000E-03   2.2456270300E-02   4.5950823700E-02   1.6278921500E-02  -5.9579788700E-02
   18     -8.7496910000E-04   8.4323790000E-04   4.4320530000E-04   2.2431960000E-04  -6.2600640000E-04
   19     -8.7917800000E-05   5.7999680000E-04   8.2114800000E-04   6.0652100000E-05   3.9501700000E-05
   20      1.3084981000E-03   6.4367280000E-04   5.7464470000E-04   9.1889870000E-04  -1.3446702000E-03
   21     -1.2406290000E-04   3.5491970000E-04  -9.9212000000E-06   5.3738650000E-04  -3.2640760000E-04
   22     -2.8168410000E-04  -2.7269230000E-04  -9.0598000000E-05  -6.8714600000E-05   1.4014000000E-06
   23     -4.4128670000E-04   6.4455580000E-04   1.1546108000E-03   2.1850420000E-04  -5.9164980000E-04
   24     -2.5133710000E-03  -4.1805860000E-04  -8.7636270000E-04  -1.9545620000E-04   3.0554590000E-04
   25      4.9130390000E-04   5.0456030000E-04  -5.8372600000E-05  -1.1296166000E-03   2.3182610000E-04
   26     -1.5767260000E-04  -2.8581818000E-03  -1.2665930000E-03  -1.3832080000E-04   1.0504716000E-03
   27      2.5636331600E-02  -1.3159435000E-03  -1.1674480000E-04   8.5143260000E-04  -5.8379300000E-04
   28     -2.9284927000E-03   1.3484305000E-03   8.2674620000E-04  -8.8798150000E-04  -5.4277100000E-05
   29      8.6952699000E-03  -2.9068746000E-03  -1.2296348000E-03  -9.9342230000E-04   1.2500494000E-03
   30     -1.2260480250E-01  -1.6635343800E-02  -1.8624831000E-03  -2.4798178000E-03   6.7006820000E-04
   31     -2.1088388530E-01  -1.9000223100E-02  -4.0959500000E-04  -1.6792863000E-03   3.2386720000E-04
   32     -1.5029006400E-02  -3.6467604700E-02   3.1728548000E-03   3.7519127000E-03   4.5559210000E-04
   33      1.1114990640E-01   1.5112290000E-04  -3.7745187000E-03   1.4500911000E-03   3.5442900000E-03
   34     -2.3779023380E-01  -1.1360581200E-02   3.6976300000E-05  -5.9588190000E-04   8.1863200000E-05
   35     -1.6240086200E-02  -2.5863545700E-02   7.3731957000E-03  -2.2392051000E-03  -7.8033674000E-03
   36      6.4703290000E-04  -3.2718859000E-03  -3.0310280300E-02   7.8342368000E-03   7.6082013000E-03
   37     -5.5891420000E-04   8.1004260000E-04  -9.6155620000E-03   6.1569728000E-03   1.5656237000E-03
   38      1.9560933000E-03  -8.0455350000E-03  -1.1966334800E-02  -7.9749350000E-03   6.4200883000E-03
   39     -2.1172490000E-04  -1.0810224000E-03  -5.9452769000E-03  -2.7180618600E-02   8.9597890000E-04
   40     -2.2669720000E-04   1.0602530000E-04  -4.4472570000E-03  -1.7542525800E-02  -6.6987270000E-04
   41      1.0828505000E-03  -4.8414219000E-03  -7.0653763000E-03  -1.1564242000E-03   4.4209022000E-03
   42     -7.2436760000E-04   3.9582978000E-03  -2.0032921270E-01   1.0099863840E-01  -1.0863889430E-01
   43     -4.3213000000E-05   2.4381625000E-03   1.0664014590E-01  -8.1963101500E-02   5.5654275700E-02
   44      5.4417645000E-03  -1.5948399800E-02  -1.3290706040E-01   5.4518308600E-02  -6.9694072700E-02
   45      1.7783468000E-03   2.9395123000E-03  -1.8526674200E-02   5.9991001000E-03  -2.3566364000E-03
   46     -2.5410139000E-03  -3.3911779000E-03   9.3924871000E-03  -8.3264638700E-02  -2.4435941700E-02
   47     -6.8749500000E-03  -8.8638565000E-03  -5.0284878000E-03  -3.2435005000E-02  -2.2751500100E-02
                   15                 16                 17                 18                 19        
    0     -1.2082067000E-02  -2.8736149000E-03  -5.4685333000E-03  -1.2981291570E-01  -1.2273287450E-01
    1      4.2725378000E-03  -1.0017685400E-02   7.1269208000E-03  -1.2184247830E-01  -2.2054541440E-01
    2      5.3518607200E-02   1.4537336900E-02   3.6526734200E-02   1.3407441000E-02   1.5987654000E-02
    3      4.4394520800E-02   1.2633018500E-02   4.7130474800E-02  -1.7328365400E-02  -8.6115670000E-04
    4      2.0128739500E-02   6.1336806000E-03   1.9202575900E-02  -2.3937178200E-02  -8.3429300000E-05
    5     -2.6549276400E-02  -5.9726790000E-03  -3.8590289500E-02   4.2719899000E-03   6.2944180000E-04
    6     -4.4883573200E-02  -1.7881505700E-02  -1.9223913100E-02  -5.9222755000E-03  -1.2330738000E-03
    7     -2.3421404800E-02  -4.4699976000E-03  -1.3636630400E-02   2.8504310000E-04   6.5527440000E-04
    8     -1.3291966000E-02  -2.1616512000E-03  -2.6791172000E-02   2.9945917000E-03  -4.4432400000E-05
    9      5.2518758000E-03   1.5001474000E-03   4.6977522000E-03  -1.5594370000E-04   4.3812600000E-05
   10     -1.1527733800E-02  -4.9111688000E-03  -3.2650807000E-03  -8.7496910000E-04  -8.7917800000E-05
   11      5.0647016600E-02   1.9802871100E-02   2.2456270300E-02   8.4323790000E-04   5.7999680000E-04
   12     -2.7798136010E-01  -1.0323655060E-01   4.5950823700E-02   4.4320530000E-04   8.2114800000E-04
   13     -8.8197927400E-02  -1.1619634480E-01   1.6278921500E-02   2.2431960000E-04   6.0652100000E-05
   14     -4.4390036800E-02  -1.9068730400E-02  -5.9579788700E-02  -6.2600640000E-04   3.9501700000E-05
   15      5.6861801120E-01   2.8735166900E-02  -1.5624831050E-01  -1.1643632000E-03  -2.9284520000E-04
   16      2.8735166900E-02   5.6036875470E-01   1.4629343100E-02  -1.3946477000E-03  -4.5326560000E-04
   17     -1.5624831050E-01   1.4629343100E-02   1.4035428850E-01  -5.9955280000E-04  -6.0269050000E-04
   18     -1.1643632000E-03  -1.3946477000E-03  -5.9955280000E-04   1.4607912280E-01   1.3698675120E-01
   19     -2.9284520000E-04  -4.5326560000E-04  -6.0269050000E-04   1.3698675120E-01   2.4329479020E-01
   20     -2.5125891000E-03  -2.5631996000E-03   4.1088630000E-04  -1.8008438100E-02  -1.9339885200E-02
   21     -1.3746935000E-03   1.0646815000E-03  -9.0486650000E-04   7.0599473000E-03  -1.3497184500E-02
   22     -4.7634700000E-05  -2.8253830000E-04   2.7721250000E-04   1.0969878900E-02  -2.5753417400E-02
   23     -2.7821761000E-03   2.1296238000E-03  -2.4157624000E-03  -5.6191890000E-04   2.9625644000E-03
   24      2.7699240000E-04   4.9035080000E-04   3.8788310000E-04   7.9392910000E-04   7.9118940000E-04
   25      7.4555060000E-04  -3.4630940000E-04  -3.3565600000E-05  -7.6817270000E-04   1.0455351000E-03
   26      2.3007115000E-03  -7.1759900000E-05   9.6093410000E-04  -8.2286390000E-04  -7.6867400000E-05
   27     -5.5771530000E-04   7.1380900000E-05  -6.5334600000E-05  -1.2449000000E-04   1.3807400000E-04
   28     -2.6313770000E-04  -7.8506520000E-04  -6.6762090000E-04   2.8307090000E-04   4.9104580000E-04
   29      9.0060990000E-04   6.2544300000E-05   8.4286530000E-04   3.2014000000E-06  -8.3555900000E-05
   30     -1.1073770000E-04  -1.1797060000E-04   3.2870020000E-04  -6.8513700000E-05   5.7287200000E-05
   31      4.7467980000E-04  -2.3997400000E-04  -2.7484770000E-04   6.4654500000E-05   1.9708490000E-04
   32      4.6013990000E-04  -9.8896500000E-05  -1.3037043000E-03  -9.5572490000E-04  -2.2345080000E-04
   33      1.0051414000E-03   4.6876590000E-04   6.9978800000E-04   1.0025050000E-04  -9.4328300000E-05
   34      2.7793120000E-04   1.6080620000E-04   8.9346800000E-05  -7.7900100000E-05   1.7361860000E-04
   35     -2.8913721000E-03  -1.0258251000E-03  -1.5541185000E-03   9.0517200000E-05  -5.0558600000E-05
   36     -2.0495235420E-01   1.0336708930E-01   9.0959128700E-02   3.5536600000E-05   2.4855100000E-05
   37      1.0216687900E-01  -1.0258058630E-01  -4.9909925900E-02  -4.8719400000E-05  -8.8006600000E-05
   38      1.1017586860E-01  -4.7389115800E-02  -5.6891620900E-02   1.9550800000E-05  -7.4442800000E-05
   39     -4.0157860300E-02  -5.8457768000E-03   7.0148703000E-03  -1.9837440000E-04   4.1399800000E-05
   40     -7.3626104000E-03  -3.0200569180E-01   1.8668003300E-02   3.2888500000E-05   4.9586060000E-04
   41      1.3342431300E-02   2.5000691100E-02  -2.1659107700E-02  -2.7025960000E-04   2.5260360000E-04
   42     -3.2278458000E-02   6.0225581000E-03  -8.1795840000E-03   3.0791240000E-04  -3.2987260000E-04
   43     -1.2320031500E-02   3.6275011000E-03  -2.6041913000E-03   3.8377100000E-05   1.4967640000E-04
   44      1.5952199700E-02   7.5035949000E-03   5.3859304000E-03   1.7925630000E-04   6.1316000000E-05
   45     -4.0033592000E-03  -2.3003092900E-02  -6.4793261000E-03  -4.4662300000E-05   1.3681840000E-04
   46     -1.3368159400E-02  -2.8002115300E-02  -5.2777709000E-03   5.9082000000E-05   4.4791300000E-04
   47      1.3681423000E-03  -5.3141478000E-03   1.8476546000E-03   3.4978600000E-05  -1.7194700000E-05
                   20                 21                 22                 23                 24        
    0      8.9432728000E-03  -1.1101630720E-01   1.1335150440E-01  -3.0002108000E-03  -1.9204546600E-02
    1      1.1736046600E-02   1.1416753840E-01  -2.4034333040E-01   8.1825811000E-03   2.7263115900E-02
    2     -3.2906465200E-02   9.0894080000E-04   4.4637804000E-03  -2.9625816100E-02   5.5634580000E-04
    3      7.5044935000E-03  -1.6297682100E-02   6.3717148000E-03   8.8881144000E-03  -1.0323021800E-01
    4      1.0577091700E-02   2.6034770000E-02  -4.1831963000E-03  -9.7390404000E-03   1.0662994690E-01
    5     -2.9610723000E-03   1.1736220000E-04  -1.2361188000E-03  -7.8214440000E-04  -8.6291970000E-04
    6      2.2657081000E-03   4.3470480000E-04  -1.9621202000E-03  -2.1287673000E-03   7.1156271000E-03
    7     -1.9113296000E-03   1.7361893000E-03   1.3492754000E-03  -8.7334280000E-04  -1.0260764400E-02
    8      8.5210006000E-03  -1.2472903000E-03   5.8879900000E-05  -4.6483244000E-03   3.7157800000E-05
    9      1.9942020000E-03   1.2341890000E-04  -2.4703230000E-04  -1.6853860000E-04   8.4785850000E-04
   10      1.3084981000E-03  -1.2406290000E-04  -2.8168410000E-04  -4.4128670000E-04  -2.5133710000E-03
   11      6.4367280000E-04   3.5491970000E-04  -2.7269230000E-04   6.4455580000E-04  -4.1805860000E-04
   12      5.7464470000E-04  -9.9212000000E-06  -9.0598000000E-05   1.1546108000E-03  -8.7636270000E-04
   13      9.1889870000E-04   5.3738650000E-04  -6.8714600000E-05   2.1850420000E-04  -1.9545620000E-04
   14     -1.3446702000E-03  -3.2640760000E-04   1.4014000000E-06  -5.9164980000E-04   3.0554590000E-04
   15     -2.5125891000E-03  -1.3746935000E-03  -4.7634700000E-05  -2.7821761000E-03   2.7699240000E-04
   16     -2.5631996000E-03   1.0646815000E-03  -2.8253830000E-04   2.1296238000E-03   4.9035080000E-04
   17      4.1088630000E-04  -9.0486650000E-04   2.7721250000E-04  -2.4157624000E-03   3.8788310000E-04
   18     -1.8008438100E-02   7.0599473000E-03   1.0969878900E-02  -5.6191890000E-04   7.9392910000E-04
   19     -1.9339885200E-02  -1.3497184500E-02  -2.5753417400E-02   2.9625644000E-03   7.9118940000E-04
   20      2.8022617100E-02   8.6175990000E-04   3.8406570000E-04   3.1233229000E-03  -1.2195473000E-03
   21      8.6175990000E-04   1.2504658220E-01  -1.2809078790E-01  -3.4466196000E-03  -4.1076855000E-03
   22      3.8406570000E-04  -1.2809078790E-01   2.6692153400E-01  -3.9098206000E-03   7.0003870000E-04
   23      3.1233229000E-03  -3.4466196000E-03  -3.9098206000E-03   2.6558084900E-02   4.1740457000E-03
   24     -1.2195473000E-03  -4.1076855000E-03   7.0003870000E-04   4.1740457000E-03   1.2070083120E-01
   25     -1.2414980000E-04   5.8234100000E-05   9.5997020000E-04   4.7879320000E-04  -1.1973300460E-01
   26     -3.3076254000E-03   3.6509068000E-03   2.4205320000E-04   8.2652137000E-03  -3.4374584000E-03
   27      8.7374600000E-05  -5.5620080000E-04  -2.7505930000E-04  -1.7975300000E-05  -1.5921751000E-03
   28     -3.6069380000E-04  -9.4201280000E-04   3.1333300000E-04   2.7955180000E-04  -2.4274146000E-03
   29     -1.6161830000E-04   2.4130740000E-04   8.4142700000E-05   2.0327120000E-04   3.5007610000E-04
   30      1.0424984000E-03   8.8211200000E-05  -7.5547100000E-05  -1.5372380000E-04  -8.3839200000E-05
   31      1.7170780000E-04  -9.5458300000E-05   1.8248740000E-04   6.4664200000E-05   4.9845600000E-05
   32     -3.6725020000E-04  -2.0763700000E-05   1.8283300000E-05   4.2135110000E-04  -5.5337100000E-05
   33      6.4697000000E-06   2.2414220000E-04  -2.4887500000E-04   7.3684000000E-06  -7.8307480000E-04
   34      4.3672000000E-06  -2.6732840000E-04   5.9619000000E-06  -4.9379000000E-06  -4.6559810000E-04
   35      4.0295930000E-04  -2.3660000000E-07  -1.5894800000E-05   1.0880730000E-04   1.6538420000E-04
   36     -3.2761910000E-04   2.8918530000E-04  -1.6281700000E-05  -9.5186360000E-04  -6.3387900000E-05
   37     -1.6237190000E-04  -2.3681000000E-05   5.1683560000E-04   4.6948220000E-04  -2.0452480000E-04
   38     -1.7917620000E-04  -1.0733550000E-04   2.0054640000E-04  -5.1034300000E-04  -2.9954640000E-04
   39     -5.3587380000E-04  -1.6606460000E-04  -6.7974500000E-05  -3.8507220000E-04   3.7000000000E-05
   40     -2.9649480000E-04  -1.2067010000E-04   1.3327650000E-04  -1.5701800000E-05  -1.6181450000E-04
   41      4.7037900000E-05  -1.8981720000E-04  -1.8014870000E-04  -9.6429860000E-04   3.5786470000E-04
   42     -4.8165830000E-04   7.7950500000E-05  -4.4313470000E-04  -5.4486270000E-04   3.3884470000E-04
   43     -2.7195470000E-04  -1.2001980000E-04   2.1342400000E-05  -3.8598000000E-06   3.5470900000E-05
   44      1.0576150000E-04   2.0667950000E-04  -2.3507990000E-04  -1.2733120000E-04  -4.3648400000E-05
   45     -1.9469790000E-04   1.8441240000E-04   1.7190880000E-04  -8.2410300000E-05  -1.6979340000E-04
   46     -7.0596500000E-05  -3.1759410000E-04   5.0886460000E-04   2.0222520000E-04   1.9900000000E-06
   47     -4.9380700000E-05  -9.8539300000E-05   1.1938930000E-04   3.4106300000E-04   2.2127000000E-06
                   25                 26                 27                 28                 29        
    0      4.8092369000E-03   7.6631387000E-03   1.0046723000E-03   1.1985799000E-03   2.6690320000E-04
    1     -3.1668149000E-03  -6.1993516000E-03  -1.8086425000E-03   5.0286770000E-04  -7.2273400000E-05
    2     -1.1717780000E-03  -3.0897115000E-03   3.8399070000E-04  -3.9987320000E-04  -2.2002946000E-03
    3      1.0687316370E-01  -9.1536328000E-03   7.2322525000E-03   1.0328305800E-02  -1.4449818000E-03
    4     -2.3736244340E-01   6.7010177000E-03  -1.1086516100E-02  -2.6831579400E-02  -2.6005745000E-03
    5      4.8878135000E-03  -3.4012430000E-02   6.5323490000E-04   1.4666938000E-03   4.5345220000E-04
    6      1.0769764000E-02   1.9809919000E-03  -1.0054192140E-01   1.0727973290E-01  -3.8567224000E-03
    7     -2.7402749600E-02   4.5600021000E-03   1.0726105050E-01  -2.4431015360E-01   1.1249971200E-02
    8      4.4532390000E-04   8.0733630000E-04  -1.0358086000E-02   1.3553236800E-02  -3.2991802500E-02
    9      1.2253964000E-03  -5.8400550000E-04  -1.6658822900E-02   4.0737722000E-03  -7.6991360000E-03
   10      4.9130390000E-04  -1.5767260000E-04   2.5636331600E-02  -2.9284927000E-03   8.6952699000E-03
   11      5.0456030000E-04  -2.8581818000E-03  -1.3159435000E-03   1.3484305000E-03  -2.9068746000E-03
   12     -5.8372600000E-05  -1.2665930000E-03  -1.1674480000E-04   8.2674620000E-04  -1.2296348000E-03
   13     -1.1296166000E-03  -1.3832080000E-04   8.5143260000E-04  -8.8798150000E-04  -9.9342230000E-04
   14      2.3182610000E-04   1.0504716000E-03  -5.8379300000E-04  -5.4277100000E-05   1.2500494000E-03
   15      7.4555060000E-04   2.3007115000E-03  -5.5771530000E-04  -2.6313770000E-04   9.0060990000E-04
   16     -3.4630940000E-04  -7.1759900000E-05   7.1380900000E-05  -7.8506520000E-04   6.2544300000E-05
   17     -3.3565600000E-05   9.6093410000E-04  -6.5334600000E-05  -6.6762090000E-04   8.4286530000E-04
   18     -7.6817270000E-04  -8.2286390000E-04  -1.2449000000E-04   2.8307090000E-04   3.2014000000E-06
   19      1.0455351000E-03  -7.6867400000E-05   1.3807400000E-04   4.9104580000E-04  -8.3555900000E-05
   20     -1.2414980000E-04  -3.3076254000E-03   8.7374600000E-05  -3.6069380000E-04  -1.6161830000E-04
   21      5.8234100000E-05   3.6509068000E-03  -5.5620080000E-04  -9.4201280000E-04   2.4130740000E-04
   22      9.5997020000E-04   2.4205320000E-04  -2.7505930000E-04   3.1333300000E-04   8.4142700000E-05
   23      4.7879320000E-04   8.2652137000E-03  -1.7975300000E-05   2.7955180000E-04   2.0327120000E-04
   24     -1.1973300460E-01  -3.4374584000E-03  -1.5921751000E-03  -2.4274146000E-03   3.5007610000E-04
   25      2.6857245190E-01  -4.7604906000E-03  -2.6470936000E-03  -3.5026285000E-03  -6.3537380000E-04
   26     -4.7604906000E-03   2.7985531700E-02  -6.0727780000E-04   9.8798980000E-04   5.3803942000E-03
   27     -2.6470936000E-03  -6.0727780000E-04   1.1436377960E-01  -1.1921011630E-01   1.5520139900E-02
   28     -3.5026285000E-03   9.8798980000E-04  -1.1921011630E-01   2.7470125940E-01  -1.6432836500E-02
   29     -6.3537380000E-04   5.3803942000E-03   1.5520139900E-02  -1.6432836500E-02   2.6407262700E-02
   30      2.7414860000E-04  -1.9747200000E-05   6.3072040000E-04  -5.9479490000E-04   9.9449600000E-04
   31      5.7153580000E-04   2.7837000000E-05   7.6939140000E-04   8.7188130000E-04   1.0481380000E-04
   32      5.0390950000E-04  -2.2168480000E-04   1.3845252000E-03  -2.6885750000E-04  -2.7684109000E-03
   33     -1.1395099000E-03  -2.5175280000E-04  -3.5227787000E-03  -2.4886930000E-04  -3.7397292000E-03
   34      3.7136100000E-04  -2.5069400000E-04   1.1425987000E-03   7.1772300000E-04  -4.1975090000E-04
   35     -3.4047140000E-04   3.8230370000E-04  -5.2841131000E-03   2.8437050000E-04   6.7559960000E-03
   36     -2.0999510000E-04   5.7044900000E-05   2.8702830000E-04  -1.3385180000E-04  -6.7221200000E-05
   37      1.8698640000E-04  -2.6395040000E-04  -9.1052500000E-05   2.6905500000E-04   3.0132100000E-04
   38      1.4922330000E-04  -4.8666200000E-04   6.9366700000E-05   1.5794170000E-04  -1.0897880000E-04
   39     -6.0110000000E-07   3.9842880000E-04  -4.0131300000E-05   3.4982600000E-05  -4.5316400000E-05
   40      5.0927380000E-04  -2.8014330000E-04  -9.7004400000E-05   2.2999120000E-04   5.8050400000E-05
   41      1.7777900000E-05  -7.0890030000E-04   5.4025000000E-06  -1.1255770000E-04  -4.0214800000E-05
   42     -9.8271400000E-05   6.4466900000E-05  -8.9592000000E-06  -1.9735780000E-04  -1.9767490000E-04
   43      2.4794320000E-04  -3.7005800000E-04  -2.5823200000E-04   1.5763690000E-04   4.9538330000E-04
   44     -2.5249280000E-04   1.4476400000E-05   2.9847780000E-04  -3.2457930000E-04  -2.3123300000E-04
   45     -1.0047340000E-04   2.7642000000E-05   2.0148640000E-04  -7.6352000000E-06   3.6826000000E-06
   46     -4.5798800000E-05   5.0408900000E-05  -3.9654280000E-04   9.9110750000E-04   1.8629060000E-04
   47      9.9094500000E-05  -1.6146590000E-04  -1.6998900000E-04   5.4308110000E-04   1.1613650000E-04
                   30                 31                 32                 33                 34        
    0     -2.3721640000E-04   6.0881200000E-05  -1.3288935000E-03   4.3905270000E-04  -2.4355440000E-04
    1     -6.8408290000E-04   6.9366300000E-05  -1.4501403000E-03  -1.8542270000E-04  -1.9632530000E-04
    2     -4.8255970000E-04  -4.2287140000E-04   3.3789600000E-05  -9.0587310000E-04   1.7529530000E-04
    3     -5.3393244000E-03  -1.1042132000E-03  -4.6847354000E-03  -9.9314720000E-04  -2.5036674000E-03
    4      1.0421000000E-05   3.7792090000E-04   1.3547081000E-03   1.2822089000E-03   1.1486380000E-03
    5     -4.0174433000E-03  -7.9058300000E-05   7.5735605000E-03   1.2874745000E-03  -1.6637830000E-04
    6     -1.6989301700E-02  -2.1465300000E-04  -7.8414077000E-03  -1.3614459200E-02   7.2287068000E-03
    7     -2.2491585800E-02   1.0658704000E-03  -1.1480474800E-02   2.5518548000E-02  -5.4339535000E-03
    8     -4.2234314000E-03  -3.6556530000E-04  -2.5015771000E-03   4.7591120000E-04   2.2380534000E-03
    9     -1.3582542930E-01  -1.2366675400E-01  -1.2176031600E-02  -1.0732883500E-01   1.0898281000E-01
   10     -1.2260480250E-01  -2.1088388530E-01  -1.5029006400E-02   1.1114990640E-01  -2.3779023380E-01
   11     -1.6635343800E-02  -1.9000223100E-02  -3.6467604700E-02   1.5112290000E-04  -1.1360581200E-02
   12     -1.8624831000E-03  -4.0959500000E-04   3.1728548000E-03  -3.7745187000E-03   3.6976300000E-05
   13     -2.4798178000E-03  -1.6792863000E-03   3.7519127000E-03   1.4500911000E-03  -5.9588190000E-04
   14      6.7006820000E-04   3.2386720000E-04   4.5559210000E-04   3.5442900000E-03   8.1863200000E-05
   15     -1.1073770000E-04   4.7467980000E-04   4.6013990000E-04   1.0051414000E-03   2.7793120000E-04
   16     -1.1797060000E-04  -2.3997400000E-04  -9.8896500000E-05   4.6876590000E-04   1.6080620000E-04
   17      3.2870020000E-04  -2.7484770000E-04  -1.3037043000E-03   6.9978800000E-04   8.9346800000E-05
   18     -6.8513700000E-05   6.4654500000E-05  -9.5572490000E-04   1.0025050000E-04  -7.7900100000E-05
   19      5.7287200000E-05   1.9708490000E-04  -2.2345080000E-04  -9.4328300000E-05   1.7361860000E-04
   20      1.0424984000E-03   1.7170780000E-04  -3.6725020000E-04   6.4697000000E-06   4.3672000000E-06
   21      8.8211200000E-05  -9.5458300000E-05  -2.0763700000E-05   2.2414220000E-04  -2.6732840000E-04
   22     -7.5547100000E-05   1.8248740000E-04   1.8283300000E-05  -2.4887500000E-04   5.9619000000E-06
   23     -1.5372380000E-04   6.4664200000E-05   4.2135110000E-04   7.3684000000E-06  -4.9379000000E-06
   24     -8.3839200000E-05   4.9845600000E-05  -5.5337100000E-05  -7.8307480000E-04  -4.6559810000E-04
   25      2.7414860000E-04   5.7153580000E-04   5.0390950000E-04  -1.1395099000E-03   3.7136100000E-04
   26     -1.9747200000E-05   2.7837000000E-05  -2.2168480000E-04  -2.5175280000E-04  -2.5069400000E-04
   27      6.3072040000E-04   7.6939140000E-04   1.3845252000E-03  -3.5227787000E-03   1.1425987000E-03
   28     -5.9479490000E-04   8.7188130000E-04  -2.6885750000E-04  -2.4886930000E-04   7.1772300000E-04
   29      9.9449600000E-04   1.0481380000E-04  -2.7684109000E-03  -3.7397292000E-03  -4.1975090000E-04
   30      1.5236357560E-01   1.3786097320E-01   2.1305051700E-02   7.2525441000E-03   1.0513479000E-02
   31      1.3786097320E-01   2.3366897960E-01   2.2954113300E-02  -1.4009789500E-02  -2.6076502900E-02
   32      2.1305051700E-02   2.2954113300E-02   3.3444645600E-02  -1.1067220000E-03  -8.5138000000E-04
   33      7.2525441000E-03  -1.4009789500E-02  -1.1067220000E-03   1.2039654060E-01  -1.2404050810E-01
   34      1.0513479000E-02  -2.6076502900E-02  -8.5138000000E-04  -1.2404050810E-01   2.6634106990E-01
   35      6.8158720000E-04  -3.3123726000E-03   2.8006052000E-03  -9.7475400000E-05   1.0744072100E-02
   36      1.5635800000E-04  -1.3466950000E-04   3.4502490000E-04   8.2448300000E-05  -3.1312280000E-04
   37     -8.3636900000E-05   3.4142260000E-04   2.9231570000E-04  -1.5103870000E-04   1.8245040000E-04
   38     -1.8974900000E-05  -2.7658700000E-05  -7.7839700000E-05  -2.4690350000E-04   7.8803100000E-05
   39     -2.0968700000E-05  -2.0957000000E-05   2.6233640000E-04  -9.4937000000E-06  -1.3249800000E-04
   40      2.8404600000E-05   3.1107010000E-04   4.3674500000E-05  -1.3241650000E-04   2.9366860000E-04
   41     -3.3990800000E-05  -6.7187000000E-06  -1.0624230000E-04  -5.7660000000E-05   1.0595410000E-04
   42     -6.2988700000E-05   1.5734710000E-04   4.6349180000E-04   5.5726090000E-04  -4.7362000000E-06
   43     -2.7306570000E-04   1.5094700000E-05   2.8426440000E-04   9.6121000000E-05   8.7832060000E-04
   44      1.8427090000E-04   2.9193600000E-05  -5.1892120000E-04  -2.3773400000E-04  -5.9839700000E-05
   45      1.0939350000E-04   2.1831680000E-04   7.7619110000E-04  -3.1073400000E-05  -1.3358850000E-04
   46      6.6059060000E-04   1.2069345000E-03   1.9902490000E-04   2.8511670000E-04  -1.8072090000E-04
   47      3.7854260000E-04  -1.8688110000E-04  -3.9630910000E-04   4.7142550000E-04  -4.0419310000E-04
                   35                 36                 37                 38                 39        
    0     -4.9295800000E-04   6.8731440000E-04  -9.7134400000E-05   1.8526166000E-03  -3.6071040000E-04
    1      6.1043720000E-04  -3.9170110000E-04   7.9088520000E-04  -3.4493325000E-03   1.9958574000E-03
    2      1.6373128000E-03  -3.3504043000E-03   2.2588760000E-04  -1.3251712400E-02  -2.4320278000E-03
    3      4.2540141000E-03  -2.2051618000E-03   6.1023640000E-04  -6.6646506000E-03  -5.9242860000E-04
    4      2.2240767000E-03  -7.1549110000E-04  -3.8595690000E-04  -3.1808174000E-03  -7.7595080000E-04
    5     -4.4975170000E-03   1.3774281000E-03  -5.7752880000E-04   3.2179239000E-03   1.1366520000E-03
    6     -1.3822815400E-02   1.9603145000E-03  -7.7813030000E-04   6.6572119000E-03   8.2346510000E-04
    7      1.0983725000E-02   1.2776305000E-03  -4.7118720000E-04   3.8628193000E-03   5.6589340000E-04
    8     -3.2918072000E-03  -2.3027660000E-04   2.9055390000E-04   2.0292665000E-03  -2.0143530000E-04
    9      7.6629910000E-03  -9.4288480000E-04  -5.7071630000E-04  -8.8009250000E-04  -6.4611840000E-04
   10     -1.6240086200E-02   6.4703290000E-04  -5.5891420000E-04   1.9560933000E-03  -2.1172490000E-04
   11     -2.5863545700E-02  -3.2718859000E-03   8.1004260000E-04  -8.0455350000E-03  -1.0810224000E-03
   12      7.3731957000E-03  -3.0310280300E-02  -9.6155620000E-03  -1.1966334800E-02  -5.9452769000E-03
   13     -2.2392051000E-03   7.8342368000E-03   6.1569728000E-03  -7.9749350000E-03  -2.7180618600E-02
   14     -7.8033674000E-03   7.6082013000E-03   1.5656237000E-03   6.4200883000E-03   8.9597890000E-04
   15     -2.8913721000E-03  -2.0495235420E-01   1.0216687900E-01   1.1017586860E-01  -4.0157860300E-02
   16     -1.0258251000E-03   1.0336708930E-01  -1.0258058630E-01  -4.7389115800E-02  -5.8457768000E-03
   17     -1.5541185000E-03   9.0959128700E-02  -4.9909925900E-02  -5.6891620900E-02   7.0148703000E-03
   18      9.0517200000E-05   3.5536600000E-05  -4.8719400000E-05   1.9550800000E-05  -1.9837440000E-04
   19     -5.0558600000E-05   2.4855100000E-05  -8.8006600000E-05  -7.4442800000E-05   4.1399800000E-05
   20      4.0295930000E-04  -3.2761910000E-04  -1.6237190000E-04  -1.7917620000E-04  -5.3587380000E-04
   21     -2.3660000000E-07   2.8918530000E-04  -2.3681000000E-05  -1.0733550000E-04  -1.6606460000E-04
   22     -1.5894800000E-05  -1.6281700000E-05   5.1683560000E-04   2.0054640000E-04  -6.7974500000E-05
   23      1.0880730000E-04  -9.5186360000E-04   4.6948220000E-04  -5.1034300000E-04  -3.8507220000E-04
   24      1.6538420000E-04  -6.3387900000E-05  -2.0452480000E-04  -2.9954640000E-04   3.7000000000E-05
   25     -3.4047140000E-04  -2.0999510000E-04   1.8698640000E-04   1.4922330000E-04  -6.0110000000E-07
   26      3.8230370000E-04   5.7044900000E-05  -2.6395040000E-04  -4.8666200000E-04   3.9842880000E-04
   27     -5.2841131000E-03   2.8702830000E-04  -9.1052500000E-05   6.9366700000E-05  -4.0131300000E-05
   28      2.8437050000E-04  -1.3385180000E-04   2.6905500000E-04   1.5794170000E-04   3.4982600000E-05
   29      6.7559960000E-03  -6.7221200000E-05   3.0132100000E-04  -1.0897880000E-04  -4.5316400000E-05
   30      6.8158720000E-04   1.5635800000E-04  -8.3636900000E-05  -1.8974900000E-05  -2.0968700000E-05
   31     -3.3123726000E-03  -1.3466950000E-04   3.4142260000E-04  -2.7658700000E-05  -2.0957000000E-05
   32      2.8006052000E-03   3.4502490000E-04   2.9231570000E-04  -7.7839700000E-05   2.6233640000E-04
   33     -9.7475400000E-05   8.2448300000E-05  -1.5103870000E-04  -2.4690350000E-04  -9.4937000000E-06
   34      1.0744072100E-02  -3.1312280000E-04   1.8245040000E-04   7.8803100000E-05  -1.3249800000E-04
   35      3.2013166600E-02   5.2231530000E-04  -1.1023300000E-05   4.7833610000E-04   2.2178370000E-04
   36      5.2231530000E-04   2.3993160940E-01  -1.1181752370E-01  -9.5363815200E-02  -6.9418810000E-04
   37     -1.1023300000E-05  -1.1181752370E-01   1.1408369650E-01   5.5820871900E-02   2.3889222000E-02
   38      4.7833610000E-04  -9.5363815200E-02   5.5820871900E-02   6.4135860000E-02  -5.3148510000E-04
