
$orca_hessian_file

$act_atom
  0

$act_coord
  0

$act_energy
      -21.324270

$multiplicity
  1

$hessian
48
                    0                  1                  2                  3                  4        
    0      7.8812004590E-01   4.6078389000E-03  -1.3945653600E-02  -4.5921891630E-01   3.4908150900E-02
    1      4.6078389000E-03   5.2645063170E-01  -3.9120460500E-02   3.8445507000E-03  -7.3548836900E-02
    2     -1.3945653600E-02  -3.9120460500E-02   7.6315057000E-02   1.0191882200E-02  -2.1458552600E-02
    3     -4.5921891630E-01   3.8445507000E-03   1.0191882200E-02   7.4159423420E-01  -1.1862200100E-02
    4      3.4908150900E-02  -7.3548836900E-02  -2.1458552600E-02  -1.1862200100E-02   6.1286783210E-01
    5      5.8970213400E-02   7.7806743000E-03  -4.8741944000E-03  -1.0595667800E-02  -1.6951618400E-02
    6     -6.5698496000E-02  -2.9542250600E-02   3.9524209100E-02  -7.6200070000E-02  -8.9231747600E-02
    7     -3.7142674500E-02  -1.5876580000E-03   2.8724253700E-02  -7.8695516000E-02  -2.7550104510E-01
    8     -3.2164934000E-03   2.2079880000E-03   4.7151799000E-03   1.0434501800E-02   1.1433905800E-02
    9      7.3841311000E-03  -3.2629092000E-03  -7.1839418000E-03  -5.8433672500E-02  -2.7100708500E-02
   10     -6.9098174000E-03  -3.7922923000E-03   6.8991826000E-03  -2.1031040900E-02   3.3501585000E-03
   11      1.7012226800E-02  -2.6172744000E-03  -2.4899319200E-02  -6.1014765200E-02  -3.8785278500E-02
   12      1.4314996800E-02  -2.4350670000E-03  -2.9015717600E-02  -5.1497790800E-02  -2.9939177100E-02
   13      6.9355169000E-03  -1.9073092000E-03  -1.4331993100E-02  -2.3970440100E-02  -1.1021611400E-02
   14     -1.0346704500E-02   1.3120381000E-03   2.5389669700E-02   3.4308220500E-02   2.6609353700E-02
   15     -1.3048053100E-02   3.7254950000E-03   3.9526665800E-02   4.5581194300E-02   2.3536432700E-02
   16     -1.9025262000E-03  -7.7893519000E-03   8.7451831000E-03   9.8087436000E-03   6.0785485000E-03
   17     -7.7929862000E-03   5.0077259000E-03   1.7548366300E-02   4.2324318200E-02   1.8606390900E-02
   18     -1.2669918450E-01  -1.1912263230E-01  -8.8801955000E-03  -1.7434333000E-02  -2.6210932300E-02
   19     -1.1976793470E-01  -2.1982671380E-01  -9.7002351000E-03  -1.1537251000E-03  -7.9005400000E-04
   20     -1.5669830300E-02  -1.6342644100E-02  -3.4147068300E-02   5.3762971000E-03   5.8541210000E-03
   21     -1.2405669210E-01   1.1662632640E-01  -2.7199386700E-02  -1.8667859700E-02   2.6985908400E-02
   22      1.1514268520E-01  -2.1630722020E-01   3.8697047900E-02   5.6010953000E-03  -2.9841476000E-03
   23     -3.2038577600E-02   4.4190022900E-02  -4.1132611000E-02   4.4488699000E-03  -3.5388465000E-03
   24     -2.1763129300E-02   2.7099275700E-02  -3.0958520000E-03  -1.0546997620E-01   1.0816525950E-01
   25      4.6053426000E-03  -1.9594666000E-03  -1.3238950000E-04   1.0814088660E-01  -2.3214106030E-01
   26      2.8735461000E-03  -1.6152397000E-03  -4.4211680000E-04  -1.6173551300E-02   2.3398629900E-02
   27      1.4005578000E-03  -1.5263387000E-03   2.9885350000E-04   6.7388399000E-03  -1.1459391200E-02
   28      1.0615754000E-03   7.5227190000E-04   5.0675300000E-05   1.1145941300E-02  -2.6585273200E-02
   29     -1.9531240000E-04  -9.0295600000E-05  -1.0827735000E-03   9.3292470000E-04   3.2961790000E-04
   30     -5.1137820000E-04  -8.6484990000E-04  -4.0508390000E-04  -6.1616010000E-03  -1.7117090000E-04
   31     -6.8450300000E-05  -6.5103200000E-05  -2.6936010000E-04  -1.2057747000E-03   3.7058830000E-04
   32     -8.6578900000E-04  -1.0602294000E-03  -3.4811750000E-04  -4.4698074000E-03   1.1702916000E-03
   33      8.3504920000E-04  -1.4253290000E-04  -8.1328050000E-04  -8.4568880000E-04   1.3381341000E-03
   34     -2.1651150000E-04  -1.6188540000E-04   4.6141900000E-05  -3.1510263000E-03   1.0635658000E-03
   35     -1.0402336000E-03   3.7831410000E-04   1.4788149000E-03   5.0622916000E-03   2.6010648000E-03
   36      9.5961520000E-04  -6.0822970000E-04  -2.3900274000E-03  -2.7272243000E-03  -8.4352240000E-04
   37     -2.6476420000E-04   6.5996060000E-04   3.3692450000E-04   6.6710610000E-04  -6.5303980000E-04
   38      2.2438143000E-03  -2.1389431000E-03  -6.8493620000E-03  -6.1693464000E-03  -3.1782047000E-03
   39     -6.2200270000E-04   1.6092989000E-03  -1.0186906000E-03  -1.1690690000E-04  -3.6460530000E-04
   40      1.9169390000E-04   3.0666300000E-05   1.9614350000E-04   5.8410680000E-04  -3.4527210000E-04
   41     -1.1509232000E-03   2.9943123000E-03  -3.8056826000E-03  -2.2172925000E-03   2.5325880000E-04
   42     -8.7645670000E-04  -3.1729930000E-04   3.0865367000E-03   2.1976323000E-03   1.4889361000E-03
   43     -8.4041160000E-04  -2.8816210000E-04   1.4274129000E-03   1.8006050000E-03   7.4090560000E-04
   44      4.1908185000E-03  -6.6383710000E-04  -5.8865314000E-03  -9.1239566000E-03  -5.6192959000E-03
   45     -5.2008700000E-04   3.0932410000E-04   1.3196823000E-03   6.6213900000E-04   7.6063380000E-04
   46     -3.3971340000E-04  -6.5953080000E-04  -1.0997440000E-04  -5.2331230000E-04  -9.0125830000E-04
   47      9.7188460000E-04  -2.2215170000E-04  -1.9793112000E-03  -3.3149189000E-03  -7.2483790000E-04
                    5                  6                  7                  8                  9        
    0      5.8970213400E-02  -6.5698496000E-02  -3.7142674500E-02  -3.2164934000E-03   7.3841311000E-03
    1      7.7806743000E-03  -2.9542250600E-02  -1.5876580000E-03   2.2079880000E-03  -3.2629092000E-03
    2     -4.8741944000E-03   3.9524209100E-02   2.8724253700E-02   4.7151799000E-03  -7.1839418000E-03
    3     -1.0595667800E-02  -7.6200070000E-02  -7.8695516000E-02   1.0434501800E-02  -5.8433672500E-02
    4     -1.6951618400E-02  -8.9231747600E-02  -2.7550104510E-01   1.1433905800E-02  -2.7100708500E-02
    5      1.2347140300E-01  -5.1869623000E-03  -3.5103479000E-03  -2.9037441200E-02  -3.6360348000E-03
    6     -5.1869623000E-03   6.4135418140E-01  -2.6115673500E-02   1.2433515650E-01  -3.6998977390E-01
    7     -3.5103479000E-03  -2.6115673500E-02   6.2607311620E-01  -4.7201525900E-02   4.6038686300E-02
    8     -2.9037441200E-02   1.2433515650E-01  -4.7201525900E-02   1.9776479650E-01  -1.3809804370E-01
    9     -3.6360348000E-03  -3.6998977390E-01   4.6038686300E-02  -1.3809804370E-01   7.1230995610E-01
   10     -9.1475133000E-03   1.7740622900E-02  -7.9635211600E-02  -1.8382002000E-03  -1.4260970000E-03
   11      5.5131263000E-03  -6.4530101600E-02   2.9528172600E-02  -3.4999137600E-02   1.2439495350E-01
   12     -3.7730429000E-03   5.3883128400E-02   1.6110899200E-02   3.0286636700E-02  -2.1660216200E-02
   13      2.1067117000E-03   2.5138165500E-02   1.2595746800E-02   2.1483917200E-02  -4.9389253000E-03
   14     -2.7855052400E-02  -8.1719566900E-02  -1.3790550000E-02  -7.8035817900E-02   8.9350854000E-03
   15     -2.5082846200E-02  -5.2374517400E-02  -2.7057799100E-02  -1.2368692000E-02   6.1790518000E-03
   16     -3.9819753000E-03  -2.2201610200E-02  -3.1269567000E-03   1.0745797000E-03   1.6851660000E-03
   17     -2.9696076000E-02  -1.0116075900E-02  -6.7498180000E-03  -3.8384392900E-02   4.1516363000E-03
   18      2.6789094000E-03  -6.3439650000E-03   5.9908610000E-04  -1.8886850000E-04  -9.4740540000E-04
   19      7.1883240000E-04  -1.6527246000E-03   7.6863420000E-04  -4.1468710000E-04  -4.8364800000E-05
   20     -5.7415720000E-04  -1.4114054000E-03  -1.8679099000E-03   9.8979951000E-03   2.1974149000E-03
   21     -3.5232225000E-03   1.5239647000E-03   1.5648722000E-03   1.1344800000E-05   1.5754610000E-04
   22     -2.0883830000E-04  -1.5619503000E-03   1.5431726000E-03  -3.5791220000E-04  -2.2780400000E-04
   23      3.2933100000E-04  -1.4717871000E-03  -5.6970710000E-04  -4.9591280000E-03   2.1331430000E-04
   24     -1.1170065000E-02   6.3459301000E-03  -9.5600579000E-03   9.9437090000E-04   7.3878650000E-04
   25      2.2077235800E-02   1.1289599600E-02  -2.7091618100E-02   1.8261074000E-03   1.3222386000E-03
   26     -3.8140775200E-02   3.4857800000E-04   3.4860550000E-03  -1.3933600000E-05  -3.7205290000E-04
   27      4.2373400000E-04  -1.0195390410E-01   1.1100260120E-01  -8.8733303000E-03  -1.6646924600E-02
   28      1.8439199000E-03   1.0991869150E-01  -2.4606344020E-01   9.0775172000E-03   3.7598302000E-03
   29     -7.1671750000E-04  -4.7873606000E-03   5.2708502000E-03  -2.9210615300E-02  -6.2959723000E-03
   30     -2.9575050000E-03  -1.5981279800E-02  -2.2245122000E-02  -2.5659805000E-03  -1.4711206840E-01
   31      9.1087200000E-05   7.3766700000E-05   1.7919743000E-03  -6.9210060000E-04  -1.2342297340E-01
   32      7.2218523000E-03  -7.2385232000E-03  -1.0654172700E-02  -1.2460077000E-03  -1.7601460000E-04
   33      4.1358030000E-04  -1.3717913200E-02   2.4851568100E-02   2.0192762000E-03  -1.1164311950E-01
   34      1.9363720000E-04   7.5841415000E-03  -5.3881929000E-03   2.2391897000E-03   1.0740414290E-01
   35     -4.1418112000E-03  -1.3776162900E-02   1.0075357200E-02  -2.7052174000E-03   2.1454591200E-02
   36      1.5631207000E-03   2.6917963000E-03   2.0176823000E-03  -8.2359670000E-04  -1.6132015000E-03
   37     -8.6068840000E-04  -8.5651180000E-04  -1.0724044000E-03   4.8123460000E-04  -7.9230240000E-04
   38      2.4472701000E-03   7.7585615000E-03   4.7554282000E-03   1.3837670000E-03  -1.3880976000E-03
   39      1.0039522000E-03   1.0143906000E-03   2.3615440000E-04  -7.4234140000E-04  -8.4073930000E-04
   40      2.9088050000E-04  -3.5314030000E-04  -7.5483420000E-04  -3.5713950000E-04  -2.2064750000E-04
   41     -2.2002645000E-03   4.9714128000E-03  -6.1868180000E-04  -2.1743270000E-04  -1.1081200000E-04
   42      5.8902450000E-04  -3.3805585000E-03  -5.5051970000E-04   1.1916850000E-04   1.6031541000E-03
   43     -1.6593680000E-04  -1.6058952000E-03  -1.2036961000E-03  -2.0921030000E-04   1.0274369000E-03
   44     -1.0854066000E-03   9.8026009000E-03   1.8079793000E-03   3.1494540000E-03  -4.6031516000E-03
   45      2.8281180000E-04  -1.1729136000E-03  -1.0541872000E-03  -1.3231089000E-03   5.1449560000E-04
   46     -2.7606060000E-04   1.3765163000E-03  -1.3475866000E-03   1.2463362000E-03   2.0323140000E-04
   47     -6.6108650000E-04   3.4974270000E-03   1.3146170000E-03   1.8979319000E-03   5.1712570000E-04
                   10                 11                 12                 13                 14        
    0     -6.9098174000E-03   1.7012226800E-02   1.4314996800E-02   6.9355169000E-03  -1.0346704500E-02
    1     -3.7922923000E-03  -2.6172744000E-03  -2.4350670000E-03  -1.9073092000E-03   1.3120381000E-03
    2      6.8991826000E-03  -2.4899319200E-02  -2.9015717600E-02  -1.4331993100E-02   2.5389669700E-02
    3     -2.1031040900E-02  -6.1014765200E-02  -5.1497790800E-02  -2.3970440100E-02   3.4308220500E-02
    4      3.3501585000E-03  -3.8785278500E-02  -2.9939177100E-02  -1.1021611400E-02   2.6609353700E-02
    5     -9.1475133000E-03   5.5131263000E-03  -3.7730429000E-03   2.1067117000E-03  -2.7855052400E-02
    6      1.7740622900E-02  -6.4530101600E-02   5.3883128400E-02   2.5138165500E-02  -8.1719566900E-02
    7     -7.9635211600E-02   2.9528172600E-02   1.6110899200E-02   1.2595746800E-02  -1.3790550000E-02
    8     -1.8382002000E-03  -3.4999137600E-02   3.0286636700E-02   2.1483917200E-02  -7.8035817900E-02
    9     -1.4260970000E-03   1.2439495350E-01  -2.1660216200E-02  -4.9389253000E-03   8.9350854000E-03
   10      5.2343082350E-01   5.5135876200E-02   1.6033207400E-02  -1.3115840900E-02  -2.3017957800E-02
   11      5.5135876200E-02   6.4559619700E-02  -9.0657183000E-02  -3.6892646700E-02   9.2053553700E-02
   12      1.6033207400E-02  -9.0657183000E-02   4.8632979490E-01  -1.6565278000E-02   1.9503698100E-01
   13     -1.3115840900E-02  -3.6892646700E-02  -1.6565278000E-02   2.7139872200E-01  -1.5278049500E-02
   14     -2.3017957800E-02   9.2053553700E-02   1.9503698100E-01  -1.5278049500E-02   1.5396728100E-01
   15     -1.3910709700E-02   6.4936355600E-02  -2.3812947110E-01  -6.5749146500E-02  -4.1646350100E-02
   16     -6.0157491000E-03   2.5378714100E-02  -7.9919612600E-02  -9.9355375300E-02  -1.7425610300E-02
   17     -1.4622884000E-03   1.7536080600E-02   5.4535718400E-02   1.6432287900E-02  -5.6570343800E-02
   18     -1.1655404000E-03   7.9590090000E-04   5.1264200000E-04   1.9638930000E-04  -2.2304830000E-04
   19     -4.8283120000E-04   8.7117270000E-04   1.0803057000E-03  -3.4373400000E-05  -5.8904800000E-05
   20      6.5424810000E-04   7.4774810000E-04   9.1210900000E-04   1.1923778000E-03  -1.1465407000E-03
   21     -6.2088000000E-05   7.4710200000E-05  -1.2298860000E-04   2.5755590000E-04   9.9353200000E-05
   22     -3.8932200000E-04  -2.8648610000E-04  -1.4703300000E-04  -3.0490160000E-04  -8.7365500000E-05
   23     -8.9230300000E-05   2.8516270000E-04   6.4472440000E-04  -1.6910550000E-04  -2.5407260000E-04
   24     -3.2148613000E-03  -1.3760460000E-04  -7.0854800000E-04  -1.3713740000E-04  -1.0907270000E-04
   25      2.9326500000E-04   4.0411720000E-04  -4.5502500000E-05  -1.2432494000E-03   7.8843000000E-06
   26     -4.0497470000E-04  -2.0217613000E-03  -4.3204700000E-04   2.1359110000E-04   2.3700230000E-04
   27      2.5130723300E-02  -5.2017560000E-04  -5.7070380000E-04   6.9839580000E-04  -1.6594240000E-04
   28     -2.6341186000E-03   1.4650585000E-03   1.0850958000E-03  -8.7180980000E-04  -3.8773590000E-04
   29      7.6021787000E-03  -1.3650611000E-03  -1.4655310000E-04  -9.7611510000E-04   8.9475000000E-05
   30     -1.2286219010E-01  -4.5845646000E-03  -2.2122722000E-03  -2.7227653000E-03   1.0423253000E-03
   31     -1.9536106720E-01  -3.9010098000E-03  -2.5815300000E-04  -1.8826344000E-03  -1.4408470000E-04
   32     -6.2804380000E-04  -3.7506286000E-02   4.8869435000E-03   5.6525588000E-03   5.0384010000E-04
   33      1.1022148920E-01   1.3965460500E-02  -4.3794620000E-03   2.0988989000E-03   4.6622977000E-03
   34     -2.2217660580E-01  -3.1160191100E-02  -4.5467070000E-04  -4.3556040000E-04   5.3029770000E-04
   35     -3.5951767600E-02  -2.9902977600E-02   9.9468717000E-03  -4.1519248000E-03  -1.1461894000E-02
   36      1.0929547000E-03  -5.8822481000E-03  -2.9996479900E-02   5.6739645000E-03   1.4035520000E-02
   37     -5.0391650000E-04   1.3397572000E-03  -8.9319816000E-03   5.5345645000E-03   2.1968967000E-03
   38      2.7669482000E-03  -1.1560649300E-02  -1.1896659500E-02  -9.9434383000E-03   9.6361355000E-03
   39     -2.6013710000E-04  -1.8922247000E-03  -7.8436475000E-03  -2.7561031300E-02   3.0436248000E-03
   40     -1.4548850000E-04   2.4077310000E-04  -4.5279710000E-03  -1.6171525700E-02   3.0369620000E-04
   41      1.1995983000E-03  -6.6971078000E-03  -7.8640431000E-03   1.8168939000E-03   5.6033783000E-03
   42     -1.2009022000E-03   5.4216963000E-03  -1.8216382070E-01   9.5798589500E-02  -1.2479516310E-01
   43      3.8631840000E-04   2.8581666000E-03   9.9761149700E-02  -7.1162729100E-02   6.5658718100E-02
   44      7.6414896000E-03  -2.1139539600E-02  -1.4834371240E-01   6.4656303400E-02  -8.6877817600E-02
   45      1.8243865000E-03   2.6175634000E-03  -1.5755161400E-02   4.8472476000E-03  -2.1575599000E-03
   46     -3.2081216000E-03  -3.5789215000E-03   9.1537886000E-03  -7.2022112800E-02  -2.6428626200E-02
   47     -9.3595455000E-03  -1.0603451500E-02  -4.1210262000E-03  -3.1811368800E-02  -2.5278796500E-02
                   15                 16                 17                 18                 19        
    0     -1.3048053100E-02  -1.9025262000E-03  -7.7929862000E-03  -1.2669918450E-01  -1.1976793470E-01
    1      3.7254950000E-03  -7.7893519000E-03   5.0077259000E-03  -1.1912263230E-01  -2.1982671380E-01
    2      3.9526665800E-02   8.7451831000E-03   1.7548366300E-02  -8.8801955000E-03  -9.7002351000E-03
    3      4.5581194300E-02   9.8087436000E-03   4.2324318200E-02  -1.7434333000E-02  -1.1537251000E-03
    4      2.3536432700E-02   6.0785485000E-03   1.8606390900E-02  -2.6210932300E-02  -7.9005400000E-04
    5     -2.5082846200E-02  -3.9819753000E-03  -2.9696076000E-02   2.6789094000E-03   7.1883240000E-04
    6     -5.2374517400E-02  -2.2201610200E-02  -1.0116075900E-02  -6.3439650000E-03  -1.6527246000E-03
    7     -2.7057799100E-02  -3.1269567000E-03  -6.7498180000E-03   5.9908610000E-04   7.6863420000E-04
    8     -1.2368692000E-02   1.0745797000E-03  -3.8384392900E-02  -1.8886850000E-04  -4.1468710000E-04
    9      6.1790518000E-03   1.6851660000E-03   4.1516363000E-03  -9.4740540000E-04  -4.8364800000E-05
   10     -1.3910709700E-02  -6.0157491000E-03  -1.4622884000E-03  -1.1655404000E-03  -4.8283120000E-04
   11      6.4936355600E-02   2.5378714100E-02   1.7536080600E-02   7.9590090000E-04   8.7117270000E-04
   12     -2.3812947110E-01  -7.9919612600E-02   5.4535718400E-02   5.1264200000E-04   1.0803057000E-03
   13     -6.5749146500E-02  -9.9355375300E-02   1.6432287900E-02   1.9638930000E-04  -3.4373400000E-05
   14     -4.1646350100E-02  -1.7425610300E-02  -5.6570343800E-02  -2.2304830000E-04  -5.8904800000E-05
   15      5.0161333160E-01   2.7528927900E-02  -1.8949333480E-01  -1.6313240000E-04  -5.5583830000E-04
   16      2.7528927900E-02   5.1997629120E-01   5.1006551000E-03  -5.0842700000E-04  -5.8341760000E-04
   17     -1.8949333480E-01   5.1006551000E-03   2.0675600290E-01  -5.9521430000E-04  -8.5944260000E-04
   18     -1.6313240000E-04  -5.0842700000E-04  -5.9521430000E-04   1.4242990860E-01   1.3426847560E-01
   19     -5.5583830000E-04  -5.8341760000E-04  -8.5944260000E-04   1.3426847560E-01   2.4734952530E-01
   20      5.1433800000E-05  -7.3024610000E-04   1.6859884000E-03   7.3215309000E-03   8.0619581000E-03
   21     -6.4127970000E-04   3.4070360000E-04  -1.7299310000E-04   7.2544459000E-03  -1.2697382800E-02
   22     -2.6075830000E-04  -2.7093160000E-04   5.2363100000E-04   1.2259397900E-02  -3.0040676100E-02
   23      1.5066020000E-04   9.8254970000E-04   7.9759300000E-05  -1.1313520000E-04   1.6972160000E-03
   24     -1.1177850000E-04   5.9863820000E-04   4.1509530000E-04   1.1824641000E-03   8.2762430000E-04
   25      1.0188588000E-03  -7.6158830000E-04  -4.6516640000E-04  -7.2886890000E-04   9.3587320000E-04
   26      1.7302109000E-03  -6.5246530000E-04  -1.5447008000E-03   5.6654900000E-05   4.8855000000E-05
   27     -5.2119200000E-04   3.1255210000E-04   3.0047060000E-04  -2.5682000000E-04   1.1633690000E-04
   28     -3.6638230000E-04  -1.0857168000E-03  -9.6569700000E-04   3.6209310000E-04   3.4866660000E-04
   29     -3.0783830000E-04  -6.2870430000E-04   2.3246060000E-04   6.5803200000E-05  -2.4002770000E-04
   30     -3.1152800000E-04  -1.5336330000E-04   1.5414100000E-05  -5.9220680000E-04   6.9972800000E-05
   31      6.1906920000E-04  -3.7869140000E-04  -5.2605460000E-04   5.4798300000E-05   2.5145960000E-04
   32      2.5963130000E-04  -1.5564880000E-04  -1.7376158000E-03  -8.6130880000E-04  -2.8074710000E-04
   33      1.0296072000E-03   4.7819180000E-04   5.7681890000E-04   1.5697300000E-04  -1.4510100000E-04
   34      6.8290530000E-04  -1.6194780000E-04   5.3327000000E-06  -2.3956700000E-05   2.4659360000E-04
   35     -3.8384376000E-03  -1.2271792000E-03  -1.3029496000E-03  -2.1524270000E-04  -2.2181000000E-06
   36     -1.7168677770E-01   8.8321749900E-02   1.1132145510E-01   9.3716400000E-05   1.5321530000E-04
   37      8.6394823500E-02  -9.3597469200E-02  -6.2275813800E-02  -1.5662340000E-04   3.2834850000E-04
   38      1.3435472750E-01  -6.2848902100E-02  -9.3631899900E-02   9.4873500000E-05  -1.5155300000E-05
   39     -3.7977548000E-02  -5.9095689000E-03   9.5806430000E-03   1.9609840000E-04  -4.6070900000E-05
   40     -9.0840446000E-03  -2.9147575110E-01   3.4383170800E-02   5.2303000000E-05   4.1833490000E-04
   41      1.5302889200E-02   4.5204253000E-02  -2.6447683100E-02  -8.6250700000E-05   2.6731800000E-04
   42     -3.3654240700E-02   4.9411711000E-03  -8.3799913000E-03   6.9816730000E-04  -6.9371370000E-04
   43     -1.2486638600E-02   2.8259721000E-03  -2.4770173000E-03   8.7016000000E-05   3.3637610000E-04
   44      1.6484830800E-02   7.4903927000E-03   4.5193504000E-03   1.3331850000E-04  -5.8645000000E-06
   45     -5.7836663000E-03  -2.3420736000E-02  -6.6709743000E-03  -8.7368600000E-05   2.4492550000E-04
   46     -1.4035195000E-02  -2.4277865000E-02  -4.2778960000E-03   3.7421700000E-05   7.7425410000E-04
   47     -5.9906100000E-05  -6.3255958000E-03   9.5765330000E-04   1.6272700000E-05  -8.8069800000E-05
                   20                 21                 22                 23                 24        
    0     -1.5669830300E-02  -1.2405669210E-01   1.1514268520E-01  -3.2038577600E-02  -2.1763129300E-02
    1     -1.6342644100E-02   1.1662632640E-01  -2.1630722020E-01   4.4190022900E-02   2.7099275700E-02
    2     -3.4147068300E-02  -2.7199386700E-02   3.8697047900E-02  -4.1132611000E-02  -3.0958520000E-03
    3      5.3762971000E-03  -1.8667859700E-02   5.6010953000E-03   4.4488699000E-03  -1.0546997620E-01
    4      5.8541210000E-03   2.6985908400E-02  -2.9841476000E-03  -3.5388465000E-03   1.0816525950E-01
    5     -5.7415720000E-04  -3.5232225000E-03  -2.0883830000E-04   3.2933100000E-04  -1.1170065000E-02
    6     -1.4114054000E-03   1.5239647000E-03  -1.5619503000E-03  -1.4717871000E-03   6.3459301000E-03
    7     -1.8679099000E-03   1.5648722000E-03   1.5431726000E-03  -5.6970710000E-04  -9.5600579000E-03
    8      9.8979951000E-03   1.1344800000E-05  -3.5791220000E-04  -4.9591280000E-03   9.9437090000E-04
    9      2.1974149000E-03   1.5754610000E-04  -2.2780400000E-04   2.1331430000E-04   7.3878650000E-04
   10      6.5424810000E-04  -6.2088000000E-05  -3.8932200000E-04  -8.9230300000E-05  -3.2148613000E-03
   11      7.4774810000E-04   7.4710200000E-05  -2.8648610000E-04   2.8516270000E-04  -1.3760460000E-04
   12      9.1210900000E-04  -1.2298860000E-04  -1.4703300000E-04   6.4472440000E-04  -7.0854800000E-04
   13      1.1923778000E-03   2.5755590000E-04  -3.0490160000E-04  -1.6910550000E-04  -1.3713740000E-04
   14     -1.1465407000E-03   9.9353200000E-05  -8.7365500000E-05  -2.5407260000E-04  -1.0907270000E-04
   15      5.1433800000E-05  -6.4127970000E-04  -2.6075830000E-04   1.5066020000E-04  -1.1177850000E-04
   16     -7.3024610000E-04   3.4070360000E-04  -2.7093160000E-04   9.8254970000E-04   5.9863820000E-04
   17      1.6859884000E-03  -1.7299310000E-04   5.2363100000E-04   7.9759300000E-05   4.1509530000E-04
   18      7.3215309000E-03   7.2544459000E-03   1.2259397900E-02  -1.1313520000E-04   1.1824641000E-03
   19      8.0619581000E-03  -1.2697382800E-02  -3.0040676100E-02   1.6972160000E-03   8.2762430000E-04
   20      2.2635784800E-02   2.1049382000E-03   4.3091976000E-03   5.1239869000E-03  -5.0213950000E-04
   21      2.1049382000E-03   1.3864668960E-01  -1.3060320990E-01   2.8133413500E-02  -5.0745080000E-03
   22      4.3091976000E-03  -1.3060320990E-01   2.4554101960E-01  -4.3266656400E-02   7.0976110000E-04
   23      5.1239869000E-03   2.8133413500E-02  -4.3266656400E-02   3.0424646100E-02   1.9784128000E-03
   24     -5.0213950000E-04  -5.0745080000E-03   7.0976110000E-04   1.9784128000E-03   1.2702386850E-01
   25     -5.6810280000E-04  -3.1913010000E-04   9.1491720000E-04   7.2957390000E-04  -1.2107580600E-01
   26     -3.7744193000E-03   7.6974170000E-04   1.0376986000E-03   9.4073824000E-03   1.1272837100E-02
   27      1.1096570000E-04  -3.6474660000E-04  -2.6546100000E-04  -1.1107220000E-04  -1.4612623000E-03
   28     -1.7179780000E-04  -8.5043830000E-04   1.2930460000E-04  -4.3335800000E-05  -2.3733303000E-03
   29     -2.7250200000E-04   3.3264700000E-05  -1.7285730000E-04   2.8562590000E-04  -1.2399120000E-04
   30      1.0024079000E-03   1.5519530000E-04   3.9026000000E-06   3.8041400000E-05  -1.5053660000E-04
   31      1.5805480000E-04  -2.0348380000E-04   2.6122250000E-04   2.8068000000E-05  -1.1901800000E-04
   32     -7.3135130000E-04  -2.7651630000E-04  -2.1680800000E-05   6.6073800000E-04  -4.6845500000E-05
   33      1.4213860000E-04   1.1132280000E-04  -3.0516960000E-04   1.3567530000E-04  -8.4835560000E-04
   34     -1.6957900000E-05  -3.4388220000E-04   9.4552300000E-05  -8.5181200000E-05  -6.8868130000E-04
   35      6.8149950000E-04  -1.9479720000E-04   4.8029700000E-05   2.9829100000E-04   1.7822690000E-04
   36     -4.7848120000E-04   4.1887490000E-04   1.6058590000E-04  -6.1267590000E-04  -1.0854830000E-04
   37     -6.2872700000E-05  -4.1675500000E-05   5.0526300000E-04   1.3611150000E-04  -1.9800740000E-04
   38     -3.1827060000E-04  -9.3454000000E-06   2.2995150000E-04   2.0283300000E-05  -9.4236400000E-05
   39     -3.7031400000E-04  -1.1637500000E-05  -5.6427300000E-05  -6.4159050000E-04   1.6895530000E-04
   40     -1.4532220000E-04  -1.4943590000E-04   2.3684670000E-04   1.7442500000E-05  -1.1374440000E-04
   41     -9.3892900000E-05   1.5805890000E-04  -1.3272970000E-04  -8.4541630000E-04   4.6858120000E-04
   42     -5.6732990000E-04   2.3620490000E-04  -7.3659070000E-04  -5.8619400000E-04   5.0282060000E-04
   43     -2.4546980000E-04  -2.3673050000E-04   3.0801100000E-04  -3.2058900000E-05   1.0090640000E-04
   44      4.3503830000E-04   1.8770850000E-04  -3.8259950000E-04  -3.2275660000E-04  -6.9574900000E-05
   45     -2.1973590000E-04   4.3546790000E-04   2.8697610000E-04  -1.6807940000E-04  -2.6618250000E-04
   46     -7.8634200000E-05  -2.6790930000E-04   7.6288960000E-04   1.3137200000E-05  -2.0821200000E-05
   47     -1.4983880000E-04  -1.9627250000E-04   7.1569600000E-05   5.9877780000E-04   4.1857700000E-05
                   25                 26                 27                 28                 29        
    0      4.6053426000E-03   2.8735461000E-03   1.4005578000E-03   1.0615754000E-03  -1.9531240000E-04
    1     -1.9594666000E-03  -1.6152397000E-03  -1.5263387000E-03   7.5227190000E-04  -9.0295600000E-05
    2     -1.3238950000E-04  -4.4211680000E-04   2.9885350000E-04   5.0675300000E-05  -1.0827735000E-03
    3      1.0814088660E-01  -1.6173551300E-02   6.7388399000E-03   1.1145941300E-02   9.3292470000E-04
    4     -2.3214106030E-01   2.3398629900E-02  -1.1459391200E-02  -2.6585273200E-02   3.2961790000E-04
    5      2.2077235800E-02  -3.8140775200E-02   4.2373400000E-04   1.8439199000E-03  -7.1671750000E-04
    6      1.1289599600E-02   3.4857800000E-04  -1.0195390410E-01   1.0991869150E-01  -4.7873606000E-03
    7     -2.7091618100E-02   3.4860550000E-03   1.1100260120E-01  -2.4606344020E-01   5.2708502000E-03
    8      1.8261074000E-03  -1.3933600000E-05  -8.8733303000E-03   9.0775172000E-03  -2.9210615300E-02
    9      1.3222386000E-03  -3.7205290000E-04  -1.6646924600E-02   3.7598302000E-03  -6.2959723000E-03
   10      2.9326500000E-04  -4.0497470000E-04   2.5130723300E-02  -2.6341186000E-03   7.6021787000E-03
   11      4.0411720000E-04  -2.0217613000E-03  -5.2017560000E-04   1.4650585000E-03  -1.3650611000E-03
   12     -4.5502500000E-05  -4.3204700000E-04  -5.7070380000E-04   1.0850958000E-03  -1.4655310000E-04
   13     -1.2432494000E-03   2.1359110000E-04   6.9839580000E-04  -8.7180980000E-04  -9.7611510000E-04
   14      7.8843000000E-06   2.3700230000E-04  -1.6594240000E-04  -3.8773590000E-04   8.9475000000E-05
   15      1.0188588000E-03   1.7302109000E-03  -5.2119200000E-04  -3.6638230000E-04  -3.0783830000E-04
   16     -7.6158830000E-04  -6.5246530000E-04   3.1255210000E-04  -1.0857168000E-03  -6.2870430000E-04
   17     -4.6516640000E-04  -1.5447008000E-03   3.0047060000E-04  -9.6569700000E-04   2.3246060000E-04
   18     -7.2886890000E-04   5.6654900000E-05  -2.5682000000E-04   3.6209310000E-04   6.5803200000E-05
   19      9.3587320000E-04   4.8855000000E-05   1.1633690000E-04   3.4866660000E-04  -2.4002770000E-04
   20     -5.6810280000E-04  -3.7744193000E-03   1.1096570000E-04  -1.7179780000E-04  -2.7250200000E-04
   21     -3.1913010000E-04   7.6974170000E-04  -3.6474660000E-04  -8.5043830000E-04   3.3264700000E-05
   22      9.1491720000E-04   1.0376986000E-03  -2.6546100000E-04   1.2930460000E-04  -1.7285730000E-04
   23      7.2957390000E-04   9.4073824000E-03  -1.1107220000E-04  -4.3335800000E-05   2.8562590000E-04
   24     -1.2107580600E-01   1.1272837100E-02  -1.4612623000E-03  -2.3733303000E-03  -1.2399120000E-04
   25      2.6256995460E-01  -2.4367482600E-02  -2.7916146000E-03  -3.5471987000E-03   5.9606500000E-05
   26     -2.4367482600E-02   3.2246708600E-02  -6.5151420000E-04   5.9873000000E-04   5.5975829000E-03
   27     -2.7916146000E-03  -6.5151420000E-04   1.1611044170E-01  -1.2251935090E-01   1.2821690000E-02
   28     -3.5471987000E-03   5.9873000000E-04  -1.2251935090E-01   2.7635445890E-01  -1.2044463800E-02
   29      5.9606500000E-05   5.5975829000E-03   1.2821690000E-02  -1.2044463800E-02   2.2621895900E-02
   30      3.9785590000E-04  -7.7149200000E-05   9.1898010000E-04  -4.8896990000E-04   7.1004390000E-04
   31      5.1323860000E-04   1.0936300000E-04   7.3579260000E-04   7.2368040000E-04  -3.8679300000E-05
   32      4.0832360000E-04  -1.8070330000E-04   1.1233460000E-03  -1.7409820000E-04  -2.2652527000E-03
   33     -1.2215470000E-03  -5.1132100000E-05  -3.9958735000E-03  -3.8422120000E-04  -2.2663916000E-03
   34      2.6369380000E-04  -1.5510630000E-04   1.5167293000E-03   5.0971820000E-04  -7.0188050000E-04
   35     -9.2897000000E-05   3.4569760000E-04  -4.7310839000E-03   3.7807520000E-04   5.6278364000E-03
   36     -2.9479230000E-04  -2.1312100000E-05   4.1184170000E-04  -1.3413760000E-04  -3.0468400000E-05
   37      3.2339610000E-04  -4.5013700000E-04  -1.2845660000E-04   3.7234050000E-04   4.7280910000E-04
   38      1.5894740000E-04  -6.0924350000E-04  -2.4102600000E-05   2.2368400000E-04   2.8107370000E-04
   39     -3.2220900000E-05   6.5646080000E-04   2.7202400000E-05  -8.8270000000E-07  -5.3117800000E-05
   40      7.4888340000E-04  -7.1551340000E-04  -1.8374170000E-04   3.5644140000E-04   2.2027760000E-04
   41      1.7662310000E-04  -1.3092941000E-03   7.8553000000E-06  -1.3005010000E-04   4.3533600000E-05
   42     -6.2207600000E-05  -2.1365800000E-05  -1.6166090000E-04  -2.6034500000E-04  -3.3427750000E-04
   43      2.4336070000E-04  -5.4662400000E-04  -3.0546650000E-04   2.1797470000E-04   6.4202240000E-04
   44     -3.5580650000E-04   4.1421730000E-04   3.0288700000E-04  -4.6051970000E-04  -1.9183230000E-04
   45     -2.0309220000E-04   9.2095000000E-05   3.2522410000E-04   4.4830800000E-05  -2.2443300000E-05
   46     -6.2401000000E-05   1.4620300000E-05  -3.3331000000E-04   1.0227000000E-03   2.9566120000E-04
   47      1.3342580000E-04  -2.1164320000E-04  -3.1258100000E-04   7.4003800000E-04   3.2527040000E-04
                   30                 31                 32                 33                 34        
    0     -5.1137820000E-04  -6.8450300000E-05  -8.6578900000E-04   8.3504920000E-04  -2.1651150000E-04
    1     -8.6484990000E-04  -6.5103200000E-05  -1.0602294000E-03  -1.4253290000E-04  -1.6188540000E-04
    2     -4.0508390000E-04  -2.6936010000E-04  -3.4811750000E-04  -8.1328050000E-04   4.6141900000E-05
    3     -6.1616010000E-03  -1.2057747000E-03  -4.4698074000E-03  -8.4568880000E-04  -3.1510263000E-03
    4     -1.7117090000E-04   3.7058830000E-04   1.1702916000E-03   1.3381341000E-03   1.0635658000E-03
    5     -2.9575050000E-03   9.1087200000E-05   7.2218523000E-03   4.1358030000E-04   1.9363720000E-04
    6     -1.5981279800E-02   7.3766700000E-05  -7.2385232000E-03  -1.3717913200E-02   7.5841415000E-03
    7     -2.2245122000E-02   1.7919743000E-03  -1.0654172700E-02   2.4851568100E-02  -5.3881929000E-03
    8     -2.5659805000E-03  -6.9210060000E-04  -1.2460077000E-03   2.0192762000E-03   2.2391897000E-03
    9     -1.4711206840E-01  -1.2342297340E-01  -1.7601460000E-04  -1.1164311950E-01   1.0740414290E-01
   10     -1.2286219010E-01  -1.9536106720E-01  -6.2804380000E-04   1.1022148920E-01  -2.2217660580E-01
   11     -4.5845646000E-03  -3.9010098000E-03  -3.7506286000E-02   1.3965460500E-02  -3.1160191100E-02
   12     -2.2122722000E-03  -2.5815300000E-04   4.8869435000E-03  -4.3794620000E-03  -4.5467070000E-04
   13     -2.7227653000E-03  -1.8826344000E-03   5.6525588000E-03   2.0988989000E-03  -4.3556040000E-04
   14      1.0423253000E-03  -1.4408470000E-04   5.0384010000E-04   4.6622977000E-03   5.3029770000E-04
   15     -3.1152800000E-04   6.1906920000E-04   2.5963130000E-04   1.0296072000E-03   6.8290530000E-04
   16     -1.5336330000E-04  -3.7869140000E-04  -1.5564880000E-04   4.7819180000E-04  -1.6194780000E-04
   17      1.5414100000E-05  -5.2605460000E-04  -1.7376158000E-03   5.7681890000E-04   5.3327000000E-06
   18     -5.9220680000E-04   5.4798300000E-05  -8.6130880000E-04   1.5697300000E-04  -2.3956700000E-05
   19      6.9972800000E-05   2.5145960000E-04  -2.8074710000E-04  -1.4510100000E-04   2.4659360000E-04
   20      1.0024079000E-03   1.5805480000E-04  -7.3135130000E-04   1.4213860000E-04  -1.6957900000E-05
   21      1.5519530000E-04  -2.0348380000E-04  -2.7651630000E-04   1.1132280000E-04  -3.4388220000E-04
   22      3.9026000000E-06   2.6122250000E-04  -2.1680800000E-05  -3.0516960000E-04   9.4552300000E-05
   23      3.8041400000E-05   2.8068000000E-05   6.6073800000E-04   1.3567530000E-04  -8.5181200000E-05
   24     -1.5053660000E-04  -1.1901800000E-04  -4.6845500000E-05  -8.4835560000E-04  -6.8868130000E-04
   25      3.9785590000E-04   5.1323860000E-04   4.0832360000E-04  -1.2215470000E-03   2.6369380000E-04
   26     -7.7149200000E-05   1.0936300000E-04  -1.8070330000E-04  -5.1132100000E-05  -1.5510630000E-04
   27      9.1898010000E-04   7.3579260000E-04   1.1233460000E-03  -3.9958735000E-03   1.5167293000E-03
   28     -4.8896990000E-04   7.2368040000E-04  -1.7409820000E-04  -3.8422120000E-04   5.0971820000E-04
   29      7.1004390000E-04  -3.8679300000E-05  -2.2652527000E-03  -2.2663916000E-03  -7.0188050000E-04
   30      1.6369811020E-01   1.3881828430E-01   7.3240292000E-03   7.7346687000E-03   1.0153070500E-02
   31      1.3881828430E-01   2.2182879380E-01   8.2143888000E-03  -1.5100719900E-02  -3.0530827300E-02
   32      7.3240292000E-03   8.2143888000E-03   3.3228480800E-02  -2.2933730000E-03  -3.4023628000E-03
   33      7.7346687000E-03  -1.5100719900E-02  -2.2933730000E-03   1.2473779460E-01  -1.2171734700E-01
   34      1.0153070500E-02  -3.0530827300E-02  -3.4023628000E-03  -1.2171734700E-01   2.5496287990E-01
   35      1.5348310000E-04  -2.8367335000E-03   3.5388063000E-03  -1.6057680400E-02   3.2868124900E-02
   36      3.0909920000E-04  -3.3285350000E-04   5.7719660000E-04   5.3101500000E-05  -5.0164030000E-04
   37     -5.3881600000E-05   5.6192960000E-04   2.7415130000E-04  -2.4390020000E-04   4.2489470000E-04
   38     -6.6778900000E-05   2.7982000000E-05   1.6803000000E-05  -2.9979290000E-04   1.2812900000E-04
   39     -3.6262000000E-05  -1.3833650000E-04   5.3225910000E-04   1.2594900000E-04  -2.1727940000E-04
   40     -2.1808900000E-05   5.4993720000E-04   1.1322100000E-04  -1.4657450000E-04   5.0781520000E-04
   41     -2.3264800000E-05   5.8738000000E-05  -8.8588800000E-05  -5.3816900000E-05   1.1341840000E-04
   42     -2.2417770000E-04   3.6542160000E-04   6.4533520000E-04   7.4309880000E-04   2.7777860000E-04
   43     -4.1760840000E-04   2.0604530000E-04   3.0758010000E-04   1.3685920000E-04   9.2318230000E-04
   44      1.8891820000E-04  -2.2164400000E-05  -9.0596270000E-04  -5.2762970000E-04  -2.0861110000E-04
   45      4.7725720000E-04   1.8263050000E-04   8.7943670000E-04  -9.7152300000E-05  -3.0377270000E-04
   46      5.5864430000E-04   1.1594539000E-03   2.3646860000E-04   2.8197200000E-04  -1.4187610000E-04
   47      2.0566370000E-04  -2.5749470000E-04  -1.6063500000E-04   4.4784960000E-04  -3.9398060000E-04
                   35                 36                 37                 38                 39        
    0     -1.0402336000E-03   9.5961520000E-04  -2.6476420000E-04   2.2438143000E-03  -6.2200270000E-04
    1      3.7831410000E-04  -6.0822970000E-04   6.5996060000E-04  -2.1389431000E-03   1.6092989000E-03
    2      1.4788149000E-03  -2.3900274000E-03   3.3692450000E-04  -6.8493620000E-03  -1.0186906000E-03
    3      5.0622916000E-03  -2.7272243000E-03   6.6710610000E-04  -6.1693464000E-03  -1.1690690000E-04
    4      2.6010648000E-03  -8.4352240000E-04  -6.5303980000E-04  -3.1782047000E-03  -3.6460530000E-04
    5     -4.1418112000E-03   1.5631207000E-03  -8.6068840000E-04   2.4472701000E-03   1.0039522000E-03
    6     -1.3776162900E-02   2.6917963000E-03  -8.5651180000E-04   7.7585615000E-03   1.0143906000E-03
    7      1.0075357200E-02   2.0176823000E-03  -1.0724044000E-03   4.7554282000E-03   2.3615440000E-04
    8     -2.7052174000E-03  -8.2359670000E-04   4.8123460000E-04   1.3837670000E-03  -7.4234140000E-04
    9      2.1454591200E-02  -1.6132015000E-03  -7.9230240000E-04  -1.3880976000E-03  -8.4073930000E-04
   10     -3.5951767600E-02   1.0929547000E-03  -5.0391650000E-04   2.7669482000E-03  -2.6013710000E-04
   11     -2.9902977600E-02  -5.8822481000E-03   1.3397572000E-03  -1.1560649300E-02  -1.8922247000E-03
   12      9.9468717000E-03  -2.9996479900E-02  -8.9319816000E-03  -1.1896659500E-02  -7.8436475000E-03
   13     -4.1519248000E-03   5.6739645000E-03   5.5345645000E-03  -9.9434383000E-03  -2.7561031300E-02
   14     -1.1461894000E-02   1.4035520000E-02   2.1968967000E-03   9.6361355000E-03   3.0436248000E-03
   15     -3.8384376000E-03  -1.7168677770E-01   8.6394823500E-02   1.3435472750E-01  -3.7977548000E-02
   16     -1.2271792000E-03   8.8321749900E-02  -9.3597469200E-02  -6.2848902100E-02  -5.9095689000E-03
   17     -1.3029496000E-03   1.1132145510E-01  -6.2275813800E-02  -9.3631899900E-02   9.5806430000E-03
   18     -2.1524270000E-04   9.3716400000E-05  -1.5662340000E-04   9.4873500000E-05   1.9609840000E-04
   19     -2.2181000000E-06   1.5321530000E-04   3.2834850000E-04  -1.5155300000E-05  -4.6070900000E-05
   20      6.8149950000E-04  -4.7848120000E-04  -6.2872700000E-05  -3.1827060000E-04  -3.7031400000E-04
   21     -1.9479720000E-04   4.1887490000E-04  -4.1675500000E-05  -9.3454000000E-06  -1.1637500000E-05
   22      4.8029700000E-05   1.6058590000E-04   5.0526300000E-04   2.2995150000E-04  -5.6427300000E-05
   23      2.9829100000E-04  -6.1267590000E-04   1.3611150000E-04   2.0283300000E-05  -6.4159050000E-04
   24      1.7822690000E-04  -1.0854830000E-04  -1.9800740000E-04  -9.4236400000E-05   1.6895530000E-04
   25     -9.2897000000E-05  -2.9479230000E-04   3.2339610000E-04   1.5894740000E-04  -3.2220900000E-05
   26      3.4569760000E-04  -2.1312100000E-05  -4.5013700000E-04  -6.0924350000E-04   6.5646080000E-04
   27     -4.7310839000E-03   4.1184170000E-04  -1.2845660000E-04  -2.4102600000E-05   2.7202400000E-05
   28      3.7807520000E-04  -1.3413760000E-04   3.7234050000E-04   2.2368400000E-04  -8.8270000000E-07
   29      5.6278364000E-03  -3.0468400000E-05   4.7280910000E-04   2.8107370000E-04  -5.3117800000E-05
   30      1.5348310000E-04   3.0909920000E-04  -5.3881600000E-05  -6.6778900000E-05  -3.6262000000E-05
   31     -2.8367335000E-03  -3.3285350000E-04   5.6192960000E-04   2.7982000000E-05  -1.3833650000E-04
   32      3.5388063000E-03   5.7719660000E-04   2.7415130000E-04   1.6803000000E-05   5.3225910000E-04
   33     -1.6057680400E-02   5.3101500000E-05  -2.4390020000E-04  -2.9979290000E-04   1.2594900000E-04
   34      3.2868124900E-02  -5.0164030000E-04   4.2489470000E-04   1.2812900000E-04  -2.1727940000E-04
   35      3.8284323300E-02   9.3229950000E-04  -2.5808000000E-06   6.7727110000E-04   3.7506230000E-04
   36      9.3229950000E-04   2.0657210950E-01  -9.7456574000E-02  -1.2236565930E-01  -9.2873320000E-04
   37     -2.5808000000E-06  -9.7456574000E-02   1.0982984440E-01   7.0974755500E-02   2.4560243300E-02
   38      6.7727110000E-04  -1.2236565930E-01   7.0974755500E-02   9.4622644800E-02   2.6480600000E-04
