*************************************************
******************* ORCA 6.1.0 ******************
*************************************************
$Calculation_Status
   &GeometryIndex 0
   &version [&Type "String"] "6.1.0"
   &progName [&Type "String"] "orca"
   &Status [&Type "String"] "NORMAL TERMINATION"
$End
$Geometry
   &GeometryIndex 1
   &NAtoms [&Type "Integer"] 16
   &NCorelessECP [&Type "Integer"] 0
   &NGhostAtoms [&Type "Integer"] 0
   &CartesianCoordinates [&Type "Coordinates", &Dim(16,4), &Units "Bohr"] 
              C      0.000000000000    0.000000000000    0.000000000000
              C      2.645616587490    0.000000000000    0.000000000000
              C      3.968424881235    2.291171994907    0.000000000000
              C      6.614041468724    2.291171994907    0.000000000000
              C      4.539101386691    1.572390093430    3.530146368173
              C      2.074940082033    0.718780011751    3.530146368173
              H     -1.501729453831   -1.227006737660   -0.636045911881
              H     -1.501729453831    0.880616157860   -1.065183819634
              H      3.666068699807   -1.767474081139    0.000000000000
              H      2.947972768917    4.058646076046    0.000000000000
              H      8.115770922555    3.518176842840   -0.636045911881
              H      8.115770922555    1.410555837047   -1.065183819634
              H      0.926855866630    1.459203056913    5.046379470081
              H      1.630892235084   -0.573174723406    5.046379470081
              H      5.687185602094    0.831967048268    5.046379470081
              Br     5.336745339189    3.893124963976    6.253750063483
$End
$Single_Point_Data
   &GeometryIndex 1
   &FinalEnergy [&Type "Double"]      -2.0892796586010000e+01  "Final single point energy"
   &Converged [&Type "Boolean"] true
$End
$Hessian
   &GeometryIndex 1
   &HESSIAN [&Type "ArrayOfDoubles", &Dim (48,48)] "The Hessian"
                                                         0                           1                           2                           3                           4                           5                           6                           7

0                                      6.5599350229999998e-01         3.8099193000000003e-02         2.0393565759999999e-01        -3.2333235910000002e-01         1.9517722200000000e-02         1.1686085409999999e-01        -3.9730771900000003e-02        -8.5008887000000005e-03
1                                      3.8099193000000003e-02         2.3085657170000001e-01        -2.2816257499999999e-02        -8.8138535999999993e-03        -5.7317792200000002e-02         3.1312590000000000e-03        -2.6049229699999999e-02         3.2550189999999999e-04
2                                      2.0393565759999999e-01        -2.2816257499999999e-02         1.2254880670000000e-01        -7.7133402200000006e-02        -9.4867370999999999e-03        -2.7940677300000001e-02         4.9823302000000002e-03         8.6050532000000006e-03
3                                     -3.2333235910000002e-01        -8.8138535999999993e-03        -7.7133402200000006e-02         5.8758765489999998e-01         1.9349941900000001e-02        -2.3395170000000002e-03        -1.0832940510000000e-01        -1.1639189849999999e-01
4                                      1.9517722200000000e-02        -5.7317792200000002e-02        -9.4867370999999999e-03         1.9349941900000001e-02         6.3882392030000001e-01         1.0118862000000001e-03        -1.1958713130000000e-01        -2.9780052439999999e-01
5                                      1.1686085409999999e-01         3.1312590000000000e-03        -2.7940677300000001e-02        -2.3395170000000002e-03         1.0118862000000001e-03        -6.7378613200000007e-02        -2.9675789899999999e-02        -2.9821363399999998e-02
6                                     -3.9730771900000003e-02        -2.6049229699999999e-02         4.9823302000000002e-03        -1.0832940510000000e-01        -1.1958713130000000e-01        -2.9675789899999999e-02         5.9710311309999997e-01         2.0666050900000000e-02
7                                     -8.5008887000000005e-03         3.2550189999999999e-04         8.6050532000000006e-03        -1.1639189849999999e-01        -2.9780052439999999e-01        -2.9821363399999998e-02         2.0666050900000000e-02         6.3701195720000003e-01
8                                      1.0797760300000001e-02         2.9548430000000000e-03         1.9130973400000001e-02         3.1210149300000000e-02         2.5333016600000001e-02        -4.2774850500000003e-02        -1.8794637000000001e-03        -5.8086669000000004e-03
9                                      4.1777231999999996e-03        -1.8080685999999999e-03        -1.9299646899999998e-02        -3.8315271200000001e-02        -9.8752110999999997e-03        -8.4433222000000006e-03        -3.2810603540000000e-01         1.8255338400000001e-02
10                                    -1.0005389999999999e-03        -2.1266240000000001e-03        -5.7258210000000001e-04        -2.3697605600000001e-02        -4.1080760000000000e-04         2.5183109999999997e-04        -6.4277518999999997e-03        -6.0503453100000000e-02
11                                     2.6237581900000001e-02         5.2418958999999998e-03         1.5764040000000000e-02        -4.1071180000000002e-04        -1.7067264999999999e-03         2.7887724999999999e-03         6.1431129799999998e-02         3.3897812999999998e-03
12                                     3.6542279699999999e-02         1.7901351000000000e-03        -1.8580139000000000e-03        -3.3923743800000003e-02        -2.1402917399999999e-02        -5.2187895499999998e-02         1.7677226700000000e-02         1.1943303600000000e-02
13                                     8.3044535999999992e-03        -1.4765259999999999e-03        -9.2339736000000006e-03        -1.7678964500000002e-02        -3.1810460999999999e-03        -2.9519307500000001e-02         2.0143944699999999e-02        -8.1796585000000008e-03
14                                    -4.4417649400000002e-02        -7.1186951999999996e-03        -9.1998996999999999e-03        -1.5359331699999999e-02        -1.9093767000000001e-02         1.0859864200000000e-02        -5.7385565299999997e-02         3.8135885999999999e-03
15                                     1.7444119000000001e-03        -2.0701239000000000e-03         8.7966386000000001e-03         2.8915287299999998e-02         1.5363996200000000e-02        -2.3369963399999999e-02        -2.9159204700000000e-02        -2.2743841000000001e-02
16                                    -2.2312807899999999e-02         9.0160701000000006e-03         5.9242631000000004e-03         1.8648837500000001e-02        -1.0938829500000000e-02         3.8638713499999998e-02        -1.3909358999999999e-03         2.4296626000000002e-03
17                                    -1.4189219589999999e-01         5.1704923999999998e-03         9.2459262000000007e-03         7.5536458500000001e-02         5.9271983000000004e-03         1.3015208319999999e-01         2.0958311000000000e-02         1.6033126200000001e-02
18                                    -1.5515558609999999e-01        -1.0537394210000001e-01        -4.7347946699999997e-02        -1.1067422900000000e-02        -2.7041978099999999e-02        -3.7371345999999998e-03        -4.3847881000000002e-03         2.7268296999999999e-03
19                                    -1.3906492570000001e-01        -1.2037074530000000e-01        -6.2914609900000001e-02         3.1021858000000002e-03        -2.2035766999999999e-03         3.5930471999999999e-03        -4.9826777000000003e-03        -1.9892419000000000e-03
20                                    -5.9345724599999997e-02        -5.6711075600000001e-02        -3.6243414500000001e-02         3.6104730999999999e-03         1.0273827999999999e-03         8.0295200000000001e-04        -1.9632711000000000e-03        -1.1961038000000001e-03
21                                    -1.5371193929999999e-01         7.9281398399999994e-02        -8.6175757100000000e-02        -1.6202127300000001e-02         2.1766658599999999e-02        -1.4944192699999999e-02         3.9917533999999999e-03         6.7206589999999999e-04
22                                     1.0469487930000000e-01        -6.0798852600000002e-02         7.6211047599999998e-02        -9.2131570000000005e-04        -5.1551360999999999e-03        -1.0559672000000000e-03         2.1254825999999999e-03        -2.1954409999999998e-03
23                                    -1.2251982870000000e-01         7.0233869899999996e-02        -8.3762675499999995e-02         1.0941378999999999e-02         9.5733329999999998e-04         1.9150792500000000e-02         6.8725480000000005e-04         1.8479319000000000e-03
24                                    -2.4305132100000001e-02         1.8996719700000001e-02        -7.3011975999999999e-03        -9.9486691399999994e-02         1.0787768360000000e-01        -2.2951502000000002e-03         5.6336475999999996e-03        -8.8642466999999999e-03
25                                     5.6942069999999997e-03         3.2338398999999999e-03         2.3123179999999998e-03         1.0623607380000000e-01        -2.3517433369999999e-01         2.3063603000000000e-03         1.1427298200000000e-02        -2.7322578500000000e-02
26                                    -8.4378618999999995e-03         5.2661772000000004e-03         5.6263053000000004e-03         4.0186750999999998e-03         4.1891669000000001e-03        -2.2585558400000001e-02        -1.9840595000000000e-03         1.8793446000000000e-03
27                                     2.3868250000000000e-04        -1.4977280000000000e-04         6.2282599999999999e-05         5.2164365999999998e-03        -9.2932842999999994e-03         1.3788785000000000e-03        -9.9245401200000000e-02         1.0874869950000000e-01
28                                     1.4025334000000000e-03         3.3282871000000001e-03         4.3436130000000002e-04         1.1232122000000001e-02        -2.7779521299999999e-02        -9.4685579999999997e-04         1.0656585670000000e-01        -2.3497252930000001e-01
29                                    -1.4140664000000000e-03         7.6027820000000004e-04        -3.3971540000000001e-04         1.5338959000000001e-03        -2.6117625999999999e-03         2.4804739999999999e-03        -3.3047727999999999e-03        -3.3672562000000000e-03
30                                    -6.2305399999999995e-04         1.2400009000000001e-03         1.1465075999999999e-03        -5.0457747999999997e-03         2.3438147999999999e-03         2.7450637000000001e-03        -1.0810636000000000e-02        -2.7117408499999999e-02
31                                    -1.5417874999999999e-03        -4.9303360000000002e-04        -1.2075224000000001e-03        -4.5396261999999998e-03        -2.3301201999999998e-03        -1.2368132999999999e-03         3.9360122999999997e-03        -1.1235214999999999e-03
32                                     2.4420544000000001e-03         2.1999650999999999e-03         1.4896255000000000e-03         1.5132187000000000e-03         1.4699186000000000e-03         4.9741663999999996e-03        -4.4242083000000003e-03        -1.5939382000000001e-03
33                                     1.2933066999999999e-03        -2.0558528000000002e-03         5.8955979999999997e-04         3.0861730000000002e-03         5.6864850000000000e-04        -1.5285259000000001e-03        -1.5749748700000000e-02         2.2030508599999998e-02
34                                     3.1157900000000002e-05         1.2342631000000000e-03         4.4891050000000002e-04         1.6223000999999999e-03        -2.5559686999999998e-03        -2.1953329999999999e-04        -1.7696556000000000e-03        -5.1011329000000003e-03
35                                     1.6099589000000000e-03        -1.1438125000000001e-03         4.1965238999999996e-03        -1.4507895000000000e-03        -1.5061311000000000e-03        -7.8178069999999995e-04        -9.1313027999999994e-03        -7.6872810000000002e-04
36                                    -1.2879590300000000e-02         1.7362224999999999e-03         3.9875469999999999e-04         2.6549071999999998e-03        -1.2982380000000000e-04         1.7249026399999999e-02         2.2536883999999999e-03         1.7522419000000000e-03
37                                    -1.1837970700000000e-02         4.7172615000000001e-03         9.0611019999999997e-03         9.4012390000000005e-03        -2.2353814000000000e-03         1.1244590299999999e-02        -6.7572219999999998e-04        -2.5709994000000002e-03
38                                    -1.2108621900000000e-02        -1.7555238000000000e-03        -3.9421559999999996e-03         1.2632499000000000e-03         2.6172350000000001e-04         1.8485270299999999e-02         2.3462069999999999e-03         6.1391416999999997e-03
39                                     5.1317695000000002e-03         1.4445318000000000e-03         8.0504067999999998e-03         3.3575295999999999e-03        -1.0181137000000000e-03        -2.0552370000000001e-03         2.4194021999999998e-03         6.5106620000000002e-04
40                                     1.1232445000000001e-02        -6.0889352000000002e-03        -3.6651517000000000e-03        -6.0492050999999998e-03         4.3216935000000003e-03        -6.1347084999999997e-03         2.7758429999999998e-04         2.2681453000000002e-03
41                                     1.7410518400000002e-02        -2.8056425999999999e-03        -4.8484634999999996e-03        -1.2062205499999999e-02         3.6946635000000001e-03        -1.7376807399999999e-02         1.2665718899999999e-02         4.2699271000000002e-03
42                                     7.1122783999999998e-03         2.6620300000000001e-04         3.7274978000000000e-03         1.2946762000000001e-03        -4.5300739999999998e-04        -3.7941067000000000e-03         5.5435073999999997e-03        -1.9381220000000001e-04
43                                     3.0918590999999998e-03        -2.6104203000000001e-03         8.3000580000000003e-04         1.5192054000000000e-03        -3.5416330000000000e-04         2.9835199999999999e-04         6.7155343999999997e-03        -3.2012770999999998e-03
44                                     6.6659737999999998e-03        -2.0812420000000001e-03        -7.4376123000000002e-03        -1.1764569500000000e-02        -7.3280877999999999e-03        -5.3236945000000001e-03         5.9991321000000004e-03        -1.7895189000000000e-03
45                                    -2.4955213999999998e-03         3.4664390000000000e-03         7.4263285999999996e-03         3.5901306000000002e-03         2.0130013000000000e-03         6.1370124999999996e-03         8.9365210000000002e-04        -3.6340090000000001e-03
46                                    -7.8095309000000002e-03        -1.4288661000000000e-03         6.0697729000000001e-03         6.9805635999999997e-03         4.2915872000000004e-03         8.4585094999999992e-03        -1.0974659700000000e-02         2.9250906000000002e-03
47                                     4.1755893999999997e-03        -5.2653159999999999e-04        -4.2875867999999998e-03        -9.1069723000000002e-03        -2.1390774999999998e-03        -5.5323932000000001e-03         6.7834950000000003e-04        -1.6323189999999999e-03
                                                         8                           9                          10                          11                          12                          13                          14                          15

0                                      1.0797760300000001e-02         4.1777231999999996e-03        -1.0005389999999999e-03         2.6237581900000001e-02         3.6542279699999999e-02         8.3044535999999992e-03        -4.4417649400000002e-02         1.7444119000000001e-03
1                                      2.9548430000000000e-03        -1.8080685999999999e-03        -2.1266240000000001e-03         5.2418958999999998e-03         1.7901351000000000e-03        -1.4765259999999999e-03        -7.1186951999999996e-03        -2.0701239000000000e-03
2                                      1.9130973400000001e-02        -1.9299646899999998e-02        -5.7258210000000001e-04         1.5764040000000000e-02        -1.8580139000000000e-03        -9.2339736000000006e-03        -9.1998996999999999e-03         8.7966386000000001e-03
3                                      3.1210149300000000e-02        -3.8315271200000001e-02        -2.3697605600000001e-02        -4.1071180000000002e-04        -3.3923743800000003e-02        -1.7678964500000002e-02        -1.5359331699999999e-02         2.8915287299999998e-02
4                                      2.5333016600000001e-02        -9.8752110999999997e-03        -4.1080760000000000e-04        -1.7067264999999999e-03        -2.1402917399999999e-02        -3.1810460999999999e-03        -1.9093767000000001e-02         1.5363996200000000e-02
5                                     -4.2774850500000003e-02        -8.4433222000000006e-03         2.5183109999999997e-04         2.7887724999999999e-03        -5.2187895499999998e-02        -2.9519307500000001e-02         1.0859864200000000e-02        -2.3369963399999999e-02
6                                     -1.8794637000000001e-03        -3.2810603540000000e-01        -6.4277518999999997e-03         6.1431129799999998e-02         1.7677226700000000e-02         2.0143944699999999e-02        -5.7385565299999997e-02        -2.9159204700000000e-02
7                                     -5.8086669000000004e-03         1.8255338400000001e-02        -6.0503453100000000e-02         3.3897812999999998e-03         1.1943303600000000e-02        -8.1796585000000008e-03         3.8135885999999999e-03        -2.2743841000000001e-02
8                                     -6.0904072900000002e-02        -1.1352584970000000e-01        -4.1920320000000000e-03        -3.6266833200000001e-02         3.5007440799999998e-02        -3.0646166499999999e-02         1.2350353980000001e-01         3.7893796100000002e-02
9                                     -1.1352584970000000e-01         6.6021840150000000e-01         4.0645182500000002e-02        -2.0703561020000000e-01         5.4135546000000003e-03        -2.6516293100000001e-02         1.3173212510000001e-01         3.4557163500000002e-02
10                                    -4.1920320000000000e-03         4.0645182500000002e-02         2.3124906160000000e-01         1.6720029700000000e-02         1.6999531000000000e-03         1.4520312299999999e-02         3.4406914999999998e-03        -5.0147018999999998e-03
11                                    -3.6266833200000001e-02        -2.0703561020000000e-01         1.6720029700000000e-02         1.4972780840000000e-01         9.2498735999999998e-03        -4.9864919999999995e-04        -1.7286364900000000e-02        -1.1498867100000001e-02
12                                     3.5007440799999998e-02         5.4135546000000003e-03         1.6999531000000000e-03         9.2498735999999998e-03         5.0720983200000003e-01         3.5310918800000000e-02         8.3251698499999999e-02        -3.7089047720000001e-01
13                                    -3.0646166499999999e-02        -2.6516293100000001e-02         1.4520312299999999e-02        -4.9864919999999995e-04         3.5310918800000000e-02         1.4434329180000000e-01        -3.7448129599999998e-02        -6.8078129599999995e-02
14                                     1.2350353980000001e-01         1.3173212510000001e-01         3.4406914999999998e-03        -1.7286364900000000e-02         8.3251698499999999e-02        -3.7448129599999998e-02         1.6458092780000000e-01        -3.2433205200000002e-02
15                                     3.7893796100000002e-02         3.4557163500000002e-02        -5.0147018999999998e-03        -1.1498867100000001e-02        -3.7089047720000001e-01        -6.8078129599999995e-02        -3.2433205200000002e-02         5.1457327009999998e-01
16                                     1.6135505099999999e-02         4.0243463000000004e-03        -2.0289226000000000e-03        -1.0265547800000000e-02        -1.0542038440000000e-01        -5.6662648900000001e-02        -1.1677571400000000e-02         1.0454217510000000e-01
17                                    -8.9694050999999993e-03         3.5469251600000001e-02         3.9125825999999997e-03        -9.7161994000000002e-03         4.8338870200000002e-02         2.3373985399999998e-02        -5.3845308600000003e-02        -1.2461027810000000e-01
18                                    -2.7510464000000002e-03        -1.0165145000000000e-03         1.0037083000000000e-03        -1.8602420000000000e-03        -2.6532779999999999e-04         1.8160328000000000e-03         1.7311684000000001e-03        -1.8689055000000001e-03
19                                     1.1402373000000000e-03        -1.2938108999999999e-03        -8.1340299999999998e-05         1.8938645000000000e-03         1.5081159000000001e-03        -6.2382599999999996e-04        -1.1424091999999999e-03         2.9263508000000001e-03
20                                     5.4641435000000000e-03        -2.8472070000000000e-03        -2.0453950000000002e-03         2.2964711000000000e-03         7.1009002000000003e-03         3.7942690999999999e-03        -5.3264090000000000e-04         2.8350407999999999e-03
21                                     1.6419722000000001e-03         1.1036925000000000e-03        -2.3425618999999998e-03        -9.6468900000000002e-04         8.5928209999999998e-04         9.8904960000000008e-04         3.6613529000000000e-03        -3.8247759999999998e-03
22                                     1.0907927000000000e-03         5.7290260000000001e-04         1.3666891000000000e-03        -4.5191269999999997e-04         4.8714659999999998e-04        -7.0893560000000004e-04        -1.1178630000000000e-04        -2.7206718999999999e-03
23                                    -9.5725840000000003e-04        -1.4447977000000001e-03         1.7441531000000001e-03         4.6652287000000002e-03         5.4523643999999996e-03        -8.7208700000000001e-04        -1.0885334199999999e-02         4.1076723999999998e-03
24                                    -1.0189196000000001e-03         2.7643610000000000e-04        -1.9886329999999999e-04        -5.5278070000000002e-04        -3.7847800000000000e-05        -4.2097600000000002e-05         1.8423806000000000e-03        -1.0882874000000000e-03
25                                     9.2176610000000000e-04         1.2739502999999999e-03         3.3611660000000001e-03        -1.2987960000000000e-04         4.7297879999999999e-04        -8.0977390000000005e-04        -1.3266750000000000e-04         1.0232390000000000e-04
26                                     2.2043583000000001e-03         9.8510190000000004e-04        -1.4839454999999999e-03         2.2092999999999999e-04         2.4230736000000002e-03         1.5296044999999999e-03        -2.8227357000000001e-03         4.8597750999999998e-03
27                                     2.6229897999999999e-03        -2.3902693400000001e-02         1.8777380300000000e-02         7.5706712999999998e-03        -1.3403887999999999e-03         2.2595024000000002e-03        -4.3416024000000001e-03        -5.7300139999999999e-04
28                                    -1.9812978000000002e-03         5.3610456999999999e-03         3.4050005000000002e-03        -2.0402242999999999e-03         3.1911759999999999e-04        -2.0090455999999999e-03         2.1449691000000001e-03        -8.5500800000000006e-05
29                                    -2.1900180299999999e-02         7.9771674000000004e-03        -4.6554849000000004e-03         4.4650469000000002e-03        -5.4307727999999998e-03         8.3387072000000000e-03        -1.5356632699999999e-02        -1.4208185999999999e-03
30                                     4.8163362999999997e-03        -1.5516919890000000e-01        -1.0571104219999999e-01         4.7813629900000001e-02        -1.5014188000000001e-03        -1.9908149999999999e-04         7.3485409999999999e-04        -1.3378100000000000e-03
31                                    -4.6509078000000004e-03        -1.4027057520000000e-01        -1.2123946060000000e-01         6.1929947899999997e-02         2.5194031000000000e-03        -9.7408320000000000e-04         1.3989585000000000e-03         2.1361047000000000e-03
32                                     1.2102815000000001e-03         6.0064741400000003e-02         5.6090760099999998e-02        -3.5256458999999997e-02        -3.0281033000000000e-03        -4.6821564000000000e-03        -5.6731422999999996e-03        -6.2664592000000003e-03
33                                     1.5110085100000000e-02        -1.5339369059999999e-01         7.8926721500000005e-02         8.5788739899999994e-02        -2.3903243999999998e-03         1.7807402999999999e-03        -1.4219543999999999e-03        -2.0263630000000001e-04
34                                     2.4974947000000001e-03         1.0488701920000000e-01        -5.9176919600000003e-02        -7.5979975100000000e-02        -1.1914474999999999e-03         4.7131499999999998e-04         1.9932086000000000e-03         1.3722483000000001e-03
35                                     1.8910241000000001e-02         1.2278625730000001e-01        -7.1048500599999995e-02        -8.4370080000000000e-02        -2.8657219999999998e-03         8.9769541999999997e-03        -2.0954116599999999e-02        -7.8989546000000008e-03
36                                     3.6487830000000001e-03         4.2926107000000003e-03         1.6960519999999999e-04        -7.9057320000000000e-04        -4.0326599300000002e-02         1.5196903700000000e-02         7.7724928000000000e-03        -8.5495826499999997e-02
37                                     1.9626625000000002e-03         5.9658317999999998e-03        -2.3356627999999999e-03        -7.1866689999999995e-04        -2.2252433299999999e-02        -3.6284728000000000e-03         4.0512270000000002e-04         7.3915640099999999e-02
38                                    -9.7569800000000002e-05        -2.1407649000000002e-03         9.1624930000000005e-04         6.2743931000000001e-03         8.0526998000000002e-03         1.0088834000000001e-03        -5.2595945000000000e-03         1.2097278710000001e-01
39                                    -6.6941314999999996e-03        -2.0164381000000002e-03         2.8476737000000000e-03        -6.7370648000000003e-03        -2.3929316600000000e-02        -3.8060098500000000e-02         2.0294666499999999e-02        -2.8163169100000000e-02
40                                    -2.3960660000000000e-04        -2.4660929999999999e-03        -2.1127642000000001e-03         1.5994659999999999e-04         2.2583959000000002e-03        -2.8767276000000001e-03         7.7800706999999998e-03        -5.2733405099999998e-02
41                                    -1.9969326999999999e-02        -1.3650567799999999e-02        -8.5604390000000000e-04        -4.0283067000000004e-03         4.9983718999999996e-03         4.1818421999999999e-03         1.6023003500000001e-02         3.5629176700000001e-02
42                                    -1.4767008800000000e-02        -1.0160351600000001e-02         3.1158266000000001e-03        -6.0337797000000002e-03        -9.4469432500000006e-02         5.0612850899999999e-02        -9.7357111199999999e-02        -3.8601417999999998e-02
43                                    -7.4191179999999997e-03        -5.8666494000000000e-03         1.7908379999999999e-03        -5.2735747999999999e-03         7.0461572799999997e-02        -3.8477417700000002e-02         1.2855794000000001e-01        -1.7290738699999999e-02
44                                     1.7577639300000000e-02         8.4590693999999998e-03        -1.0973171000000000e-03        -1.8567312000000000e-03        -1.4635328170000000e-01         1.0204584670000000e-01        -1.3146599919999999e-01         1.2316511200000000e-02
45                                    -2.1128930999999998e-03         2.0406115000000001e-03        -2.7929855000000002e-03        -2.2073078999999998e-03         1.3727016000000000e-03         1.4160268000000000e-02         1.6956808000000000e-03        -1.8584620699999999e-02
46                                     2.9014775000000001e-03         7.1110844999999999e-03        -5.6771126000000000e-03         7.7296908999999999e-03         2.1496141300000000e-02        -3.9726757299999998e-02        -7.2809523299999998e-02        -2.9621726099999999e-02
47                                     3.8383203000000002e-03         9.1405230000000004e-04         2.8750036999999999e-03         2.5782835000000000e-03         7.8484961999999991e-03        -4.0349622900000000e-02        -4.1685566200000003e-02        -1.9912851799999999e-02
                                                        16                          17                          18                          19                          20                          21                          22                          23

0                                     -2.2312807899999999e-02        -1.4189219589999999e-01        -1.5515558609999999e-01        -1.3906492570000001e-01        -5.9345724599999997e-02        -1.5371193929999999e-01         1.0469487930000000e-01        -1.2251982870000000e-01
1                                      9.0160701000000006e-03         5.1704923999999998e-03        -1.0537394210000001e-01        -1.2037074530000000e-01        -5.6711075600000001e-02         7.9281398399999994e-02        -6.0798852600000002e-02         7.0233869899999996e-02
2                                      5.9242631000000004e-03         9.2459262000000007e-03        -4.7347946699999997e-02        -6.2914609900000001e-02        -3.6243414500000001e-02        -8.6175757100000000e-02         7.6211047599999998e-02        -8.3762675499999995e-02
3                                      1.8648837500000001e-02         7.5536458500000001e-02        -1.1067422900000000e-02         3.1021858000000002e-03         3.6104730999999999e-03        -1.6202127300000001e-02        -9.2131570000000005e-04         1.0941378999999999e-02
4                                     -1.0938829500000000e-02         5.9271983000000004e-03        -2.7041978099999999e-02        -2.2035766999999999e-03         1.0273827999999999e-03         2.1766658599999999e-02        -5.1551360999999999e-03         9.5733329999999998e-04
5                                      3.8638713499999998e-02         1.3015208319999999e-01        -3.7371345999999998e-03         3.5930471999999999e-03         8.0295200000000001e-04        -1.4944192699999999e-02        -1.0559672000000000e-03         1.9150792500000000e-02
6                                     -1.3909358999999999e-03         2.0958311000000000e-02        -4.3847881000000002e-03        -4.9826777000000003e-03        -1.9632711000000000e-03         3.9917533999999999e-03         2.1254825999999999e-03         6.8725480000000005e-04
7                                      2.4296626000000002e-03         1.6033126200000001e-02         2.7268296999999999e-03        -1.9892419000000000e-03        -1.1961038000000001e-03         6.7206589999999999e-04        -2.1954409999999998e-03         1.8479319000000000e-03
8                                      1.6135505099999999e-02        -8.9694050999999993e-03        -2.7510464000000002e-03         1.1402373000000000e-03         5.4641435000000000e-03         1.6419722000000001e-03         1.0907927000000000e-03        -9.5725840000000003e-04
9                                      4.0243463000000004e-03         3.5469251600000001e-02        -1.0165145000000000e-03        -1.2938108999999999e-03        -2.8472070000000000e-03         1.1036925000000000e-03         5.7290260000000001e-04        -1.4447977000000001e-03
10                                    -2.0289226000000000e-03         3.9125825999999997e-03         1.0037083000000000e-03        -8.1340299999999998e-05        -2.0453950000000002e-03        -2.3425618999999998e-03         1.3666891000000000e-03         1.7441531000000001e-03
11                                    -1.0265547800000000e-02        -9.7161994000000002e-03        -1.8602420000000000e-03         1.8938645000000000e-03         2.2964711000000000e-03        -9.6468900000000002e-04        -4.5191269999999997e-04         4.6652287000000002e-03
12                                    -1.0542038440000000e-01         4.8338870200000002e-02        -2.6532779999999999e-04         1.5081159000000001e-03         7.1009002000000003e-03         8.5928209999999998e-04         4.8714659999999998e-04         5.4523643999999996e-03
13                                    -5.6662648900000001e-02         2.3373985399999998e-02         1.8160328000000000e-03        -6.2382599999999996e-04         3.7942690999999999e-03         9.8904960000000008e-04        -7.0893560000000004e-04        -8.7208700000000001e-04
14                                    -1.1677571400000000e-02        -5.3845308600000003e-02         1.7311684000000001e-03        -1.1424091999999999e-03        -5.3264090000000000e-04         3.6613529000000000e-03        -1.1178630000000000e-04        -1.0885334199999999e-02
15                                     1.0454217510000000e-01        -1.2461027810000000e-01        -1.8689055000000001e-03         2.9263508000000001e-03         2.8350407999999999e-03        -3.8247759999999998e-03        -2.7206718999999999e-03         4.1076723999999998e-03
16                                     2.5084305239999999e-01        -6.2932626899999997e-02        -7.9604540000000003e-04        -1.1172250000000001e-04         4.4076755000000004e-03         5.7913949999999995e-04        -3.6147419999999999e-04        -6.0117093000000002e-03
17                                    -6.2932626899999997e-02         2.6242509910000000e-01        -5.9678710000000002e-04        -2.1229625000000001e-03        -3.8939860999999999e-03         2.2883347000000002e-03        -1.8863847000000001e-03        -2.3750491200000001e-02
18                                    -7.9604540000000003e-04        -5.9678710000000002e-04         1.4477811209999999e-01         1.3349909950000000e-01         5.5625785200000000e-02         2.6017021800000002e-02        -7.6147489999999996e-03        -1.3968277000000000e-03
19                                    -1.1172250000000001e-04        -2.1229625000000001e-03         1.3349909950000000e-01         2.0992399689999999e-01         2.9143433300000000e-02         7.5766888000000001e-03        -9.2344961300000000e-02         3.1560959200000002e-02
20                                     4.4076755000000004e-03        -3.8939860999999999e-03         5.5625785200000000e-02         2.9143433300000000e-02         3.7718400000000003e-04        -4.6183211000000004e-03         1.9052873900000000e-02         3.4574839099999997e-02
21                                     5.7913949999999995e-04         2.2883347000000002e-03         2.6017021800000002e-02         7.5766888000000001e-03        -4.6183211000000004e-03         1.4310844910000001e-01        -1.0143483550000000e-01         1.0259101440000000e-01
22                                    -3.6147419999999999e-04        -1.8863847000000001e-03        -7.6147489999999996e-03        -9.2344961300000000e-02         1.9052873900000000e-02        -1.0143483550000000e-01         1.5520731939999999e-01        -9.3782227100000004e-02
23                                    -6.0117093000000002e-03        -2.3750491200000001e-02        -1.3968277000000000e-03         3.1560959200000002e-02         3.4574839099999997e-02         1.0259101440000000e-01        -9.3782227100000004e-02         4.8543731800000003e-02
24                                     1.5435793999999999e-03         4.5949086999999998e-03         4.7884668999999998e-03        -1.1556831000000000e-03         1.0995024000000000e-03        -5.1152137000000002e-03         6.5735799999999999e-03         3.2365924000000001e-03
25                                    -1.4563193999999999e-03        -2.7452529000000000e-03        -6.9048609999999996e-04         6.0623960000000005e-04        -1.1470148999999999e-03        -8.4752020000000000e-04        -1.3052246000000000e-03        -2.3877550000000000e-04
26                                    -7.0552247000000004e-03        -1.6708089100000000e-02         1.4271139999999999e-03         1.6265000000000000e-06        -3.4479377000000001e-03        -3.0692496999999998e-03         7.2963759999999998e-04         3.8966315000000000e-03
27                                    -9.5705200000000007e-05        -1.2548349999999999e-03        -1.7046441000000000e-03        -7.9550379999999998e-04         4.9977110000000002e-04         1.8044666000000000e-03        -8.6861610000000004e-04        -5.6426280000000000e-04
28                                    -7.9914470000000003e-04        -5.9977450000000003e-04         9.0742599999999994e-05        -7.5811620000000004e-04        -1.1793055000000000e-03         1.1395470000000000e-04        -3.1375439999999999e-04         1.3335972000000000e-03
29                                    -3.4527439999999999e-04        -2.4971752000000000e-03         3.8561230000000001e-04        -1.2646718000000000e-03        -1.9338559000000000e-03        -5.0080000000000004e-07        -5.0043600000000003e-05         1.7095204000000001e-03
30                                     1.3044977000000000e-03        -1.9645509000000001e-03        -3.2487324000000000e-03         1.8020747999999999e-03         1.0472439000000001e-03         9.6030479999999999e-04         2.0015914000000002e-03         9.4619389999999999e-04
31                                    -8.6555729999999997e-04         1.8068699000000001e-03         1.7315560000000000e-03        -4.8643789999999997e-04        -1.7249736999999999e-03        -2.6323834000000000e-03         2.1522122000000002e-03         1.2756931000000001e-03
32                                    -3.7997949999999999e-03        -5.6705220000000003e-04        -9.7740770000000004e-04         1.6589141000000001e-03         1.2560448000000001e-03        -2.4572990000000001e-04         1.7438760000000001e-03         2.2791869999999998e-03
33                                    -2.1829999999999999e-04        -3.5038244000000001e-03         8.9048540000000002e-04        -2.5330208999999998e-03         4.1015289999999998e-04         3.0461520000000001e-04        -2.8364141999999998e-03         2.4357870000000001e-04
34                                    -9.6416530000000000e-04        -1.5382926999999999e-03         2.1376627000000000e-03         2.0512236999999998e-03        -1.9286055000000001e-03        -2.9573427000000002e-03         9.1206709999999995e-04         2.1642686999999998e-03
35                                    -8.8640799999999993e-05        -9.7113983000000001e-03        -1.2324040999999999e-03        -1.0187995999999999e-03         2.6082659000000001e-03         4.5200000000000002e-07        -2.1072967000000001e-03         5.5774280000000002e-04
36                                     4.5208933299999997e-02         1.0126487640000000e-01        -2.7964800000000000e-05         1.4292533000000000e-03        -1.8389296000000000e-03         7.1165080000000003e-04         2.2192152000000001e-03        -3.0115631000000001e-03
