
$orca_hessian_file

$act_atom
  0

$act_coord
  0

$act_energy
      -20.892797

$multiplicity
  1

$hessian
48
                    0                  1                  2                  3                  4        
    0      6.5599350230E-01   3.8099193000E-02   2.0393565760E-01  -3.2333235910E-01   1.9517722200E-02
    1      3.8099193000E-02   2.3085657170E-01  -2.2816257500E-02  -8.8138536000E-03  -5.7317792200E-02
    2      2.0393565760E-01  -2.2816257500E-02   1.2254880670E-01  -7.7133402200E-02  -9.4867371000E-03
    3     -3.2333235910E-01  -8.8138536000E-03  -7.7133402200E-02   5.8758765490E-01   1.9349941900E-02
    4      1.9517722200E-02  -5.7317792200E-02  -9.4867371000E-03   1.9349941900E-02   6.3882392030E-01
    5      1.1686085410E-01   3.1312590000E-03  -2.7940677300E-02  -2.3395170000E-03   1.0118862000E-03
    6     -3.9730771900E-02  -2.6049229700E-02   4.9823302000E-03  -1.0832940510E-01  -1.1958713130E-01
    7     -8.5008887000E-03   3.2550190000E-04   8.6050532000E-03  -1.1639189850E-01  -2.9780052440E-01
    8      1.0797760300E-02   2.9548430000E-03   1.9130973400E-02   3.1210149300E-02   2.5333016600E-02
    9      4.1777232000E-03  -1.8080686000E-03  -1.9299646900E-02  -3.8315271200E-02  -9.8752111000E-03
   10     -1.0005390000E-03  -2.1266240000E-03  -5.7258210000E-04  -2.3697605600E-02  -4.1080760000E-04
   11      2.6237581900E-02   5.2418959000E-03   1.5764040000E-02  -4.1071180000E-04  -1.7067265000E-03
   12      3.6542279700E-02   1.7901351000E-03  -1.8580139000E-03  -3.3923743800E-02  -2.1402917400E-02
   13      8.3044536000E-03  -1.4765260000E-03  -9.2339736000E-03  -1.7678964500E-02  -3.1810461000E-03
   14     -4.4417649400E-02  -7.1186952000E-03  -9.1998997000E-03  -1.5359331700E-02  -1.9093767000E-02
   15      1.7444119000E-03  -2.0701239000E-03   8.7966386000E-03   2.8915287300E-02   1.5363996200E-02
   16     -2.2312807900E-02   9.0160701000E-03   5.9242631000E-03   1.8648837500E-02  -1.0938829500E-02
   17     -1.4189219590E-01   5.1704924000E-03   9.2459262000E-03   7.5536458500E-02   5.9271983000E-03
   18     -1.5515558610E-01  -1.0537394210E-01  -4.7347946700E-02  -1.1067422900E-02  -2.7041978100E-02
   19     -1.3906492570E-01  -1.2037074530E-01  -6.2914609900E-02   3.1021858000E-03  -2.2035767000E-03
   20     -5.9345724600E-02  -5.6711075600E-02  -3.6243414500E-02   3.6104731000E-03   1.0273828000E-03
   21     -1.5371193930E-01   7.9281398400E-02  -8.6175757100E-02  -1.6202127300E-02   2.1766658600E-02
   22      1.0469487930E-01  -6.0798852600E-02   7.6211047600E-02  -9.2131570000E-04  -5.1551361000E-03
   23     -1.2251982870E-01   7.0233869900E-02  -8.3762675500E-02   1.0941379000E-02   9.5733330000E-04
   24     -2.4305132100E-02   1.8996719700E-02  -7.3011976000E-03  -9.9486691400E-02   1.0787768360E-01
   25      5.6942070000E-03   3.2338399000E-03   2.3123180000E-03   1.0623607380E-01  -2.3517433370E-01
   26     -8.4378619000E-03   5.2661772000E-03   5.6263053000E-03   4.0186751000E-03   4.1891669000E-03
   27      2.3868250000E-04  -1.4977280000E-04   6.2282600000E-05   5.2164366000E-03  -9.2932843000E-03
   28      1.4025334000E-03   3.3282871000E-03   4.3436130000E-04   1.1232122000E-02  -2.7779521300E-02
   29     -1.4140664000E-03   7.6027820000E-04  -3.3971540000E-04   1.5338959000E-03  -2.6117626000E-03
   30     -6.2305400000E-04   1.2400009000E-03   1.1465076000E-03  -5.0457748000E-03   2.3438148000E-03
   31     -1.5417875000E-03  -4.9303360000E-04  -1.2075224000E-03  -4.5396262000E-03  -2.3301202000E-03
   32      2.4420544000E-03   2.1999651000E-03   1.4896255000E-03   1.5132187000E-03   1.4699186000E-03
   33      1.2933067000E-03  -2.0558528000E-03   5.8955980000E-04   3.0861730000E-03   5.6864850000E-04
   34      3.1157900000E-05   1.2342631000E-03   4.4891050000E-04   1.6223001000E-03  -2.5559687000E-03
   35      1.6099589000E-03  -1.1438125000E-03   4.1965239000E-03  -1.4507895000E-03  -1.5061311000E-03
   36     -1.2879590300E-02   1.7362225000E-03   3.9875470000E-04   2.6549072000E-03  -1.2982380000E-04
   37     -1.1837970700E-02   4.7172615000E-03   9.0611020000E-03   9.4012390000E-03  -2.2353814000E-03
   38     -1.2108621900E-02  -1.7555238000E-03  -3.9421560000E-03   1.2632499000E-03   2.6172350000E-04
   39      5.1317695000E-03   1.4445318000E-03   8.0504068000E-03   3.3575296000E-03  -1.0181137000E-03
   40      1.1232445000E-02  -6.0889352000E-03  -3.6651517000E-03  -6.0492051000E-03   4.3216935000E-03
   41      1.7410518400E-02  -2.8056426000E-03  -4.8484635000E-03  -1.2062205500E-02   3.6946635000E-03
   42      7.1122784000E-03   2.6620300000E-04   3.7274978000E-03   1.2946762000E-03  -4.5300740000E-04
   43      3.0918591000E-03  -2.6104203000E-03   8.3000580000E-04   1.5192054000E-03  -3.5416330000E-04
   44      6.6659738000E-03  -2.0812420000E-03  -7.4376123000E-03  -1.1764569500E-02  -7.3280878000E-03
   45     -2.4955214000E-03   3.4664390000E-03   7.4263286000E-03   3.5901306000E-03   2.0130013000E-03
   46     -7.8095309000E-03  -1.4288661000E-03   6.0697729000E-03   6.9805636000E-03   4.2915872000E-03
   47      4.1755894000E-03  -5.2653160000E-04  -4.2875868000E-03  -9.1069723000E-03  -2.1390775000E-03
                    5                  6                  7                  8                  9        
    0      1.1686085410E-01  -3.9730771900E-02  -8.5008887000E-03   1.0797760300E-02   4.1777232000E-03
    1      3.1312590000E-03  -2.6049229700E-02   3.2550190000E-04   2.9548430000E-03  -1.8080686000E-03
    2     -2.7940677300E-02   4.9823302000E-03   8.6050532000E-03   1.9130973400E-02  -1.9299646900E-02
    3     -2.3395170000E-03  -1.0832940510E-01  -1.1639189850E-01   3.1210149300E-02  -3.8315271200E-02
    4      1.0118862000E-03  -1.1958713130E-01  -2.9780052440E-01   2.5333016600E-02  -9.8752111000E-03
    5     -6.7378613200E-02  -2.9675789900E-02  -2.9821363400E-02  -4.2774850500E-02  -8.4433222000E-03
    6     -2.9675789900E-02   5.9710311310E-01   2.0666050900E-02  -1.8794637000E-03  -3.2810603540E-01
    7     -2.9821363400E-02   2.0666050900E-02   6.3701195720E-01  -5.8086669000E-03   1.8255338400E-02
    8     -4.2774850500E-02  -1.8794637000E-03  -5.8086669000E-03  -6.0904072900E-02  -1.1352584970E-01
    9     -8.4433222000E-03  -3.2810603540E-01   1.8255338400E-02  -1.1352584970E-01   6.6021840150E-01
   10      2.5183110000E-04  -6.4277519000E-03  -6.0503453100E-02  -4.1920320000E-03   4.0645182500E-02
   11      2.7887725000E-03   6.1431129800E-02   3.3897813000E-03  -3.6266833200E-02  -2.0703561020E-01
   12     -5.2187895500E-02   1.7677226700E-02   1.1943303600E-02   3.5007440800E-02   5.4135546000E-03
   13     -2.9519307500E-02   2.0143944700E-02  -8.1796585000E-03  -3.0646166500E-02  -2.6516293100E-02
   14      1.0859864200E-02  -5.7385565300E-02   3.8135886000E-03   1.2350353980E-01   1.3173212510E-01
   15     -2.3369963400E-02  -2.9159204700E-02  -2.2743841000E-02   3.7893796100E-02   3.4557163500E-02
   16      3.8638713500E-02  -1.3909359000E-03   2.4296626000E-03   1.6135505100E-02   4.0243463000E-03
   17      1.3015208320E-01   2.0958311000E-02   1.6033126200E-02  -8.9694051000E-03   3.5469251600E-02
   18     -3.7371346000E-03  -4.3847881000E-03   2.7268297000E-03  -2.7510464000E-03  -1.0165145000E-03
   19      3.5930472000E-03  -4.9826777000E-03  -1.9892419000E-03   1.1402373000E-03  -1.2938109000E-03
   20      8.0295200000E-04  -1.9632711000E-03  -1.1961038000E-03   5.4641435000E-03  -2.8472070000E-03
   21     -1.4944192700E-02   3.9917534000E-03   6.7206590000E-04   1.6419722000E-03   1.1036925000E-03
   22     -1.0559672000E-03   2.1254826000E-03  -2.1954410000E-03   1.0907927000E-03   5.7290260000E-04
   23      1.9150792500E-02   6.8725480000E-04   1.8479319000E-03  -9.5725840000E-04  -1.4447977000E-03
   24     -2.2951502000E-03   5.6336476000E-03  -8.8642467000E-03  -1.0189196000E-03   2.7643610000E-04
   25      2.3063603000E-03   1.1427298200E-02  -2.7322578500E-02   9.2176610000E-04   1.2739503000E-03
   26     -2.2585558400E-02  -1.9840595000E-03   1.8793446000E-03   2.2043583000E-03   9.8510190000E-04
   27      1.3788785000E-03  -9.9245401200E-02   1.0874869950E-01   2.6229898000E-03  -2.3902693400E-02
   28     -9.4685580000E-04   1.0656585670E-01  -2.3497252930E-01  -1.9812978000E-03   5.3610457000E-03
   29      2.4804740000E-03  -3.3047728000E-03  -3.3672562000E-03  -2.1900180300E-02   7.9771674000E-03
   30      2.7450637000E-03  -1.0810636000E-02  -2.7117408500E-02   4.8163363000E-03  -1.5516919890E-01
   31     -1.2368133000E-03   3.9360123000E-03  -1.1235215000E-03  -4.6509078000E-03  -1.4027057520E-01
   32      4.9741664000E-03  -4.4242083000E-03  -1.5939382000E-03   1.2102815000E-03   6.0064741400E-02
   33     -1.5285259000E-03  -1.5749748700E-02   2.2030508600E-02   1.5110085100E-02  -1.5339369060E-01
   34     -2.1953330000E-04  -1.7696556000E-03  -5.1011329000E-03   2.4974947000E-03   1.0488701920E-01
   35     -7.8178070000E-04  -9.1313028000E-03  -7.6872810000E-04   1.8910241000E-02   1.2278625730E-01
   36      1.7249026400E-02   2.2536884000E-03   1.7522419000E-03   3.6487830000E-03   4.2926107000E-03
   37      1.1244590300E-02  -6.7572220000E-04  -2.5709994000E-03   1.9626625000E-03   5.9658318000E-03
   38      1.8485270300E-02   2.3462070000E-03   6.1391417000E-03  -9.7569800000E-05  -2.1407649000E-03
   39     -2.0552370000E-03   2.4194022000E-03   6.5106620000E-04  -6.6941315000E-03  -2.0164381000E-03
   40     -6.1347085000E-03   2.7758430000E-04   2.2681453000E-03  -2.3960660000E-04  -2.4660930000E-03
   41     -1.7376807400E-02   1.2665718900E-02   4.2699271000E-03  -1.9969327000E-02  -1.3650567800E-02
   42     -3.7941067000E-03   5.5435074000E-03  -1.9381220000E-04  -1.4767008800E-02  -1.0160351600E-02
   43      2.9835200000E-04   6.7155344000E-03  -3.2012771000E-03  -7.4191180000E-03  -5.8666494000E-03
   44     -5.3236945000E-03   5.9991321000E-03  -1.7895189000E-03   1.7577639300E-02   8.4590694000E-03
   45      6.1370125000E-03   8.9365210000E-04  -3.6340090000E-03  -2.1128931000E-03   2.0406115000E-03
   46      8.4585095000E-03  -1.0974659700E-02   2.9250906000E-03   2.9014775000E-03   7.1110845000E-03
   47     -5.5323932000E-03   6.7834950000E-04  -1.6323190000E-03   3.8383203000E-03   9.1405230000E-04
                   10                 11                 12                 13                 14        
    0     -1.0005390000E-03   2.6237581900E-02   3.6542279700E-02   8.3044536000E-03  -4.4417649400E-02
    1     -2.1266240000E-03   5.2418959000E-03   1.7901351000E-03  -1.4765260000E-03  -7.1186952000E-03
    2     -5.7258210000E-04   1.5764040000E-02  -1.8580139000E-03  -9.2339736000E-03  -9.1998997000E-03
    3     -2.3697605600E-02  -4.1071180000E-04  -3.3923743800E-02  -1.7678964500E-02  -1.5359331700E-02
    4     -4.1080760000E-04  -1.7067265000E-03  -2.1402917400E-02  -3.1810461000E-03  -1.9093767000E-02
    5      2.5183110000E-04   2.7887725000E-03  -5.2187895500E-02  -2.9519307500E-02   1.0859864200E-02
    6     -6.4277519000E-03   6.1431129800E-02   1.7677226700E-02   2.0143944700E-02  -5.7385565300E-02
    7     -6.0503453100E-02   3.3897813000E-03   1.1943303600E-02  -8.1796585000E-03   3.8135886000E-03
    8     -4.1920320000E-03  -3.6266833200E-02   3.5007440800E-02  -3.0646166500E-02   1.2350353980E-01
    9      4.0645182500E-02  -2.0703561020E-01   5.4135546000E-03  -2.6516293100E-02   1.3173212510E-01
   10      2.3124906160E-01   1.6720029700E-02   1.6999531000E-03   1.4520312300E-02   3.4406915000E-03
   11      1.6720029700E-02   1.4972780840E-01   9.2498736000E-03  -4.9864920000E-04  -1.7286364900E-02
   12      1.6999531000E-03   9.2498736000E-03   5.0720983200E-01   3.5310918800E-02   8.3251698500E-02
   13      1.4520312300E-02  -4.9864920000E-04   3.5310918800E-02   1.4434329180E-01  -3.7448129600E-02
   14      3.4406915000E-03  -1.7286364900E-02   8.3251698500E-02  -3.7448129600E-02   1.6458092780E-01
   15     -5.0147019000E-03  -1.1498867100E-02  -3.7089047720E-01  -6.8078129600E-02  -3.2433205200E-02
   16     -2.0289226000E-03  -1.0265547800E-02  -1.0542038440E-01  -5.6662648900E-02  -1.1677571400E-02
   17      3.9125826000E-03  -9.7161994000E-03   4.8338870200E-02   2.3373985400E-02  -5.3845308600E-02
   18      1.0037083000E-03  -1.8602420000E-03  -2.6532780000E-04   1.8160328000E-03   1.7311684000E-03
   19     -8.1340300000E-05   1.8938645000E-03   1.5081159000E-03  -6.2382600000E-04  -1.1424092000E-03
   20     -2.0453950000E-03   2.2964711000E-03   7.1009002000E-03   3.7942691000E-03  -5.3264090000E-04
   21     -2.3425619000E-03  -9.6468900000E-04   8.5928210000E-04   9.8904960000E-04   3.6613529000E-03
   22      1.3666891000E-03  -4.5191270000E-04   4.8714660000E-04  -7.0893560000E-04  -1.1178630000E-04
   23      1.7441531000E-03   4.6652287000E-03   5.4523644000E-03  -8.7208700000E-04  -1.0885334200E-02
   24     -1.9886330000E-04  -5.5278070000E-04  -3.7847800000E-05  -4.2097600000E-05   1.8423806000E-03
   25      3.3611660000E-03  -1.2987960000E-04   4.7297880000E-04  -8.0977390000E-04  -1.3266750000E-04
   26     -1.4839455000E-03   2.2093000000E-04   2.4230736000E-03   1.5296045000E-03  -2.8227357000E-03
   27      1.8777380300E-02   7.5706713000E-03  -1.3403888000E-03   2.2595024000E-03  -4.3416024000E-03
   28      3.4050005000E-03  -2.0402243000E-03   3.1911760000E-04  -2.0090456000E-03   2.1449691000E-03
   29     -4.6554849000E-03   4.4650469000E-03  -5.4307728000E-03   8.3387072000E-03  -1.5356632700E-02
   30     -1.0571104220E-01   4.7813629900E-02  -1.5014188000E-03  -1.9908150000E-04   7.3485410000E-04
   31     -1.2123946060E-01   6.1929947900E-02   2.5194031000E-03  -9.7408320000E-04   1.3989585000E-03
   32      5.6090760100E-02  -3.5256459000E-02  -3.0281033000E-03  -4.6821564000E-03  -5.6731423000E-03
   33      7.8926721500E-02   8.5788739900E-02  -2.3903244000E-03   1.7807403000E-03  -1.4219544000E-03
   34     -5.9176919600E-02  -7.5979975100E-02  -1.1914475000E-03   4.7131500000E-04   1.9932086000E-03
   35     -7.1048500600E-02  -8.4370080000E-02  -2.8657220000E-03   8.9769542000E-03  -2.0954116600E-02
   36      1.6960520000E-04  -7.9057320000E-04  -4.0326599300E-02   1.5196903700E-02   7.7724928000E-03
   37     -2.3356628000E-03  -7.1866690000E-04  -2.2252433300E-02  -3.6284728000E-03   4.0512270000E-04
   38      9.1624930000E-04   6.2743931000E-03   8.0526998000E-03   1.0088834000E-03  -5.2595945000E-03
   39      2.8476737000E-03  -6.7370648000E-03  -2.3929316600E-02  -3.8060098500E-02   2.0294666500E-02
   40     -2.1127642000E-03   1.5994660000E-04   2.2583959000E-03  -2.8767276000E-03   7.7800707000E-03
   41     -8.5604390000E-04  -4.0283067000E-03   4.9983719000E-03   4.1818422000E-03   1.6023003500E-02
   42      3.1158266000E-03  -6.0337797000E-03  -9.4469432500E-02   5.0612850900E-02  -9.7357111200E-02
   43      1.7908380000E-03  -5.2735748000E-03   7.0461572800E-02  -3.8477417700E-02   1.2855794000E-01
   44     -1.0973171000E-03  -1.8567312000E-03  -1.4635328170E-01   1.0204584670E-01  -1.3146599920E-01
   45     -2.7929855000E-03  -2.2073079000E-03   1.3727016000E-03   1.4160268000E-02   1.6956808000E-03
   46     -5.6771126000E-03   7.7296909000E-03   2.1496141300E-02  -3.9726757300E-02  -7.2809523300E-02
   47      2.8750037000E-03   2.5782835000E-03   7.8484962000E-03  -4.0349622900E-02  -4.1685566200E-02
                   15                 16                 17                 18                 19        
    0      1.7444119000E-03  -2.2312807900E-02  -1.4189219590E-01  -1.5515558610E-01  -1.3906492570E-01
    1     -2.0701239000E-03   9.0160701000E-03   5.1704924000E-03  -1.0537394210E-01  -1.2037074530E-01
    2      8.7966386000E-03   5.9242631000E-03   9.2459262000E-03  -4.7347946700E-02  -6.2914609900E-02
    3      2.8915287300E-02   1.8648837500E-02   7.5536458500E-02  -1.1067422900E-02   3.1021858000E-03
    4      1.5363996200E-02  -1.0938829500E-02   5.9271983000E-03  -2.7041978100E-02  -2.2035767000E-03
    5     -2.3369963400E-02   3.8638713500E-02   1.3015208320E-01  -3.7371346000E-03   3.5930472000E-03
    6     -2.9159204700E-02  -1.3909359000E-03   2.0958311000E-02  -4.3847881000E-03  -4.9826777000E-03
    7     -2.2743841000E-02   2.4296626000E-03   1.6033126200E-02   2.7268297000E-03  -1.9892419000E-03
    8      3.7893796100E-02   1.6135505100E-02  -8.9694051000E-03  -2.7510464000E-03   1.1402373000E-03
    9      3.4557163500E-02   4.0243463000E-03   3.5469251600E-02  -1.0165145000E-03  -1.2938109000E-03
   10     -5.0147019000E-03  -2.0289226000E-03   3.9125826000E-03   1.0037083000E-03  -8.1340300000E-05
   11     -1.1498867100E-02  -1.0265547800E-02  -9.7161994000E-03  -1.8602420000E-03   1.8938645000E-03
   12     -3.7089047720E-01  -1.0542038440E-01   4.8338870200E-02  -2.6532780000E-04   1.5081159000E-03
   13     -6.8078129600E-02  -5.6662648900E-02   2.3373985400E-02   1.8160328000E-03  -6.2382600000E-04
   14     -3.2433205200E-02  -1.1677571400E-02  -5.3845308600E-02   1.7311684000E-03  -1.1424092000E-03
   15      5.1457327010E-01   1.0454217510E-01  -1.2461027810E-01  -1.8689055000E-03   2.9263508000E-03
   16      1.0454217510E-01   2.5084305240E-01  -6.2932626900E-02  -7.9604540000E-04  -1.1172250000E-04
   17     -1.2461027810E-01  -6.2932626900E-02   2.6242509910E-01  -5.9678710000E-04  -2.1229625000E-03
   18     -1.8689055000E-03  -7.9604540000E-04  -5.9678710000E-04   1.4477811210E-01   1.3349909950E-01
   19      2.9263508000E-03  -1.1172250000E-04  -2.1229625000E-03   1.3349909950E-01   2.0992399690E-01
   20      2.8350408000E-03   4.4076755000E-03  -3.8939861000E-03   5.5625785200E-02   2.9143433300E-02
   21     -3.8247760000E-03   5.7913950000E-04   2.2883347000E-03   2.6017021800E-02   7.5766888000E-03
   22     -2.7206719000E-03  -3.6147420000E-04  -1.8863847000E-03  -7.6147490000E-03  -9.2344961300E-02
   23      4.1076724000E-03  -6.0117093000E-03  -2.3750491200E-02  -1.3968277000E-03   3.1560959200E-02
   24     -1.0882874000E-03   1.5435794000E-03   4.5949087000E-03   4.7884669000E-03  -1.1556831000E-03
   25      1.0232390000E-04  -1.4563194000E-03  -2.7452529000E-03  -6.9048610000E-04   6.0623960000E-04
   26      4.8597751000E-03  -7.0552247000E-03  -1.6708089100E-02   1.4271140000E-03   1.6265000000E-06
   27     -5.7300140000E-04  -9.5705200000E-05  -1.2548350000E-03  -1.7046441000E-03  -7.9550380000E-04
   28     -8.5500800000E-05  -7.9914470000E-04  -5.9977450000E-04   9.0742600000E-05  -7.5811620000E-04
   29     -1.4208186000E-03  -3.4527440000E-04  -2.4971752000E-03   3.8561230000E-04  -1.2646718000E-03
   30     -1.3378100000E-03   1.3044977000E-03  -1.9645509000E-03  -3.2487324000E-03   1.8020748000E-03
   31      2.1361047000E-03  -8.6555730000E-04   1.8068699000E-03   1.7315560000E-03  -4.8643790000E-04
   32     -6.2664592000E-03  -3.7997950000E-03  -5.6705220000E-04  -9.7740770000E-04   1.6589141000E-03
   33     -2.0263630000E-04  -2.1830000000E-04  -3.5038244000E-03   8.9048540000E-04  -2.5330209000E-03
   34      1.3722483000E-03  -9.6416530000E-04  -1.5382927000E-03   2.1376627000E-03   2.0512237000E-03
   35     -7.8989546000E-03  -8.8640800000E-05  -9.7113983000E-03  -1.2324041000E-03  -1.0187996000E-03
   36     -8.5495826500E-02   4.5208933300E-02   1.0126487640E-01  -2.7964800000E-05   1.4292533000E-03
   37      7.3915640100E-02  -4.8339242700E-02  -1.3032940610E-01  -1.7433756000E-03   1.0861431000E-03
   38      1.2097278710E-01  -7.8804967800E-02  -1.5527258170E-01   1.8032450000E-04   5.8093580000E-04
   39     -2.8163169100E-02  -2.4179720700E-02   1.3612636100E-02   2.5495466000E-03  -2.3539710000E-03
   40     -5.2733405100E-02  -1.2650276200E-01   1.5840392470E-01  -1.2219342000E-03   1.5575517000E-03
   41      3.5629176700E-02   1.2087488730E-01  -1.2908255670E-01   3.2503650000E-04  -3.8202270000E-04
   42     -3.8601418000E-02   8.6799133000E-03  -7.3533189000E-03   1.8942662000E-03  -1.3200493000E-03
   43     -1.7290738700E-02   2.8578627000E-03  -6.0304023000E-03   8.4989380000E-04   2.8744687000E-03
   44      1.2316511200E-02   4.6220965000E-03   2.7555883000E-03   1.2867750000E-04  -1.6345170000E-04
   45     -1.8584620700E-02  -3.0117522500E-02  -2.0887856700E-02  -2.1780129000E-03   1.6558735000E-03
   46     -2.9621726100E-02  -1.6115858600E-02  -6.4430769000E-03   6.2698510000E-04   8.7034440000E-04
   47     -1.9912851800E-02  -9.6217828000E-03   9.4355469000E-03   9.6077900000E-05  -5.6409050000E-04
                   20                 21                 22                 23                 24        
    0     -5.9345724600E-02  -1.5371193930E-01   1.0469487930E-01  -1.2251982870E-01  -2.4305132100E-02
    1     -5.6711075600E-02   7.9281398400E-02  -6.0798852600E-02   7.0233869900E-02   1.8996719700E-02
    2     -3.6243414500E-02  -8.6175757100E-02   7.6211047600E-02  -8.3762675500E-02  -7.3011976000E-03
    3      3.6104731000E-03  -1.6202127300E-02  -9.2131570000E-04   1.0941379000E-02  -9.9486691400E-02
    4      1.0273828000E-03   2.1766658600E-02  -5.1551361000E-03   9.5733330000E-04   1.0787768360E-01
    5      8.0295200000E-04  -1.4944192700E-02  -1.0559672000E-03   1.9150792500E-02  -2.2951502000E-03
    6     -1.9632711000E-03   3.9917534000E-03   2.1254826000E-03   6.8725480000E-04   5.6336476000E-03
    7     -1.1961038000E-03   6.7206590000E-04  -2.1954410000E-03   1.8479319000E-03  -8.8642467000E-03
    8      5.4641435000E-03   1.6419722000E-03   1.0907927000E-03  -9.5725840000E-04  -1.0189196000E-03
    9     -2.8472070000E-03   1.1036925000E-03   5.7290260000E-04  -1.4447977000E-03   2.7643610000E-04
   10     -2.0453950000E-03  -2.3425619000E-03   1.3666891000E-03   1.7441531000E-03  -1.9886330000E-04
   11      2.2964711000E-03  -9.6468900000E-04  -4.5191270000E-04   4.6652287000E-03  -5.5278070000E-04
   12      7.1009002000E-03   8.5928210000E-04   4.8714660000E-04   5.4523644000E-03  -3.7847800000E-05
   13      3.7942691000E-03   9.8904960000E-04  -7.0893560000E-04  -8.7208700000E-04  -4.2097600000E-05
   14     -5.3264090000E-04   3.6613529000E-03  -1.1178630000E-04  -1.0885334200E-02   1.8423806000E-03
   15      2.8350408000E-03  -3.8247760000E-03  -2.7206719000E-03   4.1076724000E-03  -1.0882874000E-03
   16      4.4076755000E-03   5.7913950000E-04  -3.6147420000E-04  -6.0117093000E-03   1.5435794000E-03
   17     -3.8939861000E-03   2.2883347000E-03  -1.8863847000E-03  -2.3750491200E-02   4.5949087000E-03
   18      5.5625785200E-02   2.6017021800E-02  -7.6147490000E-03  -1.3968277000E-03   4.7884669000E-03
   19      2.9143433300E-02   7.5766888000E-03  -9.2344961300E-02   3.1560959200E-02  -1.1556831000E-03
   20      3.7718400000E-04  -4.6183211000E-03   1.9052873900E-02   3.4574839100E-02   1.0995024000E-03
   21     -4.6183211000E-03   1.4310844910E-01  -1.0143483550E-01   1.0259101440E-01  -5.1152137000E-03
   22      1.9052873900E-02  -1.0143483550E-01   1.5520731940E-01  -9.3782227100E-02   6.5735800000E-03
   23      3.4574839100E-02   1.0259101440E-01  -9.3782227100E-02   4.8543731800E-02   3.2365924000E-03
   24      1.0995024000E-03  -5.1152137000E-03   6.5735800000E-03   3.2365924000E-03   1.1924034000E-01
   25     -1.1470149000E-03  -8.4752020000E-04  -1.3052246000E-03  -2.3877550000E-04  -1.2075392790E-01
   26     -3.4479377000E-03  -3.0692497000E-03   7.2963760000E-04   3.8966315000E-03   9.2419710000E-04
   27      4.9977110000E-04   1.8044666000E-03  -8.6861610000E-04  -5.6426280000E-04  -9.0130610000E-04
   28     -1.1793055000E-03   1.1395470000E-04  -3.1375440000E-04   1.3335972000E-03  -2.2982681000E-03
   29     -1.9338559000E-03  -5.0080000000E-07  -5.0043600000E-05   1.7095204000E-03   4.3135000000E-06
   30      1.0472439000E-03   9.6030480000E-04   2.0015914000E-03   9.4619390000E-04  -1.6735069000E-03
   31     -1.7249737000E-03  -2.6323834000E-03   2.1522122000E-03   1.2756931000E-03  -9.2287520000E-04
   32      1.2560448000E-03  -2.4572990000E-04   1.7438760000E-03   2.2791870000E-03  -4.1048570000E-04
   33      4.1015290000E-04   3.0461520000E-04  -2.8364142000E-03   2.4357870000E-04   1.7916906000E-03
   34     -1.9286055000E-03  -2.9573427000E-03   9.1206710000E-04   2.1642687000E-03  -8.7590390000E-04
   35      2.6082659000E-03   4.5200000000E-07  -2.1072967000E-03   5.5774280000E-04   3.9590120000E-04
   36     -1.8389296000E-03   7.1165080000E-04   2.2192152000E-03  -3.0115631000E-03  -8.5434580000E-04
   37      2.4205470000E-03   2.4067832000E-03   2.5887634000E-03  -5.6697075000E-03   3.0014860000E-04
   38     -1.6020578000E-03  -4.9188880000E-04   1.6519187000E-03  -2.1993620000E-04  -1.7937150000E-04
   39     -1.0414110000E-04  -6.6123060000E-04  -1.5068131000E-03  -9.4072100000E-05   1.5636783000E-03
   40      1.7648854000E-03  -1.3089270000E-04  -1.4663374000E-03   1.1659005000E-03  -1.3507400000E-05
   41      1.0035637000E-03  -1.9584360000E-04  -1.8330172000E-03   1.3589324000E-03  -4.3667200000E-04
   42     -1.2940862000E-03   6.2932300000E-05  -2.1857437000E-03   3.2768700000E-04   1.3173822000E-03
   43      1.0821801000E-03  -2.0947943000E-03   7.9781790000E-04  -5.1832240000E-04  -1.8686590000E-04
   44      1.5042643000E-03   7.7253260000E-04  -1.6133730000E-03  -3.7719780000E-04   2.5402830000E-04
   45     -2.1718870000E-04   5.9111830000E-04   1.4143614000E-03   4.9761520000E-04  -1.1493106000E-03
   46      3.2392269000E-03  -9.4540820000E-04   1.6252482000E-03  -5.1908781000E-03   2.0527800000E-05
   47     -2.2338357000E-03  -2.4948600000E-04   2.4118622000E-03   3.2162870000E-03  -1.5724660000E-04
                   25                 26                 27                 28                 29        
    0      5.6942070000E-03  -8.4378619000E-03   2.3868250000E-04   1.4025334000E-03  -1.4140664000E-03
    1      3.2338399000E-03   5.2661772000E-03  -1.4977280000E-04   3.3282871000E-03   7.6027820000E-04
    2      2.3123180000E-03   5.6263053000E-03   6.2282600000E-05   4.3436130000E-04  -3.3971540000E-04
    3      1.0623607380E-01   4.0186751000E-03   5.2164366000E-03   1.1232122000E-02   1.5338959000E-03
    4     -2.3517433370E-01   4.1891669000E-03  -9.2932843000E-03  -2.7779521300E-02  -2.6117626000E-03
    5      2.3063603000E-03  -2.2585558400E-02   1.3788785000E-03  -9.4685580000E-04   2.4804740000E-03
    6      1.1427298200E-02  -1.9840595000E-03  -9.9245401200E-02   1.0656585670E-01  -3.3047728000E-03
    7     -2.7322578500E-02   1.8793446000E-03   1.0874869950E-01  -2.3497252930E-01  -3.3672562000E-03
    8      9.2176610000E-04   2.2043583000E-03   2.6229898000E-03  -1.9812978000E-03  -2.1900180300E-02
    9      1.2739503000E-03   9.8510190000E-04  -2.3902693400E-02   5.3610457000E-03   7.9771674000E-03
   10      3.3611660000E-03  -1.4839455000E-03   1.8777380300E-02   3.4050005000E-03  -4.6554849000E-03
   11     -1.2987960000E-04   2.2093000000E-04   7.5706713000E-03  -2.0402243000E-03   4.4650469000E-03
   12      4.7297880000E-04   2.4230736000E-03  -1.3403888000E-03   3.1911760000E-04  -5.4307728000E-03
   13     -8.0977390000E-04   1.5296045000E-03   2.2595024000E-03  -2.0090456000E-03   8.3387072000E-03
   14     -1.3266750000E-04  -2.8227357000E-03  -4.3416024000E-03   2.1449691000E-03  -1.5356632700E-02
   15      1.0232390000E-04   4.8597751000E-03  -5.7300140000E-04  -8.5500800000E-05  -1.4208186000E-03
   16     -1.4563194000E-03  -7.0552247000E-03  -9.5705200000E-05  -7.9914470000E-04  -3.4527440000E-04
   17     -2.7452529000E-03  -1.6708089100E-02  -1.2548350000E-03  -5.9977450000E-04  -2.4971752000E-03
   18     -6.9048610000E-04   1.4271140000E-03  -1.7046441000E-03   9.0742600000E-05   3.8561230000E-04
   19      6.0623960000E-04   1.6265000000E-06  -7.9550380000E-04  -7.5811620000E-04  -1.2646718000E-03
   20     -1.1470149000E-03  -3.4479377000E-03   4.9977110000E-04  -1.1793055000E-03  -1.9338559000E-03
   21     -8.4752020000E-04  -3.0692497000E-03   1.8044666000E-03   1.1395470000E-04  -5.0080000000E-07
   22     -1.3052246000E-03   7.2963760000E-04  -8.6861610000E-04  -3.1375440000E-04  -5.0043600000E-05
   23     -2.3877550000E-04   3.8966315000E-03  -5.6426280000E-04   1.3335972000E-03   1.7095204000E-03
   24     -1.2075392790E-01   9.2419710000E-04  -9.0130610000E-04  -2.2982681000E-03   4.3135000000E-06
   25      2.6175959580E-01  -6.3254510000E-04  -2.3356914000E-03  -4.0102563000E-03  -6.6904490000E-04
   26     -6.3254510000E-04   2.8110053800E-02  -8.9803000000E-05   7.9883800000E-04   2.5839156000E-03
   27     -2.3356914000E-03  -8.9803000000E-05   1.1964102370E-01  -1.2104783160E-01  -1.0167606000E-03
   28     -4.0102563000E-03   7.9883800000E-04  -1.2104783160E-01   2.6196723290E-01   2.2727820000E-04
   29     -6.6904490000E-04   2.5839156000E-03  -1.0167606000E-03   2.2727820000E-04   2.8003056700E-02
   30      5.9145200000E-05  -2.6676030000E-04   4.7182157000E-03  -6.3307740000E-04  -1.6192594000E-03
   31     -8.1506610000E-04   1.3453106000E-03  -1.0628446000E-03   4.4430100000E-04   1.8276770000E-04
   32      1.1606586000E-03  -1.9841758000E-03  -1.3601179000E-03   1.2240377000E-03  -3.8936210000E-03
   33      1.5017540000E-04  -7.0111100000E-05  -5.1618653000E-03  -7.7258330000E-04   3.3236677000E-03
   34     -3.3753070000E-04   1.9185980000E-04   6.6786039000E-03  -1.2777279000E-03  -9.6145470000E-04
   35     -1.2546384000E-03   1.9641241000E-03  -2.8836937000E-03   1.8491130000E-04   4.9627925000E-03
   36     -5.6303330000E-04  -7.8263040000E-04   1.3852160000E-03   1.8460080000E-04  -5.1135970000E-04
   37      6.1381980000E-04  -5.0582578000E-03   3.2947200000E-04   5.3133480000E-04   1.0435173000E-03
   38      9.8216500000E-04  -3.0795950000E-03  -9.1322460000E-04   9.6888130000E-04   1.7755408000E-03
   39      2.1968940000E-04   7.9602400000E-05  -8.6017080000E-04  -3.4542090000E-04   2.9690700000E-05
   40      7.3109630000E-04   9.2314460000E-04  -8.6590030000E-04   8.2731260000E-04   1.0231902000E-03
   41     -5.9931570000E-04   5.0683593000E-03   7.4502270000E-04  -1.0904601000E-03  -5.7397910000E-04
   42      7.2110000000E-05   5.5060390000E-04  -2.1855800000E-04  -4.7949820000E-04   1.2151208000E-03
   43      1.0393885000E-03  -1.9040255000E-03   1.5266740000E-04   9.2215280000E-04   4.6493809000E-03
   44     -7.8452680000E-04   1.9614609000E-03   5.4039100000E-05  -6.8255290000E-04  -1.3680395000E-03
   45     -5.1729310000E-04  -5.6766730000E-04   9.0398780000E-04   3.9220670000E-04   2.4884290000E-04
   46     -1.1406270000E-04  -7.2071180000E-04  -4.3117550000E-04   4.9447410000E-04  -2.3001265000E-03
   47      6.5039340000E-04  -1.0080470000E-03  -5.0935500000E-04   1.2035968000E-03   1.8828523000E-03
                   30                 31                 32                 33                 34        
    0     -6.2305400000E-04  -1.5417875000E-03   2.4420544000E-03   1.2933067000E-03   3.1157900000E-05
    1      1.2400009000E-03  -4.9303360000E-04   2.1999651000E-03  -2.0558528000E-03   1.2342631000E-03
    2      1.1465076000E-03  -1.2075224000E-03   1.4896255000E-03   5.8955980000E-04   4.4891050000E-04
    3     -5.0457748000E-03  -4.5396262000E-03   1.5132187000E-03   3.0861730000E-03   1.6223001000E-03
    4      2.3438148000E-03  -2.3301202000E-03   1.4699186000E-03   5.6864850000E-04  -2.5559687000E-03
    5      2.7450637000E-03  -1.2368133000E-03   4.9741664000E-03  -1.5285259000E-03  -2.1953330000E-04
    6     -1.0810636000E-02   3.9360123000E-03  -4.4242083000E-03  -1.5749748700E-02  -1.7696556000E-03
    7     -2.7117408500E-02  -1.1235215000E-03  -1.5939382000E-03   2.2030508600E-02  -5.1011329000E-03
    8      4.8163363000E-03  -4.6509078000E-03   1.2102815000E-03   1.5110085100E-02   2.4974947000E-03
    9     -1.5516919890E-01  -1.4027057520E-01   6.0064741400E-02  -1.5339369060E-01   1.0488701920E-01
   10     -1.0571104220E-01  -1.2123946060E-01   5.6090760100E-02   7.8926721500E-02  -5.9176919600E-02
   11      4.7813629900E-02   6.1929947900E-02  -3.5256459000E-02   8.5788739900E-02  -7.5979975100E-02
   12     -1.5014188000E-03   2.5194031000E-03  -3.0281033000E-03  -2.3903244000E-03  -1.1914475000E-03
   13     -1.9908150000E-04  -9.7408320000E-04  -4.6821564000E-03   1.7807403000E-03   4.7131500000E-04
   14      7.3485410000E-04   1.3989585000E-03  -5.6731423000E-03  -1.4219544000E-03   1.9932086000E-03
   15     -1.3378100000E-03   2.1361047000E-03  -6.2664592000E-03  -2.0263630000E-04   1.3722483000E-03
   16      1.3044977000E-03  -8.6555730000E-04  -3.7997950000E-03  -2.1830000000E-04  -9.6416530000E-04
   17     -1.9645509000E-03   1.8068699000E-03  -5.6705220000E-04  -3.5038244000E-03  -1.5382927000E-03
   18     -3.2487324000E-03   1.7315560000E-03  -9.7740770000E-04   8.9048540000E-04   2.1376627000E-03
   19      1.8020748000E-03  -4.8643790000E-04   1.6589141000E-03  -2.5330209000E-03   2.0512237000E-03
   20      1.0472439000E-03  -1.7249737000E-03   1.2560448000E-03   4.1015290000E-04  -1.9286055000E-03
   21      9.6030480000E-04  -2.6323834000E-03  -2.4572990000E-04   3.0461520000E-04  -2.9573427000E-03
   22      2.0015914000E-03   2.1522122000E-03   1.7438760000E-03  -2.8364142000E-03   9.1206710000E-04
   23      9.4619390000E-04   1.2756931000E-03   2.2791870000E-03   2.4357870000E-04   2.1642687000E-03
   24     -1.6735069000E-03  -9.2287520000E-04  -4.1048570000E-04   1.7916906000E-03  -8.7590390000E-04
   25      5.9145200000E-05  -8.1506610000E-04   1.1606586000E-03   1.5017540000E-04  -3.3753070000E-04
   26     -2.6676030000E-04   1.3453106000E-03  -1.9841758000E-03  -7.0111100000E-05   1.9185980000E-04
   27      4.7182157000E-03  -1.0628446000E-03  -1.3601179000E-03  -5.1618653000E-03   6.6786039000E-03
   28     -6.3307740000E-04   4.4430100000E-04   1.2240377000E-03  -7.7258330000E-04  -1.2777279000E-03
   29     -1.6192594000E-03   1.8276770000E-04  -3.8936210000E-03   3.3236677000E-03  -9.6145470000E-04
   30      1.4507045480E-01   1.3375232430E-01  -5.5869074500E-02   2.6021517200E-02  -7.6567473000E-03
   31      1.3375232430E-01   2.1042108730E-01  -2.9147218000E-02   7.7089353000E-03  -9.2511083600E-02
   32     -5.5869074500E-02  -2.9147218000E-02   3.3643190000E-04   4.5196648000E-03  -1.8175946300E-02
   33      2.6021517200E-02   7.7089353000E-03   4.5196648000E-03   1.4309267830E-01  -1.0148310090E-01
   34     -7.6567473000E-03  -9.2511083600E-02  -1.8175946300E-02  -1.0148310090E-01   1.5399836330E-01
   35      1.3871895000E-03  -3.0970092200E-02   3.4781227200E-02  -1.0267434700E-01   9.2694855300E-02
   36      1.8431327000E-03  -2.2711853000E-03   1.2811682000E-03   2.0547620000E-04  -2.5233358000E-03
   37      1.2143147000E-03   2.2070122000E-03  -1.8399195000E-03  -1.9088941000E-03   1.6124900000E-04
   38     -4.1151030000E-04   1.1594912000E-03   2.0202666000E-03  -1.1972817000E-03   1.5360065000E-03
   39     -1.8243950000E-03   2.2078650000E-03   7.5136300000E-04   8.1582710000E-04   1.4592446000E-03
   40      3.0590600000E-04   2.2176188000E-03  -1.6891860000E-03  -1.2135899000E-03   2.7746663000E-03
   41      1.4269710000E-04  -8.4132960000E-04  -1.2559312000E-03   5.2393960000E-04  -2.0545421000E-03
   42      1.6286330000E-04   5.7730790000E-04   1.6889006000E-03   1.2705413000E-03   2.1449215000E-03
   43     -1.5449619000E-03   1.0175165000E-03  -1.9169641000E-03   1.6208903000E-03   2.8370287000E-03
   44     -1.1443560000E-04  -1.1871508000E-03  -1.5703162000E-03   3.5815740000E-04  -9.3723990000E-04
   45      2.4580382000E-03  -1.3282312000E-03   3.2047560000E-04  -1.8740457000E-03  -1.8756243000E-03
   46     -1.1613511000E-03   2.3786160000E-03  -2.7030066000E-03   2.3513630000E-04  -2.5156476000E-03
   47     -5.3412490000E-04   1.8669687000E-03   1.8534666000E-03  -4.7150140000E-04   2.6898560000E-04
                   35                 36                 37                 38                 39        
    0      1.6099589000E-03  -1.2879590300E-02  -1.1837970700E-02  -1.2108621900E-02   5.1317695000E-03
    1     -1.1438125000E-03   1.7362225000E-03   4.7172615000E-03  -1.7555238000E-03   1.4445318000E-03
    2      4.1965239000E-03   3.9875470000E-04   9.0611020000E-03  -3.9421560000E-03   8.0504068000E-03
    3     -1.4507895000E-03   2.6549072000E-03   9.4012390000E-03   1.2632499000E-03   3.3575296000E-03
    4     -1.5061311000E-03  -1.2982380000E-04  -2.2353814000E-03   2.6172350000E-04  -1.0181137000E-03
    5     -7.8178070000E-04   1.7249026400E-02   1.1244590300E-02   1.8485270300E-02  -2.0552370000E-03
    6     -9.1313028000E-03   2.2536884000E-03  -6.7572220000E-04   2.3462070000E-03   2.4194022000E-03
    7     -7.6872810000E-04   1.7522419000E-03  -2.5709994000E-03   6.1391417000E-03   6.5106620000E-04
    8      1.8910241000E-02   3.6487830000E-03   1.9626625000E-03  -9.7569800000E-05  -6.6941315000E-03
    9      1.2278625730E-01   4.2926107000E-03   5.9658318000E-03  -2.1407649000E-03  -2.0164381000E-03
   10     -7.1048500600E-02   1.6960520000E-04  -2.3356628000E-03   9.1624930000E-04   2.8476737000E-03
   11     -8.4370080000E-02  -7.9057320000E-04  -7.1866690000E-04   6.2743931000E-03  -6.7370648000E-03
   12     -2.8657220000E-03  -4.0326599300E-02  -2.2252433300E-02   8.0526998000E-03  -2.3929316600E-02
   13      8.9769542000E-03   1.5196903700E-02  -3.6284728000E-03   1.0088834000E-03  -3.8060098500E-02
   14     -2.0954116600E-02   7.7724928000E-03   4.0512270000E-04  -5.2595945000E-03   2.0294666500E-02
   15     -7.8989546000E-03  -8.5495826500E-02   7.3915640100E-02   1.2097278710E-01  -2.8163169100E-02
   16     -8.8640800000E-05   4.5208933300E-02  -4.8339242700E-02  -7.8804967800E-02  -2.4179720700E-02
   17     -9.7113983000E-03   1.0126487640E-01  -1.3032940610E-01  -1.5527258170E-01   1.3612636100E-02
   18     -1.2324041000E-03  -2.7964800000E-05  -1.7433756000E-03   1.8032450000E-04   2.5495466000E-03
   19     -1.0187996000E-03   1.4292533000E-03   1.0861431000E-03   5.8093580000E-04  -2.3539710000E-03
   20      2.6082659000E-03  -1.8389296000E-03   2.4205470000E-03  -1.6020578000E-03  -1.0414110000E-04
   21      4.5200000000E-07   7.1165080000E-04   2.4067832000E-03  -4.9188880000E-04  -6.6123060000E-04
   22     -2.1072967000E-03   2.2192152000E-03   2.5887634000E-03   1.6519187000E-03  -1.5068131000E-03
   23      5.5774280000E-04  -3.0115631000E-03  -5.6697075000E-03  -2.1993620000E-04  -9.4072100000E-05
   24      3.9590120000E-04  -8.5434580000E-04   3.0014860000E-04  -1.7937150000E-04   1.5636783000E-03
   25     -1.2546384000E-03  -5.6303330000E-04   6.1381980000E-04   9.8216500000E-04   2.1968940000E-04
   26      1.9641241000E-03  -7.8263040000E-04  -5.0582578000E-03  -3.0795950000E-03   7.9602400000E-05
   27     -2.8836937000E-03   1.3852160000E-03   3.2947200000E-04  -9.1322460000E-04  -8.6017080000E-04
   28      1.8491130000E-04   1.8460080000E-04   5.3133480000E-04   9.6888130000E-04  -3.4542090000E-04
   29      4.9627925000E-03  -5.1135970000E-04   1.0435173000E-03   1.7755408000E-03   2.9690700000E-05
   30      1.3871895000E-03   1.8431327000E-03   1.2143147000E-03  -4.1151030000E-04  -1.8243950000E-03
   31     -3.0970092200E-02  -2.2711853000E-03   2.2070122000E-03   1.1594912000E-03   2.2078650000E-03
   32      3.4781227200E-02   1.2811682000E-03  -1.8399195000E-03   2.0202666000E-03   7.5136300000E-04
   33     -1.0267434700E-01   2.0547620000E-04  -1.9088941000E-03  -1.1972817000E-03   8.1582710000E-04
   34      9.2694855300E-02  -2.5233358000E-03   1.6124900000E-04   1.5360065000E-03   1.4592446000E-03
   35      4.8142066300E-02  -1.1555720000E-04   9.0618070000E-04  -2.2494608000E-03   4.5442110000E-04
   36     -1.1555720000E-04   1.1612656190E-01  -9.1878487800E-02  -1.2527925130E-01   1.6974163700E-02
   37      9.0618070000E-04  -9.1878487800E-02   1.1002703950E-01   8.6442563600E-02   3.5172705400E-02
   38     -2.2494608000E-03  -1.2527925130E-01   8.6442563600E-02   1.1570083080E-01   1.1487820400E-02
