
$orca_hessian_file

$act_atom
  0

$act_coord
  0

$act_energy
      -21.309041

$multiplicity
  1

$hessian
48
                    0                  1                  2                  3                  4        
    0      7.9565109990E-01   1.0225135800E-02   4.7059496700E-02  -4.6754049540E-01   3.3671590500E-02
    1      1.0225135800E-02   5.1161873240E-01  -3.8865278200E-02  -1.6264095000E-03  -7.2771473400E-02
    2      4.7059496700E-02  -3.8865278200E-02   8.9034616300E-02  -2.2611606600E-02  -2.0484695200E-02
    3     -4.6754049540E-01  -1.6264095000E-03  -2.2611606600E-02   7.4641635260E-01  -1.4051537300E-02
    4      3.3671590500E-02  -7.2771473400E-02  -2.0484695200E-02  -1.4051537300E-02   6.0556024060E-01
    5      2.1997392800E-02   7.9037432000E-03  -1.2144100000E-05   3.2728241800E-02  -1.7097324200E-02
    6     -6.9588657000E-02  -3.0416953200E-02   3.4528338500E-02  -6.9871300500E-02  -8.4462059400E-02
    7     -4.2189727000E-02  -1.8696277000E-03   2.7649744100E-02  -6.9454766600E-02  -2.6949464660E-01
    8     -5.5404865000E-03   4.1567870000E-04   4.3061880000E-03   9.6493710000E-03   1.0865800300E-02
    9      7.0514022000E-03  -3.3528349000E-03  -6.2787472000E-03  -5.7737886100E-02  -2.6008912500E-02
   10     -7.6360733000E-03  -4.1499527000E-03   5.9105493000E-03  -2.0563844200E-02   3.7822225000E-03
   11      1.9121601800E-02  -1.9168226000E-03  -2.1268397800E-02  -6.1485618400E-02  -4.0477884300E-02
   12      1.5739476000E-02  -1.5175196000E-03  -2.2968654000E-02  -5.0578128400E-02  -3.0827532900E-02
   13      7.4592623000E-03  -1.7581150000E-03  -1.1556906800E-02  -2.3290199800E-02  -1.1508636600E-02
   14     -1.0774244700E-02   1.0524200000E-03   2.1637058300E-02   3.4030515600E-02   2.7358192300E-02
   15     -1.1939591500E-02   2.9187847000E-03   3.0282668800E-02   4.0885916200E-02   2.2122322100E-02
   16     -9.8216900000E-04  -6.3440792000E-03   6.0498812000E-03   7.2491548000E-03   5.2534427000E-03
   17     -6.2172061000E-03   3.7167314000E-03   7.8959289000E-03   3.2820090600E-02   1.4480529200E-02
   18     -1.2163966440E-01  -1.1535870560E-01  -1.7992315700E-02  -1.7556845700E-02  -2.6953348200E-02
   19     -1.1625598140E-01  -2.1885554050E-01  -2.1690272500E-02  -1.3128121000E-03  -1.2351682000E-03
   20     -2.5881456700E-02  -2.9092459800E-02  -3.8103077900E-02   4.5785689000E-03   3.4130437000E-03
   21     -1.2545682160E-01   1.1382044280E-01  -3.8838864000E-02  -1.9143650300E-02   2.6958956400E-02
   22      1.1204484840E-01  -2.0439978930E-01   5.1120528400E-02   5.1942164000E-03  -2.3159388000E-03
   23     -4.4894483500E-02   5.7316965500E-02  -5.0415979300E-02   3.1491379000E-03  -2.5102790000E-04
   24     -2.2473632900E-02   2.6909938300E-02  -4.5898663000E-03  -1.0545817990E-01   1.0814443890E-01
   25      4.4199695000E-03  -1.4698397000E-03   2.9126580000E-04   1.0820802010E-01  -2.3125806820E-01
   26      5.4191990000E-04  -9.6411000000E-06   1.5379740000E-04  -1.6365134500E-02   2.6534711200E-02
   27      1.5508452000E-03  -1.3674264000E-03   2.6088300000E-04   6.5025347000E-03  -1.1746898700E-02
   28      9.2085790000E-04   9.1568960000E-04   2.2052370000E-04   1.1284698500E-02  -2.6467783900E-02
   29     -4.5269260000E-04   1.9578400000E-05  -7.0606420000E-04   1.8839537000E-03   1.0689227000E-03
   30     -5.7449460000E-04  -9.3583490000E-04  -4.2088430000E-04  -6.3017745000E-03  -1.2651560000E-04
   31     -8.5289000000E-05  -5.4563700000E-05  -2.5590870000E-04  -1.2108298000E-03   4.0064750000E-04
   32     -6.1713510000E-04  -8.1352060000E-04  -4.4673330000E-04  -4.3202626000E-03   1.1279261000E-03
   33      9.3348990000E-04  -1.4185210000E-04  -6.5427950000E-04  -5.8696780000E-04   1.4078649000E-03
   34     -1.5430670000E-04  -9.5504400000E-05  -3.0573400000E-05  -3.2934806000E-03   9.9814790000E-04
   35     -1.0788544000E-03   2.0953870000E-04   1.1869720000E-03   5.0057837000E-03   2.6397525000E-03
   36      8.6311650000E-04  -4.6939300000E-04  -1.7094271000E-03  -2.5865615000E-03  -7.2616290000E-04
   37     -2.4516650000E-04   4.4659370000E-04   2.2800720000E-04   5.7039440000E-04  -7.4103210000E-04
   38      2.1148986000E-03  -1.5029613000E-03  -4.7151430000E-03  -5.5829754000E-03  -2.8574875000E-03
   39     -9.3635310000E-04   1.2803073000E-03  -2.6226810000E-04   5.8440900000E-04   9.7076000000E-05
   40      1.0938310000E-04   1.1725800000E-05  -2.4816700000E-05   5.4826420000E-04  -4.7884090000E-04
   41     -1.3809132000E-03   2.0646552000E-03  -1.8426832000E-03  -7.0390450000E-04   7.3809290000E-04
   42     -8.7712270000E-04  -4.2176190000E-04   2.8056324000E-03   2.2046300000E-03   1.6060529000E-03
   43     -7.5208660000E-04  -4.7985140000E-04   1.3658460000E-03   1.9451897000E-03   9.1926120000E-04
   44      4.9240625000E-03  -5.7652590000E-04  -5.0421725000E-03  -9.5266750000E-03  -6.3122642000E-03
   45     -7.6259650000E-04   4.5408200000E-04   1.3898934000E-03   7.6794770000E-04   8.9466580000E-04
   46     -5.5024810000E-04  -7.4440440000E-04   7.2105900000E-05  -1.9605820000E-04  -6.4237380000E-04
   47      1.0781005000E-03   7.7898400000E-05  -1.6621657000E-03  -3.2494862000E-03  -7.4628750000E-04
                    5                  6                  7                  8                  9        
    0      2.1997392800E-02  -6.9588657000E-02  -4.2189727000E-02  -5.5404865000E-03   7.0514022000E-03
    1      7.9037432000E-03  -3.0416953200E-02  -1.8696277000E-03   4.1567870000E-04  -3.3528349000E-03
    2     -1.2144100000E-05   3.4528338500E-02   2.7649744100E-02   4.3061880000E-03  -6.2787472000E-03
    3      3.2728241800E-02  -6.9871300500E-02  -6.9454766600E-02   9.6493710000E-03  -5.7737886100E-02
    4     -1.7097324200E-02  -8.4462059400E-02  -2.6949464660E-01   1.0865800300E-02  -2.6008912500E-02
    5      1.1075135810E-01  -6.4081716000E-03  -8.5525672000E-03  -2.6710751200E-02  -2.7647677000E-03
    6     -6.4081716000E-03   6.3792819820E-01  -3.2743575600E-02   1.2114967320E-01  -3.7161110110E-01
    7     -8.5525672000E-03  -3.2743575600E-02   6.1877797860E-01  -4.6701214100E-02   4.7440073300E-02
    8     -2.6710751200E-02   1.2114967320E-01  -4.6701214100E-02   1.9677531420E-01  -1.3266954960E-01
    9     -2.7647677000E-03  -3.7161110110E-01   4.7440073300E-02  -1.3266954960E-01   7.2206364410E-01
   10     -8.6943267000E-03   1.9022344800E-02  -7.8621729700E-02  -7.3375430000E-04  -1.8525008000E-03
   11      5.3551693000E-03  -5.3417941900E-02   2.9883205800E-02  -2.9653583800E-02   1.0688424440E-01
   12     -6.2861648000E-03   5.5819368100E-02   1.6118560100E-02   2.8269638300E-02  -2.5180638400E-02
   13      1.7649934000E-03   2.7118402800E-02   1.3402240900E-02   2.2052268000E-02  -6.4261760000E-03
   14     -2.9011543300E-02  -9.1668251600E-02  -1.1785970600E-02  -8.1929408300E-02   1.2383028100E-02
   15     -2.2831752700E-02  -5.1569154000E-02  -2.5927487100E-02  -1.0353733700E-02   6.7144988000E-03
   16     -3.0137442000E-03  -2.3275689500E-02  -1.8290583000E-03   3.3626707000E-03   2.0614711000E-03
   17     -2.1588359400E-02  -2.2205767000E-03   5.2059310000E-04  -4.2375285600E-02   3.7052839000E-03
   18      1.4545706000E-03  -6.0046957000E-03   7.2249120000E-04  -1.6392027000E-03  -1.2837237000E-03
   19      6.6790390000E-04  -1.7599167000E-03   9.3592390000E-04  -5.7065200000E-04  -1.1060060000E-04
   20      5.5781770000E-04  -3.1166054000E-03  -1.8514489000E-03   1.0216269700E-02   2.0811349000E-03
   21     -4.9081912000E-03   1.8534259000E-03   1.4665509000E-03   6.4620470000E-04   9.9541000000E-05
   22      1.1462700000E-05  -1.2969961000E-03   1.6294783000E-03  -4.1028130000E-04  -2.0317280000E-04
   23      1.2018300000E-05  -1.4727211000E-03  -7.4138480000E-04  -5.0296170000E-03   4.7705370000E-04
   24     -1.3084528400E-02   6.0391236000E-03  -9.4745379000E-03   1.1894311000E-03   7.0314940000E-04
   25      2.5501050100E-02   1.1189553900E-02  -2.6969299800E-02   2.1590096000E-03   1.3868038000E-03
   26     -3.9085657200E-02  -1.7702220000E-04   2.5721964000E-03  -8.6207400000E-05  -2.7182080000E-04
   27      2.7157380000E-04  -1.0167540640E-01   1.1169557410E-01  -7.8878339000E-03  -1.6744687700E-02
   28      1.8012229000E-03   1.1031571120E-01  -2.4705730590E-01   6.8528375000E-03   3.8056639000E-03
   29     -9.7116900000E-04  -4.6833541000E-03   2.7669126000E-03  -2.7253055300E-02  -5.8981696000E-03
   30     -2.5526566000E-03  -1.5851921300E-02  -2.2238002700E-02  -1.9431861000E-03  -1.5089738790E-01
   31      1.1205720000E-04   8.4329500000E-05   2.0678960000E-03  -7.5951380000E-04  -1.2296924310E-01
   32      7.1651652000E-03  -7.0881830000E-03  -1.0298032300E-02  -8.9875860000E-04   3.7466598000E-03
   33      1.4000910000E-04  -1.3908134700E-02   2.4706122800E-02   2.2857157000E-03  -1.1253011970E-01
   34      3.9372440000E-04   7.7012123000E-03  -5.3138224000E-03   2.2463729000E-03   1.0622234140E-01
   35     -3.9711292000E-03  -1.3316760200E-02   9.7915065000E-03  -2.2473965000E-03   2.5935421600E-02
   36      1.5164056000E-03   2.6790149000E-03   2.2509070000E-03  -1.2145922000E-03  -1.9315487000E-03
   37     -8.4957790000E-04  -7.7573920000E-04  -1.2992063000E-03   4.9863570000E-04  -8.6576370000E-04
   38      2.1329074000E-03   7.8219884000E-03   5.0148822000E-03   7.0121370000E-04  -1.6658784000E-03
   39      5.4803700000E-04   8.2325340000E-04  -2.7090960000E-04  -1.0936116000E-03  -9.2102200000E-04
   40      3.5027130000E-04  -3.5097170000E-04  -8.6442100000E-04  -3.1167670000E-04  -2.4148650000E-04
   41     -2.9524101000E-03   4.9714472000E-03  -1.7469235000E-03  -1.1193470000E-03  -2.5498750000E-04
   42      1.1792500000E-04  -3.8379743000E-03  -6.2851210000E-04   6.9715840000E-04   1.7010567000E-03
   43     -4.0230480000E-04  -1.8055379000E-03  -1.5917817000E-03  -2.3074010000E-04   1.1467156000E-03
   44     -1.2461573000E-03   1.1161425600E-02   1.9409022000E-03   3.0941012000E-03  -5.4861664000E-03
   45      6.2077200000E-05  -1.2240391000E-03  -1.4727608000E-03  -1.5449960000E-03   5.0482320000E-04
   46      1.0341580000E-04   1.4558846000E-03  -1.9026185000E-03   1.2645590000E-03  -3.2378400000E-05
   47     -4.2511540000E-04   3.9367148000E-03   1.5375985000E-03   2.2103238000E-03   7.7260800000E-05
                   10                 11                 12                 13                 14        
    0     -7.6360733000E-03   1.9121601800E-02   1.5739476000E-02   7.4592623000E-03  -1.0774244700E-02
    1     -4.1499527000E-03  -1.9168226000E-03  -1.5175196000E-03  -1.7581150000E-03   1.0524200000E-03
    2      5.9105493000E-03  -2.1268397800E-02  -2.2968654000E-02  -1.1556906800E-02   2.1637058300E-02
    3     -2.0563844200E-02  -6.1485618400E-02  -5.0578128400E-02  -2.3290199800E-02   3.4030515600E-02
    4      3.7822225000E-03  -4.0477884300E-02  -3.0827532900E-02  -1.1508636600E-02   2.7358192300E-02
    5     -8.6943267000E-03   5.3551693000E-03  -6.2861648000E-03   1.7649934000E-03  -2.9011543300E-02
    6      1.9022344800E-02  -5.3417941900E-02   5.5819368100E-02   2.7118402800E-02  -9.1668251600E-02
    7     -7.8621729700E-02   2.9883205800E-02   1.6118560100E-02   1.3402240900E-02  -1.1785970600E-02
    8     -7.3375430000E-04  -2.9653583800E-02   2.8269638300E-02   2.2052268000E-02  -8.1929408300E-02
    9     -1.8525008000E-03   1.0688424440E-01  -2.5180638400E-02  -6.4261760000E-03   1.2383028100E-02
   10      5.1359012300E-01   5.8386379500E-02   1.6517361500E-02  -1.5103714600E-02  -2.6391578700E-02
   11      5.8386379500E-02   5.4896744000E-02  -9.6173447900E-02  -3.9820219800E-02   1.0572667070E-01
   12      1.6517361500E-02  -9.6173447900E-02   4.7744727360E-01  -2.0294804100E-02   1.9651057300E-01
   13     -1.5103714600E-02  -3.9820219800E-02  -2.0294804100E-02   2.6245054240E-01  -1.7504619500E-02
   14     -2.6391578700E-02   1.0572667070E-01   1.9651057300E-01  -1.7504619500E-02   1.4629602270E-01
   15     -1.3975759900E-02   6.6724706200E-02  -2.3238357090E-01  -6.2349409000E-02  -3.7500948800E-02
   16     -6.2831025000E-03   2.6876786100E-02  -7.6117253000E-02  -9.5419124600E-02  -1.6540331200E-02
   17     -3.7925000000E-05   1.2244356900E-02   5.5534777200E-02   1.5342081300E-02  -5.2460191300E-02
   18     -1.1820054000E-03   7.3249710000E-04   4.8948770000E-04   1.8053340000E-04  -1.8937000000E-06
   19     -6.7803390000E-04   8.9847530000E-04   1.0970620000E-03  -1.6545680000E-04  -4.3023700000E-05
   20      2.2765430000E-04   8.4791550000E-04   1.1163526000E-03   1.2357245000E-03  -9.8964250000E-04
   21     -1.0827160000E-04   1.8577000000E-06  -7.9782500000E-05   1.5876640000E-04   2.7107650000E-04
   22     -4.6229890000E-04  -3.2318900000E-04  -1.6389360000E-04  -4.2884410000E-04  -9.6553300000E-05
   23      5.4940000000E-06   3.2840520000E-04   7.0879540000E-04  -1.8845110000E-04  -2.7633770000E-04
   24     -3.3436284000E-03  -3.4502000000E-05  -6.1143100000E-04  -1.0750010000E-04  -2.1559030000E-04
   25      2.4326160000E-04   4.4001110000E-04   1.8686100000E-05  -1.2029956000E-03  -8.7111700000E-05
   26     -3.9243830000E-04  -1.5106711000E-03  -1.8965780000E-04   2.6644940000E-04  -1.3954180000E-04
   27      2.5091243600E-02  -2.4060400000E-04  -6.8702470000E-04   6.0138840000E-04  -2.0261300000E-05
   28     -2.6919501000E-03   1.5332391000E-03   1.1664907000E-03  -8.1226690000E-04  -4.9898890000E-04
   29      7.1796359000E-03  -8.5226720000E-04   1.9664960000E-04  -8.8168750000E-04  -4.8210590000E-04
   30     -1.2256624550E-01  -2.9552480000E-04  -2.4117723000E-03  -2.8218520000E-03   1.1876541000E-03
   31     -1.8970800790E-01   8.9458380000E-04  -2.8466020000E-04  -1.9163585000E-03  -2.6161220000E-04
   32      3.7090087000E-03  -3.8382520700E-02   5.7881063000E-03   6.4236451000E-03   3.7861930000E-04
   33      1.0926304510E-01   1.8797141700E-02  -4.3644193000E-03   2.3193395000E-03   5.0736808000E-03
   34     -2.1660565920E-01  -3.7311142600E-02  -5.4156870000E-04  -2.7219940000E-04   7.0017020000E-04
   35     -4.1812266100E-02  -3.2646860300E-02   1.0576419000E-02  -4.9260924000E-03  -1.2944545900E-02
   36      1.2794036000E-03  -6.6786069000E-03  -2.9776307300E-02   4.9497812000E-03   1.6616722300E-02
   37     -4.1307710000E-04   1.5148042000E-03  -8.8834417000E-03   5.1730060000E-03   2.5310453000E-03
   38      3.0373554000E-03  -1.2515971100E-02  -1.1557868400E-02  -1.0828302000E-02   1.0520649500E-02
   39     -3.6430530000E-04  -2.1269859000E-03  -8.5234463000E-03  -2.7492749800E-02   4.1837971000E-03
   40     -1.0891840000E-04   3.3927300000E-04  -4.6155643000E-03  -1.5869741000E-02   9.0156540000E-04
   41      1.1838887000E-03  -7.3688215000E-03  -7.7585134000E-03   3.4000438000E-03   6.4642160000E-03
   42     -1.3023242000E-03   5.9284275000E-03  -1.8048554760E-01   9.5978118300E-02  -1.2806429530E-01
   43      6.6807130000E-04   2.9621630000E-03   9.9685641000E-02  -6.8273076900E-02   6.7485939100E-02
   44      8.6415946000E-03  -2.3678539500E-02  -1.4985445380E-01   6.5981791300E-02  -8.7277637300E-02
   45      1.7215601000E-03   2.2627556000E-03  -1.4413536700E-02   4.0170987000E-03  -2.0115618000E-03
   46     -3.4572333000E-03  -3.8796625000E-03   8.6424367000E-03  -6.8295259500E-02  -2.6819542500E-02
   47     -1.0219271300E-02  -1.1521628600E-02  -3.9125513000E-03  -3.0760717700E-02  -2.5512282600E-02
                   15                 16                 17                 18                 19        
    0     -1.1939591500E-02  -9.8216900000E-04  -6.2172061000E-03  -1.2163966440E-01  -1.1625598140E-01
    1      2.9187847000E-03  -6.3440792000E-03   3.7167314000E-03  -1.1535870560E-01  -2.1885554050E-01
    2      3.0282668800E-02   6.0498812000E-03   7.8959289000E-03  -1.7992315700E-02  -2.1690272500E-02
    3      4.0885916200E-02   7.2491548000E-03   3.2820090600E-02  -1.7556845700E-02  -1.3128121000E-03
    4      2.2122322100E-02   5.2534427000E-03   1.4480529200E-02  -2.6953348200E-02  -1.2351682000E-03
    5     -2.2831752700E-02  -3.0137442000E-03  -2.1588359400E-02   1.4545706000E-03   6.6790390000E-04
    6     -5.1569154000E-02  -2.3275689500E-02  -2.2205767000E-03  -6.0046957000E-03  -1.7599167000E-03
    7     -2.5927487100E-02  -1.8290583000E-03   5.2059310000E-04   7.2249120000E-04   9.3592390000E-04
    8     -1.0353733700E-02   3.3626707000E-03  -4.2375285600E-02  -1.6392027000E-03  -5.7065200000E-04
    9      6.7144988000E-03   2.0614711000E-03   3.7052839000E-03  -1.2837237000E-03  -1.1060060000E-04
   10     -1.3975759900E-02  -6.2831025000E-03  -3.7925000000E-05  -1.1820054000E-03  -6.7803390000E-04
   11      6.6724706200E-02   2.6876786100E-02   1.2244356900E-02   7.3249710000E-04   8.9847530000E-04
   12     -2.3238357090E-01  -7.6117253000E-02   5.5534777200E-02   4.8948770000E-04   1.0970620000E-03
   13     -6.2349409000E-02  -9.5419124600E-02   1.5342081300E-02   1.8053340000E-04  -1.6545680000E-04
   14     -3.7500948800E-02  -1.6540331200E-02  -5.2460191300E-02  -1.8937000000E-06  -4.3023700000E-05
   15      4.8387670860E-01   3.0550124800E-02  -1.9541868000E-01  -7.2962200000E-05  -6.1753130000E-04
   16      3.0550124800E-02   5.0550289910E-01  -3.0672700000E-03  -3.8200420000E-04  -6.0974790000E-04
   17     -1.9541868000E-01  -3.0672700000E-03   2.3249936220E-01  -7.8586600000E-04  -8.5672280000E-04
   18     -7.2962200000E-05  -3.8200420000E-04  -7.8586600000E-04   1.3722276390E-01   1.3061689010E-01
   19     -6.1753130000E-04  -6.0974790000E-04  -8.5672280000E-04   1.3061689010E-01   2.4893093080E-01
   20      9.3879130000E-04   1.6890070000E-04   1.6630470000E-03   1.8670385600E-02   2.0914482000E-02
   21     -7.0715000000E-04   2.1784770000E-04  -2.5991110000E-04   7.3103740000E-03  -1.2136660600E-02
   22     -2.4131660000E-04  -3.6501880000E-04   5.4737470000E-04   1.2651529400E-02  -3.2287089800E-02
   23      9.9562890000E-04   3.3009350000E-04   4.5424460000E-04  -8.4644400000E-05   1.0330362000E-03
   24     -1.3456850000E-04   5.7594300000E-04   4.1334310000E-04   1.2617470000E-03   8.5106510000E-04
   25      1.0255738000E-03  -9.3047680000E-04  -6.7657300000E-04  -7.0077440000E-04   9.1267390000E-04
   26      1.3636526000E-03  -6.8142290000E-04  -2.3887110000E-03   4.8061870000E-04   1.0204870000E-04
   27     -6.0707180000E-04   3.8824320000E-04   3.6176070000E-04  -3.0381280000E-04   1.1330890000E-04
   28     -3.5108600000E-04  -1.1860601000E-03  -1.0316655000E-03   3.6107200000E-04   2.9069750000E-04
   29     -6.1015600000E-04  -9.4434560000E-04   1.9105730000E-04   1.0958240000E-04  -3.0383530000E-04
   30     -3.4818740000E-04  -9.9879200000E-05   3.4818800000E-05  -7.8483270000E-04   8.6533000000E-05
   31      6.9467680000E-04  -4.4724750000E-04  -5.7451690000E-04   6.5473600000E-05   2.5172130000E-04
   32      7.7528700000E-05  -2.0858820000E-04  -1.9843867000E-03  -7.7131100000E-04  -2.8752640000E-04
   33      9.1308520000E-04   4.4527070000E-04   4.3590520000E-04   1.6933850000E-04  -1.6889230000E-04
   34      7.8486170000E-04  -3.2473360000E-04  -1.1586250000E-04   4.1335000000E-06   2.5335800000E-04
   35     -4.0093873000E-03  -1.2493751000E-03  -9.4407570000E-04  -3.4303600000E-04   6.0313000000E-06
   36     -1.5727617610E-01   8.1801507800E-02   1.1436461720E-01   1.2624430000E-04   1.8609270000E-04
   37      8.0477273300E-02  -9.0790321300E-02  -6.5440010300E-02  -2.0690130000E-04   4.7266400000E-04
   38      1.3936191700E-01  -6.7648281900E-02  -1.0795854440E-01   1.0666890000E-04   1.5812700000E-05
   39     -3.6835560900E-02  -3.4986259000E-03   1.0643235900E-02   3.4556890000E-04  -8.1605600000E-05
   40     -8.0117491000E-03  -2.8565436120E-01   4.2478650700E-02   3.7167600000E-05   4.5025350000E-04
   41      1.5672629800E-02   5.5794229500E-02  -2.9342209400E-02  -2.1391500000E-05   2.6422640000E-04
   42     -3.3958275300E-02   4.6863879000E-03  -7.2272491000E-03   8.3571340000E-04  -8.0595580000E-04
   43     -1.2678680100E-02   2.5578304000E-03  -1.8368530000E-03   1.0937830000E-04   4.4062500000E-04
   44      1.6008213700E-02   7.3123178000E-03   3.4492641000E-03   8.4113100000E-05  -5.2881500000E-05
   45     -6.5579401000E-03  -2.3620330200E-02  -6.1843438000E-03  -1.1470060000E-04   2.9900450000E-04
   46     -1.4420598000E-02  -2.3130840400E-02  -3.4485614000E-03   3.5070100000E-05   8.9218940000E-04
   47     -7.0107830000E-04  -6.5415203000E-03   6.4450260000E-04   1.2246000000E-06  -9.7102500000E-05
                   20                 21                 22                 23                 24        
    0     -2.5881456700E-02  -1.2545682160E-01   1.1204484840E-01  -4.4894483500E-02  -2.2473632900E-02
    1     -2.9092459800E-02   1.1382044280E-01  -2.0439978930E-01   5.7316965500E-02   2.6909938300E-02
    2     -3.8103077900E-02  -3.8838864000E-02   5.1120528400E-02  -5.0415979300E-02  -4.5898663000E-03
    3      4.5785689000E-03  -1.9143650300E-02   5.1942164000E-03   3.1491379000E-03  -1.0545817990E-01
    4      3.4130437000E-03   2.6958956400E-02  -2.3159388000E-03  -2.5102790000E-04   1.0814443890E-01
    5      5.5781770000E-04  -4.9081912000E-03   1.1462700000E-05   1.2018300000E-05  -1.3084528400E-02
    6     -3.1166054000E-03   1.8534259000E-03  -1.2969961000E-03  -1.4727211000E-03   6.0391236000E-03
    7     -1.8514489000E-03   1.4665509000E-03   1.6294783000E-03  -7.4138480000E-04  -9.4745379000E-03
    8      1.0216269700E-02   6.4620470000E-04  -4.1028130000E-04  -5.0296170000E-03   1.1894311000E-03
    9      2.0811349000E-03   9.9541000000E-05  -2.0317280000E-04   4.7705370000E-04   7.0314940000E-04
   10      2.2765430000E-04  -1.0827160000E-04  -4.6229890000E-04   5.4940000000E-06  -3.3436284000E-03
   11      8.4791550000E-04   1.8577000000E-06  -3.2318900000E-04   3.2840520000E-04  -3.4502000000E-05
   12      1.1163526000E-03  -7.9782500000E-05  -1.6389360000E-04   7.0879540000E-04  -6.1143100000E-04
   13      1.2357245000E-03   1.5876640000E-04  -4.2884410000E-04  -1.8845110000E-04  -1.0750010000E-04
   14     -9.8964250000E-04   2.7107650000E-04  -9.6553300000E-05  -2.7633770000E-04  -2.1559030000E-04
   15      9.3879130000E-04  -7.0715000000E-04  -2.4131660000E-04   9.9562890000E-04  -1.3456850000E-04
   16      1.6890070000E-04   2.1784770000E-04  -3.6501880000E-04   3.3009350000E-04   5.7594300000E-04
   17      1.6630470000E-03  -2.5991110000E-04   5.4737470000E-04   4.5424460000E-04   4.1334310000E-04
   18      1.8670385600E-02   7.3103740000E-03   1.2651529400E-02  -8.4644400000E-05   1.2617470000E-03
   19      2.0914482000E-02  -1.2136660600E-02  -3.2287089800E-02   1.0330362000E-03   8.5106510000E-04
   20      2.4318997500E-02   2.2133048000E-03   6.0058088000E-03   6.1515431000E-03  -1.3318460000E-04
   21      2.2133048000E-03   1.3989790270E-01  -1.2778380960E-01   4.1976243700E-02  -5.2184388000E-03
   22      6.0058088000E-03  -1.2778380960E-01   2.3513063970E-01  -5.7756105300E-02   6.7302860000E-04
   23      6.1515431000E-03   4.1976243700E-02  -5.7756105300E-02   3.7825711300E-02   1.0370380000E-03
   24     -1.3318460000E-04  -5.2184388000E-03   6.7302860000E-04   1.0370380000E-03   1.2788716790E-01
   25     -6.5572060000E-04  -4.9494700000E-04   8.6504570000E-04   5.9576040000E-04  -1.2079032920E-01
   26     -4.0459037000E-03  -5.9042410000E-04   1.3517633000E-03   9.7918309000E-03   1.5238648700E-02
   27      1.3286460000E-04  -2.4141670000E-04  -2.2305410000E-04  -1.2124530000E-04  -1.4032514000E-03
   28     -8.9140800000E-05  -7.4778300000E-04   6.0926300000E-05  -1.5220080000E-04  -2.3482800000E-03
   29     -3.7001680000E-04  -4.2419100000E-05  -2.5862160000E-04   3.6047660000E-04  -3.2041970000E-04
   30      8.9232150000E-04   1.6911160000E-04   4.6570600000E-05   9.2358100000E-05  -1.8600480000E-04
   31      1.4538240000E-04  -2.5572860000E-04   2.6896390000E-04   1.5508700000E-05  -1.7811460000E-04
   32     -8.7947850000E-04  -3.8723610000E-04  -4.0478900000E-05   7.4091880000E-04  -5.0246600000E-05
   33      1.9208590000E-04   6.6130500000E-05  -3.2322490000E-04   1.9517310000E-04  -7.9385200000E-04
   34     -1.9234000000E-05  -3.6735690000E-04   1.1552090000E-04  -9.4130800000E-05  -7.0915040000E-04
   35      7.8889380000E-04  -2.8209640000E-04   6.5760400000E-05   3.2020650000E-04   1.5355920000E-04
   36     -4.9737350000E-04   4.9554210000E-04   2.0978260000E-04  -6.3107760000E-04  -1.1050760000E-04
   37     -1.8521300000E-05  -3.0005500000E-05   5.9040460000E-04   5.5451500000E-05  -1.7709700000E-04
   38     -3.1204270000E-04   7.2932000000E-06   2.2270440000E-04   4.8652000000E-06  -4.0342400000E-05
   39     -4.4747060000E-04   9.4323000000E-05  -8.7299100000E-05  -6.6151560000E-04   2.4159270000E-04
   40     -1.2315510000E-04  -1.6348520000E-04   3.2086560000E-04  -3.1376000000E-06  -8.7517400000E-05
   41     -2.4176380000E-04   2.7326630000E-04  -6.5017400000E-05  -6.6522670000E-04   4.5906370000E-04
   42     -5.5389220000E-04   3.1498620000E-04  -8.3471290000E-04  -5.6053310000E-04   5.5160430000E-04
   43     -2.0032890000E-04  -2.7327400000E-04   4.1407480000E-04  -5.6723900000E-05   9.9415400000E-05
   44      5.9176600000E-04   1.7119580000E-04  -4.2347880000E-04  -3.0097680000E-04  -8.4353600000E-05
   45     -1.8582690000E-04   5.4592290000E-04   3.3750390000E-04  -2.0520810000E-04  -2.9451810000E-04
   46     -6.0987000000E-05  -2.6124240000E-04   8.6305990000E-04  -1.0914750000E-04  -3.7674400000E-05
   47     -1.9432440000E-04  -2.5130060000E-04   4.8323100000E-05   6.9791700000E-04   6.1950200000E-05
                   25                 26                 27                 28                 29        
    0      4.4199695000E-03   5.4191990000E-04   1.5508452000E-03   9.2085790000E-04  -4.5269260000E-04
    1     -1.4698397000E-03  -9.6411000000E-06  -1.3674264000E-03   9.1568960000E-04   1.9578400000E-05
    2      2.9126580000E-04   1.5379740000E-04   2.6088300000E-04   2.2052370000E-04  -7.0606420000E-04
    3      1.0820802010E-01  -1.6365134500E-02   6.5025347000E-03   1.1284698500E-02   1.8839537000E-03
    4     -2.3125806820E-01   2.6534711200E-02  -1.1746898700E-02  -2.6467783900E-02   1.0689227000E-03
    5      2.5501050100E-02  -3.9085657200E-02   2.7157380000E-04   1.8012229000E-03  -9.7116900000E-04
    6      1.1189553900E-02  -1.7702220000E-04  -1.0167540640E-01   1.1031571120E-01  -4.6833541000E-03
    7     -2.6969299800E-02   2.5721964000E-03   1.1169557410E-01  -2.4705730590E-01   2.7669126000E-03
    8      2.1590096000E-03  -8.6207400000E-05  -7.8878339000E-03   6.8528375000E-03  -2.7253055300E-02
    9      1.3868038000E-03  -2.7182080000E-04  -1.6744687700E-02   3.8056639000E-03  -5.8981696000E-03
   10      2.4326160000E-04  -3.9243830000E-04   2.5091243600E-02  -2.6919501000E-03   7.1796359000E-03
   11      4.4001110000E-04  -1.5106711000E-03  -2.4060400000E-04   1.5332391000E-03  -8.5226720000E-04
   12      1.8686100000E-05  -1.8965780000E-04  -6.8702470000E-04   1.1664907000E-03   1.9664960000E-04
   13     -1.2029956000E-03   2.6644940000E-04   6.0138840000E-04  -8.1226690000E-04  -8.8168750000E-04
   14     -8.7111700000E-05  -1.3954180000E-04  -2.0261300000E-05  -4.9898890000E-04  -4.8210590000E-04
   15      1.0255738000E-03   1.3636526000E-03  -6.0707180000E-04  -3.5108600000E-04  -6.1015600000E-04
   16     -9.3047680000E-04  -6.8142290000E-04   3.8824320000E-04  -1.1860601000E-03  -9.4434560000E-04
   17     -6.7657300000E-04  -2.3887110000E-03   3.6176070000E-04  -1.0316655000E-03   1.9105730000E-04
   18     -7.0077440000E-04   4.8061870000E-04  -3.0381280000E-04   3.6107200000E-04   1.0958240000E-04
   19      9.1267390000E-04   1.0204870000E-04   1.1330890000E-04   2.9069750000E-04  -3.0383530000E-04
   20     -6.5572060000E-04  -4.0459037000E-03   1.3286460000E-04  -8.9140800000E-05  -3.7001680000E-04
   21     -4.9494700000E-04  -5.9042410000E-04  -2.4141670000E-04  -7.4778300000E-04  -4.2419100000E-05
   22      8.6504570000E-04   1.3517633000E-03  -2.2305410000E-04   6.0926300000E-05  -2.5862160000E-04
   23      5.9576040000E-04   9.7918309000E-03  -1.2124530000E-04  -1.5220080000E-04   3.6047660000E-04
   24     -1.2079032920E-01   1.5238648700E-02  -1.4032514000E-03  -2.3482800000E-03  -3.2041970000E-04
   25      2.6129901180E-01  -2.8200840500E-02  -2.8385980000E-03  -3.5833875000E-03   1.5602650000E-04
   26     -2.8200840500E-02   3.3657456000E-02  -6.5099150000E-04   4.0458670000E-04   5.3027654000E-03
   27     -2.8385980000E-03  -6.5099150000E-04   1.1606738800E-01  -1.2316493160E-01   1.1446506800E-02
   28     -3.5833875000E-03   4.0458670000E-04  -1.2316493160E-01   2.7737560620E-01  -9.6976456000E-03
   29      1.5602650000E-04   5.3027654000E-03   1.1446506800E-02  -9.6976456000E-03   2.0848211000E-02
   30      4.2917600000E-04  -6.9067000000E-05   1.0355518000E-03  -4.7161790000E-04   6.2314500000E-04
   31      4.6808560000E-04   1.6371910000E-04   7.3463480000E-04   7.0008770000E-04  -8.6387200000E-05
   32      3.5031000000E-04  -1.7663260000E-04   1.0392729000E-03  -1.4016660000E-04  -2.1548224000E-03
   33     -1.1957033000E-03  -5.2492000000E-06  -4.1718992000E-03  -3.8958150000E-04  -1.7489255000E-03
   34      2.2305810000E-04  -8.5238600000E-05   1.6732679000E-03   4.4495900000E-04  -8.3558850000E-04
   35     -2.2289900000E-05   3.1068380000E-04  -4.5234805000E-03   3.8375440000E-04   5.3354535000E-03
   36     -3.1940320000E-04   1.1136500000E-05   4.6480740000E-04  -1.4424640000E-04  -2.5879200000E-05
   37      3.7404180000E-04  -5.3185410000E-04  -1.4853150000E-04   3.9302910000E-04   5.3024110000E-04
   38      1.6931770000E-04  -5.2634950000E-04  -3.8644700000E-05   2.2731370000E-04   3.9976870000E-04
   39     -5.2003200000E-05   6.2462480000E-04   5.7399100000E-05  -2.5071500000E-05  -5.7626300000E-05
   40      8.2789320000E-04  -8.7420270000E-04  -2.2208010000E-04   4.0091810000E-04   2.7673750000E-04
   41      2.2616430000E-04  -1.5471024000E-03   3.4502400000E-05  -1.5523510000E-04   5.5573800000E-05
   42     -5.3824200000E-05  -6.7984800000E-05  -2.1443540000E-04  -2.8149810000E-04  -4.0551380000E-04
   43      2.5542930000E-04  -5.9813340000E-04  -2.9698230000E-04   2.0881230000E-04   6.9327450000E-04
   44     -3.7126660000E-04   5.4403090000E-04   2.9722320000E-04  -4.5788560000E-04  -1.1731690000E-04
   45     -2.3220080000E-04   1.2675070000E-04   3.7047980000E-04   6.9601800000E-05  -1.4681400000E-05
   46     -5.4433400000E-05  -2.1703200000E-05  -2.8915800000E-04   1.0080285000E-03   3.1678200000E-04
   47      1.2488680000E-04  -2.5378760000E-04  -3.6152610000E-04   7.9945080000E-04   4.1351160000E-04
                   30                 31                 32                 33                 34        
    0     -5.7449460000E-04  -8.5289000000E-05  -6.1713510000E-04   9.3348990000E-04  -1.5430670000E-04
    1     -9.3583490000E-04  -5.4563700000E-05  -8.1352060000E-04  -1.4185210000E-04  -9.5504400000E-05
    2     -4.2088430000E-04  -2.5590870000E-04  -4.4673330000E-04  -6.5427950000E-04  -3.0573400000E-05
    3     -6.3017745000E-03  -1.2108298000E-03  -4.3202626000E-03  -5.8696780000E-04  -3.2934806000E-03
    4     -1.2651560000E-04   4.0064750000E-04   1.1279261000E-03   1.4078649000E-03   9.9814790000E-04
    5     -2.5526566000E-03   1.1205720000E-04   7.1651652000E-03   1.4000910000E-04   3.9372440000E-04
    6     -1.5851921300E-02   8.4329500000E-05  -7.0881830000E-03  -1.3908134700E-02   7.7012123000E-03
    7     -2.2238002700E-02   2.0678960000E-03  -1.0298032300E-02   2.4706122800E-02  -5.3138224000E-03
    8     -1.9431861000E-03  -7.5951380000E-04  -8.9875860000E-04   2.2857157000E-03   2.2463729000E-03
    9     -1.5089738790E-01  -1.2296924310E-01   3.7466598000E-03  -1.1253011970E-01   1.0622234140E-01
   10     -1.2256624550E-01  -1.8970800790E-01   3.7090087000E-03   1.0926304510E-01  -2.1660565920E-01
   11     -2.9552480000E-04   8.9458380000E-04  -3.8382520700E-02   1.8797141700E-02  -3.7311142600E-02
   12     -2.4117723000E-03  -2.8466020000E-04   5.7881063000E-03  -4.3644193000E-03  -5.4156870000E-04
   13     -2.8218520000E-03  -1.9163585000E-03   6.4236451000E-03   2.3193395000E-03  -2.7219940000E-04
   14      1.1876541000E-03  -2.6161220000E-04   3.7861930000E-04   5.0736808000E-03   7.0017020000E-04
   15     -3.4818740000E-04   6.9467680000E-04   7.7528700000E-05   9.1308520000E-04   7.8486170000E-04
   16     -9.9879200000E-05  -4.4724750000E-04  -2.0858820000E-04   4.4527070000E-04  -3.2473360000E-04
   17      3.4818800000E-05  -5.7451690000E-04  -1.9843867000E-03   4.3590520000E-04  -1.1586250000E-04
   18     -7.8483270000E-04   6.5473600000E-05  -7.7131100000E-04   1.6933850000E-04   4.1335000000E-06
   19      8.6533000000E-05   2.5172130000E-04  -2.8752640000E-04  -1.6889230000E-04   2.5335800000E-04
   20      8.9232150000E-04   1.4538240000E-04  -8.7947850000E-04   1.9208590000E-04  -1.9234000000E-05
   21      1.6911160000E-04  -2.5572860000E-04  -3.8723610000E-04   6.6130500000E-05  -3.6735690000E-04
   22      4.6570600000E-05   2.6896390000E-04  -4.0478900000E-05  -3.2322490000E-04   1.1552090000E-04
   23      9.2358100000E-05   1.5508700000E-05   7.4091880000E-04   1.9517310000E-04  -9.4130800000E-05
   24     -1.8600480000E-04  -1.7811460000E-04  -5.0246600000E-05  -7.9385200000E-04  -7.0915040000E-04
   25      4.2917600000E-04   4.6808560000E-04   3.5031000000E-04  -1.1957033000E-03   2.2305810000E-04
   26     -6.9067000000E-05   1.6371910000E-04  -1.7663260000E-04  -5.2492000000E-06  -8.5238600000E-05
   27      1.0355518000E-03   7.3463480000E-04   1.0392729000E-03  -4.1718992000E-03   1.6732679000E-03
   28     -4.7161790000E-04   7.0008770000E-04  -1.4016660000E-04  -3.8958150000E-04   4.4495900000E-04
   29      6.2314500000E-04  -8.6387200000E-05  -2.1548224000E-03  -1.7489255000E-03  -8.3558850000E-04
   30      1.6762286500E-01   1.3887387520E-01   2.2351140000E-03   7.8784275000E-03   9.8386535000E-03
   31      1.3887387520E-01   2.1783364410E-01   3.6203742000E-03  -1.5512839900E-02  -3.2520825400E-02
   32      2.2351140000E-03   3.6203742000E-03   3.3981068100E-02  -2.6501863000E-03  -4.3489906000E-03
   33      7.8784275000E-03  -1.5512839900E-02  -2.6501863000E-03   1.2548473430E-01  -1.2034691140E-01
   34      9.8386535000E-03  -3.2520825400E-02  -4.3489906000E-03  -1.2034691140E-01   2.5119537810E-01
   35      1.5949400000E-05  -2.7604738000E-03   3.8885340000E-03  -2.1488475600E-02   3.9912335000E-02
   36      3.6225010000E-04  -4.1130060000E-04   6.3688350000E-04   4.3649100000E-05  -5.7182760000E-04
   37     -3.4352200000E-05   6.4380440000E-04   2.2989420000E-04  -2.8317480000E-04   5.1442280000E-04
   38     -6.9962100000E-05   5.7529200000E-05   4.5865500000E-05  -3.0395690000E-04   1.4104510000E-04
   39     -5.4160300000E-05  -1.7145410000E-04   6.7732630000E-04   1.9848390000E-04  -2.5296650000E-04
   40     -4.3049100000E-05   6.4520330000E-04   1.2862760000E-04  -1.6102990000E-04   6.0541860000E-04
   41     -2.1376200000E-05   6.9963900000E-05  -7.6970600000E-05  -6.0990100000E-05   1.1713080000E-04
   42     -2.6814390000E-04   4.4887120000E-04   7.1235160000E-04   8.0445060000E-04   3.6289470000E-04
   43     -4.9070080000E-04   2.2968870000E-04   3.1626850000E-04   1.2316680000E-04   9.6937500000E-04
   44      1.5952990000E-04  -5.8196400000E-05  -1.0254046000E-03  -5.9464070000E-04  -2.6252560000E-04
   45      6.1047380000E-04   1.7759890000E-04   9.7131770000E-04  -1.3639680000E-04  -3.4979610000E-04
   46      5.5324170000E-04   1.1372605000E-03   2.3124920000E-04   2.5840030000E-04  -1.8689380000E-04
   47      1.3176640000E-04  -3.2250970000E-04  -1.7446310000E-04   3.8699230000E-04  -4.0749190000E-04
                   35                 36                 37                 38                 39        
    0     -1.0788544000E-03   8.6311650000E-04  -2.4516650000E-04   2.1148986000E-03  -9.3635310000E-04
    1      2.0953870000E-04  -4.6939300000E-04   4.4659370000E-04  -1.5029613000E-03   1.2803073000E-03
    2      1.1869720000E-03  -1.7094271000E-03   2.2800720000E-04  -4.7151430000E-03  -2.6226810000E-04
    3      5.0057837000E-03  -2.5865615000E-03   5.7039440000E-04  -5.5829754000E-03   5.8440900000E-04
    4      2.6397525000E-03  -7.2616290000E-04  -7.4103210000E-04  -2.8574875000E-03   9.7076000000E-05
    5     -3.9711292000E-03   1.5164056000E-03  -8.4957790000E-04   2.1329074000E-03   5.4803700000E-04
    6     -1.3316760200E-02   2.6790149000E-03  -7.7573920000E-04   7.8219884000E-03   8.2325340000E-04
    7      9.7915065000E-03   2.2509070000E-03  -1.2992063000E-03   5.0148822000E-03  -2.7090960000E-04
    8     -2.2473965000E-03  -1.2145922000E-03   4.9863570000E-04   7.0121370000E-04  -1.0936116000E-03
    9      2.5935421600E-02  -1.9315487000E-03  -8.6576370000E-04  -1.6658784000E-03  -9.2102200000E-04
   10     -4.1812266100E-02   1.2794036000E-03  -4.1307710000E-04   3.0373554000E-03  -3.6430530000E-04
   11     -3.2646860300E-02  -6.6786069000E-03   1.5148042000E-03  -1.2515971100E-02  -2.1269859000E-03
   12      1.0576419000E-02  -2.9776307300E-02  -8.8834417000E-03  -1.1557868400E-02  -8.5234463000E-03
   13     -4.9260924000E-03   4.9497812000E-03   5.1730060000E-03  -1.0828302000E-02  -2.7492749800E-02
   14     -1.2944545900E-02   1.6616722300E-02   2.5310453000E-03   1.0520649500E-02   4.1837971000E-03
   15     -4.0093873000E-03  -1.5727617610E-01   8.0477273300E-02   1.3936191700E-01  -3.6835560900E-02
   16     -1.2493751000E-03   8.1801507800E-02  -9.0790321300E-02  -6.7648281900E-02  -3.4986259000E-03
   17     -9.4407570000E-04   1.1436461720E-01  -6.5440010300E-02  -1.0795854440E-01   1.0643235900E-02
   18     -3.4303600000E-04   1.2624430000E-04  -2.0690130000E-04   1.0666890000E-04   3.4556890000E-04
   19      6.0313000000E-06   1.8609270000E-04   4.7266400000E-04   1.5812700000E-05  -8.1605600000E-05
   20      7.8889380000E-04  -4.9737350000E-04  -1.8521300000E-05  -3.1204270000E-04  -4.4747060000E-04
   21     -2.8209640000E-04   4.9554210000E-04  -3.0005500000E-05   7.2932000000E-06   9.4323000000E-05
   22      6.5760400000E-05   2.0978260000E-04   5.9040460000E-04   2.2270440000E-04  -8.7299100000E-05
   23      3.2020650000E-04  -6.3107760000E-04   5.5451500000E-05   4.8652000000E-06  -6.6151560000E-04
   24      1.5355920000E-04  -1.1050760000E-04  -1.7709700000E-04  -4.0342400000E-05   2.4159270000E-04
   25     -2.2289900000E-05  -3.1940320000E-04   3.7404180000E-04   1.6931770000E-04  -5.2003200000E-05
   26      3.1068380000E-04   1.1136500000E-05  -5.3185410000E-04  -5.2634950000E-04   6.2462480000E-04
   27     -4.5234805000E-03   4.6480740000E-04  -1.4853150000E-04  -3.8644700000E-05   5.7399100000E-05
   28      3.8375440000E-04  -1.4424640000E-04   3.9302910000E-04   2.2731370000E-04  -2.5071500000E-05
   29      5.3354535000E-03  -2.5879200000E-05   5.3024110000E-04   3.9976870000E-04  -5.7626300000E-05
   30      1.5949400000E-05   3.6225010000E-04  -3.4352200000E-05  -6.9962100000E-05  -5.4160300000E-05
   31     -2.7604738000E-03  -4.1130060000E-04   6.4380440000E-04   5.7529200000E-05  -1.7145410000E-04
   32      3.8885340000E-03   6.3688350000E-04   2.2989420000E-04   4.5865500000E-05   6.7732630000E-04
   33     -2.1488475600E-02   4.3649100000E-05  -2.8317480000E-04  -3.0395690000E-04   1.9848390000E-04
   34      3.9912335000E-02  -5.7182760000E-04   5.1442280000E-04   1.4104510000E-04  -2.5296650000E-04
   35      4.1636578800E-02   1.0879842000E-03   1.9157000000E-05   7.3536640000E-04   4.1310800000E-04
   36      1.0879842000E-03   1.9198710730E-01  -9.1886447000E-02  -1.2852361190E-01  -8.8004260000E-04
   37      1.9157000000E-05  -9.1886447000E-02   1.0912244310E-01   7.5194163500E-02   2.4726857800E-02
   38      7.3536640000E-04  -1.2852361190E-01   7.5194163500E-02   1.0689094780E-01   6.2748620000E-04
