
$orca_hessian_file

$act_atom
  0

$act_coord
  0

$act_energy
      -21.050466

$multiplicity
  1

$hessian
48
                    0                  1                  2                  3                  4        
    0      6.8901010520E-01   2.1283318700E-02   2.0402618280E-01  -3.9283376900E-01   1.7851581800E-02
    1      2.1283318700E-02   3.1676943530E-01  -4.0319423000E-03  -7.6371412000E-03  -6.7213002000E-02
    2      2.0402618280E-01  -4.0319423000E-03   1.9928654500E-01  -5.0217855000E-02   1.5455931000E-03
    3     -3.9283376900E-01  -7.6371412000E-03  -5.0217855000E-02   6.8189622070E-01   1.1117498600E-02
    4      1.7851581800E-02  -6.7213002000E-02   1.5455931000E-03   1.1117498600E-02   5.9597477970E-01
    5      6.5136042700E-02   3.7104878000E-03  -2.2952964300E-02   2.3519373300E-02   9.6738512000E-03
    6     -3.6852986200E-02  -2.7179276300E-02  -1.0144191700E-02  -1.1497794640E-01  -1.0125227330E-01
    7     -1.2659000300E-02  -5.9188930000E-04  -2.3419584000E-03  -9.9721313000E-02  -2.5187074810E-01
    8     -3.5389460000E-04   1.1776157000E-03   5.8316457000E-03   2.8070367700E-02   1.8711027100E-02
    9      3.2904534000E-03  -1.0192218000E-03  -7.1453607000E-03  -2.6029812100E-02  -3.3086122000E-03
   10     -2.5481529000E-03  -2.5380844000E-03  -1.4220981000E-03  -2.6084466100E-02  -8.8213100000E-05
   11      1.7538813100E-02   3.8808544000E-03   1.8795426400E-02  -2.9519768000E-03  -6.3339882000E-03
   12      3.3388269400E-02   1.9640149000E-03   1.2358626900E-02  -2.6598404400E-02  -2.0081575000E-02
   13      1.1897931000E-02  -5.4645450000E-04   1.8792164000E-03  -7.6641839000E-03  -6.8358600000E-05
   14     -2.3225727800E-02  -6.2872726000E-03  -1.8692289700E-02  -2.7119618200E-02  -2.0509739000E-02
   15     -5.4409440000E-03  -4.3435671000E-03  -1.9871807000E-02  -3.5262820000E-04   2.7441886000E-03
   16     -2.0506164500E-02   5.0857519000E-03  -4.7795513000E-03   9.4200991000E-03  -8.3311683000E-03
   17     -9.1952038600E-02  -7.0329711000E-03  -3.5223591400E-02   2.2998460800E-02  -1.4830000000E-03
   18     -1.1382396970E-01  -9.3517462600E-02  -4.7500561100E-02  -1.4893718600E-02  -2.8847700400E-02
   19     -1.0632208460E-01  -1.6316111560E-01  -6.6668902300E-02   2.7236860000E-04  -2.4497118000E-03
   20     -6.4717909500E-02  -7.2822711200E-02  -5.9168747400E-02   5.1525877000E-03  -9.5175270000E-04
   21     -1.4942435810E-01   8.5705371600E-02  -8.5480077200E-02  -1.7318923200E-02   2.1753285400E-02
   22      8.9299277200E-02  -8.7237937200E-02   7.0622983300E-02   9.3997000000E-04  -2.5910182000E-03
   23     -1.1196564730E-01   7.6607285400E-02  -9.1377874300E-02   8.6801624000E-03   2.9575338000E-03
   24     -2.4841157500E-02   2.1722138000E-02  -7.2121644000E-03  -9.8608589400E-02   1.0730073400E-01
   25      5.1342132000E-03   1.5490762000E-03   1.9006618000E-03   1.0704969490E-01  -2.3768632980E-01
   26     -7.0379879000E-03   3.7152129000E-03   1.8496107000E-03   2.9621874000E-03   2.6239880000E-03
   27      6.4777150000E-04  -2.1077300000E-04  -6.2897000000E-06   5.8028434000E-03  -1.0514282800E-02
   28      8.5642890000E-04   2.5419836000E-03   4.1508070000E-04   1.0305538500E-02  -2.6062765900E-02
   29     -6.6288780000E-04   1.2992731000E-03  -1.0757127000E-03   7.1091340000E-04  -3.3266370000E-03
   30     -3.6011530000E-04   2.9342770000E-04   7.4641460000E-04  -4.5991614000E-03   2.2756997000E-03
   31     -5.4423230000E-04   1.4386520000E-04  -8.9343000000E-05  -2.4314977000E-03  -1.2081784000E-03
   32      2.5685918000E-03   2.1713018000E-03   1.0598643000E-03   1.1238157000E-03   9.8338350000E-04
   33      1.2323142000E-03  -1.4905898000E-03  -1.2538120000E-04   2.4363121000E-03   5.5267990000E-04
   34     -8.1599400000E-05   1.2837984000E-03  -4.3689080000E-04   3.2007900000E-04  -1.1388742000E-03
   35      1.2780179000E-03  -1.3047730000E-03   1.5168456000E-03  -2.9579486000E-03  -2.2119905000E-03
   36     -6.5853314000E-03   1.9415753000E-03   1.3417268000E-03   2.3542988000E-03  -4.1853770000E-04
   37     -5.0226581000E-03   8.1583220000E-04   2.8534776000E-03   2.6821064000E-03  -3.0919680000E-04
   38     -8.1485545000E-03   8.7421090000E-04   6.5252630000E-04   3.3230072000E-03  -2.4165440000E-04
   39      2.6593686000E-03  -7.1920100000E-05   3.7506400000E-03   9.1229480000E-04  -7.4295910000E-04
   40      4.7407235000E-03  -2.3719020000E-03  -3.2413540000E-04  -1.5179701000E-03   1.7249594000E-03
   41      9.7195846000E-03  -1.9409938000E-03   8.1465330000E-04  -4.1297216000E-03   3.0457322000E-03
   42      3.2284969000E-03  -1.1227160000E-04   2.5208988000E-03   1.9086236000E-03   4.1462670000E-04
   43      1.2739734000E-03  -2.1765148000E-03  -2.5831210000E-04   1.0952184000E-03   4.6981200000E-04
   44      5.4656510000E-03  -1.0129819000E-03  -1.6861540000E-04  -5.2899018000E-03  -4.3967315000E-03
   45     -3.2941478000E-03   2.6723777000E-03   2.9591982000E-03   9.0235930000E-04   1.1556458000E-03
   46     -4.6535557000E-03  -2.3528430000E-03   1.1361207000E-03   1.8539985000E-03   8.4801390000E-04
   47      2.3317640000E-03   9.9740380000E-04  -1.1473221000E-03  -3.8738536000E-03  -8.5615600000E-05
                    5                  6                  7                  8                  9        
    0      6.5136042700E-02  -3.6852986200E-02  -1.2659000300E-02  -3.5389460000E-04   3.2904534000E-03
    1      3.7104878000E-03  -2.7179276300E-02  -5.9188930000E-04   1.1776157000E-03  -1.0192218000E-03
    2     -2.2952964300E-02  -1.0144191700E-02  -2.3419584000E-03   5.8316457000E-03  -7.1453607000E-03
    3      2.3519373300E-02  -1.1497794640E-01  -9.9721313000E-02   2.8070367700E-02  -2.6029812100E-02
    4      9.6738512000E-03  -1.0125227330E-01  -2.5187074810E-01   1.8711027100E-02  -3.3086122000E-03
    5      9.8615209000E-03  -1.9436443100E-02  -2.3698662700E-02  -2.6597685500E-02   5.5000592000E-03
    6     -1.9436443100E-02   6.5736486450E-01  -6.8737589000E-03   1.7857239000E-03  -3.8951690470E-01
    7     -2.3698662700E-02  -6.8737589000E-03   5.9346370180E-01   2.1413430400E-02   2.9034438800E-02
    8     -2.6597685500E-02   1.7857239000E-03   2.1413430400E-02  -4.8004591900E-02  -1.0433359470E-01
    9      5.5000592000E-03  -3.8951690470E-01   2.9034438800E-02  -1.0433359470E-01   7.0192221500E-01
   10      2.5452179000E-03   4.5106515000E-03  -6.7486372800E-02  -1.9847100000E-03   2.9665098600E-02
   11      4.1682371000E-03   5.4843430600E-02   9.0772320000E-04  -1.6213855900E-02  -1.6800877680E-01
   12     -5.9321506600E-02   1.8893421400E-02   8.3606506000E-03   2.7650726300E-02  -5.9461000000E-04
   13     -3.2950068500E-02   1.2702032400E-02  -4.9142828000E-03  -4.1465926200E-02  -2.8846293600E-02
   14     -1.2077517400E-02  -5.0234003800E-02  -4.4145300000E-05   1.0680848340E-01   9.3452939300E-02
   15     -1.0207824300E-02  -1.7016285100E-02  -1.3717287700E-02   4.2701255500E-02   1.8901111600E-02
   16      3.0813993900E-02  -2.2631286000E-03   2.6523510000E-03   1.4257824400E-02   1.0290650000E-04
   17      7.0012208400E-02   2.3231492000E-02   1.8696414300E-02  -9.9654187000E-03   1.3352201200E-02
   18     -6.9683645000E-03  -4.0921388000E-03   1.8519778000E-03  -4.7211941000E-03  -1.2260500000E-03
   19      1.9005401000E-03  -2.1568974000E-03  -5.9162390000E-04   1.7564820000E-04  -1.9002260000E-04
   20      5.1104103000E-03  -3.2519608000E-03  -1.0778342000E-03   7.5551757000E-03  -1.8729199000E-03
   21     -1.2119833400E-02   2.5102415000E-03   4.3989920000E-04   1.0016471000E-03   5.5410390000E-04
   22     -1.4822636000E-03   2.3091030000E-04  -1.0428385000E-03   1.2671840000E-04  -2.4809510000E-04
   23      1.1244434400E-02   1.3274580000E-04   8.0835840000E-04  -2.5728023000E-03  -7.8129960000E-04
   24     -8.5693380000E-04   5.5551723000E-03  -1.0408508300E-02  -7.9229060000E-04   3.9408970000E-04
   25      1.0997654000E-03   1.0716548500E-02  -2.7606027000E-02   2.7491470000E-04   1.1169864000E-03
   26     -2.7674694400E-02  -1.1820571000E-03  -2.7420960000E-04   1.0718177000E-03   1.3546070000E-04
   27     -1.1570180000E-04  -9.7885581900E-02   1.0611347490E-01   5.9817764000E-03  -2.1009082200E-02
   28     -1.5158909000E-03   1.0623361360E-01  -2.3786988070E-01  -1.1099013700E-02   4.4071414000E-03
   29      1.8689724000E-03   1.2806027000E-03  -1.2338634700E-02  -2.5188303200E-02   7.6218612000E-03
   30      1.4187608000E-03  -1.5522177300E-02  -2.6575841600E-02   2.2634198000E-03  -1.5405955610E-01
   31     -7.7784000000E-05   2.0399525000E-03   9.3758910000E-04  -1.6717629000E-03  -1.2115223400E-01
   32      3.6667087000E-03  -5.7426542000E-03  -3.0427200000E-03   1.9618920000E-04   5.8627292500E-02
   33     -2.4375904000E-03  -1.8187494700E-02   2.3796414000E-02   1.3627828000E-02  -1.2964135980E-01
   34      1.7225700000E-04   3.4664524000E-03  -4.0666588000E-03  -2.1985946000E-03   8.5472451300E-02
   35     -3.1018258000E-03  -5.9665517000E-03   5.3509300000E-05   1.6219457700E-02   1.0618667440E-01
   36      9.3477490000E-03   1.6578633000E-03   9.8730000000E-04   4.7840410000E-04   1.7285293000E-03
   37      4.4237699000E-03  -1.0475010000E-04  -1.0363661000E-03   2.5951965000E-03   2.8918339000E-03
   38      1.0969827800E-02   2.0109038000E-03   4.1359497000E-03  -2.5682218000E-03  -2.5402800000E-04
   39      6.9017800000E-04   2.4561322000E-03   1.3326697000E-03  -3.0833940000E-04   1.0299373000E-03
   40     -2.8512884000E-03   2.6853070000E-04   4.4706060000E-04   1.6946390000E-04   5.0207200000E-05
   41     -1.1306764500E-02   8.9963583000E-03   2.3562557000E-03  -1.3432917200E-02  -4.3564854000E-03
   42     -2.2669280000E-04   3.3587942000E-03   4.5436690000E-04  -1.2186734100E-02  -7.5913672000E-03
   43      1.1153068000E-03   4.3369558000E-03  -2.6400233000E-03  -5.5260446000E-03  -3.0264916000E-03
   44     -8.3001992000E-03   2.8707004000E-03  -2.8870962000E-03   9.4958798000E-03   4.3150149000E-03
   45      6.0787279000E-03   2.2550258000E-03  -2.4154821000E-03  -8.6510140000E-04   1.8483020000E-03
   46      7.1207683000E-03  -4.6755630000E-03   2.2160089000E-03   5.0442127000E-03   5.0499067000E-03
   47     -4.8906688000E-03   8.0590490000E-04  -2.6663799000E-03  -2.6348527000E-03  -2.4390384000E-03
                   10                 11                 12                 13                 14        
    0     -2.5481529000E-03   1.7538813100E-02   3.3388269400E-02   1.1897931000E-02  -2.3225727800E-02
    1     -2.5380844000E-03   3.8808544000E-03   1.9640149000E-03  -5.4645450000E-04  -6.2872726000E-03
    2     -1.4220981000E-03   1.8795426400E-02   1.2358626900E-02   1.8792164000E-03  -1.8692289700E-02
    3     -2.6084466100E-02  -2.9519768000E-03  -2.6598404400E-02  -7.6641839000E-03  -2.7119618200E-02
    4     -8.8213100000E-05  -6.3339882000E-03  -2.0081575000E-02  -6.8358600000E-05  -2.0509739000E-02
    5      2.5452179000E-03   4.1682371000E-03  -5.9321506600E-02  -3.2950068500E-02  -1.2077517400E-02
    6      4.5106515000E-03   5.4843430600E-02   1.8893421400E-02   1.2702032400E-02  -5.0234003800E-02
    7     -6.7486372800E-02   9.0772320000E-04   8.3606506000E-03  -4.9142828000E-03  -4.4145300000E-05
    8     -1.9847100000E-03  -1.6213855900E-02   2.7650726300E-02  -4.1465926200E-02   1.0680848340E-01
    9      2.9665098600E-02  -1.6800877680E-01  -5.9461000000E-04  -2.8846293600E-02   9.3452939300E-02
   10      3.1133661440E-01   4.0728974600E-02   2.5883043000E-03   8.4566412000E-03  -1.0039390000E-03
   11      4.0728974600E-02   1.6215399090E-01  -3.8315128000E-03   4.6221490000E-03  -1.9319292100E-02
   12      2.5883043000E-03  -3.8315128000E-03   4.9420364160E-01   1.2035522600E-02   1.1394409490E-01
   13      8.4566412000E-03   4.6221490000E-03   1.2035522600E-02   1.6727785240E-01  -4.6638622300E-02
   14     -1.0039390000E-03  -1.9319292100E-02   1.1394409490E-01  -4.6638622300E-02   1.8420368430E-01
   15     -3.0061935000E-03  -1.0842830800E-02  -3.3453955460E-01  -6.0975584500E-02  -1.9558942600E-02
   16     -2.9910652000E-03  -6.5574793000E-03  -8.3115837200E-02  -6.5427795000E-02  -4.7012902000E-03
   17      6.8724340000E-04  -7.9621573000E-03   5.5976895600E-02   2.1350000800E-02  -4.0919751700E-02
   18      5.1802080000E-04  -1.4224468000E-03  -7.5167640000E-04   5.5797170000E-04   1.9228992000E-03
   19      2.2804460000E-04   1.3816130000E-04   2.4660120000E-04  -2.8474860000E-04  -3.1212370000E-04
   20     -2.4999597000E-03   2.5130921000E-03   6.3835982000E-03   3.4805504000E-03  -1.0183370000E-03
   21     -1.6720524000E-03  -5.7615530000E-04  -1.2363030000E-04  -3.3106100000E-05   2.9919712000E-03
   22      6.8898920000E-04   3.5088820000E-04   8.5511050000E-04  -3.4366020000E-04   1.0205250000E-04
   23      1.2406752000E-03   2.5989742000E-03   5.6691359000E-03   7.7386930000E-04  -5.9167194000E-03
   24     -5.9927720000E-04  -1.1567130000E-04  -2.4285620000E-04  -6.8917530000E-04   8.5946770000E-04
   25      2.4317034000E-03  -5.7448130000E-04   1.1154200000E-04  -8.2847550000E-04   5.0074370000E-04
   26     -1.3296281000E-03  -1.2983250000E-04   1.6247486000E-03   1.3746923000E-03  -6.9718600000E-04
   27      2.1608212200E-02   7.9579742000E-03  -6.2401100000E-04   2.5511853000E-03  -3.3534452000E-03
   28      1.2203258000E-03  -1.8966164000E-03   5.9471640000E-04  -1.9295540000E-03   2.3068720000E-03
   29     -3.4210506000E-03   2.9908369000E-03  -4.2549714000E-03   6.8853565000E-03  -1.2236766400E-02
   30     -1.1123219580E-01   4.4242791600E-02  -8.2432130000E-04   2.8895910000E-04   1.2640775000E-03
   31     -1.4178373080E-01   4.6696677600E-02   8.8444970000E-04  -1.3877679000E-03  -3.9353250000E-04
   32      5.2149629500E-02  -4.4052240600E-02  -2.9789917000E-03  -2.5182646000E-03  -2.1481783000E-03
   33      8.3251575400E-02   8.0270921200E-02  -1.3314161000E-03   1.4939043000E-03  -3.7632030000E-04
   34     -1.0199920720E-01  -7.8591074500E-02   2.9815510000E-04  -1.4966248000E-03   3.0383337000E-03
   35     -8.6425129600E-02  -1.0080992270E-01  -1.7143128000E-03   7.6824789000E-03  -1.3154152700E-02
   36      5.7075300000E-05  -2.8724471000E-03  -3.9102910500E-02   1.4125341200E-02   9.9459085000E-03
   37     -2.3158706000E-03  -1.3184835000E-03  -1.4457781900E-02   1.3218694000E-03   1.2967011000E-03
   38      5.4753570000E-04   2.0897725000E-03  -1.5341449000E-03  -6.8056070000E-04  -1.9781584000E-03
   39      2.0218264000E-03  -6.7587511000E-03  -2.0113927600E-02  -3.5748250700E-02   1.4091916100E-02
   40     -1.5107639000E-03  -1.0383351000E-03  -6.6558494000E-03  -7.8669233000E-03   6.5522160000E-03
   41      1.2743150000E-04  -5.1650620000E-03  -1.6501043000E-03   2.7723861000E-03   1.2360854200E-02
   42      2.6925669000E-03  -2.9668876000E-03  -1.1842291140E-01   6.8310428000E-02  -1.1634949870E-01
   43      1.0024902000E-03  -3.9234814000E-03   8.1190959500E-02  -4.6937890000E-02   1.2007122400E-01
   44     -7.3457750000E-04  -2.8805447000E-03  -1.5377204200E-01   1.0662255250E-01  -1.4346263780E-01
   45     -1.7709936000E-03  -4.5064743000E-03  -3.2151025000E-03   9.9933185000E-03   1.7442824000E-03
   46     -4.6515007000E-03   2.9085112000E-03   1.5181016800E-02  -4.5023827800E-02  -5.3977478400E-02
   47      7.9438490000E-04   1.2225779000E-03   5.4497600000E-03  -3.3189810100E-02  -3.1752035000E-02
                   15                 16                 17                 18                 19        
    0     -5.4409440000E-03  -2.0506164500E-02  -9.1952038600E-02  -1.1382396970E-01  -1.0632208460E-01
    1     -4.3435671000E-03   5.0857519000E-03  -7.0329711000E-03  -9.3517462600E-02  -1.6316111560E-01
    2     -1.9871807000E-02  -4.7795513000E-03  -3.5223591400E-02  -4.7500561100E-02  -6.6668902300E-02
    3     -3.5262820000E-04   9.4200991000E-03   2.2998460800E-02  -1.4893718600E-02   2.7236860000E-04
    4      2.7441886000E-03  -8.3311683000E-03  -1.4830000000E-03  -2.8847700400E-02  -2.4497118000E-03
    5     -1.0207824300E-02   3.0813993900E-02   7.0012208400E-02  -6.9683645000E-03   1.9005401000E-03
    6     -1.7016285100E-02  -2.2631286000E-03   2.3231492000E-02  -4.0921388000E-03  -2.1568974000E-03
    7     -1.3717287700E-02   2.6523510000E-03   1.8696414300E-02   1.8519778000E-03  -5.9162390000E-04
    8      4.2701255500E-02   1.4257824400E-02  -9.9654187000E-03  -4.7211941000E-03   1.7564820000E-04
    9      1.8901111600E-02   1.0290650000E-04   1.3352201200E-02  -1.2260500000E-03  -1.9002260000E-04
   10     -3.0061935000E-03  -2.9910652000E-03   6.8724340000E-04   5.1802080000E-04   2.2804460000E-04
   11     -1.0842830800E-02  -6.5574793000E-03  -7.9621573000E-03  -1.4224468000E-03   1.3816130000E-04
   12     -3.3453955460E-01  -8.3115837200E-02   5.5976895600E-02  -7.5167640000E-04   2.4660120000E-04
   13     -6.0975584500E-02  -6.5427795000E-02   2.1350000800E-02   5.5797170000E-04  -2.8474860000E-04
   14     -1.9558942600E-02  -4.7012902000E-03  -4.0919751700E-02   1.9228992000E-03  -3.1212370000E-04
   15      5.2835283740E-01   7.7372499100E-02  -1.2078229940E-01  -1.1844374000E-03   2.8079210000E-04
   16      7.7372499100E-02   3.3151572920E-01  -6.1739308400E-02  -6.9290960000E-04  -9.6069640000E-04
   17     -1.2078229940E-01  -6.1739308400E-02   3.0768792970E-01   7.3712160000E-04  -1.2563571000E-03
   18     -1.1844374000E-03  -6.9290960000E-04   7.3712160000E-04   1.1682703210E-01   1.0743784170E-01
   19      2.8079210000E-04  -9.6069640000E-04  -1.2563571000E-03   1.0743784170E-01   2.3949905980E-01
   20      1.0736347000E-03   2.9237242000E-03  -7.0681422000E-03   5.9176378600E-02   5.7970661000E-02
   21     -2.0832438000E-03   1.2301723000E-03   2.9788629000E-03   1.6349564100E-02   2.4548422000E-03
   22     -1.1625533000E-03  -1.3264425000E-03  -1.1966736000E-03   1.2396812400E-02  -7.9290632400E-02
   23      1.8922370000E-03  -5.5954719000E-03  -1.3402723600E-02  -2.3544823000E-03   8.9186553000E-03
   24     -8.1915170000E-04   1.5248677000E-03   2.6864888000E-03   3.6716670000E-03  -1.4589640000E-04
   25      1.0229660000E-04  -1.5249264000E-03  -1.5720383000E-03  -1.0121205000E-03   6.8522140000E-04
   26      3.8448480000E-03  -4.3009877000E-03  -7.9639255000E-03   2.1157021000E-03   3.4334580000E-04
   27     -6.9741470000E-04  -2.6611300000E-04  -8.4140400000E-04  -1.0724260000E-03  -5.6189500000E-04
   28      1.2745080000E-04  -1.2075956000E-03  -6.3064540000E-04   1.4752210000E-04  -2.4796160000E-04
   29     -9.7786020000E-04  -4.2164830000E-04  -1.5591587000E-03   4.6353720000E-04  -8.5961570000E-04
   30     -7.5732560000E-04   1.3498005000E-03  -2.3906110000E-04  -2.3835283000E-03   9.1100840000E-04
   31      7.1799410000E-04  -1.3039003000E-03  -6.8082130000E-04   9.5382230000E-04   1.9177160000E-04
   32     -3.7631395000E-03  -1.7708142000E-03   2.8214253000E-03  -7.1027130000E-04   6.9888550000E-04
   33     -2.4230500000E-05   2.8583490000E-04  -1.5773054000E-03   6.0555400000E-04  -1.4575460000E-03
   34      1.3731573000E-03  -7.0989770000E-04   2.2172170000E-04   1.1654858000E-03   1.1661813000E-03
   35     -4.7535567000E-03   5.8946000000E-05  -4.6994293000E-03  -9.5814110000E-04  -7.5580160000E-04
   36     -9.9930995300E-02   5.0707304700E-02   9.7036665800E-02   4.2960300000E-05   9.9894150000E-04
   37      6.4991278000E-02  -6.9084303900E-02  -8.4185944900E-02  -1.2090962000E-03   1.1327060000E-03
   38      1.2466081180E-01  -7.8232227500E-02  -1.4937730650E-01   1.7721820000E-04   4.7136040000E-04
   39     -3.3888485900E-02  -1.3879418900E-02   1.6508804100E-02   1.8221758000E-03  -1.2788349000E-03
   40     -2.8201923900E-02  -1.7248252410E-01   1.2470209450E-01  -6.4014490000E-04   8.4519080000E-04
   41      2.3846574300E-02   1.2755470920E-01  -1.0789642800E-01  -5.4052000000E-06  -3.1759620000E-04
   42     -3.5665889100E-02   8.3977035000E-03  -6.9505781000E-03   1.6538860000E-03  -1.5397458000E-03
   43     -1.1988782700E-02   1.0572971000E-03  -3.6831876000E-03   4.9476350000E-04   2.0348299000E-03
   44      6.7523117000E-03   2.9785733000E-03   9.3668790000E-04   7.1470200000E-05  -5.5077630000E-04
   45     -1.4853362900E-02  -2.9667616500E-02  -1.3164306300E-02  -1.5448938000E-03   1.0505270000E-03
   46     -2.4313763900E-02  -1.4960813800E-02  -2.1965271000E-03   3.9521610000E-04   1.2034850000E-03
   47     -1.4013412700E-02  -1.0488992000E-02   4.5797816000E-03  -2.3460800000E-05   1.0391540000E-04
                   20                 21                 22                 23                 24        
    0     -6.4717909500E-02  -1.4942435810E-01   8.9299277200E-02  -1.1196564730E-01  -2.4841157500E-02
    1     -7.2822711200E-02   8.5705371600E-02  -8.7237937200E-02   7.6607285400E-02   2.1722138000E-02
    2     -5.9168747400E-02  -8.5480077200E-02   7.0622983300E-02  -9.1377874300E-02  -7.2121644000E-03
    3      5.1525877000E-03  -1.7318923200E-02   9.3997000000E-04   8.6801624000E-03  -9.8608589400E-02
    4     -9.5175270000E-04   2.1753285400E-02  -2.5910182000E-03   2.9575338000E-03   1.0730073400E-01
    5      5.1104103000E-03  -1.2119833400E-02  -1.4822636000E-03   1.1244434400E-02  -8.5693380000E-04
    6     -3.2519608000E-03   2.5102415000E-03   2.3091030000E-04   1.3274580000E-04   5.5551723000E-03
    7     -1.0778342000E-03   4.3989920000E-04  -1.0428385000E-03   8.0835840000E-04  -1.0408508300E-02
    8      7.5551757000E-03   1.0016471000E-03   1.2671840000E-04  -2.5728023000E-03  -7.9229060000E-04
    9     -1.8729199000E-03   5.5410390000E-04  -2.4809510000E-04  -7.8129960000E-04   3.9408970000E-04
   10     -2.4999597000E-03  -1.6720524000E-03   6.8898920000E-04   1.2406752000E-03  -5.9927720000E-04
   11      2.5130921000E-03  -5.7615530000E-04   3.5088820000E-04   2.5989742000E-03  -1.1567130000E-04
   12      6.3835982000E-03  -1.2363030000E-04   8.5511050000E-04   5.6691359000E-03  -2.4285620000E-04
   13      3.4805504000E-03  -3.3106100000E-05  -3.4366020000E-04   7.7386930000E-04  -6.8917530000E-04
   14     -1.0183370000E-03   2.9919712000E-03   1.0205250000E-04  -5.9167194000E-03   8.5946770000E-04
   15      1.0736347000E-03  -2.0832438000E-03  -1.1625533000E-03   1.8922370000E-03  -8.1915170000E-04
   16      2.9237242000E-03   1.2301723000E-03  -1.3264425000E-03  -5.5954719000E-03   1.5248677000E-03
   17     -7.0681422000E-03   2.9788629000E-03  -1.1966736000E-03  -1.3402723600E-02   2.6864888000E-03
   18      5.9176378600E-02   1.6349564100E-02   1.2396812400E-02  -2.3544823000E-03   3.6716670000E-03
   19      5.7970661000E-02   2.4548422000E-03  -7.9290632400E-02   8.9186553000E-03  -1.4589640000E-04
   20      3.3162785000E-02  -1.8702262000E-03   1.1598095100E-02   2.2698974600E-02   1.2321472000E-03
   21     -1.8702262000E-03   1.5139061790E-01  -1.0515342810E-01   9.8025777100E-02  -5.2238483000E-03
   22      1.1598095100E-02  -1.0515342810E-01   1.6597885720E-01  -8.1064186100E-02   4.3301766000E-03
   23      2.2698974600E-02   9.8025777100E-02  -8.1064186100E-02   6.4700310600E-02   2.2144274000E-03
   24      1.2321472000E-03  -5.2238483000E-03   4.3301766000E-03   2.2144274000E-03   1.2009241090E-01
   25     -4.8033460000E-04  -3.8793580000E-04  -5.7062150000E-04  -7.1739770000E-04  -1.1944059060E-01
   26     -5.0705662000E-03  -4.0197865000E-03   1.1897248000E-03   7.0315775000E-03   2.0169361000E-03
   27      2.9737760000E-04   1.1338702000E-03  -4.7700190000E-04  -2.9446190000E-04  -1.0857853000E-03
   28     -4.8135630000E-04   2.0486300000E-05  -3.2390380000E-04   5.9699340000E-04  -2.4441042000E-03
   29     -1.3900068000E-03  -3.2413000000E-05  -4.2538210000E-04   1.3344394000E-03   7.3033000000E-06
   30      9.0745210000E-04   4.3900020000E-04   1.2680905000E-03   8.0695190000E-04  -1.0968776000E-03
   31     -7.2924220000E-04  -1.7271804000E-03   8.0183370000E-04   8.2113180000E-04  -6.5940670000E-04
   32      5.6628880000E-04  -6.3999950000E-04   9.0352310000E-04   1.8566423000E-03  -2.1727860000E-04
   33      5.8826050000E-04  -2.5216340000E-04  -1.7134790000E-03   4.1953550000E-04   1.0394423000E-03
   34     -9.5330100000E-04  -1.8026164000E-03   5.7295440000E-04   1.2725883000E-03  -7.2249540000E-04
   35      2.0448349000E-03  -3.7857060000E-04  -1.0106964000E-03   2.8902770000E-04   1.1566260000E-04
   36     -1.3494248000E-03   9.8280000000E-04   1.3607599000E-03  -1.8284193000E-03  -4.3613630000E-04
   37      7.9832310000E-04   1.2582312000E-03   1.7994781000E-03  -2.5032952000E-03  -3.2669200000E-05
   38     -1.1178695000E-03  -3.0063900000E-05   9.9413220000E-04  -2.6397630000E-04   1.6112780000E-04
   39     -4.8253760000E-04  -3.2612530000E-04  -9.8506730000E-04  -2.8395160000E-04   1.0656932000E-03
   40      1.2491066000E-03   5.3720900000E-05   9.0972500000E-05  -3.9106690000E-04   2.4581330000E-04
   41      1.1827782000E-03  -2.0324200000E-05  -6.6320410000E-04   1.4322740000E-04  -1.1103660000E-04
   42     -9.1063680000E-04   2.7980530000E-04  -1.9913566000E-03  -1.2478210000E-04   1.2889390000E-03
   43      6.0334700000E-04  -1.4834562000E-03   1.0746517000E-03  -6.6931050000E-04  -9.9314000000E-06
   44      1.5867415000E-03   5.4981740000E-04  -1.1055626000E-03  -5.0787310000E-04   9.7333500000E-05
   45     -3.5582110000E-04   1.1122894000E-03   1.0498738000E-03  -2.0792900000E-04  -7.5301200000E-04
   46      1.3726844000E-03  -6.5623370000E-04   1.7193175000E-03  -3.0563625000E-03   2.8325100000E-05
   47     -1.5874120000E-03  -3.8062590000E-04   1.0598508000E-03   2.1443610000E-03  -8.5519100000E-05
                   25                 26                 27                 28                 29        
    0      5.1342132000E-03  -7.0379879000E-03   6.4777150000E-04   8.5642890000E-04  -6.6288780000E-04
    1      1.5490762000E-03   3.7152129000E-03  -2.1077300000E-04   2.5419836000E-03   1.2992731000E-03
    2      1.9006618000E-03   1.8496107000E-03  -6.2897000000E-06   4.1508070000E-04  -1.0757127000E-03
    3      1.0704969490E-01   2.9621874000E-03   5.8028434000E-03   1.0305538500E-02   7.1091340000E-04
    4     -2.3768632980E-01   2.6239880000E-03  -1.0514282800E-02  -2.6062765900E-02  -3.3266370000E-03
    5      1.0997654000E-03  -2.7674694400E-02  -1.1570180000E-04  -1.5158909000E-03   1.8689724000E-03
    6      1.0716548500E-02  -1.1820571000E-03  -9.7885581900E-02   1.0623361360E-01   1.2806027000E-03
    7     -2.7606027000E-02  -2.7420960000E-04   1.0611347490E-01  -2.3786988070E-01  -1.2338634700E-02
    8      2.7491470000E-04   1.0718177000E-03   5.9817764000E-03  -1.1099013700E-02  -2.5188303200E-02
    9      1.1169864000E-03   1.3546070000E-04  -2.1009082200E-02   4.4071414000E-03   7.6218612000E-03
   10      2.4317034000E-03  -1.3296281000E-03   2.1608212200E-02   1.2203258000E-03  -3.4210506000E-03
   11     -5.7448130000E-04  -1.2983250000E-04   7.9579742000E-03  -1.8966164000E-03   2.9908369000E-03
   12      1.1154200000E-04   1.6247486000E-03  -6.2401100000E-04   5.9471640000E-04  -4.2549714000E-03
   13     -8.2847550000E-04   1.3746923000E-03   2.5511853000E-03  -1.9295540000E-03   6.8853565000E-03
   14      5.0074370000E-04  -6.9718600000E-04  -3.3534452000E-03   2.3068720000E-03  -1.2236766400E-02
   15      1.0229660000E-04   3.8448480000E-03  -6.9741470000E-04   1.2745080000E-04  -9.7786020000E-04
   16     -1.5249264000E-03  -4.3009877000E-03  -2.6611300000E-04  -1.2075956000E-03  -4.2164830000E-04
   17     -1.5720383000E-03  -7.9639255000E-03  -8.4140400000E-04  -6.3064540000E-04  -1.5591587000E-03
   18     -1.0121205000E-03   2.1157021000E-03  -1.0724260000E-03   1.4752210000E-04   4.6353720000E-04
   19      6.8522140000E-04   3.4334580000E-04  -5.6189500000E-04  -2.4796160000E-04  -8.5961570000E-04
   20     -4.8033460000E-04  -5.0705662000E-03   2.9737760000E-04  -4.8135630000E-04  -1.3900068000E-03
   21     -3.8793580000E-04  -4.0197865000E-03   1.1338702000E-03   2.0486300000E-05  -3.2413000000E-05
   22     -5.7062150000E-04   1.1897248000E-03  -4.7700190000E-04  -3.2390380000E-04  -4.2538210000E-04
   23     -7.1739770000E-04   7.0315775000E-03  -2.9446190000E-04   5.9699340000E-04   1.3344394000E-03
   24     -1.1944059060E-01   2.0169361000E-03  -1.0857853000E-03  -2.4441042000E-03   7.3033000000E-06
   25      2.6543679950E-01   1.6151540000E-04  -2.6954159000E-03  -3.6884191000E-03  -7.0128990000E-04
   26      1.6151540000E-04   2.8468918900E-02  -1.6420030000E-04   1.8410200000E-04   2.5846423000E-03
   27     -2.6954159000E-03  -1.6420030000E-04   1.1545623550E-01  -1.1879782440E-01  -6.2661380000E-03
   28     -3.6884191000E-03   1.8410200000E-04  -1.1879782440E-01   2.6510976970E-01   1.0864986900E-02
   29     -7.0128990000E-04   2.5846423000E-03  -6.2661380000E-03   1.0864986900E-02   2.9220716900E-02
   30      2.1727240000E-04  -1.1492740000E-04   3.2637313000E-03  -5.4659620000E-04  -1.5876254000E-03
   31     -4.7381940000E-04   1.0302850000E-03  -3.8770000000E-07   3.4397350000E-04   4.2129740000E-04
   32      5.9668030000E-04  -1.0584723000E-03  -7.2969970000E-04   9.4792860000E-04  -4.0292678000E-03
   33     -6.5773000000E-06  -1.0616950000E-04  -5.2650750000E-03  -5.4311650000E-04   3.2077735000E-03
   34     -2.3850120000E-04   4.7669240000E-04   4.2441175000E-03  -6.0429380000E-04  -2.2652724000E-03
   35     -5.4327690000E-04   1.1316932000E-03  -2.4133470000E-03   3.0482120000E-04   6.3407271000E-03
   36     -3.7589880000E-04  -5.4650410000E-04   1.1562708000E-03   4.4897700000E-05  -3.8219330000E-04
   37      7.6197710000E-04  -2.5488610000E-03   1.7016670000E-04   5.7518440000E-04   9.6437070000E-04
   38      6.9721610000E-04  -2.4715718000E-03  -5.6368310000E-04   4.7027910000E-04   1.1760488000E-03
   39     -3.1051100000E-05   4.1368040000E-04  -3.3580530000E-04  -2.5378590000E-04  -2.2496310000E-04
   40      8.1514550000E-04  -6.3276760000E-04  -7.4374120000E-04   8.0052540000E-04   9.7999790000E-04
   41     -3.5544370000E-04   2.3971327000E-03   5.3580110000E-04  -6.7241130000E-04  -4.3589150000E-04
   42     -4.0652100000E-05   2.1090350000E-04  -4.4204550000E-04  -4.4393910000E-04   9.6272600000E-04
   43      8.0879740000E-04  -1.5177491000E-03  -1.1679090000E-04   6.4430210000E-04   3.5135278000E-03
   44     -7.2302240000E-04   1.5122429000E-03   2.8702770000E-04  -6.6275380000E-04  -1.5463787000E-03
   45     -4.5831190000E-04  -1.5283400000E-04   9.5650440000E-04   2.9157060000E-04   1.3433480000E-04
   46      1.2839940000E-04  -4.9535540000E-04  -3.0293080000E-04   6.9830990000E-04  -1.1692796000E-03
   47      4.3578760000E-04  -9.8138720000E-04  -3.1158630000E-04   8.6762400000E-04   1.9451021000E-03
                   30                 31                 32                 33                 34        
    0     -3.6011530000E-04  -5.4423230000E-04   2.5685918000E-03   1.2323142000E-03  -8.1599400000E-05
    1      2.9342770000E-04   1.4386520000E-04   2.1713018000E-03  -1.4905898000E-03   1.2837984000E-03
    2      7.4641460000E-04  -8.9343000000E-05   1.0598643000E-03  -1.2538120000E-04  -4.3689080000E-04
    3     -4.5991614000E-03  -2.4314977000E-03   1.1238157000E-03   2.4363121000E-03   3.2007900000E-04
    4      2.2756997000E-03  -1.2081784000E-03   9.8338350000E-04   5.5267990000E-04  -1.1388742000E-03
    5      1.4187608000E-03  -7.7784000000E-05   3.6667087000E-03  -2.4375904000E-03   1.7225700000E-04
    6     -1.5522177300E-02   2.0399525000E-03  -5.7426542000E-03  -1.8187494700E-02   3.4664524000E-03
    7     -2.6575841600E-02   9.3758910000E-04  -3.0427200000E-03   2.3796414000E-02  -4.0666588000E-03
    8      2.2634198000E-03  -1.6717629000E-03   1.9618920000E-04   1.3627828000E-02  -2.1985946000E-03
    9     -1.5405955610E-01  -1.2115223400E-01   5.8627292500E-02  -1.2964135980E-01   8.5472451300E-02
   10     -1.1123219580E-01  -1.4178373080E-01   5.2149629500E-02   8.3251575400E-02  -1.0199920720E-01
   11      4.4242791600E-02   4.6696677600E-02  -4.4052240600E-02   8.0270921200E-02  -7.8591074500E-02
   12     -8.2432130000E-04   8.8444970000E-04  -2.9789917000E-03  -1.3314161000E-03   2.9815510000E-04
   13      2.8895910000E-04  -1.3877679000E-03  -2.5182646000E-03   1.4939043000E-03  -1.4966248000E-03
   14      1.2640775000E-03  -3.9353250000E-04  -2.1481783000E-03  -3.7632030000E-04   3.0383337000E-03
   15     -7.5732560000E-04   7.1799410000E-04  -3.7631395000E-03  -2.4230500000E-05   1.3731573000E-03
   16      1.3498005000E-03  -1.3039003000E-03  -1.7708142000E-03   2.8583490000E-04  -7.0989770000E-04
   17     -2.3906110000E-04  -6.8082130000E-04   2.8214253000E-03  -1.5773054000E-03   2.2172170000E-04
   18     -2.3835283000E-03   9.5382230000E-04  -7.1027130000E-04   6.0555400000E-04   1.1654858000E-03
   19      9.1100840000E-04   1.9177160000E-04   6.9888550000E-04  -1.4575460000E-03   1.1661813000E-03
   20      9.0745210000E-04  -7.2924220000E-04   5.6628880000E-04   5.8826050000E-04  -9.5330100000E-04
   21      4.3900020000E-04  -1.7271804000E-03  -6.3999950000E-04  -2.5216340000E-04  -1.8026164000E-03
   22      1.2680905000E-03   8.0183370000E-04   9.0352310000E-04  -1.7134790000E-03   5.7295440000E-04
   23      8.0695190000E-04   8.2113180000E-04   1.8566423000E-03   4.1953550000E-04   1.2725883000E-03
   24     -1.0968776000E-03  -6.5940670000E-04  -2.1727860000E-04   1.0394423000E-03  -7.2249540000E-04
   25      2.1727240000E-04  -4.7381940000E-04   5.9668030000E-04  -6.5773000000E-06  -2.3850120000E-04
   26     -1.1492740000E-04   1.0302850000E-03  -1.0584723000E-03  -1.0616950000E-04   4.7669240000E-04
   27      3.2637313000E-03  -3.8770000000E-07  -7.2969970000E-04  -5.2650750000E-03   4.2441175000E-03
   28     -5.4659620000E-04   3.4397350000E-04   9.4792860000E-04  -5.4311650000E-04  -6.0429380000E-04
   29     -1.5876254000E-03   4.2129740000E-04  -4.0292678000E-03   3.2077735000E-03  -2.2652724000E-03
   30      1.5667559230E-01   1.3225178750E-01  -4.9608703300E-02   1.6515010400E-02   7.4075410000E-04
   31      1.3225178750E-01   2.1209872460E-01  -2.5739104100E-02  -9.0885381000E-03  -7.5494856500E-02
   32     -4.9608703300E-02  -2.5739104100E-02   2.1742315200E-02  -1.3036844000E-03  -2.0803820000E-02
   33      1.6515010400E-02  -9.0885381000E-03  -1.3036844000E-03   1.3125232620E-01  -9.3735883900E-02
   34      7.4075410000E-04  -7.5494856500E-02  -2.0803820000E-02  -9.3735883900E-02   1.7770157520E-01
   35      7.7467750000E-04  -2.0288906000E-02   1.9098290100E-02  -9.1373635100E-02   1.0061271720E-01
   36      1.6218535000E-03  -1.7437891000E-03   1.1144239000E-03   4.1798530000E-04  -1.6454816000E-03
   37      8.0105730000E-04   1.7915837000E-03  -1.0446773000E-03  -1.2836307000E-03   1.2453066000E-03
   38     -2.5721580000E-04   7.6350590000E-04   1.2309524000E-03  -6.5809930000E-04   1.1491881000E-03
   39     -9.2559470000E-04   8.7547890000E-04   6.9622920000E-04   1.0794982000E-03   7.0505770000E-04
   40     -6.9376700000E-05   2.3291470000E-03  -9.4580870000E-04  -9.5280840000E-04   2.4273546000E-03
   41     -2.5413610000E-04  -3.7090100000E-05  -1.3971667000E-03   6.4154000000E-06  -1.1636738000E-03
   42     -5.8423900000E-05   8.9156210000E-04   1.4207514000E-03   1.2041590000E-03   1.5081400000E-03
   43     -1.2511862000E-03   1.4013856000E-03  -8.4630290000E-04   9.8969170000E-04   1.9661267000E-03
   44      5.9949500000E-05  -9.5437260000E-04  -1.2013148000E-03   3.0754270000E-04  -1.0444376000E-03
   45      2.0718938000E-03  -1.2677811000E-03   1.4331760000E-04  -1.0808620000E-03  -1.3057737000E-03
   46     -7.2266080000E-04   1.6123794000E-03  -1.7398205000E-03  -9.7930400000E-05  -6.1438310000E-04
   47     -4.2282610000E-04   9.2906110000E-04   1.6479642000E-03  -4.7009120000E-04   5.1356640000E-04
                   35                 36                 37                 38                 39        
    0      1.2780179000E-03  -6.5853314000E-03  -5.0226581000E-03  -8.1485545000E-03   2.6593686000E-03
    1     -1.3047730000E-03   1.9415753000E-03   8.1583220000E-04   8.7421090000E-04  -7.1920100000E-05
    2      1.5168456000E-03   1.3417268000E-03   2.8534776000E-03   6.5252630000E-04   3.7506400000E-03
    3     -2.9579486000E-03   2.3542988000E-03   2.6821064000E-03   3.3230072000E-03   9.1229480000E-04
    4     -2.2119905000E-03  -4.1853770000E-04  -3.0919680000E-04  -2.4165440000E-04  -7.4295910000E-04
    5     -3.1018258000E-03   9.3477490000E-03   4.4237699000E-03   1.0969827800E-02   6.9017800000E-04
    6     -5.9665517000E-03   1.6578633000E-03  -1.0475010000E-04   2.0109038000E-03   2.4561322000E-03
    7      5.3509300000E-05   9.8730000000E-04  -1.0363661000E-03   4.1359497000E-03   1.3326697000E-03
    8      1.6219457700E-02   4.7840410000E-04   2.5951965000E-03  -2.5682218000E-03  -3.0833940000E-04
    9      1.0618667440E-01   1.7285293000E-03   2.8918339000E-03  -2.5402800000E-04   1.0299373000E-03
   10     -8.6425129600E-02   5.7075300000E-05  -2.3158706000E-03   5.4753570000E-04   2.0218264000E-03
   11     -1.0080992270E-01  -2.8724471000E-03  -1.3184835000E-03   2.0897725000E-03  -6.7587511000E-03
   12     -1.7143128000E-03  -3.9102910500E-02  -1.4457781900E-02  -1.5341449000E-03  -2.0113927600E-02
   13      7.6824789000E-03   1.4125341200E-02   1.3218694000E-03  -6.8056070000E-04  -3.5748250700E-02
   14     -1.3154152700E-02   9.9459085000E-03   1.2967011000E-03  -1.9781584000E-03   1.4091916100E-02
   15     -4.7535567000E-03  -9.9930995300E-02   6.4991278000E-02   1.2466081180E-01  -3.3888485900E-02
   16      5.8946000000E-05   5.0707304700E-02  -6.9084303900E-02  -7.8232227500E-02  -1.3879418900E-02
   17     -4.6994293000E-03   9.7036665800E-02  -8.4185944900E-02  -1.4937730650E-01   1.6508804100E-02
   18     -9.5814110000E-04   4.2960300000E-05  -1.2090962000E-03   1.7721820000E-04   1.8221758000E-03
   19     -7.5580160000E-04   9.9894150000E-04   1.1327060000E-03   4.7136040000E-04  -1.2788349000E-03
   20      2.0448349000E-03  -1.3494248000E-03   7.9832310000E-04  -1.1178695000E-03  -4.8253760000E-04
   21     -3.7857060000E-04   9.8280000000E-04   1.2582312000E-03  -3.0063900000E-05  -3.2612530000E-04
   22     -1.0106964000E-03   1.3607599000E-03   1.7994781000E-03   9.9413220000E-04  -9.8506730000E-04
   23      2.8902770000E-04  -1.8284193000E-03  -2.5032952000E-03  -2.6397630000E-04  -2.8395160000E-04
   24      1.1566260000E-04  -4.3613630000E-04  -3.2669200000E-05   1.6112780000E-04   1.0656932000E-03
   25     -5.4327690000E-04  -3.7589880000E-04   7.6197710000E-04   6.9721610000E-04  -3.1051100000E-05
   26      1.1316932000E-03  -5.4650410000E-04  -2.5488610000E-03  -2.4715718000E-03   4.1368040000E-04
   27     -2.4133470000E-03   1.1562708000E-03   1.7016670000E-04  -5.6368310000E-04  -3.3580530000E-04
   28      3.0482120000E-04   4.4897700000E-05   5.7518440000E-04   4.7027910000E-04  -2.5378590000E-04
   29      6.3407271000E-03  -3.8219330000E-04   9.6437070000E-04   1.1760488000E-03  -2.2496310000E-04
   30      7.7467750000E-04   1.6218535000E-03   8.0105730000E-04  -2.5721580000E-04  -9.2559470000E-04
   31     -2.0288906000E-02  -1.7437891000E-03   1.7915837000E-03   7.6350590000E-04   8.7547890000E-04
   32      1.9098290100E-02   1.1144239000E-03  -1.0446773000E-03   1.2309524000E-03   6.9622920000E-04
   33     -9.1373635100E-02   4.1798530000E-04  -1.2836307000E-03  -6.5809930000E-04   1.0794982000E-03
   34      1.0061271720E-01  -1.6454816000E-03   1.2453066000E-03   1.1491881000E-03   7.0505770000E-04
   35      7.5913567000E-02   3.9995980000E-04   8.5108340000E-04  -1.8034204000E-03   9.9578700000E-05
   36      3.9995980000E-04   1.3883175730E-01  -8.8565641800E-02  -1.1993805510E-01   4.4906607000E-03
   37      8.5108340000E-04  -8.8565641800E-02   1.2273671820E-01   7.5827561300E-02   3.6920377200E-02
   38     -1.8034204000E-03  -1.1993805510E-01   7.5827561300E-02   1.2080521840E-01   3.4845448000E-03
