
$orca_hessian_file

$act_atom
  0

$act_coord
  0

$act_energy
      -20.933952

$multiplicity
  1

$hessian
48
                    0                  1                  2                  3                  4        
    0      6.3646551670E-01   3.8167044100E-02   2.0147475630E-01  -3.1699084990E-01   1.7448762000E-02
    1      3.8167044100E-02   2.5540779390E-01  -1.8527746600E-02  -9.5937833000E-03  -6.0236043400E-02
    2      2.0147475630E-01  -1.8527746600E-02   1.3246169990E-01  -7.1269035800E-02  -8.4143174000E-03
    3     -3.1699084990E-01  -9.5937833000E-03  -7.1269035800E-02   5.8751320090E-01   1.4050257900E-02
    4      1.7448762000E-02  -6.0236043400E-02  -8.4143174000E-03   1.4050257900E-02   6.2239203290E-01
    5      1.1630271400E-01   2.9999342000E-03  -3.4066538800E-02  -9.6891676000E-03   4.3925028000E-03
    6     -3.8034491600E-02  -2.6114345200E-02   1.6555932000E-03  -1.1224755370E-01  -1.1352625710E-01
    7     -7.9100265000E-03   3.3034300000E-04   5.9824345000E-03  -1.1086656590E-01  -2.7948017160E-01
    8      1.2092423000E-02   2.3832158000E-03   1.4917445500E-02   2.5456311500E-02   2.0440962800E-02
    9      3.9740095000E-03  -2.0380572000E-03  -1.9092679200E-02  -3.7681502100E-02  -9.4966127000E-03
   10     -1.2885097000E-03  -2.3131672000E-03  -3.3363720000E-04  -2.3891352200E-02  -3.7580890000E-04
   11      2.6906932200E-02   5.2994580000E-03   1.5922258400E-02   9.9118340000E-04  -5.2812070000E-04
   12      3.8517547300E-02   2.2934845000E-03  -3.5304680000E-04  -3.1747546900E-02  -1.9693002600E-02
   13      1.0260243400E-02  -9.0149000000E-04  -7.6576255000E-03  -1.6365113400E-02  -3.1743919000E-03
   14     -4.5608027000E-02  -6.6512488000E-03  -6.5469973000E-03  -1.2447136600E-02  -1.8108620800E-02
   15     -1.7474435000E-03  -1.9439340000E-03   5.7659940000E-03   2.5885495300E-02   1.5192392600E-02
   16     -2.3621835100E-02   8.3728395000E-03   5.8098972000E-03   1.9511933800E-02  -1.1667422500E-02
   17     -1.4161540740E-01   3.0319497000E-03   8.3269748000E-03   7.4219779600E-02   7.1333074000E-03
   18     -1.4636658600E-01  -1.0578513500E-01  -4.7605813600E-02  -1.1916200800E-02  -2.7333945300E-02
   19     -1.3244333530E-01  -1.3273564450E-01  -6.2654575800E-02   2.6957956000E-03  -1.8756325000E-03
   20     -6.2364791000E-02  -6.1951913700E-02  -4.0400827000E-02   4.2079446000E-03   1.2332387000E-03
   21     -1.5156938120E-01   8.0078500200E-02  -8.3895742700E-02  -1.6649575700E-02   2.1759850000E-02
   22      9.8466896700E-02  -6.8926155600E-02   7.3710125900E-02  -4.0872760000E-04  -4.4546683000E-03
   23     -1.1760846560E-01   7.2565728300E-02  -8.2670349800E-02   1.1041637400E-02   4.9422810000E-04
   24     -2.3705555700E-02   1.9376787500E-02  -6.9539588000E-03  -1.0022697440E-01   1.0821015190E-01
   25      5.2265884000E-03   2.8117126000E-03   2.2306555000E-03   1.0695891900E-01  -2.3496819480E-01
   26     -8.2776744000E-03   4.7300498000E-03   5.4823163000E-03   5.2228245000E-03   1.5034429000E-03
   27      4.7903110000E-04  -2.1927500000E-05   1.5960060000E-04   5.4401925000E-03  -9.7044067000E-03
   28      1.4257699000E-03   3.0982465000E-03   3.8711200000E-04   1.0732110300E-02  -2.7560886000E-02
   29     -1.6215927000E-03   8.5208440000E-04  -3.6355040000E-04   1.5308224000E-03  -3.0194270000E-03
   30     -2.2343310000E-04   1.0596196000E-03   1.2087173000E-03  -4.8863612000E-03   2.3737692000E-03
   31     -1.5165734000E-03  -4.2965740000E-04  -1.1667672000E-03  -4.2083814000E-03  -2.4258041000E-03
   32      2.4930697000E-03   2.2224160000E-03   1.7740886000E-03   1.7186717000E-03   1.4989074000E-03
   33      1.5810781000E-03  -1.8062393000E-03   6.5883930000E-04   3.0354002000E-03   6.5088120000E-04
   34      1.5291330000E-04   1.3617386000E-03   1.4969840000E-04   1.2700515000E-03  -2.3500116000E-03
   35      1.9613473000E-03  -1.0365050000E-03   4.1140853000E-03  -1.5935973000E-03  -1.4516701000E-03
   36     -1.1017823000E-02   1.9237655000E-03   1.1894036000E-03   3.3097192000E-03  -4.6730590000E-04
   37     -1.0220539600E-02   3.7481938000E-03   8.1025485000E-03   8.4205966000E-03  -1.5603962000E-03
   38     -1.1085487300E-02  -1.2968687000E-03  -3.2745984000E-03   2.0016787000E-03  -4.3865960000E-04
   39      4.2593598000E-03   9.2814070000E-04   7.2066794000E-03   2.9955707000E-03  -7.1833320000E-04
   40      9.8477379000E-03  -5.1841378000E-03  -3.4348992000E-03  -5.4996000000E-03   3.9006911000E-03
   41      1.5624532600E-02  -2.6159195000E-03  -4.7828651000E-03  -1.1526892400E-02   3.8761544000E-03
   42      6.3496974000E-03   1.2385980000E-04   3.0519038000E-03   9.9882160000E-04  -5.7016840000E-04
   43      2.8324936000E-03  -2.6081392000E-03   4.3675340000E-04   1.0678299000E-03  -2.7170510000E-04
   44      6.8016670000E-03  -1.6884982000E-03  -6.2219223000E-03  -1.0559245900E-02  -6.5482121000E-03
   45     -1.9706758000E-03   3.3522199000E-03   6.7987894000E-03   3.1681645000E-03   1.8239671000E-03
   46     -6.8276299000E-03  -1.7964327000E-03   5.3803434000E-03   6.1260290000E-03   4.1084128000E-03
   47      4.5240032000E-03  -3.1613570000E-04  -4.6712198000E-03  -9.3057783000E-03  -2.0637168000E-03
                    5                  6                  7                  8                  9        
    0      1.1630271400E-01  -3.8034491600E-02  -7.9100265000E-03   1.2092423000E-02   3.9740095000E-03
    1      2.9999342000E-03  -2.6114345200E-02   3.3034300000E-04   2.3832158000E-03  -2.0380572000E-03
    2     -3.4066538800E-02   1.6555932000E-03   5.9824345000E-03   1.4917445500E-02  -1.9092679200E-02
    3     -9.6891676000E-03  -1.1224755370E-01  -1.1086656590E-01   2.5456311500E-02  -3.7681502100E-02
    4      4.3925028000E-03  -1.1352625710E-01  -2.7948017160E-01   2.0440962800E-02  -9.4966127000E-03
    5     -5.6441699700E-02  -2.4569278500E-02  -2.7849578100E-02  -4.2917894200E-02  -8.2111657000E-03
    6     -2.4569278500E-02   5.9717417090E-01   1.1056309800E-02   4.0909929000E-03  -3.2517863410E-01
    7     -2.7849578100E-02   1.1056309800E-02   6.2177423260E-01  -2.1841366000E-03   1.9873730800E-02
    8     -4.2917894200E-02   4.0909929000E-03  -2.1841366000E-03  -5.2652685400E-02  -1.0916239410E-01
    9     -8.2111657000E-03  -3.2517863410E-01   1.9873730800E-02  -1.0916239410E-01   6.4698567350E-01
   10      1.6615419000E-03  -3.4961683000E-03  -6.2559825800E-02  -9.1864030000E-04   3.8239138400E-02
   11     -5.3262790000E-04   6.0577117800E-02   1.3414542000E-03  -4.2019501200E-02  -2.0858116440E-01
   12     -5.3011569500E-02   1.5871082400E-02   1.1805276500E-02   2.9648781600E-02   1.8058125000E-03
   13     -3.1614325200E-02   1.9680144000E-02  -9.7347301000E-03  -3.3510498800E-02  -2.6459316300E-02
   14      1.2820392200E-02  -5.9019743000E-02   3.0748183000E-03   1.2634479710E-01   1.3116536230E-01
   15     -1.9764186600E-02  -2.5870385200E-02  -2.1034200500E-02   3.7119186800E-02   3.4025175600E-02
   16      3.9843079100E-02  -2.6851934000E-03   1.5441131000E-03   1.8718495900E-02   5.3167167000E-03
   17      1.3060459620E-01   1.9215633800E-02   1.6414917800E-02  -6.8525372000E-03   3.4570303300E-02
   18     -4.2120422000E-03  -4.2055181000E-03   2.6944775000E-03  -2.7491773000E-03  -8.4445000000E-04
   19      3.1662017000E-03  -4.1381511000E-03  -1.8210377000E-03   8.8341720000E-04  -1.0978397000E-03
   20      1.7871212000E-03  -2.1502463000E-03  -1.0218810000E-03   5.4629778000E-03  -2.7251611000E-03
   21     -1.4095368700E-02   3.6758272000E-03   6.8445660000E-04   1.5215120000E-03   1.0973627000E-03
   22     -1.0797763000E-03   1.5334431000E-03  -2.0152261000E-03   8.2328410000E-04   4.3786150000E-04
   23      1.8168927300E-02   3.1462760000E-04   1.6161607000E-03  -6.2179900000E-04  -1.6272668000E-03
   24     -4.2823910000E-04   5.7932544000E-03  -9.1632002000E-03  -1.0262872000E-03   3.3585170000E-04
   25     -6.7786000000E-04   1.1201291400E-02  -2.7273992200E-02   6.1268760000E-04   1.3157900000E-03
   26     -2.3142860800E-02  -1.7454885000E-03   1.8007372000E-03   2.5613697000E-03   9.5506750000E-04
   27      1.1415229000E-03  -9.9190816200E-02   1.0842002140E-01   1.8983728000E-03  -2.2154628800E-02
   28     -1.0388047000E-03   1.0660514880E-01  -2.3543866570E-01  -1.2366524000E-03   5.1478148000E-03
   29      2.8449608000E-03  -4.4575182000E-03  -2.5673591000E-03  -2.1284920100E-02   8.8306708000E-03
   30      2.4206340000E-03  -1.1736074800E-02  -2.6434280000E-02   3.9011134000E-03  -1.5598011600E-01
   31     -9.7328740000E-04   4.3410522000E-03  -3.0539860000E-04  -3.8201616000E-03  -1.3212712990E-01
   32      4.1387492000E-03  -4.8692015000E-03  -1.9190137000E-03   3.7396500000E-05   6.0572082800E-02
   33     -1.6274669000E-03  -1.6818577900E-02   2.2680123800E-02   1.5838748300E-02  -1.4010373670E-01
   34     -1.9268970000E-04  -4.3398440000E-04  -4.8117657000E-03   5.8518640000E-04   9.7020675800E-02
   35     -6.2272300000E-04  -8.9646948000E-03  -3.9188370000E-04   1.9073980100E-02   1.2047407300E-01
   36      1.4774513600E-02   1.8913090000E-03   1.3145383000E-03   2.2892247000E-03   3.3404764000E-03
   37      1.0081853200E-02  -9.3504210000E-04  -2.1356806000E-03   2.3357134000E-03   5.4557838000E-03
   38      1.6110798000E-02   1.8580570000E-03   5.3381658000E-03  -1.1462482000E-03  -2.7588415000E-03
   39     -1.0162796000E-03   2.0203027000E-03   6.3450600000E-04  -4.8607359000E-03  -1.5339091000E-03
   40     -6.1229628000E-03   4.6796320000E-04   2.0182406000E-03  -6.9050000000E-04  -2.4659585000E-03
   41     -1.5977704700E-02   1.2497788400E-02   4.2232771000E-03  -1.8607525500E-02  -1.2537500200E-02
   42     -3.1138698000E-03   5.7469846000E-03  -3.8308650000E-04  -1.3577633600E-02  -9.4957362000E-03
   43     -2.9735570000E-04   6.8212235000E-03  -3.2977264000E-03  -7.5780833000E-03  -5.6190814000E-03
   44     -6.1707036000E-03   4.8783613000E-03  -1.7277657000E-03   1.5357421200E-02   7.7048338000E-03
   45      5.0992495000E-03   1.1091203000E-03  -3.3720812000E-03  -2.4804389000E-03   1.4083511000E-03
   46      7.7015268000E-03  -1.0377434200E-02   3.2072912000E-03   3.1557099000E-03   6.4964839000E-03
   47     -6.6027921000E-03   6.8799880000E-04  -2.1303477000E-03   2.3477228000E-03   4.2377940000E-04
                   10                 11                 12                 13                 14        
    0     -1.2885097000E-03   2.6906932200E-02   3.8517547300E-02   1.0260243400E-02  -4.5608027000E-02
    1     -2.3131672000E-03   5.2994580000E-03   2.2934845000E-03  -9.0149000000E-04  -6.6512488000E-03
    2     -3.3363720000E-04   1.5922258400E-02  -3.5304680000E-04  -7.6576255000E-03  -6.5469973000E-03
    3     -2.3891352200E-02   9.9118340000E-04  -3.1747546900E-02  -1.6365113400E-02  -1.2447136600E-02
    4     -3.7580890000E-04  -5.2812070000E-04  -1.9693002600E-02  -3.1743919000E-03  -1.8108620800E-02
    5      1.6615419000E-03  -5.3262790000E-04  -5.3011569500E-02  -3.1614325200E-02   1.2820392200E-02
    6     -3.4961683000E-03   6.0577117800E-02   1.5871082400E-02   1.9680144000E-02  -5.9019743000E-02
    7     -6.2559825800E-02   1.3414542000E-03   1.1805276500E-02  -9.7347301000E-03   3.0748183000E-03
    8     -9.1864030000E-04  -4.2019501200E-02   2.9648781600E-02  -3.3510498800E-02   1.2634479710E-01
    9      3.8239138400E-02  -2.0858116440E-01   1.8058125000E-03  -2.6459316300E-02   1.3116536230E-01
   10      2.4878061730E-01   2.6428726700E-02   1.3276126000E-03   1.4587740400E-02  -2.0362290000E-04
   11      2.6428726700E-02   1.6208316570E-01   1.1310157000E-02  -1.3694412000E-03  -1.5041758200E-02
   12      1.3276126000E-03   1.1310157000E-02   4.9207793650E-01   2.9303322900E-02   9.0958699500E-02
   13      1.4587740400E-02  -1.3694412000E-03   2.9303322900E-02   1.5525566710E-01  -3.6431030100E-02
   14     -2.0362290000E-04  -1.5041758200E-02   9.0958699500E-02  -3.6431030100E-02   1.6503127260E-01
   15     -4.8103836000E-03  -1.3637392800E-02  -3.5055938460E-01  -6.7220764900E-02  -3.3543148700E-02
   16     -2.4471119000E-03  -8.9262552000E-03  -9.9214419700E-02  -6.0050441600E-02  -1.4293995900E-02
   17      1.9773085000E-03  -6.9619856000E-03   4.9914844700E-02   2.4795414400E-02  -5.9154769000E-02
   18      8.3398910000E-04  -1.8472839000E-03  -4.8227690000E-04   1.5098508000E-03   1.6003254000E-03
   19      8.5340500000E-05   1.6310701000E-03   1.5133537000E-03  -2.5526770000E-04  -1.0151691000E-03
   20     -2.0097464000E-03   2.6410462000E-03   7.2707891000E-03   3.9677090000E-03  -1.0727852000E-03
   21     -2.1654021000E-03  -9.5903710000E-04   6.5814590000E-04   8.6902920000E-04   3.2620315000E-03
   22      1.1670256000E-03  -3.5556240000E-04   5.7249730000E-04  -2.4787050000E-04  -3.0690800000E-05
   23      1.5616893000E-03   4.5855942000E-03   5.8913352000E-03  -4.8830100000E-04  -1.0287755300E-02
   24     -1.5871550000E-04  -5.5974700000E-04  -1.8378510000E-04  -2.5822540000E-04   1.6645404000E-03
   25      3.1506304000E-03  -1.5687040000E-04   4.0881630000E-04  -7.2183850000E-04  -2.2333000000E-05
   26     -1.4979797000E-03   2.3154120000E-04   2.3626163000E-03   1.5203080000E-03  -3.0412133000E-03
   27      1.9155037500E-02   7.7182102000E-03  -1.1461698000E-03   2.4918979000E-03  -4.3541403000E-03
   28      2.8346195000E-03  -2.2500835000E-03   2.0907060000E-04  -2.0339642000E-03   2.3669124000E-03
   29     -4.5205293000E-03   4.6252126000E-03  -5.5090114000E-03   8.9225058000E-03  -1.6004948300E-02
   30     -1.0520374220E-01   4.7814529900E-02  -1.2311842000E-03  -1.0118560000E-04   6.3123380000E-04
   31     -1.2227656420E-01   5.7180562500E-02   2.0731477000E-03  -9.8634700000E-04   1.1226414000E-03
   32      5.6060437700E-02  -3.6005492500E-02  -2.6340971000E-03  -4.3497579000E-03  -5.5228401000E-03
   33      7.8469039200E-02   8.4900063900E-02  -2.3759330000E-03   1.7459571000E-03  -1.4761481000E-03
   34     -7.2317177100E-02  -7.9698828700E-02  -9.3210460000E-04  -2.5957600000E-04   3.1148836000E-03
   35     -8.0079676000E-02  -9.2308883500E-02  -2.1138062000E-03   8.8872177000E-03  -2.1343378600E-02
   36     -3.6891700000E-05  -6.6932190000E-04  -3.9177099400E-02   1.5005610500E-02   7.2705124000E-03
   37     -2.5185392000E-03  -2.1689540000E-04  -1.9248132200E-02  -1.6245364000E-03   4.5576070000E-04
   38      8.3521750000E-04   5.9237370000E-03   6.0190102000E-03   9.7657320000E-04  -4.6995328000E-03
   39      2.4947511000E-03  -5.6887833000E-03  -2.1474600200E-02  -3.7583994500E-02   1.9048913900E-02
   40     -1.9207846000E-03  -3.9355010000E-04  -1.6525640000E-03  -5.8034689000E-03   8.1868649000E-03
   41     -5.5061340000E-04  -3.9650550000E-03   3.8130590000E-03   3.6067969000E-03   1.5863054500E-02
   42      3.3640380000E-03  -5.9596908000E-03  -1.0000850980E-01   5.3684501500E-02  -1.0175688090E-01
   43      1.8685474000E-03  -5.6519835000E-03   7.1400651500E-02  -4.1664292400E-02   1.2780355050E-01
   44     -1.4139447000E-03  -1.5057289000E-03  -1.4867689390E-01   1.0442346910E-01  -1.3739001040E-01
   45     -2.8324406000E-03  -2.3157732000E-03  -5.4403470000E-04   1.3438042800E-02   2.6036052000E-03
   46     -5.7455422000E-03   7.6663198000E-03   1.9832989600E-02  -4.2385192300E-02  -6.9368720500E-02
   47      3.0034684000E-03   2.3284773000E-03   5.1091321000E-03  -4.1679014600E-02  -3.9953527800E-02
                   15                 16                 17                 18                 19        
    0     -1.7474435000E-03  -2.3621835100E-02  -1.4161540740E-01  -1.4636658600E-01  -1.3244333530E-01
    1     -1.9439340000E-03   8.3728395000E-03   3.0319497000E-03  -1.0578513500E-01  -1.3273564450E-01
    2      5.7659940000E-03   5.8098972000E-03   8.3269748000E-03  -4.7605813600E-02  -6.2654575800E-02
    3      2.5885495300E-02   1.9511933800E-02   7.4219779600E-02  -1.1916200800E-02   2.6957956000E-03
    4      1.5192392600E-02  -1.1667422500E-02   7.1333074000E-03  -2.7333945300E-02  -1.8756325000E-03
    5     -1.9764186600E-02   3.9843079100E-02   1.3060459620E-01  -4.2120422000E-03   3.1662017000E-03
    6     -2.5870385200E-02  -2.6851934000E-03   1.9215633800E-02  -4.2055181000E-03  -4.1381511000E-03
    7     -2.1034200500E-02   1.5441131000E-03   1.6414917800E-02   2.6944775000E-03  -1.8210377000E-03
    8      3.7119186800E-02   1.8718495900E-02  -6.8525372000E-03  -2.7491773000E-03   8.8341720000E-04
    9      3.4025175600E-02   5.3167167000E-03   3.4570303300E-02  -8.4445000000E-04  -1.0978397000E-03
   10     -4.8103836000E-03  -2.4471119000E-03   1.9773085000E-03   8.3398910000E-04   8.5340500000E-05
   11     -1.3637392800E-02  -8.9262552000E-03  -6.9619856000E-03  -1.8472839000E-03   1.6310701000E-03
   12     -3.5055938460E-01  -9.9214419700E-02   4.9914844700E-02  -4.8227690000E-04   1.5133537000E-03
   13     -6.7220764900E-02  -6.0050441600E-02   2.4795414400E-02   1.5098508000E-03  -2.5526770000E-04
   14     -3.3543148700E-02  -1.4293995900E-02  -5.9154769000E-02   1.6003254000E-03  -1.0151691000E-03
   15      5.0499360750E-01   8.8731452500E-02  -1.1859242030E-01  -1.8182364000E-03   2.1694548000E-03
   16      8.8731452500E-02   2.6936535870E-01  -6.6047041000E-02  -6.7866100000E-04  -3.0106610000E-04
   17     -1.1859242030E-01  -6.6047041000E-02   2.5568598270E-01  -5.4814770000E-04  -2.0561373000E-03
   18     -1.8182364000E-03  -6.7866100000E-04  -5.4814770000E-04   1.3973464410E-01   1.2840911920E-01
   19      2.1694548000E-03  -3.0106610000E-04  -2.0561373000E-03   1.2840911920E-01   2.1904950730E-01
   20      2.5480791000E-03   4.2523962000E-03  -5.3620490000E-03   5.7081853200E-02   3.6147217100E-02
   21     -3.3901816000E-03   5.3764390000E-04   2.1667727000E-03   2.2992019700E-02   5.7184815000E-03
   22     -2.4347079000E-03  -7.6174660000E-04  -1.9945076000E-03  -1.1125307000E-03  -8.9643312200E-02
   23      3.3587679000E-03  -6.1673681000E-03  -2.2781848400E-02  -2.2015211000E-03   2.4865336100E-02
   24     -8.5141040000E-04   1.6994857000E-03   4.2617636000E-03   4.5335738000E-03  -8.7715800000E-04
   25     -2.5315000000E-05  -1.5085455000E-03  -2.4603232000E-03  -7.2388940000E-04   5.6946460000E-04
   26      4.8522899000E-03  -7.1997710000E-03  -1.5776556500E-02   1.4776641000E-03   7.1137500000E-05
   27     -6.9106840000E-04  -2.0596570000E-04  -1.2627560000E-03  -1.5577807000E-03  -7.3252550000E-04
   28      1.4021700000E-05  -8.3950600000E-04  -5.9909670000E-04   1.3708710000E-04  -6.5593300000E-04
   29     -1.4084663000E-03  -6.2117690000E-04  -2.7227310000E-03   3.6727090000E-04  -1.1514119000E-03
   30     -1.5022519000E-03   1.1399533000E-03  -1.5632032000E-03  -3.0074231000E-03   1.5606908000E-03
   31      2.2372031000E-03  -6.6822020000E-04   1.3519678000E-03   1.5437036000E-03  -2.5558740000E-04
   32     -6.5337043000E-03  -3.6965477000E-03  -3.3476520000E-04  -9.1581950000E-04   1.4655084000E-03
   33     -4.0823970000E-04  -1.4489940000E-04  -3.2649182000E-03   8.4829630000E-04  -2.2232734000E-03
   34      1.4979856000E-03  -7.1085670000E-04  -7.5197830000E-04   1.8326694000E-03   1.9066110000E-03
   35     -7.9124278000E-03  -3.4715280000E-04  -9.3411327000E-03  -1.1953213000E-03  -8.8854070000E-04
   36     -9.4806405000E-02   4.7113400900E-02   1.0056001080E-01  -5.1885000000E-06   1.3303792000E-03
   37      6.9680033400E-02  -5.2257927600E-02  -1.1597191340E-01  -1.6618054000E-03   1.1480194000E-03
   38      1.2292557750E-01  -7.7412274900E-02  -1.5172594550E-01   2.1522680000E-04   5.4566590000E-04
   39     -2.9947302900E-02  -1.7519067400E-02   8.9083407000E-03   2.3203086000E-03  -2.0249464000E-03
   40     -4.0121427500E-02  -1.3580918070E-01   1.4703535260E-01  -9.8362900000E-04   1.2230024000E-03
   41      2.9352509200E-02   1.2095995480E-01  -1.2594055820E-01   2.8630770000E-04  -3.5154560000E-04
   42     -3.7012955800E-02   9.0578555000E-03  -7.1172181000E-03   1.8202763000E-03  -1.3693547000E-03
   43     -1.5632203500E-02   2.6619470000E-03  -5.1462262000E-03   8.0403640000E-04   2.5590388000E-03
   44      1.0734516200E-02   3.8331090000E-03   3.0776482000E-03   1.2110200000E-04  -2.5469540000E-04
   45     -1.6299013000E-02  -2.9038400700E-02  -1.9853378300E-02  -2.0454583000E-03   1.5093094000E-03
   46     -2.6299606900E-02  -1.4922232900E-02  -6.7129946000E-03   5.1466270000E-04   1.0024972000E-03
   47     -1.5265173900E-02  -8.7053487000E-03   9.2596764000E-03   1.2537650000E-04  -4.0347840000E-04
                   20                 21                 22                 23                 24        
    0     -6.2364791000E-02  -1.5156938120E-01   9.8466896700E-02  -1.1760846560E-01  -2.3705555700E-02
    1     -6.1951913700E-02   8.0078500200E-02  -6.8926155600E-02   7.2565728300E-02   1.9376787500E-02
    2     -4.0400827000E-02  -8.3895742700E-02   7.3710125900E-02  -8.2670349800E-02  -6.9539588000E-03
    3      4.2079446000E-03  -1.6649575700E-02  -4.0872760000E-04   1.1041637400E-02  -1.0022697440E-01
    4      1.2332387000E-03   2.1759850000E-02  -4.4546683000E-03   4.9422810000E-04   1.0821015190E-01
    5      1.7871212000E-03  -1.4095368700E-02  -1.0797763000E-03   1.8168927300E-02  -4.2823910000E-04
    6     -2.1502463000E-03   3.6758272000E-03   1.5334431000E-03   3.1462760000E-04   5.7932544000E-03
    7     -1.0218810000E-03   6.8445660000E-04  -2.0152261000E-03   1.6161607000E-03  -9.1632002000E-03
    8      5.4629778000E-03   1.5215120000E-03   8.2328410000E-04  -6.2179900000E-04  -1.0262872000E-03
    9     -2.7251611000E-03   1.0973627000E-03   4.3786150000E-04  -1.6272668000E-03   3.3585170000E-04
   10     -2.0097464000E-03  -2.1654021000E-03   1.1670256000E-03   1.5616893000E-03  -1.5871550000E-04
   11      2.6410462000E-03  -9.5903710000E-04  -3.5556240000E-04   4.5855942000E-03  -5.5974700000E-04
   12      7.2707891000E-03   6.5814590000E-04   5.7249730000E-04   5.8913352000E-03  -1.8378510000E-04
   13      3.9677090000E-03   8.6902920000E-04  -2.4787050000E-04  -4.8830100000E-04  -2.5822540000E-04
   14     -1.0727852000E-03   3.2620315000E-03  -3.0690800000E-05  -1.0287755300E-02   1.6645404000E-03
   15      2.5480791000E-03  -3.3901816000E-03  -2.4347079000E-03   3.3587679000E-03  -8.5141040000E-04
   16      4.2523962000E-03   5.3764390000E-04  -7.6174660000E-04  -6.1673681000E-03   1.6994857000E-03
   17     -5.3620490000E-03   2.1667727000E-03  -1.9945076000E-03  -2.2781848400E-02   4.2617636000E-03
   18      5.7081853200E-02   2.2992019700E-02  -1.1125307000E-03  -2.2015211000E-03   4.5335738000E-03
   19      3.6147217100E-02   5.7184815000E-03  -8.9643312200E-02   2.4865336100E-02  -8.7715800000E-04
   20      8.0233930000E-03  -3.4140308000E-03   1.7415084500E-02   3.1236542400E-02   8.4565770000E-04
   21     -3.4140308000E-03   1.4481645020E-01  -1.0102569230E-01   9.8872664100E-02  -5.1499323000E-03
   22      1.7415084500E-02  -1.0102569230E-01   1.5966822900E-01  -8.9367218300E-02   5.7588041000E-03
   23      3.1236542400E-02   9.8872664100E-02  -8.9367218300E-02   5.0791907900E-02   3.3897054000E-03
   24      8.4565770000E-04  -5.1499323000E-03   5.7588041000E-03   3.3897054000E-03   1.1941828860E-01
   25     -9.0314340000E-04  -7.0311930000E-04  -1.0179070000E-03  -3.9769770000E-04  -1.2065341780E-01
   26     -3.5399491000E-03  -3.0694317000E-03   8.1819130000E-04   4.0068965000E-03  -8.2150870000E-04
   27      4.8960990000E-04   1.5930908000E-03  -7.8789480000E-04  -5.1291930000E-04  -9.4929990000E-04
   28     -1.0990952000E-03   7.0497600000E-05  -3.0261110000E-04   1.2392696000E-03  -2.3160558000E-03
   29     -1.8243263000E-03   2.2156400000E-05  -1.5304370000E-04   1.4766504000E-03   1.7819000000E-05
   30      1.1161308000E-03   7.9522480000E-04   1.8169245000E-03   9.8040350000E-04  -1.5313399000E-03
   31     -1.6022307000E-03  -2.3892501000E-03   1.7610630000E-03   1.0898447000E-03  -8.2902790000E-04
   32      1.5002409000E-03  -2.5357960000E-04   1.5377475000E-03   2.0995722000E-03  -3.8616800000E-04
   33      4.1009400000E-04   1.2845990000E-04  -2.5408533000E-03   3.2170690000E-04   1.5985019000E-03
   34     -1.6855364000E-03  -2.6037376000E-03   9.5956390000E-04   1.9769254000E-03  -8.6517390000E-04
   35      2.4285407000E-03  -1.8744050000E-04  -1.8865146000E-03   6.5629450000E-04   3.9027690000E-04
   36     -1.6907450000E-03   7.5284810000E-04   1.9459029000E-03  -2.7390126000E-03  -7.1631300000E-04
   37      1.8599530000E-03   2.0233343000E-03   2.3426727000E-03  -4.7695424000E-03   1.6344290000E-04
   38     -1.5347692000E-03  -3.9585640000E-04   1.4457597000E-03  -2.1977900000E-04  -1.5756880000E-04
   39     -2.5952270000E-04  -5.8599240000E-04  -1.3644706000E-03  -1.4227670000E-04   1.3913176000E-03
   40      1.6406699000E-03  -6.5941800000E-05  -1.0297826000E-03   8.4625330000E-04   5.5984400000E-05
   41      1.0437167000E-03  -6.1919000000E-05  -1.5095422000E-03   9.9188230000E-04  -3.4260910000E-04
   42     -1.1659240000E-03   1.6869730000E-04  -2.1201185000E-03   1.9274460000E-04   1.3033317000E-03
   43      9.7171110000E-04  -1.8723440000E-03   8.6543840000E-04  -5.4263210000E-04  -1.0098500000E-04
   44      1.5919938000E-03   7.2291380000E-04  -1.4635345000E-03  -4.4067620000E-04   2.5946110000E-04
   45     -1.9973760000E-04   6.6693670000E-04   1.2626656000E-03   4.6786960000E-04  -1.0595090000E-03
   46      2.7855671000E-03  -9.1630610000E-04   1.6352874000E-03  -4.5226758000E-03  -4.2697000000E-05
   47     -1.9808668000E-03  -2.3564410000E-04   2.0901974000E-03   3.0079399000E-03  -1.5313760000E-04
                   25                 26                 27                 28                 29        
    0      5.2265884000E-03  -8.2776744000E-03   4.7903110000E-04   1.4257699000E-03  -1.6215927000E-03
    1      2.8117126000E-03   4.7300498000E-03  -2.1927500000E-05   3.0982465000E-03   8.5208440000E-04
    2      2.2306555000E-03   5.4823163000E-03   1.5960060000E-04   3.8711200000E-04  -3.6355040000E-04
    3      1.0695891900E-01   5.2228245000E-03   5.4401925000E-03   1.0732110300E-02   1.5308224000E-03
    4     -2.3496819480E-01   1.5034429000E-03  -9.7044067000E-03  -2.7560886000E-02  -3.0194270000E-03
    5     -6.7786000000E-04  -2.3142860800E-02   1.1415229000E-03  -1.0388047000E-03   2.8449608000E-03
    6      1.1201291400E-02  -1.7454885000E-03  -9.9190816200E-02   1.0660514880E-01  -4.4575182000E-03
    7     -2.7273992200E-02   1.8007372000E-03   1.0842002140E-01  -2.3543866570E-01  -2.5673591000E-03
    8      6.1268760000E-04   2.5613697000E-03   1.8983728000E-03  -1.2366524000E-03  -2.1284920100E-02
    9      1.3157900000E-03   9.5506750000E-04  -2.2154628800E-02   5.1478148000E-03   8.8306708000E-03
   10      3.1506304000E-03  -1.4979797000E-03   1.9155037500E-02   2.8346195000E-03  -4.5205293000E-03
   11     -1.5687040000E-04   2.3154120000E-04   7.7182102000E-03  -2.2500835000E-03   4.6252126000E-03
   12      4.0881630000E-04   2.3626163000E-03  -1.1461698000E-03   2.0907060000E-04  -5.5090114000E-03
   13     -7.2183850000E-04   1.5203080000E-03   2.4918979000E-03  -2.0339642000E-03   8.9225058000E-03
   14     -2.2333000000E-05  -3.0412133000E-03  -4.3541403000E-03   2.3669124000E-03  -1.6004948300E-02
   15     -2.5315000000E-05   4.8522899000E-03  -6.9106840000E-04   1.4021700000E-05  -1.4084663000E-03
   16     -1.5085455000E-03  -7.1997710000E-03  -2.0596570000E-04  -8.3950600000E-04  -6.2117690000E-04
   17     -2.4603232000E-03  -1.5776556500E-02  -1.2627560000E-03  -5.9909670000E-04  -2.7227310000E-03
   18     -7.2388940000E-04   1.4776641000E-03  -1.5577807000E-03   1.3708710000E-04   3.6727090000E-04
   19      5.6946460000E-04   7.1137500000E-05  -7.3252550000E-04  -6.5593300000E-04  -1.1514119000E-03
   20     -9.0314340000E-04  -3.5399491000E-03   4.8960990000E-04  -1.0990952000E-03  -1.8243263000E-03
   21     -7.0311930000E-04  -3.0694317000E-03   1.5930908000E-03   7.0497600000E-05   2.2156400000E-05
   22     -1.0179070000E-03   8.1819130000E-04  -7.8789480000E-04  -3.0261110000E-04  -1.5304370000E-04
   23     -3.9769770000E-04   4.0068965000E-03  -5.1291930000E-04   1.2392696000E-03   1.4766504000E-03
   24     -1.2065341780E-01  -8.2150870000E-04  -9.4929990000E-04  -2.3160558000E-03   1.7819000000E-05
   25      2.6161224500E-01   2.3267406000E-03  -2.4510345000E-03  -3.9819178000E-03  -7.7583060000E-04
   26      2.3267406000E-03   2.8346655100E-02  -7.2983000000E-05   7.7821870000E-04   2.3970739000E-03
   27     -2.4510345000E-03  -7.2983000000E-05   1.1796370750E-01  -1.2050764090E-01  -5.2223710000E-04
   28     -3.9819178000E-03   7.7821870000E-04  -1.2050764090E-01   2.6276032790E-01  -2.5128540000E-04
   29     -7.7583060000E-04   2.3970739000E-03  -5.2223710000E-04  -2.5128540000E-04   2.8197173000E-02
   30      1.2194130000E-04  -2.4117480000E-04   4.2042582000E-03  -6.0247560000E-04  -1.5984164000E-03
   31     -7.7026990000E-04   1.2796186000E-03  -7.7630380000E-04   3.5410110000E-04   3.0972060000E-04
   32      1.0563812000E-03  -1.7440220000E-03  -1.0931841000E-03   1.0590867000E-03  -3.5441236000E-03
   33      9.0244600000E-05  -6.2934100000E-05  -5.2118882000E-03  -6.1866730000E-04   3.3004678000E-03
   34     -2.5394170000E-04   2.1207620000E-04   5.9175087000E-03  -1.0854178000E-03  -1.4050015000E-03
   35     -1.1188194000E-03   1.6764890000E-03  -3.0339137000E-03   3.5626890000E-04   4.5485251000E-03
   36     -5.1117370000E-04  -7.9736210000E-04   1.3253292000E-03   1.2844540000E-04  -4.7926520000E-04
   37      6.8680270000E-04  -4.5551667000E-03   2.9244590000E-04   5.6904000000E-04   1.0124153000E-03
   38      9.3007900000E-04  -3.0083956000E-03  -7.9642880000E-04   8.4554770000E-04   1.5843266000E-03
   39      1.5830440000E-04   1.6494590000E-04  -7.4038180000E-04  -3.1533810000E-04  -1.9016700000E-05
   40      7.3736840000E-04   6.2467750000E-04  -8.0253260000E-04   8.4697990000E-04   1.0099132000E-03
   41     -5.2889730000E-04   4.5565368000E-03   6.5135510000E-04  -9.9059060000E-04  -3.3892020000E-04
   42      5.4461100000E-05   5.1925340000E-04  -2.5557420000E-04  -4.6189310000E-04   1.3051082000E-03
   43      9.7687440000E-04  -1.7624266000E-03   1.1395040000E-04   8.6939240000E-04   4.6172814000E-03
   44     -7.7724450000E-04   1.8762101000E-03   7.9082400000E-05  -7.0155760000E-04  -1.5129825000E-03
   45     -4.6840670000E-04  -4.6610440000E-04   8.9199880000E-04   3.5210470000E-04   2.4120850000E-04
   46     -4.8490900000E-05  -6.4985450000E-04  -4.0062950000E-04   5.6619410000E-04  -2.2588554000E-03
   47      6.6247550000E-04  -8.8209140000E-04  -4.8919160000E-04   1.1347502000E-03   1.9225801000E-03
                   30                 31                 32                 33                 34        
    0     -2.2343310000E-04  -1.5165734000E-03   2.4930697000E-03   1.5810781000E-03   1.5291330000E-04
    1      1.0596196000E-03  -4.2965740000E-04   2.2224160000E-03  -1.8062393000E-03   1.3617386000E-03
    2      1.2087173000E-03  -1.1667672000E-03   1.7740886000E-03   6.5883930000E-04   1.4969840000E-04
    3     -4.8863612000E-03  -4.2083814000E-03   1.7186717000E-03   3.0354002000E-03   1.2700515000E-03
    4      2.3737692000E-03  -2.4258041000E-03   1.4989074000E-03   6.5088120000E-04  -2.3500116000E-03
    5      2.4206340000E-03  -9.7328740000E-04   4.1387492000E-03  -1.6274669000E-03  -1.9268970000E-04
    6     -1.1736074800E-02   4.3410522000E-03  -4.8692015000E-03  -1.6818577900E-02  -4.3398440000E-04
    7     -2.6434280000E-02  -3.0539860000E-04  -1.9190137000E-03   2.2680123800E-02  -4.8117657000E-03
    8      3.9011134000E-03  -3.8201616000E-03   3.7396500000E-05   1.5838748300E-02   5.8518640000E-04
    9     -1.5598011600E-01  -1.3212712990E-01   6.0572082800E-02  -1.4010373670E-01   9.7020675800E-02
   10     -1.0520374220E-01  -1.2227656420E-01   5.6060437700E-02   7.8469039200E-02  -7.2317177100E-02
   11      4.7814529900E-02   5.7180562500E-02  -3.6005492500E-02   8.4900063900E-02  -7.9698828700E-02
   12     -1.2311842000E-03   2.0731477000E-03  -2.6340971000E-03  -2.3759330000E-03  -9.3210460000E-04
   13     -1.0118560000E-04  -9.8634700000E-04  -4.3497579000E-03   1.7459571000E-03  -2.5957600000E-04
   14      6.3123380000E-04   1.1226414000E-03  -5.5228401000E-03  -1.4761481000E-03   3.1148836000E-03
   15     -1.5022519000E-03   2.2372031000E-03  -6.5337043000E-03  -4.0823970000E-04   1.4979856000E-03
   16      1.1399533000E-03  -6.6822020000E-04  -3.6965477000E-03  -1.4489940000E-04  -7.1085670000E-04
   17     -1.5632032000E-03   1.3519678000E-03  -3.3476520000E-04  -3.2649182000E-03  -7.5197830000E-04
   18     -3.0074231000E-03   1.5437036000E-03  -9.1581950000E-04   8.4829630000E-04   1.8326694000E-03
   19      1.5606908000E-03  -2.5558740000E-04   1.4655084000E-03  -2.2232734000E-03   1.9066110000E-03
   20      1.1161308000E-03  -1.6022307000E-03   1.5002409000E-03   4.1009400000E-04  -1.6855364000E-03
   21      7.9522480000E-04  -2.3892501000E-03  -2.5357960000E-04   1.2845990000E-04  -2.6037376000E-03
   22      1.8169245000E-03   1.7610630000E-03   1.5377475000E-03  -2.5408533000E-03   9.5956390000E-04
   23      9.8040350000E-04   1.0898447000E-03   2.0995722000E-03   3.2170690000E-04   1.9769254000E-03
   24     -1.5313399000E-03  -8.2902790000E-04  -3.8616800000E-04   1.5985019000E-03  -8.6517390000E-04
   25      1.2194130000E-04  -7.7026990000E-04   1.0563812000E-03   9.0244600000E-05  -2.5394170000E-04
   26     -2.4117480000E-04   1.2796186000E-03  -1.7440220000E-03  -6.2934100000E-05   2.1207620000E-04
   27      4.2042582000E-03  -7.7630380000E-04  -1.0931841000E-03  -5.2118882000E-03   5.9175087000E-03
   28     -6.0247560000E-04   3.5410110000E-04   1.0590867000E-03  -6.1866730000E-04  -1.0854178000E-03
   29     -1.5984164000E-03   3.0972060000E-04  -3.5441236000E-03   3.3004678000E-03  -1.4050015000E-03
   30      1.4917519690E-01   1.3251341430E-01  -5.4591359900E-02   2.3167410600E-02  -7.0713951000E-03
   31      1.3251341430E-01   2.0641878760E-01  -2.6126409400E-02  -1.1644500000E-05  -8.8117019600E-02
   32     -5.4591359900E-02  -2.6126409400E-02   6.8714186000E-03   2.5607577000E-03  -2.1551742100E-02
   33      2.3167410600E-02  -1.1644500000E-05   2.5607577000E-03   1.3398345960E-01  -9.5072052800E-02
   34     -7.0713951000E-03  -8.8117019600E-02  -2.1551742100E-02  -9.5072052800E-02   1.6212633650E-01
   35      7.1261100000E-04  -2.9525820700E-02   2.9683954900E-02  -1.0081515800E-01   1.0033604570E-01
   36      1.8062023000E-03  -2.1024604000E-03   1.3021663000E-03   2.4229010000E-04  -2.1766748000E-03
   37      1.1132014000E-03   2.0773263000E-03  -1.5744706000E-03  -1.7734230000E-03   4.8179590000E-04
   38     -2.7260060000E-04   9.6327670000E-04   1.7700297000E-03  -1.0511435000E-03   1.4742051000E-03
   39     -1.5359997000E-03   1.8681826000E-03   7.7714370000E-04   8.3192830000E-04   1.1873681000E-03
   40      1.6146050000E-04   2.2827239000E-03  -1.5011716000E-03  -1.0924599000E-03   2.5944700000E-03
   41      7.5319000000E-05  -5.6331450000E-04  -1.0888445000E-03   4.2897820000E-04  -1.9949451000E-03
   42      1.2055680000E-04   7.1035340000E-04   1.5675726000E-03   1.2251950000E-03   1.8818425000E-03
   43     -1.5057561000E-03   1.2417384000E-03  -1.6808734000E-03   1.4865593000E-03   2.4981063000E-03
   44     -1.1452170000E-04  -1.1030970000E-03  -1.2905189000E-03   3.3790000000E-04  -9.8227790000E-04
   45      2.3653343000E-03  -1.3262855000E-03   2.8564950000E-04  -1.7236446000E-03  -1.6058918000E-03
   46     -9.4214040000E-04   2.0991280000E-03  -2.5004985000E-03   1.6070770000E-04  -2.0228558000E-03
   47     -4.7941610000E-04   1.5834564000E-03   1.6551564000E-03  -4.5978740000E-04   4.1397870000E-04
                   35                 36                 37                 38                 39        
    0      1.9613473000E-03  -1.1017823000E-02  -1.0220539600E-02  -1.1085487300E-02   4.2593598000E-03
    1     -1.0365050000E-03   1.9237655000E-03   3.7481938000E-03  -1.2968687000E-03   9.2814070000E-04
    2      4.1140853000E-03   1.1894036000E-03   8.1025485000E-03  -3.2745984000E-03   7.2066794000E-03
    3     -1.5935973000E-03   3.3097192000E-03   8.4205966000E-03   2.0016787000E-03   2.9955707000E-03
    4     -1.4516701000E-03  -4.6730590000E-04  -1.5603962000E-03  -4.3865960000E-04  -7.1833320000E-04
    5     -6.2272300000E-04   1.4774513600E-02   1.0081853200E-02   1.6110798000E-02  -1.0162796000E-03
    6     -8.9646948000E-03   1.8913090000E-03  -9.3504210000E-04   1.8580570000E-03   2.0203027000E-03
    7     -3.9188370000E-04   1.3145383000E-03  -2.1356806000E-03   5.3381658000E-03   6.3450600000E-04
    8      1.9073980100E-02   2.2892247000E-03   2.3357134000E-03  -1.1462482000E-03  -4.8607359000E-03
    9      1.2047407300E-01   3.3404764000E-03   5.4557838000E-03  -2.7588415000E-03  -1.5339091000E-03
   10     -8.0079676000E-02  -3.6891700000E-05  -2.5185392000E-03   8.3521750000E-04   2.4947511000E-03
   11     -9.2308883500E-02  -6.6932190000E-04  -2.1689540000E-04   5.9237370000E-03  -5.6887833000E-03
   12     -2.1138062000E-03  -3.9177099400E-02  -1.9248132200E-02   6.0190102000E-03  -2.1474600200E-02
   13      8.8872177000E-03   1.5005610500E-02  -1.6245364000E-03   9.7657320000E-04  -3.7583994500E-02
   14     -2.1343378600E-02   7.2705124000E-03   4.5576070000E-04  -4.6995328000E-03   1.9048913900E-02
   15     -7.9124278000E-03  -9.4806405000E-02   6.9680033400E-02   1.2292557750E-01  -2.9947302900E-02
   16     -3.4715280000E-04   4.7113400900E-02  -5.2257927600E-02  -7.7412274900E-02  -1.7519067400E-02
   17     -9.3411327000E-03   1.0056001080E-01  -1.1597191340E-01  -1.5172594550E-01   8.9083407000E-03
   18     -1.1953213000E-03  -5.1885000000E-06  -1.6618054000E-03   2.1522680000E-04   2.3203086000E-03
   19     -8.8854070000E-04   1.3303792000E-03   1.1480194000E-03   5.4566590000E-04  -2.0249464000E-03
   20      2.4285407000E-03  -1.6907450000E-03   1.8599530000E-03  -1.5347692000E-03  -2.5952270000E-04
   21     -1.8744050000E-04   7.5284810000E-04   2.0233343000E-03  -3.9585640000E-04  -5.8599240000E-04
   22     -1.8865146000E-03   1.9459029000E-03   2.3426727000E-03   1.4457597000E-03  -1.3644706000E-03
   23      6.5629450000E-04  -2.7390126000E-03  -4.7695424000E-03  -2.1977900000E-04  -1.4227670000E-04
   24      3.9027690000E-04  -7.1631300000E-04   1.6344290000E-04  -1.5756880000E-04   1.3913176000E-03
   25     -1.1188194000E-03  -5.1117370000E-04   6.8680270000E-04   9.3007900000E-04   1.5830440000E-04
   26      1.6764890000E-03  -7.9736210000E-04  -4.5551667000E-03  -3.0083956000E-03   1.6494590000E-04
   27     -3.0339137000E-03   1.3253292000E-03   2.9244590000E-04  -7.9642880000E-04  -7.4038180000E-04
   28      3.5626890000E-04   1.2844540000E-04   5.6904000000E-04   8.4554770000E-04  -3.1533810000E-04
   29      4.5485251000E-03  -4.7926520000E-04   1.0124153000E-03   1.5843266000E-03  -1.9016700000E-05
   30      7.1261100000E-04   1.8062023000E-03   1.1132014000E-03  -2.7260060000E-04  -1.5359997000E-03
   31     -2.9525820700E-02  -2.1024604000E-03   2.0773263000E-03   9.6327670000E-04   1.8681826000E-03
   32      2.9683954900E-02   1.3021663000E-03  -1.5744706000E-03   1.7700297000E-03   7.7714370000E-04
   33     -1.0081515800E-01   2.4229010000E-04  -1.7734230000E-03  -1.0511435000E-03   8.3192830000E-04
   34      1.0033604570E-01  -2.1766748000E-03   4.8179590000E-04   1.4742051000E-03   1.1873681000E-03
   35      6.1392617200E-02   1.0922380000E-04   7.5542820000E-04  -1.8177810000E-03   4.1489650000E-04
   36      1.0922380000E-04   1.2914844220E-01  -9.3056299800E-02  -1.2291926920E-01   1.0849887300E-02
   37      7.5542820000E-04  -9.3056299800E-02   1.1071453790E-01   7.9704663800E-02   3.8535479100E-02
   38     -1.8177810000E-03  -1.2291926920E-01   7.9704663800E-02   1.1662433380E-01   7.9146206000E-03
