
$orca_hessian_file

$act_atom
  0

$act_coord
  0

$act_energy
      -21.370573

$multiplicity
  1

$hessian
48
                    0                  1                  2                  3                  4        
    0      6.7188219480E-01  -1.2413000000E-06  -2.0708376480E-01  -3.7147598770E-01   3.8054153200E-02
    1     -1.2413000000E-06   5.6718146800E-01  -1.4747487900E-02   1.6218963400E-02  -7.7949824800E-02
    2     -2.0708376480E-01  -1.4747487900E-02   1.2949889430E-01   1.2270821060E-01  -2.7002178300E-02
    3     -3.7147598770E-01   1.6218963400E-02   1.2270821060E-01   6.5380124040E-01  -7.9049146000E-03
    4      3.8054153200E-02  -7.7949824800E-02  -2.7002178300E-02  -7.9049146000E-03   6.0382006850E-01
    5      1.6887967210E-01  -2.3618510000E-03  -7.4665407100E-02  -1.5366404240E-01   3.4966618300E-02
    6     -5.1709057800E-02  -2.6805057400E-02   4.4805250400E-02  -1.0226139510E-01  -9.4681577900E-02
    7     -2.5799295500E-02  -8.0812460000E-04   2.5908369700E-02  -9.5765959700E-02  -2.5676596170E-01
    8      4.1361970000E-03   7.9464115000E-03   3.0763527000E-03   6.9628873000E-03   1.6292877000E-03
    9      7.4778872000E-03  -3.0602170000E-03  -9.7459364000E-03  -5.3100639000E-02  -2.7115789400E-02
   10     -3.9430334000E-03  -2.7742361000E-03   6.2565048000E-03  -2.2712141100E-02   2.3801724000E-03
   11      9.4568681000E-03  -3.3196322000E-03  -2.7049392800E-02  -4.6609534300E-02  -2.7061719500E-02
   12      4.8032466000E-03  -5.0851302000E-03  -4.8195628900E-02  -4.2910493100E-02  -2.1671727300E-02
   13      2.6960570000E-03  -1.9078628000E-03  -2.4092977000E-02  -2.0574829700E-02  -6.8434774000E-03
   14     -8.0103484000E-03   2.3941280000E-04   2.7529021700E-02   2.5221735700E-02   1.8134526300E-02
   15     -1.3272405000E-02   4.2004344000E-03   6.4794073700E-02   4.3544268400E-02   1.7168467300E-02
   16     -3.0814896000E-03  -1.3345229800E-02   1.9557155700E-02   1.3759921400E-02   6.2955679000E-03
   17     -2.8736275000E-03   8.2637665000E-03   5.2276902100E-02   4.9169524800E-02   1.8665863400E-02
   18     -1.2791442120E-01  -1.2100201480E-01   2.2550734800E-02  -1.6645390400E-02  -2.2043131800E-02
   19     -1.2206694140E-01  -2.1932065850E-01   2.4870113400E-02  -7.6664370000E-04   1.0686170000E-04
   20      1.8292304900E-02   2.1711969900E-02  -3.4960672700E-02   9.6773100000E-03   1.3478343500E-02
   21     -1.0259407780E-01   1.0927963800E-01   1.2459671000E-02  -1.3578056000E-02   2.4996675100E-02
   22      1.0828367460E-01  -2.4726150990E-01  -1.0877298000E-02   6.4188748000E-03  -4.5268327000E-03
   23      6.9325056000E-03  -7.6453611000E-03  -2.8013998800E-02   1.2382193400E-02  -1.2927886500E-02
   24     -1.7068474500E-02   2.6694647800E-02   2.0875026000E-03  -9.9477293100E-02   1.0309810360E-01
   25      4.5643195000E-03  -3.6208961000E-03  -1.4613045000E-03   1.0386119320E-01  -2.4044844260E-01
   26      1.0034805300E-02  -9.4743600000E-03  -5.5934720000E-03  -2.2654240000E-04  -1.1038929300E-02
   27      7.1580280000E-04  -1.7650584000E-03   6.9869480000E-04   7.8324997000E-03  -1.1177444500E-02
   28      1.1336982000E-03   3.9320860000E-04  -7.3100410000E-04   9.4158168000E-03  -2.6971938900E-02
   29      4.9088700000E-04  -1.1557800000E-05  -3.0527337000E-03  -2.9427472000E-03  -4.9450847000E-03
   30      1.7170400000E-05  -5.3450480000E-04  -8.7648970000E-04  -4.9975807000E-03  -4.8396400000E-05
   31      1.4795970000E-04   1.6127240000E-04  -6.0784760000E-04  -9.9889930000E-04   4.3920340000E-04
   32     -1.5490268000E-03  -1.5644798000E-03   3.8340230000E-04  -4.7155824000E-03   1.6627846000E-03
   33      2.4167440000E-04  -2.1768230000E-04  -9.4511630000E-04  -9.8859870000E-04   1.1572841000E-03
   34     -1.9066470000E-04  -2.0484930000E-04   2.5026660000E-04  -2.1839207000E-03   1.0872759000E-03
   35     -1.8956460000E-04   6.3854580000E-04   1.4721130000E-03   3.5606288000E-03   2.0019057000E-03
   36      5.8186950000E-04  -1.3075020000E-04  -3.8477039000E-03  -1.7285873000E-03  -5.0107220000E-04
   37      2.1577850000E-04   7.3141760000E-04  -3.1196200000E-05   5.0070410000E-04  -2.7885850000E-04
   38      1.7999258000E-03  -4.2746789000E-03  -1.8791629200E-02  -6.8801513000E-03  -2.7750309000E-03
   39     -4.5661060000E-04   2.2949550000E-03  -3.0856480000E-03  -5.3183310000E-04  -7.7007930000E-04
   40      5.9162060000E-04  -5.4929670000E-04   1.5725325000E-03   3.8754270000E-04   1.6231230000E-04
   41     -2.1265660000E-03   6.2097776000E-03  -1.1219918100E-02  -4.6748428000E-03  -2.7577550000E-04
   42     -9.4856270000E-04   5.1591100000E-05   2.8182149000E-03   1.7873782000E-03   8.7605610000E-04
   43     -7.8883290000E-04   9.5742700000E-05   1.0918307000E-03   1.1019662000E-03   5.5470310000E-04
   44      1.2965029000E-03  -9.2215550000E-04  -8.1121157000E-03  -7.1722906000E-03  -3.4356482000E-03
   45     -2.8024830000E-04  -1.3857320000E-04   8.5793530000E-04   7.3046750000E-04   5.6339400000E-04
   46      1.8423750000E-04  -8.2062070000E-04   4.4520400000E-05  -7.5767370000E-04  -1.0608284000E-03
   47      5.1322940000E-04  -6.8832000000E-04  -2.7773459000E-03  -2.7967570000E-03  -1.0770765000E-03
                    5                  6                  7                  8                  9        
    0      1.6887967210E-01  -5.1709057800E-02  -2.5799295500E-02   4.1361970000E-03   7.4778872000E-03
    1     -2.3618510000E-03  -2.6805057400E-02  -8.0812460000E-04   7.9464115000E-03  -3.0602170000E-03
    2     -7.4665407100E-02   4.4805250400E-02   2.5908369700E-02   3.0763527000E-03  -9.7459364000E-03
    3     -1.5366404240E-01  -1.0226139510E-01  -9.5765959700E-02   6.9628873000E-03  -5.3100639000E-02
    4      3.4966618300E-02  -9.4681577900E-02  -2.5676596170E-01   1.6292877000E-03  -2.7115789400E-02
    5      2.0393895810E-01  -7.0221292000E-03  -5.1408834000E-03  -3.6396430800E-02  -5.3233044000E-03
    6     -7.0221292000E-03   6.4925840710E-01  -1.6685268700E-02   1.5505949660E-01  -3.6929810780E-01
    7     -5.1408834000E-03  -1.6685268700E-02   6.1265374110E-01  -3.8918015000E-02   4.7150482000E-02
    8     -3.6396430800E-02   1.5505949660E-01  -3.8918015000E-02   2.0476382320E-01  -1.6480662220E-01
    9     -5.3233044000E-03  -3.6929810780E-01   4.7150482000E-02  -1.6480662220E-01   6.7124662810E-01
   10     -8.1465174000E-03   2.0563693700E-02  -8.1432193500E-02   1.0339640000E-03  -6.4253746000E-03
   11      2.6095442000E-03  -1.2013792470E-01   2.7723930600E-02  -7.4949020400E-02   2.0093245080E-01
   12      7.8186841000E-03   4.0276417200E-02   1.4299462600E-02   2.6936000100E-02  -1.4398930200E-02
   13      5.7030275000E-03   1.6303781200E-02   8.4746294000E-03   1.3462927300E-02  -2.8846202000E-03
   14     -1.9242037600E-02  -4.8693086000E-02  -1.5221634000E-02  -4.5201139700E-02   4.4409833000E-03
   15     -2.7539132700E-02  -4.0567554100E-02  -2.0975452900E-02  -1.1701550600E-02   5.3116968000E-03
   16     -8.0533298000E-03  -1.6211530800E-02  -4.9470913000E-03  -2.7499725000E-03   1.7701954000E-03
   17     -4.4246364600E-02  -2.3313318600E-02  -1.5927060700E-02  -2.1129985700E-02   6.3428526000E-03
   18      4.4524308000E-03  -5.3305106000E-03  -1.9761420000E-04   4.2872048000E-03   1.9959570000E-04
   19      5.9396310000E-04  -1.1333752000E-03   6.9771920000E-04   1.0719400000E-04   6.6423600000E-05
   20     -4.2595058000E-03   3.7891941000E-03  -2.2393098000E-03   6.6622052000E-03   1.8077272000E-03
   21      1.6108295000E-03  -4.7144700000E-04   1.4166127000E-03  -1.7068728000E-03   1.2325520000E-04
   22     -2.2905119000E-03  -1.9306551000E-03   1.1782979000E-03   4.2266560000E-04  -1.8690520000E-04
   23     -3.0875529000E-03  -2.8202257000E-03  -1.3165802000E-03  -3.9559857000E-03  -9.7520400000E-05
   24      9.6369795000E-03   7.9233238000E-03  -1.0812736100E-02  -7.2083660000E-04   6.9936640000E-04
   25     -1.2880054100E-02   9.7713108000E-03  -2.7654509100E-02  -9.6282380000E-04   1.2319631000E-03
   26     -3.2716625400E-02   3.2770739000E-03   4.7291249000E-03   1.2070844000E-03  -6.9750590000E-04
   27      6.4450960000E-04  -9.7400079200E-02   1.0314739660E-01  -1.0970625700E-02  -1.6192629600E-02
   28      7.9498280000E-04   1.0394673810E-01  -2.4513056590E-01   1.5260316100E-02   4.4565169000E-03
   29      8.3966310000E-04  -2.4234862000E-03   1.3957520400E-02  -3.3397708600E-02  -8.9586047000E-03
   30     -4.3181248000E-03  -1.7087644400E-02  -2.1718030200E-02  -5.3667717000E-03  -1.2983013510E-01
   31     -1.8211130000E-04  -2.3039630000E-04   1.0559523000E-03  -2.2961030000E-04  -1.2222921110E-01
   32      6.9544058000E-03  -8.8706057000E-03  -1.2657707000E-02  -3.8481683000E-03  -2.1562571400E-02
   33      1.6883075000E-03  -1.2870425700E-02   2.5444637600E-02  -3.4348360000E-04  -1.0184084910E-01
   34     -2.7792040000E-04   7.1796871000E-03  -5.6710157000E-03   2.4661084000E-03   1.0680109900E-01
   35     -4.1179704000E-03  -1.3627454600E-02   1.2434917800E-02  -3.3707360000E-03   1.4728300000E-04
   36      9.7196620000E-04   1.5024477000E-03   9.1176280000E-04  -2.0087230000E-04  -8.8074590000E-04
   37     -4.0643350000E-04  -6.8466010000E-04  -2.9503540000E-04   1.6868920000E-04  -5.3664390000E-04
   38      3.3936537000E-03   6.1644658000E-03   3.3423458000E-03   1.8341191000E-03  -8.3677010000E-04
   39      1.0666223000E-03   6.2980200000E-04   5.0553410000E-04  -1.1855350000E-04  -5.8582130000E-04
   40     -3.8165500000E-05  -1.6702040000E-04  -4.0421620000E-04  -2.7300220000E-04  -6.3679500000E-05
   41      9.3906860000E-04   4.0815640000E-03   1.4514822000E-03   6.0340900000E-04  -3.4978330000E-04
   42      6.5053120000E-04  -1.6122756000E-03  -4.2606890000E-04  -6.0718090000E-04   8.6105600000E-04
   43     -1.9802730000E-04  -1.0596515000E-03  -4.8659030000E-04  -3.5490520000E-04   6.5333830000E-04
   44      8.1542680000E-04   6.5852403000E-03   1.8365207000E-03   3.2908531000E-03  -2.3528979000E-03
   45      4.4620060000E-04  -9.8190050000E-04  -4.9546230000E-04  -8.3841600000E-04   2.0837260000E-04
   46     -2.0827862000E-03   1.8239825000E-03  -4.6503620000E-04   9.9076550000E-04   3.7242270000E-04
   47     -7.5882600000E-04   3.1459458000E-03   3.6977900000E-05   8.1132840000E-04   1.0602197000E-03
                   10                 11                 12                 13                 14        
    0     -3.9430334000E-03   9.4568681000E-03   4.8032466000E-03   2.6960570000E-03  -8.0103484000E-03
    1     -2.7742361000E-03  -3.3196322000E-03  -5.0851302000E-03  -1.9078628000E-03   2.3941280000E-04
    2      6.2565048000E-03  -2.7049392800E-02  -4.8195628900E-02  -2.4092977000E-02   2.7529021700E-02
    3     -2.2712141100E-02  -4.6609534300E-02  -4.2910493100E-02  -2.0574829700E-02   2.5221735700E-02
    4      2.3801724000E-03  -2.7061719500E-02  -2.1671727300E-02  -6.8434774000E-03   1.8134526300E-02
    5     -8.1465174000E-03   2.6095442000E-03   7.8186841000E-03   5.7030275000E-03  -1.9242037600E-02
    6      2.0563693700E-02  -1.2013792470E-01   4.0276417200E-02   1.6303781200E-02  -4.8693086000E-02
    7     -8.1432193500E-02   2.7723930600E-02   1.4299462600E-02   8.4746294000E-03  -1.5221634000E-02
    8      1.0339640000E-03  -7.4949020400E-02   2.6936000100E-02   1.3462927300E-02  -4.5201139700E-02
    9     -6.4253746000E-03   2.0093245080E-01  -1.4398930200E-02  -2.8846202000E-03   4.4409833000E-03
   10      5.6199864910E-01   3.6352572400E-02   9.8093770000E-03  -8.9255880000E-03  -1.1846703900E-02
   11      3.6352572400E-02   1.3127396090E-01  -5.8591947600E-02  -2.2036627200E-02   4.8956107600E-02
   12      9.8093770000E-03  -5.8591947600E-02   5.6740362250E-01   7.4708185000E-03   1.5779735520E-01
   13     -8.9255880000E-03  -2.2036627200E-02   7.4708185000E-03   3.2917893700E-01   5.8894392000E-03
   14     -1.1846703900E-02   4.8956107600E-02   1.5779735520E-01   5.8894392000E-03   1.1919286280E-01
   15     -9.7389646000E-03   4.4195197000E-02  -2.8015078280E-01  -9.6066547900E-02  -4.6116313700E-02
   16     -4.1457428000E-03   1.7720437800E-02  -1.1237309990E-01  -1.2549893440E-01  -2.1217482900E-02
   17     -3.1781847000E-03   2.4606431500E-02   4.3000064300E-02   1.6791229500E-02  -6.2057688800E-02
   18     -6.6122970000E-04   1.1092974000E-03   5.8952900000E-04   4.0343480000E-04  -1.0465319000E-03
   19      3.0152200000E-05   4.3191520000E-04   5.4314250000E-04  -4.6859300000E-05   8.1438400000E-05
   20      1.4276552000E-03   8.5184830000E-04   6.0773940000E-04   8.7490430000E-04  -1.8615989000E-03
   21     -2.5465150000E-04   6.9506990000E-04   4.2689470000E-04   8.8705010000E-04  -6.5959560000E-04
   22     -2.2604820000E-04  -3.1255950000E-04  -1.5772450000E-04  -2.0052000000E-06   2.6307600000E-05
   23     -6.5270970000E-04   9.7640830000E-04   1.6821662000E-03   8.0468520000E-04  -1.0907818000E-03
   24     -2.0225677000E-03  -8.9503660000E-04  -1.1065065000E-03  -3.0603200000E-04   6.6195040000E-04
   25      4.6680810000E-04   8.2540780000E-04   1.3455750000E-04  -8.9865470000E-04   1.9005190000E-04
   26      1.1455980000E-04  -3.4190882000E-03  -1.7815687000E-03  -6.1111460000E-04   1.6252800000E-03
   27      2.5905053400E-02  -1.3978357000E-03   3.7437240000E-04   9.0199050000E-04  -8.7375380000E-04
   28     -3.5890485000E-03   1.3846002000E-03   6.5737130000E-04  -8.2974380000E-04   1.0207900000E-05
   29      9.7303992000E-03  -4.3805089000E-03  -2.0448101000E-03  -9.5649590000E-04   1.9367493000E-03
   30     -1.2080455960E-01  -2.5511774100E-02  -2.2909346000E-03  -2.9696317000E-03   8.2705130000E-04
   31     -2.1495723700E-01  -3.0314396700E-02  -4.8392180000E-04  -1.5987846000E-03   3.4398590000E-04
   32     -2.6942937900E-02  -3.8195849900E-02   3.7459996000E-03   3.8666367000E-03  -7.7292000000E-05
   33      1.0857189160E-01  -6.9169342000E-03  -3.6266234000E-03   1.5171406000E-03   3.3130825000E-03
   34     -2.4532590710E-01  -1.0337243000E-03   2.5694220000E-04  -5.8245110000E-04   6.5830000000E-06
   35     -5.1450186000E-03  -2.6027422200E-02   6.4837002000E-03  -2.2207266000E-03  -6.6294590000E-03
   36      4.7207210000E-04  -2.3375132000E-03  -3.0427372100E-02   8.3312889000E-03   6.3596847000E-03
   37     -5.4465540000E-04   6.0653850000E-04  -1.0269202900E-02   6.2329221000E-03   1.8660464000E-03
   38      1.5923209000E-03  -6.6924845000E-03  -1.1888594000E-02  -7.4164174000E-03   5.0471873000E-03
   39     -3.1169960000E-04  -7.0157980000E-04  -4.8959267000E-03  -2.6590098900E-02   7.5421180000E-04
   40     -2.2984810000E-04   6.0408100000E-05  -4.2784242000E-03  -1.8596026600E-02  -5.0282890000E-04
   41      9.7013440000E-04  -4.2534639000E-03  -6.9900963000E-03  -2.3803713000E-03   4.2775505000E-03
   42     -5.5145550000E-04   3.5901478000E-03  -2.1410040160E-01   1.0452312090E-01  -9.1929732900E-02
   43     -1.7493050000E-04   2.6137818000E-03   1.1171152800E-01  -8.8076280800E-02   4.5479223000E-02
   44      5.1971546000E-03  -1.5984403100E-02  -1.1359475760E-01   4.3346313800E-02  -5.1577513000E-02
   45      2.1035895000E-03   3.1210494000E-03  -1.9966111500E-02   6.3570777000E-03  -2.0466926000E-03
   46     -2.5503467000E-03  -3.6409330000E-03   9.4360314000E-03  -9.0079819800E-02  -2.3478572800E-02
   47     -6.7631932000E-03  -8.3226667000E-03  -4.9843057000E-03  -3.1024433600E-02  -2.0827248300E-02
                   15                 16                 17                 18                 19        
    0     -1.3272405000E-02  -3.0814896000E-03  -2.8736275000E-03  -1.2791442120E-01  -1.2206694140E-01
    1      4.2004344000E-03  -1.3345229800E-02   8.2637665000E-03  -1.2100201480E-01  -2.1932065850E-01
    2      6.4794073700E-02   1.9557155700E-02   5.2276902100E-02   2.2550734800E-02   2.4870113400E-02
    3      4.3544268400E-02   1.3759921400E-02   4.9169524800E-02  -1.6645390400E-02  -7.6664370000E-04
    4      1.7168467300E-02   6.2955679000E-03   1.8665863400E-02  -2.2043131800E-02   1.0686170000E-04
    5     -2.7539132700E-02  -8.0533298000E-03  -4.4246364600E-02   4.4524308000E-03   5.9396310000E-04
    6     -4.0567554100E-02  -1.6211530800E-02  -2.3313318600E-02  -5.3305106000E-03  -1.1333752000E-03
    7     -2.0975452900E-02  -4.9470913000E-03  -1.5927060700E-02  -1.9761420000E-04   6.9771920000E-04
    8     -1.1701550600E-02  -2.7499725000E-03  -2.1129985700E-02   4.2872048000E-03   1.0719400000E-04
    9      5.3116968000E-03   1.7701954000E-03   6.3428526000E-03   1.9959570000E-04   6.6423600000E-05
   10     -9.7389646000E-03  -4.1457428000E-03  -3.1781847000E-03  -6.6122970000E-04   3.0152200000E-05
   11      4.4195197000E-02   1.7720437800E-02   2.4606431500E-02   1.1092974000E-03   4.3191520000E-04
   12     -2.8015078280E-01  -1.1237309990E-01   4.3000064300E-02   5.8952900000E-04   5.4314250000E-04
   13     -9.6066547900E-02  -1.2549893440E-01   1.6791229500E-02   4.0343480000E-04  -4.6859300000E-05
   14     -4.6116313700E-02  -2.1217482900E-02  -6.2057688800E-02  -1.0465319000E-03   8.1438400000E-05
   15      5.7628353340E-01   2.3191780900E-02  -1.4510020830E-01  -2.6330076000E-03  -9.1739300000E-05
   16      2.3191780900E-02   5.7823531150E-01   9.2056508000E-03  -2.5648419000E-03  -3.4335720000E-04
   17     -1.4510020830E-01   9.2056508000E-03   1.1551803890E-01  -1.4788794000E-03  -3.5628580000E-04
   18     -2.6330076000E-03  -2.5648419000E-03  -1.4788794000E-03   1.4443909470E-01   1.3622664150E-01
   19     -9.1739300000E-05  -3.4335720000E-04  -3.5628580000E-04   1.3622664150E-01   2.4067404190E-01
   20     -4.8958476000E-03  -4.1784304000E-03  -1.2820174000E-03  -2.6989516800E-02  -2.8861688600E-02
   21     -2.7729171000E-03   1.9012198000E-03  -2.6182989000E-03   6.9253869000E-03  -1.3794438100E-02
   22      4.1629000000E-04  -3.4257340000E-04   3.3197160000E-04   1.0291754000E-02  -2.4363618300E-02
   23     -5.4937930000E-03   3.2025383000E-03  -5.3555016000E-03  -8.4815070000E-04   3.2446126000E-03
   24      7.8378730000E-04   4.8148560000E-04   8.0753770000E-04   4.9400190000E-04   7.8047000000E-04
   25      3.9178670000E-04  -1.8435060000E-04  -1.1063430000E-04  -6.7628270000E-04   1.0703439000E-03
   26      2.4398103000E-03   4.1249400000E-04   2.3063056000E-03  -1.1837877000E-03  -1.1574080000E-04
   27     -7.1378400000E-04  -1.0178720000E-04  -5.0326310000E-04  -4.5938800000E-05   1.5395480000E-04
   28     -1.4029700000E-04  -5.5087460000E-04  -3.9171510000E-04   1.8095290000E-04   5.7225320000E-04
   29      1.6627293000E-03   4.8952060000E-04   1.5586255000E-03  -3.8737000000E-05  -2.1766000000E-05
   30      1.8304420000E-04  -1.8988100000E-05   7.6255580000E-04   2.2973490000E-04   7.4768100000E-05
   31      4.5427270000E-04  -1.8639490000E-04  -3.9102400000E-05   1.1076930000E-04   1.4629510000E-04
   32      3.1824630000E-04  -1.1684730000E-04  -1.4919979000E-03  -8.8973380000E-04  -1.8025360000E-04
   33      9.5565110000E-04   4.7965870000E-04   8.2958490000E-04   4.7387400000E-05  -6.9039600000E-05
   34      5.9981900000E-05   2.7970050000E-04   9.5083100000E-05  -9.4115900000E-05   1.2091550000E-04
   35     -2.2104554000E-03  -9.0407200000E-04  -1.5765841000E-03   2.2112720000E-04  -8.2542500000E-05
   36     -2.1334305380E-01   1.0637882730E-01   8.2314332600E-02   3.4789900000E-05  -5.2874000000E-05
   37      1.0605986080E-01  -1.0497333400E-01  -4.4914835700E-02   9.2536000000E-06  -3.5972120000E-04
   38      1.0036648090E-01  -4.1475964300E-02  -4.6089633600E-02   1.3972500000E-05  -1.1868860000E-04
   39     -4.0448405600E-02   1.6251122000E-03   5.8124095000E-03  -4.2496780000E-04   1.3339750000E-04
   40      1.0704340000E-04  -3.0486690320E-01   1.9361407400E-02  -2.0802000000E-05   6.4734760000E-04
   41      1.2694152000E-02   2.5226421500E-02  -2.1257568800E-02  -3.9033630000E-04   3.1848360000E-04
   42     -3.0462120600E-02   6.6057905000E-03  -7.4243267000E-03   8.4506700000E-05  -9.6312600000E-05
   43     -1.2660685000E-02   3.9634176000E-03  -2.4889918000E-03  -6.8241000000E-06   6.3970300000E-05
   44      1.4529990300E-02   7.3722465000E-03   5.9265555000E-03   1.8989960000E-04   7.0511700000E-05
   45     -2.6979506000E-03  -2.1842254300E-02  -5.7269396000E-03  -4.9790700000E-05   9.2566000000E-05
   46     -1.2376231400E-02  -2.9389211200E-02  -5.3081619000E-03   4.4050800000E-05   3.0431400000E-04
   47      2.0566216000E-03  -4.4903659000E-03   2.2944836000E-03   4.1006500000E-05   1.8734100000E-05
                   20                 21                 22                 23                 24        
    0      1.8292304900E-02  -1.0259407780E-01   1.0828367460E-01   6.9325056000E-03  -1.7068474500E-02
    1      2.1711969900E-02   1.0927963800E-01  -2.4726150990E-01  -7.6453611000E-03   2.6694647800E-02
    2     -3.4960672700E-02   1.2459671000E-02  -1.0877298000E-02  -2.8013998800E-02   2.0875026000E-03
    3      9.6773100000E-03  -1.3578056000E-02   6.4188748000E-03   1.2382193400E-02  -9.9477293100E-02
    4      1.3478343500E-02   2.4996675100E-02  -4.5268327000E-03  -1.2927886500E-02   1.0309810360E-01
    5     -4.2595058000E-03   1.6108295000E-03  -2.2905119000E-03  -3.0875529000E-03   9.6369795000E-03
    6      3.7891941000E-03  -4.7144700000E-04  -1.9306551000E-03  -2.8202257000E-03   7.9233238000E-03
    7     -2.2393098000E-03   1.4166127000E-03   1.1782979000E-03  -1.3165802000E-03  -1.0812736100E-02
    8      6.6622052000E-03  -1.7068728000E-03   4.2266560000E-04  -3.9559857000E-03  -7.2083660000E-04
    9      1.8077272000E-03   1.2325520000E-04  -1.8690520000E-04  -9.7520400000E-05   6.9936640000E-04
   10      1.4276552000E-03  -2.5465150000E-04  -2.2604820000E-04  -6.5270970000E-04  -2.0225677000E-03
   11      8.5184830000E-04   6.9506990000E-04  -3.1255950000E-04   9.7640830000E-04  -8.9503660000E-04
   12      6.0773940000E-04   4.2689470000E-04  -1.5772450000E-04   1.6821662000E-03  -1.1065065000E-03
   13      8.7490430000E-04   8.8705010000E-04  -2.0052000000E-06   8.0468520000E-04  -3.0603200000E-04
   14     -1.8615989000E-03  -6.5959560000E-04   2.6307600000E-05  -1.0907818000E-03   6.6195040000E-04
   15     -4.8958476000E-03  -2.7729171000E-03   4.1629000000E-04  -5.4937930000E-03   7.8378730000E-04
   16     -4.1784304000E-03   1.9012198000E-03  -3.4257340000E-04   3.2025383000E-03   4.8148560000E-04
   17     -1.2820174000E-03  -2.6182989000E-03   3.3197160000E-04  -5.3555016000E-03   8.0753770000E-04
   18     -2.6989516800E-02   6.9253869000E-03   1.0291754000E-02  -8.4815070000E-04   4.9400190000E-04
   19     -2.8861688600E-02  -1.3794438100E-02  -2.4363618300E-02   3.2446126000E-03   7.8047000000E-04
   20      3.5239774000E-02  -7.5259100000E-05  -1.2623341000E-03   2.3064273000E-03  -1.5300141000E-03
   21     -7.5259100000E-05   1.1513581640E-01  -1.2280746490E-01  -1.4767675100E-02  -3.1534196000E-03
   22     -1.2623341000E-03  -1.2280746490E-01   2.7295485950E-01   1.3790435800E-02   6.7025370000E-04
   23      2.3064273000E-03  -1.4767675100E-02   1.3790435800E-02   3.3141550300E-02   5.5151816000E-03
   24     -1.5300141000E-03  -3.1534196000E-03   6.7025370000E-04   5.5151816000E-03   1.1315467290E-01
   25      2.6103450000E-04   3.1481600000E-05   9.5060930000E-04  -8.5902900000E-05  -1.1560420910E-01
   26     -2.7749439000E-03   4.9019954000E-03  -6.8877000000E-05   6.7184098000E-03  -1.6042633600E-02
   27      5.7815800000E-05  -5.6942470000E-04  -2.5334020000E-04   2.7412100000E-05  -1.7134418000E-03
   28     -4.4722920000E-04  -8.7181660000E-04   3.7661040000E-04   4.6536160000E-04  -2.3981367000E-03
   29     -1.5966190000E-04   3.8403870000E-04   2.5568330000E-04   2.2681320000E-04   7.0248520000E-04
   30      9.0736460000E-04   4.2402900000E-05  -8.2808800000E-05  -2.4367850000E-04  -3.6708000000E-05
   31      1.4604110000E-04  -5.8169900000E-05   1.1029680000E-04   1.0062820000E-04   1.0351110000E-04
   32     -4.6005000000E-06   8.7783400000E-05   1.4285700000E-05   2.4319890000E-04  -5.0603300000E-05
   33     -5.7444200000E-05   2.7213020000E-04  -2.1342050000E-04  -5.3046200000E-05  -6.6750310000E-04
   34      7.3795000000E-06  -2.2300640000E-04  -5.6239200000E-05   5.1077500000E-05  -3.2525740000E-04
   35      1.7630970000E-04   6.3950000000E-05  -5.1880900000E-05  -4.6369300000E-05   1.0248040000E-04
   36     -2.4506140000E-04   3.1250750000E-04  -1.6267980000E-04  -1.4836157000E-03   2.0075500000E-05
   37     -2.2778930000E-04   6.6128300000E-05   7.0868900000E-04   9.1514010000E-04  -2.2705770000E-04
   38     -4.0980000000E-07  -1.7671100000E-04   1.8048150000E-04  -1.4002873000E-03  -3.5566030000E-04
   39     -8.2080120000E-04  -1.9451970000E-04  -1.4513360000E-04  -3.1837950000E-04  -1.1472000000E-06
   40     -4.2027940000E-04  -1.1092390000E-04   1.6426470000E-04  -6.0351300000E-05  -1.4627150000E-04
   41     -6.7028000000E-06  -3.9459870000E-04  -1.6445630000E-04  -1.0284975000E-03   2.2247750000E-04
   42     -3.6490540000E-04   1.1228200000E-05  -2.7382710000E-04  -4.1003060000E-04   2.3361330000E-04
   43     -2.2052870000E-04  -6.0123700000E-05  -8.4102200000E-05  -6.0447300000E-05   1.7623000000E-06
   44      2.7635400000E-05   2.6761700000E-04  -1.5897720000E-04   1.6470290000E-04  -1.2553530000E-04
   45     -1.6060630000E-04   8.4239900000E-05   1.3311270000E-04  -3.3434000000E-06  -8.4347200000E-05
   46     -4.9738600000E-05  -3.9821070000E-04   4.1930150000E-04   1.7475990000E-04   1.2034100000E-05
   47      4.5914000000E-05  -7.1943700000E-05   1.6506390000E-04   2.0146420000E-04  -1.6275200000E-05
                   25                 26                 27                 28                 29        
    0      4.5643195000E-03   1.0034805300E-02   7.1580280000E-04   1.1336982000E-03   4.9088700000E-04
    1     -3.6208961000E-03  -9.4743600000E-03  -1.7650584000E-03   3.9320860000E-04  -1.1557800000E-05
    2     -1.4613045000E-03  -5.5934720000E-03   6.9869480000E-04  -7.3100410000E-04  -3.0527337000E-03
    3      1.0386119320E-01  -2.2654240000E-04   7.8324997000E-03   9.4158168000E-03  -2.9427472000E-03
    4     -2.4044844260E-01  -1.1038929300E-02  -1.1177444500E-02  -2.6971938900E-02  -4.9450847000E-03
    5     -1.2880054100E-02  -3.2716625400E-02   6.4450960000E-04   7.9498280000E-04   8.3966310000E-04
    6      9.7713108000E-03   3.2770739000E-03  -9.7400079200E-02   1.0394673810E-01  -2.4234862000E-03
    7     -2.7654509100E-02   4.7291249000E-03   1.0314739660E-01  -2.4513056590E-01   1.3957520400E-02
    8     -9.6282380000E-04   1.2070844000E-03  -1.0970625700E-02   1.5260316100E-02  -3.3397708600E-02
    9      1.2319631000E-03  -6.9750590000E-04  -1.6192629600E-02   4.4565169000E-03  -8.9586047000E-03
   10      4.6680810000E-04   1.1455980000E-04   2.5905053400E-02  -3.5890485000E-03   9.7303992000E-03
   11      8.2540780000E-04  -3.4190882000E-03  -1.3978357000E-03   1.3846002000E-03  -4.3805089000E-03
   12      1.3455750000E-04  -1.7815687000E-03   3.7437240000E-04   6.5737130000E-04  -2.0448101000E-03
   13     -8.9865470000E-04  -6.1111460000E-04   9.0199050000E-04  -8.2974380000E-04  -9.5649590000E-04
   14      1.9005190000E-04   1.6252800000E-03  -8.7375380000E-04   1.0207900000E-05   1.9367493000E-03
   15      3.9178670000E-04   2.4398103000E-03  -7.1378400000E-04  -1.4029700000E-04   1.6627293000E-03
   16     -1.8435060000E-04   4.1249400000E-04  -1.0178720000E-04  -5.5087460000E-04   4.8952060000E-04
   17     -1.1063430000E-04   2.3063056000E-03  -5.0326310000E-04  -3.9171510000E-04   1.5586255000E-03
   18     -6.7628270000E-04  -1.1837877000E-03  -4.5938800000E-05   1.8095290000E-04  -3.8737000000E-05
   19      1.0703439000E-03  -1.1574080000E-04   1.5395480000E-04   5.7225320000E-04  -2.1766000000E-05
   20      2.6103450000E-04  -2.7749439000E-03   5.7815800000E-05  -4.4722920000E-04  -1.5966190000E-04
   21      3.1481600000E-05   4.9019954000E-03  -5.6942470000E-04  -8.7181660000E-04   3.8403870000E-04
   22      9.5060930000E-04  -6.8877000000E-05  -2.5334020000E-04   3.7661040000E-04   2.5568330000E-04
   23     -8.5902900000E-05   6.7184098000E-03   2.7412100000E-05   4.6536160000E-04   2.2681320000E-04
   24     -1.1560420910E-01  -1.6042633600E-02  -1.7134418000E-03  -2.3981367000E-03   7.0248520000E-04
   25      2.7207932690E-01   1.5443990800E-02  -2.5255187000E-03  -3.5266707000E-03  -1.3248453000E-03
   26      1.5443990800E-02   2.8353623000E-02  -7.1445660000E-04   1.2603427000E-03   5.2413933000E-03
   27     -2.5255187000E-03  -7.1445660000E-04   1.1010301550E-01  -1.1537647960E-01   1.6824326700E-02
   28     -3.5266707000E-03   1.2603427000E-03  -1.1537647960E-01   2.7610420400E-01  -1.7721682900E-02
   29     -1.3248453000E-03   5.2413933000E-03   1.6824326700E-02  -1.7721682900E-02   2.7939332600E-02
   30      1.7472870000E-04   3.8268400000E-05   4.3939650000E-04  -6.5595230000E-04   1.1572930000E-03
   31      5.9294830000E-04   7.4979000000E-06   7.6817450000E-04   9.4530960000E-04   2.1371460000E-04
   32      5.5425940000E-04  -2.1699710000E-04   1.5388754000E-03  -3.0731440000E-04  -2.7792806000E-03
   33     -9.8966510000E-04  -4.0892570000E-04  -3.1132918000E-03  -5.2604500000E-05  -4.6323238000E-03
   34      4.4754170000E-04  -2.9635760000E-04   1.0956834000E-03   8.1098990000E-04  -2.8482300000E-04
   35     -4.9630980000E-04   3.5283170000E-04  -5.7165860000E-03   1.9590750000E-04   6.6688961000E-03
   36     -1.8581900000E-04   1.5968530000E-04   1.8179630000E-04  -1.2409230000E-04  -5.9472500000E-05
   37      1.2372670000E-04  -1.8697760000E-04  -6.8960500000E-05   1.5760790000E-04   1.6930110000E-04
   38      1.3842270000E-04  -1.9856560000E-04   1.4851970000E-04   9.5307000000E-05  -3.3390850000E-04
   39      1.2076600000E-05   1.5330140000E-04  -6.3632000000E-05   2.8675200000E-05  -3.2954900000E-05
   40      3.6659470000E-04  -6.5694400000E-05  -6.6296500000E-05   1.7512690000E-04  -1.1409500000E-05
   41     -5.2071600000E-05  -4.8930620000E-04   4.0269900000E-05  -1.2441290000E-04  -1.2139810000E-04
   42     -1.3973860000E-04   5.5754300000E-05   5.7980600000E-05  -1.7172080000E-04  -1.5011530000E-04
   43      1.8354610000E-04  -1.9026950000E-04  -2.2819180000E-04   7.7730700000E-05   3.7528880000E-04
   44     -1.0906890000E-04  -2.4985840000E-04   3.0217440000E-04  -2.1284210000E-04  -1.8855220000E-04
   45     -5.2184400000E-05  -5.2737000000E-06   1.0735780000E-04  -2.8669700000E-05   6.1491900000E-05
   46      5.2078200000E-05   8.0310600000E-05  -4.0917590000E-04   9.8580140000E-04   8.6237100000E-05
   47      6.9848300000E-05  -1.4607090000E-04  -1.0607720000E-04   4.6917480000E-04   2.2794000000E-06
                   30                 31                 32                 33                 34        
    0      1.7170400000E-05   1.4795970000E-04  -1.5490268000E-03   2.4167440000E-04  -1.9066470000E-04
    1     -5.3450480000E-04   1.6127240000E-04  -1.5644798000E-03  -2.1768230000E-04  -2.0484930000E-04
    2     -8.7648970000E-04  -6.0784760000E-04   3.8340230000E-04  -9.4511630000E-04   2.5026660000E-04
    3     -4.9975807000E-03  -9.9889930000E-04  -4.7155824000E-03  -9.8859870000E-04  -2.1839207000E-03
    4     -4.8396400000E-05   4.3920340000E-04   1.6627846000E-03   1.1572841000E-03   1.0872759000E-03
    5     -4.3181248000E-03  -1.8211130000E-04   6.9544058000E-03   1.6883075000E-03  -2.7792040000E-04
    6     -1.7087644400E-02  -2.3039630000E-04  -8.8706057000E-03  -1.2870425700E-02   7.1796871000E-03
    7     -2.1718030200E-02   1.0559523000E-03  -1.2657707000E-02   2.5444637600E-02  -5.6710157000E-03
    8     -5.3667717000E-03  -2.2961030000E-04  -3.8481683000E-03  -3.4348360000E-04   2.4661084000E-03
    9     -1.2983013510E-01  -1.2222921110E-01  -2.1562571400E-02  -1.0184084910E-01   1.0680109900E-01
   10     -1.2080455960E-01  -2.1495723700E-01  -2.6942937900E-02   1.0857189160E-01  -2.4532590710E-01
   11     -2.5511774100E-02  -3.0314396700E-02  -3.8195849900E-02  -6.9169342000E-03  -1.0337243000E-03
   12     -2.2909346000E-03  -4.8392180000E-04   3.7459996000E-03  -3.6266234000E-03   2.5694220000E-04
   13     -2.9696317000E-03  -1.5987846000E-03   3.8666367000E-03   1.5171406000E-03  -5.8245110000E-04
   14      8.2705130000E-04   3.4398590000E-04  -7.7292000000E-05   3.3130825000E-03   6.5830000000E-06
   15      1.8304420000E-04   4.5427270000E-04   3.1824630000E-04   9.5565110000E-04   5.9981900000E-05
   16     -1.8988100000E-05  -1.8639490000E-04  -1.1684730000E-04   4.7965870000E-04   2.7970050000E-04
   17      7.6255580000E-04  -3.9102400000E-05  -1.4919979000E-03   8.2958490000E-04   9.5083100000E-05
   18      2.2973490000E-04   1.1076930000E-04  -8.8973380000E-04   4.7387400000E-05  -9.4115900000E-05
   19      7.4768100000E-05   1.4629510000E-04  -1.8025360000E-04  -6.9039600000E-05   1.2091550000E-04
   20      9.0736460000E-04   1.4604110000E-04  -4.6005000000E-06  -5.7444200000E-05   7.3795000000E-06
   21      4.2402900000E-05  -5.8169900000E-05   8.7783400000E-05   2.7213020000E-04  -2.2300640000E-04
   22     -8.2808800000E-05   1.1029680000E-04   1.4285700000E-05  -2.1342050000E-04  -5.6239200000E-05
   23     -2.4367850000E-04   1.0062820000E-04   2.4319890000E-04  -5.3046200000E-05   5.1077500000E-05
   24     -3.6708000000E-05   1.0351110000E-04  -5.0603300000E-05  -6.6750310000E-04  -3.2525740000E-04
   25      1.7472870000E-04   5.9294830000E-04   5.5425940000E-04  -9.8966510000E-04   4.4754170000E-04
   26      3.8268400000E-05   7.4979000000E-06  -2.1699710000E-04  -4.0892570000E-04  -2.9635760000E-04
   27      4.3939650000E-04   7.6817450000E-04   1.5388754000E-03  -3.1132918000E-03   1.0956834000E-03
   28     -6.5595230000E-04   9.4530960000E-04  -3.0731440000E-04  -5.2604500000E-05   8.1098990000E-04
   29      1.1572930000E-03   2.1371460000E-04  -2.7792806000E-03  -4.6323238000E-03  -2.8482300000E-04
   30      1.4648318430E-01   1.3573176490E-01   3.0910110000E-02   6.9765124000E-03   1.0281112700E-02
   31      1.3573176490E-01   2.3600841830E-01   3.4884874200E-02  -1.3671346900E-02  -2.4175230500E-02
   32      3.0910110000E-02   3.4884874200E-02   3.7784634600E-02  -5.1646120000E-04   1.7090480000E-04
   33      6.9765124000E-03  -1.3671346900E-02  -5.1646120000E-04   1.1419288160E-01  -1.2213029700E-01
   34      1.0281112700E-02  -2.4175230500E-02   1.7090480000E-04  -1.2213029700E-01   2.7242414400E-01
   35      1.1318880000E-03  -4.0162132000E-03   2.3533071000E-03   7.8700908000E-03  -8.4063520000E-04
   36      3.3686200000E-05  -1.3767800000E-05   2.3682190000E-04   6.3309200000E-05  -2.2470080000E-04
   37     -1.0763850000E-04   2.0448090000E-04   2.5222650000E-04  -1.1690390000E-04   3.3882000000E-05
   38     -3.2618800000E-05  -5.7335700000E-05  -1.1183950000E-04  -2.2548550000E-04   5.6678200000E-05
   39     -5.1424200000E-05   4.2238000000E-05   1.8834460000E-04  -6.9317000000E-05  -8.3876500000E-05
   40      4.8473200000E-05   1.9731980000E-04   2.4916300000E-05  -1.2988510000E-04   1.9469500000E-04
   41     -5.1284300000E-05  -6.9315700000E-05  -8.4030000000E-05  -5.3316700000E-05   7.2875500000E-05
   42      1.3289900000E-05   2.1000600000E-05   3.2333520000E-04   4.7673930000E-04  -1.9414770000E-04
   43     -1.6154300000E-04  -2.1889360000E-04   2.4088780000E-04   1.0339440000E-04   8.3082170000E-04
   44      1.6461560000E-04   4.6705300000E-05  -3.0098020000E-04  -9.1144500000E-05  -1.5516900000E-05
   45     -1.2399450000E-04   3.0602210000E-04   8.0506810000E-04  -4.9676700000E-05  -2.4519200000E-05
   46      7.9120590000E-04   1.2750437000E-03   9.7764100000E-05   3.1683790000E-04  -2.1427330000E-04
   47      5.0159510000E-04  -2.2751430000E-04  -6.0791280000E-04   5.4261620000E-04  -4.2797900000E-04
                   35                 36                 37                 38                 39        
    0     -1.8956460000E-04   5.8186950000E-04   2.1577850000E-04   1.7999258000E-03  -4.5661060000E-04
    1      6.3854580000E-04  -1.3075020000E-04   7.3141760000E-04  -4.2746789000E-03   2.2949550000E-03
    2      1.4721130000E-03  -3.8477039000E-03  -3.1196200000E-05  -1.8791629200E-02  -3.0856480000E-03
    3      3.5606288000E-03  -1.7285873000E-03   5.0070410000E-04  -6.8801513000E-03  -5.3183310000E-04
    4      2.0019057000E-03  -5.0107220000E-04  -2.7885850000E-04  -2.7750309000E-03  -7.7007930000E-04
    5     -4.1179704000E-03   9.7196620000E-04  -4.0643350000E-04   3.3936537000E-03   1.0666223000E-03
    6     -1.3627454600E-02   1.5024477000E-03  -6.8466010000E-04   6.1644658000E-03   6.2980200000E-04
    7      1.2434917800E-02   9.1176280000E-04  -2.9503540000E-04   3.3423458000E-03   5.0553410000E-04
    8     -3.3707360000E-03  -2.0087230000E-04   1.6868920000E-04   1.8341191000E-03  -1.1855350000E-04
    9      1.4728300000E-04  -8.8074590000E-04  -5.3664390000E-04  -8.3677010000E-04  -5.8582130000E-04
   10     -5.1450186000E-03   4.7207210000E-04  -5.4465540000E-04   1.5923209000E-03  -3.1169960000E-04
   11     -2.6027422200E-02  -2.3375132000E-03   6.0653850000E-04  -6.6924845000E-03  -7.0157980000E-04
   12      6.4837002000E-03  -3.0427372100E-02  -1.0269202900E-02  -1.1888594000E-02  -4.8959267000E-03
   13     -2.2207266000E-03   8.3312889000E-03   6.2329221000E-03  -7.4164174000E-03  -2.6590098900E-02
   14     -6.6294590000E-03   6.3596847000E-03   1.8660464000E-03   5.0471873000E-03   7.5421180000E-04
   15     -2.2104554000E-03  -2.1334305380E-01   1.0605986080E-01   1.0036648090E-01  -4.0448405600E-02
   16     -9.0407200000E-04   1.0637882730E-01  -1.0497333400E-01  -4.1475964300E-02   1.6251122000E-03
   17     -1.5765841000E-03   8.2314332600E-02  -4.4914835700E-02  -4.6089633600E-02   5.8124095000E-03
   18      2.2112720000E-04   3.4789900000E-05   9.2536000000E-06   1.3972500000E-05  -4.2496780000E-04
   19     -8.2542500000E-05  -5.2874000000E-05  -3.5972120000E-04  -1.1868860000E-04   1.3339750000E-04
   20      1.7630970000E-04  -2.4506140000E-04  -2.2778930000E-04  -4.0980000000E-07  -8.2080120000E-04
   21      6.3950000000E-05   3.1250750000E-04   6.6128300000E-05  -1.7671100000E-04  -1.9451970000E-04
   22     -5.1880900000E-05  -1.6267980000E-04   7.0868900000E-04   1.8048150000E-04  -1.4513360000E-04
   23     -4.6369300000E-05  -1.4836157000E-03   9.1514010000E-04  -1.4002873000E-03  -3.1837950000E-04
   24      1.0248040000E-04   2.0075500000E-05  -2.2705770000E-04  -3.5566030000E-04  -1.1472000000E-06
   25     -4.9630980000E-04  -1.8581900000E-04   1.2372670000E-04   1.3842270000E-04   1.2076600000E-05
   26      3.5283170000E-04   1.5968530000E-04  -1.8697760000E-04  -1.9856560000E-04   1.5330140000E-04
   27     -5.7165860000E-03   1.8179630000E-04  -6.8960500000E-05   1.4851970000E-04  -6.3632000000E-05
   28      1.9590750000E-04  -1.2409230000E-04   1.5760790000E-04   9.5307000000E-05   2.8675200000E-05
   29      6.6688961000E-03  -5.9472500000E-05   1.6930110000E-04  -3.3390850000E-04  -3.2954900000E-05
   30      1.1318880000E-03   3.3686200000E-05  -1.0763850000E-04  -3.2618800000E-05  -5.1424200000E-05
   31     -4.0162132000E-03  -1.3767800000E-05   2.0448090000E-04  -5.7335700000E-05   4.2238000000E-05
   32      2.3533071000E-03   2.3682190000E-04   2.5222650000E-04  -1.1183950000E-04   1.8834460000E-04
   33      7.8700908000E-03   6.3309200000E-05  -1.1690390000E-04  -2.2548550000E-04  -6.9317000000E-05
   34     -8.4063520000E-04  -2.2470080000E-04   3.3882000000E-05   5.6678200000E-05  -8.3876500000E-05
   35      3.2515816100E-02   3.0007140000E-04   3.3202400000E-05   3.9197080000E-04   1.4059400000E-04
   36      3.0007140000E-04   2.4825827200E-01  -1.1451915580E-01  -8.4316627000E-02  -7.5951780000E-04
   37      3.3202400000E-05  -1.1451915580E-01   1.1437175800E-01   4.9970225300E-02   2.3233674400E-02
   38      3.9197080000E-04  -8.4316627000E-02   4.9970225300E-02   5.9742525300E-02  -1.2183803000E-03
