
$orca_hessian_file

$act_atom
  0

$act_coord
  0

$act_energy
      -21.375266

$multiplicity
  1

$hessian
48
                    0                  1                  2                  3                  4        
    0      5.8705057810E-01   1.0951747200E-02  -2.1815969590E-01  -2.8134951900E-01   3.5494001800E-02
    1      1.0951747200E-02   5.6661576030E-01  -2.2812470000E-04   1.5216153800E-02  -7.8346819300E-02
    2     -2.1815969590E-01  -2.2812470000E-04   1.5908495690E-01   1.2786983310E-01  -2.9149518600E-02
    3     -2.8134951900E-01   1.5216153800E-02   1.2786983310E-01   5.6063503990E-01   1.1909741500E-02
    4      3.5494001800E-02  -7.8346819300E-02  -2.9149518600E-02   1.1909741500E-02   5.9152680150E-01
    5      1.7814463020E-01  -7.9526471000E-03  -1.1059509320E-01  -1.7778222520E-01   6.9532237100E-02
    6     -4.8396761500E-02  -2.5723695900E-02   4.3341944700E-02  -1.2063803160E-01  -1.0058597940E-01
    7     -2.3621438400E-02   2.3877880000E-04   2.4054815400E-02  -1.0425509920E-01  -2.4247283940E-01
    8      6.4003828000E-03   9.8248251000E-03   1.0333692000E-03   5.1057543000E-03  -4.3094759000E-03
    9      5.5781200000E-03  -2.9503331000E-03  -1.1554743000E-02  -5.1032864600E-02  -2.6409031400E-02
   10     -3.5209188000E-03  -2.5676222000E-03   4.1602827000E-03  -2.2947570900E-02   2.7158608000E-03
   11      9.3505683000E-03  -2.7650718000E-03  -2.4902261400E-02  -4.3045376900E-02  -2.4061535300E-02
   12     -5.0535250000E-04  -6.0909715000E-03  -6.1243076900E-02  -4.1419736900E-02  -1.8797961800E-02
   13      5.0958910000E-04  -1.4164709000E-03  -3.4161883600E-02  -2.0458623200E-02  -4.7961503000E-03
   14     -9.8406634000E-03  -2.4661996000E-03   2.3672675300E-02   2.2284313700E-02   1.5916962600E-02
   15     -1.8715312000E-02   2.5959967000E-03   8.4190177200E-02   4.3870204600E-02   1.2306256300E-02
   16     -3.1965680000E-03  -2.3421315700E-02   2.6585784300E-02   1.4732136700E-02   6.1268509000E-03
   17     -9.6513270000E-04   7.6165899000E-03   7.6257927600E-02   5.3884280500E-02   1.6419443700E-02
   18     -1.3504106570E-01  -1.2237499740E-01   2.2565218700E-02  -1.5414636800E-02  -1.9097838900E-02
   19     -1.2297871820E-01  -2.0707184780E-01   1.9672748600E-02  -6.3553110000E-04   4.0766200000E-04
   20      1.6469965800E-02   1.7327987500E-02  -3.4321395200E-02   1.3587348400E-02   1.6013579700E-02
   21     -9.4243005500E-02   1.0194780270E-01   1.6374430000E-02  -9.7490602000E-03   2.3593176600E-02
   22      9.9805480100E-02  -2.4908764630E-01  -1.4070779900E-02   6.3493513000E-03  -5.2631754000E-03
   23      7.5221650000E-03  -1.0790641000E-02  -2.6162405100E-02   1.5425173600E-02  -1.6703820100E-02
   24     -1.3580285700E-02   2.5181278000E-02   2.4387382000E-03  -8.8796827800E-02   9.2707342800E-02
   25      4.0528038000E-03  -4.1584478000E-03  -1.2908574000E-03   9.3986412700E-02  -2.4387334990E-01
   26      1.1506429900E-02  -1.3343006400E-02  -8.2266968000E-03   1.0860833600E-02  -3.3758223700E-02
   27      5.4096530000E-04  -1.6030578000E-03   1.2966876000E-03   8.7175348000E-03  -1.2134681900E-02
   28      9.3733990000E-04   4.1620240000E-04  -1.1986886000E-03   7.2981646000E-03  -2.7278783700E-02
   29      5.2956560000E-04   1.5409830000E-04  -4.1478750000E-03  -5.0983768000E-03  -7.7048115000E-03
   30      2.5965330000E-04  -3.5056830000E-04  -1.5224341000E-03  -4.8242271000E-03  -2.9461470000E-04
   31      1.3496830000E-04   1.9948770000E-04  -7.8791560000E-04  -8.1573670000E-04   5.9423750000E-04
   32     -1.7295313000E-03  -1.5412918000E-03   5.9122170000E-04  -4.5166918000E-03   2.2344872000E-03
   33      3.1318000000E-06  -2.4611480000E-04  -8.0781380000E-04  -6.9765180000E-04   1.0643317000E-03
   34     -1.3206320000E-04  -1.9242480000E-04   3.5699230000E-04  -1.7733644000E-03   1.0320230000E-03
   35      1.1708460000E-04   5.4753730000E-04   1.0065487000E-03   2.7716901000E-03   1.5917890000E-03
   36      8.6714990000E-04   1.3082450000E-04  -5.0199052000E-03  -1.4157838000E-03  -3.4595640000E-04
   37      7.4178440000E-04   9.4060080000E-04   8.7046580000E-04   6.3182200000E-04  -1.4938890000E-04
   38      3.2735298000E-03  -4.6913627000E-03  -2.7669052900E-02  -7.2903231000E-03  -2.0060157000E-03
   39     -9.5208190000E-04   3.5625358000E-03  -3.7113643000E-03  -2.8769580000E-04  -5.9755670000E-04
   40      8.5905360000E-04  -1.2757804000E-03   2.3913392000E-03   4.2526700000E-04   2.2989230000E-04
   41     -3.5789946000E-03   9.9129138000E-03  -1.2906174900E-02  -4.4507226000E-03   5.3256200000E-05
   42     -1.3575018000E-03  -6.0719200000E-05   3.0272021000E-03   1.7645699000E-03   7.0185430000E-04
   43     -8.7757740000E-04   1.6956200000E-05   1.3282429000E-03   9.8425950000E-04   5.4921700000E-04
   44      5.5925250000E-04  -1.2611387000E-03  -1.0530650700E-02  -7.7729111000E-03  -3.2088197000E-03
   45     -1.5871290000E-04  -1.8588060000E-04   9.1480170000E-04   6.3868610000E-04   4.8691620000E-04
   46      8.4051570000E-04  -8.8941110000E-04   1.4670971000E-03  -6.4738350000E-04  -1.0020381000E-03
   47      4.0044340000E-04  -3.4446790000E-04  -2.1850943000E-03  -1.8325999000E-03  -8.5953500000E-04
                    5                  6                  7                  8                  9        
    0      1.7814463020E-01  -4.8396761500E-02  -2.3621438400E-02   6.4003828000E-03   5.5781200000E-03
    1     -7.9526471000E-03  -2.5723695900E-02   2.3877880000E-04   9.8248251000E-03  -2.9503331000E-03
    2     -1.1059509320E-01   4.3341944700E-02   2.4054815400E-02   1.0333692000E-03  -1.1554743000E-02
    3     -1.7778222520E-01  -1.2063803160E-01  -1.0425509920E-01   5.1057543000E-03  -5.1032864600E-02
    4      6.9532237100E-02  -1.0058597940E-01  -2.4247283940E-01  -4.3094759000E-03  -2.6409031400E-02
    5      2.5444068480E-01  -5.6157627000E-03  -9.4507166000E-03  -3.4402208400E-02  -5.4147765000E-03
    6     -5.6157627000E-03   6.2803287110E-01  -9.6641490000E-03   1.6399414170E-01  -3.4569755760E-01
    7     -9.4507166000E-03  -9.6641490000E-03   6.0112562930E-01  -3.4586331700E-02   5.4493025300E-02
    8     -3.4402208400E-02   1.6399414170E-01  -3.4586331700E-02   2.1632421780E-01  -1.7245455430E-01
    9     -5.4147765000E-03  -3.4569755760E-01   5.4493025300E-02  -1.7245455430E-01   6.3383965440E-01
   10     -6.3777498000E-03   2.8141723500E-02  -8.1207484700E-02   7.3987638000E-03  -1.0386920500E-02
   11     -5.8570780000E-04  -1.3483841220E-01   3.1694231800E-02  -9.3770253500E-02   2.2728101860E-01
   12      1.2552498300E-02   3.8369061800E-02   1.3428000900E-02   2.3898005000E-02  -1.3905510600E-02
   13      9.7674069000E-03   1.4018004200E-02   7.9793624000E-03   1.0270275700E-02  -3.4721183000E-03
   14     -1.6249789600E-02  -4.4409956100E-02  -1.4763110000E-02  -3.8673046700E-02   7.0051610000E-04
   15     -2.9760847900E-02  -3.5112546400E-02  -1.7059421300E-02  -9.3062782000E-03   5.6650744000E-03
   16     -1.1302764500E-02  -1.4187472300E-02  -4.9324972000E-03  -3.2573967000E-03   2.1918651000E-03
   17     -5.5461643400E-02  -2.6906101300E-02  -1.6515643000E-02  -1.7006061900E-02   9.1774810000E-03
   18      3.6116030000E-03  -5.2496551000E-03  -9.0359560000E-04   4.4983735000E-03   5.2454830000E-04
   19      9.4271800000E-04  -1.1837556000E-03   9.4221020000E-04  -5.6585100000E-05   7.9916700000E-05
   20     -5.5545006000E-03   4.8658675000E-03  -2.3628993000E-03   3.9325438000E-03   1.6212366000E-03
   21      1.6257002000E-03  -1.5021353000E-03   6.6844860000E-04  -1.6551331000E-03   2.9545740000E-04
   22     -3.7879231000E-03  -1.5597856000E-03   9.7375900000E-04   7.4426880000E-04  -1.0477380000E-04
   23     -6.3563713000E-03  -3.1329194000E-03  -1.4947609000E-03  -2.7467032000E-03   1.1692880000E-04
   24      2.2098303100E-02   9.3050449000E-03  -1.2445182900E-02  -1.8270855000E-03   4.6389300000E-04
   25     -3.6481532400E-02   7.4382422000E-03  -2.7974241500E-02  -2.4964769000E-03   1.2032495000E-03
   26     -3.5565986100E-02   5.0106580000E-03   4.2543054000E-03   1.4187658000E-03  -7.9928150000E-04
   27      3.2110690000E-04  -9.0098164200E-02   9.4032735200E-02  -9.5263523000E-03  -1.5306516800E-02
   28     -3.8943920000E-04   9.5935048800E-02  -2.4779357560E-01   1.3349010700E-02   5.3880866000E-03
   29      8.1466130000E-04   2.3591636000E-03   1.2974801300E-02  -3.2379754200E-02  -1.0342628100E-02
   30     -4.2001771000E-03  -1.7107380800E-02  -2.0119192500E-02  -6.2782492000E-03  -1.2747436070E-01
   31     -1.6156910000E-04   8.3202000000E-05   1.3985719000E-03   1.0768900000E-05  -1.2102057510E-01
   32      6.5788967000E-03  -1.0469611600E-02  -1.3760269100E-02  -5.5909000000E-03  -3.0203610400E-02
   33      1.8913974000E-03  -1.1446173100E-02   2.5185191100E-02  -1.1423944000E-03  -9.2149181100E-02
   34     -3.6911290000E-04   7.0987977000E-03  -6.4584341000E-03   2.7223636000E-03   1.0035212490E-01
   35     -3.4541140000E-03  -1.3038726500E-02   1.4482929300E-02  -3.4539801000E-03  -6.1326301000E-03
   36      3.0190620000E-04   1.4722701000E-03   6.6127180000E-04  -2.3137840000E-04  -9.8082850000E-04
   37     -3.9068660000E-04  -7.4192040000E-04  -1.9006170000E-04   8.3220000000E-07  -5.8347010000E-04
   38      3.0977810000E-03   5.9506481000E-03   2.6254263000E-03   1.5526924000E-03  -1.1284011000E-03
   39      1.1248128000E-03   4.0374560000E-04   3.1852190000E-04  -1.2362030000E-04  -4.8414950000E-04
   40     -1.4601420000E-04  -1.6663580000E-04  -2.8630400000E-04  -2.3051730000E-04  -5.4569300000E-05
   41      1.9861327000E-03   3.2220308000E-03   1.3948915000E-03   3.1467350000E-04  -5.4625250000E-04
   42      5.1227590000E-04  -1.3484969000E-03  -3.7980320000E-04  -6.2727520000E-04   6.9500450000E-04
   43     -2.3688930000E-04  -1.0311285000E-03  -6.3519010000E-04  -5.3395050000E-04   5.6678630000E-04
   44      2.0012332000E-03   7.0278994000E-03   2.3027927000E-03   3.2081975000E-03  -1.7631729000E-03
   45      5.8955560000E-04  -9.8609110000E-04  -3.3931280000E-04  -7.2433650000E-04  -3.0782600000E-05
   46     -3.1953173000E-03   2.1295040000E-03  -7.0768350000E-04   1.1496253000E-03   7.0673710000E-04
   47     -6.9397520000E-04   2.6391360000E-03  -8.5046300000E-04   2.3844810000E-04   1.4428693000E-03
                   10                 11                 12                 13                 14        
    0     -3.5209188000E-03   9.3505683000E-03  -5.0535250000E-04   5.0958910000E-04  -9.8406634000E-03
    1     -2.5676222000E-03  -2.7650718000E-03  -6.0909715000E-03  -1.4164709000E-03  -2.4661996000E-03
    2      4.1602827000E-03  -2.4902261400E-02  -6.1243076900E-02  -3.4161883600E-02   2.3672675300E-02
    3     -2.2947570900E-02  -4.3045376900E-02  -4.1419736900E-02  -2.0458623200E-02   2.2284313700E-02
    4      2.7158608000E-03  -2.4061535300E-02  -1.8797961800E-02  -4.7961503000E-03   1.5916962600E-02
    5     -6.3777498000E-03  -5.8570780000E-04   1.2552498300E-02   9.7674069000E-03  -1.6249789600E-02
    6      2.8141723500E-02  -1.3483841220E-01   3.8369061800E-02   1.4018004200E-02  -4.4409956100E-02
    7     -8.1207484700E-02   3.1694231800E-02   1.3428000900E-02   7.9793624000E-03  -1.4763110000E-02
    8      7.3987638000E-03  -9.3770253500E-02   2.3898005000E-02   1.0270275700E-02  -3.8673046700E-02
    9     -1.0386920500E-02   2.2728101860E-01  -1.3905510600E-02  -3.4721183000E-03   7.0051610000E-04
   10      5.7037718400E-01   2.5475196700E-02   6.7620264000E-03  -1.0734228700E-02  -8.9615783000E-03
   11      2.5475196700E-02   1.5983955550E-01  -5.2162412700E-02  -1.7591753600E-02   4.4567289200E-02
   12      6.7620264000E-03  -5.2162412700E-02   5.6345165240E-01   1.1972893800E-02   1.4385961090E-01
   13     -1.0734228700E-02  -1.7591753600E-02   1.1972893800E-02   3.4675544060E-01   2.5121322300E-02
   14     -8.9615783000E-03   4.4567289200E-02   1.4385961090E-01   2.5121322300E-02   9.1974996900E-02
   15     -7.2156063000E-03   3.5986816300E-02  -2.4535357640E-01  -9.5068472800E-02  -4.9000927100E-02
   16     -2.8721247000E-03   1.5048743500E-02  -1.1580846440E-01  -1.3699447440E-01  -2.7294050100E-02
   17     -1.9542899000E-03   2.6542551100E-02   3.8049440800E-02   1.6596253500E-02  -6.3655582700E-02
   18     -5.8096930000E-04   1.6985280000E-03   9.2912650000E-04   8.5201900000E-04  -1.8282407000E-03
   19      3.3036700000E-05   3.5160860000E-04   2.6934570000E-04  -1.2960860000E-04   1.0752910000E-04
   20      1.2505699000E-03   8.9071770000E-04   2.9038160000E-04   9.3750950000E-04  -2.7164280000E-03
   21     -3.4260160000E-04   1.1762411000E-03   1.2011616000E-03   1.7525296000E-03  -1.0188770000E-03
   22     -1.4339780000E-04  -4.7218210000E-04  -3.6990130000E-04  -1.0863530000E-04   6.5384500000E-05
   23     -6.5999830000E-04   1.1244018000E-03   2.0272654000E-03   1.7899547000E-03  -1.3579550000E-03
   24     -1.3090671000E-03  -1.8114074000E-03  -1.2668884000E-03  -5.2490690000E-04   1.2123098000E-03
   25      3.5798520000E-04   1.4442175000E-03   4.4484330000E-04  -3.2828050000E-04  -3.7073000000E-05
   26      4.4277930000E-04  -4.1030237000E-03  -1.9165262000E-03  -1.2261742000E-03   2.2826289000E-03
   27      2.6752176100E-02  -8.8553440000E-04   1.1835238000E-03   9.3357550000E-04  -1.1737184000E-03
   28     -5.2956248000E-03   1.6559869000E-03   5.1021580000E-04  -8.0346220000E-04  -3.5377000000E-06
   29      1.0755502700E-02  -6.7420273000E-03  -3.3610798000E-03  -7.9358090000E-04   2.8507029000E-03
   30     -1.1944630600E-01  -3.4020766200E-02  -2.9895377000E-03  -3.7304829000E-03   1.1735722000E-03
   31     -2.1261423340E-01  -3.9856518400E-02  -4.1660770000E-04  -1.2156168000E-03   3.5122430000E-04
   32     -3.7064580400E-02  -4.1333716700E-02   4.6205947000E-03   4.3100627000E-03  -4.1039500000E-04
   33      1.0175347490E-01  -1.2715095600E-02  -3.1784240000E-03   1.8495041000E-03   2.7731288000E-03
   34     -2.5442924670E-01   9.1482386000E-03   4.9168040000E-04  -5.6833170000E-04  -1.2707330000E-04
   35      5.6209231000E-03  -2.7840024800E-02   5.2642903000E-03  -2.7038383000E-03  -4.9899785000E-03
   36      2.5295170000E-04  -2.1353785000E-03  -3.1420368600E-02   5.5947824000E-03   7.9831299000E-03
   37     -6.0967250000E-04   5.3090620000E-04  -1.1657719500E-02   6.0010266000E-03   3.5248106000E-03
   38      1.2270190000E-03  -5.6904865000E-03  -1.2821564600E-02  -7.3782448000E-03   4.0817682000E-03
   39     -3.9116150000E-04  -3.3121470000E-04  -2.4786651000E-03  -2.5499681000E-02   7.6709470000E-04
   40     -2.9937530000E-04   2.2067230000E-04  -3.1524941000E-03  -2.1343760000E-02  -1.8655010000E-04
   41      6.2473310000E-04  -2.9098311000E-03  -6.1052224000E-03  -4.2731260000E-03   3.1596114000E-03
   42     -3.7184570000E-04   3.4006568000E-03  -2.4015154560E-01   1.0141940900E-01  -7.2718369900E-02
   43      5.0600700000E-05   2.9644353000E-03   1.0995657500E-01  -8.2395828900E-02   2.8764647000E-02
   44      4.9552780000E-03  -1.8520179700E-02  -8.9963513400E-02   2.5043625700E-02  -2.7941888700E-02
   45      2.8506150000E-03   3.0517693000E-03  -2.2464920200E-02   9.8519783000E-03  -7.6292350000E-04
   46     -2.7616565000E-03  -3.7871761000E-03   1.2458539000E-02  -9.9900981400E-02  -2.0012708200E-02
   47     -6.8928515000E-03  -6.5670028000E-03  -2.9886910000E-03  -2.5707809700E-02  -1.6594608500E-02
                   15                 16                 17                 18                 19        
    0     -1.8715312000E-02  -3.1965680000E-03  -9.6513270000E-04  -1.3504106570E-01  -1.2297871820E-01
    1      2.5959967000E-03  -2.3421315700E-02   7.6165899000E-03  -1.2237499740E-01  -2.0707184780E-01
    2      8.4190177200E-02   2.6585784300E-02   7.6257927600E-02   2.2565218700E-02   1.9672748600E-02
    3      4.3870204600E-02   1.4732136700E-02   5.3884280500E-02  -1.5414636800E-02  -6.3553110000E-04
    4      1.2306256300E-02   6.1268509000E-03   1.6419443700E-02  -1.9097838900E-02   4.0766200000E-04
    5     -2.9760847900E-02  -1.1302764500E-02  -5.5461643400E-02   3.6116030000E-03   9.4271800000E-04
    6     -3.5112546400E-02  -1.4187472300E-02  -2.6906101300E-02  -5.2496551000E-03  -1.1837556000E-03
    7     -1.7059421300E-02  -4.9324972000E-03  -1.6515643000E-02  -9.0359560000E-04   9.4221020000E-04
    8     -9.3062782000E-03  -3.2573967000E-03  -1.7006061900E-02   4.4983735000E-03  -5.6585100000E-05
    9      5.6650744000E-03   2.1918651000E-03   9.1774810000E-03   5.2454830000E-04   7.9916700000E-05
   10     -7.2156063000E-03  -2.8721247000E-03  -1.9542899000E-03  -5.8096930000E-04   3.3036700000E-05
   11      3.5986816300E-02   1.5048743500E-02   2.6542551100E-02   1.6985280000E-03   3.5160860000E-04
   12     -2.4535357640E-01  -1.1580846440E-01   3.8049440800E-02   9.2912650000E-04   2.6934570000E-04
   13     -9.5068472800E-02  -1.3699447440E-01   1.6596253500E-02   8.5201900000E-04  -1.2960860000E-04
   14     -4.9000927100E-02  -2.7294050100E-02  -6.3655582700E-02  -1.8282407000E-03   1.0752910000E-04
   15      5.3950311360E-01   1.2811677100E-02  -1.5370982370E-01  -5.8372403000E-03   2.7298100000E-05
   16      1.2811677100E-02   5.7637600750E-01   7.4707188000E-03  -5.0507627000E-03  -2.3178320000E-04
   17     -1.5370982370E-01   7.4707188000E-03   1.1915804300E-01  -3.9051866000E-03  -1.0419450000E-04
   18     -5.8372403000E-03  -5.0507627000E-03  -3.9051866000E-03   1.5294755360E-01   1.3824978290E-01
   19      2.7298100000E-05  -2.3178320000E-04  -1.0419450000E-04   1.3824978290E-01   2.2762443550E-01
   20     -9.1246289000E-03  -7.3665629000E-03  -4.2246111000E-03  -2.4368173800E-02  -2.3320972400E-02
   21     -5.4742609000E-03   4.1699152000E-03  -5.7134287000E-03   7.0588394000E-03  -1.5183138400E-02
   22      1.6463313000E-03  -8.2800950000E-04   1.2608480000E-03   9.3053173000E-03  -2.3758520100E-02
   23     -9.3229704000E-03   6.5445986000E-03  -9.4376646000E-03  -6.8784550000E-04   2.3748400000E-03
   24      1.2602651000E-03   5.5803380000E-04   1.5237728000E-03   2.6076850000E-04   7.8531240000E-04
   25     -4.9261300000E-05  -8.0677900000E-05  -3.5188030000E-04  -4.4547580000E-04   9.7012590000E-04
   26      2.1554564000E-03   7.8557020000E-04   3.0783862000E-03  -1.2133220000E-03  -4.0436400000E-05
   27     -1.0287238000E-03  -2.8908220000E-04  -1.1950222000E-03  -1.2147000000E-06   1.6689040000E-04
   28      4.9154500000E-05  -3.5625730000E-04  -1.4739100000E-05   1.0788570000E-04   5.9326190000E-04
   29      2.5937339000E-03   9.5005400000E-04   2.5812988000E-03  -6.3242500000E-05   9.5904000000E-06
   30      4.8954300000E-04   1.6970270000E-04   1.4673368000E-03   4.2440270000E-04   7.3410400000E-05
   31      4.6627400000E-04  -1.7675210000E-04   2.0841070000E-04   1.5561020000E-04   7.1211900000E-05
   32      2.1270130000E-04  -2.4247540000E-04  -1.9817996000E-03  -7.4090560000E-04  -1.4256940000E-04
   33      7.4081220000E-04   4.1693320000E-04   9.1413990000E-04  -1.2987800000E-05  -3.7424700000E-05
   34     -1.4624270000E-04   3.3352730000E-04   3.7081200000E-05  -9.7281100000E-05   5.3812900000E-05
   35     -1.3716991000E-03  -6.3862230000E-04  -1.3730693000E-03   2.4726520000E-04  -1.0938630000E-04
   36     -2.1000800910E-01   9.1082397200E-02   9.5147299100E-02   1.1111900000E-04  -1.0033750000E-04
   37      8.9483835600E-02  -8.8946141500E-02  -4.6112980600E-02   4.1991400000E-05  -5.2026580000E-04
   38      1.1286730330E-01  -4.1232739900E-02  -5.7568574000E-02   1.5889870000E-04  -2.3778280000E-04
   39     -4.3142991300E-02   2.5814566100E-02   3.0841288000E-03  -5.3636370000E-04   3.4429590000E-04
   40      2.4056965800E-02  -2.9675320660E-01   2.3761685400E-02  -9.3790600000E-05   7.6178430000E-04
   41      9.3462266000E-03   3.0517901100E-02  -2.5920864700E-02  -2.4117160000E-04   4.9413560000E-04
   42     -2.7008105700E-02   5.4692011000E-03  -6.4873744000E-03  -1.2215450000E-04   9.4738800000E-05
   43     -1.4087405600E-02   3.7817025000E-03  -2.7370506000E-03  -1.0067350000E-04   2.8163700000E-05
   44      1.2387746100E-02   7.4890935000E-03   7.2997912000E-03   1.9858010000E-04   4.7084800000E-05
   45      1.5175320000E-04  -1.8884078600E-02  -4.3658101000E-03  -4.1039400000E-05   2.7914100000E-05
   46     -9.8173795000E-03  -3.1024847900E-02  -5.5802532000E-03   3.2778600000E-05   2.2632030000E-04
   47      1.8570143000E-03  -4.0578521000E-03   1.7118733000E-03   6.9621200000E-05   1.1671800000E-05
                   20                 21                 22                 23                 24        
    0      1.6469965800E-02  -9.4243005500E-02   9.9805480100E-02   7.5221650000E-03  -1.3580285700E-02
    1      1.7327987500E-02   1.0194780270E-01  -2.4908764630E-01  -1.0790641000E-02   2.5181278000E-02
    2     -3.4321395200E-02   1.6374430000E-02  -1.4070779900E-02  -2.6162405100E-02   2.4387382000E-03
    3      1.3587348400E-02  -9.7490602000E-03   6.3493513000E-03   1.5425173600E-02  -8.8796827800E-02
    4      1.6013579700E-02   2.3593176600E-02  -5.2631754000E-03  -1.6703820100E-02   9.2707342800E-02
    5     -5.5545006000E-03   1.6257002000E-03  -3.7879231000E-03  -6.3563713000E-03   2.2098303100E-02
    6      4.8658675000E-03  -1.5021353000E-03  -1.5597856000E-03  -3.1329194000E-03   9.3050449000E-03
    7     -2.3628993000E-03   6.6844860000E-04   9.7375900000E-04  -1.4947609000E-03  -1.2445182900E-02
    8      3.9325438000E-03  -1.6551331000E-03   7.4426880000E-04  -2.7467032000E-03  -1.8270855000E-03
    9      1.6212366000E-03   2.9545740000E-04  -1.0477380000E-04   1.1692880000E-04   4.6389300000E-04
   10      1.2505699000E-03  -3.4260160000E-04  -1.4339780000E-04  -6.5999830000E-04  -1.3090671000E-03
   11      8.9071770000E-04   1.1762411000E-03  -4.7218210000E-04   1.1244018000E-03  -1.8114074000E-03
   12      2.9038160000E-04   1.2011616000E-03  -3.6990130000E-04   2.0272654000E-03  -1.2668884000E-03
   13      9.3750950000E-04   1.7525296000E-03  -1.0863530000E-04   1.7899547000E-03  -5.2490690000E-04
   14     -2.7164280000E-03  -1.0188770000E-03   6.5384500000E-05  -1.3579550000E-03   1.2123098000E-03
   15     -9.1246289000E-03  -5.4742609000E-03   1.6463313000E-03  -9.3229704000E-03   1.2602651000E-03
   16     -7.3665629000E-03   4.1699152000E-03  -8.2800950000E-04   6.5445986000E-03   5.5803380000E-04
   17     -4.2246111000E-03  -5.7134287000E-03   1.2608480000E-03  -9.4376646000E-03   1.5237728000E-03
   18     -2.4368173800E-02   7.0588394000E-03   9.3053173000E-03  -6.8784550000E-04   2.6076850000E-04
   19     -2.3320972400E-02  -1.5183138400E-02  -2.3758520100E-02   2.3748400000E-03   7.8531240000E-04
   20      4.1602372600E-02  -7.2307430000E-04  -1.7897895000E-03   1.5042279000E-03  -1.5842707000E-03
   21     -7.2307430000E-04   1.0453169460E-01  -1.1489917300E-01  -1.5693194700E-02  -2.1281322000E-03
   22     -1.7897895000E-03  -1.1489917300E-01   2.7554455560E-01   1.7579664000E-02   8.3205650000E-04
   23      1.5042279000E-03  -1.5693194700E-02   1.7579664000E-02   4.2107762100E-02   6.5516631000E-03
   24     -1.5842707000E-03  -2.1281322000E-03   8.3205650000E-04   6.5516631000E-03   9.6795424600E-02
   25      6.6516930000E-04  -1.2755750000E-04   8.0054340000E-04  -9.3622890000E-04  -1.0310553240E-01
   26     -1.8335678000E-03   5.1686588000E-03  -1.9823130000E-04   3.9261050000E-03  -2.9458518100E-02
   27     -2.4929200000E-05  -5.9144700000E-04  -2.4753020000E-04   5.3779800000E-05  -2.0266089000E-03
   28     -4.5192170000E-04  -7.4652670000E-04   3.8961000000E-04   5.8825400000E-04  -2.3092330000E-03
   29     -1.3917370000E-04   5.4245920000E-04   4.2452760000E-04   3.2108200000E-04   1.2696728000E-03
   30      6.1421850000E-04   2.5058000000E-05  -8.2391400000E-05  -2.5456040000E-04  -1.5102000000E-05
   31      8.9308000000E-05  -3.0499100000E-05   4.2063700000E-05   1.3080180000E-04   1.4134580000E-04
   32      3.5403010000E-04   1.1644690000E-04  -1.9163100000E-05   3.7586800000E-05   2.3710300000E-05
   33     -7.9282200000E-05   2.8704820000E-04  -2.0418530000E-04  -9.4216800000E-05  -4.7404280000E-04
   34      1.5448500000E-05  -1.9179920000E-04  -9.5248800000E-05   7.1875500000E-05  -1.0926680000E-04
   35     -5.1238800000E-05   6.9884800000E-05  -5.3794800000E-05  -1.6679890000E-04   5.9958100000E-05
   36     -3.1552590000E-04   5.2758230000E-04  -2.7475690000E-04  -1.7507578000E-03   1.5282700000E-04
   37     -3.9390100000E-04   9.3216900000E-05   7.7766560000E-04   1.6301091000E-03  -2.9514950000E-04
   38      1.8862270000E-04   3.2054320000E-04   1.7481050000E-04  -1.6524145000E-03  -2.5076110000E-04
   39     -8.7902360000E-04  -3.2703860000E-04  -1.6840450000E-04  -7.4330110000E-04   6.8304000000E-06
   40     -5.0433320000E-04  -2.6502600000E-05   3.2671360000E-04   7.8360500000E-05  -1.0888960000E-04
   41      1.7675370000E-04  -8.8207570000E-04   3.6730300000E-05  -1.7364417000E-03   9.7078100000E-05
   42     -2.8301880000E-04  -8.6823000000E-06  -1.2495120000E-04  -1.6548410000E-04   6.1947200000E-05
   43     -1.6812420000E-04  -3.4460300000E-05  -1.0235790000E-04  -1.9038610000E-04  -2.4246000000E-06
   44      2.2554500000E-05   3.6372440000E-04  -1.2925080000E-04   5.6480490000E-04  -2.8247450000E-04
   45     -6.7091200000E-05   9.6920400000E-05   9.7316700000E-05   1.4827450000E-04  -1.9113000000E-05
   46      5.8931900000E-05  -6.4283130000E-04   5.3208010000E-04  -1.2622800000E-05   4.2835000000E-06
   47      1.6909230000E-04  -7.2305100000E-05   2.3488100000E-04   3.0783700000E-05  -6.0689100000E-05
                   25                 26                 27                 28                 29        
    0      4.0528038000E-03   1.1506429900E-02   5.4096530000E-04   9.3733990000E-04   5.2956560000E-04
    1     -4.1584478000E-03  -1.3343006400E-02  -1.6030578000E-03   4.1620240000E-04   1.5409830000E-04
    2     -1.2908574000E-03  -8.2266968000E-03   1.2966876000E-03  -1.1986886000E-03  -4.1478750000E-03
    3      9.3986412700E-02   1.0860833600E-02   8.7175348000E-03   7.2981646000E-03  -5.0983768000E-03
    4     -2.4387334990E-01  -3.3758223700E-02  -1.2134681900E-02  -2.7278783700E-02  -7.7048115000E-03
    5     -3.6481532400E-02  -3.5565986100E-02   3.2110690000E-04  -3.8943920000E-04   8.1466130000E-04
    6      7.4382422000E-03   5.0106580000E-03  -9.0098164200E-02   9.5935048800E-02   2.3591636000E-03
    7     -2.7974241500E-02   4.2543054000E-03   9.4032735200E-02  -2.4779357560E-01   1.2974801300E-02
    8     -2.4964769000E-03   1.4187658000E-03  -9.5263523000E-03   1.3349010700E-02  -3.2379754200E-02
    9      1.2032495000E-03  -7.9928150000E-04  -1.5306516800E-02   5.3880866000E-03  -1.0342628100E-02
   10      3.5798520000E-04   4.4277930000E-04   2.6752176100E-02  -5.2956248000E-03   1.0755502700E-02
   11      1.4442175000E-03  -4.1030237000E-03  -8.8553440000E-04   1.6559869000E-03  -6.7420273000E-03
   12      4.4484330000E-04  -1.9165262000E-03   1.1835238000E-03   5.1021580000E-04  -3.3610798000E-03
   13     -3.2828050000E-04  -1.2261742000E-03   9.3357550000E-04  -8.0346220000E-04  -7.9358090000E-04
   14     -3.7073000000E-05   2.2826289000E-03  -1.1737184000E-03  -3.5377000000E-06   2.8507029000E-03
   15     -4.9261300000E-05   2.1554564000E-03  -1.0287238000E-03   4.9154500000E-05   2.5937339000E-03
   16     -8.0677900000E-05   7.8557020000E-04  -2.8908220000E-04  -3.5625730000E-04   9.5005400000E-04
   17     -3.5188030000E-04   3.0783862000E-03  -1.1950222000E-03  -1.4739100000E-05   2.5812988000E-03
   18     -4.4547580000E-04  -1.2133220000E-03  -1.2147000000E-06   1.0788570000E-04  -6.3242500000E-05
   19      9.7012590000E-04  -4.0436400000E-05   1.6689040000E-04   5.9326190000E-04   9.5904000000E-06
   20      6.6516930000E-04  -1.8335678000E-03  -2.4929200000E-05  -4.5192170000E-04  -1.3917370000E-04
   21     -1.2755750000E-04   5.1686588000E-03  -5.9144700000E-04  -7.4652670000E-04   5.4245920000E-04
   22      8.0054340000E-04  -1.9823130000E-04  -2.4753020000E-04   3.8961000000E-04   4.2452760000E-04
   23     -9.3622890000E-04   3.9261050000E-03   5.3779800000E-05   5.8825400000E-04   3.2108200000E-04
   24     -1.0310553240E-01  -2.9458518100E-02  -2.0266089000E-03  -2.3092330000E-03   1.2696728000E-03
   25      2.7623039360E-01   4.1637887600E-02  -2.4242527000E-03  -3.5756947000E-03  -2.1940364000E-03
   26      4.1637887600E-02   3.4524871500E-02  -8.6614860000E-04   1.5660524000E-03   5.2461052000E-03
   27     -2.4242527000E-03  -8.6614860000E-04   1.0100315490E-01  -1.0647551050E-01   1.5890781000E-02
   28     -3.5756947000E-03   1.5660524000E-03  -1.0647551050E-01   2.8058161620E-01  -1.5065259800E-02
   29     -2.1940364000E-03   5.2461052000E-03   1.5890781000E-02  -1.5065259800E-02   2.9185897100E-02
   30      5.8611600000E-05   6.0805600000E-05   2.6387490000E-04  -7.3830850000E-04   1.2387329000E-03
   31      5.9316320000E-04   5.6200000000E-06   8.0414150000E-04   1.0052223000E-03   2.6879660000E-04
   32      5.5173370000E-04  -1.6375810000E-04   1.6211831000E-03  -3.5034320000E-04  -2.6651701000E-03
   33     -6.9358260000E-04  -5.0027450000E-04  -2.7049614000E-03   3.4330200000E-04  -5.4477917000E-03
   34      5.3274310000E-04  -2.3662960000E-04   1.1939260000E-03   8.7800350000E-04  -3.8194900000E-05
   35     -6.0485990000E-04   2.8796160000E-04  -6.0872319000E-03   1.6242110000E-04   6.2484633000E-03
   36     -1.7962400000E-04   1.5231680000E-04   9.1818600000E-05  -1.0245100000E-04  -7.4527700000E-05
   37      8.2573000000E-05  -1.7651790000E-04  -3.5130000000E-05   2.9335300000E-05   7.0690000000E-05
   38      1.1983840000E-04   1.6248010000E-04   2.1178940000E-04  -1.4022000000E-05  -5.1555490000E-04
   39      1.8234500000E-05  -5.8398200000E-05  -8.1817900000E-05   1.0910600000E-05  -1.5453000000E-05
   40      2.8381710000E-04   9.3464400000E-05  -5.5255500000E-05   1.4501460000E-04  -6.1891600000E-05
   41     -6.1471800000E-05  -3.7827360000E-04   7.7398500000E-05  -1.8247010000E-04  -2.0964730000E-04
   42     -1.1673210000E-04  -1.3947000000E-05   4.5960300000E-05  -1.1844020000E-04  -9.7401600000E-05
   43      1.9548800000E-05   4.5778400000E-05  -1.5645830000E-04  -1.0597210000E-04   2.5871080000E-04
   44      5.8050100000E-05  -4.6960870000E-04   3.6723370000E-04  -9.5635700000E-05  -2.9978060000E-04
   45     -6.0379300000E-05  -8.8743100000E-05  -7.3779000000E-06  -8.9638400000E-05   7.6392000000E-05
   46      1.1979900000E-04   1.4776170000E-04  -4.6248570000E-04   1.1711043000E-03  -8.9966000000E-06
   47     -2.2479700000E-05  -1.8638940000E-04  -8.1022900000E-05   4.4433190000E-04  -1.4922760000E-04
                   30                 31                 32                 33                 34        
    0      2.5965330000E-04   1.3496830000E-04  -1.7295313000E-03   3.1318000000E-06  -1.3206320000E-04
    1     -3.5056830000E-04   1.9948770000E-04  -1.5412918000E-03  -2.4611480000E-04  -1.9242480000E-04
    2     -1.5224341000E-03  -7.8791560000E-04   5.9122170000E-04  -8.0781380000E-04   3.5699230000E-04
    3     -4.8242271000E-03  -8.1573670000E-04  -4.5166918000E-03  -6.9765180000E-04  -1.7733644000E-03
    4     -2.9461470000E-04   5.9423750000E-04   2.2344872000E-03   1.0643317000E-03   1.0320230000E-03
    5     -4.2001771000E-03  -1.6156910000E-04   6.5788967000E-03   1.8913974000E-03  -3.6911290000E-04
    6     -1.7107380800E-02   8.3202000000E-05  -1.0469611600E-02  -1.1446173100E-02   7.0987977000E-03
    7     -2.0119192500E-02   1.3985719000E-03  -1.3760269100E-02   2.5185191100E-02  -6.4584341000E-03
    8     -6.2782492000E-03   1.0768900000E-05  -5.5909000000E-03  -1.1423944000E-03   2.7223636000E-03
    9     -1.2747436070E-01  -1.2102057510E-01  -3.0203610400E-02  -9.2149181100E-02   1.0035212490E-01
   10     -1.1944630600E-01  -2.1261423340E-01  -3.7064580400E-02   1.0175347490E-01  -2.5442924670E-01
   11     -3.4020766200E-02  -3.9856518400E-02  -4.1333716700E-02  -1.2715095600E-02   9.1482386000E-03
   12     -2.9895377000E-03  -4.1660770000E-04   4.6205947000E-03  -3.1784240000E-03   4.9168040000E-04
   13     -3.7304829000E-03  -1.2156168000E-03   4.3100627000E-03   1.8495041000E-03  -5.6833170000E-04
   14      1.1735722000E-03   3.5122430000E-04  -4.1039500000E-04   2.7731288000E-03  -1.2707330000E-04
   15      4.8954300000E-04   4.6627400000E-04   2.1270130000E-04   7.4081220000E-04  -1.4624270000E-04
   16      1.6970270000E-04  -1.7675210000E-04  -2.4247540000E-04   4.1693320000E-04   3.3352730000E-04
   17      1.4673368000E-03   2.0841070000E-04  -1.9817996000E-03   9.1413990000E-04   3.7081200000E-05
   18      4.2440270000E-04   1.5561020000E-04  -7.4090560000E-04  -1.2987800000E-05  -9.7281100000E-05
   19      7.3410400000E-05   7.1211900000E-05  -1.4256940000E-04  -3.7424700000E-05   5.3812900000E-05
   20      6.1421850000E-04   8.9308000000E-05   3.5403010000E-04  -7.9282200000E-05   1.5448500000E-05
   21      2.5058000000E-05  -3.0499100000E-05   1.1644690000E-04   2.8704820000E-04  -1.9179920000E-04
   22     -8.2391400000E-05   4.2063700000E-05  -1.9163100000E-05  -2.0418530000E-04  -9.5248800000E-05
   23     -2.5456040000E-04   1.3080180000E-04   3.7586800000E-05  -9.4216800000E-05   7.1875500000E-05
   24     -1.5102000000E-05   1.4134580000E-04   2.3710300000E-05  -4.7404280000E-04  -1.0926680000E-04
   25      5.8611600000E-05   5.9316320000E-04   5.5173370000E-04  -6.9358260000E-04   5.3274310000E-04
   26      6.0805600000E-05   5.6200000000E-06  -1.6375810000E-04  -5.0027450000E-04  -2.3662960000E-04
   27      2.6387490000E-04   8.0414150000E-04   1.6211831000E-03  -2.7049614000E-03   1.1939260000E-03
   28     -7.3830850000E-04   1.0052223000E-03  -3.5034320000E-04   3.4330200000E-04   8.7800350000E-04
   29      1.2387329000E-03   2.6879660000E-04  -2.6651701000E-03  -5.4477917000E-03  -3.8194900000E-05
   30      1.4480261200E-01   1.3410634230E-01   3.9777911700E-02   6.6191973000E-03   9.4474123000E-03
   31      1.3410634230E-01   2.3199927980E-01   4.4593465100E-02  -1.3931414900E-02  -2.2766804200E-02
   32      3.9777911700E-02   4.4593465100E-02   4.3366582800E-02   8.3819700000E-05   1.0346867000E-03
   33      6.6191973000E-03  -1.3931414900E-02   8.3819700000E-05   1.0288101850E-01  -1.1574214540E-01
   34      9.4474123000E-03  -2.2766804200E-02   1.0346867000E-03  -1.1574214540E-01   2.8111618590E-01
   35      1.4215433000E-03  -4.6047885000E-03   2.0406236000E-03   1.4483098200E-02  -1.2065076300E-02
   36     -1.1330050000E-04   7.6576200000E-05   2.2314140000E-04   2.8902500000E-05  -1.6329220000E-04
   37     -1.5423730000E-04   1.0608140000E-04   2.5102340000E-04  -1.0498320000E-04  -7.4889800000E-05
   38     -7.1074200000E-05  -8.2687600000E-05  -1.3914250000E-04  -1.9712980000E-04   6.3620300000E-05
   39     -8.7174000000E-05   9.7070900000E-05   1.2165660000E-04  -1.1544180000E-04  -2.4387600000E-05
   40      6.2611800000E-05   1.1577270000E-04   1.3037900000E-05  -1.5723470000E-04   1.3954600000E-04
   41     -6.5810900000E-05  -1.3170420000E-04  -6.3025400000E-05   1.6364700000E-05   3.4910200000E-05
   42      6.7886700000E-05  -1.3473380000E-04   2.6596780000E-04   3.4739940000E-04  -2.7010590000E-04
   43     -6.6637800000E-05  -5.8807620000E-04   2.6916560000E-04   1.5914150000E-04   6.8656770000E-04
   44      1.2949930000E-04   1.3624260000E-04  -1.0608290000E-04   1.7342810000E-04  -2.5066310000E-04
   45     -3.4114500000E-04   2.8403600000E-04   5.9321720000E-04  -1.2864630000E-04   6.6007100000E-05
   46      1.0646483000E-03   1.2363907000E-03  -1.3697000000E-04   3.4520700000E-04  -1.8702940000E-04
   47      5.2945180000E-04  -1.6945480000E-04  -5.1495140000E-04   6.4862210000E-04  -3.9846680000E-04
                   35                 36                 37                 38                 39        
    0      1.1708460000E-04   8.6714990000E-04   7.4178440000E-04   3.2735298000E-03  -9.5208190000E-04
    1      5.4753730000E-04   1.3082450000E-04   9.4060080000E-04  -4.6913627000E-03   3.5625358000E-03
    2      1.0065487000E-03  -5.0199052000E-03   8.7046580000E-04  -2.7669052900E-02  -3.7113643000E-03
    3      2.7716901000E-03  -1.4157838000E-03   6.3182200000E-04  -7.2903231000E-03  -2.8769580000E-04
    4      1.5917890000E-03  -3.4595640000E-04  -1.4938890000E-04  -2.0060157000E-03  -5.9755670000E-04
    5     -3.4541140000E-03   3.0190620000E-04  -3.9068660000E-04   3.0977810000E-03   1.1248128000E-03
    6     -1.3038726500E-02   1.4722701000E-03  -7.4192040000E-04   5.9506481000E-03   4.0374560000E-04
    7      1.4482929300E-02   6.6127180000E-04  -1.9006170000E-04   2.6254263000E-03   3.1852190000E-04
    8     -3.4539801000E-03  -2.3137840000E-04   8.3220000000E-07   1.5526924000E-03  -1.2362030000E-04
    9     -6.1326301000E-03  -9.8082850000E-04  -5.8347010000E-04  -1.1284011000E-03  -4.8414950000E-04
   10      5.6209231000E-03   2.5295170000E-04  -6.0967250000E-04   1.2270190000E-03  -3.9116150000E-04
   11     -2.7840024800E-02  -2.1353785000E-03   5.3090620000E-04  -5.6904865000E-03  -3.3121470000E-04
   12      5.2642903000E-03  -3.1420368600E-02  -1.1657719500E-02  -1.2821564600E-02  -2.4786651000E-03
   13     -2.7038383000E-03   5.5947824000E-03   6.0010266000E-03  -7.3782448000E-03  -2.5499681000E-02
   14     -4.9899785000E-03   7.9831299000E-03   3.5248106000E-03   4.0817682000E-03   7.6709470000E-04
   15     -1.3716991000E-03  -2.1000800910E-01   8.9483835600E-02   1.1286730330E-01  -4.3142991300E-02
   16     -6.3862230000E-04   9.1082397200E-02  -8.8946141500E-02  -4.1232739900E-02   2.5814566100E-02
   17     -1.3730693000E-03   9.5147299100E-02  -4.6112980600E-02  -5.7568574000E-02   3.0841288000E-03
   18      2.4726520000E-04   1.1111900000E-04   4.1991400000E-05   1.5889870000E-04  -5.3636370000E-04
   19     -1.0938630000E-04  -1.0033750000E-04  -5.2026580000E-04  -2.3778280000E-04   3.4429590000E-04
   20     -5.1238800000E-05  -3.1552590000E-04  -3.9390100000E-04   1.8862270000E-04  -8.7902360000E-04
   21      6.9884800000E-05   5.2758230000E-04   9.3216900000E-05   3.2054320000E-04  -3.2703860000E-04
   22     -5.3794800000E-05  -2.7475690000E-04   7.7766560000E-04   1.7481050000E-04  -1.6840450000E-04
   23     -1.6679890000E-04  -1.7507578000E-03   1.6301091000E-03  -1.6524145000E-03  -7.4330110000E-04
   24      5.9958100000E-05   1.5282700000E-04  -2.9514950000E-04  -2.5076110000E-04   6.8304000000E-06
   25     -6.0485990000E-04  -1.7962400000E-04   8.2573000000E-05   1.1983840000E-04   1.8234500000E-05
   26      2.8796160000E-04   1.5231680000E-04  -1.7651790000E-04   1.6248010000E-04  -5.8398200000E-05
   27     -6.0872319000E-03   9.1818600000E-05  -3.5130000000E-05   2.1178940000E-04  -8.1817900000E-05
   28      1.6242110000E-04  -1.0245100000E-04   2.9335300000E-05  -1.4022000000E-05   1.0910600000E-05
   29      6.2484633000E-03  -7.4527700000E-05   7.0690000000E-05  -5.1555490000E-04  -1.5453000000E-05
   30      1.4215433000E-03  -1.1330050000E-04  -1.5423730000E-04  -7.1074200000E-05  -8.7174000000E-05
   31     -4.6047885000E-03   7.6576200000E-05   1.0608140000E-04  -8.2687600000E-05   9.7070900000E-05
   32      2.0406236000E-03   2.2314140000E-04   2.5102340000E-04  -1.3914250000E-04   1.2165660000E-04
   33      1.4483098200E-02   2.8902500000E-05  -1.0498320000E-04  -1.9712980000E-04  -1.1544180000E-04
   34     -1.2065076300E-02  -1.6329220000E-04  -7.4889800000E-05   6.3620300000E-05  -2.4387600000E-05
   35      3.4542101200E-02   1.3211940000E-04   8.4792500000E-05   2.6658820000E-04   8.9233000000E-05
   36      1.3211940000E-04   2.4624554760E-01  -9.7030404600E-02  -9.7050091900E-02  -2.5535443000E-03
   37      8.4792500000E-05  -9.7030404600E-02   9.6118787300E-02   5.0469849200E-02   2.3264224800E-02
   38      2.6658820000E-04  -9.7050091900E-02   5.0469849200E-02   8.1037588700E-02  -1.7853736000E-03
