
$orca_hessian_file

$act_atom
  0

$act_coord
  0

$act_energy
      -21.204773

$multiplicity
  1

$hessian
48
                    0                  1                  2                  3                  4        
    0      6.0300272310E-01   1.3300390500E-02   2.2241768750E-01  -3.6030286390E-01   3.0313480400E-02
    1      1.3300390500E-02   4.2310304360E-01  -2.0549977900E-02   7.0733040000E-04  -7.1545557100E-02
    2      2.2241768750E-01  -2.0549977900E-02   2.2588252490E-01  -8.0615753700E-02  -2.8518700000E-05
    3     -3.6030286390E-01   7.0733040000E-04  -8.0615753700E-02   6.6059201840E-01  -2.0646529400E-02
    4      3.0313480400E-02  -7.1545557100E-02  -2.8518700000E-05  -2.0646529400E-02   5.7941843430E-01
    5     -5.2110521000E-03  -3.2798819000E-03  -3.1756658100E-02   6.6911592300E-02  -2.0010388000E-03
    6     -7.1691586300E-02  -2.8503535800E-02   9.1169519000E-03  -6.4454754600E-02  -5.2326749000E-02
    7     -3.9558508300E-02  -2.9929484000E-03  -3.7584764000E-03  -7.0002911000E-02  -2.2133137870E-01
    8      1.1995462900E-02  -5.9206890000E-04   1.8354358300E-02   2.6023851700E-02   1.4505652900E-02
    9      1.3018156500E-02  -6.0493000000E-04  -2.4298650000E-04  -3.8049176600E-02  -1.7957574500E-02
   10     -7.1998358000E-03  -3.4244119000E-03   2.3016843000E-03  -2.0100478800E-02   5.8482511000E-03
   11      4.2196421700E-02   2.7184806000E-03  -1.2892301400E-02  -6.3626000600E-02  -4.9013937500E-02
   12      5.7868688100E-02   2.8553333000E-03  -1.6454976700E-02  -7.8226909400E-02  -5.4504633700E-02
   13      2.6208462200E-02   2.0534510000E-04  -2.2589260000E-03  -2.3969885600E-02  -1.4327336100E-02
   14     -4.6778153500E-02  -4.1168535000E-03  -1.9155534000E-03   2.5838061300E-02   2.1288214200E-02
   15     -2.4332004700E-02  -4.3159877000E-03  -1.3584795900E-02   6.6845374000E-03   1.6655244800E-02
   16     -1.1181407400E-02   3.9599798000E-03  -2.8512065000E-03   8.4955930000E-03  -1.2086257800E-02
   17     -6.7021378000E-02  -2.9721391000E-03  -2.4047821800E-02   2.7676607500E-02   8.9361607000E-03
   18     -9.3874532200E-02  -8.9337713400E-02  -4.5454328000E-02  -1.7762114200E-02  -2.6415476700E-02
   19     -9.4505693500E-02  -1.9793824500E-01  -6.6973348800E-02   4.5993000000E-05  -1.9467747000E-03
   20     -6.3073060500E-02  -7.9547177800E-02  -6.5454466100E-02   6.0215650000E-03  -3.4530000000E-03
   21     -1.0092760860E-01   8.3174674300E-02  -7.2584502200E-02  -1.9140222200E-02   2.3024818000E-02
   22      8.0754990200E-02  -1.4917752960E-01   8.7913706300E-02   4.0705737000E-03  -1.2381272000E-03
   23     -9.4654674000E-02   1.0167839330E-01  -1.0382281370E-01   7.2170425000E-03   6.8621113000E-03
   24     -1.8986720100E-02   2.3786639300E-02  -7.2813219000E-03  -1.0026792630E-01   1.0765116060E-01
   25      4.1752930000E-03  -4.3877540000E-04   2.1021611000E-03   1.0785128600E-01  -2.4198897800E-01
   26     -1.2074121700E-02   4.3371780000E-03  -8.7339090000E-04  -1.1621180000E-04   1.5483992400E-02
   27      5.9916760000E-04  -9.4648760000E-04   3.0247000000E-05   6.4593656000E-03  -1.0980626900E-02
   28      1.2718165000E-03   1.7611837000E-03   7.0801410000E-04   1.0382562200E-02  -2.5729537600E-02
   29     -1.5242901000E-03   1.1565739000E-03  -8.7006190000E-04   3.1363257000E-03  -1.2285687000E-03
   30     -3.7935230000E-04  -9.5460630000E-04   4.2885700000E-05  -4.5204935000E-03   2.3460514000E-03
   31     -3.0344820000E-04   6.7207210000E-04  -7.2648900000E-05  -7.4393470000E-04  -4.9052240000E-04
   32      1.3834360000E-03   9.6605910000E-04   2.9992840000E-04  -1.9020191000E-03   6.9989690000E-04
   33      6.8724250000E-04  -5.9649620000E-04  -2.4714090000E-04   1.9664671000E-03   1.4954372000E-03
   34      3.9083720000E-04   9.9772160000E-04   2.6101500000E-05  -1.5298547000E-03  -5.2997690000E-04
   35     -4.1501990000E-04  -1.0060326000E-03  -1.1075460000E-04   6.6528920000E-04   1.3091150000E-03
   36     -1.9004860000E-03   1.2572452000E-03   5.3692590000E-04   1.9915131000E-03  -2.1118459000E-03
   37     -1.2369504000E-03  -7.0061510000E-04   4.6987800000E-04   9.5233820000E-04   2.1022220000E-04
   38     -2.4883643000E-03   1.5660906000E-03   7.9085330000E-04   2.2739832000E-03  -4.6061446000E-03
   39     -7.8906800000E-04  -4.8799720000E-04   1.2878937000E-03   1.0088903000E-03   1.5772909000E-03
   40      2.0783610000E-03  -1.4823391000E-03   2.8859360000E-04  -7.1440690000E-04   1.4481518000E-03
   41      2.8446214000E-03  -1.9571211000E-03   1.2637325000E-03  -2.8378930000E-03   3.8787244000E-03
   42      1.8222716000E-03  -4.2296870000E-04   1.4837668000E-03   1.3088162000E-03   4.9754800000E-05
   43     -1.0940603000E-03  -1.5994226000E-03   1.3522832000E-03   2.8886222000E-03   2.7518380000E-03
   44      8.6523908000E-03  -1.0551350000E-04  -4.1227980000E-03  -1.2323635500E-02  -9.8174309000E-03
   45     -3.8140272000E-03   1.0891099000E-03   1.5494474000E-03   2.7128526000E-03   1.8301981000E-03
   46     -3.4137271000E-03  -1.3995018000E-03   1.3306810000E-03   2.3137025000E-03   1.5375492000E-03
   47      3.7500938000E-03   1.7039908000E-03  -7.2477750000E-04  -4.3428046000E-03  -2.8152287000E-03
                    5                  6                  7                  8                  9        
    0     -5.2110521000E-03  -7.1691586300E-02  -3.9558508300E-02   1.1995462900E-02   1.3018156500E-02
    1     -3.2798819000E-03  -2.8503535800E-02  -2.9929484000E-03  -5.9206890000E-04  -6.0493000000E-04
    2     -3.1756658100E-02   9.1169519000E-03  -3.7584764000E-03   1.8354358300E-02  -2.4298650000E-04
    3      6.6911592300E-02  -6.4454754600E-02  -7.0002911000E-02   2.6023851700E-02  -3.8049176600E-02
    4     -2.0010388000E-03  -5.2326749000E-02  -2.2133137870E-01   1.4505652900E-02  -1.7957574500E-02
    5      2.5111537900E-02  -3.2873286200E-02  -2.5949641500E-02  -7.1921052000E-03   2.5502918000E-02
    6     -3.2873286200E-02   5.5948640010E-01  -7.1763178300E-02   2.6224261300E-02  -3.9820669780E-01
    7     -2.5949641500E-02  -7.1763178300E-02   5.2991782180E-01   5.5285602300E-02   5.9689095000E-02
    8     -7.1921052000E-03   2.6224261300E-02   5.5285602300E-02  -4.4766111400E-02  -1.2273056700E-01
    9      2.5502918000E-02  -3.9820669780E-01   5.9689095000E-02  -1.2273056700E-01   7.4713678650E-01
   10      4.9694300000E-04  -9.7961403000E-03  -7.0758628900E-02  -1.7831755200E-02   1.1907957300E-02
   11      1.4362601200E-02   1.4737278360E-01   3.0728615400E-02   5.3494253000E-02  -7.0498209800E-02
   12     -2.8028436500E-02   1.7409110080E-01   4.4875599700E-02   7.5947187100E-02  -3.2628327700E-02
   13     -9.8914392000E-03   6.1252381000E-02   2.5131729100E-02  -1.2505130600E-02  -2.6056070200E-02
   14     -2.9689131400E-02  -1.7237550800E-01  -3.6634947700E-02   1.0516702000E-03   5.7075037100E-02
   15     -4.3563685000E-03  -6.5488185800E-02  -2.5865381600E-02   4.3397968000E-03   6.2268408000E-03
   16      2.7119133400E-02  -9.8194494000E-03   1.0014096400E-02  -8.6205591000E-03  -1.2568872600E-02
   17      4.1702437200E-02  -1.0446173000E-02  -5.7454290000E-04  -1.6635001800E-02   7.3113956000E-03
   18     -8.9165243000E-03  -2.5026087000E-03   1.8138089000E-03  -9.5836821000E-03  -2.3802251000E-03
   19      2.4232760000E-04  -1.1209449000E-03   1.0311117000E-03  -1.3361956000E-03  -3.2454210000E-04
   20      6.3895983000E-03  -6.3613385000E-03  -2.7704137000E-03   1.1369303100E-02   1.2544232000E-03
   21     -1.3020077500E-02   3.9717471000E-03   2.6504331000E-03  -1.2395114000E-03  -9.2709170000E-04
   22      1.3437565000E-03  -1.5080360000E-03   2.4311950000E-04   8.3141660000E-04   5.7146930000E-04
   23      6.2677636000E-03  -2.7467352000E-03  -2.9885971000E-03   2.0263273000E-03   1.6648928000E-03
   24     -7.3815263000E-03   7.0845611000E-03  -1.1282206100E-02  -5.1517980000E-04   4.0683510000E-04
   25      1.2302349800E-02   8.5398715000E-03  -2.7245699400E-02  -8.6750880000E-04   1.1266446000E-03
   26     -2.4603681000E-02  -4.3033310000E-03  -1.9997754000E-03   1.0781472000E-03   6.8275420000E-04
   27     -3.4119660000E-04  -1.0090144060E-01   1.0707243910E-01   8.5780134000E-03  -1.8957658000E-02
   28     -8.1459600000E-04   1.0820555710E-01  -2.3425887940E-01  -1.7156426500E-02   3.2904731000E-03
   29      9.7490530000E-04   2.9259320000E-04  -1.7652101400E-02  -3.1816248000E-02   1.6410074000E-03
   30     -1.7072210000E-04  -1.8866796600E-02  -2.6050576800E-02  -1.4835850000E-04  -1.4366979300E-01
   31      1.2490170000E-04  -8.4478460000E-04   1.0063544000E-03   1.9588240000E-04  -1.1941165850E-01
   32      2.6005884000E-03  -6.7055482000E-03  -7.8040250000E-03  -8.8928950000E-04   3.4169062700E-02
   33     -1.3301066000E-03  -1.9073479300E-02   2.4795243700E-02   7.3797540000E-03  -1.2817502840E-01
   34      9.1176910000E-04   6.8603176000E-03  -2.5129620000E-03  -1.8949107000E-03   9.9122200400E-02
   35     -5.1414898000E-03  -1.0487106500E-02   2.0789252000E-03   6.8447900000E-03   6.9606948600E-02
   36      4.4042081000E-03   3.6406048000E-03   2.3961171000E-03  -3.3368350000E-04  -1.1180504000E-03
   37      3.1847880000E-04  -2.0189010000E-04  -7.5818910000E-04   6.9681680000E-04  -8.0603870000E-04
   38      6.4907858000E-03   1.0503431300E-02   5.4527177000E-03   1.1329071000E-03   2.2267200000E-05
   39     -9.8057670000E-04  -2.5148815000E-03  -7.3634330000E-04  -2.3048116000E-03   2.7751190000E-04
   40     -2.0840219000E-03   3.2678570000E-04  -2.4554610000E-04  -1.3116997000E-03   5.0267700000E-05
   41     -6.0356462000E-03   7.2478001000E-03   4.2466610000E-04  -6.7462866000E-03   3.0807254000E-03
   42      3.0364522000E-03  -1.2257458000E-03   5.1305664000E-03  -1.5308620000E-02  -3.8864516000E-03
   43     -1.5836119000E-03  -7.5678940000E-03  -3.6026388000E-03  -7.2420114000E-03   1.6608580000E-04
   44     -5.7972480000E-04   3.2622561900E-02   4.2801260000E-03   1.7470232700E-02  -4.2919500000E-03
   45      2.7547028000E-03  -3.3482368000E-03  -3.1641978000E-03  -8.3239134000E-03   9.3236950000E-04
   46      2.7445715000E-03  -1.7323105000E-03  -3.6373622000E-03  -2.1571045000E-03   1.8054934000E-03
   47      1.0982188000E-03   1.2918643100E-02   1.8818686000E-03  -4.7769464000E-03  -4.2477188000E-03
                   10                 11                 12                 13                 14        
    0     -7.1998358000E-03   4.2196421700E-02   5.7868688100E-02   2.6208462200E-02  -4.6778153500E-02
    1     -3.4244119000E-03   2.7184806000E-03   2.8553333000E-03   2.0534510000E-04  -4.1168535000E-03
    2      2.3016843000E-03  -1.2892301400E-02  -1.6454976700E-02  -2.2589260000E-03  -1.9155534000E-03
    3     -2.0100478800E-02  -6.3626000600E-02  -7.8226909400E-02  -2.3969885600E-02   2.5838061300E-02
    4      5.8482511000E-03  -4.9013937500E-02  -5.4504633700E-02  -1.4327336100E-02   2.1288214200E-02
    5      4.9694300000E-04   1.4362601200E-02  -2.8028436500E-02  -9.8914392000E-03  -2.9689131400E-02
    6     -9.7961403000E-03   1.4737278360E-01   1.7409110080E-01   6.1252381000E-02  -1.7237550800E-01
    7     -7.0758628900E-02   3.0728615400E-02   4.4875599700E-02   2.5131729100E-02  -3.6634947700E-02
    8     -1.7831755200E-02   5.3494253000E-02   7.5947187100E-02  -1.2505130600E-02   1.0516702000E-03
    9      1.1907957300E-02  -7.0498209800E-02  -3.2628327700E-02  -2.6056070200E-02   5.7075037100E-02
   10      4.3309264230E-01   8.1904119200E-02   3.2888571200E-02  -4.3032300000E-04  -2.6081772700E-02
   11      8.1904119200E-02  -6.3549730800E-02  -2.0224590820E-01  -5.0066353400E-02   1.5223950880E-01
   12      3.2888571200E-02  -2.0224590820E-01   3.0001503840E-01  -7.2117290300E-02   2.5233935120E-01
   13     -4.3032300000E-04  -5.0066353400E-02  -7.2117290300E-02   1.7550942220E-01  -2.1348820100E-02
   14     -2.6081772700E-02   1.5223950880E-01   2.5233935120E-01  -2.1348820100E-02   6.5156185700E-02
   15     -1.5075852200E-02   7.0881052500E-02  -1.9884588710E-01  -3.3951143600E-02  -4.7770356900E-02
   16     -7.1078281000E-03   2.0739974500E-02  -5.7869246000E-02  -7.3735225300E-02  -8.4680261000E-03
   17     -4.3854065000E-03   3.6369319500E-02   9.6500460700E-02   3.3196638300E-02  -8.1816599400E-02
   18     -8.3663000000E-06  -8.6849890000E-04  -2.2601623000E-03  -1.5251765000E-03   3.8048411000E-03
   19     -4.3489020000E-04   1.1258850000E-04   8.6955810000E-04  -5.1238850000E-04   4.9167300000E-04
   20     -1.8571850000E-03   1.0362188000E-03   5.9742608000E-03   4.1445393000E-03  -4.6301603000E-03
   21     -5.4539980000E-04  -2.3442165000E-03  -3.0915522000E-03  -1.8352516000E-03   4.4833808000E-03
   22     -1.9968220000E-04   1.1133734000E-03   1.4197539000E-03  -3.3810300000E-05  -1.6033399000E-03
   23      4.0022160000E-04   3.6656770000E-03   6.7356771000E-03   3.0802090000E-03  -6.7951188000E-03
   24     -1.0180594000E-03  -1.0229367000E-03  -1.4871582000E-03  -9.6532210000E-04   9.3062260000E-04
   25      1.0654147000E-03   9.7159820000E-04   1.5271714000E-03  -6.9745720000E-04   2.7106100000E-04
   26     -8.1717820000E-04   2.9672744000E-03   4.9781664000E-03   2.2323890000E-03  -4.2096298000E-03
   27      2.4062974400E-02   3.8915782000E-03  -1.2743932000E-03   1.6940808000E-03  -2.4105040000E-03
   28     -1.2605433000E-03   2.9382470000E-04   1.7409129000E-03  -1.2636180000E-03   1.9851649000E-03
   29     -4.7268620000E-04   8.7302398000E-03   3.2588599000E-03   4.0526327000E-03  -8.8730449000E-03
   30     -1.1947911170E-01   2.4668600400E-02  -2.1111063000E-03  -1.0914020000E-03   2.7852342000E-03
   31     -1.8362961230E-01   2.6034741900E-02  -5.1502230000E-04  -1.7236711000E-03   1.1130980000E-04
   32      3.4475032500E-02  -4.0091885100E-02  -2.7085720000E-04   1.6687248000E-03   2.7505665000E-03
   33      1.0418364710E-01   5.6492388000E-02  -1.6189556000E-03   5.1845290000E-04   2.1405529000E-03
   34     -1.6536959460E-01  -6.7943017100E-02  -6.0365700000E-04  -5.3210990000E-04   7.4715290000E-04
   35     -7.7889840300E-02  -6.6140572600E-02   5.3332426000E-03   5.0395640000E-04  -6.3588766000E-03
   36      1.4242970000E-03  -7.0801092000E-03  -3.7701271200E-02   6.4686838000E-03   1.5511325500E-02
   37     -1.2616707000E-03   2.2233440000E-04  -1.1902429300E-02   2.1886897000E-03   2.7942591000E-03
   38      3.2026728000E-03  -1.2797180800E-02  -2.0115613400E-02  -1.1344435300E-02   4.9395186000E-03
   39      5.4837800000E-05  -2.1231119000E-03  -7.7949667000E-03  -2.8176811700E-02   1.5559430300E-02
   40     -9.2192660000E-04  -1.8177065000E-03  -7.4908951000E-03  -1.3821337200E-02   9.6328983000E-03
   41      2.2167814000E-03  -1.4110797800E-02  -2.5229384000E-03   8.6996394000E-03   1.8908972300E-02
   42     -4.1851620000E-04   5.0835858000E-03  -1.6413029330E-01   8.5004651000E-02  -1.2043561870E-01
   43     -6.4384510000E-04   8.6174443000E-03   1.0100537670E-01  -5.2669292500E-02   7.9930904700E-02
   44      1.0013369300E-02  -4.3645732000E-02  -1.7737743220E-01   7.1521229400E-02  -9.2268430200E-02
   45     -8.8052420000E-04  -7.7741840000E-04  -8.0384410000E-04   8.5416420000E-03   9.3023040000E-03
   46     -4.5633510000E-03  -4.6160805000E-03   1.7820896500E-02  -4.3288617000E-02  -1.8998878100E-02
   47     -5.6749999000E-03  -1.9636891900E-02  -4.0510432000E-03  -2.1684853800E-02  -8.4898772000E-03
                   15                 16                 17                 18                 19        
    0     -2.4332004700E-02  -1.1181407400E-02  -6.7021378000E-02  -9.3874532200E-02  -9.4505693500E-02
    1     -4.3159877000E-03   3.9599798000E-03  -2.9721391000E-03  -8.9337713400E-02  -1.9793824500E-01
    2     -1.3584795900E-02  -2.8512065000E-03  -2.4047821800E-02  -4.5454328000E-02  -6.6973348800E-02
    3      6.6845374000E-03   8.4955930000E-03   2.7676607500E-02  -1.7762114200E-02   4.5993000000E-05
    4      1.6655244800E-02  -1.2086257800E-02   8.9361607000E-03  -2.6415476700E-02  -1.9467747000E-03
    5     -4.3563685000E-03   2.7119133400E-02   4.1702437200E-02  -8.9165243000E-03   2.4232760000E-04
    6     -6.5488185800E-02  -9.8194494000E-03  -1.0446173000E-02  -2.5026087000E-03  -1.1209449000E-03
    7     -2.5865381600E-02   1.0014096400E-02  -5.7454290000E-04   1.8138089000E-03   1.0311117000E-03
    8      4.3397968000E-03  -8.6205591000E-03  -1.6635001800E-02  -9.5836821000E-03  -1.3361956000E-03
    9      6.2268408000E-03  -1.2568872600E-02   7.3113956000E-03  -2.3802251000E-03  -3.2454210000E-04
   10     -1.5075852200E-02  -7.1078281000E-03  -4.3854065000E-03  -8.3663000000E-06  -4.3489020000E-04
   11      7.0881052500E-02   2.0739974500E-02   3.6369319500E-02  -8.6849890000E-04   1.1258850000E-04
   12     -1.9884588710E-01  -5.7869246000E-02   9.6500460700E-02  -2.2601623000E-03   8.6955810000E-04
   13     -3.3951143600E-02  -7.3735225300E-02   3.3196638300E-02  -1.5251765000E-03  -5.1238850000E-04
   14     -4.7770356900E-02  -8.4680261000E-03  -8.1816599400E-02   3.8048411000E-03   4.9167300000E-04
   15      4.7506604720E-01   1.9503304100E-02  -1.6146363290E-01   1.0146294000E-03  -7.0598460000E-04
   16      1.9503304100E-02   3.9745107460E-01  -5.2913579600E-02  -3.3087450000E-04  -7.1210690000E-04
   17     -1.6146363290E-01  -5.2913579600E-02   2.6629881760E-01   3.2490743000E-03  -7.5460000000E-05
   18      1.0146294000E-03  -3.3087450000E-04   3.2490743000E-03   1.0708608840E-01   1.0506860240E-01
   19     -7.0598460000E-04  -7.1210690000E-04  -7.5460000000E-05   1.0506860240E-01   2.4516691620E-01
   20     -2.2132588000E-03   4.9245880000E-04  -6.9021279000E-03   5.7247553600E-02   6.8863397700E-02
   21      4.3152400000E-04   7.2534980000E-04   4.3001572000E-03   9.1511022000E-03  -8.9927393000E-03
   22     -1.2882579000E-03  -8.5650080000E-04  -2.4245970000E-03   1.1432770600E-02  -4.9690076600E-02
   23     -2.0336062000E-03  -2.4148507000E-03  -9.5669766000E-03  -5.4116780000E-04  -1.0874930000E-03
   24     -2.1096000000E-05   1.3538954000E-03   2.6134658000E-03   1.6051344000E-03   6.7777980000E-04
   25      1.4187490000E-04  -1.3249474000E-03  -1.3897662000E-03  -1.0509485000E-03   8.4166630000E-04
   26      2.1026652000E-03  -6.4358975000E-03  -9.8406508000E-03   1.9630889000E-03   4.7084300000E-04
   27     -6.1173090000E-04   1.7897380000E-04  -1.0503254000E-03  -4.0348070000E-04  -1.1700000000E-05
   28     -4.3833830000E-04  -1.3355021000E-03   7.6303200000E-05   1.1858300000E-04   1.3196740000E-04
   29     -1.9367843000E-03   1.5448080000E-04  -1.9561257000E-03   5.9496410000E-04  -4.3278490000E-04
   30      4.8913200000E-04   8.4095200000E-04   7.5216300000E-04  -1.3630562000E-03   3.2657800000E-04
   31      1.0411385000E-03  -1.0206000000E-06  -8.7430270000E-04   2.4197230000E-04   1.8403750000E-04
   32      1.2416755000E-03   7.8638160000E-04   2.1825009000E-03  -3.1022430000E-04   3.8801000000E-05
   33      4.9270300000E-04   3.6793430000E-04  -7.6599900000E-05   1.6104970000E-04  -5.5979610000E-04
   34      3.9814260000E-04  -6.6834970000E-04   3.0334560000E-04   2.8029460000E-04   2.7731770000E-04
   35     -1.7982625000E-03   1.3675343000E-03  -1.6562233000E-03  -5.9144790000E-04  -1.6670330000E-04
   36     -1.2010516400E-01   6.7344227300E-02   1.0288765800E-01   1.9841060000E-04   4.4612180000E-04
   37      7.5669577700E-02  -8.8707657000E-02  -7.1830015100E-02  -5.4047460000E-04   9.9301430000E-04
   38      1.3744319220E-01  -8.0904002000E-02  -1.3030586450E-01   1.4961130000E-04   2.5209590000E-04
   39     -3.6816732200E-02   1.3004855400E-02   5.5446971000E-03   9.3824680000E-04  -4.4850010000E-04
   40      1.7312825000E-03  -2.0785337510E-01   9.7296018900E-02  -2.3091710000E-04   6.0242230000E-04
   41      7.5716377000E-03   1.1674818270E-01  -7.7855931600E-02  -1.5428040000E-04  -2.5110600000E-05
   42     -3.2094789800E-02   4.3403094000E-03  -4.4961237000E-03   9.6335720000E-04  -1.3305903000E-03
   43     -1.1833753900E-02   8.5046050000E-04  -2.8119822000E-03   2.4605660000E-04   9.4493700000E-04
   44      1.6489398000E-02   5.0892069000E-03   8.7348755000E-03  -2.4992950000E-04  -4.2298020000E-04
   45     -1.2089823300E-02  -2.4385544700E-02  -6.2814465000E-03  -5.7183940000E-04   5.6585770000E-04
   46     -2.1665865300E-02  -1.7886840600E-02   4.4332460000E-04   2.3785920000E-04   1.0610914000E-03
   47     -4.9123520000E-03  -9.8892316000E-03   5.2953726000E-03  -3.3905010000E-04   4.8349700000E-05
                   20                 21                 22                 23                 24        
    0     -6.3073060500E-02  -1.0092760860E-01   8.0754990200E-02  -9.4654674000E-02  -1.8986720100E-02
    1     -7.9547177800E-02   8.3174674300E-02  -1.4917752960E-01   1.0167839330E-01   2.3786639300E-02
    2     -6.5454466100E-02  -7.2584502200E-02   8.7913706300E-02  -1.0382281370E-01  -7.2813219000E-03
    3      6.0215650000E-03  -1.9140222200E-02   4.0705737000E-03   7.2170425000E-03  -1.0026792630E-01
    4     -3.4530000000E-03   2.3024818000E-02  -1.2381272000E-03   6.8621113000E-03   1.0765116060E-01
    5      6.3895983000E-03  -1.3020077500E-02   1.3437565000E-03   6.2677636000E-03  -7.3815263000E-03
    6     -6.3613385000E-03   3.9717471000E-03  -1.5080360000E-03  -2.7467352000E-03   7.0845611000E-03
    7     -2.7704137000E-03   2.6504331000E-03   2.4311950000E-04  -2.9885971000E-03  -1.1282206100E-02
    8      1.1369303100E-02  -1.2395114000E-03   8.3141660000E-04   2.0263273000E-03  -5.1517980000E-04
    9      1.2544232000E-03  -9.2709170000E-04   5.7146930000E-04   1.6648928000E-03   4.0683510000E-04
   10     -1.8571850000E-03  -5.4539980000E-04  -1.9968220000E-04   4.0022160000E-04  -1.0180594000E-03
   11      1.0362188000E-03  -2.3442165000E-03   1.1133734000E-03   3.6656770000E-03  -1.0229367000E-03
   12      5.9742608000E-03  -3.0915522000E-03   1.4197539000E-03   6.7356771000E-03  -1.4871582000E-03
   13      4.1445393000E-03  -1.8352516000E-03  -3.3810300000E-05   3.0802090000E-03  -9.6532210000E-04
   14     -4.6301603000E-03   4.4833808000E-03  -1.6033399000E-03  -6.7951188000E-03   9.3062260000E-04
   15     -2.2132588000E-03   4.3152400000E-04  -1.2882579000E-03  -2.0336062000E-03  -2.1096000000E-05
   16      4.9245880000E-04   7.2534980000E-04  -8.5650080000E-04  -2.4148507000E-03   1.3538954000E-03
   17     -6.9021279000E-03   4.3001572000E-03  -2.4245970000E-03  -9.5669766000E-03   2.6134658000E-03
   18      5.7247553600E-02   9.1511022000E-03   1.1432770600E-02  -5.4116780000E-04   1.6051344000E-03
   19      6.8863397700E-02  -8.9927393000E-03  -4.9690076600E-02  -1.0874930000E-03   6.7777980000E-04
   20      5.0217013300E-02   1.1768330000E-03   1.3874800600E-02   1.0994350500E-02   9.1687000000E-04
   21      1.1768330000E-03   1.1327661400E-01  -9.6171748200E-02   8.5182720600E-02  -4.9373684000E-03
   22      1.3874800600E-02  -9.6171748200E-02   1.9660583730E-01  -1.0251395420E-01   1.4408341000E-03
   23      1.0994350500E-02   8.5182720600E-02  -1.0251395420E-01   8.8973907700E-02   4.4257010000E-04
   24      9.1687000000E-04  -4.9373684000E-03   1.4408341000E-03   4.4257010000E-04   1.1731749580E-01
   25     -2.5131640000E-04   8.1182000000E-06   2.3501360000E-04  -9.5786740000E-04  -1.1857733160E-01
   26     -3.5319322000E-03  -4.1169617000E-03   1.7340882000E-03   5.1319868000E-03   1.1167252900E-02
   27      4.0610200000E-05   3.7483720000E-04  -1.4889720000E-04  -3.7428310000E-04  -1.2248995000E-03
   28      1.7927600000E-04  -1.9777650000E-04  -2.6746100000E-05  -7.3171000000E-05  -2.5343614000E-03
   29     -9.6485360000E-04  -2.7074070000E-04  -3.7682180000E-04   9.8596750000E-04  -2.1606760000E-04
   30      4.8548000000E-04   1.2314730000E-04   4.0259520000E-04   4.3490700000E-04  -4.7037150000E-04
   31     -1.0290240000E-04  -6.1810520000E-04   2.2538980000E-04   1.3896800000E-04  -2.9832640000E-04
   32     -1.8785340000E-04  -5.9231740000E-04   1.8814070000E-04   1.1355091000E-03  -6.1944500000E-05
   33      4.6168370000E-04  -3.4061940000E-04  -6.3440470000E-04   4.4539020000E-04   2.4798020000E-04
   34     -5.4036500000E-05  -6.4020510000E-04   1.6601100000E-04   3.3995890000E-04  -4.7990490000E-04
   35      8.9706010000E-04  -3.4743690000E-04  -3.7474520000E-04  -6.4415200000E-05   1.9460310000E-04
   36     -6.6328200000E-04   8.0162240000E-04   4.7378080000E-04  -7.9957950000E-04  -1.0797150000E-04
   37      9.0528900000E-05   3.3592960000E-04   1.0891708000E-03  -6.5474460000E-04  -7.4305600000E-05
   38     -4.4235370000E-04  -3.7053000000E-05   4.1510740000E-04   2.0619540000E-04   2.9488590000E-04
   39     -6.0048030000E-04   1.0114620000E-04  -2.8985350000E-04  -3.9226670000E-04   4.6374200000E-04
   40      4.6855160000E-04  -1.7614990000E-04   5.7900430000E-04  -2.3665550000E-04   7.5183800000E-05
   41      4.6184240000E-04   1.4440520000E-04   7.6775200000E-05  -4.1311030000E-04   1.2711300000E-04
   42     -3.4322330000E-04   1.0490620000E-04  -1.1282073000E-03   1.9110000000E-07   7.9381410000E-04
   43     -2.0959600000E-05  -6.2171050000E-04   8.6573650000E-04  -2.3126590000E-04   1.1430340000E-04
   44      1.1948551000E-03  -3.9913300000E-05  -6.2756180000E-04  -1.7163200000E-04  -2.1148620000E-04
   45     -3.2463620000E-04   1.0278159000E-03   6.0263710000E-04  -5.8107910000E-04  -4.1605120000E-04
   46     -5.6561500000E-05  -1.2023690000E-04   1.2131901000E-03  -1.3412628000E-03   1.3002120000E-04
   47     -4.4649450000E-04  -6.9476610000E-04   4.2985490000E-04   1.4463817000E-03   3.0798000000E-06
                   25                 26                 27                 28                 29        
    0      4.1752930000E-03  -1.2074121700E-02   5.9916760000E-04   1.2718165000E-03  -1.5242901000E-03
    1     -4.3877540000E-04   4.3371780000E-03  -9.4648760000E-04   1.7611837000E-03   1.1565739000E-03
    2      2.1021611000E-03  -8.7339090000E-04   3.0247000000E-05   7.0801410000E-04  -8.7006190000E-04
    3      1.0785128600E-01  -1.1621180000E-04   6.4593656000E-03   1.0382562200E-02   3.1363257000E-03
    4     -2.4198897800E-01   1.5483992400E-02  -1.0980626900E-02  -2.5729537600E-02  -1.2285687000E-03
    5      1.2302349800E-02  -2.4603681000E-02  -3.4119660000E-04  -8.1459600000E-04   9.7490530000E-04
    6      8.5398715000E-03  -4.3033310000E-03  -1.0090144060E-01   1.0820555710E-01   2.9259320000E-04
    7     -2.7245699400E-02  -1.9997754000E-03   1.0707243910E-01  -2.3425887940E-01  -1.7652101400E-02
    8     -8.6750880000E-04   1.0781472000E-03   8.5780134000E-03  -1.7156426500E-02  -3.1816248000E-02
    9      1.1266446000E-03   6.8275420000E-04  -1.8957658000E-02   3.2904731000E-03   1.6410074000E-03
   10      1.0654147000E-03  -8.1717820000E-04   2.4062974400E-02  -1.2605433000E-03  -4.7268620000E-04
   11      9.7159820000E-04   2.9672744000E-03   3.8915782000E-03   2.9382470000E-04   8.7302398000E-03
   12      1.5271714000E-03   4.9781664000E-03  -1.2743932000E-03   1.7409129000E-03   3.2588599000E-03
   13     -6.9745720000E-04   2.2323890000E-03   1.6940808000E-03  -1.2636180000E-03   4.0526327000E-03
   14      2.7106100000E-04  -4.2096298000E-03  -2.4105040000E-03   1.9851649000E-03  -8.8730449000E-03
   15      1.4187490000E-04   2.1026652000E-03  -6.1173090000E-04  -4.3833830000E-04  -1.9367843000E-03
   16     -1.3249474000E-03  -6.4358975000E-03   1.7897380000E-04  -1.3355021000E-03   1.5448080000E-04
   17     -1.3897662000E-03  -9.8406508000E-03  -1.0503254000E-03   7.6303200000E-05  -1.9561257000E-03
   18     -1.0509485000E-03   1.9630889000E-03  -4.0348070000E-04   1.1858300000E-04   5.9496410000E-04
   19      8.4166630000E-04   4.7084300000E-04  -1.1700000000E-05   1.3196740000E-04  -4.3278490000E-04
   20     -2.5131640000E-04  -3.5319322000E-03   4.0610200000E-05   1.7927600000E-04  -9.6485360000E-04
   21      8.1182000000E-06  -4.1169617000E-03   3.7483720000E-04  -1.9777650000E-04  -2.7074070000E-04
   22      2.3501360000E-04   1.7340882000E-03  -1.4889720000E-04  -2.6746100000E-05  -3.7682180000E-04
   23     -9.5786740000E-04   5.1319868000E-03  -3.7428310000E-04  -7.3171000000E-05   9.8596750000E-04
   24     -1.1857733160E-01   1.1167252900E-02  -1.2248995000E-03  -2.5343614000E-03  -2.1606760000E-04
   25      2.7128207580E-01  -1.2277724000E-02  -2.7444766000E-03  -3.4446458000E-03  -5.4532760000E-04
   26     -1.2277724000E-02   3.1334258200E-02  -3.2268170000E-04  -3.4729850000E-04   3.0754363000E-03
   27     -2.7444766000E-03  -3.2268170000E-04   1.1783962060E-01  -1.2015479780E-01  -5.4592498000E-03
   28     -3.4446458000E-03  -3.4729850000E-04  -1.2015479780E-01   2.6269856510E-01   1.4276698700E-02
   29     -5.4532760000E-04   3.0754363000E-03  -5.4592498000E-03   1.4276698700E-02   2.5165879300E-02
   30      3.0631040000E-04   2.4194200000E-05   1.9893093000E-03  -6.4944920000E-04  -4.9738420000E-04
   31      9.7063300000E-05   5.7012470000E-04   7.2225170000E-04   7.2857210000E-04  -5.3601900000E-05
   32      3.1149820000E-04  -3.2470470000E-04   4.0446700000E-04   4.4311730000E-04  -3.2511095000E-03
   33     -3.8645290000E-04  -5.9702300000E-05  -4.8727179000E-03  -4.4900270000E-04   1.0333679000E-03
   34     -9.2321000000E-06   4.4275600000E-04   2.0025401000E-03   2.6433150000E-04  -1.6093885000E-03
   35     -5.3199800000E-05   1.0804820000E-04  -3.1249847000E-03   1.9512330000E-04   6.2890200000E-03
   36     -2.5675060000E-04  -6.6807420000E-04   6.5527270000E-04   9.9070000000E-06  -2.2689140000E-04
   37      5.3224190000E-04  -1.3377149000E-03  -6.2125600000E-05   4.3024750000E-04   7.3241840000E-04
   38      3.7653950000E-04  -2.0838560000E-03  -1.5611380000E-04   3.7050960000E-04   7.3529620000E-04
   39     -1.6522080000E-04   6.4893100000E-04   1.3490300000E-05  -2.1310350000E-04  -1.6975030000E-04
   40      7.5678970000E-04  -6.1877130000E-04  -3.7872310000E-04   4.6124890000E-04   5.1299020000E-04
   41     -8.4485200000E-05   7.1693360000E-04   3.1884870000E-04  -4.1813110000E-04  -4.5958900000E-05
   42     -1.7180600000E-04   1.3151090000E-04  -3.4330730000E-04  -5.3411400000E-04   2.2923760000E-04
   43      2.7975210000E-04  -1.0132785000E-03  -1.6907130000E-04   2.3019040000E-04   1.4111687000E-03
   44     -1.5085390000E-04   1.5041167000E-03   2.9059390000E-04  -3.6767900000E-04   1.0504160000E-04
   45     -3.2358300000E-04  -3.7479300000E-05   6.5856500000E-04   1.5113150000E-04   1.1480270000E-04
   46      5.9718000000E-05  -4.2373300000E-04  -1.3635380000E-04   6.1316570000E-04   7.4317600000E-05
   47      2.4284140000E-04  -4.4835590000E-04  -3.1501920000E-04   6.4927040000E-04   1.7156164000E-03
                   30                 31                 32                 33                 34        
    0     -3.7935230000E-04  -3.0344820000E-04   1.3834360000E-03   6.8724250000E-04   3.9083720000E-04
    1     -9.5460630000E-04   6.7207210000E-04   9.6605910000E-04  -5.9649620000E-04   9.9772160000E-04
    2      4.2885700000E-05  -7.2648900000E-05   2.9992840000E-04  -2.4714090000E-04   2.6101500000E-05
    3     -4.5204935000E-03  -7.4393470000E-04  -1.9020191000E-03   1.9664671000E-03  -1.5298547000E-03
    4      2.3460514000E-03  -4.9052240000E-04   6.9989690000E-04   1.4954372000E-03  -5.2997690000E-04
    5     -1.7072210000E-04   1.2490170000E-04   2.6005884000E-03  -1.3301066000E-03   9.1176910000E-04
    6     -1.8866796600E-02  -8.4478460000E-04  -6.7055482000E-03  -1.9073479300E-02   6.8603176000E-03
    7     -2.6050576800E-02   1.0063544000E-03  -7.8040250000E-03   2.4795243700E-02  -2.5129620000E-03
    8     -1.4835850000E-04   1.9588240000E-04  -8.8928950000E-04   7.3797540000E-03  -1.8949107000E-03
    9     -1.4366979300E-01  -1.1941165850E-01   3.4169062700E-02  -1.2817502840E-01   9.9122200400E-02
   10     -1.1947911170E-01  -1.8362961230E-01   3.4475032500E-02   1.0418364710E-01  -1.6536959460E-01
   11      2.4668600400E-02   2.6034741900E-02  -4.0091885100E-02   5.6492388000E-02  -6.7943017100E-02
   12     -2.1111063000E-03  -5.1502230000E-04  -2.7085720000E-04  -1.6189556000E-03  -6.0365700000E-04
   13     -1.0914020000E-03  -1.7236711000E-03   1.6687248000E-03   5.1845290000E-04  -5.3210990000E-04
   14      2.7852342000E-03   1.1130980000E-04   2.7505665000E-03   2.1405529000E-03   7.4715290000E-04
   15      4.8913200000E-04   1.0411385000E-03   1.2416755000E-03   4.9270300000E-04   3.9814260000E-04
   16      8.4095200000E-04  -1.0206000000E-06   7.8638160000E-04   3.6793430000E-04  -6.6834970000E-04
   17      7.5216300000E-04  -8.7430270000E-04   2.1825009000E-03  -7.6599900000E-05   3.0334560000E-04
   18     -1.3630562000E-03   2.4197230000E-04  -3.1022430000E-04   1.6104970000E-04   2.8029460000E-04
   19      3.2657800000E-04   1.8403750000E-04   3.8801000000E-05  -5.5979610000E-04   2.7731770000E-04
   20      4.8548000000E-04  -1.0290240000E-04  -1.8785340000E-04   4.6168370000E-04  -5.4036500000E-05
   21      1.2314730000E-04  -6.1810520000E-04  -5.9231740000E-04  -3.4061940000E-04  -6.4020510000E-04
   22      4.0259520000E-04   2.2538980000E-04   1.8814070000E-04  -6.3440470000E-04   1.6601100000E-04
   23      4.3490700000E-04   1.3896800000E-04   1.1355091000E-03   4.4539020000E-04   3.3995890000E-04
   24     -4.7037150000E-04  -2.9832640000E-04  -6.1944500000E-05   2.4798020000E-04  -4.7990490000E-04
   25      3.0631040000E-04   9.7063300000E-05   3.1149820000E-04  -3.8645290000E-04  -9.2321000000E-06
   26      2.4194200000E-05   5.7012470000E-04  -3.2470470000E-04  -5.9702300000E-05   4.4275600000E-04
   27      1.9893093000E-03   7.2225170000E-04   4.0446700000E-04  -4.8727179000E-03   2.0025401000E-03
   28     -6.4944920000E-04   7.2857210000E-04   4.4311730000E-04  -4.4900270000E-04   2.6433150000E-04
   29     -4.9738420000E-04  -5.3601900000E-05  -3.2511095000E-03   1.0333679000E-03  -1.6093885000E-03
   30      1.5769216770E-01   1.3418412810E-01  -2.7434303300E-02   9.4507513000E-03   1.0297401500E-02
   31      1.3418412810E-01   2.2614610930E-01  -2.0548080500E-02  -1.2675271600E-02  -4.7437798300E-02
   32     -2.7434303300E-02  -2.0548080500E-02   2.9115594300E-02  -3.3166194000E-03  -1.1241906300E-02
   33      9.4507513000E-03  -1.2675271600E-02  -3.3166194000E-03   1.3959936500E-01  -1.1515255400E-01
   34      1.0297401500E-02  -4.7437798300E-02  -1.1241906300E-02  -1.1515255400E-01   2.1172203980E-01
   35      2.2756570000E-04  -5.4024810000E-03   8.2286613000E-03  -6.1876583900E-02   7.9727190700E-02
   36      8.8258580000E-04  -8.5795770000E-04   6.7860260000E-04   3.2777600000E-04  -9.7021320000E-04
   37      2.4933070000E-04   1.1656795000E-03  -9.7174100000E-05  -6.8740600000E-04   1.0089282000E-03
   38     -2.8770000000E-04   2.4036850000E-04   5.7191000000E-06  -1.8506640000E-04   6.2464910000E-04
   39     -1.7438350000E-04  -1.9155460000E-04   1.0854591000E-03   7.7841910000E-04  -1.3438800000E-04
   40     -1.0595570000E-04   1.3264335000E-03  -1.2292220000E-04  -3.8923240000E-04   1.3610258000E-03
   41     -3.2746420000E-04  -6.6873100000E-05  -9.9354150000E-04  -2.2420440000E-04   1.5349390000E-04
   42     -3.5210610000E-04   8.5057190000E-04   1.0499591000E-03   8.0371000000E-04   8.4973700000E-04
   43     -7.0092620000E-04   7.2895160000E-04   3.0428620000E-04   4.0940790000E-04   1.1022312000E-03
   44     -1.3170670000E-04  -5.5925790000E-04  -1.7966511000E-03  -1.9181350000E-04  -7.8364730000E-04
   45      1.2803655000E-03  -5.7999890000E-04   5.8117140000E-04  -4.3466320000E-04  -6.9069400000E-04
   46      7.8680600000E-05   1.0019614000E-03  -6.7830400000E-05  -2.3950650000E-04   1.6041660000E-04
   47     -4.2339120000E-04   2.6385130000E-04   1.2159668000E-03  -4.4529970000E-04   2.5048880000E-04
                   35                 36                 37                 38                 39        
    0     -4.1501990000E-04  -1.9004860000E-03  -1.2369504000E-03  -2.4883643000E-03  -7.8906800000E-04
    1     -1.0060326000E-03   1.2572452000E-03  -7.0061510000E-04   1.5660906000E-03  -4.8799720000E-04
    2     -1.1075460000E-04   5.3692590000E-04   4.6987800000E-04   7.9085330000E-04   1.2878937000E-03
    3      6.6528920000E-04   1.9915131000E-03   9.5233820000E-04   2.2739832000E-03   1.0088903000E-03
    4      1.3091150000E-03  -2.1118459000E-03   2.1022220000E-04  -4.6061446000E-03   1.5772909000E-03
    5     -5.1414898000E-03   4.4042081000E-03   3.1847880000E-04   6.4907858000E-03  -9.8057670000E-04
    6     -1.0487106500E-02   3.6406048000E-03  -2.0189010000E-04   1.0503431300E-02  -2.5148815000E-03
    7      2.0789252000E-03   2.3961171000E-03  -7.5818910000E-04   5.4527177000E-03  -7.3634330000E-04
    8      6.8447900000E-03  -3.3368350000E-04   6.9681680000E-04   1.1329071000E-03  -2.3048116000E-03
    9      6.9606948600E-02  -1.1180504000E-03  -8.0603870000E-04   2.2267200000E-05   2.7751190000E-04
   10     -7.7889840300E-02   1.4242970000E-03  -1.2616707000E-03   3.2026728000E-03   5.4837800000E-05
   11     -6.6140572600E-02  -7.0801092000E-03   2.2233440000E-04  -1.2797180800E-02  -2.1231119000E-03
   12      5.3332426000E-03  -3.7701271200E-02  -1.1902429300E-02  -2.0115613400E-02  -7.7949667000E-03
   13      5.0395640000E-04   6.4686838000E-03   2.1886897000E-03  -1.1344435300E-02  -2.8176811700E-02
   14     -6.3588766000E-03   1.5511325500E-02   2.7942591000E-03   4.9395186000E-03   1.5559430300E-02
   15     -1.7982625000E-03  -1.2010516400E-01   7.5669577700E-02   1.3744319220E-01  -3.6816732200E-02
   16      1.3675343000E-03   6.7344227300E-02  -8.8707657000E-02  -8.0904002000E-02   1.3004855400E-02
   17     -1.6562233000E-03   1.0288765800E-01  -7.1830015100E-02  -1.3030586450E-01   5.5446971000E-03
   18     -5.9144790000E-04   1.9841060000E-04  -5.4047460000E-04   1.4961130000E-04   9.3824680000E-04
   19     -1.6670330000E-04   4.4612180000E-04   9.9301430000E-04   2.5209590000E-04  -4.4850010000E-04
   20      8.9706010000E-04  -6.6328200000E-04   9.0528900000E-05  -4.4235370000E-04  -6.0048030000E-04
   21     -3.4743690000E-04   8.0162240000E-04   3.3592960000E-04  -3.7053000000E-05   1.0114620000E-04
   22     -3.7474520000E-04   4.7378080000E-04   1.0891708000E-03   4.1510740000E-04  -2.8985350000E-04
   23     -6.4415200000E-05  -7.9957950000E-04  -6.5474460000E-04   2.0619540000E-04  -3.9226670000E-04
   24      1.9460310000E-04  -1.0797150000E-04  -7.4305600000E-05   2.9488590000E-04   4.6374200000E-04
   25     -5.3199800000E-05  -2.5675060000E-04   5.3224190000E-04   3.7653950000E-04  -1.6522080000E-04
   26      1.0804820000E-04  -6.6807420000E-04  -1.3377149000E-03  -2.0838560000E-03   6.4893100000E-04
   27     -3.1249847000E-03   6.5527270000E-04  -6.2125600000E-05  -1.5611380000E-04   1.3490300000E-05
   28      1.9512330000E-04   9.9070000000E-06   4.3024750000E-04   3.7050960000E-04  -2.1310350000E-04
   29      6.2890200000E-03  -2.2689140000E-04   7.3241840000E-04   7.3529620000E-04  -1.6975030000E-04
   30      2.2756570000E-04   8.8258580000E-04   2.4933070000E-04  -2.8770000000E-04  -1.7438350000E-04
   31     -5.4024810000E-03  -8.5795770000E-04   1.1656795000E-03   2.4036850000E-04  -1.9155460000E-04
   32      8.2286613000E-03   6.7860260000E-04  -9.7174100000E-05   5.7191000000E-06   1.0854591000E-03
   33     -6.1876583900E-02   3.2777600000E-04  -6.8740600000E-04  -1.8506640000E-04   7.7841910000E-04
   34      7.9727190700E-02  -9.7021320000E-04   1.0089282000E-03   6.2464910000E-04  -1.3438800000E-04
   35      5.8809913100E-02   9.9402890000E-04   6.3946180000E-04  -6.4216020000E-04   1.3056570000E-04
   36      9.9402890000E-04   1.6017760860E-01  -9.1227474800E-02  -1.2254748110E-01  -2.8843924000E-03
   37      6.3946180000E-04  -9.1227474800E-02   1.2081044620E-01   7.7250961700E-02   3.0127016700E-02
   38     -6.4216020000E-04  -1.2254748110E-01   7.7250961700E-02   1.1990059200E-01  -3.2384167000E-03
