
$orca_hessian_file

$act_atom
  0

$act_coord
  0

$act_energy
      -21.374897

$multiplicity
  1

$hessian
48
                    0                  1                  2                  3                  4        
    0      6.1365123400E-01   7.2124404000E-03  -2.1792186840E-01  -3.0940898340E-01   3.6200020900E-02
    1      7.2124404000E-03   5.6876766430E-01  -5.5567747000E-03   1.5180488500E-02  -7.8405779100E-02
    2     -2.1792186840E-01  -5.5567747000E-03   1.6169445690E-01   1.3144520510E-01  -2.8869550800E-02
    3     -3.0940898340E-01   1.5180488500E-02   1.3144520510E-01   5.8926927970E-01   4.6137411000E-03
    4      3.6200020900E-02  -7.8405779100E-02  -2.8869550800E-02   4.6137411000E-03   5.9576356850E-01
    5      1.8069272930E-01  -6.0146840000E-03  -1.0298786140E-01  -1.7658082520E-01   6.0514114000E-02
    6     -4.9159597800E-02  -2.6071915500E-02   4.4020847700E-02  -1.1428437820E-01  -9.8448788900E-02
    7     -2.4515700200E-02  -1.7102910000E-04   2.4853441800E-02  -1.0128952610E-01  -2.4744686140E-01
    8      5.9627491000E-03   9.4443434000E-03   1.7418040000E-03   5.1761571000E-03  -3.0282134000E-03
    9      6.2684373000E-03  -3.0403412000E-03  -1.1183597200E-02  -5.1365793100E-02  -2.6721016000E-02
   10     -3.5934291000E-03  -2.6162137000E-03   4.8706408000E-03  -2.3075660400E-02   2.4464443000E-03
   11      9.1845790000E-03  -2.9896470000E-03  -2.5937727900E-02  -4.3786333900E-02  -2.4805776800E-02
   12      1.3050218000E-03  -6.0067734000E-03  -5.8204299000E-02  -4.1903905300E-02  -1.9710495000E-02
   13      1.2376902000E-03  -1.7668650000E-03  -3.0940684900E-02  -2.0433113200E-02  -5.4702072000E-03
   14     -9.1929878000E-03  -1.4014957000E-03   2.5577002900E-02   2.3175423100E-02   1.6532391900E-02
   15     -1.8860782600E-02   3.3316470000E-03   7.5102724900E-02   4.3832928000E-02   1.3903937600E-02
   16     -2.5484598000E-03  -1.9390758000E-02   2.6478169200E-02   1.4707402400E-02   6.2912590000E-03
   17     -6.0482660000E-03   8.0392638000E-03   6.1948193800E-02   5.2601518800E-02   1.7362178200E-02
   18     -1.3115967160E-01  -1.2169950510E-01   2.4096831300E-02  -1.5744304100E-02  -2.0034171800E-02
   19     -1.2244525650E-01  -2.1273869980E-01   2.3294468100E-02  -6.9157810000E-04   2.8886720000E-04
   20      1.8500574100E-02   2.0554606700E-02  -3.4887828100E-02   1.2379752400E-02   1.5506958800E-02
   21     -9.7045446900E-02   1.0482657130E-01   1.6234450800E-02  -1.0810091100E-02   2.4060535700E-02
   22      1.0293696400E-01  -2.4904264520E-01  -1.4343565200E-02   6.4187278000E-03  -4.9728803000E-03
   23      8.0421849000E-03  -1.0879358300E-02  -2.6386363800E-02   1.4968058400E-02  -1.5580376600E-02
   24     -1.4681390500E-02   2.5652107000E-02   2.4493573000E-03  -9.2949595100E-02   9.6742509800E-02
   25      4.1787122000E-03  -3.9185814000E-03  -1.3933437000E-03   9.7918618400E-02  -2.4249367900E-01
   26      1.1298256900E-02  -1.2324472400E-02  -7.5929678000E-03   8.2681863000E-03  -2.7766058100E-02
   27      5.6107180000E-04  -1.6563081000E-03   1.1242814000E-03   8.4520372000E-03  -1.1667322900E-02
   28      1.0234243000E-03   3.9009490000E-04  -1.0544018000E-03   8.1143152000E-03  -2.7170547100E-02
   29      5.6547480000E-04   9.8147100000E-05  -3.8629175000E-03  -4.3870350000E-03  -6.9862648000E-03
   30      2.0599680000E-04  -3.9487510000E-04  -1.3334429000E-03  -4.8449440000E-03  -2.0723280000E-04
   31      1.5592350000E-04   1.9605580000E-04  -7.6852590000E-04  -8.7696430000E-04   5.3791900000E-04
   32     -1.6669015000E-03  -1.5751699000E-03   5.3946650000E-04  -4.6115615000E-03   2.0433576000E-03
   33      6.8831700000E-05  -2.4511620000E-04  -8.7299360000E-04  -8.0006990000E-04   1.0803430000E-03
   34     -1.5124750000E-04  -2.0896700000E-04   3.2399820000E-04  -1.8809735000E-03   1.0486105000E-03
   35      4.5452200000E-05   5.8736490000E-04   1.1585937000E-03   2.9652214000E-03   1.7222555000E-03
   36      8.3809540000E-04   8.7929400000E-05  -4.2931806000E-03  -1.4478175000E-03  -3.8777290000E-04
   37      5.6069030000E-04   7.9536450000E-04   1.4727910000E-04   5.2500630000E-04  -1.7998210000E-04
   38      2.5543751000E-03  -4.8183468000E-03  -2.5042162800E-02  -7.1120935000E-03  -2.2343875000E-03
   39     -7.1547940000E-04   2.9877775000E-03  -3.6351842000E-03  -3.8234100000E-04  -6.5800170000E-04
   40      8.8256280000E-04  -9.8127260000E-04   2.4664317000E-03   3.9047690000E-04   2.2809980000E-04
   41     -3.0243901000E-03   8.5250179000E-03  -1.3212728800E-02  -4.7690610000E-03  -1.7148530000E-04
   42     -1.2290623000E-03   3.9227500000E-05   2.8743051000E-03   1.7037166000E-03   7.3089700000E-04
   43     -8.2183570000E-04   6.0517000000E-05   1.2384556000E-03   1.0068523000E-03   5.5547100000E-04
   44      7.8935390000E-04  -1.1725245000E-03  -9.7224029000E-03  -7.4637257000E-03  -3.2387611000E-03
   45     -6.3827430000E-04  -2.0335410000E-04   9.6562200000E-05   6.8426120000E-04   5.0281670000E-04
   46     -3.1249990000E-04  -9.6888560000E-04  -7.4603740000E-04  -6.2781330000E-04  -1.0203032000E-03
   47      2.1868450000E-04  -5.1627060000E-04  -3.0265568000E-03  -2.2688867000E-03  -1.0003817000E-03
                    5                  6                  7                  8                  9        
    0      1.8069272930E-01  -4.9159597800E-02  -2.4515700200E-02   5.9627491000E-03   6.2684373000E-03
    1     -6.0146840000E-03  -2.6071915500E-02  -1.7102910000E-04   9.4443434000E-03  -3.0403412000E-03
    2     -1.0298786140E-01   4.4020847700E-02   2.4853441800E-02   1.7418040000E-03  -1.1183597200E-02
    3     -1.7658082520E-01  -1.1428437820E-01  -1.0128952610E-01   5.1761571000E-03  -5.1365793100E-02
    4      6.0514114000E-02  -9.8448788900E-02  -2.4744686140E-01  -3.0282134000E-03  -2.6721016000E-02
    5      2.4204216570E-01  -6.5763093000E-03  -8.5908031000E-03  -3.5191768900E-02  -5.3429548000E-03
    6     -6.5763093000E-03   6.3594461850E-01  -1.2298508500E-02   1.6289455080E-01  -3.5457070780E-01
    7     -8.5908031000E-03  -1.2298508500E-02   6.0491113340E-01  -3.4999165700E-02   5.1640724800E-02
    8     -3.5191768900E-02   1.6289455080E-01  -3.4999165700E-02   2.1288501060E-01  -1.7107056970E-01
    9     -5.3429548000E-03  -3.5457070780E-01   5.1640724800E-02  -1.7107056970E-01   6.4566905880E-01
   10     -6.9853859000E-03   2.5256937100E-02  -8.1146376400E-02   4.9364545000E-03  -9.5387612000E-03
   11      4.8186710000E-04  -1.3213303070E-01   2.9933388700E-02  -8.9168191900E-02   2.2137714090E-01
   12      1.1592030600E-02   3.8707407800E-02   1.3960464200E-02   2.4499559000E-02  -1.3988440400E-02
   13      8.3721270000E-03   1.4659565100E-02   8.0660951000E-03   1.1033073100E-02  -3.2044888000E-03
   14     -1.7115062300E-02  -4.5044693100E-02  -1.5090162200E-02  -3.9632609700E-02   2.0106723000E-03
   15     -2.9267884500E-02  -3.6506109300E-02  -1.8264283900E-02  -1.0008447900E-02   5.6675074000E-03
   16     -1.0463957000E-02  -1.4818671500E-02  -5.0759035000E-03  -3.1084266000E-03   2.0996227000E-03
   17     -5.1998739900E-02  -2.5854126300E-02  -1.6581410600E-02  -1.7965646200E-02   8.3098689000E-03
   18      3.9227061000E-03  -5.1558813000E-03  -7.4017540000E-04   4.6360085000E-03   4.4362730000E-04
   19      7.8209240000E-04  -1.1728435000E-03   8.3158470000E-04   5.3753700000E-05   8.2840200000E-05
   20     -5.2648397000E-03   4.6460629000E-03  -2.3794079000E-03   4.7096222000E-03   1.6629720000E-03
   21      1.7851025000E-03  -1.2943945000E-03   8.7508060000E-04  -1.7661159000E-03   2.3089470000E-04
   22     -3.3095211000E-03  -1.6897807000E-03   1.0217679000E-03   6.3245900000E-04  -1.2456150000E-04
   23     -5.5356584000E-03  -3.1706135000E-03  -1.5283504000E-03  -3.1562995000E-03   7.1579000000E-05
   24      1.9151131500E-02   8.8629859000E-03  -1.1762392600E-02  -1.5053357000E-03   5.3596930000E-04
   25     -3.0177631600E-02   8.3178334000E-03  -2.7907513300E-02  -2.1086817000E-03   1.2133024000E-03
   26     -3.4401540300E-02   4.4313176000E-03   4.4474888000E-03   1.3995960000E-03  -7.6759480000E-04
   27      4.2909120000E-04  -9.2969052700E-02   9.7499595200E-02  -1.0086961700E-02  -1.5678549100E-02
   28     -1.6342500000E-05   9.9056581800E-02  -2.4653800490E-01   1.4132460800E-02   5.0622211000E-03
   29      9.1961950000E-04   7.0735810000E-04   1.3578387900E-02  -3.2848525000E-02  -9.9896239000E-03
   30     -4.2796718000E-03  -1.7098443700E-02  -2.0705528900E-02  -6.1121695000E-03  -1.2692138480E-01
   31     -1.9651060000E-04  -8.1942700000E-05   1.2305366000E-03  -5.3418100000E-05  -1.2100519840E-01
   32      6.6509403000E-03  -9.9214119000E-03  -1.3495356400E-02  -5.0979662000E-03  -2.8221565500E-02
   33      1.8722589000E-03  -1.2013268600E-02   2.5308264400E-02  -9.4674960000E-04  -9.5642497500E-02
   34     -3.2803910000E-04   7.1362618000E-03  -6.1162256000E-03   2.6429341000E-03   1.0298587470E-01
   35     -3.6777333000E-03  -1.3234703900E-02   1.3807703700E-02  -3.3757953000E-03  -4.6049955000E-03
   36      4.9815470000E-04   1.3879723000E-03   7.0688800000E-04  -2.2912230000E-04  -9.2743010000E-04
   37     -3.4940680000E-04  -6.8977310000E-04  -2.1302590000E-04   4.6676000000E-05  -5.5472630000E-04
   38      3.2925359000E-03   5.9295173000E-03   2.8308660000E-03   1.5618912000E-03  -1.0141586000E-03
   39      1.0969114000E-03   4.8085800000E-04   3.8286520000E-04  -1.1185110000E-04  -5.3158590000E-04
   40     -1.1774330000E-04  -1.3265160000E-04  -3.1050700000E-04  -2.3446460000E-04  -5.5616400000E-05
   41      1.8919732000E-03   3.6517268000E-03   1.5335150000E-03   4.4196310000E-04  -5.3268350000E-04
   42      5.4478710000E-04  -1.3661322000E-03  -3.7847430000E-04  -6.1674750000E-04   7.3504010000E-04
   43     -2.4593790000E-04  -1.0415444000E-03  -5.5922820000E-04  -4.9203310000E-04   6.1652670000E-04
   44      1.6137338000E-03   6.7512646000E-03   2.1604120000E-03   3.2200863000E-03  -1.9564437000E-03
   45      4.6274220000E-04  -9.6587650000E-04  -4.1929260000E-04  -7.1495350000E-04   7.5854000000E-05
   46     -2.8723706000E-03   2.0192411000E-03  -5.7644220000E-04   1.1022486000E-03   5.4359710000E-04
   47     -7.1963140000E-04   2.9022430000E-03  -4.8054770000E-04   4.7682920000E-04   1.2519542000E-03
                   10                 11                 12                 13                 14        
    0     -3.5934291000E-03   9.1845790000E-03   1.3050218000E-03   1.2376902000E-03  -9.1929878000E-03
    1     -2.6162137000E-03  -2.9896470000E-03  -6.0067734000E-03  -1.7668650000E-03  -1.4014957000E-03
    2      4.8706408000E-03  -2.5937727900E-02  -5.8204299000E-02  -3.0940684900E-02   2.5577002900E-02
    3     -2.3075660400E-02  -4.3786333900E-02  -4.1903905300E-02  -2.0433113200E-02   2.3175423100E-02
    4      2.4464443000E-03  -2.4805776800E-02  -1.9710495000E-02  -5.4702072000E-03   1.6532391900E-02
    5     -6.9853859000E-03   4.8186710000E-04   1.1592030600E-02   8.3721270000E-03  -1.7115062300E-02
    6      2.5256937100E-02  -1.3213303070E-01   3.8707407800E-02   1.4659565100E-02  -4.5044693100E-02
    7     -8.1146376400E-02   2.9933388700E-02   1.3960464200E-02   8.0660951000E-03  -1.5090162200E-02
    8      4.9364545000E-03  -8.9168191900E-02   2.4499559000E-02   1.1033073100E-02  -3.9632609700E-02
    9     -9.5387612000E-03   2.2137714090E-01  -1.3988440400E-02  -3.2044888000E-03   2.0106723000E-03
   10      5.6846181750E-01   3.0229779600E-02   7.6863570000E-03  -9.9207379000E-03  -9.8307806000E-03
   11      3.0229779600E-02   1.5276031220E-01  -5.3616711900E-02  -1.8810863800E-02   4.5107690800E-02
   12      7.6863570000E-03  -5.3616711900E-02   5.6887145540E-01   1.0151903600E-02   1.4572051820E-01
   13     -9.9207379000E-03  -1.8810863800E-02   1.0151903600E-02   3.4391305650E-01   1.9940288200E-02
   14     -9.8307806000E-03   4.5107690800E-02   1.4572051820E-01   1.9940288200E-02   9.9103204000E-02
   15     -7.8703375000E-03   3.8280432600E-02  -2.6142011910E-01  -9.6751586700E-02  -4.8263910900E-02
   16     -3.2883269000E-03   1.5792395800E-02  -1.1575983840E-01  -1.3313094440E-01  -2.5079829800E-02
   17     -2.5217942000E-03   2.6362631400E-02   4.0798370500E-02   1.7164420000E-02  -6.3660400300E-02
   18     -5.7483880000E-04   1.5142096000E-03   8.4478930000E-04   6.9995860000E-04  -1.5698045000E-03
   19      4.6294400000E-05   3.6014450000E-04   3.3658060000E-04  -1.2850900000E-04   9.0643300000E-05
   20      1.3240360000E-03   9.3799930000E-04   4.9169620000E-04   9.0021370000E-04  -2.4644064000E-03
   21     -3.5115120000E-04   1.0467764000E-03   1.0342186000E-03   1.4474653000E-03  -9.7181450000E-04
   22     -1.7372420000E-04  -4.3583430000E-04  -2.6741290000E-04  -4.2911300000E-05   6.4126300000E-05
   23     -7.0353760000E-04   1.1473884000E-03   2.0509873000E-03   1.5168743000E-03  -1.3957806000E-03
   24     -1.5156600000E-03  -1.5211402000E-03  -1.2485732000E-03  -4.6977340000E-04   1.0426095000E-03
   25      4.0339650000E-04   1.2503264000E-03   3.5266230000E-04  -4.9746660000E-04   3.7731100000E-05
   26      3.5033190000E-04  -3.8680136000E-03  -1.9406374000E-03  -1.0536953000E-03   2.0821338000E-03
   27      2.6435862400E-02  -1.0830100000E-03   9.3148000000E-04   9.3145590000E-04  -1.0970517000E-03
   28     -4.6287779000E-03   1.5326750000E-03   5.4713320000E-04  -8.0618060000E-04   1.1395500000E-05
   29      1.0475689400E-02  -5.9719808000E-03  -2.9597122000E-03  -8.6555730000E-04   2.5852189000E-03
   30     -1.1941615660E-01  -3.1981462900E-02  -2.7707658000E-03  -3.4771741000E-03   1.0486879000E-03
   31     -2.1455697760E-01  -3.8148623600E-02  -4.5662350000E-04  -1.3573037000E-03   3.6244190000E-04
   32     -3.5177912000E-02  -4.0585791900E-02   4.3323550000E-03   4.1024518000E-03  -3.2360560000E-04
   33      1.0446712310E-01  -1.1265617000E-02  -3.3151664000E-03   1.6984884000E-03   2.9197987000E-03
   34     -2.5143923330E-01   6.2943089000E-03   4.1793670000E-04  -5.6193430000E-04  -6.0668100000E-05
   35      2.6872865000E-03  -2.7255103700E-02   5.5839132000E-03  -2.4532320000E-03  -5.4338405000E-03
   36      3.3352890000E-04  -2.0536075000E-03  -3.1129131500E-02   7.0943134000E-03   7.2075635000E-03
   37     -5.7636370000E-04   5.0984760000E-04  -1.1064024000E-02   6.1709665000E-03   2.8361061000E-03
   38      1.3029985000E-03  -5.8646649000E-03  -1.2463524500E-02  -7.2942997000E-03   4.2292752000E-03
   39     -3.8157720000E-04  -4.5305780000E-04  -3.5435450000E-03  -2.6011489700E-02   8.6919930000E-04
   40     -2.7158930000E-04   1.1974550000E-04  -3.7855453000E-03  -2.0256708000E-02  -1.7967670000E-04
   41      7.6202190000E-04  -3.4716103000E-03  -6.7742542000E-03  -3.7809326000E-03   3.6995834000E-03
   42     -4.2002620000E-04   3.4056277000E-03  -2.3085302980E-01   1.0442567050E-01  -7.6599169500E-02
   43     -9.3565200000E-05   2.9110987000E-03   1.1282563820E-01  -8.7064333000E-02   3.3621950900E-02
   44      5.0941995000E-03  -1.7395669300E-02  -9.5181746700E-02   3.0424772700E-02  -3.4188399300E-02
   45      2.5577896000E-03   3.0852058000E-03  -2.1521696200E-02   8.0011149000E-03  -1.2550404000E-03
   46     -2.6460665000E-03  -3.7429654000E-03   1.0772036700E-02  -9.7146017000E-02  -2.1854462200E-02
   47     -6.8140283000E-03  -7.2791349000E-03  -3.9285442000E-03  -2.8254955100E-02  -1.8170004400E-02
                   15                 16                 17                 18                 19        
    0     -1.8860782600E-02  -2.5484598000E-03  -6.0482660000E-03  -1.3115967160E-01  -1.2244525650E-01
    1      3.3316470000E-03  -1.9390758000E-02   8.0392638000E-03  -1.2169950510E-01  -2.1273869980E-01
    2      7.5102724900E-02   2.6478169200E-02   6.1948193800E-02   2.4096831300E-02   2.3294468100E-02
    3      4.3832928000E-02   1.4707402400E-02   5.2601518800E-02  -1.5744304100E-02  -6.9157810000E-04
    4      1.3903937600E-02   6.2912590000E-03   1.7362178200E-02  -2.0034171800E-02   2.8886720000E-04
    5     -2.9267884500E-02  -1.0463957000E-02  -5.1998739900E-02   3.9227061000E-03   7.8209240000E-04
    6     -3.6506109300E-02  -1.4818671500E-02  -2.5854126300E-02  -5.1558813000E-03  -1.1728435000E-03
    7     -1.8264283900E-02  -5.0759035000E-03  -1.6581410600E-02  -7.4017540000E-04   8.3158470000E-04
    8     -1.0008447900E-02  -3.1084266000E-03  -1.7965646200E-02   4.6360085000E-03   5.3753700000E-05
    9      5.6675074000E-03   2.0996227000E-03   8.3098689000E-03   4.4362730000E-04   8.2840200000E-05
   10     -7.8703375000E-03  -3.2883269000E-03  -2.5217942000E-03  -5.7483880000E-04   4.6294400000E-05
   11      3.8280432600E-02   1.5792395800E-02   2.6362631400E-02   1.5142096000E-03   3.6014450000E-04
   12     -2.6142011910E-01  -1.1575983840E-01   4.0798370500E-02   8.4478930000E-04   3.3658060000E-04
   13     -9.6751586700E-02  -1.3313094440E-01   1.7164420000E-02   6.9995860000E-04  -1.2850900000E-04
   14     -4.8263910900E-02  -2.5079829800E-02  -6.3660400300E-02  -1.5698045000E-03   9.0643300000E-05
   15      5.5790265410E-01   1.5326610800E-02  -1.4553996580E-01  -4.7734636000E-03  -8.6343400000E-05
   16      1.5326610800E-02   5.8119746820E-01   4.5447652000E-03  -4.2083548000E-03  -3.0539350000E-04
   17     -1.4553996580E-01   4.5447652000E-03   1.2011996680E-01  -3.1741181000E-03  -2.9914430000E-04
   18     -4.7734636000E-03  -4.2083548000E-03  -3.1741181000E-03   1.4843995100E-01   1.3729623960E-01
   19     -8.6343400000E-05  -3.0539350000E-04  -2.9914430000E-04   1.3729623960E-01   2.3353577160E-01
   20     -7.7648374000E-03  -6.3021103000E-03  -3.3448021000E-03  -2.6746700900E-02  -2.7088111200E-02
   21     -4.7337638000E-03   3.2527789000E-03  -4.9624813000E-03   6.9937412000E-03  -1.4570766400E-02
   22      1.2418434000E-03  -5.9133430000E-04   9.6375150000E-04   9.6887355000E-03  -2.3862885900E-02
   23     -8.3302677000E-03   5.1663149000E-03  -8.5553461000E-03  -8.2160680000E-04   2.7865083000E-03
   24      1.1710210000E-03   5.3736150000E-04   1.3457891000E-03   3.0033050000E-04   7.7204250000E-04
   25      7.7562500000E-05  -8.8452800000E-05  -2.4643660000E-04  -5.1405390000E-04   1.0201135000E-03
   26      2.2706804000E-03   7.3850530000E-04   2.9674279000E-03  -1.2591951000E-03  -8.5993400000E-05
   27     -9.2826350000E-04  -2.4784930000E-04  -9.9824990000E-04  -6.6648000000E-06   1.6312390000E-04
   28     -2.7689900000E-05  -4.0896950000E-04  -1.5029630000E-04   1.1652030000E-04   5.9941870000E-04
   29      2.3364974000E-03   8.3238000000E-04   2.2921416000E-03  -6.3988700000E-05   7.4756000000E-06
   30      4.2800080000E-04   1.0323690000E-04   1.2448996000E-03   3.9149780000E-04   7.9814700000E-05
   31      4.4665960000E-04  -1.8019600000E-04   1.4909830000E-04   1.4840050000E-04   9.3891900000E-05
   32      2.2679380000E-04  -1.8233410000E-04  -1.7940949000E-03  -7.8644390000E-04  -1.4894080000E-04
   33      8.2066190000E-04   4.4652430000E-04   9.1363150000E-04   1.6900000000E-07  -4.9544100000E-05
   34     -9.0956900000E-05   3.2953680000E-04   6.2164600000E-05  -9.8216300000E-05   7.2831000000E-05
   35     -1.5920020000E-03  -7.1878080000E-04  -1.4590801000E-03   2.5554100000E-04  -1.0363890000E-04
   36     -2.1229022270E-01   9.9177650800E-02   8.7914307800E-02   7.5774100000E-05  -9.4728400000E-05
   37      9.8389233300E-02  -9.7391774700E-02  -4.5569235000E-02   4.6330400000E-05  -5.0040810000E-04
   38      1.0607467700E-01  -4.1396124600E-02  -5.0538858600E-02   9.0282000000E-05  -1.8301610000E-04
   39     -4.1426194600E-02   1.6036153300E-02   4.2502945000E-03  -5.3291460000E-04   2.7525980000E-04
   40      1.4205221500E-02  -3.0101579670E-01   2.3613956800E-02  -8.0728600000E-05   7.6905930000E-04
   41      1.1179787300E-02   3.0497998700E-02  -2.3819117000E-02  -3.4707180000E-04   4.5022850000E-04
   42     -2.8212914700E-02   6.2205156000E-03  -6.6444041000E-03  -6.7732200000E-05   5.1084700000E-05
   43     -1.3506243800E-02   3.9618141000E-03  -2.5439081000E-03  -6.6551900000E-05   3.1527600000E-05
   44      1.3019898000E-02   7.4434464000E-03   6.9142778000E-03   1.9451470000E-04   5.7180600000E-05
   45     -6.7093950000E-04  -2.0324683400E-02  -4.1570692000E-03  -4.9248000000E-05   5.4074200000E-05
   46     -1.0325273500E-02  -3.0912227800E-02  -3.9873732000E-03   2.0411700000E-05   2.4653640000E-04
   47      2.2758247000E-03  -4.2424124000E-03   2.5314458000E-03   5.8836600000E-05   2.6349900000E-05
                   20                 21                 22                 23                 24        
    0      1.8500574100E-02  -9.7045446900E-02   1.0293696400E-01   8.0421849000E-03  -1.4681390500E-02
    1      2.0554606700E-02   1.0482657130E-01  -2.4904264520E-01  -1.0879358300E-02   2.5652107000E-02
    2     -3.4887828100E-02   1.6234450800E-02  -1.4343565200E-02  -2.6386363800E-02   2.4493573000E-03
    3      1.2379752400E-02  -1.0810091100E-02   6.4187278000E-03   1.4968058400E-02  -9.2949595100E-02
    4      1.5506958800E-02   2.4060535700E-02  -4.9728803000E-03  -1.5580376600E-02   9.6742509800E-02
    5     -5.2648397000E-03   1.7851025000E-03  -3.3095211000E-03  -5.5356584000E-03   1.9151131500E-02
    6      4.6460629000E-03  -1.2943945000E-03  -1.6897807000E-03  -3.1706135000E-03   8.8629859000E-03
    7     -2.3794079000E-03   8.7508060000E-04   1.0217679000E-03  -1.5283504000E-03  -1.1762392600E-02
    8      4.7096222000E-03  -1.7661159000E-03   6.3245900000E-04  -3.1562995000E-03  -1.5053357000E-03
    9      1.6629720000E-03   2.3089470000E-04  -1.2456150000E-04   7.1579000000E-05   5.3596930000E-04
   10      1.3240360000E-03  -3.5115120000E-04  -1.7372420000E-04  -7.0353760000E-04  -1.5156600000E-03
   11      9.3799930000E-04   1.0467764000E-03  -4.3583430000E-04   1.1473884000E-03  -1.5211402000E-03
   12      4.9169620000E-04   1.0342186000E-03  -2.6741290000E-04   2.0509873000E-03  -1.2485732000E-03
   13      9.0021370000E-04   1.4474653000E-03  -4.2911300000E-05   1.5168743000E-03  -4.6977340000E-04
   14     -2.4644064000E-03  -9.7181450000E-04   6.4126300000E-05  -1.3957806000E-03   1.0426095000E-03
   15     -7.7648374000E-03  -4.7337638000E-03   1.2418434000E-03  -8.3302677000E-03   1.1710210000E-03
   16     -6.3021103000E-03   3.2527789000E-03  -5.9133430000E-04   5.1663149000E-03   5.3736150000E-04
   17     -3.3448021000E-03  -4.9624813000E-03   9.6375150000E-04  -8.5553461000E-03   1.3457891000E-03
   18     -2.6746700900E-02   6.9937412000E-03   9.6887355000E-03  -8.2160680000E-04   3.0033050000E-04
   19     -2.7088111200E-02  -1.4570766400E-02  -2.3862885900E-02   2.7865083000E-03   7.7204250000E-04
   20      4.0254144300E-02  -5.8217770000E-04  -1.7542346000E-03   1.7051201000E-03  -1.6196267000E-03
   21     -5.8217770000E-04   1.0797841590E-01  -1.1790110070E-01  -1.6430645400E-02  -2.3531145000E-03
   22     -1.7542346000E-03  -1.1790110070E-01   2.7495858580E-01   1.7818566500E-02   7.5985810000E-04
   23      1.7051201000E-03  -1.6430645400E-02   1.7818566500E-02   3.9811744900E-02   6.3884817000E-03
   24     -1.6196267000E-03  -2.3531145000E-03   7.5985810000E-04   6.3884817000E-03   1.0260759390E-01
   25      5.7362090000E-04  -1.0592290000E-04   8.5976940000E-04  -7.0017640000E-04  -1.0795545740E-01
   26     -2.1247665000E-03   5.2467704000E-03  -1.6701070000E-04   4.8033915000E-03  -2.6434864100E-02
   27      3.6244000000E-06  -5.8667180000E-04  -2.5322930000E-04   4.2496400000E-05  -1.9036013000E-03
   28     -4.6376680000E-04  -7.8770350000E-04   3.9694970000E-04   5.6360010000E-04  -2.3377219000E-03
   29     -1.5149680000E-04   5.0925950000E-04   3.9261360000E-04   2.9940490000E-04   1.0930665000E-03
   30      7.0637360000E-04   2.1364300000E-05  -8.4026200000E-05  -2.6510910000E-04  -1.5375000000E-05
   31      1.0974020000E-04  -3.1375900000E-05   6.1685800000E-05   1.2690260000E-04   1.2979820000E-04
   32      2.6883280000E-04   1.2458650000E-04  -1.6558000000E-06   9.7207700000E-05  -5.7982000000E-06
   33     -7.9002400000E-05   2.9210150000E-04  -2.0647550000E-04  -8.3781100000E-05  -5.2942930000E-04
   34      1.2703400000E-05  -2.0394950000E-04  -8.8946400000E-05   6.9305200000E-05  -1.7743790000E-04
   35      4.6748000000E-06   7.3472200000E-05  -5.5778300000E-05  -1.4274110000E-04   6.7043800000E-05
   36     -2.5577170000E-04   4.7050490000E-04  -2.7130130000E-04  -1.7872331000E-03   1.2215040000E-04
   37     -3.1719360000E-04   1.1491010000E-04   8.3881800000E-04   1.4423365000E-03  -2.7485450000E-04
   38      1.4987300000E-04   8.5027700000E-05   1.6963150000E-04  -1.8368458000E-03  -2.9378950000E-04
   39     -9.5707520000E-04  -2.6079070000E-04  -1.8754050000E-04  -5.2530460000E-04  -7.9347000000E-06
   40     -5.0828520000E-04  -6.8483700000E-05   2.7204570000E-04  -8.9279000000E-06  -1.1919470000E-04
   41      5.4889300000E-05  -6.7713680000E-04  -6.4215700000E-05  -1.4089126000E-03   1.1851010000E-04
   42     -2.8294870000E-04  -8.9416000000E-06  -1.6849290000E-04  -2.4427490000E-04   1.1572260000E-04
   43     -1.7220250000E-04  -3.9735000000E-05  -1.0124760000E-04  -1.5027270000E-04  -1.9645000000E-06
   44      1.7194400000E-05   3.4177900000E-04  -1.2358400000E-04   4.7010960000E-04  -2.3708090000E-04
   45     -1.0291490000E-04   7.1973800000E-05   1.0779260000E-04   9.5048600000E-05  -2.6760100000E-05
   46      3.4326000000E-06  -5.1715320000E-04   4.6695290000E-04   6.0591500000E-05   2.0779700000E-05
   47      1.3578950000E-04  -5.6853600000E-05   2.1425130000E-04   8.3580600000E-05  -3.8354000000E-05
                   25                 26                 27                 28                 29        
    0      4.1787122000E-03   1.1298256900E-02   5.6107180000E-04   1.0234243000E-03   5.6547480000E-04
    1     -3.9185814000E-03  -1.2324472400E-02  -1.6563081000E-03   3.9009490000E-04   9.8147100000E-05
    2     -1.3933437000E-03  -7.5929678000E-03   1.1242814000E-03  -1.0544018000E-03  -3.8629175000E-03
    3      9.7918618400E-02   8.2681863000E-03   8.4520372000E-03   8.1143152000E-03  -4.3870350000E-03
    4     -2.4249367900E-01  -2.7766058100E-02  -1.1667322900E-02  -2.7170547100E-02  -6.9862648000E-03
    5     -3.0177631600E-02  -3.4401540300E-02   4.2909120000E-04  -1.6342500000E-05   9.1961950000E-04
    6      8.3178334000E-03   4.4313176000E-03  -9.2969052700E-02   9.9056581800E-02   7.0735810000E-04
    7     -2.7907513300E-02   4.4474888000E-03   9.7499595200E-02  -2.4653800490E-01   1.3578387900E-02
    8     -2.1086817000E-03   1.3995960000E-03  -1.0086961700E-02   1.4132460800E-02  -3.2848525000E-02
    9      1.2133024000E-03  -7.6759480000E-04  -1.5678549100E-02   5.0622211000E-03  -9.9896239000E-03
   10      4.0339650000E-04   3.5033190000E-04   2.6435862400E-02  -4.6287779000E-03   1.0475689400E-02
   11      1.2503264000E-03  -3.8680136000E-03  -1.0830100000E-03   1.5326750000E-03  -5.9719808000E-03
   12      3.5266230000E-04  -1.9406374000E-03   9.3148000000E-04   5.4713320000E-04  -2.9597122000E-03
   13     -4.9746660000E-04  -1.0536953000E-03   9.3145590000E-04  -8.0618060000E-04  -8.6555730000E-04
   14      3.7731100000E-05   2.0821338000E-03  -1.0970517000E-03   1.1395500000E-05   2.5852189000E-03
   15      7.7562500000E-05   2.2706804000E-03  -9.2826350000E-04  -2.7689900000E-05   2.3364974000E-03
   16     -8.8452800000E-05   7.3850530000E-04  -2.4784930000E-04  -4.0896950000E-04   8.3238000000E-04
   17     -2.4643660000E-04   2.9674279000E-03  -9.9824990000E-04  -1.5029630000E-04   2.2921416000E-03
   18     -5.1405390000E-04  -1.2591951000E-03  -6.6648000000E-06   1.1652030000E-04  -6.3988700000E-05
   19      1.0201135000E-03  -8.5993400000E-05   1.6312390000E-04   5.9941870000E-04   7.4756000000E-06
   20      5.7362090000E-04  -2.1247665000E-03   3.6244000000E-06  -4.6376680000E-04  -1.5149680000E-04
   21     -1.0592290000E-04   5.2467704000E-03  -5.8667180000E-04  -7.8770350000E-04   5.0925950000E-04
   22      8.5976940000E-04  -1.6701070000E-04  -2.5322930000E-04   3.9694970000E-04   3.9261360000E-04
   23     -7.0017640000E-04   4.8033915000E-03   4.2496400000E-05   5.6360010000E-04   2.9940490000E-04
   24     -1.0795545740E-01  -2.6434864100E-02  -1.9036013000E-03  -2.3377219000E-03   1.0930665000E-03
   25      2.7454821240E-01   3.4665705300E-02  -2.4398835000E-03  -3.5693450000E-03  -1.9518853000E-03
   26      3.4665705300E-02   3.2329467700E-02  -8.0950850000E-04   1.4695500000E-03   5.1891236000E-03
   27     -2.4398835000E-03  -8.0950850000E-04   1.0451268480E-01  -1.0997442890E-01   1.6329480600E-02
   28     -3.5693450000E-03   1.4695500000E-03  -1.0997442890E-01   2.7859608020E-01  -1.6045763900E-02
   29     -1.9518853000E-03   5.1891236000E-03   1.6329480600E-02  -1.6045763900E-02   2.8832141600E-02
   30      8.4784300000E-05   6.3219300000E-05   3.0671630000E-04  -7.1738110000E-04   1.2361491000E-03
   31      5.8898840000E-04   4.1374000000E-06   7.8368990000E-04   9.9402310000E-04   2.7151470000E-04
   32      5.5879560000E-04  -1.8355200000E-04   1.6155512000E-03  -3.3231180000E-04  -2.7263350000E-03
   33     -7.8153240000E-04  -4.8544700000E-04  -2.8129784000E-03   2.0720050000E-04  -5.2636709000E-03
   34      5.0893780000E-04  -2.6846530000E-04   1.1465682000E-03   8.7361730000E-04  -1.4123290000E-04
   35     -5.8280970000E-04   3.0429520000E-04  -6.0022288000E-03   1.4427050000E-04   6.4379665000E-03
   36     -1.7742520000E-04   1.8066340000E-04   1.0658380000E-04  -1.0837800000E-04  -6.1736200000E-05
   37      8.3473800000E-05  -1.6764020000E-04  -4.3388600000E-05   6.1847500000E-05   8.5701400000E-05
   38      1.2635130000E-04   8.5385000000E-05   1.9588790000E-04   2.3449200000E-05  -4.7470650000E-04
   39      1.4609700000E-05  -1.7725800000E-05  -7.4785700000E-05   1.8598500000E-05  -2.0413600000E-05
   40      2.9505250000E-04   5.3008300000E-05  -5.4657800000E-05   1.4961520000E-04  -5.2136200000E-05
   41     -5.8387700000E-05  -4.0488800000E-04   7.6524300000E-05  -1.6336460000E-04  -1.9593710000E-04
   42     -1.2843940000E-04   1.1354000000E-05   6.5486700000E-05  -1.3793860000E-04  -1.1487820000E-04
   43      7.5667500000E-05  -2.3791600000E-05  -1.8091620000E-04  -4.6896000000E-05   2.8660870000E-04
   44      8.1471000000E-06  -4.2349750000E-04   3.3905710000E-04  -1.1696580000E-04  -2.3545680000E-04
   45     -5.5370300000E-05  -5.5475600000E-05   2.4506900000E-05  -5.4753200000E-05   8.3772900000E-05
   46      9.1426300000E-05   1.2840000000E-04  -4.4231090000E-04   1.1070746000E-03   1.4322200000E-05
   47     -1.3250000000E-06  -1.6159510000E-04  -7.8983900000E-05   4.6581260000E-04  -8.8261100000E-05
                   30                 31                 32                 33                 34        
    0      2.0599680000E-04   1.5592350000E-04  -1.6669015000E-03   6.8831700000E-05  -1.5124750000E-04
    1     -3.9487510000E-04   1.9605580000E-04  -1.5751699000E-03  -2.4511620000E-04  -2.0896700000E-04
    2     -1.3334429000E-03  -7.6852590000E-04   5.3946650000E-04  -8.7299360000E-04   3.2399820000E-04
    3     -4.8449440000E-03  -8.7696430000E-04  -4.6115615000E-03  -8.0006990000E-04  -1.8809735000E-03
    4     -2.0723280000E-04   5.3791900000E-04   2.0433576000E-03   1.0803430000E-03   1.0486105000E-03
    5     -4.2796718000E-03  -1.9651060000E-04   6.6509403000E-03   1.8722589000E-03  -3.2803910000E-04
    6     -1.7098443700E-02  -8.1942700000E-05  -9.9214119000E-03  -1.2013268600E-02   7.1362618000E-03
    7     -2.0705528900E-02   1.2305366000E-03  -1.3495356400E-02   2.5308264400E-02  -6.1162256000E-03
    8     -6.1121695000E-03  -5.3418100000E-05  -5.0979662000E-03  -9.4674960000E-04   2.6429341000E-03
    9     -1.2692138480E-01  -1.2100519840E-01  -2.8221565500E-02  -9.5642497500E-02   1.0298587470E-01
   10     -1.1941615660E-01  -2.1455697760E-01  -3.5177912000E-02   1.0446712310E-01  -2.5143923330E-01
   11     -3.1981462900E-02  -3.8148623600E-02  -4.0585791900E-02  -1.1265617000E-02   6.2943089000E-03
   12     -2.7707658000E-03  -4.5662350000E-04   4.3323550000E-03  -3.3151664000E-03   4.1793670000E-04
   13     -3.4771741000E-03  -1.3573037000E-03   4.1024518000E-03   1.6984884000E-03  -5.6193430000E-04
   14      1.0486879000E-03   3.6244190000E-04  -3.2360560000E-04   2.9197987000E-03  -6.0668100000E-05
   15      4.2800080000E-04   4.4665960000E-04   2.2679380000E-04   8.2066190000E-04  -9.0956900000E-05
   16      1.0323690000E-04  -1.8019600000E-04  -1.8233410000E-04   4.4652430000E-04   3.2953680000E-04
   17      1.2448996000E-03   1.4909830000E-04  -1.7940949000E-03   9.1363150000E-04   6.2164600000E-05
   18      3.9149780000E-04   1.4840050000E-04  -7.8644390000E-04   1.6900000000E-07  -9.8216300000E-05
   19      7.9814700000E-05   9.3891900000E-05  -1.4894080000E-04  -4.9544100000E-05   7.2831000000E-05
   20      7.0637360000E-04   1.0974020000E-04   2.6883280000E-04  -7.9002400000E-05   1.2703400000E-05
   21      2.1364300000E-05  -3.1375900000E-05   1.2458650000E-04   2.9210150000E-04  -2.0394950000E-04
   22     -8.4026200000E-05   6.1685800000E-05  -1.6558000000E-06  -2.0647550000E-04  -8.8946400000E-05
   23     -2.6510910000E-04   1.2690260000E-04   9.7207700000E-05  -8.3781100000E-05   6.9305200000E-05
   24     -1.5375000000E-05   1.2979820000E-04  -5.7982000000E-06  -5.2942930000E-04  -1.7743790000E-04
   25      8.4784300000E-05   5.8898840000E-04   5.5879560000E-04  -7.8153240000E-04   5.0893780000E-04
   26      6.3219300000E-05   4.1374000000E-06  -1.8355200000E-04  -4.8544700000E-04  -2.6846530000E-04
   27      3.0671630000E-04   7.8368990000E-04   1.6155512000E-03  -2.8129784000E-03   1.1465682000E-03
   28     -7.1738110000E-04   9.9402310000E-04  -3.3231180000E-04   2.0720050000E-04   8.7361730000E-04
   29      1.2361491000E-03   2.7151470000E-04  -2.7263350000E-03  -5.2636709000E-03  -1.4123290000E-04
   30      1.4394356540E-01   1.3412483500E-01   3.7706333800E-02   6.7286609000E-03   9.8035424000E-03
   31      1.3412483500E-01   2.3445012100E-01   4.2959162900E-02  -1.3701090400E-02  -2.3106740100E-02
   32      3.7706333800E-02   4.2959162900E-02   4.1976387100E-02  -8.9343200000E-05   8.1516060000E-04
   33      6.7286609000E-03  -1.3701090400E-02  -8.9343200000E-05   1.0697070790E-01  -1.1843583610E-01
   34      9.8035424000E-03  -2.3106740100E-02   8.1516060000E-04  -1.1843583610E-01   2.7803675520E-01
   35      1.3981736000E-03  -4.5113399000E-03   2.1212627000E-03   1.2889374000E-02  -8.9787546000E-03
   36     -6.9190300000E-05   6.2310600000E-05   1.9989510000E-04   3.5972700000E-05  -1.7589310000E-04
   37     -1.3432430000E-04   1.2229300000E-04   2.4119820000E-04  -1.0378060000E-04  -5.3674500000E-05
   38     -6.2438900000E-05  -7.7558900000E-05  -1.2995440000E-04  -2.0118870000E-04   5.4855300000E-05
   39     -8.2974300000E-05   8.1011100000E-05   1.4950670000E-04  -1.0305850000E-04  -4.1432400000E-05
   40      5.7708700000E-05   1.3362200000E-04   1.9819900000E-05  -1.4294730000E-04   1.4618360000E-04
   41     -6.3235500000E-05  -1.1738740000E-04  -7.1563500000E-05  -1.6560700000E-05   4.7670900000E-05
   42      5.8586400000E-05  -9.3322200000E-05   2.4846840000E-04   3.8854070000E-04  -2.7662180000E-04
   43     -8.1904900000E-05  -4.7872840000E-04   2.2838900000E-04   1.3291300000E-04   7.5889690000E-04
   44      1.4596940000E-04   8.9381000000E-05  -1.4564190000E-04   1.0110750000E-04  -1.3200880000E-04
   45     -2.8131080000E-04   3.1388900000E-04   6.9953520000E-04  -8.9177600000E-05   4.2381200000E-05
   46      9.6468200000E-04   1.2708093000E-03  -5.4654700000E-05   3.2546580000E-04  -1.9964780000E-04
   47      5.4772430000E-04  -1.9901470000E-04  -5.9559160000E-04   6.0818370000E-04  -4.1393240000E-04
                   35                 36                 37                 38                 39        
    0      4.5452200000E-05   8.3809540000E-04   5.6069030000E-04   2.5543751000E-03  -7.1547940000E-04
    1      5.8736490000E-04   8.7929400000E-05   7.9536450000E-04  -4.8183468000E-03   2.9877775000E-03
    2      1.1585937000E-03  -4.2931806000E-03   1.4727910000E-04  -2.5042162800E-02  -3.6351842000E-03
    3      2.9652214000E-03  -1.4478175000E-03   5.2500630000E-04  -7.1120935000E-03  -3.8234100000E-04
    4      1.7222555000E-03  -3.8777290000E-04  -1.7998210000E-04  -2.2343875000E-03  -6.5800170000E-04
    5     -3.6777333000E-03   4.9815470000E-04  -3.4940680000E-04   3.2925359000E-03   1.0969114000E-03
    6     -1.3234703900E-02   1.3879723000E-03  -6.8977310000E-04   5.9295173000E-03   4.8085800000E-04
    7      1.3807703700E-02   7.0688800000E-04  -2.1302590000E-04   2.8308660000E-03   3.8286520000E-04
    8     -3.3757953000E-03  -2.2912230000E-04   4.6676000000E-05   1.5618912000E-03  -1.1185110000E-04
    9     -4.6049955000E-03  -9.2743010000E-04  -5.5472630000E-04  -1.0141586000E-03  -5.3158590000E-04
   10      2.6872865000E-03   3.3352890000E-04  -5.7636370000E-04   1.3029985000E-03  -3.8157720000E-04
   11     -2.7255103700E-02  -2.0536075000E-03   5.0984760000E-04  -5.8646649000E-03  -4.5305780000E-04
   12      5.5839132000E-03  -3.1129131500E-02  -1.1064024000E-02  -1.2463524500E-02  -3.5435450000E-03
   13     -2.4532320000E-03   7.0943134000E-03   6.1709665000E-03  -7.2942997000E-03  -2.6011489700E-02
   14     -5.4338405000E-03   7.2075635000E-03   2.8361061000E-03   4.2292752000E-03   8.6919930000E-04
   15     -1.5920020000E-03  -2.1229022270E-01   9.8389233300E-02   1.0607467700E-01  -4.1426194600E-02
   16     -7.1878080000E-04   9.9177650800E-02  -9.7391774700E-02  -4.1396124600E-02   1.6036153300E-02
   17     -1.4590801000E-03   8.7914307800E-02  -4.5569235000E-02  -5.0538858600E-02   4.2502945000E-03
   18      2.5554100000E-04   7.5774100000E-05   4.6330400000E-05   9.0282000000E-05  -5.3291460000E-04
   19     -1.0363890000E-04  -9.4728400000E-05  -5.0040810000E-04  -1.8301610000E-04   2.7525980000E-04
   20      4.6748000000E-06  -2.5577170000E-04  -3.1719360000E-04   1.4987300000E-04  -9.5707520000E-04
   21      7.3472200000E-05   4.7050490000E-04   1.1491010000E-04   8.5027700000E-05  -2.6079070000E-04
   22     -5.5778300000E-05  -2.7130130000E-04   8.3881800000E-04   1.6963150000E-04  -1.8754050000E-04
   23     -1.4274110000E-04  -1.7872331000E-03   1.4423365000E-03  -1.8368458000E-03  -5.2530460000E-04
   24      6.7043800000E-05   1.2215040000E-04  -2.7485450000E-04  -2.9378950000E-04  -7.9347000000E-06
   25     -5.8280970000E-04  -1.7742520000E-04   8.3473800000E-05   1.2635130000E-04   1.4609700000E-05
   26      3.0429520000E-04   1.8066340000E-04  -1.6764020000E-04   8.5385000000E-05  -1.7725800000E-05
   27     -6.0022288000E-03   1.0658380000E-04  -4.3388600000E-05   1.9588790000E-04  -7.4785700000E-05
   28      1.4427050000E-04  -1.0837800000E-04   6.1847500000E-05   2.3449200000E-05   1.8598500000E-05
   29      6.4379665000E-03  -6.1736200000E-05   8.5701400000E-05  -4.7470650000E-04  -2.0413600000E-05
   30      1.3981736000E-03  -6.9190300000E-05  -1.3432430000E-04  -6.2438900000E-05  -8.2974300000E-05
   31     -4.5113399000E-03   6.2310600000E-05   1.2229300000E-04  -7.7558900000E-05   8.1011100000E-05
   32      2.1212627000E-03   1.9989510000E-04   2.4119820000E-04  -1.2995440000E-04   1.4950670000E-04
   33      1.2889374000E-02   3.5972700000E-05  -1.0378060000E-04  -2.0118870000E-04  -1.0305850000E-04
   34     -8.9787546000E-03  -1.7589310000E-04  -5.3674500000E-05   5.4855300000E-05  -4.1432400000E-05
   35      3.3833291700E-02   1.6704490000E-04   7.2521900000E-05   3.0151850000E-04   9.7326900000E-05
   36      1.6704490000E-04   2.4783880460E-01  -1.0614532280E-01  -8.9696718600E-02  -1.6511096000E-03
   37      7.2521900000E-05  -1.0614532280E-01   1.0519628860E-01   5.0361738400E-02   2.3067525400E-02
   38      3.0151850000E-04  -8.9696718600E-02   5.0361738400E-02   7.1198665100E-02  -1.7748650000E-03
