
$orca_hessian_file

$act_atom
  0

$act_coord
  0

$act_energy
      -21.373515

$multiplicity
  1

$hessian
48
                    0                  1                  2                  3                  4        
    0      6.4010157870E-01   3.2489411000E-03  -2.1907484400E-01  -3.4014901900E-01   3.7083020000E-02
    1      3.2489411000E-03   5.6913039090E-01  -1.0512613000E-02   1.5593476300E-02  -7.8254693000E-02
    2     -2.1907484400E-01  -1.0512613000E-02   1.4581346420E-01   1.3046494800E-01  -2.8173525400E-02
    3     -3.4014901900E-01   1.5593476300E-02   1.3046494800E-01   6.2116960060E-01  -2.0898109000E-03
    4      3.7083020000E-02  -7.8254693000E-02  -2.8173525400E-02  -2.0898109000E-03   6.0002408580E-01
    5      1.7806833400E-01  -4.1306337000E-03  -9.0918799200E-02  -1.6892911840E-01   4.8849565500E-02
    6     -4.9974980500E-02  -2.6384727500E-02   4.4921663000E-02  -1.0819369010E-01  -9.6491917000E-02
    7     -2.5061967300E-02  -5.1649760000E-04   2.5648957300E-02  -9.8461440900E-02  -2.5228410930E-01
    8      5.1100751000E-03   8.7574060000E-03   2.2904769000E-03   5.7505309000E-03  -1.0447636000E-03
    9      6.9314085000E-03  -3.0739021000E-03  -1.0562710700E-02  -5.2038678200E-02  -2.6939173400E-02
   10     -3.7167923000E-03  -2.6788600000E-03   5.6064645000E-03  -2.2982029400E-02   2.3422052000E-03
   11      9.1893286000E-03  -3.2168036000E-03  -2.6661791400E-02  -4.5029959900E-02  -2.5819090800E-02
   12      3.1205746000E-03  -5.6150538000E-03  -5.3496027200E-02  -4.2319759000E-02  -2.0664888400E-02
   13      1.9789426000E-03  -1.9055662000E-03  -2.7367909300E-02  -2.0437742200E-02  -6.1722412000E-03
   14     -8.5582872000E-03  -4.6256450000E-04   2.6914002400E-02   2.4226537500E-02   1.7304803500E-02
   15     -1.5330544100E-02   3.9942204000E-03   7.1201336000E-02   4.3638756500E-02   1.5557202900E-02
   16     -2.9506249000E-03  -1.6056294900E-02   2.3046107000E-02   1.4327102900E-02   6.3584675000E-03
   17     -3.0603247000E-03   8.5348013000E-03   5.9709943500E-02   5.0849857900E-02   1.8137251000E-02
   18     -1.2862675710E-01  -1.2111167390E-01   2.4238155300E-02  -1.6167614000E-02  -2.1018883800E-02
   19     -1.2208983450E-01  -2.1692859510E-01   2.5330649000E-02  -7.3580430000E-04   1.8607300000E-04
   20      1.9443420000E-02   2.2452079100E-02  -3.5257650700E-02   1.1030522000E-02   1.4665571200E-02
   21     -9.9676084200E-02   1.0712282540E-01   1.5150747800E-02  -1.2108791400E-02   2.4507949500E-02
   22      1.0575446780E-01  -2.4858455170E-01  -1.3718748100E-02   6.4226256000E-03  -4.7302551000E-03
   23      8.2345283000E-03  -1.0421999700E-02  -2.7153514500E-02   1.3931618600E-02  -1.4317879900E-02
   24     -1.5878542100E-02   2.6183645800E-02   2.3828991000E-03  -9.6584020700E-02   1.0025683020E-01
   25      4.3576403000E-03  -3.7505872000E-03  -1.4766906000E-03   1.0126043940E-01  -2.4143099630E-01
   26      1.0818138600E-02  -1.1022211400E-02  -6.7275844000E-03   4.4673845000E-03  -2.0095126700E-02
   27      6.1113850000E-04  -1.7091101000E-03   9.2310630000E-04   8.1585103000E-03  -1.1343105300E-02
   28      1.0616606000E-03   3.6868260000E-04  -8.7806630000E-04   8.8261592000E-03  -2.7089728100E-02
   29      5.5703780000E-04   3.9575700000E-05  -3.4920202000E-03  -3.6739419000E-03  -6.0556010000E-03
   30      1.2497010000E-04  -4.5853770000E-04  -1.1085771000E-03  -4.9018300000E-03  -1.2591580000E-04
   31      1.6739230000E-04   1.8979370000E-04  -7.0481950000E-04  -9.4214770000E-04   4.8058820000E-04
   32     -1.6134147000E-03  -1.5802623000E-03   4.8009940000E-04  -4.6790620000E-03   1.8502304000E-03
   33      1.5051690000E-04  -2.3393890000E-04  -9.2089090000E-04  -9.0769300000E-04   1.1063130000E-03
   34     -1.6290100000E-04  -2.0743210000E-04   2.8423160000E-04  -2.0196883000E-03   1.0679965000E-03
   35     -6.3905000000E-05   6.2266290000E-04   1.3246229000E-03   3.2354461000E-03   1.8671432000E-03
   36      6.6116550000E-04  -6.8184000000E-06  -4.0825155000E-03  -1.5528265000E-03  -4.3133370000E-04
   37      4.0343040000E-04   7.3263720000E-04  -5.1844900000E-05   4.8551520000E-04  -2.2615010000E-04
   38      2.0674024000E-03  -4.6501247000E-03  -2.1940439700E-02  -6.9921295000E-03  -2.5033236000E-03
   39     -5.5378080000E-04   2.5710358000E-03  -3.4045150000E-03  -4.6827240000E-04  -7.2577970000E-04
   40      6.9986110000E-04  -7.3359110000E-04   1.9795830000E-03   3.7011850000E-04   2.0340120000E-04
   41     -2.5329768000E-03   7.2615692000E-03  -1.2548544500E-02  -4.8360548000E-03  -2.9053910000E-04
   42     -1.0835421000E-03   6.8247600000E-05   2.8052422000E-03   1.7085959000E-03   7.8710080000E-04
   43     -7.9814160000E-04   9.3991900000E-05   1.1545927000E-03   1.0370942000E-03   5.4943710000E-04
   44      1.0227283000E-03  -1.0411939000E-03  -8.8836030000E-03  -7.2344382000E-03  -3.2982602000E-03
   45     -4.2810310000E-04  -1.8863020000E-04   5.6198260000E-04   7.1673090000E-04   5.3239150000E-04
   46      2.4905400000E-05  -8.9882750000E-04  -1.6636790000E-04  -6.5386740000E-04  -1.0240815000E-03
   47      3.9275930000E-04  -6.2968760000E-04  -2.9486616000E-03  -2.5821407000E-03  -1.0764546000E-03
                    5                  6                  7                  8                  9        
    0      1.7806833400E-01  -4.9974980500E-02  -2.5061967300E-02   5.1100751000E-03   6.9314085000E-03
    1     -4.1306337000E-03  -2.6384727500E-02  -5.1649760000E-04   8.7574060000E-03  -3.0739021000E-03
    2     -9.0918799200E-02   4.4921663000E-02   2.5648957300E-02   2.2904769000E-03  -1.0562710700E-02
    3     -1.6892911840E-01  -1.0819369010E-01  -9.8461440900E-02   5.7505309000E-03  -5.2038678200E-02
    4      4.8849565500E-02  -9.6491917000E-02  -2.5228410930E-01  -1.0447636000E-03  -2.6939173400E-02
    5      2.2468848300E-01  -7.0819847000E-03  -7.1008734000E-03  -3.5865041300E-02  -5.3594001000E-03
    6     -7.0819847000E-03   6.4262222660E-01  -1.4599975100E-02   1.6012493530E-01  -3.6207990360E-01
    7     -7.1008734000E-03  -1.4599975100E-02   6.0879578890E-01  -3.6572423600E-02   4.9090730600E-02
    8     -3.5865041300E-02   1.6012493530E-01  -3.6572423600E-02   2.0918217550E-01  -1.6861875210E-01
    9     -5.3594001000E-03  -3.6207990360E-01   4.9090730600E-02  -1.6861875210E-01   6.5783924830E-01
   10     -7.6175124000E-03   2.2642045100E-02  -8.1249863400E-02   2.8038848000E-03  -8.1003358000E-03
   11      1.5504030000E-03  -1.2729920650E-01   2.8611914300E-02  -8.3004743400E-02   2.1281313610E-01
   12      9.9229736000E-03   3.9322090500E-02   1.4220704800E-02   2.5574505700E-02  -1.4141606200E-02
   13      6.9526036000E-03   1.5406240300E-02   8.2168363000E-03   1.2115857200E-02  -2.9960973000E-03
   14     -1.8121109200E-02  -4.6487480900E-02  -1.5271657700E-02  -4.1844213800E-02   3.2361737000E-03
   15     -2.8419877400E-02  -3.8568948400E-02  -1.9696987000E-02  -1.0778400100E-02   5.5267900000E-03
   16     -9.3183565000E-03  -1.5500545600E-02  -5.0774336000E-03  -2.9521757000E-03   1.9437647000E-03
   17     -4.8034710900E-02  -2.5040481200E-02  -1.6594487400E-02  -1.9170087000E-02   7.3541875000E-03
   18      4.2493651000E-03  -5.1575429000E-03  -4.8782790000E-04   4.5749157000E-03   3.3112370000E-04
   19      6.6433100000E-04  -1.1344900000E-03   7.6706300000E-04   1.0490900000E-04   7.3356200000E-05
   20     -4.8158861000E-03   4.2982349000E-03  -2.3482575000E-03   5.6333108000E-03   1.7253194000E-03
   21      1.8089742000E-03  -9.2729300000E-04   1.1390024000E-03  -1.7852535000E-03   1.6616030000E-04
   22     -2.8034228000E-03  -1.8344757000E-03   1.0904272000E-03   5.3565650000E-04  -1.4396780000E-04
   23     -4.3939120000E-03  -3.0774962000E-03  -1.4784913000E-03  -3.5692530000E-03  -2.9316000000E-06
   24      1.4885638300E-02   8.3993574000E-03  -1.1215424300E-02  -1.1213233000E-03   6.1195340000E-04
   25     -2.2196385000E-02   9.0885123000E-03  -2.7787169800E-02  -1.5782863000E-03   1.2254834000E-03
   26     -3.3302724500E-02   3.8649581000E-03   4.6212076000E-03   1.3310732000E-03  -7.3354970000E-04
   27      5.4071690000E-04  -9.5424362300E-02   1.0054659030E-01  -1.0641745300E-02  -1.5962622900E-02
   28      3.0922920000E-04   1.0176294910E-01  -2.4564065130E-01   1.4938872900E-02   4.7410311000E-03
   29      9.4179470000E-04  -9.7167000000E-04   1.4036798200E-02  -3.3216118000E-02  -9.5310702000E-03
   30     -4.3366174000E-03  -1.7080808700E-02  -2.1232079500E-02  -5.8017076000E-03  -1.2775299400E-01
   31     -1.9401760000E-04  -1.8121320000E-04   1.1209700000E-03  -1.3089430000E-04  -1.2147244120E-01
   32      6.7589628000E-03  -9.4089429000E-03  -1.3136237500E-02  -4.5269811000E-03  -2.5354685600E-02
   33      1.8127069000E-03  -1.2469820000E-02   2.5379622500E-02  -6.7852460000E-04  -9.8895938900E-02
   34     -2.7479660000E-04   7.1537121000E-03  -5.8492154000E-03   2.5473678000E-03   1.0515955990E-01
   35     -3.8966636000E-03  -1.3450541700E-02   1.3135895300E-02  -3.3674554000E-03  -2.5631815000E-03
   36      7.3365300000E-04   1.3949600000E-03   7.8771950000E-04  -2.2031630000E-04  -9.1111610000E-04
   37     -3.6379700000E-04  -6.7038050000E-04  -2.4742440000E-04   1.1134910000E-04  -5.3988840000E-04
   38      3.3896264000E-03   6.0038832000E-03   3.0844817000E-03   1.6748890000E-03  -8.9717450000E-04
   39      1.0610478000E-03   5.5632620000E-04   4.4817780000E-04  -1.0147190000E-04  -5.6739570000E-04
   40     -8.5472500000E-05  -1.2923790000E-04  -3.4556960000E-04  -2.4642340000E-04  -5.7953700000E-05
   41      1.5317358000E-03   3.9395897000E-03   1.5591202000E-03   5.4348300000E-04  -4.5946520000E-04
   42      5.9783720000E-04  -1.4489631000E-03  -3.9651170000E-04  -6.1199380000E-04   7.8598340000E-04
   43     -2.2220390000E-04  -1.0461269000E-03  -4.9800870000E-04  -4.4303880000E-04   6.5766650000E-04
   44      1.2139659000E-03   6.5848056000E-03   1.9837552000E-03   3.2475709000E-03  -2.1707586000E-03
   45      4.4575100000E-04  -9.6864810000E-04  -4.6033400000E-04  -7.7547430000E-04   1.5758780000E-04
   46     -2.4682579000E-03   1.9196306000E-03  -4.9514230000E-04   1.0527023000E-03   4.3216720000E-04
   47     -7.2612480000E-04   3.0797345000E-03  -1.7970140000E-04   6.6091390000E-04   1.1248633000E-03
                   10                 11                 12                 13                 14        
    0     -3.7167923000E-03   9.1893286000E-03   3.1205746000E-03   1.9789426000E-03  -8.5582872000E-03
    1     -2.6788600000E-03  -3.2168036000E-03  -5.6150538000E-03  -1.9055662000E-03  -4.6256450000E-04
    2      5.6064645000E-03  -2.6661791400E-02  -5.3496027200E-02  -2.7367909300E-02   2.6914002400E-02
    3     -2.2982029400E-02  -4.5029959900E-02  -4.2319759000E-02  -2.0437742200E-02   2.4226537500E-02
    4      2.3422052000E-03  -2.5819090800E-02  -2.0664888400E-02  -6.1722412000E-03   1.7304803500E-02
    5     -7.6175124000E-03   1.5504030000E-03   9.9229736000E-03   6.9526036000E-03  -1.8121109200E-02
    6      2.2642045100E-02  -1.2729920650E-01   3.9322090500E-02   1.5406240300E-02  -4.6487480900E-02
    7     -8.1249863400E-02   2.8611914300E-02   1.4220704800E-02   8.2168363000E-03  -1.5271657700E-02
    8      2.8038848000E-03  -8.3004743400E-02   2.5574505700E-02   1.2115857200E-02  -4.1844213800E-02
    9     -8.1003358000E-03   2.1281313610E-01  -1.4141606200E-02  -2.9960973000E-03   3.2361737000E-03
   10      5.6578574130E-01   3.3806786900E-02   8.7213791000E-03  -9.3560817000E-03  -1.0817587100E-02
   11      3.3806786900E-02   1.4318733060E-01  -5.5895156000E-02  -2.0332520000E-02   4.6713115400E-02
   12      8.7213791000E-03  -5.5895156000E-02   5.7028478360E-01   8.6403468000E-03   1.5069180880E-01
   13     -9.3560817000E-03  -2.0332520000E-02   8.6403468000E-03   3.3805645390E-01   1.3073151900E-02
   14     -1.0817587100E-02   4.6713115400E-02   1.5069180880E-01   1.3073151900E-02   1.0831610570E-01
   15     -8.7532632000E-03   4.1142826500E-02  -2.7345162190E-01  -9.7107396700E-02  -4.7219506500E-02
   16     -3.7183081000E-03   1.6718674900E-02  -1.1459852260E-01  -1.2929534190E-01  -2.2926578900E-02
   17     -2.9382542000E-03   2.5690894400E-02   4.2282930700E-02   1.7168112400E-02  -6.3141489200E-02
   18     -5.9815790000E-04   1.3088793000E-03   7.2419590000E-04   5.4455450000E-04  -1.3013354000E-03
   19      4.8742800000E-05   3.7965620000E-04   4.2405070000E-04  -1.0566850000E-04   9.3074700000E-05
   20      1.3911218000E-03   9.2445050000E-04   5.9905170000E-04   8.8319590000E-04  -2.1724410000E-03
   21     -3.1509850000E-04   8.8784430000E-04   7.4390530000E-04   1.1571513000E-03  -8.3550240000E-04
   22     -2.0341210000E-04  -3.6566050000E-04  -1.8808160000E-04   6.9071000000E-06   3.9209500000E-05
   23     -7.0462590000E-04   1.0874808000E-03   1.9289878000E-03   1.1627427000E-03  -1.2936223000E-03
   24     -1.7592691000E-03  -1.1963019000E-03  -1.2043823000E-03  -3.8403950000E-04   8.4437460000E-04
   25      4.4722600000E-04   1.0545588000E-03   2.4210470000E-04  -6.8120260000E-04   1.2014060000E-04
   26      2.4182240000E-04  -3.6482143000E-03  -1.9101202000E-03  -8.4121820000E-04   1.8703703000E-03
   27      2.6138057400E-02  -1.2656897000E-03   6.5653990000E-04   9.2380050000E-04  -1.0008600000E-03
   28     -4.0611625000E-03   1.4821928000E-03   5.8264870000E-04  -7.8383130000E-04  -1.9159300000E-05
   29      1.0148804000E-02  -5.1952020000E-03  -2.5112721000E-03  -9.3064780000E-04   2.2874288000E-03
   30     -1.1990126770E-01  -2.9160817200E-02  -2.5478766000E-03  -3.2326458000E-03   9.3943460000E-04
   31     -2.1538884640E-01  -3.4954881500E-02  -4.6564490000E-04  -1.4729258000E-03   3.6964230000E-04
   32     -3.1787606600E-02  -3.9467865800E-02   4.0544186000E-03   3.9654500000E-03  -2.2816930000E-04
   33      1.0674763090E-01  -9.4055206000E-03  -3.4854305000E-03   1.5941360000E-03   3.1277254000E-03
   34     -2.4842199870E-01   2.9581748000E-03   3.4973750000E-04  -5.8276390000E-04  -1.0760600000E-05
   35     -8.3299480000E-04  -2.6601224700E-02   6.0228822000E-03  -2.3006007000E-03  -6.0138742000E-03
   36      4.0098660000E-04  -2.1175380000E-03  -3.0741050400E-02   8.0136365000E-03   6.6019411000E-03
   37     -5.5228640000E-04   5.3671750000E-04  -1.0611951500E-02   6.2306631000E-03   2.2654467000E-03
   38      1.4308111000E-03  -6.2053292000E-03  -1.2118668000E-02  -7.3102766000E-03   4.5582894000E-03
   39     -3.5387810000E-04  -5.6442020000E-04  -4.3426296000E-03  -2.6332980200E-02   8.3914370000E-04
   40     -2.4773410000E-04   6.2927800000E-05  -4.1320641000E-03  -1.9312486300E-02  -2.9730990000E-04
   41      8.8165140000E-04  -3.9286130000E-03  -7.0235312000E-03  -3.0966775000E-03   4.0885859000E-03
   42     -4.7869690000E-04   3.4705072000E-03  -2.2191550800E-01   1.0537732030E-01  -8.3380078500E-02
   43     -1.7276220000E-04   2.7904968000E-03   1.1330783280E-01  -8.9104283700E-02   3.9525088000E-02
   44      5.1658399000E-03  -1.6541279700E-02  -1.0347956280E-01   3.6855226300E-02  -4.2298208500E-02
   45      2.3086899000E-03   3.1220882000E-03  -2.0702225400E-02   6.8547730000E-03  -1.7240885000E-03
   46     -2.5725997000E-03  -3.7131444000E-03   9.7874019000E-03  -9.3738467400E-02  -2.2984939300E-02
   47     -6.7786057000E-03  -7.8994112000E-03  -4.6432216000E-03  -2.9996490000E-02  -1.9634770300E-02
                   15                 16                 17                 18                 19        
    0     -1.5330544100E-02  -2.9506249000E-03  -3.0603247000E-03  -1.2862675710E-01  -1.2208983450E-01
    1      3.9942204000E-03  -1.6056294900E-02   8.5348013000E-03  -1.2111167390E-01  -2.1692859510E-01
    2      7.1201336000E-02   2.3046107000E-02   5.9709943500E-02   2.4238155300E-02   2.5330649000E-02
    3      4.3638756500E-02   1.4327102900E-02   5.0849857900E-02  -1.6167614000E-02  -7.3580430000E-04
    4      1.5557202900E-02   6.3584675000E-03   1.8137251000E-02  -2.1018883800E-02   1.8607300000E-04
    5     -2.8419877400E-02  -9.3183565000E-03  -4.8034710900E-02   4.2493651000E-03   6.6433100000E-04
    6     -3.8568948400E-02  -1.5500545600E-02  -2.5040481200E-02  -5.1575429000E-03  -1.1344900000E-03
    7     -1.9696987000E-02  -5.0774336000E-03  -1.6594487400E-02  -4.8782790000E-04   7.6706300000E-04
    8     -1.0778400100E-02  -2.9521757000E-03  -1.9170087000E-02   4.5749157000E-03   1.0490900000E-04
    9      5.5267900000E-03   1.9437647000E-03   7.3541875000E-03   3.3112370000E-04   7.3356200000E-05
   10     -8.7532632000E-03  -3.7183081000E-03  -2.9382542000E-03  -5.9815790000E-04   4.8742800000E-05
   11      4.1142826500E-02   1.6718674900E-02   2.5690894400E-02   1.3088793000E-03   3.7965620000E-04
   12     -2.7345162190E-01  -1.1459852260E-01   4.2282930700E-02   7.2419590000E-04   4.2405070000E-04
   13     -9.7107396700E-02  -1.2929534190E-01   1.7168112400E-02   5.4455450000E-04  -1.0566850000E-04
   14     -4.7219506500E-02  -2.2926578900E-02  -6.3141489200E-02  -1.3013354000E-03   9.3074700000E-05
   15      5.6963289240E-01   1.9134253300E-02  -1.4496175060E-01  -3.6469197000E-03  -6.3587500000E-05
   16      1.9134253300E-02   5.8191888090E-01   5.9894120000E-03  -3.3598640000E-03  -3.2587060000E-04
   17     -1.4496175060E-01   5.9894120000E-03   1.1259359560E-01  -2.2497941000E-03  -2.8843970000E-04
   18     -3.6469197000E-03  -3.3598640000E-03  -2.2497941000E-03   1.4540547590E-01   1.3647309900E-01
   19     -6.3587500000E-05  -3.2587060000E-04  -2.8843970000E-04   1.3647309900E-01   2.3794815780E-01
   20     -6.3320092000E-03  -5.2164481000E-03  -2.3313025000E-03  -2.7917065500E-02  -2.9353159100E-02
   21     -3.7518383000E-03   2.5060502000E-03  -3.8109239000E-03   6.9326434000E-03  -1.4096743900E-02
   22      7.6667750000E-04  -4.4238220000E-04   5.2715020000E-04   1.0002532800E-02  -2.4039460200E-02
   23     -7.0214278000E-03   4.0390664000E-03  -7.1185844000E-03  -8.8557410000E-04   3.1027724000E-03
   24      1.0261037000E-03   5.1230290000E-04   1.1072084000E-03   3.7545740000E-04   7.7344770000E-04
   25      2.3134180000E-04  -1.0613050000E-04  -1.4922280000E-04  -5.9672830000E-04   1.0533827000E-03
   26      2.3866718000E-03   6.0953440000E-04   2.7373345000E-03  -1.2575466000E-03  -1.1342510000E-04
   27     -8.2247180000E-04  -1.8155180000E-04  -7.6386740000E-04  -1.9140200000E-05   1.6176510000E-04
   28     -6.8310300000E-05  -4.4794450000E-04  -2.3705890000E-04   1.4180580000E-04   5.9310270000E-04
   29      2.0222103000E-03   6.7767890000E-04   1.9366870000E-03  -5.5487100000E-05  -1.8965000000E-06
   30      3.2448830000E-04   4.3685100000E-05   1.0054662000E-03   3.3083100000E-04   8.2054800000E-05
   31      4.1981100000E-04  -1.9703020000E-04   4.9843800000E-05   1.3447170000E-04   1.1719510000E-04
   32      2.6710040000E-04  -1.3717010000E-04  -1.6375602000E-03  -8.3609370000E-04  -1.6162170000E-04
   33      8.9576230000E-04   4.6767980000E-04   8.8125930000E-04   2.1109500000E-05  -5.9614000000E-05
   34     -3.2914500000E-05   3.0492570000E-04   7.0087700000E-05  -9.8856800000E-05   9.3663900000E-05
   35     -1.8754195000E-03  -8.1688300000E-04  -1.5364045000E-03   2.4971700000E-04  -9.4422400000E-05
   36     -2.1358764950E-01   1.0439527830E-01   8.3286233400E-02   5.0421500000E-05  -7.7770200000E-05
   37      1.0406363710E-01  -1.0296594530E-01  -4.4817735000E-02   3.5761300000E-05  -4.4896020000E-04
   38      1.0129505690E-01  -4.1033959800E-02  -4.6430490000E-02   4.2599000000E-05  -1.4663020000E-04
   39     -4.0672400400E-02   7.7685296000E-03   5.1778772000E-03  -4.9913570000E-04   2.0172080000E-04
   40      6.1020378000E-03  -3.0397889680E-01   2.1892038000E-02  -5.4485300000E-05   7.2613250000E-04
   41      1.2274370000E-02   2.8202731900E-02  -2.2155809100E-02  -4.0222310000E-04   3.8338140000E-04
   42     -2.9389347700E-02   6.6150627000E-03  -7.0039512000E-03  -2.2054000000E-06  -1.0526400000E-05
   43     -1.2998502600E-02   4.0206211000E-03  -2.4865199000E-03  -3.4279800000E-05   4.1486000000E-05
   44      1.3760298800E-02   7.3825971000E-03   6.4168144000E-03   1.9209420000E-04   6.8392700000E-05
   45     -1.8230514000E-03  -2.1122600500E-02  -5.0539274000E-03  -5.1943300000E-05   7.8876500000E-05
   46     -1.1548219900E-02  -2.9991316800E-02  -4.8569785000E-03   2.8532600000E-05   2.7355530000E-04
   47      2.2585204000E-03  -4.2642307000E-03   2.4711683000E-03   4.9394000000E-05   3.2428200000E-05
                   20                 21                 22                 23                 24        
    0      1.9443420000E-02  -9.9676084200E-02   1.0575446780E-01   8.2345283000E-03  -1.5878542100E-02
    1      2.2452079100E-02   1.0712282540E-01  -2.4858455170E-01  -1.0421999700E-02   2.6183645800E-02
    2     -3.5257650700E-02   1.5150747800E-02  -1.3718748100E-02  -2.7153514500E-02   2.3828991000E-03
    3      1.1030522000E-02  -1.2108791400E-02   6.4226256000E-03   1.3931618600E-02  -9.6584020700E-02
    4      1.4665571200E-02   2.4507949500E-02  -4.7302551000E-03  -1.4317879900E-02   1.0025683020E-01
    5     -4.8158861000E-03   1.8089742000E-03  -2.8034228000E-03  -4.3939120000E-03   1.4885638300E-02
    6      4.2982349000E-03  -9.2729300000E-04  -1.8344757000E-03  -3.0774962000E-03   8.3993574000E-03
    7     -2.3482575000E-03   1.1390024000E-03   1.0904272000E-03  -1.4784913000E-03  -1.1215424300E-02
    8      5.6333108000E-03  -1.7852535000E-03   5.3565650000E-04  -3.5692530000E-03  -1.1213233000E-03
    9      1.7253194000E-03   1.6616030000E-04  -1.4396780000E-04  -2.9316000000E-06   6.1195340000E-04
   10      1.3911218000E-03  -3.1509850000E-04  -2.0341210000E-04  -7.0462590000E-04  -1.7592691000E-03
   11      9.2445050000E-04   8.8784430000E-04  -3.6566050000E-04   1.0874808000E-03  -1.1963019000E-03
   12      5.9905170000E-04   7.4390530000E-04  -1.8808160000E-04   1.9289878000E-03  -1.2043823000E-03
   13      8.8319590000E-04   1.1571513000E-03   6.9071000000E-06   1.1627427000E-03  -3.8403950000E-04
   14     -2.1724410000E-03  -8.3550240000E-04   3.9209500000E-05  -1.2936223000E-03   8.4437460000E-04
   15     -6.3320092000E-03  -3.7518383000E-03   7.6667750000E-04  -7.0214278000E-03   1.0261037000E-03
   16     -5.2164481000E-03   2.5060502000E-03  -4.4238220000E-04   4.0390664000E-03   5.1230290000E-04
   17     -2.3313025000E-03  -3.8109239000E-03   5.2715020000E-04  -7.1185844000E-03   1.1072084000E-03
   18     -2.7917065500E-02   6.9326434000E-03   1.0002532800E-02  -8.8557410000E-04   3.7545740000E-04
   19     -2.9353159100E-02  -1.4096743900E-02  -2.4039460200E-02   3.1027724000E-03   7.7344770000E-04
   20      3.8232375600E-02  -3.8495550000E-04  -1.6226572000E-03   1.9755152000E-03  -1.6075881000E-03
   21     -3.8495550000E-04   1.1133777060E-01  -1.2040870010E-01  -1.6489260000E-02  -2.6960027000E-03
   22     -1.6226572000E-03  -1.2040870010E-01   2.7425159920E-01   1.7153511600E-02   6.9739670000E-04
   23      1.9755152000E-03  -1.6489260000E-02   1.7153511600E-02   3.6828107500E-02   6.0442331000E-03
   24     -1.6075881000E-03  -2.6960027000E-03   6.9739670000E-04   6.0442331000E-03   1.0817332570E-01
   25      4.3993160000E-04  -4.2167400000E-05   9.1293250000E-04  -4.1048680000E-04  -1.1219034960E-01
   26     -2.4472369000E-03   5.1873592000E-03  -1.2990510000E-04   5.7558746000E-03  -2.1903443500E-02
   27      3.0593500000E-05  -5.7472640000E-04  -2.5581230000E-04   3.6566500000E-05  -1.7995208000E-03
   28     -4.6665620000E-04  -8.2597390000E-04   3.9346700000E-04   5.2547130000E-04  -2.3694012000E-03
   29     -1.5775890000E-04   4.5141570000E-04   3.3609350000E-04   2.6374940000E-04   9.0209060000E-04
   30      8.0633280000E-04   3.0849100000E-05  -8.7297400000E-05  -2.6381190000E-04  -2.0416000000E-05
   31      1.3213780000E-04  -4.1761600000E-05   8.7511800000E-05   1.1562280000E-04   1.2098900000E-04
   32      1.5079000000E-04   1.1479840000E-04   9.0010000000E-06   1.6546860000E-04  -3.2190500000E-05
   33     -7.3174100000E-05   2.8778040000E-04  -2.0956120000E-04  -7.1492700000E-05  -5.9396130000E-04
   34      9.9777000000E-06  -2.1252460000E-04  -7.6332100000E-05   6.6359900000E-05  -2.5290660000E-04
   35      7.9187400000E-05   7.3019900000E-05  -5.6676400000E-05  -1.0440690000E-04   8.0233200000E-05
   36     -2.3418450000E-04   3.8758250000E-04  -2.3410680000E-04  -1.7012820000E-03   7.4546000000E-05
   37     -2.6515500000E-04   1.0676070000E-04   8.0773800000E-04   1.1911465000E-03  -2.5067000000E-04
   38      8.5269600000E-05  -9.7367000000E-05   1.7393690000E-04  -1.7564596000E-03  -3.3257420000E-04
   39     -9.3650220000E-04  -2.1687740000E-04  -1.7801790000E-04  -3.7872420000E-04  -1.1479700000E-05
   40     -4.7812040000E-04  -9.6252100000E-05   2.0943180000E-04  -5.5129900000E-05  -1.3200990000E-04
   41     -9.0001000000E-06  -5.1704960000E-04  -1.2832570000E-04  -1.1645226000E-03   1.6113470000E-04
   42     -3.1285660000E-04  -3.3885000000E-06  -2.1746310000E-04  -3.2981850000E-04   1.7692470000E-04
   43     -1.9453790000E-04  -4.5467700000E-05  -9.9338500000E-05  -1.0453780000E-04  -2.3939000000E-06
   44      1.6551500000E-05   3.0794210000E-04  -1.3578430000E-04   3.3325290000E-04  -1.8512920000E-04
   45     -1.3513850000E-04   6.8310300000E-05   1.1378380000E-04   4.5884700000E-05  -4.9342700000E-05
   46     -2.9023800000E-05  -4.5504970000E-04   4.1571740000E-04   1.3645780000E-04   1.1851700000E-05
   47      9.3825600000E-05  -6.1789800000E-05   1.8662080000E-04   1.4482640000E-04  -2.9261200000E-05
                   25                 26                 27                 28                 29        
    0      4.3576403000E-03   1.0818138600E-02   6.1113850000E-04   1.0616606000E-03   5.5703780000E-04
    1     -3.7505872000E-03  -1.1022211400E-02  -1.7091101000E-03   3.6868260000E-04   3.9575700000E-05
    2     -1.4766906000E-03  -6.7275844000E-03   9.2310630000E-04  -8.7806630000E-04  -3.4920202000E-03
    3      1.0126043940E-01   4.4673845000E-03   8.1585103000E-03   8.8261592000E-03  -3.6739419000E-03
    4     -2.4143099630E-01  -2.0095126700E-02  -1.1343105300E-02  -2.7089728100E-02  -6.0556010000E-03
    5     -2.2196385000E-02  -3.3302724500E-02   5.4071690000E-04   3.0922920000E-04   9.4179470000E-04
    6      9.0885123000E-03   3.8649581000E-03  -9.5424362300E-02   1.0176294910E-01  -9.7167000000E-04
    7     -2.7787169800E-02   4.6212076000E-03   1.0054659030E-01  -2.4564065130E-01   1.4036798200E-02
    8     -1.5782863000E-03   1.3310732000E-03  -1.0641745300E-02   1.4938872900E-02  -3.3216118000E-02
    9      1.2254834000E-03  -7.3354970000E-04  -1.5962622900E-02   4.7410311000E-03  -9.5310702000E-03
   10      4.4722600000E-04   2.4182240000E-04   2.6138057400E-02  -4.0611625000E-03   1.0148804000E-02
   11      1.0545588000E-03  -3.6482143000E-03  -1.2656897000E-03   1.4821928000E-03  -5.1952020000E-03
   12      2.4210470000E-04  -1.9101202000E-03   6.5653990000E-04   5.8264870000E-04  -2.5112721000E-03
   13     -6.8120260000E-04  -8.4121820000E-04   9.2380050000E-04  -7.8383130000E-04  -9.3064780000E-04
   14      1.2014060000E-04   1.8703703000E-03  -1.0008600000E-03  -1.9159300000E-05   2.2874288000E-03
   15      2.3134180000E-04   2.3866718000E-03  -8.2247180000E-04  -6.8310300000E-05   2.0222103000E-03
   16     -1.0613050000E-04   6.0953440000E-04  -1.8155180000E-04  -4.4794450000E-04   6.7767890000E-04
   17     -1.4922280000E-04   2.7373345000E-03  -7.6386740000E-04  -2.3705890000E-04   1.9366870000E-03
   18     -5.9672830000E-04  -1.2575466000E-03  -1.9140200000E-05   1.4180580000E-04  -5.5487100000E-05
   19      1.0533827000E-03  -1.1342510000E-04   1.6176510000E-04   5.9310270000E-04  -1.8965000000E-06
   20      4.3993160000E-04  -2.4472369000E-03   3.0593500000E-05  -4.6665620000E-04  -1.5775890000E-04
   21     -4.2167400000E-05   5.1873592000E-03  -5.7472640000E-04  -8.2597390000E-04   4.5141570000E-04
   22      9.1293250000E-04  -1.2990510000E-04  -2.5581230000E-04   3.9346700000E-04   3.3609350000E-04
   23     -4.1048680000E-04   5.7558746000E-03   3.6566500000E-05   5.2547130000E-04   2.6374940000E-04
   24     -1.1219034960E-01  -2.1903443500E-02  -1.7995208000E-03  -2.3694012000E-03   9.0209060000E-04
   25      2.7323394800E-01   2.5803716400E-02  -2.4706527000E-03  -3.5513391000E-03  -1.6628034000E-03
   26      2.5803716400E-02   3.0091507200E-02  -7.6490470000E-04   1.3827078000E-03   5.1934270000E-03
   27     -2.4706527000E-03  -7.6490470000E-04   1.0754750290E-01  -1.1295375850E-01   1.6729913900E-02
   28     -3.5513391000E-03   1.3827078000E-03  -1.1295375850E-01   2.7712047390E-01  -1.7081487900E-02
   29     -1.6628034000E-03   5.1934270000E-03   1.6729913900E-02  -1.7081487900E-02   2.8445596800E-02
   30      1.2307220000E-04   5.8395100000E-05   3.6748330000E-04  -6.8661630000E-04   1.2078206000E-03
   31      5.8398090000E-04   6.3147000000E-06   7.7627900000E-04   9.7382240000E-04   2.5039340000E-04
   32      5.5768400000E-04  -2.0216870000E-04   1.5903581000E-03  -3.2349180000E-04  -2.7588242000E-03
   33     -8.7989010000E-04  -4.5780980000E-04  -2.9418115000E-03   7.3712000000E-05  -4.9933888000E-03
   34      4.7762620000E-04  -2.9516030000E-04   1.1105465000E-03   8.4704950000E-04  -2.1835720000E-04
   35     -5.4984780000E-04   3.2643460000E-04  -5.8835120000E-03   1.5719690000E-04   6.5664433000E-03
   36     -1.7607470000E-04   1.8410410000E-04   1.3937470000E-04  -1.1941260000E-04  -5.7202300000E-05
   37      9.3100500000E-05  -1.6869280000E-04  -5.6247000000E-05   1.0109170000E-04   1.1741820000E-04
   38      1.3344900000E-04  -3.6198700000E-05   1.7664440000E-04   6.3662000000E-05  -4.1849220000E-04
   39      1.3190000000E-05   5.3293300000E-05  -7.0247800000E-05   2.1853800000E-05  -2.6273100000E-05
   40      3.1826920000E-04   3.5207000000E-06  -5.7550300000E-05   1.5921430000E-04  -3.6970600000E-05
   41     -5.8611000000E-05  -4.3786780000E-04   6.0808100000E-05  -1.3974960000E-04  -1.6522430000E-04
   42     -1.3219640000E-04   3.6656800000E-05   7.1935400000E-05  -1.5009980000E-04  -1.3236160000E-04
   43      1.3387220000E-04  -1.0388750000E-04  -2.0553770000E-04   1.2312300000E-05   3.2657310000E-04
   44     -5.1351400000E-05  -3.5349680000E-04   3.1698810000E-04  -1.6495920000E-04  -1.9366970000E-04
   45     -5.3725100000E-05  -2.9587000000E-05   6.2418400000E-05  -3.8247700000E-05   8.2178100000E-05
   46      5.3087300000E-05   1.0080290000E-04  -4.2371300000E-04   1.0054404000E-03   5.4429300000E-05
   47      2.4204700000E-05  -1.5052920000E-04  -8.5116700000E-05   4.5129630000E-04  -3.7817500000E-05
                   30                 31                 32                 33                 34        
    0      1.2497010000E-04   1.6739230000E-04  -1.6134147000E-03   1.5051690000E-04  -1.6290100000E-04
    1     -4.5853770000E-04   1.8979370000E-04  -1.5802623000E-03  -2.3393890000E-04  -2.0743210000E-04
    2     -1.1085771000E-03  -7.0481950000E-04   4.8009940000E-04  -9.2089090000E-04   2.8423160000E-04
    3     -4.9018300000E-03  -9.4214770000E-04  -4.6790620000E-03  -9.0769300000E-04  -2.0196883000E-03
    4     -1.2591580000E-04   4.8058820000E-04   1.8502304000E-03   1.1063130000E-03   1.0679965000E-03
    5     -4.3366174000E-03  -1.9401760000E-04   6.7589628000E-03   1.8127069000E-03  -2.7479660000E-04
    6     -1.7080808700E-02  -1.8121320000E-04  -9.4089429000E-03  -1.2469820000E-02   7.1537121000E-03
    7     -2.1232079500E-02   1.1209700000E-03  -1.3136237500E-02   2.5379622500E-02  -5.8492154000E-03
    8     -5.8017076000E-03  -1.3089430000E-04  -4.5269811000E-03  -6.7852460000E-04   2.5473678000E-03
    9     -1.2775299400E-01  -1.2147244120E-01  -2.5354685600E-02  -9.8895938900E-02   1.0515955990E-01
   10     -1.1990126770E-01  -2.1538884640E-01  -3.1787606600E-02   1.0674763090E-01  -2.4842199870E-01
   11     -2.9160817200E-02  -3.4954881500E-02  -3.9467865800E-02  -9.4055206000E-03   2.9581748000E-03
   12     -2.5478766000E-03  -4.6564490000E-04   4.0544186000E-03  -3.4854305000E-03   3.4973750000E-04
   13     -3.2326458000E-03  -1.4729258000E-03   3.9654500000E-03   1.5941360000E-03  -5.8276390000E-04
   14      9.3943460000E-04   3.6964230000E-04  -2.2816930000E-04   3.1277254000E-03  -1.0760600000E-05
   15      3.2448830000E-04   4.1981100000E-04   2.6710040000E-04   8.9576230000E-04  -3.2914500000E-05
   16      4.3685100000E-05  -1.9703020000E-04  -1.3717010000E-04   4.6767980000E-04   3.0492570000E-04
   17      1.0054662000E-03   4.9843800000E-05  -1.6375602000E-03   8.8125930000E-04   7.0087700000E-05
   18      3.3083100000E-04   1.3447170000E-04  -8.3609370000E-04   2.1109500000E-05  -9.8856800000E-05
   19      8.2054800000E-05   1.1719510000E-04  -1.6162170000E-04  -5.9614000000E-05   9.3663900000E-05
   20      8.0633280000E-04   1.3213780000E-04   1.5079000000E-04  -7.3174100000E-05   9.9777000000E-06
   21      3.0849100000E-05  -4.1761600000E-05   1.1479840000E-04   2.8778040000E-04  -2.1252460000E-04
   22     -8.7297400000E-05   8.7511800000E-05   9.0010000000E-06  -2.0956120000E-04  -7.6332100000E-05
   23     -2.6381190000E-04   1.1562280000E-04   1.6546860000E-04  -7.1492700000E-05   6.6359900000E-05
   24     -2.0416000000E-05   1.2098900000E-04  -3.2190500000E-05  -5.9396130000E-04  -2.5290660000E-04
   25      1.2307220000E-04   5.8398090000E-04   5.5768400000E-04  -8.7989010000E-04   4.7762620000E-04
   26      5.8395100000E-05   6.3147000000E-06  -2.0216870000E-04  -4.5780980000E-04  -2.9516030000E-04
   27      3.6748330000E-04   7.7627900000E-04   1.5903581000E-03  -2.9418115000E-03   1.1105465000E-03
   28     -6.8661630000E-04   9.7382240000E-04  -3.2349180000E-04   7.3712000000E-05   8.4704950000E-04
   29      1.2078206000E-03   2.5039340000E-04  -2.7588242000E-03  -4.9933888000E-03  -2.1835720000E-04
   30      1.4452879650E-01   1.3470759970E-01   3.4760682700E-02   6.8511402000E-03   1.0079586700E-02
   31      1.3470759970E-01   2.3583939640E-01   3.9697169400E-02  -1.3610231700E-02  -2.3567925100E-02
   32      3.4760682700E-02   3.9697169400E-02   4.0094527300E-02  -2.8304730000E-04   5.3375590000E-04
   33      6.8511402000E-03  -1.3610231700E-02  -2.8304730000E-04   1.1075750410E-01  -1.2056895220E-01
   34      1.0079586700E-02  -2.3567925100E-02   5.3375590000E-04  -1.2056895220E-01   2.7515760680E-01
   35      1.3041067000E-03  -4.3103019000E-03   2.2171773000E-03   1.0733460100E-02  -5.3152500000E-03
   36     -1.8848400000E-05   3.5698800000E-05   2.0434260000E-04   4.9316800000E-05  -1.9658760000E-04
   37     -1.1905240000E-04   1.5519890000E-04   2.4067480000E-04  -1.0661740000E-04  -1.7839700000E-05
   38     -4.9524700000E-05  -7.3402600000E-05  -1.2374720000E-04  -2.1352850000E-04   5.3599100000E-05
   39     -6.8714700000E-05   6.4765800000E-05   1.6850470000E-04  -8.8141800000E-05  -6.1587000000E-05
   40      5.4509300000E-05   1.6195950000E-04   2.0431600000E-05  -1.3386360000E-04   1.6276250000E-04
   41     -5.8189500000E-05  -9.4356400000E-05  -7.7953000000E-05  -4.0091200000E-05   5.8205700000E-05
   42      4.1581900000E-05  -4.2824300000E-05   2.7165680000E-04   4.3328910000E-04  -2.5707340000E-04
   43     -1.1775210000E-04  -3.5420960000E-04   2.1918770000E-04   1.1071480000E-04   8.0937080000E-04
   44      1.5826880000E-04   6.6547600000E-05  -2.1080650000E-04   6.8067000000E-06  -4.7245700000E-05
   45     -2.0865210000E-04   3.2925720000E-04   7.7557460000E-04  -6.3622400000E-05   1.0849100000E-05
   46      8.7065690000E-04   1.2705202000E-03   3.2805200000E-05   3.2286020000E-04  -1.9749480000E-04
   47      5.3873800000E-04  -2.2499790000E-04  -6.3294940000E-04   5.7551010000E-04  -4.2018970000E-04
                   35                 36                 37                 38                 39        
    0     -6.3905000000E-05   6.6116550000E-04   4.0343040000E-04   2.0674024000E-03  -5.5378080000E-04
    1      6.2266290000E-04  -6.8184000000E-06   7.3263720000E-04  -4.6501247000E-03   2.5710358000E-03
    2      1.3246229000E-03  -4.0825155000E-03  -5.1844900000E-05  -2.1940439700E-02  -3.4045150000E-03
    3      3.2354461000E-03  -1.5528265000E-03   4.8551520000E-04  -6.9921295000E-03  -4.6827240000E-04
    4      1.8671432000E-03  -4.3133370000E-04  -2.2615010000E-04  -2.5033236000E-03  -7.2577970000E-04
    5     -3.8966636000E-03   7.3365300000E-04  -3.6379700000E-04   3.3896264000E-03   1.0610478000E-03
    6     -1.3450541700E-02   1.3949600000E-03  -6.7038050000E-04   6.0038832000E-03   5.5632620000E-04
    7      1.3135895300E-02   7.8771950000E-04  -2.4742440000E-04   3.0844817000E-03   4.4817780000E-04
    8     -3.3674554000E-03  -2.2031630000E-04   1.1134910000E-04   1.6748890000E-03  -1.0147190000E-04
    9     -2.5631815000E-03  -9.1111610000E-04  -5.3988840000E-04  -8.9717450000E-04  -5.6739570000E-04
   10     -8.3299480000E-04   4.0098660000E-04  -5.5228640000E-04   1.4308111000E-03  -3.5387810000E-04
   11     -2.6601224700E-02  -2.1175380000E-03   5.3671750000E-04  -6.2053292000E-03  -5.6442020000E-04
   12      6.0228822000E-03  -3.0741050400E-02  -1.0611951500E-02  -1.2118668000E-02  -4.3426296000E-03
   13     -2.3006007000E-03   8.0136365000E-03   6.2306631000E-03  -7.3102766000E-03  -2.6332980200E-02
   14     -6.0138742000E-03   6.6019411000E-03   2.2654467000E-03   4.5582894000E-03   8.3914370000E-04
   15     -1.8754195000E-03  -2.1358764950E-01   1.0406363710E-01   1.0129505690E-01  -4.0672400400E-02
   16     -8.1688300000E-04   1.0439527830E-01  -1.0296594530E-01  -4.1033959800E-02   7.7685296000E-03
   17     -1.5364045000E-03   8.3286233400E-02  -4.4817735000E-02  -4.6430490000E-02   5.1778772000E-03
   18      2.4971700000E-04   5.0421500000E-05   3.5761300000E-05   4.2599000000E-05  -4.9913570000E-04
   19     -9.4422400000E-05  -7.7770200000E-05  -4.4896020000E-04  -1.4663020000E-04   2.0172080000E-04
   20      7.9187400000E-05  -2.3418450000E-04  -2.6515500000E-04   8.5269600000E-05  -9.3650220000E-04
   21      7.3019900000E-05   3.8758250000E-04   1.0676070000E-04  -9.7367000000E-05  -2.1687740000E-04
   22     -5.6676400000E-05  -2.3410680000E-04   8.0773800000E-04   1.7393690000E-04  -1.7801790000E-04
   23     -1.0440690000E-04  -1.7012820000E-03   1.1911465000E-03  -1.7564596000E-03  -3.7872420000E-04
   24      8.0233200000E-05   7.4546000000E-05  -2.5067000000E-04  -3.3257420000E-04  -1.1479700000E-05
   25     -5.4984780000E-04  -1.7607470000E-04   9.3100500000E-05   1.3344900000E-04   1.3190000000E-05
   26      3.2643460000E-04   1.8410410000E-04  -1.6869280000E-04  -3.6198700000E-05   5.3293300000E-05
   27     -5.8835120000E-03   1.3937470000E-04  -5.6247000000E-05   1.7664440000E-04  -7.0247800000E-05
   28      1.5719690000E-04  -1.1941260000E-04   1.0109170000E-04   6.3662000000E-05   2.1853800000E-05
   29      6.5664433000E-03  -5.7202300000E-05   1.1741820000E-04  -4.1849220000E-04  -2.6273100000E-05
   30      1.3041067000E-03  -1.8848400000E-05  -1.1905240000E-04  -4.9524700000E-05  -6.8714700000E-05
   31     -4.3103019000E-03   3.5698800000E-05   1.5519890000E-04  -7.3402600000E-05   6.4765800000E-05
   32      2.2171773000E-03   2.0434260000E-04   2.4067480000E-04  -1.2374720000E-04   1.6850470000E-04
   33      1.0733460100E-02   4.9316800000E-05  -1.0661740000E-04  -2.1352850000E-04  -8.8141800000E-05
   34     -5.3152500000E-03  -1.9658760000E-04  -1.7839700000E-05   5.3599100000E-05  -6.1587000000E-05
   35      3.3164635200E-02   2.1997850000E-04   5.5926300000E-05   3.4554150000E-04   1.1297600000E-04
   36      2.1997850000E-04   2.4872056920E-01  -1.1211914520E-01  -8.4883547500E-02  -1.0469697000E-03
   37      5.5926300000E-05  -1.1211914520E-01   1.1152248410E-01   4.9727721900E-02   2.3042160600E-02
   38      3.4554150000E-04  -8.4883547500E-02   4.9727721900E-02   6.3686007200E-02  -1.5582092000E-03
