
$orca_hessian_file

$act_atom
  0

$act_coord
  0

$act_energy
      -21.140629

$multiplicity
  1

$hessian
48
                    0                  1                  2                  3                  4        
    0      6.5350888220E-01   1.1885230000E-02   2.2611556630E-01  -3.8610987770E-01   2.2702360400E-02
    1      1.1885230000E-02   3.7365262440E-01  -4.0836682000E-03  -5.4227075000E-03  -7.0969172600E-02
    2      2.2611556630E-01  -4.0836682000E-03   2.3074636380E-01  -6.4792270800E-02   4.0183564000E-03
    3     -3.8610987770E-01  -5.4227075000E-03  -6.4792270800E-02   6.8395332330E-01  -3.4065796000E-03
    4      2.2702360400E-02  -7.0969172600E-02   4.0183564000E-03  -3.4065796000E-03   5.8176090670E-01
    5      1.4414791500E-02  -6.5825350000E-04  -3.6663848900E-02   4.6169437100E-02   4.4004442000E-03
    6     -5.3570483600E-02  -2.7513173700E-02  -1.3506308600E-02  -1.0173749850E-01  -8.6565052700E-02
    7     -2.3390669800E-02  -2.1729618000E-03  -6.1519001000E-03  -8.7291594600E-02  -2.3363406220E-01
    8     -1.1137945000E-02   1.3013424000E-03   2.8131340000E-04   3.2600144300E-02   1.2184070500E-02
    9      8.1091380000E-04  -4.4061600000E-05  -2.5237007000E-03  -2.2148311000E-02  -5.1904797000E-03
   10     -5.1422100000E-03  -2.8247271000E-03  -2.0819070000E-03  -2.4898119500E-02   1.2344607000E-03
   11      3.1964305700E-02   2.3687491000E-03   1.3963940600E-02  -2.4391470200E-02  -1.7320843000E-02
   12      5.0703359200E-02   1.6162416000E-03   1.2187449100E-02  -4.2834809000E-02  -2.5206336300E-02
   13      1.7250347700E-02   4.1592700000E-05   3.9810723000E-03  -8.2484041000E-03  -1.5714474000E-03
   14     -2.9251895600E-02  -5.7866117000E-03  -1.6622728900E-02  -1.3946315100E-02  -7.7712213000E-03
   15     -1.7450316400E-02  -5.2324085000E-03  -2.5634713700E-02  -5.4050607000E-03   3.7307986000E-03
   16     -1.6789531700E-02   4.4383673000E-03  -6.0988071000E-03   8.1951408000E-03  -8.5654216000E-03
   17     -6.8367665900E-02  -6.9055014000E-03  -2.9028956300E-02   1.7734462400E-02   3.0340962000E-03
   18     -9.5317608800E-02  -8.4961103200E-02  -4.6917167500E-02  -1.6633618700E-02  -2.7914628800E-02
   19     -9.2205989100E-02  -1.8364269260E-01  -7.0663622500E-02  -2.4295960000E-04  -2.8614591000E-03
   20     -6.3771637500E-02  -8.2005219100E-02  -6.7403150900E-02   6.0083366000E-03  -2.4795008000E-03
   21     -1.2571256010E-01   8.6032208200E-02  -8.1701715500E-02  -1.8653987700E-02   2.2230407700E-02
   22      8.4817346200E-02  -1.1688485870E-01   7.7846025300E-02   2.1230448000E-03  -1.1570333000E-03
   23     -1.0579372460E-01   8.9710135500E-02  -1.0021661020E-01   8.4443471000E-03   5.5583670000E-03
   24     -2.2426964700E-02   2.2979225100E-02  -7.4160147000E-03  -9.9155745000E-02   1.0767846390E-01
   25      4.6731014000E-03   3.4201800000E-04   1.8326403000E-03   1.0748420550E-01  -2.3985088830E-01
   26     -9.3794189000E-03   3.7000319000E-03   3.6171200000E-04   2.8341821000E-03   6.6070904000E-03
   27      8.3364820000E-04  -4.9194850000E-04   1.9699240000E-04   6.3354725000E-03  -1.0697829100E-02
   28      7.6564310000E-04   2.1202850000E-03   3.2818680000E-04   1.0188103400E-02  -2.5318959200E-02
   29     -7.9171520000E-04   1.3974121000E-03  -1.4025581000E-03   1.3101198000E-03  -3.7181325000E-03
   30     -9.4572800000E-05  -4.4566520000E-04   3.3276420000E-04  -4.4742634000E-03   2.5076128000E-03
   31     -2.9990800000E-04   5.5832690000E-04  -1.5002300000E-05  -1.2935204000E-03  -8.4469590000E-04
   32      2.3945129000E-03   1.4889587000E-03   6.9125620000E-04  -5.3553400000E-04   7.8500930000E-04
   33      1.3010122000E-03  -9.8236250000E-04  -1.7916770000E-04   2.1996625000E-03   1.1771960000E-03
   34     -2.5213920000E-04   1.2651522000E-03  -2.8586980000E-04  -4.1621540000E-04  -6.2604210000E-04
   35      1.9050793000E-03  -1.2429063000E-03   3.6513700000E-04  -2.7160869000E-03  -1.3138856000E-03
   36     -3.4125825000E-03   1.6694538000E-03   1.6131987000E-03   2.6048443000E-03  -8.3854830000E-04
   37     -2.1357122000E-03  -4.4649900000E-04   1.1505612000E-03   1.1913963000E-03   5.7774900000E-05
   38     -4.2447845000E-03   1.6437266000E-03   2.5594026000E-03   3.6664453000E-03  -1.4034449000E-03
   39      3.2896380000E-04  -6.3920060000E-04   1.1043025000E-03  -4.7750560000E-04  -6.3909710000E-04
   40      2.4106391000E-03  -1.7875378000E-03   2.8468900000E-05  -9.0151530000E-04   1.2843138000E-03
   41      4.9327816000E-03  -2.0700134000E-03   1.0446188000E-03  -3.6357996000E-03   2.0207893000E-03
   42      6.2037510000E-04  -3.2774830000E-04   2.9031010000E-04   1.7265636000E-03   1.3879100000E-05
   43     -1.0150181000E-03  -1.8186439000E-03  -5.9384760000E-04   1.5812697000E-03   8.4387400000E-04
   44      8.2339941000E-03  -6.3232380000E-04   1.2304751000E-03  -6.3941895000E-03  -4.2296202000E-03
   45     -4.0121881000E-03   1.8780208000E-03   8.3047590000E-04   8.1081110000E-04   4.1783300000E-04
   46     -3.2734900000E-03  -1.8712729000E-03   7.8931330000E-04   1.3584553000E-03   2.1785180000E-04
   47      2.7777558000E-03   1.7741411000E-03   9.3633700000E-05  -2.3558087000E-03  -3.7157490000E-04
                    5                  6                  7                  8                  9        
    0      1.4414791500E-02  -5.3570483600E-02  -2.3390669800E-02  -1.1137945000E-02   8.1091380000E-04
    1     -6.5825350000E-04  -2.7513173700E-02  -2.1729618000E-03   1.3013424000E-03  -4.4061600000E-05
    2     -3.6663848900E-02  -1.3506308600E-02  -6.1519001000E-03   2.8131340000E-04  -2.5237007000E-03
    3      4.6169437100E-02  -1.0173749850E-01  -8.7291594600E-02   3.2600144300E-02  -2.2148311000E-02
    4      4.4004442000E-03  -8.6565052700E-02  -2.3363406220E-01   1.2184070500E-02  -5.1904797000E-03
    5      5.6265377500E-02  -1.0526293000E-02  -2.0656313300E-02   1.2585267600E-02   2.6124602200E-02
    6     -1.0526293000E-02   6.5228781360E-01  -3.5232249900E-02   4.0151277800E-02  -3.9928711290E-01
    7     -2.0656313300E-02  -3.5232249900E-02   5.6422531700E-01   5.2129513400E-02   4.5886009600E-02
    8      1.2585267600E-02   4.0151277800E-02   5.2129513400E-02  -3.9446908200E-02  -1.1336997040E-01
    9      2.6124602200E-02  -3.9928711290E-01   4.5886009600E-02  -1.1336997040E-01   7.2232305890E-01
   10      4.4691892000E-03   6.8688328000E-03  -6.9186916300E-02  -3.1528779000E-03   2.3854014700E-02
   11     -6.2549992000E-03   6.2995715800E-02   9.8278749000E-03  -1.5730577800E-02  -1.2488346550E-01
   12     -6.7638869800E-02   4.5501609800E-02   1.9494781300E-02   1.5701957300E-02  -1.2562062300E-02
   13     -2.4568610800E-02   2.1924621200E-02   5.3422649000E-03  -4.3247697100E-02  -2.8299817000E-02
   14     -2.7770984800E-02  -8.9024308900E-02  -1.9666543200E-02   8.9154490400E-02   7.0707228000E-02
   15      1.7684183000E-03  -2.2988602700E-02  -1.6380391000E-02   3.6109209300E-02   7.5312590000E-03
   16      2.6892693100E-02  -2.8340180000E-03   4.4785504000E-03  -2.4964530000E-04  -1.0888420000E-02
   17      3.1306618200E-02   4.9573809000E-03   8.2781286000E-03  -2.2843782400E-02   7.4446170000E-04
   18     -9.0570752000E-03  -3.3150427000E-03   1.3060048000E-03  -7.1037531000E-03  -1.6114733000E-03
   19      6.9075730000E-04  -1.0882170000E-03   1.6057030000E-04  -3.8163200000E-04  -1.3548960000E-04
   20      5.4368566000E-03  -5.3000052000E-03  -1.6249723000E-03   8.2814830000E-03  -4.6984440000E-04
   21     -1.2389249000E-02   2.8277545000E-03   1.2034409000E-03   1.4280690000E-04   2.8670800000E-05
   22     -4.5246730000E-04  -6.6697130000E-04  -1.9944530000E-04  -1.9565280000E-04  -6.0981800000E-05
   23      7.0071026000E-03  -2.2158106000E-03  -1.0088614000E-03  -2.9197067000E-03  -5.8927170000E-04
   24     -2.5038078000E-03   5.9596642000E-03  -1.1261287700E-02  -8.8413460000E-04   4.7234040000E-04
   25      3.8394768000E-03   1.0299128700E-02  -2.7920563100E-02  -1.3123410000E-04   1.0172311000E-03
   26     -2.7393611300E-02  -2.6097743000E-03  -1.7175083000E-03  -6.2699190000E-04  -2.3932540000E-04
   27     -7.4180960000E-04  -9.9401993100E-02   1.0559457080E-01   8.1450276000E-03  -1.9369799700E-02
   28     -1.2474523000E-03   1.0719068590E-01  -2.3557113830E-01  -1.6440928400E-02   3.4722569000E-03
   29      1.3562046000E-03   3.7701255000E-03  -1.8359860100E-02  -2.8336545100E-02   5.4587042000E-03
   30      1.0742680000E-04  -1.8474041600E-02  -2.6522599700E-02   5.0385270000E-04  -1.5032248170E-01
   31      1.9910150000E-04   7.9840440000E-04   1.5096526000E-03  -2.1329840000E-04  -1.2011386090E-01
   32      1.4415345000E-03  -7.2953542000E-03  -5.7225588000E-03  -1.4751470000E-03   4.8119185200E-02
   33     -2.4135421000E-03  -1.9574348900E-02   2.4375515900E-02   1.1001154100E-02  -1.2439419640E-01
   34      1.3183866000E-03   5.9762132000E-03  -3.4116655000E-03  -2.8453398000E-03   8.6418498300E-02
   35     -5.6522238000E-03  -5.9957878000E-03   9.2969940000E-04   1.2580750800E-02   9.0247496900E-02
   36      4.9520752000E-03   1.3854406000E-03   1.0329425000E-03  -1.3429284000E-03   2.4773600000E-04
   37      1.0441619000E-03  -2.6500800000E-04  -7.0947990000E-04   1.5953002000E-03   6.4726340000E-04
   38      5.1540323000E-03   2.8839857000E-03   3.5828970000E-03  -3.8828196000E-03   4.2891880000E-04
   39      1.6819119000E-03   2.8105264000E-03   1.0677481000E-03   2.9428349000E-03   2.1047834000E-03
   40     -1.5919690000E-03   4.8811270000E-04   4.6291200000E-05   5.4368600000E-04   7.7558450000E-04
   41     -5.0660763000E-03   9.9466600000E-03   2.6955903000E-03  -5.5499343000E-03   2.9696435000E-03
   42      4.5387392000E-03   4.2734500000E-03   2.5816114000E-03  -1.1194766800E-02  -5.7100887000E-03
   43      1.7902945000E-03   1.8600042000E-03  -3.0646965000E-03  -3.5716882000E-03  -1.0870635000E-03
   44     -9.4547641000E-03   6.8133696000E-03  -8.1538810000E-04   5.1355247000E-03   7.2296940000E-04
   45      5.5132443000E-03   3.3028648000E-03  -2.4638327000E-03  -2.2647668000E-03   1.8867636000E-03
   46      4.5305612000E-03  -1.2413124000E-03   1.0828250000E-04   2.6760816000E-03   3.7493156000E-03
   47     -2.2964855000E-03   4.9551273000E-03  -1.7197978000E-03  -7.2064169000E-03  -3.4476319000E-03
                   10                 11                 12                 13                 14        
    0     -5.1422100000E-03   3.1964305700E-02   5.0703359200E-02   1.7250347700E-02  -2.9251895600E-02
    1     -2.8247271000E-03   2.3687491000E-03   1.6162416000E-03   4.1592700000E-05  -5.7866117000E-03
    2     -2.0819070000E-03   1.3963940600E-02   1.2187449100E-02   3.9810723000E-03  -1.6622728900E-02
    3     -2.4898119500E-02  -2.4391470200E-02  -4.2834809000E-02  -8.2484041000E-03  -1.3946315100E-02
    4      1.2344607000E-03  -1.7320843000E-02  -2.5206336300E-02  -1.5714474000E-03  -7.7712213000E-03
    5      4.4691892000E-03  -6.2549992000E-03  -6.7638869800E-02  -2.4568610800E-02  -2.7770984800E-02
    6      6.8688328000E-03   6.2995715800E-02   4.5501609800E-02   2.1924621200E-02  -8.9024308900E-02
    7     -6.9186916300E-02   9.8278749000E-03   1.9494781300E-02   5.3422649000E-03  -1.9666543200E-02
    8     -3.1528779000E-03  -1.5730577800E-02   1.5701957300E-02  -4.3247697100E-02   8.9154490400E-02
    9      2.3854014700E-02  -1.2488346550E-01  -1.2562062300E-02  -2.8299817000E-02   7.0707228000E-02
   10      3.7444080930E-01   5.8352408100E-02   7.2109649000E-03   2.8885228000E-03  -6.1996423000E-03
   11      5.8352408100E-02   1.1071082240E-01  -4.2658810500E-02  -2.8995822000E-03   3.2085911700E-02
   12      7.2109649000E-03  -4.2658810500E-02   4.6396433080E-01  -1.6826627500E-02   1.4689170100E-01
   13      2.8885228000E-03  -2.8995822000E-03  -1.6826627500E-02   1.7317746650E-01  -4.9354963700E-02
   14     -6.1996423000E-03   3.2085911700E-02   1.4689170100E-01  -4.9354963700E-02   1.3714904770E-01
   15     -4.8259514000E-03   9.0160033000E-03  -2.8834674120E-01  -5.2468561000E-02  -1.3748109900E-02
   16     -4.2346097000E-03   2.4189251000E-03  -6.9278774500E-02  -6.9636856300E-02   4.2272485000E-03
   17     -2.4644814000E-03   1.8468043700E-02   8.3285028000E-02   2.5623554100E-02  -5.6553069600E-02
   18      3.4761080000E-04  -1.4338265000E-03  -1.9688871000E-03  -7.7763830000E-04   3.2387972000E-03
   19      6.6939900000E-05  -2.6547770000E-04   2.1369270000E-04  -2.8629280000E-04   8.7942700000E-05
   20     -2.4669044000E-03   2.3694192000E-03   7.1307536000E-03   4.0388085000E-03  -3.3091451000E-03
   21     -1.0902305000E-03  -1.4402936000E-03  -1.7336510000E-03  -9.1494170000E-04   3.8174548000E-03
   22      2.6994510000E-04   7.4266100000E-04   9.7813560000E-04  -3.5194150000E-04  -4.1094280000E-04
   23      6.0255290000E-04   4.5109666000E-03   8.2541315000E-03   2.1540874000E-03  -6.1913432000E-03
   24     -8.1596900000E-04  -4.8644370000E-04  -6.4850390000E-04  -9.0900720000E-04   7.9776960000E-04
   25      1.8086069000E-03  -6.1090790000E-04  -8.1802900000E-05  -9.0479970000E-04   7.9109450000E-04
   26     -1.1018233000E-03   1.5490955000E-03   3.4973102000E-03   1.4255193000E-03  -1.6244168000E-03
   27      2.2661665100E-02   7.3706621000E-03  -6.9322600000E-05   2.5838777000E-03  -3.4379385000E-03
   28      3.3308600000E-05  -1.7187249000E-03   4.9915300000E-04  -1.9029290000E-03   2.6552917000E-03
   29     -2.2766838000E-03   4.5062383000E-03  -2.8745880000E-03   6.0487626000E-03  -1.0823864500E-02
   30     -1.1781981390E-01   3.4756661500E-02  -1.3495781000E-03  -1.0749230000E-04   2.5888676000E-03
   31     -1.6446203110E-01   3.4430493400E-02   2.1480900000E-05  -1.6087966000E-03  -2.3963150000E-04
   32      4.4244165700E-02  -4.0953876200E-02  -1.5713341000E-03  -8.5500710000E-04   1.1503648000E-03
   33      9.0538737500E-02   7.1646359900E-02  -1.1269952000E-03   6.3461150000E-04   1.5075704000E-03
   34     -1.3315984630E-01  -7.7758057400E-02   7.3497000000E-05  -1.3830470000E-03   1.2320461000E-03
   35     -8.9791619600E-02  -9.2979155900E-02  -4.0246580000E-04   4.6968544000E-03  -6.3405385000E-03
   36      6.2975120000E-04  -4.0096976000E-03  -3.8104104100E-02   1.0112711300E-02   1.2304078100E-02
   37     -1.9154264000E-03  -6.5215650000E-04  -1.3025712000E-02   1.8421401000E-03   2.0813559000E-03
   38      1.0662119000E-03  -1.7044920000E-03  -8.9622763000E-03  -4.9203409000E-03  -1.7092355000E-03
   39      1.4413854000E-03  -8.2602568000E-03  -1.6960121300E-02  -3.1831602300E-02   1.6821310000E-02
   40     -1.2691189000E-03  -2.2456705000E-03  -8.1985381000E-03  -1.0725088900E-02   8.5562581000E-03
   41      1.2622740000E-03  -1.2412838100E-02  -3.2345043000E-03   7.2310585000E-03   1.5501518500E-02
   42      1.8711492000E-03  -2.6736015000E-03  -1.4877563690E-01   7.9866764600E-02  -1.1871199070E-01
   43      7.8778230000E-04  -2.2122450000E-03   8.9124565900E-02  -5.0932747700E-02   1.0310599030E-01
   44      2.2461871000E-03  -1.1376774800E-02  -1.5384668400E-01   9.3750181600E-02  -1.2553010500E-01
   45     -8.3181730000E-04  -7.5118424000E-03  -5.6888871000E-03   8.0111574000E-03   9.4457820000E-03
   46     -4.4776999000E-03  -2.4574464000E-03   1.3385278300E-02  -4.3988039900E-02  -3.3307671300E-02
   47     -2.7070492000E-03  -6.7517240000E-03   4.2412019000E-03  -2.3103696900E-02  -1.8565901100E-02
                   15                 16                 17                 18                 19        
    0     -1.7450316400E-02  -1.6789531700E-02  -6.8367665900E-02  -9.5317608800E-02  -9.2205989100E-02
    1     -5.2324085000E-03   4.4383673000E-03  -6.9055014000E-03  -8.4961103200E-02  -1.8364269260E-01
    2     -2.5634713700E-02  -6.0988071000E-03  -2.9028956300E-02  -4.6917167500E-02  -7.0663622500E-02
    3     -5.4050607000E-03   8.1951408000E-03   1.7734462400E-02  -1.6633618700E-02  -2.4295960000E-04
    4      3.7307986000E-03  -8.5654216000E-03   3.0340962000E-03  -2.7914628800E-02  -2.8614591000E-03
    5      1.7684183000E-03   2.6892693100E-02   3.1306618200E-02  -9.0570752000E-03   6.9075730000E-04
    6     -2.2988602700E-02  -2.8340180000E-03   4.9573809000E-03  -3.3150427000E-03  -1.0882170000E-03
    7     -1.6380391000E-02   4.4785504000E-03   8.2781286000E-03   1.3060048000E-03   1.6057030000E-04
    8      3.6109209300E-02  -2.4964530000E-04  -2.2843782400E-02  -7.1037531000E-03  -3.8163200000E-04
    9      7.5312590000E-03  -1.0888420000E-02   7.4446170000E-04  -1.6114733000E-03  -1.3548960000E-04
   10     -4.8259514000E-03  -4.2346097000E-03  -2.4644814000E-03   3.4761080000E-04   6.6939900000E-05
   11      9.0160033000E-03   2.4189251000E-03   1.8468043700E-02  -1.4338265000E-03  -2.6547770000E-04
   12     -2.8834674120E-01  -6.9278774500E-02   8.3285028000E-02  -1.9688871000E-03   2.1369270000E-04
   13     -5.2468561000E-02  -6.9636856300E-02   2.5623554100E-02  -7.7763830000E-04  -2.8629280000E-04
   14     -1.3748109900E-02   4.2272485000E-03  -5.6553069600E-02   3.2387972000E-03   8.7942700000E-05
   15      5.1670108020E-01   4.7419030100E-02  -1.4420430260E-01   3.2422540000E-04  -4.2175030000E-04
   16      4.7419030100E-02   3.6864544730E-01  -5.3856592000E-02  -2.8471180000E-04  -9.6247980000E-04
   17     -1.4420430260E-01  -5.3856592000E-02   3.0368806840E-01   2.4464594000E-03  -5.7913430000E-04
   18      3.2422540000E-04  -2.8471180000E-04   2.4464594000E-03   1.0460367210E-01   9.8131817000E-02
   19     -4.2175030000E-04  -9.6247980000E-04  -5.7913430000E-04   9.8131817000E-02   2.4525193070E-01
   20     -1.6934852000E-03   1.0794051000E-03  -7.3297435000E-03   5.8905879100E-02   7.0433695500E-02
   21     -6.4358230000E-04   1.2733043000E-03   3.8512159000E-03   1.1769775000E-02  -3.3562646000E-03
   22     -9.5369000000E-04  -1.2178443000E-03  -1.4668904000E-03   1.4611804100E-02  -6.3744223100E-02
   23     -9.1429860000E-04  -4.2845738000E-03  -1.0030186500E-02  -1.1178657000E-03   1.1180965000E-03
   24     -6.6457590000E-04   1.3814711000E-03   2.2511711000E-03   2.3771983000E-03   4.5898850000E-04
   25      2.2404100000E-04  -1.2851907000E-03  -1.0119558000E-03  -1.1945017000E-03   7.9270320000E-04
   26      2.8447324000E-03  -4.7638971000E-03  -6.8747313000E-03   2.2506478000E-03   5.4612070000E-04
   27     -8.8693370000E-04  -2.1804380000E-04  -8.4352600000E-04  -6.7627960000E-04  -2.4639860000E-04
   28      1.9546280000E-04  -1.2655364000E-03  -3.8368220000E-04   1.1058480000E-04   1.1893400000E-05
   29     -8.6135330000E-04   5.6731140000E-04  -1.6895065000E-03   5.8699250000E-04  -5.8956240000E-04
   30      2.0323170000E-04   1.3802449000E-03   8.7100040000E-04  -1.8010241000E-03   5.3494440000E-04
   31      6.9804690000E-04  -7.4137840000E-04  -1.0483620000E-03   4.9841420000E-04   2.1519400000E-04
   32     -7.1511890000E-04   1.7973900000E-04   3.9678356000E-03  -5.1341200000E-04   2.8568780000E-04
   33      3.1122130000E-04   6.2511230000E-04  -3.4979060000E-04   3.3270320000E-04  -8.8997510000E-04
   34      5.9114600000E-04  -7.8668480000E-04  -6.5536700000E-05   6.3950490000E-04   5.7432070000E-04
   35     -1.9457977000E-03   1.4929804000E-03  -1.2201060000E-03  -7.6909370000E-04  -4.2546790000E-04
   36     -1.0913553330E-01   5.8844957600E-02   1.0096371740E-01   1.7334860000E-04   6.5104240000E-04
   37      6.9480884400E-02  -8.0512990000E-02  -7.4383447500E-02  -8.2105000000E-04   1.1323719000E-03
   38      1.3148020540E-01  -8.1748813000E-02  -1.3971321580E-01   1.4250700000E-04   3.5859030000E-04
   39     -3.4051973400E-02   2.0203771000E-03   1.0366883600E-02   1.3293950000E-03  -7.3624990000E-04
   40     -1.0159639600E-02  -1.9260742860E-01   1.0750970480E-01  -3.3324200000E-04   6.7331900000E-04
   41      1.2794024200E-02   1.2235001090E-01  -9.2932323200E-02  -1.7094850000E-04  -1.5867610000E-04
   42     -3.2940598500E-02   6.3060566000E-03  -6.0048014000E-03   1.4010713000E-03  -1.4374368000E-03
   43     -9.3027257000E-03   6.1283470000E-04  -3.5365513000E-03   3.6910260000E-04   1.4398238000E-03
   44      6.5633997000E-03   3.3810404000E-03   5.8257309000E-03  -2.0553040000E-04  -6.3462970000E-04
   45     -1.2557099600E-02  -2.7152195000E-02  -7.7016942000E-03  -9.8745470000E-04   7.7024560000E-04
   46     -2.2594292300E-02  -1.6358779200E-02   1.2566512000E-03   2.7203260000E-04   1.1780805000E-03
   47     -1.0858812500E-02  -1.1587025500E-02   4.9593244000E-03  -2.8261040000E-04   1.7731170000E-04
                   20                 21                 22                 23                 24        
    0     -6.3771637500E-02  -1.2571256010E-01   8.4817346200E-02  -1.0579372460E-01  -2.2426964700E-02
    1     -8.2005219100E-02   8.6032208200E-02  -1.1688485870E-01   8.9710135500E-02   2.2979225100E-02
    2     -6.7403150900E-02  -8.1701715500E-02   7.7846025300E-02  -1.0021661020E-01  -7.4160147000E-03
    3      6.0083366000E-03  -1.8653987700E-02   2.1230448000E-03   8.4443471000E-03  -9.9155745000E-02
    4     -2.4795008000E-03   2.2230407700E-02  -1.1570333000E-03   5.5583670000E-03   1.0767846390E-01
    5      5.4368566000E-03  -1.2389249000E-02  -4.5246730000E-04   7.0071026000E-03  -2.5038078000E-03
    6     -5.3000052000E-03   2.8277545000E-03  -6.6697130000E-04  -2.2158106000E-03   5.9596642000E-03
    7     -1.6249723000E-03   1.2034409000E-03  -1.9944530000E-04  -1.0088614000E-03  -1.1261287700E-02
    8      8.2814830000E-03   1.4280690000E-04  -1.9565280000E-04  -2.9197067000E-03  -8.8413460000E-04
    9     -4.6984440000E-04   2.8670800000E-05  -6.0981800000E-05  -5.8927170000E-04   4.7234040000E-04
   10     -2.4669044000E-03  -1.0902305000E-03   2.6994510000E-04   6.0255290000E-04  -8.1596900000E-04
   11      2.3694192000E-03  -1.4402936000E-03   7.4266100000E-04   4.5109666000E-03  -4.8644370000E-04
   12      7.1307536000E-03  -1.7336510000E-03   9.7813560000E-04   8.2541315000E-03  -6.4850390000E-04
   13      4.0388085000E-03  -9.1494170000E-04  -3.5194150000E-04   2.1540874000E-03  -9.0900720000E-04
   14     -3.3091451000E-03   3.8174548000E-03  -4.1094280000E-04  -6.1913432000E-03   7.9776960000E-04
   15     -1.6934852000E-03  -6.4358230000E-04  -9.5369000000E-04  -9.1429860000E-04  -6.6457590000E-04
   16      1.0794051000E-03   1.2733043000E-03  -1.2178443000E-03  -4.2845738000E-03   1.3814711000E-03
   17     -7.3297435000E-03   3.8512159000E-03  -1.4668904000E-03  -1.0030186500E-02   2.2511711000E-03
   18      5.8905879100E-02   1.1769775000E-02   1.4611804100E-02  -1.1178657000E-03   2.3771983000E-03
   19      7.0433695500E-02  -3.3562646000E-03  -6.3744223100E-02   1.1180965000E-03   4.5898850000E-04
   20      4.9538131200E-02  -6.2321380000E-04   1.2459853600E-02   1.5477700300E-02   1.2498669000E-03
   21     -6.2321380000E-04   1.3445292930E-01  -1.0236234100E-01   9.4366569100E-02  -5.1140545000E-03
   22      1.2459853600E-02  -1.0236234100E-01   1.7846195490E-01  -8.9737035300E-02   2.6150387000E-03
   23      1.5477700300E-02   9.4366569100E-02  -8.9737035300E-02   8.1319989000E-02   1.1952257000E-03
   24      1.2498669000E-03  -5.1140545000E-03   2.6150387000E-03   1.1952257000E-03   1.1949442770E-01
   25     -2.4647780000E-04  -5.3272800000E-05  -7.2418000000E-05  -9.8877170000E-04  -1.1889488770E-01
   26     -4.5180094000E-03  -4.4799707000E-03   1.5315584000E-03   6.5627501000E-03   5.6415142000E-03
   27      1.6642570000E-04   7.1107620000E-04  -2.4975260000E-04  -2.9279350000E-04  -1.1676790000E-03
   28     -6.0872900000E-05  -5.9226700000E-05  -1.6389870000E-04   1.5068930000E-04  -2.4831087000E-03
   29     -1.1907261000E-03  -1.7143380000E-04  -4.3414430000E-04   1.1213234000E-03  -1.4890050000E-04
   30      6.9833760000E-04   1.9827960000E-04   7.4652790000E-04   6.5843660000E-04  -7.3343100000E-04
   31     -2.8752420000E-04  -1.0953197000E-03   3.7114470000E-04   4.1366140000E-04  -4.6848480000E-04
   32      2.4901640000E-04  -6.4605980000E-04   4.8387480000E-04   1.5314280000E-03  -1.3659520000E-04
   33      5.3338510000E-04  -4.1828830000E-04  -1.0472641000E-03   5.4677460000E-04   5.7346730000E-04
   34     -4.1004570000E-04  -1.1018759000E-03   3.0860960000E-04   7.0344810000E-04  -6.2057450000E-04
   35      1.3735222000E-03  -4.5307030000E-04  -5.8472520000E-04   2.5695410000E-04   1.0626420000E-04
   36     -9.3382840000E-04   9.8159140000E-04   8.1863390000E-04  -1.1439325000E-03  -1.8827540000E-04
   37      2.9922550000E-04   6.9375200000E-04   1.3910442000E-03  -1.2920818000E-03  -7.1374000000E-05
   38     -6.2480080000E-04   1.6959100000E-05   6.3661990000E-04   1.6568260000E-04   3.0121640000E-04
   39     -6.8544590000E-04  -9.3495200000E-05  -5.5323990000E-04  -4.1946210000E-04   6.8810880000E-04
   40      7.0313240000E-04  -2.2751500000E-05   4.8181970000E-04  -4.8489570000E-04   1.9579200000E-04
   41      8.1176700000E-04   4.5729100000E-05  -1.6288930000E-04  -3.3444120000E-04   2.8254600000E-05
   42     -7.9832410000E-04   2.5791280000E-04  -1.6325861000E-03  -3.6848030000E-04   1.0613442000E-03
   43      6.5914300000E-05  -1.0070020000E-03   1.0233054000E-03  -6.2422770000E-04   8.6304500000E-05
   44      1.6610684000E-03   2.4715100000E-04  -8.4567760000E-04   3.0071800000E-05  -1.1248900000E-05
   45     -4.1720000000E-04   1.1416295000E-03   8.1629540000E-04  -6.0984500000E-04  -5.2732130000E-04
   46      5.0148230000E-04  -3.6988670000E-04   1.4838395000E-03  -1.9905908000E-03   1.2940980000E-04
   47     -8.2338850000E-04  -5.8287920000E-04   5.8983190000E-04   1.7083192000E-03   1.5862900000E-05
                   25                 26                 27                 28                 29        
    0      4.6731014000E-03  -9.3794189000E-03   8.3364820000E-04   7.6564310000E-04  -7.9171520000E-04
    1      3.4201800000E-04   3.7000319000E-03  -4.9194850000E-04   2.1202850000E-03   1.3974121000E-03
    2      1.8326403000E-03   3.6171200000E-04   1.9699240000E-04   3.2818680000E-04  -1.4025581000E-03
    3      1.0748420550E-01   2.8341821000E-03   6.3354725000E-03   1.0188103400E-02   1.3101198000E-03
    4     -2.3985088830E-01   6.6070904000E-03  -1.0697829100E-02  -2.5318959200E-02  -3.7181325000E-03
    5      3.8394768000E-03  -2.7393611300E-02  -7.4180960000E-04  -1.2474523000E-03   1.3562046000E-03
    6      1.0299128700E-02  -2.6097743000E-03  -9.9401993100E-02   1.0719068590E-01   3.7701255000E-03
    7     -2.7920563100E-02  -1.7175083000E-03   1.0559457080E-01  -2.3557113830E-01  -1.8359860100E-02
    8     -1.3123410000E-04  -6.2699190000E-04   8.1450276000E-03  -1.6440928400E-02  -2.8336545100E-02
    9      1.0172311000E-03  -2.3932540000E-04  -1.9369799700E-02   3.4722569000E-03   5.4587042000E-03
   10      1.8086069000E-03  -1.1018233000E-03   2.2661665100E-02   3.3308600000E-05  -2.2766838000E-03
   11     -6.1090790000E-04   1.5490955000E-03   7.3706621000E-03  -1.7187249000E-03   4.5062383000E-03
   12     -8.1802900000E-05   3.4973102000E-03  -6.9322600000E-05   4.9915300000E-04  -2.8745880000E-03
   13     -9.0479970000E-04   1.4255193000E-03   2.5838777000E-03  -1.9029290000E-03   6.0487626000E-03
   14      7.9109450000E-04  -1.6244168000E-03  -3.4379385000E-03   2.6552917000E-03  -1.0823864500E-02
   15      2.2404100000E-04   2.8447324000E-03  -8.8693370000E-04   1.9546280000E-04  -8.6135330000E-04
   16     -1.2851907000E-03  -4.7638971000E-03  -2.1804380000E-04  -1.2655364000E-03   5.6731140000E-04
   17     -1.0119558000E-03  -6.8747313000E-03  -8.4352600000E-04  -3.8368220000E-04  -1.6895065000E-03
   18     -1.1945017000E-03   2.2506478000E-03  -6.7627960000E-04   1.1058480000E-04   5.8699250000E-04
   19      7.9270320000E-04   5.4612070000E-04  -2.4639860000E-04   1.1893400000E-05  -5.8956240000E-04
   20     -2.4647780000E-04  -4.5180094000E-03   1.6642570000E-04  -6.0872900000E-05  -1.1907261000E-03
   21     -5.3272800000E-05  -4.4799707000E-03   7.1107620000E-04  -5.9226700000E-05  -1.7143380000E-04
   22     -7.2418000000E-05   1.5315584000E-03  -2.4975260000E-04  -1.6389870000E-04  -4.3414430000E-04
   23     -9.8877170000E-04   6.5627501000E-03  -2.9279350000E-04   1.5068930000E-04   1.1213234000E-03
   24     -1.1889488770E-01   5.6415142000E-03  -1.1676790000E-03  -2.4831087000E-03  -1.4890050000E-04
   25      2.6864304540E-01  -2.9650853000E-03  -2.7857495000E-03  -3.5080706000E-03  -7.6241840000E-04
   26     -2.9650853000E-03   2.9571063900E-02  -2.5964750000E-04  -3.4187580000E-04   2.8459617000E-03
   27     -2.7857495000E-03  -2.5964750000E-04   1.1523389760E-01  -1.1849746790E-01  -7.9330878000E-03
   28     -3.5080706000E-03  -3.4187580000E-04  -1.1849746790E-01   2.6292419080E-01   1.6290186400E-02
   29     -7.6241840000E-04   2.8459617000E-03  -7.9330878000E-03   1.6290186400E-02   2.9767686000E-02
   30      2.7805090000E-04  -5.6130000000E-07   2.5273108000E-03  -5.5180250000E-04  -1.1192084000E-03
   31     -1.8096010000E-04   7.9638940000E-04   4.6376230000E-04   5.0856200000E-04   2.3027550000E-04
   32      4.2173290000E-04  -5.3585720000E-04  -4.1367700000E-05   7.4868420000E-04  -3.5637584000E-03
   33     -1.8866640000E-04  -9.2040000000E-05  -5.1266373000E-03  -4.8664600000E-04   2.2485100000E-03
   34     -1.4800000000E-04   5.0508420000E-04   2.8836633000E-03  -1.0533460000E-04  -2.2332469000E-03
   35     -1.8792530000E-04   6.1887100000E-04  -2.6993581000E-03   2.1103010000E-04   6.2877076000E-03
   36     -2.6016740000E-04  -5.8494830000E-04   9.0473150000E-04   9.0656000000E-06  -3.4971670000E-04
   37      6.8492700000E-04  -1.7170269000E-03   4.7878500000E-05   5.1084730000E-04   8.4825670000E-04
   38      5.4850580000E-04  -2.1093187000E-03  -2.6373260000E-04   3.0306380000E-04   8.3759550000E-04
   39     -1.0450950000E-04   5.9466690000E-04  -1.2509010000E-04  -1.9152500000E-04  -1.9876890000E-04
   40      8.3807290000E-04  -7.4659540000E-04  -5.7909190000E-04   6.0480390000E-04   7.5105690000E-04
   41     -1.7883890000E-04   1.3647107000E-03   4.0703020000E-04  -4.6556960000E-04  -3.2466030000E-04
   42     -7.8548900000E-05   3.2437300000E-05  -5.0697990000E-04  -4.4678790000E-04   8.4007000000E-04
   43      6.0789400000E-04  -1.3431882000E-03  -2.4370610000E-04   4.5735280000E-04   2.7169086000E-03
   44     -6.3085470000E-04   1.5890903000E-03   4.9044320000E-04  -6.4442600000E-04  -1.3132961000E-03
   45     -3.3365170000E-04  -4.9804500000E-05   7.8457830000E-04   2.8560900000E-04   2.3425060000E-04
   46      1.5362300000E-04  -4.1479390000E-04  -2.2542990000E-04   6.6462310000E-04  -4.7612190000E-04
   47      2.8101960000E-04  -7.8031870000E-04  -2.6331980000E-04   6.1639970000E-04   1.9221981000E-03
                   30                 31                 32                 33                 34        
    0     -9.4572800000E-05  -2.9990800000E-04   2.3945129000E-03   1.3010122000E-03  -2.5213920000E-04
    1     -4.4566520000E-04   5.5832690000E-04   1.4889587000E-03  -9.8236250000E-04   1.2651522000E-03
    2      3.3276420000E-04  -1.5002300000E-05   6.9125620000E-04  -1.7916770000E-04  -2.8586980000E-04
    3     -4.4742634000E-03  -1.2935204000E-03  -5.3553400000E-04   2.1996625000E-03  -4.1621540000E-04
    4      2.5076128000E-03  -8.4469590000E-04   7.8500930000E-04   1.1771960000E-03  -6.2604210000E-04
    5      1.0742680000E-04   1.9910150000E-04   1.4415345000E-03  -2.4135421000E-03   1.3183866000E-03
    6     -1.8474041600E-02   7.9840440000E-04  -7.2953542000E-03  -1.9574348900E-02   5.9762132000E-03
    7     -2.6522599700E-02   1.5096526000E-03  -5.7225588000E-03   2.4375515900E-02  -3.4116655000E-03
    8      5.0385270000E-04  -2.1329840000E-04  -1.4751470000E-03   1.1001154100E-02  -2.8453398000E-03
    9     -1.5032248170E-01  -1.2011386090E-01   4.8119185200E-02  -1.2439419640E-01   8.6418498300E-02
   10     -1.1781981390E-01  -1.6446203110E-01   4.4244165700E-02   9.0538737500E-02  -1.3315984630E-01
   11      3.4756661500E-02   3.4430493400E-02  -4.0953876200E-02   7.1646359900E-02  -7.7758057400E-02
   12     -1.3495781000E-03   2.1480900000E-05  -1.5713341000E-03  -1.1269952000E-03   7.3497000000E-05
   13     -1.0749230000E-04  -1.6087966000E-03  -8.5500710000E-04   6.3461150000E-04  -1.3830470000E-03
   14      2.5888676000E-03  -2.3963150000E-04   1.1503648000E-03   1.5075704000E-03   1.2320461000E-03
   15      2.0323170000E-04   6.9804690000E-04  -7.1511890000E-04   3.1122130000E-04   5.9114600000E-04
   16      1.3802449000E-03  -7.4137840000E-04   1.7973900000E-04   6.2511230000E-04  -7.8668480000E-04
   17      8.7100040000E-04  -1.0483620000E-03   3.9678356000E-03  -3.4979060000E-04  -6.5536700000E-05
   18     -1.8010241000E-03   4.9841420000E-04  -5.1341200000E-04   3.3270320000E-04   6.3950490000E-04
   19      5.3494440000E-04   2.1519400000E-04   2.8568780000E-04  -8.8997510000E-04   5.7432070000E-04
   20      6.9833760000E-04  -2.8752420000E-04   2.4901640000E-04   5.3338510000E-04  -4.1004570000E-04
   21      1.9827960000E-04  -1.0953197000E-03  -6.4605980000E-04  -4.1828830000E-04  -1.1018759000E-03
   22      7.4652790000E-04   3.7114470000E-04   4.8387480000E-04  -1.0472641000E-03   3.0860960000E-04
   23      6.5843660000E-04   4.1366140000E-04   1.5314280000E-03   5.4677460000E-04   7.0344810000E-04
   24     -7.3343100000E-04  -4.6848480000E-04  -1.3659520000E-04   5.7346730000E-04  -6.2057450000E-04
   25      2.7805090000E-04  -1.8096010000E-04   4.2173290000E-04  -1.8866640000E-04  -1.4800000000E-04
   26     -5.6130000000E-07   7.9638940000E-04  -5.3585720000E-04  -9.2040000000E-05   5.0508420000E-04
   27      2.5273108000E-03   4.6376230000E-04  -4.1367700000E-05  -5.1266373000E-03   2.8836633000E-03
   28     -5.5180250000E-04   5.0856200000E-04   7.4868420000E-04  -4.8664600000E-04  -1.0533460000E-04
   29     -1.1192084000E-03   2.3027550000E-04  -3.5637584000E-03   2.2485100000E-03  -2.2332469000E-03
   30      1.6037043130E-01   1.3447716810E-01  -3.8708343800E-02   1.1800215900E-02   6.4871016000E-03
   31      1.3447716810E-01   2.1855211580E-01  -2.2323929300E-02  -1.2496346200E-02  -5.9664570300E-02
   32     -3.8708343800E-02  -2.2323929300E-02   2.6182228500E-02  -3.4836864000E-03  -1.7724626100E-02
   33      1.1800215900E-02  -1.2496346200E-02  -3.4836864000E-03   1.3255175690E-01  -9.9987345700E-02
   34      6.4871016000E-03  -5.9664570300E-02  -1.7724626100E-02  -9.9987345700E-02   1.9233376590E-01
   35      6.4988490000E-04  -1.2261278300E-02   1.2019831800E-02  -7.9774355000E-02   9.7325488800E-02
   36      1.2564065000E-03  -1.2500059000E-03   8.8476110000E-04   4.3987650000E-04  -1.2483642000E-03
   37      4.8699780000E-04   1.5057630000E-03  -4.6638580000E-04  -9.3208240000E-04   1.2474521000E-03
   38     -2.6562970000E-04   4.4477370000E-04   5.3904880000E-04  -3.1419420000E-04   9.1892620000E-04
   39     -4.7662230000E-04   1.0579210000E-04   8.4640490000E-04   9.2127870000E-04   2.7482880000E-04
   40     -1.4237280000E-04   1.8909770000E-03  -5.1647650000E-04  -6.6767690000E-04   1.9663988000E-03
   41     -4.8650510000E-04   4.5395800000E-05  -1.4959799000E-03  -3.5195380000E-04  -1.8958450000E-04
   42     -2.4971990000E-04   9.2743020000E-04   1.1906392000E-03   9.3172250000E-04   1.1854170000E-03
   43     -9.3606860000E-04   1.1724987000E-03  -1.7613140000E-04   6.5521860000E-04   1.4896389000E-03
   44     -6.4229400000E-05  -7.3814770000E-04  -1.3356091000E-03   1.1895130000E-04  -1.0232235000E-03
   45      1.6198592000E-03  -9.7305320000E-04   2.1130300000E-04  -7.2245090000E-04  -9.0335520000E-04
   46     -3.7283340000E-04   1.2181977000E-03  -8.5273740000E-04  -3.2802660000E-04   9.9852500000E-05
   47     -5.2275470000E-04   5.6708290000E-04   1.5876832000E-03  -6.4397550000E-04   5.3215030000E-04
                   35                 36                 37                 38                 39        
    0      1.9050793000E-03  -3.4125825000E-03  -2.1357122000E-03  -4.2447845000E-03   3.2896380000E-04
    1     -1.2429063000E-03   1.6694538000E-03  -4.4649900000E-04   1.6437266000E-03  -6.3920060000E-04
    2      3.6513700000E-04   1.6131987000E-03   1.1505612000E-03   2.5594026000E-03   1.1043025000E-03
    3     -2.7160869000E-03   2.6048443000E-03   1.1913963000E-03   3.6664453000E-03  -4.7750560000E-04
    4     -1.3138856000E-03  -8.3854830000E-04   5.7774900000E-05  -1.4034449000E-03  -6.3909710000E-04
    5     -5.6522238000E-03   4.9520752000E-03   1.0441619000E-03   5.1540323000E-03   1.6819119000E-03
    6     -5.9957878000E-03   1.3854406000E-03  -2.6500800000E-04   2.8839857000E-03   2.8105264000E-03
    7      9.2969940000E-04   1.0329425000E-03  -7.0947990000E-04   3.5828970000E-03   1.0677481000E-03
    8      1.2580750800E-02  -1.3429284000E-03   1.5953002000E-03  -3.8828196000E-03   2.9428349000E-03
    9      9.0247496900E-02   2.4773600000E-04   6.4726340000E-04   4.2891880000E-04   2.1047834000E-03
   10     -8.9791619600E-02   6.2975120000E-04  -1.9154264000E-03   1.0662119000E-03   1.4413854000E-03
   11     -9.2979155900E-02  -4.0096976000E-03  -6.5215650000E-04  -1.7044920000E-03  -8.2602568000E-03
   12     -4.0246580000E-04  -3.8104104100E-02  -1.3025712000E-02  -8.9622763000E-03  -1.6960121300E-02
   13      4.6968544000E-03   1.0112711300E-02   1.8421401000E-03  -4.9203409000E-03  -3.1831602300E-02
   14     -6.3405385000E-03   1.2304078100E-02   2.0813559000E-03  -1.7092355000E-03   1.6821310000E-02
   15     -1.9457977000E-03  -1.0913553330E-01   6.9480884400E-02   1.3148020540E-01  -3.4051973400E-02
   16      1.4929804000E-03   5.8844957600E-02  -8.0512990000E-02  -8.1748813000E-02   2.0203771000E-03
   17     -1.2201060000E-03   1.0096371740E-01  -7.4383447500E-02  -1.3971321580E-01   1.0366883600E-02
   18     -7.6909370000E-04   1.7334860000E-04  -8.2105000000E-04   1.4250700000E-04   1.3293950000E-03
   19     -4.2546790000E-04   6.5104240000E-04   1.1323719000E-03   3.5859030000E-04  -7.3624990000E-04
   20      1.3735222000E-03  -9.3382840000E-04   2.9922550000E-04  -6.2480080000E-04  -6.8544590000E-04
   21     -4.5307030000E-04   9.8159140000E-04   6.9375200000E-04   1.6959100000E-05  -9.3495200000E-05
   22     -5.8472520000E-04   8.1863390000E-04   1.3910442000E-03   6.3661990000E-04  -5.5323990000E-04
   23      2.5695410000E-04  -1.1439325000E-03  -1.2920818000E-03   1.6568260000E-04  -4.1946210000E-04
   24      1.0626420000E-04  -1.8827540000E-04  -7.1374000000E-05   3.0121640000E-04   6.8810880000E-04
   25     -1.8792530000E-04  -2.6016740000E-04   6.8492700000E-04   5.4850580000E-04  -1.0450950000E-04
   26      6.1887100000E-04  -5.8494830000E-04  -1.7170269000E-03  -2.1093187000E-03   5.9466690000E-04
   27     -2.6993581000E-03   9.0473150000E-04   4.7878500000E-05  -2.6373260000E-04  -1.2509010000E-04
   28      2.1103010000E-04   9.0656000000E-06   5.1084730000E-04   3.0306380000E-04  -1.9152500000E-04
   29      6.2877076000E-03  -3.4971670000E-04   8.4825670000E-04   8.3759550000E-04  -1.9876890000E-04
   30      6.4988490000E-04   1.2564065000E-03   4.8699780000E-04  -2.6562970000E-04  -4.7662230000E-04
   31     -1.2261278300E-02  -1.2500059000E-03   1.5057630000E-03   4.4477370000E-04   1.0579210000E-04
   32      1.2019831800E-02   8.8476110000E-04  -4.6638580000E-04   5.3904880000E-04   8.4640490000E-04
   33     -7.9774355000E-02   4.3987650000E-04  -9.3208240000E-04  -3.1419420000E-04   9.2127870000E-04
   34      9.7325488800E-02  -1.2483642000E-03   1.2474521000E-03   9.1892620000E-04   2.7482880000E-04
   35      7.5264350200E-02   6.9768590000E-04   8.1260500000E-04  -1.3873142000E-03  -2.0837290000E-04
   36      6.9768590000E-04   1.4985484020E-01  -8.9225813500E-02  -1.2139890890E-01  -8.5633510000E-04
   37      8.1260500000E-04  -8.9225813500E-02   1.2249206210E-01   7.6662260700E-02   3.3611548900E-02
   38     -1.3873142000E-03  -1.2139890890E-01   7.6662260700E-02   1.2360750230E-01  -1.0735502000E-03
