
$orca_hessian_file

$act_atom
  0

$act_coord
  0

$act_energy
      -21.337266

$multiplicity
  1

$hessian
48
                    0                  1                  2                  3                  4        
    0      7.7515640170E-01  -4.2824600000E-05  -6.7796264600E-02  -4.4962400270E-01   3.6539941900E-02
    1     -4.2824600000E-05   5.3838792770E-01  -3.6674609000E-02   9.3240415000E-03  -7.4665652000E-02
    2     -6.7796264600E-02  -3.6674609000E-02   7.5401296500E-02   3.9863528400E-02  -2.2475860100E-02
    3     -4.4962400270E-01   9.3240415000E-03   3.9863528400E-02   7.3340404670E-01  -1.2750848100E-02
    4      3.6539941900E-02  -7.4665652000E-02  -2.2475860100E-02  -1.2750848100E-02   6.1460535390E-01
    5      9.0529537100E-02   6.2545508000E-03  -1.3799496200E-02  -4.8601377100E-02  -1.2096200200E-02
    6     -6.1707493800E-02  -2.8533708400E-02   4.3066408600E-02  -8.1080648400E-02  -9.0539448000E-02
    7     -3.2522229000E-02  -1.2874190000E-03   2.8775032200E-02  -8.4768235800E-02  -2.7500537960E-01
    8     -1.4878484000E-03   3.8733785000E-03   5.2984446000E-03   1.1711539000E-02   1.1776569900E-02
    9      7.7151381000E-03  -3.2434713000E-03  -7.9053011000E-03  -5.9300047200E-02  -2.8326828100E-02
   10     -6.0312274000E-03  -3.4505752000E-03   7.5891867000E-03  -2.1801059400E-02   2.8565695000E-03
   11      1.4422354100E-02  -3.2661622000E-03  -2.7601350400E-02  -5.6688954700E-02  -3.5443777300E-02
   12      1.1994855500E-02  -3.3983862000E-03  -3.4903745200E-02  -5.0031696200E-02  -2.8098741700E-02
   13      5.8971786000E-03  -2.0983468000E-03  -1.7055087200E-02  -2.3600468900E-02  -9.9843588000E-03
   14     -9.0471813000E-03   1.4954898000E-03   2.7739644900E-02   3.0489227400E-02   2.3459787100E-02
   15     -1.3105620700E-02   4.3001078000E-03   4.7282027800E-02   4.7369528400E-02   2.3279257000E-02
   16     -2.5203033000E-03  -8.8839070000E-03   1.1340922000E-02   1.1587514600E-02   6.4098768000E-03
   17     -7.8847302000E-03   6.2225858000E-03   2.6107649300E-02   4.7273331100E-02   1.9999680400E-02
   18     -1.2995392540E-01  -1.2127971320E-01  -3.5224030000E-04  -1.7392513600E-02  -2.5381815300E-02
   19     -1.2185610060E-01  -2.1955659270E-01   6.3792710000E-04  -9.8625800000E-04  -3.9498100000E-04
   20     -6.1489027000E-03  -5.1255105000E-03  -3.2501219500E-02   6.1760009000E-03   7.7811917000E-03
   21     -1.2030750200E-01   1.1712061810E-01  -1.6568584000E-02  -1.7981630600E-02   2.6701872800E-02
   22      1.1588178900E-01  -2.2635597170E-01   2.6635514800E-02   5.9972700000E-03  -3.5552928000E-03
   23     -2.0663799500E-02   3.1460998400E-02  -3.5081423700E-02   5.9861169000E-03  -6.1538360000E-03
   24     -2.0892040800E-02   2.7209225300E-02  -1.6892802000E-03  -1.0505999320E-01   1.0805191000E-01
   25      4.7441240000E-03  -2.4345205000E-03  -5.4293800000E-04   1.0799207360E-01  -2.3384139820E-01
   26      4.7611053000E-03  -3.2307389000E-03  -1.2358655000E-03  -1.4723980800E-02   1.9135946500E-02
   27      1.2537797000E-03  -1.7014331000E-03   3.2661560000E-04   6.9032823000E-03  -1.1210255500E-02
   28      1.1337704000E-03   6.2702530000E-04  -7.1548000000E-05   1.0970890400E-02  -2.6699223900E-02
   29     -2.6042100000E-05  -1.1035220000E-04  -1.4706444000E-03   8.2664100000E-05  -5.4895220000E-04
   30     -4.4092910000E-04  -8.0194850000E-04  -3.7975060000E-04  -5.9583656000E-03  -1.3670070000E-04
   31     -3.7623000000E-05  -4.0471900000E-05  -2.9132800000E-04  -1.2771734000E-03   3.2399540000E-04
   32     -1.0599575000E-03  -1.2349893000E-03  -2.7222850000E-04  -4.5225691000E-03   1.2061741000E-03
   33      6.5007980000E-04  -1.5723050000E-04  -8.1034980000E-04  -8.9339480000E-04   1.3100847000E-03
   34     -2.2090370000E-04  -1.9791360000E-04   3.3438700000E-05  -2.8633937000E-03   1.1525737000E-03
   35     -8.8879330000E-04   5.0173550000E-04   1.6888192000E-03   4.9233479000E-03   2.4825090000E-03
   36      9.2388630000E-04  -6.2656500000E-04  -3.0089983000E-03  -2.7488233000E-03  -8.9629450000E-04
   37     -2.5455750000E-04   7.8796510000E-04   3.9543100000E-04   6.9360090000E-04  -5.6824510000E-04
   38      2.2211928000E-03  -2.7553193000E-03  -9.4180012000E-03  -6.6554074000E-03  -3.3491678000E-03
   39     -4.4464270000E-04   1.8475682000E-03  -1.6911211000E-03  -4.9197330000E-04  -6.5805370000E-04
   40      2.9217170000E-04  -4.3360900000E-05   5.0778970000E-04   5.9957560000E-04  -2.0421610000E-04
   41     -1.1469920000E-03   3.8274501000E-03  -5.8485311000E-03  -3.2930261000E-03   2.8779000000E-05
   42     -8.5777920000E-04  -2.0795880000E-04   3.2988573000E-03   2.2417479000E-03   1.4024191000E-03
   43     -8.3561440000E-04  -1.3559680000E-04   1.4345996000E-03   1.6189789000E-03   6.2182630000E-04
   44      3.3776284000E-03  -7.7356670000E-04  -6.6930137000E-03  -8.6316058000E-03  -5.0144980000E-03
   45     -3.6020450000E-04   1.9167870000E-04   1.2681973000E-03   6.4448350000E-04   7.1350000000E-04
   46     -1.6759200000E-04  -6.5259010000E-04  -2.3847160000E-04  -7.3650810000E-04  -1.0514483000E-03
   47      8.3869390000E-04  -4.6494090000E-04  -2.3140803000E-03  -3.3888346000E-03  -7.8834590000E-04
                    5                  6                  7                  8                  9        
    0      9.0529537100E-02  -6.1707493800E-02  -3.2522229000E-02  -1.4878484000E-03   7.7151381000E-03
    1      6.2545508000E-03  -2.8533708400E-02  -1.2874190000E-03   3.8733785000E-03  -3.2434713000E-03
    2     -1.3799496200E-02   4.3066408600E-02   2.8775032200E-02   5.2984446000E-03  -7.9053011000E-03
    3     -4.8601377100E-02  -8.1080648400E-02  -8.4768235800E-02   1.1711539000E-02  -5.9300047200E-02
    4     -1.2096200200E-02  -9.0539448000E-02  -2.7500537960E-01   1.1776569900E-02  -2.8326828100E-02
    5      1.3710917110E-01  -5.0719034000E-03  -1.2790033000E-03  -3.1688452000E-02  -4.0477619000E-03
    6     -5.0719034000E-03   6.5318159100E-01  -2.2996570300E-02   1.2552220180E-01  -3.7873658140E-01
    7     -1.2790033000E-03  -2.2996570300E-02   6.2608964960E-01  -4.5540400100E-02   4.4988487100E-02
    8     -3.1688452000E-02   1.2552220180E-01  -4.5540400100E-02   1.9364718340E-01  -1.4263976220E-01
    9     -4.0477619000E-03  -3.7873658140E-01   4.4988487100E-02  -1.4263976220E-01   7.1701242720E-01
   10     -9.2089517000E-03   1.6593910800E-02  -8.0410324000E-02  -2.9671483000E-03  -1.1058920000E-04
   11      6.3544960000E-03  -7.5232822400E-02   2.8760309600E-02  -3.8636090900E-02   1.3062172050E-01
   12     -7.9662950000E-04   5.0947924800E-02   1.5944470500E-02   3.2124428900E-02  -2.2148729100E-02
   13      2.9287416000E-03   2.2814896100E-02   1.1631356400E-02   2.0122092500E-02  -5.2226832000E-03
   14     -2.7122272100E-02  -7.1043434400E-02  -1.4955223000E-02  -7.0401778600E-02   1.5161306800E-02
   15     -2.6797758000E-02  -5.1193621300E-02  -2.6805828300E-02  -1.3460599200E-02   5.9930336000E-03
   16     -4.8143727000E-03  -2.0730190300E-02  -3.9510018000E-03  -7.1446390000E-04   1.5296251000E-03
   17     -3.5321746900E-02  -1.5517696700E-02  -1.0968848700E-02  -3.4510634700E-02   4.1954312000E-03
   18      3.3851298000E-03  -6.3491948000E-03   4.8382080000E-04   1.2017646000E-03  -6.5256420000E-04
   19      6.8292200000E-04  -1.5151374000E-03   6.6913570000E-04  -2.3209110000E-04  -1.6742800000E-05
   20     -1.6032848000E-03   1.3842630000E-04  -1.8187183000E-03   9.5284016000E-03   2.1646943000E-03
   21     -2.2718679000E-03   1.1894226000E-03   1.6720408000E-03  -3.8555710000E-04   1.5096720000E-04
   22     -5.0815060000E-04  -1.7808958000E-03   1.4685484000E-03  -2.4707990000E-04  -2.5388060000E-04
   23      2.8506830000E-04  -1.6580886000E-03  -6.0256330000E-04  -4.9433376000E-03   3.4503000000E-05
   24     -8.3683848000E-03   6.5944259000E-03  -9.7547315000E-03   6.3785210000E-04   8.4281230000E-04
   25      1.7554054400E-02   1.1246411300E-02  -2.7148896100E-02   1.3523233000E-03   1.2781832000E-03
   26     -3.6729303700E-02   8.0316730000E-04   4.0037270000E-03   1.9516910000E-04  -4.3444960000E-04
   27      5.0066750000E-04  -1.0215765940E-01   1.1011496350E-01  -9.0544266000E-03  -1.6840224700E-02
   28      1.7830939000E-03   1.0938415380E-01  -2.4476059120E-01   1.0079611700E-02   3.8656156000E-03
   29     -3.2317030000E-04  -4.1604489000E-03   6.8468558000E-03  -3.1055806600E-02  -6.6494651000E-03
   30     -3.3348302000E-03  -1.6363634300E-02  -2.2532952700E-02  -3.0819158000E-03  -1.4274536130E-01
   31      6.3387500000E-05  -5.5846400000E-05   1.4324741000E-03  -5.9967190000E-04  -1.2358834290E-01
   32      7.5787019000E-03  -7.2242792000E-03  -1.0729146700E-02  -1.5417717000E-03  -3.4905615000E-03
   33      7.4984960000E-04  -1.3872319400E-02   2.5191995600E-02   1.4512110000E-03  -1.1114189680E-01
   34      3.2765700000E-05   7.4285595000E-03  -5.3440173000E-03   2.2569239000E-03   1.0867696340E-01
   35     -4.4130591000E-03  -1.3882065700E-02   1.0075363100E-02  -3.0492327000E-03   1.6999376500E-02
   36      1.6167224000E-03   2.5750201000E-03   1.8067876000E-03  -4.9427590000E-04  -1.3030568000E-03
   37     -7.7104850000E-04  -8.6960560000E-04  -8.2476960000E-04   3.8954550000E-04  -6.9817430000E-04
   38      2.8904618000E-03   7.5660643000E-03   4.5340581000E-03   1.8725646000E-03  -1.2231119000E-03
   39      1.2150537000E-03   1.0573233000E-03   5.0741510000E-04  -4.6828080000E-04  -7.7088720000E-04
   40      2.1069060000E-04  -3.3225410000E-04  -6.6279830000E-04  -3.4858360000E-04  -1.7185930000E-04
   41     -1.5746596000E-03   4.8441186000E-03   1.9230180000E-04   3.6064610000E-04  -8.4082900000E-05
   42      8.1087240000E-04  -2.9317513000E-03  -5.2559770000E-04  -3.2846580000E-04   1.4540396000E-03
   43     -1.1363300000E-05  -1.4277194000E-03  -8.9570640000E-04  -3.0027680000E-04   7.8989330000E-04
   44     -7.8581490000E-04   8.6477790000E-03   1.6952714000E-03   3.3773705000E-03  -3.6127197000E-03
   45      4.8268050000E-04  -1.1528034000E-03  -8.0383560000E-04  -1.2478655000E-03   4.7093080000E-04
   46     -8.2111630000E-04   1.3134442000E-03  -1.0002609000E-03   1.0992704000E-03   5.0380410000E-04
   47     -8.5663940000E-04   3.2025736000E-03   1.0109845000E-03   1.5473249000E-03   9.1018350000E-04
                   10                 11                 12                 13                 14        
    0     -6.0312274000E-03   1.4422354100E-02   1.1994855500E-02   5.8971786000E-03  -9.0471813000E-03
    1     -3.4505752000E-03  -3.2661622000E-03  -3.3983862000E-03  -2.0983468000E-03   1.4954898000E-03
    2      7.5891867000E-03  -2.7601350400E-02  -3.4903745200E-02  -1.7055087200E-02   2.7739644900E-02
    3     -2.1801059400E-02  -5.6688954700E-02  -5.0031696200E-02  -2.3600468900E-02   3.0489227400E-02
    4      2.8565695000E-03  -3.5443777300E-02  -2.8098741700E-02  -9.9843588000E-03   2.3459787100E-02
    5     -9.2089517000E-03   6.3544960000E-03  -7.9662950000E-04   2.9287416000E-03  -2.7122272100E-02
    6      1.6593910800E-02  -7.5232822400E-02   5.0947924800E-02   2.2814896100E-02  -7.1043434400E-02
    7     -8.0410324000E-02   2.8760309600E-02   1.5944470500E-02   1.1631356400E-02  -1.4955223000E-02
    8     -2.9671483000E-03  -3.8636090900E-02   3.2124428900E-02   2.0122092500E-02  -7.0401778600E-02
    9     -1.1058920000E-04   1.3062172050E-01  -2.2148729100E-02  -5.2226832000E-03   1.5161306800E-02
   10      5.3355094800E-01   4.7097016500E-02   1.3425439500E-02  -1.1280806400E-02  -1.6118467300E-02
   11      4.7097016500E-02   8.8910211800E-02  -7.4928959600E-02  -3.0223460500E-02   6.2138724900E-02
   12      1.3425439500E-02  -7.4928959600E-02   5.0879704730E-01  -9.5348652000E-03   1.8445934170E-01
   13     -1.1280806400E-02  -3.0223460500E-02  -9.5348652000E-03   2.8237057640E-01  -1.5608761300E-02
   14     -1.6118467300E-02   6.2138724900E-02   1.8445934170E-01  -1.5608761300E-02   1.7117781330E-01
   15     -1.3276990800E-02   6.0207824000E-02  -2.5163782260E-01  -7.2058786900E-02  -4.4254494600E-02
   16     -5.6649106000E-03   2.3127117300E-02  -8.6918435800E-02  -1.0437864990E-01  -1.8186696500E-02
   17     -2.7350650000E-03   2.1196847000E-02   5.2591388700E-02   1.6929625600E-02  -5.8950512400E-02
   18     -1.0878093000E-03   8.0590210000E-04   4.6488810000E-04   2.3107550000E-04  -4.3945970000E-04
   19     -3.2016250000E-04   7.6312710000E-04   1.0104242000E-03   4.9705100000E-05  -2.1411200000E-05
   20      9.5530800000E-04   6.4881280000E-04   7.5239180000E-04   1.1125137000E-03  -1.2221312000E-03
   21     -6.0313300000E-05   1.3267430000E-04  -1.7181650000E-04   3.7942850000E-04  -1.0264920000E-04
   22     -3.4432990000E-04  -2.7227700000E-04  -1.1792450000E-04  -2.0215400000E-04  -6.1512800000E-05
   23     -2.0742820000E-04   3.7504840000E-04   7.7641770000E-04  -8.1950800000E-05  -3.0429340000E-04
   24     -2.9540948000E-03  -2.0213220000E-04  -7.4570910000E-04  -1.6088140000E-04   5.5974600000E-05
   25      3.9212490000E-04   3.6311900000E-04  -7.5220800000E-05  -1.2573587000E-03   1.7331240000E-04
   26     -3.4700340000E-04  -2.3419446000E-03  -6.9504800000E-04   1.4792930000E-04   5.3316400000E-04
   27      2.5341353500E-02  -7.7749540000E-04  -4.3609320000E-04   7.6759940000E-04  -3.0584220000E-04
   28     -2.6298513000E-03   1.4286515000E-03   1.0416299000E-03  -8.9799320000E-04  -2.3665310000E-04
   29      7.7825388000E-03  -1.7818365000E-03  -5.6550490000E-04  -9.9663820000E-04   5.1999850000E-04
   30     -1.2304476760E-01  -8.4382464000E-03  -2.0101160000E-03  -2.4932527000E-03   1.0185837000E-03
   31     -2.0175339940E-01  -8.6899194000E-03  -3.8873810000E-04  -1.8300578000E-03   3.8181900000E-04
   32     -4.5068582000E-03  -3.6825269800E-02   3.6780056000E-03   4.5561777000E-03   8.0611130000E-04
   33      1.1156097280E-01   9.1820402000E-03  -4.1528231000E-03   1.6892663000E-03   4.1959754000E-03
   34     -2.2767614530E-01  -2.4124827300E-02  -1.8882810000E-04  -4.4397330000E-04   1.5365000000E-06
   35     -2.9562868500E-02  -2.7880088600E-02   8.8316607000E-03  -3.1265759000E-03  -9.6336561000E-03
   36      9.0731890000E-04  -4.9055889000E-03  -3.0369824900E-02   6.4893719000E-03   1.1332257200E-02
   37     -5.4486910000E-04   1.1154434000E-03  -9.0329351000E-03   5.8352777000E-03   1.8940477000E-03
   38      2.4504449000E-03  -1.0312323700E-02  -1.2369083900E-02  -9.1414158000E-03   8.4898172000E-03
   39     -1.9021860000E-04  -1.6297744000E-03  -7.2721502000E-03  -2.7621857700E-02   2.0753915000E-03
   40     -1.7699800000E-04   1.4535420000E-04  -4.5529509000E-03  -1.6562221700E-02  -1.6562250000E-04
   41      1.2088178000E-03  -5.9771910000E-03  -7.8041248000E-03   3.4910420000E-04   4.9569384000E-03
   42     -1.0242567000E-03   4.6350271000E-03  -1.8647337330E-01   9.6986346600E-02  -1.2128492150E-01
   43      1.8310750000E-04   2.6575067000E-03   1.0157811860E-01  -7.4695600100E-02   6.3648052300E-02
   44      6.5453023000E-03  -1.8426975200E-02  -1.4649017000E-01   6.2991077000E-02  -8.4395286500E-02
   45      1.7523315000E-03   2.7964319000E-03  -1.6754561500E-02   5.4376332000E-03  -2.3100753000E-03
   46     -2.7303782000E-03  -3.4372215000E-03   9.3069437000E-03  -7.6255394800E-02  -2.5699697000E-02
   47     -7.9748244000E-03  -9.8410702000E-03  -4.6603690000E-03  -3.2903371900E-02  -2.4332282100E-02
                   15                 16                 17                 18                 19        
    0     -1.3105620700E-02  -2.5203033000E-03  -7.8847302000E-03  -1.2995392540E-01  -1.2185610060E-01
    1      4.3001078000E-03  -8.8839070000E-03   6.2225858000E-03  -1.2127971320E-01  -2.1955659270E-01
    2      4.7282027800E-02   1.1340922000E-02   2.6107649300E-02  -3.5224030000E-04   6.3792710000E-04
    3      4.7369528400E-02   1.1587514600E-02   4.7273331100E-02  -1.7392513600E-02  -9.8625800000E-04
    4      2.3279257000E-02   6.4098768000E-03   1.9999680400E-02  -2.5381815300E-02  -3.9498100000E-04
    5     -2.6797758000E-02  -4.8143727000E-03  -3.5321746900E-02   3.3851298000E-03   6.8292200000E-04
    6     -5.1193621300E-02  -2.0730190300E-02  -1.5517696700E-02  -6.3491948000E-03  -1.5151374000E-03
    7     -2.6805828300E-02  -3.9510018000E-03  -1.0968848700E-02   4.8382080000E-04   6.6913570000E-04
    8     -1.3460599200E-02  -7.1446390000E-04  -3.4510634700E-02   1.2017646000E-03  -2.3209110000E-04
    9      5.9930336000E-03   1.5296251000E-03   4.1954312000E-03  -6.5256420000E-04  -1.6742800000E-05
   10     -1.3276990800E-02  -5.6649106000E-03  -2.7350650000E-03  -1.0878093000E-03  -3.2016250000E-04
   11      6.0207824000E-02   2.3127117300E-02   2.1196847000E-02   8.0590210000E-04   7.6312710000E-04
   12     -2.5163782260E-01  -8.6918435800E-02   5.2591388700E-02   4.6488810000E-04   1.0104242000E-03
   13     -7.2058786900E-02  -1.0437864990E-01   1.6929625600E-02   2.3107550000E-04   4.9705100000E-05
   14     -4.4254494600E-02  -1.8186696500E-02  -5.8950512400E-02  -4.3945970000E-04  -2.1411200000E-05
   15      5.2601758290E-01   2.7209577700E-02  -1.7951825570E-01  -4.2636770000E-04  -4.6943500000E-04
   16      2.7209577700E-02   5.3379063640E-01   1.0342591900E-02  -7.5454360000E-04  -5.5085680000E-04
   17     -1.7951825570E-01   1.0342591900E-02   1.8100667280E-01  -3.9216890000E-04  -7.6803390000E-04
   18     -4.2636770000E-04  -7.5454360000E-04  -3.9216890000E-04   1.4587163790E-01   1.3638761700E-01
   19     -4.6943500000E-04  -5.5085680000E-04  -7.6803390000E-04   1.3638761700E-01   2.4509855120E-01
   20     -9.0904590000E-04  -1.5119778000E-03   1.4191045000E-03  -2.7959414000E-03  -3.0404665000E-03
   21     -7.7224240000E-04   5.8677940000E-04  -1.6872310000E-04   7.2170550000E-03  -1.3140662700E-02
   22     -2.5252880000E-04  -2.3737510000E-04   4.4712730000E-04   1.1759382500E-02  -2.8347725900E-02
   23     -8.8794030000E-04   1.5168104000E-03  -6.7200540000E-04  -2.3308380000E-04   2.2676927000E-03
   24     -2.5238000000E-05   5.6815920000E-04   3.1743560000E-04   1.0649516000E-03   8.0098270000E-04
   25      9.6858150000E-04  -6.1212990000E-04  -3.1020780000E-04  -7.5324430000E-04   9.5932890000E-04
   26      2.0294500000E-03  -5.0558560000E-04  -6.4158260000E-04  -2.9289150000E-04  -3.0951000000E-06
   27     -5.0342110000E-04   2.3287010000E-04   1.9290410000E-04  -2.1454640000E-04   1.1982130000E-04
   28     -3.6158300000E-04  -1.0027358000E-03  -9.2082690000E-04   3.5593550000E-04   4.0048630000E-04
   29      1.2581970000E-04  -3.6408090000E-04   4.0815190000E-04   3.3506200000E-05  -1.8203100000E-04
   30     -2.5077920000E-04  -1.4533780000E-04   6.6234900000E-05  -4.1350240000E-04   6.0353600000E-05
   31      5.6257170000E-04  -3.2617490000E-04  -5.0722850000E-04   5.4887600000E-05   2.4203180000E-04
   32      4.4464900000E-04  -1.1227790000E-04  -1.4413760000E-03  -9.1730710000E-04  -2.6470430000E-04
   33      1.0540826000E-03   4.6316170000E-04   6.0952310000E-04   1.4399910000E-04  -1.2036290000E-04
   34      5.3062020000E-04  -2.9885200000E-05   1.2252180000E-04  -5.2297700000E-05   2.2418520000E-04
   35     -3.5542061000E-03  -1.1463502000E-03  -1.5448758000E-03  -9.9589100000E-05  -1.6469700000E-05
   36     -1.8493993300E-01   9.4367706100E-02   1.0554853710E-01   7.0307100000E-05   1.1860940000E-04
   37      9.2257408400E-02  -9.6635338600E-02  -5.8228822600E-02  -1.2416990000E-04   1.8412250000E-04
   38      1.2718537390E-01  -5.7364108100E-02  -7.9211649300E-02   8.9006400000E-05  -3.1524900000E-05
   39     -3.8973421600E-02  -7.3296137000E-03   8.6103015000E-03   5.6226100000E-05  -1.1140300000E-05
   40     -9.5910867000E-03  -2.9542275820E-01   2.8023046900E-02   5.9814000000E-05   4.2199740000E-04
   41      1.4815297500E-02   3.6842801800E-02  -2.4450008500E-02  -1.3802700000E-04   2.6623350000E-04
   42     -3.3391040500E-02   5.2928558000E-03  -8.9217185000E-03   5.7996550000E-04  -5.7893090000E-04
   43     -1.2350642300E-02   3.0387853000E-03  -2.8150435000E-03   7.7065100000E-05   2.6772780000E-04
   44      1.6771679400E-02   7.6498168000E-03   5.3068649000E-03   1.3674750000E-04   1.8407600000E-05
   45     -5.2147194000E-03  -2.3439825200E-02  -7.0017943000E-03  -6.6415900000E-05   1.9696250000E-04
   46     -1.3941242500E-02  -2.5543574600E-02  -4.8331026000E-03   2.3995200000E-05   6.5304710000E-04
   47      5.2017850000E-04  -6.1001467000E-03   1.2991011000E-03   8.6523000000E-06  -7.6482300000E-05
                   20                 21                 22                 23                 24        
    0     -6.1489027000E-03  -1.2030750200E-01   1.1588178900E-01  -2.0663799500E-02  -2.0892040800E-02
    1     -5.1255105000E-03   1.1712061810E-01  -2.2635597170E-01   3.1460998400E-02   2.7209225300E-02
    2     -3.2501219500E-02  -1.6568584000E-02   2.6635514800E-02  -3.5081423700E-02  -1.6892802000E-03
    3      6.1760009000E-03  -1.7981630600E-02   5.9972700000E-03   5.9861169000E-03  -1.0505999320E-01
    4      7.7811917000E-03   2.6701872800E-02  -3.5552928000E-03  -6.1538360000E-03   1.0805191000E-01
    5     -1.6032848000E-03  -2.2718679000E-03  -5.0815060000E-04   2.8506830000E-04  -8.3683848000E-03
    6      1.3842630000E-04   1.1894226000E-03  -1.7808958000E-03  -1.6580886000E-03   6.5944259000E-03
    7     -1.8187183000E-03   1.6720408000E-03   1.4685484000E-03  -6.0256330000E-04  -9.7547315000E-03
    8      9.5284016000E-03  -3.8555710000E-04  -2.4707990000E-04  -4.9433376000E-03   6.3785210000E-04
    9      2.1646943000E-03   1.5096720000E-04  -2.5388060000E-04   3.4503000000E-05   8.4281230000E-04
   10      9.5530800000E-04  -6.0313300000E-05  -3.4432990000E-04  -2.0742820000E-04  -2.9540948000E-03
   11      6.4881280000E-04   1.3267430000E-04  -2.7227700000E-04   3.7504840000E-04  -2.0213220000E-04
   12      7.5239180000E-04  -1.7181650000E-04  -1.1792450000E-04   7.7641770000E-04  -7.4570910000E-04
   13      1.1125137000E-03   3.7942850000E-04  -2.0215400000E-04  -8.1950800000E-05  -1.6088140000E-04
   14     -1.2221312000E-03  -1.0264920000E-04  -6.1512800000E-05  -3.0429340000E-04   5.5974600000E-05
   15     -9.0904590000E-04  -7.7224240000E-04  -2.5252880000E-04  -8.8794030000E-04  -2.5238000000E-05
   16     -1.5119778000E-03   5.8677940000E-04  -2.3737510000E-04   1.5168104000E-03   5.6815920000E-04
   17      1.4191045000E-03  -1.6872310000E-04   4.4712730000E-04  -6.7200540000E-04   3.1743560000E-04
   18     -2.7959414000E-03   7.2170550000E-03   1.1759382500E-02  -2.3308380000E-04   1.0649516000E-03
   19     -3.0404665000E-03  -1.3140662700E-02  -2.8347725900E-02   2.2676927000E-03   8.0098270000E-04
   20      2.3369499900E-02   1.8103740000E-03   2.8379521000E-03   4.2772171000E-03  -8.0280400000E-04
   21      1.8103740000E-03   1.3484685350E-01  -1.3102958510E-01   1.5810758800E-02  -4.7907205000E-03
   22      2.8379521000E-03  -1.3102958510E-01   2.5460416030E-01  -2.9320988400E-02   7.4431690000E-04
   23      4.2772171000E-03   1.5810758800E-02  -2.9320988400E-02   2.6773941100E-02   2.8372898000E-03
   24     -8.0280400000E-04  -4.7907205000E-03   7.4431690000E-04   2.8372898000E-03   1.2528857470E-01
   25     -4.4625170000E-04  -1.5851960000E-04   9.2886180000E-04   7.3394450000E-04  -1.2115227870E-01
   26     -3.5713093000E-03   1.9110576000E-03   7.4383440000E-04   8.9999473000E-03   6.7376999000E-03
   27      9.1741500000E-05  -4.7086930000E-04  -2.9302680000E-04  -8.2378600000E-05  -1.5100320000E-03
   28     -2.4440070000E-04  -9.1919780000E-04   2.0231060000E-04   6.4099100000E-05  -2.4024697000E-03
   29     -2.1083140000E-04   9.9161100000E-05  -8.4994800000E-05   2.3730740000E-04   7.2295600000E-05
   30      1.0524785000E-03   1.3662000000E-04  -3.1845500000E-05  -2.2414800000E-05  -1.3244130000E-04
   31      1.7270050000E-04  -1.5407750000E-04   2.4921510000E-04   3.6882500000E-05  -5.3885800000E-05
   32     -6.2625170000E-04  -1.7471870000E-04  -1.3482000000E-06   5.9227070000E-04  -5.0643400000E-05
   33      9.0807000000E-05   1.5360440000E-04  -2.9329440000E-04   9.3741500000E-05  -8.3579180000E-04
   34     -1.9963000000E-06  -3.2440030000E-04   6.9386100000E-05  -6.1599700000E-05  -6.1609380000E-04
   35      5.9550460000E-04  -1.1624280000E-04   2.7095500000E-05   2.5093500000E-04   1.9430580000E-04
   36     -4.4277210000E-04   3.6875760000E-04   1.0834340000E-04  -6.6185700000E-04  -1.1223210000E-04
   37     -9.9198400000E-05  -5.0625200000E-05   4.7135570000E-04   2.2496730000E-04  -2.0317310000E-04
   38     -2.9012660000E-04  -6.1857000000E-06   2.2180800000E-04  -4.1724800000E-05  -1.8409300000E-04
   39     -3.8117610000E-04  -1.0003550000E-04  -4.1416300000E-05  -5.8184990000E-04   1.0559570000E-04
   40     -1.9525420000E-04  -1.3115120000E-04   1.8223360000E-04   2.1011500000E-05  -1.4253390000E-04
   41      2.5996300000E-05   2.8979700000E-05  -1.6976760000E-04  -9.7429190000E-04   4.4873270000E-04
   42     -5.6406670000E-04   1.8630580000E-04  -6.3893630000E-04  -6.1012420000E-04   4.4631580000E-04
   43     -2.7843090000E-04  -1.9552940000E-04   1.9398410000E-04  -1.1511800000E-05   8.1375100000E-05
   44      2.9272310000E-04   1.6896360000E-04  -3.4073430000E-04  -2.9013560000E-04  -3.1886900000E-05
   45     -2.3220550000E-04   3.4523070000E-04   2.4223230000E-04  -1.3729100000E-04  -2.3847710000E-04
   46     -9.7460700000E-05  -2.9667730000E-04   6.7279360000E-04   1.1347180000E-04  -1.5826500000E-05
   47     -1.3210550000E-04  -1.6744050000E-04   9.3521600000E-05   5.1547700000E-04   2.7638400000E-05
                   25                 26                 27                 28                 29        
    0      4.7441240000E-03   4.7611053000E-03   1.2537797000E-03   1.1337704000E-03  -2.6042100000E-05
    1     -2.4345205000E-03  -3.2307389000E-03  -1.7014331000E-03   6.2702530000E-04  -1.1035220000E-04
    2     -5.4293800000E-04  -1.2358655000E-03   3.2661560000E-04  -7.1548000000E-05  -1.4706444000E-03
    3      1.0799207360E-01  -1.4723980800E-02   6.9032823000E-03   1.0970890400E-02   8.2664100000E-05
    4     -2.3384139820E-01   1.9135946500E-02  -1.1210255500E-02  -2.6699223900E-02  -5.4895220000E-04
    5      1.7554054400E-02  -3.6729303700E-02   5.0066750000E-04   1.7830939000E-03  -3.2317030000E-04
    6      1.1246411300E-02   8.0316730000E-04  -1.0215765940E-01   1.0938415380E-01  -4.1604489000E-03
    7     -2.7148896100E-02   4.0037270000E-03   1.1011496350E-01  -2.4476059120E-01   6.8468558000E-03
    8      1.3523233000E-03   1.9516910000E-04  -9.0544266000E-03   1.0079611700E-02  -3.1055806600E-02
    9      1.2781832000E-03  -4.3444960000E-04  -1.6840224700E-02   3.8656156000E-03  -6.6494651000E-03
   10      3.9212490000E-04  -3.4700340000E-04   2.5341353500E-02  -2.6298513000E-03   7.7825388000E-03
   11      3.6311900000E-04  -2.3419446000E-03  -7.7749540000E-04   1.4286515000E-03  -1.7818365000E-03
   12     -7.5220800000E-05  -6.9504800000E-04  -4.3609320000E-04   1.0416299000E-03  -5.6550490000E-04
   13     -1.2573587000E-03   1.4792930000E-04   7.6759940000E-04  -8.9799320000E-04  -9.9663820000E-04
   14      1.7331240000E-04   5.3316400000E-04  -3.0584220000E-04  -2.3665310000E-04   5.1999850000E-04
   15      9.6858150000E-04   2.0294500000E-03  -5.0342110000E-04  -3.6158300000E-04   1.2581970000E-04
   16     -6.1212990000E-04  -5.0558560000E-04   2.3287010000E-04  -1.0027358000E-03  -3.6408090000E-04
   17     -3.1020780000E-04  -6.4158260000E-04   1.9290410000E-04  -9.2082690000E-04   4.0815190000E-04
   18     -7.5324430000E-04  -2.9289150000E-04  -2.1454640000E-04   3.5593550000E-04   3.3506200000E-05
   19      9.5932890000E-04  -3.0951000000E-06   1.1982130000E-04   4.0048630000E-04  -1.8203100000E-04
   20     -4.4625170000E-04  -3.5713093000E-03   9.1741500000E-05  -2.4440070000E-04  -2.1083140000E-04
   21     -1.5851960000E-04   1.9110576000E-03  -4.7086930000E-04  -9.1919780000E-04   9.9161100000E-05
   22      9.2886180000E-04   7.4383440000E-04  -2.9302680000E-04   2.0231060000E-04  -8.4994800000E-05
   23      7.3394450000E-04   8.9999473000E-03  -8.2378600000E-05   6.4099100000E-05   2.3730740000E-04
   24     -1.2115227870E-01   6.7376999000E-03  -1.5100320000E-03  -2.4024697000E-03   7.2295600000E-05
   25      2.6455938490E-01  -1.9150563100E-02  -2.7333294000E-03  -3.5191336000E-03  -9.0723900000E-05
   26     -1.9150563100E-02   3.0572249000E-02  -5.9925430000E-04   7.3822850000E-04   5.6398057000E-03
   27     -2.7333294000E-03  -5.9925430000E-04   1.1647202420E-01  -1.2182445990E-01   1.3331518800E-02
   28     -3.5191336000E-03   7.3822850000E-04  -1.2182445990E-01   2.7504109020E-01  -1.3102925700E-02
   29     -9.0723900000E-05   5.6398057000E-03   1.3331518800E-02  -1.3102925700E-02   2.4185442500E-02
   30      3.5594760000E-04  -7.0005500000E-05   8.3757080000E-04  -5.2723600000E-04   7.9337040000E-04
   31      5.3935130000E-04   7.4414800000E-05   7.6170790000E-04   7.6876490000E-04   9.0234000000E-06
   32      4.4517730000E-04  -1.9690440000E-04   1.2059042000E-03  -2.0301280000E-04  -2.5065564000E-03
   33     -1.1974334000E-03  -1.0222510000E-04  -3.8702909000E-03  -3.6738240000E-04  -2.7430658000E-03
   34      2.9544010000E-04  -1.8195900000E-04   1.3426843000E-03   5.9761360000E-04  -6.1224230000E-04
   35     -1.6225770000E-04   3.6676060000E-04  -4.8790138000E-03   3.4296810000E-04   6.2059965000E-03
   36     -2.6611830000E-04  -1.8163400000E-05   3.6707490000E-04  -1.3819290000E-04  -4.9128000000E-05
   37      2.7676850000E-04  -3.8317090000E-04  -1.1059320000E-04   3.4920130000E-04   4.2177700000E-04
   38      1.4618770000E-04  -6.2715410000E-04   4.0624000000E-06   2.0973170000E-04   1.4892260000E-04
   39     -1.6091500000E-05   6.1046330000E-04  -1.5854000000E-06   2.0141100000E-05  -5.2367400000E-05
   40      6.5674340000E-04  -5.6355800000E-04  -1.4936480000E-04   3.0846150000E-04   1.5851100000E-04
   41      1.1966730000E-04  -1.0687390000E-03  -6.4608000000E-06  -1.1772440000E-04   1.6111900000E-05
   42     -7.9728200000E-05   2.1329900000E-05  -1.2262510000E-04  -2.4059650000E-04  -2.7154070000E-04
   43      2.6551490000E-04  -5.0574300000E-04  -2.8361720000E-04   1.9947240000E-04   6.0218790000E-04
   44     -3.2136580000E-04   2.9549100000E-04   3.1419820000E-04  -4.2176780000E-04  -2.6557700000E-04
   45     -1.5335700000E-04   6.1745000000E-05   2.9361560000E-04   8.9816000000E-06  -2.0772800000E-05
   46     -6.0081600000E-05   2.7336400000E-05  -3.7492010000E-04   1.0151027000E-03   2.7204730000E-04
   47      1.3652200000E-04  -1.8978360000E-04  -2.6274040000E-04   6.7247510000E-04   2.5268550000E-04
                   30                 31                 32                 33                 34        
    0     -4.4092910000E-04  -3.7623000000E-05  -1.0599575000E-03   6.5007980000E-04  -2.2090370000E-04
    1     -8.0194850000E-04  -4.0471900000E-05  -1.2349893000E-03  -1.5723050000E-04  -1.9791360000E-04
    2     -3.7975060000E-04  -2.9132800000E-04  -2.7222850000E-04  -8.1034980000E-04   3.3438700000E-05
    3     -5.9583656000E-03  -1.2771734000E-03  -4.5225691000E-03  -8.9339480000E-04  -2.8633937000E-03
    4     -1.3670070000E-04   3.2399540000E-04   1.2061741000E-03   1.3100847000E-03   1.1525737000E-03
    5     -3.3348302000E-03   6.3387500000E-05   7.5787019000E-03   7.4984960000E-04   3.2765700000E-05
    6     -1.6363634300E-02  -5.5846400000E-05  -7.2242792000E-03  -1.3872319400E-02   7.4285595000E-03
    7     -2.2532952700E-02   1.4324741000E-03  -1.0729146700E-02   2.5191995600E-02  -5.3440173000E-03
    8     -3.0819158000E-03  -5.9967190000E-04  -1.5417717000E-03   1.4512110000E-03   2.2569239000E-03
    9     -1.4274536130E-01  -1.2358834290E-01  -3.4905615000E-03  -1.1114189680E-01   1.0867696340E-01
   10     -1.2304476760E-01  -2.0175339940E-01  -4.5068582000E-03   1.1156097280E-01  -2.2767614530E-01
   11     -8.4382464000E-03  -8.6899194000E-03  -3.6825269800E-02   9.1820402000E-03  -2.4124827300E-02
   12     -2.0101160000E-03  -3.8873810000E-04   3.6780056000E-03  -4.1528231000E-03  -1.8882810000E-04
   13     -2.4932527000E-03  -1.8300578000E-03   4.5561777000E-03   1.6892663000E-03  -4.4397330000E-04
   14      1.0185837000E-03   3.8181900000E-04   8.0611130000E-04   4.1959754000E-03   1.5365000000E-06
   15     -2.5077920000E-04   5.6257170000E-04   4.4464900000E-04   1.0540826000E-03   5.3062020000E-04
   16     -1.4533780000E-04  -3.2617490000E-04  -1.1227790000E-04   4.6316170000E-04  -2.9885200000E-05
   17      6.6234900000E-05  -5.0722850000E-04  -1.4413760000E-03   6.0952310000E-04   1.2252180000E-04
   18     -4.1350240000E-04   5.4887600000E-05  -9.1730710000E-04   1.4399910000E-04  -5.2297700000E-05
   19      6.0353600000E-05   2.4203180000E-04  -2.6470430000E-04  -1.2036290000E-04   2.2418520000E-04
   20      1.0524785000E-03   1.7270050000E-04  -6.2625170000E-04   9.0807000000E-05  -1.9963000000E-06
   21      1.3662000000E-04  -1.5407750000E-04  -1.7471870000E-04   1.5360440000E-04  -3.2440030000E-04
   22     -3.1845500000E-05   2.4921510000E-04  -1.3482000000E-06  -2.9329440000E-04   6.9386100000E-05
   23     -2.2414800000E-05   3.6882500000E-05   5.9227070000E-04   9.3741500000E-05  -6.1599700000E-05
   24     -1.3244130000E-04  -5.3885800000E-05  -5.0643400000E-05  -8.3579180000E-04  -6.1609380000E-04
   25      3.5594760000E-04   5.3935130000E-04   4.4517730000E-04  -1.1974334000E-03   2.9544010000E-04
   26     -7.0005500000E-05   7.4414800000E-05  -1.9690440000E-04  -1.0222510000E-04  -1.8195900000E-04
   27      8.3757080000E-04   7.6170790000E-04   1.2059042000E-03  -3.8702909000E-03   1.3426843000E-03
   28     -5.2723600000E-04   7.6876490000E-04  -2.0301280000E-04  -3.6738240000E-04   5.9761360000E-04
   29      7.9337040000E-04   9.0234000000E-06  -2.5065564000E-03  -2.7430658000E-03  -6.1224230000E-04
   30      1.5933635910E-01   1.3872184310E-01   1.1708675100E-02   7.5752930000E-03   1.0434883100E-02
   31      1.3872184310E-01   2.2698862490E-01   1.2346517500E-02  -1.4609930800E-02  -2.8906860200E-02
   32      1.1708675100E-02   1.2346517500E-02   3.2161026000E-02  -1.8717033000E-03  -2.4262484000E-03
   33      7.5752930000E-03  -1.4609930800E-02  -1.8717033000E-03   1.2447069670E-01  -1.2350720990E-01
   34      1.0434883100E-02  -2.8906860200E-02  -2.4262484000E-03  -1.2350720990E-01   2.5872820500E-01
   35      2.9730040000E-04  -2.8992142000E-03   3.3458127000E-03  -1.0574981100E-02   2.5311622500E-02
   36      2.6812760000E-04  -2.6634410000E-04   4.9667860000E-04   6.8345300000E-05  -4.3393280000E-04
   37     -6.1749700000E-05   5.0063850000E-04   3.0008610000E-04  -2.0497920000E-04   3.3770630000E-04
   38     -4.0586900000E-05   1.6862000000E-06  -2.1271300000E-05  -2.8103600000E-04   1.1936420000E-04
   39     -1.9976700000E-05  -9.6484900000E-05   4.1575440000E-04   7.7374900000E-05  -1.9027760000E-04
   40     -4.6707000000E-06   4.6616200000E-04   9.0097400000E-05  -1.4634140000E-04   4.4094850000E-04
   41     -2.0760400000E-05   4.6828600000E-05  -1.1566310000E-04  -6.3693700000E-05   1.2954750000E-04
   42     -1.6382220000E-04   2.9600820000E-04   5.9898370000E-04   6.5168680000E-04   2.1677220000E-04
   43     -3.7948340000E-04   1.7281850000E-04   3.0283270000E-04   1.1693470000E-04   9.1041100000E-04
   44      1.9368910000E-04   6.7154000000E-06  -7.8900490000E-04  -3.8125800000E-04  -1.9585930000E-04
   45      3.4495780000E-04   1.3142850000E-04   7.6308940000E-04  -7.8645600000E-05  -2.3314510000E-04
   46      5.8691790000E-04   1.1728878000E-03   2.3152300000E-04   2.7174910000E-04  -1.5767440000E-04
   47      2.5817850000E-04  -1.5261360000E-04  -1.4762490000E-04   4.5516500000E-04  -4.0298840000E-04
                   35                 36                 37                 38                 39        
    0     -8.8879330000E-04   9.2388630000E-04  -2.5455750000E-04   2.2211928000E-03  -4.4464270000E-04
    1      5.0173550000E-04  -6.2656500000E-04   7.8796510000E-04  -2.7553193000E-03   1.8475682000E-03
    2      1.6888192000E-03  -3.0089983000E-03   3.9543100000E-04  -9.4180012000E-03  -1.6911211000E-03
    3      4.9233479000E-03  -2.7488233000E-03   6.9360090000E-04  -6.6554074000E-03  -4.9197330000E-04
    4      2.4825090000E-03  -8.9629450000E-04  -5.6824510000E-04  -3.3491678000E-03  -6.5805370000E-04
    5     -4.4130591000E-03   1.6167224000E-03  -7.7104850000E-04   2.8904618000E-03   1.2150537000E-03
    6     -1.3882065700E-02   2.5750201000E-03  -8.6960560000E-04   7.5660643000E-03   1.0573233000E-03
    7      1.0075363100E-02   1.8067876000E-03  -8.2476960000E-04   4.5340581000E-03   5.0741510000E-04
    8     -3.0492327000E-03  -4.9427590000E-04   3.8954550000E-04   1.8725646000E-03  -4.6828080000E-04
    9      1.6999376500E-02  -1.3030568000E-03  -6.9817430000E-04  -1.2231119000E-03  -7.7088720000E-04
   10     -2.9562868500E-02   9.0731890000E-04  -5.4486910000E-04   2.4504449000E-03  -1.9021860000E-04
   11     -2.7880088600E-02  -4.9055889000E-03   1.1154434000E-03  -1.0312323700E-02  -1.6297744000E-03
   12      8.8316607000E-03  -3.0369824900E-02  -9.0329351000E-03  -1.2369083900E-02  -7.2721502000E-03
   13     -3.1265759000E-03   6.4893719000E-03   5.8352777000E-03  -9.1414158000E-03  -2.7621857700E-02
   14     -9.6336561000E-03   1.1332257200E-02   1.8940477000E-03   8.4898172000E-03   2.0753915000E-03
   15     -3.5542061000E-03  -1.8493993300E-01   9.2257408400E-02   1.2718537390E-01  -3.8973421600E-02
   16     -1.1463502000E-03   9.4367706100E-02  -9.6635338600E-02  -5.7364108100E-02  -7.3296137000E-03
   17     -1.5448758000E-03   1.0554853710E-01  -5.8228822600E-02  -7.9211649300E-02   8.6103015000E-03
   18     -9.9589100000E-05   7.0307100000E-05  -1.2416990000E-04   8.9006400000E-05   5.6226100000E-05
   19     -1.6469700000E-05   1.1860940000E-04   1.8412250000E-04  -3.1524900000E-05  -1.1140300000E-05
   20      5.9550460000E-04  -4.4277210000E-04  -9.9198400000E-05  -2.9012660000E-04  -3.8117610000E-04
   21     -1.1624280000E-04   3.6875760000E-04  -5.0625200000E-05  -6.1857000000E-06  -1.0003550000E-04
   22      2.7095500000E-05   1.0834340000E-04   4.7135570000E-04   2.2180800000E-04  -4.1416300000E-05
   23      2.5093500000E-04  -6.6185700000E-04   2.2496730000E-04  -4.1724800000E-05  -5.8184990000E-04
   24      1.9430580000E-04  -1.1223210000E-04  -2.0317310000E-04  -1.8409300000E-04   1.0559570000E-04
   25     -1.6225770000E-04  -2.6611830000E-04   2.7676850000E-04   1.4618770000E-04  -1.6091500000E-05
   26      3.6676060000E-04  -1.8163400000E-05  -3.8317090000E-04  -6.2715410000E-04   6.1046330000E-04
   27     -4.8790138000E-03   3.6707490000E-04  -1.1059320000E-04   4.0624000000E-06  -1.5854000000E-06
   28      3.4296810000E-04  -1.3819290000E-04   3.4920130000E-04   2.0973170000E-04   2.0141100000E-05
   29      6.2059965000E-03  -4.9128000000E-05   4.2177700000E-04   1.4892260000E-04  -5.2367400000E-05
   30      2.9730040000E-04   2.6812760000E-04  -6.1749700000E-05  -4.0586900000E-05  -1.9976700000E-05
   31     -2.8992142000E-03  -2.6634410000E-04   5.0063850000E-04   1.6862000000E-06  -9.6484900000E-05
   32      3.3458127000E-03   4.9667860000E-04   3.0008610000E-04  -2.1271300000E-05   4.1575440000E-04
   33     -1.0574981100E-02   6.8345300000E-05  -2.0497920000E-04  -2.8103600000E-04   7.7374900000E-05
   34      2.5311622500E-02  -4.3393280000E-04   3.3770630000E-04   1.1936420000E-04  -1.9027760000E-04
   35      3.4779597400E-02   7.8483270000E-04  -8.6526000000E-06   5.8618470000E-04   3.3117450000E-04
   36      7.8483270000E-04   2.2017508430E-01  -1.0305908090E-01  -1.1368513210E-01  -8.9827520000E-04
   37     -8.6526000000E-06  -1.0305908090E-01   1.1108968590E-01   6.5828006700E-02   2.4444978600E-02
   38      5.8618470000E-04  -1.1368513210E-01   6.5828006700E-02   8.2459214200E-02  -7.1383700000E-05
