
$orca_hessian_file

$act_atom
  0

$act_coord
  0

$act_energy
      -21.348945

$multiplicity
  1

$hessian
48
                    0                  1                  2                  3                  4        
    0      7.5904433570E-01  -2.2975704000E-03  -1.0915077850E-01  -4.4011119560E-01   3.7677973400E-02
    1     -2.2975704000E-03   5.4868282390E-01  -3.1463507600E-02   1.2794877100E-02  -7.5918548300E-02
    2     -1.0915077850E-01  -3.1463507600E-02   8.3281017500E-02   6.4511970100E-02  -2.2740567500E-02
    3     -4.4011119560E-01   1.2794877100E-02   6.4511970100E-02   7.2392774390E-01  -1.4744642000E-02
    4      3.7677973400E-02  -7.5918548300E-02  -2.2740567500E-02  -1.4744642000E-02   6.1115725530E-01
    5      1.1257000840E-01   4.2965900000E-03  -2.5594311400E-02  -7.7132920400E-02  -4.0686312000E-03
    6     -5.8714170300E-02  -2.8002274300E-02   4.3026070100E-02  -8.5800544600E-02  -9.0565250300E-02
    7     -2.9830615400E-02  -1.1742031000E-03   2.7194159700E-02  -8.7454729100E-02  -2.6923690990E-01
    8     -1.0081060000E-04   4.8800384000E-03   5.3671982000E-03   1.1391956600E-02   1.0124712600E-02
    9      7.9206330000E-03  -3.1306890000E-03  -8.0304361000E-03  -5.7304254500E-02  -2.7781489500E-02
   10     -5.3616482000E-03  -3.2143284000E-03   7.5077631000E-03  -2.1754893700E-02   2.7881578000E-03
   11      1.2447980500E-02  -3.4180736000E-03  -2.7402946300E-02  -5.3600507400E-02  -3.2849408000E-02
   12      9.8523721000E-03  -3.7913661000E-03  -3.6881489000E-02  -4.7428305900E-02  -2.5992358000E-02
   13      4.8907833000E-03  -2.0989016000E-03  -1.8004269500E-02  -2.2425678600E-02  -9.0710968000E-03
   14     -8.0783473000E-03   1.4813886000E-03   2.7558698700E-02   2.8768172500E-02   2.1644679700E-02
   15     -1.2363461100E-02   4.2713066000E-03   4.9501299800E-02   4.5514927900E-02   2.1684362500E-02
   16     -2.7213641000E-03  -9.1831905000E-03   1.2675858100E-02   1.2107990600E-02   6.1874656000E-03
   17     -6.8274306000E-03   6.5345635000E-03   3.0366200900E-02   4.6756314300E-02   1.9487020800E-02
   18     -1.3036139730E-01  -1.2191145320E-01   6.7929428000E-03  -1.7438410700E-02  -2.4730335400E-02
   19     -1.2264964980E-01  -2.2036907150E-01   8.7814154000E-03  -9.2086220000E-04  -2.1861120000E-04
   20      1.7286169000E-03   3.7810170000E-03  -3.2247271900E-02   6.7288315000E-03   9.0961029000E-03
   21     -1.1581782790E-01   1.1609921750E-01  -7.4235691000E-03  -1.7297808000E-02   2.6457524400E-02
   22      1.1515070400E-01  -2.3422906590E-01   1.5316416000E-02   6.2192952000E-03  -3.9099456000E-03
   23     -1.1242046100E-02   1.9597598700E-02  -3.1629769700E-02   7.2919889000E-03  -7.9493359000E-03
   24     -2.0114265500E-02   2.7309979700E-02  -5.4519620000E-04  -1.0432283280E-01   1.0750299930E-01
   25      4.8113863000E-03  -2.8171055000E-03  -8.4102470000E-04   1.0754982430E-01  -2.3549717120E-01
   26      6.2229818000E-03  -4.6290776000E-03  -2.0383231000E-03  -1.2458887300E-02   1.3752799000E-02
   27      1.1325568000E-03  -1.7787916000E-03   3.5925870000E-04   7.0514693000E-03  -1.1131626200E-02
   28      1.1796014000E-03   5.6178460000E-04  -2.3557480000E-04   1.0685397500E-02  -2.6762298100E-02
   29      1.3358390000E-04  -9.0890300000E-05  -1.8377895000E-03  -6.8927190000E-04  -1.5273968000E-03
   30     -3.4331880000E-04  -7.4945600000E-04  -3.9846470000E-04  -5.6118661000E-03  -4.3419500000E-05
   31      6.4539000000E-06   1.3718000000E-05  -3.4790880000E-04  -1.1822730000E-03   3.4205090000E-04
   32     -1.1920284000E-03  -1.3538271000E-03  -1.4407140000E-04  -4.6274387000E-03   1.2608628000E-03
   33      5.4892590000E-04  -1.7160780000E-04  -8.6551400000E-04  -9.6318240000E-04   1.3040243000E-03
   34     -2.5037550000E-04  -1.9522140000E-04   1.1416870000E-04  -2.6734869000E-03   1.1617098000E-03
   35     -6.7857810000E-04   5.6535640000E-04   1.6720189000E-03   4.5934382000E-03   2.3479605000E-03
   36      7.9307730000E-04  -5.1742150000E-04  -3.1586879000E-03  -2.4735441000E-03  -8.2781260000E-04
   37     -1.9533140000E-04   7.9772400000E-04   3.4537060000E-04   6.6153300000E-04  -4.5813640000E-04
   38      1.9958514000E-03  -3.0706309000E-03  -1.1010091300E-02  -6.5822839000E-03  -3.2974571000E-03
   39     -3.7230940000E-04   1.9016208000E-03  -2.0489881000E-03  -5.7313230000E-04  -7.3508480000E-04
   40      3.8055830000E-04  -1.6618790000E-04   7.6726390000E-04   5.7184100000E-04  -6.7080100000E-05
   41     -1.2604404000E-03   4.1948187000E-03  -7.0405514000E-03  -3.7396874000E-03   1.3163000000E-05
   42     -7.9707180000E-04  -1.4232560000E-04   3.1734434000E-03   2.1539345000E-03   1.2588173000E-03
   43     -7.6943810000E-04  -5.5497300000E-05   1.2440826000E-03   1.4114816000E-03   5.8465490000E-04
   44      2.6757298000E-03  -7.5906260000E-04  -6.8450314000E-03  -7.9955026000E-03  -4.4416503000E-03
   45     -2.9688320000E-04   1.1595390000E-04   1.1381386000E-03   6.7700140000E-04   6.6631690000E-04
   46     -2.1467700000E-05  -6.3472880000E-04  -3.1364510000E-04  -8.4567470000E-04  -1.0814967000E-03
   47      7.5570740000E-04  -5.4630140000E-04  -2.4549768000E-03  -3.2161724000E-03  -8.5285450000E-04
                    5                  6                  7                  8                  9        
    0      1.1257000840E-01  -5.8714170300E-02  -2.9830615400E-02  -1.0081060000E-04   7.9206330000E-03
    1      4.2965900000E-03  -2.8002274300E-02  -1.1742031000E-03   4.8800384000E-03  -3.1306890000E-03
    2     -2.5594311400E-02   4.3026070100E-02   2.7194159700E-02   5.3671982000E-03  -8.0304361000E-03
    3     -7.7132920400E-02  -8.5800544600E-02  -8.7454729100E-02   1.1391956600E-02  -5.7304254500E-02
    4     -4.0686312000E-03  -9.0565250300E-02  -2.6923690990E-01   1.0124712600E-02  -2.7781489500E-02
    5      1.4909551250E-01  -5.4327315000E-03  -1.0051098000E-03  -3.4608934100E-02  -4.4896528000E-03
    6     -5.4327315000E-03   6.5865383850E-01  -2.2188029300E-02   1.3237555760E-01  -3.8240136130E-01
    7     -1.0051098000E-03  -2.2188029300E-02   6.2177165100E-01  -4.4414796600E-02   4.4594497100E-02
    8     -3.4608934100E-02   1.3237555760E-01  -4.4414796600E-02   1.9362466850E-01  -1.4829415140E-01
    9     -4.4896528000E-03  -3.8240136130E-01   4.4594497100E-02  -1.4829415140E-01   7.0957533290E-01
   10     -9.0569385000E-03   1.6882247600E-02  -8.1123328300E-02  -2.5562869000E-03  -1.8352105000E-03
   11      5.5655919000E-03  -8.8132753900E-02   2.7908572200E-02  -4.6704149600E-02   1.5081602790E-01
   12      1.3119607000E-03   4.6942134100E-02   1.5096873300E-02   3.1491879700E-02  -1.8133030600E-02
   13      3.3892537000E-03   2.0622535300E-02   1.0414182000E-02   1.8420228500E-02  -3.8863276000E-03
   14     -2.4372781800E-02  -6.2420119700E-02  -1.4940448500E-02  -6.2098917400E-02   1.0118581100E-02
   15     -2.6400827700E-02  -4.7741185200E-02  -2.4906296600E-02  -1.3800258200E-02   5.4128005000E-03
   16     -5.2566742000E-03  -1.9158287700E-02  -4.1913764000E-03  -1.6205050000E-03   1.4391010000E-03
   17     -3.6366320000E-02  -1.7158528500E-02  -1.2227749300E-02  -3.0398169800E-02   4.2636498000E-03
   18      3.8967509000E-03  -6.1866224000E-03   4.2044990000E-04   2.0990214000E-03  -3.8916400000E-04
   19      6.5941350000E-04  -1.3642270000E-03   6.4918240000E-04  -1.5549090000E-04   2.1017500000E-05
   20     -2.2658911000E-03   1.2648074000E-03  -1.8062079000E-03   9.1711312000E-03   2.0809821000E-03
   21     -1.0531285000E-03   8.3189560000E-04   1.7430947000E-03  -8.4580510000E-04   1.4410310000E-04
   22     -8.7021520000E-04  -1.8728592000E-03   1.3992820000E-03  -1.4976200000E-05  -2.8107330000E-04
   23     -8.0105600000E-05  -1.8188191000E-03  -6.9597040000E-04  -4.8492753000E-03  -1.1067970000E-04
   24     -5.1168560000E-03   6.8225505000E-03  -1.0008531300E-02   3.6714690000E-04   8.6665750000E-04
   25      1.2070493100E-02   1.1054418000E-02  -2.7267018900E-02   9.1470260000E-04   1.2649095000E-03
   26     -3.5398745200E-02   1.3600373000E-03   4.3334140000E-03   5.2262590000E-04  -5.0933400000E-04
   27      6.0963810000E-04  -1.0150954300E-01   1.0880188340E-01  -9.7973452000E-03  -1.6777980200E-02
   28      1.6571632000E-03   1.0844866070E-01  -2.4436443500E-01   1.1982814100E-02   3.9479648000E-03
   29      1.0822990000E-04  -4.0998698000E-03   9.1582443000E-03  -3.2195300600E-02  -7.1557150000E-03
   30     -3.7423136000E-03  -1.6744818400E-02  -2.2604059900E-02  -3.6168215000E-03  -1.3926822670E-01
   31     -1.7344700000E-05  -1.4343590000E-04   1.2065023000E-03  -4.6560690000E-04  -1.2386343760E-01
   32      7.6777770000E-03  -7.5127486000E-03  -1.1036304400E-02  -1.9672554000E-03  -7.6214293000E-03
   33      1.0357043000E-03  -1.3794113300E-02   2.5421502500E-02   9.5937180000E-04  -1.0945326870E-01
   34     -8.3302500000E-05   7.3128367000E-03  -5.3916731000E-03   2.2217190000E-03   1.0914446030E-01
   35     -4.5198046000E-03  -1.3913285300E-02   1.0464165400E-02  -3.2326594000E-03   1.2218263500E-02
   36      1.5140339000E-03   2.2771287000E-03   1.5195247000E-03  -3.0335340000E-04  -1.0814828000E-03
   37     -6.5080500000E-04  -8.1908510000E-04  -6.2003360000E-04   3.2898770000E-04  -6.2131630000E-04
   38      3.0577272000E-03   7.0412887000E-03   4.1621198000E-03   2.0107109000E-03  -9.8978310000E-04
   39      1.1822367000E-03   9.3823340000E-04   5.6452190000E-04  -3.2980180000E-04  -6.8630340000E-04
   40      1.5528790000E-04  -3.3085670000E-04  -5.9297010000E-04  -3.9428680000E-04  -1.2983630000E-04
   41     -1.0902049000E-03   4.4984919000E-03   6.2031910000E-04   5.3629410000E-04  -7.2947500000E-05
   42      7.9491110000E-04  -2.4800646000E-03  -5.0908970000E-04  -4.9291960000E-04   1.1965667000E-03
   43     -7.2570000000E-05  -1.3000023000E-03  -7.1313420000E-04  -2.6246030000E-04   7.1988300000E-04
   44     -3.7045200000E-04   7.7892885000E-03   1.6429462000E-03   3.4894891000E-03  -3.1075763000E-03
   45      4.5318660000E-04  -1.0933576000E-03  -6.6099630000E-04  -1.1036672000E-03   3.7897840000E-04
   46     -1.1466103000E-03   1.4236096000E-03  -7.6571730000E-04   1.0112068000E-03   3.9754720000E-04
   47     -8.3728780000E-04   3.1333148000E-03   6.4264620000E-04   1.3325437000E-03   8.8420090000E-04
                   10                 11                 12                 13                 14        
    0     -5.3616482000E-03   1.2447980500E-02   9.8523721000E-03   4.8907833000E-03  -8.0783473000E-03
    1     -3.2143284000E-03  -3.4180736000E-03  -3.7913661000E-03  -2.0989016000E-03   1.4813886000E-03
    2      7.5077631000E-03  -2.7402946300E-02  -3.6881489000E-02  -1.8004269500E-02   2.7558698700E-02
    3     -2.1754893700E-02  -5.3600507400E-02  -4.7428305900E-02  -2.2425678600E-02   2.8768172500E-02
    4      2.7881578000E-03  -3.2849408000E-02  -2.5992358000E-02  -9.0710968000E-03   2.1644679700E-02
    5     -9.0569385000E-03   5.5655919000E-03   1.3119607000E-03   3.3892537000E-03  -2.4372781800E-02
    6      1.6882247600E-02  -8.8132753900E-02   4.6942134100E-02   2.0622535300E-02  -6.2420119700E-02
    7     -8.1123328300E-02   2.7908572200E-02   1.5096873300E-02   1.0414182000E-02  -1.4940448500E-02
    8     -2.5562869000E-03  -4.6704149600E-02   3.1491879700E-02   1.8420228500E-02  -6.2098917400E-02
    9     -1.8352105000E-03   1.5081602790E-01  -1.8133030600E-02  -3.8863276000E-03   1.0118581100E-02
   10      5.4259214880E-01   4.3803225100E-02   1.2795185700E-02  -9.5723714000E-03  -1.5165144900E-02
   11      4.3803225100E-02   9.5158452900E-02  -7.0267533100E-02  -2.8111469300E-02   5.9197327500E-02
   12      1.2795185700E-02  -7.0267533100E-02   5.3149947340E-01  -3.1155645000E-03   1.7921018700E-01
   13     -9.5723714000E-03  -2.8111469300E-02  -3.1155645000E-03   2.9447544780E-01  -1.0915963500E-02
   14     -1.5165144900E-02   5.9197327500E-02   1.7921018700E-01  -1.0915963500E-02   1.5549634080E-01
   15     -1.2453791300E-02   5.5149506100E-02  -2.6786860590E-01  -8.1138998100E-02  -4.3860757300E-02
   16     -5.3060761000E-03   2.1417862300E-02  -9.5864132300E-02  -1.1056971040E-01  -1.8475360400E-02
   17     -3.0552613000E-03   2.1589363600E-02   4.8996715800E-02   1.6522381900E-02  -5.8943280900E-02
   18     -9.9347260000E-04   8.1331400000E-04   4.4221420000E-04   2.1515120000E-04  -5.1190870000E-04
   19     -1.8350150000E-04   6.5539730000E-04   9.2466180000E-04   5.7402400000E-05   3.3719000000E-05
   20      1.1533049000E-03   5.9152680000E-04   6.1796820000E-04   9.9107730000E-04  -1.2081463000E-03
   21     -8.2338200000E-05   2.3515970000E-04  -1.2370650000E-04   4.4997030000E-04  -2.1248140000E-04
   22     -3.1513510000E-04  -2.6340310000E-04  -1.1217110000E-04  -9.0104500000E-05  -6.4394800000E-05
   23     -3.1743280000E-04   4.8619700000E-04   9.2643780000E-04   3.5276100000E-05  -4.0551390000E-04
   24     -2.7411341000E-03  -2.7379290000E-04  -7.9706150000E-04  -1.7223170000E-04   1.6444150000E-04
   25      4.7062850000E-04   3.9788210000E-04  -7.2216100000E-05  -1.2141595000E-03   2.5997520000E-04
   26     -2.7476290000E-04  -2.5844181000E-03  -9.7666170000E-04   3.0532700000E-05   7.8066000000E-04
   27      2.5490849100E-02  -1.0960933000E-03  -2.8474500000E-04   8.1378880000E-04  -4.5350880000E-04
   28     -2.7458017000E-03   1.3842546000E-03   9.2908560000E-04  -8.9032380000E-04  -1.4745560000E-04
   29      8.2433079000E-03  -2.3205208000E-03  -8.9173510000E-04  -9.9570490000E-04   9.0725440000E-04
   30     -1.2303908740E-01  -1.2366424400E-02  -1.8778043000E-03  -2.4256440000E-03   7.7595480000E-04
   31     -2.0688284610E-01  -1.3578598400E-02  -3.9926250000E-04  -1.7416706000E-03   3.4351850000E-04
   32     -9.4328647000E-03  -3.6408075600E-02   3.2669168000E-03   4.0190848000E-03   6.4472550000E-04
   33      1.1163901930E-01   4.4770163000E-03  -3.9471684000E-03   1.5246541000E-03   3.8228691000E-03
   34     -2.3314859010E-01  -1.7557595700E-02  -5.2098300000E-05  -5.3161570000E-04   5.5982500000E-05
   35     -2.2780554900E-02  -2.6512768900E-02   8.0532241000E-03  -2.5442462000E-03  -8.6579445000E-03
   36      7.6466250000E-04  -4.0268870000E-03  -3.0385775300E-02   7.2349857000E-03   9.1946014000E-03
   37     -5.6221180000E-04   9.5165210000E-04  -9.3022739000E-03   6.0281276000E-03   1.6391634000E-03
   38      2.1873748000E-03  -9.0574084000E-03  -1.2130732700E-02  -8.4880172000E-03   7.3706922000E-03
   39     -1.8304150000E-04  -1.3251199000E-03  -6.5597637000E-03  -2.7450765700E-02   1.3296273000E-03
   40     -2.1988830000E-04   1.3948340000E-04  -4.5076139000E-03  -1.7063111600E-02  -5.1364890000E-04
   41      1.1395017000E-03  -5.3298236000E-03  -7.3401789000E-03  -4.6028910000E-04   4.6256129000E-03
   42     -8.4564810000E-04   4.2699595000E-03  -1.9362192320E-01   9.9069260700E-02  -1.1548053970E-01
   43      6.0243500000E-05   2.5068636000E-03   1.0408264120E-01  -7.8349221800E-02   5.9763876100E-02
   44      5.8869184000E-03  -1.6947994700E-02  -1.4047798850E-01   5.8945201800E-02  -7.7324757800E-02
   45      1.7183014000E-03   2.8801478000E-03  -1.7708303500E-02   5.7940808000E-03  -2.3667718000E-03
   46     -2.6370998000E-03  -3.3866446000E-03   9.3806092000E-03  -7.9782872000E-02  -2.4999886400E-02
   47     -7.2821488000E-03  -9.3203538000E-03  -4.9089712000E-03  -3.2833077200E-02  -2.3569969400E-02
                   15                 16                 17                 18                 19        
    0     -1.2363461100E-02  -2.7213641000E-03  -6.8274306000E-03  -1.3036139730E-01  -1.2264964980E-01
    1      4.2713066000E-03  -9.1831905000E-03   6.5345635000E-03  -1.2191145320E-01  -2.2036907150E-01
    2      4.9501299800E-02   1.2675858100E-02   3.0366200900E-02   6.7929428000E-03   8.7814154000E-03
    3      4.5514927900E-02   1.2107990600E-02   4.6756314300E-02  -1.7438410700E-02  -9.2086220000E-04
    4      2.1684362500E-02   6.1874656000E-03   1.9487020800E-02  -2.4730335400E-02  -2.1861120000E-04
    5     -2.6400827700E-02  -5.2566742000E-03  -3.6366320000E-02   3.8967509000E-03   6.5941350000E-04
    6     -4.7741185200E-02  -1.9158287700E-02  -1.7158528500E-02  -6.1866224000E-03  -1.3642270000E-03
    7     -2.4906296600E-02  -4.1913764000E-03  -1.2227749300E-02   4.2044990000E-04   6.4918240000E-04
    8     -1.3800258200E-02  -1.6205050000E-03  -3.0398169800E-02   2.0990214000E-03  -1.5549090000E-04
    9      5.4128005000E-03   1.4391010000E-03   4.2636498000E-03  -3.8916400000E-04   2.1017500000E-05
   10     -1.2453791300E-02  -5.3060761000E-03  -3.0552613000E-03  -9.9347260000E-04  -1.8350150000E-04
   11      5.5149506100E-02   2.1417862300E-02   2.1589363600E-02   8.1331400000E-04   6.5539730000E-04
   12     -2.6786860590E-01  -9.5864132300E-02   4.8996715800E-02   4.4221420000E-04   9.2466180000E-04
   13     -8.1138998100E-02  -1.1056971040E-01   1.6522381900E-02   2.1515120000E-04   5.7402400000E-05
   14     -4.3860757300E-02  -1.8475360400E-02  -5.8943280900E-02  -5.1190870000E-04   3.3719000000E-05
   15      5.5194987420E-01   2.9009280500E-02  -1.6722443840E-01  -7.0335780000E-04  -3.8347750000E-04
   16      2.9009280500E-02   5.4807778350E-01   1.4166504700E-02  -1.0132176000E-03  -5.1387740000E-04
   17     -1.6722443840E-01   1.4166504700E-02   1.5900351080E-01  -4.3027750000E-04  -7.1831620000E-04
   18     -7.0335780000E-04  -1.0132176000E-03  -4.3027750000E-04   1.4648118710E-01   1.3704824540E-01
   19     -3.8347750000E-04  -5.1387740000E-04  -7.1831620000E-04   1.3704824540E-01   2.4432028730E-01
   20     -1.5932453000E-03  -1.9575606000E-03   1.0024879000E-03  -1.0817748100E-02  -1.1649114200E-02
   21     -9.7106000000E-04   7.8411560000E-04  -4.1575770000E-04   7.1385857000E-03  -1.3342092200E-02
   22     -1.7153410000E-04  -2.4764480000E-04   4.3118150000E-04   1.1361138000E-02  -2.6878895000E-02
   23     -1.7087683000E-03   1.7681362000E-03  -1.3766146000E-03  -3.8788760000E-04   2.6339249000E-03
   24      9.0921000000E-05   5.2843040000E-04   3.1906080000E-04   9.3800170000E-04   7.9435400000E-04
   25      8.6690900000E-04  -4.8129050000E-04  -2.0509030000E-04  -7.7255500000E-04   1.0058283000E-03
   26      2.1712191000E-03  -3.0522890000E-04   1.5335270000E-04  -5.6499410000E-04  -4.2610300000E-05
   27     -5.1683340000E-04   1.4319220000E-04   7.6739400000E-05  -1.6978280000E-04   1.3701020000E-04
   28     -3.2186210000E-04  -8.9798060000E-04  -7.8018450000E-04   3.2439800000E-04   4.4554320000E-04
   29      5.1776560000E-04  -1.4644510000E-04   6.0509640000E-04   1.9474200000E-05  -1.2891540000E-04
   30     -2.0124070000E-04  -1.4056670000E-04   1.9062970000E-04  -2.4068320000E-04   5.5428400000E-05
   31      5.0795340000E-04  -2.7683130000E-04  -3.9267930000E-04   5.3670700000E-05   2.1575920000E-04
   32      4.9292680000E-04  -9.5906700000E-05  -1.3119732000E-03  -9.4673190000E-04  -2.4778130000E-04
   33      1.0356162000E-03   4.7015870000E-04   6.4989910000E-04   1.2379590000E-04  -1.0692460000E-04
   34      4.0251740000E-04   7.7152000000E-05   1.0186880000E-04  -6.8391500000E-05   2.0148050000E-04
   35     -3.2438385000E-03  -1.0942804000E-03  -1.5463769000E-03  -1.1182000000E-06  -3.4113700000E-05
   36     -1.9634361180E-01   9.9490402900E-02   9.8292471700E-02   5.0728400000E-05   7.1288000000E-05
   37      9.7731451700E-02  -9.9872952000E-02  -5.4015207300E-02  -8.2266900000E-05   6.0685600000E-05
   38      1.1854228690E-01  -5.2183142100E-02  -6.6979185100E-02   4.7037500000E-05  -5.7726900000E-05
   39     -3.9711496900E-02  -7.3991906000E-03   7.7753954000E-03  -7.0395700000E-05   1.1384900000E-05
   40     -9.1409277000E-03  -2.9924130720E-01   2.1926205400E-02   4.8634200000E-05   4.4468080000E-04
   41      1.3982062500E-02   2.9251974100E-02  -2.2673332900E-02  -2.0199870000E-04   2.4731900000E-04
   42     -3.2986457500E-02   5.6524820000E-03  -8.4784637000E-03   4.3869330000E-04  -4.5900210000E-04
   43     -1.2303596200E-02   3.3727612000E-03  -2.6619989000E-03   5.7574100000E-05   2.0500410000E-04
   44      1.6503021400E-02   7.5777649000E-03   5.2793270000E-03   1.6531960000E-04   5.2849200000E-05
   45     -4.5968296000E-03  -2.3328394800E-02  -6.7859796000E-03  -5.3392500000E-05   1.6284540000E-04
   46     -1.3653297600E-02  -2.6932925000E-02  -5.1132394000E-03   4.2430900000E-05   5.5810300000E-04
   47      9.7204530000E-04  -5.7229966000E-03   1.5959141000E-03   2.8804400000E-05  -2.9969400000E-05
                   20                 21                 22                 23                 24        
    0      1.7286169000E-03  -1.1581782790E-01   1.1515070400E-01  -1.1242046100E-02  -2.0114265500E-02
    1      3.7810170000E-03   1.1609921750E-01  -2.3422906590E-01   1.9597598700E-02   2.7309979700E-02
    2     -3.2247271900E-02  -7.4235691000E-03   1.5316416000E-02  -3.1629769700E-02  -5.4519620000E-04
    3      6.7288315000E-03  -1.7297808000E-02   6.2192952000E-03   7.2919889000E-03  -1.0432283280E-01
    4      9.0961029000E-03   2.6457524400E-02  -3.9099456000E-03  -7.9493359000E-03   1.0750299930E-01
    5     -2.2658911000E-03  -1.0531285000E-03  -8.7021520000E-04  -8.0105600000E-05  -5.1168560000E-03
    6      1.2648074000E-03   8.3189560000E-04  -1.8728592000E-03  -1.8188191000E-03   6.8225505000E-03
    7     -1.8062079000E-03   1.7430947000E-03   1.3992820000E-03  -6.9597040000E-04  -1.0008531300E-02
    8      9.1711312000E-03  -8.4580510000E-04  -1.4976200000E-05  -4.8492753000E-03   3.6714690000E-04
    9      2.0809821000E-03   1.4410310000E-04  -2.8107330000E-04  -1.1067970000E-04   8.6665750000E-04
   10      1.1533049000E-03  -8.2338200000E-05  -3.1513510000E-04  -3.1743280000E-04  -2.7411341000E-03
   11      5.9152680000E-04   2.3515970000E-04  -2.6340310000E-04   4.8619700000E-04  -2.7379290000E-04
   12      6.1796820000E-04  -1.2370650000E-04  -1.1217110000E-04   9.2643780000E-04  -7.9706150000E-04
   13      9.9107730000E-04   4.4997030000E-04  -9.0104500000E-05   3.5276100000E-05  -1.7223170000E-04
   14     -1.2081463000E-03  -2.1248140000E-04  -6.4394800000E-05  -4.0551390000E-04   1.6444150000E-04
   15     -1.5932453000E-03  -9.7106000000E-04  -1.7153410000E-04  -1.7087683000E-03   9.0921000000E-05
   16     -1.9575606000E-03   7.8411560000E-04  -2.4764480000E-04   1.7681362000E-03   5.2843040000E-04
   17      1.0024879000E-03  -4.1575770000E-04   4.3118150000E-04  -1.3766146000E-03   3.1906080000E-04
   18     -1.0817748100E-02   7.1385857000E-03   1.1361138000E-02  -3.8788760000E-04   9.3800170000E-04
   19     -1.1649114200E-02  -1.3342092200E-02  -2.6878895000E-02   2.6339249000E-03   7.9435400000E-04
   20      2.5091475800E-02   1.3697318000E-03   1.5581843000E-03   3.6491431000E-03  -1.0152379000E-03
   21      1.3697318000E-03   1.3025037610E-01  -1.3008669680E-01   5.6038709000E-03  -4.4995297000E-03
   22      1.5581843000E-03  -1.3008669680E-01   2.6151888300E-01  -1.6409967600E-02   7.1983100000E-04
   23      3.6491431000E-03   5.6038709000E-03  -1.6409967600E-02   2.5526679300E-02   3.4739582000E-03
   24     -1.0152379000E-03  -4.4995297000E-03   7.1983100000E-04   3.4739582000E-03   1.2332741820E-01
   25     -3.0216820000E-04  -2.5700600000E-05   9.4926870000E-04   6.5237020000E-04  -1.2066238580E-01
   26     -3.4814901000E-03   2.7981757000E-03   4.8674290000E-04   8.7598846000E-03   2.1505881000E-03
   27      8.2369300000E-05  -5.2895520000E-04  -2.8411020000E-04  -5.6116000000E-05  -1.5531948000E-03
   28     -3.0264160000E-04  -9.4667440000E-04   2.6621340000E-04   1.7042040000E-04  -2.4212347000E-03
   29     -1.7688420000E-04   1.6735310000E-04  -9.1282000000E-06   2.1540310000E-04   1.9712460000E-04
   30      1.0622251000E-03   1.1156820000E-04  -6.0800800000E-05  -9.1193700000E-05  -1.0782940000E-04
   31      1.7439150000E-04  -1.2322610000E-04   2.1866520000E-04   4.9554500000E-05   6.6505000000E-06
   32     -5.1938490000E-04  -9.4826700000E-05   1.3657900000E-05   5.0751240000E-04  -5.2195100000E-05
   33      4.7952700000E-05   1.9173250000E-04  -2.6866640000E-04   4.8812800000E-05  -8.1810110000E-04
   34      9.4150000000E-07  -2.9572400000E-04   3.6997600000E-05  -3.8172700000E-05  -5.3989690000E-04
   35      5.0759330000E-04  -5.3353000000E-05   8.3122000000E-06   1.8547820000E-04   1.8685460000E-04
   36     -3.8506410000E-04   3.2289630000E-04   5.2225400000E-05  -7.6263690000E-04  -9.2477300000E-05
   37     -1.3327030000E-04  -4.5204100000E-05   4.6836470000E-04   3.2391410000E-04  -2.0781150000E-04
   38     -2.4995290000E-04  -5.3098100000E-05   2.2547490000E-04  -2.1325830000E-04  -2.4140930000E-04
   39     -4.3437610000E-04  -1.4045710000E-04  -4.7711400000E-05  -4.7363860000E-04   6.8852900000E-05
   40     -2.4238540000E-04  -1.2760910000E-04   1.5372410000E-04   1.0237100000E-05  -1.5565430000E-04
   41      4.6751900000E-05  -8.0776000000E-05  -1.7068910000E-04  -9.6221400000E-04   4.1346650000E-04
   42     -5.2621060000E-04   1.2976610000E-04  -5.2280570000E-04  -5.8241740000E-04   3.9195030000E-04
   43     -2.7903730000E-04  -1.5576740000E-04   9.9852700000E-05   1.7325000000E-06   5.6238000000E-05
   44      1.8007080000E-04   1.8254080000E-04  -3.1340820000E-04  -2.3273110000E-04  -3.0797900000E-05
   45     -2.1160290000E-04   2.5842090000E-04   2.0523550000E-04  -1.1086510000E-04  -2.0105990000E-04
   46     -8.2634000000E-05  -3.0288950000E-04   5.5953940000E-04   1.6771460000E-04  -9.6026000000E-06
   47     -9.1159400000E-05  -1.2403640000E-04   7.6212700000E-05   4.1918490000E-04   2.8440000000E-06
                   25                 26                 27                 28                 29        
    0      4.8113863000E-03   6.2229818000E-03   1.1325568000E-03   1.1796014000E-03   1.3358390000E-04
    1     -2.8171055000E-03  -4.6290776000E-03  -1.7787916000E-03   5.6178460000E-04  -9.0890300000E-05
    2     -8.4102470000E-04  -2.0383231000E-03   3.5925870000E-04  -2.3557480000E-04  -1.8377895000E-03
    3      1.0754982430E-01  -1.2458887300E-02   7.0514693000E-03   1.0685397500E-02  -6.8927190000E-04
    4     -2.3549717120E-01   1.3752799000E-02  -1.1131626200E-02  -2.6762298100E-02  -1.5273968000E-03
    5      1.2070493100E-02  -3.5398745200E-02   6.0963810000E-04   1.6571632000E-03   1.0822990000E-04
    6      1.1054418000E-02   1.3600373000E-03  -1.0150954300E-01   1.0844866070E-01  -4.0998698000E-03
    7     -2.7267018900E-02   4.3334140000E-03   1.0880188340E-01  -2.4436443500E-01   9.1582443000E-03
    8      9.1470260000E-04   5.2262590000E-04  -9.7973452000E-03   1.1982814100E-02  -3.2195300600E-02
    9      1.2649095000E-03  -5.0933400000E-04  -1.6777980200E-02   3.9479648000E-03  -7.1557150000E-03
   10      4.7062850000E-04  -2.7476290000E-04   2.5490849100E-02  -2.7458017000E-03   8.2433079000E-03
   11      3.9788210000E-04  -2.5844181000E-03  -1.0960933000E-03   1.3842546000E-03  -2.3205208000E-03
   12     -7.2216100000E-05  -9.7666170000E-04  -2.8474500000E-04   9.2908560000E-04  -8.9173510000E-04
   13     -1.2141595000E-03   3.0532700000E-05   8.1378880000E-04  -8.9032380000E-04  -9.9570490000E-04
   14      2.5997520000E-04   7.8066000000E-04  -4.5350880000E-04  -1.4745560000E-04   9.0725440000E-04
   15      8.6690900000E-04   2.1712191000E-03  -5.1683340000E-04  -3.2186210000E-04   5.1776560000E-04
   16     -4.8129050000E-04  -3.0522890000E-04   1.4319220000E-04  -8.9798060000E-04  -1.4644510000E-04
   17     -2.0509030000E-04   1.5335270000E-04   7.6739400000E-05  -7.8018450000E-04   6.0509640000E-04
   18     -7.7255500000E-04  -5.6499410000E-04  -1.6978280000E-04   3.2439800000E-04   1.9474200000E-05
   19      1.0058283000E-03  -4.2610300000E-05   1.3701020000E-04   4.4554320000E-04  -1.2891540000E-04
   20     -3.0216820000E-04  -3.4814901000E-03   8.2369300000E-05  -3.0264160000E-04  -1.7688420000E-04
   21     -2.5700600000E-05   2.7981757000E-03  -5.2895520000E-04  -9.4667440000E-04   1.6735310000E-04
   22      9.4926870000E-04   4.8674290000E-04  -2.8411020000E-04   2.6621340000E-04  -9.1282000000E-06
   23      6.5237020000E-04   8.7598846000E-03  -5.6116000000E-05   1.7042040000E-04   2.1540310000E-04
   24     -1.2066238580E-01   2.1505881000E-03  -1.5531948000E-03  -2.4212347000E-03   1.9712460000E-04
   25      2.6644617710E-01  -1.2896969600E-02  -2.6881764000E-03  -3.5090415000E-03  -3.3312390000E-04
   26     -1.2896969600E-02   2.9119093900E-02  -5.9079780000E-04   8.5684090000E-04   5.4804179000E-03
   27     -2.6881764000E-03  -5.9079780000E-04   1.1564459750E-01  -1.2062486660E-01   1.4509425000E-02
   28     -3.5090415000E-03   8.5684090000E-04  -1.2062486660E-01   2.7464632180E-01  -1.4964699000E-02
   29     -3.3312390000E-04   5.4804179000E-03   1.4509425000E-02  -1.4964699000E-02   2.5381495000E-02
   30      3.1679170000E-04  -4.8025800000E-05   7.3594820000E-04  -5.6195860000E-04   8.9747230000E-04
   31      5.5589960000E-04   4.7706300000E-05   7.7073820000E-04   8.2806400000E-04   5.7389800000E-05
   32      4.7028420000E-04  -2.0888440000E-04   1.3008874000E-03  -2.3823360000E-04  -2.6729966000E-03
   33     -1.1783731000E-03  -1.7316290000E-04  -3.7044184000E-03  -3.1648680000E-04  -3.2557954000E-03
   34      3.3299330000E-04  -2.1775780000E-04   1.2234841000E-03   6.6267030000E-04  -5.0843730000E-04
   35     -2.5130800000E-04   3.7905340000E-04  -5.0765877000E-03   3.2125180000E-04   6.5690316000E-03
   36     -2.3488050000E-04   5.9890000000E-06   3.2677490000E-04  -1.3870940000E-04  -6.1833700000E-05
   37      2.3976640000E-04  -3.1704700000E-04  -9.7617200000E-05   3.1304260000E-04   3.6379980000E-04
   38      1.3862830000E-04  -5.7810250000E-04   3.1347400000E-05   1.9356370000E-04   2.1929700000E-05
   39     -2.5411000000E-06   5.1859700000E-04  -2.3595600000E-05   2.9727100000E-05  -4.8360300000E-05
   40      5.7675160000E-04  -4.2069340000E-04  -1.2055380000E-04   2.6887740000E-04   1.0827140000E-04
   41      6.7449500000E-05  -8.8339170000E-04  -5.0827000000E-06  -1.1345630000E-04  -6.4112000000E-06
   42     -9.4663100000E-05   4.9007800000E-05  -6.8580200000E-05  -2.1497330000E-04  -2.2926810000E-04
   43      2.6513590000E-04  -4.4356500000E-04  -2.6790310000E-04   1.8078770000E-04   5.4863860000E-04
   44     -2.7730500000E-04   1.5361090000E-04   3.0823910000E-04  -3.7972910000E-04  -2.5433410000E-04
   45     -1.3274710000E-04   4.5267800000E-05   2.4628190000E-04   1.9309000000E-06  -1.0349400000E-05
   46     -5.6662200000E-05   3.9676700000E-05  -3.8730090000E-04   9.9657550000E-04   2.2508910000E-04
   47      1.3520450000E-04  -1.7534430000E-04  -2.0237280000E-04   5.9566580000E-04   1.7537900000E-04
                   30                 31                 32                 33                 34        
    0     -3.4331880000E-04   6.4539000000E-06  -1.1920284000E-03   5.4892590000E-04  -2.5037550000E-04
    1     -7.4945600000E-04   1.3718000000E-05  -1.3538271000E-03  -1.7160780000E-04  -1.9522140000E-04
    2     -3.9846470000E-04  -3.4790880000E-04  -1.4407140000E-04  -8.6551400000E-04   1.1416870000E-04
    3     -5.6118661000E-03  -1.1822730000E-03  -4.6274387000E-03  -9.6318240000E-04  -2.6734869000E-03
    4     -4.3419500000E-05   3.4205090000E-04   1.2608628000E-03   1.3040243000E-03   1.1617098000E-03
    5     -3.7423136000E-03  -1.7344700000E-05   7.6777770000E-03   1.0357043000E-03  -8.3302500000E-05
    6     -1.6744818400E-02  -1.4343590000E-04  -7.5127486000E-03  -1.3794113300E-02   7.3128367000E-03
    7     -2.2604059900E-02   1.2065023000E-03  -1.1036304400E-02   2.5421502500E-02  -5.3916731000E-03
    8     -3.6168215000E-03  -4.6560690000E-04  -1.9672554000E-03   9.5937180000E-04   2.2217190000E-03
    9     -1.3926822670E-01  -1.2386343760E-01  -7.6214293000E-03  -1.0945326870E-01   1.0914446030E-01
   10     -1.2303908740E-01  -2.0688284610E-01  -9.4328647000E-03   1.1163901930E-01  -2.3314859010E-01
   11     -1.2366424400E-02  -1.3578598400E-02  -3.6408075600E-02   4.4770163000E-03  -1.7557595700E-02
   12     -1.8778043000E-03  -3.9926250000E-04   3.2669168000E-03  -3.9471684000E-03  -5.2098300000E-05
   13     -2.4256440000E-03  -1.7416706000E-03   4.0190848000E-03   1.5246541000E-03  -5.3161570000E-04
   14      7.7595480000E-04   3.4351850000E-04   6.4472550000E-04   3.8228691000E-03   5.5982500000E-05
   15     -2.0124070000E-04   5.0795340000E-04   4.9292680000E-04   1.0356162000E-03   4.0251740000E-04
   16     -1.4056670000E-04  -2.7683130000E-04  -9.5906700000E-05   4.7015870000E-04   7.7152000000E-05
   17      1.9062970000E-04  -3.9267930000E-04  -1.3119732000E-03   6.4989910000E-04   1.0186880000E-04
   18     -2.4068320000E-04   5.3670700000E-05  -9.4673190000E-04   1.2379590000E-04  -6.8391500000E-05
   19      5.5428400000E-05   2.1575920000E-04  -2.4778130000E-04  -1.0692460000E-04   2.0148050000E-04
   20      1.0622251000E-03   1.7439150000E-04  -5.1938490000E-04   4.7952700000E-05   9.4150000000E-07
   21      1.1156820000E-04  -1.2322610000E-04  -9.4826700000E-05   1.9173250000E-04  -2.9572400000E-04
   22     -6.0800800000E-05   2.1866520000E-04   1.3657900000E-05  -2.6866640000E-04   3.6997600000E-05
   23     -9.1193700000E-05   4.9554500000E-05   5.0751240000E-04   4.8812800000E-05  -3.8172700000E-05
   24     -1.0782940000E-04   6.6505000000E-06  -5.2195100000E-05  -8.1810110000E-04  -5.3989690000E-04
   25      3.1679170000E-04   5.5589960000E-04   4.7028420000E-04  -1.1783731000E-03   3.3299330000E-04
   26     -4.8025800000E-05   4.7706300000E-05  -2.0888440000E-04  -1.7316290000E-04  -2.1775780000E-04
   27      7.3594820000E-04   7.7073820000E-04   1.3008874000E-03  -3.7044184000E-03   1.2234841000E-03
   28     -5.6195860000E-04   8.2806400000E-04  -2.3823360000E-04  -3.1648680000E-04   6.6267030000E-04
   29      8.9747230000E-04   5.7389800000E-05  -2.6729966000E-03  -3.2557954000E-03  -5.0843730000E-04
   30      1.5582121470E-01   1.3849906280E-01   1.6411525800E-02   7.4056483000E-03   1.0519232100E-02
   31      1.3849906280E-01   2.3079180020E-01   1.7322585000E-02  -1.4286369000E-02  -2.7357445500E-02
   32      1.6411525800E-02   1.7322585000E-02   3.2436219100E-02  -1.4655325000E-03  -1.5636820000E-03
   33      7.4056483000E-03  -1.4286369000E-02  -1.4655325000E-03   1.2270266470E-01  -1.2409698230E-01
   34      1.0519232100E-02  -2.7357445500E-02  -1.5636820000E-03  -1.2409698230E-01   2.6280498930E-01
   35      4.7451660000E-04  -3.0445790000E-03   3.0623376000E-03  -5.1012032000E-03   1.7768582500E-02
   36      2.1241170000E-04  -2.0007960000E-04   4.1881240000E-04   7.7918300000E-05  -3.7170270000E-04
   37     -7.4008100000E-05   4.1994130000E-04   3.0477530000E-04  -1.7727610000E-04   2.5771290000E-04
   38     -2.5176500000E-05  -9.6612000000E-06  -5.0282000000E-05  -2.6355500000E-04   9.9344400000E-05
   39     -1.6833000000E-05  -5.8086800000E-05   3.2335950000E-04   2.8876900000E-05  -1.5994350000E-04
   40      1.2478900000E-05   3.8151760000E-04   6.5100600000E-05  -1.3934990000E-04   3.6380790000E-04
   41     -2.7709800000E-05   1.9689300000E-05  -1.1375900000E-04  -5.9535900000E-05   1.2091050000E-04
   42     -1.0930920000E-04   2.2626860000E-04   5.3355600000E-04   6.0420530000E-04   1.0323900000E-04
   43     -3.2633610000E-04   1.0346620000E-04   2.9584530000E-04   1.0559430000E-04   9.0148310000E-04
   44      1.8629020000E-04   1.9750300000E-05  -6.4553490000E-04  -3.0955930000E-04  -1.1582090000E-04
   45      2.3513850000E-04   1.8537250000E-04   7.6494640000E-04  -3.9131900000E-05  -1.9716810000E-04
   46      6.2234330000E-04   1.1814089000E-03   2.1640400000E-04   2.7708270000E-04  -1.7645090000E-04
   47      3.1751540000E-04  -1.7820700000E-04  -2.8635410000E-04   4.5223230000E-04  -3.9874900000E-04
                   35                 36                 37                 38                 39        
    0     -6.7857810000E-04   7.9307730000E-04  -1.9533140000E-04   1.9958514000E-03  -3.7230940000E-04
    1      5.6535640000E-04  -5.1742150000E-04   7.9772400000E-04  -3.0706309000E-03   1.9016208000E-03
    2      1.6720189000E-03  -3.1586879000E-03   3.4537060000E-04  -1.1010091300E-02  -2.0489881000E-03
    3      4.5934382000E-03  -2.4735441000E-03   6.6153300000E-04  -6.5822839000E-03  -5.7313230000E-04
    4      2.3479605000E-03  -8.2781260000E-04  -4.5813640000E-04  -3.2974571000E-03  -7.3508480000E-04
    5     -4.5198046000E-03   1.5140339000E-03  -6.5080500000E-04   3.0577272000E-03   1.1822367000E-03
    6     -1.3913285300E-02   2.2771287000E-03  -8.1908510000E-04   7.0412887000E-03   9.3823340000E-04
    7      1.0464165400E-02   1.5195247000E-03  -6.2003360000E-04   4.1621198000E-03   5.6452190000E-04
    8     -3.2326594000E-03  -3.0335340000E-04   3.2898770000E-04   2.0107109000E-03  -3.2980180000E-04
    9      1.2218263500E-02  -1.0814828000E-03  -6.2131630000E-04  -9.8978310000E-04  -6.8630340000E-04
   10     -2.2780554900E-02   7.6466250000E-04  -5.6221180000E-04   2.1873748000E-03  -1.8304150000E-04
   11     -2.6512768900E-02  -4.0268870000E-03   9.5165210000E-04  -9.0574084000E-03  -1.3251199000E-03
   12      8.0532241000E-03  -3.0385775300E-02  -9.3022739000E-03  -1.2130732700E-02  -6.5597637000E-03
   13     -2.5442462000E-03   7.2349857000E-03   6.0281276000E-03  -8.4880172000E-03  -2.7450765700E-02
   14     -8.6579445000E-03   9.1946014000E-03   1.6391634000E-03   7.3706922000E-03   1.3296273000E-03
   15     -3.2438385000E-03  -1.9634361180E-01   9.7731451700E-02   1.1854228690E-01  -3.9711496900E-02
   16     -1.0942804000E-03   9.9490402900E-02  -9.9872952000E-02  -5.2183142100E-02  -7.3991906000E-03
   17     -1.5463769000E-03   9.8292471700E-02  -5.4015207300E-02  -6.6979185100E-02   7.7753954000E-03
   18     -1.1182000000E-06   5.0728400000E-05  -8.2266900000E-05   4.7037500000E-05  -7.0395700000E-05
   19     -3.4113700000E-05   7.1288000000E-05   6.0685600000E-05  -5.7726900000E-05   1.1384900000E-05
   20      5.0759330000E-04  -3.8506410000E-04  -1.3327030000E-04  -2.4995290000E-04  -4.3437610000E-04
   21     -5.3353000000E-05   3.2289630000E-04  -4.5204100000E-05  -5.3098100000E-05  -1.4045710000E-04
   22      8.3122000000E-06   5.2225400000E-05   4.6836470000E-04   2.2547490000E-04  -4.7711400000E-05
   23      1.8547820000E-04  -7.6263690000E-04   3.2391410000E-04  -2.1325830000E-04  -4.7363860000E-04
   24      1.8685460000E-04  -9.2477300000E-05  -2.0781150000E-04  -2.4140930000E-04   6.8852900000E-05
   25     -2.5130800000E-04  -2.3488050000E-04   2.3976640000E-04   1.3862830000E-04  -2.5411000000E-06
   26      3.7905340000E-04   5.9890000000E-06  -3.1704700000E-04  -5.7810250000E-04   5.1859700000E-04
   27     -5.0765877000E-03   3.2677490000E-04  -9.7617200000E-05   3.1347400000E-05  -2.3595600000E-05
   28      3.2125180000E-04  -1.3870940000E-04   3.1304260000E-04   1.9356370000E-04   2.9727100000E-05
   29      6.5690316000E-03  -6.1833700000E-05   3.6379980000E-04   2.1929700000E-05  -4.8360300000E-05
   30      4.7451660000E-04   2.1241170000E-04  -7.4008100000E-05  -2.5176500000E-05  -1.6833000000E-05
   31     -3.0445790000E-03  -2.0007960000E-04   4.1994130000E-04  -9.6612000000E-06  -5.8086800000E-05
   32      3.0623376000E-03   4.1881240000E-04   3.0477530000E-04  -5.0282000000E-05   3.2335950000E-04
   33     -5.1012032000E-03   7.7918300000E-05  -1.7727610000E-04  -2.6355500000E-04   2.8876900000E-05
   34      1.7768582500E-02  -3.7170270000E-04   2.5771290000E-04   9.9344400000E-05  -1.5994350000E-04
   35      3.2961415800E-02   6.5240640000E-04  -1.6313200000E-05   5.2993070000E-04   2.7408280000E-04
   36      6.5240640000E-04   2.3150240640E-01  -1.0800435400E-01  -1.0445007260E-01  -7.8137220000E-04
   37     -1.6313200000E-05  -1.0800435400E-01   1.1267830120E-01   6.0658350300E-02   2.4198227700E-02
   38      5.2993070000E-04  -1.0445007260E-01   6.0658350300E-02   7.1830110800E-02  -2.5873960000E-04
