
$orca_hessian_file

$act_atom
  0

$act_coord
  0

$act_energy
      -12.543361

$multiplicity
  1

$hessian
18
                    0                  1                  2                  3                  4        
    0      5.8738087400E-01   8.6000000000E-09  -2.1245000000E-06  -4.1133516700E-02  -1.5054000000E-06
    1      8.6000000000E-09   5.8738373510E-01  -1.1058000000E-06  -1.4977000000E-06  -3.3369624260E-01
    2     -2.1245000000E-06  -1.1058000000E-06  -4.9196778200E-02   1.4380000000E-07   9.1716386000E-03
    3     -4.1133516700E-02  -1.4977000000E-06   1.4380000000E-07   4.0753655700E-02   1.6462000000E-06
    4     -1.5054000000E-06  -3.3369624260E-01   9.1716386000E-03   1.6462000000E-06   3.5896466370E-01
    5      1.8240000000E-07   1.0314949700E-02  -3.4402111000E-03  -4.6700000000E-08  -9.3766169000E-03
    6     -2.6055836240E-01   1.2669358470E-01   7.9427850000E-03  -1.3321840000E-04  -3.3717310000E-04
    7      1.2668660740E-01  -1.1428256210E-01  -4.5860129000E-03   2.3606043900E-02  -1.3576525200E-02
    8      8.9319297000E-03  -5.1574068000E-03  -3.4402891000E-03  -8.0085410000E-04   2.3294090000E-04
    9     -2.6056112760E-01  -1.2669209320E-01  -7.9410586000E-03  -1.3347670000E-04   3.3703520000E-04
   10     -1.2668510460E-01  -1.1427990950E-01  -4.5850158000E-03  -2.3606202500E-02  -1.3576295500E-02
   11     -8.9301952000E-03  -5.1564657000E-03  -3.4401969000E-03   8.0085850000E-04   2.3293860000E-04
   12     -1.2558546900E-02   6.2000000000E-09   1.4160000000E-07   2.7501290000E-04  -6.0000000000E-10
   13     -2.9000000000E-09  -1.2556703000E-02   2.7120000000E-07   3.8600000000E-08   9.9731740000E-04
   14      1.1110000000E-07  -9.9682000000E-06   3.2341110300E-02  -6.0500000000E-08   3.7844750000E-04
   15     -1.2569320300E-02  -8.6000000000E-09   1.1270000000E-07   3.7154330000E-04  -2.3000000000E-09
   16     -3.1000000000E-09  -1.2568317900E-02   2.2480000000E-07  -2.8400000000E-08   8.8708220000E-04
   17      9.6400000000E-08   9.9968000000E-06   2.7176365000E-02  -4.1000000000E-08  -6.3934870000E-04
                    5                  6                  7                  8                  9        
    0      1.8240000000E-07  -2.6055836240E-01   1.2668660740E-01   8.9319297000E-03  -2.6056112760E-01
    1      1.0314949700E-02   1.2669358470E-01  -1.1428256210E-01  -5.1574068000E-03  -1.2669209320E-01
    2     -3.4402111000E-03   7.9427850000E-03  -4.5860129000E-03  -3.4402891000E-03  -7.9410586000E-03
    3     -4.6700000000E-08  -1.3321840000E-04   2.3606043900E-02  -8.0085410000E-04  -1.3347670000E-04
    4     -9.3766169000E-03  -3.3717310000E-04  -1.3576525200E-02   2.3294090000E-04   3.3703520000E-04
    5      4.0406241100E-02  -1.9858780000E-04  -8.1050610000E-04  -4.9219970000E-04   1.9857910000E-04
    6     -1.9858780000E-04   2.7938873350E-01  -1.3780683100E-01  -8.1205660000E-03  -2.0256112700E-02
    7     -8.1050610000E-04  -1.3780683100E-01   1.2032415570E-01   4.6887658000E-03  -1.1959045900E-02
    8     -4.9219970000E-04  -8.1205660000E-03   4.6887658000E-03   4.0403887500E-02  -6.0216640000E-04
    9      1.9857910000E-04  -2.0256112700E-02  -1.1959045900E-02  -6.0216640000E-04   2.7939173450E-01
   10     -8.1034610000E-04   1.1959318800E-02   6.5976934000E-03   5.7723920000E-04   1.3780521130E-01
   11     -4.9220520000E-04   6.0231770000E-04   5.7731480000E-04  -4.8986580000E-04   8.1189390000E-03
   12     -1.4200000000E-08   8.0908830000E-04  -3.0831920000E-04   8.3993059000E-03   8.0904330000E-04
   13      9.6994651000E-03  -2.9982110000E-04   4.4644710000E-04  -4.8499167000E-03   2.9978500000E-04
   14     -1.7861629500E-02   3.3656550000E-04  -1.7426020000E-04  -1.7861290500E-02  -3.3668880000E-04
   15     -1.1270000000E-07   7.4987180000E-04  -2.1845520000E-04  -7.8076492000E-03   7.4993920000E-04
   16     -9.0169457000E-03  -2.0907830000E-04   4.9079090000E-04   4.5083776000E-03   2.0910760000E-04
   17     -1.8119995600E-02  -5.6251440000E-04   3.0469850000E-04  -1.8120242500E-02   5.6239570000E-04
                   10                 11                 12                 13                 14        
    0     -1.2668510460E-01  -8.9301952000E-03  -1.2558546900E-02  -2.9000000000E-09   1.1110000000E-07
    1     -1.1427990950E-01  -5.1564657000E-03   6.2000000000E-09  -1.2556703000E-02  -9.9682000000E-06
    2     -4.5850158000E-03  -3.4401969000E-03   1.4160000000E-07   2.7120000000E-07   3.2341110300E-02
    3     -2.3606202500E-02   8.0085850000E-04   2.7501290000E-04   3.8600000000E-08  -6.0500000000E-08
    4     -1.3576295500E-02   2.3293860000E-04  -6.0000000000E-10   9.9731740000E-04   3.7844750000E-04
    5     -8.1034610000E-04  -4.9220520000E-04  -1.4200000000E-08   9.6994651000E-03  -1.7861629500E-02
    6      1.1959318800E-02   6.0231770000E-04   8.0908830000E-04  -2.9982110000E-04   3.3656550000E-04
    7      6.5976934000E-03   5.7731480000E-04  -3.0831920000E-04   4.4644710000E-04  -1.7426020000E-04
    8      5.7723920000E-04  -4.8986580000E-04   8.3993059000E-03  -4.8499167000E-03  -1.7861290500E-02
    9      1.3780521130E-01   8.1189390000E-03   8.0904330000E-04   2.9978500000E-04  -3.3668880000E-04
   10      1.2032128420E-01   4.6877117000E-03   3.0831980000E-04   4.4644080000E-04  -1.7425470000E-04
   11      4.6877117000E-03   4.0403778300E-02  -8.3994869000E-03  -4.8498129000E-03  -1.7861220100E-02
   12      3.0831980000E-04  -8.3994869000E-03   8.5656366000E-03  -3.4000000000E-09   1.4970000000E-07
   13      4.4644080000E-04  -4.8498129000E-03  -3.4000000000E-09   8.5664158000E-03  -9.5395000000E-06
   14     -1.7425470000E-04  -1.7861220100E-02   1.4970000000E-07  -9.5395000000E-06   4.6948105300E-02
   15      2.1845720000E-04   7.8075668000E-03   2.0997659000E-03   3.8000000000E-09  -7.6900000000E-08
   16      4.9078660000E-04   4.5083136000E-03  -2.8000000000E-09   2.1000820000E-03  -1.0424800000E-05
   17      3.0466580000E-04  -1.8120290400E-02  -9.6100000000E-08   9.5329000000E-06  -2.5705075600E-02
                   15                 16                 17        
     0     -1.2569320300E-02  -3.1000000000E-09   9.6400000000E-08
     1     -8.6000000000E-09  -1.2568317900E-02   9.9968000000E-06
     2      1.1270000000E-07   2.2480000000E-07   2.7176365000E-02
     3      3.7154330000E-04  -2.8400000000E-08  -4.1000000000E-08
     4     -2.3000000000E-09   8.8708220000E-04  -6.3934870000E-04
     5     -1.1270000000E-07  -9.0169457000E-03  -1.8119995600E-02
     6      7.4987180000E-04  -2.0907830000E-04  -5.6251440000E-04
     7     -2.1845520000E-04   4.9079090000E-04   3.0469850000E-04
     8     -7.8076492000E-03   4.5083776000E-03  -1.8120242500E-02
     9      7.4993920000E-04   2.0910760000E-04   5.6239570000E-04
    10      2.1845720000E-04   4.9078660000E-04   3.0466580000E-04
    11      7.8075668000E-03   4.5083136000E-03  -1.8120290400E-02
    12      2.0997659000E-03  -2.8000000000E-09  -9.6100000000E-08
    13      3.8000000000E-09   2.1000820000E-03   9.5329000000E-06
    14     -7.6900000000E-08  -1.0424800000E-05  -2.5705075600E-02
    15      8.5982000000E-03   5.0000000000E-09   1.5940000000E-07
    16      5.0000000000E-09   8.5995762000E-03   1.0454600000E-05
    17      1.5940000000E-07   1.0454600000E-05   5.2889239200E-02

$vibrational_frequencies
18
    0        0.0000000000000000
    1        0.0000000000000000
    2        0.0000000000000000
    3        0.0000000000000000
    4        0.0000000000000000
    5        0.0000000000000000
    6     -351.9564917229743060
    7      200.9778567919932755
    8      207.3949382311004683
    9      207.4113892424512073
   10     1027.5558557799699884
   11     1031.6754684382415235
   12     1031.7332988424775522
   13     1332.2370405204526378
   14     1332.3905957547731305
   15     3123.8453364862079980
   16     3214.5409006863237664
   17     3214.6078559489051258

$normal_modes
18 18
                    0                  1                  2                  3                  4        
    0      0.0000000000E+00   0.0000000000E+00   0.0000000000E+00   0.0000000000E+00   0.0000000000E+00
    1      0.0000000000E+00   0.0000000000E+00   0.0000000000E+00   0.0000000000E+00   0.0000000000E+00
    2      0.0000000000E+00   0.0000000000E+00   0.0000000000E+00   0.0000000000E+00   0.0000000000E+00
    3      0.0000000000E+00   0.0000000000E+00   0.0000000000E+00   0.0000000000E+00   0.0000000000E+00
    4      0.0000000000E+00   0.0000000000E+00   0.0000000000E+00   0.0000000000E+00   0.0000000000E+00
    5      0.0000000000E+00   0.0000000000E+00   0.0000000000E+00   0.0000000000E+00   0.0000000000E+00
    6      0.0000000000E+00   0.0000000000E+00   0.0000000000E+00   0.0000000000E+00   0.0000000000E+00
    7      0.0000000000E+00   0.0000000000E+00   0.0000000000E+00   0.0000000000E+00   0.0000000000E+00
    8      0.0000000000E+00   0.0000000000E+00   0.0000000000E+00   0.0000000000E+00   0.0000000000E+00
    9      0.0000000000E+00   0.0000000000E+00   0.0000000000E+00   0.0000000000E+00   0.0000000000E+00
   10      0.0000000000E+00   0.0000000000E+00   0.0000000000E+00   0.0000000000E+00   0.0000000000E+00
   11      0.0000000000E+00   0.0000000000E+00   0.0000000000E+00   0.0000000000E+00   0.0000000000E+00
   12      0.0000000000E+00   0.0000000000E+00   0.0000000000E+00   0.0000000000E+00   0.0000000000E+00
   13      0.0000000000E+00   0.0000000000E+00   0.0000000000E+00   0.0000000000E+00   0.0000000000E+00
   14      0.0000000000E+00   0.0000000000E+00   0.0000000000E+00   0.0000000000E+00   0.0000000000E+00
   15      0.0000000000E+00   0.0000000000E+00   0.0000000000E+00   0.0000000000E+00   0.0000000000E+00
   16      0.0000000000E+00   0.0000000000E+00   0.0000000000E+00   0.0000000000E+00   0.0000000000E+00
   17      0.0000000000E+00   0.0000000000E+00   0.0000000000E+00   0.0000000000E+00   0.0000000000E+00
                    5                  6                  7                  8                  9        
    0      0.0000000000E+00  -2.9000771050E-06  -1.0399896507E-05  -4.8599256432E-01   4.6555654303E-04
    1      0.0000000000E+00   1.9889674722E-05   1.7195718652E-02   4.6544680584E-04   4.8599997737E-01
    2      0.0000000000E+00  -9.8523738851E-01   1.1278450877E-01   7.3142703758E-07  -4.3533215999E-04
    3      0.0000000000E+00  -3.6432407021E-08  -1.0814794407E-05  -5.0772973335E-01   4.8626380612E-04
    4      0.0000000000E+00   2.4619737804E-02   2.1818366752E-02   4.7173073259E-04   4.9246603417E-01
    5      0.0000000000E+00   1.9545390320E-02   2.2184883714E-01  -2.0734992546E-06  -3.5410135204E-03
    6      0.0000000000E+00   2.1315794511E-02   4.1752593870E-03  -4.9625856742E-01   7.0983923737E-03
    7      0.0000000000E+00  -1.2250549889E-02   1.5938756200E-02  -6.1342877925E-03   5.0389154003E-01
    8      0.0000000000E+00   1.9542791212E-02   2.2197309896E-01   2.2918511538E-03   4.4116514686E-04
    9      0.0000000000E+00  -2.1314954827E-02  -4.1959309195E-03  -4.9627114616E-01  -6.1474897110E-03
   10      0.0000000000E+00  -1.2250023056E-02   1.5939305009E-02   7.0993468305E-03   5.0387894048E-01
   11      0.0000000000E+00   1.9542310552E-02   2.2197466238E-01  -2.2886027776E-03   4.4610077313E-04
   12      0.0000000000E+00   2.0913032878E-07   9.4756819964E-07   4.4671022648E-02  -4.2793941004E-05
   13      0.0000000000E+00  -2.1534863762E-06  -1.5841723157E-03  -4.2781949536E-05  -4.4671478720E-02
   14      0.0000000000E+00   8.6393546301E-02  -3.9238592656E-01   2.2862222312E-06   1.5677080042E-03
   15      0.0000000000E+00   4.8835459921E-07   2.2830416429E-06   1.0662859287E-01  -1.0214163971E-04
   16      0.0000000000E+00  -5.2731644693E-06  -3.7821456036E-03  -1.0212077696E-04  -1.0662942445E-01
   17      0.0000000000E+00   1.3741410848E-01   8.2717563608E-01  -5.4336333298E-06  -3.3101886266E-03
                   10                 11                 12                 13                 14        
    0      9.1565763205E-08   1.0853207569E-02  -6.1470386261E-07   2.6765353499E-06  -9.8164181875E-02
    1      4.8771572894E-06  -6.6050808703E-07  -1.0856744719E-02  -9.8152937932E-02  -2.6720063039E-06
    2      1.2212689613E-02  -1.4411782909E-07   1.5537282333E-06   2.7335990035E-06   2.7651317716E-07
    3     -2.1648461035E-06  -5.0308810395E-02   4.1762746238E-06  -2.6651739247E-05   8.0830595346E-01
    4     -1.5802517694E-02   1.2151476575E-06   1.6829716809E-02  -5.8385314003E-02  -6.1754657535E-06
    5     -5.7699300692E-01   4.7391626520E-05   8.1463144225E-01  -5.8972646788E-02  -4.5452844811E-06
    6     -1.3699429926E-02  -2.5199412945E-02   1.4522802005E-02   3.7540026151E-01   1.5826909247E-01
    7      7.8808796063E-03  -1.4495526897E-02   4.1973642073E-02   5.9154717462E-01   3.7532542966E-01
    8     -5.7687246225E-01  -7.0556337451E-01  -4.0736719390E-01   2.9452174120E-02  -5.1009856854E-02
    9      1.3695134499E-02  -2.5195975430E-02  -1.4521081007E-02  -3.7540424003E-01   1.5824122279E-01
   10      7.8808993830E-03   1.4500004796E-02   4.1969815205E-02   5.9157565469E-01  -3.7528862446E-01
   11     -5.7686314552E-01   7.0552758774E-01  -4.0744237086E-01   2.9451610591E-02   5.1010914544E-02
   12      8.9790535427E-09  -3.7443371362E-03   1.9892872190E-07  -9.0089933989E-09   1.1660829848E-04
   13     -4.7192400781E-07   2.0404641979E-07   3.7441662430E-03   1.1605323527E-04  -4.6752169743E-09
   14      9.7584437533E-03  -4.8256028488E-08   1.4389490589E-06   5.0854033206E-06  -1.1517019542E-09
   15      1.3242128554E-07   7.6248693602E-03  -4.0774117254E-07  -1.5590950646E-08   1.0131212194E-03
   16      5.6953730235E-07  -3.9795045283E-07  -7.6252469884E-03   1.0128019796E-03   4.4911564392E-08
   17      2.3078108278E-02  -1.7237039933E-07   1.2950566363E-06  -1.0429131811E-05   8.0759481033E-09
                   15                 16                 17        
     0      2.4807953433E-08   9.3895358590E-06  -9.8334375786E-02
     1     -2.8336713949E-05  -9.8340726119E-02  -9.3982952428E-06
     2     -3.5765650012E-03   1.0108830117E-06   3.3976719599E-07
     3     -4.6392421916E-09   8.0345364421E-06  -3.8035512301E-02
     4     -5.7696208072E-01   8.1141123318E-01   8.1713274479E-05
     5      1.5483448611E-02  -2.4796872047E-02  -2.3623195864E-06
     6     -4.9984408068E-01  -3.6767793969E-01   5.9890430967E-01
     7      2.8869919556E-01   1.7429752503E-01  -3.6774563137E-01
     8      1.5494956856E-02   1.2395448460E-02  -2.1468577449E-02
     9      4.9984369262E-01   3.6755909509E-01   5.9898281630E-01
    10      2.8869897687E-01   1.7421963258E-01   3.6777471363E-01
    11      1.5491416379E-02   1.2388574289E-02   2.1466905115E-02
    12      9.4916818773E-09   1.0674885361E-09   6.5955885369E-05
    13     -5.9451053222E-07   6.5938539100E-05   1.2554716361E-08
    14     -5.4362937315E-05   2.9760797610E-09   1.1530190100E-10
    15     -1.8630611616E-08  -3.2901888037E-08   1.8881013587E-04
    16     -1.4590242237E-06   1.8881770875E-04   5.5822320727E-09
    17      1.2978887559E-05   1.6150620204E-08  -6.5513120673E-10

#
# The atoms: label  mass x y z (in bohrs)
#
$atoms
6
 C     12.01100     -0.000000026910    -0.000000650968    -1.589121272975
 H      1.00800     -0.000000027056     2.017879344925    -1.649656826774
 H      1.00800      1.747535165241    -1.008940956112    -1.649657418469
 H      1.00800     -1.747535215668    -1.008940953986    -1.649657415909
 Br    79.90000      0.000000005903    -0.000000478889     2.894687584616
 Cl    35.45300     -0.000000001984     0.000001372738    -5.844640480824

$actual_temperature
  0.000000

$frequency_scale_factor
  1.000000


$end

