*************************************************
******************* ORCA 6.1.0 ******************
*************************************************
$Calculation_Status
   &GeometryIndex 0
   &version [&Type "String"] "6.1.0"
   &progName [&Type "String"] "orca"
   &Status [&Type "String"] "NORMAL TERMINATION"
$End
$Geometry
   &GeometryIndex 1
   &NAtoms [&Type "Integer"] 6
   &NCorelessECP [&Type "Integer"] 0
   &NGhostAtoms [&Type "Integer"] 0
   &CartesianCoordinates [&Type "Coordinates", &Dim(6,4), &Units "Bohr"] 
              C      0.000000000000    0.000000000000    0.079973209988
              H      0.000000000000    2.050352855305    0.000000000000
              H      1.775658485025   -1.025176427652    0.000000000000
              H     -1.775658485025   -1.025176427652    0.000000000000
              Br     0.000000000000    0.000000000000    4.589237710750
              Cl     0.000000000000    0.000000000000   -4.629224315744
$End
$Single_Point_Data
   &GeometryIndex 1
   &FinalEnergy [&Type "Double"]      -1.2538914668240000e+01  "Final single point energy"
   &Converged [&Type "Boolean"] true
$End
$Hessian
   &GeometryIndex 1
   &HESSIAN [&Type "ArrayOfDoubles", &Dim (18,18)] "The Hessian"
                                                         0                           1                           2                           3                           4                           5                           6                           7

0                                      5.3548015400000004e-01         4.8000000000000000e-09        -1.9383000000000001e-06        -4.4552485800000000e-02        -1.2931000000000000e-06         1.7079999999999999e-07        -2.3417486800000001e-01         1.0947984160000000e-01
1                                      4.8000000000000000e-09         5.3548240619999998e-01         6.0360000000000003e-07        -1.2885000000000000e-06        -2.9737977589999998e-01         1.0811628199999999e-02         1.0948653179999999e-01        -1.0776578489999999e-01
2                                     -1.9383000000000001e-06         6.0360000000000003e-07        -3.1351842800000002e-02         1.3780000000000000e-07         1.0479928499999999e-02        -1.1085341699999999e-02         9.0739722000000005e-03        -5.2428385000000003e-03
3                                     -4.4552485800000000e-02        -1.2885000000000000e-06         1.3780000000000000e-07         4.2462484799999999e-02         1.4286000000000000e-06        -8.7200000000000000e-08         9.5292830000000002e-04         2.3965529800000000e-02
4                                     -1.2931000000000000e-06        -2.9737977589999998e-01         1.0479928499999999e-02         1.4286000000000000e-06         3.2101115359999999e-01        -1.3158367000000001e-02        -5.1142590000000001e-04        -1.2599432500000000e-02
5                                      1.7079999999999999e-07         1.0811628199999999e-02        -1.1085341699999999e-02        -8.7200000000000000e-08        -1.3158367000000001e-02         3.6075048100000000e-02        -3.9896730000000001e-04        -1.6384874000000000e-03
6                                     -2.3417486800000001e-01         1.0948653179999999e-01         9.0739722000000005e-03         9.5292830000000002e-04        -5.1142590000000001e-04        -3.9896730000000001e-04         2.5135298820000002e-01        -1.2062829910000000e-01
7                                      1.0947984160000000e-01        -1.0776578489999999e-01        -5.2428385000000003e-03         2.3965529800000000e-02        -1.2599432500000000e-02        -1.6384874000000000e-03        -1.2062829910000000e-01         1.1211483570000000e-01
8                                      9.3625475000000003e-03        -5.4045797000000003e-03        -1.1085434200000001e-02        -1.6172362000000000e-03         4.7370040000000000e-04         4.3891340000000000e-04        -1.1396038799999999e-02         6.5781913000000003e-03
9                                     -2.3417727980000000e-01        -1.0948525040000000e-01        -9.0724749000000004e-03         9.5266980000000001e-04         5.1128719999999999e-04         3.9894799999999999e-04        -1.9337967200000000e-02        -1.2226734000000000e-02
10                                    -1.0947854849999999e-01        -1.0776349180000000e-01        -5.2419429999999998e-03        -2.3965698800000001e-02        -1.2599205400000001e-02        -1.6383280999999999e-03         1.2227010000000000e-02         7.7369472000000002e-03
11                                    -9.3610505000000007e-03        -5.4037403000000003e-03        -1.1085324200000000e-02         1.6172436000000000e-03         4.7368330000000002e-04         4.3890189999999999e-04         1.2183124000000000e-03         1.1626733000000000e-03
12                                    -1.2375580700000000e-02         5.4999999999999996e-09         1.5809999999999999e-07        -1.4389989999999999e-04         1.6999999999999999e-09        -2.7999999999999998e-09         2.0799210000000000e-04        -2.0313260000000001e-04
13                                    -2.6000000000000001e-09        -1.2374510500000000e-02         2.1422000000000000e-06         4.0900000000000002e-08         3.3501110000000000e-04         1.0656291500000000e-02        -1.9492190000000001e-04        -3.2512799999999998e-05
14                                     1.2760000000000000e-07        -7.3119999999999996e-06         3.2151659399999998e-02        -3.8999999999999998e-08         1.3986332999999999e-03        -1.6382175299999999e-02         1.2177952000000001e-03        -6.8830680000000002e-04
15                                    -1.0199939700000001e-02        -3.2000000000000001e-09         1.4510000000000000e-07         3.2830270000000001e-04         1.5000000000000000e-09        -6.1500000000000001e-08         9.9892660000000001e-04        -3.8720580000000001e-04
16                                    -2.1999999999999998e-09        -1.0198843000000001e-02         2.1073000000000001e-06        -1.2100000000000001e-08         1.2322489999999999e-03        -5.0327371999999999e-03        -3.7889489999999999e-04         5.4594729999999996e-04
17                                     1.4280000000000001e-07         3.4002999999999999e-06         3.2456283400000001e-02        -1.8900000000000000e-08         3.3242150000000002e-04        -9.4853464000000005e-03         2.8492639999999999e-04        -1.7123190000000000e-04
                                                         8                           9                          10                          11                          12                          13                          14                          15

0                                      9.3625475000000003e-03        -2.3417727980000000e-01        -1.0947854849999999e-01        -9.3610505000000007e-03        -1.2375580700000000e-02        -2.6000000000000001e-09         1.2760000000000000e-07        -1.0199939700000001e-02
1                                     -5.4045797000000003e-03        -1.0948525040000000e-01        -1.0776349180000000e-01        -5.4037403000000003e-03         5.4999999999999996e-09        -1.2374510500000000e-02        -7.3119999999999996e-06        -3.2000000000000001e-09
2                                     -1.1085434200000001e-02        -9.0724749000000004e-03        -5.2419429999999998e-03        -1.1085324200000000e-02         1.5809999999999999e-07         2.1422000000000000e-06         3.2151659399999998e-02         1.4510000000000000e-07
3                                     -1.6172362000000000e-03         9.5266980000000001e-04        -2.3965698800000001e-02         1.6172436000000000e-03        -1.4389989999999999e-04         4.0900000000000002e-08        -3.8999999999999998e-08         3.2830270000000001e-04
4                                      4.7370040000000000e-04         5.1128719999999999e-04        -1.2599205400000001e-02         4.7368330000000002e-04         1.6999999999999999e-09         3.3501110000000000e-04         1.3986332999999999e-03         1.5000000000000000e-09
5                                      4.3891340000000000e-04         3.9894799999999999e-04        -1.6383280999999999e-03         4.3890189999999999e-04        -2.7999999999999998e-09         1.0656291500000000e-02        -1.6382175299999999e-02        -6.1500000000000001e-08
6                                     -1.1396038799999999e-02        -1.9337967200000000e-02         1.2227010000000000e-02         1.2183124000000000e-03         2.0799210000000000e-04        -1.9492190000000001e-04         1.2177952000000001e-03         9.9892660000000001e-04
7                                      6.5781913000000003e-03        -1.2226734000000000e-02         7.7369472000000002e-03         1.1626733000000000e-03        -2.0313260000000001e-04        -3.2512799999999998e-05        -6.8830680000000002e-04        -3.8720580000000001e-04
8                                      3.6075108299999999e-02        -1.2181595000000001e-03         1.1625987000000000e-03         4.3890710000000002e-04         9.2279808000000005e-03        -5.3272696000000001e-03        -1.6382139699999999e-02        -4.3590937000000003e-03
9                                     -1.2181595000000001e-03         2.5135567370000000e-01         1.2062690240000000e-01         1.1394601600000000e-02         2.0793290000000001e-04         1.9488500000000000e-04        -1.2179114000000000e-03         9.9897050000000002e-04
10                                     1.1625987000000000e-03         1.2062690240000000e-01         1.1211232720000000e-01         6.5772245999999998e-03         2.0313070000000001e-04        -3.2516700000000000e-05        -6.8830339999999995e-04         3.8720410000000002e-04
11                                     4.3890710000000002e-04         1.1394601600000000e-02         6.5772245999999998e-03         3.6074951299999998e-02        -9.2281536000000004e-03        -5.3271621999999999e-03        -1.6382050600000000e-02         4.3590464999999998e-03
12                                     9.2279808000000005e-03         2.0793290000000001e-04         2.0313070000000001e-04        -9.2281536000000004e-03         9.7404077000000002e-03        -3.0000000000000000e-09         9.0900000000000000e-08         2.3631478000000002e-03
13                                    -5.3272696000000001e-03         1.9488500000000000e-04        -3.2516700000000000e-05        -5.3271621999999999e-03        -3.0000000000000000e-09         9.7408917000000005e-03        -7.2941000000000002e-06         1.6000000000000001e-09
14                                    -1.6382139699999999e-02        -1.2179114000000000e-03        -6.8830339999999995e-04        -1.6382050600000000e-02         9.0900000000000000e-08        -7.2941000000000002e-06         3.5108315799999998e-02        -6.3399999999999999e-08
15                                    -4.3590937000000003e-03         9.9897050000000002e-04         3.8720410000000002e-04         4.3590464999999998e-03         2.3631478000000002e-03         1.6000000000000001e-09        -6.3399999999999999e-08         5.5105921000000004e-03
16                                     2.5173588000000002e-03         3.7890970000000000e-04         5.4593960000000005e-04         2.5173214000000000e-03        -2.2999999999999999e-09         2.3636372000000001e-03        -7.4169000000000001e-06         1.8000000000000000e-09
17                                    -9.4853548999999995e-03        -2.8500379999999998e-04        -1.7124870000000001e-04        -9.4853855000000004e-03        -7.3500000000000003e-08         3.2922000000000000e-06        -1.8113609700000002e-02         2.7100000000000001e-08
                                                        16                          17

0                                     -2.1999999999999998e-09         1.4280000000000001e-07
1                                     -1.0198843000000001e-02         3.4002999999999999e-06
2                                      2.1073000000000001e-06         3.2456283400000001e-02
3                                     -1.2100000000000001e-08        -1.8900000000000000e-08
4                                      1.2322489999999999e-03         3.3242150000000002e-04
5                                     -5.0327371999999999e-03        -9.4853464000000005e-03
6                                     -3.7889489999999999e-04         2.8492639999999999e-04
7                                      5.4594729999999996e-04        -1.7123190000000000e-04
8                                      2.5173588000000002e-03        -9.4853548999999995e-03
9                                      3.7890970000000000e-04        -2.8500379999999998e-04
10                                     5.4593960000000005e-04        -1.7124870000000001e-04
11                                     2.5173214000000000e-03        -9.4853855000000004e-03
12                                    -2.2999999999999999e-09        -7.3500000000000003e-08
13                                     2.3636372000000001e-03         3.2922000000000000e-06
14                                    -7.4169000000000001e-06        -1.8113609700000002e-02
15                                     1.8000000000000000e-09         2.7100000000000001e-08
16                                     5.5110699000000003e-03         3.3666000000000001e-06
17                                     3.3666000000000001e-06         1.4113413100000000e-02
   &MODES [&Type "ArrayOfDoubles", &Dim (18,18)] "The modes of vibrations"
                                                         0                           1                           2                           3                           4                           5                           6                           7

0                                      0.0000000000000000e+00         0.0000000000000000e+00         0.0000000000000000e+00         0.0000000000000000e+00         0.0000000000000000e+00         0.0000000000000000e+00        -9.2127863130701414e-07        -1.6898952822750759e-07
1                                      0.0000000000000000e+00         0.0000000000000000e+00         0.0000000000000000e+00         0.0000000000000000e+00         0.0000000000000000e+00         0.0000000000000000e+00        -1.0605275249993589e-05         2.3913722858412510e-04
2                                      0.0000000000000000e+00         0.0000000000000000e+00         0.0000000000000000e+00         0.0000000000000000e+00         0.0000000000000000e+00         0.0000000000000000e+00        -2.6920470930505958e-01         3.9623135047043477e-02
3                                      0.0000000000000000e+00         0.0000000000000000e+00         0.0000000000000000e+00         0.0000000000000000e+00         0.0000000000000000e+00         0.0000000000000000e+00        -3.0401749507312791e-07        -2.5949084141666894e-07
4                                      0.0000000000000000e+00         0.0000000000000000e+00         0.0000000000000000e+00         0.0000000000000000e+00         0.0000000000000000e+00         0.0000000000000000e+00         6.3720454812814858e-03        -2.2884297225206923e-04
5                                      0.0000000000000000e+00         0.0000000000000000e+00         0.0000000000000000e+00         0.0000000000000000e+00         0.0000000000000000e+00         0.0000000000000000e+00        -5.1375052538614026e-02         1.7243663826588231e-02
6                                      0.0000000000000000e+00         0.0000000000000000e+00         0.0000000000000000e+00         0.0000000000000000e+00         0.0000000000000000e+00         0.0000000000000000e+00         5.5224279949577975e-03        -3.9606948216605836e-04
7                                      0.0000000000000000e+00         0.0000000000000000e+00         0.0000000000000000e+00         0.0000000000000000e+00         0.0000000000000000e+00         0.0000000000000000e+00        -3.2115989189252744e-03         5.0862063482746229e-04
8                                      0.0000000000000000e+00         0.0000000000000000e+00         0.0000000000000000e+00         0.0000000000000000e+00         0.0000000000000000e+00         0.0000000000000000e+00        -5.1371700255071220e-02         1.7177627912425868e-02
9                                      0.0000000000000000e+00         0.0000000000000000e+00         0.0000000000000000e+00         0.0000000000000000e+00         0.0000000000000000e+00         0.0000000000000000e+00        -5.5228195212538023e-03         3.9555556068996263e-04
10                                     0.0000000000000000e+00         0.0000000000000000e+00         0.0000000000000000e+00         0.0000000000000000e+00         0.0000000000000000e+00         0.0000000000000000e+00        -3.2114739176305499e-03         5.0862355633782611e-04
11                                     0.0000000000000000e+00         0.0000000000000000e+00         0.0000000000000000e+00         0.0000000000000000e+00         0.0000000000000000e+00         0.0000000000000000e+00        -5.1371772130447815e-02         1.7178008627550964e-02
12                                     0.0000000000000000e+00         0.0000000000000000e+00         0.0000000000000000e+00         0.0000000000000000e+00         0.0000000000000000e+00         0.0000000000000000e+00         7.5328719758650934e-08         1.6951790437584107e-08
13                                     0.0000000000000000e+00         0.0000000000000000e+00         0.0000000000000000e+00         0.0000000000000000e+00         0.0000000000000000e+00         0.0000000000000000e+00         1.1283746634951104e-06        -2.3173985850970317e-05
14                                     0.0000000000000000e+00         0.0000000000000000e+00         0.0000000000000000e+00         0.0000000000000000e+00         0.0000000000000000e+00         0.0000000000000000e+00         2.0200899855836060e-02        -6.5906250326566357e-02
15                                     0.0000000000000000e+00         0.0000000000000000e+00         0.0000000000000000e+00         0.0000000000000000e+00         0.0000000000000000e+00         0.0000000000000000e+00         1.6212509726448412e-07         4.1037000638292701e-08
16                                     0.0000000000000000e+00         0.0000000000000000e+00         0.0000000000000000e+00         0.0000000000000000e+00         0.0000000000000000e+00         0.0000000000000000e+00         2.5007305314346117e-06        -5.1205376461679493e-05
17                                     0.0000000000000000e+00         0.0000000000000000e+00         0.0000000000000000e+00         0.0000000000000000e+00         0.0000000000000000e+00         0.0000000000000000e+00         5.0058312078111719e-02         1.3364126678343485e-01
                                                         8                           9                          10                          11                          12                          13                          14                          15

0                                      2.3849483903358498e-01         1.6863241530463199e-04        -8.5035533828491127e-04         2.5934914376410351e-02        -8.9815047604318792e-08        -1.6676507142226418e-06        -9.1479643910567149e-02         3.8478728614656290e-08
1                                     -1.6863097469626683e-04         2.3849576743548262e-01        -2.5935440335760347e-02        -8.5040526135189459e-04        -1.6035045197962335e-05         9.1472551560929385e-02        -1.6644249844420617e-06        -2.8928198399412138e-05
2                                     -7.5214572484061373e-07        -5.4653120505101727e-05        -5.5140091877056933e-06        -2.6529506697924830e-07        -3.9041292707993010e-02        -8.9748896876486767e-07         2.6003470129428464e-07        -4.7120136342839684e-03
3                                      2.4822753670376660e-01         1.7556466939080555e-04         1.5970325632045912e-03        -4.8669601491530871e-02         1.7097341323133182e-06         1.8359671546561833e-05         7.6630838451542893e-01         6.3478746241964442e-10
4                                     -1.7213037383929418e-04         2.4339504546613097e-01         1.5106308839977987e-02         4.9544853737634232e-04         2.4825587699995693e-02         5.4459578683387279e-02        -5.3528888790261039e-06        -5.7430274528412506e-01
5                                     -3.0082263960581306e-05         4.1617585484292098e-02         8.0691576345626326e-01         2.6453243998684425e-02         5.6514165504527092e-01         6.8546683050141236e-02        -4.0846873319709377e-06         2.3848034687706372e-02
6                                      2.4458773880992751e-01         2.2864153073704446e-03         1.5318246711203808e-02        -2.3016162606472358e-02         2.1561292794946497e-02        -3.5551441285581376e-01         1.5070381363785607e-01        -4.9754337460863535e-01
7                                      1.9260290434255428e-03         2.4700066393037978e-01         4.0755239313121937e-02        -1.3216593367561758e-02        -1.2356317033417217e-02        -5.6104518189635322e-01         3.5543742215967083e-01         2.8737392117432203e-01
8                                      3.6059921328027905e-02        -2.0790521004238324e-02        -3.8044234615928518e-01        -7.1197103107613324e-01         5.6531249790558513e-01        -3.4150359721134255e-02        -5.9286971900431092e-02         2.3863650843237039e-02
9                                      2.4459044792118662e-01        -1.9405809063190367e-03        -1.3779019608336622e-02        -2.3964973766832227e-02        -2.1557455473688349e-02         3.5551547799534289e-01         1.5068395296157347e-01         4.9754285850257407e-01
10                                    -2.2752814846260867e-03         2.4699760689807732e-01         3.9799818578997170e-02         1.5857636427096679e-02        -1.2356075785991100e-02        -5.6106576685080745e-01        -3.5541264331134020e-01         2.8737362246749792e-01
11                                    -3.6032394868730416e-02        -2.0840922895997108e-02        -4.2625691155856188e-01         6.8552408606627491e-01         5.6531354306224135e-01        -3.4150114618983061e-02         5.9287821420467485e-02         2.3860130556990964e-02
12                                    -2.2811159183768186e-02        -1.6130477485071863e-05         1.5676379788790782e-04        -4.7816243780407618e-03        -3.0784588425955421e-08         4.4070890555460000e-09        -2.7277311149170919e-05         8.8652080161088813e-09
13                                     1.6129713469495290e-05        -2.2811153275841455e-02         4.7815933809866179e-03         1.5676650056236179e-04         3.3412235875013788e-08         2.7560952073034824e-05        -7.9056885804650940e-09        -6.3530781026332607e-07
14                                    -2.2794491977056025e-08         6.7751570905851276e-05        -8.9268709619171525e-07        -2.1775897666864130e-09        -9.7207159578046980e-03        -3.9868481653298929e-06         1.0617821004113198e-09        -1.4146324119789454e-04
15                                    -5.0355537248516984e-02        -3.5601755907044553e-05        -1.5437788696314012e-04         4.7094315008080036e-03        -5.7906938245865174e-08         2.7590542027096836e-09         6.9680252297024420e-04        -1.8359605272769997e-08
16                                     3.5602527527271617e-05        -5.0355512333308733e-02        -4.7094856552045584e-03        -1.5437365894343621e-04         2.1387992721141687e-06        -6.9631218358600863e-04         2.9382728640983648e-08        -1.4142402488210352e-06
17                                     3.7885519731579076e-07        -1.3378113563647240e-04        -2.2757826131490971e-06        -8.4306892648076906e-08        -1.3079955598592574e-02         2.2889608413848106e-06         1.4931161497606157e-09        -1.1974958067134904e-04
                                                        16                          17

0                                     -4.7511089921583617e-07        -9.2934979065749435e-02
1                                      9.2939116064080729e-02        -4.8224387100967155e-07
2                                     -1.2849518536159583e-06         3.2350963140032090e-07
3                                     -4.3391223302833054e-06        -3.6694623510838027e-02
4                                     -7.6833251674154568e-01         7.8497642634637068e-06
5                                      3.5882184482955597e-02        -2.3691511340776385e-07
6                                      3.4840118104338536e-01         5.6697068686828211e-01
7                                     -1.6449363828793501e-01        -3.4853063576473575e-01
8                                     -1.7933519228892109e-02        -3.1068842225990607e-02
9                                     -3.4839118208641751e-01         5.6698234379336387e-01
10                                    -1.6448285500556090e-01         3.4852842915516152e-01
11                                    -1.7930456590960653e-02         3.1065276712044790e-02
12                                    -6.8136784880834441e-09         3.4351365254587240e-05
13                                    -3.4336067605399013e-05         5.6197038654352439e-09
14                                    -2.1776561364381334e-08        -5.0276338302565361e-11
15                                     1.5396626714274345e-08         2.1044439305167590e-04
16                                    -2.1044168698505084e-04        -9.7335382329828125e-09
17                                    -3.3306869400601985e-08        -1.3767131578565435e-09
$End
$THERMOCHEMISTRY_Energies
   &GeometryIndex 1
   &temperature [&Type "Double"]       2.9814999999999998e+02
   &pressure [&Type "Double"]       1.0000000000000000e+00
   &totalMass [&Type "Double"]       1.3038800000000001e+02
   &spinDegeneracy [&Type "Integer"] 1
   &elEnergy [&Type "Double"]      -1.2538914668240000e+01
   &transEnergy [&Type "Double"]       1.4162714244859817e-03
   &rotEnergy [&Type "Double"]       1.4162714244859817e-03
   &vibEnergy [&Type "Double"]       1.9350253834735020e-03
   &numOfFreqs [&Type "Integer"] 18
   &freqScalingFactor [&Type "Double"]       1.0000000000000000e+00
   &FREQ [&Type "ArrayOfDoubles", &Units "cm^-1", &Dim (18,1)] 
                                                         0

0                                      0.0000000000000000e+00
1                                      0.0000000000000000e+00
2                                      0.0000000000000000e+00
3                                      0.0000000000000000e+00
4                                      0.0000000000000000e+00
5                                      0.0000000000000000e+00
6                                     -3.2118950432329797e+02
7                                      1.4702853795359272e+02
8                                      1.9273899614459165e+02
9                                      1.9275031413108067e+02
10                                     9.5728606979894460e+02
11                                     9.5728657166328401e+02
12                                     9.9391059385318454e+02
13                                     1.3606858543357296e+03
14                                     1.3607917862917898e+03
15                                     2.9559691791748473e+03
16                                     3.0406742913762964e+03
17                                     3.0407158735445623e+03
   &zpe [&Type "Double"]       3.4627779061339098e-02
   &innerEnergyU [&Type "Double"]      -1.2499519320946218e+01
   &enthalpyH [&Type "Double"]      -1.2498575111903959e+01
   &qEl [&Type "Double"]       0.0000000000000000e+00
   &qRot [&Type "Double"]       1.1107109440825637e-02
   &qVib [&Type "Double"]       3.5310970787767355e-03
   &qTrans [&Type "Double"]       1.9247041860113716e-02
   &entropyS [&Type "Double"]       3.3885248379716085e-02
   &freeEnergyG [&Type "Double"]      -1.2532460360283675e+01
   &isLinear [&Type "Boolean"] false
$End
$Geometry
   &GeometryIndex 2
   &NAtoms [&Type "Integer"] 6
   &NCorelessECP [&Type "Integer"] 0
   &NGhostAtoms [&Type "Integer"] 0
   &CartesianCoordinates [&Type "Coordinates", &Dim(6,4), &Units "Bohr"] 
              C     -0.000000059219    0.000003294504    0.060243455481
              H     -0.000000015578    2.034162864285   -0.019913688572
              H      1.761639693898   -1.017068333557   -0.019907378333
              H     -1.761639684307   -1.017068310032   -0.019907192804
              Br    -0.000000002478   -0.000016274338    4.535164380145
              Cl     0.000000067685   -0.000013240861   -4.495692970923
$End
$Single_Point_Data
   &GeometryIndex 2
   &FinalEnergy [&Type "Double"]      -1.2541595451799999e+01  "Final single point energy"
   &Converged [&Type "Boolean"] true
$End
$Geometry
   &GeometryIndex 3
   &NAtoms [&Type "Integer"] 6
   &NCorelessECP [&Type "Integer"] 0
   &NGhostAtoms [&Type "Integer"] 0
   &CartesianCoordinates [&Type "Coordinates", &Dim(6,4), &Units "Bohr"] 
              C      0.000000019695    0.000006324414    0.046066022739
              H      0.000000051238    2.025088122592   -0.044839999236
              H      1.753777202760   -1.012525744328   -0.044837709241
              H     -1.753777134387   -1.012525764020   -0.044837862802
              Br    -0.000000037420   -0.000022209346    4.489367020086
              Cl    -0.000000101885   -0.000020729311   -4.360930866553
$End
$Single_Point_Data
   &GeometryIndex 3
   &FinalEnergy [&Type "Double"]      -1.2543132825920001e+01  "Final single point energy"
   &Converged [&Type "Boolean"] true
$End
$Geometry
   &GeometryIndex 4
   &NAtoms [&Type "Integer"] 6
   &NCorelessECP [&Type "Integer"] 0
   &NGhostAtoms [&Type "Integer"] 0
   &CartesianCoordinates [&Type "Coordinates", &Dim(6,4), &Units "Bohr"] 
              C     -0.000000074379   -0.000002583307    0.022273713358
              H     -0.000000017232    2.019456527982   -0.062334090883
              H      1.748902857805   -1.009733761488   -0.062327155700
              H     -1.748902899563   -1.009733765700   -0.062327164882
              Br     0.000000066760    0.000004099084    4.479647093381
              Cl     0.000000066609    0.000009483430   -4.274945790280
$End
$Single_Point_Data
   &GeometryIndex 4
   &FinalEnergy [&Type "Double"]      -1.2543379097000001e+01  "Final single point energy"
   &Converged [&Type "Boolean"] true
$End
$Geometry
   &GeometryIndex 5
   &NAtoms [&Type "Integer"] 6
   &NCorelessECP [&Type "Integer"] 0
   &NGhostAtoms [&Type "Integer"] 0
   &CartesianCoordinates [&Type "Coordinates", &Dim(6,4), &Units "Bohr"] 
              C     -0.000000139856   -0.000001882076   -0.002916751486
              H     -0.000000091697    2.017698001446   -0.063575674485
              H      1.747377886074   -1.008854483220   -0.063578286812
              H     -1.747378047889   -1.008854470764   -0.063578229244
              Br     0.000000179610    0.000005962184    4.485923722480
              Cl     0.000000213757    0.000006872429   -4.252288175459
$End
$Single_Point_Data
   &GeometryIndex 5
   &FinalEnergy [&Type "Double"]      -1.2543360424650000e+01  "Final single point energy"
   &Converged [&Type "Boolean"] true
$End
$Geometry
   &GeometryIndex 6
   &NAtoms [&Type "Integer"] 6
   &NCorelessECP [&Type "Integer"] 0
   &NGhostAtoms [&Type "Integer"] 0
   &CartesianCoordinates [&Type "Coordinates", &Dim(6,4), &Units "Bohr"] 
              C     -0.000000014131    0.000000515155   -0.001427207734
              H     -0.000000007760    2.017870570880   -0.061710619481
              H      1.747526721089   -1.008934220271   -0.061713069927
              H     -1.747526738563   -1.008934221402   -0.061713113222
              Br     0.000000028977   -0.000001508061    4.482615615076
              Cl     0.000000010388   -0.000001136301   -4.256064999718
$End
$Single_Point_Data
   &GeometryIndex 6
   &FinalEnergy [&Type "Double"]      -1.2543361311740000e+01  "Final single point energy"
   &Converged [&Type "Boolean"] true
$End
$Hessian
   &GeometryIndex 6
   &HESSIAN [&Type "ArrayOfDoubles", &Dim (18,18)] "The Hessian"
                                                         0                           1                           2                           3                           4                           5                           6                           7

0                                      5.8741972909999995e-01         1.1900000000000001e-08        -2.1167999999999998e-06        -4.1132698600000003e-02        -1.5067999999999999e-06         1.8169999999999999e-07        -2.6057565669999999e-01         1.2669698530000001e-01
1                                      1.1900000000000001e-08         5.8742211440000003e-01        -8.1819999999999995e-07        -1.4991000000000000e-06        -3.3371932910000002e-01         1.0277492399999999e-02         1.2670393899999999e-01        -1.1428770670000001e-01
2                                     -2.1167999999999998e-06        -8.1819999999999995e-07        -4.9213591299999998e-02         1.4320000000000001e-07         9.1345679999999992e-03        -3.4301304000000001e-03         7.9109417000000001e-03        -4.5676268999999999e-03
3                                     -4.1132698600000003e-02        -1.4991000000000000e-06         1.4320000000000001e-07         4.0752184900000002e-02         1.6469000000000001e-06        -4.6299999999999998e-08        -1.3356309999999999e-04         2.3605391300000000e-02
4                                     -1.5067999999999999e-06        -3.3371932910000002e-01         9.1345679999999992e-03         1.6469000000000001e-06         3.5898690389999999e-01        -9.3325414999999995e-03        -3.3738010000000001e-04        -1.3576388500000000e-02
5                                      1.8169999999999999e-07         1.0277492399999999e-02        -3.4301304000000001e-03        -4.6299999999999998e-08        -9.3325414999999995e-03         4.0416937399999998e-02        -1.9791049999999999e-04        -8.0665190000000001e-04
6                                     -2.6057565669999999e-01         1.2670393899999999e-01         7.9109417000000001e-03        -1.3356309999999999e-04        -3.3738010000000001e-04        -1.9791049999999999e-04         2.7940519920000001e-01        -1.3781708309999999e-01
7                                      1.2669698530000001e-01        -1.1428770670000001e-01        -4.5676268999999999e-03         2.3605391300000000e-02        -1.3576388500000000e-02        -8.0665190000000001e-04        -1.3781708309999999e-01         1.2032859600000000e-01
8                                      8.8997587999999992e-03        -5.1388277000000001e-03        -3.4301058000000000e-03        -7.9718119999999996e-04         2.3159250000000001e-04        -4.9365300000000004e-04        -8.0826249999999995e-03         4.6668667000000002e-03
9                                     -2.6057842310000001e-01        -1.2670244929999999e-01        -7.9092206000000009e-03        -1.3382090000000000e-04         3.3724050000000000e-04         1.9790159999999999e-04        -2.0255701500000001e-02        -1.1958836200000000e-02
10                                    -1.2669548429999999e-01        -1.1428505579999999e-01        -4.5666329000000000e-03        -2.3605549300000001e-02        -1.3576159100000000e-02        -8.0649230000000001e-04         1.1959109300000000e-02         6.5971498000000003e-03
11                                    -8.8980311000000003e-03        -5.1378904999999997e-03        -3.4300122000000001e-03         7.9718539999999998e-04         2.3158799999999999e-04        -4.9365879999999996e-04         5.9931489999999997e-04         5.7481069999999995e-04
12                                    -1.2556422899999999e-02         6.2000000000000001e-09         1.4030000000000001e-07         2.7590850000000001e-04         1.0000000000000001e-09        -1.3799999999999999e-08         8.1025430000000005e-04        -3.0848259999999999e-04
13                                    -2.8999999999999999e-09        -1.2554548200000000e-02         2.2999999999999999e-07         3.8600000000000002e-08         9.9855610000000009e-04         9.6965851999999998e-03        -2.9998029999999998e-04         4.4742289999999998e-04
14                                     1.1010000000000000e-07        -9.9852000000000006e-06         3.2335418099999999e-02        -5.8899999999999998e-08         3.7702969999999999e-04        -1.7861961700000002e-02         3.3532689999999998e-04        -1.7352850000000000e-04
15                                    -1.2576527800000001e-02        -8.5999999999999993e-09         1.1220000000000000e-07         3.7198910000000001e-04        -1.5000000000000000e-09        -1.1260000000000000e-07         7.4946799999999999e-04        -2.1797470000000001e-04
16                                    -3.2000000000000001e-09        -1.2575474700000000e-02         2.8000000000000002e-07        -2.8400000000000000e-08         8.8641670000000003e-04        -9.0283919000000001e-03        -2.0860480000000001e-04         4.9092649999999999e-04
17                                     9.7300000000000004e-08         1.0029200000000000e-05         2.7168421599999999e-02        -4.2200000000000001e-08        -6.4223670000000004e-04        -1.8137533500000001e-02        -5.6504790000000004e-04         3.0612990000000002e-04
                                                         8                           9                          10                          11                          12                          13                          14                          15

0                                      8.8997587999999992e-03        -2.6057842310000001e-01        -1.2669548429999999e-01        -8.8980311000000003e-03        -1.2556422899999999e-02        -2.8999999999999999e-09         1.1010000000000000e-07        -1.2576527800000001e-02
1                                     -5.1388277000000001e-03        -1.2670244929999999e-01        -1.1428505579999999e-01        -5.1378904999999997e-03         6.2000000000000001e-09        -1.2554548200000000e-02        -9.9852000000000006e-06        -8.5999999999999993e-09
2                                     -3.4301058000000000e-03        -7.9092206000000009e-03        -4.5666329000000000e-03        -3.4300122000000001e-03         1.4030000000000001e-07         2.2999999999999999e-07         3.2335418099999999e-02         1.1220000000000000e-07
3                                     -7.9718119999999996e-04        -1.3382090000000000e-04        -2.3605549300000001e-02         7.9718539999999998e-04         2.7590850000000001e-04         3.8600000000000002e-08        -5.8899999999999998e-08         3.7198910000000001e-04
4                                      2.3159250000000001e-04         3.3724050000000000e-04        -1.3576159100000000e-02         2.3158799999999999e-04         1.0000000000000001e-09         9.9855610000000009e-04         3.7702969999999999e-04        -1.5000000000000000e-09
5                                     -4.9365300000000004e-04         1.9790159999999999e-04        -8.0649230000000001e-04        -4.9365879999999996e-04        -1.3799999999999999e-08         9.6965851999999998e-03        -1.7861961700000002e-02        -1.1260000000000000e-07
