
$orca_hessian_file

$act_atom
  0

$act_coord
  0

$act_energy
      -12.543361

$multiplicity
  1

$hessian
18
                    0                  1                  2                  3                  4        
    0      5.8736939010E-01   5.0000000000E-09  -2.1416000000E-06  -4.1132779500E-02  -1.5006000000E-06
    1      5.0000000000E-09   5.8737252980E-01  -1.1628000000E-06  -1.4971000000E-06  -3.3369054430E-01
    2     -2.1416000000E-06  -1.1628000000E-06  -4.9196139500E-02   1.5130000000E-07   9.1721210000E-03
    3     -4.1132779500E-02  -1.4971000000E-06   1.5130000000E-07   4.0752352100E-02   1.6383000000E-06
    4     -1.5006000000E-06  -3.3369054430E-01   9.1721210000E-03   1.6383000000E-06   3.5896172780E-01
    5      1.8350000000E-07   1.0315012500E-02  -3.4404602000E-03  -4.8000000000E-08  -9.3769903000E-03
    6     -2.6055415720E-01   1.2669112090E-01   7.9431859000E-03  -1.3322720000E-04  -3.3696480000E-04
    7      1.2668458140E-01  -1.1428113500E-01  -4.5862314000E-03   2.3605295100E-02  -1.3576903900E-02
    8      8.9320518000E-03  -5.1574238000E-03  -3.4405169000E-03  -8.0105630000E-04   2.3290300000E-04
    9     -2.6055692530E-01  -1.2668962630E-01  -7.9414512000E-03  -1.3347180000E-04   3.3682400000E-04
   10     -1.2668307980E-01  -1.1427848040E-01  -4.5852382000E-03  -2.3605446200E-02  -1.3576667100E-02
   11     -8.9303147000E-03  -5.1564826000E-03  -3.4404184000E-03   8.0105840000E-04   2.3289720000E-04
   12     -1.2557532200E-02   6.1000000000E-09   1.4080000000E-07   2.7521790000E-04   2.9000000000E-09
   13     -3.0000000000E-09  -1.2555574900E-02   2.6970000000E-07   3.8400000000E-08   9.9637340000E-04
   14      1.1900000000E-07  -9.9529000000E-06   3.2341267200E-02  -5.2000000000E-08   3.7844220000E-04
   15     -1.2567995900E-02  -8.6000000000E-09   1.1470000000E-07   3.7190850000E-04   2.0000000000E-10
   16     -3.2000000000E-09  -1.2566795200E-02   2.4170000000E-07  -2.8600000000E-08   8.8601410000E-04
   17      1.0190000000E-07   1.0009400000E-05   2.7176267800E-02  -5.3300000000E-08  -6.3937300000E-04
                    5                  6                  7                  8                  9        
    0      1.8350000000E-07  -2.6055415720E-01   1.2668458140E-01   8.9320518000E-03  -2.6055692530E-01
    1      1.0315012500E-02   1.2669112090E-01  -1.1428113500E-01  -5.1574238000E-03  -1.2668962630E-01
    2     -3.4404602000E-03   7.9431859000E-03  -4.5862314000E-03  -3.4405169000E-03  -7.9414512000E-03
    3     -4.8000000000E-08  -1.3322720000E-04   2.3605295100E-02  -8.0105630000E-04  -1.3347180000E-04
    4     -9.3769903000E-03  -3.3696480000E-04  -1.3576903900E-02   2.3290300000E-04   3.3682400000E-04
    5      4.0407033700E-02  -1.9858410000E-04  -8.1042130000E-04  -4.9234280000E-04   1.9857470000E-04
    6     -1.9858410000E-04   2.7938665120E-01  -1.3780536350E-01  -8.1208660000E-03  -2.0256605400E-02
    7     -8.1042130000E-04  -1.3780536350E-01   1.2032304290E-01   4.6887779000E-03  -1.1959000800E-02
    8     -4.9234280000E-04  -8.1208660000E-03   4.6887779000E-03   4.0404684900E-02  -6.0208890000E-04
    9      1.9857470000E-04  -2.0256605400E-02  -1.1959000800E-02  -6.0208890000E-04   2.7938965210E-01
   10     -8.1026030000E-04   1.1959281500E-02   6.5983361000E-03   5.7735550000E-04   1.3780373570E-01
   11     -4.9234910000E-04   6.0223650000E-04   5.7743190000E-04  -4.9000570000E-04   8.1192411000E-03
   12     -1.3500000000E-08   8.0834120000E-04  -3.0777060000E-04   8.3996528000E-03   8.0829000000E-04
   13      9.6997670000E-03  -2.9941380000E-04   4.4620990000E-04  -4.8500663000E-03   2.9937780000E-04
   14     -1.7861774700E-02   3.3656350000E-04  -1.7425700000E-04  -1.7861450000E-02  -3.3668770000E-04
   15     -1.1260000000E-07   7.4899740000E-04  -2.1774160000E-04  -7.8076934000E-03   7.4906050000E-04
   16     -9.0171076000E-03  -2.0866030000E-04   4.9045000000E-04   4.5084536000E-03   2.0868960000E-04
   17     -1.8120106900E-02  -5.6253570000E-04   3.0469990000E-04  -1.8120369500E-02   5.6241200000E-04
                   10                 11                 12                 13                 14        
    0     -1.2668307980E-01  -8.9303147000E-03  -1.2557532200E-02  -3.0000000000E-09   1.1900000000E-07
    1     -1.1427848040E-01  -5.1564826000E-03   6.1000000000E-09  -1.2555574900E-02  -9.9529000000E-06
    2     -4.5852382000E-03  -3.4404184000E-03   1.4080000000E-07   2.6970000000E-07   3.2341267200E-02
    3     -2.3605446200E-02   8.0105840000E-04   2.7521790000E-04   3.8400000000E-08  -5.2000000000E-08
    4     -1.3576667100E-02   2.3289720000E-04   2.9000000000E-09   9.9637340000E-04   3.7844220000E-04
    5     -8.1026030000E-04  -4.9234910000E-04  -1.3500000000E-08   9.6997670000E-03  -1.7861774700E-02
    6      1.1959281500E-02   6.0223650000E-04   8.0834120000E-04  -2.9941380000E-04   3.3656350000E-04
    7      6.5983361000E-03   5.7743190000E-04  -3.0777060000E-04   4.4620990000E-04  -1.7425700000E-04
    8      5.7735550000E-04  -4.9000570000E-04   8.3996528000E-03  -4.8500663000E-03  -1.7861450000E-02
    9      1.3780373570E-01   8.1192411000E-03   8.0829000000E-04   2.9937780000E-04  -3.3668770000E-04
   10      1.2032016220E-01   4.6877264000E-03   3.0776760000E-04   4.4620360000E-04  -1.7426180000E-04
   11      4.6877264000E-03   4.0404575700E-02  -8.3998329000E-03  -4.8499627000E-03  -1.7861378400E-02
   12      3.0776760000E-04  -8.3998329000E-03   8.5659156000E-03  -3.3000000000E-09   1.4190000000E-07
   13      4.4620360000E-04  -4.8499627000E-03  -3.3000000000E-09   8.5666641000E-03  -9.5396000000E-06
   14     -1.7426180000E-04  -1.7861378400E-02   1.4190000000E-07  -9.5396000000E-06   4.6948662500E-02
   15      2.1774110000E-04   7.8076117000E-03   2.0997675000E-03   3.8000000000E-09  -8.4600000000E-08
   16      4.9044560000E-04   4.5083898000E-03  -2.8000000000E-09   2.1001239000E-03  -1.0430900000E-05
   17      3.0467850000E-04  -1.8120424100E-02  -8.9100000000E-08   9.5318000000E-06  -2.5705326700E-02
                   15                 16                 17        
     0     -1.2567995900E-02  -3.2000000000E-09   1.0190000000E-07
     1     -8.6000000000E-09  -1.2566795200E-02   1.0009400000E-05
     2      1.1470000000E-07   2.4170000000E-07   2.7176267800E-02
     3      3.7190850000E-04  -2.8600000000E-08  -5.3300000000E-08
     4      2.0000000000E-10   8.8601410000E-04  -6.3937300000E-04
     5     -1.1260000000E-07  -9.0171076000E-03  -1.8120106900E-02
     6      7.4899740000E-04  -2.0866030000E-04  -5.6253570000E-04
     7     -2.1774160000E-04   4.9045000000E-04   3.0469990000E-04
     8     -7.8076934000E-03   4.5084536000E-03  -1.8120369500E-02
     9      7.4906050000E-04   2.0868960000E-04   5.6241200000E-04
    10      2.1774110000E-04   4.9044560000E-04   3.0467850000E-04
    11      7.8076117000E-03   4.5083898000E-03  -1.8120424100E-02
    12      2.0997675000E-03  -2.8000000000E-09  -8.9100000000E-08
    13      3.8000000000E-09   2.1001239000E-03   9.5318000000E-06
    14     -8.4600000000E-08  -1.0430900000E-05  -2.5705326700E-02
    15      8.5982620000E-03   5.1000000000E-09   1.6430000000E-07
    16      5.1000000000E-09   8.5997615000E-03   1.0453400000E-05
    17      1.6430000000E-07   1.0453400000E-05   5.2889959400E-02

$vibrational_frequencies
18
    0        0.0000000000000000
    1        0.0000000000000000
    2        0.0000000000000000
    3        0.0000000000000000
    4        0.0000000000000000
    5        0.0000000000000000
    6     -351.9548010269415954
    7      200.9791063478088518
    8      207.3965644462851969
    9      207.4142676612995615
   10     1027.5621833920533845
   11     1031.6865101615007916
   12     1031.7451558023544749
   13     1332.2413661746429625
   14     1332.3713226699137522
   15     3123.8362967920093070
   16     3214.5236698984926988
   17     3214.5891178117130949

$normal_modes
18 18
                    0                  1                  2                  3                  4        
    0      0.0000000000E+00   0.0000000000E+00   0.0000000000E+00   0.0000000000E+00   0.0000000000E+00
    1      0.0000000000E+00   0.0000000000E+00   0.0000000000E+00   0.0000000000E+00   0.0000000000E+00
    2      0.0000000000E+00   0.0000000000E+00   0.0000000000E+00   0.0000000000E+00   0.0000000000E+00
    3      0.0000000000E+00   0.0000000000E+00   0.0000000000E+00   0.0000000000E+00   0.0000000000E+00
    4      0.0000000000E+00   0.0000000000E+00   0.0000000000E+00   0.0000000000E+00   0.0000000000E+00
    5      0.0000000000E+00   0.0000000000E+00   0.0000000000E+00   0.0000000000E+00   0.0000000000E+00
    6      0.0000000000E+00   0.0000000000E+00   0.0000000000E+00   0.0000000000E+00   0.0000000000E+00
    7      0.0000000000E+00   0.0000000000E+00   0.0000000000E+00   0.0000000000E+00   0.0000000000E+00
    8      0.0000000000E+00   0.0000000000E+00   0.0000000000E+00   0.0000000000E+00   0.0000000000E+00
    9      0.0000000000E+00   0.0000000000E+00   0.0000000000E+00   0.0000000000E+00   0.0000000000E+00
   10      0.0000000000E+00   0.0000000000E+00   0.0000000000E+00   0.0000000000E+00   0.0000000000E+00
   11      0.0000000000E+00   0.0000000000E+00   0.0000000000E+00   0.0000000000E+00   0.0000000000E+00
   12      0.0000000000E+00   0.0000000000E+00   0.0000000000E+00   0.0000000000E+00   0.0000000000E+00
   13      0.0000000000E+00   0.0000000000E+00   0.0000000000E+00   0.0000000000E+00   0.0000000000E+00
   14      0.0000000000E+00   0.0000000000E+00   0.0000000000E+00   0.0000000000E+00   0.0000000000E+00
   15      0.0000000000E+00   0.0000000000E+00   0.0000000000E+00   0.0000000000E+00   0.0000000000E+00
   16      0.0000000000E+00   0.0000000000E+00   0.0000000000E+00   0.0000000000E+00   0.0000000000E+00
   17      0.0000000000E+00   0.0000000000E+00   0.0000000000E+00   0.0000000000E+00   0.0000000000E+00
                    5                  6                  7                  8                  9        
    0      0.0000000000E+00  -2.9163688983E-06   1.0012272947E-06  -4.8599180978E-01   4.7017391010E-04
    1      0.0000000000E+00   1.9702261018E-05   1.7191715867E-02   4.7010789917E-04   4.8600179986E-01
    2      0.0000000000E+00  -9.8523760366E-01   1.1278155489E-01   1.0267781644E-06  -4.3532570407E-04
    3      0.0000000000E+00   8.7773973842E-08   1.3035138298E-06  -5.0773349771E-01   4.9112760521E-04
    4      0.0000000000E+00   2.4620896866E-02   2.1814456333E-02   4.7645231345E-04   4.9246471649E-01
    5      0.0000000000E+00   1.9540704130E-02   2.2184812974E-01  -1.5326028841E-06  -3.5399389435E-03
    6      0.0000000000E+00   2.1316985400E-02   4.1871441984E-03  -4.9625691396E-01   7.1036931751E-03
    7      0.0000000000E+00  -1.2251195685E-02   1.5934662568E-02  -6.1337561081E-03   5.0389129778E-01
    8      0.0000000000E+00   1.9538593310E-02   2.2197231692E-01   2.2887141680E-03   4.4087289033E-04
    9      0.0000000000E+00  -2.1316086312E-02  -4.1844293415E-03  -4.9626962356E-01  -6.1434005247E-03
   10      0.0000000000E+00  -1.2250777959E-02   1.5934725213E-02   7.1084750682E-03   5.0387863091E-01
   11      0.0000000000E+00   1.9538259083E-02   2.2197411617E-01  -2.2843044469E-03   4.4584452447E-04
   12      0.0000000000E+00   2.0829805012E-07  -1.0222639606E-07   4.4670981981E-02  -4.3218367063E-05
   13      0.0000000000E+00  -2.1486212765E-06  -1.5838210674E-03  -4.3210373038E-05  -4.4671626570E-02
   14      0.0000000000E+00   8.6394061079E-02  -3.9238601709E-01   1.2613225269E-06   1.5673541417E-03
   15      0.0000000000E+00   4.9052933124E-07  -2.2306630330E-07   1.0662844562E-01  -1.0315468150E-04
   16      0.0000000000E+00  -5.2137654097E-06  -3.7812233339E-03  -1.0314325487E-04  -1.0662965553E-01
   17      0.0000000000E+00   1.3741338900E-01   8.2717689871E-01  -3.2722883135E-06  -3.3094082754E-03
                   10                 11                 12                 13                 14        
    0      9.7995670401E-08   1.0855767468E-02  -1.6800878064E-06  -1.3485505960E-06  -9.8164686097E-02
    1      5.0351718679E-06  -1.7248020726E-06  -1.0856699116E-02   9.8152985792E-02  -1.3440752296E-06
    2      1.2213230153E-02  -1.3011056240E-07   1.6911393574E-06  -2.7518906497E-06   2.9084807359E-07
    3     -2.2148969841E-06  -5.0323111978E-02   9.1148403684E-06   1.5718988099E-05   8.0830458250E-01
    4     -1.5803708579E-02   2.8620421721E-06   1.6830723491E-02   5.8383044864E-02  -5.3545250711E-06
    5     -5.7700469000E-01   1.2693964676E-04   8.1462345470E-01   5.8970102844E-02  -3.8179141406E-06
    6     -1.3700449190E-02  -2.5200722994E-02   1.4523461782E-02  -3.7540154348E-01   1.5826244230E-01
    7      7.8806615841E-03  -1.4498124101E-02   4.1973559314E-02  -5.9155309852E-01   3.7531753348E-01
    8     -5.7686616421E-01  -7.0560287877E-01  -4.0730618688E-01  -2.9450155089E-02  -5.1024759577E-02
    9      1.3696155550E-02  -2.5200124334E-02  -1.4516797078E-02   3.7540123909E-01   1.5824467607E-01
   10      7.8807401891E-03   1.4510832878E-02   4.1966882456E-02  -5.9157142415E-01  -3.7529676344E-01
   11     -5.7685767556E-01   7.0548654021E-01  -4.0751972393E-01  -2.9450975198E-02   5.1024893997E-02
   12      1.0822947920E-08  -3.7444097531E-03   5.6611102855E-07   7.4338584491E-09   1.1660568048E-04
   13     -5.2670128173E-07   5.7117366560E-07   3.7441840717E-03  -1.1604956359E-04  -6.2822559975E-09
   14      9.7584129213E-03  -4.2391646058E-08   1.5779674795E-06  -5.0848177434E-06   1.3991940461E-09
   15      1.2745961890E-07   7.6247275884E-03  -1.1552905727E-06   1.8490771936E-09   1.0134278159E-03
   16      6.8403923895E-07  -1.1456171295E-06  -7.6252455034E-03  -1.0127138066E-03   3.1218942693E-08
   17      2.3077992221E-02  -1.6179295266E-07   1.6270520078E-06   1.0430867883E-05   3.0403691153E-09
                   15                 16                 17        
     0     -3.7778411713E-09   4.9366190206E-06   9.8333858497E-02
     1      2.8304794294E-05   9.8339950791E-02  -4.9286951446E-06
     2      3.5767692061E-03  -1.0159930492E-06  -3.4137722247E-07
     3     -3.1670196278E-08  -2.4927409314E-06   3.8034484127E-02
     4      5.7696229578E-01  -8.1141100040E-01   3.6381703677E-05
     5     -1.5484367926E-02   2.4797997479E-02  -1.2468423871E-06
     6      4.9984384227E-01   3.6759151289E-01  -5.9895830886E-01
     7     -2.8869906445E-01  -1.7424284385E-01   3.6777061522E-01
     8     -1.5495820785E-02  -1.2392864691E-02   2.1470993715E-02
     9     -4.9984369415E-01  -3.6764718725E-01  -5.9892949854E-01
    10     -2.8869894236E-01  -1.7427210825E-01  -3.6774880503E-01
    11     -1.5492306795E-02  -1.2392245757E-02  -2.1465703506E-02
    12     -9.2913162239E-09  -1.0673458280E-08  -6.5910480847E-05
    13      5.9450887113E-07  -6.5897724035E-05  -2.9521507544E-09
    14      5.4365239247E-05  -2.8103743839E-09   4.6579451243E-11
    15      1.8908572403E-08   5.4020639595E-09  -1.8868860562E-04
    16      1.4590181922E-06  -1.8871634788E-04   2.1916732787E-08
    17     -1.2977239737E-05  -1.5865666171E-08   5.8798310723E-10

#
# The atoms: label  mass x y z (in bohrs)
#
$atoms
6
 C     12.01100      0.000000002248    -0.000000237310    -1.589115644475
 H      1.00800      0.000000001004     2.017881254904    -1.649654853120
 H      1.00800      1.747536557894    -1.008941136128    -1.649655324694
 H      1.00800     -1.747536555767    -1.008941136062    -1.649655321957
 Br    79.90000      0.000000000242    -0.000000404766     2.894682927085
 Cl    35.45300     -0.000000001396     0.000001021538    -5.844632066244

$actual_temperature
  0.000000

$frequency_scale_factor
  1.000000


$end

