
$orca_hessian_file

$act_atom
  0

$act_coord
  0

$act_energy
      -12.541549

$multiplicity
  1

$hessian
18
                    0                  1                  2                  3                  4        
    0      5.5570132360E-01   2.8200000000E-08  -2.0183000000E-06  -4.3161603000E-02  -1.3769000000E-06
    1      2.8200000000E-08   5.5570205180E-01   8.0000000000E-09  -1.3705000000E-06  -3.1161079820E-01
    2     -2.0183000000E-06   8.0000000000E-09  -3.9120340900E-02   1.4450000000E-07   1.1584262700E-02
    3     -4.3161603000E-02  -1.3705000000E-06   1.4450000000E-07   4.1831368200E-02   1.5119000000E-06
    4     -1.3769000000E-06  -3.1161079820E-01   1.1584262700E-02   1.5119000000E-06   3.3592860490E-01
    5      1.8220000000E-07   1.2178511600E-02  -8.4059888000E-03  -8.3700000000E-08  -1.3748465800E-02
    6     -2.4450094410E-01   1.1625120970E-01   1.0030076200E-02   5.1905150000E-04  -4.2858930000E-04
    7      1.1624425920E-01  -1.1028040500E-01  -5.7946391000E-03   2.3851634000E-02  -1.3014646900E-02
    8      1.0546072300E-02  -6.0880764000E-03  -8.4058164000E-03  -1.4870135000E-03   4.3554890000E-04
    9     -2.4450353190E-01  -1.1624986890E-01  -1.0028502500E-02   5.1878990000E-04   4.2845150000E-04
   10     -1.1624290540E-01  -1.1027798230E-01  -5.7936873000E-03  -2.3851800900E-02  -1.3014420100E-02
   11     -1.0544492700E-02  -6.0871817000E-03  -8.4056922000E-03   1.4870213000E-03   4.3553410000E-04
   12     -1.2641176600E-02   6.0000000000E-09   1.5840000000E-07  -3.9400300000E-05   1.8000000000E-09
   13     -2.8000000000E-09  -1.2640000700E-02   1.9106000000E-06   4.1100000000E-08   5.1201070000E-04
   14      1.2470000000E-07  -8.3963000000E-06   3.2588392600E-02  -4.6000000000E-08   1.1671644000E-03
   15     -1.0894068200E-02  -4.4000000000E-09   1.4170000000E-07   3.3179360000E-04   1.1000000000E-09
   16     -2.5000000000E-09  -1.0892865600E-02   2.1451000000E-06  -1.5500000000E-08   1.1992495000E-03
   17      1.3180000000E-07   5.1349000000E-06   3.1749445700E-02  -2.2600000000E-08   1.2595560000E-04
                    5                  6                  7                  8                  9        
    0      1.8220000000E-07  -2.4450094410E-01   1.1624425920E-01   1.0546072300E-02  -2.4450353190E-01
    1      1.2178511600E-02   1.1625120970E-01  -1.1028040500E-01  -6.0880764000E-03  -1.1624986890E-01
    2     -8.4059888000E-03   1.0030076200E-02  -5.7946391000E-03  -8.4058164000E-03  -1.0028502500E-02
    3     -8.3700000000E-08   5.1905150000E-04   2.3851634000E-02  -1.4870135000E-03   5.1878990000E-04
    4     -1.3748465800E-02  -4.2858930000E-04  -1.3014646900E-02   4.3554890000E-04   4.2845150000E-04
    5      3.7308243000E-02  -3.6672280000E-04  -1.5064775000E-03   1.1931810000E-04   3.6670600000E-04
    6     -3.6672280000E-04   2.6238252220E-01  -1.2736222090E-01  -1.1906663000E-02  -1.9742162500E-02
    7     -1.5064775000E-03  -1.2736222090E-01   1.1537100960E-01   6.8734547000E-03  -1.2127919500E-02
    8      1.1931810000E-04  -1.1906663000E-02   6.8734547000E-03   3.7308425200E-02  -1.1202953000E-03
    9      3.6670600000E-04  -1.9742162500E-02  -1.2127919500E-02  -1.1202953000E-03   2.6238537960E-01
   10     -1.5063185000E-03   1.2128193300E-02   7.2941326000E-03   1.0692258000E-03   1.2736076330E-01
   11      1.1930730000E-04   1.1204484000E-03   1.0693005000E-03   1.1926180000E-04   1.1905160200E-02
   12     -6.8000000000E-09   3.6672010000E-04  -2.3446710000E-04   9.1288152000E-03   3.6666260000E-04
   13      1.0541530400E-02  -2.2609250000E-04   8.9908800000E-05  -5.2701848000E-03   2.2605530000E-04
   14     -1.7218216700E-02   1.0182464000E-03  -5.7103870000E-04  -1.7218392500E-02  -1.0183626000E-03
   15     -7.4900000000E-08   9.7481280000E-04  -3.7128580000E-04  -5.1609157000E-03   9.7486230000E-04
   16     -5.9587801000E-03  -3.6250040000E-04   5.4000090000E-04   2.9800318000E-03   3.6251840000E-04
   17     -1.1922662900E-02   1.0461480000E-04  -7.0599900000E-05  -1.1922796100E-02  -1.0470590000E-04
                   10                 11                 12                 13                 14        
    0     -1.1624290540E-01  -1.0544492700E-02  -1.2641176600E-02  -2.8000000000E-09   1.2470000000E-07
    1     -1.1027798230E-01  -6.0871817000E-03   6.0000000000E-09  -1.2640000700E-02  -8.3963000000E-06
    2     -5.7936873000E-03  -8.4056922000E-03   1.5840000000E-07   1.9106000000E-06   3.2588392600E-02
    3     -2.3851800900E-02   1.4870213000E-03  -3.9400300000E-05   4.1100000000E-08  -4.6000000000E-08
    4     -1.3014420100E-02   4.3553410000E-04   1.8000000000E-09   5.1201070000E-04   1.1671644000E-03
    5     -1.5063185000E-03   1.1930730000E-04  -6.8000000000E-09   1.0541530400E-02  -1.7218216700E-02
    6      1.2128193300E-02   1.1204484000E-03   3.6672010000E-04  -2.2609250000E-04   1.0182464000E-03
    7      7.2941326000E-03   1.0693005000E-03  -2.3446710000E-04   8.9908800000E-05  -5.7103870000E-04
    8      1.0692258000E-03   1.1926180000E-04   9.1288152000E-03  -5.2701848000E-03  -1.7218392500E-02
    9      1.2736076330E-01   1.1905160200E-02   3.6666260000E-04   2.2605530000E-04  -1.0183626000E-03
   10      1.1536837170E-01   6.8724355000E-03   2.3446520000E-04   8.9904400000E-05  -5.7103150000E-04
   11      6.8724355000E-03   3.7308256200E-02  -9.1289934000E-03  -5.2700763000E-03  -1.7218302200E-02
   12      2.3446520000E-04  -9.1289934000E-03   9.5972060000E-03  -3.4000000000E-09   1.1000000000E-07
   13      8.9904400000E-05  -5.2700763000E-03  -3.4000000000E-09   9.5976593000E-03  -8.1384000000E-06
   14     -5.7103150000E-04  -1.7218302200E-02   1.1000000000E-07  -8.1384000000E-06   4.0294081100E-02
   15      3.7128450000E-04   5.1608562000E-03   2.3499882000E-03   2.2000000000E-09  -7.2400000000E-08
   16      5.3999370000E-04   2.9799878000E-03  -2.5000000000E-09   2.3505173000E-03  -8.5596000000E-06
   17     -7.0624000000E-05  -1.1922830700E-02  -8.3400000000E-08   4.9585000000E-06  -2.1227562300E-02
                   15                 16                 17        
     0     -1.0894068200E-02  -2.5000000000E-09   1.3180000000E-07
     1     -4.4000000000E-09  -1.0892865600E-02   5.1349000000E-06
     2      1.4170000000E-07   2.1451000000E-06   3.1749445700E-02
     3      3.3179360000E-04  -1.5500000000E-08  -2.2600000000E-08
     4      1.1000000000E-09   1.1992495000E-03   1.2595560000E-04
     5     -7.4900000000E-08  -5.9587801000E-03  -1.1922662900E-02
     6      9.7481280000E-04  -3.6250040000E-04   1.0461480000E-04
     7     -3.7128580000E-04   5.4000090000E-04  -7.0599900000E-05
     8     -5.1609157000E-03   2.9800318000E-03  -1.1922796100E-02
     9      9.7486230000E-04   3.6251840000E-04  -1.0470590000E-04
    10      3.7128450000E-04   5.3999370000E-04  -7.0624000000E-05
    11      5.1608562000E-03   2.9799878000E-03  -1.1922830700E-02
    12      2.3499882000E-03  -2.5000000000E-09  -8.3400000000E-08
    13      2.2000000000E-09   2.3505173000E-03   4.9585000000E-06
    14     -7.2400000000E-08  -8.5596000000E-06  -2.1227562300E-02
    15      6.2626113000E-03   2.4000000000E-09   6.5200000000E-08
    16      2.4000000000E-09   6.2631043000E-03   5.1750000000E-06
    17      6.5200000000E-08   5.1750000000E-06   2.5246406400E-02

$vibrational_frequencies
18
    0        0.0000000000000000
    1        0.0000000000000000
    2        0.0000000000000000
    3        0.0000000000000000
    4        0.0000000000000000
    5        0.0000000000000000
    6     -334.5028030181506438
    7      167.2352084632283606
    8      198.5193341542171197
    9      198.5308064079719941
   10      977.4740873251624862
   11      977.4773057325456875
   12      998.8208557258814153
   13     1350.5282639055192249
   14     1350.6565267007581497
   15     3023.9930739433275448
   16     3110.7036502261030364
   17     3110.7532584818109171

$normal_modes
18 18
                    0                  1                  2                  3                  4        
    0      0.0000000000E+00   0.0000000000E+00   0.0000000000E+00   0.0000000000E+00   0.0000000000E+00
    1      0.0000000000E+00   0.0000000000E+00   0.0000000000E+00   0.0000000000E+00   0.0000000000E+00
    2      0.0000000000E+00   0.0000000000E+00   0.0000000000E+00   0.0000000000E+00   0.0000000000E+00
    3      0.0000000000E+00   0.0000000000E+00   0.0000000000E+00   0.0000000000E+00   0.0000000000E+00
    4      0.0000000000E+00   0.0000000000E+00   0.0000000000E+00   0.0000000000E+00   0.0000000000E+00
    5      0.0000000000E+00   0.0000000000E+00   0.0000000000E+00   0.0000000000E+00   0.0000000000E+00
    6      0.0000000000E+00   0.0000000000E+00   0.0000000000E+00   0.0000000000E+00   0.0000000000E+00
    7      0.0000000000E+00   0.0000000000E+00   0.0000000000E+00   0.0000000000E+00   0.0000000000E+00
    8      0.0000000000E+00   0.0000000000E+00   0.0000000000E+00   0.0000000000E+00   0.0000000000E+00
    9      0.0000000000E+00   0.0000000000E+00   0.0000000000E+00   0.0000000000E+00   0.0000000000E+00
   10      0.0000000000E+00   0.0000000000E+00   0.0000000000E+00   0.0000000000E+00   0.0000000000E+00
   11      0.0000000000E+00   0.0000000000E+00   0.0000000000E+00   0.0000000000E+00   0.0000000000E+00
   12      0.0000000000E+00   0.0000000000E+00   0.0000000000E+00   0.0000000000E+00   0.0000000000E+00
   13      0.0000000000E+00   0.0000000000E+00   0.0000000000E+00   0.0000000000E+00   0.0000000000E+00
   14      0.0000000000E+00   0.0000000000E+00   0.0000000000E+00   0.0000000000E+00   0.0000000000E+00
   15      0.0000000000E+00   0.0000000000E+00   0.0000000000E+00   0.0000000000E+00   0.0000000000E+00
   16      0.0000000000E+00   0.0000000000E+00   0.0000000000E+00   0.0000000000E+00   0.0000000000E+00
   17      0.0000000000E+00   0.0000000000E+00   0.0000000000E+00   0.0000000000E+00   0.0000000000E+00
                    5                  6                  7                  8                  9        
    0      0.0000000000E+00  -3.2222589487E-06  -1.6028419436E-06   4.8414280472E-01  -4.6166531584E-04
    1      0.0000000000E+00  -2.3068391939E-05   2.6485270515E-03  -4.6165575434E-04  -4.8415033110E-01
    2      0.0000000000E+00  -9.6480723431E-01   2.0036266470E-01  -1.4445865522E-06   1.3070940098E-04
    3      0.0000000000E+00  -8.3233314532E-07  -2.0642249167E-06   5.0449546903E-01  -4.8104052115E-04
    4      0.0000000000E+00   2.7443614237E-02   1.9374486597E-03  -4.7047484068E-04  -4.9331768817E-01
    5      0.0000000000E+00  -1.0750656190E-01   1.3045132148E-01  -6.1952843557E-05  -6.3472991415E-02
    6      0.0000000000E+00   2.3773996152E-02  -5.3861263288E-04   4.9608279937E-01  -5.3605642413E-03
    7      0.0000000000E+00  -1.3776896191E-02   3.3280346297E-03   4.3917270921E-03  -5.0167704394E-01
    8      0.0000000000E+00  -1.0749497601E-01   1.2990135120E-01   5.5040971075E-02   3.1759918210E-02
    9      0.0000000000E+00  -2.3774775269E-02   5.3472196814E-04   4.9609166276E-01   4.4144247696E-03
   10      0.0000000000E+00  -1.3776384739E-02   3.3281703295E-03  -5.3483793320E-03  -5.0166750346E-01
   11      0.0000000000E+00  -1.0749527162E-01   1.2990375345E-01  -5.4984029167E-02   3.1863808306E-02
   12      0.0000000000E+00   2.5641238193E-07   1.5268624676E-07  -4.5789605030E-02   4.3666219884E-05
   13      0.0000000000E+00   2.2822726481E-06  -2.5285538598E-04   4.3663879062E-05   4.5790127204E-02
   14      0.0000000000E+00   7.7206466729E-02  -4.1576081915E-01  -2.0626963311E-07  -2.3507260807E-04
   15      0.0000000000E+00   5.5960127808E-07   3.6822362663E-07  -1.0337892636E-01   9.8573564227E-05
   16      0.0000000000E+00   5.7897751120E-06  -5.7176306444E-04   9.8574096001E-05   1.0338008058E-01
   17      0.0000000000E+00   1.6203367229E-01   8.5801920873E-01   1.0967448488E-06   4.8121202120E-04
                   10                 11                 12                 13                 14        
    0      2.2577212104E-04  -2.3526170688E-02  -7.9537319917E-08  -1.5087036334E-05   9.6652812355E-02
    1      2.3527760679E-02   2.2582636429E-04  -1.1429636930E-05   9.6644034031E-02   1.5081432621E-05
    2      7.3222250816E-06   1.8167091694E-07  -2.9461883721E-02  -4.0877719286E-07  -2.6921649556E-07
    3     -5.2793845633E-04   5.4882444518E-02   1.7930757159E-06   1.3060761236E-04  -8.0709509442E-01
    4     -1.8116426889E-02  -1.7404068233E-04   2.5063305289E-02   5.8143321529E-02   1.3680231372E-05
    5     -8.1429039116E-01  -7.8111717747E-03   5.7625460642E-01   7.5254885586E-02   1.4730772376E-05
    6     -1.6204339361E-02   2.7148891524E-02   2.1759273831E-02  -3.7474891874E-01  -1.5819104537E-01
    7     -4.5847505417E-02   1.5486320227E-02  -1.2487741315E-02  -5.9065472160E-01  -3.7477496710E-01
    8      4.0019043592E-01   7.0898986364E-01   5.7654520809E-01  -3.7522986539E-02   6.5088861558E-02
    9      1.5681558213E-02   2.7449632077E-02  -2.1755310351E-02   3.7479362159E-01  -1.5806679320E-01
   10     -4.5539739297E-02  -1.6363100664E-02  -1.2487523488E-02  -5.9077973786E-01   3.7458599640E-01
   11      4.1371695479E-01  -7.0118327197E-01   5.7654488551E-01  -3.7504661948E-02  -6.5100174496E-02
   12     -4.3871503018E-05   4.5732380519E-03  -2.9240217353E-08   3.5646445341E-09   1.0220755272E-05
   13     -4.5732038315E-03  -4.3875347337E-05  -4.9070071288E-07   1.0565025917E-05   9.5722589955E-09
   14      1.7540709422E-06   4.9293218028E-11  -1.0181822952E-02  -4.6703823617E-06  -1.0761873691E-09
   15      5.2258187078E-05  -5.4490649615E-03  -7.0825918084E-08   1.1882304440E-07  -8.2852822288E-04
   16      5.4490946774E-03   5.2251360360E-05   2.4749258602E-06  -8.2808708121E-04  -1.4709964081E-07
   17      4.4556720274E-06   6.8562789230E-08  -1.6240801014E-02   4.2032656458E-06  -3.5435625067E-09
                   15                 16                 17        
     0     -1.0561046066E-07  -1.0544063704E-04  -9.8151200620E-02
     1      2.9694697690E-05   9.8156313160E-02  -1.0545427240E-04
     2      4.9235873680E-03  -1.5367286536E-06   3.3802035110E-07
     3     -2.3145490393E-08  -4.5700692417E-05  -3.8454219256E-02
     4      5.7665614580E-01  -8.1090526413E-01   8.7483117881E-04
     5     -2.3996038332E-02   3.7956563294E-02  -4.0814132778E-05
     6      4.9959415551E-01   3.6821814053E-01   5.9805436696E-01
     7     -2.8855485547E-01  -1.7420430025E-01  -3.6753273026E-01
     8     -2.4011726712E-02  -1.9004476713E-02  -3.2843535296E-02
     9     -4.9959282214E-01  -3.6692789571E-01   5.9885339593E-01
    10     -2.8855405893E-01  -1.7340662492E-01   3.6790249719E-01
    11     -2.4008142587E-02  -1.8930972371E-02   3.2880365111E-02
    12     -8.9978160176E-09   3.8583841437E-08   4.2879059780E-05
    13      6.1880804089E-07  -4.2863122646E-05   5.1864384231E-08
    14      1.2380978116E-04  -2.0166385123E-08   8.2882085626E-11
    15      1.8805208187E-08   2.5002574337E-07   2.1851075441E-04
    16      1.4183559053E-06  -2.1849758972E-04   2.2318013200E-07
    17      1.0048304800E-04  -3.4247646537E-08  -1.4213733786E-09

#
# The atoms: label  mass x y z (in bohrs)
#
$atoms
6
 C     12.01100     -0.000000069507     0.000006563446    -1.502653990011
 H      1.00800     -0.000000047097     2.036657777692    -1.585629827818
 H      1.00800      1.763794077198    -1.018316203259    -1.585626727236
 H      1.00800     -1.763794177222    -1.018316206625    -1.585626714859
 Br    79.90000      0.000000007418    -0.000001383655     2.974596708593
 Cl    35.45300      0.000000011014     0.000000173462    -6.059486125475

$actual_temperature
  0.000000

$frequency_scale_factor
  1.000000


$end

