
$orca_hessian_file

$act_atom
  0

$act_coord
  0

$act_energy
      -12.543361

$multiplicity
  1

$hessian
18
                    0                  1                  2                  3                  4        
    0      5.8741972910E-01   1.1900000000E-08  -2.1168000000E-06  -4.1132698600E-02  -1.5068000000E-06
    1      1.1900000000E-08   5.8742211440E-01  -8.1820000000E-07  -1.4991000000E-06  -3.3371932910E-01
    2     -2.1168000000E-06  -8.1820000000E-07  -4.9213591300E-02   1.4320000000E-07   9.1345680000E-03
    3     -4.1132698600E-02  -1.4991000000E-06   1.4320000000E-07   4.0752184900E-02   1.6469000000E-06
    4     -1.5068000000E-06  -3.3371932910E-01   9.1345680000E-03   1.6469000000E-06   3.5898690390E-01
    5      1.8170000000E-07   1.0277492400E-02  -3.4301304000E-03  -4.6300000000E-08  -9.3325415000E-03
    6     -2.6057565670E-01   1.2670393900E-01   7.9109417000E-03  -1.3356310000E-04  -3.3738010000E-04
    7      1.2669698530E-01  -1.1428770670E-01  -4.5676269000E-03   2.3605391300E-02  -1.3576388500E-02
    8      8.8997588000E-03  -5.1388277000E-03  -3.4301058000E-03  -7.9718120000E-04   2.3159250000E-04
    9     -2.6057842310E-01  -1.2670244930E-01  -7.9092206000E-03  -1.3382090000E-04   3.3724050000E-04
   10     -1.2669548430E-01  -1.1428505580E-01  -4.5666329000E-03  -2.3605549300E-02  -1.3576159100E-02
   11     -8.8980311000E-03  -5.1378905000E-03  -3.4300122000E-03   7.9718540000E-04   2.3158800000E-04
   12     -1.2556422900E-02   6.2000000000E-09   1.4030000000E-07   2.7590850000E-04   1.0000000000E-09
   13     -2.9000000000E-09  -1.2554548200E-02   2.3000000000E-07   3.8600000000E-08   9.9855610000E-04
   14      1.1010000000E-07  -9.9852000000E-06   3.2335418100E-02  -5.8900000000E-08   3.7702970000E-04
   15     -1.2576527800E-02  -8.6000000000E-09   1.1220000000E-07   3.7198910000E-04  -1.5000000000E-09
   16     -3.2000000000E-09  -1.2575474700E-02   2.8000000000E-07  -2.8400000000E-08   8.8641670000E-04
   17      9.7300000000E-08   1.0029200000E-05   2.7168421600E-02  -4.2200000000E-08  -6.4223670000E-04
                    5                  6                  7                  8                  9        
    0      1.8170000000E-07  -2.6057565670E-01   1.2669698530E-01   8.8997588000E-03  -2.6057842310E-01
    1      1.0277492400E-02   1.2670393900E-01  -1.1428770670E-01  -5.1388277000E-03  -1.2670244930E-01
    2     -3.4301304000E-03   7.9109417000E-03  -4.5676269000E-03  -3.4301058000E-03  -7.9092206000E-03
    3     -4.6300000000E-08  -1.3356310000E-04   2.3605391300E-02  -7.9718120000E-04  -1.3382090000E-04
    4     -9.3325415000E-03  -3.3738010000E-04  -1.3576388500E-02   2.3159250000E-04   3.3724050000E-04
    5      4.0416937400E-02  -1.9791050000E-04  -8.0665190000E-04  -4.9365300000E-04   1.9790160000E-04
    6     -1.9791050000E-04   2.7940519920E-01  -1.3781708310E-01  -8.0826250000E-03  -2.0255701500E-02
    7     -8.0665190000E-04  -1.3781708310E-01   1.2032859600E-01   4.6668667000E-03  -1.1958836200E-02
    8     -4.9365300000E-04  -8.0826250000E-03   4.6668667000E-03   4.0414652600E-02  -5.9916610000E-04
    9      1.9790160000E-04  -2.0255701500E-02  -1.1958836200E-02  -5.9916610000E-04   2.7940820490E-01
   10     -8.0649230000E-04   1.1959109300E-02   6.5971498000E-03   5.7473410000E-04   1.3781546670E-01
   11     -4.9365880000E-04   5.9931490000E-04   5.7481070000E-04  -4.9132330000E-04   8.0810054000E-03
   12     -1.3800000000E-08   8.1025430000E-04  -3.0848260000E-04   8.3967956000E-03   8.1020690000E-04
   13      9.6965852000E-03  -2.9998030000E-04   4.4742290000E-04  -4.8484563000E-03   2.9994430000E-04
   14     -1.7861961700E-02   3.3532690000E-04  -1.7352850000E-04  -1.7861642000E-02  -3.3544740000E-04
   15     -1.1260000000E-07   7.4946800000E-04  -2.1797470000E-04  -7.8175821000E-03   7.4953370000E-04
   16     -9.0283919000E-03  -2.0860480000E-04   4.9092650000E-04   4.5140907000E-03   2.0863400000E-04
   17     -1.8137533500E-02  -5.6504790000E-04   3.0612990000E-04  -1.8137928500E-02   5.6492700000E-04
                   10                 11                 12                 13                 14        
    0     -1.2669548430E-01  -8.8980311000E-03  -1.2556422900E-02  -2.9000000000E-09   1.1010000000E-07
    1     -1.1428505580E-01  -5.1378905000E-03   6.2000000000E-09  -1.2554548200E-02  -9.9852000000E-06
    2     -4.5666329000E-03  -3.4300122000E-03   1.4030000000E-07   2.3000000000E-07   3.2335418100E-02
    3     -2.3605549300E-02   7.9718540000E-04   2.7590850000E-04   3.8600000000E-08  -5.8900000000E-08
    4     -1.3576159100E-02   2.3158800000E-04   1.0000000000E-09   9.9855610000E-04   3.7702970000E-04
    5     -8.0649230000E-04  -4.9365880000E-04  -1.3800000000E-08   9.6965852000E-03  -1.7861961700E-02
    6      1.1959109300E-02   5.9931490000E-04   8.1025430000E-04  -2.9998030000E-04   3.3532690000E-04
    7      6.5971498000E-03   5.7481070000E-04  -3.0848260000E-04   4.4742290000E-04  -1.7352850000E-04
    8      5.7473410000E-04  -4.9132330000E-04   8.3967956000E-03  -4.8484563000E-03  -1.7861642000E-02
    9      1.3781546670E-01   8.0810054000E-03   8.1020690000E-04   2.9994430000E-04  -3.3544740000E-04
   10      1.2032572650E-01   4.6658171000E-03   3.0848170000E-04   4.4741670000E-04  -1.7352320000E-04
   11      4.6658171000E-03   4.0414542900E-02  -8.3969753000E-03  -4.8483522000E-03  -1.7861568000E-02
   12      3.0848170000E-04  -8.3969753000E-03   8.5615385000E-03  -3.5000000000E-09   1.4740000000E-07
   13      4.4741670000E-04  -4.8483522000E-03  -3.5000000000E-09   8.5623203000E-03  -9.5520000000E-06
   14     -1.7352320000E-04  -1.7861568000E-02   1.4740000000E-07  -9.5520000000E-06   4.6965265700E-02
   15      2.1797590000E-04   7.8175006000E-03   2.0985147000E-03   3.8000000000E-09  -7.8100000000E-08
   16      4.9092190000E-04   4.5140268000E-03  -2.8000000000E-09   2.0988322000E-03  -1.0440700000E-05
   17      3.0609720000E-04  -1.8137980700E-02  -9.4200000000E-08   9.5453000000E-06  -2.5715512200E-02
                   15                 16                 17        
     0     -1.2576527800E-02  -3.2000000000E-09   9.7300000000E-08
     1     -8.6000000000E-09  -1.2575474700E-02   1.0029200000E-05
     2      1.1220000000E-07   2.8000000000E-07   2.7168421600E-02
     3      3.7198910000E-04  -2.8400000000E-08  -4.2200000000E-08
     4     -1.5000000000E-09   8.8641670000E-04  -6.4223670000E-04
     5     -1.1260000000E-07  -9.0283919000E-03  -1.8137533500E-02
     6      7.4946800000E-04  -2.0860480000E-04  -5.6504790000E-04
     7     -2.1797470000E-04   4.9092650000E-04   3.0612990000E-04
     8     -7.8175821000E-03   4.5140907000E-03  -1.8137928500E-02
     9      7.4953370000E-04   2.0863400000E-04   5.6492700000E-04
    10      2.1797590000E-04   4.9092190000E-04   3.0609720000E-04
    11      7.8175006000E-03   4.5140268000E-03  -1.8137980700E-02
    12      2.0985147000E-03  -2.8000000000E-09  -9.4200000000E-08
    13      3.8000000000E-09   2.0988322000E-03   9.5453000000E-06
    14     -7.8100000000E-08  -1.0440700000E-05  -2.5715512200E-02
    15      8.6070224000E-03   5.1000000000E-09   1.6000000000E-07
    16      5.1000000000E-09   8.6083773000E-03   1.0435100000E-05
    17      1.6000000000E-07   1.0435100000E-05   5.2960533300E-02

$vibrational_frequencies
18
    0        0.0000000000000000
    1        0.0000000000000000
    2        0.0000000000000000
    3        0.0000000000000000
    4        0.0000000000000000
    5        0.0000000000000000
    6     -351.9797268050469938
    7      201.0500870115745897
    8      207.4107563892185055
    9      207.4271497435417473
   10     1027.6943538174200512
   11     1031.8777250072625975
   12     1031.9350613641745440
   13     1332.2084548486936910
   14     1332.3612835336914486
   15     3123.9255873502643226
   16     3214.6336848809187359
   17     3214.7011634146756478

$normal_modes
18 18
                    0                  1                  2                  3                  4        
    0      0.0000000000E+00   0.0000000000E+00   0.0000000000E+00   0.0000000000E+00   0.0000000000E+00
    1      0.0000000000E+00   0.0000000000E+00   0.0000000000E+00   0.0000000000E+00   0.0000000000E+00
    2      0.0000000000E+00   0.0000000000E+00   0.0000000000E+00   0.0000000000E+00   0.0000000000E+00
    3      0.0000000000E+00   0.0000000000E+00   0.0000000000E+00   0.0000000000E+00   0.0000000000E+00
    4      0.0000000000E+00   0.0000000000E+00   0.0000000000E+00   0.0000000000E+00   0.0000000000E+00
    5      0.0000000000E+00   0.0000000000E+00   0.0000000000E+00   0.0000000000E+00   0.0000000000E+00
    6      0.0000000000E+00   0.0000000000E+00   0.0000000000E+00   0.0000000000E+00   0.0000000000E+00
    7      0.0000000000E+00   0.0000000000E+00   0.0000000000E+00   0.0000000000E+00   0.0000000000E+00
    8      0.0000000000E+00   0.0000000000E+00   0.0000000000E+00   0.0000000000E+00   0.0000000000E+00
    9      0.0000000000E+00   0.0000000000E+00   0.0000000000E+00   0.0000000000E+00   0.0000000000E+00
   10      0.0000000000E+00   0.0000000000E+00   0.0000000000E+00   0.0000000000E+00   0.0000000000E+00
   11      0.0000000000E+00   0.0000000000E+00   0.0000000000E+00   0.0000000000E+00   0.0000000000E+00
   12      0.0000000000E+00   0.0000000000E+00   0.0000000000E+00   0.0000000000E+00   0.0000000000E+00
   13      0.0000000000E+00   0.0000000000E+00   0.0000000000E+00   0.0000000000E+00   0.0000000000E+00
   14      0.0000000000E+00   0.0000000000E+00   0.0000000000E+00   0.0000000000E+00   0.0000000000E+00
   15      0.0000000000E+00   0.0000000000E+00   0.0000000000E+00   0.0000000000E+00   0.0000000000E+00
   16      0.0000000000E+00   0.0000000000E+00   0.0000000000E+00   0.0000000000E+00   0.0000000000E+00
   17      0.0000000000E+00   0.0000000000E+00   0.0000000000E+00   0.0000000000E+00   0.0000000000E+00
                    5                  6                  7                  8                  9        
    0      0.0000000000E+00  -2.8781938535E-06  -7.9749216467E-06   4.8599010992E-01   4.7027122597E-04
    1      0.0000000000E+00   1.9676414774E-05   1.7349218863E-02  -4.7016901335E-04   4.8599760479E-01
    2      0.0000000000E+00  -9.8523450911E-01   1.1269374190E-01  -7.7453301723E-07  -4.3938940319E-04
    3      0.0000000000E+00  -2.5406909831E-08  -8.2590921083E-06   5.0773223639E-01   4.9118979623E-04
    4      0.0000000000E+00   2.4525450770E-02   2.1972889356E-02  -4.7651008566E-04   4.9245884197E-01
    5      0.0000000000E+00   1.9769851051E-02   2.2209335483E-01   2.2194109655E-06  -3.7764039047E-03
    6      0.0000000000E+00   2.1235039340E-02   4.1795533315E-03   4.9625652899E-01   7.1086559035E-03
    7      0.0000000000E+00  -1.2204429619E-02   1.6098735958E-02   6.1383050391E-03   5.0389430783E-01
    8      0.0000000000E+00   1.9770243660E-02   2.2223331510E-01  -2.4883474804E-03   5.4473766298E-04
    9      0.0000000000E+00  -2.1234177626E-02  -4.1952564353E-03   4.9626924610E-01  -6.1481184794E-03
   10      0.0000000000E+00  -1.2203902742E-02   1.6099201841E-02  -7.1131674077E-03   5.0388155463E-01
   11      0.0000000000E+00   1.9769821258E-02   2.2223502088E-01   2.4846729689E-03   5.5010453584E-04
   12      0.0000000000E+00   2.0725173486E-07   7.2357451028E-07  -4.4666399905E-02  -4.3223065601E-05
   13      0.0000000000E+00  -2.1814132192E-06  -1.5981886589E-03   4.3211717108E-05  -4.4666857059E-02
   14      0.0000000000E+00   8.6397348156E-02  -3.9230684699E-01  -2.0958619056E-06   1.5820272837E-03
   15      0.0000000000E+00   4.8423475697E-07   1.7523784721E-06  -1.0663813876E-01  -1.0318578940E-04
   16      0.0000000000E+00  -5.0797917599E-06  -3.8160490703E-03   1.0316665039E-04  -1.0663898497E-01
   17      0.0000000000E+00   1.3738524740E-01   8.2700641289E-01   5.0271915947E-06  -3.3402944643E-03
                   10                 11                 12                 13                 14        
    0     -6.6157696157E-08   1.0787820919E-02   1.3614609622E-07   4.1838819347E-06   9.8171368162E-02
    1     -5.4634497101E-06  -1.8344967625E-07   1.0791328750E-02  -9.8160114943E-02   4.1792006187E-06
    2     -1.2183551347E-02  -1.1165842458E-07  -2.1444473519E-06   2.7082242310E-06  -2.7553035632E-07
    3      2.0326423267E-06  -5.0174677356E-02  -1.9597509295E-06  -3.9059903981E-05  -8.0831962340E-01
    4      1.5728799319E-02   4.3989339680E-07  -1.6770297952E-02  -5.8379710414E-02   7.0720493761E-06
    5      5.7704878779E-01   1.0214619086E-05  -8.1460434311E-01  -5.8781046137E-02   5.4312793367E-06
    6      1.3635511773E-02  -2.5123284483E-02  -1.4487522446E-02   3.7540129095E-01  -1.5828218508E-01
    7     -7.8415085485E-03  -1.4464349967E-02  -4.1858151553E-02   5.9155315099E-01  -3.7533815230E-01
    8      5.7684590184E-01  -7.0555550854E-01   4.0744035914E-01   2.9358032211E-02   5.0844389905E-02
    9     -1.3631356636E-02  -2.5118530442E-02   1.4488013763E-02  -3.7541013187E-01  -1.5824278459E-01
   10     -7.8414566771E-03   1.4465170335E-02  -4.1855608825E-02   5.9159315309E-01   3.7528318398E-01
   11      5.7684002620E-01   7.0555277355E-01   4.0745352640E-01   2.9355906018E-02  -5.0846346344E-02
   12     -1.7866624976E-08  -3.7415245952E-03  -3.4292007568E-08  -1.0823831645E-08  -1.1733957542E-04
   13      7.2654843895E-07   3.9535447138E-08  -3.7413593517E-03   1.1678380784E-04   2.8457855887E-09
   14     -9.7555666810E-03  -2.4379148253E-08  -2.0621459231E-06   5.0832305490E-06   7.3849741619E-10
   15     -1.1325186974E-07   7.6325028155E-03   7.2909549199E-08  -3.1132600251E-08  -1.0131024483E-03
   16     -1.0896254776E-06  -6.2782044051E-08   7.6328630406E-03   1.0127602154E-03  -6.0483293583E-08
   17     -2.3094637422E-02  -1.1988962785E-07  -2.8583293609E-06  -1.0465512936E-05  -7.1150569429E-09
                   15                 16                 17        
     0      4.1738009166E-08   1.8411622957E-05   9.8335374505E-02
     1     -2.8114900256E-05  -9.8341682671E-02   1.8421095331E-05
     2     -3.5618725018E-03   9.4184905970E-07  -3.3815123078E-07
     3      2.2481590809E-09   1.1526411864E-05   3.8033782315E-02
     4     -5.7696576103E-01   8.1141336581E-01  -1.5605383152E-04
     5      1.5410971083E-02  -2.4682175244E-02   4.6133025098E-06
     6     -4.9984514799E-01  -3.6773488925E-01  -5.9887362404E-01
     7      2.8869979021E-01   1.7433396189E-01   3.6773017369E-01
     8      1.5422845738E-02   1.2340463726E-02   2.1368763901E-02
     9      4.9984456429E-01   3.6750613810E-01  -5.9901976602E-01
    10      2.8869945062E-01   1.7418858733E-01  -3.6779133869E-01
    11      1.5419321431E-02   1.2329697033E-02  -2.1369362678E-02
    12      9.3886892566E-09  -5.0006793872E-09  -6.6049839850E-05
    13     -5.9449114728E-07   6.6032023401E-05  -1.8626497785E-08
    14     -5.4128994981E-05   2.9405182301E-09  -1.5452517039E-10
    15     -1.8767815643E-08  -5.0204714171E-08  -1.8870945675E-04
    16     -1.4599533936E-06   1.8871716196E-04  -2.2873678494E-08
    17      1.3634782939E-05   1.5883144688E-08   7.6830083468E-10

#
# The atoms: label  mass x y z (in bohrs)
#
$atoms
6
 C     12.01100     -0.000000033216     0.000001684324    -1.589510122729
 H      1.00800     -0.000000026845     2.017871740049    -1.649793534476
 H      1.00800      1.747526702004    -1.008933051102    -1.649795984922
 H      1.00800     -1.747526757647    -1.008933052233    -1.649796028217
 Br    79.90000      0.000000009892    -0.000000338892     2.894532700080
 Cl    35.45300     -0.000000008696     0.000000032868    -5.844147914713

$actual_temperature
  0.000000

$frequency_scale_factor
  1.000000


$end

