
$orca_hessian_file

$act_atom
  0

$act_coord
  0

$act_energy
      -12.543361

$multiplicity
  1

$hessian
18
                    0                  1                  2                  3                  4        
    0      5.8741608980E-01   2.4100000000E-08  -2.1316000000E-06  -4.1130421600E-02  -1.5052000000E-06
    1      2.4100000000E-08   5.8741955640E-01  -1.2615000000E-06  -1.5005000000E-06  -3.3372115880E-01
    2     -2.1316000000E-06  -1.2615000000E-06  -4.9187429200E-02   1.4810000000E-07   9.2971089000E-03
    3     -4.1130421600E-02  -1.5005000000E-06   1.4810000000E-07   4.0751499900E-02   1.6429000000E-06
    4     -1.5052000000E-06  -3.3372115880E-01   9.2971089000E-03   1.6429000000E-06   3.5899428350E-01
    5      1.8340000000E-07   1.0456460700E-02  -3.4403251000E-03  -4.8200000000E-08  -9.4941922000E-03
    6     -2.6057623320E-01   1.2670555180E-01   8.0512856000E-03  -1.3480460000E-04  -3.3659980000E-04
    7      1.2669878880E-01  -1.1428679530E-01  -4.6486833000E-03   2.3605718800E-02  -1.3578581700E-02
    8      9.0543870000E-03  -5.2280947000E-03  -3.4404911000E-03  -8.0692300000E-04   2.3683830000E-04
    9     -2.6057902080E-01  -1.2670407330E-01  -8.0495545000E-03  -1.3505530000E-04   3.3645920000E-04
   10     -1.2669730190E-01  -1.1428415040E-01  -4.6476862000E-03  -2.3605871700E-02  -1.3578348100E-02
   11     -9.0526507000E-03  -5.2271512000E-03  -3.4403899000E-03   8.0692590000E-04   2.3683200000E-04
   12     -1.2566106900E-02   6.3000000000E-09   1.3980000000E-07   2.7759250000E-04   2.9000000000E-09
   13     -2.8000000000E-09  -1.2564222800E-02   3.2250000000E-07   3.8700000000E-08   1.0016624000E-03
   14      1.1530000000E-07  -9.9602000000E-06   3.2355336800E-02  -5.4500000000E-08   3.7159820000E-04
   15     -1.2564307400E-02  -8.4000000000E-09   1.1270000000E-07   3.7118920000E-04  -2.0000000000E-10
   16     -3.0000000000E-09  -1.2563229100E-02   1.9960000000E-07  -2.8400000000E-08   8.8214270000E-04
   17      9.6500000000E-08   1.0006900000E-05   2.7153298500E-02  -4.8300000000E-08  -6.4818520000E-04
                    5                  6                  7                  8                  9        
    0      1.8340000000E-07  -2.6057623320E-01   1.2669878880E-01   9.0543870000E-03  -2.6057902080E-01
    1      1.0456460700E-02   1.2670555180E-01  -1.1428679530E-01  -5.2280947000E-03  -1.2670407330E-01
    2     -3.4403251000E-03   8.0512856000E-03  -4.6486833000E-03  -3.4404911000E-03  -8.0495545000E-03
    3     -4.8200000000E-08  -1.3480460000E-04   2.3605718800E-02  -8.0692300000E-04  -1.3505530000E-04
    4     -9.4941922000E-03  -3.3659980000E-04  -1.3578581700E-02   2.3683830000E-04   3.3645920000E-04
    5      4.0439861200E-02  -1.9817610000E-04  -8.1758150000E-04  -4.9263190000E-04   1.9816660000E-04
    6     -1.9817610000E-04   2.7941048250E-01  -1.3782023270E-01  -8.2222506000E-03  -2.0258388400E-02
    7     -8.1758150000E-04  -1.3782023270E-01   1.2033030740E-01   4.7474165000E-03  -1.1958809500E-02
    8     -4.9263190000E-04  -8.2222506000E-03   4.7474165000E-03   4.0437436100E-02  -6.0851540000E-04
    9      1.9816660000E-04  -2.0258388400E-02  -1.1958809500E-02  -6.0851540000E-04   2.7941350850E-01
   10     -8.1742080000E-04   1.1959087000E-02   6.5965611000E-03   5.8052240000E-04   1.3781862410E-01
   11     -4.9263850000E-04   6.0866270000E-04   5.8059950000E-04  -4.9027800000E-04   8.2206252000E-03
   12     -1.3500000000E-08   8.1294080000E-04  -3.0904730000E-04   8.4013070000E-03   8.1288950000E-04
   13      9.7017201000E-03  -3.0062520000E-04   4.4938500000E-04  -4.8510744000E-03   3.0058900000E-04
   14     -1.7860692400E-02   3.3065280000E-04  -1.7082970000E-04  -1.7860316500E-02  -3.3077330000E-04
   15     -1.1220000000E-07   7.4600290000E-04  -2.1641800000E-04  -7.8180051000E-03   7.4606660000E-04
   16     -9.0289863000E-03  -2.0718110000E-04   4.8912340000E-04   4.5143918000E-03   2.0721050000E-04
   17     -1.8153573300E-02  -5.7017450000E-04   3.0907850000E-04  -1.8153718600E-02   5.7005140000E-04
                   10                 11                 12                 13                 14        
    0     -1.2669730190E-01  -9.0526507000E-03  -1.2566106900E-02  -2.8000000000E-09   1.1530000000E-07
    1     -1.1428415040E-01  -5.2271512000E-03   6.3000000000E-09  -1.2564222800E-02  -9.9602000000E-06
    2     -4.6476862000E-03  -3.4403899000E-03   1.3980000000E-07   3.2250000000E-07   3.2355336800E-02
    3     -2.3605871700E-02   8.0692590000E-04   2.7759250000E-04   3.8700000000E-08  -5.4500000000E-08
    4     -1.3578348100E-02   2.3683200000E-04   2.9000000000E-09   1.0016624000E-03   3.7159820000E-04
    5     -8.1742080000E-04  -4.9263850000E-04  -1.3500000000E-08   9.7017201000E-03  -1.7860692400E-02
    6      1.1959087000E-02   6.0866270000E-04   8.1294080000E-04  -3.0062520000E-04   3.3065280000E-04
    7      6.5965611000E-03   5.8059950000E-04  -3.0904730000E-04   4.4938500000E-04  -1.7082970000E-04
    8      5.8052240000E-04  -4.9027800000E-04   8.4013070000E-03  -4.8510744000E-03  -1.7860316500E-02
    9      1.3781862410E-01   8.2206252000E-03   8.1288950000E-04   3.0058900000E-04  -3.3077330000E-04
   10      1.2032743940E-01   4.7463628000E-03   3.0904440000E-04   4.4937870000E-04  -1.7082960000E-04
   11      4.7463628000E-03   4.0437319000E-02  -8.4014860000E-03  -4.8509702000E-03  -1.7860241600E-02
   12      3.0904440000E-04  -8.4014860000E-03   8.5658053000E-03  -3.5000000000E-09   1.4260000000E-07
   13      4.4937870000E-04  -4.8509702000E-03  -3.5000000000E-09   8.5665813000E-03  -9.5468000000E-06
   14     -1.7082960000E-04  -1.7860241600E-02   1.4260000000E-07  -9.5468000000E-06   4.6953249000E-02
   15      2.1641800000E-04   7.8179229000E-03   2.0968789000E-03   3.8000000000E-09  -8.2900000000E-08
   16      4.8911930000E-04   4.5143271000E-03  -2.7000000000E-09   2.0972154000E-03  -1.0431900000E-05
   17      3.0905140000E-04  -1.8153770900E-02  -8.9800000000E-08   9.5488000000E-06  -2.5727335300E-02
                   15                 16                 17        
     0     -1.2564307400E-02  -3.0000000000E-09   9.6500000000E-08
     1     -8.4000000000E-09  -1.2563229100E-02   1.0006900000E-05
     2      1.1270000000E-07   1.9960000000E-07   2.7153298500E-02
     3      3.7118920000E-04  -2.8400000000E-08  -4.8300000000E-08
     4     -2.0000000000E-10   8.8214270000E-04  -6.4818520000E-04
     5     -1.1220000000E-07  -9.0289863000E-03  -1.8153573300E-02
     6      7.4600290000E-04  -2.0718110000E-04  -5.7017450000E-04
     7     -2.1641800000E-04   4.8912340000E-04   3.0907850000E-04
     8     -7.8180051000E-03   4.5143918000E-03  -1.8153718600E-02
     9      7.4606660000E-04   2.0721050000E-04   5.7005140000E-04
    10      2.1641800000E-04   4.8911930000E-04   3.0905140000E-04
    11      7.8179229000E-03   4.5143271000E-03  -1.8153770900E-02
    12      2.0968789000E-03  -2.7000000000E-09  -8.9800000000E-08
    13      3.8000000000E-09   2.0972154000E-03   9.5488000000E-06
    14     -8.2900000000E-08  -1.0431900000E-05  -2.5727335300E-02
    15      8.6041699000E-03   4.8000000000E-09   1.6460000000E-07
    16      4.8000000000E-09   8.6056282000E-03   1.0499600000E-05
    17      1.6460000000E-07   1.0499600000E-05   5.3035099800E-02

$vibrational_frequencies
18
    0        0.0000000000000000
    1        0.0000000000000000
    2        0.0000000000000000
    3        0.0000000000000000
    4        0.0000000000000000
    5        0.0000000000000000
    6     -351.9686837308997269
    7      201.1143583499944043
    8      207.3984007233000568
    9      207.4156625365585853
   10     1027.9189798083875758
   11     1031.9786707878740799
   12     1032.0377483569170636
   13     1332.2428196681905774
   14     1332.3847443432675846
   15     3124.0136461594684079
   16     3214.6984237663136810
   17     3214.7643109026339516

$normal_modes
18 18
                    0                  1                  2                  3                  4        
    0      0.0000000000E+00   0.0000000000E+00   0.0000000000E+00   0.0000000000E+00   0.0000000000E+00
    1      0.0000000000E+00   0.0000000000E+00   0.0000000000E+00   0.0000000000E+00   0.0000000000E+00
    2      0.0000000000E+00   0.0000000000E+00   0.0000000000E+00   0.0000000000E+00   0.0000000000E+00
    3      0.0000000000E+00   0.0000000000E+00   0.0000000000E+00   0.0000000000E+00   0.0000000000E+00
    4      0.0000000000E+00   0.0000000000E+00   0.0000000000E+00   0.0000000000E+00   0.0000000000E+00
    5      0.0000000000E+00   0.0000000000E+00   0.0000000000E+00   0.0000000000E+00   0.0000000000E+00
    6      0.0000000000E+00   0.0000000000E+00   0.0000000000E+00   0.0000000000E+00   0.0000000000E+00
    7      0.0000000000E+00   0.0000000000E+00   0.0000000000E+00   0.0000000000E+00   0.0000000000E+00
    8      0.0000000000E+00   0.0000000000E+00   0.0000000000E+00   0.0000000000E+00   0.0000000000E+00
    9      0.0000000000E+00   0.0000000000E+00   0.0000000000E+00   0.0000000000E+00   0.0000000000E+00
   10      0.0000000000E+00   0.0000000000E+00   0.0000000000E+00   0.0000000000E+00   0.0000000000E+00
   11      0.0000000000E+00   0.0000000000E+00   0.0000000000E+00   0.0000000000E+00   0.0000000000E+00
   12      0.0000000000E+00   0.0000000000E+00   0.0000000000E+00   0.0000000000E+00   0.0000000000E+00
   13      0.0000000000E+00   0.0000000000E+00   0.0000000000E+00   0.0000000000E+00   0.0000000000E+00
   14      0.0000000000E+00   0.0000000000E+00   0.0000000000E+00   0.0000000000E+00   0.0000000000E+00
   15      0.0000000000E+00   0.0000000000E+00   0.0000000000E+00   0.0000000000E+00   0.0000000000E+00
   16      0.0000000000E+00   0.0000000000E+00   0.0000000000E+00   0.0000000000E+00   0.0000000000E+00
   17      0.0000000000E+00   0.0000000000E+00   0.0000000000E+00   0.0000000000E+00   0.0000000000E+00
                    5                  6                  7                  8                  9        
    0      0.0000000000E+00  -2.8770672658E-06  -1.6834018893E-07  -4.8598836787E-01   3.8028209798E-04
    1      0.0000000000E+00   1.9867319737E-05   1.7578844523E-02   3.8022285633E-04   4.8599688872E-01
    2      0.0000000000E+00  -9.8521493049E-01   1.1233512921E-01   1.0494471582E-06  -4.4383472709E-04
    3      0.0000000000E+00   5.3501253003E-08  -2.2315873450E-09  -5.0774454048E-01   3.9712664607E-04
    4      0.0000000000E+00   2.4959787498E-02   2.2268765029E-02   3.8536950388E-04   4.9245656073E-01
    5      0.0000000000E+00   1.9728667021E-02   2.2233738311E-01  -1.0620098659E-06  -3.6885157424E-03
    6      0.0000000000E+00   2.1609910167E-02   4.2453495517E-03  -4.9625361365E-01   7.0186447647E-03
    7      0.0000000000E+00  -1.2420242988E-02   1.6305655226E-02  -6.2293754689E-03   5.0389557372E-01
    8      0.0000000000E+00   1.9723661448E-02   2.2247000414E-01   2.3987920870E-03   4.8116783967E-04
    9      0.0000000000E+00  -2.1608976833E-02  -4.2450505869E-03  -4.9626388370E-01  -6.2418348041E-03
   10      0.0000000000E+00  -1.2419765989E-02   1.6305818096E-02   7.0177256135E-03   5.0388517531E-01
   11      0.0000000000E+00   1.9723350257E-02   2.2247181277E-01  -2.3946173159E-03   4.8546047797E-04
   12      0.0000000000E+00   2.0682371952E-07   5.8401206351E-09   4.4669530837E-02  -3.4954884332E-05
   13      0.0000000000E+00  -2.1077723442E-06  -1.6193278393E-03  -3.4947580523E-05  -4.4670065311E-02
   14      0.0000000000E+00   8.6441249548E-02  -3.9220900481E-01   1.1084708903E-06   1.6031100667E-03
   15      0.0000000000E+00   4.8053790366E-07   3.5432862671E-08   1.0663060691E-01  -8.3434437714E-05
   16      0.0000000000E+00  -5.3860636891E-06  -3.8663720266E-03  -8.3424659388E-05  -1.0663158605E-01
   17      0.0000000000E+00   1.3728349102E-01   8.2688700007E-01  -2.9421881736E-06  -3.3851559219E-03
                   10                 11                 12                 13                 14        
    0      1.3989789535E-09  -1.0939523314E-02  -2.2553998998E-06   1.0835577198E-05   9.8156955884E-02
    1      4.0228867973E-06  -2.2100674241E-06   1.0941855638E-02  -9.8145424081E-02   1.0829803991E-05
    2      1.2184290344E-02   2.4567041266E-08  -8.5842983037E-07   2.7316247136E-06  -2.8397922864E-07
    3     -1.7478460574E-06   5.0881731842E-02   9.1664338947E-06  -9.3832684313E-05  -8.0825762132E-01
    4     -1.5994965267E-02   3.3981785299E-06  -1.7092356597E-02  -5.8421931283E-02   1.1019393138E-05
    5     -5.7692995555E-01   1.7200006284E-04  -8.1462993647E-01  -5.9593189126E-02   9.5654814285E-06
    6     -1.3865375233E-02   2.5541644874E-02  -1.4648808862E-02   3.7538249954E-01  -1.5825953092E-01
    7      7.9808653552E-03   1.4642028442E-02  -4.2458487027E-02   5.9147106278E-01  -3.7537025427E-01
    8     -5.7688920452E-01   7.0542538503E-01   4.0749206949E-01   2.9767197285E-02   5.1552673167E-02
    9      1.3861532776E-02   2.5530275071E-02   1.4660474382E-02  -3.7541278454E-01  -1.5816922437E-01
   10      7.9806651373E-03  -1.4624388869E-02  -4.2462338085E-02   5.9156193798E-01   3.7523513127E-01
   11     -5.7689310806E-01  -7.0559317026E-01   4.0719638090E-01   2.9758020541E-02  -5.1558602816E-02
   12      4.3753413450E-08   3.7434771814E-03   7.8498982796E-07  -1.8523400896E-08  -1.1548448118E-04
   13     -1.9540720131E-07   7.7989221081E-07  -3.7432782286E-03   1.1492429709E-04  -4.8599111955E-09
   14      9.7502501536E-03  -4.1076012184E-08  -7.6746929096E-07   5.0854246404E-06  -1.1520961005E-09
   15      5.9863037499E-08  -7.6292131347E-03  -1.5973172475E-06  -1.0028677822E-07  -1.0168989776E-03
   16      2.8104654158E-08  -1.6070380872E-06   7.6296671526E-03   1.0163957707E-03  -1.2952457817E-07
   17      2.3105730620E-02  -3.5586790171E-08   3.5679266379E-07  -1.0453837557E-05  -4.5692096179E-09
                   15                 16                 17        
     0     -7.4724517237E-08   6.3310184906E-05  -9.8333018453E-02
     1      2.8463151336E-05  -9.8339288374E-02  -6.3322518584E-05
     2      3.6249876324E-03   1.0589251350E-06   3.3909144983E-07
     3     -4.0128440538E-08   2.8895558607E-05  -3.8034242775E-02
     4      5.7695593567E-01   8.1140216785E-01   5.2631117329E-04
     5     -1.5673716792E-02  -2.5113532236E-02  -1.6156576715E-05
     6      4.9984019398E-01  -3.6800143529E-01   5.9869537484E-01
     7     -2.8869708686E-01   1.7449652418E-01  -3.6764531630E-01
     8     -1.5685134472E-02   1.2565446293E-02  -2.1735350376E-02
     9     -4.9983919972E-01   3.6722573523E-01   5.9917761016E-01
    10     -2.8869646649E-01   1.7401531474E-01   3.6786583856E-01
    11     -1.5681586657E-02   1.2534669233E-02   2.1747483634E-02
    12     -9.2417963968E-09  -3.5112135906E-08   6.5983858771E-05
    13      5.9457105681E-07   6.5969100651E-05   4.8723210838E-08
    14      5.4354354058E-05   2.9156933722E-09   6.9096031183E-11
    15      1.9015779693E-08  -1.3635596576E-07   1.8865320761E-04
    16      1.4594387571E-06   1.8867071053E-04   1.0903709570E-07
    17     -1.3140719172E-05   1.6143331762E-08  -6.4433573955E-10

#
# The atoms: label  mass x y z (in bohrs)
#
$atoms
6
 C     12.01100     -0.000000074112    -0.000002730463    -1.588847768077
 H      1.00800     -0.000000063663     2.017820638952    -1.650237229422
 H      1.00800      1.747485897099    -1.008915271569    -1.650236808341
 H      1.00800     -1.747486018591    -1.008915268202    -1.650236785187
 Br    79.90000      0.000000008568    -0.000000385638     2.894264168406
 Cl    35.45300      0.000000011063     0.000002075653    -5.843729444722

$actual_temperature
  0.000000

$frequency_scale_factor
  1.000000


$end

