*************************************************
******************* ORCA 6.1.0 ******************
*************************************************
$Calculation_Status
   &GeometryIndex 0
   &version [&Type "String"] "6.1.0"
   &progName [&Type "String"] "orca"
   &Status [&Type "String"] "NORMAL TERMINATION"
$End
$Geometry
   &GeometryIndex 1
   &NAtoms [&Type "Integer"] 6
   &NCorelessECP [&Type "Integer"] 0
   &NGhostAtoms [&Type "Integer"] 0
   &CartesianCoordinates [&Type "Coordinates", &Dim(6,4), &Units "Bohr"] 
              C      0.000000000000    0.000000000000    0.079973209988
              H      0.000000000000    2.050352855305    0.000000000000
              H      1.775658485025   -1.025176427652    0.000000000000
              H     -1.775658485025   -1.025176427652    0.000000000000
              Br     0.000000000000    0.000000000000    4.589237710750
              Cl     0.000000000000    0.000000000000   -4.629224315744
$End
$Single_Point_Data
   &GeometryIndex 1
   &FinalEnergy [&Type "Double"]      -1.2538914668240000e+01  "Final single point energy"
   &Converged [&Type "Boolean"] true
$End
$Hessian
   &GeometryIndex 1
   &HESSIAN [&Type "ArrayOfDoubles", &Dim (18,18)] "The Hessian"
                                                         0                           1                           2                           3                           4                           5                           6                           7

0                                      5.3548015400000004e-01         4.8000000000000000e-09        -1.9383000000000001e-06        -4.4552485800000000e-02        -1.2931000000000000e-06         1.7079999999999999e-07        -2.3417486800000001e-01         1.0947984160000000e-01
1                                      4.8000000000000000e-09         5.3548240619999998e-01         6.0360000000000003e-07        -1.2885000000000000e-06        -2.9737977589999998e-01         1.0811628199999999e-02         1.0948653179999999e-01        -1.0776578489999999e-01
2                                     -1.9383000000000001e-06         6.0360000000000003e-07        -3.1351842800000002e-02         1.3780000000000000e-07         1.0479928499999999e-02        -1.1085341699999999e-02         9.0739722000000005e-03        -5.2428385000000003e-03
3                                     -4.4552485800000000e-02        -1.2885000000000000e-06         1.3780000000000000e-07         4.2462484799999999e-02         1.4286000000000000e-06        -8.7200000000000000e-08         9.5292830000000002e-04         2.3965529800000000e-02
4                                     -1.2931000000000000e-06        -2.9737977589999998e-01         1.0479928499999999e-02         1.4286000000000000e-06         3.2101115359999999e-01        -1.3158367000000001e-02        -5.1142590000000001e-04        -1.2599432500000000e-02
5                                      1.7079999999999999e-07         1.0811628199999999e-02        -1.1085341699999999e-02        -8.7200000000000000e-08        -1.3158367000000001e-02         3.6075048100000000e-02        -3.9896730000000001e-04        -1.6384874000000000e-03
6                                     -2.3417486800000001e-01         1.0948653179999999e-01         9.0739722000000005e-03         9.5292830000000002e-04        -5.1142590000000001e-04        -3.9896730000000001e-04         2.5135298820000002e-01        -1.2062829910000000e-01
7                                      1.0947984160000000e-01        -1.0776578489999999e-01        -5.2428385000000003e-03         2.3965529800000000e-02        -1.2599432500000000e-02        -1.6384874000000000e-03        -1.2062829910000000e-01         1.1211483570000000e-01
8                                      9.3625475000000003e-03        -5.4045797000000003e-03        -1.1085434200000001e-02        -1.6172362000000000e-03         4.7370040000000000e-04         4.3891340000000000e-04        -1.1396038799999999e-02         6.5781913000000003e-03
9                                     -2.3417727980000000e-01        -1.0948525040000000e-01        -9.0724749000000004e-03         9.5266980000000001e-04         5.1128719999999999e-04         3.9894799999999999e-04        -1.9337967200000000e-02        -1.2226734000000000e-02
10                                    -1.0947854849999999e-01        -1.0776349180000000e-01        -5.2419429999999998e-03        -2.3965698800000001e-02        -1.2599205400000001e-02        -1.6383280999999999e-03         1.2227010000000000e-02         7.7369472000000002e-03
11                                    -9.3610505000000007e-03        -5.4037403000000003e-03        -1.1085324200000000e-02         1.6172436000000000e-03         4.7368330000000002e-04         4.3890189999999999e-04         1.2183124000000000e-03         1.1626733000000000e-03
12                                    -1.2375580700000000e-02         5.4999999999999996e-09         1.5809999999999999e-07        -1.4389989999999999e-04         1.6999999999999999e-09        -2.7999999999999998e-09         2.0799210000000000e-04        -2.0313260000000001e-04
13                                    -2.6000000000000001e-09        -1.2374510500000000e-02         2.1422000000000000e-06         4.0900000000000002e-08         3.3501110000000000e-04         1.0656291500000000e-02        -1.9492190000000001e-04        -3.2512799999999998e-05
14                                     1.2760000000000000e-07        -7.3119999999999996e-06         3.2151659399999998e-02        -3.8999999999999998e-08         1.3986332999999999e-03        -1.6382175299999999e-02         1.2177952000000001e-03        -6.8830680000000002e-04
15                                    -1.0199939700000001e-02        -3.2000000000000001e-09         1.4510000000000000e-07         3.2830270000000001e-04         1.5000000000000000e-09        -6.1500000000000001e-08         9.9892660000000001e-04        -3.8720580000000001e-04
16                                    -2.1999999999999998e-09        -1.0198843000000001e-02         2.1073000000000001e-06        -1.2100000000000001e-08         1.2322489999999999e-03        -5.0327371999999999e-03        -3.7889489999999999e-04         5.4594729999999996e-04
17                                     1.4280000000000001e-07         3.4002999999999999e-06         3.2456283400000001e-02        -1.8900000000000000e-08         3.3242150000000002e-04        -9.4853464000000005e-03         2.8492639999999999e-04        -1.7123190000000000e-04
                                                         8                           9                          10                          11                          12                          13                          14                          15

0                                      9.3625475000000003e-03        -2.3417727980000000e-01        -1.0947854849999999e-01        -9.3610505000000007e-03        -1.2375580700000000e-02        -2.6000000000000001e-09         1.2760000000000000e-07        -1.0199939700000001e-02
1                                     -5.4045797000000003e-03        -1.0948525040000000e-01        -1.0776349180000000e-01        -5.4037403000000003e-03         5.4999999999999996e-09        -1.2374510500000000e-02        -7.3119999999999996e-06        -3.2000000000000001e-09
2                                     -1.1085434200000001e-02        -9.0724749000000004e-03        -5.2419429999999998e-03        -1.1085324200000000e-02         1.5809999999999999e-07         2.1422000000000000e-06         3.2151659399999998e-02         1.4510000000000000e-07
3                                     -1.6172362000000000e-03         9.5266980000000001e-04        -2.3965698800000001e-02         1.6172436000000000e-03        -1.4389989999999999e-04         4.0900000000000002e-08        -3.8999999999999998e-08         3.2830270000000001e-04
4                                      4.7370040000000000e-04         5.1128719999999999e-04        -1.2599205400000001e-02         4.7368330000000002e-04         1.6999999999999999e-09         3.3501110000000000e-04         1.3986332999999999e-03         1.5000000000000000e-09
5                                      4.3891340000000000e-04         3.9894799999999999e-04        -1.6383280999999999e-03         4.3890189999999999e-04        -2.7999999999999998e-09         1.0656291500000000e-02        -1.6382175299999999e-02        -6.1500000000000001e-08
6                                     -1.1396038799999999e-02        -1.9337967200000000e-02         1.2227010000000000e-02         1.2183124000000000e-03         2.0799210000000000e-04        -1.9492190000000001e-04         1.2177952000000001e-03         9.9892660000000001e-04
7                                      6.5781913000000003e-03        -1.2226734000000000e-02         7.7369472000000002e-03         1.1626733000000000e-03        -2.0313260000000001e-04        -3.2512799999999998e-05        -6.8830680000000002e-04        -3.8720580000000001e-04
8                                      3.6075108299999999e-02        -1.2181595000000001e-03         1.1625987000000000e-03         4.3890710000000002e-04         9.2279808000000005e-03        -5.3272696000000001e-03        -1.6382139699999999e-02        -4.3590937000000003e-03
9                                     -1.2181595000000001e-03         2.5135567370000000e-01         1.2062690240000000e-01         1.1394601600000000e-02         2.0793290000000001e-04         1.9488500000000000e-04        -1.2179114000000000e-03         9.9897050000000002e-04
10                                     1.1625987000000000e-03         1.2062690240000000e-01         1.1211232720000000e-01         6.5772245999999998e-03         2.0313070000000001e-04        -3.2516700000000000e-05        -6.8830339999999995e-04         3.8720410000000002e-04
11                                     4.3890710000000002e-04         1.1394601600000000e-02         6.5772245999999998e-03         3.6074951299999998e-02        -9.2281536000000004e-03        -5.3271621999999999e-03        -1.6382050600000000e-02         4.3590464999999998e-03
12                                     9.2279808000000005e-03         2.0793290000000001e-04         2.0313070000000001e-04        -9.2281536000000004e-03         9.7404077000000002e-03        -3.0000000000000000e-09         9.0900000000000000e-08         2.3631478000000002e-03
13                                    -5.3272696000000001e-03         1.9488500000000000e-04        -3.2516700000000000e-05        -5.3271621999999999e-03        -3.0000000000000000e-09         9.7408917000000005e-03        -7.2941000000000002e-06         1.6000000000000001e-09
14                                    -1.6382139699999999e-02        -1.2179114000000000e-03        -6.8830339999999995e-04        -1.6382050600000000e-02         9.0900000000000000e-08        -7.2941000000000002e-06         3.5108315799999998e-02        -6.3399999999999999e-08
15                                    -4.3590937000000003e-03         9.9897050000000002e-04         3.8720410000000002e-04         4.3590464999999998e-03         2.3631478000000002e-03         1.6000000000000001e-09        -6.3399999999999999e-08         5.5105921000000004e-03
16                                     2.5173588000000002e-03         3.7890970000000000e-04         5.4593960000000005e-04         2.5173214000000000e-03        -2.2999999999999999e-09         2.3636372000000001e-03        -7.4169000000000001e-06         1.8000000000000000e-09
17                                    -9.4853548999999995e-03        -2.8500379999999998e-04        -1.7124870000000001e-04        -9.4853855000000004e-03        -7.3500000000000003e-08         3.2922000000000000e-06        -1.8113609700000002e-02         2.7100000000000001e-08
                                                        16                          17

0                                     -2.1999999999999998e-09         1.4280000000000001e-07
1                                     -1.0198843000000001e-02         3.4002999999999999e-06
2                                      2.1073000000000001e-06         3.2456283400000001e-02
3                                     -1.2100000000000001e-08        -1.8900000000000000e-08
4                                      1.2322489999999999e-03         3.3242150000000002e-04
5                                     -5.0327371999999999e-03        -9.4853464000000005e-03
6                                     -3.7889489999999999e-04         2.8492639999999999e-04
7                                      5.4594729999999996e-04        -1.7123190000000000e-04
8                                      2.5173588000000002e-03        -9.4853548999999995e-03
9                                      3.7890970000000000e-04        -2.8500379999999998e-04
10                                     5.4593960000000005e-04        -1.7124870000000001e-04
11                                     2.5173214000000000e-03        -9.4853855000000004e-03
12                                    -2.2999999999999999e-09        -7.3500000000000003e-08
13                                     2.3636372000000001e-03         3.2922000000000000e-06
14                                    -7.4169000000000001e-06        -1.8113609700000002e-02
15                                     1.8000000000000000e-09         2.7100000000000001e-08
16                                     5.5110699000000003e-03         3.3666000000000001e-06
17                                     3.3666000000000001e-06         1.4113413100000000e-02
   &MODES [&Type "ArrayOfDoubles", &Dim (18,18)] "The modes of vibrations"
                                                         0                           1                           2                           3                           4                           5                           6                           7

0                                      0.0000000000000000e+00         0.0000000000000000e+00         0.0000000000000000e+00         0.0000000000000000e+00         0.0000000000000000e+00         0.0000000000000000e+00        -9.2127863130701414e-07        -1.6898952822750759e-07
1                                      0.0000000000000000e+00         0.0000000000000000e+00         0.0000000000000000e+00         0.0000000000000000e+00         0.0000000000000000e+00         0.0000000000000000e+00        -1.0605275249993589e-05         2.3913722858412510e-04
2                                      0.0000000000000000e+00         0.0000000000000000e+00         0.0000000000000000e+00         0.0000000000000000e+00         0.0000000000000000e+00         0.0000000000000000e+00        -2.6920470930505958e-01         3.9623135047043477e-02
3                                      0.0000000000000000e+00         0.0000000000000000e+00         0.0000000000000000e+00         0.0000000000000000e+00         0.0000000000000000e+00         0.0000000000000000e+00        -3.0401749507312791e-07        -2.5949084141666894e-07
4                                      0.0000000000000000e+00         0.0000000000000000e+00         0.0000000000000000e+00         0.0000000000000000e+00         0.0000000000000000e+00         0.0000000000000000e+00         6.3720454812814858e-03        -2.2884297225206923e-04
5                                      0.0000000000000000e+00         0.0000000000000000e+00         0.0000000000000000e+00         0.0000000000000000e+00         0.0000000000000000e+00         0.0000000000000000e+00        -5.1375052538614026e-02         1.7243663826588231e-02
6                                      0.0000000000000000e+00         0.0000000000000000e+00         0.0000000000000000e+00         0.0000000000000000e+00         0.0000000000000000e+00         0.0000000000000000e+00         5.5224279949577975e-03        -3.9606948216605836e-04
7                                      0.0000000000000000e+00         0.0000000000000000e+00         0.0000000000000000e+00         0.0000000000000000e+00         0.0000000000000000e+00         0.0000000000000000e+00        -3.2115989189252744e-03         5.0862063482746229e-04
8                                      0.0000000000000000e+00         0.0000000000000000e+00         0.0000000000000000e+00         0.0000000000000000e+00         0.0000000000000000e+00         0.0000000000000000e+00        -5.1371700255071220e-02         1.7177627912425868e-02
9                                      0.0000000000000000e+00         0.0000000000000000e+00         0.0000000000000000e+00         0.0000000000000000e+00         0.0000000000000000e+00         0.0000000000000000e+00        -5.5228195212538023e-03         3.9555556068996263e-04
10                                     0.0000000000000000e+00         0.0000000000000000e+00         0.0000000000000000e+00         0.0000000000000000e+00         0.0000000000000000e+00         0.0000000000000000e+00        -3.2114739176305499e-03         5.0862355633782611e-04
11                                     0.0000000000000000e+00         0.0000000000000000e+00         0.0000000000000000e+00         0.0000000000000000e+00         0.0000000000000000e+00         0.0000000000000000e+00        -5.1371772130447815e-02         1.7178008627550964e-02
12                                     0.0000000000000000e+00         0.0000000000000000e+00         0.0000000000000000e+00         0.0000000000000000e+00         0.0000000000000000e+00         0.0000000000000000e+00         7.5328719758650934e-08         1.6951790437584107e-08
13                                     0.0000000000000000e+00         0.0000000000000000e+00         0.0000000000000000e+00         0.0000000000000000e+00         0.0000000000000000e+00         0.0000000000000000e+00         1.1283746634951104e-06        -2.3173985850970317e-05
14                                     0.0000000000000000e+00         0.0000000000000000e+00         0.0000000000000000e+00         0.0000000000000000e+00         0.0000000000000000e+00         0.0000000000000000e+00         2.0200899855836060e-02        -6.5906250326566357e-02
15                                     0.0000000000000000e+00         0.0000000000000000e+00         0.0000000000000000e+00         0.0000000000000000e+00         0.0000000000000000e+00         0.0000000000000000e+00         1.6212509726448412e-07         4.1037000638292701e-08
16                                     0.0000000000000000e+00         0.0000000000000000e+00         0.0000000000000000e+00         0.0000000000000000e+00         0.0000000000000000e+00         0.0000000000000000e+00         2.5007305314346117e-06        -5.1205376461679493e-05
17                                     0.0000000000000000e+00         0.0000000000000000e+00         0.0000000000000000e+00         0.0000000000000000e+00         0.0000000000000000e+00         0.0000000000000000e+00         5.0058312078111719e-02         1.3364126678343485e-01
                                                         8                           9                          10                          11                          12                          13                          14                          15

0                                      2.3849483903358498e-01         1.6863241530463199e-04        -8.5035533828491127e-04         2.5934914376410351e-02        -8.9815047604318792e-08        -1.6676507142226418e-06        -9.1479643910567149e-02         3.8478728614656290e-08
1                                     -1.6863097469626683e-04         2.3849576743548262e-01        -2.5935440335760347e-02        -8.5040526135189459e-04        -1.6035045197962335e-05         9.1472551560929385e-02        -1.6644249844420617e-06        -2.8928198399412138e-05
2                                     -7.5214572484061373e-07        -5.4653120505101727e-05        -5.5140091877056933e-06        -2.6529506697924830e-07        -3.9041292707993010e-02        -8.9748896876486767e-07         2.6003470129428464e-07        -4.7120136342839684e-03
3                                      2.4822753670376660e-01         1.7556466939080555e-04         1.5970325632045912e-03        -4.8669601491530871e-02         1.7097341323133182e-06         1.8359671546561833e-05         7.6630838451542893e-01         6.3478746241964442e-10
4                                     -1.7213037383929418e-04         2.4339504546613097e-01         1.5106308839977987e-02         4.9544853737634232e-04         2.4825587699995693e-02         5.4459578683387279e-02        -5.3528888790261039e-06        -5.7430274528412506e-01
5                                     -3.0082263960581306e-05         4.1617585484292098e-02         8.0691576345626326e-01         2.6453243998684425e-02         5.6514165504527092e-01         6.8546683050141236e-02        -4.0846873319709377e-06         2.3848034687706372e-02
6                                      2.4458773880992751e-01         2.2864153073704446e-03         1.5318246711203808e-02        -2.3016162606472358e-02         2.1561292794946497e-02        -3.5551441285581376e-01         1.5070381363785607e-01        -4.9754337460863535e-01
7                                      1.9260290434255428e-03         2.4700066393037978e-01         4.0755239313121937e-02        -1.3216593367561758e-02        -1.2356317033417217e-02        -5.6104518189635322e-01         3.5543742215967083e-01         2.8737392117432203e-01
8                                      3.6059921328027905e-02        -2.0790521004238324e-02        -3.8044234615928518e-01        -7.1197103107613324e-01         5.6531249790558513e-01        -3.4150359721134255e-02        -5.9286971900431092e-02         2.3863650843237039e-02
9                                      2.4459044792118662e-01        -1.9405809063190367e-03        -1.3779019608336622e-02        -2.3964973766832227e-02        -2.1557455473688349e-02         3.5551547799534289e-01         1.5068395296157347e-01         4.9754285850257407e-01
10                                    -2.2752814846260867e-03         2.4699760689807732e-01         3.9799818578997170e-02         1.5857636427096679e-02        -1.2356075785991100e-02        -5.6106576685080745e-01        -3.5541264331134020e-01         2.8737362246749792e-01
11                                    -3.6032394868730416e-02        -2.0840922895997108e-02        -4.2625691155856188e-01         6.8552408606627491e-01         5.6531354306224135e-01        -3.4150114618983061e-02         5.9287821420467485e-02         2.3860130556990964e-02
12                                    -2.2811159183768186e-02        -1.6130477485071863e-05         1.5676379788790782e-04        -4.7816243780407618e-03        -3.0784588425955421e-08         4.4070890555460000e-09        -2.7277311149170919e-05         8.8652080161088813e-09
13                                     1.6129713469495290e-05        -2.2811153275841455e-02         4.7815933809866179e-03         1.5676650056236179e-04         3.3412235875013788e-08         2.7560952073034824e-05        -7.9056885804650940e-09        -6.3530781026332607e-07
14                                    -2.2794491977056025e-08         6.7751570905851276e-05        -8.9268709619171525e-07        -2.1775897666864130e-09        -9.7207159578046980e-03        -3.9868481653298929e-06         1.0617821004113198e-09        -1.4146324119789454e-04
15                                    -5.0355537248516984e-02        -3.5601755907044553e-05        -1.5437788696314012e-04         4.7094315008080036e-03        -5.7906938245865174e-08         2.7590542027096836e-09         6.9680252297024420e-04        -1.8359605272769997e-08
16                                     3.5602527527271617e-05        -5.0355512333308733e-02        -4.7094856552045584e-03        -1.5437365894343621e-04         2.1387992721141687e-06        -6.9631218358600863e-04         2.9382728640983648e-08        -1.4142402488210352e-06
17                                     3.7885519731579076e-07        -1.3378113563647240e-04        -2.2757826131490971e-06        -8.4306892648076906e-08        -1.3079955598592574e-02         2.2889608413848106e-06         1.4931161497606157e-09        -1.1974958067134904e-04
                                                        16                          17

0                                     -4.7511089921583617e-07        -9.2934979065749435e-02
1                                      9.2939116064080729e-02        -4.8224387100967155e-07
2                                     -1.2849518536159583e-06         3.2350963140032090e-07
3                                     -4.3391223302833054e-06        -3.6694623510838027e-02
4                                     -7.6833251674154568e-01         7.8497642634637068e-06
5                                      3.5882184482955597e-02        -2.3691511340776385e-07
6                                      3.4840118104338536e-01         5.6697068686828211e-01
7                                     -1.6449363828793501e-01        -3.4853063576473575e-01
8                                     -1.7933519228892109e-02        -3.1068842225990607e-02
9                                     -3.4839118208641751e-01         5.6698234379336387e-01
10                                    -1.6448285500556090e-01         3.4852842915516152e-01
11                                    -1.7930456590960653e-02         3.1065276712044790e-02
12                                    -6.8136784880834441e-09         3.4351365254587240e-05
13                                    -3.4336067605399013e-05         5.6197038654352439e-09
14                                    -2.1776561364381334e-08        -5.0276338302565361e-11
15                                     1.5396626714274345e-08         2.1044439305167590e-04
16                                    -2.1044168698505084e-04        -9.7335382329828125e-09
17                                    -3.3306869400601985e-08        -1.3767131578565435e-09
$End
$THERMOCHEMISTRY_Energies
   &GeometryIndex 1
   &temperature [&Type "Double"]       2.9814999999999998e+02
   &pressure [&Type "Double"]       1.0000000000000000e+00
   &totalMass [&Type "Double"]       1.3038800000000001e+02
   &spinDegeneracy [&Type "Integer"] 1
   &elEnergy [&Type "Double"]      -1.2538914668240000e+01
   &transEnergy [&Type "Double"]       1.4162714244859817e-03
   &rotEnergy [&Type "Double"]       1.4162714244859817e-03
   &vibEnergy [&Type "Double"]       1.9350253834735020e-03
   &numOfFreqs [&Type "Integer"] 18
   &freqScalingFactor [&Type "Double"]       1.0000000000000000e+00
   &FREQ [&Type "ArrayOfDoubles", &Units "cm^-1", &Dim (18,1)] 
                                                         0

0                                      0.0000000000000000e+00
1                                      0.0000000000000000e+00
2                                      0.0000000000000000e+00
3                                      0.0000000000000000e+00
4                                      0.0000000000000000e+00
5                                      0.0000000000000000e+00
6                                     -3.2118950432329797e+02
7                                      1.4702853795359272e+02
8                                      1.9273899614459165e+02
9                                      1.9275031413108067e+02
10                                     9.5728606979894460e+02
11                                     9.5728657166328401e+02
12                                     9.9391059385318454e+02
13                                     1.3606858543357296e+03
14                                     1.3607917862917898e+03
15                                     2.9559691791748473e+03
16                                     3.0406742913762964e+03
17                                     3.0407158735445623e+03
   &zpe [&Type "Double"]       3.4627779061339098e-02
   &innerEnergyU [&Type "Double"]      -1.2499519320946218e+01
   &enthalpyH [&Type "Double"]      -1.2498575111903959e+01
   &qEl [&Type "Double"]       0.0000000000000000e+00
   &qRot [&Type "Double"]       1.1107109440825637e-02
   &qVib [&Type "Double"]       3.5310970787767355e-03
   &qTrans [&Type "Double"]       1.9247041860113716e-02
   &entropyS [&Type "Double"]       3.3885248379716085e-02
   &freeEnergyG [&Type "Double"]      -1.2532460360283675e+01
   &isLinear [&Type "Boolean"] false
$End
$Geometry
   &GeometryIndex 2
   &NAtoms [&Type "Integer"] 6
   &NCorelessECP [&Type "Integer"] 0
   &NGhostAtoms [&Type "Integer"] 0
   &CartesianCoordinates [&Type "Coordinates", &Dim(6,4), &Units "Bohr"] 
              C     -0.000000019783    0.000001116642    0.073392503917
              H     -0.000000005147    2.044960476868   -0.006624945584
              H      1.770989258462   -1.022475829090   -0.006622854884
              H     -1.770989255238   -1.022475821285   -0.006622792818
              Br    -0.000000000884   -0.000005474731    4.571209145990
              Cl     0.000000022589   -0.000004468403   -4.584744451627
$End
$Single_Point_Data
   &GeometryIndex 2
   &FinalEnergy [&Type "Double"]      -1.2539914383370000e+01  "Final single point energy"
   &Converged [&Type "Boolean"] true
$End
$Geometry
   &GeometryIndex 3
   &NAtoms [&Type "Integer"] 6
   &NCorelessECP [&Type "Integer"] 0
   &NGhostAtoms [&Type "Integer"] 0
   &CartesianCoordinates [&Type "Coordinates", &Dim(6,4), &Units "Bohr"] 
              C     -0.000000025168    0.000001631781    0.067661641357
              H     -0.000000006797    2.040479764426   -0.013829619808
              H      1.767108685252   -1.020234167339   -0.013826709740
              H     -1.767108699332   -1.020234167619   -0.013826670410
              Br     0.000000015831   -0.000007238924    4.553856243724
              Cl     0.000000030214   -0.000005822325   -4.540048280129
$End
$Single_Point_Data
   &GeometryIndex 3
   &FinalEnergy [&Type "Double"]      -1.2540800121489999e+01  "Final single point energy"
   &Converged [&Type "Boolean"] true
$End
$Geometry
   &GeometryIndex 4
   &NAtoms [&Type "Integer"] 6
   &NCorelessECP [&Type "Integer"] 0
   &NGhostAtoms [&Type "Integer"] 0
   &CartesianCoordinates [&Type "Coordinates", &Dim(6,4), &Units "Bohr"] 
              C     -0.000000036474    0.000001443269    0.061414890289
              H     -0.000000014064    2.036652657515   -0.021560947518
              H      1.763794110231   -1.018321323436   -0.021557846936
              H     -1.763794144190   -1.018321326802   -0.021557834559
              Br     0.000000040450   -0.000006503832    4.538665588893
              Cl     0.000000044047   -0.000004946715   -4.495417245175
$End
$Single_Point_Data
   &GeometryIndex 4
   &FinalEnergy [&Type "Double"]      -1.2541548800770000e+01  "Final single point energy"
   &Converged [&Type "Boolean"] true
$End
$Hessian
   &GeometryIndex 4
   &HESSIAN [&Type "ArrayOfDoubles", &Dim (18,18)] "The Hessian"
                                                         0                           1                           2                           3                           4                           5                           6                           7

0                                      5.5570132360000002e-01         2.8200000000000001e-08        -2.0182999999999998e-06        -4.3161603000000000e-02        -1.3768999999999999e-06         1.8220000000000000e-07        -2.4450094410000001e-01         1.1624425920000001e-01
1                                      2.8200000000000001e-08         5.5570205179999999e-01         8.0000000000000005e-09        -1.3705000000000000e-06        -3.1161079819999998e-01         1.2178511600000001e-02         1.1625120970000000e-01        -1.1028040500000000e-01
2                                     -2.0182999999999998e-06         8.0000000000000005e-09        -3.9120340900000002e-02         1.4450000000000000e-07         1.1584262700000000e-02        -8.4059887999999999e-03         1.0030076200000000e-02        -5.7946391000000003e-03
3                                     -4.3161603000000000e-02        -1.3705000000000000e-06         1.4450000000000000e-07         4.1831368200000003e-02         1.5119000000000001e-06        -8.3700000000000002e-08         5.1905150000000004e-04         2.3851634000000000e-02
4                                     -1.3768999999999999e-06        -3.1161079819999998e-01         1.1584262700000000e-02         1.5119000000000001e-06         3.3592860489999998e-01        -1.3748465800000000e-02        -4.2858929999999999e-04        -1.3014646899999999e-02
5                                      1.8220000000000000e-07         1.2178511600000001e-02        -8.4059887999999999e-03        -8.3700000000000002e-08        -1.3748465800000000e-02         3.7308242999999998e-02        -3.6672279999999999e-04        -1.5064774999999999e-03
6                                     -2.4450094410000001e-01         1.1625120970000000e-01         1.0030076200000000e-02         5.1905150000000004e-04        -4.2858929999999999e-04        -3.6672279999999999e-04         2.6238252220000002e-01        -1.2736222089999999e-01
7                                      1.1624425920000001e-01        -1.1028040500000000e-01        -5.7946391000000003e-03         2.3851634000000000e-02        -1.3014646899999999e-02        -1.5064774999999999e-03        -1.2736222089999999e-01         1.1537100960000000e-01
8                                      1.0546072300000001e-02        -6.0880763999999997e-03        -8.4058164000000001e-03        -1.4870135000000001e-03         4.3554889999999999e-04         1.1931810000000001e-04        -1.1906663000000000e-02         6.8734547000000000e-03
9                                     -2.4450353189999999e-01        -1.1624986890000000e-01        -1.0028502500000000e-02         5.1878989999999995e-04         4.2845150000000000e-04         3.6670600000000001e-04        -1.9742162500000000e-02        -1.2127919500000001e-02
10                                    -1.1624290540000000e-01        -1.1027798229999999e-01        -5.7936873000000002e-03        -2.3851800900000001e-02        -1.3014420100000000e-02        -1.5063184999999999e-03         1.2128193299999999e-02         7.2941326000000003e-03
11                                    -1.0544492700000000e-02        -6.0871817000000003e-03        -8.4056922000000003e-03         1.4870212999999999e-03         4.3553409999999999e-04         1.1930730000000000e-04         1.1204483999999999e-03         1.0693005000000000e-03
12                                    -1.2641176600000000e-02         6.0000000000000000e-09         1.5839999999999999e-07        -3.9400300000000003e-05         1.8000000000000000e-09        -6.7999999999999997e-09         3.6672009999999999e-04        -2.3446710000000001e-04
13                                    -2.7999999999999998e-09        -1.2640000700000001e-02         1.9106000000000000e-06         4.1099999999999997e-08         5.1201070000000005e-04         1.0541530400000000e-02        -2.2609250000000001e-04         8.9908799999999995e-05
14                                     1.2470000000000000e-07        -8.3962999999999996e-06         3.2588392600000002e-02        -4.6000000000000002e-08         1.1671644000000000e-03        -1.7218216700000000e-02         1.0182463999999999e-03        -5.7103869999999997e-04
15                                    -1.0894068200000001e-02        -4.3999999999999997e-09         1.4170000000000000e-07         3.3179359999999997e-04         1.0999999999999999e-09        -7.4900000000000002e-08         9.7481279999999998e-04        -3.7128580000000001e-04
16                                    -2.5000000000000001e-09        -1.0892865599999999e-02         2.1451000000000000e-06        -1.5500000000000000e-08         1.1992495000000001e-03        -5.9587800999999999e-03        -3.6250040000000000e-04         5.4000089999999999e-04
17                                     1.3180000000000000e-07         5.1348999999999997e-06         3.1749445699999997e-02        -2.2600000000000001e-08         1.2595560000000001e-04        -1.1922662900000000e-02         1.0461480000000000e-04        -7.0599900000000001e-05
                                                         8                           9                          10                          11                          12                          13                          14                          15

0                                      1.0546072300000001e-02        -2.4450353189999999e-01        -1.1624290540000000e-01        -1.0544492700000000e-02        -1.2641176600000000e-02        -2.7999999999999998e-09         1.2470000000000000e-07        -1.0894068200000001e-02
1                                     -6.0880763999999997e-03        -1.1624986890000000e-01        -1.1027798229999999e-01        -6.0871817000000003e-03         6.0000000000000000e-09        -1.2640000700000001e-02        -8.3962999999999996e-06        -4.3999999999999997e-09
2                                     -8.4058164000000001e-03        -1.0028502500000000e-02        -5.7936873000000002e-03        -8.4056922000000003e-03         1.5839999999999999e-07         1.9106000000000000e-06         3.2588392600000002e-02         1.4170000000000000e-07
3                                     -1.4870135000000001e-03         5.1878989999999995e-04        -2.3851800900000001e-02         1.4870212999999999e-03        -3.9400300000000003e-05         4.1099999999999997e-08        -4.6000000000000002e-08         3.3179359999999997e-04
4                                      4.3554889999999999e-04         4.2845150000000000e-04        -1.3014420100000000e-02         4.3553409999999999e-04         1.8000000000000000e-09         5.1201070000000005e-04         1.1671644000000000e-03         1.0999999999999999e-09
5                                      1.1931810000000001e-04         3.6670600000000001e-04        -1.5063184999999999e-03         1.1930730000000000e-04        -6.7999999999999997e-09         1.0541530400000000e-02        -1.7218216700000000e-02        -7.4900000000000002e-08
6                                     -1.1906663000000000e-02        -1.9742162500000000e-02         1.2128193299999999e-02         1.1204483999999999e-03         3.6672009999999999e-04        -2.2609250000000001e-04         1.0182463999999999e-03         9.7481279999999998e-04
7                                      6.8734547000000000e-03        -1.2127919500000001e-02         7.2941326000000003e-03         1.0693005000000000e-03        -2.3446710000000001e-04         8.9908799999999995e-05        -5.7103869999999997e-04        -3.7128580000000001e-04
8                                      3.7308425200000002e-02        -1.1202953000000000e-03         1.0692258000000001e-03         1.1926180000000000e-04         9.1288151999999994e-03        -5.2701848000000001e-03        -1.7218392499999999e-02        -5.1609157000000001e-03
9                                     -1.1202953000000000e-03         2.6238537960000002e-01         1.2736076330000001e-01         1.1905160200000001e-02         3.6666260000000001e-04         2.2605530000000001e-04        -1.0183626000000001e-03         9.7486230000000005e-04
10                                     1.0692258000000001e-03         1.2736076330000001e-01         1.1536837170000000e-01         6.8724355000000003e-03         2.3446520000000001e-04         8.9904399999999999e-05        -5.7103150000000001e-04         3.7128450000000000e-04
11                                     1.1926180000000000e-04         1.1905160200000001e-02         6.8724355000000003e-03         3.7308256200000001e-02        -9.1289934000000003e-03        -5.2700762999999999e-03        -1.7218302200000001e-02         5.1608562000000002e-03
