
$orca_hessian_file

$act_atom
  0

$act_coord
  0

$act_energy
      -12.543029

$multiplicity
  1

$hessian
18
                    0                  1                  2                  3                  4        
    0      5.7212406800E-01   2.8000000000E-08  -2.0704000000E-06  -4.2086500900E-02  -1.4436000000E-06
    1      2.8000000000E-08   5.7212353280E-01  -3.1270000000E-07  -1.4339000000E-06  -3.2303725450E-01
    2     -2.0704000000E-06  -3.1270000000E-07  -4.4575081000E-02   1.4990000000E-07   1.1840461100E-02
    3     -4.2086500900E-02  -1.4339000000E-06   1.4990000000E-07   4.1298031000E-02   1.5776000000E-06
    4     -1.4436000000E-06  -3.2303725450E-01   1.1840461100E-02   1.5776000000E-06   3.4787181430E-01
    5      1.8950000000E-07   1.2813507200E-02  -5.8987000000E-03  -7.3400000000E-08  -1.3147482100E-02
    6     -2.5280302090E-01   1.2166509450E-01   1.0252745200E-02   1.6813190000E-04  -3.8296890000E-04
    7      1.2165808500E-01  -1.1233133300E-01  -5.9220039000E-03   2.3746317500E-02  -1.3330329300E-02
    8      1.1095683800E-02  -6.4061427000E-03  -5.8982563000E-03  -1.2403750000E-03   3.7352980000E-04
    9     -2.5280572230E-01  -1.2166368880E-01  -1.0251097200E-02   1.6787210000E-04   3.8283100000E-04
   10     -1.2165666390E-01  -1.1232879670E-01  -5.9210108000E-03  -2.3746480500E-02  -1.3330100700E-02
   11     -1.1094027100E-02  -6.4052051000E-03  -5.8981271000E-03   1.2403816000E-03   3.7351790000E-04
   12     -1.2751808500E-02   6.3000000000E-09   1.4840000000E-07   1.1516180000E-04   2.8000000000E-09
   13     -2.9000000000E-09  -1.2750190600E-02   1.1926000000E-06   4.0600000000E-08   7.6046290000E-04
   14      1.1440000000E-07  -9.3451000000E-06   3.2797713500E-02  -5.2200000000E-08   7.5315970000E-04
   15     -1.1677015300E-02  -6.2000000000E-09   1.2420000000E-07   3.3730410000E-04   1.1000000000E-09
   16     -2.7000000000E-09  -1.1675958000E-02   1.6737000000E-06  -2.1300000000E-08   1.0654072000E-03
   17      1.0970000000E-07   7.4983000000E-06   2.9472450900E-02  -3.1000000000E-08  -1.9318640000E-04
                    5                  6                  7                  8                  9        
    0      1.8950000000E-07  -2.5280302090E-01   1.2165808500E-01   1.1095683800E-02  -2.5280572230E-01
    1      1.2813507200E-02   1.2166509450E-01  -1.1233133300E-01  -6.4061427000E-03  -1.2166368880E-01
    2     -5.8987000000E-03   1.0252745200E-02  -5.9220039000E-03  -5.8982563000E-03  -1.0251097200E-02
    3     -7.3400000000E-08   1.6813190000E-04   2.3746317500E-02  -1.2403750000E-03   1.6787210000E-04
    4     -1.3147482100E-02  -3.8296890000E-04  -1.3330329300E-02   3.7352980000E-04   3.8283100000E-04
    5      3.9051797400E-02  -2.9690340000E-04  -1.2617389000E-03  -2.0180570000E-04   2.9688940000E-04
    6     -2.9690340000E-04   2.7120636700E-01  -1.3276642760E-01  -1.1386155100E-02  -2.0038514500E-02
    7     -1.2617389000E-03  -1.3276642760E-01   1.1795766250E-01   6.5736870000E-03  -1.2052135900E-02
    8     -2.0180570000E-04  -1.1386155100E-02   6.5736870000E-03   3.9051812800E-02  -9.4356820000E-04
    9      2.9688940000E-04  -2.0038514500E-02  -1.2052135900E-02  -9.4356820000E-04   2.7120932850E-01
   10     -1.2615791000E-03   1.2052409600E-02   6.9261059000E-03   8.8721870000E-04   1.3276490000E-01
   11     -2.0181540000E-04   9.4371940000E-04   8.8729460000E-04  -2.0160540000E-04   1.1384591900E-02
   12     -9.7000000000E-09   5.9160170000E-04  -2.7508690000E-04   8.8750768000E-03   5.9154540000E-04
   13      1.0248199400E-02  -2.6659180000E-04   2.6764370000E-04  -5.1239083000E-03   2.6655460000E-04
   14     -1.7709196400E-02   6.6046300000E-04  -3.6267360000E-04  -1.7709419800E-02  -6.6057830000E-04
   15     -9.2500000000E-08   8.7543480000E-04  -3.1075210000E-04  -6.4006623000E-03   8.7549070000E-04
   16     -7.3909065000E-03  -3.0151580000E-04   5.1025010000E-04   3.6956155000E-03   3.0153910000E-04
   17     -1.5040279900E-02  -1.7386910000E-04   8.5434800000E-05  -1.5040725400E-02   1.7376250000E-04
                   10                 11                 12                 13                 14        
    0     -1.2165666390E-01  -1.1094027100E-02  -1.2751808500E-02  -2.9000000000E-09   1.1440000000E-07
    1     -1.1232879670E-01  -6.4052051000E-03   6.3000000000E-09  -1.2750190600E-02  -9.3451000000E-06
    2     -5.9210108000E-03  -5.8981271000E-03   1.4840000000E-07   1.1926000000E-06   3.2797713500E-02
    3     -2.3746480500E-02   1.2403816000E-03   1.1516180000E-04   4.0600000000E-08  -5.2200000000E-08
    4     -1.3330100700E-02   3.7351790000E-04   2.8000000000E-09   7.6046290000E-04   7.5315970000E-04
    5     -1.2615791000E-03  -2.0181540000E-04  -9.7000000000E-09   1.0248199400E-02  -1.7709196400E-02
    6      1.2052409600E-02   9.4371940000E-04   5.9160170000E-04  -2.6659180000E-04   6.6046300000E-04
    7      6.9261059000E-03   8.8729460000E-04  -2.7508690000E-04   2.6764370000E-04  -3.6267360000E-04
    8      8.8721870000E-04  -2.0160540000E-04   8.8750768000E-03  -5.1239083000E-03  -1.7709419800E-02
    9      1.3276490000E-01   1.1384591900E-02   5.9154540000E-04   2.6655460000E-04  -6.6057830000E-04
   10      1.1795490890E-01   6.5726319000E-03   2.7508400000E-04   2.6763830000E-04  -3.6266620000E-04
   11      6.5726319000E-03   3.9051649300E-02  -8.8752569000E-03  -5.1238009000E-03  -1.7709335400E-02
   12      2.7508400000E-04  -8.8752569000E-03   9.2101964000E-03  -3.5000000000E-09   1.2980000000E-07
   13      2.6763830000E-04  -5.1238009000E-03  -3.5000000000E-09   9.2105910000E-03  -8.8643000000E-06
   14     -3.6266620000E-04  -1.7709335400E-02   1.2980000000E-07  -8.8643000000E-06   4.4184519600E-02
   15      3.1075090000E-04   6.4005912000E-03   2.2433032000E-03   2.9000000000E-09  -7.6700000000E-08
   16      5.1024440000E-04   3.6955615000E-03  -2.7000000000E-09   2.2438547000E-03  -9.6105000000E-06
   17      8.5405500000E-05  -1.5040765900E-02  -8.8400000000E-08   7.1815000000E-06  -2.3854281400E-02
                   15                 16                 17        
     0     -1.1677015300E-02  -2.7000000000E-09   1.0970000000E-07
     1     -6.2000000000E-09  -1.1675958000E-02   7.4983000000E-06
     2      1.2420000000E-07   1.6737000000E-06   2.9472450900E-02
     3      3.3730410000E-04  -2.1300000000E-08  -3.1000000000E-08
     4      1.1000000000E-09   1.0654072000E-03  -1.9318640000E-04
     5     -9.2500000000E-08  -7.3909065000E-03  -1.5040279900E-02
     6      8.7543480000E-04  -3.0151580000E-04  -1.7386910000E-04
     7     -3.1075210000E-04   5.1025010000E-04   8.5434800000E-05
     8     -6.4006623000E-03   3.6956155000E-03  -1.5040725400E-02
     9      8.7549070000E-04   3.0153910000E-04   1.7376250000E-04
    10      3.1075090000E-04   5.1024440000E-04   8.5405500000E-05
    11      6.4005912000E-03   3.6955615000E-03  -1.5040765900E-02
    12      2.2433032000E-03  -2.7000000000E-09  -8.8400000000E-08
    13      2.9000000000E-09   2.2438547000E-03   7.1815000000E-06
    14     -7.6700000000E-08  -9.6105000000E-06  -2.3854281400E-02
    15      7.3454825000E-03   3.4000000000E-09   1.1620000000E-07
    16      3.4000000000E-09   7.3462016000E-03   7.6663000000E-06
    17      1.1620000000E-07   7.6663000000E-06   3.9503601800E-02

$vibrational_frequencies
18
    0        0.0000000000000000
    1        0.0000000000000000
    2        0.0000000000000000
    3        0.0000000000000000
    4        0.0000000000000000
    5        0.0000000000000000
    6     -343.4364958470548004
    7      186.5352105628627157
    8      204.0261331982292745
    9      204.0391512144175579
   10     1005.6350550419027741
   11     1005.6364312407444004
   12     1013.4898061584499374
   13     1341.7754164447328549
   14     1341.9215540542147664
   15     3076.7623947430470253
   16     3165.4078961043719573
   17     3165.4691609348064958

$normal_modes
18 18
                    0                  1                  2                  3                  4        
    0      0.0000000000E+00   0.0000000000E+00   0.0000000000E+00   0.0000000000E+00   0.0000000000E+00
    1      0.0000000000E+00   0.0000000000E+00   0.0000000000E+00   0.0000000000E+00   0.0000000000E+00
    2      0.0000000000E+00   0.0000000000E+00   0.0000000000E+00   0.0000000000E+00   0.0000000000E+00
    3      0.0000000000E+00   0.0000000000E+00   0.0000000000E+00   0.0000000000E+00   0.0000000000E+00
    4      0.0000000000E+00   0.0000000000E+00   0.0000000000E+00   0.0000000000E+00   0.0000000000E+00
    5      0.0000000000E+00   0.0000000000E+00   0.0000000000E+00   0.0000000000E+00   0.0000000000E+00
    6      0.0000000000E+00   0.0000000000E+00   0.0000000000E+00   0.0000000000E+00   0.0000000000E+00
    7      0.0000000000E+00   0.0000000000E+00   0.0000000000E+00   0.0000000000E+00   0.0000000000E+00
    8      0.0000000000E+00   0.0000000000E+00   0.0000000000E+00   0.0000000000E+00   0.0000000000E+00
    9      0.0000000000E+00   0.0000000000E+00   0.0000000000E+00   0.0000000000E+00   0.0000000000E+00
   10      0.0000000000E+00   0.0000000000E+00   0.0000000000E+00   0.0000000000E+00   0.0000000000E+00
   11      0.0000000000E+00   0.0000000000E+00   0.0000000000E+00   0.0000000000E+00   0.0000000000E+00
   12      0.0000000000E+00   0.0000000000E+00   0.0000000000E+00   0.0000000000E+00   0.0000000000E+00
   13      0.0000000000E+00   0.0000000000E+00   0.0000000000E+00   0.0000000000E+00   0.0000000000E+00
   14      0.0000000000E+00   0.0000000000E+00   0.0000000000E+00   0.0000000000E+00   0.0000000000E+00
   15      0.0000000000E+00   0.0000000000E+00   0.0000000000E+00   0.0000000000E+00   0.0000000000E+00
   16      0.0000000000E+00   0.0000000000E+00   0.0000000000E+00   0.0000000000E+00   0.0000000000E+00
   17      0.0000000000E+00   0.0000000000E+00   0.0000000000E+00   0.0000000000E+00   0.0000000000E+00
                    5                  6                  7                  8                  9        
    0      0.0000000000E+00  -2.9981180237E-06  -2.3750317492E-06   4.8549047499E-01  -4.4478072158E-04
    1      0.0000000000E+00  -3.2490276747E-06   5.5590567952E-03  -4.4476535756E-04  -4.8549883820E-01
    2      0.0000000000E+00  -9.8171110369E-01   1.4518709672E-01  -1.2418409364E-06   1.7944204469E-04
    3      0.0000000000E+00  -3.7417361552E-07  -2.6240333544E-06   5.0634500854E-01  -4.6373978341E-04
    4      0.0000000000E+00   3.0395107067E-02   8.1934379537E-03  -4.5203335729E-04  -4.9334123225E-01
    5      0.0000000000E+00  -3.9745186034E-02   1.7437317343E-01  -3.1147609122E-05  -3.2333582538E-02
    6      0.0000000000E+00   2.6324025601E-02   2.3878466791E-03   4.9657144603E-01  -6.1306959918E-03
    7      0.0000000000E+00  -1.5201228669E-02   4.7454529409E-03   5.2088098160E-03  -5.0307919791E-01
    8      0.0000000000E+00  -3.9732715773E-02   1.7378792006E-01   2.8191738183E-02   1.6438422463E-02
    9      0.0000000000E+00  -2.6323803840E-02  -2.3926598088E-03   4.9658155135E-01   5.2206807210E-03
   10      0.0000000000E+00  -1.5200668293E-02   4.7456987881E-03  -6.1304597134E-03  -5.0306857785E-01
   11      0.0000000000E+00  -3.9733057617E-02   1.7379008461E-01  -2.8164997442E-02   1.6489253208E-02
   12      0.0000000000E+00   2.2744866545E-07   2.1815226803E-07  -4.5292228569E-02   4.1496310085E-05
   13      0.0000000000E+00   1.4938898864E-08  -5.2160148362E-04   4.1493289482E-05   4.5292823506E-02
   14      0.0000000000E+00   8.3664345344E-02  -4.0577782079E-01  -5.0429641918E-07  -4.9486507216E-04
   15      0.0000000000E+00   5.0745715317E-07   5.2443517880E-07  -1.0503683814E-01   9.6224611901E-05
   16      0.0000000000E+00   1.2601096450E-06  -1.2106151532E-03   9.6224172872E-05   1.0503807485E-01
   17      0.0000000000E+00   1.4742660764E-01   8.5046904000E-01   1.6825418948E-06   1.0375876509E-03
                   10                 11                 12                 13                 14        
    0      1.8721086675E-02   3.4510829448E-04   9.4790841047E-08  -1.3611994924E-05  -9.7207259133E-02
    1      3.4512128590E-04  -1.8724082444E-02   1.9166885349E-06   9.7197361326E-02  -1.3606060459E-05
    2      5.9955444646E-08  -1.0448478772E-05   2.0132801027E-02  -1.0736526218E-06   2.6906315720E-07
    3     -5.8827103092E-02  -1.0831667129E-03  -1.9476464267E-06   1.1764108318E-04   8.0707832939E-01
    4     -3.7447327164E-04   2.0327272500E-02  -2.2986704651E-02   5.8651967740E-02  -1.2810563353E-05
    5     -1.5008852556E-02   8.1408473863E-01  -5.7623346454E-01   7.4559881278E-02  -1.3447661247E-05
    6     -3.0250739496E-02   1.6156555958E-02  -1.9944322664E-02  -3.7496429846E-01   1.5780218413E-01
    7     -1.7584843867E-02   4.8909454121E-02   1.1482931769E-02  -5.9051896403E-01   3.7497690030E-01
    8     -6.9728471206E-01  -4.1962779737E-01  -5.7683464521E-01  -3.7207756218E-02  -6.4488660119E-02
    9     -2.9629489160E-02  -1.7261557052E-02   1.9940216654E-02   3.7500381187E-01   1.5768989266E-01
   10      1.5770053973E-02   4.9522202140E-02   1.1482810157E-02  -5.9063200299E-01  -3.7480695748E-01
   11      7.1228297296E-01  -3.9363747067E-01  -5.7683134717E-01  -3.7191735807E-02   6.4498639207E-02
   12     -4.1878666475E-03  -7.7215793636E-05   2.2094624885E-08   9.6915880717E-09   3.1313706051E-05
   13     -7.7209009141E-05   4.1877519198E-03   1.6786943338E-06  -3.0859462979E-05  -3.7004324530E-09
   14      7.0774526963E-08  -4.1723710039E-06   1.0051297238E-02  -4.9549534661E-06   8.0151857752E-10
   15      6.4707800041E-03   1.1931625915E-04   9.0209363450E-08   1.2150129304E-07   9.4501043370E-04
   16      1.1932771096E-04  -6.4709735239E-03  -3.8365891850E-06  -9.4471115351E-04   1.5030439302E-07
   17      1.2132641561E-07  -1.0356168212E-05   1.9711305958E-02   6.9704695417E-06   5.6571544195E-09
                   15                 16                 17        
     0     -8.7924526800E-08  -7.8192951968E-05  -9.8228071738E-02
     1      2.8493842986E-05   9.8233684759E-02  -7.8206053196E-05
     2      4.8052215915E-03  -1.3807200927E-06   3.3840867399E-07
     3     -2.4473316843E-08  -3.4867833426E-05  -3.8281409627E-02
     4      5.7673503413E-01  -8.1101558175E-01   6.4941569373E-04
     5     -2.2271399390E-02   3.5406756381E-02  -2.8216422084E-05
     6      4.9965033693E-01   3.6803239781E-01   5.9828825220E-01
     7     -2.8858706031E-01  -1.7426772072E-01  -3.6755675014E-01
     8     -2.2286233656E-02  -1.7720019255E-02  -3.0642319154E-02
     9     -4.9964921420E-01  -3.6707495552E-01   5.9888249824E-01
    10     -2.8858638385E-01  -1.7367469880E-01   3.6782995160E-01
    11     -2.2282651956E-02  -1.7668329411E-02   3.0666521743E-02
    12     -9.0852347159E-09   3.4918942398E-08   5.3324275345E-05
    13      6.0665340435E-07  -5.3306047179E-05   4.8385949231E-08
    14      9.2497076378E-05  -1.1970856810E-08   2.4629149601E-10
    15      1.9037495236E-08   1.8138034375E-07   2.0862281033E-04
    16      1.4443391502E-06  -2.0861335293E-04   1.5425432483E-07
    17      6.3999501974E-05  -2.8620318229E-08  -1.0820278056E-09

#
# The atoms: label  mass x y z (in bohrs)
#
$atoms
6
 C     12.01100     -0.000000102589     0.000012353154    -1.538031822040
 H      1.00800     -0.000000079147     2.026244872379    -1.619300413117
 H      1.00800      1.754771022781    -1.013099718107    -1.619299113324
 H      1.00800     -1.754771193553    -1.013099725310    -1.619299042009
 Br    79.90000      0.000000005594    -0.000002074388     2.926636333834
 Cl    35.45300      0.000000029254    -0.000000801697    -5.936540803368

$actual_temperature
  0.000000

$frequency_scale_factor
  1.000000


$end

