
$orca_hessian_file

$act_atom
  0

$act_coord
  0

$act_energy
      -12.538915

$multiplicity
  1

$hessian
18
                    0                  1                  2                  3                  4        
    0      5.3548015400E-01   4.8000000000E-09  -1.9383000000E-06  -4.4552485800E-02  -1.2931000000E-06
    1      4.8000000000E-09   5.3548240620E-01   6.0360000000E-07  -1.2885000000E-06  -2.9737977590E-01
    2     -1.9383000000E-06   6.0360000000E-07  -3.1351842800E-02   1.3780000000E-07   1.0479928500E-02
    3     -4.4552485800E-02  -1.2885000000E-06   1.3780000000E-07   4.2462484800E-02   1.4286000000E-06
    4     -1.2931000000E-06  -2.9737977590E-01   1.0479928500E-02   1.4286000000E-06   3.2101115360E-01
    5      1.7080000000E-07   1.0811628200E-02  -1.1085341700E-02  -8.7200000000E-08  -1.3158367000E-02
    6     -2.3417486800E-01   1.0948653180E-01   9.0739722000E-03   9.5292830000E-04  -5.1142590000E-04
    7      1.0947984160E-01  -1.0776578490E-01  -5.2428385000E-03   2.3965529800E-02  -1.2599432500E-02
    8      9.3625475000E-03  -5.4045797000E-03  -1.1085434200E-02  -1.6172362000E-03   4.7370040000E-04
    9     -2.3417727980E-01  -1.0948525040E-01  -9.0724749000E-03   9.5266980000E-04   5.1128720000E-04
   10     -1.0947854850E-01  -1.0776349180E-01  -5.2419430000E-03  -2.3965698800E-02  -1.2599205400E-02
   11     -9.3610505000E-03  -5.4037403000E-03  -1.1085324200E-02   1.6172436000E-03   4.7368330000E-04
   12     -1.2375580700E-02   5.5000000000E-09   1.5810000000E-07  -1.4389990000E-04   1.7000000000E-09
   13     -2.6000000000E-09  -1.2374510500E-02   2.1422000000E-06   4.0900000000E-08   3.3501110000E-04
   14      1.2760000000E-07  -7.3120000000E-06   3.2151659400E-02  -3.9000000000E-08   1.3986333000E-03
   15     -1.0199939700E-02  -3.2000000000E-09   1.4510000000E-07   3.2830270000E-04   1.5000000000E-09
   16     -2.2000000000E-09  -1.0198843000E-02   2.1073000000E-06  -1.2100000000E-08   1.2322490000E-03
   17      1.4280000000E-07   3.4003000000E-06   3.2456283400E-02  -1.8900000000E-08   3.3242150000E-04
                    5                  6                  7                  8                  9        
    0      1.7080000000E-07  -2.3417486800E-01   1.0947984160E-01   9.3625475000E-03  -2.3417727980E-01
    1      1.0811628200E-02   1.0948653180E-01  -1.0776578490E-01  -5.4045797000E-03  -1.0948525040E-01
    2     -1.1085341700E-02   9.0739722000E-03  -5.2428385000E-03  -1.1085434200E-02  -9.0724749000E-03
    3     -8.7200000000E-08   9.5292830000E-04   2.3965529800E-02  -1.6172362000E-03   9.5266980000E-04
    4     -1.3158367000E-02  -5.1142590000E-04  -1.2599432500E-02   4.7370040000E-04   5.1128720000E-04
    5      3.6075048100E-02  -3.9896730000E-04  -1.6384874000E-03   4.3891340000E-04   3.9894800000E-04
    6     -3.9896730000E-04   2.5135298820E-01  -1.2062829910E-01  -1.1396038800E-02  -1.9337967200E-02
    7     -1.6384874000E-03  -1.2062829910E-01   1.1211483570E-01   6.5781913000E-03  -1.2226734000E-02
    8      4.3891340000E-04  -1.1396038800E-02   6.5781913000E-03   3.6075108300E-02  -1.2181595000E-03
    9      3.9894800000E-04  -1.9337967200E-02  -1.2226734000E-02  -1.2181595000E-03   2.5135567370E-01
   10     -1.6383281000E-03   1.2227010000E-02   7.7369472000E-03   1.1625987000E-03   1.2062690240E-01
   11      4.3890190000E-04   1.2183124000E-03   1.1626733000E-03   4.3890710000E-04   1.1394601600E-02
   12     -2.8000000000E-09   2.0799210000E-04  -2.0313260000E-04   9.2279808000E-03   2.0793290000E-04
   13      1.0656291500E-02  -1.9492190000E-04  -3.2512800000E-05  -5.3272696000E-03   1.9488500000E-04
   14     -1.6382175300E-02   1.2177952000E-03  -6.8830680000E-04  -1.6382139700E-02  -1.2179114000E-03
   15     -6.1500000000E-08   9.9892660000E-04  -3.8720580000E-04  -4.3590937000E-03   9.9897050000E-04
   16     -5.0327372000E-03  -3.7889490000E-04   5.4594730000E-04   2.5173588000E-03   3.7890970000E-04
   17     -9.4853464000E-03   2.8492640000E-04  -1.7123190000E-04  -9.4853549000E-03  -2.8500380000E-04
                   10                 11                 12                 13                 14        
    0     -1.0947854850E-01  -9.3610505000E-03  -1.2375580700E-02  -2.6000000000E-09   1.2760000000E-07
    1     -1.0776349180E-01  -5.4037403000E-03   5.5000000000E-09  -1.2374510500E-02  -7.3120000000E-06
    2     -5.2419430000E-03  -1.1085324200E-02   1.5810000000E-07   2.1422000000E-06   3.2151659400E-02
    3     -2.3965698800E-02   1.6172436000E-03  -1.4389990000E-04   4.0900000000E-08  -3.9000000000E-08
    4     -1.2599205400E-02   4.7368330000E-04   1.7000000000E-09   3.3501110000E-04   1.3986333000E-03
    5     -1.6383281000E-03   4.3890190000E-04  -2.8000000000E-09   1.0656291500E-02  -1.6382175300E-02
    6      1.2227010000E-02   1.2183124000E-03   2.0799210000E-04  -1.9492190000E-04   1.2177952000E-03
    7      7.7369472000E-03   1.1626733000E-03  -2.0313260000E-04  -3.2512800000E-05  -6.8830680000E-04
    8      1.1625987000E-03   4.3890710000E-04   9.2279808000E-03  -5.3272696000E-03  -1.6382139700E-02
    9      1.2062690240E-01   1.1394601600E-02   2.0793290000E-04   1.9488500000E-04  -1.2179114000E-03
   10      1.1211232720E-01   6.5772246000E-03   2.0313070000E-04  -3.2516700000E-05  -6.8830340000E-04
   11      6.5772246000E-03   3.6074951300E-02  -9.2281536000E-03  -5.3271622000E-03  -1.6382050600E-02
   12      2.0313070000E-04  -9.2281536000E-03   9.7404077000E-03  -3.0000000000E-09   9.0900000000E-08
   13     -3.2516700000E-05  -5.3271622000E-03  -3.0000000000E-09   9.7408917000E-03  -7.2941000000E-06
   14     -6.8830340000E-04  -1.6382050600E-02   9.0900000000E-08  -7.2941000000E-06   3.5108315800E-02
   15      3.8720410000E-04   4.3590465000E-03   2.3631478000E-03   1.6000000000E-09  -6.3400000000E-08
   16      5.4593960000E-04   2.5173214000E-03  -2.3000000000E-09   2.3636372000E-03  -7.4169000000E-06
   17     -1.7124870000E-04  -9.4853855000E-03  -7.3500000000E-08   3.2922000000E-06  -1.8113609700E-02
                   15                 16                 17        
     0     -1.0199939700E-02  -2.2000000000E-09   1.4280000000E-07
     1     -3.2000000000E-09  -1.0198843000E-02   3.4003000000E-06
     2      1.4510000000E-07   2.1073000000E-06   3.2456283400E-02
     3      3.2830270000E-04  -1.2100000000E-08  -1.8900000000E-08
     4      1.5000000000E-09   1.2322490000E-03   3.3242150000E-04
     5     -6.1500000000E-08  -5.0327372000E-03  -9.4853464000E-03
     6      9.9892660000E-04  -3.7889490000E-04   2.8492640000E-04
     7     -3.8720580000E-04   5.4594730000E-04  -1.7123190000E-04
     8     -4.3590937000E-03   2.5173588000E-03  -9.4853549000E-03
     9      9.9897050000E-04   3.7890970000E-04  -2.8500380000E-04
    10      3.8720410000E-04   5.4593960000E-04  -1.7124870000E-04
    11      4.3590465000E-03   2.5173214000E-03  -9.4853855000E-03
    12      2.3631478000E-03  -2.3000000000E-09  -7.3500000000E-08
    13      1.6000000000E-09   2.3636372000E-03   3.2922000000E-06
    14     -6.3400000000E-08  -7.4169000000E-06  -1.8113609700E-02
    15      5.5105921000E-03   1.8000000000E-09   2.7100000000E-08
    16      1.8000000000E-09   5.5110699000E-03   3.3666000000E-06
    17      2.7100000000E-08   3.3666000000E-06   1.4113413100E-02

$vibrational_frequencies
18
    0        0.0000000000000000
    1        0.0000000000000000
    2        0.0000000000000000
    3        0.0000000000000000
    4        0.0000000000000000
    5        0.0000000000000000
    6     -321.1895043232979674
    7      147.0285379535927177
    8      192.7389961445916526
    9      192.7503141310806711
   10      957.2860697989445953
   11      957.2865716632840076
   12      993.9105938531845368
   13     1360.6858543357295730
   14     1360.7917862917897764
   15     2955.9691791748473406
   16     3040.6742913762964236
   17     3040.7158735445623279

$normal_modes
18 18
                    0                  1                  2                  3                  4        
    0      0.0000000000E+00   0.0000000000E+00   0.0000000000E+00   0.0000000000E+00   0.0000000000E+00
    1      0.0000000000E+00   0.0000000000E+00   0.0000000000E+00   0.0000000000E+00   0.0000000000E+00
    2      0.0000000000E+00   0.0000000000E+00   0.0000000000E+00   0.0000000000E+00   0.0000000000E+00
    3      0.0000000000E+00   0.0000000000E+00   0.0000000000E+00   0.0000000000E+00   0.0000000000E+00
    4      0.0000000000E+00   0.0000000000E+00   0.0000000000E+00   0.0000000000E+00   0.0000000000E+00
    5      0.0000000000E+00   0.0000000000E+00   0.0000000000E+00   0.0000000000E+00   0.0000000000E+00
    6      0.0000000000E+00   0.0000000000E+00   0.0000000000E+00   0.0000000000E+00   0.0000000000E+00
    7      0.0000000000E+00   0.0000000000E+00   0.0000000000E+00   0.0000000000E+00   0.0000000000E+00
    8      0.0000000000E+00   0.0000000000E+00   0.0000000000E+00   0.0000000000E+00   0.0000000000E+00
    9      0.0000000000E+00   0.0000000000E+00   0.0000000000E+00   0.0000000000E+00   0.0000000000E+00
   10      0.0000000000E+00   0.0000000000E+00   0.0000000000E+00   0.0000000000E+00   0.0000000000E+00
   11      0.0000000000E+00   0.0000000000E+00   0.0000000000E+00   0.0000000000E+00   0.0000000000E+00
   12      0.0000000000E+00   0.0000000000E+00   0.0000000000E+00   0.0000000000E+00   0.0000000000E+00
   13      0.0000000000E+00   0.0000000000E+00   0.0000000000E+00   0.0000000000E+00   0.0000000000E+00
   14      0.0000000000E+00   0.0000000000E+00   0.0000000000E+00   0.0000000000E+00   0.0000000000E+00
   15      0.0000000000E+00   0.0000000000E+00   0.0000000000E+00   0.0000000000E+00   0.0000000000E+00
   16      0.0000000000E+00   0.0000000000E+00   0.0000000000E+00   0.0000000000E+00   0.0000000000E+00
   17      0.0000000000E+00   0.0000000000E+00   0.0000000000E+00   0.0000000000E+00   0.0000000000E+00
                    5                  6                  7                  8                  9        
    0      0.0000000000E+00  -3.1896523571E-06  -1.0760814476E-06   4.8300878727E-01   3.4152477250E-04
    1      0.0000000000E+00  -3.6717601005E-05   1.5227637937E-03  -3.4151784128E-04   4.8301634397E-01
    2      0.0000000000E+00  -9.3204097695E-01   2.5230983817E-01  -1.5232740292E-06  -1.1068687188E-04
    3      0.0000000000E+00  -1.0525698598E-06  -1.6523703166E-06   5.0271981547E-01   3.5556440121E-04
    4      0.0000000000E+00   2.2061306100E-02  -1.4572126417E-03  -3.4860495706E-04   4.9293866414E-01
    5      0.0000000000E+00  -1.7787078942E-01   1.0980317495E-01  -6.0923741129E-05   8.4286502027E-02
    6      0.0000000000E+00   1.9119759074E-02  -2.5220676463E-03   4.9534835882E-01   4.6305893578E-03
    7      0.0000000000E+00  -1.1119202936E-02   3.2387641692E-03   3.9006670177E-03   5.0024098512E-01
    8      0.0000000000E+00  -1.7785918314E-01   1.0938267539E-01   7.3029919390E-02  -4.2106245963E-02
    9      0.0000000000E+00  -1.9121114617E-02   2.5187951278E-03   4.9535384542E-01  -3.9301841900E-03
   10      0.0000000000E+00  -1.1118770156E-02   3.2387827726E-03  -4.6079862987E-03   5.0023479383E-01
   11      0.0000000000E+00  -1.7785943198E-01   1.0938509968E-01  -7.2974171762E-02  -4.2208322984E-02
   12      0.0000000000E+00   2.6080321454E-07   1.0794460097E-07  -4.6198024151E-02  -3.2668438292E-05
   13      0.0000000000E+00   3.9066605723E-06  -1.4756592614E-04   3.2666507055E-05  -4.6198555117E-02
   14      0.0000000000E+00   6.9939587927E-02  -4.1967389340E-01  -4.6164269092E-08   1.3721466183E-04
   15      0.0000000000E+00   5.6130977215E-07   2.6131296722E-07  -1.0198194257E-01  -7.2102872777E-05
   16      0.0000000000E+00   8.6580332626E-06  -3.2606254485E-04   7.2103588129E-05  -1.0198309063E-01
   17      0.0000000000E+00   1.7331196848E-01   8.5099289479E-01   7.6727190470E-07  -2.7094181051E-04
                   10                 11                 12                 13                 14        
    0     -8.5804216716E-04   2.6169350424E-02  -9.1563015487E-08  -1.7571623758E-06  -9.6390600730E-02
    1     -2.6169885024E-02  -8.5809241411E-04  -1.6347117003E-05   9.6382368713E-02  -1.7537773133E-06
    2     -5.5638533448E-06  -2.6769317503E-07  -3.9801108881E-02  -9.4566196336E-07   2.7399430077E-07
    3      1.6114690176E-03  -4.9109545455E-02   1.7430087386E-06   1.9345132526E-05   8.0744657904E-01
    4      1.5242863061E-02   4.9992709456E-04   2.5308739812E-02   5.7382713208E-02  -5.6402512366E-06
    5      8.1420991816E-01   2.6692365435E-02   5.7614036282E-01   7.2225947205E-02  -4.3039680621E-06
    6      1.5456716755E-02  -2.3224214892E-02   2.1980915657E-02  -3.7459675758E-01   1.5879413723E-01
    7      4.1123648302E-02  -1.3336063433E-02  -1.2596793946E-02  -5.9115945344E-01   3.7451858336E-01
    8     -3.8388137345E-01  -7.1840682154E-01   5.7631453060E-01  -3.5983390713E-02  -6.2469710120E-02
    9     -1.3903575733E-02  -2.4181602735E-02  -2.1977003654E-02   3.7459787989E-01   1.5877321036E-01
   10      4.0159590995E-02   1.6000979935E-02  -1.2596548003E-02  -5.9118114330E-01  -3.7449247430E-01
   11     -4.3011008186E-01   6.9172081204E-01   5.7631559610E-01  -3.5983132455E-02   6.2470605245E-02
   12      1.5818087194E-04  -4.8248473903E-03  -3.1383713776E-08   4.6436409071E-09  -2.8741655472E-05
   13      4.8248168294E-03   1.5818357556E-04   3.4062500132E-08   2.9040294596E-05  -8.3300944219E-09
   14     -9.0075658508E-07  -2.1972738702E-09  -9.9098991709E-03  -4.2008434587E-06   1.1187823884E-09
   15     -1.5577339346E-04   4.7520019328E-03  -5.9033914971E-08   2.9071472800E-09   7.3420939247E-04
   16     -4.7520572823E-03  -1.5576910409E-04   2.1804242841E-06  -7.3368695278E-04   3.0960099359E-08
   17     -2.2963546619E-06  -8.5068976318E-08  -1.3334515863E-02   2.4118215139E-06   1.5732720033E-09
                   15                 16                 17        
     0      3.8637096969E-08  -5.0143084837E-07  -9.8082884717E-02
     1     -2.9047259276E-05   9.8087709400E-02  -5.0895658966E-07
     2     -4.7314070464E-03  -1.3561349553E-06   3.4142965545E-07
     3      6.3740008111E-10  -4.5794987967E-06  -3.8727232348E-02
     4     -5.7666642474E-01  -8.1089620620E-01   8.2845827379E-06
     5      2.3946186943E-02   3.7869967278E-02  -2.5003844612E-07
     6     -4.9959113263E-01   3.6770173042E-01   5.9837664007E-01
     7      2.8855667686E-01  -1.7360617223E-01  -3.6783663710E-01
     8      2.3961867371E-02  -1.8926991101E-02  -3.2789824682E-02
     9      4.9959061440E-01  -3.6769117755E-01   5.9838894270E-01
    10      2.8855637692E-01  -1.7359479158E-01   3.6783430826E-01
    11      2.3958332596E-02  -1.8923758800E-02   3.2786061665E-02
    12      8.9016948869E-09  -7.1911391434E-09   3.6254175037E-05
    13     -6.3792257057E-07  -3.6238199413E-05   5.9309936035E-09
    14     -1.4204546679E-04  -2.2982928107E-08  -5.3061272981E-11
    15     -1.8435168592E-08   1.6249561120E-08   2.2210144502E-04
    16     -1.4200608907E-06  -2.2209962729E-04  -1.0272703755E-08
    17     -1.2024243853E-04  -3.5151986216E-08  -1.4529728129E-09

#
# The atoms: label  mass x y z (in bohrs)
#
$atoms
6
 C     12.01100      0.000000000000     0.000000000000    -1.480912466977
 H      1.00800      0.000000000000     2.050352855305    -1.560885676964
 H      1.00800      1.775658485025    -1.025176427652    -1.560885676964
 H      1.00800     -1.775658485025    -1.025176427652    -1.560885676964
 Br    79.90000      0.000000000000     0.000000000000     3.028352033786
 Cl    35.45300      0.000000000000     0.000000000000    -6.190109992709

$actual_temperature
  0.000000

$frequency_scale_factor
  1.000000


$end

