
$orca_hessian_file

$act_atom
  0

$act_coord
  0

$act_energy
      -12.272091

$multiplicity
  1

$hessian
18
                    0                  1                  2                  3                  4        
    0      5.9294517350E-01  -5.9000000000E-09  -2.1269000000E-06  -4.1273051300E-02  -1.5849000000E-06
    1     -5.9000000000E-09   5.9294889260E-01   5.4301000000E-06  -1.5929000000E-06  -3.3783889630E-01
    2     -2.1269000000E-06   5.4301000000E-06  -4.9949382100E-02   5.9700000000E-08  -1.0766860200E-02
    3     -4.1273051300E-02  -1.5929000000E-06   5.9700000000E-08   4.0952629500E-02   1.7181000000E-06
    4     -1.5849000000E-06  -3.3783889630E-01  -1.0766860200E-02   1.7181000000E-06   3.6291365110E-01
    5      6.9700000000E-08  -1.1867416800E-02  -2.6191757000E-03   4.7700000000E-08   9.6142543000E-03
    6     -2.6369927080E-01   1.2842570180E-01  -9.3295725000E-03  -1.7756950000E-04  -2.4556420000E-04
    7      1.2841934800E-01  -1.1542226270E-01   5.3740486000E-03   2.3746538700E-02  -1.3756336000E-02
    8     -1.0276340000E-02   5.9344279000E-03  -2.6188696000E-03   9.4110180000E-04  -2.7613320000E-04
    9     -2.6370183220E-01  -1.2842410610E-01   9.3313693000E-03  -1.7782170000E-04   2.4541360000E-04
   10     -1.2841776250E-01  -1.1541957380E-01   5.3748218000E-03  -2.3746673300E-02  -1.3756092400E-02
   11      1.0278217500E-02   5.9351795000E-03  -2.6189343000E-03  -9.4110770000E-04  -2.7611440000E-04
   12     -1.2588739400E-02   8.6000000000E-09   1.1870000000E-07   4.1524680000E-04   3.1000000000E-09
   13      2.9000000000E-09  -1.2587678900E-02   6.7515000000E-06   3.4200000000E-08   9.6381360000E-04
   14      1.0100000000E-07  -1.1599700000E-05   2.7589726500E-02  -5.7600000000E-08   2.9335020000E-04
   15     -1.1682279900E-02  -5.5000000000E-09   1.5170000000E-07   2.6056620000E-04   1.4300000000E-08
   16      2.5000000000E-09  -1.1680481000E-02   5.8083000000E-06  -2.4800000000E-08   1.4738599000E-03
   17      7.8700000000E-08   3.9791000000E-06   3.0216635200E-02  -4.4000000000E-08   1.4115034000E-03
                    5                  6                  7                  8                  9        
    0      6.9700000000E-08  -2.6369927080E-01   1.2841934800E-01  -1.0276340000E-02  -2.6370183220E-01
    1     -1.1867416800E-02   1.2842570180E-01  -1.1542226270E-01   5.9344279000E-03  -1.2842410610E-01
    2     -2.6191757000E-03  -9.3295725000E-03   5.3740486000E-03  -2.6188696000E-03   9.3313693000E-03
    3      4.7700000000E-08  -1.7756950000E-04   2.3746538700E-02   9.4110180000E-04  -1.7782170000E-04
    4      9.6142543000E-03  -2.4556420000E-04  -1.3756336000E-02  -2.7613320000E-04   2.4541360000E-04
    5      3.9764176200E-02   2.3004150000E-04   9.5163850000E-04  -6.7363930000E-04  -2.3003050000E-04
    6      2.3004150000E-04   2.8240361790E-01  -1.3942574220E-01   8.3256920000E-03  -2.0510191900E-02
    7      9.5163850000E-04  -1.3942574220E-01   1.2145847120E-01  -4.8072797000E-03  -1.1985193000E-02
    8     -6.7363930000E-04   8.3256920000E-03  -4.8072797000E-03   3.9761495800E-02   7.0951190000E-04
    9     -2.3003050000E-04  -2.0510191900E-02  -1.1985193000E-02   7.0951190000E-04   2.8240643220E-01
   10      9.5180740000E-04   1.1985473500E-02   6.6200725000E-03  -6.7759970000E-04   1.3942402770E-01
   11     -6.7363390000E-04  -7.0936880000E-04  -6.7751510000E-04  -6.7088040000E-04  -8.3274421000E-03
   12     -1.9200000000E-08   8.1906700000E-04  -2.3311710000E-04   7.8314611000E-03   8.1901670000E-04
   13      9.0459744000E-03  -2.2533120000E-04   5.4332040000E-04  -4.5222486000E-03   2.2529690000E-04
   14     -1.8326435500E-02   2.6427800000E-04  -1.2924950000E-04  -1.8327018600E-02  -2.6438420000E-04
   15     -1.0930000000E-07   1.1643473000E-03  -5.2183450000E-04  -7.5314268000E-03   1.1643968000E-03
   16     -8.6962578000E-03  -5.1453780000E-04   5.5673470000E-04   4.3488333000E-03   5.1456100000E-04
   17     -1.7471291800E-02   1.2189297000E-03  -7.1164270000E-04  -1.7471087900E-02  -1.2190244000E-03
                   10                 11                 12                 13                 14        
    0     -1.2841776250E-01   1.0278217500E-02  -1.2588739400E-02   2.9000000000E-09   1.0100000000E-07
    1     -1.1541957380E-01   5.9351795000E-03   8.6000000000E-09  -1.2587678900E-02  -1.1599700000E-05
    2      5.3748218000E-03  -2.6189343000E-03   1.1870000000E-07   6.7515000000E-06   2.7589726500E-02
    3     -2.3746673300E-02  -9.4110770000E-04   4.1524680000E-04   3.4200000000E-08  -5.7600000000E-08
    4     -1.3756092400E-02  -2.7611440000E-04   3.1000000000E-09   9.6381360000E-04   2.9335020000E-04
    5      9.5180740000E-04  -6.7363390000E-04  -1.9200000000E-08   9.0459744000E-03  -1.8326435500E-02
    6      1.1985473500E-02  -7.0936880000E-04   8.1906700000E-04  -2.2533120000E-04   2.6427800000E-04
    7      6.6200725000E-03  -6.7751510000E-04  -2.3311710000E-04   5.4332040000E-04  -1.2924950000E-04
    8     -6.7759970000E-04  -6.7088040000E-04   7.8314611000E-03  -4.5222486000E-03  -1.8327018600E-02
    9      1.3942402770E-01  -8.3274421000E-03   8.1901670000E-04   2.2529690000E-04  -2.6438420000E-04
   10      1.2145555330E-01  -4.8081694000E-03   2.3311430000E-04   5.4331600000E-04  -1.2923900000E-04
   11     -4.8081694000E-03   3.9761603900E-02  -7.8316402000E-03  -4.5221483000E-03  -1.8326989200E-02
   12      2.3311430000E-04  -7.8316402000E-03   8.5973723000E-03  -5.3000000000E-09   1.6130000000E-07
   13      5.4331600000E-04  -4.5221483000E-03  -5.3000000000E-09   8.5991445000E-03  -1.2452300000E-05
   14     -1.2923900000E-04  -1.8326989200E-02   1.6130000000E-07  -1.2452300000E-05   5.2820596900E-02
   15      5.2182040000E-04   7.5313412000E-03   1.9380365000E-03   2.6000000000E-09  -9.8600000000E-08
   16      5.5672430000E-04   4.3487677000E-03  -3.8000000000E-09   1.9380843000E-03  -1.0809600000E-05
   17     -7.1162100000E-04  -1.7471166100E-02  -8.1700000000E-08   4.1232000000E-06  -2.5429880000E-02
                   15                 16                 17        
     0     -1.1682279900E-02   2.5000000000E-09   7.8700000000E-08
     1     -5.5000000000E-09  -1.1680481000E-02   3.9791000000E-06
     2      1.5170000000E-07   5.8083000000E-06   3.0216635200E-02
     3      2.6056620000E-04  -2.4800000000E-08  -4.4000000000E-08
     4      1.4300000000E-08   1.4738599000E-03   1.4115034000E-03
     5     -1.0930000000E-07  -8.6962578000E-03  -1.7471291800E-02
     6      1.1643473000E-03  -5.1453780000E-04   1.2189297000E-03
     7     -5.2183450000E-04   5.5673470000E-04  -7.1164270000E-04
     8     -7.5314268000E-03   4.3488333000E-03  -1.7471087900E-02
     9      1.1643968000E-03   5.1456100000E-04  -1.2190244000E-03
    10      5.2182040000E-04   5.5672430000E-04  -7.1162100000E-04
    11      7.5313412000E-03   4.3487677000E-03  -1.7471166100E-02
    12      1.9380365000E-03  -3.8000000000E-09  -8.1700000000E-08
    13      2.6000000000E-09   1.9380843000E-03   4.1232000000E-06
    14     -9.8600000000E-08  -1.0809600000E-05  -2.5429880000E-02
    15      7.1549331000E-03   2.8000000000E-09   1.4170000000E-07
    16      2.8000000000E-09   7.1550777000E-03   3.6580000000E-06
    17      1.4170000000E-07   3.6580000000E-06   4.7626790700E-02

$vibrational_frequencies
18
    0        0.0000000000000000
    1        0.0000000000000000
    2        0.0000000000000000
    3        0.0000000000000000
    4        0.0000000000000000
    5        0.0000000000000000
    6     -351.6031581290210966
    7      187.3372072169732974
    8      197.9504147831949012
    9      197.9624283147579717
   10     1013.2216868555717610
   11     1024.5672526213709261
   12     1024.6393096861911545
   13     1335.9901539865493305
   14     1336.0770440639546450
   15     3141.8916680729171276
   16     3232.2765452716857908
   17     3232.3139527444718624

$normal_modes
18 18
                    0                  1                  2                  3                  4        
    0      0.0000000000E+00   0.0000000000E+00   0.0000000000E+00   0.0000000000E+00   0.0000000000E+00
    1      0.0000000000E+00   0.0000000000E+00   0.0000000000E+00   0.0000000000E+00   0.0000000000E+00
    2      0.0000000000E+00   0.0000000000E+00   0.0000000000E+00   0.0000000000E+00   0.0000000000E+00
    3      0.0000000000E+00   0.0000000000E+00   0.0000000000E+00   0.0000000000E+00   0.0000000000E+00
    4      0.0000000000E+00   0.0000000000E+00   0.0000000000E+00   0.0000000000E+00   0.0000000000E+00
    5      0.0000000000E+00   0.0000000000E+00   0.0000000000E+00   0.0000000000E+00   0.0000000000E+00
    6      0.0000000000E+00   0.0000000000E+00   0.0000000000E+00   0.0000000000E+00   0.0000000000E+00
    7      0.0000000000E+00   0.0000000000E+00   0.0000000000E+00   0.0000000000E+00   0.0000000000E+00
    8      0.0000000000E+00   0.0000000000E+00   0.0000000000E+00   0.0000000000E+00   0.0000000000E+00
    9      0.0000000000E+00   0.0000000000E+00   0.0000000000E+00   0.0000000000E+00   0.0000000000E+00
   10      0.0000000000E+00   0.0000000000E+00   0.0000000000E+00   0.0000000000E+00   0.0000000000E+00
   11      0.0000000000E+00   0.0000000000E+00   0.0000000000E+00   0.0000000000E+00   0.0000000000E+00
   12      0.0000000000E+00   0.0000000000E+00   0.0000000000E+00   0.0000000000E+00   0.0000000000E+00
   13      0.0000000000E+00   0.0000000000E+00   0.0000000000E+00   0.0000000000E+00   0.0000000000E+00
   14      0.0000000000E+00   0.0000000000E+00   0.0000000000E+00   0.0000000000E+00   0.0000000000E+00
   15      0.0000000000E+00   0.0000000000E+00   0.0000000000E+00   0.0000000000E+00   0.0000000000E+00
   16      0.0000000000E+00   0.0000000000E+00   0.0000000000E+00   0.0000000000E+00   0.0000000000E+00
   17      0.0000000000E+00   0.0000000000E+00   0.0000000000E+00   0.0000000000E+00   0.0000000000E+00
                    5                  6                  7                  8                  9        
    0      0.0000000000E+00   3.1904922148E-06   2.0929457450E-06   4.8656855669E-01   6.7465509409E-04
    1      0.0000000000E+00   1.6266380276E-04   7.8066256075E-03   6.7462168052E-04  -4.8657816590E-01
    2      0.0000000000E+00   9.8666012529E-01  -1.8768722759E-01  -1.1316262266E-06  -2.7307616167E-04
    3      0.0000000000E+00  -9.4451517650E-09   1.8070101883E-06   5.0669900079E-01   7.0261390614E-04
    4      0.0000000000E+00   2.9001431254E-02   9.3072412664E-03   6.8340052912E-04  -4.9295691131E-01
    5      0.0000000000E+00  -2.6609601295E-02  -2.9277074748E-01   2.9199640163E-05  -2.2192288973E-02
    6      0.0000000000E+00   2.5066741609E-02   1.4116971969E-03   4.9637912971E-01  -5.2841743954E-03
    7      0.0000000000E+00  -1.4063625742E-02   7.5910860736E-03   6.6607986252E-03  -5.0322556272E-01
    8      0.0000000000E+00  -2.6612363120E-02  -2.9327849970E-01   1.8624680668E-02   1.0170093670E-02
    9      0.0000000000E+00  -2.5067057607E-02  -1.4081317286E-03   4.9636230253E-01   6.6606066017E-03
   10      0.0000000000E+00  -1.4063797294E-02   7.5910573559E-03  -5.2653025182E-03  -5.0324214529E-01
   11      0.0000000000E+00  -2.6613889783E-02  -2.9327730280E-01  -1.8656111914E-02   1.0117639712E-02
   12      0.0000000000E+00  -5.6288073907E-07  -4.6501624929E-07  -1.1063183806E-01  -1.5339299721E-04
   13      0.0000000000E+00  -4.2746225799E-05  -1.7819044585E-03  -1.5338789046E-04   1.1063301409E-01
   14      0.0000000000E+00  -1.3760188909E-01  -8.0294860263E-01   3.1215394717E-06  -1.7156561237E-03
   15      0.0000000000E+00  -1.4213667442E-07  -1.1085585951E-07  -2.7055794610E-02  -3.7515515259E-05
   16      0.0000000000E+00  -1.0396164505E-05  -4.3559354750E-04  -3.7512592068E-05   2.7056249947E-02
   17      0.0000000000E+00  -5.4309696216E-02   2.4907493508E-01  -7.4725387757E-07   5.2029051510E-04
                   10                 11                 12                 13                 14        
    0     -7.2862133102E-08  -9.8930507666E-03  -1.1488346176E-06  -6.1590884782E-06  -9.7976809289E-02
    1     -8.2897405103E-06  -1.1925045219E-06   9.8851217938E-03  -9.7969191609E-02   6.1522862198E-06
    2     -9.4318628630E-03   1.6827823647E-07   1.0963215522E-06  -2.0541606606E-05   3.0290258939E-07
    3      2.2696015241E-06   6.1532494538E-02   8.7166420362E-06   4.6287308277E-05   8.0749803348E-01
    4     -1.5767815068E-02   1.9685158593E-06  -1.8966596053E-02  -5.8813556667E-02  -8.3805499624E-07
    5      5.7684594271E-01  -1.0139447361E-04   8.1394993838E-01   6.8855675038E-02  -6.7021360691E-06
    6     -1.3631010485E-02   2.9598547439E-02  -1.8427813348E-02   3.7523563199E-01   1.5770814693E-01
    7      7.9156660359E-03   1.8442694953E-02  -5.0869769573E-02   5.9088333465E-01   3.7511032787E-01
    8      5.7697083688E-01  -7.0480097250E-01  -4.0696829866E-01  -3.4463453774E-02   5.9677780527E-02
    9      1.3635300377E-02   2.9598777638E-02   1.8432983721E-02  -3.7521141420E-01   1.5774698935E-01
   10      7.9155220981E-03  -1.8430991601E-02  -5.0876852151E-02   5.9084386862E-01  -3.7518000349E-01
   11      5.7697775344E-01   7.0489349489E-01  -4.0679806658E-01  -3.4467579762E-02  -5.9674870200E-02
   12     -1.2532797404E-07  -7.7482180574E-03  -9.3330138191E-07   5.1074235469E-08   1.0840455313E-03
   13     -2.8451791066E-07  -9.2356591144E-07   7.7494059150E-03   1.0830168926E-03  -7.8568742474E-08
   14     -2.4036622152E-02   1.3067082516E-07  -3.8385050392E-06   1.2974818943E-05  -1.0415211476E-09
   15     -1.0193614678E-08   2.1420594907E-03   2.5917159528E-07   8.6441285036E-09   5.0669779574E-05
   16      3.6071738917E-07   2.6229402193E-07  -2.1417727522E-03   5.0550092596E-05  -2.5080270017E-10
   17     -6.1401451479E-03   1.8039321580E-08  -4.8954390249E-07  -1.0820303677E-06   1.7407895629E-09
                   15                 16                 17        
     0     -5.5282709999E-08   6.6886839011E-06  -9.8463718211E-02
     1      2.2703769425E-05   9.8467797177E-02   6.6990135784E-06
     2     -4.1359678037E-03   5.7660903560E-07   3.3044653326E-07
     3      2.6173795126E-08  -1.9151267400E-06  -3.7951080265E-02
     4      5.7699812432E-01  -8.1135258225E-01  -5.0923067824E-05
     5      1.5492029369E-02  -2.5504342244E-02  -1.4683117982E-06
     6      4.9983413717E-01   3.6756414935E-01   5.9896437365E-01
     7     -2.8867598662E-01  -1.7429487895E-01  -3.6772511880E-01
     8      1.5502013347E-02   1.2746108789E-02   2.2081395298E-02
     9     -4.9983362811E-01  -3.6764109607E-01   5.9892233099E-01
    10     -2.8867572294E-01  -1.7433709242E-01   3.6769720761E-01
    11      1.5505529211E-02   1.2751428527E-02  -2.2083968913E-02
    12     -1.7409122623E-08  -2.4818559605E-08   1.9433355089E-04
    13      1.2606427656E-06  -1.9434980596E-04   7.4951745154E-10
    14     -3.4794125227E-05   2.6710027806E-08   1.0573844107E-09
    15      5.8447424010E-09   2.7468707020E-10   5.1559516773E-05
    16      3.0752869347E-07  -5.1552389084E-05  -8.0653368329E-09
    17      3.1828974861E-05  -7.9845082310E-09   5.3412957701E-10

#
# The atoms: label  mass x y z (in bohrs)
#
$atoms
6
 C     12.01100     -0.000000014172     0.000000609095     2.617770191181
 H      1.00800     -0.000000014798     2.014240710753     2.686254397580
 H      1.00800      1.744383076960    -1.007119411887     2.686254990939
 H      1.00800     -1.744383106370    -1.007119411782     2.686254982829
 Cl    35.45300     -0.000000012143     0.000001591390     6.872622039966
 I    126.90000      0.000000005085    -0.000000517238    -2.231838781998

$actual_temperature
  0.000000

$frequency_scale_factor
  1.000000


$end

