
$orca_hessian_file

$act_atom
  0

$act_coord
  0

$act_energy
      -12.261015

$multiplicity
  1

$hessian
18
                    0                  1                  2                  3                  4        
    0      5.2885075030E-01  -1.3000000000E-09  -1.9184000000E-06  -4.5282867700E-02  -1.2385000000E-06
    1     -1.3000000000E-09   5.2885362200E-01   4.7900000000E-06  -1.2283000000E-06  -2.9340820590E-01
    2     -1.9184000000E-06   4.7900000000E-06  -3.0515394400E-02   2.3960000000E-07   1.5181882800E-02
    3     -4.5282867700E-02  -1.2283000000E-06   2.3960000000E-07   4.3001621100E-02   1.3882000000E-06
    4     -1.2385000000E-06  -2.9340820590E-01   1.5181882800E-02   1.3882000000E-06   3.1706133620E-01
    5      2.2980000000E-07   1.9593971200E-02  -1.0476769300E-02  -1.0720000000E-07  -1.4905396500E-02
    6     -2.3137394760E-01   1.0744583800E-01   1.3141939100E-02   1.0148696000E-03  -4.3778840000E-04
    7      1.0744104800E-01  -1.0731574560E-01  -7.6004358000E-03   2.4241049000E-02  -1.2736308500E-02
    8      1.6969160800E-02  -9.7976033000E-03  -1.0476882500E-02  -2.4111130000E-04   6.7099780000E-04
    9     -2.3137642180E-01  -1.0744460580E-01  -1.3140471400E-02   1.0146093000E-03   4.3764660000E-04
   10     -1.0743981000E-01  -1.0731349740E-01  -7.5995897000E-03  -2.4241202400E-02  -1.2736066600E-02
   11     -1.6967708900E-02  -9.7966945000E-03  -1.0476666900E-02   2.4111400000E-04   6.7099490000E-04
   12     -1.1803010700E-02   2.2000000000E-09   1.2270000000E-07   6.8061110000E-04  -3.6000000000E-09
   13      8.0000000000E-10  -1.1802320800E-02   6.6712000000E-06   2.2600000000E-08   1.8020186000E-03
   14      1.5850000000E-07  -3.1658000000E-06   3.5000149300E-02  -4.8200000000E-08  -1.0292586000E-03
   15     -9.0145026000E-03  -4.7000000000E-09   8.8400000000E-08  -4.2884340000E-04  -4.4000000000E-09
   16      1.0000000000E-09  -9.0138523000E-03   6.6815000000E-06  -2.9100000000E-08   1.7226200000E-05
   17      7.8300000000E-08  -1.2976000000E-06   2.6945563800E-02  -8.6900000000E-08  -5.8922030000E-04
                    5                  6                  7                  8                  9        
    0      2.2980000000E-07  -2.3137394760E-01   1.0744104800E-01   1.6969160800E-02  -2.3137642180E-01
    1      1.9593971200E-02   1.0744583800E-01  -1.0731574560E-01  -9.7976033000E-03  -1.0744460580E-01
    2     -1.0476769300E-02   1.3141939100E-02  -7.6004358000E-03  -1.0476882500E-02  -1.3140471400E-02
    3     -1.0720000000E-07   1.0148696000E-03   2.4241049000E-02  -2.4111130000E-04   1.0146093000E-03
    4     -1.4905396500E-02  -4.3778840000E-04  -1.2736308500E-02   6.7099780000E-04   4.3764660000E-04
    5      3.3952320900E-02   4.6072470000E-04  -5.4417810000E-04  -5.2577900000E-05  -4.6073840000E-04
    6      4.6072470000E-04   2.4853291970E-01  -1.1867486580E-01  -1.2907994700E-02  -1.9594031100E-02
    7     -5.4417810000E-04  -1.1867486580E-01   1.1152286470E-01   7.4542485000E-03  -1.2332623200E-02
    8     -5.2577900000E-05  -1.2907994700E-02   7.4542485000E-03   3.3952365500E-02  -7.0281430000E-04
    9     -4.6073840000E-04  -1.9594031100E-02  -1.2332623200E-02  -7.0281430000E-04   2.4853558990E-01
   10     -5.4400710000E-04   1.2332904700E-02   7.8935264000E-03  -1.2575070000E-04   1.1867349110E-01
   11     -5.2577200000E-05   7.0295010000E-04  -1.2567060000E-04  -5.2561400000E-05   1.2906570800E-02
   12     -6.5000000000E-09   1.5178949000E-03  -4.8339510000E-04   4.3738513000E-03   1.5178911000E-03
   13      5.0500389000E-03  -4.7942790000E-04   9.5671750000E-04  -2.5260890000E-03   4.7940390000E-04
   14     -7.6617320000E-03  -8.8848380000E-04   5.1948600000E-04  -7.6617168000E-03   8.8842150000E-04
   15     -1.0250000000E-07  -9.7705400000E-05  -1.9121290000E-04  -7.4910918000E-03  -9.7637400000E-05
   16     -8.6504284000E-03  -1.8666050000E-04  -3.2105450000E-04   4.3241968000E-03   1.8668740000E-04
   17     -1.5708664600E-02  -5.0913560000E-04   2.9655010000E-04  -1.5708627000E-02   5.0903170000E-04
                   10                 11                 12                 13                 14        
    0     -1.0743981000E-01  -1.6967708900E-02  -1.1803010700E-02   8.0000000000E-10   1.5850000000E-07
    1     -1.0731349740E-01  -9.7966945000E-03   2.2000000000E-09  -1.1802320800E-02  -3.1658000000E-06
    2     -7.5995897000E-03  -1.0476666900E-02   1.2270000000E-07   6.6712000000E-06   3.5000149300E-02
    3     -2.4241202400E-02   2.4111400000E-04   6.8061110000E-04   2.2600000000E-08  -4.8200000000E-08
    4     -1.2736066600E-02   6.7099490000E-04  -3.6000000000E-09   1.8020186000E-03  -1.0292586000E-03
    5     -5.4400710000E-04  -5.2577200000E-05  -6.5000000000E-09   5.0500389000E-03  -7.6617320000E-03
    6      1.2332904700E-02   7.0295010000E-04   1.5178949000E-03  -4.7942790000E-04  -8.8848380000E-04
    7      7.8935264000E-03  -1.2567060000E-04  -4.8339510000E-04   9.5671750000E-04   5.1948600000E-04
    8     -1.2575070000E-04  -5.2561400000E-05   4.3738513000E-03  -2.5260890000E-03  -7.6617168000E-03
    9      1.1867349110E-01   1.2906570800E-02   1.5178911000E-03   4.7940390000E-04   8.8842150000E-04
   10      1.1152038700E-01   7.4532808000E-03   4.8339900000E-04   9.5670820000E-04   5.1948700000E-04
   11      7.4532808000E-03   3.3952187300E-02  -4.3739486000E-03  -2.5260371000E-03  -7.6616941000E-03
   12      4.8339900000E-04  -4.3739486000E-03   5.8299778000E-03  -1.4000000000E-09   1.4000000000E-09
   13      9.5670820000E-04  -2.5260371000E-03  -1.4000000000E-09   5.8301601000E-03  -3.2422000000E-06
   14      5.1948700000E-04  -7.6616941000E-03   1.4000000000E-09  -3.2422000000E-06   2.9402645000E-03
   15      1.9121750000E-04   7.4910226000E-03   2.2566358000E-03   2.1000000000E-09  -4.9400000000E-08
   16     -3.2105760000E-04   4.3241266000E-03  -1.1000000000E-09   2.2567164000E-03  -3.3064000000E-06
   17      2.9657970000E-04  -1.5708687700E-02  -2.0400000000E-08  -1.3418000000E-06  -1.4955270900E-02
                   15                 16                 17        
     0     -9.0145026000E-03   1.0000000000E-09   7.8300000000E-08
     1     -4.7000000000E-09  -9.0138523000E-03  -1.2976000000E-06
     2      8.8400000000E-08   6.6815000000E-06   2.6945563800E-02
     3     -4.2884340000E-04  -2.9100000000E-08  -8.6900000000E-08
     4     -4.4000000000E-09   1.7226200000E-05  -5.8922030000E-04
     5     -1.0250000000E-07  -8.6504284000E-03  -1.5708664600E-02
     6     -9.7705400000E-05  -1.8666050000E-04  -5.0913560000E-04
     7     -1.9121290000E-04  -3.2105450000E-04   2.9655010000E-04
     8     -7.4910918000E-03   4.3241968000E-03  -1.5708627000E-02
     9     -9.7637400000E-05   1.8668740000E-04   5.0903170000E-04
    10      1.9121750000E-04  -3.2105760000E-04   2.9657970000E-04
    11      7.4910226000E-03   4.3241266000E-03  -1.5708687700E-02
    12      2.2566358000E-03  -1.1000000000E-09  -2.0400000000E-08
    13      2.1000000000E-09   2.2567164000E-03  -1.3418000000E-06
    14     -4.9400000000E-08  -3.3064000000E-06  -1.4955270900E-02
    15      7.3820529000E-03   2.4000000000E-09   1.3290000000E-07
    16      2.4000000000E-09   7.3820218000E-03  -1.2701000000E-06
    17      1.3290000000E-07  -1.2701000000E-06   3.5135686400E-02

$vibrational_frequencies
18
    0        0.0000000000000000
    1        0.0000000000000000
    2        0.0000000000000000
    3        0.0000000000000000
    4        0.0000000000000000
    5        0.0000000000000000
    6     -322.5727667699578660
    7      122.3798809949733055
    8      185.0374506373742918
    9      185.0401458300459296
   10      931.7650485196351156
   11      931.7653941487628799
   12      947.4089841559455181
   13     1367.4591068314666700
   14     1367.4931118310730653
   15     2940.5424194016572983
   16     3022.2285128454182086
   17     3022.2427257772478697

$normal_modes
18 18
                    0                  1                  2                  3                  4        
    0      0.0000000000E+00   0.0000000000E+00   0.0000000000E+00   0.0000000000E+00   0.0000000000E+00
    1      0.0000000000E+00   0.0000000000E+00   0.0000000000E+00   0.0000000000E+00   0.0000000000E+00
    2      0.0000000000E+00   0.0000000000E+00   0.0000000000E+00   0.0000000000E+00   0.0000000000E+00
    3      0.0000000000E+00   0.0000000000E+00   0.0000000000E+00   0.0000000000E+00   0.0000000000E+00
    4      0.0000000000E+00   0.0000000000E+00   0.0000000000E+00   0.0000000000E+00   0.0000000000E+00
    5      0.0000000000E+00   0.0000000000E+00   0.0000000000E+00   0.0000000000E+00   0.0000000000E+00
    6      0.0000000000E+00   0.0000000000E+00   0.0000000000E+00   0.0000000000E+00   0.0000000000E+00
    7      0.0000000000E+00   0.0000000000E+00   0.0000000000E+00   0.0000000000E+00   0.0000000000E+00
    8      0.0000000000E+00   0.0000000000E+00   0.0000000000E+00   0.0000000000E+00   0.0000000000E+00
    9      0.0000000000E+00   0.0000000000E+00   0.0000000000E+00   0.0000000000E+00   0.0000000000E+00
   10      0.0000000000E+00   0.0000000000E+00   0.0000000000E+00   0.0000000000E+00   0.0000000000E+00
   11      0.0000000000E+00   0.0000000000E+00   0.0000000000E+00   0.0000000000E+00   0.0000000000E+00
   12      0.0000000000E+00   0.0000000000E+00   0.0000000000E+00   0.0000000000E+00   0.0000000000E+00
   13      0.0000000000E+00   0.0000000000E+00   0.0000000000E+00   0.0000000000E+00   0.0000000000E+00
   14      0.0000000000E+00   0.0000000000E+00   0.0000000000E+00   0.0000000000E+00   0.0000000000E+00
   15      0.0000000000E+00   0.0000000000E+00   0.0000000000E+00   0.0000000000E+00   0.0000000000E+00
   16      0.0000000000E+00   0.0000000000E+00   0.0000000000E+00   0.0000000000E+00   0.0000000000E+00
   17      0.0000000000E+00   0.0000000000E+00   0.0000000000E+00   0.0000000000E+00   0.0000000000E+00
                    5                  6                  7                  8                  9        
    0      0.0000000000E+00  -2.2531176058E-06   3.0418435089E-06  -4.8929442756E-01   9.4772098266E-05
    1      0.0000000000E+00  -1.3797878435E-04   2.5525470315E-05   9.4771011898E-05   4.8929740177E-01
    2      0.0000000000E+00  -9.2170041495E-01  -4.0335775647E-01   6.5931235661E-07  -9.7437492376E-05
    3      0.0000000000E+00   8.3758066633E-07   4.0190223041E-06  -5.0336745407E-01   9.7349973319E-05
    4      0.0000000000E+00   3.4927110897E-02   9.0309045014E-03   9.5715664962E-05   4.9361398260E-01
    5      0.0000000000E+00  -1.8731027532E-01  -1.8334940423E-01  -6.4311972291E-06  -4.2486402927E-02
    6      0.0000000000E+00   3.0306124250E-02   7.8040935069E-03  -4.9603441702E-01   4.3444886866E-03
    7      0.0000000000E+00  -1.7799369554E-02  -4.4719166547E-03  -4.1362119043E-03   5.0091175251E-01
    8      0.0000000000E+00  -1.8732036577E-01  -1.8334765937E-01   3.6770937302E-02   2.1176351430E-02
    9      0.0000000000E+00  -3.0305257354E-02  -7.7964333308E-03  -4.9603632867E-01  -4.1522362183E-03
   10      0.0000000000E+00  -1.7799836206E-02  -4.4721348171E-03   4.3301422974E-03   5.0091033946E-01
   11      0.0000000000E+00  -1.8731992622E-01  -1.8334563828E-01  -3.6759897835E-02   2.1190569658E-02
   12      0.0000000000E+00   3.6850521578E-07  -7.1117475346E-07   1.0760860017E-01  -2.0842000468E-05
   13      0.0000000000E+00   3.3881584029E-05  -5.7368806820E-06  -2.0840270594E-05  -1.0760903327E-01
   14      0.0000000000E+00   2.0060830769E-01  -8.1441360448E-01  -8.9931490901E-07   2.7682920887E-05
   15      0.0000000000E+00   9.6764909333E-08  -1.8199319031E-07   2.8126630204E-02  -5.4477186043E-06
   16      0.0000000000E+00   8.9324744069E-06  -1.5031099054E-06  -5.4484455253E-06  -2.8126773833E-02
   17      0.0000000000E+00   3.5656607747E-02   2.7007548129E-01   1.5224015014E-07   2.4374847919E-06
                   10                 11                 12                 13                 14        
    0     -1.6433459193E-05   3.6730317945E-04   1.2048318746E-07  -8.3546876414E-06   9.7684266515E-02
    1      3.7159674729E-04   1.6596943050E-05  -9.1916403202E-06  -9.7682235392E-02  -8.3469301923E-06
    2     -1.1660052179E-06  -2.8200453042E-08   3.9711092113E-02  -1.6813884874E-05  -3.8960111701E-07
    3      1.7840218005E-03  -3.9885761226E-02  -1.9601666356E-06   6.4621642268E-05  -8.0981036000E-01
    4     -4.7943975629E-02  -2.1462870832E-03  -2.8506954085E-02  -5.6137582770E-02  -2.4000977174E-07
    5     -8.1324040552E-01  -3.6408600964E-02  -5.7618732903E-01  -3.6831620143E-02  -1.9527120865E-07
    6      5.5329462583E-03  -4.5779112685E-02  -2.4659204980E-02   3.7504479183E-01  -1.6029030716E-01
    7     -4.2078705477E-02   1.6143419975E-03   1.4272349934E-02   5.9331351598E-01  -3.7493564513E-01
    8      4.3820498916E-01  -6.8611182907E-01  -5.7610886283E-01   1.8453628118E-02   3.1895191796E-02
    9     -1.4191964742E-03  -4.6085409411E-02   2.4655205387E-02  -3.7501279528E-01  -1.6034683736E-01
   10     -4.1763642011E-02  -5.3675513565E-03   1.4272304173E-02   5.9325737057E-01   3.7503252313E-01
   11      3.7514090074E-01   7.2252474510E-01  -5.7610975598E-01   1.8461410280E-02  -3.1891181632E-02
   12      2.4451636845E-04  -5.4614996598E-03   6.8810225337E-08   4.1859979626E-08  -6.1902131041E-04
   13     -5.4617231687E-03  -2.4451993580E-04   6.0660319681E-07   6.1857884922E-04   6.7316475199E-08
   14     -1.0315191068E-06  -2.1037191576E-08   1.2171779962E-02   2.7434644103E-06   8.6206820005E-09
   15     -1.1360449401E-04   2.5375819901E-03   1.6712259846E-08   1.1607242422E-08  -9.3368621295E-05
   16      2.5375243236E-03   1.1360371800E-04   4.0105017106E-07   9.3412790649E-05   3.6037661344E-09
   17     -4.3934533724E-07  -2.5729253714E-08   6.5700327271E-03   1.6234773272E-07   4.1643661997E-09
                   15                 16                 17        
     0      2.4659463576E-08   9.8060920738E-02  -7.2912890557E-06
     1     -1.9978867194E-05  -7.3002279391E-06  -9.8061690541E-02
     2     -6.8423469138E-03  -3.3508805517E-07   1.5260937904E-06
     3      8.2545603950E-08   3.9859974705E-02   1.4078558343E-06
     4     -5.7658456192E-01   5.6121653728E-05   8.1037469528E-01
     5      2.6658931768E-02  -3.3374965279E-06  -4.6200558438E-02
     6     -4.9948936964E-01  -5.9775870438E-01  -3.6797799021E-01
     7      2.8843664643E-01   3.6813070767E-01   1.7260012011E-01
     8      2.6671718053E-02   4.0010740608E-02   2.3090057007E-02
     9      4.9948902671E-01  -5.9771240712E-01   3.6806258135E-01
    10      2.8843635313E-01  -3.6810085230E-01   1.7264733316E-01
    11      2.6668186019E-02  -4.0003383907E-02   2.3093035582E-02
    12      1.7664985109E-08  -2.4091845310E-04   3.2216199418E-08
    13     -6.9112322261E-07   7.6122999220E-09   2.4090890598E-04
    14      8.0048733923E-05   4.8368775078E-10  -2.4370235402E-08
    15     -5.2009171866E-09  -3.4770773571E-05  -1.9974524373E-09
    16     -2.0706526825E-07   5.8969499200E-09   3.4758833028E-05
    17     -1.0192005583E-05  -3.4486947647E-10   1.1005600086E-09

#
# The atoms: label  mass x y z (in bohrs)
#
$atoms
6
 C     12.01100     -0.000000000000     0.000000000000     2.677434961529
 H      1.00800     -0.000000000000     2.050352855305     2.539107008526
 H      1.00800      1.775658485025    -1.025176427652     2.539107008526
 H      1.00800     -1.775658485025    -1.025176427652     2.539107008526
 Cl    35.45300     -0.000000000000     0.000000000000     7.386632487261
 I    126.90000     -0.000000000000     0.000000000000    -2.377582446710

$actual_temperature
  0.000000

$frequency_scale_factor
  1.000000


$end

