
$orca_hessian_file

$act_atom
  0

$act_coord
  0

$act_energy
      -12.265481

$multiplicity
  1

$hessian
18
                    0                  1                  2                  3                  4        
    0      5.4714511310E-01   2.5000000000E-08  -2.0095000000E-06  -4.4212379200E-02  -1.3396000000E-06
    1      2.5000000000E-08   5.4714336980E-01   4.6993000000E-06  -1.3338000000E-06  -3.0604198670E-01
    2     -2.0095000000E-06   4.6993000000E-06  -3.8998034400E-02   1.7560000000E-07   7.6070132000E-03
    3     -4.4212379200E-02  -1.3338000000E-06   1.7560000000E-07   4.2424739900E-02   1.4828000000E-06
    4     -1.3396000000E-06  -3.0604198670E-01   7.6070132000E-03   1.4828000000E-06   3.2988332090E-01
    5      1.8210000000E-07   1.0403689600E-02  -7.9177827000E-03  -6.5400000000E-08  -7.0672300000E-03
    6     -2.4058692240E-01   1.1338186530E-01   6.6138952000E-03   7.5373960000E-04  -3.7183690000E-04
    7      1.1337813340E-01  -1.0967240530E-01  -3.8123925000E-03   2.4058754700E-02  -1.2914589500E-02
    8      9.0106614000E-03  -5.2025767000E-03  -7.9177155000E-03   3.1824270000E-04   3.1971110000E-04
    9     -2.4058945760E-01  -1.1338055490E-01  -6.6123534000E-03   7.5348010000E-04   3.7168890000E-04
   10     -1.1337682160E-01  -1.0967004540E-01  -3.8115668000E-03  -2.4058898300E-02  -1.2914350100E-02
   11     -9.0090825000E-03  -5.2017093000E-03  -7.9175573000E-03  -3.1824690000E-04   3.1971850000E-04
   12     -1.1769532200E-02   3.2000000000E-09   1.5150000000E-07   5.8182450000E-04   1.3000000000E-09
   13      1.3000000000E-09  -1.1770907800E-02   6.1844000000E-06   2.3900000000E-08   1.6657326000E-03
   14      1.4950000000E-07  -3.9966000000E-06   3.4557250000E-02  -4.2800000000E-08  -8.8216980000E-04
   15     -9.9868217000E-03  -4.8000000000E-09   1.4060000000E-07  -3.0140480000E-04   3.5000000000E-09
   16      1.5000000000E-09  -9.9880246000E-03   6.0622000000E-06  -2.9400000000E-08   3.2187290000E-04
   17      9.8900000000E-08  -1.0640000000E-07   2.8193839900E-02  -6.3300000000E-08  -2.9704300000E-04
                    5                  6                  7                  8                  9        
    0      1.8210000000E-07  -2.4058692240E-01   1.1337813340E-01   9.0106614000E-03  -2.4058945760E-01
    1      1.0403689600E-02   1.1338186530E-01  -1.0967240530E-01  -5.2025767000E-03  -1.1338055490E-01
    2     -7.9177827000E-03   6.6138952000E-03  -3.8123925000E-03  -7.9177155000E-03  -6.6123534000E-03
    3     -6.5400000000E-08   7.5373960000E-04   2.4058754700E-02   3.1824270000E-04   7.5348010000E-04
    4     -7.0672300000E-03  -3.7183690000E-04  -1.2914589500E-02   3.1971110000E-04   3.7168890000E-04
    5      3.4300596700E-02   4.3370460000E-04   1.1573310000E-04  -2.1601780000E-04  -4.3371010000E-04
    6      4.3370460000E-04   2.5806221440E-01  -1.2449458350E-01  -6.1242696000E-03  -1.9778698200E-02
    7      1.1573310000E-04  -1.2449458350E-01   1.1429869040E-01   3.5355199000E-03  -1.2209473500E-02
    8     -2.1601780000E-04  -6.1242696000E-03   3.5355199000E-03   3.4300629200E-02  -1.1580310000E-04
    9     -4.3371010000E-04  -1.9778698200E-02  -1.2209473500E-02  -1.1580310000E-04   2.5806496530E-01
   10      1.1590550000E-04   1.2209754800E-02   7.5909854000E-03  -4.3483090000E-04   1.2449313830E-01
   11     -2.1601260000E-04   1.1594020000E-04  -4.3474970000E-04  -2.1600610000E-04   6.1227307000E-03
   12     -6.9000000000E-09   1.3887579000E-03  -4.6587540000E-04   4.7213437000E-03   1.3887418000E-03
   13      5.4510298000E-03  -4.6212720000E-04   8.4748380000E-04  -2.7264811000E-03   4.6210150000E-04
   14     -9.3476367000E-03  -7.8139160000E-04   4.4716190000E-04  -9.3476952000E-03   7.8133640000E-04
   15     -1.0430000000E-07   1.6090860000E-04  -2.6695580000E-04  -7.8101751000E-03   1.6096860000E-04
   16     -9.0191278000E-03  -2.6307260000E-04  -1.5016490000E-04   4.5086577000E-03   2.6309960000E-04
   17     -1.6603146800E-02  -2.5787890000E-04   1.4872730000E-04  -1.6603194600E-02   2.5779950000E-04
                   10                 11                 12                 13                 14        
    0     -1.1337682160E-01  -9.0090825000E-03  -1.1769532200E-02   1.3000000000E-09   1.4950000000E-07
    1     -1.0967004540E-01  -5.2017093000E-03   3.2000000000E-09  -1.1770907800E-02  -3.9966000000E-06
    2     -3.8115668000E-03  -7.9175573000E-03   1.5150000000E-07   6.1844000000E-06   3.4557250000E-02
    3     -2.4058898300E-02  -3.1824690000E-04   5.8182450000E-04   2.3900000000E-08  -4.2800000000E-08
    4     -1.2914350100E-02   3.1971850000E-04   1.3000000000E-09   1.6657326000E-03  -8.8216980000E-04
    5      1.1590550000E-04  -2.1601260000E-04  -6.9000000000E-09   5.4510298000E-03  -9.3476367000E-03
    6      1.2209754800E-02   1.1594020000E-04   1.3887579000E-03  -4.6212720000E-04  -7.8139160000E-04
    7      7.5909854000E-03  -4.3474970000E-04  -4.6587540000E-04   8.4748380000E-04   4.4716190000E-04
    8     -4.3483090000E-04  -2.1600610000E-04   4.7213437000E-03  -2.7264811000E-03  -9.3476952000E-03
    9      1.2449313830E-01   6.1227307000E-03   1.3887418000E-03   4.6210150000E-04   7.8133640000E-04
   10      1.1429610450E-01   3.5345800000E-03   4.6587420000E-04   8.4747480000E-04   4.4716320000E-04
   11      3.5345800000E-03   3.4300538200E-02  -4.7214465000E-03  -2.7264232000E-03  -9.3476809000E-03
   12      4.6587420000E-04  -4.7214465000E-03   6.1249350000E-03  -2.0000000000E-09   2.1300000000E-08
   13      8.4747480000E-04  -2.7264232000E-03  -2.0000000000E-09   6.1249029000E-03  -4.1036000000E-06
   14      4.4716320000E-04  -9.3476809000E-03   2.1300000000E-08  -4.1036000000E-06   1.1454368900E-02
   15      2.6695260000E-04   7.8101049000E-03   2.2852730000E-03   2.4000000000E-09  -7.2800000000E-08
   16     -1.5016920000E-04   4.5085837000E-03  -1.3000000000E-09   2.2853137000E-03  -4.0551000000E-06
   17      1.4874910000E-04  -1.6603281300E-02  -6.3100000000E-08  -2.0630000000E-07  -1.7968606200E-02
                   15                 16                 17        
     0     -9.9868217000E-03   1.5000000000E-09   9.8900000000E-08
     1     -4.8000000000E-09  -9.9880246000E-03  -1.0640000000E-07
     2      1.4060000000E-07   6.0622000000E-06   2.8193839900E-02
     3     -3.0140480000E-04  -2.9400000000E-08  -6.3300000000E-08
     4      3.5000000000E-09   3.2187290000E-04  -2.9704300000E-04
     5     -1.0430000000E-07  -9.0191278000E-03  -1.6603146800E-02
     6      1.6090860000E-04  -2.6307260000E-04  -2.5787890000E-04
     7     -2.6695580000E-04  -1.5016490000E-04   1.4872730000E-04
     8     -7.8101751000E-03   4.5086577000E-03  -1.6603194600E-02
     9      1.6096860000E-04   2.6309960000E-04   2.5779950000E-04
    10      2.6695260000E-04  -1.5016920000E-04   1.4874910000E-04
    11      7.8101049000E-03   4.5085837000E-03  -1.6603281300E-02
    12      2.2852730000E-03  -1.3000000000E-09  -6.3100000000E-08
    13      2.4000000000E-09   2.2853137000E-03  -2.0630000000E-07
    14     -7.2800000000E-08  -4.0551000000E-06  -1.7968606200E-02
    15      7.6810765000E-03   2.2000000000E-09   1.0680000000E-07
    16      2.2000000000E-09   7.6811720000E-03  -1.2070000000E-07
    17      1.0680000000E-07  -1.2070000000E-07   3.9584389000E-02

$vibrational_frequencies
18
    0        0.0000000000000000
    1        0.0000000000000000
    2        0.0000000000000000
    3        0.0000000000000000
    4        0.0000000000000000
    5        0.0000000000000000
    6     -333.9909475011598374
    7      138.4250229934324921
    8      188.4885524553293976
    9      188.4891856800134065
   10      949.7987065089839689
   11      949.7995154635099198
   12      952.1316304782536690
   13     1357.6827065230427252
   14     1357.6988525461201789
   15     2995.9193706012238181
   16     3080.5340621400455348
   17     3080.5562000344925764

$normal_modes
18 18
                    0                  1                  2                  3                  4        
    0      0.0000000000E+00   0.0000000000E+00   0.0000000000E+00   0.0000000000E+00   0.0000000000E+00
    1      0.0000000000E+00   0.0000000000E+00   0.0000000000E+00   0.0000000000E+00   0.0000000000E+00
    2      0.0000000000E+00   0.0000000000E+00   0.0000000000E+00   0.0000000000E+00   0.0000000000E+00
    3      0.0000000000E+00   0.0000000000E+00   0.0000000000E+00   0.0000000000E+00   0.0000000000E+00
    4      0.0000000000E+00   0.0000000000E+00   0.0000000000E+00   0.0000000000E+00   0.0000000000E+00
    5      0.0000000000E+00   0.0000000000E+00   0.0000000000E+00   0.0000000000E+00   0.0000000000E+00
    6      0.0000000000E+00   0.0000000000E+00   0.0000000000E+00   0.0000000000E+00   0.0000000000E+00
    7      0.0000000000E+00   0.0000000000E+00   0.0000000000E+00   0.0000000000E+00   0.0000000000E+00
    8      0.0000000000E+00   0.0000000000E+00   0.0000000000E+00   0.0000000000E+00   0.0000000000E+00
    9      0.0000000000E+00   0.0000000000E+00   0.0000000000E+00   0.0000000000E+00   0.0000000000E+00
   10      0.0000000000E+00   0.0000000000E+00   0.0000000000E+00   0.0000000000E+00   0.0000000000E+00
   11      0.0000000000E+00   0.0000000000E+00   0.0000000000E+00   0.0000000000E+00   0.0000000000E+00
   12      0.0000000000E+00   0.0000000000E+00   0.0000000000E+00   0.0000000000E+00   0.0000000000E+00
   13      0.0000000000E+00   0.0000000000E+00   0.0000000000E+00   0.0000000000E+00   0.0000000000E+00
   14      0.0000000000E+00   0.0000000000E+00   0.0000000000E+00   0.0000000000E+00   0.0000000000E+00
   15      0.0000000000E+00   0.0000000000E+00   0.0000000000E+00   0.0000000000E+00   0.0000000000E+00
   16      0.0000000000E+00   0.0000000000E+00   0.0000000000E+00   0.0000000000E+00   0.0000000000E+00
   17      0.0000000000E+00   0.0000000000E+00   0.0000000000E+00   0.0000000000E+00   0.0000000000E+00
                    5                  6                  7                  8                  9        
    0      0.0000000000E+00  -3.2653732898E-06   1.1178787315E-07   4.8813186554E-01  -3.3317371345E-03
    1      0.0000000000E+00  -1.4722102659E-04   3.4090221833E-04   3.3317256754E-03   4.8813544162E-01
    2      0.0000000000E+00  -9.5429513187E-01  -3.5294842719E-01  -2.0543116510E-06  -6.3087356418E-05
    3      0.0000000000E+00  -2.8670699732E-07   6.9349496746E-07   5.0397127218E-01  -3.4400982970E-03
    4      0.0000000000E+00   1.8888124630E-02   2.8204726107E-03   3.3703379892E-03   4.9380078990E-01
    5      0.0000000000E+00  -1.3120592998E-01  -1.8386449458E-01  -2.8455891153E-04  -4.1402332027E-02
    6      0.0000000000E+00   1.6581057447E-02   2.1203952296E-03   4.9635415504E-01   1.0386955606E-03
    7      0.0000000000E+00  -9.6385059031E-03  -8.9586586196E-04   7.8425025954E-03   5.0137720214E-01
    8      0.0000000000E+00  -1.3120347484E-01  -1.8382666790E-01  -3.5698400760E-02   2.0920126763E-02
    9      0.0000000000E+00  -1.6581955252E-02  -2.1190849610E-03   4.9629389295E-01  -7.8137908093E-03
   10      0.0000000000E+00  -9.6386930292E-03  -8.9591041421E-04  -9.9782038601E-04   5.0143758963E-01
   11      0.0000000000E+00  -1.3120205916E-01  -1.8382477336E-01   3.5977448495E-02   2.0430925155E-02
   12      0.0000000000E+00   5.8626035871E-07  -5.5107908325E-08  -1.0783745023E-01   7.3604345914E-04
   13      0.0000000000E+00   3.1405096057E-05  -7.5097667545E-05  -7.3604147071E-04  -1.0783805231E-01
   14      0.0000000000E+00   1.8676627297E-01  -8.3681871739E-01   1.0060891470E-06   8.5770900691E-05
   15      0.0000000000E+00   1.5468635487E-07  -1.1101159223E-08  -2.7962040889E-02   1.9085469708E-04
   16      0.0000000000E+00   8.2510147870E-06  -1.9456775746E-05  -1.9085279107E-04  -2.7962181458E-02
   17      0.0000000000E+00   4.1271666736E-02   2.7157545792E-01  -4.2862690490E-08  -1.7583949207E-05
                   10                 11                 12                 13                 14        
    0     -5.7199556670E-03   1.3207235326E-04   2.8241142503E-08   7.0041681483E-05   9.7880525746E-02
    1     -1.3206423145E-04  -5.7182497389E-03  -4.6751183136E-06  -9.7877827244E-02   7.0046484441E-05
    2     -7.8627059734E-07  -1.6965281597E-05   3.1246027928E-02   9.1896524266E-06  -3.6004673274E-07
    3     -1.1773659558E-02   2.7035292081E-04  -2.2168175167E-06  -5.8468922719E-04  -8.1067958236E-01
    4     -6.3810518219E-04  -2.7639909763E-02  -1.2800457015E-02  -5.5333509094E-02   4.4147555457E-05
    5     -1.8820435795E-02  -8.1535785774E-01  -5.7734359898E-01  -4.5069471300E-03   6.0761527933E-06
    6     -2.3524262304E-02   7.4181488151E-03  -1.1091019017E-02   3.7483586373E-01  -1.6146936665E-01
    7      6.5103773324E-03  -1.5920411903E-02   6.3608238459E-03   5.9393033655E-01  -3.7540623549E-01
    8     -6.9697866734E-01   4.2450068751E-01  -5.7662116330E-01   2.2232017561E-03   3.8650170728E-03
    9     -2.3836997616E-02  -6.3231119518E-03   1.1086225476E-02  -3.7506205911E-01  -1.6092490301E-01
   10     -7.2383790819E-03  -1.5600364020E-02   6.3606160740E-03   5.9447490519E-01   3.7455122943E-01
   11      7.1584990249E-01   3.9187347960E-01  -5.7659865192E-01   2.2203183780E-03  -3.8670486027E-03
   12     -5.5441714719E-03   1.2804195229E-04  -2.0807015939E-08  -5.0165352933E-07  -6.8327704505E-04
   13     -1.2803305591E-04  -5.5440876560E-03  -2.4854144700E-06   6.8263880465E-04  -4.7521851216E-07
   14     -4.1252673248E-07  -8.7328161835E-06   1.4249613362E-02  -1.7969574341E-06   4.9724247861E-09
   15      2.5600307135E-03  -5.9118244853E-05   5.8825122915E-08  -4.8178312070E-08  -7.3131054468E-05
   16      5.9120687173E-05   2.5600505000E-03   1.7645191272E-06   7.3070787832E-05  -5.6225649258E-08
   17     -2.1384201054E-07  -4.0273075504E-06   6.8078828804E-03   1.3605223359E-07   5.6149749046E-10
                   15                 16                 17        
     0     -1.7978549444E-07  -3.5791269074E-04   9.8291043199E-02
     1     -1.7776397336E-04   9.8292200417E-02   3.5790719444E-04
     2      3.2747121465E-03   1.0947503520E-05  -2.8735566113E-07
     3     -1.0108717989E-07  -1.4663733496E-04   3.9056519624E-02
     4      5.7860385696E-01  -8.1021808664E-01  -2.9535108663E-03
     5     -1.2154507503E-02   2.1459348564E-02   7.8094645368E-05
     6      4.9927619008E-01   3.7134930563E-01  -5.9737211081E-01
     7     -2.8828443990E-01  -1.7542919475E-01   3.6758844927E-01
     8     -1.2099899315E-02  -1.0840761523E-02   1.8573208578E-02
     9     -4.9927405391E-01  -3.6698464389E-01  -6.0007050857E-01
    10     -2.8828308986E-01  -1.7273993063E-01  -3.6885298759E-01
    11     -1.2096295622E-02  -1.0702456788E-02  -1.8647612788E-02
    12     -1.6791114055E-08   8.3486264650E-07  -2.3295381880E-04
    13      1.2839486027E-06  -2.3315873924E-04  -8.6049447983E-07
    14     -9.1066359682E-05  -1.3422698485E-06  -5.4165418997E-09
    15      5.5423801704E-09   1.3807990119E-07  -3.6734590731E-05
    16      2.9145338133E-07  -3.6778035556E-05  -1.3020195439E-07
    17      4.2357456115E-06   5.0254814251E-09  -6.0281978533E-10

#
# The atoms: label  mass x y z (in bohrs)
#
$atoms
6
 C     12.01100     -0.000000088767     0.000002161259     2.634455897633
 H      1.00800     -0.000000098181     2.042577718770     2.564786755196
 H      1.00800      1.768923164422    -1.021284743479     2.564786015536
 H      1.00800     -1.768923303447    -1.021284710375     2.564786087122
 Cl    35.45300     -0.000000011182    -0.000000044681     7.254820545787
 I    126.90000      0.000000013410    -0.000000257729    -2.337301153073

$actual_temperature
  0.000000

$frequency_scale_factor
  1.000000


$end

