
$orca_hessian_file

$act_atom
  0

$act_coord
  0

$act_energy
      -12.272091

$multiplicity
  1

$hessian
18
                    0                  1                  2                  3                  4        
    0      5.9294660700E-01  -1.2100000000E-08  -2.1240000000E-06  -4.1272591700E-02  -1.5849000000E-06
    1     -1.2100000000E-08   5.9295037480E-01   5.4442000000E-06  -1.5914000000E-06  -3.3784011750E-01
    2     -2.1240000000E-06   5.4442000000E-06  -4.9951860600E-02   5.5600000000E-08  -1.0758694100E-02
    3     -4.1272591700E-02  -1.5914000000E-06   5.5600000000E-08   4.0952207900E-02   1.7156000000E-06
    4     -1.5849000000E-06  -3.3784011750E-01  -1.0758694100E-02   1.7156000000E-06   3.6291509370E-01
    5      6.9800000000E-08  -1.1858725500E-02  -2.6182965000E-03   4.7900000000E-08   9.6053003000E-03
    6     -2.6370016640E-01   1.2842632500E-01  -9.3224949000E-03  -1.7764430000E-04  -2.4557860000E-04
    7      1.2842011570E-01  -1.1542241020E-01   5.3699521000E-03   2.3746337400E-02  -1.3756352600E-02
    8     -1.0268830000E-02   5.9300743000E-03  -2.6179680000E-03   9.4043860000E-04  -2.7578850000E-04
    9     -2.6370271990E-01  -1.2842472450E-01   9.3242848000E-03  -1.7789320000E-04   2.4542490000E-04
   10     -1.2841852390E-01  -1.1541971790E-01   5.3707262000E-03  -2.3746470900E-02  -1.3756108800E-02
   11      1.0270708600E-02   5.9308266000E-03  -2.6180283000E-03  -9.4044380000E-04  -2.7576690000E-04
   12     -1.2589558300E-02   8.5000000000E-09   1.2200000000E-07   4.1530410000E-04   5.5000000000E-09
   13      2.8000000000E-09  -1.2588410500E-02   6.7489000000E-06   3.4100000000E-08   9.6368400000E-04
   14      1.0000000000E-07  -1.1601400000E-05   2.7590079800E-02  -5.4300000000E-08   2.9345750000E-04
   15     -1.1681570600E-02  -5.6000000000E-09   1.5650000000E-07   2.6061720000E-04   1.7400000000E-08
   16      2.4000000000E-09  -1.1679718700E-02   5.8226000000E-06  -2.4900000000E-08   1.4738013000E-03
   17      7.5500000000E-08   3.9818000000E-06   3.0216073500E-02  -4.4100000000E-08   1.4114918000E-03
                    5                  6                  7                  8                  9        
    0      6.9800000000E-08  -2.6370016640E-01   1.2842011570E-01  -1.0268830000E-02  -2.6370271990E-01
    1     -1.1858725500E-02   1.2842632500E-01  -1.1542241020E-01   5.9300743000E-03  -1.2842472450E-01
    2     -2.6182965000E-03  -9.3224949000E-03   5.3699521000E-03  -2.6179680000E-03   9.3242848000E-03
    3      4.7900000000E-08  -1.7764430000E-04   2.3746337400E-02   9.4043860000E-04  -1.7789320000E-04
    4      9.6053003000E-03  -2.4557860000E-04  -1.3756352600E-02  -2.7578850000E-04   2.4542490000E-04
    5      3.9761846100E-02   2.2996040000E-04   9.5080770000E-04  -6.7367100000E-04  -2.2994870000E-04
    6      2.2996040000E-04   2.8240471340E-01  -1.3942643350E-01   8.3179270000E-03  -2.0510186600E-02
    7      9.5080770000E-04  -1.3942643350E-01   1.2145867120E-01  -4.8027391000E-03  -1.1985202600E-02
    8     -6.7367100000E-04   8.3179270000E-03  -4.8027391000E-03   3.9759179800E-02   7.0883260000E-04
    9     -2.2994870000E-04  -2.0510186600E-02  -1.1985202600E-02   7.0883260000E-04   2.8240752600E-01
   10      9.5097670000E-04   1.1985484900E-02   6.6201118000E-03  -6.7716870000E-04   1.3942471530E-01
   11     -6.7366620000E-04  -7.0868640000E-04  -6.7708540000E-04  -6.7091960000E-04  -8.3196798000E-03
   12     -1.9500000000E-08   8.1896540000E-04  -2.3302720000E-04   7.8319447000E-03   8.1891100000E-04
   13      9.0465732000E-03  -2.2529860000E-04   5.4324310000E-04  -4.5225453000E-03   2.2526430000E-04
   14     -1.8326642500E-02   2.6437270000E-04  -1.2929780000E-04  -1.8327240800E-02  -2.6447360000E-04
   15     -1.0990000000E-07   1.1643184000E-03  -5.2178980000E-04  -7.5303130000E-03   1.1643628000E-03
   16     -8.6949323000E-03  -5.1449920000E-04   5.5673670000E-04   4.3481672000E-03   5.1452250000E-04
   17     -1.7469569900E-02   1.2189212000E-03  -7.1163760000E-04  -1.7469380400E-02  -1.2190153000E-03
                   10                 11                 12                 13                 14        
    0     -1.2841852390E-01   1.0270708600E-02  -1.2589558300E-02   2.8000000000E-09   1.0000000000E-07
    1     -1.1541971790E-01   5.9308266000E-03   8.5000000000E-09  -1.2588410500E-02  -1.1601400000E-05
    2      5.3707262000E-03  -2.6180283000E-03   1.2200000000E-07   6.7489000000E-06   2.7590079800E-02
    3     -2.3746470900E-02  -9.4044380000E-04   4.1530410000E-04   3.4100000000E-08  -5.4300000000E-08
    4     -1.3756108800E-02  -2.7576690000E-04   5.5000000000E-09   9.6368400000E-04   2.9345750000E-04
    5      9.5097670000E-04  -6.7366620000E-04  -1.9500000000E-08   9.0465732000E-03  -1.8326642500E-02
    6      1.1985484900E-02  -7.0868640000E-04   8.1896540000E-04  -2.2529860000E-04   2.6437270000E-04
    7      6.6201118000E-03  -6.7708540000E-04  -2.3302720000E-04   5.4324310000E-04  -1.2929780000E-04
    8     -6.7716870000E-04  -6.7091960000E-04   7.8319447000E-03  -4.5225453000E-03  -1.8327240800E-02
    9      1.3942471530E-01  -8.3196798000E-03   8.1891100000E-04   2.2526430000E-04  -2.6447360000E-04
   10      1.2145575000E-01  -4.8036308000E-03   2.3302200000E-04   5.4323860000E-04  -1.2928810000E-04
   11     -4.8036308000E-03   3.9759288900E-02  -7.8321250000E-03  -4.5224453000E-03  -1.8327217100E-02
   12      2.3302200000E-04  -7.8321250000E-03   8.5981615000E-03  -5.1000000000E-09   1.5820000000E-07
   13      5.4323860000E-04  -4.5224453000E-03  -5.1000000000E-09   8.5999723000E-03  -1.2455500000E-05
   14     -1.2928810000E-04  -1.8327217100E-02   1.5820000000E-07  -1.2455500000E-05   5.2819202200E-02
   15      5.2177250000E-04   7.5302263000E-03   1.9382163000E-03   2.6000000000E-09  -1.0310000000E-07
   16      5.5672630000E-04   4.3481018000E-03  -3.7000000000E-09   1.9382726000E-03  -1.0814600000E-05
   17     -7.1161540000E-04  -1.7469457800E-02  -8.0500000000E-08   4.1240000000E-06  -2.5428181500E-02
                   15                 16                 17        
     0     -1.1681570600E-02   2.4000000000E-09   7.5500000000E-08
     1     -5.6000000000E-09  -1.1679718700E-02   3.9818000000E-06
     2      1.5650000000E-07   5.8226000000E-06   3.0216073500E-02
     3      2.6061720000E-04  -2.4900000000E-08  -4.4100000000E-08
     4      1.7400000000E-08   1.4738013000E-03   1.4114918000E-03
     5     -1.0990000000E-07  -8.6949323000E-03  -1.7469569900E-02
     6      1.1643184000E-03  -5.1449920000E-04   1.2189212000E-03
     7     -5.2178980000E-04   5.5673670000E-04  -7.1163760000E-04
     8     -7.5303130000E-03   4.3481672000E-03  -1.7469380400E-02
     9      1.1643628000E-03   5.1452250000E-04  -1.2190153000E-03
    10      5.2177250000E-04   5.5672630000E-04  -7.1161540000E-04
    11      7.5302263000E-03   4.3481018000E-03  -1.7469457800E-02
    12      1.9382163000E-03  -3.7000000000E-09  -8.0500000000E-08
    13      2.6000000000E-09   1.9382726000E-03   4.1240000000E-06
    14     -1.0310000000E-07  -1.0814600000E-05  -2.5428181500E-02
    15      7.1540560000E-03   2.9000000000E-09   1.4310000000E-07
    16      2.9000000000E-09   7.1541818000E-03   3.6554000000E-06
    17      1.4310000000E-07   3.6554000000E-06   4.7620516000E-02

$vibrational_frequencies
18
    0        0.0000000000000000
    1        0.0000000000000000
    2        0.0000000000000000
    3        0.0000000000000000
    4        0.0000000000000000
    5        0.0000000000000000
    6     -351.6066090817390091
    7      187.3298673760979511
    8      197.9518329484976107
    9      197.9641015398471779
   10     1013.1967824553607898
   11     1024.5488319111325382
   12     1024.6209808868889013
   13     1335.9859160887485814
   14     1336.0680907410733198
   15     3141.8953778124932796
   16     3232.2806042280453767
   17     3232.3181210964244201

$normal_modes
18 18
                    0                  1                  2                  3                  4        
    0      0.0000000000E+00   0.0000000000E+00   0.0000000000E+00   0.0000000000E+00   0.0000000000E+00
    1      0.0000000000E+00   0.0000000000E+00   0.0000000000E+00   0.0000000000E+00   0.0000000000E+00
    2      0.0000000000E+00   0.0000000000E+00   0.0000000000E+00   0.0000000000E+00   0.0000000000E+00
    3      0.0000000000E+00   0.0000000000E+00   0.0000000000E+00   0.0000000000E+00   0.0000000000E+00
    4      0.0000000000E+00   0.0000000000E+00   0.0000000000E+00   0.0000000000E+00   0.0000000000E+00
    5      0.0000000000E+00   0.0000000000E+00   0.0000000000E+00   0.0000000000E+00   0.0000000000E+00
    6      0.0000000000E+00   0.0000000000E+00   0.0000000000E+00   0.0000000000E+00   0.0000000000E+00
    7      0.0000000000E+00   0.0000000000E+00   0.0000000000E+00   0.0000000000E+00   0.0000000000E+00
    8      0.0000000000E+00   0.0000000000E+00   0.0000000000E+00   0.0000000000E+00   0.0000000000E+00
    9      0.0000000000E+00   0.0000000000E+00   0.0000000000E+00   0.0000000000E+00   0.0000000000E+00
   10      0.0000000000E+00   0.0000000000E+00   0.0000000000E+00   0.0000000000E+00   0.0000000000E+00
   11      0.0000000000E+00   0.0000000000E+00   0.0000000000E+00   0.0000000000E+00   0.0000000000E+00
   12      0.0000000000E+00   0.0000000000E+00   0.0000000000E+00   0.0000000000E+00   0.0000000000E+00
   13      0.0000000000E+00   0.0000000000E+00   0.0000000000E+00   0.0000000000E+00   0.0000000000E+00
   14      0.0000000000E+00   0.0000000000E+00   0.0000000000E+00   0.0000000000E+00   0.0000000000E+00
   15      0.0000000000E+00   0.0000000000E+00   0.0000000000E+00   0.0000000000E+00   0.0000000000E+00
   16      0.0000000000E+00   0.0000000000E+00   0.0000000000E+00   0.0000000000E+00   0.0000000000E+00
   17      0.0000000000E+00   0.0000000000E+00   0.0000000000E+00   0.0000000000E+00   0.0000000000E+00
                    5                  6                  7                  8                  9        
    0      0.0000000000E+00  -3.2877612431E-06   4.8012856913E-06   4.8656796571E-01   6.4358099718E-04
    1      0.0000000000E+00  -1.6278729747E-04   7.8016982965E-03   6.4354277268E-04  -4.8657813470E-01
    2      0.0000000000E+00  -9.8666077418E-01  -1.8769142195E-01  -1.0803546687E-06  -2.7277137596E-04
    3      0.0000000000E+00  -1.5553656991E-07   4.6569277413E-06   5.0669847618E-01   6.7020622107E-04
    4      0.0000000000E+00  -2.8980026245E-02   9.3004864806E-03   6.5191928275E-04  -4.9295626386E-01
    5      0.0000000000E+00   2.6620341806E-02  -2.9279131171E-01   2.8023182590E-05  -2.2222725035E-02
    6      0.0000000000E+00  -2.5048231794E-02   1.4128956029E-03   4.9637829488E-01  -5.3158349671E-03
    7      0.0000000000E+00   1.4052625783E-02   7.5869272500E-03   6.6298497552E-03  -5.0322519546E-01
    8      0.0000000000E+00   2.6623658151E-02  -2.9329943975E-01   1.8651002396E-02   1.0184613121E-02
    9      0.0000000000E+00   2.5048302656E-02  -1.4037866880E-03   4.9636222076E-01   6.6289146704E-03
   10      0.0000000000E+00   1.4052846261E-02   7.5868108686E-03  -5.2986468103E-03  -5.0324110150E-01
   11      0.0000000000E+00   2.6625299392E-02  -2.9329854507E-01  -1.8680780764E-02   1.0134474773E-02
   12      0.0000000000E+00   5.8463825325E-07  -1.0815636886E-06  -1.1063311156E-01  -1.4632949551E-04
   13      0.0000000000E+00   4.2753195937E-05  -1.7808004741E-03  -1.4632328510E-04   1.1063436689E-01
   14      0.0000000000E+00   1.3760469491E-01  -8.0292656185E-01   3.6087918154E-06  -1.7146387323E-03
   15      0.0000000000E+00   1.4852224087E-07  -2.6161965604E-07  -2.7055371440E-02  -3.5787107679E-05
   16      0.0000000000E+00   1.0410242780E-05  -4.3531518855E-04  -3.5783924518E-05   2.7055852702E-02
   17      0.0000000000E+00   5.4308708088E-02   2.4906967279E-01  -8.9201835887E-07   5.1997013562E-04
                   10                 11                 12                 13                 14        
    0     -6.4674691015E-08  -9.8811702867E-03   2.6686499120E-08  -1.3291494080E-05  -9.7978119969E-02
    1     -8.2368666811E-06  -7.1567127381E-08  -9.8723740053E-03  -9.7970403056E-02   1.3283832370E-05
    2     -9.4309709867E-03   1.7107132635E-07  -1.1025911188E-06  -2.0552650782E-05   2.9794755824E-07
    3      2.2416260729E-06   6.1496196943E-02  -1.7370478964E-06   1.0506700985E-04   8.0750203466E-01
    4     -1.5753352377E-02  -1.9128795305E-07   1.8953362423E-02  -5.8810558173E-02   3.4509542319E-06
    5      5.7685019837E-01  -8.9398666508E-06  -8.1395081185E-01   6.8803336133E-02  -1.1693515611E-05
    6     -1.3618495958E-02   2.9576923949E-02   1.8418743089E-02   3.7524777925E-01   1.5768363017E-01
    7      7.9081052261E-03   1.8427260024E-02   5.0837314542E-02   5.9091484065E-01   3.7506800359E-01
    8      5.7696946495E-01  -7.0484971213E-01   4.0689283310E-01  -3.4432918741E-02   5.9640356232E-02
    9      1.3622771430E-02   2.9581351255E-02  -1.8417197355E-02  -3.7520059461E-01   1.5777709102E-01
   10      7.9079852630E-03  -1.8427082008E-02   5.0840214870E-02   5.9082075764E-01  -3.7522371036E-01
   11      5.7697601983E-01   7.0485023572E-01   4.0688247280E-01  -3.4445726408E-02  -5.9632410505E-02
   12     -1.2400629030E-07  -7.7491521269E-03   5.4560537839E-08   1.3000613503E-07   1.0838999074E-03
   13     -2.4443894550E-07  -4.4759707862E-08  -7.7503926353E-03   1.0827669332E-03  -1.5732858136E-07
   14     -2.4038119876E-02   1.2177725305E-07   3.7183758056E-06   1.2977279661E-05  -5.5408205920E-10
   15     -1.1001042732E-08   2.1417944740E-03  -1.6249183873E-08   1.2335396037E-08   5.0758373793E-05
   16      3.4955936180E-07   1.9384059846E-08   2.1414957865E-03   5.0644086450E-05  -3.9438620365E-09
   17     -6.1398202691E-03   1.6639094756E-08   4.5961889618E-07  -1.0820655555E-06   1.7239310638E-09
                   15                 16                 17        
     0     -4.8586756728E-08  -4.3412019354E-05   9.8463758120E-02
     1      2.2653972107E-05  -9.8467804078E-02  -4.3423881410E-05
     2     -4.1328041079E-03  -5.7662881798E-07  -3.2949695989E-07
     3      1.8510097593E-08  -1.2241877147E-05   3.7951105348E-02
     4      5.7699889631E-01   8.1135292987E-01   3.5347880597E-04
     5      1.5477761631E-02   2.5480797820E-02   1.0967474774E-05
     6      4.9983426328E-01  -3.6734143128E-01  -5.9910202789E-01
     7     -2.8867606357E-01   1.7415783437E-01   3.6779042266E-01
     8      1.5487694482E-02  -1.2726109160E-02  -2.2065621362E-02
     9     -4.9983385042E-01   3.6786514805E-01  -5.9878570017E-01
    10     -2.8867584658E-01   1.7447433408E-01  -3.6763243520E-01
    11      1.5491230161E-02  -1.2747884964E-02   2.2058693945E-02
    12     -1.7114484794E-08   9.7290038383E-08  -1.9430369538E-04
    13      1.2609392378E-06   1.9432221417E-04   7.1721740409E-08
    14     -3.4714932006E-05  -2.6512473218E-08  -1.2744985218E-09
    15      5.9536122731E-09   1.8958665877E-08  -5.1563705082E-05
    16      3.0762029953E-07   5.1556424028E-05   2.7293086493E-08
    17      3.1848060366E-05   7.9409751311E-09  -5.4850425454E-10

#
# The atoms: label  mass x y z (in bohrs)
#
$atoms
6
 C     12.01100      0.000000023298     0.000001099779     2.617871869774
 H      1.00800      0.000000017715     2.014242419315     2.686301459268
 H      1.00800      1.744384204832    -1.007119419992     2.686301968739
 H      1.00800     -1.744384168635    -1.007119419550     2.686301971290
 Cl    35.45300     -0.000000014325     0.000001448871     6.872675983373
 I    126.90000      0.000000001369    -0.000000537310    -2.231864596602

$actual_temperature
  0.000000

$frequency_scale_factor
  1.000000


$end

