*************************************************
******************* ORCA 6.1.0 ******************
*************************************************
$Calculation_Status
   &GeometryIndex 0
   &version [&Type "String"] "6.1.0"
   &progName [&Type "String"] "orca"
   &Status [&Type "String"] "NORMAL TERMINATION"
$End
$Geometry
   &GeometryIndex 1
   &NAtoms [&Type "Integer"] 6
   &NCorelessECP [&Type "Integer"] 0
   &NGhostAtoms [&Type "Integer"] 0
   &CartesianCoordinates [&Type "Coordinates", &Dim(6,4), &Units "Bohr"] 
              C      0.000000000000    0.000000000000    0.138327953003
              H      0.000000000000    2.050352855305    0.000000000000
              H      1.775658485025   -1.025176427652    0.000000000000
              H     -1.775658485025   -1.025176427652    0.000000000000
              Cl     0.000000000000    0.000000000000    4.847525478735
              I      0.000000000000    0.000000000000   -4.916689455236
$End
$Single_Point_Data
   &GeometryIndex 1
   &FinalEnergy [&Type "Double"]      -1.2261014823780000e+01  "Final single point energy"
   &Converged [&Type "Boolean"] true
$End
$Hessian
   &GeometryIndex 1
   &HESSIAN [&Type "ArrayOfDoubles", &Dim (18,18)] "The Hessian"
                                                         0                           1                           2                           3                           4                           5                           6                           7

0                                      5.2885075029999995e-01        -1.3000000000000001e-09        -1.9184000000000001e-06        -4.5282867700000000e-02        -1.2385000000000001e-06         2.2980000000000001e-07        -2.3137394759999999e-01         1.0744104800000000e-01
1                                     -1.3000000000000001e-09         5.2885362199999997e-01         4.7899999999999999e-06        -1.2283000000000000e-06        -2.9340820590000000e-01         1.9593971200000001e-02         1.0744583800000000e-01        -1.0731574560000000e-01
2                                     -1.9184000000000001e-06         4.7899999999999999e-06        -3.0515394400000000e-02         2.3960000000000000e-07         1.5181882799999999e-02        -1.0476769299999999e-02         1.3141939100000000e-02        -7.6004358000000003e-03
3                                     -4.5282867700000000e-02        -1.2283000000000000e-06         2.3960000000000000e-07         4.3001621099999998e-02         1.3881999999999999e-06        -1.0719999999999999e-07         1.0148696000000000e-03         2.4241049000000001e-02
4                                     -1.2385000000000001e-06        -2.9340820590000000e-01         1.5181882799999999e-02         1.3881999999999999e-06         3.1706133619999999e-01        -1.4905396499999999e-02        -4.3778840000000002e-04        -1.2736308500000000e-02
5                                      2.2980000000000001e-07         1.9593971200000001e-02        -1.0476769299999999e-02        -1.0719999999999999e-07        -1.4905396499999999e-02         3.3952320899999999e-02         4.6072470000000000e-04        -5.4417810000000001e-04
6                                     -2.3137394759999999e-01         1.0744583800000000e-01         1.3141939100000000e-02         1.0148696000000000e-03        -4.3778840000000002e-04         4.6072470000000000e-04         2.4853291969999999e-01        -1.1867486580000000e-01
7                                      1.0744104800000000e-01        -1.0731574560000000e-01        -7.6004358000000003e-03         2.4241049000000001e-02        -1.2736308500000000e-02        -5.4417810000000001e-04        -1.1867486580000000e-01         1.1152286470000000e-01
8                                      1.6969160800000001e-02        -9.7976033000000008e-03        -1.0476882500000000e-02        -2.4111130000000001e-04         6.7099779999999995e-04        -5.2577899999999997e-05        -1.2907994700000000e-02         7.4542484999999999e-03
9                                     -2.3137642180000001e-01        -1.0744460580000000e-01        -1.3140471399999999e-02         1.0146093000000000e-03         4.3764660000000002e-04        -4.6073840000000001e-04        -1.9594031099999999e-02        -1.2332623200000000e-02
10                                    -1.0743981000000000e-01        -1.0731349740000000e-01        -7.5995897000000001e-03        -2.4241202399999998e-02        -1.2736066600000000e-02        -5.4400710000000003e-04         1.2332904699999999e-02         7.8935263999999998e-03
11                                    -1.6967708900000000e-02        -9.7966944999999996e-03        -1.0476666900000001e-02         2.4111400000000001e-04         6.7099490000000004e-04        -5.2577200000000002e-05         7.0295009999999996e-04        -1.2567060000000000e-04
12                                    -1.1803010700000000e-02         2.1999999999999998e-09         1.2270000000000001e-07         6.8061110000000005e-04        -3.6000000000000000e-09        -6.5000000000000003e-09         1.5178949000000000e-03        -4.8339510000000000e-04
13                                     8.0000000000000003e-10        -1.1802320800000000e-02         6.6711999999999998e-06         2.2600000000000001e-08         1.8020186000000001e-03         5.0500388999999996e-03        -4.7942790000000002e-04         9.5671750000000000e-04
14                                     1.5850000000000000e-07        -3.1657999999999998e-06         3.5000149299999998e-02        -4.8200000000000001e-08        -1.0292585999999999e-03        -7.6617320000000001e-03        -8.8848379999999997e-04         5.1948599999999999e-04
15                                    -9.0145026000000000e-03        -4.6999999999999999e-09         8.8399999999999997e-08        -4.2884340000000001e-04        -4.3999999999999997e-09        -1.0250000000000000e-07        -9.7705400000000001e-05        -1.9121289999999999e-04
16                                     1.0000000000000001e-09        -9.0138522999999998e-03         6.6815000000000003e-06        -2.9099999999999999e-08         1.7226200000000001e-05        -8.6504284000000001e-03        -1.8666050000000001e-04        -3.2105449999999999e-04
17                                     7.8300000000000006e-08        -1.2976000000000001e-06         2.6945563799999999e-02        -8.6900000000000004e-08        -5.8922029999999999e-04        -1.5708664600000002e-02        -5.0913559999999996e-04         2.9655010000000001e-04
                                                         8                           9                          10                          11                          12                          13                          14                          15

0                                      1.6969160800000001e-02        -2.3137642180000001e-01        -1.0743981000000000e-01        -1.6967708900000000e-02        -1.1803010700000000e-02         8.0000000000000003e-10         1.5850000000000000e-07        -9.0145026000000000e-03
1                                     -9.7976033000000008e-03        -1.0744460580000000e-01        -1.0731349740000000e-01        -9.7966944999999996e-03         2.1999999999999998e-09        -1.1802320800000000e-02        -3.1657999999999998e-06        -4.6999999999999999e-09
2                                     -1.0476882500000000e-02        -1.3140471399999999e-02        -7.5995897000000001e-03        -1.0476666900000001e-02         1.2270000000000001e-07         6.6711999999999998e-06         3.5000149299999998e-02         8.8399999999999997e-08
3                                     -2.4111130000000001e-04         1.0146093000000000e-03        -2.4241202399999998e-02         2.4111400000000001e-04         6.8061110000000005e-04         2.2600000000000001e-08        -4.8200000000000001e-08        -4.2884340000000001e-04
4                                      6.7099779999999995e-04         4.3764660000000002e-04        -1.2736066600000000e-02         6.7099490000000004e-04        -3.6000000000000000e-09         1.8020186000000001e-03        -1.0292585999999999e-03        -4.3999999999999997e-09
5                                     -5.2577899999999997e-05        -4.6073840000000001e-04        -5.4400710000000003e-04        -5.2577200000000002e-05        -6.5000000000000003e-09         5.0500388999999996e-03        -7.6617320000000001e-03        -1.0250000000000000e-07
6                                     -1.2907994700000000e-02        -1.9594031099999999e-02         1.2332904699999999e-02         7.0295009999999996e-04         1.5178949000000000e-03        -4.7942790000000002e-04        -8.8848379999999997e-04        -9.7705400000000001e-05
7                                      7.4542484999999999e-03        -1.2332623200000000e-02         7.8935263999999998e-03        -1.2567060000000000e-04        -4.8339510000000000e-04         9.5671750000000000e-04         5.1948599999999999e-04        -1.9121289999999999e-04
8                                      3.3952365499999998e-02        -7.0281429999999995e-04        -1.2575069999999999e-04        -5.2561400000000001e-05         4.3738513000000003e-03        -2.5260890000000000e-03        -7.6617168000000001e-03        -7.4910918000000003e-03
9                                     -7.0281429999999995e-04         2.4853558989999999e-01         1.1867349110000000e-01         1.2906570799999999e-02         1.5178911000000000e-03         4.7940390000000003e-04         8.8842149999999998e-04        -9.7637400000000001e-05
10                                    -1.2575069999999999e-04         1.1867349110000000e-01         1.1152038700000000e-01         7.4532807999999999e-03         4.8339900000000002e-04         9.5670819999999998e-04         5.1948700000000001e-04         1.9121749999999999e-04
11                                    -5.2561400000000001e-05         1.2906570799999999e-02         7.4532807999999999e-03         3.3952187299999999e-02        -4.3739486000000001e-03        -2.5260371000000001e-03        -7.6616940999999997e-03         7.4910226000000002e-03
12                                     4.3738513000000003e-03         1.5178911000000000e-03         4.8339900000000002e-04        -4.3739486000000001e-03         5.8299778000000003e-03        -1.3999999999999999e-09         1.3999999999999999e-09         2.2566358000000002e-03
13                                    -2.5260890000000000e-03         4.7940390000000003e-04         9.5670819999999998e-04        -2.5260371000000001e-03        -1.3999999999999999e-09         5.8301600999999996e-03        -3.2422000000000001e-06         2.1000000000000002e-09
14                                    -7.6617168000000001e-03         8.8842149999999998e-04         5.1948700000000001e-04        -7.6616940999999997e-03         1.3999999999999999e-09        -3.2422000000000001e-06         2.9402644999999999e-03        -4.9399999999999999e-08
15                                    -7.4910918000000003e-03        -9.7637400000000001e-05         1.9121749999999999e-04         7.4910226000000002e-03         2.2566358000000002e-03         2.1000000000000002e-09        -4.9399999999999999e-08         7.3820528999999999e-03
16                                     4.3241968000000000e-03         1.8668740000000000e-04        -3.2105760000000001e-04         4.3241266000000004e-03        -1.0999999999999999e-09         2.2567163999999999e-03        -3.3063999999999998e-06         2.4000000000000000e-09
17                                    -1.5708626999999999e-02         5.0903169999999998e-04         2.9657970000000002e-04        -1.5708687700000001e-02        -2.0400000000000001e-08        -1.3418000000000000e-06        -1.4955270900000000e-02         1.3290000000000001e-07
                                                        16                          17

0                                      1.0000000000000001e-09         7.8300000000000006e-08
1                                     -9.0138522999999998e-03        -1.2976000000000001e-06
2                                      6.6815000000000003e-06         2.6945563799999999e-02
3                                     -2.9099999999999999e-08        -8.6900000000000004e-08
4                                      1.7226200000000001e-05        -5.8922029999999999e-04
5                                     -8.6504284000000001e-03        -1.5708664600000002e-02
6                                     -1.8666050000000001e-04        -5.0913559999999996e-04
7                                     -3.2105449999999999e-04         2.9655010000000001e-04
8                                      4.3241968000000000e-03        -1.5708626999999999e-02
9                                      1.8668740000000000e-04         5.0903169999999998e-04
10                                    -3.2105760000000001e-04         2.9657970000000002e-04
11                                     4.3241266000000004e-03        -1.5708687700000001e-02
12                                    -1.0999999999999999e-09        -2.0400000000000001e-08
13                                     2.2567163999999999e-03        -1.3418000000000000e-06
14                                    -3.3063999999999998e-06        -1.4955270900000000e-02
15                                     2.4000000000000000e-09         1.3290000000000001e-07
16                                     7.3820218000000002e-03        -1.2700999999999999e-06
17                                    -1.2700999999999999e-06         3.5135686399999998e-02
   &MODES [&Type "ArrayOfDoubles", &Dim (18,18)] "The modes of vibrations"
                                                         0                           1                           2                           3                           4                           5                           6                           7

0                                      0.0000000000000000e+00         0.0000000000000000e+00         0.0000000000000000e+00         0.0000000000000000e+00         0.0000000000000000e+00         0.0000000000000000e+00        -6.5310090499070471e-07         5.1543983012062970e-07
1                                      0.0000000000000000e+00         0.0000000000000000e+00         0.0000000000000000e+00         0.0000000000000000e+00         0.0000000000000000e+00         0.0000000000000000e+00        -3.9995279738157767e-05         4.3252863088842548e-06
2                                      0.0000000000000000e+00         0.0000000000000000e+00         0.0000000000000000e+00         0.0000000000000000e+00         0.0000000000000000e+00         0.0000000000000000e+00        -2.6716908766505154e-01        -6.8348898575397346e-02
3                                      0.0000000000000000e+00         0.0000000000000000e+00         0.0000000000000000e+00         0.0000000000000000e+00         0.0000000000000000e+00         0.0000000000000000e+00         2.4278568050942506e-07         6.8102259949403816e-07
4                                      0.0000000000000000e+00         0.0000000000000000e+00         0.0000000000000000e+00         0.0000000000000000e+00         0.0000000000000000e+00         0.0000000000000000e+00         1.0124162039843378e-02         1.5302851275454464e-03
5                                      0.0000000000000000e+00         0.0000000000000000e+00         0.0000000000000000e+00         0.0000000000000000e+00         0.0000000000000000e+00         0.0000000000000000e+00        -5.4294773611480114e-02        -3.1068523246565113e-02
6                                      0.0000000000000000e+00         0.0000000000000000e+00         0.0000000000000000e+00         0.0000000000000000e+00         0.0000000000000000e+00         0.0000000000000000e+00         8.7846977557173630e-03         1.3224022273560692e-03
7                                      0.0000000000000000e+00         0.0000000000000000e+00         0.0000000000000000e+00         0.0000000000000000e+00         0.0000000000000000e+00         0.0000000000000000e+00        -5.1594219202929252e-03        -7.5776546493772599e-04
8                                      0.0000000000000000e+00         0.0000000000000000e+00         0.0000000000000000e+00         0.0000000000000000e+00         0.0000000000000000e+00         0.0000000000000000e+00        -5.4297698483036720e-02        -3.1068227580905786e-02
9                                      0.0000000000000000e+00         0.0000000000000000e+00         0.0000000000000000e+00         0.0000000000000000e+00         0.0000000000000000e+00         0.0000000000000000e+00        -8.7844464723412750e-03        -1.3211042119057575e-03
10                                     0.0000000000000000e+00         0.0000000000000000e+00         0.0000000000000000e+00         0.0000000000000000e+00         0.0000000000000000e+00         0.0000000000000000e+00        -5.1595571864612010e-03        -7.5780243251317156e-04
11                                     0.0000000000000000e+00         0.0000000000000000e+00         0.0000000000000000e+00         0.0000000000000000e+00         0.0000000000000000e+00         0.0000000000000000e+00        -5.4297571073772276e-02        -3.1067885106201919e-02
12                                     0.0000000000000000e+00         0.0000000000000000e+00         0.0000000000000000e+00         0.0000000000000000e+00         0.0000000000000000e+00         0.0000000000000000e+00         1.0681692305037581e-07        -1.2050843280930302e-07
13                                     0.0000000000000000e+00         0.0000000000000000e+00         0.0000000000000000e+00         0.0000000000000000e+00         0.0000000000000000e+00         0.0000000000000000e+00         9.8210999440610750e-06        -9.7211338962496351e-07
14                                     0.0000000000000000e+00         0.0000000000000000e+00         0.0000000000000000e+00         0.0000000000000000e+00         0.0000000000000000e+00         0.0000000000000000e+00         5.8149413491688812e-02        -1.3800223736439329e-01
15                                     0.0000000000000000e+00         0.0000000000000000e+00         0.0000000000000000e+00         0.0000000000000000e+00         0.0000000000000000e+00         0.0000000000000000e+00         2.8048802110988906e-08        -3.0838713044711223e-08
16                                     0.0000000000000000e+00         0.0000000000000000e+00         0.0000000000000000e+00         0.0000000000000000e+00         0.0000000000000000e+00         0.0000000000000000e+00         2.5892155403013415e-06        -2.5470170046447348e-07
17                                     0.0000000000000000e+00         0.0000000000000000e+00         0.0000000000000000e+00         0.0000000000000000e+00         0.0000000000000000e+00         0.0000000000000000e+00         1.0335617958532103e-02         4.5764241253664885e-02
                                                         8                           9                          10                          11                          12                          13                          14                          15

0                                     -2.4045559102901762e-01         4.6573963441386996e-05        -1.6353171389567527e-05         3.6550868684237254e-04         1.1837770174109053e-07        -7.9192137612938016e-06         9.2592458092211713e-02         2.4555137118526963e-08
1                                      4.6573634185709443e-05         2.4045599621697744e-01         3.6978126303754565e-04         1.6515857197017310e-05        -9.0310131999364345e-06        -9.2590715051228858e-02        -7.9118450861622065e-06        -1.9894342871288527e-05
2                                      3.2400806845770069e-07        -4.7883821195950496e-05        -1.1603085476640111e-06        -2.8062677201088183e-08         3.9017126929251904e-02        -1.5937489729406442e-05        -3.6929309484911188e-07        -6.8133990895796540e-03
3                                     -2.4737154534273151e-01         4.7840811602982021e-05         1.7753057298627686e-03        -3.9690895763913034e-02        -1.9259120400453541e-06         6.1253349100794840e-05        -7.6759886208232897e-01         8.2196379383638667e-08
4                                      4.7037868188824005e-05         2.4257729859696925e-01        -4.7709739098617088e-02        -2.1358012052789537e-03        -2.8008785119918386e-02        -5.3211506770603011e-02        -2.2749922299681267e-07        -5.7414521343465741e-01
5                                     -3.1605046851713861e-06        -2.0879142837154505e-02        -8.0926721370864552e-01        -3.6230723480721157e-02        -5.6611825450181619e-01        -3.4911834601974980e-02        -1.8509266485421544e-07         2.6546146187262518e-02
6                                     -2.4376784650992803e-01         2.1350171724062068e-03         5.5059143294245803e-03        -4.5555454726217727e-02        -2.4228276772951234e-02         3.5549622008807014e-01        -1.5193514859587695e-01        -4.9737618674475015e-01
7                                     -2.0326723993501555e-03         2.4616365022586059e-01        -4.1873124486240539e-02         1.6064549849589941e-03         1.4022935640991356e-02         5.6238805831839511e-01        -3.5539206310063254e-01         2.8721636142804541e-01
8                                      1.8070464251235954e-02         1.0406719228387493e-02         4.3606408167278748e-01        -6.8275976822391571e-01        -5.6604115953378031e-01         1.7491764145871214e-02         3.0232649689194670e-02         2.6558878377430928e-02
9                                     -2.4376878595661236e-01        -2.0405383163209921e-03        -1.4122628052224892e-03        -4.5860255012687028e-02         2.4224347073703141e-02        -3.5546589130894607e-01        -1.5198873214954065e-01         4.9737584526787942e-01
10                                     2.1279762587134089e-03         2.4616295580826256e-01        -4.1559600304610443e-02        -5.3413277031721784e-03         1.4022890679763068e-02         5.6233483939674733e-01         3.5548389131472519e-01         2.8721606936421445e-01
11                                    -1.8065039089291794e-02         1.0413706508611745e-02         3.7330810106196721e-01         7.1899478569191988e-01        -5.6604203707258061e-01         1.7499140675690299e-02        -3.0228848555676674e-02         2.6555361285998686e-02
12                                     5.2882452971288879e-02        -1.0242408742770710e-05         2.4332175192173244e-04        -5.4348170136457241e-03         6.7607742650951711e-08         3.9678099401039278e-08        -5.8675472301974638e-04         1.7590250095783221e-08
13                                    -1.0241603624662248e-05        -5.2882433470204208e-02        -5.4350392095105513e-03        -2.4332531173124430e-04         5.9600259439251653e-07         5.8633647904845511e-04         6.3807592882168721e-08        -6.8819929697359748e-07
14                                    -4.4195332255250121e-07         1.3604250290275905e-05        -1.0264794860174380e-06        -2.0934412490758124e-08         1.1959073861834174e-02         2.6004659951374378e-06         8.1713275364939970e-09         7.9710072831102674e-05
15                                     1.3822363608275570e-02        -2.6771787452068207e-06        -1.1304946447137352e-04         2.5251844057837540e-03         1.6420207276908799e-08         1.1002234657601108e-08        -8.8501766587600634e-05        -5.1789137368491677e-09
16                                    -2.6775477405195376e-06        -1.3822373464232499e-02         2.5251269184004528e-03         1.1304869685496057e-04         3.9404167945439803e-07         8.8543807852704460e-05         3.4159192331877229e-09        -2.0618924003006085e-07
17                                     7.4815884296074850e-08         1.1978560110317104e-06        -4.3719885842762904e-07        -2.5603551138551794e-08         6.4552191138391741e-03         1.5388563334172761e-07         3.9472979280986508e-09        -1.0148886403763550e-05
                                                        16                          17

0                                      9.2916130432379632e-02        -6.9087446322221663e-06
1                                     -6.9172196862368779e-06        -9.2916790567622060e-02
2                                     -3.1750757800248349e-07         1.4460258264477487e-06
3                                      3.7768711336219597e-02         1.3339913372806492e-06
4                                      5.3177217372863615e-05         7.6785761521158913e-01
5                                     -3.1623939523532514e-06        -4.3776602145460683e-02
6                                     -5.6639714705567679e-01        -3.4867167454231529e-01
7                                      3.4881663962097353e-01         1.6354449045138789e-01
8                                      3.7911567269276622e-02         2.1878615178977077e-02
9                                     -5.6635327879505604e-01         3.4875182752839573e-01
10                                    -3.4878835062401531e-01         1.6358922641816201e-01
11                                    -3.7904596539141709e-02         2.1881437480039602e-02
12                                    -2.2827860724780857e-04         3.0525945837554103e-08
13                                     7.2129187358500404e-09         2.2826939082382951e-04
14                                     4.5831095406492397e-10        -2.3091627795372679e-08
15                                    -3.2946516390268944e-05        -1.8926541931246817e-09
16                                     5.5875649932218368e-09         3.2935177754461014e-05
17                                    -3.2677581463762924e-10         1.0428180797061929e-09
$End
$THERMOCHEMISTRY_Energies
   &GeometryIndex 1
   &temperature [&Type "Double"]       2.9814999999999998e+02
   &pressure [&Type "Double"]       1.0000000000000000e+00
   &totalMass [&Type "Double"]       1.7738800000000001e+02
   &spinDegeneracy [&Type "Integer"] 1
   &elEnergy [&Type "Double"]      -1.2261014823780000e+01
   &transEnergy [&Type "Double"]       1.4162714244859817e-03
   &rotEnergy [&Type "Double"]       1.4162714244859817e-03
   &vibEnergy [&Type "Double"]       2.0197021646338287e-03
   &numOfFreqs [&Type "Integer"] 18
   &freqScalingFactor [&Type "Double"]       1.0000000000000000e+00
   &FREQ [&Type "ArrayOfDoubles", &Units "cm^-1", &Dim (18,1)] 
                                                         0

0                                      0.0000000000000000e+00
1                                      0.0000000000000000e+00
2                                      0.0000000000000000e+00
3                                      0.0000000000000000e+00
4                                      0.0000000000000000e+00
5                                      0.0000000000000000e+00
6                                     -3.2257276676995787e+02
7                                      1.2237988099497331e+02
8                                      1.8503745063737429e+02
9                                      1.8504014583004593e+02
10                                     9.3176504851963512e+02
11                                     9.3176539414876288e+02
12                                     9.4740898415594552e+02
13                                     1.3674591068314667e+03
14                                     1.3674931118310731e+03
15                                     2.9405424194016573e+03
16                                     3.0222285128454182e+03
17                                     3.0222427257772479e+03
   &zpe [&Type "Double"]       3.4225738774411894e-02
   &innerEnergyU [&Type "Double"]      -1.2221936839991983e+01
   &enthalpyH [&Type "Double"]      -1.2220992630949723e+01
   &qEl [&Type "Double"]       0.0000000000000000e+00
   &qRot [&Type "Double"]       1.1352450197411478e-02
   &qVib [&Type "Double"]       3.7480474981220952e-03
   &qTrans [&Type "Double"]       1.9683005332529695e-02
   &entropyS [&Type "Double"]       3.4783503028063267e-02
   &freeEnergyG [&Type "Double"]      -1.2255776133977786e+01
   &isLinear [&Type "Boolean"] false
$End
$Geometry
   &GeometryIndex 2
   &NAtoms [&Type "Integer"] 6
   &NCorelessECP [&Type "Integer"] 0
   &NGhostAtoms [&Type "Integer"] 0
   &CartesianCoordinates [&Type "Coordinates", &Dim(6,4), &Units "Bohr"] 
              C     -0.000000272128   -0.000002281006    0.089371242812
              H     -0.000000086302    2.040252684608    0.035350219324
              H      1.766909663703   -1.020133245272    0.035353240351
              H     -1.766909745895   -1.020133193072    0.035353484569
              Cl     0.000000181315    0.000007446460    4.732092925176
              I      0.000000259307    0.000008588282   -4.858357135730
$End
$Single_Point_Data
   &GeometryIndex 2
   &FinalEnergy [&Type "Double"]      -1.2265636514810000e+01  "Final single point energy"
   &Converged [&Type "Boolean"] true
$End
$Geometry
   &GeometryIndex 3
   &NAtoms [&Type "Integer"] 6
   &NCorelessECP [&Type "Integer"] 0
   &NGhostAtoms [&Type "Integer"] 0
   &CartesianCoordinates [&Type "Coordinates", &Dim(6,4), &Units "Bohr"] 
              C      0.000000011080    0.000002705822    0.074373147799
              H     -0.000000045625    2.034400932817    0.070397793838
              H      1.761844771475   -1.017191284914    0.070392984658
              H     -1.761844789820   -1.017191242825    0.070393060144
              Cl     0.000000011250   -0.000009966159    4.603370412769
              I      0.000000041641   -0.000011144742   -4.819763422707
$End
$Single_Point_Data
   &GeometryIndex 3
   &FinalEnergy [&Type "Double"]      -1.2268948651350000e+01  "Final single point energy"
   &Converged [&Type "Boolean"] true
$End
$Geometry
   &GeometryIndex 4
   &NAtoms [&Type "Integer"] 6
   &NCorelessECP [&Type "Integer"] 0
   &NGhostAtoms [&Type "Integer"] 0
   &CartesianCoordinates [&Type "Coordinates", &Dim(6,4), &Units "Bohr"] 
              C     -0.000000006231    0.000002295332    0.063380865813
              H     -0.000000054959    2.028160498057    0.094796013624
              H      1.756439531869   -1.014072434124    0.094792506385
              H     -1.756439561637   -1.014072387853    0.094792614517
              Cl     0.000000024686   -0.000008510764    4.518238479040
              I      0.000000066272   -0.000009460648   -4.796836502878
$End
$Single_Point_Data
   &GeometryIndex 4
   &FinalEnergy [&Type "Double"]      -1.2270623698250001e+01  "Final single point energy"
   &Converged [&Type "Boolean"] true
$End
$Geometry
   &GeometryIndex 5
   &NAtoms [&Type "Integer"] 6
   &NCorelessECP [&Type "Integer"] 0
   &NGhostAtoms [&Type "Integer"] 0
   &CartesianCoordinates [&Type "Coordinates", &Dim(6,4), &Units "Bohr"] 
              C      0.000000025155    0.000002879613    0.061124769037
              H     -0.000000033408    2.024139570046    0.110873949029
              H      1.752956374413   -1.012061216951    0.110871720064
              H     -1.752956371318   -1.012061176593    0.110871789334
              Cl    -0.000000013193   -0.000009808773    4.460924903428
              I      0.000000018351   -0.000010247342   -4.785503154391
$End
$Single_Point_Data
   &GeometryIndex 5
   &FinalEnergy [&Type "Double"]      -1.2271394558130000e+01  "Final single point energy"
   &Converged [&Type "Boolean"] true
$End
$Geometry
   &GeometryIndex 6
   &NAtoms [&Type "Integer"] 6
   &NCorelessECP [&Type "Integer"] 0
   &NGhostAtoms [&Type "Integer"] 0
   &CartesianCoordinates [&Type "Coordinates", &Dim(6,4), &Units "Bohr"] 
              C      0.000000032347    0.000002658686    0.062287931887
              H     -0.000000020426    2.021012350742    0.122662032099
              H      1.750247760365   -1.010498604800    0.122660419701
              H     -1.750247743740   -1.010498571620    0.122660494701
              Cl    -0.000000032070   -0.000008706885    4.417927955934
              I      0.000000003524   -0.000009126122   -4.779034857821
$End
$Single_Point_Data
   &GeometryIndex 6
   &FinalEnergy [&Type "Double"]      -1.2271786893280000e+01  "Final single point energy"
   &Converged [&Type "Boolean"] true
$End
$Hessian
   &GeometryIndex 6
   &HESSIAN [&Type "ArrayOfDoubles", &Dim (18,18)] "The Hessian"
                                                         0                           1                           2                           3                           4                           5                           6                           7

0                                      5.8200439540000004e-01        -3.2999999999999998e-08        -2.1463999999999999e-06        -4.1982865400000000e-02        -1.5346000000000001e-06         8.0000000000000002e-08        -2.5814411720000002e-01         1.2480164260000000e-01
1                                     -3.2999999999999998e-08         5.8200425800000000e-01         5.2094999999999998e-06        -1.5322999999999999e-06        -3.3019633539999999e-01        -9.9815431000000003e-03         1.2480875280000001e-01        -1.1404072250000000e-01
2                                     -2.1463999999999999e-06         5.2094999999999998e-06        -4.7394771199999998e-02         9.7199999999999997e-08        -9.4748864000000002e-03        -4.0419890000000002e-03        -8.2099284999999998e-03         4.7287620000000001e-03
3                                     -4.1982865400000000e-02        -1.5322999999999999e-06         9.7199999999999997e-08         4.1343800299999997e-02         1.6760999999999999e-06         3.6500000000000003e-08         6.1833600000000004e-05         2.3834132500000001e-02
4                                     -1.5346000000000001e-06        -3.3019633539999999e-01        -9.4748864000000002e-03         1.6760999999999999e-06         3.5489515599999999e-01         9.1822138000000001e-03        -2.9335739999999998e-04        -1.3539155100000000e-02
5                                      8.0000000000000002e-08        -9.9815431000000003e-03        -4.0419890000000002e-03         3.6500000000000003e-08         9.1822138000000001e-03         3.8424597300000002e-02         3.1254319999999999e-04         1.0797042000000000e-03
6                                     -2.5814411720000002e-01         1.2480875280000001e-01        -8.2099284999999998e-03         6.1833600000000004e-05        -2.9335739999999998e-04         3.1254319999999999e-04         2.7648857970000001e-01        -1.3578293890000001e-01
7                                      1.2480164260000000e-01        -1.1404072250000000e-01         4.7287620000000001e-03         2.3834132500000001e-02        -1.3539155100000000e-02         1.0797042000000000e-03        -1.3578293890000001e-01         1.1974337390000001e-01
8                                     -8.6426218999999995e-03         4.9907830000000004e-03        -4.0413458999999999e-03         1.0920616000000001e-03        -2.6885709999999998e-04        -5.2351950000000002e-04         7.9514610999999995e-03        -4.5908540000000001e-03
9                                     -2.5814659600000001e-01        -1.2480718859999999e-01         8.2117326000000004e-03         6.1561499999999997e-05         2.9321160000000002e-04        -3.1253409999999998e-04        -2.0307544300000001e-02        -1.2052798900000000e-02
10                                    -1.2480007980000001e-01        -1.1403809420000000e-01         4.7295195000000003e-03        -2.3834279600000001e-02        -1.3538922500000000e-02         1.0798761000000000e-03         1.2053069300000000e-02         6.8684208000000004e-03
11                                     8.6444568999999999e-03         4.9915360000000004e-03        -4.0414326000000004e-03        -1.0920721000000000e-03        -2.6884350000000001e-04        -5.2351039999999995e-04        -7.7853899999999997e-04        -8.1155050000000003e-04
12                                    -1.2117043700000000e-02         6.6000000000000004e-09         1.1459999999999999e-07         4.1490880000000002e-04        -1.9000000000000001e-09        -1.5600000000000001e-08         9.8027069999999990e-04        -3.2641970000000001e-04
13                                     2.4000000000000000e-09        -1.2116604800000000e-02         5.8903000000000002e-06         3.0500000000000002e-08         1.1774559000000001e-03         7.7683033000000004e-03        -3.1888460000000001e-04         5.9824510000000000e-04
14                                     1.3100000000000000e-07        -8.9900000000000003e-06         2.9338231900000001e-02        -6.9899999999999997e-08        -1.9058990000000000e-04        -1.5671326999999999e-02        -1.5714559999999999e-04         1.0879400000000000e-04
15                                    -1.1613773100000000e-02        -5.5999999999999997e-09         1.3050000000000001e-07         1.0076110000000000e-04         6.2000000000000001e-09        -1.1010000000000000e-07         9.2097760000000000e-04        -4.7361760000000000e-04
16                                     2.4000000000000000e-09        -1.1612501100000000e-02         5.5051000000000000e-06        -2.7300000000000000e-08         1.2018011000000000e-03        -9.1285541999999997e-03        -4.6664120000000002e-04         3.6983770000000000e-04
17                                     1.0040000000000000e-07         3.0046000000000000e-06         3.0181306799999998e-02        -5.3200000000000000e-08         1.0209629999999999e-03        -1.7664251400000001e-02         8.8160880000000004e-04        -5.1485569999999996e-04
                                                         8                           9                          10                          11                          12                          13                          14                          15

0                                     -8.6426218999999995e-03        -2.5814659600000001e-01        -1.2480007980000001e-01         8.6444568999999999e-03        -1.2117043700000000e-02         2.4000000000000000e-09         1.3100000000000000e-07        -1.1613773100000000e-02
1                                      4.9907830000000004e-03        -1.2480718859999999e-01        -1.1403809420000000e-01         4.9915360000000004e-03         6.6000000000000004e-09        -1.2116604800000000e-02        -8.9900000000000003e-06        -5.5999999999999997e-09
2                                     -4.0413458999999999e-03         8.2117326000000004e-03         4.7295195000000003e-03        -4.0414326000000004e-03         1.1459999999999999e-07         5.8903000000000002e-06         2.9338231900000001e-02         1.3050000000000001e-07
3                                      1.0920616000000001e-03         6.1561499999999997e-05        -2.3834279600000001e-02        -1.0920721000000000e-03         4.1490880000000002e-04         3.0500000000000002e-08        -6.9899999999999997e-08         1.0076110000000000e-04
4                                     -2.6885709999999998e-04         2.9321160000000002e-04        -1.3538922500000000e-02        -2.6884350000000001e-04        -1.9000000000000001e-09         1.1774559000000001e-03        -1.9058990000000000e-04         6.2000000000000001e-09
5                                     -5.2351950000000002e-04        -3.1253409999999998e-04         1.0798761000000000e-03        -5.2351039999999995e-04        -1.5600000000000001e-08         7.7683033000000004e-03        -1.5671326999999999e-02        -1.1010000000000000e-07
