
$orca_hessian_file

$act_atom
  0

$act_coord
  0

$act_energy
      -12.271787

$multiplicity
  1

$hessian
18
                    0                  1                  2                  3                  4        
    0      5.8200439540E-01  -3.3000000000E-08  -2.1464000000E-06  -4.1982865400E-02  -1.5346000000E-06
    1     -3.3000000000E-08   5.8200425800E-01   5.2095000000E-06  -1.5323000000E-06  -3.3019633540E-01
    2     -2.1464000000E-06   5.2095000000E-06  -4.7394771200E-02   9.7200000000E-08  -9.4748864000E-03
    3     -4.1982865400E-02  -1.5323000000E-06   9.7200000000E-08   4.1343800300E-02   1.6761000000E-06
    4     -1.5346000000E-06  -3.3019633540E-01  -9.4748864000E-03   1.6761000000E-06   3.5489515600E-01
    5      8.0000000000E-08  -9.9815431000E-03  -4.0419890000E-03   3.6500000000E-08   9.1822138000E-03
    6     -2.5814411720E-01   1.2480875280E-01  -8.2099285000E-03   6.1833600000E-05  -2.9335740000E-04
    7      1.2480164260E-01  -1.1404072250E-01   4.7287620000E-03   2.3834132500E-02  -1.3539155100E-02
    8     -8.6426219000E-03   4.9907830000E-03  -4.0413459000E-03   1.0920616000E-03  -2.6885710000E-04
    9     -2.5814659600E-01  -1.2480718860E-01   8.2117326000E-03   6.1561500000E-05   2.9321160000E-04
   10     -1.2480007980E-01  -1.1403809420E-01   4.7295195000E-03  -2.3834279600E-02  -1.3538922500E-02
   11      8.6444569000E-03   4.9915360000E-03  -4.0414326000E-03  -1.0920721000E-03  -2.6884350000E-04
   12     -1.2117043700E-02   6.6000000000E-09   1.1460000000E-07   4.1490880000E-04  -1.9000000000E-09
   13      2.4000000000E-09  -1.2116604800E-02   5.8903000000E-06   3.0500000000E-08   1.1774559000E-03
   14      1.3100000000E-07  -8.9900000000E-06   2.9338231900E-02  -6.9900000000E-08  -1.9058990000E-04
   15     -1.1613773100E-02  -5.6000000000E-09   1.3050000000E-07   1.0076110000E-04   6.2000000000E-09
   16      2.4000000000E-09  -1.1612501100E-02   5.5051000000E-06  -2.7300000000E-08   1.2018011000E-03
   17      1.0040000000E-07   3.0046000000E-06   3.0181306800E-02  -5.3200000000E-08   1.0209630000E-03
                    5                  6                  7                  8                  9        
    0      8.0000000000E-08  -2.5814411720E-01   1.2480164260E-01  -8.6426219000E-03  -2.5814659600E-01
    1     -9.9815431000E-03   1.2480875280E-01  -1.1404072250E-01   4.9907830000E-03  -1.2480718860E-01
    2     -4.0419890000E-03  -8.2099285000E-03   4.7287620000E-03  -4.0413459000E-03   8.2117326000E-03
    3      3.6500000000E-08   6.1833600000E-05   2.3834132500E-02   1.0920616000E-03   6.1561500000E-05
    4      9.1822138000E-03  -2.9335740000E-04  -1.3539155100E-02  -2.6885710000E-04   2.9321160000E-04
    5      3.8424597300E-02   3.1254320000E-04   1.0797042000E-03  -5.2351950000E-04  -3.1253410000E-04
    6      3.1254320000E-04   2.7648857970E-01  -1.3578293890E-01   7.9514611000E-03  -2.0307544300E-02
    7      1.0797042000E-03  -1.3578293890E-01   1.1974337390E-01  -4.5908540000E-03  -1.2052798900E-02
    8     -5.2351950000E-04   7.9514611000E-03  -4.5908540000E-03   3.8422392300E-02   7.7867270000E-04
    9     -3.1253410000E-04  -2.0307544300E-02  -1.2052798900E-02   7.7867270000E-04   2.7649129640E-01
   10      1.0798761000E-03   1.2053069300E-02   6.8684208000E-03  -8.1163880000E-04   1.3578125670E-01
   11     -5.2351040000E-04  -7.7853900000E-04  -8.1155050000E-04  -5.2113290000E-04  -7.9531838000E-03
   12     -1.5600000000E-08   9.8027070000E-04  -3.2641970000E-04   6.7258100000E-03   9.8024020000E-04
   13      7.7683033000E-03  -3.1888460000E-04   5.9824510000E-04  -3.8838932000E-03   3.1885300000E-04
   14     -1.5671327000E-02  -1.5714560000E-04   1.0879400000E-04  -1.5671947700E-02   1.5703870000E-04
   15     -1.1010000000E-07   9.2097760000E-04  -4.7361760000E-04  -7.9053835000E-03   9.2104240000E-04
   16     -9.1285542000E-03  -4.6664120000E-04   3.6983770000E-04   4.5644601000E-03   4.6666630000E-04
   17     -1.7664251400E-02   8.8160880000E-04  -5.1485570000E-04  -1.7664446200E-02  -8.8172620000E-04
                   10                 11                 12                 13                 14        
    0     -1.2480007980E-01   8.6444569000E-03  -1.2117043700E-02   2.4000000000E-09   1.3100000000E-07
    1     -1.1403809420E-01   4.9915360000E-03   6.6000000000E-09  -1.2116604800E-02  -8.9900000000E-06
    2      4.7295195000E-03  -4.0414326000E-03   1.1460000000E-07   5.8903000000E-06   2.9338231900E-02
    3     -2.3834279600E-02  -1.0920721000E-03   4.1490880000E-04   3.0500000000E-08  -6.9900000000E-08
    4     -1.3538922500E-02  -2.6884350000E-04  -1.9000000000E-09   1.1774559000E-03  -1.9058990000E-04
    5      1.0798761000E-03  -5.2351040000E-04  -1.5600000000E-08   7.7683033000E-03  -1.5671327000E-02
    6      1.2053069300E-02  -7.7853900000E-04   9.8027070000E-04  -3.1888460000E-04  -1.5714560000E-04
    7      6.8684208000E-03  -8.1155050000E-04  -3.2641970000E-04   5.9824510000E-04   1.0879400000E-04
    8     -8.1163880000E-04  -5.2113290000E-04   6.7258100000E-03  -3.8838932000E-03  -1.5671947700E-02
    9      1.3578125670E-01  -7.9531838000E-03   9.8024020000E-04   3.1885300000E-04   1.5703870000E-04
   10      1.1974052900E-01  -4.5917229000E-03   3.2642180000E-04   5.9823840000E-04   1.0880960000E-04
   11     -4.5917229000E-03   3.8422505300E-02  -6.7259652000E-03  -3.8838084000E-03  -1.5671916800E-02
   12      3.2642180000E-04  -6.7259652000E-03   7.6724104000E-03  -3.9000000000E-09   1.3100000000E-07
   13      5.9823840000E-04  -3.8838084000E-03  -3.9000000000E-09   7.6735285000E-03  -9.5093000000E-06
   14      1.0880960000E-04  -1.5671916800E-02   1.3100000000E-07  -9.5093000000E-06   4.1654148400E-02
   15      4.7361160000E-04   7.9053033000E-03   2.0692137000E-03   2.6000000000E-09  -8.5200000000E-08
   16      3.6982850000E-04   4.5643893000E-03  -3.0000000000E-09   2.0691369000E-03  -8.5145000000E-06
   17     -5.1484350000E-04  -1.7664512700E-02  -7.4700000000E-08   3.0174000000E-06  -2.3977188900E-02
                   15                 16                 17        
     0     -1.1613773100E-02   2.4000000000E-09   1.0040000000E-07
     1     -5.6000000000E-09  -1.1612501100E-02   3.0046000000E-06
     2      1.3050000000E-07   5.5051000000E-06   3.0181306800E-02
     3      1.0076110000E-04  -2.7300000000E-08  -5.3200000000E-08
     4      6.2000000000E-09   1.2018011000E-03   1.0209630000E-03
     5     -1.1010000000E-07  -9.1285542000E-03  -1.7664251400E-02
     6      9.2097760000E-04  -4.6664120000E-04   8.8160880000E-04
     7     -4.7361760000E-04   3.6983770000E-04  -5.1485570000E-04
     8     -7.9053835000E-03   4.5644601000E-03  -1.7664446200E-02
     9      9.2104240000E-04   4.6666630000E-04  -8.8172620000E-04
    10      4.7361160000E-04   3.6982850000E-04  -5.1484350000E-04
    11      7.9053033000E-03   4.5643893000E-03  -1.7664512700E-02
    12      2.0692137000E-03  -3.0000000000E-09  -7.4700000000E-08
    13      2.6000000000E-09   2.0691369000E-03   3.0174000000E-06
    14     -8.5200000000E-08  -8.5145000000E-06  -2.3977188900E-02
    15      7.6017783000E-03   2.8000000000E-09   1.4490000000E-07
    16      2.8000000000E-09   7.6018968000E-03   2.7141000000E-06
    17      1.4490000000E-07   2.7141000000E-06   4.6789092400E-02

$vibrational_frequencies
18
    0        0.0000000000000000
    1        0.0000000000000000
    2        0.0000000000000000
    3        0.0000000000000000
    4        0.0000000000000000
    5        0.0000000000000000
    6     -345.4533769797432683
    7      177.4001686382769378
    8      196.3179610145839717
    9      196.3251921524008878
   10      998.3420085093816851
   11     1005.6453941934183831
   12     1005.7055707610472837
   13     1342.0635089150994190
   14     1342.1777538766830276
   15     3106.8581210234319769
   16     3196.2074296887003584
   17     3196.2336927948240373

$normal_modes
18 18
                    0                  1                  2                  3                  4        
    0      0.0000000000E+00   0.0000000000E+00   0.0000000000E+00   0.0000000000E+00   0.0000000000E+00
    1      0.0000000000E+00   0.0000000000E+00   0.0000000000E+00   0.0000000000E+00   0.0000000000E+00
    2      0.0000000000E+00   0.0000000000E+00   0.0000000000E+00   0.0000000000E+00   0.0000000000E+00
    3      0.0000000000E+00   0.0000000000E+00   0.0000000000E+00   0.0000000000E+00   0.0000000000E+00
    4      0.0000000000E+00   0.0000000000E+00   0.0000000000E+00   0.0000000000E+00   0.0000000000E+00
    5      0.0000000000E+00   0.0000000000E+00   0.0000000000E+00   0.0000000000E+00   0.0000000000E+00
    6      0.0000000000E+00   0.0000000000E+00   0.0000000000E+00   0.0000000000E+00   0.0000000000E+00
    7      0.0000000000E+00   0.0000000000E+00   0.0000000000E+00   0.0000000000E+00   0.0000000000E+00
    8      0.0000000000E+00   0.0000000000E+00   0.0000000000E+00   0.0000000000E+00   0.0000000000E+00
    9      0.0000000000E+00   0.0000000000E+00   0.0000000000E+00   0.0000000000E+00   0.0000000000E+00
   10      0.0000000000E+00   0.0000000000E+00   0.0000000000E+00   0.0000000000E+00   0.0000000000E+00
   11      0.0000000000E+00   0.0000000000E+00   0.0000000000E+00   0.0000000000E+00   0.0000000000E+00
   12      0.0000000000E+00   0.0000000000E+00   0.0000000000E+00   0.0000000000E+00   0.0000000000E+00
   13      0.0000000000E+00   0.0000000000E+00   0.0000000000E+00   0.0000000000E+00   0.0000000000E+00
   14      0.0000000000E+00   0.0000000000E+00   0.0000000000E+00   0.0000000000E+00   0.0000000000E+00
   15      0.0000000000E+00   0.0000000000E+00   0.0000000000E+00   0.0000000000E+00   0.0000000000E+00
   16      0.0000000000E+00   0.0000000000E+00   0.0000000000E+00   0.0000000000E+00   0.0000000000E+00
   17      0.0000000000E+00   0.0000000000E+00   0.0000000000E+00   0.0000000000E+00   0.0000000000E+00
                    5                  6                  7                  8                  9        
    0      0.0000000000E+00  -2.8629588217E-06   2.8588943595E-07   4.8682275094E-01   8.8252244794E-04
    1      0.0000000000E+00  -1.4929865220E-04   3.5179117428E-03   8.8251130271E-04  -4.8682693519E-01
    2      0.0000000000E+00  -9.8659017947E-01  -2.1708050185E-01  -1.1864053597E-06  -8.1458632941E-05
    3      0.0000000000E+00   7.5273037908E-07   8.2828513808E-09   5.0612196454E-01   9.1753415414E-04
    4      0.0000000000E+00  -2.5026314120E-02   2.8827608789E-03   8.9536727048E-04  -4.9395605854E-01
    5      0.0000000000E+00  -1.2952274619E-02  -2.5720737512E-01  -9.3338211859E-06   4.1633387958E-03
    6      0.0000000000E+00  -2.1623856758E-02  -4.7646151724E-04   4.9699838321E-01  -4.4034353719E-03
    7      0.0000000000E+00   1.2118345176E-02   4.1465091059E-03   6.2102011077E-03  -5.0305969949E-01
    8      0.0000000000E+00  -1.2953275591E-02  -2.5714890168E-01  -3.8213896589E-03  -2.4303553817E-03
    9      0.0000000000E+00   2.1624986846E-02   4.7671132602E-04   4.9697907451E-01   6.2053072073E-03
   10      0.0000000000E+00   1.2118128608E-02   4.1466449788E-03  -4.3862180002E-03  -5.0307912662E-01
   11      0.0000000000E+00  -1.2952587045E-02  -2.5714751525E-01   3.8267990671E-03  -2.4169611081E-03
   12      0.0000000000E+00   4.7670045352E-07  -5.9407706901E-08  -1.0959233154E-01  -1.9866863545E-04
   13      0.0000000000E+00   3.8175399415E-05  -7.9726847884E-04  -1.9866854628E-04   1.0959278051E-01
   14      0.0000000000E+00   1.4663411396E-01  -8.2925792312E-01   1.6927019709E-06  -7.5662182824E-04
   15      0.0000000000E+00   1.2284204679E-07  -1.2512158735E-08  -2.7375503146E-02  -4.9627574680E-05
   16      0.0000000000E+00   9.7395802615E-06  -1.9900237073E-04  -4.9626102968E-05   2.7375737706E-02
   17      0.0000000000E+00   5.2722493348E-02   2.5835075554E-01  -3.2943766684E-07   2.2452610585E-04
                   10                 11                 12                 13                 14        
    0     -7.4513070066E-08  -1.3152271223E-02  -2.7675882614E-06   2.7568740471E-05   9.7571385038E-02
    1      2.4982971145E-06   2.7252006454E-06  -1.3149678848E-02   9.7566665383E-02  -2.7558713106E-05
    2     -1.4724638488E-02   9.4053048295E-08  -3.5673519329E-06   1.8637563722E-05  -3.6177128181E-07
    3      2.1200662757E-06   5.4986007768E-02   1.0001144121E-05  -2.2376287253E-04  -8.0784389890E-01
    4     -1.5534727191E-02  -3.3293524156E-06   1.4494957824E-02   5.8031877296E-02  -1.1841806315E-05
    5      5.7707219294E-01   1.6713086145E-04  -8.1432683386E-01  -6.5852930263E-02   2.1121139019E-05
    6     -1.3454135751E-02   2.4608577844E-02   1.7545280069E-02  -3.7507081466E-01  -1.5830226299E-01
    7      7.7582114642E-03   1.7525324364E-02   4.4874193751E-02  -5.9142360910E-01  -3.7478926610E-01
    8      5.7687006501E-01  -7.0539391314E-01   4.0715940216E-01   3.2904602619E-02  -5.7027286102E-02
    9      1.3458206731E-02   2.4620610662E-02  -1.7533218494E-02   3.7497689948E-01  -1.5850593208E-01
   10      7.7581137603E-03  -1.7544212623E-02   4.4869611955E-02  -5.9121944336E-01   3.7511876178E-01
   11      5.7687027920E-01   7.0522596657E-01   4.0744959916E-01   3.2933501149E-02   5.7010334565E-02
   12     -8.1648214076E-08  -6.8662548346E-03  -1.4108821146E-06  -2.5912475518E-07  -9.7551702141E-04
   13      1.1641212831E-06   1.4196017876E-06  -6.8670479873E-03  -9.7537628062E-04   2.8609455023E-07
   14     -2.1143913803E-02   2.1696648786E-08  -2.5363368835E-06  -9.2882638679E-06   1.0161338799E-08
   15     -1.9313822253E-08   2.3353218634E-03   4.8086907110E-07  -1.3569060546E-08  -2.9122064581E-05
   16     -4.1551975218E-07  -4.7806284425E-07   2.3351108849E-03  -2.9039701075E-05   5.2772861306E-09
   17     -6.4474880103E-03  -8.4842446235E-09  -1.1950873326E-06   9.4866940324E-07  -1.7176828844E-09
                   15                 16                 17        
     0     -1.7315456104E-09   1.8828025874E-04  -9.8433107757E-02
     1      2.2256227347E-05   9.8436347103E-02   1.8829771805E-04
     2     -3.7411079907E-03   5.6872825600E-07   3.3794348479E-07
     3      9.4891349499E-08   6.8444637195E-05  -3.8120284280E-02
     4      5.7700780467E-01  -8.1137823229E-01  -1.5474379088E-03
     5      1.5123101606E-02  -2.4463272958E-02  -4.6526974811E-05
     6      4.9984744337E-01   3.6654465231E-01   5.9962024431E-01
     7     -2.8867462137E-01  -1.7349202044E-01  -3.6812959871E-01
     8      1.5131660443E-02   1.2186276482E-02   2.1202696588E-02
     9     -4.9984756997E-01  -3.6883144511E-01   5.9822094589E-01
    10     -2.8867480403E-01  -1.7489129120E-01   3.6745862362E-01
    11      1.5135189495E-02   1.2269654317E-02  -2.1160233538E-02
    12     -1.8194141910E-08  -4.1326041138E-07   2.0997034461E-04
    13      1.1406131714E-06  -2.0995171604E-04  -3.8776204447E-07
    14     -8.9192345952E-05   3.2827041371E-08   3.5498682578E-10
    15      5.4987990606E-09  -8.4223141628E-08   4.5999255111E-05
    16      2.8838440720E-07  -4.5988263099E-05  -9.2484350917E-08
    17      1.8467400790E-05  -4.6801816374E-09   1.9552592293E-10

#
# The atoms: label  mass x y z (in bohrs)
#
$atoms
6
 C     12.01100      0.000000034067     0.000010661261     2.591837035974
 H      1.00800     -0.000000018706     2.021020353317     2.652211136186
 H      1.00800      1.750247762086    -1.010490602224     2.652209523788
 H      1.00800     -1.750247742020    -1.010490569044     2.652209598788
 Cl    35.45300     -0.000000030350    -0.000000704310     6.947477060021
 I    126.90000      0.000000005244    -0.000001123546    -2.249485753734

$actual_temperature
  0.000000

$frequency_scale_factor
  1.000000


$end

