
$orca_hessian_file

$act_atom
  0

$act_coord
  0

$act_energy
      -12.268946

$multiplicity
  1

$hessian
18
                    0                  1                  2                  3                  4        
    0      5.6266722790E-01   3.5300000000E-08  -2.1243000000E-06  -4.3246597800E-02  -1.4357000000E-06
    1      3.5300000000E-08   5.6266302690E-01   4.9403000000E-06  -1.4231000000E-06  -3.1675917900E-01
    2     -2.1243000000E-06   4.9403000000E-06  -4.4303545500E-02   1.6690000000E-07   4.4488100000E-04
    3     -4.3246597800E-02  -1.4231000000E-06   1.6690000000E-07   4.1950892700E-02   1.5784000000E-06
    4     -1.4357000000E-06  -3.1675917900E-01   4.4488100000E-04   1.5784000000E-06   3.4086944030E-01
    5      1.4200000000E-07   1.8347762000E-03  -6.0575581000E-03  -2.5300000000E-08  -1.1051400000E-05
    6     -2.4838554350E-01   1.1844348090E-01   4.1073860000E-04   4.8146410000E-04  -3.3367420000E-04
    7      1.1843843100E-01  -1.1162766090E-01  -2.3118180000E-04   2.3942392000E-02  -1.3139757300E-02
    8      1.5907089000E-03  -9.1807510000E-04  -6.0572760000E-03   7.1376310000E-04   4.9930200000E-05
    9     -2.4838809370E-01  -1.1844209260E-01  -4.0904380000E-04   4.8117840000E-04   3.3353250000E-04
   10     -1.1843703440E-01  -1.1162520000E-01  -2.3038770000E-04  -2.3942545000E-02  -1.3139531300E-02
   11     -1.5890082000E-03  -9.1725020000E-04  -6.0572269000E-03  -7.1377390000E-04   4.9939000000E-05
   12     -1.1878608200E-02   4.5000000000E-09   1.3370000000E-07   4.9414000000E-04  -2.4000000000E-09
   13      1.8000000000E-09  -1.1881055300E-02   5.9924000000E-06   2.6400000000E-08   1.5112554000E-03
   14      1.6410000000E-07  -5.5044000000E-06   3.3209335300E-02  -6.6300000000E-08  -7.1143660000E-04
   15     -1.0768384700E-02  -5.0000000000E-09   1.2890000000E-07  -1.6107750000E-04   1.4000000000E-09
   16      2.0000000000E-09  -1.0769931800E-02   5.7558000000E-06  -2.8700000000E-08   6.5777180000E-04
   17      1.1770000000E-07   1.1132000000E-06   2.9266271300E-02  -6.4500000000E-08   1.7773770000E-04
                    5                  6                  7                  8                  9        
    0      1.4200000000E-07  -2.4838554350E-01   1.1843843100E-01   1.5907089000E-03  -2.4838809370E-01
    1      1.8347762000E-03   1.1844348090E-01  -1.1162766090E-01  -9.1807510000E-04  -1.1844209260E-01
    2     -6.0575581000E-03   4.1073860000E-04  -2.3118180000E-04  -6.0572760000E-03  -4.0904380000E-04
    3     -2.5300000000E-08   4.8146410000E-04   2.3942392000E-02   7.1376310000E-04   4.8117840000E-04
    4     -1.1051400000E-05  -3.3367420000E-04  -1.3139757300E-02   4.9930200000E-05   3.3353250000E-04
    5      3.5470770500E-02   3.9843030000E-04   5.9322220000E-04  -3.4437250000E-04  -3.9842900000E-04
    6      3.9843030000E-04   2.6619273930E-01  -1.2946276080E-01  -1.2570500000E-05  -1.9985375200E-02
    7      5.9322220000E-04  -1.2946276080E-01   1.1669141270E-01   7.0415000000E-06  -1.2130705600E-02
    8     -3.4437250000E-04  -1.2570500000E-05   7.0415000000E-06   3.5469172500E-02   3.1485880000E-04
    9     -3.9842900000E-04  -1.9985375200E-02  -1.2130705600E-02   3.1485880000E-04   2.6619552240E-01
   10      5.9339670000E-04   1.2130971500E-02   7.2950665000E-03  -6.4276040000E-04   1.2946124970E-01
   11     -3.4436550000E-04  -3.1472530000E-04  -6.4267660000E-04  -3.4272220000E-04   1.0943000000E-05
   12     -1.0400000000E-08   1.2497926000E-03  -4.3627580000E-04   5.3373045000E-03   1.2497772000E-03
   13      6.1635614000E-03  -4.3158520000E-04   7.4247100000E-04  -3.0824614000E-03   4.3155730000E-04
   14     -1.1513622400E-02  -6.4011260000E-04   3.6402920000E-04  -1.1513809400E-02   6.4002820000E-04
   15     -1.0750000000E-07   4.4692270000E-04  -3.5108090000E-04  -7.9440648000E-03   4.4699090000E-04
   16     -9.1739051000E-03  -3.4643220000E-04   3.8467900000E-05   4.5863252000E-03   3.4645860000E-04
   17     -1.7210852100E-02   1.5823950000E-04  -9.0434500000E-05  -1.7210992400E-02  -1.5835710000E-04
                   10                 11                 12                 13                 14        
    0     -1.1843703440E-01  -1.5890082000E-03  -1.1878608200E-02   1.8000000000E-09   1.6410000000E-07
    1     -1.1162520000E-01  -9.1725020000E-04   4.5000000000E-09  -1.1881055300E-02  -5.5044000000E-06
    2     -2.3038770000E-04  -6.0572269000E-03   1.3370000000E-07   5.9924000000E-06   3.3209335300E-02
    3     -2.3942545000E-02  -7.1377390000E-04   4.9414000000E-04   2.6400000000E-08  -6.6300000000E-08
    4     -1.3139531300E-02   4.9939000000E-05  -2.4000000000E-09   1.5112554000E-03  -7.1143660000E-04
    5      5.9339670000E-04  -3.4436550000E-04  -1.0400000000E-08   6.1635614000E-03  -1.1513622400E-02
    6      1.2130971500E-02  -3.1472530000E-04   1.2497926000E-03  -4.3158520000E-04  -6.4011260000E-04
    7      7.2950665000E-03  -6.4267660000E-04  -4.3627580000E-04   7.4247100000E-04   3.6402920000E-04
    8     -6.4276040000E-04  -3.4272220000E-04   5.3373045000E-03  -3.0824614000E-03  -1.1513809400E-02
    9      1.2946124970E-01   1.0943000000E-05   1.2497772000E-03   4.3155730000E-04   6.4002820000E-04
   10      1.1668874050E-01   6.1322000000E-06   4.3627830000E-04   7.4246240000E-04   3.6404380000E-04
   11      6.1322000000E-06   3.5469160000E-02  -5.3374238000E-03  -3.0823943000E-03  -1.1513786300E-02
   12      4.3627830000E-04  -5.3374238000E-03   6.6266954000E-03  -2.8000000000E-09   6.1800000000E-08
   13      7.4246240000E-04  -3.0823943000E-03  -2.8000000000E-09   6.6269848000E-03  -5.7031000000E-06
   14      3.6404380000E-04  -1.1513786300E-02   6.1800000000E-08  -5.7031000000E-06   2.1926312800E-02
   15      3.5107990000E-04   7.9439883000E-03   2.2582030000E-03   2.6000000000E-09  -7.5200000000E-08
   16      3.8461800000E-05   4.5862499000E-03  -1.8000000000E-09   2.2578817000E-03  -5.4290000000E-06
   17     -9.0424700000E-05  -1.7211059200E-02  -6.5900000000E-08   1.0050000000E-06  -2.0594430000E-02
                   15                 16                 17        
     0     -1.0768384700E-02   2.0000000000E-09   1.1770000000E-07
     1     -5.0000000000E-09  -1.0769931800E-02   1.1132000000E-06
     2      1.2890000000E-07   5.7558000000E-06   2.9266271300E-02
     3     -1.6107750000E-04  -2.8700000000E-08  -6.4500000000E-08
     4      1.4000000000E-09   6.5777180000E-04   1.7773770000E-04
     5     -1.0750000000E-07  -9.1739051000E-03  -1.7210852100E-02
     6      4.4692270000E-04  -3.4643220000E-04   1.5823950000E-04
     7     -3.5108090000E-04   3.8467900000E-05  -9.0434500000E-05
     8     -7.9440648000E-03   4.5863252000E-03  -1.7210992400E-02
     9      4.4699090000E-04   3.4645860000E-04  -1.5835710000E-04
    10      3.5107990000E-04   3.8461800000E-05  -9.0424700000E-05
    11      7.9439883000E-03   4.5862499000E-03  -1.7211059200E-02
    12      2.2582030000E-03  -1.8000000000E-09  -6.5900000000E-08
    13      2.6000000000E-09   2.2578817000E-03   1.0050000000E-06
    14     -7.5200000000E-08  -5.4290000000E-06  -2.0594430000E-02
    15      7.7773456000E-03   2.0000000000E-09   1.3030000000E-07
    16      2.0000000000E-09   7.7773485000E-03   1.0032000000E-06
    17      1.3030000000E-07   1.0032000000E-06   4.2961062300E-02

$vibrational_frequencies
18
    0        0.0000000000000000
    1        0.0000000000000000
    2        0.0000000000000000
    3        0.0000000000000000
    4        0.0000000000000000
    5        0.0000000000000000
    6     -341.5421239610353155
    7      154.2010600013921078
    8      192.1650752529453996
    9      192.1662487503569139
   10      965.6562710947279129
   11      969.8846113135626865
   12      969.9291129845778414
   13     1350.3291445932802617
   14     1350.3773337940544934
   15     3044.1385706197656873
   16     3131.0939448794138116
   17     3131.1303341379034464

$normal_modes
18 18
                    0                  1                  2                  3                  4        
    0      0.0000000000E+00   0.0000000000E+00   0.0000000000E+00   0.0000000000E+00   0.0000000000E+00
    1      0.0000000000E+00   0.0000000000E+00   0.0000000000E+00   0.0000000000E+00   0.0000000000E+00
    2      0.0000000000E+00   0.0000000000E+00   0.0000000000E+00   0.0000000000E+00   0.0000000000E+00
    3      0.0000000000E+00   0.0000000000E+00   0.0000000000E+00   0.0000000000E+00   0.0000000000E+00
    4      0.0000000000E+00   0.0000000000E+00   0.0000000000E+00   0.0000000000E+00   0.0000000000E+00
    5      0.0000000000E+00   0.0000000000E+00   0.0000000000E+00   0.0000000000E+00   0.0000000000E+00
    6      0.0000000000E+00   0.0000000000E+00   0.0000000000E+00   0.0000000000E+00   0.0000000000E+00
    7      0.0000000000E+00   0.0000000000E+00   0.0000000000E+00   0.0000000000E+00   0.0000000000E+00
    8      0.0000000000E+00   0.0000000000E+00   0.0000000000E+00   0.0000000000E+00   0.0000000000E+00
    9      0.0000000000E+00   0.0000000000E+00   0.0000000000E+00   0.0000000000E+00   0.0000000000E+00
   10      0.0000000000E+00   0.0000000000E+00   0.0000000000E+00   0.0000000000E+00   0.0000000000E+00
   11      0.0000000000E+00   0.0000000000E+00   0.0000000000E+00   0.0000000000E+00   0.0000000000E+00
   12      0.0000000000E+00   0.0000000000E+00   0.0000000000E+00   0.0000000000E+00   0.0000000000E+00
   13      0.0000000000E+00   0.0000000000E+00   0.0000000000E+00   0.0000000000E+00   0.0000000000E+00
   14      0.0000000000E+00   0.0000000000E+00   0.0000000000E+00   0.0000000000E+00   0.0000000000E+00
   15      0.0000000000E+00   0.0000000000E+00   0.0000000000E+00   0.0000000000E+00   0.0000000000E+00
   16      0.0000000000E+00   0.0000000000E+00   0.0000000000E+00   0.0000000000E+00   0.0000000000E+00
   17      0.0000000000E+00   0.0000000000E+00   0.0000000000E+00   0.0000000000E+00   0.0000000000E+00
                    5                  6                  7                  8                  9        
    0      0.0000000000E+00  -2.9880945623E-06   7.1804336580E-07  -4.2393320552E-03  -4.8733947235E-01
    1      0.0000000000E+00  -1.5240904181E-04   9.1982586915E-04  -4.8734087862E-01   4.2393265232E-03
    2      0.0000000000E+00  -9.7436242328E-01  -2.9892505225E-01   2.9680169730E-05   1.0952276843E-06
    3      0.0000000000E+00   6.6847000164E-07   9.4899305758E-07  -4.3906340423E-03  -5.0476453526E-01
    4      0.0000000000E+00   1.3993396043E-03  -4.8216292953E-04  -4.9415976014E-01   4.2987144191E-03
    5      0.0000000000E+00  -7.9882657882E-02  -2.0387216544E-01   3.1191560470E-02  -2.6945749133E-04
    6      0.0000000000E+00   1.4475722051E-03  -1.2732829629E-03  -8.9418216696E-03  -4.9675376257E-01
    7      0.0000000000E+00  -8.9733203377E-04   1.6344177858E-03  -5.0213654646E-01  -2.4688017469E-04
    8      0.0000000000E+00  -7.9882907393E-02  -2.0378881167E-01  -1.5392729900E-02   2.7179385488E-02
    9      0.0000000000E+00  -1.4470352181E-03   1.2753317092E-03   2.9841420355E-04  -4.9683425956E-01
   10      0.0000000000E+00  -8.9779360150E-04   1.6345037798E-03  -5.0205619713E-01   8.9821730527E-03
   11      0.0000000000E+00  -7.9881947235E-02  -2.0378721829E-01  -1.5863354163E-02  -2.6904342790E-02
   12      0.0000000000E+00   5.0902757555E-07  -1.7419187345E-07   9.4311040832E-04   1.0841677226E-01
   13      0.0000000000E+00   3.2521138974E-05  -2.0413367919E-04   1.0841690731E-01  -9.4310529496E-04
   14      0.0000000000E+00   1.7124295145E-01  -8.4473079135E-01  -2.0079008334E-04   1.2856118890E-06
   15      0.0000000000E+00   1.3103505493E-07  -4.3108870421E-08   2.4129895862E-04   2.7738959444E-02
   16      0.0000000000E+00   8.4835727375E-06  -5.2166508206E-05   2.7739054388E-02  -2.4129959183E-04
   17      0.0000000000E+00   4.6284912535E-02   2.6914869448E-01   5.3799543640E-05  -5.0719831008E-07
                   10                 11                 12                 13                 14        
    0      2.9645430194E-07   9.7068326033E-03   8.7048920493E-06  -2.8678805099E-05   9.7809946349E-02
    1     -1.2319078116E-07   8.7360342214E-06  -9.7043500733E-03   9.7807642574E-02   2.8685123383E-05
    2      2.4014177588E-02  -5.3614842330E-07   3.0004750771E-06  -9.4716878893E-06  -3.9511354496E-07
    3     -2.4421172670E-06  -1.4932358619E-02  -1.4908722414E-05   2.4211980250E-04  -8.1029643295E-01
    4      1.5966585875E-04   8.6350512587E-06  -9.4338212941E-03   5.5750897276E-02   2.0953215501E-05
    5     -5.7702506848E-01   7.4645669984E-04  -8.1629487965E-01  -2.4563708119E-02  -4.4021626670E-06
    6      1.1694890755E-04   3.3382932963E-03   1.0551066158E-02  -3.7491508646E-01  -1.6090720961E-01
    7     -9.8380189010E-05  -1.0560301383E-02   8.8260498967E-03  -5.9369938822E-01  -3.7516723250E-01
    8     -5.7710805129E-01   7.0653606948E-01   4.0871703810E-01   1.2317561817E-02  -2.1292101369E-02
    9     -1.2091078503E-04   3.3523889888E-03  -1.0543482389E-02   3.7500492901E-01  -1.6067939365E-01
   10     -9.7847655666E-05   1.0544498203E-02   8.8476575171E-03  -5.9392712848E-01   3.7481433927E-01
   11     -5.7713496834E-01  -7.0725000911E-01   4.0744305519E-01   1.2302129340E-02   2.1300813297E-02
   12      1.8589125533E-07   5.9222865723E-03   5.3427227042E-06   2.3834320614E-07  -7.6412073510E-04
   13      1.1251723582E-06   5.3353884021E-06  -5.9226983120E-03  -7.6374881173E-04  -2.1175061401E-07
   14      1.6751597109E-02  -3.2734244978E-07   9.7944284473E-07   2.6842785986E-06   1.1887619862E-08
   15     -2.9124417565E-08  -2.5078328014E-03  -2.2583644905E-06   1.0977907824E-08  -5.3323819299E-05
   16     -1.2266425001E-08  -2.2605087319E-06   2.5077270826E-03  -5.3268589079E-05  -1.9182726211E-08
   17      6.7989722105E-03  -1.1609345434E-07   5.1301620840E-07  -2.9812598745E-07  -1.5749123705E-10
                   15                 16                 17        
     0     -2.4808070802E-07   3.2982498730E-04  -9.8403112621E-02
     1     -2.0571400964E-04  -9.8404820660E-02  -3.2981966968E-04
     2      1.8653525284E-04  -5.1742760350E-06   3.2322630049E-07
     3     -4.2983576889E-10   1.3362183871E-04  -3.8539268528E-02
     4      5.7895316888E-01   8.1034460011E-01   2.7189716181E-03
     5      1.5346959072E-04  -8.1459296236E-04  -2.5993666790E-06
     6      4.9929171613E-01  -3.7123225181E-01   5.9783324825E-01
     7     -2.8829886563E-01   1.7587431332E-01  -3.6754329466E-01
     8      1.5313141410E-04   4.1692034288E-04  -7.1205071099E-04
     9     -4.9928883366E-01   3.6721193985E-01   6.0031865532E-01
    10     -2.8829720097E-01   1.7339887105E-01   3.6871104165E-01
    11      1.5665849199E-04   4.0956048111E-04   7.1061524948E-04
    12     -1.7387086270E-08  -7.4228011296E-07   2.2522724141E-04
    13      1.4659444365E-06   2.2547383340E-04   7.6823671427E-07
    14     -1.0154180146E-04   1.7918328360E-06   6.2303089591E-09
    15      5.4453850613E-09  -1.3733823842E-07   3.9757826476E-05
    16      3.3805950338E-07   3.9809695545E-05   1.2935698635E-07
    17      7.0332623517E-06  -1.0528435456E-07  -2.8406162168E-10

#
# The atoms: label  mass x y z (in bohrs)
#
$atoms
6
 C     12.01100     -0.000000129860     0.000005739567     2.609249140080
 H      1.00800     -0.000000160706     2.034070796261     2.597429138832
 H      1.00800      1.761551953054    -1.017026340477     2.597427252056
 H      1.00800     -1.761552160190    -1.017026274500     2.597427357733
 Cl    35.45300     -0.000000017672    -0.000000032444     7.124958745959
 I    126.90000      0.000000020150    -0.000000678601    -2.299412733338

$actual_temperature
  0.000000

$frequency_scale_factor
  1.000000


$end

