
$orca_hessian_file

$act_atom
  0

$act_coord
  0

$act_energy
      -12.272088

$multiplicity
  1

$hessian
18
                    0                  1                  2                  3                  4        
    0      5.9137622780E-01  -1.5700000000E-08  -2.1339000000E-06  -4.1377112400E-02  -1.5768000000E-06
    1     -1.5700000000E-08   5.9137751660E-01   5.5163000000E-06  -1.5832000000E-06  -3.3673513740E-01
    2     -2.1339000000E-06   5.5163000000E-06  -4.9440556000E-02   8.1900000000E-08  -1.0929340000E-02
    3     -4.1377112400E-02  -1.5832000000E-06   8.1900000000E-08   4.1013916600E-02   1.7184000000E-06
    4     -1.5768000000E-06  -3.3673513740E-01  -1.0929340000E-02   1.7184000000E-06   3.6175881400E-01
    5      6.9300000000E-08  -1.1989238400E-02  -2.8430328000E-03   4.6700000000E-08   9.9059379000E-03
    6     -2.6289752100E-01   1.2790351260E-01  -9.4700239000E-03  -1.4507450000E-04  -2.5212070000E-04
    7      1.2789616030E-01  -1.1522273110E-01   5.4553824000E-03   2.3763153500E-02  -1.3729095600E-02
    8     -1.0381475000E-02   5.9951744000E-03  -2.8424646000E-03   9.8369110000E-04  -2.8733440000E-04
    9     -2.6290006400E-01  -1.2790191660E-01   9.4718576000E-03  -1.4534170000E-04   2.5197420000E-04
   10     -1.2789457320E-01  -1.1522004780E-01   5.4561482000E-03  -2.3763297200E-02  -1.3728860000E-02
   11      1.0383351000E-02   5.9959239000E-03  -2.8425716000E-03  -9.8370030000E-04  -2.8732170000E-04
   12     -1.2503340900E-02   8.4000000000E-09   9.8400000000E-08   4.1263380000E-04  -2.3000000000E-09
   13      2.8000000000E-09  -1.2502863300E-02   6.5005000000E-06   3.3700000000E-08   9.9015320000E-04
   14      1.0800000000E-07  -1.1267600000E-05   2.7734910500E-02  -7.2400000000E-08   2.2856600000E-04
   15     -1.1698189600E-02  -5.5000000000E-09   1.2000000000E-07   2.4097820000E-04   7.2000000000E-09
   16      2.6000000000E-09  -1.1696737000E-02   5.7926000000E-06  -2.5100000000E-08   1.4441259000E-03
   17      8.0500000000E-08   3.8914000000E-06   3.0233714500E-02  -4.7000000000E-08   1.3694923000E-03
                    5                  6                  7                  8                  9        
    0      6.9300000000E-08  -2.6289752100E-01   1.2789616030E-01  -1.0381475000E-02  -2.6290006400E-01
    1     -1.1989238400E-02   1.2790351260E-01  -1.1522273110E-01   5.9951744000E-03  -1.2790191660E-01
    2     -2.8430328000E-03  -9.4700239000E-03   5.4553824000E-03  -2.8424646000E-03   9.4718576000E-03
    3      4.6700000000E-08  -1.4507450000E-04   2.3763153500E-02   9.8369110000E-04  -1.4534170000E-04
    4      9.9059379000E-03  -2.5212070000E-04  -1.3729095600E-02  -2.8733440000E-04   2.5197420000E-04
    5      3.9658062200E-02   2.4202980000E-04   9.9475970000E-04  -6.5116810000E-04  -2.4202030000E-04
    6      2.4202980000E-04   2.8155276120E-01  -1.3889994140E-01   8.5781622000E-03  -2.0485802900E-02
    7      9.9475970000E-04  -1.3889994140E-01   1.2121418380E-01  -4.9533622000E-03  -1.1996054300E-02
    8     -6.5116810000E-04   8.5781622000E-03  -4.9533622000E-03   3.9655527100E-02   7.4081770000E-04
    9     -2.4202030000E-04  -2.0485802900E-02  -1.1996054300E-02   7.4081770000E-04   2.8155554860E-01
   10      9.9492990000E-04   1.1996326500E-02   6.6540629000E-03  -7.0902720000E-04   1.3889823010E-01
   11     -6.5116010000E-04  -7.4068240000E-04  -7.0893960000E-04  -6.4846760000E-04  -8.5799088000E-03
   12     -1.7700000000E-08   8.3842470000E-04  -2.4582320000E-04   7.6805191000E-03   8.3838510000E-04
   13      8.8713017000E-03  -2.3763510000E-04   5.4872390000E-04  -4.4349242000E-03   2.3760100000E-04
   14     -1.7994424900E-02   2.0785440000E-04  -9.7378500000E-05  -1.7995149000E-02  -2.0797270000E-04
   15     -1.0780000000E-07   1.1372125000E-03  -5.1749500000E-04  -7.6017152000E-03   1.1372749000E-03
   16     -8.7776908000E-03  -5.1014200000E-04   5.3485610000E-04   4.3894736000E-03   5.1016550000E-04
   17     -1.7518276400E-02   1.1826598000E-03  -6.9046180000E-04  -1.7518277700E-02  -1.1827735000E-03
                   10                 11                 12                 13                 14        
    0     -1.2789457320E-01   1.0383351000E-02  -1.2503340900E-02   2.8000000000E-09   1.0800000000E-07
    1     -1.1522004780E-01   5.9959239000E-03   8.4000000000E-09  -1.2502863300E-02  -1.1267600000E-05
    2      5.4561482000E-03  -2.8425716000E-03   9.8400000000E-08   6.5005000000E-06   2.7734910500E-02
    3     -2.3763297200E-02  -9.8370030000E-04   4.1263380000E-04   3.3700000000E-08  -7.2400000000E-08
    4     -1.3728860000E-02  -2.8732170000E-04  -2.3000000000E-09   9.9015320000E-04   2.2856600000E-04
    5      9.9492990000E-04  -6.5116010000E-04  -1.7700000000E-08   8.8713017000E-03  -1.7994424900E-02
    6      1.1996326500E-02  -7.4068240000E-04   8.3842470000E-04  -2.3763510000E-04   2.0785440000E-04
    7      6.6540629000E-03  -7.0893960000E-04  -2.4582320000E-04   5.4872390000E-04  -9.7378500000E-05
    8     -7.0902720000E-04  -6.4846760000E-04   7.6805191000E-03  -4.4349242000E-03  -1.7995149000E-02
    9      1.3889823010E-01  -8.5799088000E-03   8.3838510000E-04   2.3760100000E-04  -2.0797270000E-04
   10      1.2121127990E-01  -4.9542435000E-03   2.4582590000E-04   5.4871920000E-04  -9.7359100000E-05
   11     -4.9542435000E-03   3.9655644000E-02  -7.6806932000E-03  -4.4348261000E-03  -1.7995106600E-02
   12      2.4582590000E-04  -7.6806932000E-03   8.4621408000E-03  -5.1000000000E-09   1.6730000000E-07
   13      5.4871920000E-04  -4.4348261000E-03  -5.1000000000E-09   8.4635393000E-03  -1.2052400000E-05
   14     -9.7359100000E-05  -1.7995106600E-02   1.6730000000E-07  -1.2052400000E-05   5.1532601700E-02
   15      5.1748800000E-04   7.6016336000E-03   1.9517565000E-03   2.6000000000E-09  -8.4600000000E-08
   16      5.3484590000E-04   4.3894070000E-03  -3.7000000000E-09   1.9517277000E-03  -1.0508400000E-05
   17     -6.9044830000E-04  -1.7518338000E-02  -7.3900000000E-08   4.0005000000E-06  -2.5282831700E-02
                   15                 16                 17        
     0     -1.1698189600E-02   2.6000000000E-09   8.0500000000E-08
     1     -5.5000000000E-09  -1.1696737000E-02   3.8914000000E-06
     2      1.2000000000E-07   5.7926000000E-06   3.0233714500E-02
     3      2.4097820000E-04  -2.5100000000E-08  -4.7000000000E-08
     4      7.2000000000E-09   1.4441259000E-03   1.3694923000E-03
     5     -1.0780000000E-07  -8.7776908000E-03  -1.7518276400E-02
     6      1.1372125000E-03  -5.1014200000E-04   1.1826598000E-03
     7     -5.1749500000E-04   5.3485610000E-04  -6.9046180000E-04
     8     -7.6017152000E-03   4.3894736000E-03  -1.7518277700E-02
     9      1.1372749000E-03   5.1016550000E-04  -1.1827735000E-03
    10      5.1748800000E-04   5.3484590000E-04  -6.9044830000E-04
    11      7.6016336000E-03   4.3894070000E-03  -1.7518338000E-02
    12      1.9517565000E-03  -3.7000000000E-09  -7.3900000000E-08
    13      2.6000000000E-09   1.9517277000E-03   4.0005000000E-06
    14     -8.4600000000E-08  -1.0508400000E-05  -2.5282831700E-02
    15      7.2309676000E-03   2.7000000000E-09   1.5400000000E-07
    16      2.7000000000E-09   7.2311814000E-03   3.5259000000E-06
    17      1.5400000000E-07   3.5259000000E-06   4.7604009400E-02

$vibrational_frequencies
18
    0        0.0000000000000000
    1        0.0000000000000000
    2        0.0000000000000000
    3        0.0000000000000000
    4        0.0000000000000000
    5        0.0000000000000000
    6     -350.3058621882476018
    7      186.3586338441515409
    8      197.7828355419528918
    9      197.7920641463509526
   10     1012.0021450342866274
   11     1022.5359098061613849
   12     1022.6031859348545368
   13     1337.0023783653714418
   14     1337.1246306088441997
   15     3136.9860583185777614
   16     3227.1934233175966256
   17     3227.2312229717199443

$normal_modes
18 18
                    0                  1                  2                  3                  4        
    0      0.0000000000E+00   0.0000000000E+00   0.0000000000E+00   0.0000000000E+00   0.0000000000E+00
    1      0.0000000000E+00   0.0000000000E+00   0.0000000000E+00   0.0000000000E+00   0.0000000000E+00
    2      0.0000000000E+00   0.0000000000E+00   0.0000000000E+00   0.0000000000E+00   0.0000000000E+00
    3      0.0000000000E+00   0.0000000000E+00   0.0000000000E+00   0.0000000000E+00   0.0000000000E+00
    4      0.0000000000E+00   0.0000000000E+00   0.0000000000E+00   0.0000000000E+00   0.0000000000E+00
    5      0.0000000000E+00   0.0000000000E+00   0.0000000000E+00   0.0000000000E+00   0.0000000000E+00
    6      0.0000000000E+00   0.0000000000E+00   0.0000000000E+00   0.0000000000E+00   0.0000000000E+00
    7      0.0000000000E+00   0.0000000000E+00   0.0000000000E+00   0.0000000000E+00   0.0000000000E+00
    8      0.0000000000E+00   0.0000000000E+00   0.0000000000E+00   0.0000000000E+00   0.0000000000E+00
    9      0.0000000000E+00   0.0000000000E+00   0.0000000000E+00   0.0000000000E+00   0.0000000000E+00
   10      0.0000000000E+00   0.0000000000E+00   0.0000000000E+00   0.0000000000E+00   0.0000000000E+00
   11      0.0000000000E+00   0.0000000000E+00   0.0000000000E+00   0.0000000000E+00   0.0000000000E+00
   12      0.0000000000E+00   0.0000000000E+00   0.0000000000E+00   0.0000000000E+00   0.0000000000E+00
   13      0.0000000000E+00   0.0000000000E+00   0.0000000000E+00   0.0000000000E+00   0.0000000000E+00
   14      0.0000000000E+00   0.0000000000E+00   0.0000000000E+00   0.0000000000E+00   0.0000000000E+00
   15      0.0000000000E+00   0.0000000000E+00   0.0000000000E+00   0.0000000000E+00   0.0000000000E+00
   16      0.0000000000E+00   0.0000000000E+00   0.0000000000E+00   0.0000000000E+00   0.0000000000E+00
   17      0.0000000000E+00   0.0000000000E+00   0.0000000000E+00   0.0000000000E+00   0.0000000000E+00
                    5                  6                  7                  8                  9        
    0      0.0000000000E+00   2.5927379665E-06  -7.9315795056E-07   4.8664415702E-01   9.1877821269E-04
    1      0.0000000000E+00   1.6077034243E-04   7.0845984828E-03   9.1874936166E-04  -4.8664946976E-01
    2      0.0000000000E+00   9.8693028518E-01  -1.8998362777E-01  -7.8610594602E-07  -2.3894909060E-04
    3      0.0000000000E+00  -9.5791077637E-07  -1.3153814886E-06   5.0663600309E-01   9.5658248175E-04
    4      0.0000000000E+00   2.9375917580E-02   8.4180967723E-03   9.3091616904E-04  -4.9313122120E-01
    5      0.0000000000E+00  -2.1064140115E-02  -2.8835799252E-01   3.2718078253E-05  -1.8269577317E-02
    6      0.0000000000E+00   2.5390082411E-02   1.2578336718E-03   4.9650615891E-01  -4.9399527073E-03
    7      0.0000000000E+00  -1.4256941618E-02   6.9172615216E-03   6.8203333901E-03  -5.0323123941E-01
    8      0.0000000000E+00  -2.1070734944E-02  -2.8873340721E-01   1.5297168047E-02   8.3217519538E-03
    9      0.0000000000E+00  -2.5391838593E-02  -1.2601808480E-03   4.9648373641E-01   6.8146310415E-03
   10      0.0000000000E+00  -1.4256849591E-02   6.9174242668E-03  -4.9201079822E-03  -5.0325344630E-01
   11      0.0000000000E+00  -2.1071305046E-02  -2.8873197177E-01  -1.5332139729E-02   8.2632071811E-03
   12      0.0000000000E+00  -4.2292410882E-07   1.9397403180E-07  -1.1048382339E-01  -2.0858797464E-04
   13      0.0000000000E+00  -4.1868417595E-05  -1.6152005478E-03  -2.0858408164E-04   1.1048439862E-01
   14      0.0000000000E+00  -1.3832302525E-01  -8.0693871423E-01   2.9835314501E-06  -1.5512621159E-03
   15      0.0000000000E+00  -1.0568669957E-07   4.9972553204E-08  -2.7105775294E-02  -5.1176410954E-05
   16      0.0000000000E+00  -1.0367808950E-05  -3.9606156169E-04  -5.1173820694E-05   2.7106038071E-02
   17      0.0000000000E+00  -5.4265891343E-02   2.5029977579E-01  -7.4122607923E-07   4.6938540938E-04
                   10                 11                 12                 13                 14        
    0     -7.2096349717E-08  -1.0670099069E-02  -9.4745911674E-07  -1.2437865854E-05  -9.7882545779E-02
    1     -6.5892377858E-06  -9.9150174995E-07   1.0668388670E-02  -9.7876056494E-02   1.2429636660E-05
    2     -1.0152203605E-02   9.7442417899E-08   1.3484126316E-06  -2.0263247188E-05   3.4078329043E-07
    3      2.1838592053E-06   6.2097567980E-02   7.0904411601E-06   9.8117268366E-05   8.0739526209E-01
    4     -1.6315464259E-02   1.4204357433E-06  -1.9035792456E-02  -5.8808244200E-02   2.9140750042E-06
    5      5.7688829258E-01  -7.7496283242E-05   8.1385717764E-01   7.0194434728E-02  -1.1372655002E-05
    6     -1.4108655397E-02   2.9795618915E-02  -1.8658952935E-02   3.7519595386E-01   1.5766547323E-01
    7      8.1814317750E-03   1.8653573648E-02  -5.1340953762E-02   5.9082921766E-01   3.7502374311E-01
    8      5.7693055489E-01  -7.0476674038E-01  -4.0696183999E-01  -3.5122339131E-02   6.0797223565E-02
    9      1.4112802375E-02   2.9796876848E-02   1.8662533428E-02  -3.7515148584E-01   1.5775252573E-01
   10      8.1813043058E-03  -1.8644519626E-02  -5.1347077601E-02   5.9074159320E-01  -3.7516923749E-01
   11      5.7693331921E-01   7.0484034787E-01  -4.0683012581E-01  -3.5134403954E-02  -6.0789891335E-02
   12     -9.9285702559E-08  -7.6182576880E-03  -7.1008134691E-07   1.1964635409E-07   1.0755882185E-03
   13      2.2896364757E-07  -7.0052836055E-07   7.6190623229E-03   1.0753566710E-03  -1.4704800127E-07
   14     -2.3652528165E-02   6.7079260866E-08  -2.1190474730E-06   1.2460684498E-05  -7.9525116468E-09
   15     -1.5725445511E-08   2.1716711228E-03   2.0329506861E-07   1.1216798988E-08   4.5221915708E-05
   16      1.8420717261E-07   2.0635544412E-07  -2.1714658664E-03   4.5075077255E-05  -2.8221153317E-09
   17     -6.1789360557E-03   2.9264105675E-09  -5.3606934216E-08  -1.0684000118E-06   2.0610009145E-09
                   15                 16                 17        
     0     -4.1614918803E-08   4.6115435238E-05  -9.8456430461E-02
     1      2.1975746993E-05   9.8460531590E-02   4.6128054113E-05
     2     -4.2146453686E-03   5.9469453061E-07   3.3551192495E-07
     3      7.5679866386E-08   1.3302565186E-05  -3.7979139178E-02
     4      5.7698920115E-01  -8.1132226880E-01  -3.7572347964E-04
     5      1.6008077919E-02  -2.6297368602E-02  -1.2048462878E-05
     6      4.9981973969E-01   3.6732840738E-01   5.9908531485E-01
     7     -2.8866682892E-01  -1.7412292755E-01  -3.6779535739E-01
     8      1.6017623552E-02   1.3133268891E-02   2.2773894605E-02
     9     -4.9981938333E-01  -3.6788503389E-01   5.9874868546E-01
    10     -2.8866671057E-01  -1.7445964129E-01   3.6762775637E-01
    11      1.6021120506E-02   1.3156917832E-02  -2.2765900495E-02
    12     -1.8132164457E-08  -1.0382735708E-07   1.9694777516E-04
    13      1.2497734011E-06  -1.9694253226E-04  -7.8266089471E-08
    14     -4.4581568132E-05   2.7452991110E-08   6.9194189919E-10
    15      5.5727962390E-09  -2.0023412377E-08   5.0780904504E-05
    16      3.0602155012E-07  -5.0773561776E-05  -2.8354567106E-08
    17      2.9719931483E-05  -6.9096367219E-09   2.5549676094E-10

#
# The atoms: label  mass x y z (in bohrs)
#
$atoms
6
 C     12.01100     -0.000000020835     0.000006995619     2.612146834441
 H      1.00800     -0.000000042221     2.015107736843     2.681883529281
 H      1.00800      1.745128893770    -1.007541854042     2.681882924978
 H      1.00800     -1.745128953130    -1.007541839565     2.681882948443
 Cl    35.45300     -0.000000019398     0.000000733034     6.880438487409
 I    126.90000      0.000000008198    -0.000001057906    -2.233386098664

$actual_temperature
  0.000000

$frequency_scale_factor
  1.000000


$end

