
$orca_hessian_file

$act_atom
  0

$act_coord
  0

$act_energy
      -11.827183

$multiplicity
  1

$hessian
18
                    0                  1                  2                  3                  4        
    0      5.1189627920E-01   8.0030000000E-07  -4.0546000000E-06  -4.1749997800E-02  -2.1727000000E-06
    1      8.0030000000E-07   5.1189403810E-01  -7.6260000000E-07  -2.2799000000E-06  -2.8390903330E-01
    2     -4.0546000000E-06  -7.6260000000E-07   2.0047066820E-01  -5.2650000000E-07  -7.2636420900E-02
    3     -4.1749997800E-02  -2.2799000000E-06  -5.2650000000E-07   4.3982284300E-02   2.4367000000E-06
    4     -2.1727000000E-06  -2.8390903330E-01  -7.2636420900E-02   2.4367000000E-06   3.1573655680E-01
    5     -6.2640000000E-07  -7.9420464000E-02  -5.2258451800E-02   7.4330000000E-07   8.1568626400E-02
    6     -2.2336419410E-01   1.0485637940E-01  -6.2905647300E-02  -1.2217161000E-03   1.8585885000E-03
    7      1.0485493250E-01  -1.0228361320E-01   3.6317891600E-02   2.6098842700E-02  -1.7364400900E-02
    8     -6.8782535500E-02   3.9709834300E-02  -5.2259177800E-02   6.4346114000E-03  -3.3573772000E-03
    9     -2.2336413860E-01  -1.0485480600E-01   6.2910980600E-02  -1.2222060000E-03  -1.8588661000E-03
   10     -1.0485352510E-01  -1.0228170850E-01   3.6320277400E-02  -2.6098752300E-02  -1.7364163200E-02
   11      6.8787983800E-02   3.9712175800E-02  -5.2261970500E-02  -6.4345266000E-03  -3.3572906000E-03
   12     -2.1652255000E-03  -3.2400000000E-08  -2.9720000000E-07  -2.9186070000E-04   2.0600000000E-08
   13     -2.4300000000E-08  -2.1654402000E-03  -2.5230000000E-07  -5.2000000000E-09   4.8841250000E-04
   14     -1.0770000000E-07  -1.6460000000E-07   6.5658747000E-03  -3.2100000000E-08  -1.1694555000E-03
   15     -2.1252723300E-02  -6.1500000000E-08  -4.5500000000E-07   5.0349640000E-04  -7.0000000000E-09
   16     -1.0700000000E-08  -2.1254242900E-02  -7.3310000000E-07  -2.4200000000E-07   2.4126281000E-03
   17     -6.5960000000E-07  -6.1890000000E-07  -5.0256942800E-02  -2.6950000000E-07  -1.0480822000E-03
                    5                  6                  7                  8                  9        
    0     -6.2640000000E-07  -2.2336419410E-01   1.0485493250E-01  -6.8782535500E-02  -2.2336413860E-01
    1     -7.9420464000E-02   1.0485637940E-01  -1.0228361320E-01   3.9709834300E-02  -1.0485480600E-01
    2     -5.2258451800E-02  -6.2905647300E-02   3.6317891600E-02  -5.2259177800E-02   6.2910980600E-02
    3      7.4330000000E-07  -1.2217161000E-03   2.6098842700E-02   6.4346114000E-03  -1.2222060000E-03
    4      8.1568626400E-02   1.8585885000E-03  -1.7364400900E-02  -3.3573772000E-03  -1.8588661000E-03
    5      6.9369814100E-02   3.0941950000E-04   7.2506556000E-03   3.8007891000E-03  -3.0920280000E-04
    6      3.0941950000E-04   2.4779346310E-01  -1.1767002000E-01   7.0641457100E-02  -2.5435170600E-02
    7      7.2506556000E-03  -1.1767002000E-01   1.1191767890E-01  -4.0783848300E-02  -1.2119455300E-02
    8      3.8007891000E-03   7.0641457100E-02  -4.0783848300E-02   6.9369889600E-02   6.1251977000E-03
    9     -3.0920280000E-04  -2.5435170600E-02  -1.2119455300E-02   6.1251977000E-03   2.4779346890E-01
   10      7.2513188000E-03   1.2119733400E-02   6.8472023000E-03  -3.8934516000E-03   1.1766822920E-01
   11      3.8009459000E-03  -6.1245265000E-03  -3.8930820000E-03   3.8020114000E-03  -7.0647077300E-02
   12      3.8000000000E-08   2.9296500000E-04  -3.3767240000E-04   6.3617070000E-04   2.9292960000E-04
   13      7.3473020000E-04  -3.3804340000E-04  -9.7272100000E-05  -3.6735600000E-04   3.3803600000E-04
   14     -4.1204345000E-03  -1.0128954000E-03   5.8478610000E-04  -4.1206998000E-03   1.0129319000E-03
   15     -3.7160000000E-07   1.9346526000E-03  -8.2662740000E-04  -1.5054901500E-02   1.9351167000E-03
   16     -1.7384867000E-02  -8.2663800000E-04   9.8040490000E-04   8.6921988000E-03   8.2686220000E-04
   17     -2.0592662900E-02  -9.0780760000E-04   5.2359700000E-04  -2.0592812600E-02   9.0716990000E-04
                   10                 11                 12                 13                 14        
    0     -1.0485352510E-01   6.8787983800E-02  -2.1652255000E-03  -2.4300000000E-08  -1.0770000000E-07
    1     -1.0228170850E-01   3.9712175800E-02  -3.2400000000E-08  -2.1654402000E-03  -1.6460000000E-07
    2      3.6320277400E-02  -5.2261970500E-02  -2.9720000000E-07  -2.5230000000E-07   6.5658747000E-03
    3     -2.6098752300E-02  -6.4345266000E-03  -2.9186070000E-04  -5.2000000000E-09  -3.2100000000E-08
    4     -1.7364163200E-02  -3.3572906000E-03   2.0600000000E-08   4.8841250000E-04  -1.1694555000E-03
    5      7.2513188000E-03   3.8009459000E-03   3.8000000000E-08   7.3473020000E-04  -4.1204345000E-03
    6      1.2119733400E-02  -6.1245265000E-03   2.9296500000E-04  -3.3804340000E-04  -1.0128954000E-03
    7      6.8472023000E-03  -3.8930820000E-03  -3.3767240000E-04  -9.7272100000E-05   5.8478610000E-04
    8     -3.8934516000E-03   3.8020114000E-03   6.3617070000E-04  -3.6735600000E-04  -4.1206998000E-03
    9      1.1766822920E-01  -7.0647077300E-02   2.9292960000E-04   3.3803600000E-04   1.0129319000E-03
   10      1.1191564310E-01  -4.0786489100E-02   3.3765980000E-04  -9.7317900000E-05   5.8482340000E-04
   11     -4.0786489100E-02   6.9373615500E-02  -6.3612720000E-04  -3.6732670000E-04  -4.1212924000E-03
   12      3.3765980000E-04  -6.3612720000E-04   9.1498190000E-04   9.3000000000E-09   1.1740000000E-07
   13     -9.7317900000E-05  -3.6732670000E-04   9.3000000000E-09   9.1520640000E-04   5.6400000000E-08
   14      5.8482340000E-04  -4.1212924000E-03   1.1740000000E-07   5.6400000000E-08   1.6785284500E-02
   15      8.2665490000E-04   1.5054273800E-02   9.5620970000E-04   2.7600000000E-08  -1.4100000000E-08
   16      9.8034420000E-04   8.6920126000E-03   1.5100000000E-08   9.5641130000E-04  -4.5700000000E-08
   17      5.2352120000E-04  -2.0593309900E-02   9.8300000000E-08   1.4850000000E-07  -1.0988732500E-02
                   15                 16                 17        
     0     -2.1252723300E-02  -1.0700000000E-08  -6.5960000000E-07
     1     -6.1500000000E-08  -2.1254242900E-02  -6.1890000000E-07
     2     -4.5500000000E-07  -7.3310000000E-07  -5.0256942800E-02
     3      5.0349640000E-04  -2.4200000000E-07  -2.6950000000E-07
     4     -7.0000000000E-09   2.4126281000E-03  -1.0480822000E-03
     5     -3.7160000000E-07  -1.7384867000E-02  -2.0592662900E-02
     6      1.9346526000E-03  -8.2663800000E-04  -9.0780760000E-04
     7     -8.2662740000E-04   9.8040490000E-04   5.2359700000E-04
     8     -1.5054901500E-02   8.6921988000E-03  -2.0592812600E-02
     9      1.9351167000E-03   8.2686220000E-04   9.0716990000E-04
    10      8.2665490000E-04   9.8034420000E-04   5.2352120000E-04
    11      1.5054273800E-02   8.6920126000E-03  -2.0593309900E-02
    12      9.5620970000E-04   1.5100000000E-08   9.8300000000E-08
    13      2.7600000000E-08   9.5641130000E-04   1.4850000000E-07
    14     -1.4100000000E-08  -4.5700000000E-08  -1.0988732500E-02
    15      1.5923247900E-02   1.3400000000E-08   1.4685000000E-06
    16      1.3400000000E-08   1.5924454400E-02   1.4345000000E-06
    17      1.4685000000E-06   1.4345000000E-06   1.2302446070E-01

$vibrational_frequencies
18
    0        0.0000000000000000
    1        0.0000000000000000
    2        0.0000000000000000
    3        0.0000000000000000
    4        0.0000000000000000
    5        0.0000000000000000
    6       88.4426901727558032
    7      103.7342814825261570
    8      103.7466513331259819
    9      456.8876858973460457
   10      949.2336171155577631
   11      949.2671883628910336
   12     1275.2383725916170079
   13     1433.6174325133029015
   14     1433.6444238718499946
   15     3078.4322293332370464
   16     3101.5926948778237602
   17     3101.6110039005120598

$normal_modes
18 18
                    0                  1                  2                  3                  4        
    0      0.0000000000E+00   0.0000000000E+00   0.0000000000E+00   0.0000000000E+00   0.0000000000E+00
    1      0.0000000000E+00   0.0000000000E+00   0.0000000000E+00   0.0000000000E+00   0.0000000000E+00
    2      0.0000000000E+00   0.0000000000E+00   0.0000000000E+00   0.0000000000E+00   0.0000000000E+00
    3      0.0000000000E+00   0.0000000000E+00   0.0000000000E+00   0.0000000000E+00   0.0000000000E+00
    4      0.0000000000E+00   0.0000000000E+00   0.0000000000E+00   0.0000000000E+00   0.0000000000E+00
    5      0.0000000000E+00   0.0000000000E+00   0.0000000000E+00   0.0000000000E+00   0.0000000000E+00
    6      0.0000000000E+00   0.0000000000E+00   0.0000000000E+00   0.0000000000E+00   0.0000000000E+00
    7      0.0000000000E+00   0.0000000000E+00   0.0000000000E+00   0.0000000000E+00   0.0000000000E+00
    8      0.0000000000E+00   0.0000000000E+00   0.0000000000E+00   0.0000000000E+00   0.0000000000E+00
    9      0.0000000000E+00   0.0000000000E+00   0.0000000000E+00   0.0000000000E+00   0.0000000000E+00
   10      0.0000000000E+00   0.0000000000E+00   0.0000000000E+00   0.0000000000E+00   0.0000000000E+00
   11      0.0000000000E+00   0.0000000000E+00   0.0000000000E+00   0.0000000000E+00   0.0000000000E+00
   12      0.0000000000E+00   0.0000000000E+00   0.0000000000E+00   0.0000000000E+00   0.0000000000E+00
   13      0.0000000000E+00   0.0000000000E+00   0.0000000000E+00   0.0000000000E+00   0.0000000000E+00
   14      0.0000000000E+00   0.0000000000E+00   0.0000000000E+00   0.0000000000E+00   0.0000000000E+00
   15      0.0000000000E+00   0.0000000000E+00   0.0000000000E+00   0.0000000000E+00   0.0000000000E+00
   16      0.0000000000E+00   0.0000000000E+00   0.0000000000E+00   0.0000000000E+00   0.0000000000E+00
   17      0.0000000000E+00   0.0000000000E+00   0.0000000000E+00   0.0000000000E+00   0.0000000000E+00
                    5                  6                  7                  8                  9        
    0      0.0000000000E+00  -1.2510568317E-04  -4.2243048938E-01  -1.9046806877E-02   1.3851111016E-05
    1      0.0000000000E+00  -8.3159464733E-05   1.9046818863E-02  -4.2243426229E-01   1.2432338416E-05
    2      0.0000000000E+00   4.5454943799E-01  -4.9154230284E-06  -1.3275421661E-06   6.7442866353E-01
    3      0.0000000000E+00  -1.4777364416E-04  -4.9379598015E-01  -2.2315894928E-02   9.8593073548E-06
    4      0.0000000000E+00   8.7191368609E-03   2.2425711002E-02  -4.9737272875E-01   5.3679412008E-02
    5      0.0000000000E+00   4.0257349273E-01  -1.0401876439E-02   2.3062846893E-01   4.1738764270E-01
    6      0.0000000000E+00   7.4890339751E-03  -4.9658906959E-01  -2.0835961671E-02   4.6490172514E-02
    7      0.0000000000E+00  -4.5068384121E-03   2.3777887941E-02  -4.9462023352E-01  -2.6824029168E-02
    8      0.0000000000E+00   4.0256165034E-01   2.0492638647E-01  -1.0631006722E-01   4.1738826421E-01
    9      0.0000000000E+00  -7.7868913567E-03  -4.9645686779E-01  -2.3888267216E-02  -4.6471782258E-02
   10      0.0000000000E+00  -4.5081512819E-03   2.0835191931E-02  -4.9484669674E-01  -2.6824808948E-02
   11      0.0000000000E+00   4.0243425132E-01  -1.9453752923E-01  -1.2432007924E-01   4.1737976141E-01
   12      0.0000000000E+00   7.2139955732E-06   2.1033524222E-02   9.4837229574E-04  -3.0332124522E-07
   13      0.0000000000E+00   5.1173863589E-06  -9.4836704363E-04   2.1033648952E-02  -2.3327219715E-07
   14      0.0000000000E+00  -3.3197926289E-01   9.3906115554E-06   6.8625808817E-06   3.7973770352E-04
   15      0.0000000000E+00   1.2971018726E-05   4.8853504844E-02   2.2027434027E-03  -1.9568183688E-06
   16      0.0000000000E+00   8.1057779447E-06  -2.2027367300E-03   4.8853845415E-02  -1.8841183783E-06
   17      0.0000000000E+00   4.4369643568E-01  -1.4011340546E-05  -1.0678666584E-05  -1.1778378355E-01
                   10                 11                 12                 13                 14        
    0      1.0431865627E-01  -1.9329442252E-03   7.7879605164E-07  -9.3747564839E-04   7.2479998935E-02
    1      1.9329703860E-03   1.0431883684E-01  -2.8617567855E-07   7.2478126372E-02   9.3751791604E-04
    2     -2.1890255668E-06  -2.6197233351E-06   8.8953355374E-02   2.0486018601E-06  -4.2378523721E-07
    3     -2.4614173907E-01   4.5698774670E-03  -4.1282672056E-06   9.6804118198E-03  -7.4832967430E-01
    4     -2.7896410390E-03  -1.5060716184E-01   1.7322310955E-01   1.2126856670E-01   1.5735188007E-03
    5      1.4065407205E-02   7.5885923438E-01  -5.4832442610E-01  -2.9726200521E-01  -3.8377639547E-03
    6     -1.7525514075E-01  -3.8140621916E-02   1.5003135440E-01  -3.7529479689E-01  -1.0100578801E-01
    7     -4.5476111033E-02  -2.2150609740E-01  -8.6608615823E-02  -5.2605623471E-01  -3.8342184196E-01
    8      6.5015758339E-01  -3.9159995234E-01  -5.4834644519E-01   1.5194985428E-01  -2.5548451848E-01
    9     -1.7373964871E-01   4.4598357388E-02  -1.5004368955E-01   3.7778074730E-01  -9.1250682282E-02
   10      3.7238874573E-02  -2.2304272780E-01  -8.6611008909E-02  -5.3580468385E-01   3.6968170134E-01
   11     -6.6422321905E-01  -3.6724018718E-01  -5.4833891673E-01   1.4527747891E-01   2.5933036261E-01
   12      1.3863746234E-04  -2.5785977207E-06  -4.2629700796E-09   9.4822174016E-08  -6.7979472145E-06
   13      2.5750272493E-06   1.3869081307E-04   6.8284333044E-10  -6.7387094131E-06  -8.6679918211E-08
   14      8.2042556447E-08   6.2036763525E-08   8.5832438073E-04  -2.1755732506E-09  -1.6083538877E-08
   15     -8.3938279565E-03   1.5554422150E-04   9.7396483271E-08  -1.2712215765E-05   9.8142961248E-04
   16     -1.5555176152E-04  -8.3936943490E-03  -2.0286898669E-09   9.8169533235E-04   1.2696205062E-05
   17      2.0164536771E-07   5.4385634690E-08   6.0178942556E-03   1.3291265507E-07  -1.2687479386E-08
                   15                 16                 17        
     0      1.3578471324E-05  -9.1477290651E-02   1.2257903319E-02
     1     -3.8094154093E-05   1.2257780856E-02   9.1476504860E-02
     2      3.5352354582E-02   8.5408900972E-06   1.3985302639E-05
     3      4.1077331731E-06  -4.0839958778E-02   5.4654845659E-03
     4     -5.5603785161E-01  -1.0308300054E-01  -7.6866890727E-01
     5     -1.5278173494E-01  -3.2072573987E-02  -2.3918558705E-01
     6     -4.8205966638E-01   6.1296280467E-01   2.7436266567E-01
     7      2.7829711565E-01  -3.7199970581E-01  -1.1439693049E-01
     8     -1.5296900013E-01   2.2307814232E-01   9.1747711004E-02
     9      4.8189319504E-01   5.1925589549E-01  -4.2607215718E-01
    10      2.7819638616E-01   3.2884047069E-01  -2.0830053474E-01
    11     -1.5292200382E-01  -1.9111570487E-01   1.4725663085E-01
    12      1.2648778821E-09   2.2551950868E-05  -3.0224357973E-06
    13      9.8688489811E-09  -3.0170917800E-06  -2.2562487016E-05
    14      8.9478097583E-05   2.2760277753E-08   3.0195969717E-08
    15      5.1436678375E-09  -5.3039748004E-05   7.1067502025E-06
    16     -3.7532860466E-08   7.0943256183E-06   5.3018563368E-05
    17      3.3004029208E-04   6.9395663558E-08   1.3624302783E-07

#
# The atoms: label  mass x y z (in bohrs)
#
$atoms
6
 C     12.01100      0.000046755187     0.000050315379    -2.123000604674
 H      1.00800      0.000052325086     1.948861708098    -1.512569575362
 H      1.00800      1.687766406586    -0.974345334673    -1.512554638153
 H      1.00800     -1.687659536639    -0.974344486833    -1.512521774858
 I    126.90000     -0.000012003676    -0.000012006523     3.916951635796
 Br    79.90000      0.000010027801     0.000009337022    -5.844654007053

$actual_temperature
  0.000000

$frequency_scale_factor
  1.000000


$end

