
$orca_hessian_file

$act_atom
  0

$act_coord
  0

$act_energy
      -11.826797

$multiplicity
  1

$hessian
18
                    0                  1                  2                  3                  4        
    0      5.1614406270E-01   1.6420000000E-06   6.3300000000E-07  -4.1568319600E-02  -4.4370000000E-07
    1      1.6420000000E-06   5.1609094880E-01   2.8926000000E-05  -4.9140000000E-07  -2.8951392020E-01
    2      6.3300000000E-07   2.8926000000E-05   1.9164747830E-01   1.9150000000E-07   7.4983302900E-02
    3     -4.1568319600E-02  -4.9140000000E-07   1.9150000000E-07   4.3926070100E-02   6.8610000000E-07
    4     -4.4370000000E-07  -2.8951392020E-01   7.4983302900E-02   6.8610000000E-07   3.2105439670E-01
    5      2.6010000000E-07   8.2486576500E-02  -5.0662342100E-02  -1.7500000000E-07  -8.1072878300E-02
    6     -2.2756773800E-01   1.0740850540E-01   6.4953900300E-02  -1.1939432000E-03   1.7644665000E-03
    7      1.0739874690E-01  -1.0357170630E-01  -3.7510145100E-02   2.6051582600E-02  -1.7264820700E-02
    8      7.1456039300E-02  -4.1258387800E-02  -5.0662237900E-02  -6.5770260000E-03   3.4153261000E-03
    9     -2.2757557450E-01  -1.0740967450E-01  -6.4954683800E-02  -1.1944835000E-03  -1.7647090000E-03
   10     -1.0739993770E-01  -1.0357000410E-01  -3.7509417000E-02  -2.6051838300E-02  -1.7265014500E-02
   11     -7.1456847700E-02  -4.1257657700E-02  -5.0661170000E-02   6.5771138000E-03   3.4153204000E-03
   12     -1.7118180000E-02   2.0000000000E-08  -1.9110000000E-07   3.0472960000E-04  -1.4000000000E-09
   13     -1.1000000000E-09  -1.7119670700E-02   2.3819000000E-06   7.2900000000E-08   2.5306172000E-03
   14     -1.4080000000E-07  -5.4690000000E-07  -4.8391226700E-02  -8.6100000000E-08  -1.2470801000E-03
   15     -2.3142506000E-03  -1.5000000000E-09   1.5020000000E-07  -2.7405340000E-04   1.5000000000E-09
   16     -6.4000000000E-09  -2.3156475000E-03   4.9513000000E-06  -1.1900000000E-08   4.5874150000E-04
   17      5.6000000000E-08   1.0899000000E-06   8.7294984000E-03  -1.8100000000E-08   5.0600890000E-04
                    5                  6                  7                  8                  9        
    0      2.6010000000E-07  -2.2756773800E-01   1.0739874690E-01   7.1456039300E-02  -2.2757557450E-01
    1      8.2486576500E-02   1.0740850540E-01  -1.0357170630E-01  -4.1258387800E-02  -1.0740967450E-01
    2     -5.0662342100E-02   6.4953900300E-02  -3.7510145100E-02  -5.0662237900E-02  -6.4954683800E-02
    3     -1.7500000000E-07  -1.1939432000E-03   2.6051582600E-02  -6.5770260000E-03  -1.1944835000E-03
    4     -8.1072878300E-02   1.7644665000E-03  -1.7264820700E-02   3.4153261000E-03  -1.7647090000E-03
    5      6.6604783700E-02  -3.3008180000E-04  -7.4011019000E-03   3.7948923000E-03   3.3001560000E-04
    6     -3.3008180000E-04   2.5180875120E-01  -1.2003891550E-01  -7.0229024800E-02  -2.5288442400E-02
    7     -7.4011019000E-03  -1.2003891550E-01   1.1323804600E-01   4.0552561400E-02  -1.2134889100E-02
    8      3.7948923000E-03  -7.0229024800E-02   4.0552561400E-02   6.6605549000E-02  -6.2474060000E-03
    9      3.3001560000E-04  -2.5288442400E-02  -1.2134889100E-02  -6.2474060000E-03   2.5181715870E-01
   10     -7.4008872000E-03   1.2135379500E-02   6.8359599000E-03   3.9892533000E-03   1.2003987580E-01
   11      3.7948690000E-03   6.2477238000E-03   3.9892982000E-03   3.7952063000E-03   7.0229750100E-02
   12     -2.4300000000E-08   1.9693466000E-03  -9.6118400000E-04   1.2397184100E-02   1.9692581000E-03
   13      1.4315399900E-02  -9.5834700000E-04   8.5646930000E-04  -7.1595640000E-03   9.5828730000E-04
   14     -1.9083593700E-02  -1.0800182000E-03   6.2387020000E-04  -1.9084599100E-02   1.0798779000E-03
   15      5.4000000000E-09   2.7202580000E-04  -3.1534100000E-04  -7.9976660000E-04   2.7208370000E-04
   16     -9.2710910000E-04  -3.1108880000E-04  -9.3948100000E-05   4.6081100000E-04   3.1110950000E-04
   17     -4.4486092000E-03   4.3750070000E-04  -2.5448280000E-04  -4.4488107000E-03  -4.3755380000E-04
                   10                 11                 12                 13                 14        
    0     -1.0739993770E-01  -7.1456847700E-02  -1.7118180000E-02  -1.1000000000E-09  -1.4080000000E-07
    1     -1.0357000410E-01  -4.1257657700E-02   2.0000000000E-08  -1.7119670700E-02  -5.4690000000E-07
    2     -3.7509417000E-02  -5.0661170000E-02  -1.9110000000E-07   2.3819000000E-06  -4.8391226700E-02
    3     -2.6051838300E-02   6.5771138000E-03   3.0472960000E-04   7.2900000000E-08  -8.6100000000E-08
    4     -1.7265014500E-02   3.4153204000E-03  -1.4000000000E-09   2.5306172000E-03  -1.2470801000E-03
    5     -7.4008872000E-03   3.7948690000E-03  -2.4300000000E-08   1.4315399900E-02  -1.9083593700E-02
    6      1.2135379500E-02   6.2477238000E-03   1.9693466000E-03  -9.5834700000E-04  -1.0800182000E-03
    7      6.8359599000E-03   3.9892982000E-03  -9.6118400000E-04   8.5646930000E-04   6.2387020000E-04
    8      3.9892533000E-03   3.7952063000E-03   1.2397184100E-02  -7.1595640000E-03  -1.9084599100E-02
    9      1.2003987580E-01   7.0229750100E-02   1.9692581000E-03   9.5828730000E-04   1.0798779000E-03
   10      1.1323656920E-01   4.0551668700E-02   9.6118230000E-04   8.5642400000E-04   6.2386530000E-04
   11      4.0551668700E-02   6.6604527900E-02  -1.2397345300E-02  -7.1593394000E-03  -1.9084595500E-02
   12      9.6118230000E-04  -1.2397345300E-02   1.1953798900E-02  -3.2100000000E-08   4.2370000000E-07
   13      8.5642400000E-04  -7.1593394000E-03  -3.2100000000E-08   1.1955288800E-02   2.3540000000E-07
   14      6.2386530000E-04  -1.9084595500E-02   4.2370000000E-07   2.3540000000E-07   1.1762190580E-01
   15      3.1533850000E-04   7.9960530000E-04   9.2104660000E-04   2.0100000000E-08  -5.6500000000E-08
   16     -9.3934600000E-05   4.6070980000E-04   1.5200000000E-08   9.2087140000E-04  -3.4390000000E-07
   17     -2.5448310000E-04  -4.4488378000E-03  -4.7000000000E-08   8.8620000000E-07  -1.1977890900E-02
                   15                 16                 17        
     0     -2.3142506000E-03  -6.4000000000E-09   5.6000000000E-08
     1     -1.5000000000E-09  -2.3156475000E-03   1.0899000000E-06
     2      1.5020000000E-07   4.9513000000E-06   8.7294984000E-03
     3     -2.7405340000E-04  -1.1900000000E-08  -1.8100000000E-08
     4      1.5000000000E-09   4.5874150000E-04   5.0600890000E-04
     5      5.4000000000E-09  -9.2710910000E-04  -4.4486092000E-03
     6      2.7202580000E-04  -3.1108880000E-04   4.3750070000E-04
     7     -3.1534100000E-04  -9.3948100000E-05  -2.5448280000E-04
     8     -7.9976660000E-04   4.6081100000E-04  -4.4488107000E-03
     9      2.7208370000E-04   3.1110950000E-04  -4.3755380000E-04
    10      3.1533850000E-04  -9.3934600000E-05  -2.5448310000E-04
    11      7.9960530000E-04   4.6070980000E-04  -4.4488378000E-03
    12      9.2104660000E-04   1.5200000000E-08  -4.7000000000E-08
    13      2.0100000000E-08   9.2087140000E-04   8.8620000000E-07
    14     -5.6500000000E-08  -3.4390000000E-07  -1.1977890900E-02
    15      1.1231480000E-03  -1.7600000000E-08   6.2200000000E-08
    16     -1.7600000000E-08   1.1239173000E-03   9.8100000000E-07
    17      6.2200000000E-08   9.8100000000E-07   1.6594650100E-02

$vibrational_frequencies
18
    0        0.0000000000000000
    1        0.0000000000000000
    2        0.0000000000000000
    3        0.0000000000000000
    4        0.0000000000000000
    5        0.0000000000000000
    6       89.8042896579124914
    7      103.3780759117688746
    8      103.4097692262149195
    9      426.0278275990569341
   10      914.8548677120614911
   11      914.9101446634015247
   12     1250.9386079958255777
   13     1432.8512954262851053
   14     1432.9212362148268767
   15     3097.2047483886126429
   16     3124.3954317107868519
   17     3124.6071394228829377

$normal_modes
18 18
                    0                  1                  2                  3                  4        
    0      0.0000000000E+00   0.0000000000E+00   0.0000000000E+00   0.0000000000E+00   0.0000000000E+00
    1      0.0000000000E+00   0.0000000000E+00   0.0000000000E+00   0.0000000000E+00   0.0000000000E+00
    2      0.0000000000E+00   0.0000000000E+00   0.0000000000E+00   0.0000000000E+00   0.0000000000E+00
    3      0.0000000000E+00   0.0000000000E+00   0.0000000000E+00   0.0000000000E+00   0.0000000000E+00
    4      0.0000000000E+00   0.0000000000E+00   0.0000000000E+00   0.0000000000E+00   0.0000000000E+00
    5      0.0000000000E+00   0.0000000000E+00   0.0000000000E+00   0.0000000000E+00   0.0000000000E+00
    6      0.0000000000E+00   0.0000000000E+00   0.0000000000E+00   0.0000000000E+00   0.0000000000E+00
    7      0.0000000000E+00   0.0000000000E+00   0.0000000000E+00   0.0000000000E+00   0.0000000000E+00
    8      0.0000000000E+00   0.0000000000E+00   0.0000000000E+00   0.0000000000E+00   0.0000000000E+00
    9      0.0000000000E+00   0.0000000000E+00   0.0000000000E+00   0.0000000000E+00   0.0000000000E+00
   10      0.0000000000E+00   0.0000000000E+00   0.0000000000E+00   0.0000000000E+00   0.0000000000E+00
   11      0.0000000000E+00   0.0000000000E+00   0.0000000000E+00   0.0000000000E+00   0.0000000000E+00
   12      0.0000000000E+00   0.0000000000E+00   0.0000000000E+00   0.0000000000E+00   0.0000000000E+00
   13      0.0000000000E+00   0.0000000000E+00   0.0000000000E+00   0.0000000000E+00   0.0000000000E+00
   14      0.0000000000E+00   0.0000000000E+00   0.0000000000E+00   0.0000000000E+00   0.0000000000E+00
   15      0.0000000000E+00   0.0000000000E+00   0.0000000000E+00   0.0000000000E+00   0.0000000000E+00
   16      0.0000000000E+00   0.0000000000E+00   0.0000000000E+00   0.0000000000E+00   0.0000000000E+00
   17      0.0000000000E+00   0.0000000000E+00   0.0000000000E+00   0.0000000000E+00   0.0000000000E+00
                    5                  6                  7                  8                  9        
    0      0.0000000000E+00   1.6846376916E-05   4.3716205614E-01   9.3182678042E-03   1.2552302620E-06
    1      0.0000000000E+00  -1.0231010288E-03   9.3179408723E-03  -4.3717148140E-01  -1.0239348100E-05
    2      0.0000000000E+00   3.9431038042E-01  -4.5398033088E-07  -6.4443300208E-05   6.7184268110E-01
    3      0.0000000000E+00   1.9241327043E-05   4.9792634000E-01   1.0610280789E-02   1.8469865249E-06
    4      0.0000000000E+00  -1.8467965558E-02   1.0670949812E-02  -5.0063572809E-01  -5.7322665016E-02
    5      0.0000000000E+00   3.0774465683E-01   4.2001853025E-03  -1.9708590637E-01   4.2161785209E-01
    6      0.0000000000E+00  -1.4967730339E-02   4.9994903045E-01   1.1803985484E-02  -4.9650601431E-02
    7      0.0000000000E+00   7.4652672658E-03   9.4975438155E-03  -4.9864500045E-01   2.8668166582E-02
    8      0.0000000000E+00   3.0843839485E-01   1.6857541219E-01   1.0213283344E-01   4.2154531482E-01
    9      0.0000000000E+00   1.5006365605E-02   4.9999701389E-01   9.5123696002E-03   4.9654005519E-02
   10      0.0000000000E+00   7.4653213659E-03   1.1758748607E-02  -4.9860062675E-01   2.8667967307E-02
   11      0.0000000000E+00   3.0842338983E-01  -1.7278230269E-01   9.4856728737E-02   4.2153862795E-01
   12      0.0000000000E+00  -8.8218038979E-07  -2.9544296980E-02  -6.2974228279E-04  -8.4870558829E-08
   13      0.0000000000E+00   7.0518720533E-05  -6.2972448515E-04   2.9544885973E-02   7.3167414074E-07
   14      0.0000000000E+00   3.6574520320E-01   3.8468846145E-07  -5.3540463952E-05  -7.4875528724E-02
   15      0.0000000000E+00  -1.8614862031E-06  -3.7690081765E-02  -8.0337256408E-04  -1.2014491990E-07
   16      0.0000000000E+00   8.6424490142E-05  -8.0335933448E-04   3.7690676336E-02   2.0724327043E-07
   17      0.0000000000E+00  -6.5182893064E-01  -4.5813979076E-07   9.5937775923E-05   1.9697464722E-03
                   10                 11                 12                 13                 14        
    0     -9.6768091825E-02   3.9679087679E-03  -8.2096029987E-07   1.8062426475E-04  -7.4080176630E-02
    1     -3.9682568979E-03  -9.6770794217E-02  -7.4433346559E-06   7.4068430370E-02   1.8032933495E-04
    2      6.7242358294E-07   4.0866307408E-06  -8.7667642274E-02  -3.8071034065E-06   2.2806209837E-07
    3      2.4444816590E-01  -1.0024265322E-02   3.4143439340E-06  -1.8241871502E-03   7.5040004647E-01
    4      6.1853702559E-03   1.5087263878E-01   1.6829701994E-01   1.1984604723E-01   2.8863584854E-04
    5      3.1135982598E-02   7.5934926986E-01   5.5004493911E-01   2.9252983712E-01   7.0989383734E-04
    6      1.7594511304E-01   3.3412744653E-02   1.4573943211E-01  -3.7711676912E-01   9.6794509978E-02
    7      4.9575360440E-02   2.1946956856E-01  -8.4114045583E-02  -5.3369790885E-01   3.7555574204E-01
    8      6.4212361935E-01  -4.0675803538E-01   5.4991237188E-01  -1.4563770340E-01  -2.5361220778E-01
    9      1.7261585152E-01  -4.7707157775E-02  -1.4573258755E-01   3.7663509250E-01   9.8623637224E-02
   10     -3.1440601667E-02   2.2279146818E-01  -8.4113943808E-02  -5.3187191625E-01  -3.7814733157E-01
   11     -6.7328589546E-01  -3.5281172365E-01   5.4990201887E-01  -1.4687025024E-01   2.5290024878E-01
   12      4.6530567945E-03  -1.9079964283E-04   1.5980100144E-08   1.2616248329E-06  -5.2009661838E-04
   13      1.9080741564E-04   4.6527443671E-03   3.2975760642E-07   5.2061848980E-04   1.2679469481E-06
   14      1.2169361838E-07   1.2769286384E-06  -3.7653931459E-03  -2.0880118256E-08  -3.8778717118E-09
   15     -3.2471288881E-04   1.3356074287E-05  -3.1392950468E-08  -6.5926787772E-08   2.9943969302E-05
   16     -1.3334386800E-05  -3.2538167403E-04  -2.7568386267E-07  -3.0198190653E-05  -6.8345347342E-08
   17      3.7352447963E-08   1.3925307115E-07  -1.6552410879E-03   3.2938989002E-07  -2.0709692819E-09
                   15                 16                 17        
     0     -3.8881011565E-05  -3.3394454550E-03   9.2799814019E-02
     1     -5.7347448721E-04   9.2799928393E-02   3.3390924312E-03
     2      3.5497538818E-02   2.3830270745E-04   2.4421363776E-05
     3     -1.8416147676E-05  -1.4553687601E-03   4.0374554769E-02
     4      5.6247796049E-01  -7.7284668576E-01  -2.7559258354E-02
     5     -1.4958234131E-01   2.3421631160E-01   8.3612964253E-03
     6      4.8093668112E-01   3.7758646910E-01  -5.5927094733E-01
     7     -2.7800014640E-01  -1.7846246122E-01   3.4769361017E-01
     8     -1.4747120695E-01  -1.2593149488E-01   1.9937479012E-01
     9     -4.8045562335E-01  -3.3639212169E-01  -5.8541040567E-01
    10     -2.7770083504E-01  -1.5299233463E-01  -3.5986890724E-01
    11     -1.4729545070E-01  -1.1126597685E-01  -2.0804181008E-01
    12     -1.0166494199E-08  -4.2099535917E-07   1.1523358985E-05
    13      1.0821194994E-07   1.1491377892E-05   4.1280994275E-07
    14      1.0173332378E-04   6.7348981346E-07   6.9851252633E-08
    15      2.4370553320E-08   1.3343328082E-06  -3.6791336949E-05
    16      5.3911248749E-07  -3.6824810042E-05  -1.3240662752E-06
    17      1.0804622541E-04   7.1701803977E-07   7.4846064557E-08

#
# The atoms: label  mass x y z (in bohrs)
#
$atoms
6
 C     12.01100      0.000002015961     0.000026698550    -0.326286523652
 H      1.00800     -0.000003131965     1.946201194049    -0.927708992318
 H      1.00800      1.685342604092    -0.973093039205    -0.927690728647
 H      1.00800     -1.685337490218    -0.973085400664    -0.927688264327
 I    126.90000      0.000002239499     0.000009138339     3.818598402283
 Br    79.90000     -0.000003884905    -0.000018814365    -5.980672805068

$actual_temperature
  0.000000

$frequency_scale_factor
  1.000000


$end

