*************************************************
******************* ORCA 6.1.0 ******************
*************************************************
$Calculation_Status
   &GeometryIndex 0
   &version [&Type "String"] "6.1.0"
   &progName [&Type "String"] "orca"
   &Status [&Type "String"] "NORMAL TERMINATION"
$End
$Geometry
   &GeometryIndex 1
   &NAtoms [&Type "Integer"] 6
   &NCorelessECP [&Type "Integer"] 0
   &NGhostAtoms [&Type "Integer"] 0
   &CartesianCoordinates [&Type "Coordinates", &Dim(6,4), &Units "Bohr"] 
              C     -0.000113383568   -0.000136060282   -0.714042468333
              H      0.000073699319    1.947648129652   -0.102404259197
              H      1.686644825213   -0.973666272694   -0.102417487280
              H     -1.686333020401   -0.973571786387   -0.102442053720
              I      0.000009448631    0.000009448631    5.234698238231
              Br     0.000034015070    0.000034015070   -4.439098969410
$End
$Single_Point_Data
   &GeometryIndex 1
   &FinalEnergy [&Type "Double"]      -1.1827109162370000e+01  "Final single point energy"
   &Converged [&Type "Boolean"] true
$End
$Geometry
   &GeometryIndex 2
   &NAtoms [&Type "Integer"] 6
   &NCorelessECP [&Type "Integer"] 0
   &NGhostAtoms [&Type "Integer"] 0
   &CartesianCoordinates [&Type "Coordinates", &Dim(6,4), &Units "Bohr"] 
              C     -0.000017521059   -0.000027563729   -0.721206296467
              H      0.000133389560    1.947786327057   -0.109793612576
              H      1.686909287889   -0.973717214084   -0.109757992060
              H     -1.686781265520   -0.973797758967   -0.109679882857
              I      0.000010061315    0.000009481621    5.272992800898
              Br     0.000061632080    0.000064202093   -4.448262016648
$End
$Single_Point_Data
   &GeometryIndex 2
   &FinalEnergy [&Type "Double"]      -1.1827164547810000e+01  "Final single point energy"
   &Converged [&Type "Boolean"] true
$End
$Geometry
   &GeometryIndex 3
   &NAtoms [&Type "Integer"] 6
   &NCorelessECP [&Type "Integer"] 0
   &NGhostAtoms [&Type "Integer"] 0
   &CartesianCoordinates [&Type "Coordinates", &Dim(6,4), &Units "Bohr"] 
              C      0.000052468135    0.000051859690   -0.727229585886
              H      0.000108877781    1.948653803734   -0.116693705519
              H      1.687639189448   -0.974180297778   -0.116662497977
              H     -1.687518124396   -0.974236555791   -0.116594268230
              I     -0.000001176828   -0.000003907145    5.303912913472
              Br     0.000034350125    0.000032571281   -4.452439855570
$End
$Single_Point_Data
   &GeometryIndex 3
   &FinalEnergy [&Type "Double"]      -1.1827181317160001e+01  "Final single point energy"
   &Converged [&Type "Boolean"] true
$End
$Geometry
   &GeometryIndex 4
   &NAtoms [&Type "Integer"] 6
   &NCorelessECP [&Type "Integer"] 0
   &NGhostAtoms [&Type "Integer"] 0
   &CartesianCoordinates [&Type "Coordinates", &Dim(6,4), &Units "Bohr"] 
              C      0.000064007839    0.000065023652   -0.728615084537
              H      0.000084945014    1.948862860262   -0.118337856745
              H      1.687787070798   -0.974306402623   -0.118317028402
              H     -1.687645928060   -0.974323433620   -0.118271154727
              I     -0.000000046646   -0.000002929417    5.309577039495
              Br     0.000025535319    0.000022355736   -4.451742914794
$End
$Single_Point_Data
   &GeometryIndex 4
   &FinalEnergy [&Type "Double"]      -1.1827182333560000e+01  "Final single point energy"
   &Converged [&Type "Boolean"] true
$End
$Geometry
   &GeometryIndex 5
   &NAtoms [&Type "Integer"] 6
   &NCorelessECP [&Type "Integer"] 0
   &NGhostAtoms [&Type "Integer"] 0
   &CartesianCoordinates [&Type "Coordinates", &Dim(6,4), &Units "Bohr"] 
              C      0.000065356840    0.000066638966   -0.729226943908
              H      0.000070926739    1.948878031684   -0.118795914597
              H      1.687785008239   -0.974329011086   -0.118780977387
              H     -1.687640934986   -0.974328163246   -0.118748114092
              I      0.000006597977    0.000004317064    5.310725296562
              Br     0.000028629454    0.000025660609   -4.450880346287
$End
$Single_Point_Data
   &GeometryIndex 5
   &FinalEnergy [&Type "Double"]      -1.1827182553460000e+01  "Final single point energy"
   &Converged [&Type "Boolean"] true
$End
$Hessian
   &GeometryIndex 5
   &HESSIAN [&Type "ArrayOfDoubles", &Dim (18,18)] "The Hessian"
                                                         0                           1                           2                           3                           4                           5                           6                           7

0                                      5.1189627920000003e-01         8.0029999999999999e-07        -4.0546000000000001e-06        -4.1749997800000001e-02        -2.1727000000000000e-06        -6.2640000000000005e-07        -2.2336419410000000e-01         1.0485493250000000e-01
1                                      8.0029999999999999e-07         5.1189403810000000e-01        -7.6260000000000001e-07        -2.2799000000000000e-06        -2.8390903330000000e-01        -7.9420463999999996e-02         1.0485637940000000e-01        -1.0228361320000000e-01
2                                     -4.0546000000000001e-06        -7.6260000000000001e-07         2.0047066820000001e-01        -5.2649999999999996e-07        -7.2636420899999998e-02        -5.2258451800000001e-02        -6.2905647300000006e-02         3.6317891599999999e-02
3                                     -4.1749997800000001e-02        -2.2799000000000000e-06        -5.2649999999999996e-07         4.3982284300000000e-02         2.4366999999999999e-06         7.4330000000000005e-07        -1.2217160999999999e-03         2.6098842700000000e-02
4                                     -2.1727000000000000e-06        -2.8390903330000000e-01        -7.2636420899999998e-02         2.4366999999999999e-06         3.1573655680000001e-01         8.1568626399999997e-02         1.8585884999999999e-03        -1.7364400900000000e-02
5                                     -6.2640000000000005e-07        -7.9420463999999996e-02        -5.2258451800000001e-02         7.4330000000000005e-07         8.1568626399999997e-02         6.9369814099999996e-02         3.0941950000000002e-04         7.2506556000000002e-03
6                                     -2.2336419410000000e-01         1.0485637940000000e-01        -6.2905647300000006e-02        -1.2217160999999999e-03         1.8585884999999999e-03         3.0941950000000002e-04         2.4779346310000000e-01        -1.1767002000000000e-01
7                                      1.0485493250000000e-01        -1.0228361320000000e-01         3.6317891599999999e-02         2.6098842700000000e-02        -1.7364400900000000e-02         7.2506556000000002e-03        -1.1767002000000000e-01         1.1191767890000000e-01
8                                     -6.8782535500000005e-02         3.9709834300000003e-02        -5.2259177800000001e-02         6.4346113999999999e-03        -3.3573772000000000e-03         3.8007891000000002e-03         7.0641457099999999e-02        -4.0783848300000002e-02
9                                     -2.2336413860000001e-01        -1.0485480599999999e-01         6.2910980599999999e-02        -1.2222060000000000e-03        -1.8588661000000001e-03        -3.0920280000000001e-04        -2.5435170600000001e-02        -1.2119455300000000e-02
10                                    -1.0485352510000000e-01        -1.0228170850000000e-01         3.6320277400000003e-02        -2.6098752300000000e-02        -1.7364163200000001e-02         7.2513187999999999e-03         1.2119733400000001e-02         6.8472022999999998e-03
11                                     6.8787983799999994e-02         3.9712175799999999e-02        -5.2261970499999998e-02        -6.4345265999999996e-03        -3.3572906000000000e-03         3.8009458999999999e-03        -6.1245264999999997e-03        -3.8930820000000000e-03
12                                    -2.1652255000000000e-03        -3.2399999999999999e-08        -2.9719999999999999e-07        -2.9186069999999998e-04         2.0599999999999999e-08         3.8000000000000003e-08         2.9296500000000001e-04        -3.3767239999999999e-04
13                                    -2.4299999999999999e-08        -2.1654401999999999e-03        -2.5230000000000000e-07        -5.2000000000000002e-09         4.8841249999999998e-04         7.3473020000000002e-04        -3.3804339999999998e-04        -9.7272100000000007e-05
14                                    -1.0770000000000000e-07        -1.6460000000000000e-07         6.5658747000000000e-03        -3.2100000000000003e-08        -1.1694555000000000e-03        -4.1204344999999998e-03        -1.0128953999999999e-03         5.8478610000000004e-04
15                                    -2.1252723300000002e-02        -6.1500000000000001e-08        -4.5499999999999998e-07         5.0349640000000001e-04        -6.9999999999999998e-09        -3.7160000000000002e-07         1.9346526000000000e-03        -8.2662740000000005e-04
16                                    -1.0700000000000000e-08        -2.1254242900000001e-02        -7.3310000000000002e-07        -2.4200000000000002e-07         2.4126281000000000e-03        -1.7384866999999998e-02        -8.2663799999999998e-04         9.8040489999999991e-04
17                                    -6.5960000000000000e-07        -6.1890000000000002e-07        -5.0256942800000003e-02        -2.6950000000000002e-07        -1.0480821999999999e-03        -2.0592662899999999e-02        -9.0780760000000005e-04         5.2359699999999999e-04
                                                         8                           9                          10                          11                          12                          13                          14                          15

0                                     -6.8782535500000005e-02        -2.2336413860000001e-01        -1.0485352510000000e-01         6.8787983799999994e-02        -2.1652255000000000e-03        -2.4299999999999999e-08        -1.0770000000000000e-07        -2.1252723300000002e-02
1                                      3.9709834300000003e-02        -1.0485480599999999e-01        -1.0228170850000000e-01         3.9712175799999999e-02        -3.2399999999999999e-08        -2.1654401999999999e-03        -1.6460000000000000e-07        -6.1500000000000001e-08
2                                     -5.2259177800000001e-02         6.2910980599999999e-02         3.6320277400000003e-02        -5.2261970499999998e-02        -2.9719999999999999e-07        -2.5230000000000000e-07         6.5658747000000000e-03        -4.5499999999999998e-07
3                                      6.4346113999999999e-03        -1.2222060000000000e-03        -2.6098752300000000e-02        -6.4345265999999996e-03        -2.9186069999999998e-04        -5.2000000000000002e-09        -3.2100000000000003e-08         5.0349640000000001e-04
4                                     -3.3573772000000000e-03        -1.8588661000000001e-03        -1.7364163200000001e-02        -3.3572906000000000e-03         2.0599999999999999e-08         4.8841249999999998e-04        -1.1694555000000000e-03        -6.9999999999999998e-09
5                                      3.8007891000000002e-03        -3.0920280000000001e-04         7.2513187999999999e-03         3.8009458999999999e-03         3.8000000000000003e-08         7.3473020000000002e-04        -4.1204344999999998e-03        -3.7160000000000002e-07
6                                      7.0641457099999999e-02        -2.5435170600000001e-02         1.2119733400000001e-02        -6.1245264999999997e-03         2.9296500000000001e-04        -3.3804339999999998e-04        -1.0128953999999999e-03         1.9346526000000000e-03
7                                     -4.0783848300000002e-02        -1.2119455300000000e-02         6.8472022999999998e-03        -3.8930820000000000e-03        -3.3767239999999999e-04        -9.7272100000000007e-05         5.8478610000000004e-04        -8.2662740000000005e-04
8                                      6.9369889599999998e-02         6.1251977000000004e-03        -3.8934515999999998e-03         3.8020113999999998e-03         6.3617070000000005e-04        -3.6735600000000000e-04        -4.1206997999999996e-03        -1.5054901500000000e-02
9                                      6.1251977000000004e-03         2.4779346890000001e-01         1.1766822920000000e-01        -7.0647077300000000e-02         2.9292959999999997e-04         3.3803600000000000e-04         1.0129319000000000e-03         1.9351167000000000e-03
10                                    -3.8934515999999998e-03         1.1766822920000000e-01         1.1191564310000000e-01        -4.0786489099999997e-02         3.3765979999999998e-04        -9.7317899999999999e-05         5.8482339999999997e-04         8.2665490000000000e-04
11                                     3.8020113999999998e-03        -7.0647077300000000e-02        -4.0786489099999997e-02         6.9373615499999999e-02        -6.3612719999999996e-04        -3.6732669999999998e-04        -4.1212923999999996e-03         1.5054273800000000e-02
12                                     6.3617070000000005e-04         2.9292959999999997e-04         3.3765979999999998e-04        -6.3612719999999996e-04         9.1498190000000002e-04         9.3000000000000006e-09         1.1740000000000001e-07         9.5620969999999999e-04
13                                    -3.6735600000000000e-04         3.3803600000000000e-04        -9.7317899999999999e-05        -3.6732669999999998e-04         9.3000000000000006e-09         9.1520640000000003e-04         5.6400000000000002e-08         2.7599999999999999e-08
14                                    -4.1206997999999996e-03         1.0129319000000000e-03         5.8482339999999997e-04        -4.1212923999999996e-03         1.1740000000000001e-07         5.6400000000000002e-08         1.6785284500000001e-02        -1.4100000000000001e-08
15                                    -1.5054901500000000e-02         1.9351167000000000e-03         8.2665490000000000e-04         1.5054273800000000e-02         9.5620969999999999e-04         2.7599999999999999e-08        -1.4100000000000001e-08         1.5923247900000000e-02
16                                     8.6921988000000002e-03         8.2686220000000000e-04         9.8034420000000003e-04         8.6920126000000000e-03         1.5100000000000000e-08         9.5641130000000000e-04        -4.5699999999999999e-08         1.3399999999999999e-08
17                                    -2.0592812600000000e-02         9.0716989999999997e-04         5.2352119999999995e-04        -2.0593309899999999e-02         9.8300000000000000e-08         1.4850000000000001e-07        -1.0988732500000001e-02         1.4685000000000000e-06
                                                        16                          17

0                                     -1.0700000000000000e-08        -6.5960000000000000e-07
1                                     -2.1254242900000001e-02        -6.1890000000000002e-07
2                                     -7.3310000000000002e-07        -5.0256942800000003e-02
3                                     -2.4200000000000002e-07        -2.6950000000000002e-07
4                                      2.4126281000000000e-03        -1.0480821999999999e-03
5                                     -1.7384866999999998e-02        -2.0592662899999999e-02
6                                     -8.2663799999999998e-04        -9.0780760000000005e-04
7                                      9.8040489999999991e-04         5.2359699999999999e-04
8                                      8.6921988000000002e-03        -2.0592812600000000e-02
9                                      8.2686220000000000e-04         9.0716989999999997e-04
10                                     9.8034420000000003e-04         5.2352119999999995e-04
11                                     8.6920126000000000e-03        -2.0593309899999999e-02
12                                     1.5100000000000000e-08         9.8300000000000000e-08
13                                     9.5641130000000000e-04         1.4850000000000001e-07
14                                    -4.5699999999999999e-08        -1.0988732500000001e-02
15                                     1.3399999999999999e-08         1.4685000000000000e-06
16                                     1.5924454399999999e-02         1.4345000000000000e-06
17                                     1.4345000000000000e-06         1.2302446070000000e-01
   &MODES [&Type "ArrayOfDoubles", &Dim (18,18)] "The modes of vibrations"
                                                         0                           1                           2                           3                           4                           5                           6                           7

0                                      0.0000000000000000e+00         0.0000000000000000e+00         0.0000000000000000e+00         0.0000000000000000e+00         0.0000000000000000e+00         0.0000000000000000e+00        -2.1882069515081312e-05        -2.3541385555446795e-01
1                                      0.0000000000000000e+00         0.0000000000000000e+00         0.0000000000000000e+00         0.0000000000000000e+00         0.0000000000000000e+00         0.0000000000000000e+00        -1.4545311947460944e-05         1.0614492034244548e-02
2                                      0.0000000000000000e+00         0.0000000000000000e+00         0.0000000000000000e+00         0.0000000000000000e+00         0.0000000000000000e+00         0.0000000000000000e+00         7.9504640781603825e-02        -2.7392878020654691e-06
3                                      0.0000000000000000e+00         0.0000000000000000e+00         0.0000000000000000e+00         0.0000000000000000e+00         0.0000000000000000e+00         0.0000000000000000e+00        -2.5846892578827215e-05        -2.7518471906079917e-01
4                                      0.0000000000000000e+00         0.0000000000000000e+00         0.0000000000000000e+00         0.0000000000000000e+00         0.0000000000000000e+00         0.0000000000000000e+00         1.5250526919809136e-03         1.2497495382819234e-02
5                                      0.0000000000000000e+00         0.0000000000000000e+00         0.0000000000000000e+00         0.0000000000000000e+00         0.0000000000000000e+00         0.0000000000000000e+00         7.0413596964771188e-02        -5.7968018386851707e-03
6                                      0.0000000000000000e+00         0.0000000000000000e+00         0.0000000000000000e+00         0.0000000000000000e+00         0.0000000000000000e+00         0.0000000000000000e+00         1.3098970237904648e-03        -2.7674126379549713e-01
7                                      0.0000000000000000e+00         0.0000000000000000e+00         0.0000000000000000e+00         0.0000000000000000e+00         0.0000000000000000e+00         0.0000000000000000e+00        -7.8828514363219989e-04         1.3251042284332324e-02
8                                      0.0000000000000000e+00         0.0000000000000000e+00         0.0000000000000000e+00         0.0000000000000000e+00         0.0000000000000000e+00         0.0000000000000000e+00         7.0411525627970456e-02         1.1420224618227307e-01
9                                      0.0000000000000000e+00         0.0000000000000000e+00         0.0000000000000000e+00         0.0000000000000000e+00         0.0000000000000000e+00         0.0000000000000000e+00        -1.3619948642989181e-03        -2.7666758981566997e-01
10                                     0.0000000000000000e+00         0.0000000000000000e+00         0.0000000000000000e+00         0.0000000000000000e+00         0.0000000000000000e+00         0.0000000000000000e+00        -7.8851477595055070e-04         1.1611124165899418e-02
11                                     0.0000000000000000e+00         0.0000000000000000e+00         0.0000000000000000e+00         0.0000000000000000e+00         0.0000000000000000e+00         0.0000000000000000e+00         7.0389242434311911e-02        -1.0841269973704763e-01
12                                     0.0000000000000000e+00         0.0000000000000000e+00         0.0000000000000000e+00         0.0000000000000000e+00         0.0000000000000000e+00         0.0000000000000000e+00         1.2617904208207558e-06         1.1721651626692310e-02
13                                     0.0000000000000000e+00         0.0000000000000000e+00         0.0000000000000000e+00         0.0000000000000000e+00         0.0000000000000000e+00         0.0000000000000000e+00         8.9507527718300593e-07        -5.2851001012685524e-04
14                                     0.0000000000000000e+00         0.0000000000000000e+00         0.0000000000000000e+00         0.0000000000000000e+00         0.0000000000000000e+00         0.0000000000000000e+00        -5.8066053627168164e-02         5.2332398532533312e-06
15                                     0.0000000000000000e+00         0.0000000000000000e+00         0.0000000000000000e+00         0.0000000000000000e+00         0.0000000000000000e+00         0.0000000000000000e+00         2.2687437233473935e-06         2.7225288471724701e-02
16                                     0.0000000000000000e+00         0.0000000000000000e+00         0.0000000000000000e+00         0.0000000000000000e+00         0.0000000000000000e+00         0.0000000000000000e+00         1.4177708954826957e-06        -1.2275504714133766e-03
17                                     0.0000000000000000e+00         0.0000000000000000e+00         0.0000000000000000e+00         0.0000000000000000e+00         0.0000000000000000e+00         0.0000000000000000e+00         7.7606356507040355e-02        -7.8082993113869314e-06
                                                         8                           9                          10                          11                          12                          13                          14                          15

0                                     -1.0614422152094917e-02         5.1955783524072476e-06         9.7989908518294658e-02        -1.8156772208013819e-03         7.4322438317887671e-07        -9.0803951888692651e-04         7.0204076776932800e-02         1.3433098782039384e-05
1                                     -2.3541455638670233e-01         4.6633940243262733e-06         1.8157019852240448e-03         9.7990067832115169e-02        -2.7310454608168611e-07         7.0202360043119347e-02         9.0807920425337886e-04        -3.7686314074261374e-05
2                                     -7.3981392611691956e-07         2.5297948737774140e-01        -2.0562229489328782e-06        -2.4607911196725707e-06         8.4890392728155545e-02         1.9842770856350672e-06        -4.1047808729803463e-07         3.4973868556432031e-02
3                                     -1.2436222564918054e-02         3.6982451300991050e-06        -2.3120894531560418e-01         4.2926341641938408e-03        -3.9397077592130614e-06         9.3764531447464682e-03        -7.2483160431131299e-01         4.0637553498530220e-06
4                                     -2.7717633427902022e-01         2.0135250571007346e-02        -2.6204006069400062e-03        -1.4147019323051530e-01         1.6531110869805010e-01         1.1746081207869673e-01         1.5241092207195865e-03        -5.5008485191043011e-01
5                                      1.2852484646410670e-01         1.5656290664463576e-01         1.3212094696576682e-02         7.1282109833880503e-01        -5.2327959613014907e-01        -2.8792817035347085e-01        -3.7172555088836922e-03        -1.5114603762025533e-01
6                                     -1.1611483990555090e-02         1.7438553024941329e-02        -1.6462285675972654e-01        -3.5826723552712596e-02         1.4317864169380617e-01        -3.6351078280975641e-01        -9.7834136322881765e-02        -4.7689868490605325e-01
7                                     -2.7564242119650872e-01        -1.0061744874211140e-02        -4.2717190951404659e-02        -2.0806786355666518e-01        -8.2652749634465311e-02        -5.0953840891055369e-01        -3.7138213060313169e-01         2.7531763747082344e-01
8                                     -5.9244572580550360e-02         1.5656313977458214e-01         6.1071417515181259e-01        -3.6784253981565135e-01        -5.2330060949175827e-01         1.4717872705612281e-01        -2.4746212767764811e-01        -1.5133129792761982e-01
9                                     -1.3312475647675133e-02        -1.7431654804804866e-02        -1.6319930576910555e-01         4.1892683988195865e-02        -1.4319041343610092e-01         3.6591867597472377e-01        -8.8385347668205091e-02         4.7673399583018689e-01
10                                    -2.7576862482842945e-01        -1.0062037371022150e-02         3.4979686692985547e-02        -2.0951127034656999e-01        -8.2655033416272963e-02        -5.1898076304993968e-01         3.5807343991489177e-01         2.7521798640245376e-01
11                                    -6.9281208736055686e-02         1.5655995035699186e-01        -6.2392648444040943e-01        -3.4496062210111200e-01        -5.2329342489839126e-01         1.4071585995475783e-01         2.5118720963726004e-01        -1.5128480477273287e-01
12                                     5.2850979008670020e-04        -1.1377638181198391e-07         1.3022667984008678e-04        -2.4221604958751928e-06        -4.0682580519391024e-09         9.1844819032006058e-08        -6.5844869644782746e-06         1.2513359665535677e-09
13                                     1.1721651341413609e-02        -8.7500849304927036e-08         2.4188068903444509e-06         1.3027678023290470e-04         6.5165432208283316e-10        -6.5271182924747065e-06        -8.3958108753570350e-08         9.7631920463275483e-09
14                                     3.8243854207563998e-06         1.4244034212821625e-04         7.7065243054065375e-08         5.8273144622661074e-08         8.1912023961784499e-04        -2.1072616565329547e-09        -1.5578504618719687e-08         8.8520135662253105e-05
15                                     1.2275468806956591e-03        -7.3400632950593507e-07        -7.8845957469055455e-03         1.4610773353563200e-04         9.2947879037325173e-08        -1.2313060405202371e-05         9.5061204301465400e-04         5.0885991888011712e-09
16                                     2.7225316156216345e-02        -7.0673642340061062e-07        -1.4611483147219953e-04        -7.8844694166742280e-03        -1.9360290435115482e-09         9.5087073334492052e-04         1.2297535431461346e-05        -3.7131029715473645e-08
17                                    -5.9510171903400178e-06        -4.4180923492622544e-02         1.8941205572554777e-07         5.1086191084559884e-08         5.7430257083739677e-03         1.2873928360056621e-07        -1.2289083747150824e-08         3.2650684601161120e-04
                                                        16                          17

0                                     -8.7151760429573108e-02         1.1678293006935939e-02
1                                      1.1678168133304788e-02         8.7151073003600643e-02
2                                      8.1370316317295404e-06         1.3324012905040248e-05
3                                     -3.8908829482052681e-02         5.2070511999875568e-03
4                                     -9.8208690958289185e-02        -7.3232268936740241e-01
5                                     -3.0556013023936415e-02        -2.2787578723195070e-01
6                                      5.8397868066060565e-01         2.6138953102366458e-01
7                                     -3.5440959181923037e-01        -1.0898771499611962e-01
8                                      2.1252982766040573e-01         8.7409455268023822e-02
9                                      4.9470272985938146e-01        -4.0592549673656142e-01
10                                     3.1329115365598154e-01        -1.9845112291996089e-01
11                                    -1.8207874333010524e-01         1.4029365687934675e-01
12                                     2.1485575329937349e-05        -2.8795210663717277e-06
13                                    -2.8744277200939319e-06        -2.1495628370221816e-05
14                                     2.1684051417667510e-08         2.8768164735532292e-08
15                                    -5.0531748135215380e-05         6.7707102131052632e-06
16                                     6.7588683737976892e-06         5.0511600696925318e-05
17                                     6.6114269478937908e-08         1.2980082790215485e-07
$End
$THERMOCHEMISTRY_Energies
   &GeometryIndex 5
   &temperature [&Type "Double"]       2.9814999999999998e+02
   &pressure [&Type "Double"]       1.0000000000000000e+00
   &totalMass [&Type "Double"]       2.2183500000000001e+02
   &spinDegeneracy [&Type "Integer"] 1
   &elEnergy [&Type "Double"]      -1.1827182553460000e+01
   &transEnergy [&Type "Double"]       1.4162714244859817e-03
   &rotEnergy [&Type "Double"]       1.4162714244859817e-03
   &vibEnergy [&Type "Double"]       2.5849527507645653e-03
   &numOfFreqs [&Type "Integer"] 18
   &freqScalingFactor [&Type "Double"]       1.0000000000000000e+00
   &FREQ [&Type "ArrayOfDoubles", &Units "cm^-1", &Dim (18,1)] 
                                                         0

0                                      0.0000000000000000e+00
1                                      0.0000000000000000e+00
2                                      0.0000000000000000e+00
3                                      0.0000000000000000e+00
4                                      0.0000000000000000e+00
5                                      0.0000000000000000e+00
6                                      8.8442690172755803e+01
7                                      1.0373428148252616e+02
8                                      1.0374665133312598e+02
9                                      4.5688768589734605e+02
10                                     9.4923361711555776e+02
11                                     9.4926718836289103e+02
12                                     1.2752383725916170e+03
13                                     1.4336174325133029e+03
14                                     1.4336444238718500e+03
15                                     3.0784322293332370e+03
16                                     3.1015926948778238e+03
17                                     3.1016110039005121e+03
   &zpe [&Type "Double"]       3.6622565882327054e-02
   &innerEnergyU [&Type "Double"]      -1.1785142491977938e+01
   &enthalpyH [&Type "Double"]      -1.1784198282935678e+01
   &qEl [&Type "Double"]       0.0000000000000000e+00
   &qRot [&Type "Double"]       1.1814467052239328e-02
   &qVib [&Type "Double"]       5.0172152273920273e-03
   &qTrans [&Type "Double"]       1.9999675746369457e-02
   &entropyS [&Type "Double"]       3.6831358026000814e-02
   &freeEnergyG [&Type "Double"]      -1.1821029640961680e+01
   &isLinear [&Type "Boolean"] false
$End
$Calculation_Info
   &GeometryIndex 5
   &Mult [&Type "Integer"] 1
   &Charge [&Type "Integer"] -1
   &NumOfAtoms [&Type "Integer"] 6
   &NumOfElectrons [&Type "Integer"] 0
   &NumOfBasisFuncts [&Type "Integer"] 0
   &NumOfAuxCBasisFuncts [&Type "Integer"] 0
   &NumOfAuxJBasisFuncts [&Type "Integer"] 0
   &NumOfAuxJKBasisFuncts [&Type "Integer"] 0
   &NumOfCABSBasisFuncts [&Type "Integer"] 0
$End
$Calculation_Timings
   &GeometryIndex 5
   &GSTEP [&Type "Double"]       8.4009999999999918e-03
   &XTB [&Type "Double"]       6.5368300000000001e-01
   &XTBGRAD [&Type "Double"]       1.1680000000000579e-03
   &SUM [&Type "Double"]       6.6325200000000006e-01
$End
