*************************************************
******************* ORCA 6.1.0 ******************
*************************************************
$Calculation_Status
   &GeometryIndex 0
   &version [&Type "String"] "6.1.0"
   &progName [&Type "String"] "orca"
   &Status [&Type "String"] "NORMAL TERMINATION"
$End
$Geometry
   &GeometryIndex 1
   &NAtoms [&Type "Integer"] 6
   &NCorelessECP [&Type "Integer"] 0
   &NGhostAtoms [&Type "Integer"] 0
   &CartesianCoordinates [&Type "Coordinates", &Dim(6,4), &Units "Bohr"] 
              C      0.000132280829    0.000837148677   -0.713845936815
              H      0.000001889726    1.947258846068   -0.104341228484
              H      1.687018990988   -0.973927054900   -0.104093674361
              H     -1.687153161543   -0.974006423398   -0.104042651755
              I      0.000001889726    0.000015117809    5.242062500975
              Br    -0.000003779452   -0.000022676714   -4.440811061288
$End
$Single_Point_Data
   &GeometryIndex 1
   &FinalEnergy [&Type "Double"]      -1.1827123173730000e+01  "Final single point energy"
   &Converged [&Type "Boolean"] true
$End
$Geometry
   &GeometryIndex 2
   &NAtoms [&Type "Integer"] 6
   &NCorelessECP [&Type "Integer"] 0
   &NGhostAtoms [&Type "Integer"] 0
   &CartesianCoordinates [&Type "Coordinates", &Dim(6,4), &Units "Bohr"] 
              C      0.000058813328    0.000387966171   -0.720444073270
              H     -0.000048063230    1.948343760807   -0.110472804777
              H      1.687015702992   -0.974271360896   -0.110626091788
              H     -1.687010189591   -0.974212404679   -0.110658644187
              I      0.000004548255    0.000037564854    5.275742723740
              Br    -0.000022701480   -0.000130568715   -4.448613161447
$End
$Single_Point_Data
   &GeometryIndex 2
   &FinalEnergy [&Type "Double"]      -1.1827166908610000e+01  "Final single point energy"
   &Converged [&Type "Boolean"] true
$End
$Geometry
   &GeometryIndex 3
   &NAtoms [&Type "Integer"] 6
   &NCorelessECP [&Type "Integer"] 0
   &NGhostAtoms [&Type "Integer"] 0
   &CartesianCoordinates [&Type "Coordinates", &Dim(6,4), &Units "Bohr"] 
              C      0.000003660140    0.000050752829   -0.726498987385
              H     -0.000033475251    1.949014224286   -0.116831625527
              H      1.687654352899   -0.974557342852   -0.116978993810
              H     -1.687646013947   -0.974513599866   -0.117010391267
              I      0.000017735656    0.000128391431    5.304561731108
              Br     0.000001850776    0.000032531715   -4.452313784847
$End
$Single_Point_Data
   &GeometryIndex 3
   &FinalEnergy [&Type "Double"]      -1.1827181159340000e+01  "Final single point energy"
   &Converged [&Type "Boolean"] true
$End
$Geometry
   &GeometryIndex 4
   &NAtoms [&Type "Integer"] 6
   &NCorelessECP [&Type "Integer"] 0
   &NGhostAtoms [&Type "Integer"] 0
   &CartesianCoordinates [&Type "Coordinates", &Dim(6,4), &Units "Bohr"] 
              C     -0.000005023300   -0.000002413691   -0.728004096574
              H     -0.000016421034    1.948993241518   -0.118336621339
              H      1.687814338307   -0.974539960732   -0.118415043430
              H     -1.687824764964   -0.974526744480   -0.118431979309
              I      0.000019322665    0.000140988708    5.309742483587
              Br     0.000010658599    0.000089846219   -4.451626794664
$End
$Single_Point_Data
   &GeometryIndex 4
   &FinalEnergy [&Type "Double"]      -1.1827182133120001e+01  "Final single point energy"
   &Converged [&Type "Boolean"] true
$End
$Geometry
   &GeometryIndex 5
   &NAtoms [&Type "Integer"] 6
   &NCorelessECP [&Type "Integer"] 0
   &NGhostAtoms [&Type "Integer"] 0
   &CartesianCoordinates [&Type "Coordinates", &Dim(6,4), &Units "Bohr"] 
              C     -0.000006692885   -0.000012474540   -0.728909681721
              H     -0.000005167286    1.948882937621   -0.118843252783
              H      1.687809672246   -0.974463904552   -0.118881156669
              H     -1.687826622435   -0.974467449345   -0.118889601418
              I      0.000016397083    0.000124803561    5.311156952792
              Br     0.000010523552    0.000091044798   -4.450705311929
$End
$Single_Point_Data
   &GeometryIndex 5
   &FinalEnergy [&Type "Double"]      -1.1827182458710000e+01  "Final single point energy"
   &Converged [&Type "Boolean"] true
$End
$Hessian
   &GeometryIndex 5
   &HESSIAN [&Type "ArrayOfDoubles", &Dim (18,18)] "The Hessian"
                                                         0                           1                           2                           3                           4                           5                           6                           7

0                                      5.1197718209999998e-01        -4.4929999999999998e-07         3.1269999999999999e-07        -4.1750588300000002e-02        -1.7141000000000000e-06        -4.9320000000000000e-07        -2.2340355579999999e-01         1.0487678500000000e-01
1                                     -4.4929999999999998e-07         5.1198072650000004e-01         1.0693099999999999e-05        -1.7477000000000000e-06        -2.8396748140000000e-01        -7.9389418000000003e-02         1.0487821740000000e-01        -1.0229751350000001e-01
2                                      3.1269999999999999e-07         1.0693099999999999e-05         2.0028359379999999e-01        -4.7830000000000004e-07        -7.2613400600000003e-02        -5.2221602899999997e-02        -6.2876888100000000e-02         3.6301104000000001e-02
3                                     -4.1750588300000002e-02        -1.7477000000000000e-06        -4.7830000000000004e-07         4.3978153600000000e-02         1.8231000000000000e-06         5.2669999999999997e-07        -1.2203667000000001e-03         2.6094999500000000e-02
4                                     -1.7141000000000000e-06        -2.8396748140000000e-01        -7.2613400600000003e-02         1.8231000000000000e-06         3.1578419419999998e-01         8.1544923800000002e-02         1.8559054000000001e-03        -1.7358961900000001e-02
5                                     -4.9320000000000000e-07        -7.9389418000000003e-02        -5.2221602899999997e-02         5.2669999999999997e-07         8.1544923800000002e-02         6.9345464600000004e-02         3.1048190000000002e-04         7.2483304000000000e-03
6                                     -2.2340355579999999e-01         1.0487821740000000e-01        -6.2876888100000000e-02        -1.2203667000000001e-03         1.8559054000000001e-03         3.1048190000000002e-04         2.4782262050000001e-01        -1.1769005170000001e-01
7                                      1.0487678500000000e-01        -1.0229751350000001e-01         3.6301104000000001e-02         2.6094999500000000e-02        -1.7358961900000001e-02         7.2483304000000000e-03        -1.1769005170000001e-01         1.1192483770000000e-01
8                                     -6.8745393500000002e-02         3.9689136700000002e-02        -5.2219674399999999e-02         6.4335714999999996e-03        -3.3558234000000001e-03         3.7995070000000001e-03         7.0611287800000005e-02        -4.0766978099999997e-02
9                                     -2.2340362650000001e-01        -1.0487604139999999e-01         6.2876869500000002e-02        -1.2205607999999999e-03        -1.8560253000000000e-03        -3.1041199999999998e-04        -2.5426433100000000e-02        -1.2119306200000001e-02
10                                    -1.0487463730000000e-01        -1.0229522660000000e-01         3.6300318300000002e-02        -2.6095126499999999e-02        -1.7358411000000001e-02         7.2483696000000004e-03         1.2119559400000000e-02         6.8478300999999997e-03
11                                     6.8745427700000000e-02         3.9688280999999999e-02        -5.2220185900000000e-02        -6.4335946000000001e-03        -3.3557192000000001e-03         3.7995085999999998e-03        -6.1218616000000003e-03        -3.8929898000000002e-03
12                                    -2.1704134000000001e-03         1.3700000000000000e-08         1.5300000000000001e-07        -2.8978990000000002e-04        -6.4000000000000002e-09        -9.6999999999999992e-09         2.9501799999999997e-04        -3.3756329999999997e-04
13                                     1.2400000000000000e-08        -2.1709619000000002e-03         8.2239999999999995e-07         2.0700000000000000e-08         4.9051290000000000e-04         7.3476070000000001e-04        -3.3805309999999998e-04        -9.5185099999999998e-05
14                                     7.0700000000000004e-08         2.4800000000000000e-07         6.5795152000000003e-03        -1.9900000000000000e-08        -1.1701791000000000e-03        -4.1198101000000003e-03        -1.0133450999999999e-03         5.8505750000000000e-04
15                                    -2.1248998099999999e-02         7.3000000000000000e-09         3.1200000000000001e-08         5.0315210000000002e-04         1.7199999999999999e-08        -9.3800000000000006e-08         1.9327171000000001e-03        -8.2486330000000000e-04
16                                     3.3000000000000002e-09        -2.1249543100000001e-02         4.6279999999999999e-07         3.0799999999999998e-08         2.4101472000000001e-03        -1.7386966500000000e-02        -8.2557750000000004e-04         9.7899269999999995e-04
17                                     7.5499999999999994e-08         1.0592000000000000e-06        -5.0201645699999999e-02        -5.4999999999999996e-09        -1.0498014999999999e-03        -2.0603067100000001e-02        -9.0967489999999995e-04         5.2547599999999998e-04
                                                         8                           9                          10                          11                          12                          13                          14                          15

0                                     -6.8745393500000002e-02        -2.2340362650000001e-01        -1.0487463730000000e-01         6.8745427700000000e-02        -2.1704134000000001e-03         1.2400000000000000e-08         7.0700000000000004e-08        -2.1248998099999999e-02
1                                      3.9689136700000002e-02        -1.0487604139999999e-01        -1.0229522660000000e-01         3.9688280999999999e-02         1.3700000000000000e-08        -2.1709619000000002e-03         2.4800000000000000e-07         7.3000000000000000e-09
2                                     -5.2219674399999999e-02         6.2876869500000002e-02         3.6300318300000002e-02        -5.2220185900000000e-02         1.5300000000000001e-07         8.2239999999999995e-07         6.5795152000000003e-03         3.1200000000000001e-08
3                                      6.4335714999999996e-03        -1.2205607999999999e-03        -2.6095126499999999e-02        -6.4335946000000001e-03        -2.8978990000000002e-04         2.0700000000000000e-08        -1.9900000000000000e-08         5.0315210000000002e-04
4                                     -3.3558234000000001e-03        -1.8560253000000000e-03        -1.7358411000000001e-02        -3.3557192000000001e-03        -6.4000000000000002e-09         4.9051290000000000e-04        -1.1701791000000000e-03         1.7199999999999999e-08
5                                      3.7995070000000001e-03        -3.1041199999999998e-04         7.2483696000000004e-03         3.7995085999999998e-03        -9.6999999999999992e-09         7.3476070000000001e-04        -4.1198101000000003e-03        -9.3800000000000006e-08
6                                      7.0611287800000005e-02        -2.5426433100000000e-02         1.2119559400000000e-02        -6.1218616000000003e-03         2.9501799999999997e-04        -3.3805309999999998e-04        -1.0133450999999999e-03         1.9327171000000001e-03
7                                     -4.0766978099999997e-02        -1.2119306200000001e-02         6.8478300999999997e-03        -3.8929898000000002e-03        -3.3756329999999997e-04        -9.5185099999999998e-05         5.8505750000000000e-04        -8.2486330000000000e-04
8                                      6.9340806599999999e-02         6.1218881000000003e-03        -3.8930700000000002e-03         3.7992701000000000e-03         6.3658849999999995e-04        -3.6758670000000001e-04        -4.1188318999999998e-03        -1.5057942400000000e-02
9                                      6.1218881000000003e-03         2.4782286970000000e-01         1.1768778180000000e-01        -7.0611317699999995e-02         2.9500870000000000e-04         3.3803039999999999e-04         1.0132915000000001e-03         1.9327420000000001e-03
10                                    -3.8930700000000002e-03         1.1768778180000000e-01         1.1192198170000001e-01        -4.0766112500000000e-02         3.3756600000000003e-04        -9.5193999999999997e-05         5.8502819999999998e-04         8.2485659999999999e-04
11                                     3.7992701000000000e-03        -7.0611317699999995e-02        -4.0766112500000000e-02         6.9340813700000004e-02        -6.3668459999999998e-04        -3.6761930000000001e-04        -4.1186214000000004e-03         1.5058030800000000e-02
12                                     6.3658849999999995e-04         2.9500870000000000e-04         3.3756600000000003e-04        -6.3668459999999998e-04         9.1440819999999998e-04         3.1000000000000000e-09         3.8199999999999998e-08         9.5576829999999995e-04
13                                    -3.6758670000000001e-04         3.3803039999999999e-04        -9.5193999999999997e-05        -3.6761930000000001e-04         3.1000000000000000e-09         9.1459270000000001e-04        -1.1700000000000000e-07        -1.3500000000000000e-08
14                                    -4.1188318999999998e-03         1.0132915000000001e-03         5.8502819999999998e-04        -4.1186214000000004e-03         3.8199999999999998e-08        -1.1700000000000000e-07         1.6767557400000001e-02        -3.5399999999999999e-08
15                                    -1.5057942400000000e-02         1.9327420000000001e-03         8.2485659999999999e-04         1.5058030800000000e-02         9.5576829999999995e-04        -1.3500000000000000e-08        -3.5399999999999999e-08         1.5924618500000001e-02
16                                     8.6943216000000007e-03         8.2556070000000005e-04         9.7901970000000005e-04         8.6941598000000002e-03        -1.3000000000000001e-08         9.5623539999999997e-04        -3.7599999999999999e-08        -4.3999999999999997e-09
17                                    -2.0601077299999999e-02         9.0968060000000005e-04         5.2546639999999996e-04        -2.0600785100000001e-02        -8.5399999999999997e-08        -2.6000000000000000e-07        -1.0989809200000001e-02         9.6999999999999992e-09
                                                        16                          17

0                                      3.3000000000000002e-09         7.5499999999999994e-08
1                                     -2.1249543100000001e-02         1.0592000000000000e-06
2                                      4.6279999999999999e-07        -5.0201645699999999e-02
3                                      3.0799999999999998e-08        -5.4999999999999996e-09
4                                      2.4101472000000001e-03        -1.0498014999999999e-03
5                                     -1.7386966500000000e-02        -2.0603067100000001e-02
6                                     -8.2557750000000004e-04        -9.0967489999999995e-04
7                                      9.7899269999999995e-04         5.2547599999999998e-04
8                                      8.6943216000000007e-03        -2.0601077299999999e-02
9                                      8.2556070000000005e-04         9.0968060000000005e-04
10                                     9.7901970000000005e-04         5.2546639999999996e-04
11                                     8.6941598000000002e-03        -2.0600785100000001e-02
12                                    -1.3000000000000001e-08        -8.5399999999999997e-08
13                                     9.5623539999999997e-04        -2.6000000000000000e-07
14                                    -3.7599999999999999e-08        -1.0989809200000001e-02
15                                    -4.3999999999999997e-09         9.6999999999999992e-09
16                                     1.5925148000000000e-02        -1.9400999999999999e-06
17                                    -1.9400999999999999e-06         1.2299638440000001e-01
   &MODES [&Type "ArrayOfDoubles", &Dim (18,18)] "The modes of vibrations"
                                                         0                           1                           2                           3                           4                           5                           6                           7

0                                      0.0000000000000000e+00         0.0000000000000000e+00         0.0000000000000000e+00         0.0000000000000000e+00         0.0000000000000000e+00         0.0000000000000000e+00         6.8708640481271199e-06         2.3563941450163978e-01
1                                      0.0000000000000000e+00         0.0000000000000000e+00         0.0000000000000000e+00         0.0000000000000000e+00         0.0000000000000000e+00         0.0000000000000000e+00         4.8753753050949810e-05        -2.7255064921579554e-03
2                                      0.0000000000000000e+00         0.0000000000000000e+00         0.0000000000000000e+00         0.0000000000000000e+00         0.0000000000000000e+00         0.0000000000000000e+00         7.9528706352683276e-02        -1.3976107076675271e-06
3                                      0.0000000000000000e+00         0.0000000000000000e+00         0.0000000000000000e+00         0.0000000000000000e+00         0.0000000000000000e+00         0.0000000000000000e+00         8.0901484565006078e-06         2.7555191832887327e-01
4                                      0.0000000000000000e+00         0.0000000000000000e+00         0.0000000000000000e+00         0.0000000000000000e+00         0.0000000000000000e+00         0.0000000000000000e+00         1.6015889608558776e-03        -3.2088822180712955e-03
5                                      0.0000000000000000e+00         0.0000000000000000e+00         0.0000000000000000e+00         0.0000000000000000e+00         0.0000000000000000e+00         0.0000000000000000e+00         7.0389599627643171e-02         1.4860610341457302e-03
6                                      0.0000000000000000e+00         0.0000000000000000e+00         0.0000000000000000e+00         0.0000000000000000e+00         0.0000000000000000e+00         0.0000000000000000e+00         1.3446030497780270e-03         2.7690816974733923e-01
7                                      0.0000000000000000e+00         0.0000000000000000e+00         0.0000000000000000e+00         0.0000000000000000e+00         0.0000000000000000e+00         0.0000000000000000e+00        -7.1396659489513707e-04        -4.0968187724644703e-03
8                                      0.0000000000000000e+00         0.0000000000000000e+00         0.0000000000000000e+00         0.0000000000000000e+00         0.0000000000000000e+00         0.0000000000000000e+00         7.0429267626942391e-02        -1.1216972990625122e-01
9                                      0.0000000000000000e+00         0.0000000000000000e+00         0.0000000000000000e+00         0.0000000000000000e+00         0.0000000000000000e+00         0.0000000000000000e+00        -1.3282959759272079e-03         2.7688868591997989e-01
10                                     0.0000000000000000e+00         0.0000000000000000e+00         0.0000000000000000e+00         0.0000000000000000e+00         0.0000000000000000e+00         0.0000000000000000e+00        -7.1389458519777800e-04        -2.2871095130892771e-03
11                                     0.0000000000000000e+00         0.0000000000000000e+00         0.0000000000000000e+00         0.0000000000000000e+00         0.0000000000000000e+00         0.0000000000000000e+00         7.0436385291934925e-02         1.1067857712555211e-01
12                                     0.0000000000000000e+00         0.0000000000000000e+00         0.0000000000000000e+00         0.0000000000000000e+00         0.0000000000000000e+00         0.0000000000000000e+00        -3.9501090992301181e-07        -1.1732626103208342e-02
13                                     0.0000000000000000e+00         0.0000000000000000e+00         0.0000000000000000e+00         0.0000000000000000e+00         0.0000000000000000e+00         0.0000000000000000e+00        -2.7393401850588228e-06         1.3570401761113675e-04
14                                     0.0000000000000000e+00         0.0000000000000000e+00         0.0000000000000000e+00         0.0000000000000000e+00         0.0000000000000000e+00         0.0000000000000000e+00        -5.8066037560418456e-02         1.5561981075958553e-06
15                                     0.0000000000000000e+00         0.0000000000000000e+00         0.0000000000000000e+00         0.0000000000000000e+00         0.0000000000000000e+00         0.0000000000000000e+00        -7.1328490236020032e-07        -2.7251293107261803e-02
16                                     0.0000000000000000e+00         0.0000000000000000e+00         0.0000000000000000e+00         0.0000000000000000e+00         0.0000000000000000e+00         0.0000000000000000e+00        -5.1699206685864020e-06         3.1520364993879865e-04
17                                     0.0000000000000000e+00         0.0000000000000000e+00         0.0000000000000000e+00         0.0000000000000000e+00         0.0000000000000000e+00         0.0000000000000000e+00         7.7602197494970340e-02        -2.1972760590536157e-06
                                                         8                           9                          10                          11                          12                          13                          14                          15

0                                      2.7255620945519721e-03        -9.8560263658747279e-07        -9.5095842633259754e-03         9.7526964492405457e-02        -5.2555787393240954e-08         6.8238697585518387e-04        -7.0215896692026297e-02        -1.8582408827931669e-05
1                                      2.3563951186704751e-01        -1.1379133219587582e-05         9.7528628956806612e-02         9.5095269586979395e-03         2.2840317594183561e-06        -7.0214482981325113e-02        -6.8239001640342913e-04        -1.6294786523330320e-04
2                                     -6.9183119520769407e-06         2.5298513353792151e-01         5.7039757796849882e-06         1.2775613569645518e-06        -8.4859707476695689e-02        -2.6466908581845571e-06         1.4229922115173921e-07         3.4952711875168532e-02
3                                      3.1748403350288917e-03        -4.9020538304941942e-07         2.2435939310760662e-02        -2.3010673732633330e-01         3.8373950604441769e-07        -7.0497972907617801e-03         7.2487689256005683e-01        -9.0830672126967197e-06
4                                      2.7742606079570364e-01         2.0133432444696113e-02        -1.4073530096235570e-01        -1.3721881720197456e-02        -1.6523298520514487e-01        -1.1742916706160263e-01        -1.1463408733707395e-03        -5.4905840006711770e-01
5                                     -1.2867257377092145e-01         1.5646304352198934e-01         7.0963805112099054e-01         6.9199302855880288e-02         5.2331525169349546e-01         2.8789300566572401e-01         2.7988666213615157e-03        -1.5075506211624345e-01
6                                      2.3646795243610248e-03         1.7440741371815029e-02        -2.2806970042553873e-02        -1.6684774845989872e-01        -1.4310506366989631e-01         3.6381062532807051e-01         9.6696552858217405e-02        -4.7720332613600380e-01
7                                      2.7596005337900542e-01        -1.0075201944601698e-02        -2.0398833949674686e-01        -5.8977325367671432e-02         8.2596914441060154e-02         5.1076001364378409e-01         3.6972134993612388e-01         2.7543043122125788e-01
8                                      6.3036054565308711e-02         1.5648101227753308e-01        -4.1473062374356295e-01         5.7996246416851582e-01         5.2334840605044930e-01        -1.4634223536403382e-01         2.4790830349218876e-01        -1.5134249266586383e-01
9                                      4.0530361305438955e-03        -1.7441666881981510e-02         5.4609399557145964e-02        -1.5929949384192335e-01         1.4310616917104405e-01        -3.6561632635320596e-01         8.9600101587787570e-02         4.7743404736047890e-01
10                                     2.7595970492820920e-01        -1.0075166560575343e-02        -2.1154309506493840e-01         1.8459905593192740e-02         8.2597086553379814e-02         5.1785502468356437e-01        -3.5971993601882285e-01         2.7557404933816315e-01
11                                     6.5612039521572810e-02         1.5648451087635284e-01        -2.9487784779246246e-01        -6.4915511544931970e-01         5.2334963176101879e-01        -1.4149294952166122e-01        -2.5070672099977881e-01        -1.5142790421934921e-01
12                                    -1.3570459215039317e-04        -1.3345283202827117e-08        -1.2621003546248732e-05         1.2940480468279323e-04        -1.3242994014714292e-08        -7.1944836902230207e-08         6.8474103975830807e-06         1.0735807486730265e-08
13                                    -1.1732622087303671e-02         1.4401091688569232e-07         1.2935662872592209e-04         1.2628248742050205e-05        -4.7482663990535917e-08         6.7686681433668960e-06         6.7803242066626731e-08         4.3426308555117521e-08
14                                     1.2064176508118038e-05         1.4803633144079616e-04        -1.8055130889361041e-07        -4.5922240210560542e-08        -8.1920340261529918e-04        -5.3406654802022204e-08        -6.9364840756009286e-09         8.8509197305082404e-05
15                                    -3.1520788500165439e-04         1.8721690839119037e-07         7.6531847510478068e-04        -7.8487337768128607e-03         1.0145543479980287e-08         9.2530930567088528e-06        -9.5079770455113192e-04        -1.9778774199734107e-08
16                                    -2.7251276843704809e-02         1.6955110477155049e-06        -7.8487465479010129e-03        -7.6530960149754203e-04         2.2388146418602117e-07        -9.5104063998208729e-04        -9.2406930247629103e-06        -1.2507040651529862e-07
17                                    -1.7811922809906326e-05        -4.4187412322817192e-02        -9.4386375013917787e-07        -2.0302934734580647e-07        -5.7492683044621969e-03        -2.4676643150425989e-07        -1.6040335391757222e-08         3.2671868839554216e-04
                                                        16                          17

0                                     -8.7825774275517618e-02        -4.4216878337465298e-03
1                                     -4.4216727557185344e-03         8.7824645705586915e-02
2                                     -1.0664898394854949e-05         6.5671846760782289e-05
3                                     -3.9196744646525498e-02        -1.9782017746463629e-03
4                                      3.7314174817799292e-02        -7.3874527660465772e-01
5                                      1.1599316101459149e-02        -2.2972890670370241e-01
6                                      5.2670824841880703e-01         3.6290935333434221e-01
7                                     -3.2869960963792128e-01        -1.7146499955901504e-01
8                                      1.9296617565150145e-01         1.2444313715627166e-01
9                                      5.6029870259539416e-01        -3.0817796976274114e-01
10                                     3.4413821576730641e-01        -1.3758295881770527e-01
11                                    -2.0442678615505594e-01         1.0443402075892870e-01
12                                     2.1705814674047349e-05         1.0925342949446052e-06
13                                     1.0994344176830923e-06        -2.1714740035427573e-05
14                                    -2.8894729914553538e-08         1.6959381117446997e-07
15                                    -5.0960964674738250e-05        -2.5651724934813393e-06
16                                    -2.5733410942487636e-06         5.0930685881340413e-05
17                                    -1.0078106184184834e-07         6.0396461487238499e-07
$End
$THERMOCHEMISTRY_Energies
   &GeometryIndex 5
   &temperature [&Type "Double"]       2.9814999999999998e+02
   &pressure [&Type "Double"]       1.0000000000000000e+00
   &totalMass [&Type "Double"]       2.2183500000000001e+02
   &spinDegeneracy [&Type "Integer"] 1
   &elEnergy [&Type "Double"]      -1.1827182458710000e+01
   &transEnergy [&Type "Double"]       1.4162714244859817e-03
   &rotEnergy [&Type "Double"]       1.4162714244859817e-03
   &vibEnergy [&Type "Double"]       2.5852930199323403e-03
   &numOfFreqs [&Type "Integer"] 18
   &freqScalingFactor [&Type "Double"]       1.0000000000000000e+00
   &FREQ [&Type "ArrayOfDoubles", &Units "cm^-1", &Dim (18,1)] 
                                                         0

0                                      0.0000000000000000e+00
1                                      0.0000000000000000e+00
2                                      0.0000000000000000e+00
3                                      0.0000000000000000e+00
4                                      0.0000000000000000e+00
5                                      0.0000000000000000e+00
6                                      8.8393551710761784e+01
7                                      1.0370338638005360e+02
8                                      1.0371430255584545e+02
9                                      4.5673023551175226e+02
10                                     9.4931272907803805e+02
11                                     9.4931694985054389e+02
12                                     1.2750525008499053e+03
13                                     1.4335197694225005e+03
14                                     1.4335479862027412e+03
15                                     3.0784632388108894e+03
16                                     3.1016916272323592e+03
17                                     3.1017496916358973e+03
   &zpe [&Type "Double"]       3.6621991095596509e-02
   &innerEnergyU [&Type "Double"]      -1.1785142631745501e+01
   &enthalpyH [&Type "Double"]      -1.1784198422703241e+01
   &qEl [&Type "Double"]       0.0000000000000000e+00
   &qRot [&Type "Double"]       1.2851858162073682e-02
   &qVib [&Type "Double"]       5.0178790727892488e-03
   &qTrans [&Type "Double"]       1.9999675746369457e-02
   &entropyS [&Type "Double"]       3.7869412981232392e-02
   &freeEnergyG [&Type "Double"]      -1.1822067835684473e+01
   &isLinear [&Type "Boolean"] false
$End
$Calculation_Info
   &GeometryIndex 5
   &Mult [&Type "Integer"] 1
   &Charge [&Type "Integer"] -1
   &NumOfAtoms [&Type "Integer"] 6
   &NumOfElectrons [&Type "Integer"] 0
   &NumOfBasisFuncts [&Type "Integer"] 0
   &NumOfAuxCBasisFuncts [&Type "Integer"] 0
   &NumOfAuxJBasisFuncts [&Type "Integer"] 0
   &NumOfAuxJKBasisFuncts [&Type "Integer"] 0
   &NumOfCABSBasisFuncts [&Type "Integer"] 0
$End
$Calculation_Timings
   &GeometryIndex 5
   &GSTEP [&Type "Double"]       1.0613999999999957e-02
   &XTB [&Type "Double"]       4.5412500000000006e-01
   &XTBGRAD [&Type "Double"]       1.7279999999998408e-03
   &SUM [&Type "Double"]       4.6646699999999985e-01
$End
