*************************************************
******************* ORCA 6.1.0 ******************
*************************************************
$Calculation_Status
   &GeometryIndex 0
   &version [&Type "String"] "6.1.0"
   &progName [&Type "String"] "orca"
   &Status [&Type "String"] "NORMAL TERMINATION"
$End
$Geometry
   &GeometryIndex 1
   &NAtoms [&Type "Integer"] 6
   &NCorelessECP [&Type "Integer"] 0
   &NGhostAtoms [&Type "Integer"] 0
   &CartesianCoordinates [&Type "Coordinates", &Dim(6,4), &Units "Bohr"] 
              C     -0.000166295900   -0.000343930156    0.595893010988
              H     -0.000068030141    1.948849995473    0.004350149560
              H      1.687568901293   -0.974422163147    0.004420069427
              H     -1.687612364994   -0.974369250816    0.004480540664
              I     -0.000026456166   -0.000022676714    4.763033933561
              Br    -0.000007558905   -0.000007558905   -4.961279433092
$End
$Single_Point_Data
   &GeometryIndex 1
   &FinalEnergy [&Type "Double"]      -1.1826730861360000e+01  "Final single point energy"
   &Converged [&Type "Boolean"] true
$End
$Geometry
   &GeometryIndex 2
   &NAtoms [&Type "Integer"] 6
   &NCorelessECP [&Type "Integer"] 0
   &NGhostAtoms [&Type "Integer"] 0
   &CartesianCoordinates [&Type "Coordinates", &Dim(6,4), &Units "Bohr"] 
              C     -0.000106643948   -0.000184369484    0.603414777361
              H     -0.000028017098    1.947709604926    0.011816648323
              H      1.686860168586   -0.973885341628    0.011781110701
              H     -1.686999391792   -0.973933918385    0.011783090369
              I     -0.000022122549   -0.000001165896    4.763287156310
              Br    -0.000015798010   -0.000020393798   -4.991184511957
$End
$Single_Point_Data
   &GeometryIndex 2
   &FinalEnergy [&Type "Double"]      -1.1826773388070000e+01  "Final single point energy"
   &Converged [&Type "Boolean"] true
$End
$Geometry
   &GeometryIndex 3
   &NAtoms [&Type "Integer"] 6
   &NCorelessECP [&Type "Integer"] 0
   &NGhostAtoms [&Type "Integer"] 0
   &CartesianCoordinates [&Type "Coordinates", &Dim(6,4), &Units "Bohr"] 
              C     -0.000054895341   -0.000048001713    0.613514131767
              H     -0.000037453600    1.947572517033    0.019582308298
              H      1.686715557314   -0.973841000504    0.019554458994
              H     -1.686849531686   -0.973875651449    0.019555793242
              I     -0.000049733166   -0.000063371324    4.764057229960
              Br    -0.000035748334   -0.000060076307   -5.025365651153
$End
$Single_Point_Data
   &GeometryIndex 3
   &FinalEnergy [&Type "Double"]      -1.1826793356340000e+01  "Final single point energy"
   &Converged [&Type "Boolean"] true
$End
$Geometry
   &GeometryIndex 4
   &NAtoms [&Type "Integer"] 6
   &NCorelessECP [&Type "Integer"] 0
   &NGhostAtoms [&Type "Integer"] 0
   &CartesianCoordinates [&Type "Coordinates", &Dim(6,4), &Units "Bohr"] 
              C     -0.000050429406   -0.000037560748    0.616368400120
              H     -0.000051144284    1.947274389169    0.020353658499
              H      1.686393230432   -0.973703312931    0.020346397950
              H     -1.686509084068   -0.973711693249    0.020355819019
              I     -0.000055994209   -0.000076092130    4.765014854729
              Br    -0.000038383277   -0.000061314376   -5.031540859210
$End
$Single_Point_Data
   &GeometryIndex 4
   &FinalEnergy [&Type "Double"]      -1.1826795100500000e+01  "Final single point energy"
   &Converged [&Type "Boolean"] true
$End
$Geometry
   &GeometryIndex 5
   &NAtoms [&Type "Integer"] 6
   &NCorelessECP [&Type "Integer"] 0
   &NGhostAtoms [&Type "Integer"] 0
   &CartesianCoordinates [&Type "Coordinates", &Dim(6,4), &Units "Bohr"] 
              C     -0.000049981578   -0.000038996600    0.619828226634
              H     -0.000064939657    1.946566254302    0.020275841266
              H      1.685727014817   -0.973369047063    0.020283320763
              H     -1.685829876717   -0.973353996743    0.020295484886
              I     -0.000056315616   -0.000070119569    4.765507394206
              Br    -0.000037706061   -0.000049678592   -5.035291996647
$End
$Single_Point_Data
   &GeometryIndex 5
   &FinalEnergy [&Type "Double"]      -1.1826796616679999e+01  "Final single point energy"
   &Converged [&Type "Boolean"] true
$End
$Geometry
   &GeometryIndex 6
   &NAtoms [&Type "Integer"] 6
   &NCorelessECP [&Type "Integer"] 0
   &NGhostAtoms [&Type "Integer"] 0
   &CartesianCoordinates [&Type "Coordinates", &Dim(6,4), &Units "Bohr"] 
              C     -0.000052729205   -0.000048081801    0.620878244412
              H     -0.000064247979    1.946088202522    0.019469858758
              H      1.685323613551   -0.973136522676    0.019473022806
              H     -1.685429867824   -0.973124229359    0.019479690852
              I     -0.000052389221   -0.000055343931    4.765593381261
              Br    -0.000036184135   -0.000039609020   -5.033995926981
$End
$Single_Point_Data
   &GeometryIndex 6
   &FinalEnergy [&Type "Double"]      -1.1826797051210001e+01  "Final single point energy"
   &Converged [&Type "Boolean"] true
$End
$Hessian
   &GeometryIndex 6
   &HESSIAN [&Type "ArrayOfDoubles", &Dim (18,18)] "The Hessian"
                                                         0                           1                           2                           3                           4                           5                           6                           7

0                                      5.1612676930000001e-01         1.5058000000000001e-06         1.2407000000000000e-06        -4.1565104200000001e-02         3.3150000000000002e-07         5.3500000000000003e-08        -2.2756091980000001e-01         1.0739046230000000e-01
1                                      1.5058000000000001e-06         5.1621931669999999e-01         6.9013000000000003e-06         3.7730000000000002e-07        -2.8902694420000002e-01         9.1891683799999999e-02         1.0693923470000000e-01        -1.0383520910000001e-01
2                                      1.2407000000000000e-06         6.9013000000000003e-06         1.9171828890000001e-01        -1.0400000000000000e-08         7.4998353599999998e-02        -5.0667248099999999e-02         6.4950355700000004e-02        -3.7506396599999998e-02
3                                     -4.1565104200000001e-02         3.7730000000000002e-07        -1.0400000000000000e-08         4.3924816899999997e-02        -1.0500000000000000e-08         1.5600000000000001e-08        -1.1940077000000000e-03         2.6049777800000000e-02
4                                      3.3150000000000002e-07        -2.8902694420000002e-01         7.4998353599999998e-02        -1.0500000000000000e-08         3.2109452579999997e-01        -8.1199106699999996e-02         1.7667913000000001e-03        -1.7266128700000001e-02
5                                      5.3500000000000003e-08         9.1891683799999999e-02        -5.0667248099999999e-02         1.5600000000000001e-08        -8.1199106699999996e-02         6.3912575400000005e-02        -2.6498249999999999e-04        -7.3982897000000004e-03
6                                     -2.2756091980000001e-01         1.0693923470000000e-01         6.4950355700000004e-02        -1.1940077000000000e-03         1.7667913000000001e-03        -2.6498249999999999e-04         2.5180108350000002e-01        -1.2002846440000001e-01
7                                      1.0739046230000000e-01        -1.0383520910000001e-01        -3.7506396599999998e-02         2.6049777800000000e-02        -1.7266128700000001e-02        -7.3982897000000004e-03        -1.2002846440000001e-01         1.1323024310000000e-01
8                                      7.1451175899999997e-02        -4.5950019000000002e-02        -5.0667379200000001e-02        -6.5857218000000004e-03         3.4701975000000001e-03         5.1429726999999998e-03        -7.0261080599999998e-02         4.0543879400000003e-02
9                                     -2.2757092830000000e-01        -1.0694116230000000e-01        -6.4951436900000006e-02        -1.1947021000000000e-03        -1.7670932000000000e-03         2.6492530000000000e-04        -2.5284250400000000e-02        -1.2136316300000000e-02
10                                    -1.0739232280000000e-01        -1.0383345090000000e-01        -3.7505669499999998e-02        -2.6050174499999999e-02        -1.7266738399999999e-02        -7.3980343999999996e-03         1.2136887600000000e-02         6.8408606999999996e-03
11                                    -7.1452241999999999e-02        -4.5949258899999998e-02        -5.0666203999999999e-02         6.5858317000000001e-03         3.4702259999999999e-03         5.1429487000000003e-03         6.2168507999999997e-03         3.9920559999999999e-03
12                                    -1.7117166000000000e-02         4.0100000000000002e-08        -2.1280000000000000e-07         3.0055110000000001e-04        -1.0700000000000000e-08        -6.3500000000000006e-08         1.9668390000000002e-03        -9.6203490000000005e-04
13                                     1.9700000000000001e-08        -1.4374175700000000e-02         3.2484000000000001e-06         5.3599999999999997e-08         2.1944577000000002e-03         8.1479970000000006e-03        -6.7599220000000000e-04         1.0120586999999999e-03
14                                    -2.3720000000000001e-07        -2.1439999999999999e-07        -4.8446309999999999e-02        -9.4199999999999996e-08        -1.2461522000000000e-03        -1.9087352500000002e-02        -1.0790217999999999e-03         6.2334320000000001e-04
15                                    -2.3126510999999998e-03         4.4999999999999998e-09         6.3699999999999995e-08        -2.7155389999999999e-04        -8.2999999999999999e-09         5.1599999999999999e-08         2.7125530000000003e-04        -3.1342449999999998e-04
16                                     3.4999999999999999e-09        -5.1495368000000000e-03         3.5627000000000002e-06        -2.3700000000000000e-08         2.7082790000000000e-04        -4.0442500000000001e-03        -1.3845700000000001e-04         1.8175299999999999e-05
17                                     9.1000000000000004e-09         9.0709999999999996e-07         8.7288525000000002e-03        -2.0999999999999999e-08         5.0648190000000001e-04        -4.4438962000000002e-03         4.3787840000000003e-04        -2.5459229999999998e-04
                                                         8                           9                          10                          11                          12                          13                          14                          15

0                                      7.1451175899999997e-02        -2.2757092830000000e-01        -1.0739232280000000e-01        -7.1452241999999999e-02        -1.7117166000000000e-02         1.9700000000000001e-08        -2.3720000000000001e-07        -2.3126510999999998e-03
1                                     -4.5950019000000002e-02        -1.0694116230000000e-01        -1.0383345090000000e-01        -4.5949258899999998e-02         4.0100000000000002e-08        -1.4374175700000000e-02        -2.1439999999999999e-07         4.4999999999999998e-09
2                                     -5.0667379200000001e-02        -6.4951436900000006e-02        -3.7505669499999998e-02        -5.0666203999999999e-02        -2.1280000000000000e-07         3.2484000000000001e-06        -4.8446309999999999e-02         6.3699999999999995e-08
3                                     -6.5857218000000004e-03        -1.1947021000000000e-03        -2.6050174499999999e-02         6.5858317000000001e-03         3.0055110000000001e-04         5.3599999999999997e-08        -9.4199999999999996e-08        -2.7155389999999999e-04
4                                      3.4701975000000001e-03        -1.7670932000000000e-03        -1.7266738399999999e-02         3.4702259999999999e-03        -1.0700000000000000e-08         2.1944577000000002e-03        -1.2461522000000000e-03        -8.2999999999999999e-09
5                                      5.1429726999999998e-03         2.6492530000000000e-04        -7.3980343999999996e-03         5.1429487000000003e-03        -6.3500000000000006e-08         8.1479970000000006e-03        -1.9087352500000002e-02         5.1599999999999999e-08
6                                     -7.0261080599999998e-02        -2.5284250400000000e-02         1.2136887600000000e-02         6.2168507999999997e-03         1.9668390000000002e-03        -6.7599220000000000e-04        -1.0790217999999999e-03         2.7125530000000003e-04
7                                      4.0543879400000003e-02        -1.2136316300000000e-02         6.8408606999999996e-03         3.9920559999999999e-03        -9.6203490000000005e-04         1.0120586999999999e-03         6.2334320000000001e-04        -3.1342449999999998e-04
8                                      6.5931329200000000e-02        -6.2164773999999999e-03         3.9919871000000003e-03         3.1245107999999999e-03         1.2404845100000001e-02        -4.0761445999999996e-03        -1.9087527000000000e-02        -7.9274130000000001e-04
9                                     -6.2164773999999999e-03         2.5181180209999998e-01         1.2003014970000001e-01         7.0262058399999994e-02         1.9667241000000000e-03         6.7593609999999995e-04         1.0788484000000000e-03         2.7135450000000003e-04
10                                     3.9919871000000003e-03         1.2003014970000001e-01         1.1322909339999999e-01         4.0542968999999998e-02         9.6202940000000002e-04         1.0120108999999999e-03         6.2332950000000000e-04         3.1343060000000000e-04
11                                     3.1245107999999999e-03         7.0262058399999994e-02         4.0542968999999998e-02         6.5930106200000005e-02        -1.2405059000000000e-02        -4.0759241000000003e-03        -1.9087597700000000e-02         7.9256010000000002e-04
12                                     1.2404845100000001e-02         1.9667241000000000e-03         9.6202940000000002e-04        -1.2405059000000000e-02         1.1960957600000001e-02        -4.5800000000000000e-08         5.0299999999999999e-07         9.2209409999999996e-04
13                                    -4.0761445999999996e-03         6.7593609999999995e-04         1.0120108999999999e-03        -4.0759241000000003e-03        -4.5800000000000000e-08         8.5468591000000000e-03        -4.1899999999999998e-08         2.8600000000000001e-08
14                                    -1.9087527000000000e-02         1.0788484000000000e-03         6.2332950000000000e-04        -1.9087597700000000e-02         5.0299999999999999e-07        -4.1899999999999998e-08         1.1768137900000000e-01         1.8000000000000000e-09
15                                    -7.9274130000000001e-04         2.7135450000000003e-04         3.1343060000000000e-04         7.9256010000000002e-04         9.2209409999999996e-04         2.8600000000000001e-08         1.8000000000000000e-09         1.1195011000000000e-03
16                                     2.0200996999999998e-03         1.3848610000000001e-04         1.8224300000000001e-05         2.0199320999999999e-03         2.1999999999999998e-08         1.6087892999999999e-03        -2.6420000000000000e-07        -3.0899999999999999e-08
17                                    -4.4439064999999998e-03        -4.3791790000000000e-04        -2.5458170000000000e-04        -4.4437638999999998e-03        -1.2800000000000000e-08         8.6519999999999999e-07        -1.1972591800000000e-02         6.4200000000000006e-08
                                                        16                          17

0                                      3.4999999999999999e-09         9.1000000000000004e-09
1                                     -5.1495368000000000e-03         9.0709999999999996e-07
2                                      3.5627000000000002e-06         8.7288525000000002e-03
3                                     -2.3700000000000000e-08        -2.0999999999999999e-08
4                                      2.7082790000000000e-04         5.0648190000000001e-04
5                                     -4.0442500000000001e-03        -4.4438962000000002e-03
6                                     -1.3845700000000001e-04         4.3787840000000003e-04
7                                      1.8175299999999999e-05        -2.5459229999999998e-04
8                                      2.0200996999999998e-03        -4.4439064999999998e-03
9                                      1.3848610000000001e-04        -4.3791790000000000e-04
10                                     1.8224300000000001e-05        -2.5458170000000000e-04
11                                     2.0199320999999999e-03        -4.4437638999999998e-03
12                                     2.1999999999999998e-08        -1.2800000000000000e-08
13                                     1.6087892999999999e-03         8.6519999999999999e-07
14                                    -2.6420000000000000e-07        -1.1972591800000000e-02
15                                    -3.0899999999999999e-08         6.4200000000000006e-08
16                                     3.2335200000000001e-03         9.1969999999999996e-07
17                                     9.1969999999999996e-07         1.6575305900000000e-02
   &MODES [&Type "ArrayOfDoubles", &Dim (18,18)] "The modes of vibrations"
                                                         0                           1                           2                           3                           4                           5                           6                           7

0                                      0.0000000000000000e+00         0.0000000000000000e+00         0.0000000000000000e+00         0.0000000000000000e+00         0.0000000000000000e+00         0.0000000000000000e+00         5.4740793341478306e-06        -2.3946595480065772e-01
1                                      0.0000000000000000e+00         0.0000000000000000e+00         0.0000000000000000e+00         0.0000000000000000e+00         0.0000000000000000e+00         0.0000000000000000e+00         2.3505341250160650e-05        -1.8680622400041852e-06
2                                      0.0000000000000000e+00         0.0000000000000000e+00         0.0000000000000000e+00         0.0000000000000000e+00         0.0000000000000000e+00         0.0000000000000000e+00        -5.4128588620189419e-02        -3.2934089760536400e-07
3                                      0.0000000000000000e+00         0.0000000000000000e+00         0.0000000000000000e+00         0.0000000000000000e+00         0.0000000000000000e+00         0.0000000000000000e+00         6.2728363038327863e-06        -2.7282173045593394e-01
4                                      0.0000000000000000e+00         0.0000000000000000e+00         0.0000000000000000e+00         0.0000000000000000e+00         0.0000000000000000e+00         0.0000000000000000e+00         2.3978758086462635e-03        -2.3655047755755298e-06
5                                      0.0000000000000000e+00         0.0000000000000000e+00         0.0000000000000000e+00         0.0000000000000000e+00         0.0000000000000000e+00         0.0000000000000000e+00        -4.2312849186323359e-02        -1.6488293900559536e-06
6                                      0.0000000000000000e+00         0.0000000000000000e+00         0.0000000000000000e+00         0.0000000000000000e+00         0.0000000000000000e+00         0.0000000000000000e+00         2.0619913584515675e-03        -2.7390537817449689e-01
7                                      0.0000000000000000e+00         0.0000000000000000e+00         0.0000000000000000e+00         0.0000000000000000e+00         0.0000000000000000e+00         0.0000000000000000e+00        -1.1576643662757429e-03         6.2503112857259892e-04
8                                      0.0000000000000000e+00         0.0000000000000000e+00         0.0000000000000000e+00         0.0000000000000000e+00         0.0000000000000000e+00         0.0000000000000000e+00        -4.2319941024104059e-02        -9.3614282879384766e-02
9                                      0.0000000000000000e+00         0.0000000000000000e+00         0.0000000000000000e+00         0.0000000000000000e+00         0.0000000000000000e+00         0.0000000000000000e+00        -2.0493462917099505e-03        -2.7390483087161283e-01
10                                     0.0000000000000000e+00         0.0000000000000000e+00         0.0000000000000000e+00         0.0000000000000000e+00         0.0000000000000000e+00         0.0000000000000000e+00        -1.1576093432591312e-03        -6.3000853163399815e-04
11                                     0.0000000000000000e+00         0.0000000000000000e+00         0.0000000000000000e+00         0.0000000000000000e+00         0.0000000000000000e+00         0.0000000000000000e+00        -4.2324431603433403e-02         9.3617933352376934e-02
12                                     0.0000000000000000e+00         0.0000000000000000e+00         0.0000000000000000e+00         0.0000000000000000e+00         0.0000000000000000e+00         0.0000000000000000e+00        -2.7653775026914679e-07         1.6184743960513191e-02
13                                     0.0000000000000000e+00         0.0000000000000000e+00         0.0000000000000000e+00         0.0000000000000000e+00         0.0000000000000000e+00         0.0000000000000000e+00        -1.5205399939687639e-06         1.2756505793569992e-07
14                                     0.0000000000000000e+00         0.0000000000000000e+00         0.0000000000000000e+00         0.0000000000000000e+00         0.0000000000000000e+00         0.0000000000000000e+00        -5.0200622534174538e-02        -1.2795530655657931e-06
15                                     0.0000000000000000e+00         0.0000000000000000e+00         0.0000000000000000e+00         0.0000000000000000e+00         0.0000000000000000e+00         0.0000000000000000e+00        -6.2235009565845248e-07         2.0645539043049266e-02
16                                     0.0000000000000000e+00         0.0000000000000000e+00         0.0000000000000000e+00         0.0000000000000000e+00         0.0000000000000000e+00         0.0000000000000000e+00        -2.1605637600170439e-06         1.7085032305507890e-07
17                                     0.0000000000000000e+00         0.0000000000000000e+00         0.0000000000000000e+00         0.0000000000000000e+00         0.0000000000000000e+00         0.0000000000000000e+00         8.9468965670741071e-02         2.0564873690930550e-06
                                                         8                           9                          10                          11                          12                          13                          14                          15

0                                      1.9770076550779035e-06         9.1010416087823005e-07         4.7404660103411695e-06        -9.1821037900331956e-02         8.2112195252876611e-07        -7.1643635445584053e-02        -5.8377746578647049e-05        -5.4170188111165030e-05
1                                     -2.4448258582360380e-01         1.4749592516905726e-06         7.1849340467259173e-02         3.3362996577616436e-06        -4.7429765462830238e-07        -6.2810646363423386e-05         7.6670580646512623e-02        -1.0174498556510944e-04
2                                     -4.8774696906188442e-06         2.5992740184438817e-01        -1.9651461851624365e-06         7.1098857848950078e-07         8.3807830967025099e-02         5.0208869315980040e-08        -3.2256841520117898e-06         3.5117607822603286e-02
3                                      7.3612573404330142e-06         1.3342675547695742e-06        -1.0155729714529580e-05         2.3192201255656128e-01        -2.2948460416951316e-06         7.2593606742175099e-01         5.9669107315199563e-04        -2.6259151322066836e-05
4                                     -2.6211058060230558e-01        -2.2172442570864790e-02        -1.6540990521679880e-01        -8.6148192975738683e-06        -1.6085536005438789e-01        -9.7574649673981033e-05         1.1755110698600121e-01         5.5252723081978194e-01
5                                     -4.8151765708686525e-02         1.6312733657791817e-01        -7.3146738054609506e-01        -3.7670633606959993e-05        -5.2565980359220699e-01        -2.2315013875748272e-04         2.7010445890202334e-01        -1.4679689134884705e-01
6                                     -1.4136465997684484e-03        -1.9203524752850032e-02        -3.1704239454969883e-02         1.6523081411565932e-01        -1.3930394680136604e-01         9.4777324329032811e-02        -3.6548560347453118e-01         4.7765289538733602e-01
7                                     -2.6454491878306269e-01         1.1086772323736050e-02        -2.2027949708781325e-01         3.8492049893560601e-02         8.0423568796498965e-02         3.6500226406132391e-01        -5.1520172711414558e-01        -2.7589136494551919e-01
8                                      2.4078380519857789e-02         1.6312644249457411e-01         3.6572259693591413e-01         6.2362127869248618e-01        -5.2565138787754195e-01        -2.4504054798232849e-01        -1.3524101282076367e-01        -1.4651994120131376e-01
9                                      1.4127475626334758e-03         1.9205775187255678e-02         3.1689762218129233e-02         1.6522992081434351e-01         1.3929618322831297e-01         9.4172577041840302e-02         3.6563421488018177e-01        -4.7698196252769781e-01
10                                    -2.6453561545786902e-01         1.1086537064310039e-02        -2.2027374066887800e-01        -3.8512758142335519e-02         8.0421781657810568e-02        -3.6415648330928790e-01        -5.1580839588654992e-01        -2.7547383218374488e-01
11                                     2.4076912457960554e-02         1.6312360460968944e-01         3.6577498828660532e-01        -6.2360347789820525e-01        -5.2563833699743490e-01         2.4526422175157717e-01        -1.3484054272031543e-01        -1.4627532287546238e-01
12                                    -1.3200879644293608e-07        -6.2438738622764308e-08        -2.2316159368228663e-07         4.4152704594297822e-03        -1.5176518464357705e-08        -5.0436053097074646e-04        -4.1595031264502690e-07        -1.2080875492695496e-08
13                                     1.6479985006308956e-02        -6.2434443216834526e-08        -3.1729411701867639e-03        -1.4157880310043137e-07         5.2742737906721000e-08        -1.5825897452336943e-07         1.9325855518698414e-04         1.7357550511273466e-07
14                                    -5.0931592603724326e-06        -2.8970711347319485e-02        -2.2681850190307104e-07         9.2265780787209614e-08         3.5987397423021430e-03        -9.9034306295121658e-09        -5.7963993533444340e-08         1.0067152055279400e-04
15                                    -1.6905933220836716e-07        -8.2868144194571201e-08        -4.7415528464194636e-08        -3.0434473776230943e-04         2.7563089722576731e-08         2.8911141103040922e-05         3.3721028756091861e-08         2.9287791240848326e-08
16                                     2.0559335228894651e-02        -1.3349882911701248e-07         1.8832872873808086e-03         9.3262922917077848e-08         1.1380991949637254e-07         2.5419256767111916e-07        -3.0848769281201021e-04         3.5922815996892555e-07
17                                     8.7778436959994750e-06         7.6474147271906375e-04         2.7459730770577205e-07        -2.7460995915762885e-09         1.5803403460806060e-03         1.5753076649525805e-09         2.8801921523751685e-07         1.0683465774205742e-04
                                                        16                          17

0                                      8.8418766104279845e-02         9.4413282089622641e-04
1                                     -9.5019257648219823e-04         8.8956589566835248e-02
2                                      2.0856043726558292e-05         4.1790096530329633e-05
3                                      3.8454409578120338e-02         4.1034712401895502e-04
4                                      8.2264677334746971e-03        -7.3876034441162708e-01
5                                     -2.4813238872352537e-03         2.2396137928477047e-01
6                                     -5.4862988654866440e-01         3.3147597544810781e-01
7                                      3.3856049514966080e-01        -1.5292132197241640e-01
8                                      1.9519598986271672e-01        -1.1017187485676952e-01
9                                     -5.4202434186896664e-01        -3.4312174661415396e-01
10                                    -3.3555225074865003e-01        -1.6011152381354019e-01
11                                    -1.9297568412972102e-01        -1.1431247791813116e-01
12                                     1.1086075578071040e-05         1.1260714776450928e-07
13                                     2.1205232892765709e-07        -1.9888893566497874e-05
14                                     6.0079544730624977e-08         1.2012275709963452e-07
15                                    -3.4883670577425271e-05        -3.6247464920650967e-07
16                                     7.6675549468650679e-07        -7.1666595425602366e-05
17                                     6.2331214611383762e-08         1.2481665518831209e-07
$End
$THERMOCHEMISTRY_Energies
   &GeometryIndex 6
   &temperature [&Type "Double"]       2.9814999999999998e+02
   &pressure [&Type "Double"]       1.0000000000000000e+00
   &totalMass [&Type "Double"]       2.2183500000000001e+02
   &spinDegeneracy [&Type "Integer"] 1
   &elEnergy [&Type "Double"]      -1.1826797051210001e+01
   &transEnergy [&Type "Double"]       1.4162714244859817e-03
   &rotEnergy [&Type "Double"]       1.4162714244859817e-03
   &vibEnergy [&Type "Double"]       2.5413947212943083e-03
   &numOfFreqs [&Type "Integer"] 18
   &freqScalingFactor [&Type "Double"]       1.0000000000000000e+00
   &FREQ [&Type "ArrayOfDoubles", &Units "cm^-1", &Dim (18,1)] 
                                                         0

0                                      0.0000000000000000e+00
1                                      0.0000000000000000e+00
2                                      0.0000000000000000e+00
3                                      0.0000000000000000e+00
4                                      0.0000000000000000e+00
5                                      0.0000000000000000e+00
6                                      8.9754080340754840e+01
7                                      1.0323615983721383e+02
8                                      1.5860256279925187e+02
9                                      4.2617565502700211e+02
10                                     8.4050146362671819e+02
11                                     9.1472570931342705e+02
12                                     1.2509716923252099e+03
13                                     1.4329689267315509e+03
14                                     1.4343742164107446e+03
15                                     3.0972335055367826e+03
16                                     3.1245385806844442e+03
17                                     3.1254691742265045e+03
   &zpe [&Type "Double"]       3.6447382663612138e-02
   &innerEnergyU [&Type "Double"]      -1.1784975730976123e+01
   &enthalpyH [&Type "Double"]      -1.1784031521933864e+01
   &qEl [&Type "Double"]       0.0000000000000000e+00
   &qRot [&Type "Double"]       1.1808195412952466e-02
   &qVib [&Type "Double"]       4.8247666960712652e-03
   &qTrans [&Type "Double"]       1.9999675746369457e-02
   &entropyS [&Type "Double"]       3.6632637855393189e-02
   &freeEnergyG [&Type "Double"]      -1.1820664159789256e+01
   &isLinear [&Type "Boolean"] false
$End
$Calculation_Info
   &GeometryIndex 6
   &Mult [&Type "Integer"] 1
   &Charge [&Type "Integer"] -1
   &NumOfAtoms [&Type "Integer"] 6
   &NumOfElectrons [&Type "Integer"] 0
   &NumOfBasisFuncts [&Type "Integer"] 0
   &NumOfAuxCBasisFuncts [&Type "Integer"] 0
   &NumOfAuxJBasisFuncts [&Type "Integer"] 0
   &NumOfAuxJKBasisFuncts [&Type "Integer"] 0
   &NumOfCABSBasisFuncts [&Type "Integer"] 0
$End
$Calculation_Timings
   &GeometryIndex 6
   &GSTEP [&Type "Double"]       1.0132000000000030e-02
   &XTB [&Type "Double"]       9.3041300000000027e-01
   &XTBGRAD [&Type "Double"]       1.5720000000001288e-03
   &SUM [&Type "Double"]       9.4211700000000043e-01
$End
