
$orca_hessian_file

$act_atom
  0

$act_coord
  0

$act_energy
      -11.826797

$multiplicity
  1

$hessian
18
                    0                  1                  2                  3                  4        
    0      5.1612676930E-01   1.5058000000E-06   1.2407000000E-06  -4.1565104200E-02   3.3150000000E-07
    1      1.5058000000E-06   5.1621931670E-01   6.9013000000E-06   3.7730000000E-07  -2.8902694420E-01
    2      1.2407000000E-06   6.9013000000E-06   1.9171828890E-01  -1.0400000000E-08   7.4998353600E-02
    3     -4.1565104200E-02   3.7730000000E-07  -1.0400000000E-08   4.3924816900E-02  -1.0500000000E-08
    4      3.3150000000E-07  -2.8902694420E-01   7.4998353600E-02  -1.0500000000E-08   3.2109452580E-01
    5      5.3500000000E-08   9.1891683800E-02  -5.0667248100E-02   1.5600000000E-08  -8.1199106700E-02
    6     -2.2756091980E-01   1.0693923470E-01   6.4950355700E-02  -1.1940077000E-03   1.7667913000E-03
    7      1.0739046230E-01  -1.0383520910E-01  -3.7506396600E-02   2.6049777800E-02  -1.7266128700E-02
    8      7.1451175900E-02  -4.5950019000E-02  -5.0667379200E-02  -6.5857218000E-03   3.4701975000E-03
    9     -2.2757092830E-01  -1.0694116230E-01  -6.4951436900E-02  -1.1947021000E-03  -1.7670932000E-03
   10     -1.0739232280E-01  -1.0383345090E-01  -3.7505669500E-02  -2.6050174500E-02  -1.7266738400E-02
   11     -7.1452242000E-02  -4.5949258900E-02  -5.0666204000E-02   6.5858317000E-03   3.4702260000E-03
   12     -1.7117166000E-02   4.0100000000E-08  -2.1280000000E-07   3.0055110000E-04  -1.0700000000E-08
   13      1.9700000000E-08  -1.4374175700E-02   3.2484000000E-06   5.3600000000E-08   2.1944577000E-03
   14     -2.3720000000E-07  -2.1440000000E-07  -4.8446310000E-02  -9.4200000000E-08  -1.2461522000E-03
   15     -2.3126511000E-03   4.5000000000E-09   6.3700000000E-08  -2.7155390000E-04  -8.3000000000E-09
   16      3.5000000000E-09  -5.1495368000E-03   3.5627000000E-06  -2.3700000000E-08   2.7082790000E-04
   17      9.1000000000E-09   9.0710000000E-07   8.7288525000E-03  -2.1000000000E-08   5.0648190000E-04
                    5                  6                  7                  8                  9        
    0      5.3500000000E-08  -2.2756091980E-01   1.0739046230E-01   7.1451175900E-02  -2.2757092830E-01
    1      9.1891683800E-02   1.0693923470E-01  -1.0383520910E-01  -4.5950019000E-02  -1.0694116230E-01
    2     -5.0667248100E-02   6.4950355700E-02  -3.7506396600E-02  -5.0667379200E-02  -6.4951436900E-02
    3      1.5600000000E-08  -1.1940077000E-03   2.6049777800E-02  -6.5857218000E-03  -1.1947021000E-03
    4     -8.1199106700E-02   1.7667913000E-03  -1.7266128700E-02   3.4701975000E-03  -1.7670932000E-03
    5      6.3912575400E-02  -2.6498250000E-04  -7.3982897000E-03   5.1429727000E-03   2.6492530000E-04
    6     -2.6498250000E-04   2.5180108350E-01  -1.2002846440E-01  -7.0261080600E-02  -2.5284250400E-02
    7     -7.3982897000E-03  -1.2002846440E-01   1.1323024310E-01   4.0543879400E-02  -1.2136316300E-02
    8      5.1429727000E-03  -7.0261080600E-02   4.0543879400E-02   6.5931329200E-02  -6.2164774000E-03
    9      2.6492530000E-04  -2.5284250400E-02  -1.2136316300E-02  -6.2164774000E-03   2.5181180210E-01
   10     -7.3980344000E-03   1.2136887600E-02   6.8408607000E-03   3.9919871000E-03   1.2003014970E-01
   11      5.1429487000E-03   6.2168508000E-03   3.9920560000E-03   3.1245108000E-03   7.0262058400E-02
   12     -6.3500000000E-08   1.9668390000E-03  -9.6203490000E-04   1.2404845100E-02   1.9667241000E-03
   13      8.1479970000E-03  -6.7599220000E-04   1.0120587000E-03  -4.0761446000E-03   6.7593610000E-04
   14     -1.9087352500E-02  -1.0790218000E-03   6.2334320000E-04  -1.9087527000E-02   1.0788484000E-03
   15      5.1600000000E-08   2.7125530000E-04  -3.1342450000E-04  -7.9274130000E-04   2.7135450000E-04
   16     -4.0442500000E-03  -1.3845700000E-04   1.8175300000E-05   2.0200997000E-03   1.3848610000E-04
   17     -4.4438962000E-03   4.3787840000E-04  -2.5459230000E-04  -4.4439065000E-03  -4.3791790000E-04
                   10                 11                 12                 13                 14        
    0     -1.0739232280E-01  -7.1452242000E-02  -1.7117166000E-02   1.9700000000E-08  -2.3720000000E-07
    1     -1.0383345090E-01  -4.5949258900E-02   4.0100000000E-08  -1.4374175700E-02  -2.1440000000E-07
    2     -3.7505669500E-02  -5.0666204000E-02  -2.1280000000E-07   3.2484000000E-06  -4.8446310000E-02
    3     -2.6050174500E-02   6.5858317000E-03   3.0055110000E-04   5.3600000000E-08  -9.4200000000E-08
    4     -1.7266738400E-02   3.4702260000E-03  -1.0700000000E-08   2.1944577000E-03  -1.2461522000E-03
    5     -7.3980344000E-03   5.1429487000E-03  -6.3500000000E-08   8.1479970000E-03  -1.9087352500E-02
    6      1.2136887600E-02   6.2168508000E-03   1.9668390000E-03  -6.7599220000E-04  -1.0790218000E-03
    7      6.8408607000E-03   3.9920560000E-03  -9.6203490000E-04   1.0120587000E-03   6.2334320000E-04
    8      3.9919871000E-03   3.1245108000E-03   1.2404845100E-02  -4.0761446000E-03  -1.9087527000E-02
    9      1.2003014970E-01   7.0262058400E-02   1.9667241000E-03   6.7593610000E-04   1.0788484000E-03
   10      1.1322909340E-01   4.0542969000E-02   9.6202940000E-04   1.0120109000E-03   6.2332950000E-04
   11      4.0542969000E-02   6.5930106200E-02  -1.2405059000E-02  -4.0759241000E-03  -1.9087597700E-02
   12      9.6202940000E-04  -1.2405059000E-02   1.1960957600E-02  -4.5800000000E-08   5.0300000000E-07
   13      1.0120109000E-03  -4.0759241000E-03  -4.5800000000E-08   8.5468591000E-03  -4.1900000000E-08
   14      6.2332950000E-04  -1.9087597700E-02   5.0300000000E-07  -4.1900000000E-08   1.1768137900E-01
   15      3.1343060000E-04   7.9256010000E-04   9.2209410000E-04   2.8600000000E-08   1.8000000000E-09
   16      1.8224300000E-05   2.0199321000E-03   2.2000000000E-08   1.6087893000E-03  -2.6420000000E-07
   17     -2.5458170000E-04  -4.4437639000E-03  -1.2800000000E-08   8.6520000000E-07  -1.1972591800E-02
                   15                 16                 17        
     0     -2.3126511000E-03   3.5000000000E-09   9.1000000000E-09
     1      4.5000000000E-09  -5.1495368000E-03   9.0710000000E-07
     2      6.3700000000E-08   3.5627000000E-06   8.7288525000E-03
     3     -2.7155390000E-04  -2.3700000000E-08  -2.1000000000E-08
     4     -8.3000000000E-09   2.7082790000E-04   5.0648190000E-04
     5      5.1600000000E-08  -4.0442500000E-03  -4.4438962000E-03
     6      2.7125530000E-04  -1.3845700000E-04   4.3787840000E-04
     7     -3.1342450000E-04   1.8175300000E-05  -2.5459230000E-04
     8     -7.9274130000E-04   2.0200997000E-03  -4.4439065000E-03
     9      2.7135450000E-04   1.3848610000E-04  -4.3791790000E-04
    10      3.1343060000E-04   1.8224300000E-05  -2.5458170000E-04
    11      7.9256010000E-04   2.0199321000E-03  -4.4437639000E-03
    12      9.2209410000E-04   2.2000000000E-08  -1.2800000000E-08
    13      2.8600000000E-08   1.6087893000E-03   8.6520000000E-07
    14      1.8000000000E-09  -2.6420000000E-07  -1.1972591800E-02
    15      1.1195011000E-03  -3.0900000000E-08   6.4200000000E-08
    16     -3.0900000000E-08   3.2335200000E-03   9.1970000000E-07
    17      6.4200000000E-08   9.1970000000E-07   1.6575305900E-02

$vibrational_frequencies
18
    0        0.0000000000000000
    1        0.0000000000000000
    2        0.0000000000000000
    3        0.0000000000000000
    4        0.0000000000000000
    5        0.0000000000000000
    6       89.7540803407548395
    7      103.2361598372138332
    8      158.6025627992518707
    9      426.1756550270021080
   10      840.5014636267181913
   11      914.7257093134270463
   12     1250.9716923252099150
   13     1432.9689267315509369
   14     1434.3742164107445660
   15     3097.2335055367825589
   16     3124.5385806844442413
   17     3125.4691742265044923

$normal_modes
18 18
                    0                  1                  2                  3                  4        
    0      0.0000000000E+00   0.0000000000E+00   0.0000000000E+00   0.0000000000E+00   0.0000000000E+00
    1      0.0000000000E+00   0.0000000000E+00   0.0000000000E+00   0.0000000000E+00   0.0000000000E+00
    2      0.0000000000E+00   0.0000000000E+00   0.0000000000E+00   0.0000000000E+00   0.0000000000E+00
    3      0.0000000000E+00   0.0000000000E+00   0.0000000000E+00   0.0000000000E+00   0.0000000000E+00
    4      0.0000000000E+00   0.0000000000E+00   0.0000000000E+00   0.0000000000E+00   0.0000000000E+00
    5      0.0000000000E+00   0.0000000000E+00   0.0000000000E+00   0.0000000000E+00   0.0000000000E+00
    6      0.0000000000E+00   0.0000000000E+00   0.0000000000E+00   0.0000000000E+00   0.0000000000E+00
    7      0.0000000000E+00   0.0000000000E+00   0.0000000000E+00   0.0000000000E+00   0.0000000000E+00
    8      0.0000000000E+00   0.0000000000E+00   0.0000000000E+00   0.0000000000E+00   0.0000000000E+00
    9      0.0000000000E+00   0.0000000000E+00   0.0000000000E+00   0.0000000000E+00   0.0000000000E+00
   10      0.0000000000E+00   0.0000000000E+00   0.0000000000E+00   0.0000000000E+00   0.0000000000E+00
   11      0.0000000000E+00   0.0000000000E+00   0.0000000000E+00   0.0000000000E+00   0.0000000000E+00
   12      0.0000000000E+00   0.0000000000E+00   0.0000000000E+00   0.0000000000E+00   0.0000000000E+00
   13      0.0000000000E+00   0.0000000000E+00   0.0000000000E+00   0.0000000000E+00   0.0000000000E+00
   14      0.0000000000E+00   0.0000000000E+00   0.0000000000E+00   0.0000000000E+00   0.0000000000E+00
   15      0.0000000000E+00   0.0000000000E+00   0.0000000000E+00   0.0000000000E+00   0.0000000000E+00
   16      0.0000000000E+00   0.0000000000E+00   0.0000000000E+00   0.0000000000E+00   0.0000000000E+00
   17      0.0000000000E+00   0.0000000000E+00   0.0000000000E+00   0.0000000000E+00   0.0000000000E+00
                    5                  6                  7                  8                  9        
    0      0.0000000000E+00   3.9876875148E-05  -4.3717345382E-01   3.7864739142E-06   2.3521749144E-06
    1      0.0000000000E+00   1.7122871283E-04  -3.4103688021E-06  -4.6824650947E-01   3.8120495441E-06
    2      0.0000000000E+00  -3.9430904059E-01  -6.0125080331E-07  -9.3415985027E-06   6.7178542904E-01
    3      0.0000000000E+00   4.5695558073E-05  -4.9806837168E-01   1.4098685366E-05   3.4484301977E-06
    4      0.0000000000E+00   1.7467739944E-02  -4.3185090491E-06  -5.0200861566E-01  -5.7304938762E-02
    5      0.0000000000E+00  -3.0823524855E-01  -3.0101332768E-06  -9.2222912900E-02   4.2160452116E-01
    6      0.0000000000E+00   1.5020931729E-02  -5.0004669889E-01  -2.7074938026E-03  -4.9631735722E-02
    7      0.0000000000E+00  -8.4332057647E-03   1.1410683304E-03  -5.0667099418E-01   2.8653893546E-02
    8      0.0000000000E+00  -3.0828691027E-01  -1.7090395755E-01   4.6116240116E-02   4.2160221039E-01
    9      0.0000000000E+00  -1.4928816559E-02  -5.0004569973E-01   2.7057719172E-03   4.9637551996E-02
   10      0.0000000000E+00  -8.4328049400E-03  -1.1501551690E-03  -5.0665317594E-01   2.8653285515E-02
   11      0.0000000000E+00  -3.0831962267E-01   1.7091062192E-01   4.6113428403E-02   4.2159487584E-01
   12      0.0000000000E+00  -2.0144869426E-06   2.9547166411E-02  -2.5283051529E-07  -1.6137365478E-07
   13      0.0000000000E+00  -1.1076635868E-05   2.3288511726E-07   3.1563374665E-02  -1.6136255326E-07
   14      0.0000000000E+00  -3.6569509409E-01  -2.3359756233E-06  -9.7546990425E-06  -7.4875144421E-02
   15      0.0000000000E+00  -4.5336166226E-06   3.7690876003E-02  -3.2379174138E-07  -2.1417369391E-07
   16      0.0000000000E+00  -1.5738999391E-05   3.1190749381E-07   3.9376370818E-02  -3.4502929494E-07
   17      0.0000000000E+00   6.5175211316E-01   3.7543611852E-06   1.6811809551E-05   1.9764833362E-03
                   10                 11                 12                 13                 14        
    0      4.9046290068E-06  -9.6917703651E-02   8.5908078050E-07  -7.4052354821E-02  -6.0603858801E-05
    1      7.4337493108E-02   3.5214860223E-06  -4.9622348797E-07  -6.4922393205E-05   7.9594251509E-02
    2     -2.0331994705E-06   7.5045307617E-07   8.7682099617E-02   5.1896933798E-08  -3.3486888128E-06
    3     -1.0507424045E-05   2.4479519506E-01  -2.4009321911E-06   7.5034264953E-01   6.1944462855E-04
    4     -1.7113807321E-01  -9.0929978879E-06  -1.6829138210E-01  -1.0085519159E-04   1.2203367049E-01
    5     -7.5679819754E-01  -3.9761599169E-05  -5.4996000650E-01  -2.3065263440E-04   2.8040432268E-01
    6     -3.2802161671E-02   1.7440220066E-01  -1.4574369005E-01   9.7963817812E-02  -3.7942262600E-01
    7     -2.2790780667E-01   4.0628609411E-02   8.4141389765E-02   3.7727394765E-01  -5.3484785820E-01
    8      3.7838762127E-01   6.5823632210E-01  -5.4995120174E-01  -2.5327901762E-01  -1.4039814356E-01
    9      3.2787183086E-02   1.7440125777E-01   1.4573556759E-01   9.7338738411E-02   3.7957690439E-01
   10     -2.2790185091E-01  -4.0650467102E-02   8.4139520011E-02  -3.7639973104E-01  -5.3547766100E-01
   11      3.7844182694E-01  -6.5821753325E-01  -5.4993754755E-01   2.5351021149E-01  -1.3998240238E-01
   12     -2.3088971067E-07   4.6603467322E-03  -1.5878098603E-08  -5.2131755689E-04  -4.3181170040E-07
   13     -3.2828205637E-03  -1.4943734896E-07   5.5180929346E-08  -1.6357977456E-07   2.0062806252E-04
   14     -2.3467325813E-07   9.7387132666E-08   3.7651022934E-03  -1.0236392310E-08  -6.0174328156E-08
   15     -4.9057534802E-08  -3.2123785329E-04   2.8837276313E-08   2.9883158021E-05   3.5006909056E-08
   16      1.9485057878E-03   9.8439622679E-08   1.1907112478E-07   2.6273873592E-07  -3.2025122025E-04
   17      2.8410665062E-07  -2.8985260078E-09   1.6533963241E-03   1.6282708357E-09   2.9900222046E-07
                   15                 16                 17        
     0     -5.4759295889E-05   9.2855746267E-02   9.9208072362E-04
     1     -1.0285147540E-04  -9.9787459919E-04   9.3474261031E-02
     2      3.5499516334E-02   2.1902629835E-05   4.3912411780E-05
     3     -2.6544722978E-05   4.0384106858E-02   4.3118665374E-04
     4      5.5853603568E-01   8.6392836520E-03  -7.7627838037E-01
     5     -1.4839332646E-01  -2.6058402693E-03   2.3533528578E-01
     6      4.8284743219E-01  -5.7616091905E-01   3.4831002408E-01
     7     -2.7889171910E-01   3.5554994509E-01  -1.6068745033E-01
     8     -1.4811336445E-01   2.0499120385E-01  -1.1576696722E-01
     9     -4.8216920285E-01  -5.6922389869E-01  -3.6054722719E-01
    10     -2.7846964562E-01  -3.5239074269E-01  -1.6824280746E-01
    11     -1.4786608587E-01  -2.0265948000E-01  -1.2011785133E-01
    12     -1.2212256571E-08   1.1642390709E-05   1.1832591577E-07
    13      1.7546316110E-07   2.2269341813E-07  -2.0898953500E-05
    14      1.0176633632E-04   6.3094422227E-08   1.2622320626E-07
    15      2.9606299746E-08  -3.6634183067E-05  -3.8088296934E-07
    16      3.6313481251E-07   8.0523238223E-07  -7.5306192387E-05
    17      1.0799649842E-04   6.5459084123E-08   1.3115548454E-07

#
# The atoms: label  mass x y z (in bohrs)
#
$atoms
6
 C     12.01100     -0.000006097694     0.000001231184    -0.326013743159
 H      1.00800     -0.000017616468     1.946137515506    -0.927422128813
 H      1.00800      1.685370245062    -0.973087209691    -0.927418964765
 H      1.00800     -1.685383236313    -0.973074916374    -0.927412296719
 I    126.90000     -0.000005757710    -0.000006030946     3.818701393690
 Br    79.90000      0.000010447376     0.000009703965    -5.980887914552

$actual_temperature
  0.000000

$frequency_scale_factor
  1.000000


$end

