
$orca_hessian_file

$act_atom
  0

$act_coord
  0

$act_energy
      -11.827182

$multiplicity
  1

$hessian
18
                    0                  1                  2                  3                  4        
    0      5.1197718210E-01  -4.4930000000E-07   3.1270000000E-07  -4.1750588300E-02  -1.7141000000E-06
    1     -4.4930000000E-07   5.1198072650E-01   1.0693100000E-05  -1.7477000000E-06  -2.8396748140E-01
    2      3.1270000000E-07   1.0693100000E-05   2.0028359380E-01  -4.7830000000E-07  -7.2613400600E-02
    3     -4.1750588300E-02  -1.7477000000E-06  -4.7830000000E-07   4.3978153600E-02   1.8231000000E-06
    4     -1.7141000000E-06  -2.8396748140E-01  -7.2613400600E-02   1.8231000000E-06   3.1578419420E-01
    5     -4.9320000000E-07  -7.9389418000E-02  -5.2221602900E-02   5.2670000000E-07   8.1544923800E-02
    6     -2.2340355580E-01   1.0487821740E-01  -6.2876888100E-02  -1.2203667000E-03   1.8559054000E-03
    7      1.0487678500E-01  -1.0229751350E-01   3.6301104000E-02   2.6094999500E-02  -1.7358961900E-02
    8     -6.8745393500E-02   3.9689136700E-02  -5.2219674400E-02   6.4335715000E-03  -3.3558234000E-03
    9     -2.2340362650E-01  -1.0487604140E-01   6.2876869500E-02  -1.2205608000E-03  -1.8560253000E-03
   10     -1.0487463730E-01  -1.0229522660E-01   3.6300318300E-02  -2.6095126500E-02  -1.7358411000E-02
   11      6.8745427700E-02   3.9688281000E-02  -5.2220185900E-02  -6.4335946000E-03  -3.3557192000E-03
   12     -2.1704134000E-03   1.3700000000E-08   1.5300000000E-07  -2.8978990000E-04  -6.4000000000E-09
   13      1.2400000000E-08  -2.1709619000E-03   8.2240000000E-07   2.0700000000E-08   4.9051290000E-04
   14      7.0700000000E-08   2.4800000000E-07   6.5795152000E-03  -1.9900000000E-08  -1.1701791000E-03
   15     -2.1248998100E-02   7.3000000000E-09   3.1200000000E-08   5.0315210000E-04   1.7200000000E-08
   16      3.3000000000E-09  -2.1249543100E-02   4.6280000000E-07   3.0800000000E-08   2.4101472000E-03
   17      7.5500000000E-08   1.0592000000E-06  -5.0201645700E-02  -5.5000000000E-09  -1.0498015000E-03
                    5                  6                  7                  8                  9        
    0     -4.9320000000E-07  -2.2340355580E-01   1.0487678500E-01  -6.8745393500E-02  -2.2340362650E-01
    1     -7.9389418000E-02   1.0487821740E-01  -1.0229751350E-01   3.9689136700E-02  -1.0487604140E-01
    2     -5.2221602900E-02  -6.2876888100E-02   3.6301104000E-02  -5.2219674400E-02   6.2876869500E-02
    3      5.2670000000E-07  -1.2203667000E-03   2.6094999500E-02   6.4335715000E-03  -1.2205608000E-03
    4      8.1544923800E-02   1.8559054000E-03  -1.7358961900E-02  -3.3558234000E-03  -1.8560253000E-03
    5      6.9345464600E-02   3.1048190000E-04   7.2483304000E-03   3.7995070000E-03  -3.1041200000E-04
    6      3.1048190000E-04   2.4782262050E-01  -1.1769005170E-01   7.0611287800E-02  -2.5426433100E-02
    7      7.2483304000E-03  -1.1769005170E-01   1.1192483770E-01  -4.0766978100E-02  -1.2119306200E-02
    8      3.7995070000E-03   7.0611287800E-02  -4.0766978100E-02   6.9340806600E-02   6.1218881000E-03
    9     -3.1041200000E-04  -2.5426433100E-02  -1.2119306200E-02   6.1218881000E-03   2.4782286970E-01
   10      7.2483696000E-03   1.2119559400E-02   6.8478301000E-03  -3.8930700000E-03   1.1768778180E-01
   11      3.7995086000E-03  -6.1218616000E-03  -3.8929898000E-03   3.7992701000E-03  -7.0611317700E-02
   12     -9.7000000000E-09   2.9501800000E-04  -3.3756330000E-04   6.3658850000E-04   2.9500870000E-04
   13      7.3476070000E-04  -3.3805310000E-04  -9.5185100000E-05  -3.6758670000E-04   3.3803040000E-04
   14     -4.1198101000E-03  -1.0133451000E-03   5.8505750000E-04  -4.1188319000E-03   1.0132915000E-03
   15     -9.3800000000E-08   1.9327171000E-03  -8.2486330000E-04  -1.5057942400E-02   1.9327420000E-03
   16     -1.7386966500E-02  -8.2557750000E-04   9.7899270000E-04   8.6943216000E-03   8.2556070000E-04
   17     -2.0603067100E-02  -9.0967490000E-04   5.2547600000E-04  -2.0601077300E-02   9.0968060000E-04
                   10                 11                 12                 13                 14        
    0     -1.0487463730E-01   6.8745427700E-02  -2.1704134000E-03   1.2400000000E-08   7.0700000000E-08
    1     -1.0229522660E-01   3.9688281000E-02   1.3700000000E-08  -2.1709619000E-03   2.4800000000E-07
    2      3.6300318300E-02  -5.2220185900E-02   1.5300000000E-07   8.2240000000E-07   6.5795152000E-03
    3     -2.6095126500E-02  -6.4335946000E-03  -2.8978990000E-04   2.0700000000E-08  -1.9900000000E-08
    4     -1.7358411000E-02  -3.3557192000E-03  -6.4000000000E-09   4.9051290000E-04  -1.1701791000E-03
    5      7.2483696000E-03   3.7995086000E-03  -9.7000000000E-09   7.3476070000E-04  -4.1198101000E-03
    6      1.2119559400E-02  -6.1218616000E-03   2.9501800000E-04  -3.3805310000E-04  -1.0133451000E-03
    7      6.8478301000E-03  -3.8929898000E-03  -3.3756330000E-04  -9.5185100000E-05   5.8505750000E-04
    8     -3.8930700000E-03   3.7992701000E-03   6.3658850000E-04  -3.6758670000E-04  -4.1188319000E-03
    9      1.1768778180E-01  -7.0611317700E-02   2.9500870000E-04   3.3803040000E-04   1.0132915000E-03
   10      1.1192198170E-01  -4.0766112500E-02   3.3756600000E-04  -9.5194000000E-05   5.8502820000E-04
   11     -4.0766112500E-02   6.9340813700E-02  -6.3668460000E-04  -3.6761930000E-04  -4.1186214000E-03
   12      3.3756600000E-04  -6.3668460000E-04   9.1440820000E-04   3.1000000000E-09   3.8200000000E-08
   13     -9.5194000000E-05  -3.6761930000E-04   3.1000000000E-09   9.1459270000E-04  -1.1700000000E-07
   14      5.8502820000E-04  -4.1186214000E-03   3.8200000000E-08  -1.1700000000E-07   1.6767557400E-02
   15      8.2485660000E-04   1.5058030800E-02   9.5576830000E-04  -1.3500000000E-08  -3.5400000000E-08
   16      9.7901970000E-04   8.6941598000E-03  -1.3000000000E-08   9.5623540000E-04  -3.7600000000E-08
   17      5.2546640000E-04  -2.0600785100E-02  -8.5400000000E-08  -2.6000000000E-07  -1.0989809200E-02
                   15                 16                 17        
     0     -2.1248998100E-02   3.3000000000E-09   7.5500000000E-08
     1      7.3000000000E-09  -2.1249543100E-02   1.0592000000E-06
     2      3.1200000000E-08   4.6280000000E-07  -5.0201645700E-02
     3      5.0315210000E-04   3.0800000000E-08  -5.5000000000E-09
     4      1.7200000000E-08   2.4101472000E-03  -1.0498015000E-03
     5     -9.3800000000E-08  -1.7386966500E-02  -2.0603067100E-02
     6      1.9327171000E-03  -8.2557750000E-04  -9.0967490000E-04
     7     -8.2486330000E-04   9.7899270000E-04   5.2547600000E-04
     8     -1.5057942400E-02   8.6943216000E-03  -2.0601077300E-02
     9      1.9327420000E-03   8.2556070000E-04   9.0968060000E-04
    10      8.2485660000E-04   9.7901970000E-04   5.2546640000E-04
    11      1.5058030800E-02   8.6941598000E-03  -2.0600785100E-02
    12      9.5576830000E-04  -1.3000000000E-08  -8.5400000000E-08
    13     -1.3500000000E-08   9.5623540000E-04  -2.6000000000E-07
    14     -3.5400000000E-08  -3.7600000000E-08  -1.0989809200E-02
    15      1.5924618500E-02  -4.4000000000E-09   9.7000000000E-09
    16     -4.4000000000E-09   1.5925148000E-02  -1.9401000000E-06
    17      9.7000000000E-09  -1.9401000000E-06   1.2299638440E-01

$vibrational_frequencies
18
    0        0.0000000000000000
    1        0.0000000000000000
    2        0.0000000000000000
    3        0.0000000000000000
    4        0.0000000000000000
    5        0.0000000000000000
    6       88.3935517107617841
    7      103.7033863800536011
    8      103.7143025558454497
    9      456.7302355117522552
   10      949.3127290780380463
   11      949.3169498505438924
   12     1275.0525008499053001
   13     1433.5197694225005307
   14     1433.5479862027411855
   15     3078.4632388108893792
   16     3101.6916272323592239
   17     3101.7496916358973067

$normal_modes
18 18
                    0                  1                  2                  3                  4        
    0      0.0000000000E+00   0.0000000000E+00   0.0000000000E+00   0.0000000000E+00   0.0000000000E+00
    1      0.0000000000E+00   0.0000000000E+00   0.0000000000E+00   0.0000000000E+00   0.0000000000E+00
    2      0.0000000000E+00   0.0000000000E+00   0.0000000000E+00   0.0000000000E+00   0.0000000000E+00
    3      0.0000000000E+00   0.0000000000E+00   0.0000000000E+00   0.0000000000E+00   0.0000000000E+00
    4      0.0000000000E+00   0.0000000000E+00   0.0000000000E+00   0.0000000000E+00   0.0000000000E+00
    5      0.0000000000E+00   0.0000000000E+00   0.0000000000E+00   0.0000000000E+00   0.0000000000E+00
    6      0.0000000000E+00   0.0000000000E+00   0.0000000000E+00   0.0000000000E+00   0.0000000000E+00
    7      0.0000000000E+00   0.0000000000E+00   0.0000000000E+00   0.0000000000E+00   0.0000000000E+00
    8      0.0000000000E+00   0.0000000000E+00   0.0000000000E+00   0.0000000000E+00   0.0000000000E+00
    9      0.0000000000E+00   0.0000000000E+00   0.0000000000E+00   0.0000000000E+00   0.0000000000E+00
   10      0.0000000000E+00   0.0000000000E+00   0.0000000000E+00   0.0000000000E+00   0.0000000000E+00
   11      0.0000000000E+00   0.0000000000E+00   0.0000000000E+00   0.0000000000E+00   0.0000000000E+00
   12      0.0000000000E+00   0.0000000000E+00   0.0000000000E+00   0.0000000000E+00   0.0000000000E+00
   13      0.0000000000E+00   0.0000000000E+00   0.0000000000E+00   0.0000000000E+00   0.0000000000E+00
   14      0.0000000000E+00   0.0000000000E+00   0.0000000000E+00   0.0000000000E+00   0.0000000000E+00
   15      0.0000000000E+00   0.0000000000E+00   0.0000000000E+00   0.0000000000E+00   0.0000000000E+00
   16      0.0000000000E+00   0.0000000000E+00   0.0000000000E+00   0.0000000000E+00   0.0000000000E+00
   17      0.0000000000E+00   0.0000000000E+00   0.0000000000E+00   0.0000000000E+00   0.0000000000E+00
                    5                  6                  7                  8                  9        
    0      0.0000000000E+00   3.9276830556E-05   4.2284293279E-01   4.8908860890E-03  -2.6282719635E-06
    1      0.0000000000E+00   2.7869753850E-04  -4.8907826431E-03   4.2284342482E-01  -3.0344335232E-05
    2      0.0000000000E+00   4.5462048177E-01  -2.5079412618E-06  -1.2414567899E-05   6.7462657766E-01
    3      0.0000000000E+00   4.6246787576E-05   4.9446388894E-01   5.6970936236E-03  -1.3072134923E-06
    4      0.0000000000E+00   9.1553751894E-03  -5.7581757743E-03   4.9782731577E-01   5.3689117763E-02
    5      0.0000000000E+00   4.0237739506E-01   2.6666608696E-03  -2.3089655611E-01   4.1723450744E-01
    6      0.0000000000E+00   7.6863325750E-03   4.9689761306E-01   4.2433002036E-03   4.6508612973E-02
    7      0.0000000000E+00  -4.0813418478E-03  -7.3515327158E-03   4.9519663812E-01  -2.6867187459E-02
    8      0.0000000000E+00   4.0260415450E-01  -2.0128286969E-01   1.1311507560E-01   4.1728242409E-01
    9      0.0000000000E+00  -7.5931142880E-03   4.9686265032E-01   7.2729724518E-03  -4.6511080998E-02
   10      0.0000000000E+00  -4.0809302093E-03  -4.1041015832E-03   4.9519601284E-01  -2.6867093102E-02
   11      0.0000000000E+00   4.0264484215E-01   1.9860707194E-01   1.1773755293E-01   4.1729175368E-01
   12      0.0000000000E+00  -2.2580532038E-06  -2.1053600228E-02  -2.4351516456E-04  -3.5587398394E-08
   13      0.0000000000E+00  -1.5659253266E-05   2.4351395083E-04  -2.1053608821E-02   3.8402885832E-07
   14      0.0000000000E+00  -3.3193058433E-01   2.7925182772E-06   2.1648566796E-05   3.9476329005E-04
   15      0.0000000000E+00  -4.0774449985E-06  -4.8901058102E-02  -5.6562492669E-04   4.9924475965E-07
   16      0.0000000000E+00  -2.9553502539E-05   5.6561690262E-04  -4.8901065615E-02   4.5213598108E-06
   17      0.0000000000E+00   4.4360772393E-01  -3.9429000234E-06  -3.1962612653E-05  -1.1783302178E-01
                   10                 11                 12                 13                 14        
    0     -1.0123576414E-02   1.0382364276E-01  -5.5069625800E-08   7.0451358762E-04  -7.2492751501E-02
    1      1.0382562480E-01   1.0123494922E-02   2.3932811313E-06  -7.2491209619E-02  -7.0451752689E-04
    2      6.0722564802E-06   1.3600451385E-06  -8.8918700833E-02  -2.7325106396E-06   1.4691348489E-07
    3      2.3884529516E-02  -2.4496322445E-01   4.0209446097E-07  -7.2783891795E-03   7.4838210315E-01
    4     -1.4982196213E-01  -1.4607813881E-02  -1.7313637786E-01  -1.2123684464E-01  -1.1835126799E-03
    5      7.5545626787E-01   7.3667049276E-02   5.4834636708E-01   2.9722802669E-01   2.8896240314E-03
    6     -2.4279516075E-02  -1.7762001639E-01  -1.4995003780E-01   3.7560729899E-01   9.9832082300E-02
    7     -2.1715897196E-01  -6.2785105554E-02   8.6547674312E-02   5.2732156732E-01   3.8171011421E-01
    8     -4.4150796126E-01   6.1740684751E-01   5.4838110727E-01  -1.5108742825E-01   2.5594709869E-01
    9      5.8135288990E-02  -1.6958442034E-01   1.4995119618E-01  -3.7747155043E-01   9.2505518050E-02
   10     -2.2520150496E-01   1.9651740969E-02   8.6547854657E-02   5.3464663632E-01  -3.7138438958E-01
   11     -3.1391681720E-01  -6.9106681576E-01   5.4838239161E-01  -1.4608090280E-01  -2.5883625904E-01
   12     -1.3435886394E-05   1.3775962661E-04  -1.3876430381E-08  -7.4277670809E-08   7.0694478567E-06
   13      1.3770861893E-04   1.3443572174E-05  -4.9753845726E-08   6.9881443313E-06   7.0001862963E-08
   14     -1.9220871508E-07  -4.8887138928E-08  -8.5838738365E-04  -5.5138382338E-08  -7.1614098811E-09
   15      8.1473173263E-04  -8.3554751859E-03   1.0630823182E-08   9.5531275019E-06  -9.8162873324E-04
   16     -8.3555056907E-03  -8.1472063732E-04   2.3459011972E-07  -9.8187843109E-04  -9.5403362301E-06
   17     -1.0048048930E-06  -2.1613762449E-07  -6.0242662103E-03  -2.5476791046E-07  -1.6560467107E-08
                   15                 16                 17        
     0     -1.8783354816E-05  -9.2185371980E-02  -4.6411712940E-03
     1     -1.6470994679E-04  -4.6411608793E-03   9.2184079898E-02
     2      3.5330682638E-02  -1.1194294998E-05   6.8931661725E-05
     3     -9.1812894580E-06  -4.1142438145E-02  -2.0763956289E-03
     4     -5.5499579408E-01   3.9166419130E-02  -7.7541506779E-01
     5     -1.5238529344E-01   1.2175096415E-02  -2.4113217560E-01
     6     -4.8236369554E-01   5.5285360370E-01   3.8092342480E-01
     7      2.7840887394E-01  -3.4501598232E-01  -1.7997616833E-01
     8     -1.5297907633E-01   2.0254485461E-01   1.3062023770E-01
     9      4.8259691174E-01   5.8811145982E-01  -3.2347528828E-01
    10      2.7855404511E-01   3.6122094789E-01  -1.4441229300E-01
    11     -1.5306541151E-01  -2.1457436020E-01   1.0961791006E-01
    12      1.0851902094E-08   2.2783273092E-05   1.1467654430E-06
    13      4.3895910886E-08   1.1540094192E-06  -2.2792614924E-05
    14      8.9466315852E-05  -3.0329040050E-08   1.7801209802E-07
    15     -1.9992657414E-08  -5.3490624179E-05  -2.6925023630E-06
    16     -1.2642288975E-07  -2.7010795858E-06   5.3458780037E-05
    17      3.3025175079E-04  -1.0578374915E-07   6.3394417212E-07

#
# The atoms: label  mass x y z (in bohrs)
#
$atoms
6
 C     12.01100     -0.000019400253    -0.000115764896    -2.123009178086
 H      1.00800     -0.000017874654     1.948779647266    -1.512942749148
 H      1.00800      1.687796964878    -0.974567194907    -1.512980653033
 H      1.00800     -1.687839329803    -0.974570739701    -1.512989097783
 I    126.90000      0.000003689715     0.000021513206     3.917057456428
 Br    79.90000     -0.000002183816    -0.000012245557    -5.844804808294

$actual_temperature
  0.000000

$frequency_scale_factor
  1.000000


$end

