*************************************************
******************* ORCA 6.1.0 ******************
*************************************************
$Calculation_Status
   &GeometryIndex 0
   &version [&Type "String"] "6.1.0"
   &progName [&Type "String"] "orca"
   &Status [&Type "String"] "NORMAL TERMINATION"
$End
$Geometry
   &GeometryIndex 1
   &NAtoms [&Type "Integer"] 16
   &NCorelessECP [&Type "Integer"] 0
   &NGhostAtoms [&Type "Integer"] 0
   &CartesianCoordinates [&Type "Coordinates", &Dim(16,4), &Units "Bohr"] 
              C      0.440699252240    0.330104919978    0.520753720451
              C      2.539279808208    0.149634184462   -1.019010251277
              C      4.134348504971    2.283849306138   -0.946507128697
              C      6.378759226694    2.031491498762    0.268959051463
              C      4.366138533106    1.673881614905    4.045283822553
              C      2.121869540843    0.313755009467    3.860563092963
              H     -0.821165373686   -1.262010134838    0.722533007853
              H     -0.483244546419    2.148601606733    0.645258326784
              H      3.388509504709   -1.683543784628   -1.337623746635
              H      3.270382724078    4.135523914627   -1.059875578923
              H      7.567100277928    3.640797392218    0.656498417829
              H      7.283648916744    0.207000600710    0.375798497896
              H      0.454275044786    1.124147054464    4.705459647439
              H      2.301316044794   -1.708856666191    4.073406726878
              H      6.129585607854    0.817707174861    4.572247183080
              I      4.176721834072    5.515050448555    5.061994277126
$End
$Single_Point_Data
   &GeometryIndex 1
   &FinalEnergy [&Type "Double"]      -2.1101014673200002e+01  "Final single point energy"
   &Converged [&Type "Boolean"] true
$End
$Hessian
   &GeometryIndex 1
   &HESSIAN [&Type "ArrayOfDoubles", &Dim (48,48)] "The Hessian"
                                                         0                           1                           2                           3                           4                           5                           6                           7

0                                      5.8081192490000000e-01         1.1365245899999999e-02        -2.1964925239999999e-01        -2.7585585089999998e-01         3.5398466800000000e-02         1.7683528230000001e-01        -4.8016461199999999e-02        -2.3216810500000001e-02
1                                      1.1365245899999999e-02         5.6563249039999997e-01         1.6728000000000000e-05         1.5430047500000000e-02        -7.8458545500000004e-02        -8.5245727000000000e-03        -2.5590179200000000e-02         3.0835649999999998e-04
2                                     -2.1964925239999999e-01         1.6728000000000000e-05         1.5250608390000001e-01         1.2644375899999999e-01        -2.9121781300000000e-02        -1.1138628080000000e-01         4.3518021699999999e-02         2.4242172300000000e-02
3                                     -2.7585585089999998e-01         1.5430047500000000e-02         1.2644375899999999e-01         5.5455804980000001e-01         1.2208253600000000e-02        -1.7758071680000001e-01        -1.2092357300000001e-01        -1.0413572700000000e-01
4                                      3.5398466800000000e-02        -7.8458545500000004e-02        -2.9121781300000000e-02         1.2208253600000000e-02         5.9056590350000004e-01         7.0528701599999993e-02        -1.0002236980000000e-01        -2.4095582679999999e-01
5                                      1.7683528230000001e-01        -8.5245727000000000e-03        -1.1138628080000000e-01        -1.7758071680000001e-01         7.0528701599999993e-02         2.5627253680000001e-01        -5.0001804000000000e-03        -9.2163120000000008e-03
6                                     -4.8016461199999999e-02        -2.5590179200000000e-02         4.3518021699999999e-02        -1.2092357300000001e-01        -1.0002236980000000e-01        -5.0001804000000000e-03         6.3157324120000002e-01        -9.6912669999999999e-03
7                                     -2.3216810500000001e-02         3.0835649999999998e-04         2.4242172300000000e-02        -1.0413572700000000e-01        -2.4095582679999999e-01        -9.2163120000000008e-03        -9.6912669999999999e-03         5.9907492129999995e-01
8                                      6.5558980000000001e-03         1.0014979699999999e-02         5.4754040000000003e-04         5.2784025000000004e-03        -4.3331775999999999e-03        -3.4452105599999998e-02         1.6273462570000000e-01        -3.4049831099999997e-02
9                                      5.5934319000000001e-03        -2.9219775999999999e-03        -1.1536279500000000e-02        -5.1123571800000003e-02        -2.6541258000000002e-02        -5.3375816000000003e-03        -3.4948359790000000e-01         5.4651972200000003e-02
10                                    -3.4643756999999998e-03        -2.5144192000000000e-03         3.9499881000000002e-03        -2.3097003299999998e-02         2.5399180000000000e-03        -6.2083837000000003e-03         2.8427093699999999e-02        -8.0899041500000005e-02
11                                     9.2716252999999992e-03        -2.6366205999999999e-03        -2.4381473800000001e-02        -4.2617176999999999e-02        -2.3916277100000001e-02        -7.7574709999999995e-04        -1.3495911839999999e-01         3.1695394100000003e-02
12                                    -9.9085870000000008e-04        -6.2660397000000000e-03        -6.2245495700000000e-02        -4.1221827199999998e-02        -1.8588428800000001e-02         1.2709397900000001e-02         3.7738208600000003e-02         1.3555921800000001e-02
13                                     2.7501520000000000e-04        -1.4105057000000001e-03        -3.5313167399999998e-02        -2.0755465000000001e-02        -4.7608841000000004e-03         9.4160575000000000e-03         1.3631313700000000e-02         7.9798432999999992e-03
14                                    -9.9044370999999999e-03        -2.7800182000000001e-03         2.2419083199999999e-02         2.1348501100000000e-02         1.5275854300000001e-02        -1.6128035900000001e-02        -4.2535656300000002e-02        -1.4829205000000000e-02
15                                    -1.7587807300000001e-02         2.6142552999999999e-03         8.8859676600000007e-02         4.3867706899999998e-02         1.1863042500000000e-02        -2.9790588800000000e-02        -3.4705122999999997e-02        -1.7010996699999999e-02
16                                    -4.0932427000000002e-03        -2.4459889299999999e-02         2.5577393899999998e-02         1.4865069599999999e-02         5.9782248000000001e-03        -1.1602023700000000e-02        -1.3781140000000001e-02        -4.9306180999999999e-03
17                                     2.8341760999999999e-03         7.8388404999999994e-03         8.4465034699999997e-02         5.4148203800000003e-02         1.6038778699999999e-02        -5.6384931899999997e-02        -2.7656487800000001e-02        -1.6863485099999999e-02
18                                    -1.3633699120000001e-01        -1.2249336530000000e-01         2.1864416000000001e-02        -1.5394064100000000e-02        -1.8940940100000001e-02         3.5018497999999999e-03        -5.3037847000000004e-03        -9.1576929999999997e-04
19                                    -1.2307575260000000e-01        -2.0539511520000001e-01         1.8398779500000000e-02        -6.1549949999999999e-04         4.4826760000000001e-04         9.7985249999999998e-04        -1.1967200999999999e-03         9.6090080000000005e-04
20                                     1.5712312199999998e-02         1.6287982600000001e-02        -3.4089936199999997e-02         1.3887045100000000e-02         1.6077457500000000e-02        -5.6106156000000004e-03         4.8678100999999998e-03        -2.3478592000000000e-03
21                                    -9.3794555200000004e-02         1.0134003520000000e-01         1.5854334099999999e-02        -9.5956780999999994e-03         2.3509110000000000e-02         1.5302193000000001e-03        -1.5484902000000001e-03         6.5728300000000004e-04
22                                     9.9118549900000005e-02        -2.4866752149999999e-01        -1.3033665300000000e-02         6.4203096999999997e-03        -5.3858138000000000e-03        -3.8790208999999998e-03        -1.6364310000000000e-03         9.2818550000000005e-04
23                                     6.9461221000000004e-03        -9.8908612000000000e-03        -2.6003047000000001e-02         1.5512223800000001e-02        -1.6937448300000001e-02        -6.4589898000000003e-03        -3.1374704000000000e-03        -1.5116742000000000e-03
24                                    -1.3358790600000000e-02         2.5043842000000000e-02         2.4321450000000001e-03        -8.8061438899999997e-02         9.2265982400000002e-02         2.2450962700000000e-02         9.3626743000000002e-03        -1.2597667400000000e-02
25                                     3.9973793999999998e-03        -4.2068514000000003e-03        -1.2676359999999999e-03         9.3429773600000002e-02        -2.4441654369999999e-01        -3.7299417799999998e-02         7.3201367999999999e-03        -2.7847178000000000e-02
26                                     1.1504227800000001e-02        -1.3529432900000001e-02        -8.2117262999999996e-03         1.1282252200000000e-02        -3.4287709800000003e-02        -3.5606452300000001e-02         5.0399281000000004e-03         4.0998685999999998e-03
27                                     5.1594399999999995e-04        -1.6315829000000000e-03         1.2737740000000001e-03         8.6933709000000005e-03        -1.2165974400000000e-02         3.7197119999999998e-04        -8.9570614699999995e-02         9.3420401099999995e-02
28                                     9.3111180000000004e-04         3.8029960000000000e-04        -1.3182278000000000e-03         7.1122803000000000e-03        -2.7379618900000000e-02        -4.2137240000000002e-04         9.5416083499999998e-02        -2.4718882370000000e-01
29                                     5.2551680000000002e-04         1.5338830000000001e-04        -4.1701063999999999e-03        -5.2096970000000001e-03        -7.8576138999999993e-03         7.7568120000000003e-04         2.3616457000000001e-03         1.3371268200000000e-02
30                                     2.5311879999999999e-04        -3.7305990000000000e-04        -1.5064559000000000e-03        -4.8507289999999998e-03        -3.2574310000000001e-04        -4.1706755999999998e-03        -1.7151994500000000e-02        -2.0161864099999999e-02
31                                     1.3424720000000000e-04         1.9338560000000001e-04        -9.1185099999999998e-04        -8.8315850000000005e-04         6.5917510000000005e-04         5.8455300000000003e-05        -6.2143900000000000e-05         1.2982209000000000e-03
32                                    -1.7415696000000001e-03        -1.5558929000000000e-03         5.7566919999999997e-04        -4.3618043000000000e-03         2.3105089000000001e-03         6.7856464000000003e-03        -1.0482872200000000e-02        -1.3732294200000000e-02
33                                    -1.4233300000000000e-05        -2.3336510000000001e-04        -7.6154710000000004e-04        -6.3315059999999995e-04         1.0947115999999999e-03         1.9093102000000001e-03        -1.1476832200000000e-02         2.5221505000000002e-02
34                                    -1.3091479999999999e-04        -1.6696170000000000e-04         3.5547029999999998e-04        -1.7348769999999999e-03         1.0489077000000000e-03        -3.6005219999999999e-04         6.9853817000000004e-03        -6.3930938999999997e-03
35                                     1.2079280000000001e-04         5.5218089999999997e-04         9.9212640000000000e-04         2.7185009999999999e-03         1.5481410000000001e-03        -3.5163435000000001e-03        -1.2888320199999999e-02         1.4415835900000000e-02
36                                     8.2736789999999995e-04         1.6222540000000000e-04        -5.3048612999999998e-03        -1.3693844999999999e-03        -3.2872590000000002e-04         2.0504420000000000e-04         1.4054034999999999e-03         6.3713300000000001e-04
37                                     8.3334260000000003e-04         9.6498880000000001e-04         1.1047118000000000e-03         7.3356229999999999e-04        -8.6383800000000005e-05        -3.2906620000000000e-04        -7.9371879999999995e-04        -1.8919809999999999e-04
38                                     3.5438787000000001e-03        -4.7097110000000001e-03        -2.8218102599999999e-02        -7.2552985000000000e-03        -1.9362308000000000e-03         3.0615806000000001e-03         5.9377973000000004e-03         2.5330063000000001e-03
39                                    -1.0087951999999999e-03         3.7293878000000001e-03        -3.7767051000000000e-03        -2.7125439999999999e-04        -6.0979090000000001e-04         1.1208358000000000e-03         4.1475749999999998e-04         3.1953770000000002e-04
40                                     7.5860420000000003e-04        -1.3768558000000000e-03         2.2065912000000000e-03         4.6086229999999997e-04         2.4355920000000000e-04        -2.0101059999999999e-04        -1.6778750000000001e-04        -3.1130859999999998e-04
41                                    -3.7348888999999999e-03         1.0343056099999999e-02        -1.3081264600000000e-02        -4.4548922000000003e-03         1.0943780000000000e-04         2.0137963000000001e-03         3.0251498999999999e-03         1.4245159000000000e-03
42                                    -1.3595953000000000e-03        -6.7104699999999995e-05         2.9987168000000001e-03         1.7986478000000001e-03         7.0233359999999996e-04         5.5639109999999997e-04        -1.3752784000000001e-03        -3.9225950000000001e-04
43                                    -9.1298940000000004e-04         2.9829700000000000e-05         1.3737853000000001e-03         9.5200050000000000e-04         5.4942520000000005e-04        -2.5143499999999999e-04        -8.7270090000000000e-04        -6.6698949999999995e-04
44                                     4.7205629999999999e-04        -1.3111686999999999e-03        -1.0750098099999999e-02        -7.8046408000000001e-03        -3.1897316000000001e-03         1.9976162999999999e-03         6.7950450000000004e-03         2.3142042999999999e-03
45                                     3.2215139999999999e-04        -1.0836470000000000e-04         1.5357538000000000e-03         3.8274730000000001e-04         4.8133049999999998e-04         6.8847869999999999e-04        -9.3853529999999999e-04        -3.4139259999999997e-04
46                                     2.0821227999999999e-03        -8.5268530000000005e-04         3.7407085999999999e-03        -3.9042900000000003e-04        -5.8976459999999999e-04        -2.6903997999999998e-03         2.0344488000000002e-03        -1.1683501000000001e-03
47                                     7.0825960000000002e-04        -2.6887800000000001e-04        -1.2135018999999999e-03        -1.3346619999999999e-03        -3.0890939999999998e-04        -5.8735489999999998e-04         2.3800821000000000e-03        -1.5456051000000001e-03
                                                         8                           9                          10                          11                          12                          13                          14                          15

0                                      6.5558980000000001e-03         5.5934319000000001e-03        -3.4643756999999998e-03         9.2716252999999992e-03        -9.9085870000000008e-04         2.7501520000000000e-04        -9.9044370999999999e-03        -1.7587807300000001e-02
1                                      1.0014979699999999e-02        -2.9219775999999999e-03        -2.5144192000000000e-03        -2.6366205999999999e-03        -6.2660397000000000e-03        -1.4105057000000001e-03        -2.7800182000000001e-03         2.6142552999999999e-03
2                                      5.4754040000000003e-04        -1.1536279500000000e-02         3.9499881000000002e-03        -2.4381473800000001e-02        -6.2245495700000000e-02        -3.5313167399999998e-02         2.2419083199999999e-02         8.8859676600000007e-02
3                                      5.2784025000000004e-03        -5.1123571800000003e-02        -2.3097003299999998e-02        -4.2617176999999999e-02        -4.1221827199999998e-02        -2.0755465000000001e-02         2.1348501100000000e-02         4.3867706899999998e-02
4                                     -4.3331775999999999e-03        -2.6541258000000002e-02         2.5399180000000000e-03        -2.3916277100000001e-02        -1.8588428800000001e-02        -4.7608841000000004e-03         1.5275854300000001e-02         1.1863042500000000e-02
5                                     -3.4452105599999998e-02        -5.3375816000000003e-03        -6.2083837000000003e-03        -7.7574709999999995e-04         1.2709397900000001e-02         9.4160575000000000e-03        -1.6128035900000001e-02        -2.9790588800000000e-02
6                                      1.6273462570000000e-01        -3.4948359790000000e-01         2.8427093699999999e-02        -1.3495911839999999e-01         3.7738208600000003e-02         1.3631313700000000e-02        -4.2535656300000002e-02        -3.4705122999999997e-02
7                                     -3.4049831099999997e-02         5.4651972200000003e-02        -8.0899041500000005e-02         3.1695394100000003e-02         1.3555921800000001e-02         7.9798432999999992e-03        -1.4829205000000000e-02        -1.7010996699999999e-02
8                                      2.1409241009999999e-01        -1.7153764769999999e-01         7.6872523999999996e-03        -9.2562817399999997e-02         2.3206141100000001e-02         1.0003223300000001e-02        -3.6895457499999999e-02        -8.6988033999999999e-03
9                                     -1.7153764769999999e-01         6.3620809479999996e-01        -1.0937413999999999e-02         2.2741129950000000e-01        -1.3404427100000000e-02        -3.1039790000000002e-03         1.8744770000000000e-04         5.8528062000000004e-03
10                                     7.6872523999999996e-03        -1.0937413999999999e-02         5.7055322340000003e-01         2.4201637000000002e-02         6.6114796999999998e-03        -1.0208716600000001e-02        -9.2894464000000000e-03        -6.6984918000000003e-03
11                                    -9.2562817399999997e-02         2.2741129950000000e-01         2.4201637000000002e-02         1.5901859779999999e-01        -5.0229773100000000e-02        -1.6811228200000000e-02         4.1824015300000003e-02         3.4515239599999997e-02
12                                     2.3206141100000001e-02        -1.3404427100000000e-02         6.6114796999999998e-03        -5.0229773100000000e-02         5.5826412089999999e-01         1.1394613300000000e-02         1.4201388710000001e-01        -2.4200664440000000e-01
13                                     1.0003223300000001e-02        -3.1039790000000002e-03        -1.0208716600000001e-02        -1.6811228200000000e-02         1.1394613300000000e-02         3.6431303869999998e-01         3.2196849999999999e-02        -9.4929837399999994e-02
14                                    -3.6895457499999999e-02         1.8744770000000000e-04        -9.2894464000000000e-03         4.1824015300000003e-02         1.4201388710000001e-01         3.2196849999999999e-02         8.8828018400000000e-02        -4.9381033400000003e-02
15                                    -8.6988033999999999e-03         5.8528062000000004e-03        -6.6984918000000003e-03         3.4515239599999997e-02        -2.4200664440000000e-01        -9.4929837399999994e-02        -4.9381033400000003e-02         5.3348850020000005e-01
16                                    -3.2036797999999999e-03         2.3084264999999999e-03        -2.7140120000000000e-03         1.4297308900000000e-02        -1.1666366180000000e-01        -1.3722898059999999e-01        -2.7689445600000001e-02         1.1203771800000000e-02
17                                    -1.6353416700000001e-02         9.2443950000000007e-03        -1.7882009999999999e-03         2.6607909400000001e-02         3.6599935000000000e-02         1.6604378999999999e-02        -6.3131764899999998e-02        -1.5685987209999999e-01
18                                     4.4845062999999998e-03         5.4571389999999995e-04        -5.9383669999999995e-04         1.7567236000000000e-03         1.0027708999999999e-03         9.2868650000000003e-04        -1.8481820999999999e-03        -6.0759686000000004e-03
19                                    -8.2638899999999999e-05         7.1622699999999994e-05         4.1229600000000002e-05         3.5215890000000002e-04         1.8294850000000001e-04        -6.1593900000000000e-05         8.0496999999999999e-05         9.6350300000000005e-05
20                                     3.7691986999999999e-03         1.6053201000000000e-03         1.2359541999999999e-03         9.2032230000000000e-04         2.9657940000000002e-04         9.8477690000000001e-04        -2.6931947000000001e-03        -9.5691670000000000e-03
21                                    -1.6013505000000000e-03         3.0654169999999999e-04        -3.2558309999999998e-04         1.2043733000000000e-03         1.2181348999999999e-03         1.7094852000000000e-03        -1.0134696999999999e-03        -5.5940579000000002e-03
22                                     7.8967299999999996e-04        -1.2397520000000001e-04        -1.1813290000000000e-04        -5.2336020000000002e-04        -4.5390150000000000e-04        -1.1549140000000000e-04         1.0417000000000000e-04         1.6599033000000000e-03
23                                    -2.6712914999999999e-03         1.1961130000000000e-04        -6.5016339999999996e-04         1.1099558000000000e-03         2.0728751000000001e-03         1.8598097000000000e-03        -1.3489565000000001e-03        -9.6101924999999998e-03
24                                    -1.8472018000000000e-03         4.2631290000000002e-04        -1.2962112000000001e-03        -1.8148117000000000e-03        -1.1736797000000000e-03        -5.3422210000000003e-04         1.1342251000000000e-03         1.2471975000000000e-03
25                                    -2.5450287999999998e-03         1.2278445000000000e-03         3.4604390000000002e-04         1.4823349000000000e-03         4.1805320000000000e-04        -2.3433090000000000e-04        -1.0708310000000000e-04        -5.2546999999999997e-05
26                                     1.4185777999999999e-03        -8.3297020000000000e-04         4.8279820000000001e-04        -4.0687846999999996e-03        -1.8046866000000000e-03        -1.1814587000000001e-03         2.2832830000000001e-03         2.0526456999999999e-03
27                                    -9.4330118999999997e-03        -1.5408167000000000e-02         2.6884551999999999e-02        -9.8933760000000006e-04         1.2126954000000001e-03         8.9770150000000005e-04        -1.1481648000000000e-03        -1.0387018000000000e-03
28                                     1.3362249000000000e-02         5.4973987000000004e-03        -5.4460947000000001e-03         1.6543179000000001e-03         4.8380720000000001e-04        -8.0491310000000002e-04        -3.4626099999999997e-05         8.2028399999999995e-05
29                                    -3.2256236000000001e-02        -1.0076281700000000e-02         1.0528033500000001e-02        -6.7422890000000003e-03        -3.5278785000000001e-03        -9.6292440000000001e-04         2.8167082999999999e-03         2.7049953000000001e-03
30                                    -6.2078028000000004e-03        -1.2680722059999999e-01        -1.1917269150000000e-01        -3.4158387800000002e-02        -2.8480390000000001e-03        -3.3279262000000002e-03         8.7012240000000000e-04         4.1590090000000001e-04
31                                    -1.5799970000000000e-04        -1.2064347580000000e-01        -2.1258598519999999e-01        -4.0008630300000000e-02        -2.2636090000000000e-04        -1.2782827000000000e-03         3.4823869999999998e-04         4.5090840000000000e-04
32                                    -5.6944889999999996e-03        -3.0483833299999999e-02        -3.7171150299999997e-02        -4.1153010699999999e-02         4.4023463000000002e-03         3.7856915000000001e-03        -1.8616600000000001e-05         2.2629940000000001e-04
33                                    -1.2608300999999999e-03        -9.1825970899999998e-02         1.0143747710000001e-01        -1.3242052200000000e-02        -2.9933524000000000e-03         1.7426729999999999e-03         2.6147293999999998e-03         6.9073930000000000e-04
34                                     2.6261559000000001e-03         1.0017104400000000e-01        -2.5503297009999998e-01         1.0565543599999999e-02         5.2691719999999997e-04        -5.3557949999999996e-04        -1.6513509999999999e-04        -1.8008449999999999e-04
35                                    -3.3511652999999998e-03        -6.8095096999999999e-03         7.0272147999999998e-03        -2.7884737699999999e-02         5.0075793000000004e-03        -2.5133270000000001e-03        -4.7552849000000001e-03        -1.2987996000000000e-03
36                                    -2.3193120000000001e-04        -1.0098278000000001e-03         2.4505540000000002e-04        -2.0113600999999998e-03        -3.1352599000000002e-02         4.9976576999999998e-03         7.7786549999999998e-03        -2.0799753369999999e-01
37                                    -2.8138100000000001e-05        -6.4493169999999998e-04        -5.7080339999999996e-04         5.4225289999999999e-04        -1.1923164300000001e-02         5.4601985000000000e-03         3.5285571999999999e-03         8.7878686200000000e-02
38                                     1.3342771000000001e-03        -1.1716611000000001e-03         1.1529963000000000e-03        -5.6279040000000004e-03        -1.3061649000000000e-02        -7.1720482000000004e-03         3.6938685000000001e-03         1.1398317199999999e-01
39                                    -7.4894600000000006e-05        -4.7378180000000000e-04        -4.1907060000000000e-04        -3.0771969999999999e-04        -2.5381063000000001e-03        -2.5486691999999998e-02         7.7462920000000005e-04        -4.3846292699999997e-02
40                                    -1.8614050000000001e-04        -7.3076800000000005e-05        -3.1679869999999999e-04         2.0689880000000001e-04        -3.8637047000000002e-03        -2.1869950499999999e-02        -1.7617790000000000e-04         2.6134317099999999e-02
41                                     4.0617069999999999e-04        -5.3303230000000001e-04         6.1648970000000003e-04        -2.5846612999999999e-03        -6.1476717000000002e-03        -4.8279409000000001e-03         3.6562867000000001e-03         9.1778421999999995e-03
42                                    -7.4885710000000005e-04         6.3360360000000004e-04        -3.6425800000000001e-04         3.3113845999999999e-03        -2.4306398849999999e-01         1.0209294340000000e-01        -7.0649945500000005e-02        -2.6391449500000001e-02
43                                    -5.0739719999999999e-04         5.6331280000000001e-04         1.1989730000000000e-04         2.5482548000000001e-03         1.1144532190000001e-01        -8.2366559000000006e-02         2.8304273800000002e-02        -1.4337536200000001e-02
44                                     3.0630242000000002e-03        -1.5564210999999999e-03         4.8345054000000004e-03        -1.7741743099999999e-02        -8.7292418100000005e-02         2.3869199200000000e-02        -2.6010814000000000e-02         1.2081620499999999e-02
45                                    -6.1724239999999997e-04        -2.9940299999999999e-05         2.7632779000000001e-03         2.8590916000000000e-03        -1.7842408300000001e-02         1.0468032200000000e-02        -2.4130810000000001e-04        -3.1927209999999998e-04
46                                     6.1049830000000000e-04         4.9846660000000002e-04        -3.1933379000000000e-03        -3.6499854999999999e-03         1.3366199000000000e-02        -1.1687729249999999e-01        -2.4767303599999999e-02        -8.7737697999999992e-03
47                                    -3.9421999999999998e-04         1.3071446999999999e-03        -6.6095247000000001e-03        -5.9576317000000004e-03        -1.9991686000000002e-03        -2.9937892500000000e-02        -1.4539138300000001e-02         1.6069655999999999e-03
                                                        16                          17                          18                          19                          20                          21                          22                          23

0                                     -4.0932427000000002e-03         2.8341760999999999e-03        -1.3633699120000001e-01        -1.2307575260000000e-01         1.5712312199999998e-02        -9.3794555200000004e-02         9.9118549900000005e-02         6.9461221000000004e-03
1                                     -2.4459889299999999e-02         7.8388404999999994e-03        -1.2249336530000000e-01        -2.0539511520000001e-01         1.6287982600000001e-02         1.0134003520000000e-01        -2.4866752149999999e-01        -9.8908612000000000e-03
2                                      2.5577393899999998e-02         8.4465034699999997e-02         2.1864416000000001e-02         1.8398779500000000e-02        -3.4089936199999997e-02         1.5854334099999999e-02        -1.3033665300000000e-02        -2.6003047000000001e-02
3                                      1.4865069599999999e-02         5.4148203800000003e-02        -1.5394064100000000e-02        -6.1549949999999999e-04         1.3887045100000000e-02        -9.5956780999999994e-03         6.4203096999999997e-03         1.5512223800000001e-02
4                                      5.9782248000000001e-03         1.6038778699999999e-02        -1.8940940100000001e-02         4.4826760000000001e-04         1.6077457500000000e-02         2.3509110000000000e-02        -5.3858138000000000e-03        -1.6937448300000001e-02
5                                     -1.1602023700000000e-02        -5.6384931899999997e-02         3.5018497999999999e-03         9.7985249999999998e-04        -5.6106156000000004e-03         1.5302193000000001e-03        -3.8790208999999998e-03        -6.4589898000000003e-03
6                                     -1.3781140000000001e-02        -2.7656487800000001e-02        -5.3037847000000004e-03        -1.1967200999999999e-03         4.8678100999999998e-03        -1.5484902000000001e-03        -1.6364310000000000e-03        -3.1374704000000000e-03
7                                     -4.9306180999999999e-03        -1.6863485099999999e-02        -9.1576929999999997e-04         9.6090080000000005e-04        -2.3478592000000000e-03         6.5728300000000004e-04         9.2818550000000005e-04        -1.5116742000000000e-03
8                                     -3.2036797999999999e-03        -1.6353416700000001e-02         4.4845062999999998e-03        -8.2638899999999999e-05         3.7691986999999999e-03        -1.6013505000000000e-03         7.8967299999999996e-04        -2.6712914999999999e-03
9                                      2.3084264999999999e-03         9.2443950000000007e-03         5.4571389999999995e-04         7.1622699999999994e-05         1.6053201000000000e-03         3.0654169999999999e-04        -1.2397520000000001e-04         1.1961130000000000e-04
10                                    -2.7140120000000000e-03        -1.7882009999999999e-03        -5.9383669999999995e-04         4.1229600000000002e-05         1.2359541999999999e-03        -3.2558309999999998e-04        -1.1813290000000000e-04        -6.5016339999999996e-04
11                                     1.4297308900000000e-02         2.6607909400000001e-02         1.7567236000000000e-03         3.5215890000000002e-04         9.2032230000000000e-04         1.2043733000000000e-03        -5.2336020000000002e-04         1.1099558000000000e-03
12                                    -1.1666366180000000e-01         3.6599935000000000e-02         1.0027708999999999e-03         1.8294850000000001e-04         2.9657940000000002e-04         1.2181348999999999e-03        -4.5390150000000000e-04         2.0728751000000001e-03
13                                    -1.3722898059999999e-01         1.6604378999999999e-02         9.2868650000000003e-04        -6.1593900000000000e-05         9.8477690000000001e-04         1.7094852000000000e-03        -1.1549140000000000e-04         1.8598097000000000e-03
14                                    -2.7689445600000001e-02        -6.3131764899999998e-02        -1.8481820999999999e-03         8.0496999999999999e-05        -2.6931947000000001e-03        -1.0134696999999999e-03         1.0417000000000000e-04        -1.3489565000000001e-03
15                                     1.1203771800000000e-02        -1.5685987209999999e-01        -6.0759686000000004e-03         9.6350300000000005e-05        -9.5691670000000000e-03        -5.5940579000000002e-03         1.6599033000000000e-03        -9.6101924999999998e-03
16                                     5.7160630960000003e-01         9.3058518000000007e-03        -5.2055866999999997e-03        -2.6680619999999998e-04        -7.6606054000000002e-03         4.3447931999999996e-03        -9.0080900000000003e-04         6.8927735000000002e-03
17                                     9.3058518000000007e-03         1.1516059360000000e-01        -4.0477205999999996e-03         7.3919500000000003e-05        -4.6116309999999997e-03        -5.8248062999999997e-03         1.1873734000000000e-03        -9.7642095000000009e-03
18                                    -5.2055866999999997e-03        -4.0477205999999996e-03         1.5441171690000000e-01         1.3846096310000000e-01        -2.3488324200000001e-02         7.0821655999999998e-03         9.2601490000000005e-03        -6.4283139999999999e-04
19                                    -2.6680619999999998e-04         7.3919500000000003e-05         1.3846096310000000e-01         2.2588652109999999e-01        -2.2148554599999998e-02        -1.5374045899999999e-02        -2.3817834000000000e-02         2.2540834000000002e-03
20                                    -7.6606054000000002e-03        -4.6116309999999997e-03        -2.3488324200000001e-02        -2.2148554599999998e-02         4.1891409400000003e-02        -7.0633480000000003e-04        -1.7154799999999999e-03         1.4501914999999999e-03
21                                     4.3447931999999996e-03        -5.8248062999999997e-03         7.0821655999999998e-03        -1.5374045899999999e-02        -7.0633480000000003e-04         1.0397149270000000e-01        -1.1423708400000000e-01        -1.5030016600000000e-02
22                                    -9.0080900000000003e-04         1.1873734000000000e-03         9.2601490000000005e-03        -2.3817834000000000e-02        -1.7154799999999999e-03        -1.1423708400000000e-01         2.7534424050000000e-01         1.6557870600000000e-02
23                                     6.8927735000000002e-03        -9.7642095000000009e-03        -6.4283139999999999e-04         2.2540834000000002e-03         1.4501914999999999e-03        -1.5030016600000000e-02         1.6557870600000000e-02         4.2487980400000000e-02
24                                     5.8745620000000005e-04         1.6137479000000001e-03         2.5888860000000002e-04         7.9816580000000004e-04        -1.5744876000000001e-03        -2.1014671000000001e-03         8.8795720000000005e-04         6.5626870000000002e-03
25                                    -6.2185299999999996e-05        -3.3026190000000002e-04        -4.3080309999999998e-04         9.6170619999999996e-04         6.7264980000000005e-04        -1.2454799999999999e-04         7.7330270000000004e-04        -9.7373200000000005e-04
26                                     7.5968830000000000e-04         3.0499658999999998e-03        -1.1951825000000001e-03        -3.1764699999999998e-05        -1.7776050000000000e-03         5.1289281000000001e-03        -2.0577190000000000e-04         3.7465040999999999e-03
27                                    -3.2424640000000001e-04        -1.1900152000000001e-03         2.2413000000000000e-06         1.6464339999999999e-04        -3.7004100000000000e-05        -5.9644730000000005e-04        -2.4334580000000001e-04         5.7399499999999998e-05
28                                    -3.0243940000000002e-04         6.0648700000000001e-05         1.0646580000000001e-04         5.9391089999999999e-04        -4.3948570000000001e-04        -7.4898320000000001e-04         4.0105570000000001e-04         5.8767819999999997e-04
29                                     1.0335168000000000e-03         2.6432821999999999e-03        -6.0643999999999997e-05         1.0222999999999999e-06        -1.2695510000000000e-04         5.5987470000000005e-04         4.2874439999999997e-04         3.2547240000000002e-04
30                                     6.2186899999999999e-05         1.4701555000000001e-03         4.3175549999999998e-04         5.8501100000000001e-05         5.8422650000000003e-04         2.1858500000000001e-05        -8.4256899999999996e-05        -2.6198429999999998e-04
31                                    -8.3384099999999993e-05         1.8390750000000001e-04         1.4739399999999999e-04         6.6103099999999994e-05         1.0004280000000000e-04        -4.0035900000000001e-05         4.4151699999999999e-05         1.4383979999999999e-04
32                                    -1.1946109999999999e-04        -1.9916288999999999e-03        -7.5257880000000001e-04        -1.3979670000000000e-04         3.6427589999999999e-04         1.1345240000000000e-04        -1.2424399999999999e-05         1.8325600000000000e-05
33                                     4.0319260000000001e-04         8.8280930000000002e-04        -1.6246100000000000e-05        -3.4451200000000000e-05        -8.2271699999999994e-05         2.8922239999999998e-04        -1.9853009999999999e-04        -9.9536299999999998e-05
34                                     3.3611840000000002e-04         3.2516399999999999e-05        -1.0489989999999999e-04         5.8876599999999998e-05         2.4468100000000000e-05        -1.9139320000000000e-04        -8.3304600000000002e-05         7.6863499999999993e-05
35                                    -5.9460950000000002e-04        -1.3056344000000001e-03         2.4243499999999999e-04        -1.0915040000000000e-04        -6.3816899999999995e-05         7.0963999999999993e-05        -4.7147200000000002e-05        -1.6259029999999999e-04
36                                     8.9011916900000002e-02         9.6374080700000003e-02         1.4419929999999999e-04        -1.3415340000000000e-04        -3.2728089999999998e-04         5.6442039999999997e-04        -2.9999610000000000e-04        -1.7162697000000001e-03
