
$orca_hessian_file

$act_atom
  0

$act_coord
  0

$act_energy
      -21.101015

$multiplicity
  1

$hessian
48
                    0                  1                  2                  3                  4        
    0      5.8081192490E-01   1.1365245900E-02  -2.1964925240E-01  -2.7585585090E-01   3.5398466800E-02
    1      1.1365245900E-02   5.6563249040E-01   1.6728000000E-05   1.5430047500E-02  -7.8458545500E-02
    2     -2.1964925240E-01   1.6728000000E-05   1.5250608390E-01   1.2644375900E-01  -2.9121781300E-02
    3     -2.7585585090E-01   1.5430047500E-02   1.2644375900E-01   5.5455804980E-01   1.2208253600E-02
    4      3.5398466800E-02  -7.8458545500E-02  -2.9121781300E-02   1.2208253600E-02   5.9056590350E-01
    5      1.7683528230E-01  -8.5245727000E-03  -1.1138628080E-01  -1.7758071680E-01   7.0528701600E-02
    6     -4.8016461200E-02  -2.5590179200E-02   4.3518021700E-02  -1.2092357300E-01  -1.0002236980E-01
    7     -2.3216810500E-02   3.0835650000E-04   2.4242172300E-02  -1.0413572700E-01  -2.4095582680E-01
    8      6.5558980000E-03   1.0014979700E-02   5.4754040000E-04   5.2784025000E-03  -4.3331776000E-03
    9      5.5934319000E-03  -2.9219776000E-03  -1.1536279500E-02  -5.1123571800E-02  -2.6541258000E-02
   10     -3.4643757000E-03  -2.5144192000E-03   3.9499881000E-03  -2.3097003300E-02   2.5399180000E-03
   11      9.2716253000E-03  -2.6366206000E-03  -2.4381473800E-02  -4.2617177000E-02  -2.3916277100E-02
   12     -9.9085870000E-04  -6.2660397000E-03  -6.2245495700E-02  -4.1221827200E-02  -1.8588428800E-02
   13      2.7501520000E-04  -1.4105057000E-03  -3.5313167400E-02  -2.0755465000E-02  -4.7608841000E-03
   14     -9.9044371000E-03  -2.7800182000E-03   2.2419083200E-02   2.1348501100E-02   1.5275854300E-02
   15     -1.7587807300E-02   2.6142553000E-03   8.8859676600E-02   4.3867706900E-02   1.1863042500E-02
   16     -4.0932427000E-03  -2.4459889300E-02   2.5577393900E-02   1.4865069600E-02   5.9782248000E-03
   17      2.8341761000E-03   7.8388405000E-03   8.4465034700E-02   5.4148203800E-02   1.6038778700E-02
   18     -1.3633699120E-01  -1.2249336530E-01   2.1864416000E-02  -1.5394064100E-02  -1.8940940100E-02
   19     -1.2307575260E-01  -2.0539511520E-01   1.8398779500E-02  -6.1549950000E-04   4.4826760000E-04
   20      1.5712312200E-02   1.6287982600E-02  -3.4089936200E-02   1.3887045100E-02   1.6077457500E-02
   21     -9.3794555200E-02   1.0134003520E-01   1.5854334100E-02  -9.5956781000E-03   2.3509110000E-02
   22      9.9118549900E-02  -2.4866752150E-01  -1.3033665300E-02   6.4203097000E-03  -5.3858138000E-03
   23      6.9461221000E-03  -9.8908612000E-03  -2.6003047000E-02   1.5512223800E-02  -1.6937448300E-02
   24     -1.3358790600E-02   2.5043842000E-02   2.4321450000E-03  -8.8061438900E-02   9.2265982400E-02
   25      3.9973794000E-03  -4.2068514000E-03  -1.2676360000E-03   9.3429773600E-02  -2.4441654370E-01
   26      1.1504227800E-02  -1.3529432900E-02  -8.2117263000E-03   1.1282252200E-02  -3.4287709800E-02
   27      5.1594400000E-04  -1.6315829000E-03   1.2737740000E-03   8.6933709000E-03  -1.2165974400E-02
   28      9.3111180000E-04   3.8029960000E-04  -1.3182278000E-03   7.1122803000E-03  -2.7379618900E-02
   29      5.2551680000E-04   1.5338830000E-04  -4.1701064000E-03  -5.2096970000E-03  -7.8576139000E-03
   30      2.5311880000E-04  -3.7305990000E-04  -1.5064559000E-03  -4.8507290000E-03  -3.2574310000E-04
   31      1.3424720000E-04   1.9338560000E-04  -9.1185100000E-04  -8.8315850000E-04   6.5917510000E-04
   32     -1.7415696000E-03  -1.5558929000E-03   5.7566920000E-04  -4.3618043000E-03   2.3105089000E-03
   33     -1.4233300000E-05  -2.3336510000E-04  -7.6154710000E-04  -6.3315060000E-04   1.0947116000E-03
   34     -1.3091480000E-04  -1.6696170000E-04   3.5547030000E-04  -1.7348770000E-03   1.0489077000E-03
   35      1.2079280000E-04   5.5218090000E-04   9.9212640000E-04   2.7185010000E-03   1.5481410000E-03
   36      8.2736790000E-04   1.6222540000E-04  -5.3048613000E-03  -1.3693845000E-03  -3.2872590000E-04
   37      8.3334260000E-04   9.6498880000E-04   1.1047118000E-03   7.3356230000E-04  -8.6383800000E-05
   38      3.5438787000E-03  -4.7097110000E-03  -2.8218102600E-02  -7.2552985000E-03  -1.9362308000E-03
   39     -1.0087952000E-03   3.7293878000E-03  -3.7767051000E-03  -2.7125440000E-04  -6.0979090000E-04
   40      7.5860420000E-04  -1.3768558000E-03   2.2065912000E-03   4.6086230000E-04   2.4355920000E-04
   41     -3.7348889000E-03   1.0343056100E-02  -1.3081264600E-02  -4.4548922000E-03   1.0943780000E-04
   42     -1.3595953000E-03  -6.7104700000E-05   2.9987168000E-03   1.7986478000E-03   7.0233360000E-04
   43     -9.1298940000E-04   2.9829700000E-05   1.3737853000E-03   9.5200050000E-04   5.4942520000E-04
   44      4.7205630000E-04  -1.3111687000E-03  -1.0750098100E-02  -7.8046408000E-03  -3.1897316000E-03
   45      3.2215140000E-04  -1.0836470000E-04   1.5357538000E-03   3.8274730000E-04   4.8133050000E-04
   46      2.0821228000E-03  -8.5268530000E-04   3.7407086000E-03  -3.9042900000E-04  -5.8976460000E-04
   47      7.0825960000E-04  -2.6887800000E-04  -1.2135019000E-03  -1.3346620000E-03  -3.0890940000E-04
                    5                  6                  7                  8                  9        
    0      1.7683528230E-01  -4.8016461200E-02  -2.3216810500E-02   6.5558980000E-03   5.5934319000E-03
    1     -8.5245727000E-03  -2.5590179200E-02   3.0835650000E-04   1.0014979700E-02  -2.9219776000E-03
    2     -1.1138628080E-01   4.3518021700E-02   2.4242172300E-02   5.4754040000E-04  -1.1536279500E-02
    3     -1.7758071680E-01  -1.2092357300E-01  -1.0413572700E-01   5.2784025000E-03  -5.1123571800E-02
    4      7.0528701600E-02  -1.0002236980E-01  -2.4095582680E-01  -4.3331776000E-03  -2.6541258000E-02
    5      2.5627253680E-01  -5.0001804000E-03  -9.2163120000E-03  -3.4452105600E-02  -5.3375816000E-03
    6     -5.0001804000E-03   6.3157324120E-01  -9.6912670000E-03   1.6273462570E-01  -3.4948359790E-01
    7     -9.2163120000E-03  -9.6912670000E-03   5.9907492130E-01  -3.4049831100E-02   5.4651972200E-02
    8     -3.4452105600E-02   1.6273462570E-01  -3.4049831100E-02   2.1409241010E-01  -1.7153764770E-01
    9     -5.3375816000E-03  -3.4948359790E-01   5.4651972200E-02  -1.7153764770E-01   6.3620809480E-01
   10     -6.2083837000E-03   2.8427093700E-02  -8.0899041500E-02   7.6872524000E-03  -1.0937414000E-02
   11     -7.7574710000E-04  -1.3495911840E-01   3.1695394100E-02  -9.2562817400E-02   2.2741129950E-01
   12      1.2709397900E-02   3.7738208600E-02   1.3555921800E-02   2.3206141100E-02  -1.3404427100E-02
   13      9.4160575000E-03   1.3631313700E-02   7.9798433000E-03   1.0003223300E-02  -3.1039790000E-03
   14     -1.6128035900E-02  -4.2535656300E-02  -1.4829205000E-02  -3.6895457500E-02   1.8744770000E-04
   15     -2.9790588800E-02  -3.4705123000E-02  -1.7010996700E-02  -8.6988034000E-03   5.8528062000E-03
   16     -1.1602023700E-02  -1.3781140000E-02  -4.9306181000E-03  -3.2036798000E-03   2.3084265000E-03
   17     -5.6384931900E-02  -2.7656487800E-02  -1.6863485100E-02  -1.6353416700E-02   9.2443950000E-03
   18      3.5018498000E-03  -5.3037847000E-03  -9.1576930000E-04   4.4845063000E-03   5.4571390000E-04
   19      9.7985250000E-04  -1.1967201000E-03   9.6090080000E-04  -8.2638900000E-05   7.1622700000E-05
   20     -5.6106156000E-03   4.8678101000E-03  -2.3478592000E-03   3.7691987000E-03   1.6053201000E-03
   21      1.5302193000E-03  -1.5484902000E-03   6.5728300000E-04  -1.6013505000E-03   3.0654170000E-04
   22     -3.8790209000E-03  -1.6364310000E-03   9.2818550000E-04   7.8967300000E-04  -1.2397520000E-04
   23     -6.4589898000E-03  -3.1374704000E-03  -1.5116742000E-03  -2.6712915000E-03   1.1961130000E-04
   24      2.2450962700E-02   9.3626743000E-03  -1.2597667400E-02  -1.8472018000E-03   4.2631290000E-04
   25     -3.7299417800E-02   7.3201368000E-03  -2.7847178000E-02  -2.5450288000E-03   1.2278445000E-03
   26     -3.5606452300E-02   5.0399281000E-03   4.0998686000E-03   1.4185778000E-03  -8.3297020000E-04
   27      3.7197120000E-04  -8.9570614700E-02   9.3420401100E-02  -9.4330119000E-03  -1.5408167000E-02
   28     -4.2137240000E-04   9.5416083500E-02  -2.4718882370E-01   1.3362249000E-02   5.4973987000E-03
   29      7.7568120000E-04   2.3616457000E-03   1.3371268200E-02  -3.2256236000E-02  -1.0076281700E-02
   30     -4.1706756000E-03  -1.7151994500E-02  -2.0161864100E-02  -6.2078028000E-03  -1.2680722060E-01
   31      5.8455300000E-05  -6.2143900000E-05   1.2982209000E-03  -1.5799970000E-04  -1.2064347580E-01
   32      6.7856464000E-03  -1.0482872200E-02  -1.3732294200E-02  -5.6944890000E-03  -3.0483833300E-02
   33      1.9093102000E-03  -1.1476832200E-02   2.5221505000E-02  -1.2608301000E-03  -9.1825970900E-02
   34     -3.6005220000E-04   6.9853817000E-03  -6.3930939000E-03   2.6261559000E-03   1.0017104400E-01
   35     -3.5163435000E-03  -1.2888320200E-02   1.4415835900E-02  -3.3511653000E-03  -6.8095097000E-03
   36      2.0504420000E-04   1.4054035000E-03   6.3713300000E-04  -2.3193120000E-04  -1.0098278000E-03
   37     -3.2906620000E-04  -7.9371880000E-04  -1.8919810000E-04  -2.8138100000E-05  -6.4493170000E-04
   38      3.0615806000E-03   5.9377973000E-03   2.5330063000E-03   1.3342771000E-03  -1.1716611000E-03
   39      1.1208358000E-03   4.1475750000E-04   3.1953770000E-04  -7.4894600000E-05  -4.7378180000E-04
   40     -2.0101060000E-04  -1.6778750000E-04  -3.1130860000E-04  -1.8614050000E-04  -7.3076800000E-05
   41      2.0137963000E-03   3.0251499000E-03   1.4245159000E-03   4.0617070000E-04  -5.3303230000E-04
   42      5.5639110000E-04  -1.3752784000E-03  -3.9225950000E-04  -7.4885710000E-04   6.3360360000E-04
   43     -2.5143500000E-04  -8.7270090000E-04  -6.6698950000E-04  -5.0739720000E-04   5.6331280000E-04
   44      1.9976163000E-03   6.7950450000E-03   2.3142043000E-03   3.0630242000E-03  -1.5564211000E-03
   45      6.8847870000E-04  -9.3853530000E-04  -3.4139260000E-04  -6.1724240000E-04  -2.9940300000E-05
   46     -2.6903998000E-03   2.0344488000E-03  -1.1683501000E-03   6.1049830000E-04   4.9846660000E-04
   47     -5.8735490000E-04   2.3800821000E-03  -1.5456051000E-03  -3.9422000000E-04   1.3071447000E-03
                   10                 11                 12                 13                 14        
    0     -3.4643757000E-03   9.2716253000E-03  -9.9085870000E-04   2.7501520000E-04  -9.9044371000E-03
    1     -2.5144192000E-03  -2.6366206000E-03  -6.2660397000E-03  -1.4105057000E-03  -2.7800182000E-03
    2      3.9499881000E-03  -2.4381473800E-02  -6.2245495700E-02  -3.5313167400E-02   2.2419083200E-02
    3     -2.3097003300E-02  -4.2617177000E-02  -4.1221827200E-02  -2.0755465000E-02   2.1348501100E-02
    4      2.5399180000E-03  -2.3916277100E-02  -1.8588428800E-02  -4.7608841000E-03   1.5275854300E-02
    5     -6.2083837000E-03  -7.7574710000E-04   1.2709397900E-02   9.4160575000E-03  -1.6128035900E-02
    6      2.8427093700E-02  -1.3495911840E-01   3.7738208600E-02   1.3631313700E-02  -4.2535656300E-02
    7     -8.0899041500E-02   3.1695394100E-02   1.3555921800E-02   7.9798433000E-03  -1.4829205000E-02
    8      7.6872524000E-03  -9.2562817400E-02   2.3206141100E-02   1.0003223300E-02  -3.6895457500E-02
    9     -1.0937414000E-02   2.2741129950E-01  -1.3404427100E-02  -3.1039790000E-03   1.8744770000E-04
   10      5.7055322340E-01   2.4201637000E-02   6.6114797000E-03  -1.0208716600E-02  -9.2894464000E-03
   11      2.4201637000E-02   1.5901859780E-01  -5.0229773100E-02  -1.6811228200E-02   4.1824015300E-02
   12      6.6114797000E-03  -5.0229773100E-02   5.5826412090E-01   1.1394613300E-02   1.4201388710E-01
   13     -1.0208716600E-02  -1.6811228200E-02   1.1394613300E-02   3.6431303870E-01   3.2196850000E-02
   14     -9.2894464000E-03   4.1824015300E-02   1.4201388710E-01   3.2196850000E-02   8.8828018400E-02
   15     -6.6984918000E-03   3.4515239600E-02  -2.4200664440E-01  -9.4929837400E-02  -4.9381033400E-02
   16     -2.7140120000E-03   1.4297308900E-02  -1.1666366180E-01  -1.3722898060E-01  -2.7689445600E-02
   17     -1.7882010000E-03   2.6607909400E-02   3.6599935000E-02   1.6604379000E-02  -6.3131764900E-02
   18     -5.9383670000E-04   1.7567236000E-03   1.0027709000E-03   9.2868650000E-04  -1.8481821000E-03
   19      4.1229600000E-05   3.5215890000E-04   1.8294850000E-04  -6.1593900000E-05   8.0497000000E-05
   20      1.2359542000E-03   9.2032230000E-04   2.9657940000E-04   9.8477690000E-04  -2.6931947000E-03
   21     -3.2558310000E-04   1.2043733000E-03   1.2181349000E-03   1.7094852000E-03  -1.0134697000E-03
   22     -1.1813290000E-04  -5.2336020000E-04  -4.5390150000E-04  -1.1549140000E-04   1.0417000000E-04
   23     -6.5016340000E-04   1.1099558000E-03   2.0728751000E-03   1.8598097000E-03  -1.3489565000E-03
   24     -1.2962112000E-03  -1.8148117000E-03  -1.1736797000E-03  -5.3422210000E-04   1.1342251000E-03
   25      3.4604390000E-04   1.4823349000E-03   4.1805320000E-04  -2.3433090000E-04  -1.0708310000E-04
   26      4.8279820000E-04  -4.0687847000E-03  -1.8046866000E-03  -1.1814587000E-03   2.2832830000E-03
   27      2.6884552000E-02  -9.8933760000E-04   1.2126954000E-03   8.9770150000E-04  -1.1481648000E-03
   28     -5.4460947000E-03   1.6543179000E-03   4.8380720000E-04  -8.0491310000E-04  -3.4626100000E-05
   29      1.0528033500E-02  -6.7422890000E-03  -3.5278785000E-03  -9.6292440000E-04   2.8167083000E-03
   30     -1.1917269150E-01  -3.4158387800E-02  -2.8480390000E-03  -3.3279262000E-03   8.7012240000E-04
   31     -2.1258598520E-01  -4.0008630300E-02  -2.2636090000E-04  -1.2782827000E-03   3.4823870000E-04
   32     -3.7171150300E-02  -4.1153010700E-02   4.4023463000E-03   3.7856915000E-03  -1.8616600000E-05
   33      1.0143747710E-01  -1.3242052200E-02  -2.9933524000E-03   1.7426730000E-03   2.6147294000E-03
   34     -2.5503297010E-01   1.0565543600E-02   5.2691720000E-04  -5.3557950000E-04  -1.6513510000E-04
   35      7.0272148000E-03  -2.7884737700E-02   5.0075793000E-03  -2.5133270000E-03  -4.7552849000E-03
   36      2.4505540000E-04  -2.0113601000E-03  -3.1352599000E-02   4.9976577000E-03   7.7786550000E-03
   37     -5.7080340000E-04   5.4225290000E-04  -1.1923164300E-02   5.4601985000E-03   3.5285572000E-03
   38      1.1529963000E-03  -5.6279040000E-03  -1.3061649000E-02  -7.1720482000E-03   3.6938685000E-03
   39     -4.1907060000E-04  -3.0771970000E-04  -2.5381063000E-03  -2.5486692000E-02   7.7462920000E-04
   40     -3.1679870000E-04   2.0689880000E-04  -3.8637047000E-03  -2.1869950500E-02  -1.7617790000E-04
   41      6.1648970000E-04  -2.5846613000E-03  -6.1476717000E-03  -4.8279409000E-03   3.6562867000E-03
   42     -3.6425800000E-04   3.3113846000E-03  -2.4306398850E-01   1.0209294340E-01  -7.0649945500E-02
   43      1.1989730000E-04   2.5482548000E-03   1.1144532190E-01  -8.2366559000E-02   2.8304273800E-02
   44      4.8345054000E-03  -1.7741743100E-02  -8.7292418100E-02   2.3869199200E-02  -2.6010814000E-02
   45      2.7632779000E-03   2.8590916000E-03  -1.7842408300E-02   1.0468032200E-02  -2.4130810000E-04
   46     -3.1933379000E-03  -3.6499855000E-03   1.3366199000E-02  -1.1687729250E-01  -2.4767303600E-02
   47     -6.6095247000E-03  -5.9576317000E-03  -1.9991686000E-03  -2.9937892500E-02  -1.4539138300E-02
                   15                 16                 17                 18                 19        
    0     -1.7587807300E-02  -4.0932427000E-03   2.8341761000E-03  -1.3633699120E-01  -1.2307575260E-01
    1      2.6142553000E-03  -2.4459889300E-02   7.8388405000E-03  -1.2249336530E-01  -2.0539511520E-01
    2      8.8859676600E-02   2.5577393900E-02   8.4465034700E-02   2.1864416000E-02   1.8398779500E-02
    3      4.3867706900E-02   1.4865069600E-02   5.4148203800E-02  -1.5394064100E-02  -6.1549950000E-04
    4      1.1863042500E-02   5.9782248000E-03   1.6038778700E-02  -1.8940940100E-02   4.4826760000E-04
    5     -2.9790588800E-02  -1.1602023700E-02  -5.6384931900E-02   3.5018498000E-03   9.7985250000E-04
    6     -3.4705123000E-02  -1.3781140000E-02  -2.7656487800E-02  -5.3037847000E-03  -1.1967201000E-03
    7     -1.7010996700E-02  -4.9306181000E-03  -1.6863485100E-02  -9.1576930000E-04   9.6090080000E-04
    8     -8.6988034000E-03  -3.2036798000E-03  -1.6353416700E-02   4.4845063000E-03  -8.2638900000E-05
    9      5.8528062000E-03   2.3084265000E-03   9.2443950000E-03   5.4571390000E-04   7.1622700000E-05
   10     -6.6984918000E-03  -2.7140120000E-03  -1.7882010000E-03  -5.9383670000E-04   4.1229600000E-05
   11      3.4515239600E-02   1.4297308900E-02   2.6607909400E-02   1.7567236000E-03   3.5215890000E-04
   12     -2.4200664440E-01  -1.1666366180E-01   3.6599935000E-02   1.0027709000E-03   1.8294850000E-04
   13     -9.4929837400E-02  -1.3722898060E-01   1.6604379000E-02   9.2868650000E-04  -6.1593900000E-05
   14     -4.9381033400E-02  -2.7689445600E-02  -6.3131764900E-02  -1.8481821000E-03   8.0497000000E-05
   15      5.3348850020E-01   1.1203771800E-02  -1.5685987210E-01  -6.0759686000E-03   9.6350300000E-05
   16      1.1203771800E-02   5.7160630960E-01   9.3058518000E-03  -5.2055867000E-03  -2.6680620000E-04
   17     -1.5685987210E-01   9.3058518000E-03   1.1516059360E-01  -4.0477206000E-03   7.3919500000E-05
   18     -6.0759686000E-03  -5.2055867000E-03  -4.0477206000E-03   1.5441171690E-01   1.3846096310E-01
   19      9.6350300000E-05  -2.6680620000E-04   7.3919500000E-05   1.3846096310E-01   2.2588652110E-01
   20     -9.5691670000E-03  -7.6606054000E-03  -4.6116310000E-03  -2.3488324200E-02  -2.2148554600E-02
   21     -5.5940579000E-03   4.3447932000E-03  -5.8248063000E-03   7.0821656000E-03  -1.5374045900E-02
   22      1.6599033000E-03  -9.0080900000E-04   1.1873734000E-03   9.2601490000E-03  -2.3817834000E-02
   23     -9.6101925000E-03   6.8927735000E-03  -9.7642095000E-03  -6.4283140000E-04   2.2540834000E-03
   24      1.2471975000E-03   5.8745620000E-04   1.6137479000E-03   2.5888860000E-04   7.9816580000E-04
   25     -5.2547000000E-05  -6.2185300000E-05  -3.3026190000E-04  -4.3080310000E-04   9.6170620000E-04
   26      2.0526457000E-03   7.5968830000E-04   3.0499659000E-03  -1.1951825000E-03  -3.1764700000E-05
   27     -1.0387018000E-03  -3.2424640000E-04  -1.1900152000E-03   2.2413000000E-06   1.6464340000E-04
   28      8.2028400000E-05  -3.0243940000E-04   6.0648700000E-05   1.0646580000E-04   5.9391090000E-04
   29      2.7049953000E-03   1.0335168000E-03   2.6432822000E-03  -6.0644000000E-05   1.0223000000E-06
   30      4.1590090000E-04   6.2186900000E-05   1.4701555000E-03   4.3175550000E-04   5.8501100000E-05
   31      4.5090840000E-04  -8.3384100000E-05   1.8390750000E-04   1.4739400000E-04   6.6103100000E-05
   32      2.2629940000E-04  -1.1946110000E-04  -1.9916289000E-03  -7.5257880000E-04  -1.3979670000E-04
   33      6.9073930000E-04   4.0319260000E-04   8.8280930000E-04  -1.6246100000E-05  -3.4451200000E-05
   34     -1.8008450000E-04   3.3611840000E-04   3.2516400000E-05  -1.0489990000E-04   5.8876600000E-05
   35     -1.2987996000E-03  -5.9460950000E-04  -1.3056344000E-03   2.4243500000E-04  -1.0915040000E-04
   36     -2.0799753370E-01   8.9011916900E-02   9.6374080700E-02   1.4419930000E-04  -1.3415340000E-04
   37      8.7878686200E-02  -8.7399199200E-02  -4.6316688600E-02   4.5066800000E-05  -5.2969200000E-04
   38      1.1398317200E-01  -4.0999022900E-02  -5.9581906900E-02   1.7947480000E-04  -2.3782740000E-04
   39     -4.3846292700E-02   2.7231625300E-02   2.9267789000E-03  -5.2761300000E-04   3.6073390000E-04
   40      2.6134317100E-02  -2.9491571790E-01   2.4158833600E-02  -9.7665700000E-05   7.7627220000E-04
   41      9.1778422000E-03   3.0568050300E-02  -2.6702549200E-02  -2.2822380000E-04   5.1127170000E-04
   42     -2.6391449500E-02   5.7235353000E-03  -6.2387927000E-03  -1.0547770000E-04   6.7437200000E-05
   43     -1.4337536200E-02   3.9253239000E-03  -2.8357408000E-03  -1.3024960000E-04   7.6382800000E-05
   44      1.2081620500E-02   7.5432361000E-03   7.2407383000E-03   2.0167660000E-04   4.0821500000E-05
   45     -3.1927210000E-04  -1.5674096700E-02  -4.2765875000E-03  -1.1930670000E-04   1.6925660000E-04
   46     -8.7737698000E-03  -2.8581935700E-02  -7.3506717000E-03  -3.5608900000E-05   2.0087040000E-04
   47      1.6069656000E-03  -4.1089716000E-03   6.6014940000E-04   3.2605300000E-05   5.7326500000E-05
                   20                 21                 22                 23                 24        
    0      1.5712312200E-02  -9.3794555200E-02   9.9118549900E-02   6.9461221000E-03  -1.3358790600E-02
    1      1.6287982600E-02   1.0134003520E-01  -2.4866752150E-01  -9.8908612000E-03   2.5043842000E-02
    2     -3.4089936200E-02   1.5854334100E-02  -1.3033665300E-02  -2.6003047000E-02   2.4321450000E-03
    3      1.3887045100E-02  -9.5956781000E-03   6.4203097000E-03   1.5512223800E-02  -8.8061438900E-02
    4      1.6077457500E-02   2.3509110000E-02  -5.3858138000E-03  -1.6937448300E-02   9.2265982400E-02
    5     -5.6106156000E-03   1.5302193000E-03  -3.8790209000E-03  -6.4589898000E-03   2.2450962700E-02
    6      4.8678101000E-03  -1.5484902000E-03  -1.6364310000E-03  -3.1374704000E-03   9.3626743000E-03
    7     -2.3478592000E-03   6.5728300000E-04   9.2818550000E-04  -1.5116742000E-03  -1.2597667400E-02
    8      3.7691987000E-03  -1.6013505000E-03   7.8967300000E-04  -2.6712915000E-03  -1.8472018000E-03
    9      1.6053201000E-03   3.0654170000E-04  -1.2397520000E-04   1.1961130000E-04   4.2631290000E-04
   10      1.2359542000E-03  -3.2558310000E-04  -1.1813290000E-04  -6.5016340000E-04  -1.2962112000E-03
   11      9.2032230000E-04   1.2043733000E-03  -5.2336020000E-04   1.1099558000E-03  -1.8148117000E-03
   12      2.9657940000E-04   1.2181349000E-03  -4.5390150000E-04   2.0728751000E-03  -1.1736797000E-03
   13      9.8477690000E-04   1.7094852000E-03  -1.1549140000E-04   1.8598097000E-03  -5.3422210000E-04
   14     -2.6931947000E-03  -1.0134697000E-03   1.0417000000E-04  -1.3489565000E-03   1.1342251000E-03
   15     -9.5691670000E-03  -5.5940579000E-03   1.6599033000E-03  -9.6101925000E-03   1.2471975000E-03
   16     -7.6606054000E-03   4.3447932000E-03  -9.0080900000E-04   6.8927735000E-03   5.8745620000E-04
   17     -4.6116310000E-03  -5.8248063000E-03   1.1873734000E-03  -9.7642095000E-03   1.6137479000E-03
   18     -2.3488324200E-02   7.0821656000E-03   9.2601490000E-03  -6.4283140000E-04   2.5888860000E-04
   19     -2.2148554600E-02  -1.5374045900E-02  -2.3817834000E-02   2.2540834000E-03   7.9816580000E-04
   20      4.1891409400E-02  -7.0633480000E-04  -1.7154800000E-03   1.4501915000E-03  -1.5744876000E-03
   21     -7.0633480000E-04   1.0397149270E-01  -1.1423708400E-01  -1.5030016600E-02  -2.1014671000E-03
   22     -1.7154800000E-03  -1.1423708400E-01   2.7534424050E-01   1.6557870600E-02   8.8795720000E-04
   23      1.4501915000E-03  -1.5030016600E-02   1.6557870600E-02   4.2487980400E-02   6.5626870000E-03
   24     -1.5744876000E-03  -2.1014671000E-03   8.8795720000E-04   6.5626870000E-03   9.5789109100E-02
   25      6.7264980000E-04  -1.2454800000E-04   7.7330270000E-04  -9.7373200000E-04  -1.0244408540E-01
   26     -1.7776050000E-03   5.1289281000E-03  -2.0577190000E-04   3.7465041000E-03  -2.9831360800E-02
   27     -3.7004100000E-05  -5.9644730000E-04  -2.4334580000E-04   5.7399500000E-05  -2.0270647000E-03
   28     -4.3948570000E-04  -7.4898320000E-04   4.0105570000E-04   5.8767820000E-04  -2.2759472000E-03
   29     -1.2695510000E-04   5.5987470000E-04   4.2874440000E-04   3.2547240000E-04   1.3023652000E-03
   30      5.8422650000E-04   2.1858500000E-05  -8.4256900000E-05  -2.6198430000E-04   5.5468000000E-06
   31      1.0004280000E-04  -4.0035900000E-05   4.4151700000E-05   1.4383980000E-04   1.4733800000E-04
   32      3.6427590000E-04   1.1345240000E-04  -1.2424400000E-05   1.8325600000E-05   3.0615100000E-05
   33     -8.2271700000E-05   2.8922240000E-04  -1.9853010000E-04  -9.9536300000E-05  -4.6460840000E-04
   34      2.4468100000E-05  -1.9139320000E-04  -8.3304600000E-05   7.6863500000E-05  -1.1301160000E-04
   35     -6.3816900000E-05   7.0964000000E-05  -4.7147200000E-05  -1.6259030000E-04   6.1696700000E-05
   36     -3.2728090000E-04   5.6442040000E-04  -2.9999610000E-04  -1.7162697000E-03   1.8508620000E-04
   37     -4.2137630000E-04   7.0713500000E-05   7.8430600000E-04   1.6741209000E-03  -3.1040560000E-04
   38      2.2166020000E-04   3.7059770000E-04   1.3677070000E-04  -1.6170554000E-03  -2.2205050000E-04
   39     -8.7257100000E-04  -3.3371400000E-04  -1.6238450000E-04  -7.9497520000E-04   5.0290000000E-06
   40     -5.1518650000E-04  -2.0083600000E-05   3.5912600000E-04   1.2193720000E-04  -1.0728860000E-04
   41      2.0056500000E-04  -9.2574070000E-04   7.2451200000E-05  -1.8079518000E-03   9.3240400000E-05
   42     -2.8890830000E-04  -9.0855000000E-06  -1.2726470000E-04  -1.6862310000E-04   7.8421000000E-05
   43     -1.8480850000E-04  -2.5496100000E-05  -6.6952900000E-05  -1.8520220000E-04  -3.8302500000E-05
   44      6.5245200000E-05   3.6165740000E-04  -1.3017210000E-04   6.1343490000E-04  -2.7623500000E-04
   45     -6.9438000000E-06   1.1965900000E-04   2.2030070000E-04   1.9098070000E-04  -1.7121600000E-04
   46      5.0024300000E-05  -5.4416720000E-04   5.2149200000E-04  -1.9895400000E-05  -1.3600300000E-05
   47      9.0886300000E-05  -9.2682200000E-05   2.6998880000E-04   8.2227000000E-05  -1.1553770000E-04
                   25                 26                 27                 28                 29        
    0      3.9973794000E-03   1.1504227800E-02   5.1594400000E-04   9.3111180000E-04   5.2551680000E-04
    1     -4.2068514000E-03  -1.3529432900E-02  -1.6315829000E-03   3.8029960000E-04   1.5338830000E-04
    2     -1.2676360000E-03  -8.2117263000E-03   1.2737740000E-03  -1.3182278000E-03  -4.1701064000E-03
    3      9.3429773600E-02   1.1282252200E-02   8.6933709000E-03   7.1122803000E-03  -5.2096970000E-03
    4     -2.4441654370E-01  -3.4287709800E-02  -1.2165974400E-02  -2.7379618900E-02  -7.8576139000E-03
    5     -3.7299417800E-02  -3.5606452300E-02   3.7197120000E-04  -4.2137240000E-04   7.7568120000E-04
    6      7.3201368000E-03   5.0399281000E-03  -8.9570614700E-02   9.5416083500E-02   2.3616457000E-03
    7     -2.7847178000E-02   4.0998686000E-03   9.3420401100E-02  -2.4718882370E-01   1.3371268200E-02
    8     -2.5450288000E-03   1.4185778000E-03  -9.4330119000E-03   1.3362249000E-02  -3.2256236000E-02
    9      1.2278445000E-03  -8.3297020000E-04  -1.5408167000E-02   5.4973987000E-03  -1.0076281700E-02
   10      3.4604390000E-04   4.8279820000E-04   2.6884552000E-02  -5.4460947000E-03   1.0528033500E-02
   11      1.4823349000E-03  -4.0687847000E-03  -9.8933760000E-04   1.6543179000E-03  -6.7422890000E-03
   12      4.1805320000E-04  -1.8046866000E-03   1.2126954000E-03   4.8380720000E-04  -3.5278785000E-03
   13     -2.3433090000E-04  -1.1814587000E-03   8.9770150000E-04  -8.0491310000E-04  -9.6292440000E-04
   14     -1.0708310000E-04   2.2832830000E-03  -1.1481648000E-03  -3.4626100000E-05   2.8167083000E-03
   15     -5.2547000000E-05   2.0526457000E-03  -1.0387018000E-03   8.2028400000E-05   2.7049953000E-03
   16     -6.2185300000E-05   7.5968830000E-04  -3.2424640000E-04  -3.0243940000E-04   1.0335168000E-03
   17     -3.3026190000E-04   3.0499659000E-03  -1.1900152000E-03   6.0648700000E-05   2.6432822000E-03
   18     -4.3080310000E-04  -1.1951825000E-03   2.2413000000E-06   1.0646580000E-04  -6.0644000000E-05
   19      9.6170620000E-04  -3.1764700000E-05   1.6464340000E-04   5.9391090000E-04   1.0223000000E-06
   20      6.7264980000E-04  -1.7776050000E-03  -3.7004100000E-05  -4.3948570000E-04  -1.2695510000E-04
   21     -1.2454800000E-04   5.1289281000E-03  -5.9644730000E-04  -7.4898320000E-04   5.5987470000E-04
   22      7.7330270000E-04  -2.0577190000E-04  -2.4334580000E-04   4.0105570000E-04   4.2874440000E-04
   23     -9.7373200000E-04   3.7465041000E-03   5.7399500000E-05   5.8767820000E-04   3.2547240000E-04
   24     -1.0244408540E-01  -2.9831360800E-02  -2.0270647000E-03  -2.2759472000E-03   1.3023652000E-03
   25      2.7668830300E-01   4.2496774400E-02  -2.4132405000E-03  -3.6050895000E-03  -2.2302992000E-03
   26      4.2496774400E-02   3.4709581500E-02  -8.4335880000E-04   1.6571101000E-03   5.2525805000E-03
   27     -2.4132405000E-03  -8.4335880000E-04   1.0067104370E-01  -1.0594905110E-01   1.5805976000E-02
   28     -3.6050895000E-03   1.6571101000E-03  -1.0594905110E-01   2.8027095450E-01  -1.4939517300E-02
   29     -2.2302992000E-03   5.2525805000E-03   1.5805976000E-02  -1.4939517300E-02   2.9409071700E-02
   30      7.2707200000E-05   5.8780600000E-05   2.5741480000E-04  -7.2633380000E-04   1.2366445000E-03
   31      5.9712350000E-04  -2.0328300000E-05   8.0472990000E-04   1.0058277000E-03   2.3724470000E-04
   32      5.1957000000E-04  -1.5602480000E-04   1.6547315000E-03  -3.6095170000E-04  -2.7364446000E-03
   33     -6.8160650000E-04  -4.9421660000E-04  -2.7625691000E-03   4.0281020000E-04  -5.4331367000E-03
   34      5.2126770000E-04  -2.2846270000E-04   1.1938610000E-03   8.5798060000E-04  -6.9562300000E-05
   35     -6.0149110000E-04   2.8126560000E-04  -6.0267311000E-03   1.1941100000E-04   6.3797828000E-03
   36     -1.8283330000E-04   1.4598600000E-04   6.5171100000E-05  -1.2213430000E-04  -6.9755100000E-05
   37      9.5997400000E-05  -2.2288020000E-04  -3.4484700000E-05   3.9538400000E-05   8.8541000000E-05
   38      1.0612010000E-04   2.1125920000E-04   1.9843300000E-04  -3.8644000000E-05  -5.4505430000E-04
   39      1.5981100000E-05  -6.1351200000E-05  -9.3583700000E-05   2.1147900000E-05  -1.5318600000E-05
   40      2.9264020000E-04   8.1629600000E-05  -5.3085300000E-05   1.7539150000E-04  -4.8416200000E-05
   41     -6.0844700000E-05  -3.7462970000E-04   7.5301000000E-05  -1.7945330000E-04  -2.2334440000E-04
   42     -1.1665180000E-04  -2.5473900000E-05   7.3984000000E-06  -1.2305210000E-04  -8.5988100000E-05
   43      4.9965200000E-05   2.7769100000E-05  -1.1976530000E-04  -7.8814600000E-05   3.1748560000E-04
   44      4.7379700000E-05  -4.0144980000E-04   3.4860240000E-04  -9.8715300000E-05  -3.6931080000E-04
   45     -3.5560300000E-05  -1.2414790000E-04   7.1868700000E-05  -1.0763210000E-04  -1.8318400000E-05
   46      4.5829000000E-05   1.0217100000E-04  -4.3111250000E-04   1.0808350000E-03  -5.0911700000E-05
   47      9.0965500000E-05  -3.5634500000E-04  -1.1856510000E-04   3.8957850000E-04  -4.3283850000E-04
                   30                 31                 32                 33                 34        
    0      2.5311880000E-04   1.3424720000E-04  -1.7415696000E-03  -1.4233300000E-05  -1.3091480000E-04
    1     -3.7305990000E-04   1.9338560000E-04  -1.5558929000E-03  -2.3336510000E-04  -1.6696170000E-04
    2     -1.5064559000E-03  -9.1185100000E-04   5.7566920000E-04  -7.6154710000E-04   3.5547030000E-04
    3     -4.8507290000E-03  -8.8315850000E-04  -4.3618043000E-03  -6.3315060000E-04  -1.7348770000E-03
    4     -3.2574310000E-04   6.5917510000E-04   2.3105089000E-03   1.0947116000E-03   1.0489077000E-03
    5     -4.1706756000E-03   5.8455300000E-05   6.7856464000E-03   1.9093102000E-03  -3.6005220000E-04
    6     -1.7151994500E-02  -6.2143900000E-05  -1.0482872200E-02  -1.1476832200E-02   6.9853817000E-03
    7     -2.0161864100E-02   1.2982209000E-03  -1.3732294200E-02   2.5221505000E-02  -6.3930939000E-03
    8     -6.2078028000E-03  -1.5799970000E-04  -5.6944890000E-03  -1.2608301000E-03   2.6261559000E-03
    9     -1.2680722060E-01  -1.2064347580E-01  -3.0483833300E-02  -9.1825970900E-02   1.0017104400E-01
   10     -1.1917269150E-01  -2.1258598520E-01  -3.7171150300E-02   1.0143747710E-01  -2.5503297010E-01
   11     -3.4158387800E-02  -4.0008630300E-02  -4.1153010700E-02  -1.3242052200E-02   1.0565543600E-02
   12     -2.8480390000E-03  -2.2636090000E-04   4.4023463000E-03  -2.9933524000E-03   5.2691720000E-04
   13     -3.3279262000E-03  -1.2782827000E-03   3.7856915000E-03   1.7426730000E-03  -5.3557950000E-04
   14      8.7012240000E-04   3.4823870000E-04  -1.8616600000E-05   2.6147294000E-03  -1.6513510000E-04
   15      4.1590090000E-04   4.5090840000E-04   2.2629940000E-04   6.9073930000E-04  -1.8008450000E-04
   16      6.2186900000E-05  -8.3384100000E-05  -1.1946110000E-04   4.0319260000E-04   3.3611840000E-04
   17      1.4701555000E-03   1.8390750000E-04  -1.9916289000E-03   8.8280930000E-04   3.2516400000E-05
   18      4.3175550000E-04   1.4739400000E-04  -7.5257880000E-04  -1.6246100000E-05  -1.0489990000E-04
   19      5.8501100000E-05   6.6103100000E-05  -1.3979670000E-04  -3.4451200000E-05   5.8876600000E-05
   20      5.8422650000E-04   1.0004280000E-04   3.6427590000E-04  -8.2271700000E-05   2.4468100000E-05
   21      2.1858500000E-05  -4.0035900000E-05   1.1345240000E-04   2.8922240000E-04  -1.9139320000E-04
   22     -8.4256900000E-05   4.4151700000E-05  -1.2424400000E-05  -1.9853010000E-04  -8.3304600000E-05
   23     -2.6198430000E-04   1.4383980000E-04   1.8325600000E-05  -9.9536300000E-05   7.6863500000E-05
   24      5.5468000000E-06   1.4733800000E-04   3.0615100000E-05  -4.6460840000E-04  -1.1301160000E-04
   25      7.2707200000E-05   5.9712350000E-04   5.1957000000E-04  -6.8160650000E-04   5.2126770000E-04
   26      5.8780600000E-05  -2.0328300000E-05  -1.5602480000E-04  -4.9421660000E-04  -2.2846270000E-04
   27      2.5741480000E-04   8.0472990000E-04   1.6547315000E-03  -2.7625691000E-03   1.1938610000E-03
   28     -7.2633380000E-04   1.0058277000E-03  -3.6095170000E-04   4.0281020000E-04   8.5798060000E-04
   29      1.2366445000E-03   2.3724470000E-04  -2.7364446000E-03  -5.4331367000E-03  -6.9562300000E-05
   30      1.4419889840E-01   1.3357962080E-01   3.9850209100E-02   6.5811525000E-03   9.4277999000E-03
   31      1.3357962080E-01   2.3207813470E-01   4.5181683600E-02  -1.3924396100E-02  -2.2652571100E-02
   32      3.9850209100E-02   4.5181683600E-02   4.3257120200E-02   1.4002620000E-04   1.1395980000E-03
   33      6.5811525000E-03  -1.3924396100E-02   1.4002620000E-04   1.0251655140E-01  -1.1544128690E-01
   34      9.4277999000E-03  -2.2652571100E-02   1.1395980000E-03  -1.1544128690E-01   2.8150084520E-01
   35      1.4065612000E-03  -4.5678289000E-03   2.0895972000E-03   1.5257434700E-02  -1.3542253800E-02
   36     -1.2562410000E-04   7.5917700000E-05   1.8933990000E-04   3.3934600000E-05  -1.2087180000E-04
   37     -1.5994830000E-04   1.0856360000E-04   2.7425220000E-04  -9.4796600000E-05  -7.0234800000E-05
   38     -6.7849800000E-05  -9.6747000000E-05  -1.5977480000E-04  -1.9217460000E-04   6.7023800000E-05
   39     -8.4637300000E-05   1.4419880000E-04   1.2260040000E-04  -1.1351940000E-04  -1.7821800000E-05
   40      6.2220900000E-05   1.1642550000E-04   4.3357300000E-05  -1.6093220000E-04   1.3251460000E-04
   41     -6.4174500000E-05  -1.3789600000E-04  -6.4282500000E-05   1.7947900000E-05   2.6712000000E-05
   42      8.8098700000E-05  -1.1051920000E-04   1.8906860000E-04   3.5121950000E-04  -2.3808400000E-04
   43     -7.7504300000E-05  -5.9934260000E-04   2.9156780000E-04   1.1592510000E-04   6.4767110000E-04
   44      1.8260460000E-04   1.2506460000E-04  -1.4765940000E-04   1.8933270000E-04  -2.5669360000E-04
   45     -3.8550030000E-04   4.0573540000E-04   9.0396920000E-04  -1.6233720000E-04  -3.1758300000E-05
   46      1.1462912000E-03   1.0324544000E-03  -4.5425810000E-04   3.5107020000E-04  -1.6946620000E-04
   47      7.7802630000E-04  -4.7719590000E-04  -9.6870300000E-04   5.5417500000E-04  -2.9219190000E-04
                   35                 36                 37                 38                 39        
    0      1.2079280000E-04   8.2736790000E-04   8.3334260000E-04   3.5438787000E-03  -1.0087952000E-03
    1      5.5218090000E-04   1.6222540000E-04   9.6498880000E-04  -4.7097110000E-03   3.7293878000E-03
    2      9.9212640000E-04  -5.3048613000E-03   1.1047118000E-03  -2.8218102600E-02  -3.7767051000E-03
    3      2.7185010000E-03  -1.3693845000E-03   7.3356230000E-04  -7.2552985000E-03  -2.7125440000E-04
    4      1.5481410000E-03  -3.2872590000E-04  -8.6383800000E-05  -1.9362308000E-03  -6.0979090000E-04
    5     -3.5163435000E-03   2.0504420000E-04  -3.2906620000E-04   3.0615806000E-03   1.1208358000E-03
    6     -1.2888320200E-02   1.4054035000E-03  -7.9371880000E-04   5.9377973000E-03   4.1475750000E-04
    7      1.4415835900E-02   6.3713300000E-04  -1.8919810000E-04   2.5330063000E-03   3.1953770000E-04
    8     -3.3511653000E-03  -2.3193120000E-04  -2.8138100000E-05   1.3342771000E-03  -7.4894600000E-05
    9     -6.8095097000E-03  -1.0098278000E-03  -6.4493170000E-04  -1.1716611000E-03  -4.7378180000E-04
   10      7.0272148000E-03   2.4505540000E-04  -5.7080340000E-04   1.1529963000E-03  -4.1907060000E-04
   11     -2.7884737700E-02  -2.0113601000E-03   5.4225290000E-04  -5.6279040000E-03  -3.0771970000E-04
   12      5.0075793000E-03  -3.1352599000E-02  -1.1923164300E-02  -1.3061649000E-02  -2.5381063000E-03
   13     -2.5133270000E-03   4.9976577000E-03   5.4601985000E-03  -7.1720482000E-03  -2.5486692000E-02
   14     -4.7552849000E-03   7.7786550000E-03   3.5285572000E-03   3.6938685000E-03   7.7462920000E-04
   15     -1.2987996000E-03  -2.0799753370E-01   8.7878686200E-02   1.1398317200E-01  -4.3846292700E-02
   16     -5.9460950000E-04   8.9011916900E-02  -8.7399199200E-02  -4.0999022900E-02   2.7231625300E-02
   17     -1.3056344000E-03   9.6374080700E-02  -4.6316688600E-02  -5.9581906900E-02   2.9267789000E-03
   18      2.4243500000E-04   1.4419930000E-04   4.5066800000E-05   1.7947480000E-04  -5.2761300000E-04
   19     -1.0915040000E-04  -1.3415340000E-04  -5.2969200000E-04  -2.3782740000E-04   3.6073390000E-04
   20     -6.3816900000E-05  -3.2728090000E-04  -4.2137630000E-04   2.2166020000E-04  -8.7257100000E-04
   21      7.0964000000E-05   5.6442040000E-04   7.0713500000E-05   3.7059770000E-04  -3.3371400000E-04
   22     -4.7147200000E-05  -2.9999610000E-04   7.8430600000E-04   1.3677070000E-04  -1.6238450000E-04
   23     -1.6259030000E-04  -1.7162697000E-03   1.6741209000E-03  -1.6170554000E-03  -7.9497520000E-04
   24      6.1696700000E-05   1.8508620000E-04  -3.1040560000E-04  -2.2205050000E-04   5.0290000000E-06
   25     -6.0149110000E-04  -1.8283330000E-04   9.5997400000E-05   1.0612010000E-04   1.5981100000E-05
   26      2.8126560000E-04   1.4598600000E-04  -2.2288020000E-04   2.1125920000E-04  -6.1351200000E-05
   27     -6.0267311000E-03   6.5171100000E-05  -3.4484700000E-05   1.9843300000E-04  -9.3583700000E-05
   28      1.1941100000E-04  -1.2213430000E-04   3.9538400000E-05  -3.8644000000E-05   2.1147900000E-05
   29      6.3797828000E-03  -6.9755100000E-05   8.8541000000E-05  -5.4505430000E-04  -1.5318600000E-05
   30      1.4065612000E-03  -1.2562410000E-04  -1.5994830000E-04  -6.7849800000E-05  -8.4637300000E-05
   31     -4.5678289000E-03   7.5917700000E-05   1.0856360000E-04  -9.6747000000E-05   1.4419880000E-04
   32      2.0895972000E-03   1.8933990000E-04   2.7425220000E-04  -1.5977480000E-04   1.2260040000E-04
   33      1.5257434700E-02   3.3934600000E-05  -9.4796600000E-05  -1.9217460000E-04  -1.1351940000E-04
   34     -1.3542253800E-02  -1.2087180000E-04  -7.0234800000E-05   6.7023800000E-05  -1.7821800000E-05
   35      3.4127898400E-02   1.3422240000E-04   7.4339000000E-05   2.6016940000E-04   8.4361300000E-05
   36      1.3422240000E-04   2.4455115640E-01  -9.4672930900E-02  -9.8098241600E-02  -2.7838607000E-03
   37      7.4339000000E-05  -9.4672930900E-02   9.5363536300E-02   5.0714049000E-02   2.3253334200E-02
   38      2.6016940000E-04  -9.8098241600E-02   5.0714049000E-02   8.3559582500E-02  -1.7848734000E-03
