
$orca_hessian_file

$act_atom
  0

$act_coord
  0

$act_energy
      -21.101260

$multiplicity
  1

$hessian
48
                    0                  1                  2                  3                  4        
    0      5.7039848400E-01   1.2604795400E-02  -2.1193584490E-01  -2.5974372690E-01   3.6756692300E-02
    1      1.2604795400E-02   5.6301948780E-01   4.2704171000E-03   1.7956814400E-02  -7.9083211900E-02
    2     -2.1193584490E-01   4.2704171000E-03   1.5724591470E-01   1.2319960900E-01  -2.9440725300E-02
    3     -2.5974372690E-01   1.7956814400E-02   1.2319960900E-01   5.3686206460E-01   1.3760386300E-02
    4      3.6756692300E-02  -7.9083211900E-02  -2.9440725300E-02   1.3760386300E-02   5.8850721230E-01
    5      1.7382382400E-01  -1.2265970700E-02  -1.1409925270E-01  -1.7838847350E-01   7.3362582500E-02
    6     -4.6789441200E-02  -2.4370517900E-02   4.1628261500E-02  -1.2311783950E-01  -9.9356029000E-02
    7     -2.1513674800E-02   9.6627550000E-04   2.2879167400E-02  -1.0476062070E-01  -2.3510151570E-01
    8      7.5831033000E-03   1.0819765300E-02  -8.2254450000E-04   6.9301368000E-03  -2.7544662000E-03
    9      5.4729958000E-03  -2.9522098000E-03  -1.1542545300E-02  -5.2380898300E-02  -2.7051291500E-02
   10     -3.3022458000E-03  -2.5154003000E-03   2.9489506000E-03  -2.3567777700E-02   2.3070798000E-03
   11      8.5326121000E-03  -2.3357484000E-03  -2.0348567400E-02  -3.8794563800E-02  -2.1904955400E-02
   12     -3.1659579000E-03  -6.7058902000E-03  -6.4034710000E-02  -3.9758478800E-02  -1.6954540400E-02
   13     -6.1510880000E-04  -1.2949909000E-03  -3.9376443300E-02  -2.1128366300E-02  -3.7454082000E-03
   14     -1.0095414600E-02  -3.8885041000E-03   1.6465822900E-02   1.7318090800E-02   1.2790569900E-02
   15     -1.9068033400E-02   2.3639368000E-03   9.2698710200E-02   4.3204926200E-02   9.5095551000E-03
   16     -3.0471343000E-03  -2.8004874500E-02   2.8771331400E-02   1.4836429200E-02   5.3303880000E-03
   17      2.3761762000E-03   7.8911211000E-03   8.8717530500E-02   5.5051813100E-02   1.3726020300E-02
   18     -1.4337402620E-01  -1.2337198590E-01   1.9824327700E-02  -1.5511733700E-02  -1.8354750800E-02
   19     -1.2387084440E-01  -1.9726898110E-01   1.4304151300E-02  -4.5893440000E-04   8.0009010000E-04
   20      1.3326866700E-02   1.2909073300E-02  -3.3400778400E-02   1.4947215600E-02   1.6070099000E-02
   21     -9.0370392200E-02   9.7679512200E-02   1.4294124500E-02  -8.9498347000E-03   2.3202188500E-02
   22      9.5458253200E-02  -2.5013833810E-01  -1.0733520800E-02   6.5281883000E-03  -5.9310571000E-03
   23      5.4711138000E-03  -7.8577173000E-03  -2.6098243400E-02   1.5400112600E-02  -1.7864462100E-02
   24     -1.2338755100E-02   2.4639078100E-02   2.2207911000E-03  -8.4596608500E-02   8.9766842900E-02
   25      4.0056787000E-03  -4.5440851000E-03  -1.2453971000E-03   9.0565334800E-02  -2.4766617430E-01
   26      1.1427249700E-02  -1.4396894600E-02  -8.3836356000E-03   1.1982542800E-02  -3.5668552500E-02
   27      4.6275640000E-04  -1.6452577000E-03   1.1573527000E-03   8.5307916000E-03  -1.2552543100E-02
   28      9.1115520000E-04   3.6301450000E-04  -1.4411866000E-03   6.3577099000E-03  -2.7505597300E-02
   29      5.7775660000E-04   1.5458830000E-04  -4.0347080000E-03  -5.6561656000E-03  -7.7201518000E-03
   30      2.4255370000E-04  -3.3750010000E-04  -1.3781575000E-03  -4.7511029000E-03  -2.1801760000E-04
   31      9.0250000000E-05   1.4447640000E-04  -8.3884320000E-04  -7.4870280000E-04   7.5290160000E-04
   32     -1.8586592000E-03  -1.6127752000E-03   5.0925680000E-04  -4.1644505000E-03   2.5109395000E-03
   33     -9.2993800000E-05  -2.2138020000E-04  -5.0144310000E-04  -2.9093840000E-04   1.3570993000E-03
   34     -1.3127840000E-04  -1.6320160000E-04   3.4635200000E-04  -1.6367872000E-03   1.1085460000E-03
   35      2.5584520000E-04   5.2326150000E-04   6.8567320000E-04   2.4588867000E-03   1.1933121000E-03
   36      9.6735460000E-04   2.5249760000E-04  -5.4927650000E-03  -1.3663367000E-03  -2.7125770000E-04
   37      8.0392390000E-04   1.2228681000E-03   2.0078353000E-03   8.4324120000E-04  -1.4437670000E-04
   38      4.3413050000E-03  -4.3207092000E-03  -3.0842925000E-02  -7.3251067000E-03  -1.5982080000E-03
   39     -1.3214724000E-03   4.4393298000E-03  -4.0591802000E-03  -2.3146780000E-04  -6.5143200000E-04
   40      1.0789276000E-03  -1.8902382000E-03   2.9025092000E-03   5.8309890000E-04   2.3954150000E-04
   41     -4.5956103000E-03   1.1817544300E-02  -1.3315202800E-02  -4.3178295000E-03   4.9346380000E-04
   42     -1.4231627000E-03  -1.1555590000E-04   3.0168051000E-03   1.7513489000E-03   6.4179950000E-04
   43     -9.0378490000E-04   1.3578400000E-05   1.6235306000E-03   1.0698526000E-03   5.4977840000E-04
   44      1.8842310000E-04  -1.4363759000E-03  -1.1281495100E-02  -7.6589651000E-03  -2.9955688000E-03
   45      1.4381730000E-04  -2.1566670000E-04   9.0466420000E-04   3.4983490000E-04   4.1529840000E-04
   46      1.6743949000E-03  -8.2637890000E-04   3.0218713000E-03  -1.9986630000E-04  -4.1819660000E-04
   47      5.8125340000E-04  -2.7107560000E-04  -9.9684520000E-04  -9.8285260000E-04  -1.9989710000E-04
                    5                  6                  7                  8                  9        
    0      1.7382382400E-01  -4.6789441200E-02  -2.1513674800E-02   7.5831033000E-03   5.4729958000E-03
    1     -1.2265970700E-02  -2.4370517900E-02   9.6627550000E-04   1.0819765300E-02  -2.9522098000E-03
    2     -1.1409925270E-01   4.1628261500E-02   2.2879167400E-02  -8.2254450000E-04  -1.1542545300E-02
    3     -1.7838847350E-01  -1.2311783950E-01  -1.0476062070E-01   6.9301368000E-03  -5.2380898300E-02
    4      7.3362582500E-02  -9.9356029000E-02  -2.3510151570E-01  -2.7544662000E-03  -2.7051291500E-02
    5      2.6274413750E-01  -2.4031462000E-03  -6.9593045000E-03  -3.5308882700E-02  -5.0192795000E-03
    6     -2.4031462000E-03   6.4785327160E-01  -1.0533584200E-02   1.5916835930E-01  -3.6600582090E-01
    7     -6.9593045000E-03  -1.0533584200E-02   5.9393428730E-01  -3.9059796600E-02   5.6577591700E-02
    8     -3.5308882700E-02   1.5916835930E-01  -3.9059796600E-02   2.0569823760E-01  -1.6892259050E-01
    9     -5.0192795000E-03  -3.6600582090E-01   5.6577591700E-02  -1.6892259050E-01   6.5051061600E-01
   10     -5.6497282000E-03   3.0587252600E-02  -8.1004715100E-02   9.2426860000E-03  -8.7020883000E-03
   11     -8.5304270000E-04  -1.3695295540E-01   3.1806307300E-02  -8.9636738700E-02   2.2707625330E-01
   12      1.3958209600E-02   3.5009453700E-02   1.3355734200E-02   2.0269596100E-02  -1.1744764300E-02
   13      1.0837182700E-02   1.2274894200E-02   7.5642069000E-03   8.0538398000E-03  -3.4042766000E-03
   14     -1.5428696200E-02  -3.7740825500E-02  -1.3995687100E-02  -3.0494273500E-02  -5.9295700000E-05
   15     -3.0445371300E-02  -3.1905667300E-02  -1.5777824600E-02  -6.4600270000E-03   6.5696284000E-03
   16     -1.2570712500E-02  -1.2350789600E-02  -4.8057459000E-03  -2.7573411000E-03   2.5270392000E-03
   17     -6.0609134500E-02  -2.7856181100E-02  -1.6707461700E-02  -1.4145941300E-02   9.4403287000E-03
   18      3.0814314000E-03  -5.3518885000E-03  -8.5465590000E-04   4.6095061000E-03   6.5299140000E-04
   19      1.1608110000E-03  -1.1231386000E-03   1.0545736000E-03  -1.7322180000E-04   8.0826100000E-05
   20     -5.7131689000E-03   5.0616771000E-03  -2.2618923000E-03   3.1839707000E-03   1.5867684000E-03
   21      1.3364180000E-03  -1.6352435000E-03   6.5616650000E-04  -1.5083349000E-03   3.4948210000E-04
   22     -4.0160560000E-03  -1.5898392000E-03   9.0707590000E-04   8.2763230000E-04  -1.4758950000E-04
   23     -6.7147378000E-03  -3.0271904000E-03  -1.4636853000E-03  -2.3958410000E-03   1.2858570000E-04
   24      2.3257960800E-02   9.4739772000E-03  -1.3251396100E-02  -1.9527711000E-03   2.9469700000E-04
   25     -3.9438506400E-02   6.7342252000E-03  -2.7540229200E-02  -2.5525677000E-03   1.2720366000E-03
   26     -3.5351524900E-02   5.2315766000E-03   3.9090342000E-03   1.5489032000E-03  -1.0382350000E-03
   27      5.0276930000E-04  -8.7281193200E-02   9.0764951800E-02  -9.8730609000E-03  -1.5345924700E-02
   28     -2.2537080000E-04   9.3384579000E-02  -2.4822881960E-01   1.6164109800E-02   5.5692195000E-03
   29      9.8475340000E-04   2.1146621000E-03   1.6540003900E-02  -3.2872061900E-02  -1.0031521900E-02
   30     -4.1509971000E-03  -1.8094518600E-02  -2.0532998500E-02  -6.2144935000E-03  -1.2878029240E-01
   31      2.4435050000E-04  -6.9713300000E-05   1.2196926000E-03  -1.6224410000E-04  -1.2212455260E-01
   32      7.4454210000E-03  -9.6639393000E-03  -1.3182949400E-02  -5.0596868000E-03  -2.9563813200E-02
   33      1.9112662000E-03  -1.1853976900E-02   2.5604793200E-02  -2.2123466000E-03  -8.8784246200E-02
   34     -4.3935160000E-04   6.7429504000E-03  -6.3557720000E-03   2.5044934000E-03   9.7938458300E-02
   35     -3.6685212000E-03  -1.1837610400E-02   1.4065015100E-02  -3.2207099000E-03  -1.0018306400E-02
   36      1.6351000000E-06   1.3945543000E-03   5.7437720000E-04  -1.7677940000E-04  -8.8475340000E-04
   37     -3.9391720000E-04  -7.7985140000E-04  -2.0777740000E-04  -3.0847600000E-05  -4.9333250000E-04
   38      2.9509914000E-03   5.5707577000E-03   2.3648796000E-03   1.1407645000E-03  -1.3663793000E-03
   39      1.2493368000E-03   3.8942760000E-04   3.0392960000E-04  -3.1860000000E-05  -4.1443840000E-04
   40     -3.0263370000E-04  -2.3525260000E-04  -3.6553990000E-04  -1.4763200000E-04  -2.6083400000E-05
   41      2.0399340000E-03   2.5805274000E-03   1.2337904000E-03   3.3324190000E-04  -5.5610570000E-04
   42      5.1092230000E-04  -1.2954279000E-03  -3.8448970000E-04  -7.6240610000E-04   4.9564850000E-04
   43     -3.1441230000E-04  -9.3101740000E-04  -7.5804680000E-04  -4.7391980000E-04   4.1127660000E-04
   44      2.2987341000E-03   6.4319666000E-03   2.4855576000E-03   2.5939369000E-03  -1.1009335000E-03
   45      7.7349410000E-04  -7.8966700000E-04  -2.2829970000E-04  -4.4603160000E-04  -4.9205000000E-06
   46     -3.0289628000E-03   1.6158317000E-03  -1.2779503000E-03   4.9951030000E-04   5.2497620000E-04
   47     -7.1700980000E-04   1.6940600000E-03  -1.6529786000E-03  -5.4237460000E-04   9.8706970000E-04
                   10                 11                 12                 13                 14        
    0     -3.3022458000E-03   8.5326121000E-03  -3.1659579000E-03  -6.1510880000E-04  -1.0095414600E-02
    1     -2.5154003000E-03  -2.3357484000E-03  -6.7058902000E-03  -1.2949909000E-03  -3.8885041000E-03
    2      2.9489506000E-03  -2.0348567400E-02  -6.4034710000E-02  -3.9376443300E-02   1.6465822900E-02
    3     -2.3567777700E-02  -3.8794563800E-02  -3.9758478800E-02  -2.1128366300E-02   1.7318090800E-02
    4      2.3070798000E-03  -2.1904955400E-02  -1.6954540400E-02  -3.7454082000E-03   1.2790569900E-02
    5     -5.6497282000E-03  -8.5304270000E-04   1.3958209600E-02   1.0837182700E-02  -1.5428696200E-02
    6      3.0587252600E-02  -1.3695295540E-01   3.5009453700E-02   1.2274894200E-02  -3.7740825500E-02
    7     -8.1004715100E-02   3.1806307300E-02   1.3355734200E-02   7.5642069000E-03  -1.3995687100E-02
    8      9.2426860000E-03  -8.9636738700E-02   2.0269596100E-02   8.0538398000E-03  -3.0494273500E-02
    9     -8.7020883000E-03   2.2707625330E-01  -1.1744764300E-02  -3.4042766000E-03  -5.9295700000E-05
   10      5.7121361060E-01   1.1108882500E-02   4.9878882000E-03  -8.9135053000E-03  -6.8627351000E-03
   11      1.1108882500E-02   1.5869663950E-01  -4.1228958900E-02  -1.2799764400E-02   3.2859760200E-02
   12      4.9878882000E-03  -4.1228958900E-02   5.6774122290E-01   1.5209267600E-02   1.3724135030E-01
   13     -8.9135053000E-03  -1.2799764400E-02   1.5209267600E-02   3.5735683830E-01   3.9140431100E-02
   14     -6.8627351000E-03   3.2859760200E-02   1.3724135030E-01   3.9140431100E-02   8.5997041400E-02
   15     -5.1361718000E-03   2.7172879100E-02  -2.3701501220E-01  -9.6518530500E-02  -4.8852100200E-02
   16     -2.0003527000E-03   1.1235492700E-02  -1.2237245780E-01  -1.4276038360E-01  -3.1211350400E-02
   17     -1.3305589000E-03   2.3763166800E-02   2.9555997600E-02   1.3565282100E-02  -5.9130181600E-02
   18     -5.4732100000E-04   1.7742929000E-03   8.4461560000E-04   1.0608804000E-03  -1.9104602000E-03
   19      2.7170500000E-05   2.9461270000E-04   2.4479020000E-04  -2.9608900000E-05   1.0112780000E-04
   20      1.1853976000E-03   7.7470000000E-04   1.8764660000E-04   1.1369896000E-03  -2.8227830000E-03
   21     -2.9739990000E-04   1.0799054000E-03   1.2264124000E-03   1.9345837000E-03  -8.0357680000E-04
   22     -1.2509080000E-04  -5.4231360000E-04  -3.7366020000E-04  -1.7893260000E-04   1.0856790000E-04
   23     -5.8097840000E-04   9.4043890000E-04   2.1021999000E-03   2.0570516000E-03  -9.8568550000E-04
   24     -1.1877672000E-03  -1.7573478000E-03  -1.1788229000E-03  -5.6475470000E-04   1.0164235000E-03
   25      3.6050140000E-04   1.4622424000E-03   4.2634500000E-04  -2.4968250000E-04   3.6489000000E-06
   26      5.4710770000E-04  -3.9283800000E-03  -1.6425668000E-03  -1.2046590000E-03   2.0390796000E-03
   27      2.7340305800E-02  -1.7264075000E-03   1.1704462000E-03   8.2035060000E-04  -9.3318270000E-04
   28     -5.7353524000E-03   1.6675840000E-03   4.3200610000E-04  -8.4474450000E-04   2.6964300000E-05
   29      1.0058844500E-02  -6.6855772000E-03  -3.5406314000E-03  -8.2010460000E-04   2.6533756000E-03
   30     -1.2078860470E-01  -3.2721370200E-02  -2.0523488000E-03  -2.7261169000E-03   3.9440930000E-04
   31     -2.1269240740E-01  -3.7842449300E-02  -1.0710220000E-04  -8.4854410000E-04   3.4019860000E-04
   32     -3.4891806200E-02  -4.0302461800E-02   3.1848691000E-03   3.0741343000E-03   5.7298760000E-04
   33      9.8759772400E-02  -1.5349494700E-02  -2.2627352000E-03   1.4985532000E-03   1.8010861000E-03
   34     -2.5816032380E-01   1.7429326500E-02   4.3608450000E-04  -5.9401270000E-04  -1.4959450000E-04
   35      1.4041159600E-02  -2.9635523800E-02   3.7380070000E-03  -2.0655852000E-03  -3.4418577000E-03
   36      1.7682500000E-04  -1.8265845000E-03  -3.1455283000E-02   3.2562344000E-03   7.7056358000E-03
   37     -5.2888240000E-04   4.0026740000E-04  -1.2524048800E-02   5.4601753000E-03   4.1299512000E-03
   38      9.0720340000E-04  -4.4648458000E-03  -1.3125223300E-02  -7.0561062000E-03   2.8142154000E-03
   39     -3.5386620000E-04  -2.4837050000E-04  -1.6475271000E-03  -2.4942250300E-02   4.4534000000E-06
   40     -3.0593620000E-04   2.3634120000E-04  -3.3225290000E-03  -2.3036710000E-02  -8.9320280000E-04
   41      4.7107920000E-04  -1.9277290000E-03  -5.5121521000E-03  -5.6581278000E-03   2.8579874000E-03
   42     -2.9955470000E-04   2.9448230000E-03  -2.5652902260E-01   1.0236529120E-01  -6.5258143200E-02
   43      2.5375290000E-04   2.2726016000E-03   1.1246948370E-01  -7.8849938500E-02   2.3114520600E-02
   44      3.8941693000E-03  -1.5399680700E-02  -8.0173103800E-02   1.8673949500E-02  -1.9955415600E-02
   45      2.3307533000E-03   2.0252873000E-03  -1.9182198000E-02   1.1479348700E-02   1.7154980000E-04
   46     -2.1801488000E-03  -2.4884271000E-03   1.4798629100E-02  -1.0903475850E-01  -2.2754906400E-02
   47     -5.0896736000E-03  -3.8521582000E-03  -9.8052970000E-04  -2.7558070100E-02  -1.4001377100E-02
                   15                 16                 17                 18                 19        
    0     -1.9068033400E-02  -3.0471343000E-03   2.3761762000E-03  -1.4337402620E-01  -1.2387084440E-01
    1      2.3639368000E-03  -2.8004874500E-02   7.8911211000E-03  -1.2337198590E-01  -1.9726898110E-01
    2      9.2698710200E-02   2.8771331400E-02   8.8717530500E-02   1.9824327700E-02   1.4304151300E-02
    3      4.3204926200E-02   1.4836429200E-02   5.5051813100E-02  -1.5511733700E-02  -4.5893440000E-04
    4      9.5095551000E-03   5.3303880000E-03   1.3726020300E-02  -1.8354750800E-02   8.0009010000E-04
    5     -3.0445371300E-02  -1.2570712500E-02  -6.0609134500E-02   3.0814314000E-03   1.1608110000E-03
    6     -3.1905667300E-02  -1.2350789600E-02  -2.7856181100E-02  -5.3518885000E-03  -1.1231386000E-03
    7     -1.5777824600E-02  -4.8057459000E-03  -1.6707461700E-02  -8.5465590000E-04   1.0545736000E-03
    8     -6.4600270000E-03  -2.7573411000E-03  -1.4145941300E-02   4.6095061000E-03  -1.7322180000E-04
    9      6.5696284000E-03   2.5270392000E-03   9.4403287000E-03   6.5299140000E-04   8.0826100000E-05
   10     -5.1361718000E-03  -2.0003527000E-03  -1.3305589000E-03  -5.4732100000E-04   2.7170500000E-05
   11      2.7172879100E-02   1.1235492700E-02   2.3763166800E-02   1.7742929000E-03   2.9461270000E-04
   12     -2.3701501220E-01  -1.2237245780E-01   2.9555997600E-02   8.4461560000E-04   2.4479020000E-04
   13     -9.6518530500E-02  -1.4276038360E-01   1.3565282100E-02   1.0608804000E-03  -2.9608900000E-05
   14     -4.8852100200E-02  -3.1211350400E-02  -5.9130181600E-02  -1.9104602000E-03   1.0112780000E-04
   15      5.3020105340E-01   1.5115731800E-02  -1.5654043630E-01  -6.8875421000E-03   1.9384320000E-04
   16      1.5115731800E-02   5.6367729220E-01   1.4903135500E-02  -5.7738376000E-03  -1.5052930000E-04
   17     -1.5654043630E-01   1.4903135500E-02   1.2206242240E-01  -4.7558544000E-03   4.3129550000E-04
   18     -6.8875421000E-03  -5.7738376000E-03  -4.7558544000E-03   1.6234485870E-01   1.3975205640E-01
   19      1.9384320000E-04  -1.5052930000E-04   4.3129550000E-04   1.3975205640E-01   2.1735966890E-01
   20     -1.1012810200E-02  -8.6321934000E-03  -5.7764914000E-03  -2.0709233100E-02  -1.8099414900E-02
   21     -5.9809720000E-03   5.1757047000E-03  -6.3591984000E-03   7.0916156000E-03  -1.6251962300E-02
   22      1.9517679000E-03  -1.2373927000E-03   1.4150419000E-03   8.6184207000E-03  -2.3873472900E-02
   23     -1.0343715800E-02   8.4210393000E-03  -1.0605438400E-02  -4.9159380000E-04   1.9382756000E-03
   24      1.1583537000E-03   5.5592120000E-04   1.6837097000E-03   2.8577050000E-04   7.7943520000E-04
   25     -1.0370190000E-04  -7.1120200000E-05  -4.0192600000E-04  -3.6829430000E-04   9.2801740000E-04
   26      1.8447359000E-03   7.8909340000E-04   3.1190381000E-03  -1.1237997000E-03  -6.4160000000E-07
   27     -9.7351620000E-04  -2.7919020000E-04  -1.2031183000E-03  -5.8987000000E-06   1.7257160000E-04
   28      1.5970100000E-04  -2.6666490000E-04   1.7516470000E-04   9.9862700000E-05   5.8089160000E-04
   29      2.6535015000E-03   1.0065033000E-03   2.5964254000E-03  -6.2582200000E-05  -1.6596600000E-05
   30      2.9476690000E-04   6.1499300000E-05   1.2944527000E-03   4.1597110000E-04   5.0399700000E-05
   31      4.2137740000E-04  -1.4383600000E-04   1.1582760000E-04   1.2258450000E-04   5.1890100000E-05
   32      3.6851070000E-04  -1.1895650000E-04  -1.7608969000E-03  -8.0398260000E-04  -1.1971420000E-04
   33      4.3358840000E-04   2.4364870000E-04   6.5972840000E-04  -2.0638300000E-05  -3.3742600000E-05
   34     -1.8250890000E-04   2.9531770000E-04   9.2915000000E-06  -8.9484300000E-05   4.2390900000E-05
   35     -9.2414930000E-04  -3.8647720000E-04  -1.0488988000E-03   2.5341780000E-04  -1.2212370000E-04
   36     -2.0864504130E-01   7.8462858200E-02   1.0323181080E-01   1.8878580000E-04  -1.0474130000E-04
   37      7.5769617200E-02  -7.6623505500E-02  -4.3691549500E-02   3.6779600000E-05  -5.2390150000E-04
   38      1.2015277860E-01  -3.7916646900E-02  -6.6744742500E-02   2.4890710000E-04  -2.9305720000E-04
   39     -4.6506767500E-02   3.5982006200E-02   2.4664553000E-03  -5.5231010000E-04   4.5418990000E-04
   40      3.5121129700E-02  -2.8823246600E-01   1.9190957400E-02  -1.3500710000E-04   7.6244760000E-04
   41      8.0853307000E-03   2.5463905500E-02  -2.7914561500E-02  -1.6954310000E-04   5.5644600000E-04
   42     -2.5730897800E-02   5.1522093000E-03  -5.5797404000E-03  -1.0467230000E-04   8.0402100000E-05
   43     -1.5301271500E-02   3.4331752000E-03  -2.8000284000E-03  -1.1475040000E-04   3.2652800000E-05
   44      1.0429484000E-02   7.5722550000E-03   7.4545782000E-03   2.1257720000E-04   1.9290700000E-05
   45      8.5113280000E-04  -1.4289638400E-02  -3.4659435000E-03  -1.5898900000E-05   3.4849300000E-05
   46     -7.5866511000E-03  -2.8439301800E-02  -6.4916132000E-03  -8.0496700000E-05   2.0670030000E-04
   47      1.1726794000E-03  -4.5690780000E-03   2.3125400000E-05   2.2588800000E-05   1.8759200000E-05
                   20                 21                 22                 23                 24        
    0      1.3326866700E-02  -9.0370392200E-02   9.5458253200E-02   5.4711138000E-03  -1.2338755100E-02
    1      1.2909073300E-02   9.7679512200E-02  -2.5013833810E-01  -7.8577173000E-03   2.4639078100E-02
    2     -3.3400778400E-02   1.4294124500E-02  -1.0733520800E-02  -2.6098243400E-02   2.2207911000E-03
    3      1.4947215600E-02  -8.9498347000E-03   6.5281883000E-03   1.5400112600E-02  -8.4596608500E-02
    4      1.6070099000E-02   2.3202188500E-02  -5.9310571000E-03  -1.7864462100E-02   8.9766842900E-02
    5     -5.7131689000E-03   1.3364180000E-03  -4.0160560000E-03  -6.7147378000E-03   2.3257960800E-02
    6      5.0616771000E-03  -1.6352435000E-03  -1.5898392000E-03  -3.0271904000E-03   9.4739772000E-03
    7     -2.2618923000E-03   6.5616650000E-04   9.0707590000E-04  -1.4636853000E-03  -1.3251396100E-02
    8      3.1839707000E-03  -1.5083349000E-03   8.2763230000E-04  -2.3958410000E-03  -1.9527711000E-03
    9      1.5867684000E-03   3.4948210000E-04  -1.4758950000E-04   1.2858570000E-04   2.9469700000E-04
   10      1.1853976000E-03  -2.9739990000E-04  -1.2509080000E-04  -5.8097840000E-04  -1.1877672000E-03
   11      7.7470000000E-04   1.0799054000E-03  -5.4231360000E-04   9.4043890000E-04  -1.7573478000E-03
   12      1.8764660000E-04   1.2264124000E-03  -3.7366020000E-04   2.1021999000E-03  -1.1788229000E-03
   13      1.1369896000E-03   1.9345837000E-03  -1.7893260000E-04   2.0570516000E-03  -5.6475470000E-04
   14     -2.8227830000E-03  -8.0357680000E-04   1.0856790000E-04  -9.8568550000E-04   1.0164235000E-03
   15     -1.1012810200E-02  -5.9809720000E-03   1.9517679000E-03  -1.0343715800E-02   1.1583537000E-03
   16     -8.6321934000E-03   5.1757047000E-03  -1.2373927000E-03   8.4210393000E-03   5.5592120000E-04
   17     -5.7764914000E-03  -6.3591984000E-03   1.4150419000E-03  -1.0605438400E-02   1.6837097000E-03
   18     -2.0709233100E-02   7.0916156000E-03   8.6184207000E-03  -4.9159380000E-04   2.8577050000E-04
   19     -1.8099414900E-02  -1.6251962300E-02  -2.3873472900E-02   1.9382756000E-03   7.7943520000E-04
   20      4.3144435400E-02  -6.2512060000E-04  -1.4528301000E-03   1.3174793000E-03  -1.5254437000E-03
   21     -6.2512060000E-04   1.0020092010E-01  -1.1050453990E-01  -1.2977027200E-02  -1.9968105000E-03
   22     -1.4528301000E-03  -1.1050453990E-01   2.7792417130E-01   1.3853755900E-02   9.6962000000E-04
   23      1.3174793000E-03  -1.2977027200E-02   1.3853755900E-02   4.4041340300E-02   6.5566553000E-03
   24     -1.5254437000E-03  -1.9968105000E-03   9.6962000000E-04   6.5566553000E-03   9.1208352800E-02
   25      6.7884210000E-04  -6.4244200000E-05   7.1574220000E-04  -1.0864932000E-03  -9.9143256400E-02
   26     -1.5838908000E-03   5.0184261000E-03  -3.2596420000E-04   3.1839491000E-03  -3.0502277100E-02
   27     -3.8750600000E-05  -6.0537880000E-04  -2.3903470000E-04   1.0945550000E-04  -2.0509712000E-03
   28     -4.4505480000E-04  -7.2756720000E-04   4.1679850000E-04   6.1413140000E-04  -2.2579752000E-03
   29     -1.0964150000E-04   5.9766590000E-04   4.4914590000E-04   3.0579090000E-04   1.3012063000E-03
   30      5.5256480000E-04   3.2621300000E-05  -7.4231100000E-05  -2.4179540000E-04  -2.3277800000E-05
   31      1.0035170000E-04  -3.7738600000E-05   4.6733400000E-05   1.3092030000E-04   1.6387150000E-04
   32      3.7796980000E-04   1.1754350000E-04  -1.9010200000E-05   3.7582400000E-05   3.1286500000E-05
   33     -7.5990900000E-05   2.7398030000E-04  -2.0937280000E-04  -1.0911470000E-04  -4.2206590000E-04
   34      2.0982800000E-05  -1.8974650000E-04  -8.4370300000E-05   7.5159000000E-05  -3.4994500000E-05
   35     -5.8057400000E-05   8.3328100000E-05  -5.0114900000E-05  -1.5898040000E-04   7.3245900000E-05
   36     -4.9608410000E-04   6.1087670000E-04  -2.7538240000E-04  -1.5898866000E-03   1.8732030000E-04
   37     -5.5423810000E-04  -1.5037500000E-05   6.5935830000E-04   1.7839012000E-03  -3.4023710000E-04
   38      1.6832140000E-04   5.6796270000E-04   1.5152390000E-04  -1.3290916000E-03  -1.7135510000E-04
   39     -8.1331660000E-04  -3.9393400000E-04  -1.0492310000E-04  -1.0486296000E-03   9.6839000000E-06
   40     -5.2386140000E-04   5.4574700000E-05   3.9534340000E-04   2.4670900000E-04  -8.8689100000E-05
   41      2.7881910000E-04  -1.1169894000E-03   1.9830400000E-04  -2.1652917000E-03   1.0650170000E-04
   42     -3.1979500000E-04   1.2106900000E-05  -1.0838900000E-04  -1.1588970000E-04   4.5886900000E-05
   43     -1.9440370000E-04  -3.6342600000E-05  -1.0415070000E-04  -2.0979920000E-04  -1.5580000000E-07
   44      6.6909000000E-05   3.7324520000E-04  -1.4323930000E-04   6.3407270000E-04  -2.4902440000E-04
   45     -4.6194500000E-05   1.3455020000E-04   1.0071180000E-04   1.7672030000E-04  -5.6730400000E-05
   46      6.2152500000E-05  -5.7815140000E-04   6.0758210000E-04  -5.7807800000E-05  -5.5427000000E-06
   47      1.5220660000E-04  -7.8372300000E-05   2.7907720000E-04  -7.3439000000E-06  -8.9561500000E-05
                   25                 26                 27                 28                 29        
    0      4.0056787000E-03   1.1427249700E-02   4.6275640000E-04   9.1115520000E-04   5.7775660000E-04
    1     -4.5440851000E-03  -1.4396894600E-02  -1.6452577000E-03   3.6301450000E-04   1.5458830000E-04
    2     -1.2453971000E-03  -8.3836356000E-03   1.1573527000E-03  -1.4411866000E-03  -4.0347080000E-03
    3      9.0565334800E-02   1.1982542800E-02   8.5307916000E-03   6.3577099000E-03  -5.6561656000E-03
    4     -2.4766617430E-01  -3.5668552500E-02  -1.2552543100E-02  -2.7505597300E-02  -7.7201518000E-03
    5     -3.9438506400E-02  -3.5351524900E-02   5.0276930000E-04  -2.2537080000E-04   9.8475340000E-04
    6      6.7342252000E-03   5.2315766000E-03  -8.7281193200E-02   9.3384579000E-02   2.1146621000E-03
    7     -2.7540229200E-02   3.9090342000E-03   9.0764951800E-02  -2.4822881960E-01   1.6540003900E-02
    8     -2.5525677000E-03   1.5489032000E-03  -9.8730609000E-03   1.6164109800E-02  -3.2872061900E-02
    9      1.2720366000E-03  -1.0382350000E-03  -1.5345924700E-02   5.5692195000E-03  -1.0031521900E-02
   10      3.6050140000E-04   5.4710770000E-04   2.7340305800E-02  -5.7353524000E-03   1.0058844500E-02
   11      1.4622424000E-03  -3.9283800000E-03  -1.7264075000E-03   1.6675840000E-03  -6.6855772000E-03
   12      4.2634500000E-04  -1.6425668000E-03   1.1704462000E-03   4.3200610000E-04  -3.5406314000E-03
   13     -2.4968250000E-04  -1.2046590000E-03   8.2035060000E-04  -8.4474450000E-04  -8.2010460000E-04
   14      3.6489000000E-06   2.0390796000E-03  -9.3318270000E-04   2.6964300000E-05   2.6533756000E-03
   15     -1.0370190000E-04   1.8447359000E-03  -9.7351620000E-04   1.5970100000E-04   2.6535015000E-03
   16     -7.1120200000E-05   7.8909340000E-04  -2.7919020000E-04  -2.6666490000E-04   1.0065033000E-03
   17     -4.0192600000E-04   3.1190381000E-03  -1.2031183000E-03   1.7516470000E-04   2.5964254000E-03
   18     -3.6829430000E-04  -1.1237997000E-03  -5.8987000000E-06   9.9862700000E-05  -6.2582200000E-05
   19      9.2801740000E-04  -6.4160000000E-07   1.7257160000E-04   5.8089160000E-04  -1.6596600000E-05
   20      6.7884210000E-04  -1.5838908000E-03  -3.8750600000E-05  -4.4505480000E-04  -1.0964150000E-04
   21     -6.4244200000E-05   5.0184261000E-03  -6.0537880000E-04  -7.2756720000E-04   5.9766590000E-04
   22      7.1574220000E-04  -3.2596420000E-04  -2.3903470000E-04   4.1679850000E-04   4.4914590000E-04
   23     -1.0864932000E-03   3.1839491000E-03   1.0945550000E-04   6.1413140000E-04   3.0579090000E-04
   24     -9.9143256400E-02  -3.0502277100E-02  -2.0509712000E-03  -2.2579752000E-03   1.3012063000E-03
   25      2.8001829480E-01   4.4748075500E-02  -2.4527594000E-03  -3.5688828000E-03  -2.1835011000E-03
   26      4.4748075500E-02   3.5081440100E-02  -6.5347620000E-04   1.7531178000E-03   4.9074242000E-03
   27     -2.4527594000E-03  -6.5347620000E-04   9.8753010000E-02  -1.0326104530E-01   1.6393081200E-02
   28     -3.5688828000E-03   1.7531178000E-03  -1.0326104530E-01   2.8162854660E-01  -1.8069227400E-02
   29     -2.1835011000E-03   4.9074242000E-03   1.6393081200E-02  -1.8069227400E-02   2.9782517700E-02
   30      5.9261700000E-05   7.2131700000E-05   2.9408970000E-04  -7.5706470000E-04   1.3022613000E-03
   31      5.8918450000E-04  -3.2788200000E-05   8.6804040000E-04   1.0515847000E-03   1.6088560000E-04
   32      5.5187890000E-04  -2.0795590000E-04   1.6217073000E-03  -3.8755330000E-04  -2.9764997000E-03
   33     -6.2972330000E-04  -4.6515710000E-04  -2.9389069000E-03   4.0727100000E-04  -5.4640251000E-03
   34      5.1620340000E-04  -1.5678030000E-04   1.0769937000E-03   9.0344770000E-04   1.1773210000E-04
   35     -6.3506620000E-04   2.9422390000E-04  -5.8723184000E-03   1.8104920000E-04   7.0447668000E-03
   36     -1.8055770000E-04   1.1924570000E-04   6.8994800000E-05  -1.1012440000E-04  -9.1177700000E-05
   37      9.1748600000E-05  -2.5971360000E-04  -2.4524000000E-05   1.2343400000E-05   7.8518700000E-05
   38      1.1662340000E-04   2.5766990000E-04   1.7955090000E-04  -5.0036800000E-05  -5.1769360000E-04
   39      2.2899300000E-05  -8.8137700000E-05  -8.8836200000E-05   1.7743800000E-05  -1.8569700000E-05
   40      2.8182180000E-04   1.1779340000E-04  -5.1469400000E-05   1.7153080000E-04  -6.1308100000E-05
   41     -7.8338700000E-05  -3.7163700000E-04   7.1125200000E-05  -1.9530920000E-04  -2.1570810000E-04
   42     -1.0371010000E-04  -4.4268100000E-05  -8.9705000000E-06  -1.0713540000E-04  -5.3080800000E-05
   43      1.4707100000E-05   5.9722100000E-05  -1.0375410000E-04  -8.8268000000E-05   3.0032430000E-04
   44      5.7651100000E-05  -3.7722590000E-04   3.6795490000E-04  -9.3381000000E-05  -4.6680090000E-04
   45     -3.9533800000E-05  -1.3799100000E-04   1.9507600000E-05  -1.1833610000E-04  -2.2380400000E-05
   46      1.2395300000E-04   1.2205000000E-04  -4.3363630000E-04   1.1101717000E-03   4.3430000000E-06
   47      2.8341000000E-06  -2.2747800000E-04  -1.0268250000E-04   3.2499870000E-04  -3.9636290000E-04
                   30                 31                 32                 33                 34        
    0      2.4255370000E-04   9.0250000000E-05  -1.8586592000E-03  -9.2993800000E-05  -1.3127840000E-04
    1     -3.3750010000E-04   1.4447640000E-04  -1.6127752000E-03  -2.2138020000E-04  -1.6320160000E-04
    2     -1.3781575000E-03  -8.3884320000E-04   5.0925680000E-04  -5.0144310000E-04   3.4635200000E-04
    3     -4.7511029000E-03  -7.4870280000E-04  -4.1644505000E-03  -2.9093840000E-04  -1.6367872000E-03
    4     -2.1801760000E-04   7.5290160000E-04   2.5109395000E-03   1.3570993000E-03   1.1085460000E-03
    5     -4.1509971000E-03   2.4435050000E-04   7.4454210000E-03   1.9112662000E-03  -4.3935160000E-04
    6     -1.8094518600E-02  -6.9713300000E-05  -9.6639393000E-03  -1.1853976900E-02   6.7429504000E-03
    7     -2.0532998500E-02   1.2196926000E-03  -1.3182949400E-02   2.5604793200E-02  -6.3557720000E-03
    8     -6.2144935000E-03  -1.6224410000E-04  -5.0596868000E-03  -2.2123466000E-03   2.5044934000E-03
    9     -1.2878029240E-01  -1.2212455260E-01  -2.9563813200E-02  -8.8784246200E-02   9.7938458300E-02
   10     -1.2078860470E-01  -2.1269240740E-01  -3.4891806200E-02   9.8759772400E-02  -2.5816032380E-01
   11     -3.2721370200E-02  -3.7842449300E-02  -4.0302461800E-02  -1.5349494700E-02   1.7429326500E-02
   12     -2.0523488000E-03  -1.0710220000E-04   3.1848691000E-03  -2.2627352000E-03   4.3608450000E-04
   13     -2.7261169000E-03  -8.4854410000E-04   3.0741343000E-03   1.4985532000E-03  -5.9401270000E-04
   14      3.9440930000E-04   3.4019860000E-04   5.7298760000E-04   1.8010861000E-03  -1.4959450000E-04
   15      2.9476690000E-04   4.2137740000E-04   3.6851070000E-04   4.3358840000E-04  -1.8250890000E-04
   16      6.1499300000E-05  -1.4383600000E-04  -1.1895650000E-04   2.4364870000E-04   2.9531770000E-04
   17      1.2944527000E-03   1.1582760000E-04  -1.7608969000E-03   6.5972840000E-04   9.2915000000E-06
   18      4.1597110000E-04   1.2258450000E-04  -8.0398260000E-04  -2.0638300000E-05  -8.9484300000E-05
   19      5.0399700000E-05   5.1890100000E-05  -1.1971420000E-04  -3.3742600000E-05   4.2390900000E-05
   20      5.5256480000E-04   1.0035170000E-04   3.7796980000E-04  -7.5990900000E-05   2.0982800000E-05
   21      3.2621300000E-05  -3.7738600000E-05   1.1754350000E-04   2.7398030000E-04  -1.8974650000E-04
   22     -7.4231100000E-05   4.6733400000E-05  -1.9010200000E-05  -2.0937280000E-04  -8.4370300000E-05
   23     -2.4179540000E-04   1.3092030000E-04   3.7582400000E-05  -1.0911470000E-04   7.5159000000E-05
   24     -2.3277800000E-05   1.6387150000E-04   3.1286500000E-05  -4.2206590000E-04  -3.4994500000E-05
   25      5.9261700000E-05   5.8918450000E-04   5.5187890000E-04  -6.2972330000E-04   5.1620340000E-04
   26      7.2131700000E-05  -3.2788200000E-05  -2.0795590000E-04  -4.6515710000E-04  -1.5678030000E-04
   27      2.9408970000E-04   8.6804040000E-04   1.6217073000E-03  -2.9389069000E-03   1.0769937000E-03
   28     -7.5706470000E-04   1.0515847000E-03  -3.8755330000E-04   4.0727100000E-04   9.0344770000E-04
   29      1.3022613000E-03   1.6088560000E-04  -2.9764997000E-03  -5.4640251000E-03   1.1773210000E-04
   30      1.4639331930E-01   1.3534916340E-01   3.9234442100E-02   6.4017173000E-03   9.0440815000E-03
   31      1.3534916340E-01   2.3193283060E-01   4.2266751500E-02  -1.4193634700E-02  -2.2743476200E-02
   32      3.9234442100E-02   4.2266751500E-02   4.0093549600E-02   4.7553950000E-04   1.8081160000E-03
   33      6.4017173000E-03  -1.4193634700E-02   4.7553950000E-04   9.9476733300E-02  -1.1267697530E-01
   34      9.0440815000E-03  -2.2743476200E-02   1.8081160000E-03  -1.1267697530E-01   2.8468457390E-01
   35      1.1742126000E-03  -4.2850194000E-03   2.2967924000E-03   1.8622832200E-02  -2.1050435300E-02
   36     -8.0713800000E-05   6.0613000000E-05   1.8024380000E-04   3.8579300000E-05  -1.3084720000E-04
   37     -1.4898510000E-04   1.1908820000E-04   2.4402770000E-04  -1.0007920000E-04  -7.0385400000E-05
   38     -3.4408300000E-05  -8.6458700000E-05  -1.7201840000E-04  -1.5348810000E-04   6.7010500000E-05
   39     -6.2838900000E-05   1.2069200000E-04   8.9842400000E-05  -1.2028090000E-04  -1.6246100000E-05
   40      6.2788000000E-05   1.2373540000E-04   2.3798800000E-05  -1.7692870000E-04   1.4186950000E-04
   41     -4.3498900000E-05  -1.2778790000E-04  -7.7846500000E-05   6.0907100000E-05   2.7637600000E-05
   42      7.7281700000E-05  -1.3915080000E-04   2.2899680000E-04   2.7531190000E-04  -1.7498640000E-04
   43     -1.2139290000E-04  -5.4267690000E-04   2.8248530000E-04   1.3563560000E-04   5.5841500000E-04
   44      1.9732370000E-04   1.4601740000E-04  -1.4878920000E-04   3.4164630000E-04  -3.6865820000E-04
   45     -3.0722770000E-04   2.2400270000E-04   5.2186310000E-04  -1.1312790000E-04   2.5286300000E-05
   46      1.0777182000E-03   9.3882310000E-04  -4.2936710000E-04   2.3506330000E-04  -7.9222200000E-05
   47      5.6292260000E-04  -1.2971220000E-04  -6.2740450000E-04   4.5805440000E-04  -2.4128170000E-04
                   35                 36                 37                 38                 39        
    0      2.5584520000E-04   9.6735460000E-04   8.0392390000E-04   4.3413050000E-03  -1.3214724000E-03
    1      5.2326150000E-04   2.5249760000E-04   1.2228681000E-03  -4.3207092000E-03   4.4393298000E-03
    2      6.8567320000E-04  -5.4927650000E-03   2.0078353000E-03  -3.0842925000E-02  -4.0591802000E-03
    3      2.4588867000E-03  -1.3663367000E-03   8.4324120000E-04  -7.3251067000E-03  -2.3146780000E-04
    4      1.1933121000E-03  -2.7125770000E-04  -1.4437670000E-04  -1.5982080000E-03  -6.5143200000E-04
    5     -3.6685212000E-03   1.6351000000E-06  -3.9391720000E-04   2.9509914000E-03   1.2493368000E-03
    6     -1.1837610400E-02   1.3945543000E-03  -7.7985140000E-04   5.5707577000E-03   3.8942760000E-04
    7      1.4065015100E-02   5.7437720000E-04  -2.0777740000E-04   2.3648796000E-03   3.0392960000E-04
    8     -3.2207099000E-03  -1.7677940000E-04  -3.0847600000E-05   1.1407645000E-03  -3.1860000000E-05
    9     -1.0018306400E-02  -8.8475340000E-04  -4.9333250000E-04  -1.3663793000E-03  -4.1443840000E-04
   10      1.4041159600E-02   1.7682500000E-04  -5.2888240000E-04   9.0720340000E-04  -3.5386620000E-04
   11     -2.9635523800E-02  -1.8265845000E-03   4.0026740000E-04  -4.4648458000E-03  -2.4837050000E-04
   12      3.7380070000E-03  -3.1455283000E-02  -1.2524048800E-02  -1.3125223300E-02  -1.6475271000E-03
   13     -2.0655852000E-03   3.2562344000E-03   5.4601753000E-03  -7.0561062000E-03  -2.4942250300E-02
   14     -3.4418577000E-03   7.7056358000E-03   4.1299512000E-03   2.8142154000E-03   4.4534000000E-06
   15     -9.2414930000E-04  -2.0864504130E-01   7.5769617200E-02   1.2015277860E-01  -4.6506767500E-02
   16     -3.8647720000E-04   7.8462858200E-02  -7.6623505500E-02  -3.7916646900E-02   3.5982006200E-02
   17     -1.0488988000E-03   1.0323181080E-01  -4.3691549500E-02  -6.6744742500E-02   2.4664553000E-03
   18      2.5341780000E-04   1.8878580000E-04   3.6779600000E-05   2.4890710000E-04  -5.5231010000E-04
   19     -1.2212370000E-04  -1.0474130000E-04  -5.2390150000E-04  -2.9305720000E-04   4.5418990000E-04
   20     -5.8057400000E-05  -4.9608410000E-04  -5.5423810000E-04   1.6832140000E-04  -8.1331660000E-04
   21      8.3328100000E-05   6.1087670000E-04  -1.5037500000E-05   5.6796270000E-04  -3.9393400000E-04
   22     -5.0114900000E-05  -2.7538240000E-04   6.5935830000E-04   1.5152390000E-04  -1.0492310000E-04
   23     -1.5898040000E-04  -1.5898866000E-03   1.7839012000E-03  -1.3290916000E-03  -1.0486296000E-03
   24      7.3245900000E-05   1.8732030000E-04  -3.4023710000E-04  -1.7135510000E-04   9.6839000000E-06
   25     -6.3506620000E-04  -1.8055770000E-04   9.1748600000E-05   1.1662340000E-04   2.2899300000E-05
   26      2.9422390000E-04   1.1924570000E-04  -2.5971360000E-04   2.5766990000E-04  -8.8137700000E-05
   27     -5.8723184000E-03   6.8994800000E-05  -2.4524000000E-05   1.7955090000E-04  -8.8836200000E-05
   28      1.8104920000E-04  -1.1012440000E-04   1.2343400000E-05  -5.0036800000E-05   1.7743800000E-05
   29      7.0447668000E-03  -9.1177700000E-05   7.8518700000E-05  -5.1769360000E-04  -1.8569700000E-05
   30      1.1742126000E-03  -8.0713800000E-05  -1.4898510000E-04  -3.4408300000E-05  -6.2838900000E-05
   31     -4.2850194000E-03   6.0613000000E-05   1.1908820000E-04  -8.6458700000E-05   1.2069200000E-04
   32      2.2967924000E-03   1.8024380000E-04   2.4402770000E-04  -1.7201840000E-04   8.9842400000E-05
   33      1.8622832200E-02   3.8579300000E-05  -1.0007920000E-04  -1.5348810000E-04  -1.2028090000E-04
   34     -2.1050435300E-02  -1.3084720000E-04  -7.0385400000E-05   6.7010500000E-05  -1.6246100000E-05
   35      3.3418988500E-02   1.1664340000E-04   8.7505000000E-05   1.7442340000E-04   9.6542500000E-05
   36      1.1664340000E-04   2.4589603910E-01  -8.2919542200E-02  -1.0525988190E-01  -3.9573869000E-03
   37      8.7505000000E-05  -8.2919542200E-02   8.3568225600E-02   4.7800269600E-02   2.3802670200E-02
   38      1.7442340000E-04  -1.0525988190E-01   4.7800269600E-02   9.3329594300E-02  -1.2497442000E-03
