
$orca_hessian_file

$act_atom
  0

$act_coord
  0

$act_energy
      -21.101260

$multiplicity
  1

$hessian
48
                    0                  1                  2                  3                  4        
    0      5.7066412270E-01   1.2516796400E-02  -2.1241987580E-01  -2.6011385270E-01   3.6754960800E-02
    1      1.2516796400E-02   5.6306579690E-01   3.9874957000E-03   1.7897098600E-02  -7.9041473800E-02
    2     -2.1241987580E-01   3.9874957000E-03   1.5743771270E-01   1.2352469630E-01  -2.9438721200E-02
    3     -2.6011385270E-01   1.7897098600E-02   1.2352469630E-01   5.3727588320E-01   1.3680628400E-02
    4      3.6754960800E-02  -7.9041473800E-02  -2.9438721200E-02   1.3680628400E-02   5.8852123750E-01
    5      1.7412368220E-01  -1.2181314100E-02  -1.1429623720E-01  -1.7864087290E-01   7.3329962200E-02
    6     -4.6791297500E-02  -2.4389858900E-02   4.1678635000E-02  -1.2307328890E-01  -9.9372331000E-02
    7     -2.1558226600E-02   9.5869660000E-04   2.2919397100E-02  -1.0474035040E-01  -2.3524136060E-01
    8      7.5664838000E-03   1.0815320100E-02  -8.1996110000E-04   6.8790205000E-03  -2.7963363000E-03
    9      5.4704376000E-03  -2.9562365000E-03  -1.1545962200E-02  -5.2338278500E-02  -2.7053037500E-02
   10     -3.3044820000E-03  -2.5204631000E-03   2.9681827000E-03  -2.3575568800E-02   2.2996914000E-03
   11      8.5463348000E-03  -2.3527894000E-03  -2.0442717900E-02  -3.8875662900E-02  -2.1953876300E-02
   12     -3.1350289000E-03  -6.7176432000E-03  -6.4069180600E-02  -3.9797254800E-02  -1.6984507600E-02
   13     -6.0128920000E-04  -1.3192135000E-03  -3.9306072900E-02  -2.1111024600E-02  -3.7649198000E-03
   14     -1.0108996800E-02  -3.8570094000E-03   1.6611862300E-02   1.7421444900E-02   1.2863172900E-02
   15     -1.9041926100E-02   2.4046232000E-03   9.2704975900E-02   4.3217550500E-02   9.5496935000E-03
   16     -3.0623743000E-03  -2.7931977000E-02   2.8787392600E-02   1.4849894000E-02   5.3427378000E-03
   17      2.4216473000E-03   7.9633068000E-03   8.8722601400E-02   5.5022299000E-02   1.3758579900E-02
   18     -1.4319384570E-01  -1.2334497080E-01   1.9931582600E-02  -1.5508767300E-02  -1.8365879100E-02
   19     -1.2385069910E-01  -1.9745973270E-01   1.4463533700E-02  -4.6332170000E-04   7.9148990000E-04
   20      1.3448014500E-02   1.3065939500E-02  -3.3438000800E-02   1.4933790600E-02   1.6083015500E-02
   21     -9.0481570100E-02   9.7800845700E-02   1.4320178500E-02  -8.9638676000E-03   2.3209555600E-02
   22      9.5575459600E-02  -2.5008235230E-01  -1.0723209800E-02   6.5357323000E-03  -5.9257100000E-03
   23      5.4875696000E-03  -7.8531306000E-03  -2.6070165300E-02   1.5418414700E-02  -1.7856493100E-02
   24     -1.2362065500E-02   2.4642169500E-02   2.2172091000E-03  -8.4701734900E-02   8.9852355300E-02
   25      4.0065567000E-03  -4.5351177000E-03  -1.2446981000E-03   9.0654664600E-02  -2.4756131190E-01
   26      1.1441830400E-02  -1.4392096600E-02  -8.3868703000E-03   1.1980346900E-02  -3.5640964500E-02
   27      4.6200600000E-04  -1.6428902000E-03   1.1611783000E-03   8.5385396000E-03  -1.2536662400E-02
   28      9.1182820000E-04   3.6158070000E-04  -1.4385346000E-03   6.3771065000E-03  -2.7505708200E-02
   29      5.7826240000E-04   1.5273280000E-04  -4.0385776000E-03  -5.6473430000E-03  -7.7307163000E-03
   30      2.4291890000E-04  -3.3535980000E-04  -1.3828590000E-03  -4.7469420000E-03  -2.2417330000E-04
   31      9.0713700000E-05   1.4133830000E-04  -8.4143690000E-04  -7.5146270000E-04   7.5633550000E-04
   32     -1.8565977000E-03  -1.6141111000E-03   5.0818660000E-04  -4.1698604000E-03   2.5089601000E-03
   33     -9.2925800000E-05  -2.2347370000E-04  -5.0927790000E-04  -2.9815230000E-04   1.3512287000E-03
   34     -1.3134030000E-04  -1.6676300000E-04   3.4739960000E-04  -1.6384359000E-03   1.1112496000E-03
   35      2.5186930000E-04   5.2484380000E-04   6.8896230000E-04   2.4648653000E-03   1.2009134000E-03
   36      9.6421370000E-04   2.5190850000E-04  -5.4800612000E-03  -1.3612294000E-03  -2.7093270000E-04
   37      8.0920070000E-04   1.2215748000E-03   1.9789184000E-03   8.3913140000E-04  -1.4584740000E-04
   38      4.3285432000E-03  -4.3481113000E-03  -3.0817640500E-02  -7.3213510000E-03  -1.6041041000E-03
   39     -1.3140536000E-03   4.4225934000E-03  -4.0686902000E-03  -2.3355240000E-04  -6.4821210000E-04
   40      1.0725969000E-03  -1.8798437000E-03   2.9004583000E-03   5.8250510000E-04   2.3894130000E-04
   41     -4.5861553000E-03   1.1802498700E-02  -1.3368441600E-02  -4.3329684000E-03   4.8357100000E-04
   42     -1.4240794000E-03  -1.1319140000E-04   3.0216416000E-03   1.7535055000E-03   6.4442720000E-04
   43     -9.0426070000E-04   1.4554200000E-05   1.6183343000E-03   1.0689975000E-03   5.5087820000E-04
   44      1.9436150000E-04  -1.4389992000E-03  -1.1279884000E-02  -7.6602694000E-03  -2.9990964000E-03
   45      1.4694650000E-04  -2.1241070000E-04   9.1580980000E-04   3.5144200000E-04   4.1288620000E-04
   46      1.6745592000E-03  -8.2660480000E-04   3.0215610000E-03  -2.0559430000E-04  -4.2622960000E-04
   47      5.8302670000E-04  -2.7457590000E-04  -1.0108291000E-03  -9.9655020000E-04  -2.0786680000E-04
                    5                  6                  7                  8                  9        
    0      1.7412368220E-01  -4.6791297500E-02  -2.1558226600E-02   7.5664838000E-03   5.4704376000E-03
    1     -1.2181314100E-02  -2.4389858900E-02   9.5869660000E-04   1.0815320100E-02  -2.9562365000E-03
    2     -1.1429623720E-01   4.1678635000E-02   2.2919397100E-02  -8.1996110000E-04  -1.1545962200E-02
    3     -1.7864087290E-01  -1.2307328890E-01  -1.0474035040E-01   6.8790205000E-03  -5.2338278500E-02
    4      7.3329962200E-02  -9.9372331000E-02  -2.3524136060E-01  -2.7963363000E-03  -2.7053037500E-02
    5      2.6289917360E-01  -2.4465853000E-03  -7.0058187000E-03  -3.5278760700E-02  -5.0237479000E-03
    6     -2.4465853000E-03   6.4793224870E-01  -1.0508911900E-02   1.5962527730E-01  -3.6606162460E-01
    7     -7.0058187000E-03  -1.0508911900E-02   5.9396668010E-01  -3.9016809500E-02   5.6519383200E-02
    8     -3.5278760700E-02   1.5962527730E-01  -3.9016809500E-02   2.0606580500E-01  -1.6930721970E-01
    9     -5.0237479000E-03  -3.6606162460E-01   5.6519383200E-02  -1.6930721970E-01   6.5048686300E-01
   10     -5.6618261000E-03   3.0516078500E-02  -8.0944276800E-02   9.2009209000E-03  -8.7967583000E-03
   11     -8.5750220000E-04  -1.3726931200E-01   3.1811815200E-02  -8.9862533800E-02   2.2765625010E-01
   12      1.3950258600E-02   3.5064952400E-02   1.3365041800E-02   2.0330921400E-02  -1.1801918200E-02
   13      1.0805708800E-02   1.2296978200E-02   7.5693369000E-03   8.0928464000E-03  -3.3998299000E-03
   14     -1.5432498000E-02  -3.7859603000E-02  -1.4025304800E-02  -3.0640930100E-02  -3.1295100000E-05
   15     -3.0444848700E-02  -3.1964794800E-02  -1.5805624400E-02  -6.4974799000E-03   6.5590974000E-03
   16     -1.2570527900E-02  -1.2380349400E-02  -4.8135044000E-03  -2.7646051000E-03   2.5234063000E-03
   17     -6.0561264800E-02  -2.7864109900E-02  -1.6728010300E-02  -1.4181216100E-02   9.4434661000E-03
   18      3.0969591000E-03  -5.3492361000E-03  -8.5991800000E-04   4.6107311000E-03   6.5120030000E-04
   19      1.1594839000E-03  -1.1253761000E-03   1.0576796000E-03  -1.6880920000E-04   8.1161400000E-05
   20     -5.7233598000E-03   5.0610429000E-03  -2.2643144000E-03   3.1912793000E-03   1.5893652000E-03
   21      1.3356717000E-03  -1.6373178000E-03   6.5343030000E-04  -1.5118753000E-03   3.4882950000E-04
   22     -4.0212337000E-03  -1.5932639000E-03   9.0935650000E-04   8.2720520000E-04  -1.4713820000E-04
   23     -6.7191997000E-03  -3.0302222000E-03  -1.4648870000E-03  -2.3957749000E-03   1.3277750000E-04
   24      2.3261765400E-02   9.4786034000E-03  -1.3234682600E-02  -1.9513355000E-03   2.9429010000E-04
   25     -3.9400073300E-02   6.7526366000E-03  -2.7545435200E-02  -2.5493176000E-03   1.2709279000E-03
   26     -3.5361236300E-02   5.2243112000E-03   3.9158173000E-03   1.5469532000E-03  -1.0341955000E-03
   27      5.0457170000E-04  -8.7357503100E-02   9.0838235500E-02  -9.8956924000E-03  -1.5360574400E-02
   28     -2.2652930000E-04   9.3452827100E-02  -2.4817251590E-01   1.6164279800E-02   5.5696827000E-03
   29      9.8253350000E-04   2.0940343000E-03   1.6542239600E-02  -3.2865761900E-02  -1.0045082300E-02
   30     -4.1566428000E-03  -1.8075272500E-02  -2.0528194600E-02  -6.2295199000E-03  -1.2859254110E-01
   31      2.3792630000E-04  -7.8257800000E-05   1.2123943000E-03  -1.6328750000E-04  -1.2204408440E-01
   32      7.4339752000E-03  -9.6756651000E-03  -1.3203442900E-02  -5.0814535000E-03  -2.9720376300E-02
   33      1.9158324000E-03  -1.1849754000E-02   2.5596671800E-02  -2.2061366000E-03  -8.8858898300E-02
   34     -4.3871210000E-04   6.7459695000E-03  -6.3503447000E-03   2.5119605000E-03   9.8024982700E-02
   35     -3.6609308000E-03  -1.1862388100E-02   1.4075842200E-02  -3.2335850000E-03  -1.0062340600E-02
   36      4.4590000000E-07   1.3892848000E-03   5.7384770000E-04  -1.7642100000E-04  -8.8452510000E-04
   37     -3.9108860000E-04  -7.7977040000E-04  -2.0772530000E-04  -3.2283600000E-05  -4.9740500000E-04
   38      2.9482056000E-03   5.5726318000E-03   2.3668293000E-03   1.1464847000E-03  -1.3596536000E-03
   39      1.2466340000E-03   3.8867910000E-04   3.0211320000E-04  -3.0359300000E-05  -4.1438540000E-04
   40     -3.0206650000E-04  -2.3404800000E-04  -3.6605170000E-04  -1.4914560000E-04  -2.6992500000E-05
   41      2.0474805000E-03   2.5969824000E-03   1.2387993000E-03   3.3692470000E-04  -5.5725210000E-04
   42      5.1051110000E-04  -1.2997544000E-03  -3.8418560000E-04  -7.6037900000E-04   5.0217350000E-04
   43     -3.1319510000E-04  -9.3157340000E-04  -7.6046080000E-04  -4.7618360000E-04   4.1636780000E-04
   44      2.2939561000E-03   6.4397815000E-03   2.4797616000E-03   2.6036509000E-03  -1.1196144000E-03
   45      7.6636550000E-04  -7.9392480000E-04  -2.2862940000E-04  -4.4601550000E-04  -1.4600000000E-07
   46     -3.0206959000E-03   1.6292508000E-03  -1.2724686000E-03   5.0424500000E-04   5.1557050000E-04
   47     -7.1433500000E-04   1.7151892000E-03  -1.6419141000E-03  -5.3112070000E-04   9.8488050000E-04
                   10                 11                 12                 13                 14        
    0     -3.3044820000E-03   8.5463348000E-03  -3.1350289000E-03  -6.0128920000E-04  -1.0108996800E-02
    1     -2.5204631000E-03  -2.3527894000E-03  -6.7176432000E-03  -1.3192135000E-03  -3.8570094000E-03
    2      2.9681827000E-03  -2.0442717900E-02  -6.4069180600E-02  -3.9306072900E-02   1.6611862300E-02
    3     -2.3575568800E-02  -3.8875662900E-02  -3.9797254800E-02  -2.1111024600E-02   1.7421444900E-02
    4      2.2996914000E-03  -2.1953876300E-02  -1.6984507600E-02  -3.7649198000E-03   1.2863172900E-02
    5     -5.6618261000E-03  -8.5750220000E-04   1.3950258600E-02   1.0805708800E-02  -1.5432498000E-02
    6      3.0516078500E-02  -1.3726931200E-01   3.5064952400E-02   1.2296978200E-02  -3.7859603000E-02
    7     -8.0944276800E-02   3.1811815200E-02   1.3365041800E-02   7.5693369000E-03  -1.4025304800E-02
    8      9.2009209000E-03  -8.9862533800E-02   2.0330921400E-02   8.0928464000E-03  -3.0640930100E-02
    9     -8.7967583000E-03   2.2765625010E-01  -1.1801918200E-02  -3.3998299000E-03  -3.1295100000E-05
   10      5.7126437940E-01   1.1385837500E-02   5.0160669000E-03  -8.9388545000E-03  -6.9171349000E-03
   11      1.1385837500E-02   1.5896850850E-01  -4.1426868500E-02  -1.2881151000E-02   3.3083683100E-02
   12      5.0160669000E-03  -4.1426868500E-02   5.6823702060E-01   1.5315954800E-02   1.3754906800E-01
   13     -8.9388545000E-03  -1.2881151000E-02   1.5315954800E-02   3.5729796930E-01   3.8918730700E-02
   14     -6.9171349000E-03   3.3083683100E-02   1.3754906800E-01   3.8918730700E-02   8.6042068300E-02
   15     -5.1633775000E-03   2.7334356100E-02  -2.3775252650E-01  -9.6769855400E-02  -4.8993769700E-02
   16     -2.0179038000E-03   1.1301926700E-02  -1.2253455350E-01  -1.4264337120E-01  -3.1189050400E-02
   17     -1.3387368000E-03   2.3825581400E-02   2.9649089500E-02   1.3590865900E-02  -5.9194087900E-02
   18     -5.4573500000E-04   1.7778940000E-03   8.4531710000E-04   1.0603851000E-03  -1.9133082000E-03
   19      2.3374600000E-05   2.9588870000E-04   2.5254140000E-04  -3.2669000000E-05   1.0070180000E-04
   20      1.1892524000E-03   7.7503400000E-04   1.9174080000E-04   1.1324135000E-03  -2.8288659000E-03
   21     -2.9948220000E-04   1.0855787000E-03   1.2331219000E-03   1.9321677000E-03  -8.1066590000E-04
   22     -1.2881340000E-04  -5.4356440000E-04  -3.6955380000E-04  -1.8116910000E-04   1.1227660000E-04
   23     -5.8433610000E-04   9.4230070000E-04   2.1060566000E-03   2.0554957000E-03  -9.9718190000E-04
   24     -1.1862603000E-03  -1.7605238000E-03  -1.1846701000E-03  -5.6219390000E-04   1.0235197000E-03
   25      3.5685910000E-04   1.4631645000E-03   4.2645170000E-04  -2.4946010000E-04   5.6605000000E-06
   26      5.4835130000E-04  -3.9327124000E-03  -1.6460038000E-03  -1.2038844000E-03   2.0417012000E-03
   27      2.7334232000E-02  -1.7197654000E-03   1.1787738000E-03   8.1930380000E-04  -9.3924110000E-04
   28     -5.7282480000E-03   1.6706198000E-03   4.3244500000E-04  -8.4219660000E-04   3.0596600000E-05
   29      1.0073528900E-02  -6.7011760000E-03  -3.5424534000E-03  -8.2413510000E-04   2.6701493000E-03
   30     -1.2069881650E-01  -3.2858199400E-02  -2.0706002000E-03  -2.7454085000E-03   4.0925550000E-04
   31     -2.1278427590E-01  -3.8057016200E-02  -1.1716200000E-04  -8.5522370000E-04   3.4162740000E-04
   32     -3.5129354600E-02  -4.0399169900E-02   3.2187802000E-03   3.0908042000E-03   5.6022590000E-04
   33      9.8848689600E-02  -1.5402951400E-02  -2.2869968000E-03   1.5075147000E-03   1.8284188000E-03
   34     -2.5810980640E-01   1.7450320800E-02   4.3330770000E-04  -5.9090950000E-04  -1.4840100000E-04
   35      1.4082715500E-02  -2.9618052400E-02   3.7751306000E-03  -2.0762421000E-03  -3.4830812000E-03
   36      1.7719050000E-04  -1.8303865000E-03  -3.1468513600E-02   3.3134077000E-03   7.7039497000E-03
   37     -5.2848940000E-04   4.0695950000E-04  -1.2497582700E-02   5.4635830000E-03   4.1040767000E-03
   38      9.1190680000E-04  -4.4887400000E-03  -1.3126810700E-02  -7.0469545000E-03   2.8333510000E-03
   39     -3.5387560000E-04  -2.5122840000E-04  -1.6935506000E-03  -2.4975166600E-02   1.9502800000E-05
   40     -3.0467870000E-04   2.3609480000E-04  -3.3597699000E-03  -2.3022511500E-02  -8.8231500000E-04
   41      4.7819940000E-04  -1.9474452000E-03  -5.5434074000E-03  -5.6459611000E-03   2.8804122000E-03
   42     -3.0271280000E-04   2.9551516000E-03  -2.5621801940E-01   1.0252733920E-01  -6.5446190800E-02
   43      2.5454420000E-04   2.2814249000E-03   1.1263238940E-01  -7.9053906800E-02   2.3294463900E-02
   44      3.9175201000E-03  -1.5442186400E-02  -8.0397794900E-02   1.8864590800E-02  -2.0116092000E-02
   45      2.3348116000E-03   2.0393329000E-03  -1.9150106700E-02   1.1391716900E-02   1.4791110000E-04
   46     -2.1930388000E-03  -2.5156551000E-03   1.4706574100E-02  -1.0883648410E-01  -2.2752091600E-02
   47     -5.1250272000E-03  -3.9028714000E-03  -1.0185263000E-03  -2.7567054800E-02  -1.4030716200E-02
                   15                 16                 17                 18                 19        
    0     -1.9041926100E-02  -3.0623743000E-03   2.4216473000E-03  -1.4319384570E-01  -1.2385069910E-01
    1      2.4046232000E-03  -2.7931977000E-02   7.9633068000E-03  -1.2334497080E-01  -1.9745973270E-01
    2      9.2704975900E-02   2.8787392600E-02   8.8722601400E-02   1.9931582600E-02   1.4463533700E-02
    3      4.3217550500E-02   1.4849894000E-02   5.5022299000E-02  -1.5508767300E-02  -4.6332170000E-04
    4      9.5496935000E-03   5.3427378000E-03   1.3758579900E-02  -1.8365879100E-02   7.9148990000E-04
    5     -3.0444848700E-02  -1.2570527900E-02  -6.0561264800E-02   3.0969591000E-03   1.1594839000E-03
    6     -3.1964794800E-02  -1.2380349400E-02  -2.7864109900E-02  -5.3492361000E-03  -1.1253761000E-03
    7     -1.5805624400E-02  -4.8135044000E-03  -1.6728010300E-02  -8.5991800000E-04   1.0576796000E-03
    8     -6.4974799000E-03  -2.7646051000E-03  -1.4181216100E-02   4.6107311000E-03  -1.6880920000E-04
    9      6.5590974000E-03   2.5234063000E-03   9.4434661000E-03   6.5120030000E-04   8.1161400000E-05
   10     -5.1633775000E-03  -2.0179038000E-03  -1.3387368000E-03  -5.4573500000E-04   2.3374600000E-05
   11      2.7334356100E-02   1.1301926700E-02   2.3825581400E-02   1.7778940000E-03   2.9588870000E-04
   12     -2.3775252650E-01  -1.2253455350E-01   2.9649089500E-02   8.4531710000E-04   2.5254140000E-04
   13     -9.6769855400E-02  -1.4264337120E-01   1.3590865900E-02   1.0603851000E-03  -3.2669000000E-05
   14     -4.8993769700E-02  -3.1189050400E-02  -5.9194087900E-02  -1.9133082000E-03   1.0070180000E-04
   15      5.3097811060E-01   1.5330340300E-02  -1.5644610260E-01  -6.8795781000E-03   1.8222530000E-04
   16      1.5330340300E-02   5.6389399960E-01   1.4761092500E-02  -5.7761582000E-03  -1.5437200000E-04
   17     -1.5644610260E-01   1.4761092500E-02   1.2179291770E-01  -4.7465049000E-03   4.2394390000E-04
   18     -6.8795781000E-03  -5.7761582000E-03  -4.7465049000E-03   1.6215226800E-01   1.3972308250E-01
   19      1.8222530000E-04  -1.5437200000E-04   4.2394390000E-04   1.3972308250E-01   2.1756774810E-01
   20     -1.1000411700E-02  -8.6241375000E-03  -5.7535351000E-03  -2.0830688900E-02  -1.8274045700E-02
   21     -5.9885367000E-03   5.1653413000E-03  -6.3678733000E-03   7.0952798000E-03  -1.6230883800E-02
   22      1.9415196000E-03  -1.2215996000E-03   1.4044990000E-03   8.6381994000E-03  -2.3877769600E-02
   23     -1.0350250300E-02   8.3921469000E-03  -1.0618706200E-02  -4.9923270000E-04   1.9548287000E-03
   24      1.1648668000E-03   5.5406340000E-04   1.6829480000E-03   2.8461300000E-04   7.7919910000E-04
   25     -1.0337070000E-04  -7.0691300000E-05  -4.0441290000E-04  -3.6895660000E-04   9.2918170000E-04
   26      1.8464604000E-03   7.9137030000E-04   3.1229685000E-03  -1.1255004000E-03  -2.8957000000E-06
   27     -9.7911880000E-04  -2.7739770000E-04  -1.2077285000E-03  -5.3445000000E-06   1.7194120000E-04
   28      1.5760230000E-04  -2.6617490000E-04   1.7031390000E-04   9.9251500000E-05   5.8165620000E-04
   29      2.6561069000E-03   1.0080608000E-03   2.5949566000E-03  -6.3003000000E-05  -1.5872400000E-05
   30      2.9360630000E-04   6.3407800000E-05   1.2991292000E-03   4.1747050000E-04   5.0815000000E-05
   31      4.2596730000E-04  -1.4825170000E-04   1.1625620000E-04   1.2331360000E-04   5.2588500000E-05
   32      3.6589520000E-04  -1.1723340000E-04  -1.7740548000E-03  -8.0272910000E-04  -1.2013140000E-04
   33      4.4097220000E-04   2.4571160000E-04   6.6464480000E-04  -2.0536900000E-05  -3.4140400000E-05
   34     -1.7821230000E-04   2.9149170000E-04   8.2019000000E-06  -8.9850200000E-05   4.2742700000E-05
   35     -9.3264450000E-04  -3.9064640000E-04  -1.0576910000E-03   2.5347430000E-04  -1.2208470000E-04
   36     -2.0868525290E-01   7.8773060500E-02   1.0305446020E-01   1.8727040000E-04  -1.0522500000E-04
   37      7.6112585300E-02  -7.6902060900E-02  -4.3781358600E-02   3.7768300000E-05  -5.2645130000E-04
   38      1.1998394820E-01  -3.8018323500E-02  -6.6539926500E-02   2.4754120000E-04  -2.9162880000E-04
   39     -4.6405244700E-02   3.5675840200E-02   2.4821798000E-03  -5.5462630000E-04   4.5439600000E-04
   40      3.4820754800E-02  -2.8836478030E-01   1.9350302300E-02  -1.3554680000E-04   7.6541740000E-04
   41      8.1291208000E-03   2.5623243900E-02  -2.7876238700E-02  -1.7324750000E-04   5.5810470000E-04
   42     -2.5768840600E-02   5.1750871000E-03  -5.6054358000E-03  -1.0540980000E-04   7.9673800000E-05
   43     -1.5278033100E-02   3.4380516000E-03  -2.7981580000E-03  -1.1441020000E-04   3.2181300000E-05
   44      1.0460829600E-02   7.5741736000E-03   7.4584143000E-03   2.1301010000E-04   1.9459800000E-05
   45      8.1161550000E-04  -1.4325319500E-02  -3.4821089000E-03  -1.6074400000E-05   3.4610500000E-05
   46     -7.6268381000E-03  -2.8431593700E-02  -6.4966858000E-03  -8.0575500000E-05   2.0693440000E-04
   47      1.1838141000E-03  -4.5648830000E-03   3.9281000000E-05   2.3022500000E-05   1.9522700000E-05
                   20                 21                 22                 23                 24        
    0      1.3448014500E-02  -9.0481570100E-02   9.5575459600E-02   5.4875696000E-03  -1.2362065500E-02
    1      1.3065939500E-02   9.7800845700E-02  -2.5008235230E-01  -7.8531306000E-03   2.4642169500E-02
    2     -3.3438000800E-02   1.4320178500E-02  -1.0723209800E-02  -2.6070165300E-02   2.2172091000E-03
    3      1.4933790600E-02  -8.9638676000E-03   6.5357323000E-03   1.5418414700E-02  -8.4701734900E-02
    4      1.6083015500E-02   2.3209555600E-02  -5.9257100000E-03  -1.7856493100E-02   8.9852355300E-02
    5     -5.7233598000E-03   1.3356717000E-03  -4.0212337000E-03  -6.7191997000E-03   2.3261765400E-02
    6      5.0610429000E-03  -1.6373178000E-03  -1.5932639000E-03  -3.0302222000E-03   9.4786034000E-03
    7     -2.2643144000E-03   6.5343030000E-04   9.0935650000E-04  -1.4648870000E-03  -1.3234682600E-02
    8      3.1912793000E-03  -1.5118753000E-03   8.2720520000E-04  -2.3957749000E-03  -1.9513355000E-03
    9      1.5893652000E-03   3.4882950000E-04  -1.4713820000E-04   1.3277750000E-04   2.9429010000E-04
   10      1.1892524000E-03  -2.9948220000E-04  -1.2881340000E-04  -5.8433610000E-04  -1.1862603000E-03
   11      7.7503400000E-04   1.0855787000E-03  -5.4356440000E-04   9.4230070000E-04  -1.7605238000E-03
   12      1.9174080000E-04   1.2331219000E-03  -3.6955380000E-04   2.1060566000E-03  -1.1846701000E-03
   13      1.1324135000E-03   1.9321677000E-03  -1.8116910000E-04   2.0554957000E-03  -5.6219390000E-04
   14     -2.8288659000E-03  -8.1066590000E-04   1.1227660000E-04  -9.9718190000E-04   1.0235197000E-03
   15     -1.1000411700E-02  -5.9885367000E-03   1.9415196000E-03  -1.0350250300E-02   1.1648668000E-03
   16     -8.6241375000E-03   5.1653413000E-03  -1.2215996000E-03   8.3921469000E-03   5.5406340000E-04
   17     -5.7535351000E-03  -6.3678733000E-03   1.4044990000E-03  -1.0618706200E-02   1.6829480000E-03
   18     -2.0830688900E-02   7.0952798000E-03   8.6381994000E-03  -4.9923270000E-04   2.8461300000E-04
   19     -1.8274045700E-02  -1.6230883800E-02  -2.3877769600E-02   1.9548287000E-03   7.7919910000E-04
   20      4.3170761600E-02  -6.2338370000E-04  -1.4514680000E-03   1.3182316000E-03  -1.5267239000E-03
   21     -6.2338370000E-04   1.0032360390E-01  -1.1063592430E-01  -1.2997789200E-02  -1.9954556000E-03
   22     -1.4514680000E-03  -1.1063592430E-01   2.7785254390E-01   1.3856173400E-02   9.7059430000E-04
   23      1.3182316000E-03  -1.2997789200E-02   1.3856173400E-02   4.4043079400E-02   6.5595617000E-03
   24     -1.5267239000E-03  -1.9954556000E-03   9.7059430000E-04   6.5595617000E-03   9.1328200300E-02
   25      6.7832370000E-04  -6.5928200000E-05   7.1609190000E-04  -1.0836335000E-03  -9.9250031700E-02
   26     -1.5857961000E-03   5.0232297000E-03  -3.2287120000E-04   3.1886203000E-03  -3.0509203400E-02
   27     -3.8347300000E-05  -6.0541130000E-04  -2.4041190000E-04   1.0904280000E-04  -2.0506142000E-03
   28     -4.4523120000E-04  -7.2807820000E-04   4.1669550000E-04   6.1420320000E-04  -2.2579428000E-03
   29     -1.0981740000E-04   5.9790840000E-04   4.5084010000E-04   3.0658210000E-04   1.3025406000E-03
   30      5.5204120000E-04   3.2477800000E-05  -7.4538600000E-05  -2.4290220000E-04  -2.2249800000E-05
   31      9.9969400000E-05  -3.8065500000E-05   4.6870600000E-05   1.3148780000E-04   1.6313270000E-04
   32      3.7876200000E-04   1.1800510000E-04  -1.8946200000E-05   3.6870500000E-05   3.1228900000E-05
   33     -7.6558000000E-05   2.7466570000E-04  -2.0941420000E-04  -1.0944960000E-04  -4.2152410000E-04
   34      2.0293300000E-05  -1.8989030000E-04  -8.4267600000E-05   7.5701100000E-05  -3.6395900000E-05
   35     -5.8541000000E-05   8.3446700000E-05  -5.0837800000E-05  -1.5966440000E-04   7.2830800000E-05
   36     -4.9239850000E-04   6.1172810000E-04  -2.7652000000E-04  -1.5986908000E-03   1.8781530000E-04
   37     -5.5120600000E-04  -1.2687100000E-05   6.6525690000E-04   1.7860993000E-03  -3.4009480000E-04
   38      1.6950660000E-04   5.6497030000E-04   1.5073890000E-04  -1.3443183000E-03  -1.7097460000E-04
   39     -8.2092330000E-04  -3.9272920000E-04  -1.0618320000E-04  -1.0433351000E-03   8.5022000000E-06
   40     -5.2598360000E-04   5.3194000000E-05   3.9473220000E-04   2.4369570000E-04  -8.8297400000E-05
   41      2.7492690000E-04  -1.1139471000E-03   1.9500810000E-04  -2.1588233000E-03   1.0603440000E-04
   42     -3.1976740000E-04   1.1202300000E-05  -1.0874280000E-04  -1.1781440000E-04   4.6841900000E-05
   43     -1.9340530000E-04  -3.6699100000E-05  -1.0438900000E-04  -2.1027440000E-04  -1.7330000000E-07
   44      6.6630700000E-05   3.7456510000E-04  -1.4309700000E-04   6.3459890000E-04  -2.4972950000E-04
   45     -4.6792500000E-05   1.3397920000E-04   1.0018580000E-04   1.7626360000E-04  -5.5418700000E-05
   46      6.0584200000E-05  -5.7689570000E-04   6.0452310000E-04  -5.7077100000E-05  -5.4417000000E-06
   47      1.5278330000E-04  -7.8019500000E-05   2.7848700000E-04  -6.4493000000E-06  -8.9147700000E-05
                   25                 26                 27                 28                 29        
    0      4.0065567000E-03   1.1441830400E-02   4.6200600000E-04   9.1182820000E-04   5.7826240000E-04
    1     -4.5351177000E-03  -1.4392096600E-02  -1.6428902000E-03   3.6158070000E-04   1.5273280000E-04
    2     -1.2446981000E-03  -8.3868703000E-03   1.1611783000E-03  -1.4385346000E-03  -4.0385776000E-03
    3      9.0654664600E-02   1.1980346900E-02   8.5385396000E-03   6.3771065000E-03  -5.6473430000E-03
    4     -2.4756131190E-01  -3.5640964500E-02  -1.2536662400E-02  -2.7505708200E-02  -7.7307163000E-03
    5     -3.9400073300E-02  -3.5361236300E-02   5.0457170000E-04  -2.2652930000E-04   9.8253350000E-04
    6      6.7526366000E-03   5.2243112000E-03  -8.7357503100E-02   9.3452827100E-02   2.0940343000E-03
    7     -2.7545435200E-02   3.9158173000E-03   9.0838235500E-02  -2.4817251590E-01   1.6542239600E-02
    8     -2.5493176000E-03   1.5469532000E-03  -9.8956924000E-03   1.6164279800E-02  -3.2865761900E-02
    9      1.2709279000E-03  -1.0341955000E-03  -1.5360574400E-02   5.5696827000E-03  -1.0045082300E-02
   10      3.5685910000E-04   5.4835130000E-04   2.7334232000E-02  -5.7282480000E-03   1.0073528900E-02
   11      1.4631645000E-03  -3.9327124000E-03  -1.7197654000E-03   1.6706198000E-03  -6.7011760000E-03
   12      4.2645170000E-04  -1.6460038000E-03   1.1787738000E-03   4.3244500000E-04  -3.5424534000E-03
   13     -2.4946010000E-04  -1.2038844000E-03   8.1930380000E-04  -8.4219660000E-04  -8.2413510000E-04
   14      5.6605000000E-06   2.0417012000E-03  -9.3924110000E-04   3.0596600000E-05   2.6701493000E-03
   15     -1.0337070000E-04   1.8464604000E-03  -9.7911880000E-04   1.5760230000E-04   2.6561069000E-03
   16     -7.0691300000E-05   7.9137030000E-04  -2.7739770000E-04  -2.6617490000E-04   1.0080608000E-03
   17     -4.0441290000E-04   3.1229685000E-03  -1.2077285000E-03   1.7031390000E-04   2.5949566000E-03
   18     -3.6895660000E-04  -1.1255004000E-03  -5.3445000000E-06   9.9251500000E-05  -6.3003000000E-05
   19      9.2918170000E-04  -2.8957000000E-06   1.7194120000E-04   5.8165620000E-04  -1.5872400000E-05
   20      6.7832370000E-04  -1.5857961000E-03  -3.8347300000E-05  -4.4523120000E-04  -1.0981740000E-04
   21     -6.5928200000E-05   5.0232297000E-03  -6.0541130000E-04  -7.2807820000E-04   5.9790840000E-04
   22      7.1609190000E-04  -3.2287120000E-04  -2.4041190000E-04   4.1669550000E-04   4.5084010000E-04
   23     -1.0836335000E-03   3.1886203000E-03   1.0904280000E-04   6.1420320000E-04   3.0658210000E-04
   24     -9.9250031700E-02  -3.0509203400E-02  -2.0506142000E-03  -2.2579428000E-03   1.3025406000E-03
   25      2.7991291990E-01   4.4707590500E-02  -2.4504475000E-03  -3.5713584000E-03  -2.1866431000E-03
   26      4.4707590500E-02   3.5083216600E-02  -6.5781700000E-04   1.7522729000E-03   4.9127192000E-03
   27     -2.4504475000E-03  -6.5781700000E-04   9.8827823300E-02  -1.0334641910E-01   1.6420533200E-02
   28     -3.5713584000E-03   1.7522729000E-03  -1.0334641910E-01   2.8156622630E-01  -1.8069765600E-02
   29     -2.1866431000E-03   4.9127192000E-03   1.6420533200E-02  -1.8069765600E-02   2.9782959300E-02
   30      5.8587200000E-05   7.2271400000E-05   2.9141980000E-04  -7.5664990000E-04   1.3035906000E-03
   31      5.9023430000E-04  -3.3499500000E-05   8.6712650000E-04   1.0519467000E-03   1.6491260000E-04
   32      5.5143240000E-04  -2.0705660000E-04   1.6235084000E-03  -3.8801870000E-04  -2.9716398000E-03
   33     -6.3002400000E-04  -4.6602150000E-04  -2.9314052000E-03   4.0595910000E-04  -5.4713217000E-03
   34      5.1701830000E-04  -1.5934810000E-04   1.0784398000E-03   9.0403490000E-04   1.1433800000E-04
   35     -6.3533060000E-04   2.9416470000E-04  -5.8784282000E-03   1.7834570000E-04   7.0309378000E-03
   36     -1.8069810000E-04   1.2025120000E-04   6.9332600000E-05  -1.1035160000E-04  -9.0481400000E-05
   37      9.1189600000E-05  -2.5810880000E-04  -2.4995600000E-05   1.2292600000E-05   7.8099700000E-05
   38      1.1655610000E-04   2.5878760000E-04   1.8041200000E-04  -4.9384700000E-05  -5.1824380000E-04
   39      2.3278900000E-05  -8.8622800000E-05  -8.8502000000E-05   1.7747500000E-05  -1.8404600000E-05
   40      2.8125820000E-04   1.1759550000E-04  -5.1760900000E-05   1.7135140000E-04  -6.1575200000E-05
   41     -7.8150700000E-05  -3.7135310000E-04   7.1953100000E-05  -1.9515960000E-04  -2.1677020000E-04
   42     -1.0404880000E-04  -4.3909700000E-05  -8.0993000000E-06  -1.0762590000E-04  -5.3734400000E-05
   43      1.5349600000E-05   5.9446400000E-05  -1.0513200000E-04  -8.7985500000E-05   3.0038090000E-04
   44      5.7449700000E-05  -3.7778110000E-04   3.6844400000E-04  -9.3902300000E-05  -4.6431400000E-04
   45     -3.9598000000E-05  -1.3742700000E-04   1.8677900000E-05  -1.1738240000E-04  -2.1152600000E-05
   46      1.2327200000E-04   1.2122470000E-04  -4.3316150000E-04   1.1084030000E-03   3.5743000000E-06
   47      2.0824000000E-06  -2.2632560000E-04  -1.0262370000E-04   3.2589410000E-04  -3.9453730000E-04
                   30                 31                 32                 33                 34        
    0      2.4291890000E-04   9.0713700000E-05  -1.8565977000E-03  -9.2925800000E-05  -1.3134030000E-04
    1     -3.3535980000E-04   1.4133830000E-04  -1.6141111000E-03  -2.2347370000E-04  -1.6676300000E-04
    2     -1.3828590000E-03  -8.4143690000E-04   5.0818660000E-04  -5.0927790000E-04   3.4739960000E-04
    3     -4.7469420000E-03  -7.5146270000E-04  -4.1698604000E-03  -2.9815230000E-04  -1.6384359000E-03
    4     -2.2417330000E-04   7.5633550000E-04   2.5089601000E-03   1.3512287000E-03   1.1112496000E-03
    5     -4.1566428000E-03   2.3792630000E-04   7.4339752000E-03   1.9158324000E-03  -4.3871210000E-04
    6     -1.8075272500E-02  -7.8257800000E-05  -9.6756651000E-03  -1.1849754000E-02   6.7459695000E-03
    7     -2.0528194600E-02   1.2123943000E-03  -1.3203442900E-02   2.5596671800E-02  -6.3503447000E-03
    8     -6.2295199000E-03  -1.6328750000E-04  -5.0814535000E-03  -2.2061366000E-03   2.5119605000E-03
    9     -1.2859254110E-01  -1.2204408440E-01  -2.9720376300E-02  -8.8858898300E-02   9.8024982700E-02
   10     -1.2069881650E-01  -2.1278427590E-01  -3.5129354600E-02   9.8848689600E-02  -2.5810980640E-01
   11     -3.2858199400E-02  -3.8057016200E-02  -4.0399169900E-02  -1.5402951400E-02   1.7450320800E-02
   12     -2.0706002000E-03  -1.1716200000E-04   3.2187802000E-03  -2.2869968000E-03   4.3330770000E-04
   13     -2.7454085000E-03  -8.5522370000E-04   3.0908042000E-03   1.5075147000E-03  -5.9090950000E-04
   14      4.0925550000E-04   3.4162740000E-04   5.6022590000E-04   1.8284188000E-03  -1.4840100000E-04
   15      2.9360630000E-04   4.2596730000E-04   3.6589520000E-04   4.4097220000E-04  -1.7821230000E-04
   16      6.3407800000E-05  -1.4825170000E-04  -1.1723340000E-04   2.4571160000E-04   2.9149170000E-04
   17      1.2991292000E-03   1.1625620000E-04  -1.7740548000E-03   6.6464480000E-04   8.2019000000E-06
   18      4.1747050000E-04   1.2331360000E-04  -8.0272910000E-04  -2.0536900000E-05  -8.9850200000E-05
   19      5.0815000000E-05   5.2588500000E-05  -1.2013140000E-04  -3.4140400000E-05   4.2742700000E-05
   20      5.5204120000E-04   9.9969400000E-05   3.7876200000E-04  -7.6558000000E-05   2.0293300000E-05
   21      3.2477800000E-05  -3.8065500000E-05   1.1800510000E-04   2.7466570000E-04  -1.8989030000E-04
   22     -7.4538600000E-05   4.6870600000E-05  -1.8946200000E-05  -2.0941420000E-04  -8.4267600000E-05
   23     -2.4290220000E-04   1.3148780000E-04   3.6870500000E-05  -1.0944960000E-04   7.5701100000E-05
   24     -2.2249800000E-05   1.6313270000E-04   3.1228900000E-05  -4.2152410000E-04  -3.6395900000E-05
   25      5.8587200000E-05   5.9023430000E-04   5.5143240000E-04  -6.3002400000E-04   5.1701830000E-04
   26      7.2271400000E-05  -3.3499500000E-05  -2.0705660000E-04  -4.6602150000E-04  -1.5934810000E-04
   27      2.9141980000E-04   8.6712650000E-04   1.6235084000E-03  -2.9314052000E-03   1.0784398000E-03
   28     -7.5664990000E-04   1.0519467000E-03  -3.8801870000E-04   4.0595910000E-04   9.0403490000E-04
   29      1.3035906000E-03   1.6491260000E-04  -2.9716398000E-03  -5.4713217000E-03   1.1433800000E-04
   30      1.4620469750E-01   1.3525967080E-01   3.9362118600E-02   6.4049705000E-03   9.0576191000E-03
   31      1.3525967080E-01   2.3204047400E-01   4.2511739800E-02  -1.4176814700E-02  -2.2742928200E-02
   32      3.9362118600E-02   4.2511739800E-02   4.0256255700E-02   4.7500790000E-04   1.8060719000E-03
   33      6.4049705000E-03  -1.4176814700E-02   4.7500790000E-04   9.9558464100E-02  -1.1277882370E-01
   34      9.0576191000E-03  -2.2742928200E-02   1.8060719000E-03  -1.1277882370E-01   2.8462730450E-01
   35      1.1848205000E-03  -4.3017512000E-03   2.2927197000E-03   1.8652022700E-02  -2.1073289800E-02
   36     -8.2267800000E-05   6.0915300000E-05   1.8039410000E-04   3.7727700000E-05  -1.3101360000E-04
   37     -1.4924600000E-04   1.1773440000E-04   2.4367480000E-04  -9.9946000000E-05  -7.1312000000E-05
   38     -3.5186400000E-05  -8.6507900000E-05  -1.7169640000E-04  -1.5496280000E-04   6.6995900000E-05
   39     -6.3751500000E-05   1.2158390000E-04   9.0626900000E-05  -1.2060590000E-04  -1.6314100000E-05
   40      6.2599200000E-05   1.2322480000E-04   2.4233800000E-05  -1.7656170000E-04   1.4099110000E-04
   41     -4.3945500000E-05  -1.2897930000E-04  -7.7643700000E-05   5.9796800000E-05   2.6785900000E-05
   42      7.7481200000E-05  -1.3837280000E-04   2.2752340000E-04   2.7761220000E-04  -1.7704290000E-04
   43     -1.2049710000E-04  -5.4442120000E-04   2.8252590000E-04   1.3602600000E-04   5.6310820000E-04
   44      1.9744680000E-04   1.4501610000E-04  -1.4739180000E-04   3.4033530000E-04  -3.6571350000E-04
   45     -3.1141760000E-04   2.3179620000E-04   5.3213990000E-04  -1.1361290000E-04   2.7000300000E-05
   46      1.0801850000E-03   9.4195910000E-04  -4.2820460000E-04   2.3739690000E-04  -8.1609700000E-05
   47      5.6858150000E-04  -1.3645710000E-04  -6.3688920000E-04   4.6062070000E-04  -2.4260460000E-04
                   35                 36                 37                 38                 39        
    0      2.5186930000E-04   9.6421370000E-04   8.0920070000E-04   4.3285432000E-03  -1.3140536000E-03
    1      5.2484380000E-04   2.5190850000E-04   1.2215748000E-03  -4.3481113000E-03   4.4225934000E-03
    2      6.8896230000E-04  -5.4800612000E-03   1.9789184000E-03  -3.0817640500E-02  -4.0686902000E-03
    3      2.4648653000E-03  -1.3612294000E-03   8.3913140000E-04  -7.3213510000E-03  -2.3355240000E-04
    4      1.2009134000E-03  -2.7093270000E-04  -1.4584740000E-04  -1.6041041000E-03  -6.4821210000E-04
    5     -3.6609308000E-03   4.4590000000E-07  -3.9108860000E-04   2.9482056000E-03   1.2466340000E-03
    6     -1.1862388100E-02   1.3892848000E-03  -7.7977040000E-04   5.5726318000E-03   3.8867910000E-04
    7      1.4075842200E-02   5.7384770000E-04  -2.0772530000E-04   2.3668293000E-03   3.0211320000E-04
    8     -3.2335850000E-03  -1.7642100000E-04  -3.2283600000E-05   1.1464847000E-03  -3.0359300000E-05
    9     -1.0062340600E-02  -8.8452510000E-04  -4.9740500000E-04  -1.3596536000E-03  -4.1438540000E-04
   10      1.4082715500E-02   1.7719050000E-04  -5.2848940000E-04   9.1190680000E-04  -3.5387560000E-04
   11     -2.9618052400E-02  -1.8303865000E-03   4.0695950000E-04  -4.4887400000E-03  -2.5122840000E-04
   12      3.7751306000E-03  -3.1468513600E-02  -1.2497582700E-02  -1.3126810700E-02  -1.6935506000E-03
   13     -2.0762421000E-03   3.3134077000E-03   5.4635830000E-03  -7.0469545000E-03  -2.4975166600E-02
   14     -3.4830812000E-03   7.7039497000E-03   4.1040767000E-03   2.8333510000E-03   1.9502800000E-05
   15     -9.3264450000E-04  -2.0868525290E-01   7.6112585300E-02   1.1998394820E-01  -4.6405244700E-02
   16     -3.9064640000E-04   7.8773060500E-02  -7.6902060900E-02  -3.8018323500E-02   3.5675840200E-02
   17     -1.0576910000E-03   1.0305446020E-01  -4.3781358600E-02  -6.6539926500E-02   2.4821798000E-03
   18      2.5347430000E-04   1.8727040000E-04   3.7768300000E-05   2.4754120000E-04  -5.5462630000E-04
   19     -1.2208470000E-04  -1.0522500000E-04  -5.2645130000E-04  -2.9162880000E-04   4.5439600000E-04
   20     -5.8541000000E-05  -4.9239850000E-04  -5.5120600000E-04   1.6950660000E-04  -8.2092330000E-04
   21      8.3446700000E-05   6.1172810000E-04  -1.2687100000E-05   5.6497030000E-04  -3.9272920000E-04
   22     -5.0837800000E-05  -2.7652000000E-04   6.6525690000E-04   1.5073890000E-04  -1.0618320000E-04
   23     -1.5966440000E-04  -1.5986908000E-03   1.7860993000E-03  -1.3443183000E-03  -1.0433351000E-03
   24      7.2830800000E-05   1.8781530000E-04  -3.4009480000E-04  -1.7097460000E-04   8.5022000000E-06
   25     -6.3533060000E-04  -1.8069810000E-04   9.1189600000E-05   1.1655610000E-04   2.3278900000E-05
   26      2.9416470000E-04   1.2025120000E-04  -2.5810880000E-04   2.5878760000E-04  -8.8622800000E-05
   27     -5.8784282000E-03   6.9332600000E-05  -2.4995600000E-05   1.8041200000E-04  -8.8502000000E-05
   28      1.7834570000E-04  -1.1035160000E-04   1.2292600000E-05  -4.9384700000E-05   1.7747500000E-05
   29      7.0309378000E-03  -9.0481400000E-05   7.8099700000E-05  -5.1824380000E-04  -1.8404600000E-05
   30      1.1848205000E-03  -8.2267800000E-05  -1.4924600000E-04  -3.5186400000E-05  -6.3751500000E-05
   31     -4.3017512000E-03   6.0915300000E-05   1.1773440000E-04  -8.6507900000E-05   1.2158390000E-04
   32      2.2927197000E-03   1.8039410000E-04   2.4367480000E-04  -1.7169640000E-04   9.0626900000E-05
   33      1.8652022700E-02   3.7727700000E-05  -9.9946000000E-05  -1.5496280000E-04  -1.2060590000E-04
   34     -2.1073289800E-02  -1.3101360000E-04  -7.1312000000E-05   6.6995900000E-05  -1.6314100000E-05
   35      3.3482127400E-02   1.1652880000E-04   8.7654800000E-05   1.7613920000E-04   9.6149600000E-05
   36      1.1652880000E-04   2.4592415320E-01  -8.3274082600E-02  -1.0506392620E-01  -3.9211229000E-03
   37      8.7654800000E-05  -8.3274082600E-02   8.3876206600E-02   4.7906907500E-02   2.3794474300E-02
   38      1.7613920000E-04  -1.0506392620E-01   4.7906907500E-02   9.3107034500E-02  -1.2675636000E-03
