
$orca_hessian_file

$act_atom
  0

$act_coord
  0

$act_energy
      -13.150178

$multiplicity
  1

$hessian
18
                    0                  1                  2                  3                  4        
    0      5.5612579590E-01   1.6200000000E-07  -2.0364000000E-06  -4.3839594800E-02  -1.4005000000E-06
    1      1.6200000000E-07   5.5611822090E-01  -2.6237800000E-05  -1.4106000000E-06  -3.0469230080E-01
    2     -2.0364000000E-06  -2.6237800000E-05  -1.3749342500E-02   1.0600000000E-07  -5.5025777000E-03
    3     -4.3839594800E-02  -1.4106000000E-06   1.0600000000E-07   4.1581357300E-02   1.5501000000E-06
    4     -1.4005000000E-06  -3.0469230080E-01  -5.5025777000E-03   1.5501000000E-06   3.2927797280E-01
    5      1.0570000000E-07  -4.5516702000E-03  -8.5622033000E-03   6.0100000000E-08   7.6803157000E-03
    6     -2.3948719310E-01   1.1296655950E-01  -4.7440030000E-03   6.6989280000E-04  -5.9960120000E-04
    7      1.1295609470E-01  -1.0906276560E-01   2.7888766000E-03   2.3620158900E-02  -1.2631691100E-02
    8     -3.9421347000E-03   2.2763467000E-03  -8.5613866000E-03   7.8343340000E-04   6.5453100000E-05
    9     -2.3948968680E-01  -1.1296530590E-01   4.7457026000E-03   6.6963480000E-04   5.9945590000E-04
   10     -1.1295485360E-01  -1.0906048190E-01   2.7896356000E-03  -2.3620284000E-02  -1.2631454900E-02
   11      3.9437685000E-03   2.2770369000E-03  -8.5614845000E-03  -7.8344100000E-04   6.5457500000E-05
   12     -1.6798936000E-02   9.4000000000E-09   1.6320000000E-07   6.5979480000E-04   1.1900000000E-08
   13     -6.0000000000E-10  -1.6795603000E-02  -2.6200700000E-05   3.9700000000E-08   1.1489014000E-03
   14      2.0090000000E-07  -9.3340000000E-07   3.0350297000E-02  -5.4900000000E-08   1.9864306000E-03
   15     -1.6510385100E-02  -1.4400000000E-08   6.7600000000E-08   2.5891510000E-04  -1.6300000000E-08
   16     -2.1000000000E-09  -1.6507069600E-02  -2.3496000000E-05  -5.4100000000E-08  -4.7142740000E-04
   17      9.6100000000E-08   2.5457800000E-05   9.0841198000E-03  -1.0370000000E-07  -4.2950792000E-03
                    5                  6                  7                  8                  9        
    0      1.0570000000E-07  -2.3948719310E-01   1.1295609470E-01  -3.9421347000E-03  -2.3948968680E-01
    1     -4.5516702000E-03   1.1296655950E-01  -1.0906276560E-01   2.2763467000E-03  -1.1296530590E-01
    2     -8.5622033000E-03  -4.7440030000E-03   2.7888766000E-03  -8.5613866000E-03   4.7457026000E-03
    3      6.0100000000E-08   6.6989280000E-04   2.3620158900E-02   7.8343340000E-04   6.6963480000E-04
    4      7.6803157000E-03  -5.9960120000E-04  -1.2631691100E-02   6.5453100000E-05   5.9945590000E-04
    5      4.7319070200E-02   4.4888070000E-04   6.4716150000E-04  -8.0828000000E-05  -4.4888160000E-04
    6      4.4888070000E-04   2.5733284080E-01  -1.2459711380E-01   6.6522146000E-03  -1.9234400700E-02
    7      6.4716150000E-04  -1.2459711380E-01   1.1352574690E-01  -3.8415497000E-03  -1.2094258900E-02
    8     -8.0828000000E-05   6.6522146000E-03  -3.8415497000E-03   4.7319704900E-02   3.3608990000E-04
    9     -4.4888160000E-04  -1.9234400700E-02  -1.2094258900E-02   3.3608990000E-04   2.5733556300E-01
   10      6.4732970000E-04   1.2094530300E-02   7.3334520000E-03  -7.1173530000E-04   1.2459571980E-01
   11     -8.0821100000E-05  -3.3597040000E-04  -7.1164570000E-04  -8.0789400000E-05  -6.6537185000E-03
   12     -2.0000000000E-09   1.0170829000E-03  -2.0636070000E-04   8.9569328000E-03   1.0170096000E-03
   13      1.0341977800E-02  -1.9538790000E-04   7.7057220000E-04  -5.1708365000E-03   1.9534960000E-04
   14     -1.4504017500E-02   1.7209550000E-03  -9.9226420000E-04  -1.4505128300E-02  -1.7210995000E-03
   15     -1.6290000000E-07  -2.9822260000E-04   3.2147980000E-04  -1.2786536000E-02  -2.9811990000E-04
   16     -1.4765114500E-02   3.3101310000E-04   6.4685600000E-05   7.3823217000E-03  -3.3096060000E-04
   17     -2.4091200200E-02  -3.7420769000E-03   2.1094215000E-03  -2.4091572600E-02   3.7419072000E-03
                   10                 11                 12                 13                 14        
    0     -1.1295485360E-01   3.9437685000E-03  -1.6798936000E-02  -6.0000000000E-10   2.0090000000E-07
    1     -1.0906048190E-01   2.2770369000E-03   9.4000000000E-09  -1.6795603000E-02  -9.3340000000E-07
    2      2.7896356000E-03  -8.5614845000E-03   1.6320000000E-07  -2.6200700000E-05   3.0350297000E-02
    3     -2.3620284000E-02  -7.8344100000E-04   6.5979480000E-04   3.9700000000E-08  -5.4900000000E-08
    4     -1.2631454900E-02   6.5457500000E-05   1.1900000000E-08   1.1489014000E-03   1.9864306000E-03
    5      6.4732970000E-04  -8.0821100000E-05  -2.0000000000E-09   1.0341977800E-02  -1.4504017500E-02
    6      1.2094530300E-02  -3.3597040000E-04   1.0170829000E-03  -1.9538790000E-04   1.7209550000E-03
    7      7.3334520000E-03  -7.1164570000E-04  -2.0636070000E-04   7.7057220000E-04  -9.9226420000E-04
    8     -7.1173530000E-04  -8.0789400000E-05   8.9569328000E-03  -5.1708365000E-03  -1.4505128300E-02
    9      1.2459571980E-01  -6.6537185000E-03   1.0170096000E-03   1.9534960000E-04  -1.7210995000E-03
   10      1.1352322020E-01  -3.8423472000E-03   2.0635020000E-04   7.7057110000E-04  -9.9224820000E-04
   11     -3.8423472000E-03   4.7319768600E-02  -8.9570867000E-03  -5.1707136000E-03  -1.4505013100E-02
   12      2.0635020000E-04  -8.9570867000E-03   1.1367287100E-02  -7.6000000000E-09   8.5300000000E-08
   13      7.7057110000E-04  -5.1707136000E-03  -7.6000000000E-09   1.1367193500E-02  -3.0210000000E-07
   14     -9.9224820000E-04  -1.4505013100E-02   8.5300000000E-08  -3.0210000000E-07   3.8063379700E-02
   15     -3.2146270000E-04   1.2786448200E-02   2.7377616000E-03   6.7000000000E-09  -8.6700000000E-08
   16      6.4693600000E-05   7.3822122000E-03  -3.2000000000E-09   2.7383648000E-03  -6.8280000000E-07
   17      2.1093653000E-03  -2.4091660500E-02  -9.2600000000E-08   2.6075100000E-05  -2.4899518000E-02
                   15                 16                 17        
     0     -1.6510385100E-02  -2.1000000000E-09   9.6100000000E-08
     1     -1.4400000000E-08  -1.6507069600E-02   2.5457800000E-05
     2      6.7600000000E-08  -2.3496000000E-05   9.0841198000E-03
     3      2.5891510000E-04  -5.4100000000E-08  -1.0370000000E-07
     4     -1.6300000000E-08  -4.7142740000E-04  -4.2950792000E-03
     5     -1.6290000000E-07  -1.4765114500E-02  -2.4091200200E-02
     6     -2.9822260000E-04   3.3101310000E-04  -3.7420769000E-03
     7      3.2147980000E-04   6.4685600000E-05   2.1094215000E-03
     8     -1.2786536000E-02   7.3823217000E-03  -2.4091572600E-02
     9     -2.9811990000E-04  -3.3096060000E-04   3.7419072000E-03
    10     -3.2146270000E-04   6.4693600000E-05   2.1093653000E-03
    11      1.2786448200E-02   7.3822122000E-03  -2.4091660500E-02
    12      2.7377616000E-03  -3.2000000000E-09  -9.2600000000E-08
    13      6.7000000000E-09   2.7383648000E-03   2.6075100000E-05
    14     -8.6700000000E-08  -6.8280000000E-07  -2.4899518000E-02
    15      1.4110050900E-02   6.9000000000E-09   2.6990000000E-07
    16      6.9000000000E-09   1.4110753100E-02   2.4759500000E-05
    17      2.6990000000E-07   2.4759500000E-05   8.8089831600E-02

$vibrational_frequencies
18
    0        0.0000000000000000
    1        0.0000000000000000
    2        0.0000000000000000
    3        0.0000000000000000
    4        0.0000000000000000
    5        0.0000000000000000
    6     -245.7207004397343439
    7      262.7181750192316372
    8      262.7275328217293122
    9      302.9270112053165462
   10     1116.5410552346356781
   11     1116.5481206620650028
   12     1134.4316891826699703
   13     1347.2753868624879487
   14     1347.4372776168293058
   15     2990.3338233763392964
   16     3078.3442082889819176
   17     3078.4298520210650167

$normal_modes
18 18
                    0                  1                  2                  3                  4        
    0      0.0000000000E+00   0.0000000000E+00   0.0000000000E+00   0.0000000000E+00   0.0000000000E+00
    1      0.0000000000E+00   0.0000000000E+00   0.0000000000E+00   0.0000000000E+00   0.0000000000E+00
    2      0.0000000000E+00   0.0000000000E+00   0.0000000000E+00   0.0000000000E+00   0.0000000000E+00
    3      0.0000000000E+00   0.0000000000E+00   0.0000000000E+00   0.0000000000E+00   0.0000000000E+00
    4      0.0000000000E+00   0.0000000000E+00   0.0000000000E+00   0.0000000000E+00   0.0000000000E+00
    5      0.0000000000E+00   0.0000000000E+00   0.0000000000E+00   0.0000000000E+00   0.0000000000E+00
    6      0.0000000000E+00   0.0000000000E+00   0.0000000000E+00   0.0000000000E+00   0.0000000000E+00
    7      0.0000000000E+00   0.0000000000E+00   0.0000000000E+00   0.0000000000E+00   0.0000000000E+00
    8      0.0000000000E+00   0.0000000000E+00   0.0000000000E+00   0.0000000000E+00   0.0000000000E+00
    9      0.0000000000E+00   0.0000000000E+00   0.0000000000E+00   0.0000000000E+00   0.0000000000E+00
   10      0.0000000000E+00   0.0000000000E+00   0.0000000000E+00   0.0000000000E+00   0.0000000000E+00
   11      0.0000000000E+00   0.0000000000E+00   0.0000000000E+00   0.0000000000E+00   0.0000000000E+00
   12      0.0000000000E+00   0.0000000000E+00   0.0000000000E+00   0.0000000000E+00   0.0000000000E+00
   13      0.0000000000E+00   0.0000000000E+00   0.0000000000E+00   0.0000000000E+00   0.0000000000E+00
   14      0.0000000000E+00   0.0000000000E+00   0.0000000000E+00   0.0000000000E+00   0.0000000000E+00
   15      0.0000000000E+00   0.0000000000E+00   0.0000000000E+00   0.0000000000E+00   0.0000000000E+00
   16      0.0000000000E+00   0.0000000000E+00   0.0000000000E+00   0.0000000000E+00   0.0000000000E+00
   17      0.0000000000E+00   0.0000000000E+00   0.0000000000E+00   0.0000000000E+00   0.0000000000E+00
                    5                  6                  7                  8                  9        
    0      0.0000000000E+00  -3.0078177221E-06   4.7140954751E-01   6.5423867487E-04  -1.6241969154E-06
    1      0.0000000000E+00   6.3786129581E-04   6.5421325676E-04  -4.7142544987E-01  -3.7453284774E-03
    2      0.0000000000E+00  -9.1839193294E-01  -1.6509367833E-06   2.6815719500E-05  -3.2714112899E-01
    3      0.0000000000E+00   4.7524856940E-07   5.0549267850E-01   7.0224606881E-04  -7.8822870427E-07
    4      0.0000000000E+00  -1.5060085499E-02   6.6569819881E-04  -4.7978788868E-01   2.9618748742E-03
    5      0.0000000000E+00   6.9341770432E-03  -5.2535890285E-05   3.6398813215E-02  -3.0937897167E-02
    6      0.0000000000E+00  -1.3322694815E-02   4.8619716351E-01  -1.0551434572E-02   6.0429946544E-03
    7      0.0000000000E+00   9.1016524606E-03   1.1906014959E-02  -4.9900831437E-01  -6.7883012772E-03
    8      0.0000000000E+00   7.0587780050E-03  -3.1431720617E-02  -1.8153687611E-02  -3.1349940602E-02
    9      0.0000000000E+00   1.3323439328E-02   4.8616595896E-01   1.1900193193E-02  -6.0442378500E-03
   10      0.0000000000E+00   9.1015315057E-03  -1.0520860736E-02  -4.9903890322E-01  -6.7880946718E-03
   11      0.0000000000E+00   7.0575318135E-03   3.1478906018E-02  -1.8066871364E-02  -3.1347826532E-02
   12      0.0000000000E+00   9.9377343070E-07  -1.9427618111E-01  -2.6961680033E-04   5.6103857169E-07
   13      0.0000000000E+00  -2.9724931070E-04  -2.6961774915E-04   1.9428114652E-01   1.5118204886E-03
   14      0.0000000000E+00   3.7973705962E-01  -1.6613647511E-06   1.3780941218E-03  -7.7953379675E-01
   15      0.0000000000E+00   4.5180017616E-07  -9.7619942846E-02  -1.3548341405E-04   3.0737297437E-07
   16      0.0000000000E+00  -1.4617811962E-04  -1.3546996502E-04   9.7622081178E-02   7.6052835986E-04
   17      0.0000000000E+00   1.0705277288E-01   1.6017065542E-06  -7.5262448894E-04   5.3121766622E-01
                   10                 11                 12                 13                 14        
    0      1.8024082826E-04   1.6155080541E-02  -2.5410384687E-08   6.6144557951E-05  -9.9335636063E-02
    1      1.6169548135E-02  -1.8036074393E-04  -3.6835920943E-06  -9.9319287127E-02  -6.6140248986E-05
    2     -1.2579666544E-05   3.4805291532E-07   2.6116817946E-02   7.1244096507E-05   4.1674824208E-07
    3     -4.1072419515E-04  -3.6953909615E-02  -1.7460820721E-06  -5.4296201834E-04   8.0870148922E-01
    4     -7.3407216373E-03   8.2266673927E-05   1.6093011902E-02  -5.8668898028E-02  -4.3670110143E-05
    5      8.1546301806E-01  -9.0988689820E-03  -5.7632240786E-01   5.1504308020E-02   3.1681865520E-05
    6     -1.3043684221E-02  -1.4605125822E-02   1.3962110532E-02   3.7562603977E-01   1.5837830719E-01
    7     -2.9767457774E-02  -1.2487378966E-02  -8.0265101267E-03   5.9150997571E-01   3.7600686824E-01
    8     -3.9966573215E-01   7.1064595120E-01  -5.7661267103E-01  -2.5725460221E-02   4.4450461356E-02
    9      1.2712951795E-02  -1.4897509472E-02  -1.3965875170E-02  -3.7583227952E-01   1.5786968976E-01
   10     -2.9484182438E-02   1.3148610071E-02  -8.0266673039E-03   5.9201796542E-01  -3.7521414793E-01
   11     -4.1541523006E-01  -7.0156538903E-01  -5.7660050323E-01  -2.5662849967E-02  -4.4486138833E-02
   12      1.5497615900E-04   1.3897645197E-02   1.3292244948E-08  -1.6677573865E-06   2.4471527756E-03
   13      1.3896409594E-02  -1.5498720513E-04   3.7053042579E-06   2.4467950475E-03   1.6032517601E-06
   14     -5.9532656655E-06   2.3144309300E-07   2.8576187169E-02   2.9391398483E-06  -1.9735191362E-08
   15     -1.2302827359E-04  -1.1030884229E-02   1.5816670440E-07  -2.1388431229E-07   3.5766322338E-04
   16     -1.1031261991E-02   1.2301678439E-04  -1.8701631090E-06   3.5488759536E-04   2.5130061611E-07
   17     -3.4106500365E-06   2.7856165326E-07   2.5013182596E-02  -2.9009574277E-05  -1.7010044015E-08
                   15                 16                 17        
     0      6.1503026667E-07   4.4611489899E-04  -9.8223122059E-02
     1     -1.9815652533E-05  -9.8230340150E-02  -4.4613821849E-04
     2      2.4321921275E-03  -1.1984759709E-07   3.6850641316E-07
     3      1.6294730065E-07   1.7835386547E-04  -3.8267251643E-02
     4     -5.7705212654E-01   8.1144143047E-01   3.6859908310E-03
     5     -1.5440940544E-02   2.0946350668E-02   9.5253121869E-05
     6     -4.9979533140E-01  -3.7053848395E-01   5.9728452206E-01
     7      2.8871049109E-01   1.7582645350E-01  -3.6710684000E-01
     8     -1.5448925931E-02  -1.0553756617E-02   1.8093647513E-02
     9      4.9978800478E-01   3.6509322212E-01   6.0063981314E-01
    10      2.8870607299E-01   1.7247682139E-01   3.6868822779E-01
    11     -1.5452128552E-02  -1.0391261854E-02  -1.8193244054E-02
    12      3.6764105107E-08  -2.1905815217E-06   4.8812783391E-04
    13     -3.4650572231E-06   4.8800066866E-04   2.2472522791E-06
    14     -4.2427503969E-04   4.6555177091E-08  -7.0011596911E-09
    15     -2.4387111070E-08  -2.1510601524E-07   4.3723415132E-05
    16     -1.7916137480E-06   4.3745686910E-05   1.7925667387E-07
    17      7.2095587250E-04  -2.2221519495E-08   2.3987820622E-09

#
# The atoms: label  mass x y z (in bohrs)
#
$atoms
6
 C     12.01100     -0.000000360663     0.000022393011     0.983520699424
 H      1.00800     -0.000000253202     2.041406034687     1.014494942889
 H      1.00800      1.767897181752    -1.020652872606     1.014500437884
 H      1.00800     -1.767897644167    -1.020652847212     1.014500311762
 F     18.99800      0.000000140809    -0.000008883449     4.707819550061
 Cl    35.45300      0.000000067080    -0.000005678280    -2.942489114910

$actual_temperature
  0.000000

$frequency_scale_factor
  1.000000


$end

