*************************************************
******************* ORCA 6.1.0 ******************
*************************************************
$Calculation_Status
   &GeometryIndex 0
   &version [&Type "String"] "6.1.0"
   &progName [&Type "String"] "orca"
   &Status [&Type "String"] "NORMAL TERMINATION"
$End
$Geometry
   &GeometryIndex 1
   &NAtoms [&Type "Integer"] 6
   &NCorelessECP [&Type "Integer"] 0
   &NGhostAtoms [&Type "Integer"] 0
   &CartesianCoordinates [&Type "Coordinates", &Dim(6,4), &Units "Bohr"] 
              C      0.000000000000    0.000000000000    0.175064229046
              H      0.000000000000    2.050352855305    0.000000000000
              H      1.775658485025   -1.025176427652    0.000000000000
              H     -1.775658485025   -1.025176427652    0.000000000000
              F      0.000000000000    0.000000000000    3.773858678486
              Cl     0.000000000000    0.000000000000   -3.861390793009
$End
$Single_Point_Data
   &GeometryIndex 1
   &FinalEnergy [&Type "Double"]      -1.3148785343960000e+01  "Final single point energy"
   &Converged [&Type "Boolean"] true
$End
$Hessian
   &GeometryIndex 1
   &HESSIAN [&Type "ArrayOfDoubles", &Dim (18,18)] "The Hessian"
                                                         0                           1                           2                           3                           4                           5                           6                           7

0                                      5.2985213450000002e-01         8.7000000000000001e-09        -1.8240000000000000e-06        -4.5307222799999998e-02        -1.1923000000000000e-06         2.3480000000000001e-07        -2.2488485189999999e-01         1.0368047260000000e-01
1                                      8.7000000000000001e-09         5.2985597490000003e-01        -1.7006300000000000e-05        -1.1717999999999999e-06        -2.8473741899999999e-01         2.2948720999999998e-02         1.0368858260000000e-01        -1.0517683300000000e-01
2                                     -1.8240000000000000e-06        -1.7006300000000000e-05        -9.2068129999999995e-03         1.9980000000000000e-07         2.0165316199999998e-02        -1.1991114000000001e-02         1.7476702699999999e-02        -1.0059846399999999e-02
3                                     -4.5307222799999998e-02        -1.1717999999999999e-06         1.9980000000000000e-07         4.2325088699999999e-02         1.3441000000000000e-06        -5.9400000000000003e-08         9.6334079999999998e-04         2.3880197799999999e-02
4                                     -1.1923000000000000e-06        -2.8473741899999999e-01         2.0165316199999998e-02         1.3441000000000000e-06         3.0899863319999998e-01        -1.7218062900000001e-02        -6.7100470000000002e-04        -1.2446943199999999e-02
5                                      2.3480000000000001e-07         2.2948720999999998e-02        -1.1991114000000001e-02        -5.9400000000000003e-08        -1.7218062900000001e-02         5.0674183499999997e-02         2.9311600000000000e-04        -1.2548231000000000e-03
6                                     -2.2488485189999999e-01         1.0368858260000000e-01         1.7476702699999999e-02         9.6334079999999998e-04        -6.7100470000000002e-04         2.9311600000000000e-04         2.4230346570000000e-01        -1.1549455159999999e-01
7                                      1.0368047260000000e-01        -1.0517683300000000e-01        -1.0059846399999999e-02         2.3880197799999999e-02        -1.2446943199999999e-02        -1.2548231000000000e-03        -1.1549455159999999e-01         1.0901488260000000e-01
8                                      1.9876043199999999e-02        -1.1477039800000000e-02        -1.1991043099999999e-02        -9.4306239999999996e-04         8.8111220000000004e-04         1.5531980000000001e-04        -1.4909832899999999e-02         8.6129125000000001e-03
9                                     -2.2488727030000000e-01        -1.0368741310000000e-01        -1.7475332400000002e-02         9.6308959999999997e-04         6.7086900000000004e-04        -2.9313290000000002e-04        -1.9102034699999999e-02        -1.2259882999999999e-02
10                                    -1.0367928160000001e-01        -1.0517466580000000e-01        -1.0058920300000000e-02        -2.3880354300000000e-02        -1.2446710099999999e-02        -1.2546541000000000e-03         1.2260158800000000e-02         7.6803890999999997e-03
11                                    -1.9874684600000001e-02        -1.1476160500000001e-02        -1.1990819800000000e-02         9.4306700000000002e-04         8.8109889999999995e-04         1.5531390000000000e-04         1.2375712000000001e-03         3.7903250000000002e-04
12                                    -2.0489851100000001e-02         8.7000000000000001e-09         1.8020000000000001e-07         1.1341063000000001e-03         9.1000000000000004e-09         1.0400000000000000e-08         1.7653539000000000e-03        -3.6441799999999998e-04
13                                    -3.3999999999999998e-09        -2.0487164200000001e-02        -1.4569100000000001e-05         4.3299999999999997e-08         1.9882717000000000e-03         1.1410995100000000e-02        -3.5334780000000001e-04         1.3368434000000000e-03
14                                     1.6590000000000000e-07        -7.9279999999999995e-07         3.2669701900000001e-02        -4.3499999999999999e-08         9.7340549999999995e-04        -1.2838892600000000e-02         8.4361560000000002e-04        -4.8533790000000000e-04
15                                    -1.4282938400000000e-02        -1.5200000000000000e-08         7.3599999999999997e-08        -7.8402699999999994e-05        -2.5100000000000000e-08        -1.6890000000000001e-07        -1.0452739999999999e-03         5.5818209999999998e-04
16                                    -4.0000000000000002e-09        -1.4279893000000000e-02        -1.4974099999999999e-05        -5.9200000000000001e-08        -1.3558325999999999e-03        -1.4632176100000000e-02         5.7016260000000002e-04        -4.0833889999999999e-04
17                                     6.4599999999999996e-08         2.2278300000000000e-05         1.2510088000000001e-02        -1.0150000000000000e-07        -5.6828699000000000e-03        -2.6154810600000002e-02        -4.9411726000000000e-03         2.8080624000000002e-03
                                                         8                           9                          10                          11                          12                          13                          14                          15

0                                      1.9876043199999999e-02        -2.2488727030000000e-01        -1.0367928160000001e-01        -1.9874684600000001e-02        -2.0489851100000001e-02        -3.3999999999999998e-09         1.6590000000000000e-07        -1.4282938400000000e-02
1                                     -1.1477039800000000e-02        -1.0368741310000000e-01        -1.0517466580000000e-01        -1.1476160500000001e-02         8.7000000000000001e-09        -2.0487164200000001e-02        -7.9279999999999995e-07        -1.5200000000000000e-08
2                                     -1.1991043099999999e-02        -1.7475332400000002e-02        -1.0058920300000000e-02        -1.1990819800000000e-02         1.8020000000000001e-07        -1.4569100000000001e-05         3.2669701900000001e-02         7.3599999999999997e-08
3                                     -9.4306239999999996e-04         9.6308959999999997e-04        -2.3880354300000000e-02         9.4306700000000002e-04         1.1341063000000001e-03         4.3299999999999997e-08        -4.3499999999999999e-08        -7.8402699999999994e-05
4                                      8.8111220000000004e-04         6.7086900000000004e-04        -1.2446710099999999e-02         8.8109889999999995e-04         9.1000000000000004e-09         1.9882717000000000e-03         9.7340549999999995e-04        -2.5100000000000000e-08
5                                      1.5531980000000001e-04        -2.9313290000000002e-04        -1.2546541000000000e-03         1.5531390000000000e-04         1.0400000000000000e-08         1.1410995100000000e-02        -1.2838892600000000e-02        -1.6890000000000001e-07
6                                     -1.4909832899999999e-02        -1.9102034699999999e-02         1.2260158800000000e-02         1.2375712000000001e-03         1.7653539000000000e-03        -3.5334780000000001e-04         8.4361560000000002e-04        -1.0452739999999999e-03
7                                      8.6129125000000001e-03        -1.2259882999999999e-02         7.6803890999999997e-03         3.7903250000000002e-04        -3.6441799999999998e-04         1.3368434000000000e-03        -4.8533790000000000e-04         5.5818209999999998e-04
8                                      5.0674167700000002e-02        -1.2374339999999999e-03         3.7895870000000001e-04         1.5539980000000000e-04         9.8841054000000008e-03        -5.7087917999999998e-03        -1.2838889500000001e-02        -1.2669819299999999e-02
9                                     -1.2374339999999999e-03         2.4230609630000000e-01         1.1549322530000000e-01         1.4908580800000000e-02         1.7652846000000000e-03         3.5330650000000002e-04        -8.4371619999999996e-04        -1.0451656000000000e-03
10                                     3.7895870000000001e-04         1.1549322530000000e-01         1.0901247330000000e-01         8.6119468000000008e-03         3.6440909999999998e-04         1.3368386999999999e-03        -4.8532810000000002e-04        -5.5815740000000002e-04
11                                     1.5539980000000000e-04         1.4908580800000000e-02         8.6119468000000008e-03         5.0673969600000000e-02        -9.8842631000000004e-03        -5.7086643000000001e-03        -1.2838796700000000e-02         1.2669728800000000e-02
12                                     9.8841054000000008e-03         1.7652846000000000e-03         3.6440909999999998e-04        -9.8842631000000004e-03         1.3070408400000001e-02        -5.4000000000000004e-09         7.6599999999999998e-08         2.7546978999999998e-03
13                                    -5.7087917999999998e-03         3.5330650000000002e-04         1.3368386999999999e-03        -5.7086643000000001e-03        -5.4000000000000004e-09         1.3070347800000000e-02        -9.2320000000000001e-07         6.7999999999999997e-09
14                                    -1.2838889500000001e-02        -8.4371619999999996e-04        -4.8532810000000002e-04        -1.2838796700000000e-02         7.6599999999999998e-08        -9.2320000000000001e-07         3.4171218400000002e-02        -9.8300000000000000e-08
15                                    -1.2669819299999999e-02        -1.0451656000000000e-03        -5.5815740000000002e-04         1.2669728800000000e-02         2.7546978999999998e-03         6.7999999999999997e-09        -9.8300000000000000e-08         1.3697082700000000e-02
16                                     7.3128482999999999e-03        -5.7010459999999998e-04        -4.0832530000000001e-04         7.3127464999999999e-03        -3.6000000000000000e-09         2.7548625000000000e-03        -1.0236000000000000e-06         8.7999999999999994e-09
17                                    -2.6154954800000001e-02         4.9410347999999998e-03         2.8079970000000000e-03        -2.6155066899999999e-02        -1.0940000000000000e-07         2.1953199999999998e-05        -2.8324341600000000e-02         2.8410000000000001e-07
                                                        16                          17

0                                     -4.0000000000000002e-09         6.4599999999999996e-08
1                                     -1.4279893000000000e-02         2.2278300000000000e-05
2                                     -1.4974099999999999e-05         1.2510088000000001e-02
3                                     -5.9200000000000001e-08        -1.0150000000000000e-07
4                                     -1.3558325999999999e-03        -5.6828699000000000e-03
5                                     -1.4632176100000000e-02        -2.6154810600000002e-02
6                                      5.7016260000000002e-04        -4.9411726000000000e-03
7                                     -4.0833889999999999e-04         2.8080624000000002e-03
8                                      7.3128482999999999e-03        -2.6154954800000001e-02
9                                     -5.7010459999999998e-04         4.9410347999999998e-03
10                                    -4.0832530000000001e-04         2.8079970000000000e-03
11                                     7.3127464999999999e-03        -2.6155066899999999e-02
12                                    -3.6000000000000000e-09        -1.0940000000000000e-07
13                                     2.7548625000000000e-03         2.1953199999999998e-05
14                                    -1.0236000000000000e-06        -2.8324341600000000e-02
15                                     8.7999999999999994e-09         2.8410000000000001e-07
16                                     1.3697527300000000e-02         2.2578999999999998e-05
17                                     2.2578999999999998e-05         9.4279085900000004e-02
   &MODES [&Type "ArrayOfDoubles", &Dim (18,18)] "The modes of vibrations"
                                                         0                           1                           2                           3                           4                           5                           6                           7

0                                      0.0000000000000000e+00         0.0000000000000000e+00         0.0000000000000000e+00         0.0000000000000000e+00         0.0000000000000000e+00         0.0000000000000000e+00         7.9721807019250293e-07         2.2289974738852653e-01
1                                      0.0000000000000000e+00         0.0000000000000000e+00         0.0000000000000000e+00         0.0000000000000000e+00         0.0000000000000000e+00         0.0000000000000000e+00        -1.1792340277183616e-04        -8.0757948622033515e-04
2                                      0.0000000000000000e+00         0.0000000000000000e+00         0.0000000000000000e+00         0.0000000000000000e+00         0.0000000000000000e+00         0.0000000000000000e+00         2.5114938762651240e-01        -4.3116789671448373e-07
3                                      0.0000000000000000e+00         0.0000000000000000e+00         0.0000000000000000e+00         0.0000000000000000e+00         0.0000000000000000e+00         0.0000000000000000e+00         5.6528849388488264e-08         2.3977128350843332e-01
4                                      0.0000000000000000e+00         0.0000000000000000e+00         0.0000000000000000e+00         0.0000000000000000e+00         0.0000000000000000e+00         0.0000000000000000e+00        -1.5447320446630530e-02        -8.2129366167867969e-04
5                                      0.0000000000000000e+00         0.0000000000000000e+00         0.0000000000000000e+00         0.0000000000000000e+00         0.0000000000000000e+00         0.0000000000000000e+00         1.2073973856346225e-02         1.5865937210034492e-05
6                                      0.0000000000000000e+00         0.0000000000000000e+00         0.0000000000000000e+00         0.0000000000000000e+00         0.0000000000000000e+00         0.0000000000000000e+00        -1.3330318646979165e-02         2.2989470425213510e-01
7                                      0.0000000000000000e+00         0.0000000000000000e+00         0.0000000000000000e+00         0.0000000000000000e+00         0.0000000000000000e+00         0.0000000000000000e+00         7.4230876132919460e-03         4.8336235627403357e-03
8                                      0.0000000000000000e+00         0.0000000000000000e+00         0.0000000000000000e+00         0.0000000000000000e+00         0.0000000000000000e+00         0.0000000000000000e+00         1.2081297896901473e-02        -4.0009691135946103e-03
9                                      0.0000000000000000e+00         0.0000000000000000e+00         0.0000000000000000e+00         0.0000000000000000e+00         0.0000000000000000e+00         0.0000000000000000e+00         1.3330286388988815e-02         2.2993608005815871e-01
10                                     0.0000000000000000e+00         0.0000000000000000e+00         0.0000000000000000e+00         0.0000000000000000e+00         0.0000000000000000e+00         0.0000000000000000e+00         7.4230037152787209e-03        -6.5469741975841119e-03
11                                     0.0000000000000000e+00         0.0000000000000000e+00         0.0000000000000000e+00         0.0000000000000000e+00         0.0000000000000000e+00         0.0000000000000000e+00         1.2081460690304607e-02         3.9828010065346827e-03
12                                     0.0000000000000000e+00         0.0000000000000000e+00         0.0000000000000000e+00         0.0000000000000000e+00         0.0000000000000000e+00         0.0000000000000000e+00        -2.6911589186971912e-07        -9.3371359190252037e-02
13                                     0.0000000000000000e+00         0.0000000000000000e+00         0.0000000000000000e+00         0.0000000000000000e+00         0.0000000000000000e+00         0.0000000000000000e+00         5.5441201362089715e-05         3.3828721376593203e-04
14                                     0.0000000000000000e+00         0.0000000000000000e+00         0.0000000000000000e+00         0.0000000000000000e+00         0.0000000000000000e+00         0.0000000000000000e+00        -1.0506968669471597e-01         2.4158164542603508e-06
15                                     0.0000000000000000e+00         0.0000000000000000e+00         0.0000000000000000e+00         0.0000000000000000e+00         0.0000000000000000e+00         0.0000000000000000e+00        -1.2656721725288218e-07        -4.5372145328983683e-02
16                                     0.0000000000000000e+00         0.0000000000000000e+00         0.0000000000000000e+00         0.0000000000000000e+00         0.0000000000000000e+00         0.0000000000000000e+00         2.7336050495582542e-05         1.6438603708464455e-04
17                                     0.0000000000000000e+00         0.0000000000000000e+00         0.0000000000000000e+00         0.0000000000000000e+00         0.0000000000000000e+00         0.0000000000000000e+00        -2.9813217873210285e-02        -1.0830207932176142e-06
                                                         8                           9                          10                          11                          12                          13                          14                          15

0                                     -8.0758145607126098e-04        -6.1939630350572715e-08        -1.4607889047280479e-02        -1.0358691717591297e-03        -8.6470606702889705e-08        -1.1504999042636861e-06         9.3711289722739718e-02        -1.7008251239117533e-08
1                                     -2.2289968247436259e-01        -7.2041144003577291e-04         1.0364017927134209e-03        -1.4614776795933627e-02         3.0382711233181333e-05         9.3699669684812706e-02         1.1642063473858848e-06         3.6255510965055129e-05
2                                      6.7135936127954044e-05        -6.9173595759556367e-02        -1.1741611827883758e-06         1.7277521995652599e-05        -3.0284596964019576e-02        -4.4580472713951381e-05        -2.8048583323130386e-07         9.3520767621227529e-03
3                                     -8.6861320344508853e-04         1.0437623698396558e-07         1.0880144919666046e-01         7.7162894797006901e-03         1.6518971735043709e-06         1.3838217819006147e-05        -7.5833004535845694e-01        -8.8987838745456065e-08
4                                     -2.2666437345120635e-01         6.2512003396547593e-03        -3.4399881823044668e-03         4.8508292773804515e-02         3.4243763940561563e-02         6.0771037129797589e-02         5.0762617769118820e-06         5.7357902117032566e-01
5                                      4.6188704430385709e-03         1.7045739613971076e-03        -5.6569186259403728e-02         7.9781057209396655e-01         5.6150227989475543e-01         1.1298825167566720e-01         4.4748618964804311e-06        -3.3143256048743006e-02
6                                     -6.5550009196612561e-03         6.0750307229377465e-03         6.1734076215766272e-02         3.0660059681850961e-02         2.9529495987043936e-02        -3.5484976510902627e-01        -1.4396842371631205e-01         4.9693424635264949e-01
7                                     -2.3648114396989220e-01        -4.1585438867434484e-03         1.9455642947950730e-02         9.5631180083405917e-02        -1.7234429458674132e-02        -5.5344381623926964e-01        -3.5471509208654306e-01        -2.8707408500580750e-01
8                                     -2.2855496116467419e-03         1.6716431735695463e-03         7.1934050061737043e-01        -3.5009478302610292e-01         5.6118519026552838e-01        -5.6728534556722769e-02         9.7921484267764591e-02        -3.3170224097735027e-02
9                                      4.8889477322270475e-03        -6.0747323386233839e-03         6.5437376225597060e-02        -2.1643310512471991e-02        -2.9525809094600942e-02         3.5484885327679777e-01        -1.4395299305228706e-01        -4.9693407194789802e-01
10                                    -2.3644005211158625e-01        -4.1584921378003291e-03        -3.2754952439780501e-02         9.1927000749356891e-02        -1.7234208276988131e-02        -5.5346032167574377e-01         3.5469718223288726e-01        -2.8707388155896657e-01
11                                    -2.3148065572580262e-03         1.6721183293595713e-03        -6.6274357432726894e-01        -4.4809239397342515e-01         5.6118684778681027e-01        -5.6727820738986960e-02        -9.7922696679044977e-02        -3.3166740646939891e-02
12                                     3.3829398302266103e-04         4.0317739300982769e-09         1.5604391849349685e-02         1.1064363200484594e-03        -1.3480836317385144e-07         2.8869178295220876e-08        -8.3043079184584275e-04        -3.9590488752110739e-08
13                                     9.3370964572573975e-02         2.9668352457771103e-04        -1.1064348389278793e-03         1.5603950658439426e-02         3.8534325712491422e-07        -8.2815124374101821e-04         2.7647491348951422e-08         3.5083225526298685e-06
14                                     5.8043718603123051e-04        -1.6334939357415126e-01        -5.4142969165711126e-07         6.3140339867667540e-06        -2.2856847422286372e-02         1.0066444074344998e-06         5.4427314003930158e-09         5.4372041501767401e-04
15                                     1.6438370522702507e-04         7.3725389463032723e-09        -1.0122064870622725e-02        -7.1771515935333680e-04        -5.0258432082740016e-08         6.7808373215008319e-09        -1.5560968846717192e-03         2.4548725434873483e-08
16                                     4.5371865719085927e-02         1.4381943916482218e-04         7.1771187750538086e-04        -1.0122155414449928e-02        -4.1061323543587996e-06        -1.5567469512931548e-03        -4.4347978031473846e-08         2.0133952993481425e-06
17                                    -3.3430676606721718e-04         1.1082467254228742e-01        -1.0078187162072486e-07         1.4707756871217753e-06        -2.5367744084484663e-02         2.7872966358775258e-05        -6.4975853110632274e-10        -6.3129585294888614e-04
                                                        16                          17

0                                     -3.0079997456980010e-06         9.2828936486404959e-02
1                                      9.2836849276459937e-02         2.9976325298359292e-06
2                                     -2.5944867141365402e-06        -3.1961260831024776e-07
3                                     -5.3482598213863842e-06         3.7816792764055709e-02
4                                     -7.6726261305151600e-01        -2.8814384177558027e-05
5                                      5.5090877046592240e-02         1.9327146621661969e-06
6                                      3.4839312088397478e-01        -5.6586190634188116e-01
7                                     -1.6340287745856252e-01         3.4853942309537450e-01
8                                     -2.7533294704109673e-02         4.7701466525618984e-02
9                                     -3.4835243066177324e-01        -5.6589241553726632e-01
10                                    -1.6337320932312049e-01        -3.4854598614567167e-01
11                                    -2.7527320263293884e-02        -4.7699603263095233e-02
12                                    -1.6689522662913183e-08        -4.9534108500799917e-04
13                                    -4.9525116273834346e-04        -3.8350152941049983e-08
14                                    -1.5591005001297675e-07         7.0987149531532806e-10
15                                     2.3170237160602692e-08        -8.0919438614933059e-05
16                                    -8.0771884974253360e-05         1.0844381018546514e-08
17                                     1.0211218321304416e-07        -2.7193852763676492e-11
$End
$THERMOCHEMISTRY_Energies
   &GeometryIndex 1
   &temperature [&Type "Double"]       2.9814999999999998e+02
   &pressure [&Type "Double"]       1.0000000000000000e+00
   &totalMass [&Type "Double"]       6.9486000000000004e+01
   &spinDegeneracy [&Type "Integer"] 1
   &elEnergy [&Type "Double"]      -1.3148785343960000e+01
   &transEnergy [&Type "Double"]       1.4162714244859817e-03
   &rotEnergy [&Type "Double"]       1.4162714244859817e-03
   &vibEnergy [&Type "Double"]       1.4083992737975858e-03
   &numOfFreqs [&Type "Integer"] 18
   &freqScalingFactor [&Type "Double"]       1.0000000000000000e+00
   &FREQ [&Type "ArrayOfDoubles", &Units "cm^-1", &Dim (18,1)] 
                                                         0

0                                      0.0000000000000000e+00
1                                      0.0000000000000000e+00
2                                      0.0000000000000000e+00
3                                      0.0000000000000000e+00
4                                      0.0000000000000000e+00
5                                      0.0000000000000000e+00
6                                     -2.5596110695349782e+02
7                                      2.7050216768351942e+02
8                                      2.7050608188184083e+02
9                                      3.0639729754448717e+02
10                                     1.1354982200394932e+03
11                                     1.1354987558506675e+03
12                                     1.1719741783794295e+03
13                                     1.3628917326043561e+03
14                                     1.3630690516846348e+03
15                                     2.9031446947755730e+03
16                                     2.9857387196035183e+03
17                                     2.9858265527588910e+03
   &zpe [&Type "Double"]       3.6202469906427219e-02
   &innerEnergyU [&Type "Double"]      -1.3108341931930804e+01
   &enthalpyH [&Type "Double"]      -1.3107397722888544e+01
   &qEl [&Type "Double"]       0.0000000000000000e+00
   &qRot [&Type "Double"]       1.0119246895501578e-02
   &qVib [&Type "Double"]       2.2702871263715484e-03
   &qTrans [&Type "Double"]       1.8355655740999458e-02
   &entropyS [&Type "Double"]       3.0745189762872584e-02
   &freeEnergyG [&Type "Double"]      -1.3138142912651418e+01
   &isLinear [&Type "Boolean"] false
$End
$Geometry
   &GeometryIndex 2
   &NAtoms [&Type "Integer"] 6
   &NCorelessECP [&Type "Integer"] 0
   &NGhostAtoms [&Type "Integer"] 0
   &CartesianCoordinates [&Type "Coordinates", &Dim(6,4), &Units "Bohr"] 
              C     -0.000000883904    0.000015676779    0.032171029351
              H     -0.000000517827    2.037740645446    0.062111949774
              H      1.764739014074   -1.018803488492    0.062119104611
              H     -1.764739655496   -1.018803260882    0.062119158400
              F      0.000001041045   -0.000077931803    3.752130170865
              Cl     0.000001002108   -0.000071641049   -3.883119298478
$End
$Single_Point_Data
   &GeometryIndex 2
   &FinalEnergy [&Type "Double"]      -1.3150093233170001e+01  "Final single point energy"
   &Converged [&Type "Boolean"] true
$End
$Geometry
   &GeometryIndex 3
   &NAtoms [&Type "Integer"] 6
   &NCorelessECP [&Type "Integer"] 0
   &NGhostAtoms [&Type "Integer"] 0
   &CartesianCoordinates [&Type "Coordinates", &Dim(6,4), &Units "Bohr"] 
              C     -0.000000451656    0.000009135561   -0.107365523585
              H     -0.000000237713    2.016229206115    0.116859091342
              H      1.746113581468   -1.008060801192    0.116875925554
              H     -1.746114089761   -1.008060820184    0.116875405661
              F      0.000000742955   -0.000062608399    3.758271613868
              Cl     0.000000454706   -0.000054111900   -3.913984398318
$End
$Single_Point_Data
   &GeometryIndex 3
   &FinalEnergy [&Type "Double"]      -1.3149991320070001e+01  "Final single point energy"
   &Converged [&Type "Boolean"] true
$End
$Geometry
   &GeometryIndex 4
   &NAtoms [&Type "Integer"] 6
   &NCorelessECP [&Type "Integer"] 0
   &NGhostAtoms [&Type "Integer"] 0
   &CartesianCoordinates [&Type "Coordinates", &Dim(6,4), &Units "Bohr"] 
              C     -0.000000128607    0.000014633216   -0.238487345116
              H     -0.000000014695    1.990457723814    0.149748161418
              H      1.723787281423   -0.995170481378    0.149763467468
              H     -1.723787499932   -0.995170590627    0.149762949474
              F      0.000000322386   -0.000069725222    3.800943084490
              Cl     0.000000039425   -0.000061559804   -3.924198203211
$End
$Single_Point_Data
   &GeometryIndex 4
   &FinalEnergy [&Type "Double"]      -1.3148856179239999e+01  "Final single point energy"
   &Converged [&Type "Boolean"] true
$End
$Geometry
   &GeometryIndex 5
   &NAtoms [&Type "Integer"] 6
   &NCorelessECP [&Type "Integer"] 0
   &NGhostAtoms [&Type "Integer"] 0
   &CartesianCoordinates [&Type "Coordinates", &Dim(6,4), &Units "Bohr"] 
              C     -0.000000030909    0.000015507610   -0.322980491195
              H      0.000000033397    1.970797817578    0.167121314905
              H      1.706755084806   -0.985347201839    0.167141030772
              H     -1.706755198631   -0.985347306193    0.167140589033
              F      0.000000181345   -0.000064473954    3.827322919826
              Cl    -0.000000070009   -0.000054343202   -3.918213248818
$End
$Single_Point_Data
   &GeometryIndex 5
   &FinalEnergy [&Type "Double"]      -1.3147974015120001e+01  "Final single point energy"
   &Converged [&Type "Boolean"] true
$End
$Geometry
   &GeometryIndex 6
   &NAtoms [&Type "Integer"] 6
   &NCorelessECP [&Type "Integer"] 0
   &NGhostAtoms [&Type "Integer"] 0
   &CartesianCoordinates [&Type "Coordinates", &Dim(6,4), &Units "Bohr"] 
              C      0.000000008197    0.000013690584   -0.378962672938
              H      0.000000060755    1.955077749562    0.183295605961
              H      1.693137366037   -0.977497793043    0.183318448110
              H     -1.693137444765   -0.977497908727    0.183318094796
              F      0.000000111653   -0.000053215867    3.831049403855
              Cl    -0.000000101877   -0.000042522510   -3.914486765260
$End
$Single_Point_Data
   &GeometryIndex 6
   &FinalEnergy [&Type "Double"]      -1.3147252954830000e+01  "Final single point energy"
   &Converged [&Type "Boolean"] true
$End
$Hessian
   &GeometryIndex 6
   &HESSIAN [&Type "ArrayOfDoubles", &Dim (18,18)] "The Hessian"
                                                         0                           1                           2                           3                           4                           5                           6                           7

0                                      5.3180975220000004e-01        -2.4000000000000000e-09        -1.4400000000000000e-06        -4.1283487799999997e-02        -1.5926000000000000e-06        -3.8690000000000000e-07        -2.3084251610000001e-01         1.0944058249999999e-01
1                                     -2.4000000000000000e-09         5.3179934979999999e-01        -1.9007300000000000e-05        -1.6055999999999999e-06        -2.9402172780000002e-01        -7.8098102099999997e-02         1.0944547590000001e-01        -1.0446856929999999e-01
2                                     -1.4400000000000000e-06        -1.9007300000000000e-05         9.3176604299999993e-02        -3.7399999999999999e-07        -7.3495535400000006e-02        -3.5805873500000002e-02        -6.3740230999999994e-02         3.6777469700000003e-02
3                                     -4.1283487799999997e-02        -1.6055999999999999e-06        -3.7399999999999999e-07         4.3771787499999999e-02         1.7559000000000000e-06         4.8690000000000005e-07        -1.2812705000000001e-03         2.6011386000000001e-02
4                                     -1.5926000000000000e-06        -2.9402172780000002e-01        -7.3495535400000006e-02         1.7559000000000000e-06         3.2591910629999998e-01         7.8551745399999998e-02         1.5188240000000000e-03        -1.7162100999999999e-02
5                                     -3.8690000000000000e-07        -7.8098102099999997e-02        -3.5805873500000002e-02         4.8690000000000005e-07         7.8551745399999998e-02         6.4392770099999996e-02         4.1906460000000001e-04         5.8520717999999998e-03
6                                     -2.3084251610000001e-01         1.0944547590000001e-01        -6.3740230999999994e-02        -1.2812705000000001e-03         1.5188240000000000e-03         4.1906460000000001e-04         2.5545985890000000e-01        -1.2221177640000000e-01
7                                      1.0944058249999999e-01        -1.0446856929999999e-01         3.6777469700000003e-02         2.6011386000000001e-02        -1.7162100999999999e-02         5.8520717999999998e-03        -1.2221177640000000e-01         1.1432542649999999e-01
8                                     -6.7640889300000007e-02         3.9051868099999998e-02        -3.5807266099999999e-02         5.2743568999999999e-03        -2.5644942000000001e-03         2.4237412000000002e-03         6.8047221399999996e-02        -3.9284924899999997e-02
9                                     -2.3084386550000000e-01        -1.0944386090000000e-01         6.3741933000000001e-02        -1.2815954000000001e-03        -1.5190080999999999e-03        -4.1897579999999998e-04        -2.5143637199999999e-02        -1.2239178099999999e-02
10                                    -1.0943898990000001e-01        -1.0446626470000001e-01         3.6777550100000000e-02        -2.6011511300000002e-02        -1.7161806900000000e-02         5.8522577999999999e-03         1.2239485600000001e-02         6.6656316999999998e-03
11                                     6.7642612699999993e-02         3.9051845299999999e-02        -3.5808196399999999e-02        -5.2743577999999998e-03        -2.5644247999999999e-03         2.4237757000000002e-03        -4.8546220999999999e-03        -3.2861542000000000e-03
12                                    -6.2239169000000002e-03         7.2000000000000000e-09         9.8700000000000004e-08        -6.5144509999999999e-04         1.3799999999999999e-08        -2.3499999999999999e-08         1.3460090000000000e-04        -4.5393959999999998e-04
13                                     1.8000000000000000e-09        -6.2246002999999999e-03        -2.2898100000000000e-05         1.9700000000000001e-08         4.1527540000000003e-04         3.5405629000000000e-03        -4.4919799999999999e-04        -3.9565210000000001e-04
14                                     9.6200000000000001e-08        -4.8631000000000001e-06         2.4126754000000000e-02        -3.2700000000000002e-08         1.4444105000000001e-03        -1.2004773599999999e-02         1.2323407000000000e-03        -7.1565449999999998e-04
15                                    -2.2615965799999999e-02        -1.4300000000000001e-08         1.3300000000000000e-08         7.2601130000000003e-04         6.9999999999999998e-09        -1.6530000000000000e-07         1.6729640000000001e-03        -5.4707449999999999e-04
16                                     6.0000000000000000e-10        -2.2618187700000000e-02        -1.7578999999999999e-05        -4.4799999999999997e-08         2.0112539000000000e-03        -1.5698535800000000e-02        -5.4281109999999996e-04         1.0352642000000000e-03
17                                     7.4000000000000001e-09         1.8258899999999999e-05        -9.8820222999999995e-03        -7.9300000000000002e-08        -1.3717015000000001e-03        -2.1429639899999998e-02        -1.1037737000000000e-03         6.5719219999999998e-04
                                                         8                           9                          10                          11                          12                          13                          14                          15

0                                     -6.7640889300000007e-02        -2.3084386550000000e-01        -1.0943898990000001e-01         6.7642612699999993e-02        -6.2239169000000002e-03         1.8000000000000000e-09         9.6200000000000001e-08        -2.2615965799999999e-02
1                                      3.9051868099999998e-02        -1.0944386090000000e-01        -1.0446626470000001e-01         3.9051845299999999e-02         7.2000000000000000e-09        -6.2246002999999999e-03        -4.8631000000000001e-06        -1.4300000000000001e-08
2                                     -3.5807266099999999e-02         6.3741933000000001e-02         3.6777550100000000e-02        -3.5808196399999999e-02         9.8700000000000004e-08        -2.2898100000000000e-05         2.4126754000000000e-02         1.3300000000000000e-08
3                                      5.2743568999999999e-03        -1.2815954000000001e-03        -2.6011511300000002e-02        -5.2743577999999998e-03        -6.5144509999999999e-04         1.9700000000000001e-08        -3.2700000000000002e-08         7.2601130000000003e-04
4                                     -2.5644942000000001e-03        -1.5190080999999999e-03        -1.7161806900000000e-02        -2.5644247999999999e-03         1.3799999999999999e-08         4.1527540000000003e-04         1.4444105000000001e-03         6.9999999999999998e-09
5                                      2.4237412000000002e-03        -4.1897579999999998e-04         5.8522577999999999e-03         2.4237757000000002e-03        -2.3499999999999999e-08         3.5405629000000000e-03        -1.2004773599999999e-02        -1.6530000000000000e-07
