
$orca_hessian_file

$act_atom
  0

$act_coord
  0

$act_energy
      -13.136150

$multiplicity
  1

$hessian
18
                    0                  1                  2                  3                  4        
    0      3.9381898200E-01  -4.7546476100E-02   1.3535994000E-02  -4.0929468000E-02   1.8459978000E-03
    1     -4.7546476100E-02   4.4876079590E-01   7.8107443000E-03  -5.3839680000E-04  -2.5919158230E-01
    2      1.3535994000E-02   7.8107443000E-03   3.2884310450E-01  -1.2749600000E-04  -7.0230895500E-02
    3     -4.0929468000E-02  -5.3839680000E-04  -1.2749600000E-04   4.4453118300E-02   1.4602185000E-03
    4      1.8459978000E-03  -2.5919158230E-01  -7.0230895500E-02   1.4602185000E-03   2.9709322540E-01
    5     -7.5455660000E-04  -7.8951681600E-02  -6.2628435600E-02  -1.1979971000E-03   7.9293879300E-02
    6     -2.0403338350E-01   9.5991265600E-02  -6.1066206800E-02   3.3250010000E-04   1.8446206000E-03
    7      9.3635685100E-02  -9.6068894800E-02   3.5081948900E-02   2.8040010700E-02  -1.6896485200E-02
    8     -6.8779268700E-02   3.8834276000E-02  -6.2677195400E-02   6.4265031000E-03  -2.5804937000E-03
    9     -1.2672800930E-01  -4.8464429300E-02   6.3606647500E-02  -3.1796674000E-03  -5.2031156000E-03
   10     -4.8473172700E-02  -7.0751705200E-02   3.6725346300E-02  -2.8271977600E-02  -2.3405869300E-02
   11      6.9689618100E-02   4.0229961900E-02  -7.3395042700E-02  -3.0968434000E-03  -1.8740545000E-03
   12      5.1617159000E-03   6.1083140000E-04  -7.7158404000E-03  -1.6711964000E-03   4.7001570000E-04
   13      6.0162820000E-04   4.4724935000E-03  -4.5383847000E-03   9.7750740000E-04   4.4791150000E-04
   14     -1.1755629000E-03  -6.7793320000E-04  -9.2783940000E-03  -3.2491310000E-04  -5.2173000000E-05
   15     -2.7289837100E-02  -5.2794800000E-05  -8.2330982000E-03   9.9471340000E-04  -4.1773690000E-04
   16     -6.3662200000E-05  -2.7221107000E-02  -4.8487594000E-03  -1.6673622000E-03   1.9527998000E-03
   17     -1.2516224000E-02  -7.2453675000E-03  -1.2086403680E-01  -1.6792535000E-03  -4.5562626000E-03
                    5                  6                  7                  8                  9        
    0     -7.5455660000E-04  -2.0403338350E-01   9.3635685100E-02  -6.8779268700E-02  -1.2672800930E-01
    1     -7.8951681600E-02   9.5991265600E-02  -9.6068894800E-02   3.8834276000E-02  -4.8464429300E-02
    2     -6.2628435600E-02  -6.1066206800E-02   3.5081948900E-02  -6.2677195400E-02   6.3606647500E-02
    3     -1.1979971000E-03   3.3250010000E-04   2.8040010700E-02   6.4265031000E-03  -3.1796674000E-03
    4      7.9293879300E-02   1.8446206000E-03  -1.6896485200E-02  -2.5804937000E-03  -5.2031156000E-03
    5      7.7391735800E-02   9.7662520000E-04   6.8612009000E-03   3.5896440000E-03   2.1309350000E-03
    6      9.7662520000E-04   2.3520840160E-01  -1.0868045810E-01   6.8101737800E-02  -3.2860574300E-02
    7      6.8612009000E-03  -1.0868045810E-01   1.0636620600E-01  -4.0704740100E-02  -1.1135565800E-02
    8      3.5896440000E-03   6.8101737800E-02  -4.0704740100E-02   7.7401277600E-02   1.2723661000E-02
    9      2.1309350000E-03  -3.2860574300E-02  -1.1135565800E-02   1.2723661000E-02   1.5995830240E-01
   10      1.3474729900E-02   1.1924010600E-02   6.2642548000E-03  -4.8973150000E-03   6.1836606200E-02
   11      6.2902701000E-03  -3.1733355000E-03  -1.7470151000E-03   6.3007862000E-03  -7.5404541100E-02
   12     -5.5334310000E-04   5.4134960000E-04  -2.9901330000E-04  -1.8833500000E-04  -4.3477418000E-03
   13      1.0037380000E-04  -7.9426950000E-04  -1.7857650000E-03  -5.2431870000E-04  -3.2053200000E-05
   14     -3.4821071000E-03  -1.9494400000E-04  -2.6176780000E-04  -3.4848764000E-03  -2.4343875000E-03
   15     -6.0166340000E-04   8.1170650000E-04  -1.5606586000E-03  -1.8284298200E-02   7.1576904000E-03
   16     -2.0778502300E-02  -2.8516920000E-04   2.1206842000E-03   9.8725915000E-03   2.9985577000E-03
   17     -2.1161107100E-02  -4.6438767000E-03   7.7037330000E-04  -2.1129636000E-02  -6.2231490000E-04
                   10                 11                 12                 13                 14        
    0     -4.8473172700E-02   6.9689618100E-02   5.1617159000E-03   6.0162820000E-04  -1.1755629000E-03
    1     -7.0751705200E-02   4.0229961900E-02   6.1083140000E-04   4.4724935000E-03  -6.7793320000E-04
    2      3.6725346300E-02  -7.3395042700E-02  -7.7158404000E-03  -4.5383847000E-03  -9.2783940000E-03
    3     -2.8271977600E-02  -3.0968434000E-03  -1.6711964000E-03   9.7750740000E-04  -3.2491310000E-04
    4     -2.3405869300E-02  -1.8740545000E-03   4.7001570000E-04   4.4791150000E-04  -5.2173000000E-05
    5      1.3474729900E-02   6.2902701000E-03  -5.5334310000E-04   1.0037380000E-04  -3.4821071000E-03
    6      1.1924010600E-02  -3.1733355000E-03   5.4134960000E-04  -7.9426950000E-04  -1.9494400000E-04
    7      6.2642548000E-03  -1.7470151000E-03  -2.9901330000E-04  -1.7857650000E-03  -2.6176780000E-04
    8     -4.8973150000E-03   6.3007862000E-03  -1.8833500000E-04  -5.2431870000E-04  -3.4848764000E-03
    9      6.1836606200E-02  -7.5404541100E-02  -4.3477418000E-03  -3.2053200000E-05  -2.4343875000E-03
   10      8.8555336100E-02  -4.3535499800E-02  -2.6067600000E-05  -4.3301064000E-03  -1.4078168000E-03
   11     -4.3535499800E-02   7.8455966700E-02   4.8967301000E-03   2.8284731000E-03  -8.6094577000E-03
   12     -2.6067600000E-05   4.8967301000E-03  -1.5938910000E-04  -1.0471593000E-03   1.1795763000E-03
   13     -4.3301064000E-03   2.8284731000E-03  -1.0471593000E-03   1.0532965000E-03   6.8916450000E-04
   14     -1.4078168000E-03  -8.6094577000E-03   1.1795763000E-03   6.8916450000E-04   3.7536692300E-02
   15      3.0106010000E-03   7.0883720000E-03   4.7526180000E-04   2.9434650000E-04   2.9502310000E-03
   16      3.6680899000E-03   4.0981344000E-03   2.9139310000E-04   1.4216990000E-04   1.7105262000E-03
   17     -3.5944460000E-04  -9.0425227000E-03   2.3812122000E-03   1.4446919000E-03  -1.2681857200E-02
                   15                 16                 17        
     0     -2.7289837100E-02  -6.3662200000E-05  -1.2516224000E-02
     1     -5.2794800000E-05  -2.7221107000E-02  -7.2453675000E-03
     2     -8.2330982000E-03  -4.8487594000E-03  -1.2086403680E-01
     3      9.9471340000E-04  -1.6673622000E-03  -1.6792535000E-03
     4     -4.1773690000E-04   1.9527998000E-03  -4.5562626000E-03
     5     -6.0166340000E-04  -2.0778502300E-02  -2.1161107100E-02
     6      8.1170650000E-04  -2.8516920000E-04  -4.6438767000E-03
     7     -1.5606586000E-03   2.1206842000E-03   7.7037330000E-04
     8     -1.8284298200E-02   9.8725915000E-03  -2.1129636000E-02
     9      7.1576904000E-03   2.9985577000E-03  -6.2231490000E-04
    10      3.0106010000E-03   3.6680899000E-03  -3.5944460000E-04
    11      7.0883720000E-03   4.0981344000E-03  -9.0425227000E-03
    12      4.7526180000E-04   2.9139310000E-04   2.3812122000E-03
    13      2.9434650000E-04   1.4216990000E-04   1.4446919000E-03
    14      2.9502310000E-03   1.7105262000E-03  -1.2681857200E-02
    15      1.7850465000E-02  -1.2737572000E-03   1.7080456900E-02
    16     -1.2737572000E-03   1.9337363300E-02   9.9460095000E-03
    17      1.7080456900E-02   9.9460095000E-03   1.8487915980E-01

$vibrational_frequencies
18
    0        0.0000000000000000
    1        0.0000000000000000
    2        0.0000000000000000
    3        0.0000000000000000
    4        0.0000000000000000
    5        0.0000000000000000
    6     -124.2905239327496645
    7      126.1969722844591928
    8      263.0139758301910433
    9      671.3642642223098846
   10      773.0415859829237206
   11      983.5587449275446943
   12     1382.1493437453664228
   13     1436.1204789357811933
   14     1540.0635496122624772
   15     2600.0547442296597183
   16     3010.5293974151168186
   17     3013.2902069242068137

$normal_modes
18 18
                    0                  1                  2                  3                  4        
    0      0.0000000000E+00   0.0000000000E+00   0.0000000000E+00   0.0000000000E+00   0.0000000000E+00
    1      0.0000000000E+00   0.0000000000E+00   0.0000000000E+00   0.0000000000E+00   0.0000000000E+00
    2      0.0000000000E+00   0.0000000000E+00   0.0000000000E+00   0.0000000000E+00   0.0000000000E+00
    3      0.0000000000E+00   0.0000000000E+00   0.0000000000E+00   0.0000000000E+00   0.0000000000E+00
    4      0.0000000000E+00   0.0000000000E+00   0.0000000000E+00   0.0000000000E+00   0.0000000000E+00
    5      0.0000000000E+00   0.0000000000E+00   0.0000000000E+00   0.0000000000E+00   0.0000000000E+00
    6      0.0000000000E+00   0.0000000000E+00   0.0000000000E+00   0.0000000000E+00   0.0000000000E+00
    7      0.0000000000E+00   0.0000000000E+00   0.0000000000E+00   0.0000000000E+00   0.0000000000E+00
    8      0.0000000000E+00   0.0000000000E+00   0.0000000000E+00   0.0000000000E+00   0.0000000000E+00
    9      0.0000000000E+00   0.0000000000E+00   0.0000000000E+00   0.0000000000E+00   0.0000000000E+00
   10      0.0000000000E+00   0.0000000000E+00   0.0000000000E+00   0.0000000000E+00   0.0000000000E+00
   11      0.0000000000E+00   0.0000000000E+00   0.0000000000E+00   0.0000000000E+00   0.0000000000E+00
   12      0.0000000000E+00   0.0000000000E+00   0.0000000000E+00   0.0000000000E+00   0.0000000000E+00
   13      0.0000000000E+00   0.0000000000E+00   0.0000000000E+00   0.0000000000E+00   0.0000000000E+00
   14      0.0000000000E+00   0.0000000000E+00   0.0000000000E+00   0.0000000000E+00   0.0000000000E+00
   15      0.0000000000E+00   0.0000000000E+00   0.0000000000E+00   0.0000000000E+00   0.0000000000E+00
   16      0.0000000000E+00   0.0000000000E+00   0.0000000000E+00   0.0000000000E+00   0.0000000000E+00
   17      0.0000000000E+00   0.0000000000E+00   0.0000000000E+00   0.0000000000E+00   0.0000000000E+00
                    5                  6                  7                  8                  9        
    0      0.0000000000E+00   2.9801189965E-01   1.6525639220E-01  -1.6271350819E-01  -1.9918280305E-02
    1      0.0000000000E+00   1.7214184707E-01  -2.8609225698E-01  -9.4039810941E-02  -1.1070292849E-02
    2      0.0000000000E+00  -6.1298196282E-02   3.2834051735E-04  -2.2017249961E-01   4.4208885557E-01
    3      0.0000000000E+00   3.7533515695E-01  -1.5056198747E-01  -1.5334080458E-01   9.7520284630E-02
    4      0.0000000000E+00   2.2606993018E-01  -3.5090241577E-01  -1.0383646249E-01   7.3548652705E-02
    5      0.0000000000E+00  -2.0536498119E-01   1.9120569847E-01  -1.8123803215E-01   1.5964244552E-01
    6      0.0000000000E+00   3.8331566051E-01   3.7943084495E-01  -1.6642276855E-01   1.1198728938E-01
    7      0.0000000000E+00   2.1197979640E-01  -4.4880526546E-02  -8.0824993967E-02   4.7663418150E-02
    8      0.0000000000E+00  -2.0531435114E-01  -1.9096581391E-01  -1.8121319771E-01   1.5994274281E-01
    9      0.0000000000E+00   4.7085094385E-01   3.5522446395E-01  -1.2413656512E-01   1.7940977817E-01
   10      0.0000000000E+00   2.7194186626E-01  -6.1486992522E-01  -7.1783578917E-02   1.0455035632E-01
   11      0.0000000000E+00   2.8883040403E-01   4.4396044922E-04  -1.2492822290E-01   8.0779807343E-01
   12      0.0000000000E+00  -1.2163069835E-01  -6.2675910407E-02   2.3306023933E-02  -3.0152692415E-03
   13      0.0000000000E+00  -7.0251164239E-02   1.0849994147E-01   1.3473308422E-02  -1.8964262931E-03
   14      0.0000000000E+00   6.3586805246E-02  -3.9365526434E-05   7.9246124649E-01  -3.7546195257E-02
   15      0.0000000000E+00  -7.0742072456E-02  -3.9007803256E-02   5.5257254494E-02  -2.6938803828E-03
   16      0.0000000000E+00  -4.0860734845E-02   6.7517849012E-02   3.1930805615E-02  -1.6521854984E-03
   17      0.0000000000E+00  -9.8424892332E-03  -1.0958585874E-04  -3.3620309648E-01  -1.6170786547E-01
                   10                 11                 12                 13                 14        
    0     -1.2584398628E-01   5.8417453866E-02   1.3700983694E-02  -6.6540802461E-02  -3.1067514183E-02
    1     -7.2619697906E-02  -1.0128263807E-01   7.9071906872E-03  -3.8392284242E-02   5.3830632657E-02
    2     -8.1844500499E-02  -3.3448004686E-05  -1.0688348970E-01  -7.6571485605E-03   1.4263487960E-05
    3      1.1781863379E-01  -1.7168859097E-01  -8.9593706303E-02   6.6616151686E-01   3.1962506653E-01
    4      4.4361913653E-02   1.3311186353E-01  -1.9666045471E-01  -7.3295481792E-02   1.1328392478E-01
    5     -3.7069538688E-01  -6.2823000396E-01   5.7370607724E-01   1.6717366012E-01  -3.2156014933E-01
    6      9.7449126723E-02  -2.9479284629E-02  -2.1516700200E-01   2.6951465149E-01  -2.5806899187E-01
    7      7.9660870715E-02   2.1533009104E-01   2.0752936840E-02   6.1345099291E-01  -2.2047712703E-01
    8     -3.7138765043E-01   6.2800864850E-01   5.7349235012E-01   1.6740574747E-01   3.2152143128E-01
    9      2.9754108191E-01  -1.5976860150E-01   2.0001642404E-01  -7.2842372756E-02   3.7392103041E-01
   10      1.7152182998E-01   2.7718871987E-01   1.1544314044E-01  -4.2259329211E-02  -6.4755533869E-01
   11      7.3830246997E-01   3.9339883049E-04   4.2832176557E-01  -1.8128409177E-01   8.3851107946E-05
   12      5.7297587541E-03   2.0582375827E-03   1.1735320739E-03  -1.4775884448E-03  -1.2757222179E-03
   13      3.3234713496E-03  -3.5653341285E-03   6.8128505686E-04  -8.5581193712E-04   2.2160976623E-03
   14     -1.0658008289E-02  -1.0854320199E-05  -5.4062641000E-03   2.7595606813E-04  -1.0987459369E-06
   15      2.4983692472E-02  -1.0631835587E-02  -2.2924728215E-03  -1.1971811222E-03  -1.1726183502E-03
   16      1.4418720887E-02   1.8435795668E-02  -1.3248026514E-03  -6.9079937229E-04   2.0343941849E-03
   17      3.3546553151E-02   1.2256639527E-05  -5.6874891906E-03  -1.9122297229E-03  -5.5267226659E-06
                   15                 16                 17        
     0     -5.8780408186E-02  -3.7116389045E-02  -4.6388151444E-02
     1     -3.3914312797E-02  -2.5487081187E-02   7.6685076555E-02
     2      3.0772300167E-02  -3.4509118755E-02  -1.4551363549E-03
     3     -5.9413946548E-02  -1.2862666061E-02  -2.4848327923E-02
     4      4.6672308493E-02   6.9591926401E-01  -6.3935577987E-01
     5      4.8919066312E-02   2.1475701624E-01  -2.1142479744E-01
     6      1.0885058939E-02   5.5017577217E-01   6.1312006167E-01
     7     -7.4862184110E-02  -3.3465073608E-01  -3.2668465214E-01
     8      4.8940575931E-02   1.9764155050E-01   2.2840775644E-01
     9      7.5701083884E-01  -9.1591247555E-02  -3.1478324840E-02
    10      4.3707944890E-01  -5.5355784539E-02   4.5494779186E-02
    11     -4.6273331177E-01   3.1488481940E-02   1.3503013159E-03
    12     -1.2377381016E-03   1.8432606662E-04   3.1469549467E-05
    13     -7.1686795517E-04   1.1165008277E-04  -3.4547270006E-05
    14      2.1306864432E-04  -1.6474209476E-04  -5.3968512340E-06
    15      4.3370728392E-04  -1.9700762181E-04  -1.3193601907E-04
    16      2.4830560320E-04  -1.2286242259E-04   2.1160106581E-04
    17     -1.6532639086E-04  -8.4109523540E-04  -2.5378790529E-05

#
# The atoms: label  mass x y z (in bohrs)
#
$atoms
6
 C     12.01100      0.213501901773     0.123240522754     0.375193097387
 H      1.00800      0.212019944758     2.066058618500     1.062864025296
 H      1.00800      1.895218537592    -0.849398981903     1.063136382776
 H      1.00800     -1.275232626968    -0.736210327544     1.643662346185
 F     18.99800     -0.237894452530    -0.137433257538     4.951001080828
 Cl    35.45300      0.031491991221     0.018233215930    -2.887354607017

$actual_temperature
  0.000000

$frequency_scale_factor
  1.000000


$end

