
$orca_hessian_file

$act_atom
  0

$act_coord
  0

$act_energy
      -13.140057

$multiplicity
  1

$hessian
18
                    0                  1                  2                  3                  4        
    0      4.5594550820E-01  -6.5800000000E-08  -5.7170000000E-07  -4.0727569400E-02  -1.4286000000E-06
    1     -6.5800000000E-08   4.5594233320E-01  -6.9960000000E-07  -1.4727000000E-06  -2.4513002510E-01
    2     -5.7170000000E-07  -6.9960000000E-07   2.5130271020E-01  -5.7570000000E-07  -8.7825932500E-02
    3     -4.0727569400E-02  -1.4727000000E-06  -5.7570000000E-07   4.7387971000E-02   1.6245000000E-06
    4     -1.4286000000E-06  -2.4513002510E-01  -8.7825932500E-02   1.6245000000E-06   2.8577812460E-01
    5     -6.2000000000E-07  -9.7515944500E-02  -6.6144087800E-02   6.4240000000E-07   9.5267162200E-02
    6     -1.9402049950E-01   8.8505492300E-02  -7.6066697700E-02  -2.8952683000E-03   4.2790373000E-03
    7      8.8501767200E-02  -9.1817843300E-02   4.3917071200E-02   2.9031497500E-02  -2.2127276400E-02
    8     -8.4458158400E-02   4.8759861800E-02  -6.6147300600E-02   6.6629124000E-03  -4.1719431000E-03
    9     -1.9402095580E-01  -8.8503936300E-02   7.6067973200E-02  -2.8956470000E-03  -4.2792649000E-03
   10     -8.8500268200E-02  -9.1815932300E-02   4.3916879300E-02  -2.9031635100E-02  -2.2126894100E-02
   11      8.4459484600E-02   4.8759525200E-02  -6.6148400600E-02  -6.6628938000E-03  -4.1718382000E-03
   12     -9.5366700000E-05   1.6000000000E-09   3.9000000000E-09  -2.1601760000E-03   1.3200000000E-08
   13     -1.7000000000E-09  -9.6642800000E-05  -4.2063000000E-06   1.4600000000E-08  -9.1765730000E-04
   14      1.5300000000E-08  -7.0870000000E-07   5.9241206000E-03  -2.0300000000E-08   1.2840841000E-03
   15     -2.7081116800E-02  -1.9200000000E-08  -1.3200000000E-07   1.2906897000E-03   1.8400000000E-08
   16     -3.0000000000E-09  -2.7081889700E-02  -3.1122000000E-06  -2.8800000000E-08   4.5237282000E-03
   17     -1.4970000000E-07  -2.0342000000E-06  -5.8787041900E-02  -6.5000000000E-08  -3.8153240000E-04
                    5                  6                  7                  8                  9        
    0     -6.2000000000E-07  -1.9402049950E-01   8.8501767200E-02  -8.4458158400E-02  -1.9402095580E-01
    1     -9.7515944500E-02   8.8505492300E-02  -9.1817843300E-02   4.8759861800E-02  -8.8503936300E-02
    2     -6.6144087800E-02  -7.6066697700E-02   4.3917071200E-02  -6.6147300600E-02   7.6067973200E-02
    3      6.4240000000E-07  -2.8952683000E-03   2.9031497500E-02   6.6629124000E-03  -2.8956470000E-03
    4      9.5267162200E-02   4.2790373000E-03  -2.2127276400E-02  -4.1719431000E-03  -4.2792649000E-03
    5      8.2580189000E-02  -2.8149940000E-04   7.8573452000E-03   5.2457814000E-03   2.8164580000E-04
    6     -2.8149940000E-04   2.2617300150E-01  -1.0322122260E-01   8.2510843800E-02  -3.1741440200E-02
    7      7.8573452000E-03  -1.0322122260E-01   1.0698096030E-01  -4.7636585000E-02  -1.2374873300E-02
    8      5.2457814000E-03   8.2510843800E-02  -4.7636585000E-02   8.2587394300E-02   6.9457719000E-03
    9      2.8164580000E-04  -3.1741440200E-02  -1.2374873300E-02   6.9457719000E-03   2.2617372400E-01
   10      7.8575639000E-03   1.2375238600E-02   6.7194475000E-03  -3.6846744000E-03   1.0321952550E-01
   11      5.2458244000E-03  -6.9455346000E-03  -3.6845075000E-03   5.2461531000E-03  -8.2512277300E-02
   12     -2.0400000000E-08  -1.2301245000E-03  -5.3721350000E-04   5.6162410000E-04  -1.2301342000E-03
   13      6.4915280000E-04  -5.3786870000E-04  -1.8520228000E-03  -3.2349710000E-04   5.3785010000E-04
   14     -9.9370968000E-03   1.1128014000E-03  -6.4221870000E-04  -9.9411059000E-03  -1.1128734000E-03
   15     -1.4830000000E-07   3.7143311000E-03  -1.3999554000E-03  -1.2222993800E-02   3.7144532000E-03
   16     -1.4115279500E-02  -1.4006770000E-03   2.0967347000E-03   7.0568378000E-03   1.4006988000E-03
   17     -1.6990610100E-02  -3.2991350000E-04   1.8889480000E-04  -1.6990922300E-02   3.2975980000E-04
                   10                 11                 12                 13                 14        
    0     -8.8500268200E-02   8.4459484600E-02  -9.5366700000E-05  -1.7000000000E-09   1.5300000000E-08
    1     -9.1815932300E-02   4.8759525200E-02   1.6000000000E-09  -9.6642800000E-05  -7.0870000000E-07
    2      4.3916879300E-02  -6.6148400600E-02   3.9000000000E-09  -4.2063000000E-06   5.9241206000E-03
    3     -2.9031635100E-02  -6.6628938000E-03  -2.1601760000E-03   1.4600000000E-08  -2.0300000000E-08
    4     -2.2126894100E-02  -4.1718382000E-03   1.3200000000E-08  -9.1765730000E-04   1.2840841000E-03
    5      7.8575639000E-03   5.2458244000E-03  -2.0400000000E-08   6.4915280000E-04  -9.9370968000E-03
    6      1.2375238600E-02  -6.9455346000E-03  -1.2301245000E-03  -5.3786870000E-04   1.1128014000E-03
    7      6.7194475000E-03  -3.6845075000E-03  -5.3721350000E-04  -1.8520228000E-03  -6.4221870000E-04
    8     -3.6846744000E-03   5.2461531000E-03   5.6162410000E-04  -3.2349710000E-04  -9.9411059000E-03
    9      1.0321952550E-01  -8.2512277300E-02  -1.2301342000E-03   5.3785010000E-04  -1.1128734000E-03
   10      1.0697874310E-01  -4.7636429500E-02   5.3720080000E-04  -1.8520502000E-03  -6.4221360000E-04
   11     -4.7636429500E-02   8.2588569700E-02  -5.6169090000E-04  -3.2348150000E-04  -9.9411285000E-03
   12      5.3720080000E-04  -5.6169090000E-04   2.7990064000E-03   1.0000000000E-10   1.4530000000E-07
   13     -1.8520502000E-03  -3.2348150000E-04   1.0000000000E-10   2.8002422000E-03   8.2110000000E-07
   14     -6.4221360000E-04  -9.9411285000E-03   1.4530000000E-07   8.2110000000E-07   4.2549307000E-02
   15      1.3999383000E-03   1.2222912000E-02   1.9167950000E-03   5.6000000000E-09  -6.8300000000E-08
   16      2.0966861000E-03   7.0567314000E-03  -2.3000000000E-09   1.9181309000E-03   2.3580000000E-07
   17      1.8887420000E-04  -1.6991018200E-02  -6.2100000000E-08   1.2109000000E-06  -1.8654096400E-02
                   15                 16                 17        
     0     -2.7081116800E-02  -3.0000000000E-09  -1.4970000000E-07
     1     -1.9200000000E-08  -2.7081889700E-02  -2.0342000000E-06
     2     -1.3200000000E-07  -3.1122000000E-06  -5.8787041900E-02
     3      1.2906897000E-03  -2.8800000000E-08  -6.5000000000E-08
     4      1.8400000000E-08   4.5237282000E-03  -3.8153240000E-04
     5     -1.4830000000E-07  -1.4115279500E-02  -1.6990610100E-02
     6      3.7143311000E-03  -1.4006770000E-03  -3.2991350000E-04
     7     -1.3999554000E-03   2.0967347000E-03   1.8889480000E-04
     8     -1.2222993800E-02   7.0568378000E-03  -1.6990922300E-02
     9      3.7144532000E-03   1.4006988000E-03   3.2975980000E-04
    10      1.3999383000E-03   2.0966861000E-03   1.8887420000E-04
    11      1.2222912000E-02   7.0567314000E-03  -1.6991018200E-02
    12      1.9167950000E-03  -2.3000000000E-09  -6.2100000000E-08
    13      5.6000000000E-09   1.9181309000E-03   1.2109000000E-06
    14     -6.8300000000E-08   2.3580000000E-07  -1.8654096400E-02
    15      1.6444847700E-02   1.2300000000E-08   4.3050000000E-07
    16      1.2300000000E-08   1.6446609800E-02   4.5866000000E-06
    17      4.3050000000E-07   4.5866000000E-06   1.2841368900E-01

$vibrational_frequencies
18
    0        0.0000000000000000
    1        0.0000000000000000
    2        0.0000000000000000
    3        0.0000000000000000
    4        0.0000000000000000
    5        0.0000000000000000
    6      166.2459143252532101
    7      166.2804515627061051
    8      271.0542120159331603
    9      522.0028929696843534
   10      878.2893295939089739
   11      878.2978850595713993
   12     1341.0274060533035936
   13     1491.5625057788108734
   14     1491.6029632543393291
   15     2998.4061698974423962
   16     2998.4144530151374965
   17     3044.5441403424920281

$normal_modes
18 18
                    0                  1                  2                  3                  4        
    0      0.0000000000E+00   0.0000000000E+00   0.0000000000E+00   0.0000000000E+00   0.0000000000E+00
    1      0.0000000000E+00   0.0000000000E+00   0.0000000000E+00   0.0000000000E+00   0.0000000000E+00
    2      0.0000000000E+00   0.0000000000E+00   0.0000000000E+00   0.0000000000E+00   0.0000000000E+00
    3      0.0000000000E+00   0.0000000000E+00   0.0000000000E+00   0.0000000000E+00   0.0000000000E+00
    4      0.0000000000E+00   0.0000000000E+00   0.0000000000E+00   0.0000000000E+00   0.0000000000E+00
    5      0.0000000000E+00   0.0000000000E+00   0.0000000000E+00   0.0000000000E+00   0.0000000000E+00
    6      0.0000000000E+00   0.0000000000E+00   0.0000000000E+00   0.0000000000E+00   0.0000000000E+00
    7      0.0000000000E+00   0.0000000000E+00   0.0000000000E+00   0.0000000000E+00   0.0000000000E+00
    8      0.0000000000E+00   0.0000000000E+00   0.0000000000E+00   0.0000000000E+00   0.0000000000E+00
    9      0.0000000000E+00   0.0000000000E+00   0.0000000000E+00   0.0000000000E+00   0.0000000000E+00
   10      0.0000000000E+00   0.0000000000E+00   0.0000000000E+00   0.0000000000E+00   0.0000000000E+00
   11      0.0000000000E+00   0.0000000000E+00   0.0000000000E+00   0.0000000000E+00   0.0000000000E+00
   12      0.0000000000E+00   0.0000000000E+00   0.0000000000E+00   0.0000000000E+00   0.0000000000E+00
   13      0.0000000000E+00   0.0000000000E+00   0.0000000000E+00   0.0000000000E+00   0.0000000000E+00
   14      0.0000000000E+00   0.0000000000E+00   0.0000000000E+00   0.0000000000E+00   0.0000000000E+00
   15      0.0000000000E+00   0.0000000000E+00   0.0000000000E+00   0.0000000000E+00   0.0000000000E+00
   16      0.0000000000E+00   0.0000000000E+00   0.0000000000E+00   0.0000000000E+00   0.0000000000E+00
   17      0.0000000000E+00   0.0000000000E+00   0.0000000000E+00   0.0000000000E+00   0.0000000000E+00
                    5                  6                  7                  8                  9        
    0      0.0000000000E+00  -4.0115916304E-01  -1.7820198806E-04   2.1047714902E-06   2.6574732616E-06
    1      0.0000000000E+00   1.7823609895E-04  -4.0116670657E-01   1.1634815302E-04   6.2634769943E-05
    2      0.0000000000E+00   1.7231302547E-06   5.0544345260E-05   3.0920264330E-01   6.6707911849E-01
    3      0.0000000000E+00  -4.7991388828E-01  -2.1437272025E-04   1.9979169547E-06   1.6883237005E-06
    4      0.0000000000E+00   2.2339958260E-04  -5.0297094112E-01   4.9416630313E-02   7.8662594912E-02
    5      0.0000000000E+00  -9.9725070016E-05   2.3143485212E-01   1.4915505461E-01   3.9744756983E-01
    6      0.0000000000E+00  -4.9733073393E-01   9.7117571426E-03   4.2711729465E-02   6.8097689946E-02
    7      0.0000000000E+00   9.9936517909E-03  -4.8578560397E-01  -2.4538593108E-02  -3.9281016464E-02
    8      0.0000000000E+00   2.0044781108E-01  -1.1558613750E-01   1.4912459800E-01   3.9737460048E-01
    9      0.0000000000E+00  -4.9732360026E-01  -1.0152825999E-02  -4.2707831153E-02  -6.8094555464E-02
   10      0.0000000000E+00  -9.5618548312E-03  -4.8579698033E-01  -2.4538650897E-02  -3.9281158821E-02
   11      0.0000000000E+00  -2.0034215390E-01  -1.1576252252E-01   1.4912630274E-01   3.9737433396E-01
   12      0.0000000000E+00   1.5769322988E-01   7.0044320142E-05  -7.0823321791E-07  -8.0531079408E-07
   13      0.0000000000E+00  -7.0042719849E-05   1.5769505890E-01  -3.2985920658E-05  -1.1677889813E-05
   14      0.0000000000E+00  -8.1812420108E-07  -4.2523081686E-05  -8.4690231024E-01  -1.9163013276E-02
   15      0.0000000000E+00   9.3330084740E-02   4.1473703028E-05  -5.0119295813E-07  -6.0590090185E-07
   16      0.0000000000E+00  -4.1479150070E-05   9.3331242412E-02  -3.1390645199E-05  -1.7817184895E-05
   17      0.0000000000E+00  -3.1403173838E-07   3.2122456504E-06   3.3635043405E-01  -2.4962520639E-01
                   10                 11                 12                 13                 14        
    0     -1.1376744915E-01  -2.0705900483E-03   2.8369880867E-07   7.5351149428E-05   7.1335754505E-02
    1      2.0705662406E-03  -1.1376861885E-01   6.4761629336E-07  -7.1328539271E-02   7.5355041732E-05
    2      2.3259738423E-07   1.3920978593E-05   8.4497973825E-02  -2.4288024427E-06  -1.9068064166E-07
    3      2.4819355025E-01   4.5156416395E-03  -1.5930742927E-06  -7.9255952755E-04  -7.4640340761E-01
    4     -3.9887380868E-03   2.1914552412E-01   2.1761287048E-01  -1.3427744148E-01   1.4663601111E-04
    5      1.3466911831E-02  -7.4019443605E-01  -5.3244254021E-01   2.9688656437E-01  -3.1269988336E-04
    6      2.2619555942E-01   1.6700679621E-02   1.8849024715E-01   3.8124934481E-01  -8.6299390101E-02
    7      8.1652746269E-03   2.4118963799E-01  -1.0880883478E-01   5.2582456788E-01  -3.8191519478E-01
    8     -6.4776882660E-01   3.5843554167E-01  -5.3244595795E-01  -1.4870012072E-01  -2.5691036627E-01
    9      2.2665775421E-01  -8.4569521881E-03  -1.8849411189E-01  -3.8142679163E-01  -8.5484137754E-02
   10     -1.6936459627E-02   2.4073525939E-01  -1.0880922632E-01   5.2663729464E-01   3.8079865906E-01
   11      6.3429895083E-01   3.8176302551E-01  -5.3244517654E-01  -1.4815160645E-01   2.5722560399E-01
   12     -3.2203094121E-03  -5.8546012908E-05   6.4939804747E-08   1.2296839814E-06   1.2151527672E-03
   13      5.8560774057E-05  -3.2205606444E-03  -6.9678909619E-07  -1.2168858088E-03   1.2812002782E-06
   14      8.1026342527E-08  -5.7055710763E-06   1.3627439772E-02   8.3279478294E-07  -6.9506608645E-09
   15      2.0336361694E-02   3.7008631705E-04   2.4264327695E-08   1.3923278604E-06   1.2871466822E-03
   16     -3.7007040954E-04   2.0336222810E-02   3.0156043771E-07  -1.2885909405E-03   1.3603718424E-06
   17     -3.7949088953E-08  -1.7762842563E-06   9.4861670297E-03  -6.1391099668E-07  -3.8311443267E-09
                   15                 16                 17        
     0     -8.7408143119E-02   4.3170830606E-03  -1.4000990990E-06
     1     -4.3171000910E-03  -8.7408763128E-02  -2.0385189672E-05
     2      1.6244056014E-06   1.2873465494E-05  -4.5805433110E-02
     3     -5.4956080531E-02   2.7191845553E-03  -6.3882165767E-09
     4      3.6976649436E-02   7.4874455683E-01   5.4364168063E-01
     5      1.5310073361E-02   3.1000432777E-01   1.9309389843E-01
     6      5.3069820418E-01  -3.7522989482E-01   4.7059939423E-01
     7     -3.4083695974E-01   1.6324695487E-01  -2.7170831362E-01
     8      2.6087492554E-01  -1.6834727484E-01   1.9302033179E-01
     9      5.6510928790E-01   3.2110310445E-01  -4.7058270989E-01
    10      3.5526787677E-01   1.2885821910E-01  -2.7169867384E-01
    11     -2.7620537787E-01  -1.4182058880E-01   1.9301627184E-01
    12     -8.4372553679E-05   4.1630581890E-06  -4.8411320617E-08
    13     -4.1018782285E-06  -8.4121515339E-05   2.7282712038E-07
    14      2.5559032779E-08   3.0529607936E-07  -5.9224157783E-04
    15      6.4420329204E-05  -3.1790754213E-06   2.6088772976E-08
    16      3.1531797443E-06   6.4543644530E-05   8.7231753641E-08
    17      1.5391989060E-08   1.2469867174E-07  -6.3021700549E-04

#
# The atoms: label  mass x y z (in bohrs)
#
$atoms
6
 C     12.01100      0.000000827958     0.000101321535     0.490406650297
 H      1.00800      0.000001332314     1.875568750538     1.342411967955
 H      1.00800      1.624180189844    -0.937591129096     1.342503813291
 H      1.00800     -1.624178275791    -0.937591562692     1.342504556604
 F     18.99800     -0.000000439839    -0.000060275502     4.860380519852
 Cl    35.45300     -0.000000137108    -0.000013003306    -2.885155645317

$actual_temperature
  0.000000

$frequency_scale_factor
  1.000000


$end

