
$orca_hessian_file

$act_atom
  0

$act_coord
  0

$act_energy
      -13.141040

$multiplicity
  1

$hessian
18
                    0                  1                  2                  3                  4        
    0      4.3078693150E-01  -3.1751587800E-02  -9.0137544000E-03  -4.1437569200E-02  -5.7215839000E-03
    1     -3.1751587800E-02   4.6748624210E-01  -5.1230683000E-03  -9.5662053000E-03  -2.7545829290E-01
    2     -9.0137544000E-03  -5.1230683000E-03   2.9871183770E-01  -1.3739505000E-03  -5.6646904900E-02
    3     -4.1437569200E-02  -9.5662053000E-03  -1.3739505000E-03   4.3772746000E-02   8.4354426000E-03
    4     -5.7215839000E-03  -2.7545829290E-01  -5.6646904900E-02   8.4354426000E-03   3.1139025240E-01
    5     -2.0090644000E-03  -6.2043976200E-02  -5.2706963900E-02   2.2047127000E-03   6.5183746200E-02
    6     -2.2354210500E-01   9.9400573100E-02  -4.9822637700E-02   3.9604850000E-04   1.3518978000E-03
    7      9.5585819100E-02  -9.3320794300E-02   2.7143029700E-02   2.8983501900E-02  -1.7095368600E-02
    8     -5.4731918900E-02   2.9280347500E-02  -5.2717712800E-02   4.9728790000E-03  -1.6405307000E-03
    9     -1.4140126750E-01  -5.7779566100E-02   8.1012728700E-02  -2.4095113000E-03  -3.7243857000E-03
   10     -5.7765404200E-02  -7.4671750400E-02   4.6811128000E-02  -2.5401176800E-02  -1.9981042800E-02
   11      8.4204817900E-02   4.8617943400E-02  -8.5225484300E-02  -2.7648313000E-03  -1.4611377000E-03
   12      3.8046720000E-03   8.3556550000E-04  -8.0030356000E-03  -8.9572480000E-04   5.5716420000E-04
   13      8.0836400000E-04   2.8554157000E-03  -4.7025463000E-03   9.1204580000E-04   8.8491180000E-04
   14      3.1766600000E-04   1.7991450000E-04  -1.1427564800E-02  -6.1269000000E-05   1.7313600000E-05
   15     -2.8210661700E-02  -1.1387795000E-03  -1.2799350500E-02   5.7401080000E-04  -8.9853500000E-04
   16     -1.1556072000E-03  -2.6890820200E-02  -7.4816382000E-03  -3.3636082000E-03   2.5954010000E-04
   17     -1.8767746200E-02  -1.0911161000E-02  -9.6634111900E-02  -2.9775408000E-03  -5.4524866000E-03
                    5                  6                  7                  8                  9        
    0     -2.0090644000E-03  -2.2354210500E-01   9.5585819100E-02  -5.4731918900E-02  -1.4140126750E-01
    1     -6.2043976200E-02   9.9400573100E-02  -9.3320794300E-02   2.9280347500E-02  -5.7779566100E-02
    2     -5.2706963900E-02  -4.9822637700E-02   2.7143029700E-02  -5.2717712800E-02   8.1012728700E-02
    3      2.2047127000E-03   3.9604850000E-04   2.8983501900E-02   4.9728790000E-03  -2.4095113000E-03
    4      6.5183746200E-02   1.3518978000E-03  -1.7095368600E-02  -1.6405307000E-03  -3.7243857000E-03
    5      6.5145769300E-02   1.0653939000E-03   5.1312275000E-03   2.7550076000E-03   1.9409851000E-03
    6      1.0653939000E-03   2.5179061430E-01  -1.1167566210E-01   5.7555319400E-02  -2.8191303700E-02
    7      5.1312275000E-03  -1.1167566210E-01   1.0338269590E-01  -3.0685898400E-02  -1.0511290800E-02
    8      2.7550076000E-03   5.7555319400E-02  -3.0685898400E-02   6.5145199800E-02   1.3641952700E-02
    9      1.9409851000E-03  -2.8191303700E-02  -1.0511290800E-02   1.3641952700E-02   1.6933938050E-01
   10      1.4638201100E-02   1.1159489000E-02   5.8201771000E-03  -5.6328790000E-03   6.8817136700E-02
   11      5.6386021000E-03  -2.6644362000E-03  -1.6637169000E-03   5.6398142000E-03  -9.2206977400E-02
   12     -4.6833260000E-04   1.0629749000E-03  -2.2303180000E-04  -5.7185160000E-04  -3.7899109000E-03
   13     -3.9127380000E-04  -5.6446410000E-04  -1.1061063000E-03  -2.1295120000E-04   2.8590700000E-05
   14     -1.4957762000E-03  -2.7579000000E-06  -6.1422800000E-05  -1.4934144000E-03  -1.9983132000E-03
   15     -2.7336946000E-03  -1.5162289000E-03  -2.1593363000E-03  -2.0866380500E-02   6.4526130000E-03
   16     -2.2517924900E-02   3.2816630000E-04   2.3193962000E-03   8.8919119000E-03   3.1695152000E-03
   17     -1.9336639000E-02  -6.1308815000E-03   1.3678090000E-04  -1.9328894500E-02  -2.3903759000E-03
                   10                 11                 12                 13                 14        
    0     -5.7765404200E-02   8.4204817900E-02   3.8046720000E-03   8.0836400000E-04   3.1766600000E-04
    1     -7.4671750400E-02   4.8617943400E-02   8.3556550000E-04   2.8554157000E-03   1.7991450000E-04
    2      4.6811128000E-02  -8.5225484300E-02  -8.0030356000E-03  -4.7025463000E-03  -1.1427564800E-02
    3     -2.5401176800E-02  -2.7648313000E-03  -8.9572480000E-04   9.1204580000E-04  -6.1269000000E-05
    4     -1.9981042800E-02  -1.4611377000E-03   5.5716420000E-04   8.8491180000E-04   1.7313600000E-05
    5      1.4638201100E-02   5.6386021000E-03  -4.6833260000E-04  -3.9127380000E-04  -1.4957762000E-03
    6      1.1159489000E-02  -2.6644362000E-03   1.0629749000E-03  -5.6446410000E-04  -2.7579000000E-06
    7      5.8201771000E-03  -1.6637169000E-03  -2.2303180000E-04  -1.1061063000E-03  -6.1422800000E-05
    8     -5.6328790000E-03   5.6398142000E-03  -5.7185160000E-04  -2.1295120000E-04  -1.4934144000E-03
    9      6.8817136700E-02  -9.2206977400E-02  -3.7899109000E-03   2.8590700000E-05  -1.9983132000E-03
   10      8.9914371000E-02  -5.3248751700E-02   3.0111300000E-05  -3.8471252000E-03  -1.1464931000E-03
   11     -5.3248751700E-02   9.4491979900E-02   6.2463665000E-03   3.6073945000E-03  -6.8724300000E-03
   12      3.0111300000E-05   6.2463665000E-03  -8.7451430000E-04  -1.3027374000E-03  -7.3035160000E-04
   13     -3.8471252000E-03   3.6073945000E-03  -1.3027374000E-03   6.3459600000E-04  -4.2104010000E-04
   14     -1.1464931000E-03  -6.8724300000E-03  -7.3035160000E-04  -4.2104010000E-04   3.2302678400E-02
   15      3.1598441000E-03   7.1850605000E-03   6.9250320000E-04   1.1820110000E-04   2.4750258000E-03
   16      2.7653702000E-03   4.1482683000E-03   1.0292810000E-04   5.7830800000E-04   1.4317279000E-03
   17     -1.4212052000E-03  -1.3672482000E-02   3.5272050000E-03   2.1204168000E-03  -1.1013493000E-02
                   15                 16                 17        
     0     -2.8210661700E-02  -1.1556072000E-03  -1.8767746200E-02
     1     -1.1387795000E-03  -2.6890820200E-02  -1.0911161000E-02
     2     -1.2799350500E-02  -7.4816382000E-03  -9.6634111900E-02
     3      5.7401080000E-04  -3.3636082000E-03  -2.9775408000E-03
     4     -8.9853500000E-04   2.5954010000E-04  -5.4524866000E-03
     5     -2.7336946000E-03  -2.2517924900E-02  -1.9336639000E-02
     6     -1.5162289000E-03   3.2816630000E-04  -6.1308815000E-03
     7     -2.1593363000E-03   2.3193962000E-03   1.3678090000E-04
     8     -2.0866380500E-02   8.8919119000E-03  -1.9328894500E-02
     9      6.4526130000E-03   3.1695152000E-03  -2.3903759000E-03
    10      3.1598441000E-03   2.7653702000E-03  -1.4212052000E-03
    11      7.1850605000E-03   4.1482683000E-03  -1.3672482000E-02
    12      6.9250320000E-04   1.0292810000E-04   3.5272050000E-03
    13      1.1820110000E-04   5.7830800000E-04   2.1204168000E-03
    14      2.4750258000E-03   1.4317279000E-03  -1.1013493000E-02
    15      2.2007763600E-02   9.1860570000E-04   2.6739339300E-02
    16      9.1860570000E-04   2.0968205700E-02   1.5527655100E-02
    17      2.6739339300E-02   1.5527655100E-02   1.5998562030E-01

$vibrational_frequencies
18
    0        0.0000000000000000
    1        0.0000000000000000
    2        0.0000000000000000
    3        0.0000000000000000
    4        0.0000000000000000
    5        0.0000000000000000
    6     -168.8839376171401341
    7      140.1554976569106827
    8      242.3968285186839182
    9      638.8513537883771960
   10      779.2245896626602644
   11      986.1549675207198788
   12     1333.0161072454079658
   13     1435.8016708490990823
   14     1483.3207521684435051
   15     2763.9722268017603710
   16     3030.9321465461898697
   17     3039.2662561533115877

$normal_modes
18 18
                    0                  1                  2                  3                  4        
    0      0.0000000000E+00   0.0000000000E+00   0.0000000000E+00   0.0000000000E+00   0.0000000000E+00
    1      0.0000000000E+00   0.0000000000E+00   0.0000000000E+00   0.0000000000E+00   0.0000000000E+00
    2      0.0000000000E+00   0.0000000000E+00   0.0000000000E+00   0.0000000000E+00   0.0000000000E+00
    3      0.0000000000E+00   0.0000000000E+00   0.0000000000E+00   0.0000000000E+00   0.0000000000E+00
    4      0.0000000000E+00   0.0000000000E+00   0.0000000000E+00   0.0000000000E+00   0.0000000000E+00
    5      0.0000000000E+00   0.0000000000E+00   0.0000000000E+00   0.0000000000E+00   0.0000000000E+00
    6      0.0000000000E+00   0.0000000000E+00   0.0000000000E+00   0.0000000000E+00   0.0000000000E+00
    7      0.0000000000E+00   0.0000000000E+00   0.0000000000E+00   0.0000000000E+00   0.0000000000E+00
    8      0.0000000000E+00   0.0000000000E+00   0.0000000000E+00   0.0000000000E+00   0.0000000000E+00
    9      0.0000000000E+00   0.0000000000E+00   0.0000000000E+00   0.0000000000E+00   0.0000000000E+00
   10      0.0000000000E+00   0.0000000000E+00   0.0000000000E+00   0.0000000000E+00   0.0000000000E+00
   11      0.0000000000E+00   0.0000000000E+00   0.0000000000E+00   0.0000000000E+00   0.0000000000E+00
   12      0.0000000000E+00   0.0000000000E+00   0.0000000000E+00   0.0000000000E+00   0.0000000000E+00
   13      0.0000000000E+00   0.0000000000E+00   0.0000000000E+00   0.0000000000E+00   0.0000000000E+00
   14      0.0000000000E+00   0.0000000000E+00   0.0000000000E+00   0.0000000000E+00   0.0000000000E+00
   15      0.0000000000E+00   0.0000000000E+00   0.0000000000E+00   0.0000000000E+00   0.0000000000E+00
   16      0.0000000000E+00   0.0000000000E+00   0.0000000000E+00   0.0000000000E+00   0.0000000000E+00
   17      0.0000000000E+00   0.0000000000E+00   0.0000000000E+00   0.0000000000E+00   0.0000000000E+00
                    5                  6                  7                  8                  9        
    0      0.0000000000E+00   2.8504400747E-01  -1.1531357358E-01   9.4700634828E-02   7.0515111755E-02
    1      0.0000000000E+00   1.6463495076E-01   1.9953855294E-01   5.3975624530E-02   4.1285118660E-02
    2      0.0000000000E+00  -8.1674077941E-02  -3.0911403463E-04   2.2317917623E-01   5.4861760935E-01
    3      0.0000000000E+00   3.5893775574E-01   3.4589827341E-01   7.9986079230E-02   1.0792032087E-01
    4      0.0000000000E+00   2.1073180600E-01   2.3435281434E-01   5.2117719812E-02   8.4462293502E-02
    5      0.0000000000E+00  -2.4515708282E-01  -1.9322863639E-01   2.2926566957E-01   3.0705397832E-01
    6      0.0000000000E+00   3.6166343274E-01  -3.7609103106E-01   8.7061190268E-02   1.2554489820E-01
    7      0.0000000000E+00   2.0505113551E-01  -1.8257899313E-01   4.4111901790E-02   5.0314041971E-02
    8      0.0000000000E+00  -2.4518043544E-01   1.9292200119E-01   2.2831053911E-01   3.0815204773E-01
    9      0.0000000000E+00   4.8123706019E-01  -3.5808146327E-01   4.4349843132E-02   1.3213852414E-01
   10      0.0000000000E+00   2.7798407478E-01   6.1985606939E-01   2.3584845525E-02   7.8129016116E-02
   11      0.0000000000E+00   2.8929640954E-01  -3.4948895221E-04   1.2149859741E-01   6.3180829090E-01
   12      0.0000000000E+00  -1.1840173826E-01   4.3985617453E-02   1.8288081874E-02  -5.4006348676E-03
   13      0.0000000000E+00  -6.8372241938E-02  -7.6117827315E-02   1.0818011356E-02  -3.3477527984E-03
   14      0.0000000000E+00   3.3873845939E-02  -1.9291748829E-04  -8.2057339870E-01  -3.7317596558E-02
   15      0.0000000000E+00  -6.7292480325E-02   2.6535779387E-02  -4.7893678783E-02  -3.1390413202E-02
   16      0.0000000000E+00  -3.8863049492E-02  -4.5907934611E-02  -2.7489769239E-02  -1.8246228724E-02
   17      0.0000000000E+00   1.5234295055E-02   2.2675621966E-04   3.4764169290E-01  -2.0132222486E-01
                   10                 11                 12                 13                 14        
    0      1.2691546147E-01   5.7856732837E-02   6.6947908571E-03   6.5874037178E-02   3.1932242870E-02
    1      7.3312968283E-02  -1.0013315391E-01   3.8752754090E-03   3.7991993035E-02  -5.5299935623E-02
    2      1.9301052802E-02  -1.5418997086E-05  -1.0547511388E-01   3.4563831236E-03  -1.7233499441E-05
    3     -8.9805759183E-02  -2.1162940491E-01  -5.0017376143E-02  -6.7677294836E-01  -2.9746440564E-01
    4     -1.8513127239E-02   9.1236765121E-02  -1.5426152200E-01   6.8312005386E-02  -8.7857219738E-02
    5      3.3000341775E-01  -6.2855982399E-01   5.9657768877E-01  -1.2024054617E-01   3.3705795821E-01
    6     -6.1111446257E-02   2.6803651014E-02  -1.5869510401E-01  -2.7907797409E-01   2.2503440236E-01
    7     -6.8704024806E-02   2.2887751218E-01   3.3746318859E-02  -6.2004377420E-01   2.1420345355E-01
    8      3.2994573219E-01   6.2854539430E-01   5.9673478264E-01  -1.2058060086E-01  -3.3669908842E-01
    9     -3.1721341852E-01  -1.4985513003E-01   2.2653404533E-01   9.6905501428E-02  -3.7962912277E-01
   10     -1.8324258674E-01   2.5948151069E-01   1.3065800344E-01   5.6284156536E-02   6.5733418426E-01
   11     -7.7981860123E-01  -9.6397621037E-05   3.9461312512E-01   1.6617897085E-01  -3.5382207664E-05
   12     -8.3768077466E-03   1.2310467571E-03   1.2643243679E-03   1.0410486787E-03   1.2515343769E-03
   13     -4.8405017791E-03  -2.1508627703E-03   7.2921416246E-04   6.0270580347E-04  -2.1805481527E-03
   14      1.2599440543E-02   7.6191780097E-06  -3.0661852075E-03  -6.7656609237E-04   4.6804021550E-06
   15     -2.5198526084E-02  -1.0745107985E-02  -3.4523144734E-03   1.5464440541E-03   1.3640814556E-03
   16     -1.4553882395E-02   1.8597265342E-02  -1.9920313172E-03   8.9242546409E-04  -2.3782551786E-03
   17     -9.8823995076E-03   4.2919460171E-06  -7.7713034700E-03   1.3137985083E-03  -5.8669844026E-06
                   15                 16                 17        
     0     -5.8423303340E-02  -4.3566769269E-02   4.5304417080E-02
     1     -3.3743189878E-02  -2.5369570342E-02  -7.8257236808E-02
     2      3.7015521392E-02  -2.6696410199E-02   6.3960168688E-05
     3     -3.8142487710E-02   1.7414629930E-03   4.4389599730E-02
     4      2.9979958412E-02   6.8577916978E-01   6.7936148641E-01
     5      2.9981035904E-02   1.6311348354E-01   1.7057039819E-01
     6      6.8154798087E-03   5.9236262961E-01  -6.1297860595E-01
     7     -4.7936219072E-02  -3.4017119981E-01   3.0273996944E-01
     8      2.9923130657E-02   1.6244818849E-01  -1.7125162914E-01
     9      7.3931274346E-01  -6.8942433974E-02   2.5112217814E-02
    10      4.2693838045E-01  -3.9960184192E-02  -4.3295481733E-02
    11     -5.0864919021E-01   2.2213477127E-02   1.8559585861E-05
    12     -1.1785158164E-03   2.0276546821E-04  -5.3021973135E-05
    13     -6.8257987697E-04   1.2091950882E-04   9.0705463617E-05
    14      1.8282187185E-04  -1.9768673398E-05  -1.2594614035E-06
    15      2.9509825554E-04  -2.8021957424E-04   1.3202156696E-04
    16      1.6932641447E-04  -1.6010739638E-04  -2.2824508515E-04
    17      1.2039337925E-04  -8.3296765265E-04  -2.1528671766E-06

#
# The atoms: label  mass x y z (in bohrs)
#
$atoms
6
 C     12.01100      0.449054396884     0.259114273019     0.367828244401
 H      1.00800      0.514851359726     2.243770933604     0.896641036872
 H      1.00800      2.200717710009    -0.676223741517     0.896687262800
 H      1.00800     -0.994635981179    -0.574411007206     1.636469151023
 F     18.99800     -0.365045398570    -0.210725791097     5.019645643970
 Cl    35.45300     -0.005448352247    -0.003100844169    -2.911980617097

$actual_temperature
  0.000000

$frequency_scale_factor
  1.000000


$end

