
$orca_hessian_file

$act_atom
  0

$act_coord
  0

$act_energy
      -13.143098

$multiplicity
  1

$hessian
18
                    0                  1                  2                  3                  4        
    0      4.7675174290E-01  -1.1424869500E-02  -4.1860651800E-02  -4.2495878900E-02  -1.2196430000E-02
    1     -1.1424869500E-02   4.8995353460E-01  -2.4153517200E-02  -1.6009662500E-02  -2.8991502730E-01
    2     -4.1860651800E-02  -2.4153517200E-02   2.3887400290E-01  -8.4906320000E-04  -4.2794773000E-02
    3     -4.2495878900E-02  -1.6009662500E-02  -8.4906320000E-04   4.4249071400E-02   1.3870315700E-02
    4     -1.2196430000E-02  -2.8991502730E-01  -4.2794773000E-02   1.3870315700E-02   3.2378514130E-01
    5     -1.2065513000E-03  -4.5254548200E-02  -4.3209719600E-02   3.3851522000E-03   5.0501301800E-02
    6     -2.4044341950E-01   1.0187717010E-01  -3.7487534100E-02  -1.7759910000E-04   1.3097996000E-03
    7      9.8089010700E-02  -9.2009919000E-02   2.0630628700E-02   2.9232595000E-02  -1.7762384400E-02
    8     -3.9747808500E-02   2.1522991600E-02  -4.3207931500E-02   3.7218832000E-03  -1.0425704000E-03
    9     -1.6680679270E-01  -7.3333424000E-02   9.7283342900E-02  -1.5930890000E-03  -2.1994658000E-03
   10     -7.3321769500E-02  -8.2304791500E-02   5.6284502400E-02  -2.3347895900E-02  -1.6632957000E-02
   11      9.8779101500E-02   5.7088577500E-02  -8.8150091800E-02  -2.9422909000E-03  -1.2810347000E-03
   12      7.8641290000E-04   6.6731820000E-04  -8.3048039000E-03  -1.6945290000E-04   4.2131560000E-04
   13      6.4900080000E-04   1.4464800000E-05  -4.8460699000E-03   7.0471210000E-04   1.3332520000E-03
   14      3.3050790000E-04   1.9892110000E-04  -6.1196708000E-03   2.0481730000E-04   9.9187100000E-05
   15     -2.7792064800E-02  -1.7765323000E-03  -8.7812898000E-03   1.8694860000E-04  -1.2055350000E-03
   16     -1.7949425000E-03  -2.5738261500E-02  -5.1207709000E-03  -4.4500644000E-03  -8.0802450000E-04
   17     -1.6294597700E-02  -9.4024248000E-03  -5.8186589300E-02  -3.5204985000E-03  -5.4821109000E-03
                    5                  6                  7                  8                  9        
    0     -1.2065513000E-03  -2.4044341950E-01   9.8089010700E-02  -3.9747808500E-02  -1.6680679270E-01
    1     -4.5254548200E-02   1.0187717010E-01  -9.2009919000E-02   2.1522991600E-02  -7.3333424000E-02
    2     -4.3209719600E-02  -3.7487534100E-02   2.0630628700E-02  -4.3207931500E-02   9.7283342900E-02
    3      3.3851522000E-03  -1.7759910000E-04   2.9232595000E-02   3.7218832000E-03  -1.5930890000E-03
    4      5.0501301800E-02   1.3097996000E-03  -1.7762384400E-02  -1.0425704000E-03  -2.1994658000E-03
    5      5.4653271000E-02   9.5371020000E-04   3.7399033000E-03   2.2312154000E-03   1.1320906000E-03
    6      9.5371020000E-04   2.6612011830E-01  -1.1401897300E-01   4.5379074900E-02  -2.3925308600E-02
    7      3.7399033000E-03  -1.1401897300E-01   1.0197497310E-01  -2.2254755900E-02  -1.0476606500E-02
    8      2.2312154000E-03   4.5379074900E-02  -2.2254755900E-02   5.4634264100E-02   1.2843886300E-02
    9      1.1320906000E-03  -2.3925308600E-02  -1.0476606500E-02   1.2843886300E-02   1.8983445560E-01
   10      1.4181409300E-02   1.0671347900E-02   5.7217564000E-03  -6.0974251000E-03   8.2993876700E-02
   11      4.9733218000E-03  -2.5708561000E-03  -1.9069958000E-03   4.9712413000E-03  -1.0663397050E-01
   12     -2.4838510000E-04   1.4370083000E-03  -2.2175590000E-04  -5.0220760000E-04  -2.6841069000E-03
   13     -4.4237910000E-04  -4.9772600000E-04  -2.9272310000E-04  -2.4600000000E-08   6.3503600000E-05
   14     -8.8948400000E-04   1.8485360000E-04   1.2551210000E-04  -8.8540650000E-04  -1.1844516000E-03
   15     -4.0160166000E-03  -3.0107995000E-03  -2.6042704000E-03  -2.1694828100E-02   5.1748414000E-03
   16     -2.2725687200E-02   6.5838150000E-04   2.3682970000E-03   7.8717845000E-03   2.9521161000E-03
   17     -1.7758604700E-02  -6.4592485000E-03  -3.3429240000E-04  -1.7743382800E-02  -3.4408977000E-03
                   10                 11                 12                 13                 14        
    0     -7.3321769500E-02   9.8779101500E-02   7.8641290000E-04   6.4900080000E-04   3.3050790000E-04
    1     -8.2304791500E-02   5.7088577500E-02   6.6731820000E-04   1.4464800000E-05   1.9892110000E-04
    2      5.6284502400E-02  -8.8150091800E-02  -8.3048039000E-03  -4.8460699000E-03  -6.1196708000E-03
    3     -2.3347895900E-02  -2.9422909000E-03  -1.6945290000E-04   7.0471210000E-04   2.0481730000E-04
    4     -1.6632957000E-02  -1.2810347000E-03   4.2131560000E-04   1.3332520000E-03   9.9187100000E-05
    5      1.4181409300E-02   4.9733218000E-03  -2.4838510000E-04  -4.4237910000E-04  -8.8948400000E-04
    6      1.0671347900E-02  -2.5708561000E-03   1.4370083000E-03  -4.9772600000E-04   1.8485360000E-04
    7      5.7217564000E-03  -1.9069958000E-03  -2.2175590000E-04  -2.9272310000E-04   1.2551210000E-04
    8     -6.0974251000E-03   4.9712413000E-03  -5.0220760000E-04  -2.4600000000E-08  -8.8540650000E-04
    9      8.2993876700E-02  -1.0663397050E-01  -2.6841069000E-03   6.3503600000E-05  -1.1844516000E-03
   10      9.4236029000E-02  -6.1624724100E-02   6.4863000000E-05  -2.7700850000E-03  -6.8756730000E-04
   11     -6.1624724100E-02   1.0440572510E-01   5.8023612000E-03   3.3503922000E-03  -5.4394923000E-03
   12      6.4863000000E-05   5.8023612000E-03  -7.8980760000E-04  -1.1409799000E-03  -1.0126871000E-03
   13     -2.7700850000E-03   3.3503922000E-03  -1.1409799000E-03   5.2825200000E-04  -5.8913370000E-04
   14     -6.8756730000E-04  -5.4394923000E-03  -1.0126871000E-03  -5.8913370000E-04   2.3225008100E-02
   15      2.9395778000E-03   7.5656549000E-03   1.4199461000E-03   2.2148940000E-04   1.4769598000E-03
   16      1.7500481000E-03   4.3737849000E-03   2.0923890000E-04   1.1868394000E-03   8.5308070000E-04
   17     -2.0561953000E-03  -2.0760704100E-02   4.2657226000E-03   2.5272152000E-03  -9.8909545000E-03
                   15                 16                 17        
     0     -2.7792064800E-02  -1.7949425000E-03  -1.6294597700E-02
     1     -1.7765323000E-03  -2.5738261500E-02  -9.4024248000E-03
     2     -8.7812898000E-03  -5.1207709000E-03  -5.8186589300E-02
     3      1.8694860000E-04  -4.4500644000E-03  -3.5204985000E-03
     4     -1.2055350000E-03  -8.0802450000E-04  -5.4821109000E-03
     5     -4.0160166000E-03  -2.2725687200E-02  -1.7758604700E-02
     6     -3.0107995000E-03   6.5838150000E-04  -6.4592485000E-03
     7     -2.6042704000E-03   2.3682970000E-03  -3.3429240000E-04
     8     -2.1694828100E-02   7.8717845000E-03  -1.7743382800E-02
     9      5.1748414000E-03   2.9521161000E-03  -3.4408977000E-03
    10      2.9395778000E-03   1.7500481000E-03  -2.0561953000E-03
    11      7.5656549000E-03   4.3737849000E-03  -2.0760704100E-02
    12      1.4199461000E-03   2.0923890000E-04   4.2657226000E-03
    13      2.2148940000E-04   1.1868394000E-03   2.5272152000E-03
    14      1.4769598000E-03   8.5308070000E-04  -9.8909545000E-03
    15      2.4021128100E-02   2.4252705000E-03   2.5449519800E-02
    16      2.4252705000E-03   2.1241101500E-02   1.4747808100E-02
    17      2.5449519800E-02   1.4747808100E-02   1.2434023530E-01

$vibrational_frequencies
18
    0        0.0000000000000000
    1        0.0000000000000000
    2        0.0000000000000000
    3        0.0000000000000000
    4        0.0000000000000000
    5        0.0000000000000000
    6     -169.2174403313517814
    7      151.1173736368881748
    8      207.8117639041213351
    9      552.3376454441406622
   10      812.6203187904641254
   11      979.8219939754019379
   12     1266.9729918419054684
   13     1424.5607184077414331
   14     1435.3025288419378285
   15     2955.8044062030116947
   16     3058.5136396707111999
   17     3067.2777388888484893

$normal_modes
18 18
                    0                  1                  2                  3                  4        
    0      0.0000000000E+00   0.0000000000E+00   0.0000000000E+00   0.0000000000E+00   0.0000000000E+00
    1      0.0000000000E+00   0.0000000000E+00   0.0000000000E+00   0.0000000000E+00   0.0000000000E+00
    2      0.0000000000E+00   0.0000000000E+00   0.0000000000E+00   0.0000000000E+00   0.0000000000E+00
    3      0.0000000000E+00   0.0000000000E+00   0.0000000000E+00   0.0000000000E+00   0.0000000000E+00
    4      0.0000000000E+00   0.0000000000E+00   0.0000000000E+00   0.0000000000E+00   0.0000000000E+00
    5      0.0000000000E+00   0.0000000000E+00   0.0000000000E+00   0.0000000000E+00   0.0000000000E+00
    6      0.0000000000E+00   0.0000000000E+00   0.0000000000E+00   0.0000000000E+00   0.0000000000E+00
    7      0.0000000000E+00   0.0000000000E+00   0.0000000000E+00   0.0000000000E+00   0.0000000000E+00
    8      0.0000000000E+00   0.0000000000E+00   0.0000000000E+00   0.0000000000E+00   0.0000000000E+00
    9      0.0000000000E+00   0.0000000000E+00   0.0000000000E+00   0.0000000000E+00   0.0000000000E+00
   10      0.0000000000E+00   0.0000000000E+00   0.0000000000E+00   0.0000000000E+00   0.0000000000E+00
   11      0.0000000000E+00   0.0000000000E+00   0.0000000000E+00   0.0000000000E+00   0.0000000000E+00
   12      0.0000000000E+00   0.0000000000E+00   0.0000000000E+00   0.0000000000E+00   0.0000000000E+00
   13      0.0000000000E+00   0.0000000000E+00   0.0000000000E+00   0.0000000000E+00   0.0000000000E+00
   14      0.0000000000E+00   0.0000000000E+00   0.0000000000E+00   0.0000000000E+00   0.0000000000E+00
   15      0.0000000000E+00   0.0000000000E+00   0.0000000000E+00   0.0000000000E+00   0.0000000000E+00
   16      0.0000000000E+00   0.0000000000E+00   0.0000000000E+00   0.0000000000E+00   0.0000000000E+00
   17      0.0000000000E+00   0.0000000000E+00   0.0000000000E+00   0.0000000000E+00   0.0000000000E+00
                    5                  6                  7                  8                  9        
    0      0.0000000000E+00   2.8307692615E-01   9.5511311517E-02   6.2045629336E-02  -1.7493415075E-01
    1      0.0000000000E+00   1.6369742789E-01  -1.6489036162E-01   3.4825488547E-02  -1.0171356904E-01
    2      0.0000000000E+00  -1.1399012694E-01   1.9183150536E-04   2.4440477693E-01  -6.2536896627E-01
    3      0.0000000000E+00   3.5030193039E-01  -3.8910561764E-01   5.7342054905E-02  -1.4680802982E-01
    4      0.0000000000E+00   1.9730560660E-01  -1.7823671092E-01   3.5751177474E-02  -1.2484787918E-01
    5      0.0000000000E+00  -2.7297667859E-01   2.0928182043E-01   2.4080689916E-01  -3.7047917192E-01
    6      0.0000000000E+00   3.4531220543E-01   3.4902780187E-01   6.2742353345E-02  -1.7929592956E-01
    7      0.0000000000E+00   2.0449485455E-01   2.4843070901E-01   3.3969610716E-02  -6.2762183836E-02
    8      0.0000000000E+00  -2.7269624490E-01  -2.0910952854E-01   2.3896495922E-01  -3.7169205867E-01
    9      0.0000000000E+00   4.8040641547E-01   3.5478542642E-01   3.5642801814E-02  -7.5285826997E-02
   10      0.0000000000E+00   2.7808923220E-01  -6.1345388191E-01   1.6878278657E-02  -4.5139789008E-02
   11      0.0000000000E+00   2.7198839317E-01   1.7516414685E-04   1.8493697554E-01  -3.8966488388E-01
   12      0.0000000000E+00  -1.1928018594E-01  -3.6846130160E-02   3.4031139243E-02   1.8094639728E-02
   13      0.0000000000E+00  -6.8968531599E-02   6.3615686089E-02   2.0142410232E-02   1.0695734964E-02
   14      0.0000000000E+00   2.3972436908E-02   3.2982997526E-04  -8.1204234747E-01   2.2250922886E-02
   15      0.0000000000E+00  -6.5421281789E-02  -2.1561189558E-02  -4.3683938314E-02   6.0981384473E-02
   16      0.0000000000E+00  -3.7831338784E-02   3.7219228048E-02  -2.5054193211E-02   3.5345272778E-02
   17      0.0000000000E+00   3.3553749045E-02  -2.5161294575E-04   3.3344451068E-01   2.3212349940E-01
                   10                 11                 12                 13                 14        
    0     -1.1261872882E-01  -5.5893326830E-02   2.3645065868E-03  -3.4141686926E-02  -6.6249475037E-02
    1     -6.5080421953E-02   9.6680568159E-02   1.3923344995E-03   5.8943420823E-02  -3.8336529479E-02
    2      2.1489163988E-02  -3.3212337628E-05  -9.5939652091E-02  -2.1281171258E-05   2.0791865834E-03
    3      7.8056793581E-02   2.3891427607E-01  -1.9496369887E-03   2.9705800252E-01   6.8216141091E-01
    4      9.3628501723E-04  -5.6055081541E-02  -1.1395061452E-01   6.4829495103E-02  -6.4085771510E-02
    5     -2.9953598306E-01   6.3153650649E-01   6.1494415068E-01  -3.3596484463E-01   7.1901143063E-02
    6      3.9707906589E-02  -7.0874633996E-02  -9.9714392052E-02  -2.0405202568E-01   2.8547963267E-01
    7      6.7253759736E-02  -2.3476632746E-01   5.5002292003E-02  -2.2420368206E-01   6.2331711035E-01
    8     -2.9933125864E-01  -6.3142902812E-01   6.1540614845E-01   3.3576193166E-01   7.1556328424E-02
    9      3.1384715052E-01   1.3165520980E-01   2.2265256159E-01   3.8265629429E-01  -1.1486313013E-01
   10      1.8115913967E-01  -2.2768724247E-01   1.2850334774E-01  -6.6254253202E-01  -6.5657865393E-02
   11      8.1173783151E-01   8.9428300097E-05   3.7640424867E-01  -4.4975010137E-04  -1.6390218988E-01
   12      8.0459674620E-03  -4.1964676914E-04   1.4482775949E-03  -9.6932809198E-04  -4.5321733690E-04
   13      4.6488477138E-03   7.3052512536E-04   8.3163907117E-04   1.6814237437E-03  -2.6479790296E-04
   14     -9.7854329035E-03  -1.2513458831E-06  -2.4947099437E-03   5.6162183391E-06   8.0291798912E-04
   15      2.1570572773E-02   1.0639855222E-02  -5.0170904346E-03  -1.4378606193E-03  -1.5588940037E-03
   16      1.2467722374E-02  -1.8403297318E-02  -2.8949390510E-03   2.4984891812E-03  -9.0348842421E-04
   17     -8.0889134595E-03   6.3239933040E-06  -1.1843367935E-02   2.2756765598E-05  -5.5337122021E-04
                   15                 16                 17        
     0     -5.3691256105E-02  -5.2954432335E-02  -4.6086285638E-02
     1     -3.1029257356E-02  -3.1440859417E-02   7.8737989289E-02
     2      3.9803289664E-02  -1.4937969650E-02  -1.1950948075E-04
     3     -2.6016540065E-02   1.0024784374E-02  -5.8458985447E-02
     4     -6.1338829614E-02   6.9956145769E-01  -6.8383678435E-01
     5      3.2954855707E-03   1.2291496335E-01  -1.2469780155E-01
     6     -6.6081368137E-02   6.0115759945E-01   6.3175486382E-01
     7      8.0782055005E-03  -3.3598163731E-01  -2.9654860971E-01
     8      3.2887875688E-03   1.2072581854E-01   1.2652660462E-01
     9      7.4012169583E-01   2.6753778627E-02  -2.2243177691E-02
    10      4.2781233977E-01   1.5018305724E-02   3.8953972496E-02
    11     -5.0484868302E-01  -3.9981345573E-02  -3.0320971470E-04
    12     -8.5946048300E-04   1.3314285828E-04   1.0947433428E-04
    13     -4.9761194049E-04   8.1037930809E-05  -1.8681655545E-04
    14      2.0379208652E-04   2.5950531868E-05   1.5674031244E-07
    15      2.2581246724E-04  -2.6890285710E-04  -1.1278421823E-04
    16      1.2969036073E-04  -1.5598982500E-04   1.9152186026E-04
    17      5.7263337217E-04  -7.4356941699E-04  -2.9714685532E-06

#
# The atoms: label  mass x y z (in bohrs)
#
$atoms
6
 C     12.01100      0.592688403743     0.342290077261     0.379128415427
 H      1.00800      0.707474089761     2.351869515816     0.758029413779
 H      1.00800      2.391185523627    -0.561823159781     0.757489039825
 H      1.00800     -0.871621657263    -0.504056342391     1.549936774597
 F     18.99800     -0.417290149082    -0.241699091064     5.093386794419
 Cl    35.45300     -0.040503100580    -0.023008623239    -2.944965238149

$actual_temperature
  0.000000

$frequency_scale_factor
  1.000000


$end

