
$orca_hessian_file

$act_atom
  0

$act_coord
  0

$act_energy
      -13.147322

$multiplicity
  1

$hessian
18
                    0                  1                  2                  3                  4        
    0      5.3135287590E-01   2.7340000000E-07  -1.5613000000E-06  -4.1685923000E-02  -1.6102000000E-06
    1      2.7340000000E-07   5.3133867220E-01  -2.4370900000E-05  -1.6489000000E-06  -2.9321911830E-01
    2     -1.5613000000E-06  -2.4370900000E-05   8.6888454200E-02  -3.6170000000E-07  -7.0999771000E-02
    3     -4.1685923000E-02  -1.6489000000E-06  -3.6170000000E-07   4.3716576200E-02   1.7713000000E-06
    4     -1.6102000000E-06  -2.9321911830E-01  -7.0999771000E-02   1.7713000000E-06   3.2453993950E-01
    5     -3.7140000000E-07  -7.5195840900E-02  -3.3919775900E-02   4.7740000000E-07   7.5897594800E-02
    6     -2.3034345950E-01   1.0892591450E-01  -6.1573615300E-02  -1.1077268000E-03   1.3566041000E-03
    7      1.0892095400E-01  -1.0457022290E-01   3.5530450600E-02   2.5879653700E-02  -1.6819913500E-02
    8     -6.5135087800E-02   3.7605047300E-02  -3.3921880900E-02   5.1478859000E-03  -2.4385493000E-03
    9     -2.3034513330E-01  -1.0892453290E-01   6.1575396600E-02  -1.1080556000E-03  -1.3567845000E-03
   10     -1.0891962060E-01  -1.0456807420E-01   3.5530607800E-02  -2.5879756600E-02  -1.6819615400E-02
   11      6.5136901500E-02   3.7605112400E-02  -3.3922800700E-02  -5.1478903000E-03  -2.4384823000E-03
   12     -6.5034302000E-03   8.5000000000E-09   1.1590000000E-07  -5.7644700000E-04   1.4100000000E-08
   13      3.3000000000E-09  -6.5040899000E-03  -2.1876300000E-05   2.1100000000E-08   4.5522450000E-04
   14      1.0580000000E-07  -5.6935000000E-06   2.4779911100E-02  -3.3700000000E-08   1.5925967000E-03
   15     -2.2474929900E-02  -1.4600000000E-08   2.5800000000E-08   7.6157620000E-04   5.3000000000E-09
   16      1.0000000000E-10  -2.2477166900E-02  -1.5040100000E-05  -4.0600000000E-08   1.8634833000E-03
   17      1.3100000000E-08   1.5745600000E-05  -9.9039078000E-03  -7.7600000000E-08  -1.6133890000E-03
                    5                  6                  7                  8                  9        
    0     -3.7140000000E-07  -2.3034345950E-01   1.0892095400E-01  -6.5135087800E-02  -2.3034513330E-01
    1     -7.5195840900E-02   1.0892591450E-01  -1.0457022290E-01   3.7605047300E-02  -1.0892453290E-01
    2     -3.3919775900E-02  -6.1573615300E-02   3.5530450600E-02  -3.3921880900E-02   6.1575396600E-02
    3      4.7740000000E-07  -1.1077268000E-03   2.5879653700E-02   5.1478859000E-03  -1.1080556000E-03
    4      7.5897594800E-02   1.3566041000E-03  -1.6819913500E-02  -2.4385493000E-03  -1.3567845000E-03
    5      6.3818829700E-02   4.6382990000E-04   5.6804072000E-03   2.2566691000E-03  -4.6374620000E-04
    6      4.6382990000E-04   2.5441046920E-01  -1.2163801670E-01   6.5754589200E-02  -2.4715374500E-02
    7      5.6804072000E-03  -1.2163801670E-01   1.1393983060E-01  -3.7961943600E-02  -1.2254756600E-02
    8      2.2566691000E-03   6.5754589200E-02  -3.7961943600E-02   6.3825311600E-02   4.6840525000E-03
    9     -4.6374620000E-04  -2.4715374500E-02  -1.2254756600E-02   4.6840525000E-03   2.5441239910E-01
   10      5.6805899000E-03   1.2255059500E-02   6.7535698000E-03  -3.2394887000E-03   1.2163650120E-01
   11      2.2567019000E-03  -4.6839032000E-03  -3.2393580000E-03   2.2565968000E-03  -6.5756364800E-02
   12     -2.5300000000E-08   1.8385290000E-04  -4.3920790000E-04   3.4397954000E-03   1.8382920000E-04
   13      3.9757041000E-03  -4.3495320000E-04  -3.2901380000E-04  -1.9849891000E-03   4.3492920000E-04
   14     -1.2488605800E-02   1.3602949000E-03  -7.8983540000E-04  -1.2493486300E-02  -1.3603850000E-03
   15     -1.6440000000E-07   1.5722387000E-03  -4.6862640000E-04  -1.3891235300E-02   1.5723351000E-03
   16     -1.6038455100E-02  -4.6460820000E-04   1.0257497000E-03   8.0199235000E-03   4.6464370000E-04
   17     -2.1923819000E-02  -1.3211956000E-03   7.8027920000E-04  -2.1923210200E-02   1.3210469000E-03
                   10                 11                 12                 13                 14        
    0     -1.0891962060E-01   6.5136901500E-02  -6.5034302000E-03   3.3000000000E-09   1.0580000000E-07
    1     -1.0456807420E-01   3.7605112400E-02   8.5000000000E-09  -6.5040899000E-03  -5.6935000000E-06
    2      3.5530607800E-02  -3.3922800700E-02   1.1590000000E-07  -2.1876300000E-05   2.4779911100E-02
    3     -2.5879756600E-02  -5.1478903000E-03  -5.7644700000E-04   2.1100000000E-08  -3.3700000000E-08
    4     -1.6819615400E-02  -2.4384823000E-03   1.4100000000E-08   4.5522450000E-04   1.5925967000E-03
    5      5.6805899000E-03   2.2567019000E-03  -2.5300000000E-08   3.9757041000E-03  -1.2488605800E-02
    6      1.2255059500E-02  -4.6839032000E-03   1.8385290000E-04  -4.3495320000E-04   1.3602949000E-03
    7      6.7535698000E-03  -3.2393580000E-03  -4.3920790000E-04  -3.2901380000E-04  -7.8983540000E-04
    8     -3.2394887000E-03   2.2565968000E-03   3.4397954000E-03  -1.9849891000E-03  -1.2493486300E-02
    9      1.2163650120E-01  -6.5756364800E-02   1.8382920000E-04   4.3492920000E-04  -1.3603850000E-03
   10      1.1393741050E-01  -3.7962143800E-02   4.3919450000E-04  -3.2902280000E-04  -7.8981980000E-04
   11     -3.7962143800E-02   6.3826179600E-02  -3.4398992000E-03  -1.9849284000E-03  -1.2493401800E-02
   12      4.3919450000E-04  -3.4398992000E-03   4.6039163000E-03  -6.0000000000E-09   9.5200000000E-08
   13     -3.2902280000E-04  -1.9849284000E-03  -6.0000000000E-09   4.6017655000E-03  -3.3941000000E-06
   14     -7.8981980000E-04  -1.2493401800E-02   9.5200000000E-08  -3.3941000000E-06   3.4912297700E-02
   15      4.6862200000E-04   1.3891156000E-02   2.1082788000E-03   5.6000000000E-09  -7.7100000000E-08
   16      1.0257321000E-03   8.0198000000E-03  -3.2000000000E-09   2.1051364000E-03  -3.8541000000E-06
   17      7.8025460000E-04  -2.1923275800E-02  -8.2000000000E-08   1.9483900000E-05  -2.2216714900E-02
                   15                 16                 17        
     0     -2.2474929900E-02   1.0000000000E-10   1.3100000000E-08
     1     -1.4600000000E-08  -2.2477166900E-02   1.5745600000E-05
     2      2.5800000000E-08  -1.5040100000E-05  -9.9039078000E-03
     3      7.6157620000E-04  -4.0600000000E-08  -7.7600000000E-08
     4      5.3000000000E-09   1.8634833000E-03  -1.6133890000E-03
     5     -1.6440000000E-07  -1.6038455100E-02  -2.1923819000E-02
     6      1.5722387000E-03  -4.6460820000E-04  -1.3211956000E-03
     7     -4.6862640000E-04   1.0257497000E-03   7.8027920000E-04
     8     -1.3891235300E-02   8.0199235000E-03  -2.1923210200E-02
     9      1.5723351000E-03   4.6464370000E-04   1.3210469000E-03
    10      4.6862200000E-04   1.0257321000E-03   7.8025460000E-04
    11      1.3891156000E-02   8.0198000000E-03  -2.1923275800E-02
    12      2.1082788000E-03  -3.2000000000E-09  -8.2000000000E-08
    13      5.6000000000E-09   2.1051364000E-03   1.9483900000E-05
    14     -7.7100000000E-08  -3.8541000000E-06  -2.2216714900E-02
    15      1.6460501000E-02   8.2000000000E-09   2.9500000000E-07
    16      8.2000000000E-09   1.6457065300E-02   1.7625700000E-05
    17      2.9500000000E-07   1.7625700000E-05   9.7890927700E-02

$vibrational_frequencies
18
    0        0.0000000000000000
    1        0.0000000000000000
    2        0.0000000000000000
    3        0.0000000000000000
    4        0.0000000000000000
    5        0.0000000000000000
    6      143.7812454907320330
    7      202.1580860173496603
    8      202.2178270836317324
    9      341.0759937222604208
   10      973.0992943739433940
   11      973.1178450767713457
   12     1185.4286225190649020
   13     1416.8770703172888261
   14     1416.9028388815002018
   15     3094.2345616768516265
   16     3127.7371486751831071
   17     3127.8733764575658824

$normal_modes
18 18
                    0                  1                  2                  3                  4        
    0      0.0000000000E+00   0.0000000000E+00   0.0000000000E+00   0.0000000000E+00   0.0000000000E+00
    1      0.0000000000E+00   0.0000000000E+00   0.0000000000E+00   0.0000000000E+00   0.0000000000E+00
    2      0.0000000000E+00   0.0000000000E+00   0.0000000000E+00   0.0000000000E+00   0.0000000000E+00
    3      0.0000000000E+00   0.0000000000E+00   0.0000000000E+00   0.0000000000E+00   0.0000000000E+00
    4      0.0000000000E+00   0.0000000000E+00   0.0000000000E+00   0.0000000000E+00   0.0000000000E+00
    5      0.0000000000E+00   0.0000000000E+00   0.0000000000E+00   0.0000000000E+00   0.0000000000E+00
    6      0.0000000000E+00   0.0000000000E+00   0.0000000000E+00   0.0000000000E+00   0.0000000000E+00
    7      0.0000000000E+00   0.0000000000E+00   0.0000000000E+00   0.0000000000E+00   0.0000000000E+00
    8      0.0000000000E+00   0.0000000000E+00   0.0000000000E+00   0.0000000000E+00   0.0000000000E+00
    9      0.0000000000E+00   0.0000000000E+00   0.0000000000E+00   0.0000000000E+00   0.0000000000E+00
   10      0.0000000000E+00   0.0000000000E+00   0.0000000000E+00   0.0000000000E+00   0.0000000000E+00
   11      0.0000000000E+00   0.0000000000E+00   0.0000000000E+00   0.0000000000E+00   0.0000000000E+00
   12      0.0000000000E+00   0.0000000000E+00   0.0000000000E+00   0.0000000000E+00   0.0000000000E+00
   13      0.0000000000E+00   0.0000000000E+00   0.0000000000E+00   0.0000000000E+00   0.0000000000E+00
   14      0.0000000000E+00   0.0000000000E+00   0.0000000000E+00   0.0000000000E+00   0.0000000000E+00
   15      0.0000000000E+00   0.0000000000E+00   0.0000000000E+00   0.0000000000E+00   0.0000000000E+00
   16      0.0000000000E+00   0.0000000000E+00   0.0000000000E+00   0.0000000000E+00   0.0000000000E+00
   17      0.0000000000E+00   0.0000000000E+00   0.0000000000E+00   0.0000000000E+00   0.0000000000E+00
                    5                  6                  7                  8                  9        
    0      0.0000000000E+00   4.0973643956E-06  -6.2326725362E-04  -4.3317378225E-01   2.0317629663E-06
    1      0.0000000000E+00  -1.2831932137E-03  -4.3319450902E-01   6.2329962653E-04   9.8769502654E-04
    2      0.0000000000E+00   7.3011221105E-01  -2.9996572212E-04   2.7049651573E-06   6.7528762149E-01
    3      0.0000000000E+00   2.7105873303E-06  -7.0576748017E-04  -4.9153567444E-01   3.6352364257E-07
    4      0.0000000000E+00   1.2264503805E-01  -4.9007869268E-01   7.0525873016E-04   1.0312876245E-01
    5      0.0000000000E+00   1.4590374395E-01   1.8462090346E-01  -2.6272227888E-04   1.6645602524E-01
    6      0.0000000000E+00   1.0762416549E-01  -1.5019893481E-03  -4.9044749074E-01   8.8750087937E-02
    7      0.0000000000E+00  -6.3542863914E-02  -4.9117413051E-01  -1.6023436983E-04  -4.9873022856E-02
    8      0.0000000000E+00   1.4481265549E-01  -9.2125039819E-02   1.6006141769E-01   1.6670603610E-01
    9      0.0000000000E+00  -1.0761879446E-01   8.8818762237E-05  -4.9045106917E-01  -8.8749584415E-02
   10      0.0000000000E+00  -6.3542883757E-02  -4.9116995477E-01   1.5735179064E-03  -4.9873163785E-02
   11      0.0000000000E+00   1.4481689544E-01  -9.2584431098E-02  -1.5979309366E-01   1.6670608207E-01
   12      0.0000000000E+00  -1.5555917596E-06   2.4524176160E-04   1.7044411020E-01  -6.4703197808E-07
   13      0.0000000000E+00   5.2045899232E-04   1.7044943382E-01  -2.4522665780E-04  -3.8104261166E-04
   14      0.0000000000E+00  -5.9492289750E-01   7.4637871140E-04  -2.2634060911E-06   4.4465379668E-01
   15      0.0000000000E+00  -7.8432239005E-07   1.3998391016E-04   9.7282791337E-02  -3.6626446796E-07
   16      0.0000000000E+00   2.8209147477E-04   9.7286634819E-02  -1.3999171789E-04  -2.2660406288E-04
   17      0.0000000000E+00   5.9062699309E-02  -2.9581526187E-04   1.3720379093E-07  -4.8126476009E-01
                   10                 11                 12                 13                 14        
    0     -8.6720007286E-02   1.8561431431E-04  -3.5413520582E-08   5.6783572730E-04   7.8573067018E-02
    1     -1.8563862402E-04  -8.6716425085E-02   1.0308643580E-05  -7.8558719259E-02   5.6777401695E-04
    2      1.8259380384E-07   1.9194814494E-05  -4.6354600550E-02  -2.1781616085E-05  -9.9155933980E-08
    3      2.2679834961E-01  -4.8724451113E-04   1.3820171006E-06  -5.4881301188E-03  -7.5882514590E-01
    4      3.0730073424E-04   1.4393294427E-01  -1.4774599670E-01  -1.0984042785E-01   7.9850849152E-04
    5     -1.6469614129E-03  -7.6758141409E-01   5.5727298644E-01   2.7322665344E-01  -1.9734887690E-03
    6      1.6475906671E-01   3.5524092045E-02  -1.2795290825E-01   3.7530398743E-01  -1.1008739259E-01
    7      3.6293738413E-02   2.0606247501E-01   7.3865505420E-02   5.3896256890E-01  -3.8004495995E-01
    8     -6.6397194462E-01   3.8528607379E-01   5.5718444188E-01  -1.3835427733E-01  -2.3560885516E-01
    9      1.6460978814E-01  -3.6227471006E-02   1.2795621436E-01  -3.7685180265E-01  -1.0464193890E-01
   10     -3.5411302972E-02   2.0621927266E-01   7.3865817977E-02   5.4440621986E-01   3.7221040742E-01
   11      6.6561924000E-01   3.8243397447E-01   5.5718219695E-01  -1.3492901150E-01   2.3758553795E-01
   12     -6.0277425843E-03   1.2979947908E-05  -1.0079596136E-07  -7.1277682766E-06  -9.7792467269E-04
   13     -1.2958187564E-05  -6.0299388037E-03  -3.5126292060E-07   9.7500697680E-04  -7.0398191266E-06
   14      1.9789078350E-08  -4.8683477184E-06  -2.2858324920E-02  -4.0657644494E-06   4.8188262643E-08
   15      1.6796675007E-02  -3.5987310500E-05  -6.7282128231E-08   1.1490461411E-05   1.5846449721E-03
   16      3.6009113334E-05   1.6795288117E-02  -2.8870092058E-06  -1.5871997666E-03   1.1467045552E-05
   17     -8.1959940078E-08  -7.8358189001E-06  -1.9574794185E-02   1.1168275110E-05  -8.3042011271E-08
                   15                 16                 17        
     0      2.2238850703E-06   4.2915983221E-04   9.3448686161E-02
     1      7.0966479394E-04  -9.3452100579E-02   4.2916322919E-04
     2      3.1296685898E-02   2.6402841824E-04  -2.2952592584E-06
     3      4.0578235373E-07   1.9870514338E-04   4.2215790408E-02
     4     -5.6617680672E-01   7.7746649254E-01  -3.5610583138E-03
     5     -1.3937671171E-01   2.1685069879E-01  -9.9375359393E-04
     6     -4.8267890462E-01  -3.6344360481E-01  -5.7427804594E-01
     7      2.7893547331E-01   1.6774224446E-01   3.5612553515E-01
     8     -1.3694036384E-01  -1.1096083137E-01  -1.8827694085E-01
     9      4.8265209119E-01   3.5814873290E-01  -5.7762165188E-01
    10      2.7891952271E-01   1.6445605033E-01  -3.5766060796E-01
    11     -1.3693509496E-01  -1.0922720327E-01   1.8929983744E-01
    12      3.6980509080E-08  -1.5988755150E-06  -3.4940378959E-04
    13     -5.3852123483E-06   3.5073669257E-04  -1.6582090819E-06
    14      4.7638092518E-04   6.2832091544E-06  -3.8190665197E-08
    15     -2.2416452482E-08   3.5745340757E-07   7.8616263649E-05
    16     -9.3335919052E-07  -7.7630137440E-05   3.8708390864E-07
    17      8.9141705162E-04   2.0709335170E-06  -3.0525922694E-08

#
# The atoms: label  mass x y z (in bohrs)
#
$atoms
6
 C     12.01100     -0.000000891015     0.000087380584     0.635490453343
 H      1.00800     -0.000000599628     1.962151559850     1.179950553897
 H      1.00800      1.699177447281    -0.980917294338     1.180026346716
 H      1.00800     -1.699178897967    -0.980917439509     1.180025693654
 F     18.99800      0.000000500359    -0.000054953552     4.817013038637
 Cl    35.45300      0.000000092034    -0.000009163716    -2.897210734159

$actual_temperature
  0.000000

$frequency_scale_factor
  1.000000


$end

