
$orca_hessian_file

$act_atom
  0

$act_coord
  0

$act_energy
      -13.143097

$multiplicity
  1

$hessian
18
                    0                  1                  2                  3                  4        
    0      4.7669965710E-01  -1.1174199800E-02  -4.2386021800E-02  -4.2490737700E-02  -1.2277075900E-02
    1     -1.1174199800E-02   4.8960932110E-01  -2.4471168200E-02  -1.6149821300E-02  -2.8976175330E-01
    2     -4.2386021800E-02  -2.4471168200E-02   2.4015005750E-01  -8.5784890000E-04  -4.2576814400E-02
    3     -4.2490737700E-02  -1.6149821300E-02  -8.5784890000E-04   4.4254372300E-02   1.3968304800E-02
    4     -1.2277075900E-02  -2.8976175330E-01  -4.2576814400E-02   1.3968304800E-02   3.2367377750E-01
    5     -1.2085947000E-03  -4.5016245000E-02  -4.3216832600E-02   3.4100060000E-03   5.0263688200E-02
    6     -2.4041330550E-01   1.0179204110E-01  -3.7322042000E-02  -1.6643280000E-04   1.3105612000E-03
    7      9.7944797600E-02  -9.1878977700E-02   2.0525131200E-02   2.9271094700E-02  -1.7775372600E-02
    8     -3.9560558100E-02   2.1413392000E-02  -4.3220605100E-02   3.6989017000E-03  -1.0283041000E-03
    9     -1.6675580000E-01  -7.3348334900E-02   9.7734325000E-02  -1.6057929000E-03  -2.1994170000E-03
   10     -7.3336397700E-02  -8.2221990200E-02   5.6539213600E-02  -2.3298444500E-02  -1.6638655500E-02
   11      9.9215317700E-02   5.7334904200E-02  -8.8777751800E-02  -2.9216610000E-03  -1.2699829000E-03
   12      8.0072690000E-04   6.7531190000E-04  -8.2766871000E-03  -1.7042020000E-04   4.1865460000E-04
   13      6.5668700000E-04   2.0027100000E-05  -4.8298186000E-03   6.9686190000E-04   1.3285170000E-03
   14      3.8769320000E-04   2.3274520000E-04  -6.3858912000E-03   2.1173130000E-04   1.0998050000E-04
   15     -2.7840540700E-02  -1.7949971000E-03  -8.8917252000E-03   1.7901140000E-04  -1.2210277000E-03
   16     -1.8138112000E-03  -2.5766627000E-02  -5.1865437000E-03  -4.4879956000E-03  -8.2651300000E-04
   17     -1.6447836400E-02  -9.4936283000E-03  -5.8548976700E-02  -3.5411290000E-03  -5.4985674000E-03
                    5                  6                  7                  8                  9        
    0     -1.2085947000E-03  -2.4041330550E-01   9.7944797600E-02  -3.9560558100E-02  -1.6675580000E-01
    1     -4.5016245000E-02   1.0179204110E-01  -9.1878977700E-02   2.1413392000E-02  -7.3348334900E-02
    2     -4.3216832600E-02  -3.7322042000E-02   2.0525131200E-02  -4.3220605100E-02   9.7734325000E-02
    3      3.4100060000E-03  -1.6643280000E-04   2.9271094700E-02   3.6989017000E-03  -1.6057929000E-03
    4      5.0263688200E-02   1.3105612000E-03  -1.7775372600E-02  -1.0283041000E-03  -2.1994170000E-03
    5      5.4599609900E-02   9.5448930000E-04   3.7152371000E-03   2.2251841000E-03   1.1394468000E-03
    6      9.5448930000E-04   2.6611274310E-01  -1.1392399400E-01   4.5204367300E-02  -2.3913405900E-02
    7      3.7152371000E-03  -1.1392399400E-01   1.0187468980E-01  -2.2126216900E-02  -1.0440682900E-02
    8      2.2251841000E-03   4.5204367300E-02  -2.2126216900E-02   5.4587931200E-02   1.2891040700E-02
    9      1.1394468000E-03  -2.3913405900E-02  -1.0440682900E-02   1.2891040700E-02   1.8978754840E-01
   10      1.4231685900E-02   1.0657364000E-02   5.6887915000E-03  -6.1163003000E-03   8.2974426800E-02
   11      4.9741110000E-03  -2.5526315000E-03  -1.8947315000E-03   4.9729712000E-03  -1.0710131180E-01
   12     -2.5079980000E-04   1.4285874000E-03  -2.2533370000E-04  -5.0615690000E-04  -2.6898994000E-03
   13     -4.4548820000E-04  -4.9625160000E-04  -2.9054110000E-04  -4.3670000000E-07   5.8026000000E-05
   14     -8.8226960000E-04   1.9733650000E-04   1.2584990000E-04  -8.7875340000E-04  -1.1957882000E-03
   15     -4.0445476000E-03  -3.0481864000E-03  -2.6258817000E-03  -2.1727594800E-02   5.1773498000E-03
   16     -2.2748878100E-02   6.6027920000E-04   2.3814100000E-03   7.8578659000E-03   2.9559820000E-03
   17     -1.7699802700E-02  -6.4815195000E-03  -3.4526980000E-04  -1.7686728000E-02  -3.4677126000E-03
                   10                 11                 12                 13                 14        
    0     -7.3336397700E-02   9.9215317700E-02   8.0072690000E-04   6.5668700000E-04   3.8769320000E-04
    1     -8.2221990200E-02   5.7334904200E-02   6.7531190000E-04   2.0027100000E-05   2.3274520000E-04
    2      5.6539213600E-02  -8.8777751800E-02  -8.2766871000E-03  -4.8298186000E-03  -6.3858912000E-03
    3     -2.3298444500E-02  -2.9216610000E-03  -1.7042020000E-04   6.9686190000E-04   2.1173130000E-04
    4     -1.6638655500E-02  -1.2699829000E-03   4.1865460000E-04   1.3285170000E-03   1.0998050000E-04
    5      1.4231685900E-02   4.9741110000E-03  -2.5079980000E-04  -4.4548820000E-04  -8.8226960000E-04
    6      1.0657364000E-02  -2.5526315000E-03   1.4285874000E-03  -4.9625160000E-04   1.9733650000E-04
    7      5.6887915000E-03  -1.8947315000E-03  -2.2533370000E-04  -2.9054110000E-04   1.2584990000E-04
    8     -6.1163003000E-03   4.9729712000E-03  -5.0615690000E-04  -4.3670000000E-07  -8.7875340000E-04
    9      8.2974426800E-02  -1.0710131180E-01  -2.6898994000E-03   5.8026000000E-05  -1.1957882000E-03
   10      9.4193410500E-02  -6.1888222900E-02   5.8916300000E-05  -2.7695112000E-03  -6.9413890000E-04
   11     -6.1888222900E-02   1.0495071960E-01   5.8495600000E-03   3.3771888000E-03  -5.3718378000E-03
   12      5.8916300000E-05   5.8495600000E-03  -7.8781570000E-04  -1.1380896000E-03  -1.0854016000E-03
   13     -2.7695112000E-03   3.3771888000E-03  -1.1380896000E-03   5.2724890000E-04  -6.3180390000E-04
   14     -6.9413890000E-04  -5.3718378000E-03  -1.0854016000E-03  -6.3180390000E-04   2.3353307100E-02
   15      2.9441351000E-03   7.5107267000E-03   1.4188210000E-03   2.2276640000E-04   1.4844287000E-03
   16      1.7479550000E-03   4.3408443000E-03   2.1054060000E-04   1.1842594000E-03   8.5736730000E-04
   17     -2.0722374000E-03  -2.0748212100E-02   4.2694853000E-03   2.5303587000E-03  -9.8345552000E-03
                   15                 16                 17        
     0     -2.7840540700E-02  -1.8138112000E-03  -1.6447836400E-02
     1     -1.7949971000E-03  -2.5766627000E-02  -9.4936283000E-03
     2     -8.8917252000E-03  -5.1865437000E-03  -5.8548976700E-02
     3      1.7901140000E-04  -4.4879956000E-03  -3.5411290000E-03
     4     -1.2210277000E-03  -8.2651300000E-04  -5.4985674000E-03
     5     -4.0445476000E-03  -2.2748878100E-02  -1.7699802700E-02
     6     -3.0481864000E-03   6.6027920000E-04  -6.4815195000E-03
     7     -2.6258817000E-03   2.3814100000E-03  -3.4526980000E-04
     8     -2.1727594800E-02   7.8578659000E-03  -1.7686728000E-02
     9      5.1773498000E-03   2.9559820000E-03  -3.4677126000E-03
    10      2.9441351000E-03   1.7479550000E-03  -2.0722374000E-03
    11      7.5107267000E-03   4.3408443000E-03  -2.0748212100E-02
    12      1.4188210000E-03   2.1054060000E-04   4.2694853000E-03
    13      2.2276640000E-04   1.1842594000E-03   2.5303587000E-03
    14      1.4844287000E-03   8.5736730000E-04  -9.8345552000E-03
    15      2.4113545000E-02   2.4750050000E-03   2.5668712200E-02
    16      2.4750050000E-03   2.1279515600E-02   1.4879344300E-02
    17      2.5668712200E-02   1.4879344300E-02   1.2451827470E-01

$vibrational_frequencies
18
    0        0.0000000000000000
    1        0.0000000000000000
    2        0.0000000000000000
    3        0.0000000000000000
    4        0.0000000000000000
    5        0.0000000000000000
    6     -169.5659025492771264
    7      151.4771704818584510
    8      208.2986397960301872
    9      553.6134530233733813
   10      811.5282456474214996
   11      979.8668404168820416
   12     1267.4042318580911797
   13     1424.0277280701982363
   14     1435.5596868501579593
   15     2958.5217664178785526
   16     3057.7570612959630125
   17     3066.3624839672716007

$normal_modes
18 18
                    0                  1                  2                  3                  4        
    0      0.0000000000E+00   0.0000000000E+00   0.0000000000E+00   0.0000000000E+00   0.0000000000E+00
    1      0.0000000000E+00   0.0000000000E+00   0.0000000000E+00   0.0000000000E+00   0.0000000000E+00
    2      0.0000000000E+00   0.0000000000E+00   0.0000000000E+00   0.0000000000E+00   0.0000000000E+00
    3      0.0000000000E+00   0.0000000000E+00   0.0000000000E+00   0.0000000000E+00   0.0000000000E+00
    4      0.0000000000E+00   0.0000000000E+00   0.0000000000E+00   0.0000000000E+00   0.0000000000E+00
    5      0.0000000000E+00   0.0000000000E+00   0.0000000000E+00   0.0000000000E+00   0.0000000000E+00
    6      0.0000000000E+00   0.0000000000E+00   0.0000000000E+00   0.0000000000E+00   0.0000000000E+00
    7      0.0000000000E+00   0.0000000000E+00   0.0000000000E+00   0.0000000000E+00   0.0000000000E+00
    8      0.0000000000E+00   0.0000000000E+00   0.0000000000E+00   0.0000000000E+00   0.0000000000E+00
    9      0.0000000000E+00   0.0000000000E+00   0.0000000000E+00   0.0000000000E+00   0.0000000000E+00
   10      0.0000000000E+00   0.0000000000E+00   0.0000000000E+00   0.0000000000E+00   0.0000000000E+00
   11      0.0000000000E+00   0.0000000000E+00   0.0000000000E+00   0.0000000000E+00   0.0000000000E+00
   12      0.0000000000E+00   0.0000000000E+00   0.0000000000E+00   0.0000000000E+00   0.0000000000E+00
   13      0.0000000000E+00   0.0000000000E+00   0.0000000000E+00   0.0000000000E+00   0.0000000000E+00
   14      0.0000000000E+00   0.0000000000E+00   0.0000000000E+00   0.0000000000E+00   0.0000000000E+00
   15      0.0000000000E+00   0.0000000000E+00   0.0000000000E+00   0.0000000000E+00   0.0000000000E+00
   16      0.0000000000E+00   0.0000000000E+00   0.0000000000E+00   0.0000000000E+00   0.0000000000E+00
   17      0.0000000000E+00   0.0000000000E+00   0.0000000000E+00   0.0000000000E+00   0.0000000000E+00
                    5                  6                  7                  8                  9        
    0      0.0000000000E+00   2.8276407810E-01   9.4904437225E-02   5.8391053217E-02  -1.7497051496E-01
    1      0.0000000000E+00   1.6351746176E-01  -1.6390206655E-01   3.2622922453E-02  -1.0176512291E-01
    2      0.0000000000E+00  -1.1343338117E-01   1.9717623873E-04   2.4455195177E-01  -6.2431421007E-01
    3      0.0000000000E+00   3.4972484300E-01  -3.9059305725E-01   5.2834308183E-02  -1.4672076702E-01
    4      0.0000000000E+00   1.9709670236E-01  -1.7689291959E-01   3.3134886161E-02  -1.2448323115E-01
    5      0.0000000000E+00  -2.7300912136E-01   2.0953806845E-01   2.4346418294E-01  -3.7124413599E-01
    6      0.0000000000E+00   3.4499922201E-01   3.4858129018E-01   5.8557414288E-02  -1.7893713839E-01
    7      0.0000000000E+00   2.0435253055E-01   2.5033476191E-01   3.1659013157E-02  -6.2911048401E-02
    8      0.0000000000E+00  -2.7277987004E-01  -2.0936579736E-01   2.4141801274E-01  -3.7244794034E-01
    9      0.0000000000E+00   4.8107620752E-01   3.5439687072E-01   3.0359168865E-02  -7.5502383751E-02
   10      0.0000000000E+00   2.7830861304E-01  -6.1285603663E-01   1.3435287458E-02  -4.5282875546E-02
   11      0.0000000000E+00   2.7267927110E-01   2.0267915689E-04   1.8228638355E-01  -3.9041821054E-01
   12      0.0000000000E+00  -1.1913371834E-01  -3.6632404068E-02   3.5768506224E-02   1.7790678726E-02
   13      0.0000000000E+00  -6.8883906723E-02   6.3263100145E-02   2.1193119633E-02   1.0520818308E-02
   14      0.0000000000E+00   2.2356069515E-02   3.5933462241E-04  -8.1245169023E-01   2.2840446201E-02
   15      0.0000000000E+00  -6.5387516876E-02  -2.1404083364E-02  -4.2979435306E-02   6.1150060988E-02
   16      0.0000000000E+00  -3.7811967449E-02   3.6964004533E-02  -2.4633058659E-02   3.5454403220E-02
   17      0.0000000000E+00   3.4214941772E-02  -2.7001587482E-04   3.3354406652E-01   2.3151491692E-01
                   10                 11                 12                 13                 14        
    0     -1.1284529329E-01  -5.5959664290E-02   2.3672812581E-03  -3.4093681915E-02  -6.6231244362E-02
    1     -6.5193985541E-02   9.6813523850E-02   1.3914209257E-03   5.8843229382E-02  -3.8335775116E-02
    2      2.1541624603E-02  -3.9247072113E-05  -9.6175225099E-02  -2.0975619054E-05   2.0692829712E-03
    3      7.7357611072E-02   2.4017079976E-01  -2.0841251246E-03   2.9614891087E-01   6.8222775493E-01
    4      5.0007154809E-04  -5.5603219441E-02  -1.1351331474E-01   6.4555434811E-02  -6.4238579418E-02
    5     -2.9894193412E-01   6.3088743914E-01   6.1524054950E-01  -3.3713919072E-01   7.1734853523E-02
    6      3.8961707276E-02  -7.1878307446E-02  -9.9441941757E-02  -2.0330168179E-01   2.8546438223E-01
    7      6.6769164207E-02  -2.3568036748E-01   5.4700204747E-02  -2.2334169802E-01   6.2351447309E-01
    8     -2.9881289609E-01  -6.3073330854E-01   6.1569651986E-01   3.3695337177E-01   7.1260933263E-02
    9      3.1517141061E-01   1.3213654730E-01   2.2322160010E-01   3.8251277814E-01  -1.1494322067E-01
   10      1.8193752056E-01  -2.2859088703E-01   1.2882678988E-01  -6.6239083417E-01  -6.5577198977E-02
   11      8.1155959365E-01   3.5101063280E-05   3.7518494946E-01  -4.6144664214E-04  -1.6302510611E-01
   12      8.1284469300E-03  -4.1983826052E-04   1.4509150515E-03  -9.6721926262E-04  -4.5847297579E-04
   13      4.6955409125E-03   7.3081658817E-04   8.3317529424E-04   1.6782340133E-03  -2.6834349575E-04
   14     -9.7509284957E-03   4.3404638828E-08  -2.4411499459E-03   5.7053802685E-06   7.9561179989E-04
   15      2.1606575697E-02   1.0641557643E-02  -5.0395452239E-03  -1.4466601486E-03  -1.5614295599E-03
   16      1.2485224486E-02  -1.8409664027E-02  -2.9084932251E-03   2.5131130302E-03  -9.0540432683E-04
   17     -8.1517365273E-03   7.8928854859E-06  -1.1774275791E-02   2.2452008806E-05  -5.5791151288E-04
                   15                 16                 17        
     0     -5.3512566492E-02  -5.3021665722E-02  -4.6160236256E-02
     1     -3.0918328888E-02  -3.1648965640E-02   7.8664417806E-02
     2      3.9986166323E-02  -1.4770491027E-02  -1.4918533613E-04
     3     -2.5930780973E-02   1.0301918748E-02  -5.8747938607E-02
     4     -6.2887246972E-02   7.0066441305E-01  -6.8272480595E-01
     5      3.0252045367E-03   1.2263936161E-01  -1.2394520896E-01
     6     -6.7328570054E-02   6.0020180963E-01   6.3296826335E-01
     7      8.9013822690E-03  -3.3536582003E-01  -2.9689908650E-01
     8      3.0284123809E-03   1.2010889880E-01   1.2622866231E-01
     9      7.3919927908E-01   2.8331743225E-02  -2.2271400382E-02
    10      4.2723936429E-01   1.5843825569E-02   3.9069366647E-02
    11     -5.0633307518E-01  -4.1215747974E-02  -3.6334083531E-04
    12     -8.6421043024E-04   1.2967344525E-04   1.0945377008E-04
    13     -5.0029093286E-04   7.9464917504E-05  -1.8625671148E-04
    14      1.9496865327E-04   2.8543758278E-05   1.9590288469E-07
    15      2.2706846852E-04  -2.6983511960E-04  -1.1320116239E-04
    16      1.3045575364E-04  -1.5698265673E-04   1.9121498144E-04
    17      5.7269725407E-04  -7.4122582358E-04  -4.1556456734E-06

#
# The atoms: label  mass x y z (in bohrs)
#
$atoms
6
 C     12.01100      0.596990098013     0.344908920750     0.378238556336
 H      1.00800      0.712639678973     2.354853727241     0.755844952588
 H      1.00800      2.396170712925    -0.558688921608     0.755464773758
 H      1.00800     -0.864693614267    -0.499848278813     1.552229958476
 F     18.99800     -0.419699131928    -0.243178409148     5.092355289601
 Cl    35.45300     -0.041155153886    -0.023396741860    -2.944056556407

$actual_temperature
  0.000000

$frequency_scale_factor
  1.000000


$end

