
$orca_hessian_file

$act_atom
  0

$act_coord
  0

$act_energy
      -13.148764

$multiplicity
  1

$hessian
18
                    0                  1                  2                  3                  4        
    0      5.5345278880E-01   3.0860000000E-07  -1.9956000000E-06  -4.2049800600E-02  -1.6175000000E-06
    1      3.0860000000E-07   5.5343322600E-01  -4.0325800000E-05  -1.6605000000E-06  -3.0684287520E-01
    2     -1.9956000000E-06  -4.0325800000E-05   3.0506296400E-02  -1.8640000000E-07  -5.3867947600E-02
    3     -4.2049800600E-02  -1.6605000000E-06  -1.8640000000E-07   4.2441691300E-02   1.7741000000E-06
    4     -1.6175000000E-06  -3.0684287520E-01  -5.3867947600E-02   1.7741000000E-06   3.3519145720E-01
    5     -2.2320000000E-07  -5.6204659700E-02  -2.0299588900E-02   3.4940000000E-07   5.7068931700E-02
    6     -2.4066212190E-01   1.1467448450E-01  -4.6804355600E-02  -4.3804370000E-04   4.6313960000E-04
    7      1.1466835370E-01  -1.0825621800E-01   2.6988140400E-02   2.4756772500E-02  -1.4979362900E-02
    8     -4.8684631000E-02   2.8108672500E-02  -2.0299060700E-02   3.9016612000E-03  -1.5800407000E-03
    9     -2.4066418140E-01  -1.1467313130E-01   4.6806299400E-02  -4.3834420000E-04  -4.6330890000E-04
   10     -1.1466704950E-01  -1.0825397560E-01   2.6988498800E-02  -2.4756869700E-02  -1.4979089100E-02
   11      4.8686503400E-02   2.8108947300E-02  -2.0299765000E-02  -3.9016695000E-03  -1.5799949000E-03
   12     -9.8903931000E-03   1.0300000000E-08   1.5730000000E-07  -1.0624210000E-04   1.4800000000E-08
   13      3.5000000000E-09  -9.8915397000E-03  -3.8947300000E-05   2.7600000000E-08   6.2682240000E-04
   14      2.0210000000E-07  -2.5614000000E-06   2.9250766200E-02  -5.1800000000E-08   2.1266044000E-03
   15     -2.0186291800E-02  -1.1600000000E-08   8.1100000000E-08   5.9073930000E-04  -2.1000000000E-09
   16      1.2000000000E-09  -2.0188617600E-02  -2.9418400000E-05  -4.4000000000E-08   9.8304760000E-04
   17      1.4440000000E-07   2.9927100000E-05   1.1413520000E-03  -1.0280000000E-07  -2.1675529000E-03
                    5                  6                  7                  8                  9        
    0     -2.2320000000E-07  -2.4066212190E-01   1.1466835370E-01  -4.8684631000E-02  -2.4066418140E-01
    1     -5.6204659700E-02   1.1467448450E-01  -1.0825621800E-01   2.8108672500E-02  -1.1467313130E-01
    2     -2.0299588900E-02  -4.6804355600E-02   2.6988140400E-02  -2.0299060700E-02   4.6806299400E-02
    3      3.4940000000E-07  -4.3804370000E-04   2.4756772500E-02   3.9016612000E-03  -4.3834420000E-04
    4      5.7068931700E-02   4.6313960000E-04  -1.4979362900E-02  -1.5800407000E-03  -4.6330890000E-04
    5      5.4578796900E-02   5.8807870000E-04   4.1702257000E-03   1.0386658000E-03  -5.8802460000E-04
    6      5.8807870000E-04   2.6211844070E-01  -1.2682256100E-01   4.9446840500E-02  -2.2309167000E-02
    7      4.1702257000E-03  -1.2682256100E-01   1.1565599340E-01  -2.8546339400E-02  -1.2136235100E-02
    8      1.0386658000E-03   4.9446840500E-02  -2.8546339400E-02   5.4582748300E-02   3.3139589000E-03
    9     -5.8802460000E-04  -2.2309167000E-02  -1.2136235100E-02   3.3139589000E-03   2.6212075300E-01
   10      4.1704025000E-03   1.2136519300E-02   6.8417339000E-03  -2.5908727000E-03   1.2682108140E-01
   11      1.0386925000E-03  -3.3138281000E-03  -2.5907551000E-03   1.0382215000E-03  -4.9448629600E-02
   12     -2.0800000000E-08   4.2552380000E-04  -3.0727180000E-04   5.3549604000E-03   4.2547790000E-04
   13      6.1873894000E-03  -2.9939380000E-04   6.3211800000E-05  -3.0896665000E-03   2.9936470000E-04
   14     -1.4109852800E-02   1.8329394000E-03  -1.0604507000E-03  -1.4113751100E-02  -1.8330749000E-03
   15     -1.5940000000E-07   8.6536820000E-04  -1.5905830000E-04  -1.3332789900E-02   8.6546160000E-04
   16     -1.5392289500E-02  -1.5218860000E-04   6.7464170000E-04   7.6982468000E-03   1.5222910000E-04
   17     -2.2246713400E-02  -1.7496747000E-03   1.0391791000E-03  -2.2246823700E-02   1.7494708000E-03
                   10                 11                 12                 13                 14        
    0     -1.1466704950E-01   4.8686503400E-02  -9.8903931000E-03   3.5000000000E-09   2.0210000000E-07
    1     -1.0825397560E-01   2.8108947300E-02   1.0300000000E-08  -9.8915397000E-03  -2.5614000000E-06
    2      2.6988498800E-02  -2.0299765000E-02   1.5730000000E-07  -3.8947300000E-05   2.9250766200E-02
    3     -2.4756869700E-02  -3.9016695000E-03  -1.0624210000E-04   2.7600000000E-08  -5.1800000000E-08
    4     -1.4979089100E-02  -1.5799949000E-03   1.4800000000E-08   6.2682240000E-04   2.1266044000E-03
    5      4.1704025000E-03   1.0386925000E-03  -2.0800000000E-08   6.1873894000E-03  -1.4109852800E-02
    6      1.2136519300E-02  -3.3138281000E-03   4.2552380000E-04  -2.9939380000E-04   1.8329394000E-03
    7      6.8417339000E-03  -2.5907551000E-03  -3.0727180000E-04   6.3211800000E-05  -1.0604507000E-03
    8     -2.5908727000E-03   1.0382215000E-03   5.3549604000E-03  -3.0896665000E-03  -1.4113751100E-02
    9      1.2682108140E-01  -4.9448629600E-02   4.2547790000E-04   2.9936470000E-04  -1.8330749000E-03
   10      1.1565348760E-01  -2.8546740400E-02   3.0725770000E-04   6.3208000000E-05  -1.0604306000E-03
   11     -2.8546740400E-02   5.4583371300E-02  -5.3550835000E-03  -3.0895821000E-03  -1.4113640500E-02
   12      3.0725770000E-04  -5.3550835000E-03   6.7232293000E-03  -7.6000000000E-09   7.6400000000E-08
   13      6.3208000000E-05  -3.0895821000E-03  -7.6000000000E-09   6.7197814000E-03  -1.0801000000E-06
   14     -1.0604306000E-03  -1.4113640500E-02   7.6400000000E-08  -1.0801000000E-06   3.5375909500E-02
   15      1.5906080000E-04   1.3332707300E-02   2.4224042000E-03   5.6000000000E-09  -9.1200000000E-08
   16      6.7463520000E-04   7.6981253000E-03  -3.3000000000E-09   2.4185160000E-03  -2.0817000000E-06
   17      1.0391425000E-03  -2.2246879900E-02  -8.9800000000E-08   3.1886700000E-05  -2.2289431300E-02
                   15                 16                 17        
     0     -2.0186291800E-02   1.2000000000E-09   1.4440000000E-07
     1     -1.1600000000E-08  -2.0188617600E-02   2.9927100000E-05
     2      8.1100000000E-08  -2.9418400000E-05   1.1413520000E-03
     3      5.9073930000E-04  -4.4000000000E-08  -1.0280000000E-07
     4     -2.1000000000E-09   9.8304760000E-04  -2.1675529000E-03
     5     -1.5940000000E-07  -1.5392289500E-02  -2.2246713400E-02
     6      8.6536820000E-04  -1.5218860000E-04  -1.7496747000E-03
     7     -1.5905830000E-04   6.7464170000E-04   1.0391791000E-03
     8     -1.3332789900E-02   7.6982468000E-03  -2.2246823700E-02
     9      8.6546160000E-04   1.5222910000E-04   1.7494708000E-03
    10      1.5906080000E-04   6.7463520000E-04   1.0391425000E-03
    11      1.3332707300E-02   7.6981253000E-03  -2.2246879900E-02
    12      2.4224042000E-03  -3.3000000000E-09  -8.9800000000E-08
    13      5.6000000000E-09   2.4185160000E-03   3.1886700000E-05
    14     -9.1200000000E-08  -2.0817000000E-06  -2.2289431300E-02
    15      1.5442318600E-02   5.6000000000E-09   2.5200000000E-07
    16      5.6000000000E-09   1.5437777200E-02   2.7417500000E-05
    17      2.5200000000E-07   2.7417500000E-05   8.7888496300E-02

$vibrational_frequencies
18
    0        0.0000000000000000
    1        0.0000000000000000
    2        0.0000000000000000
    3        0.0000000000000000
    4        0.0000000000000000
    5        0.0000000000000000
    6     -165.5290922910735389
    7      228.7312421713828030
    8      228.8058356623621989
    9      307.3939263586090078
   10     1019.0480700089793800
   11     1019.0548085629204706
   12     1135.8242919508747946
   13     1383.5259157046168639
   14     1383.5645833139965362
   15     3084.4541826937593214
   16     3144.4669031411817741
   17     3144.6462232648054851

$normal_modes
18 18
                    0                  1                  2                  3                  4        
    0      0.0000000000E+00   0.0000000000E+00   0.0000000000E+00   0.0000000000E+00   0.0000000000E+00
    1      0.0000000000E+00   0.0000000000E+00   0.0000000000E+00   0.0000000000E+00   0.0000000000E+00
    2      0.0000000000E+00   0.0000000000E+00   0.0000000000E+00   0.0000000000E+00   0.0000000000E+00
    3      0.0000000000E+00   0.0000000000E+00   0.0000000000E+00   0.0000000000E+00   0.0000000000E+00
    4      0.0000000000E+00   0.0000000000E+00   0.0000000000E+00   0.0000000000E+00   0.0000000000E+00
    5      0.0000000000E+00   0.0000000000E+00   0.0000000000E+00   0.0000000000E+00   0.0000000000E+00
    6      0.0000000000E+00   0.0000000000E+00   0.0000000000E+00   0.0000000000E+00   0.0000000000E+00
    7      0.0000000000E+00   0.0000000000E+00   0.0000000000E+00   0.0000000000E+00   0.0000000000E+00
    8      0.0000000000E+00   0.0000000000E+00   0.0000000000E+00   0.0000000000E+00   0.0000000000E+00
    9      0.0000000000E+00   0.0000000000E+00   0.0000000000E+00   0.0000000000E+00   0.0000000000E+00
   10      0.0000000000E+00   0.0000000000E+00   0.0000000000E+00   0.0000000000E+00   0.0000000000E+00
   11      0.0000000000E+00   0.0000000000E+00   0.0000000000E+00   0.0000000000E+00   0.0000000000E+00
   12      0.0000000000E+00   0.0000000000E+00   0.0000000000E+00   0.0000000000E+00   0.0000000000E+00
   13      0.0000000000E+00   0.0000000000E+00   0.0000000000E+00   0.0000000000E+00   0.0000000000E+00
   14      0.0000000000E+00   0.0000000000E+00   0.0000000000E+00   0.0000000000E+00   0.0000000000E+00
   15      0.0000000000E+00   0.0000000000E+00   0.0000000000E+00   0.0000000000E+00   0.0000000000E+00
   16      0.0000000000E+00   0.0000000000E+00   0.0000000000E+00   0.0000000000E+00   0.0000000000E+00
   17      0.0000000000E+00   0.0000000000E+00   0.0000000000E+00   0.0000000000E+00   0.0000000000E+00
                    5                  6                  7                  8                  9        
    0      0.0000000000E+00  -4.1135639366E-06   4.2527610023E-04  -4.5333445894E-01  -1.4366217703E-06
    1      0.0000000000E+00   1.1437884947E-03   4.5335028803E-01   4.2529895959E-04  -2.5735507429E-03
    2      0.0000000000E+00  -8.5872230611E-01   1.8550860607E-04   2.4146385547E-06  -4.6744432395E-01
    3      0.0000000000E+00  -9.9139631919E-07   4.6569561962E-04  -4.9809945688E-01   2.8394401252E-07
    4      0.0000000000E+00  -1.2436667263E-01   4.8581949014E-01   4.5590155451E-04  -5.4568282148E-02
    5      0.0000000000E+00  -5.4015337154E-02  -1.3158732704E-01  -1.2090937092E-04  -8.4212672628E-02
    6      0.0000000000E+00  -1.0922156268E-01   5.9325835312E-03  -4.8886758609E-01  -4.5465447244E-02
    7      0.0000000000E+00   6.3985111740E-02   4.9501312460E-01  -5.0645281637E-03   2.2971222219E-02
    8      0.0000000000E+00  -5.3112519561E-02   6.5611995145E-02   1.1398699947E-01  -8.4979145506E-02
    9      0.0000000000E+00   1.0921901499E-01  -5.0135435803E-03  -4.8887868098E-01   4.5465885489E-02
   10      0.0000000000E+00   6.3984776718E-02   4.9500086422E-01   5.9931104041E-03   2.2971175425E-02
   11      0.0000000000E+00  -5.3115046060E-02   6.5825412367E-02  -1.1386113785E-01  -8.4977476315E-02
   12      0.0000000000E+00   1.4652711882E-06  -1.6942520391E-04   1.8060032359E-01   4.0984340037E-07
   13      0.0000000000E+00  -4.6550541563E-04  -1.8060452061E-01  -1.6941121874E-04   1.0260213772E-03
   14      0.0000000000E+00   4.5126673100E-01  -1.1272383465E-03  -1.9478518112E-06  -6.8440058939E-01
   15      0.0000000000E+00   7.0905678659E-07  -9.2659709225E-05   9.8767600160E-02   2.4655436707E-07
   16      0.0000000000E+00  -2.4049906297E-04  -9.8770365657E-02  -9.2667789334E-05   5.6732731865E-04
   17      0.0000000000E+00   5.3661837057E-02   5.4546157224E-04   8.4935017091E-08   5.3233629936E-01
                   10                 11                 12                 13                 14        
    0      1.3385440364E-03   6.6472927258E-02   1.0121795480E-07   4.6224605181E-04  -8.5187550183E-02
    1      6.6472368337E-02  -1.3385271490E-03   9.0725235777E-06  -8.5171900647E-02  -4.6220401373E-04
    2     -1.9531176339E-05   2.8500646583E-07  -3.2439699001E-02  -4.7063861540E-05   8.1587398056E-08
    3     -4.0034703583E-03  -1.9891163642E-01   1.0870993643E-06  -4.1919043906E-03   7.7175223570E-01
    4     -1.0392684878E-01   2.0936964550E-03  -1.0698944377E-01  -9.1304880376E-02  -5.0010011864E-04
    5      7.8281435112E-01  -1.5760458151E-02   5.6671848450E-01   2.4062968277E-01   1.3043314584E-03
    6     -4.3704604625E-02  -1.2686908377E-01  -9.2675900677E-02   3.7293751660E-01   1.2655903440E-01
    7     -1.7604347023E-01  -3.7580536244E-02   5.3468898013E-02   5.5400386409E-01   3.7669865482E-01
    8     -3.7782785719E-01   6.8586731145E-01   5.6663556536E-01  -1.2144552103E-01   2.0769736447E-01
    9      3.8559979424E-02  -1.2853024456E-01   9.2678904549E-02  -3.7428494879E-01   1.2249489810E-01
   10     -1.7439137917E-01   4.4637153674E-02   5.3469376659E-02   5.5806646063E-01  -3.7065914844E-01
   11     -4.0512664766E-01  -6.7010746669E-01   5.6663112667E-01  -1.1917897522E-01  -2.0900457233E-01
   12      1.7701295715E-04   8.7944093234E-03  -9.9733403621E-08  -1.1411694016E-05   2.0921040637E-03
   13      8.7957482376E-03  -1.7706375237E-04   8.7484749634E-07   2.0891936184E-03   1.1325493709E-05
   14      5.4923870803E-06  -7.9649757712E-08  -2.8161994849E-02  -3.3471911617E-06  -5.6329660907E-08
   15     -2.8823694069E-04  -1.4315772012E-02  -9.7162240384E-08   7.0068344568E-06  -1.2842564891E-03
   16     -1.4314857681E-02   2.8819536733E-04  -2.0876084528E-06  -1.2868408764E-03  -6.9768660570E-06
   17      7.6585773991E-06  -3.6435072004E-08  -2.2252848986E-02   1.7590781123E-05   8.4326418915E-08
                   15                 16                 17        
     0     -1.5120803769E-06   3.7593007855E-04   9.5730413594E-02
     1     -5.9842750801E-04  -9.5736345723E-02   3.7594821298E-04
     2     -2.2868830513E-02   1.7528466568E-04  -1.4035335822E-06
     3     -1.7692862114E-07   1.6108725787E-04   3.9796061323E-02
     4      5.7295961397E-01   7.9206337402E-01  -3.1055350705E-03
     5      1.0262339294E-01   1.5936891068E-01  -6.2513122221E-04
     6      4.8991182995E-01  -3.6737713990E-01  -5.8548008223E-01
     7     -2.8301565726E-01   1.7242178077E-01   3.6115805837E-01
     8      1.0114994356E-01  -8.1241088862E-02  -1.3829667565E-01
     9     -4.8989377380E-01   3.6276270096E-01  -5.8836978579E-01
    10     -2.8300502691E-01   1.6957189770E-01  -3.6250602677E-01
    11      1.0114911653E-01  -8.0153359092E-02   1.3893854865E-01
    12     -3.5646066291E-08  -1.7339542336E-06  -4.4453347649E-04
    13      6.8221053970E-06   4.4609357353E-04  -1.7945955072E-06
    14     -1.9681314608E-04   2.5494312328E-06  -7.6144252357E-09
    15      2.3031702578E-08   1.8683847405E-07   4.9459466227E-05
    16      1.7957634016E-06  -4.8378025636E-05   2.1750607200E-07
    17     -8.1644016585E-04  -3.1601456984E-06   3.5762734194E-09

#
# The atoms: label  mass x y z (in bohrs)
#
$atoms
6
 C     12.01100     -0.000000956141     0.000073599701     0.755068570531
 H      1.00800     -0.000000623441     1.994963763856     1.141934982010
 H      1.00800      1.727616605821    -0.997349517304     1.141976622653
 H      1.00800     -1.727618058699    -0.997349636215     1.141976131395
 F     18.99800      0.000000446481    -0.000037288742     4.788052754581
 Cl    35.45300      0.000000143709    -0.000012476284    -2.918958894032

$actual_temperature
  0.000000

$frequency_scale_factor
  1.000000


$end

