
$orca_hessian_file

$act_atom
  0

$act_coord
  0

$act_energy
      -13.144362

$multiplicity
  1

$hessian
18
                    0                  1                  2                  3                  4        
    0      4.9217287340E-01   2.7650000000E-07  -1.1769000000E-06  -4.1270614600E-02  -1.5446000000E-06
    1      2.7650000000E-07   4.9215928760E-01  -1.1558900000E-05  -1.6007000000E-06  -2.6809783480E-01
    2     -1.1769000000E-06  -1.1558900000E-05   1.7513822940E-01  -5.0270000000E-07  -8.3576511600E-02
    3     -4.1270614600E-02  -1.6007000000E-06  -5.0270000000E-07   4.5708955100E-02   1.7221000000E-06
    4     -1.5446000000E-06  -2.6809783480E-01  -8.3576511600E-02   1.7221000000E-06   3.0415106380E-01
    5     -5.2940000000E-07  -9.0804251700E-02  -5.2028161500E-02   5.9430000000E-07   8.9783539900E-02
    6     -2.1138400890E-01   9.8219518700E-02  -7.2394756100E-02  -2.0389207000E-03   2.7904081000E-03
    7      9.8213017100E-02  -9.7963567800E-02   4.1798526700E-02   2.7567994600E-02  -1.9568775100E-02
    8     -7.8654932700E-02   4.5409487200E-02  -5.2032273900E-02   6.1448779000E-03  -3.4262321000E-03
    9     -2.1138521380E-01  -9.8218181500E-02   7.2396396300E-02  -2.0392805000E-03  -2.7906113000E-03
   10     -9.8211748300E-02  -9.7961633700E-02   4.1798538000E-02  -2.7568100200E-02  -1.9568429800E-02
   11      7.8656629500E-02   4.5409381900E-02  -5.2033362300E-02  -6.1448746000E-03  -3.4261446000E-03
   12     -2.9651784000E-03   5.3000000000E-09   6.1700000000E-08  -1.4086048000E-03   1.2800000000E-08
   13      1.3000000000E-09  -2.9672202000E-03  -6.8306000000E-06   1.5900000000E-08  -2.5013780000E-04
   14      5.8500000000E-08  -1.3699000000E-06   1.4682467700E-02  -2.6700000000E-08   1.4243544000E-03
   15     -2.5167857700E-02  -1.8200000000E-08  -2.2400000000E-08   1.0484655000E-03   1.2800000000E-08
   16     -2.1000000000E-09  -2.5169031000E-02  -2.1636000000E-06  -3.1700000000E-08   3.3341138000E-03
   17     -4.9000000000E-08  -1.6884000000E-06  -3.3726899300E-02  -6.8300000000E-08  -7.7900610000E-04
                    5                  6                  7                  8                  9        
    0     -5.2940000000E-07  -2.1138400890E-01   9.8213017100E-02  -7.8654932700E-02  -2.1138521380E-01
    1     -9.0804251700E-02   9.8219518700E-02  -9.7963567800E-02   4.5409487200E-02  -9.8218181500E-02
    2     -5.2028161500E-02  -7.2394756100E-02   4.1798526700E-02  -5.2032273900E-02   7.2396396300E-02
    3      5.9430000000E-07  -2.0389207000E-03   2.7567994600E-02   6.1448779000E-03  -2.0392805000E-03
    4      8.9783539900E-02   2.7904081000E-03  -1.9568775100E-02  -3.4262321000E-03  -2.7906113000E-03
    5      7.5157798000E-02   1.0537310000E-04   7.0369795000E-03   3.8635643000E-03  -1.0525620000E-04
    6      1.0537310000E-04   2.3953489240E-01  -1.1190417810E-01   7.7770600400E-02  -2.8331849300E-02
    7      7.0369795000E-03  -1.1190417810E-01   1.1031341200E-01  -4.4900320100E-02  -1.2386028600E-02
    8      3.8635643000E-03   7.7770600400E-02  -4.4900320100E-02   7.5169876300E-02   6.0418628000E-03
    9     -1.0525620000E-04  -2.8331849300E-02  -1.2386028600E-02   6.0418628000E-03   2.3953636060E-01
   10      7.0371775000E-03   1.2386363800E-02   6.7220054000E-03  -3.6089442000E-03   1.1190270280E-01
   11      3.8636001000E-03  -6.0416758000E-03  -3.6087952000E-03   3.8634274000E-03  -7.7772324300E-02
   12     -2.3100000000E-08  -5.4169660000E-04  -5.0086690000E-04   1.8994437000E-03  -5.4170480000E-04
   13      2.1933634000E-03  -5.0121250000E-04  -1.1207631000E-03  -1.0955372000E-03   5.0119290000E-04
   14     -1.1372525600E-02   1.2347490000E-03  -7.1269700000E-04  -1.1379249000E-02  -1.2348264000E-03
   15     -1.5870000000E-07   2.7615831000E-03  -9.8993810000E-04  -1.3201852200E-02   2.7616877000E-03
   16     -1.5246808500E-02  -9.9090010000E-04   1.6176885000E-03   7.6215464000E-03   9.9092580000E-04
   17     -1.9484275300E-02  -6.7429060000E-04   3.8630610000E-04  -1.9485345100E-02   6.7414780000E-04
                   10                 11                 12                 13                 14        
    0     -9.8211748300E-02   7.8656629500E-02  -2.9651784000E-03   1.3000000000E-09   5.8500000000E-08
    1     -9.7961633700E-02   4.5409381900E-02   5.3000000000E-09  -2.9672202000E-03  -1.3699000000E-06
    2      4.1798538000E-02  -5.2033362300E-02   6.1700000000E-08  -6.8306000000E-06   1.4682467700E-02
    3     -2.7568100200E-02  -6.1448746000E-03  -1.4086048000E-03   1.5900000000E-08  -2.6700000000E-08
    4     -1.9568429800E-02  -3.4261446000E-03   1.2800000000E-08  -2.5013780000E-04   1.4243544000E-03
    5      7.0371775000E-03   3.8636001000E-03  -2.3100000000E-08   2.1933634000E-03  -1.1372525600E-02
    6      1.2386363800E-02  -6.0416758000E-03  -5.4169660000E-04  -5.0121250000E-04   1.2347490000E-03
    7      6.7220054000E-03  -3.6087952000E-03  -5.0086690000E-04  -1.1207631000E-03  -7.1269700000E-04
    8     -3.6089442000E-03   3.8634274000E-03   1.8994437000E-03  -1.0955372000E-03  -1.1379249000E-02
    9      1.1190270280E-01  -7.7772324300E-02  -5.4170480000E-04   5.0119290000E-04  -1.2348264000E-03
   10      1.1031118330E-01  -4.4900374700E-02   5.0085490000E-04  -1.1207783000E-03  -7.1268490000E-04
   11     -4.4900374700E-02   7.5170980400E-02  -1.8995248000E-03  -1.0954982000E-03  -1.1379213900E-02
   12      5.0085490000E-04  -1.8995248000E-03   3.4783108000E-03  -3.4000000000E-09   1.2440000000E-07
   13     -1.1207783000E-03  -1.0954982000E-03  -3.4000000000E-09   3.4787921000E-03   1.9532000000E-06
   14     -7.1268490000E-04  -1.1379213900E-02   1.2440000000E-07   1.9532000000E-06   4.0409405000E-02
   15      9.8992700000E-04   1.3201770000E-02   1.9788737000E-03   5.7000000000E-09  -7.8800000000E-08
   16      1.6176532000E-03   7.6214307000E-03  -2.7000000000E-09   1.9801073000E-03   4.4430000000E-07
   17      3.8628830000E-04  -1.9485431600E-02  -8.1900000000E-08   2.5494000000E-06  -2.0960884200E-02
                   15                 16                 17        
     0     -2.5167857700E-02  -2.1000000000E-09  -4.9000000000E-08
     1     -1.8200000000E-08  -2.5169031000E-02  -1.6884000000E-06
     2     -2.2400000000E-08  -2.1636000000E-06  -3.3726899300E-02
     3      1.0484655000E-03  -3.1700000000E-08  -6.8300000000E-08
     4      1.2800000000E-08   3.3341138000E-03  -7.7900610000E-04
     5     -1.5870000000E-07  -1.5246808500E-02  -1.9484275300E-02
     6      2.7615831000E-03  -9.9090010000E-04  -6.7429060000E-04
     7     -9.8993810000E-04   1.6176885000E-03   3.8630610000E-04
     8     -1.3201852200E-02   7.6215464000E-03  -1.9485345100E-02
     9      2.7616877000E-03   9.9092580000E-04   6.7414780000E-04
    10      9.8992700000E-04   1.6176532000E-03   3.8628830000E-04
    11      1.3201770000E-02   7.6214307000E-03  -1.9485431600E-02
    12      1.9788737000E-03  -2.7000000000E-09  -8.1900000000E-08
    13      5.7000000000E-09   1.9801073000E-03   2.5494000000E-06
    14     -7.8800000000E-08   4.4430000000E-07  -2.0960884200E-02
    15      1.6617247600E-02   1.0800000000E-08   3.4200000000E-07
    16      1.0800000000E-08   1.6619468200E-02   5.5507000000E-06
    17      3.4200000000E-07   5.5507000000E-06   1.1314283550E-01

$vibrational_frequencies
18
    0        0.0000000000000000
    1        0.0000000000000000
    2        0.0000000000000000
    3        0.0000000000000000
    4        0.0000000000000000
    5        0.0000000000000000
    6      182.3700279826789483
    7      182.3865881628581462
    8      251.7097733330563472
    9      437.0234207400496302
   10      921.6087000000098897
   11      921.6173821563983211
   12     1267.2098200685791198
   13     1459.7305653456983237
   14     1459.7818854412514611
   15     3066.9593641632818617
   16     3066.9644476556832160
   17     3074.3370723239058862

$normal_modes
18 18
                    0                  1                  2                  3                  4        
    0      0.0000000000E+00   0.0000000000E+00   0.0000000000E+00   0.0000000000E+00   0.0000000000E+00
    1      0.0000000000E+00   0.0000000000E+00   0.0000000000E+00   0.0000000000E+00   0.0000000000E+00
    2      0.0000000000E+00   0.0000000000E+00   0.0000000000E+00   0.0000000000E+00   0.0000000000E+00
    3      0.0000000000E+00   0.0000000000E+00   0.0000000000E+00   0.0000000000E+00   0.0000000000E+00
    4      0.0000000000E+00   0.0000000000E+00   0.0000000000E+00   0.0000000000E+00   0.0000000000E+00
    5      0.0000000000E+00   0.0000000000E+00   0.0000000000E+00   0.0000000000E+00   0.0000000000E+00
    6      0.0000000000E+00   0.0000000000E+00   0.0000000000E+00   0.0000000000E+00   0.0000000000E+00
    7      0.0000000000E+00   0.0000000000E+00   0.0000000000E+00   0.0000000000E+00   0.0000000000E+00
    8      0.0000000000E+00   0.0000000000E+00   0.0000000000E+00   0.0000000000E+00   0.0000000000E+00
    9      0.0000000000E+00   0.0000000000E+00   0.0000000000E+00   0.0000000000E+00   0.0000000000E+00
   10      0.0000000000E+00   0.0000000000E+00   0.0000000000E+00   0.0000000000E+00   0.0000000000E+00
   11      0.0000000000E+00   0.0000000000E+00   0.0000000000E+00   0.0000000000E+00   0.0000000000E+00
   12      0.0000000000E+00   0.0000000000E+00   0.0000000000E+00   0.0000000000E+00   0.0000000000E+00
   13      0.0000000000E+00   0.0000000000E+00   0.0000000000E+00   0.0000000000E+00   0.0000000000E+00
   14      0.0000000000E+00   0.0000000000E+00   0.0000000000E+00   0.0000000000E+00   0.0000000000E+00
   15      0.0000000000E+00   0.0000000000E+00   0.0000000000E+00   0.0000000000E+00   0.0000000000E+00
   16      0.0000000000E+00   0.0000000000E+00   0.0000000000E+00   0.0000000000E+00   0.0000000000E+00
   17      0.0000000000E+00   0.0000000000E+00   0.0000000000E+00   0.0000000000E+00   0.0000000000E+00
                    5                  6                  7                  8                  9        
    0      0.0000000000E+00   4.1530095875E-01  -1.5535445024E-03   1.1762606945E-06  -2.3471477191E-06
    1      0.0000000000E+00   1.5534983641E-03   4.1529590668E-01   4.2573706823E-04  -1.4946914413E-04
    2      0.0000000000E+00  -1.9056180038E-06  -1.7104466366E-04   4.4208345493E-01  -7.4215319974E-01
    3      0.0000000000E+00   4.8512888823E-01  -1.8152589843E-03   5.0576597092E-07  -9.5430843153E-07
    4      0.0000000000E+00   1.8596300640E-03   4.9710491233E-01   7.7917448977E-02  -1.0956153714E-01
    5      0.0000000000E+00  -7.9837038254E-04  -2.1267668326E-01   1.5709159720E-01  -3.1980204919E-01
    6      0.0000000000E+00   4.9427764363E-01  -6.9835464740E-03   6.7103080978E-02  -9.4788299006E-02
    7      0.0000000000E+00  -3.0914966167E-03   4.8832038046E-01  -3.8287463483E-02   5.4630974131E-02
    8      0.0000000000E+00  -1.8369971471E-01   1.0692274964E-01   1.5718273587E-01  -3.1970935358E-01
    9      0.0000000000E+00   4.9431740452E-01   3.2863784497E-03  -6.7102167009E-02   9.4786663726E-02
   10      0.0000000000E+00   6.7446042962E-03   4.8828345043E-01  -3.8287522855E-02   5.4631135828E-02
   11      0.0000000000E+00   1.8449238016E-01   1.0554423110E-01   1.5718444051E-01  -3.1970958956E-01
   12      0.0000000000E+00  -1.6312360743E-01   6.1020850697E-04  -4.2372088386E-07   7.5326907621E-07
   13      0.0000000000E+00  -6.1021674461E-04  -1.6312238719E-01  -1.4484826093E-04   3.9909682306E-05
   14      0.0000000000E+00   9.3284233056E-07   1.6103832692E-04  -8.0104147273E-01  -7.3461469305E-02
   15      0.0000000000E+00  -9.5187184426E-02   3.5606036804E-04  -2.1181029865E-07   4.6515924377E-07
   16      0.0000000000E+00  -3.5604915755E-04  -9.5185694762E-02  -1.0478388304E-04   3.7765276421E-05
   17      0.0000000000E+00   3.0792341999E-07  -2.2384806545E-05   2.6607314129E-01   3.1806949584E-01
                   10                 11                 12                 13                 14        
    0     -5.6266364039E-04  -1.0277269400E-01   1.5364864931E-07  -3.2522914841E-04  -7.3696781833E-02
    1      1.0278338725E-01  -5.6274516140E-04   5.2160590526E-07   7.3686273506E-02  -3.2521035005E-04
    2     -2.0548826370E-05   4.0712304761E-07   6.6917793300E-02   1.0510292848E-07   2.1239034181E-07
    3      1.3357493295E-03   2.4367612927E-01  -1.3939409132E-06   3.3139595428E-03   7.4999680905E-01
    4     -1.8866801095E-01   1.0323449144E-03   1.8959069338E-01   1.2652468921E-01  -5.6317926180E-04
    5      7.5120952772E-01  -4.1170966513E-03  -5.4381572767E-01  -2.9080433040E-01   1.2823842548E-03
    6     -2.2723070944E-02   2.0259386814E-01   1.6422180561E-01  -3.7913054974E-01   9.4279064181E-02
    7     -2.2986828209E-01   2.5035566339E-02  -9.4807759286E-02  -5.2916705234E-01   3.8190900240E-01
    8     -3.7918844252E-01  -6.4853490402E-01  -5.4378563438E-01   1.4651264766E-01   2.5111653256E-01
    9      2.4938476496E-02   2.0233732007E-01  -1.6422533599E-01   3.7994387915E-01   9.0919454405E-02
   10     -2.3013164645E-01  -2.2517326031E-02  -9.4808187552E-02  -5.3252428205E-01  -3.7721860085E-01
   11     -3.7205839658E-01   6.5265067761E-01  -5.4378412239E-01   1.4428489857E-01  -2.5240137300E-01
   12     -2.4564520722E-05  -4.4732838280E-03   7.8298100343E-08  -9.9457507077E-07  -2.3879604172E-04
   13      4.4718133968E-03  -2.4531424468E-05  -1.0720394891E-06   2.3984616930E-04  -1.0609772707E-06
   14      9.1367755690E-06  -3.3831461190E-08   1.8004459834E-02  -1.6190012521E-06  -8.3347267538E-10
   15      1.0281966628E-04   1.8773872389E-02   4.5997037590E-08  -6.6308923055E-06  -1.4940398967E-03
   16     -1.8774983559E-02   1.0284574594E-04   1.1157613533E-06   1.4962217511E-03  -6.5997827556E-06
   17      3.1264313943E-06  -8.2181530995E-08   1.4064768145E-02   1.0248452471E-06  -1.6741896476E-09
                   15                 16                 17        
     0      1.0594286888E-02  -8.9673326712E-02   8.1840810638E-06
     1     -8.9673133385E-02  -1.0594271003E-02   1.1047708085E-04
     2     -4.8462729105E-05  -9.3873354406E-06  -4.0020045305E-02
     3      5.6346600490E-03  -4.7651285659E-02   5.0783999639E-06
     4      7.5939992439E-01   8.9777035153E-02   5.4968341713E-01
     5      2.7273909227E-01   3.2240977981E-02   1.7170273476E-01
     6     -4.1434168198E-01   5.1595219754E-01   4.7724304228E-01
     7      1.9480374165E-01  -3.3102350549E-01  -2.7546914194E-01
     8     -1.6394589588E-01   2.1999819452E-01   1.7222884026E-01
     9      2.8270558155E-01   5.9821431308E-01  -4.7734543683E-01
    10      1.1229962161E-01   3.6724678638E-01  -2.7553412249E-01
    11     -1.0816850019E-01  -2.5211780801E-01   1.7227604762E-01
    12     -1.7060450954E-05   1.4440180912E-04  -6.0546337781E-08
    13      1.4461130417E-04   1.7136698455E-05   8.7381051704E-08
    14     -5.5943914651E-07  -1.2688180702E-07  -6.0542035895E-04
    15      2.4140843018E-06  -2.0431703674E-05   2.6681555214E-08
    16     -2.0270059626E-05  -2.4283571672E-06   5.0935150103E-08
    17     -1.0430629825E-06  -2.0234166006E-07  -7.9414276578E-04

#
# The atoms: label  mass x y z (in bohrs)
#
$atoms
6
 C     12.01100     -0.000000310018     0.000135999870     0.549039239274
 H      1.00800      0.000000207813     1.916521949391     1.270308729033
 H      1.00800      1.659596876064    -0.958004650407     1.270449888557
 H      1.00800     -1.659596990763    -0.958004956822     1.270449617679
 F     18.99800      0.000000203632    -0.000092659016     4.831062184671
 Cl    35.45300     -0.000000006737    -0.000010989179    -2.883161582615

$actual_temperature
  0.000000

$frequency_scale_factor
  1.000000


$end

