
$orca_hessian_file

$act_atom
  0

$act_coord
  0

$act_energy
      -13.132841

$multiplicity
  1

$hessian
18
                    0                  1                  2                  3                  4        
    0      3.8654544760E-01  -5.6726121400E-02   2.6087556200E-02  -3.9888591000E-02   6.7417459000E-03
    1     -5.6726121400E-02   4.4296825070E-01   1.0719376200E-02   7.2356742000E-03  -2.4806988110E-01
    2      2.6087556200E-02   1.0719376200E-02   3.2660404310E-01   1.7108185000E-03  -8.5879078900E-02
    3     -3.9888591000E-02   7.2356742000E-03   1.7108185000E-03   4.6304360200E-02  -3.9030382000E-03
    4      6.7417459000E-03  -2.4806988110E-01  -8.5879078900E-02  -3.9030382000E-03   2.8939337270E-01
    5      1.6550142000E-03  -9.6692470800E-02  -7.2672519900E-02  -4.1620577000E-03   9.4317225800E-02
    6     -1.9594923130E-01   9.7388899000E-02  -7.7127728200E-02  -1.5217881000E-03   3.3333037000E-03
    7      9.7547070600E-02  -9.9811693800E-02   4.6643414900E-02   2.7282470800E-02  -1.9325229400E-02
    8     -8.6536336800E-02   5.1990138700E-02  -7.3687308400E-02   7.3839492000E-03  -3.8564324000E-03
    9     -1.2674464580E-01  -4.8438186800E-02   5.3865772400E-02  -3.6296940000E-03  -6.1429920000E-03
   10     -4.8105546800E-02  -7.0503131700E-02   3.1102231400E-02  -3.0880593700E-02  -2.5629837600E-02
   11      6.3135682800E-02   3.6429344600E-02  -7.0605711100E-02  -4.4020235000E-03  -2.7744275000E-03
   12      3.9901318000E-03   2.0120550000E-04  -2.9681671000E-03  -2.3981660000E-03   1.2080950000E-04
   13      1.9282640000E-04   3.7288702000E-03  -1.9601572000E-03   8.2960510000E-04  -2.6774930000E-04
   14     -1.2996062000E-03  -7.4623980000E-04  -2.7266125000E-03  -2.6235210000E-04   1.7794900000E-04
   15     -2.7953111400E-02   3.3852950000E-04  -1.5682518000E-03   1.1338788000E-03  -1.4982900000E-04
   16      3.5002520000E-04  -2.8312414300E-02  -6.2578640000E-04  -5.6411830000E-04   3.8993248000E-03
   17     -3.0423102000E-03  -1.7001489000E-03  -1.0691189130E-01  -2.6833440000E-04  -1.9852360000E-03
                    5                  6                  7                  8                  9        
    0      1.6550142000E-03  -1.9594923130E-01   9.7547070600E-02  -8.6536336800E-02  -1.2674464580E-01
    1     -9.6692470800E-02   9.7388899000E-02  -9.9811693800E-02   5.1990138700E-02  -4.8438186800E-02
    2     -7.2672519900E-02  -7.7127728200E-02   4.6643414900E-02  -7.3687308400E-02   5.3865772400E-02
    3     -4.1620577000E-03  -1.5217881000E-03   2.7282470800E-02   7.3839492000E-03  -3.6296940000E-03
    4      9.4317225800E-02   3.3333037000E-03  -1.9325229400E-02  -3.8564324000E-03  -6.1429920000E-03
    5      8.7129615600E-02   3.7957670000E-04   8.2327595000E-03   4.7302993000E-03   1.7274225000E-03
    6      3.7957670000E-04   2.3134078680E-01  -1.1092633080E-01   8.3143251200E-02  -3.6351404500E-02
    7      8.2327595000E-03  -1.1092633080E-01   1.1272220220E-01  -5.2926855000E-02  -1.1997664100E-02
    8      4.7302993000E-03   8.3143251200E-02  -5.2926855000E-02   8.8430703500E-02   1.0518322100E-02
    9      1.7274225000E-03  -3.6351404500E-02  -1.1997664100E-02   1.0518322100E-02   1.6380884350E-01
   10      1.1036723600E-02   1.2414130300E-02   6.5660157000E-03  -4.0401840000E-03   6.4018812300E-02
   11      6.9668292000E-03  -4.5086662000E-03  -2.4209886000E-03   6.9300542000E-03  -6.4865937500E-02
   12     -7.2668080000E-04  -3.2053660000E-04  -3.8323190000E-04  -8.5270680000E-04  -3.9571595000E-03
   13     -3.1113630000E-04  -1.0536009000E-03  -2.1777010000E-03  -3.4429790000E-04   1.5043600000E-05
   14     -6.3735378000E-03   9.5124000000E-06  -3.0183030000E-04  -6.3946102000E-03  -1.6071360000E-03
   15      1.1267251000E-03   2.8021736000E-03  -1.5223146000E-03  -1.3656478900E-02   6.8740602000E-03
   16     -1.6583101700E-02  -1.1564014000E-03   2.0264064000E-03   9.1776307000E-03   2.5449870000E-03
   17     -1.9780686300E-02  -1.8959459000E-03   7.7349950000E-04  -2.0009138400E-02   3.6155650000E-04
                   10                 11                 12                 13                 14        
    0     -4.8105546800E-02   6.3135682800E-02   3.9901318000E-03   1.9282640000E-04  -1.2996062000E-03
    1     -7.0503131700E-02   3.6429344600E-02   2.0120550000E-04   3.7288702000E-03  -7.4623980000E-04
    2      3.1102231400E-02  -7.0605711100E-02  -2.9681671000E-03  -1.9601572000E-03  -2.7266125000E-03
    3     -3.0880593700E-02  -4.4020235000E-03  -2.3981660000E-03   8.2960510000E-04  -2.6235210000E-04
    4     -2.5629837600E-02  -2.7744275000E-03   1.2080950000E-04  -2.6774930000E-04   1.7794900000E-04
    5      1.1036723600E-02   6.9668292000E-03  -7.2668080000E-04  -3.1113630000E-04  -6.3735378000E-03
    6      1.2414130300E-02  -4.5086662000E-03  -3.2053660000E-04  -1.0536009000E-03   9.5124000000E-06
    7      6.5660157000E-03  -2.4209886000E-03  -3.8323190000E-04  -2.1777010000E-03  -3.0183030000E-04
    8     -4.0401840000E-03   6.9300542000E-03  -8.5270680000E-04  -3.4429790000E-04  -6.3946102000E-03
    9      6.4018812300E-02  -6.4865937500E-02  -3.9571595000E-03   1.5043600000E-05  -1.6071360000E-03
   10      8.9612328700E-02  -3.7371611200E-02   4.7278300000E-05  -3.9446416000E-03  -9.2061120000E-04
   11     -3.7371611200E-02   7.1890822100E-02   2.2018571000E-03   1.2768273000E-03  -7.5681127000E-03
   12      4.7278300000E-05   2.2018571000E-03   1.3997432000E-03  -3.0045570000E-04   1.3401871000E-03
   13     -3.9446416000E-03   1.2768273000E-03  -3.0045570000E-04   1.7940748000E-03   7.5733430000E-04
   14     -9.2061120000E-04  -7.5681127000E-03   1.3401871000E-03   7.5733430000E-04   3.7443448500E-02
   15      2.5059196000E-03   8.4390873000E-03   1.2859871000E-03   3.1658140000E-04   1.8193947000E-03
   16      3.8992665000E-03   4.8608554000E-03   3.1439440000E-04   8.6714680000E-04   1.0333980000E-03
   17      1.9345140000E-04  -7.6138817000E-03   1.0055106000E-03   5.8142990000E-04  -1.4380575300E-02
                   15                 16                 17        
     0     -2.7953111400E-02   3.5002520000E-04  -3.0423102000E-03
     1      3.3852950000E-04  -2.8312414300E-02  -1.7001489000E-03
     2     -1.5682518000E-03  -6.2578640000E-04  -1.0691189130E-01
     3      1.1338788000E-03  -5.6411830000E-04  -2.6833440000E-04
     4     -1.4982900000E-04   3.8993248000E-03  -1.9852360000E-03
     5      1.1267251000E-03  -1.6583101700E-02  -1.9780686300E-02
     6      2.8021736000E-03  -1.1564014000E-03  -1.8959459000E-03
     7     -1.5223146000E-03   2.0264064000E-03   7.7349950000E-04
     8     -1.3656478900E-02   9.1776307000E-03  -2.0009138400E-02
     9      6.8740602000E-03   2.5449870000E-03   3.6155650000E-04
    10      2.5059196000E-03   3.8992665000E-03   1.9345140000E-04
    11      8.4390873000E-03   4.8608554000E-03  -7.6138817000E-03
    12      1.2859871000E-03   3.1439440000E-04   1.0055106000E-03
    13      3.1658140000E-04   8.6714680000E-04   5.8142990000E-04
    14      1.8193947000E-03   1.0333980000E-03  -1.4380575300E-02
    15      1.5857011500E-02  -1.4888869000E-03   3.8395235000E-03
    16     -1.4888869000E-03   1.7620269800E-02   2.1370040000E-03
    17      3.8395235000E-03   2.1370040000E-03   1.6869617280E-01

$vibrational_frequencies
18
    0        0.0000000000000000
    1        0.0000000000000000
    2        0.0000000000000000
    3        0.0000000000000000
    4        0.0000000000000000
    5        0.0000000000000000
    6      100.7704606005942765
    7      133.1230668278958831
    8      262.4896985053247249
    9      627.6068376749544768
   10      794.3741784497798335
   11      924.9991703039469257
   12     1401.8262350056641026
   13     1443.9083592260917612
   14     1565.7670200665222637
   15     2561.6398309107689784
   16     3029.6127162082557334
   17     3079.1852808054077286

$normal_modes
18 18
                    0                  1                  2                  3                  4        
    0      0.0000000000E+00   0.0000000000E+00   0.0000000000E+00   0.0000000000E+00   0.0000000000E+00
    1      0.0000000000E+00   0.0000000000E+00   0.0000000000E+00   0.0000000000E+00   0.0000000000E+00
    2      0.0000000000E+00   0.0000000000E+00   0.0000000000E+00   0.0000000000E+00   0.0000000000E+00
    3      0.0000000000E+00   0.0000000000E+00   0.0000000000E+00   0.0000000000E+00   0.0000000000E+00
    4      0.0000000000E+00   0.0000000000E+00   0.0000000000E+00   0.0000000000E+00   0.0000000000E+00
    5      0.0000000000E+00   0.0000000000E+00   0.0000000000E+00   0.0000000000E+00   0.0000000000E+00
    6      0.0000000000E+00   0.0000000000E+00   0.0000000000E+00   0.0000000000E+00   0.0000000000E+00
    7      0.0000000000E+00   0.0000000000E+00   0.0000000000E+00   0.0000000000E+00   0.0000000000E+00
    8      0.0000000000E+00   0.0000000000E+00   0.0000000000E+00   0.0000000000E+00   0.0000000000E+00
    9      0.0000000000E+00   0.0000000000E+00   0.0000000000E+00   0.0000000000E+00   0.0000000000E+00
   10      0.0000000000E+00   0.0000000000E+00   0.0000000000E+00   0.0000000000E+00   0.0000000000E+00
   11      0.0000000000E+00   0.0000000000E+00   0.0000000000E+00   0.0000000000E+00   0.0000000000E+00
   12      0.0000000000E+00   0.0000000000E+00   0.0000000000E+00   0.0000000000E+00   0.0000000000E+00
   13      0.0000000000E+00   0.0000000000E+00   0.0000000000E+00   0.0000000000E+00   0.0000000000E+00
   14      0.0000000000E+00   0.0000000000E+00   0.0000000000E+00   0.0000000000E+00   0.0000000000E+00
   15      0.0000000000E+00   0.0000000000E+00   0.0000000000E+00   0.0000000000E+00   0.0000000000E+00
   16      0.0000000000E+00   0.0000000000E+00   0.0000000000E+00   0.0000000000E+00   0.0000000000E+00
   17      0.0000000000E+00   0.0000000000E+00   0.0000000000E+00   0.0000000000E+00   0.0000000000E+00
                    5                  6                  7                  8                  9        
    0      0.0000000000E+00  -3.2798178037E-01  -1.8719432759E-01   1.3066903706E-01  -4.5301640592E-02
    1      0.0000000000E+00  -1.7531667614E-01   3.4930293686E-01   7.6057908231E-02  -2.4115302423E-02
    2      0.0000000000E+00   2.5309444279E-02  -1.3138717164E-03   2.5412200957E-01   4.9509653887E-01
    3      0.0000000000E+00  -4.0462911709E-01  -2.0988006663E-01   1.3848286981E-01   7.2258786868E-02
    4      0.0000000000E+00  -2.3029286589E-01   4.4020739221E-01   1.0817967660E-01   7.8080841103E-02
    5      0.0000000000E+00   1.4658027329E-01  -2.1543778801E-01   1.5606716765E-01   2.1560813468E-01
    6      0.0000000000E+00  -4.1911106464E-01  -2.5048668342E-01   1.6315165258E-01   1.0632203106E-01
    7      0.0000000000E+00  -2.0955841686E-01   4.1718421399E-01   6.6031116889E-02   2.0376745294E-02
    8      0.0000000000E+00   1.6241861789E-01   2.0828762562E-01   1.5462836600E-01   2.0165354852E-01
    9      0.0000000000E+00  -4.6153835033E-01  -2.3347830475E-01   1.2516558289E-01   1.0125947644E-01
   10      0.0000000000E+00  -2.4804672466E-01   4.3793553332E-01   7.2331964784E-02   5.6205900603E-02
   11      0.0000000000E+00  -2.6293955156E-01   7.1576867733E-03   2.0764506462E-01   7.7018859081E-01
   12      0.0000000000E+00   1.2980147601E-01   7.2050389709E-02  -3.4912459619E-02  -3.9169112619E-03
   13      0.0000000000E+00   6.9441736886E-02  -1.3451796489E-01  -2.0356979171E-02  -2.4225440418E-03
   14      0.0000000000E+00  -5.6901619134E-02   2.0418274458E-03  -7.9351370537E-01  -2.9731721939E-02
   15      0.0000000000E+00   7.8102882212E-02   4.4537093624E-02  -3.7695354480E-02   9.4900986822E-03
   16      0.0000000000E+00   4.1741902552E-02  -8.3084507216E-02  -2.1868522997E-02   5.0707018928E-03
   17      0.0000000000E+00   2.0607491911E-02  -6.4923445698E-04   3.2438514638E-01  -1.8556148002E-01
                   10                 11                 12                 13                 14        
    0      1.1199138853E-01   5.8832672537E-02  -4.5357758803E-03  -6.6479051651E-02  -3.3188253832E-02
    1      6.2987865456E-02  -1.0450312928E-01  -3.3403798729E-03  -3.9350010030E-02   5.5108558605E-02
    2      6.6506319504E-02  -4.8756118056E-05   1.0398085551E-01   5.8748202164E-03   3.6538967571E-04
    3     -1.7346775837E-01  -1.3012864780E-01  -3.7806958417E-03   6.5205125265E-01   3.6424391101E-01
    4     -8.6551102901E-02   1.7575257655E-01   2.3707706671E-01  -4.8782171029E-02   1.3026850331E-01
    5      3.7612374495E-01  -6.3086054847E-01  -5.5936597861E-01   1.3323036320E-01  -2.8439889072E-01
    6     -1.6450782468E-01  -8.4057937911E-02   2.0532635923E-01   2.9358876872E-01  -2.8600859574E-01
    7     -1.0456972024E-01   2.0853393837E-01  -1.1855555075E-01   5.9794310059E-01  -2.3051686638E-01
    8      3.8999548057E-01   6.3315806610E-01  -5.5091346347E-01   1.2003295967E-01   2.8382112977E-01
    9     -2.6107561621E-01  -1.4406451708E-01  -1.8027352685E-01  -9.3259345795E-02   3.6820622068E-01
   10     -1.4883942317E-01   2.5883977482E-01  -9.9201536997E-02  -4.2483777462E-02  -6.4361858736E-01
   11     -7.2001088621E-01   1.1732124411E-02  -4.6679243455E-01  -2.8293017965E-01  -3.5242763337E-03
   12     -1.0086445684E-03   1.6514116399E-03   1.8723720836E-04  -1.7631853257E-03  -1.3240278261E-03
   13     -4.6413208472E-04  -3.1247627269E-03  -5.3718282429E-05  -1.0066433068E-03   2.1586472233E-03
   14      2.6757882558E-03  -2.0136476657E-04   7.8028290822E-03   3.2140696383E-04   1.2001792537E-05
   15     -2.0368452013E-02  -1.0630853145E-02   8.3151659878E-04  -7.6785707239E-04  -7.3999579213E-04
   16     -1.1424977924E-02   1.8793332807E-02   6.1115572116E-04  -5.3517020548E-04   1.3228502151E-03
   17     -2.5276259692E-02  -2.7446877846E-04   5.4307463164E-03  -1.3190523647E-03  -1.3591286218E-05
                   15                 16                 17        
     0     -5.8984489687E-02  -1.4452576032E-02  -5.4992528281E-02
     1     -3.4429680314E-02   7.3594313462E-02   2.7850495675E-02
     2      2.4877424637E-02   2.4526121352E-02  -3.3501089996E-02
     3     -7.3989446843E-02   9.8665984386E-03  -2.8965305323E-02
     4      4.9581030104E-02  -9.1409622717E-01   1.5599904462E-01
     5      5.7620924739E-02  -3.5893308613E-01   4.5158308360E-02
     6     -8.9450954869E-04   1.2401300578E-01   7.8022888942E-01
     7     -8.6791218911E-02  -4.1651985454E-02  -4.7221060741E-01
     8      5.6131897032E-02   6.7452624076E-02   3.5570772252E-01
     9      7.7842362533E-01   3.9305804960E-02  -9.3599874843E-02
    10      4.4778221300E-01   7.5460491056E-02  -1.7192650796E-02
    11     -4.0783053272E-01  -1.9178688534E-02   2.3216425833E-02
    12     -8.7886039914E-04  -3.9939864159E-05  -1.7393111025E-06
    13     -5.0571601772E-04   3.0942882774E-05   3.7934382714E-05
    14      1.6831904485E-04   2.4517982499E-04  -3.2997633225E-04
    15      4.5105658763E-04  -6.2681352260E-06  -6.7038566876E-05
    16      2.6192093107E-04   7.9002382447E-05   2.3650081515E-05
    17     -1.5711335822E-04   3.9216015342E-04  -5.3097436198E-04

#
# The atoms: label  mass x y z (in bohrs)
#
$atoms
6
 C     12.01100     -0.000505861718    -0.000654115670     0.400725370416
 H      1.00800     -0.050853596241     1.876627298673     1.242520986066
 H      1.00800      1.592255226202    -0.978824322416     1.239295490799
 H      1.00800     -1.564428223271    -0.903758111897     1.574777898885
 F     18.99800     -0.088522925488    -0.050802277630     4.923263978214
 Cl    35.45300      0.048262354373     0.027614053266    -2.889299314950

$actual_temperature
  0.000000

$frequency_scale_factor
  1.000000


$end

