
$orca_hessian_file

$act_atom
  0

$act_coord
  0

$act_energy
      -13.147253

$multiplicity
  1

$hessian
18
                    0                  1                  2                  3                  4        
    0      5.3180975220E-01  -2.4000000000E-09  -1.4400000000E-06  -4.1283487800E-02  -1.5926000000E-06
    1     -2.4000000000E-09   5.3179934980E-01  -1.9007300000E-05  -1.6056000000E-06  -2.9402172780E-01
    2     -1.4400000000E-06  -1.9007300000E-05   9.3176604300E-02  -3.7400000000E-07  -7.3495535400E-02
    3     -4.1283487800E-02  -1.6056000000E-06  -3.7400000000E-07   4.3771787500E-02   1.7559000000E-06
    4     -1.5926000000E-06  -2.9402172780E-01  -7.3495535400E-02   1.7559000000E-06   3.2591910630E-01
    5     -3.8690000000E-07  -7.8098102100E-02  -3.5805873500E-02   4.8690000000E-07   7.8551745400E-02
    6     -2.3084251610E-01   1.0944547590E-01  -6.3740231000E-02  -1.2812705000E-03   1.5188240000E-03
    7      1.0944058250E-01  -1.0446856930E-01   3.6777469700E-02   2.6011386000E-02  -1.7162101000E-02
    8     -6.7640889300E-02   3.9051868100E-02  -3.5807266100E-02   5.2743569000E-03  -2.5644942000E-03
    9     -2.3084386550E-01  -1.0944386090E-01   6.3741933000E-02  -1.2815954000E-03  -1.5190081000E-03
   10     -1.0943898990E-01  -1.0446626470E-01   3.6777550100E-02  -2.6011511300E-02  -1.7161806900E-02
   11      6.7642612700E-02   3.9051845300E-02  -3.5808196400E-02  -5.2743578000E-03  -2.5644248000E-03
   12     -6.2239169000E-03   7.2000000000E-09   9.8700000000E-08  -6.5144510000E-04   1.3800000000E-08
   13      1.8000000000E-09  -6.2246003000E-03  -2.2898100000E-05   1.9700000000E-08   4.1527540000E-04
   14      9.6200000000E-08  -4.8631000000E-06   2.4126754000E-02  -3.2700000000E-08   1.4444105000E-03
   15     -2.2615965800E-02  -1.4300000000E-08   1.3300000000E-08   7.2601130000E-04   7.0000000000E-09
   16      6.0000000000E-10  -2.2618187700E-02  -1.7579000000E-05  -4.4800000000E-08   2.0112539000E-03
   17      7.4000000000E-09   1.8258900000E-05  -9.8820223000E-03  -7.9300000000E-08  -1.3717015000E-03
                    5                  6                  7                  8                  9        
    0     -3.8690000000E-07  -2.3084251610E-01   1.0944058250E-01  -6.7640889300E-02  -2.3084386550E-01
    1     -7.8098102100E-02   1.0944547590E-01  -1.0446856930E-01   3.9051868100E-02  -1.0944386090E-01
    2     -3.5805873500E-02  -6.3740231000E-02   3.6777469700E-02  -3.5807266100E-02   6.3741933000E-02
    3      4.8690000000E-07  -1.2812705000E-03   2.6011386000E-02   5.2743569000E-03  -1.2815954000E-03
    4      7.8551745400E-02   1.5188240000E-03  -1.7162101000E-02  -2.5644942000E-03  -1.5190081000E-03
    5      6.4392770100E-02   4.1906460000E-04   5.8520718000E-03   2.4237412000E-03  -4.1897580000E-04
    6      4.1906460000E-04   2.5545985890E-01  -1.2221177640E-01   6.8047221400E-02  -2.5143637200E-02
    7      5.8520718000E-03  -1.2221177640E-01   1.1432542650E-01  -3.9284924900E-02  -1.2239178100E-02
    8      2.4237412000E-03   6.8047221400E-02  -3.9284924900E-02   6.4395716300E-02   4.8547787000E-03
    9     -4.1897580000E-04  -2.5143637200E-02  -1.2239178100E-02   4.8547787000E-03   2.5546145500E-01
   10      5.8522578000E-03   1.2239485600E-02   6.6656317000E-03  -3.2862897000E-03   1.2221002300E-01
   11      2.4237757000E-03  -4.8546221000E-03  -3.2861542000E-03   2.4235892000E-03  -6.8048920100E-02
   12     -2.3500000000E-08   1.3460090000E-04  -4.5393960000E-04   3.0626842000E-03   1.3457710000E-04
   13      3.5405629000E-03  -4.4919800000E-04  -3.9565210000E-04  -1.7672353000E-03   4.4917540000E-04
   14     -1.2004773600E-02   1.2323407000E-03  -7.1565450000E-04  -1.2007105400E-02  -1.2324332000E-03
   15     -1.6530000000E-07   1.6729640000E-03  -5.4707450000E-04  -1.3598151800E-02   1.6730660000E-03
   16     -1.5698535800E-02  -5.4281110000E-04   1.0352642000E-03   7.8510760000E-03   5.4284880000E-04
   17     -2.1429639900E-02  -1.1037737000E-03   6.5719220000E-04  -2.1428675300E-02   1.1036175000E-03
                   10                 11                 12                 13                 14        
    0     -1.0943898990E-01   6.7642612700E-02  -6.2239169000E-03   1.8000000000E-09   9.6200000000E-08
    1     -1.0446626470E-01   3.9051845300E-02   7.2000000000E-09  -6.2246003000E-03  -4.8631000000E-06
    2      3.6777550100E-02  -3.5808196400E-02   9.8700000000E-08  -2.2898100000E-05   2.4126754000E-02
    3     -2.6011511300E-02  -5.2743578000E-03  -6.5144510000E-04   1.9700000000E-08  -3.2700000000E-08
    4     -1.7161806900E-02  -2.5644248000E-03   1.3800000000E-08   4.1527540000E-04   1.4444105000E-03
    5      5.8522578000E-03   2.4237757000E-03  -2.3500000000E-08   3.5405629000E-03  -1.2004773600E-02
    6      1.2239485600E-02  -4.8546221000E-03   1.3460090000E-04  -4.4919800000E-04   1.2323407000E-03
    7      6.6656317000E-03  -3.2861542000E-03  -4.5393960000E-04  -3.9565210000E-04  -7.1565450000E-04
    8     -3.2862897000E-03   2.4235892000E-03   3.0626842000E-03  -1.7672353000E-03  -1.2007105400E-02
    9      1.2221002300E-01  -6.8048920100E-02   1.3457710000E-04   4.4917540000E-04  -1.2324332000E-03
   10      1.1432286400E-01  -3.9285043700E-02   4.5392620000E-04  -3.9566610000E-04  -7.1564420000E-04
   11     -3.9285043700E-02   6.4396657000E-02  -3.0627911000E-03  -1.7671863000E-03  -1.2007056200E-02
   12      4.5392620000E-04  -3.0627911000E-03   4.3822038000E-03  -3.6000000000E-09   1.0320000000E-07
   13     -3.9566610000E-04  -1.7671863000E-03  -3.6000000000E-09   4.3799616000E-03  -4.2812000000E-06
   14     -7.1564420000E-04  -1.2007056200E-02   1.0320000000E-07  -4.2812000000E-06   3.3532357900E-02
   15      5.4706640000E-04   1.3598078500E-02   2.2239802000E-03   4.8000000000E-09  -7.4200000000E-08
   16      1.0352421000E-03   7.8509637000E-03  -4.1000000000E-09   2.2206816000E-03  -3.9676000000E-06
   17      6.5716970000E-04  -2.1428769300E-02  -7.1400000000E-08   2.1038000000E-05  -2.1640176800E-02
                   15                 16                 17        
     0     -2.2615965800E-02   6.0000000000E-10   7.4000000000E-09
     1     -1.4300000000E-08  -2.2618187700E-02   1.8258900000E-05
     2      1.3300000000E-08  -1.7579000000E-05  -9.8820223000E-03
     3      7.2601130000E-04  -4.4800000000E-08  -7.9300000000E-08
     4      7.0000000000E-09   2.0112539000E-03  -1.3717015000E-03
     5     -1.6530000000E-07  -1.5698535800E-02  -2.1429639900E-02
     6      1.6729640000E-03  -5.4281110000E-04  -1.1037737000E-03
     7     -5.4707450000E-04   1.0352642000E-03   6.5719220000E-04
     8     -1.3598151800E-02   7.8510760000E-03  -2.1428675300E-02
     9      1.6730660000E-03   5.4284880000E-04   1.1036175000E-03
    10      5.4706640000E-04   1.0352421000E-03   6.5716970000E-04
    11      1.3598078500E-02   7.8509637000E-03  -2.1428769300E-02
    12      2.2239802000E-03  -4.1000000000E-09  -7.1400000000E-08
    13      4.8000000000E-09   2.2206816000E-03   2.1038000000E-05
    14     -7.4200000000E-08  -3.9676000000E-06  -2.1640176800E-02
    15      1.6319944300E-02   1.0600000000E-08   2.9950000000E-07
    16      1.0600000000E-08   1.6315745800E-02   1.8042700000E-05
    17      2.9950000000E-07   1.8042700000E-05   9.5809283700E-02

$vibrational_frequencies
18
    0        0.0000000000000000
    1        0.0000000000000000
    2        0.0000000000000000
    3        0.0000000000000000
    4        0.0000000000000000
    5        0.0000000000000000
    6      150.3930763397878252
    7      199.3514164435971452
    8      199.4150583287487564
    9      339.7670000410549278
   10      957.2491521837390565
   11      957.2622565279783657
   12     1184.5143527029165398
   13     1418.6963159518375051
   14     1418.7264300948247637
   15     3108.3809530616863412
   16     3138.5844034548977106
   17     3138.7017497861015727

$normal_modes
18 18
                    0                  1                  2                  3                  4        
    0      0.0000000000E+00   0.0000000000E+00   0.0000000000E+00   0.0000000000E+00   0.0000000000E+00
    1      0.0000000000E+00   0.0000000000E+00   0.0000000000E+00   0.0000000000E+00   0.0000000000E+00
    2      0.0000000000E+00   0.0000000000E+00   0.0000000000E+00   0.0000000000E+00   0.0000000000E+00
    3      0.0000000000E+00   0.0000000000E+00   0.0000000000E+00   0.0000000000E+00   0.0000000000E+00
    4      0.0000000000E+00   0.0000000000E+00   0.0000000000E+00   0.0000000000E+00   0.0000000000E+00
    5      0.0000000000E+00   0.0000000000E+00   0.0000000000E+00   0.0000000000E+00   0.0000000000E+00
    6      0.0000000000E+00   0.0000000000E+00   0.0000000000E+00   0.0000000000E+00   0.0000000000E+00
    7      0.0000000000E+00   0.0000000000E+00   0.0000000000E+00   0.0000000000E+00   0.0000000000E+00
    8      0.0000000000E+00   0.0000000000E+00   0.0000000000E+00   0.0000000000E+00   0.0000000000E+00
    9      0.0000000000E+00   0.0000000000E+00   0.0000000000E+00   0.0000000000E+00   0.0000000000E+00
   10      0.0000000000E+00   0.0000000000E+00   0.0000000000E+00   0.0000000000E+00   0.0000000000E+00
   11      0.0000000000E+00   0.0000000000E+00   0.0000000000E+00   0.0000000000E+00   0.0000000000E+00
   12      0.0000000000E+00   0.0000000000E+00   0.0000000000E+00   0.0000000000E+00   0.0000000000E+00
   13      0.0000000000E+00   0.0000000000E+00   0.0000000000E+00   0.0000000000E+00   0.0000000000E+00
   14      0.0000000000E+00   0.0000000000E+00   0.0000000000E+00   0.0000000000E+00   0.0000000000E+00
   15      0.0000000000E+00   0.0000000000E+00   0.0000000000E+00   0.0000000000E+00   0.0000000000E+00
   16      0.0000000000E+00   0.0000000000E+00   0.0000000000E+00   0.0000000000E+00   0.0000000000E+00
   17      0.0000000000E+00   0.0000000000E+00   0.0000000000E+00   0.0000000000E+00   0.0000000000E+00
                    5                  6                  7                  8                  9        
    0      0.0000000000E+00  -9.7490917537E-07   3.7618399317E-04   4.3010943354E-01   2.6852702421E-06
    1      0.0000000000E+00   1.4023036262E-03   4.3013223738E-01  -3.7621355678E-04   1.0470091878E-03
    2      0.0000000000E+00  -7.1251179976E-01   2.9714109736E-04  -1.2141249390E-06   6.8595093106E-01
    3      0.0000000000E+00   7.8889673658E-07   4.2873987233E-04   4.9042595598E-01   1.0497630896E-06
    4      0.0000000000E+00  -1.1925887774E-01   4.9060173721E-01  -4.2897846163E-04   1.0623511198E-01
    5      0.0000000000E+00  -1.5943856239E-01  -1.9185812205E-01   1.6512452815E-04   1.8084114274E-01
    6      0.0000000000E+00  -1.0481826005E-01   4.9094232315E-04   4.9050951952E-01   9.1411704469E-02
    7      0.0000000000E+00   6.2030145871E-02   4.9041753440E-01  -3.5203632657E-04  -5.1294715702E-02
    8      0.0000000000E+00  -1.5829763615E-01   9.5846390657E-02  -1.6629702047E-01   1.8112494096E-01
    9      0.0000000000E+00   1.0481988897E-01   3.6760283648E-04   4.9051055778E-01  -9.1409767855E-02
   10      0.0000000000E+00   6.2030175744E-02   4.9041794410E-01  -5.0597457164E-04  -5.1294811027E-02
   11      0.0000000000E+00  -1.5829901876E-01   9.6136095588E-02   1.6612683760E-01   1.8112532252E-01
   12      0.0000000000E+00   2.3977241301E-07  -1.4805610705E-04  -1.6928299854E-01  -8.4535000883E-07
   13      0.0000000000E+00  -5.5908689784E-04  -1.6928878641E-01   1.4804696763E-04  -4.0544211069E-04
   14      0.0000000000E+00   6.0661008142E-01  -8.0652181130E-04   5.0473036769E-07   4.1841159250E-01
   15      0.0000000000E+00   1.3305742703E-07  -8.4708186397E-05  -9.6838733015E-02  -5.4164920786E-07
   16      0.0000000000E+00  -3.1200156242E-04  -9.6843106431E-02   8.4714693092E-05  -2.4110196791E-04
   17      0.0000000000E+00  -7.0136676754E-02   3.2798297854E-04   2.8468099946E-07  -4.7204400769E-01
                   10                 11                 12                 13                 14        
    0     -8.8835833628E-02  -9.3923638566E-04  -1.7699858211E-07   4.5287335345E-05  -7.8160990831E-02
    1      9.3912491897E-04  -8.8830493394E-02   1.1535834075E-05  -7.8147453635E-02  -4.5276930211E-05
    2      7.4116440945E-08   1.6847411368E-05  -4.8729959603E-02  -2.7316442592E-05   2.4963540926E-07
    3      2.2603871365E-01   2.3881558746E-03   1.9680569811E-06  -4.4374589415E-04   7.5867879258E-01
    4     -1.5645261255E-03   1.4793017687E-01  -1.5196045711E-01  -1.1120755078E-01  -6.9023148551E-05
    5      8.1028730057E-03  -7.6685090262E-01   5.5606258861E-01   2.7323528090E-01   1.5720619280E-04
    6      1.6711576604E-01   3.5592510968E-02  -1.3161049643E-01   3.7653369590E-01   1.0653397210E-01
    7      3.1621937809E-02   2.0690924358E-01   7.5955297605E-02   5.4102175510E-01   3.7696203871E-01
    8     -6.6820631181E-01   3.7646200454E-01   5.5601108858E-01  -1.3676111439E-01   2.3652630397E-01
    9      1.6783469930E-01  -3.2049395324E-02   1.3161440472E-01  -3.7665283028E-01   1.0608803990E-01
   10     -3.5989445051E-02   2.0619732848E-01   7.5955281365E-02   5.4146531288E-01  -3.7633019506E-01
   11      6.6009977609E-01   3.9049913665E-01   5.5601059852E-01  -1.3648189071E-01  -2.3668681635E-01
   12     -5.5166734311E-03  -5.8251948005E-05  -1.0781913436E-07  -5.0813243736E-07   7.7961072759E-04
   13      5.8298072752E-05  -5.5192281563E-03  -6.5439287860E-07   7.7668593971E-04   4.4696249639E-07
   14      6.1072057115E-08  -1.1632872592E-06  -2.1986796393E-02  -4.8871246017E-06  -9.7736547029E-09
   15      1.7102526363E-02   1.8077784801E-04  -4.9335034636E-08   9.3336616628E-07  -1.5539050218E-03
   16     -1.8074314029E-04   1.7100733641E-02  -2.1393839584E-06  -1.5563187095E-03  -9.0241317666E-07
   17      4.6302190926E-08  -8.2186162560E-06  -1.9135989825E-02   1.2092894178E-05   1.4665661706E-08
                   15                 16                 17        
     0     -1.0921959617E-07   4.1289476910E-05  -9.3198371820E-02
     1      7.7060115326E-04   9.3201146296E-02   4.1298898288E-05
     2      3.2251719504E-02  -2.9513036270E-04   1.0123333136E-07
     3     -6.3620925074E-07   1.4128979808E-05  -4.2523452626E-02
     4     -5.6579947053E-01  -7.7545619060E-01  -3.3771053429E-04
     5     -1.4303888146E-01  -2.2247237220E-01  -9.6872228891E-05
     6     -4.8166944193E-01   3.6031642101E-01   5.7482576787E-01
     7      2.7837925158E-01  -1.6550961259E-01  -3.5640446237E-01
     8     -1.4029272985E-01   1.1300382243E-01   1.9380009196E-01
     9      4.8167137267E-01  -3.6082091255E-01   5.7450984390E-01
    10      2.7838110060E-01  -1.6581722913E-01   3.5625191671E-01
    11     -1.4029697099E-01   1.1317590593E-01  -1.9370420247E-01
    12      4.5560389998E-08  -1.4762016549E-07   3.2108124343E-04
    13     -5.5424718562E-06  -3.2243610974E-04  -9.4915252373E-08
    14      4.9804969129E-04  -6.6400078202E-06  -5.9486589757E-09
    15     -2.4218134096E-08   3.2776698758E-08  -6.6592783482E-05
    16     -1.0990120608E-06   6.5550718589E-05  -1.6818292419E-09
    17      8.5127520820E-04  -1.8632374409E-06  -3.1674472940E-09

#
# The atoms: label  mass x y z (in bohrs)
#
$atoms
6
 C     12.01100      0.000000028494     0.000046379238     0.628368469637
 H      1.00800      0.000000081052     1.955110438216     1.190626748535
 H      1.00800      1.693137386334    -0.977465104390     1.190649590685
 H      1.00800     -1.693137424468    -0.977465220073     1.190649237370
 F     18.99800      0.000000131949    -0.000020527213     4.838380546429
 Cl    35.45300     -0.000000081581    -0.000009833856    -2.907155622686

$actual_temperature
  0.000000

$frequency_scale_factor
  1.000000


$end

