
$orca_hessian_file

$act_atom
  0

$act_coord
  0

$act_energy
      -13.149778

$multiplicity
  1

$hessian
18
                    0                  1                  2                  3                  4        
    0      5.6257737380E-01   2.4940000000E-07  -2.9487000000E-06  -4.2765184500E-02  -1.4543000000E-06
    1      2.4940000000E-07   5.6255286490E-01  -3.8327000000E-05  -1.5691000000E-06  -3.1118395370E-01
    2     -2.9487000000E-06  -3.8327000000E-05  -5.6463020000E-04   1.3560000000E-07  -3.1533851600E-02
    3     -4.2765184500E-02  -1.5691000000E-06   1.3560000000E-07   4.1681691100E-02   1.6754000000E-06
    4     -1.4543000000E-06  -3.1118395370E-01  -3.1533851600E-02   1.6754000000E-06   3.3724679790E-01
    5     -2.7900000000E-08  -3.2198687700E-02  -1.1543479800E-02   1.9860000000E-07   3.3772326900E-02
    6     -2.4409925620E-01   1.1624467640E-01  -2.7449777900E-02   1.7116950000E-04  -1.7416490000E-04
    7      1.1623692570E-01  -1.0987795790E-01   1.5816986600E-02   2.3965969200E-02  -1.3543329200E-02
    8     -2.7889529000E-02   1.6102683400E-02  -1.1542405600E-02   2.4303191000E-03  -7.3394300000E-04
    9     -2.4410174330E-01  -1.1624335440E-01   2.7452019900E-02   1.7092220000E-04   1.7397330000E-04
   10     -1.1623572250E-01  -1.0987564980E-01   1.5817550600E-02  -2.3966059100E-02  -1.3543080400E-02
   11      2.7891404900E-02   1.6103170400E-02  -1.1542829700E-02  -2.4303406000E-03  -7.3391720000E-04
   12     -1.3277260700E-02   9.6000000000E-09   3.1310000000E-07   2.8039600000E-04  -1.7000000000E-09
   13      1.7000000000E-09  -1.3279107600E-02  -3.4489500000E-05   3.3600000000E-08   7.7108150000E-04
   14      4.6010000000E-07  -1.6600000000E-07   3.0311321700E-02  -1.0550000000E-07   2.3727959000E-03
   15     -1.8333929000E-02  -1.1900000000E-08   2.5800000000E-07   4.6100580000E-04  -2.7700000000E-08
   16      1.0000000000E-10  -1.8336195900E-02  -2.7869100000E-05  -4.9900000000E-08   2.5248390000E-04
   17      6.4070000000E-07   3.1326900000E-05   4.8820237000E-03  -2.0720000000E-07  -3.1434110000E-03
                    5                  6                  7                  8                  9        
    0     -2.7900000000E-08  -2.4409925620E-01   1.1623692570E-01  -2.7889529000E-02  -2.4410174330E-01
    1     -3.2198687700E-02   1.1624467640E-01  -1.0987795790E-01   1.6102683400E-02  -1.1624335440E-01
    2     -1.1543479800E-02  -2.7449777900E-02   1.5816986600E-02  -1.1542405600E-02   2.7452019900E-02
    3      1.9860000000E-07   1.7116950000E-04   2.3965969200E-02   2.4303191000E-03   1.7092220000E-04
    4      3.3772326900E-02  -1.7416490000E-04  -1.3543329200E-02  -7.3394300000E-04   1.7397330000E-04
    5      4.8863910400E-02   5.8368410000E-04   2.4726333000E-03   2.2521780000E-04  -5.8367170000E-04
    6      5.8368410000E-04   2.6347385790E-01  -1.2804226680E-01   2.9261503600E-02  -2.0464058900E-02
    7      2.4726333000E-03  -1.2804226680E-01   1.1559709230E-01  -1.6892881500E-02  -1.2057945700E-02
    8      2.2521780000E-04   2.9261503600E-02  -1.6892881500E-02   4.8866174800E-02   1.8471120000E-03
    9     -5.8367170000E-04  -2.0464058900E-02  -1.2057945700E-02   1.8471120000E-03   2.6347649980E-01
   10      2.4728055000E-03   1.2058238200E-02   7.0389846000E-03  -1.7394169000E-03   1.2804083010E-01
   11      2.2523580000E-04  -1.8470024000E-03  -1.7393133000E-03   2.2493170000E-04  -2.9263215100E-02
   12     -1.6900000000E-08   6.3139020000E-04  -2.0284640000E-04   7.3424922000E-03   6.3135300000E-04
   13      8.4804506000E-03  -1.9418390000E-04   3.8978990000E-04  -4.2375964000E-03   1.9415010000E-04
   14     -1.4991065000E-02   2.0508641000E-03  -1.1854889000E-03  -1.4993712300E-02  -2.0511157000E-03
   15     -1.6620000000E-07   2.8689750000E-04   1.0016410000E-04  -1.2991897900E-02   2.8702720000E-04
   16     -1.4999528500E-02   1.0770110000E-04   3.9542030000E-04   7.5011544000E-03  -1.0765330000E-04
   17     -2.2779819200E-02  -2.5992717000E-03   1.5280638000E-03  -2.2780206400E-02   2.5988705000E-03
                   10                 11                 12                 13                 14        
    0     -1.1623572250E-01   2.7891404900E-02  -1.3277260700E-02   1.7000000000E-09   4.6010000000E-07
    1     -1.0987564980E-01   1.6103170400E-02   9.6000000000E-09  -1.3279107600E-02  -1.6600000000E-07
    2      1.5817550600E-02  -1.1542829700E-02   3.1310000000E-07  -3.4489500000E-05   3.0311321700E-02
    3     -2.3966059100E-02  -2.4303406000E-03   2.8039600000E-04   3.3600000000E-08  -1.0550000000E-07
    4     -1.3543080400E-02  -7.3391720000E-04  -1.7000000000E-09   7.7108150000E-04   2.3727959000E-03
    5      2.4728055000E-03   2.2523580000E-04  -1.6900000000E-08   8.4804506000E-03  -1.4991065000E-02
    6      1.2058238200E-02  -1.8470024000E-03   6.3139020000E-04  -1.9418390000E-04   2.0508641000E-03
    7      7.0389846000E-03  -1.7393133000E-03  -2.0284640000E-04   3.8978990000E-04  -1.1854889000E-03
    8     -1.7394169000E-03   2.2493170000E-04   7.3424922000E-03  -4.2375964000E-03  -1.4993712300E-02
    9      1.2804083010E-01  -2.9263215100E-02   6.3135300000E-04   1.9415010000E-04  -2.0511157000E-03
   10      1.1559453610E-01  -1.6893485900E-02   2.0284920000E-04   3.8978810000E-04  -1.1854693000E-03
   11     -1.6893485900E-02   4.8866535400E-02  -7.3426458000E-03  -4.2374918000E-03  -1.4993598000E-02
   12      2.0284920000E-04  -7.3426458000E-03   9.1198935000E-03  -7.4000000000E-09   3.8500000000E-08
   13      3.8978810000E-04  -4.2374918000E-03  -7.4000000000E-09   9.1168890000E-03  -4.3830000000E-07
   14     -1.1854693000E-03  -1.4993598000E-02   3.8500000000E-08  -4.3830000000E-07   3.7654913000E-02
   15     -1.0013580000E-04   1.2991799000E-02   2.6142280000E-03   6.0000000000E-09  -1.4160000000E-07
   16      3.9542130000E-04   7.5010377000E-03  -3.3000000000E-09   2.6115592000E-03  -1.2334000000E-06
   17      1.5280159000E-03  -2.2780275200E-02  -1.8100000000E-07   2.9565400000E-05  -2.2987859400E-02
                   15                 16                 17        
     0     -1.8333929000E-02   1.0000000000E-10   6.4070000000E-07
     1     -1.1900000000E-08  -1.8336195900E-02   3.1326900000E-05
     2      2.5800000000E-07  -2.7869100000E-05   4.8820237000E-03
     3      4.6100580000E-04  -4.9900000000E-08  -2.0720000000E-07
     4     -2.7700000000E-08   2.5248390000E-04  -3.1434110000E-03
     5     -1.6620000000E-07  -1.4999528500E-02  -2.2779819200E-02
     6      2.8689750000E-04   1.0770110000E-04  -2.5992717000E-03
     7      1.0016410000E-04   3.9542030000E-04   1.5280638000E-03
     8     -1.2991897900E-02   7.5011544000E-03  -2.2780206400E-02
     9      2.8702720000E-04  -1.0765330000E-04   2.5988705000E-03
    10     -1.0013580000E-04   3.9542130000E-04   1.5280159000E-03
    11      1.2991799000E-02   7.5010377000E-03  -2.2780275200E-02
    12      2.6142280000E-03  -3.3000000000E-09  -1.8100000000E-07
    13      6.0000000000E-09   2.6115592000E-03   2.9565400000E-05
    14     -1.4160000000E-07  -1.2334000000E-06  -2.2987859400E-02
    15      1.4684770600E-02   5.3000000000E-09   1.4870000000E-07
    16      5.3000000000E-09   1.4681311200E-02   2.6439000000E-05
    17      1.4870000000E-07   2.6439000000E-05   8.6446136400E-02

$vibrational_frequencies
18
    0        0.0000000000000000
    1        0.0000000000000000
    2        0.0000000000000000
    3        0.0000000000000000
    4        0.0000000000000000
    5        0.0000000000000000
    6     -226.0244962201537930
    7      248.9328829132870169
    8      248.9850470891912835
    9      303.0827153192911396
   10     1072.9719338525314924
   11     1072.9911603085140541
   12     1121.4650176956806717
   13     1358.0695500786082448
   14     1358.1333738703365270
   15     3049.7940413932960837
   16     3128.3537326600326196
   17     3128.5161657535750237

$normal_modes
18 18
                    0                  1                  2                  3                  4        
    0      0.0000000000E+00   0.0000000000E+00   0.0000000000E+00   0.0000000000E+00   0.0000000000E+00
    1      0.0000000000E+00   0.0000000000E+00   0.0000000000E+00   0.0000000000E+00   0.0000000000E+00
    2      0.0000000000E+00   0.0000000000E+00   0.0000000000E+00   0.0000000000E+00   0.0000000000E+00
    3      0.0000000000E+00   0.0000000000E+00   0.0000000000E+00   0.0000000000E+00   0.0000000000E+00
    4      0.0000000000E+00   0.0000000000E+00   0.0000000000E+00   0.0000000000E+00   0.0000000000E+00
    5      0.0000000000E+00   0.0000000000E+00   0.0000000000E+00   0.0000000000E+00   0.0000000000E+00
    6      0.0000000000E+00   0.0000000000E+00   0.0000000000E+00   0.0000000000E+00   0.0000000000E+00
    7      0.0000000000E+00   0.0000000000E+00   0.0000000000E+00   0.0000000000E+00   0.0000000000E+00
    8      0.0000000000E+00   0.0000000000E+00   0.0000000000E+00   0.0000000000E+00   0.0000000000E+00
    9      0.0000000000E+00   0.0000000000E+00   0.0000000000E+00   0.0000000000E+00   0.0000000000E+00
   10      0.0000000000E+00   0.0000000000E+00   0.0000000000E+00   0.0000000000E+00   0.0000000000E+00
   11      0.0000000000E+00   0.0000000000E+00   0.0000000000E+00   0.0000000000E+00   0.0000000000E+00
   12      0.0000000000E+00   0.0000000000E+00   0.0000000000E+00   0.0000000000E+00   0.0000000000E+00
   13      0.0000000000E+00   0.0000000000E+00   0.0000000000E+00   0.0000000000E+00   0.0000000000E+00
   14      0.0000000000E+00   0.0000000000E+00   0.0000000000E+00   0.0000000000E+00   0.0000000000E+00
   15      0.0000000000E+00   0.0000000000E+00   0.0000000000E+00   0.0000000000E+00   0.0000000000E+00
   16      0.0000000000E+00   0.0000000000E+00   0.0000000000E+00   0.0000000000E+00   0.0000000000E+00
   17      0.0000000000E+00   0.0000000000E+00   0.0000000000E+00   0.0000000000E+00   0.0000000000E+00
                    5                  6                  7                  8                  9        
    0      0.0000000000E+00  -8.8538503330E-06  -3.1970230765E-04   4.6632709023E-01   6.4951878386E-06
    1      0.0000000000E+00   8.4338347299E-04  -4.6633807394E-01  -3.1969963445E-04  -3.0601429337E-03
    2      0.0000000000E+00  -8.9851896668E-01  -4.3879667772E-05  -3.7529505261E-06  -3.8031306546E-01
    3      0.0000000000E+00  -2.1830722524E-06  -3.4376832448E-04   5.0280072471E-01   1.0072799247E-05
    4      0.0000000000E+00  -8.2140530334E-02  -4.8219447834E-01  -3.3096105542E-04  -2.2109242447E-02
    5      0.0000000000E+00   6.8901787170E-03   7.8341151953E-02   5.1613782435E-05  -6.0641784155E-02
    6      0.0000000000E+00  -7.2351321454E-02  -9.3745745069E-03   4.8731802990E-01  -1.6932195130E-02
    7      0.0000000000E+00   4.2294371687E-02  -4.9762902190E-01   8.7393750877E-03   6.0544768610E-03
    8      0.0000000000E+00   7.3333649276E-03  -3.9000858903E-02  -6.7804542495E-02  -6.1261215075E-02
    9      0.0000000000E+00   7.2342956420E-02   8.7053269504E-03   4.8733120089E-01   1.6949973975E-02
   10      0.0000000000E+00   4.2292063043E-02  -4.9761571744E-01  -9.4212692546E-03   6.0531228038E-03
   11      0.0000000000E+00   7.3318227678E-03  -3.9093877553E-02   6.7748406404E-02  -6.1256171026E-02
   12      0.0000000000E+00   3.1375386410E-06   1.2943125419E-04  -1.8878602729E-01  -2.8643447256E-06
   13      0.0000000000E+00  -3.4355360487E-04   1.8878908906E-01   1.2941362063E-04   1.2442445108E-03
   14      0.0000000000E+00   4.0522495561E-01   1.2023527490E-03   5.3315029213E-06  -7.4675809741E-01
   15      0.0000000000E+00   1.6181741738E-06   6.7755322768E-05  -9.8828513510E-02  -1.4574602282E-06
   16      0.0000000000E+00  -1.7117082165E-04   9.8830288651E-02   6.7759298468E-05   6.5435578048E-04
   17      0.0000000000E+00   8.6647668541E-02  -6.3643826071E-04  -1.4569350005E-06   5.3421360696E-01
                   10                 11                 12                 13                 14        
    0     -2.5663211639E-04   4.3934163868E-02  -1.6007030783E-07   2.4141908030E-04   9.2739587917E-02
    1     -4.3939439709E-02  -2.5665360701E-04  -1.1670533952E-07  -9.2725129188E-02   2.4140276980E-04
    2      1.0694782739E-05  -5.6697051299E-08   2.5906225488E-02  -4.4385731001E-05  -5.5399939468E-07
    3      8.4532259249E-04  -1.4504039521E-01  -1.3499964677E-06  -2.0609493698E-03  -7.9006507938E-01
    4      5.9021415501E-02   3.4567314538E-04   6.3910605129E-02  -7.2290113128E-02   1.9262207832E-04
    5     -8.0041304774E-01  -4.6747439289E-03  -5.7313742055E-01   1.7757450862E-01  -4.6010361772E-04
    6      3.7742545233E-02  -8.0322089682E-02   5.5359995599E-02   3.7293046886E-01  -1.4434405289E-01
    7      1.2381011487E-01  -3.6514152436E-02  -3.1958582186E-02   5.7354722834E-01  -3.7486834225E-01
    8      3.9612630226E-01   6.9550130016E-01  -5.7319227829E-01  -8.9191004355E-02  -1.5349112368E-01
    9     -3.6799779100E-02  -8.0762402234E-02  -5.5363103659E-02  -3.7367281721E-01  -1.4239113687E-01
   10      1.2337844100E-01   3.7957971470E-02  -3.1958817489E-02   5.7549854299E-01   3.7187244492E-01
   11      4.0421829176E-01  -6.9083651024E-01  -5.7318310727E-01  -8.8385928810E-02   1.5395553155E-01
   12     -6.7259230494E-05   1.1527245597E-02   6.7077232371E-08  -7.4414218987E-06  -2.8382392319E-03
   13     -1.1527422055E-02  -6.7279526839E-05   3.1680780803E-08   2.8362644235E-03  -7.3666574922E-06
   14     -1.0188669945E-06   1.5376782748E-07   3.0551089664E-02  -2.8247336119E-06   8.3000165436E-08
   15      7.2146384664E-05  -1.2357599296E-02   1.4503686146E-07   1.9014372225E-06   7.1757960542E-04
   16      1.2357062122E-02   7.2124638455E-05   2.1574421310E-07  -7.2015142061E-04   1.8662606547E-06
   17     -1.1309973590E-06   2.1982205238E-07   2.3741280929E-02   1.6619897917E-05   2.0832120563E-08
                   15                 16                 17        
     0     -1.2662336743E-06  -3.5750209336E-04   9.7378028871E-02
     1     -4.7354272718E-04   9.7383431270E-02   3.5751382687E-04
     2     -1.3384728937E-02  -9.3078569657E-05  -9.4367066613E-07
     3     -3.6451611130E-07  -1.4595563134E-04   3.8477577332E-02
     4      5.7775705554E-01  -8.0319293899E-01  -2.9451112359E-03
     5      6.1737199037E-02  -9.4540477668E-02  -3.4681044335E-04
     6      4.9547763423E-01   3.7044290187E-01  -5.9362636910E-01
     7     -2.8615810386E-01  -1.7550394506E-01   3.6507763460E-01
     8      6.1060347241E-02   4.8045396422E-02  -8.1978103994E-02
     9     -4.9546217960E-01  -3.6606952463E-01  -5.9635118193E-01
    10     -2.8614875988E-01  -1.7281067138E-01  -3.6636007090E-01
    11      6.1061614601E-02   4.7443789184E-02   8.2335002211E-02
    12     -3.8852530659E-08   1.7513385967E-06  -4.8214586166E-04
    13      6.3887719871E-06  -4.8349906227E-04  -1.8124309016E-06
    14      1.4093724756E-04   3.9225747382E-08   1.8854191757E-08
    15      2.0760549787E-08  -1.5662357398E-08   7.4542578757E-06
    16      2.0464976022E-06   6.5646934217E-06   4.8004543741E-08
    17     -7.6844218338E-04   4.5390767679E-06   2.2783981625E-08

#
# The atoms: label  mass x y z (in bohrs)
#
$atoms
6
 C     12.01100     -0.000000520153     0.000050916065     0.872105630404
 H      1.00800     -0.000000320238     2.021991436543     1.090525905595
 H      1.00800      1.751063318746    -1.010887437677     1.090544121478
 H      1.00800     -1.751063967091    -1.010887442235     1.090543880342
 F     18.99800      0.000000225742    -0.000022455263     4.744965589668
 Cl    35.45300      0.000000082793    -0.000011373843    -2.931134285335

$actual_temperature
  0.000000

$frequency_scale_factor
  1.000000


$end

