
$orca_hessian_file

$act_atom
  0

$act_coord
  0

$act_energy
      -13.137954

$multiplicity
  1

$hessian
18
                    0                  1                  2                  3                  4        
    0      4.3850174190E-01   3.1600000000E-07  -7.0910000000E-07  -4.1028865300E-02  -1.3726000000E-06
    1      3.1600000000E-07   4.3849649130E-01  -3.7321000000E-06  -1.4478000000E-06  -2.3358617870E-01
    2     -7.0910000000E-07  -3.7321000000E-06   2.7938671350E-01  -5.7530000000E-07  -8.6068810400E-02
    3     -4.1028865300E-02  -1.4478000000E-06  -5.7530000000E-07   4.8099705900E-02   1.5712000000E-06
    4     -1.3726000000E-06  -2.3358617870E-01  -8.6068810400E-02   1.5712000000E-06   2.7552261130E-01
    5     -6.2270000000E-07  -9.6468046700E-02  -6.9334321000E-02   6.4200000000E-07   9.3861667800E-02
    6     -1.8543873200E-01   8.3375714400E-02  -7.4550987300E-02  -3.0544692000E-03   4.7278767000E-03
    7      8.3372032500E-02  -8.9158038000E-02   4.3041466200E-02   2.9534788300E-02  -2.2835699500E-02
    8     -8.3555934900E-02   4.8238350900E-02  -6.9339892700E-02   6.7785011000E-03  -4.3677103000E-03
    9     -1.8543963830E-01  -8.3374567800E-02   7.4552418000E-02  -3.0548725000E-03  -4.7281083000E-03
   10     -8.3370973800E-02  -8.9156421100E-02   4.3041395200E-02  -2.9534906800E-02  -2.2835313200E-02
   11      8.3557438900E-02   4.8238140400E-02  -6.9341078200E-02  -6.7784908000E-03  -4.3676053000E-03
   12      1.1155354000E-03   4.3000000000E-09  -9.0000000000E-10  -2.4332536000E-03   1.2800000000E-08
   13      1.2000000000E-09   1.1146958000E-03  -6.0322000000E-06   1.1100000000E-08  -1.2010675000E-03
   14      1.3000000000E-09  -9.3890000000E-07   2.2671258000E-03  -1.7800000000E-08   1.4316748000E-03
   15     -2.7710041600E-02  -1.9200000000E-08  -1.4540000000E-07   1.4717547000E-03   2.0100000000E-08
   16     -3.3000000000E-09  -2.7710549300E-02  -4.2867000000E-06  -1.6100000000E-08   4.9356476000E-03
   17     -1.7350000000E-07  -3.7736000000E-06  -7.3638547400E-02  -5.9200000000E-08  -4.8921660000E-04
                    5                  6                  7                  8                  9        
    0     -6.2270000000E-07  -1.8543873200E-01   8.3372032500E-02  -8.3555934900E-02  -1.8543963830E-01
    1     -9.6468046700E-02   8.3375714400E-02  -8.9158038000E-02   4.8238350900E-02  -8.3374567800E-02
    2     -6.9334321000E-02  -7.4550987300E-02   4.3041466200E-02  -6.9339892700E-02   7.4552418000E-02
    3      6.4200000000E-07  -3.0544692000E-03   2.9534788300E-02   6.7785011000E-03  -3.0548725000E-03
    4      9.3861667800E-02   4.7278767000E-03  -2.2835699500E-02  -4.3677103000E-03  -4.7281083000E-03
    5      8.4413447200E-02  -3.9335790000E-04   8.0560734000E-03   5.6709097000E-03   3.9350440000E-04
    6     -3.9335790000E-04   2.1866086060E-01  -9.8471973500E-02   8.1299182200E-02  -3.2725329000E-02
    7      8.0560734000E-03  -9.8471973500E-02   1.0495109140E-01  -4.6936614000E-02  -1.2401901300E-02
    8      5.6709097000E-03   8.1299182200E-02  -4.6936614000E-02   8.4424323600E-02   7.1736358000E-03
    9      3.9350440000E-04  -3.2725329000E-02  -1.2401901300E-02   7.1736358000E-03   2.1866206060E-01
   10      8.0562818000E-03   1.2402283600E-02   6.8347954000E-03  -3.6870087000E-03   9.8470680100E-02
   11      5.6709462000E-03  -7.1734110000E-03  -3.6868473000E-03   5.6714962000E-03  -8.1300791200E-02
   12     -2.2700000000E-08  -1.5112739000E-03  -5.3265160000E-04   4.1601210000E-04  -1.5112675000E-03
   13      4.8163510000E-04  -5.3322590000E-04  -2.1280369000E-03  -2.3928190000E-04   5.3321120000E-04
   14     -1.0025331500E-02   1.2410445000E-03  -7.1632380000E-04  -1.0031173600E-02  -1.2411041000E-03
   15     -1.4320000000E-07   4.0689436000E-03  -1.5002944000E-03  -1.2111396300E-02   4.0690467000E-03
   16     -1.3987611400E-02  -1.5006754000E-03   2.3358876000E-03   6.9922640000E-03   1.5006860000E-03
   17     -1.6395650500E-02  -4.2247050000E-04   2.4224550000E-04  -1.6395663200E-02   4.2233700000E-04
                   10                 11                 12                 13                 14        
    0     -8.3370973800E-02   8.3557438900E-02   1.1155354000E-03   1.2000000000E-09   1.3000000000E-09
    1     -8.9156421100E-02   4.8238140400E-02   4.3000000000E-09   1.1146958000E-03  -9.3890000000E-07
    2      4.3041395200E-02  -6.9341078200E-02  -9.0000000000E-10  -6.0322000000E-06   2.2671258000E-03
    3     -2.9534906800E-02  -6.7784908000E-03  -2.4332536000E-03   1.1100000000E-08  -1.7800000000E-08
    4     -2.2835313200E-02  -4.3676053000E-03   1.2800000000E-08  -1.2010675000E-03   1.4316748000E-03
    5      8.0562818000E-03   5.6709462000E-03  -2.2700000000E-08   4.8163510000E-04  -1.0025331500E-02
    6      1.2402283600E-02  -7.1734110000E-03  -1.5112739000E-03  -5.3322590000E-04   1.2410445000E-03
    7      6.8347954000E-03  -3.6868473000E-03  -5.3265160000E-04  -2.1280369000E-03  -7.1632380000E-04
    8     -3.6870087000E-03   5.6714962000E-03   4.1601210000E-04  -2.3928190000E-04  -1.0031173600E-02
    9      9.8470680100E-02  -8.1300791200E-02  -1.5112675000E-03   5.3321120000E-04  -1.2411041000E-03
   10      1.0494916010E-01  -4.6936584700E-02   5.3263980000E-04  -2.1280552000E-03  -7.1631160000E-04
   11     -4.6936584700E-02   8.4425536900E-02  -4.1606570000E-04  -2.3925970000E-04  -1.0031153300E-02
   12      5.3263980000E-04  -4.1606570000E-04   2.6862333000E-03  -3.1000000000E-09   1.4700000000E-07
   13     -2.1280552000E-03  -2.3925970000E-04  -3.1000000000E-09   2.6874446000E-03   1.2470000000E-06
   14     -7.1631160000E-04  -1.0031153300E-02   1.4700000000E-07   1.2470000000E-06   4.6076257100E-02
   15      1.5002771000E-03   1.2111319800E-02   1.6540263000E-03   5.4000000000E-09  -7.1000000000E-08
   16      2.3358340000E-03   6.9921566000E-03  -2.3000000000E-09   1.6550192000E-03   6.5260000000E-07
   17      2.4222800000E-04  -1.6395747800E-02  -6.9900000000E-08   1.6917000000E-06  -1.8255724500E-02
                   15                 16                 17        
     0     -2.7710041600E-02  -3.3000000000E-09  -1.7350000000E-07
     1     -1.9200000000E-08  -2.7710549300E-02  -3.7736000000E-06
     2     -1.4540000000E-07  -4.2867000000E-06  -7.3638547400E-02
     3      1.4717547000E-03  -1.6100000000E-08  -5.9200000000E-08
     4      2.0100000000E-08   4.9356476000E-03  -4.8921660000E-04
     5     -1.4320000000E-07  -1.3987611400E-02  -1.6395650500E-02
     6      4.0689436000E-03  -1.5006754000E-03  -4.2247050000E-04
     7     -1.5002944000E-03   2.3358876000E-03   2.4224550000E-04
     8     -1.2111396300E-02   6.9922640000E-03  -1.6395663200E-02
     9      4.0690467000E-03   1.5006860000E-03   4.2233700000E-04
    10      1.5002771000E-03   2.3358340000E-03   2.4222800000E-04
    11      1.2111319800E-02   6.9921566000E-03  -1.6395747800E-02
    12      1.6540263000E-03  -2.3000000000E-09  -6.9900000000E-08
    13      5.4000000000E-09   1.6550192000E-03   1.6917000000E-06
    14     -7.1000000000E-08   6.5260000000E-07  -1.8255724500E-02
    15      1.6446270200E-02   1.0900000000E-08   4.3620000000E-07
    16      1.0900000000E-08   1.6448161000E-02   6.8250000000E-06
    17      4.3620000000E-07   6.8250000000E-06   1.4108133340E-01

$vibrational_frequencies
18
    0        0.0000000000000000
    1        0.0000000000000000
    2        0.0000000000000000
    3        0.0000000000000000
    4        0.0000000000000000
    5        0.0000000000000000
    6      161.7939844913730667
    7      161.8265608428746987
    8      282.6799567022646897
    9      564.5866957514963360
   10      877.9838772001293137
   11      878.0123239031503317
   12     1372.1553329942944401
   13     1503.9097856515350031
   14     1503.9473392222027996
   15     2948.4874473179511369
   16     2948.4979420055701667
   17     3008.1171779173246250

$normal_modes
18 18
                    0                  1                  2                  3                  4        
    0      0.0000000000E+00   0.0000000000E+00   0.0000000000E+00   0.0000000000E+00   0.0000000000E+00
    1      0.0000000000E+00   0.0000000000E+00   0.0000000000E+00   0.0000000000E+00   0.0000000000E+00
    2      0.0000000000E+00   0.0000000000E+00   0.0000000000E+00   0.0000000000E+00   0.0000000000E+00
    3      0.0000000000E+00   0.0000000000E+00   0.0000000000E+00   0.0000000000E+00   0.0000000000E+00
    4      0.0000000000E+00   0.0000000000E+00   0.0000000000E+00   0.0000000000E+00   0.0000000000E+00
    5      0.0000000000E+00   0.0000000000E+00   0.0000000000E+00   0.0000000000E+00   0.0000000000E+00
    6      0.0000000000E+00   0.0000000000E+00   0.0000000000E+00   0.0000000000E+00   0.0000000000E+00
    7      0.0000000000E+00   0.0000000000E+00   0.0000000000E+00   0.0000000000E+00   0.0000000000E+00
    8      0.0000000000E+00   0.0000000000E+00   0.0000000000E+00   0.0000000000E+00   0.0000000000E+00
    9      0.0000000000E+00   0.0000000000E+00   0.0000000000E+00   0.0000000000E+00   0.0000000000E+00
   10      0.0000000000E+00   0.0000000000E+00   0.0000000000E+00   0.0000000000E+00   0.0000000000E+00
   11      0.0000000000E+00   0.0000000000E+00   0.0000000000E+00   0.0000000000E+00   0.0000000000E+00
   12      0.0000000000E+00   0.0000000000E+00   0.0000000000E+00   0.0000000000E+00   0.0000000000E+00
   13      0.0000000000E+00   0.0000000000E+00   0.0000000000E+00   0.0000000000E+00   0.0000000000E+00
   14      0.0000000000E+00   0.0000000000E+00   0.0000000000E+00   0.0000000000E+00   0.0000000000E+00
   15      0.0000000000E+00   0.0000000000E+00   0.0000000000E+00   0.0000000000E+00   0.0000000000E+00
   16      0.0000000000E+00   0.0000000000E+00   0.0000000000E+00   0.0000000000E+00   0.0000000000E+00
   17      0.0000000000E+00   0.0000000000E+00   0.0000000000E+00   0.0000000000E+00   0.0000000000E+00
                    5                  6                  7                  8                  9        
    0      0.0000000000E+00   4.0041004820E-01  -9.2240459132E-04  -8.7483220299E-07   2.1094834900E-06
    1      0.0000000000E+00   9.2233220299E-04   4.0042147581E-01  -1.4982978197E-04   7.8788994965E-05
    2      0.0000000000E+00  -1.4639123274E-06  -6.0911153774E-05  -2.8119544545E-01   6.4395975893E-01
    3      0.0000000000E+00   4.7916150569E-01  -1.1042193277E-03  -8.2342436023E-07   1.3632602931E-06
    4      0.0000000000E+00   1.1633971830E-03   5.0500530791E-01  -4.5794568675E-02   6.8284207075E-02
    5      0.0000000000E+00  -5.3157072363E-04  -2.2951319959E-01  -1.3799389974E-01   4.1442074340E-01
    6      0.0000000000E+00   4.9868635665E-01  -1.2264000775E-02  -3.9557129875E-02   5.9115272574E-02
    7      0.0000000000E+00  -9.7917392064E-03   4.8580902664E-01   2.2693152566E-02  -3.4092903078E-02
    8      0.0000000000E+00  -1.9846595397E-01   1.1516082270E-01  -1.3792530352E-01   4.1429571024E-01
    9      0.0000000000E+00   4.9873918854E-01   9.9672136982E-03   3.9555535243E-02  -5.9112724525E-02
   10      0.0000000000E+00   1.2029556079E-02   4.8575855828E-01   2.2693184698E-02  -3.4093009737E-02
   11      0.0000000000E+00   1.9899228235E-01   1.1424380345E-01  -1.3792713248E-01   4.1429599834E-01
   12      0.0000000000E+00  -1.5711709647E-01   3.6194264319E-04   3.6537069366E-07  -7.1023803530E-07
   13      0.0000000000E+00  -3.6193695106E-04  -1.5711990334E-01   3.9096924558E-05  -1.3038434545E-05
   14      0.0000000000E+00   5.4076255668E-07   5.3781255825E-05   8.5656300729E-01  -3.5111297233E-02
   15      0.0000000000E+00  -9.3442423420E-02   2.1524355250E-04   1.6934245327E-07  -4.4527976976E-07
   16      0.0000000000E+00  -2.1522798245E-04  -9.3444388295E-02   4.1416506385E-05  -2.2500523323E-05
   17      0.0000000000E+00   3.5522860701E-07  -5.0966179799E-06  -3.5196988720E-01  -2.3469136015E-01
                   10                 11                 12                 13                 14        
    0      1.1549804271E-01   2.3292469003E-04  -2.5055673311E-07   4.9282744094E-04   7.0778002563E-02
    1     -2.3287889593E-04   1.1549711662E-01   1.6981820073E-07  -7.0770936674E-02   4.9280628347E-04
    2     -3.0587824217E-07  -1.9863241521E-05  -8.9376492259E-02  -3.7679308964E-06  -1.6678573024E-07
    3     -2.5197598515E-01  -5.0667898286E-04   1.3462236501E-06  -5.1899572156E-03  -7.4476933944E-01
    4      4.6215795971E-04  -2.2898063519E-01  -2.2465423262E-01  -1.3567259641E-01   9.4954778073E-04
    5     -1.4795134760E-03   7.3587577268E-01   5.2926595426E-01   3.0037135931E-01  -2.0905733416E-03
    6     -2.3473835650E-01  -1.0424748192E-02  -1.9460057040E-01   3.8064739997E-01  -8.7098107105E-02
    7     -9.4239299231E-03  -2.4628809098E-01   1.1232673164E-01   5.2200041274E-01  -3.8491608073E-01
    8      6.3804320638E-01  -3.6667317723E-01   5.2925228073E-01  -1.5197710559E-01  -2.5902889962E-01
    9     -2.3478303836E-01   9.4765513480E-03   1.9460413111E-01  -3.8181936811E-01  -8.1779207691E-02
   10      1.0417489137E-02  -2.4625082151E-01   1.1232723262E-01   5.2731695433E-01   3.7760464757E-01
   11     -6.3656153861E-01  -3.6923735733E-01   5.2925073879E-01  -1.4834954397E-01   2.6112154813E-01
   12      3.5510019756E-03   7.0874771510E-06  -5.3807466283E-08   9.9697957751E-06   1.4402342836E-03
   13     -7.1184707974E-06   3.5518972796E-03   1.0548631802E-06  -1.4420222331E-03   1.0040913156E-05
   14     -3.6670614141E-08   9.2830048928E-06  -1.2961226864E-02   1.1163479930E-06  -6.2074327074E-09
   15     -2.0518420655E-02  -4.1344639638E-05  -2.5795209432E-08   8.5765430763E-06   1.2264030622E-03
   16      4.1321812440E-05  -2.0517956398E-02  -6.1516580694E-07  -1.2277852379E-03   8.5444652031E-06
   17      6.2027200982E-08   2.7433175387E-06  -7.9184466504E-03  -5.9287480304E-07   8.2992512558E-10
                   15                 16                 17        
     0      6.6547289818E-03  -8.6256816230E-02   1.2205305943E-06
     1     -8.6257639837E-02  -6.6548008956E-03   3.9171854886E-06
     2      3.8859716771E-07  -4.6193986928E-07  -4.7220919030E-02
     3      4.5049120406E-03  -5.8326064001E-02   1.6658642088E-06
     4      7.4343234351E-01   5.7369532788E-02   5.4157848015E-01
     5      3.1896593826E-01   2.4613541107E-02   1.9802109536E-01
     6     -3.8900154491E-01   5.1617554501E-01   4.6907948613E-01
     7      1.6885706949E-01  -3.3618125848E-01  -2.7081152611E-01
     8     -1.8079945512E-01   2.6396150410E-01   1.9808437025E-01
     9      3.0521914348E-01   5.6972400606E-01  -4.6909569833E-01
    10      1.1528556917E-01   3.5808965650E-01  -2.7082280962E-01
    11     -1.3817106771E-01  -2.8856900237E-01   1.9809661611E-01
    12      1.2288400596E-05  -1.5933818024E-04  -4.6414264761E-08
    13     -1.5903263810E-04  -1.2215195494E-05   4.0172850956E-07
    14      1.9823750741E-07   6.3129102510E-09  -5.7713436586E-04
    15     -7.0994141453E-06   9.2055722128E-05   2.4954135872E-08
    16      9.2128511014E-05   7.0719991434E-06   4.5724662286E-08
    17     -1.0753143845E-07  -1.8693828198E-08  -5.8728009554E-04

#
# The atoms: label  mass x y z (in bohrs)
#
$atoms
6
 C     12.01100     -0.000000308848     0.000135404997     0.471276593140
 H      1.00800      0.000000244893     1.867068249670     1.363775852576
 H      1.00800      1.616764309193    -0.933267320464     1.363917715552
 H      1.00800     -1.616764295554    -0.933267595598     1.363917359206
 F     18.99800      0.000000231482    -0.000092522531     4.843024522040
 Cl    35.45300     -0.000000026760    -0.000011457610    -2.871199245330

$actual_temperature
  0.000000

$frequency_scale_factor
  1.000000


$end

