
$orca_hessian_file

$act_atom
  0

$act_coord
  0

$act_energy
      -13.138180

$multiplicity
  1

$hessian
18
                    0                  1                  2                  3                  4        
    0      4.0279877240E-01  -5.3287362400E-02   1.0594145900E-02  -4.0739722200E-02  -1.0139446000E-03
    1     -5.3287362400E-02   4.5889687010E-01   4.9680042000E-03  -4.3982161000E-03  -2.7114770290E-01
    2      1.0594145900E-02   4.9680042000E-03   3.0369819040E-01  -8.3610270000E-04  -6.1410480800E-02
    3     -4.0739722200E-02  -4.3982161000E-03  -8.3610270000E-04   4.3120551000E-02   4.3465422000E-03
    4     -1.0139446000E-03  -2.7114770290E-01  -6.1410480800E-02   4.3465422000E-03   3.0739135880E-01
    5     -1.4852588000E-03  -6.7932533700E-02  -5.5846139600E-02   1.9398530000E-04   6.9715786600E-02
    6     -2.1941729070E-01   1.0185343790E-01  -5.4938299500E-02   8.2534950000E-04   1.2312160000E-03
    7      9.8282243300E-02  -9.6522685500E-02   3.0590326200E-02   2.8160114000E-02  -1.6106223900E-02
    8     -6.0812337200E-02   3.3234768600E-02  -5.5866945900E-02   5.6070905000E-03  -1.8681494000E-03
    9     -1.1959643350E-01  -4.4442558000E-02   6.3654503100E-02  -2.6338991000E-03  -4.4767935000E-03
   10     -4.4296260700E-02  -6.7937805600E-02   3.6721119600E-02  -2.6508714600E-02  -2.1485487000E-02
   11      6.8717308700E-02   3.9636681300E-02  -7.6858516000E-02  -2.2381569000E-03  -1.1929875000E-03
   12      4.7708524000E-03   7.4385890000E-04  -7.5722329000E-03  -1.2566827000E-03   5.8172960000E-04
   13      7.5860960000E-04   3.9181221000E-03  -4.5834421000E-03   1.1365928000E-03   7.0862080000E-04
   14     -2.9270720000E-04  -1.7847280000E-04  -1.2066494100E-02  -1.8127490000E-04  -6.3170500000E-05
   15     -2.7816178400E-02  -4.6916020000E-04  -1.0902013900E-02   6.8440360000E-04  -6.6874970000E-04
   16     -4.4328520000E-04  -2.7206798200E-02  -6.2855271000E-03  -2.7363183000E-03   6.3943410000E-04
   17     -1.6721151400E-02  -9.7284474000E-03  -1.0306009480E-01  -2.5455413000E-03  -5.1809984000E-03
                    5                  6                  7                  8                  9        
    0     -1.4852588000E-03  -2.1941729070E-01   9.8282243300E-02  -6.0812337200E-02  -1.1959643350E-01
    1     -6.7932533700E-02   1.0185343790E-01  -9.6522685500E-02   3.3234768600E-02  -4.4442558000E-02
    2     -5.5846139600E-02  -5.4938299500E-02   3.0590326200E-02  -5.5866945900E-02   6.3654503100E-02
    3      1.9398530000E-04   8.2534950000E-04   2.8160114000E-02   5.6070905000E-03  -2.6338991000E-03
    4      6.9715786600E-02   1.2312160000E-03  -1.6106223900E-02  -1.8681494000E-03  -4.4767935000E-03
    5      6.9793625200E-02   1.1834962000E-03   5.7773246000E-03   2.9034801000E-03   2.4819315000E-03
    6      1.1834962000E-03   2.4858093000E-01  -1.1393727090E-01   6.1737315800E-02  -3.0121234600E-02
    7      5.7773246000E-03  -1.1393727090E-01   1.0614027160E-01  -3.5234431100E-02  -1.0547317200E-02
    8      2.9034801000E-03   6.1737315800E-02  -3.5234431100E-02   6.9906167800E-02   1.4142125900E-02
    9      2.4819315000E-03  -3.0121234600E-02  -1.0547317200E-02   1.4142125900E-02   1.4991613990E-01
   10      1.4878996000E-02   1.1325685800E-02   5.9779252000E-03  -5.2973505000E-03   5.6162601600E-02
   11      5.7942163000E-03  -2.1553609000E-03  -1.3690928000E-03   5.7933606000E-03  -7.6692901400E-02
   12     -6.8940740000E-04   9.9389930000E-04  -1.4035110000E-04  -7.8715350000E-04  -4.8342172000E-03
   13     -3.9480840000E-04  -6.9362470000E-04  -1.5280598000E-03  -3.3449050000E-04  -1.5087000000E-05
   14     -1.8352502000E-03  -1.3880650000E-04  -1.2004740000E-04  -1.8512515000E-03  -2.1684063000E-03
   15     -1.6847467000E-03  -8.6165360000E-04  -1.8174181000E-03  -1.9887041600E-02   7.2696444000E-03
   16     -2.2044765200E-02   2.2055590000E-04   2.0387724000E-03   9.4996529000E-03   3.3191543000E-03
   17     -2.0809931900E-02  -5.6883452000E-03   3.5592040000E-04  -2.0884811100E-02  -1.4172528000E-03
                   10                 11                 12                 13                 14        
    0     -4.4296260700E-02   6.8717308700E-02   4.7708524000E-03   7.5860960000E-04  -2.9270720000E-04
    1     -6.7937805600E-02   3.9636681300E-02   7.4385890000E-04   3.9181221000E-03  -1.7847280000E-04
    2      3.6721119600E-02  -7.6858516000E-02  -7.5722329000E-03  -4.5834421000E-03  -1.2066494100E-02
    3     -2.6508714600E-02  -2.2381569000E-03  -1.2566827000E-03   1.1365928000E-03  -1.8127490000E-04
    4     -2.1485487000E-02  -1.1929875000E-03   5.8172960000E-04   7.0862080000E-04  -6.3170500000E-05
    5      1.4878996000E-02   5.7942163000E-03  -6.8940740000E-04  -3.9480840000E-04  -1.8352502000E-03
    6      1.1325685800E-02  -2.1553609000E-03   9.9389930000E-04  -6.9362470000E-04  -1.3880650000E-04
    7      5.9779252000E-03  -1.3690928000E-03  -1.4035110000E-04  -1.5280598000E-03  -1.2004740000E-04
    8     -5.2973505000E-03   5.7933606000E-03  -7.8715350000E-04  -3.3449050000E-04  -1.8512515000E-03
    9      5.6162601600E-02  -7.6692901400E-02  -4.8342172000E-03  -1.5087000000E-05  -2.1684063000E-03
   10      8.4903841300E-02  -4.4227648200E-02   4.2283000000E-06  -4.8349915000E-03  -1.2333902000E-03
   11     -4.4227648200E-02   7.8860321400E-02   6.1966164000E-03   3.5953114000E-03  -4.9002793000E-03
   12      4.2283000000E-06   6.1966164000E-03  -4.2499180000E-04  -1.3054637000E-03  -1.7932490000E-04
   13     -4.8349915000E-03   3.5953114000E-03  -1.3054637000E-03   1.1254931000E-03  -1.1352960000E-04
   14     -1.2333902000E-03  -4.9002793000E-03  -1.7932490000E-04  -1.1352960000E-04   3.1406571500E-02
   15      3.3124597000E-03   6.1724941000E-03   7.5114000000E-04   1.1897310000E-04   2.9605197000E-03
   16      3.3765175000E-03   3.5577360000E-03   1.1599800000E-04   6.1081530000E-04   1.7086105000E-03
   17     -8.4172670000E-04  -8.6891030000E-03   3.0315023000E-03   1.8309592000E-03  -1.0753296400E-02
                   15                 16                 17        
     0     -2.7816178400E-02  -4.4328520000E-04  -1.6721151400E-02
     1     -4.6916020000E-04  -2.7206798200E-02  -9.7284474000E-03
     2     -1.0902013900E-02  -6.2855271000E-03  -1.0306009480E-01
     3      6.8440360000E-04  -2.7363183000E-03  -2.5455413000E-03
     4     -6.6874970000E-04   6.3943410000E-04  -5.1809984000E-03
     5     -1.6847467000E-03  -2.2044765200E-02  -2.0809931900E-02
     6     -8.6165360000E-04   2.2055590000E-04  -5.6883452000E-03
     7     -1.8174181000E-03   2.0387724000E-03   3.5592040000E-04
     8     -1.9887041600E-02   9.4996529000E-03  -2.0884811100E-02
     9      7.2696444000E-03   3.3191543000E-03  -1.4172528000E-03
    10      3.3124597000E-03   3.3765175000E-03  -8.4172670000E-04
    11      6.1724941000E-03   3.5577360000E-03  -8.6891030000E-03
    12      7.5114000000E-04   1.1599800000E-04   3.0315023000E-03
    13      1.1897310000E-04   6.1081530000E-04   1.8309592000E-03
    14      2.9605197000E-03   1.7086105000E-03  -1.0753296400E-02
    15      1.9972644000E-02  -4.7610470000E-04   2.3340788300E-02
    16     -4.7610470000E-04   2.0541258900E-02   1.3564292900E-02
    17      2.3340788300E-02   1.3564292900E-02   1.6419723730E-01

$vibrational_frequencies
18
    0        0.0000000000000000
    1        0.0000000000000000
    2        0.0000000000000000
    3        0.0000000000000000
    4        0.0000000000000000
    5        0.0000000000000000
    6     -153.5490620094699068
    7      147.9932689497545937
    8      241.1784340897626464
    9      627.0789829306339698
   10      748.1457374022320437
   11      991.6029170248822311
   12     1351.8164782868766451
   13     1419.8567892583355388
   14     1516.4255337478532510
   15     2553.7769233906778936
   16     3026.6055168369493913
   17     3052.2571411812104998

$normal_modes
18 18
                    0                  1                  2                  3                  4        
    0      0.0000000000E+00   0.0000000000E+00   0.0000000000E+00   0.0000000000E+00   0.0000000000E+00
    1      0.0000000000E+00   0.0000000000E+00   0.0000000000E+00   0.0000000000E+00   0.0000000000E+00
    2      0.0000000000E+00   0.0000000000E+00   0.0000000000E+00   0.0000000000E+00   0.0000000000E+00
    3      0.0000000000E+00   0.0000000000E+00   0.0000000000E+00   0.0000000000E+00   0.0000000000E+00
    4      0.0000000000E+00   0.0000000000E+00   0.0000000000E+00   0.0000000000E+00   0.0000000000E+00
    5      0.0000000000E+00   0.0000000000E+00   0.0000000000E+00   0.0000000000E+00   0.0000000000E+00
    6      0.0000000000E+00   0.0000000000E+00   0.0000000000E+00   0.0000000000E+00   0.0000000000E+00
    7      0.0000000000E+00   0.0000000000E+00   0.0000000000E+00   0.0000000000E+00   0.0000000000E+00
    8      0.0000000000E+00   0.0000000000E+00   0.0000000000E+00   0.0000000000E+00   0.0000000000E+00
    9      0.0000000000E+00   0.0000000000E+00   0.0000000000E+00   0.0000000000E+00   0.0000000000E+00
   10      0.0000000000E+00   0.0000000000E+00   0.0000000000E+00   0.0000000000E+00   0.0000000000E+00
   11      0.0000000000E+00   0.0000000000E+00   0.0000000000E+00   0.0000000000E+00   0.0000000000E+00
   12      0.0000000000E+00   0.0000000000E+00   0.0000000000E+00   0.0000000000E+00   0.0000000000E+00
   13      0.0000000000E+00   0.0000000000E+00   0.0000000000E+00   0.0000000000E+00   0.0000000000E+00
   14      0.0000000000E+00   0.0000000000E+00   0.0000000000E+00   0.0000000000E+00   0.0000000000E+00
   15      0.0000000000E+00   0.0000000000E+00   0.0000000000E+00   0.0000000000E+00   0.0000000000E+00
   16      0.0000000000E+00   0.0000000000E+00   0.0000000000E+00   0.0000000000E+00   0.0000000000E+00
   17      0.0000000000E+00   0.0000000000E+00   0.0000000000E+00   0.0000000000E+00   0.0000000000E+00
                    5                  6                  7                  8                  9        
    0      0.0000000000E+00   2.8573496114E-01  -1.3437095691E-01  -1.0478446495E-01   2.5882148604E-02
    1      0.0000000000E+00   1.6325704493E-01   2.3620860372E-01  -5.9327929039E-02   1.3830249728E-02
    2      0.0000000000E+00  -6.3807146998E-02  -8.2910723641E-04  -2.2264676088E-01  -3.9333723432E-01
    3      0.0000000000E+00   3.5743817304E-01   2.8977553202E-01  -9.6559943159E-02  -9.1837904116E-02
    4      0.0000000000E+00   2.1337586545E-01   2.8283375176E-01  -6.1515499346E-02  -6.1477873004E-02
    5      0.0000000000E+00  -2.2547197129E-01  -1.8825455608E-01  -2.1429317665E-01  -9.9611513028E-02
    6      0.0000000000E+00   3.6903667487E-01  -3.8623918644E-01  -1.0478751073E-01  -9.7913010337E-02
    7      0.0000000000E+00   2.0561360968E-01  -1.0771450230E-01  -5.4173277016E-02  -4.7714308451E-02
    8      0.0000000000E+00  -2.2924304813E-01   1.8745438821E-01  -2.1264749083E-01  -9.6224920205E-02
    9      0.0000000000E+00   4.8455118444E-01  -3.5719837833E-01  -7.6535860295E-02  -2.2653294334E-01
   10      0.0000000000E+00   2.7392761870E-01   6.2347711990E-01  -4.0952954117E-02  -1.3258379000E-01
   11      0.0000000000E+00   3.1087601142E-01   1.2868036120E-04  -1.6543354864E-01  -8.4269361793E-01
   12      0.0000000000E+00  -1.1750694510E-01   5.0679611216E-02  -8.3042711124E-03  -1.5686780839E-03
   13      0.0000000000E+00  -6.7166159976E-02  -8.9098801136E-02  -5.3444608913E-03  -6.3421141278E-04
   14      0.0000000000E+00   3.8567997034E-02  -1.4644235818E-04   8.1342137961E-01   3.3342079223E-02
   15      0.0000000000E+00  -6.8267281073E-02   3.1264198757E-02   4.7850312578E-02   3.9078607736E-03
   16      0.0000000000E+00  -3.9018364879E-02  -5.4985125537E-02   2.7417050405E-02   2.5285250378E-03
   17      0.0000000000E+00   5.0394199366E-03   3.7845537296E-04  -3.4361142682E-01   1.4491803209E-01
                   10                 11                 12                 13                 14        
    0      1.3874981582E-01   5.7478331586E-02  -1.4275182064E-02  -6.7118188380E-02   3.1826744960E-02
    1      7.9931460808E-02  -9.9823781128E-02  -8.9503252147E-03  -3.9400108995E-02  -5.3137644422E-02
    2      1.0613967696E-01  -1.5519849364E-04   1.0863919055E-01  -8.1075603785E-03  -4.8497715017E-04
    3     -7.9175523888E-02  -1.8992513414E-01   9.4590408980E-02   6.6878686081E-01  -3.0872474249E-01
    4     -1.5474328752E-02   1.0152311821E-01   1.6745502409E-01  -7.3281732776E-02  -9.8739216244E-02
    5      3.7995772210E-01  -6.2628292543E-01  -5.8988631837E-01   1.6495278829E-01   3.3589221530E-01
    6     -5.2882431304E-02   7.0795434792E-03   1.9507876648E-01   2.7552105964E-01   2.3207571155E-01
    7     -6.1038477550E-02   2.1783575954E-01   1.8792646002E-03   6.2127826081E-01   2.0369157437E-01
    8      3.8228827269E-01   6.3051956046E-01  -5.8869372642E-01   1.5491696568E-01  -3.3275069465E-01
    9     -3.1527903937E-01  -1.5867325422E-01  -2.0899408438E-01  -7.0847499742E-02  -3.7647883856E-01
   10     -1.8281375534E-01   2.7823464851E-01  -1.1424527965E-01  -3.1944108608E-02   6.5608563359E-01
   11     -7.2376539667E-01   2.8138213484E-03  -4.0192371463E-01  -1.4857323481E-01   2.5387844431E-03
   12     -9.1842760968E-03   1.6881700627E-03  -9.9860732357E-04  -1.2453383610E-03   1.5247533055E-03
   13     -5.2486308171E-03  -2.9997939425E-03  -6.8620773426E-04  -7.5894213019E-04  -2.5765860317E-03
   14      5.5579732012E-03  -3.8014566864E-05   2.5856445629E-03   1.7275978529E-04   3.5610069473E-06
   15     -2.9366357432E-02  -1.0667449860E-02   3.0776030773E-03  -1.4281613757E-03   1.2838009600E-03
   16     -1.6893975499E-02   1.8435654133E-02   1.8336730200E-03  -9.1748926874E-04  -2.2548181271E-03
   17     -4.0031096880E-02  -1.2750881972E-04   6.7458436929E-03  -2.2161474069E-03   8.9304165854E-07
                   15                 16                 17        
     0      5.6618944358E-02   1.5916116983E-02  -6.0595883270E-02
     1      3.2828452081E-02   5.8700961000E-02   5.6344435265E-02
     2     -3.4775575932E-02   2.5523653972E-02  -1.4242117470E-02
     3      5.4335454986E-02  -8.6888026799E-03  -3.0826219086E-02
     4     -2.7747862390E-02  -9.2004962391E-01  -2.5545633996E-01
     5     -4.1728341049E-02  -2.4430083108E-01  -7.4910501295E-02
     6      5.5274043145E-03  -2.3196824039E-01   8.1313365194E-01
     7      5.9709442118E-02   1.5839320351E-01  -4.4052624570E-01
     8     -4.1176312813E-02  -6.8427403056E-02   2.4999379139E-01
     9     -7.4648751491E-01   4.8121539756E-02  -5.3884813752E-02
    10     -4.3022958408E-01   5.6070423578E-02   1.9679375694E-02
    11      4.9133275976E-01  -1.8959214025E-02   9.6489444010E-03
    12      1.5315997082E-03  -1.4819058190E-04   1.1863795142E-04
    13      8.8820762729E-04  -1.2693445599E-04   2.7611243123E-06
    14      5.8371393414E-05   3.6147531964E-05  -2.0218737740E-05
    15     -4.8034916889E-04   1.6141457541E-04  -2.4502101109E-04
    16     -2.7423795036E-04   2.4214997392E-04   1.3844153760E-04
    17      1.3778726904E-04   7.6409920396E-04  -4.1643595351E-04

#
# The atoms: label  mass x y z (in bohrs)
#
$atoms
6
 C     12.01100      0.341363581269     0.197357411693     0.363786385636
 H      1.00800      0.368900668361     2.169995463715     0.944079403414
 H      1.00800      2.061263813722    -0.760927316104     0.942610702701
 H      1.00800     -1.097561660880    -0.631934101693     1.712592841137
 F     18.99800     -0.326140034239    -0.189117490721     5.048470463623
 Cl    35.45300      0.021228859394     0.012383806690    -2.930876296974

$actual_temperature
  0.000000

$frequency_scale_factor
  1.000000


$end

