
$orca_hessian_file

$act_atom
  0

$act_coord
  0

$act_energy
      -13.143097

$multiplicity
  1

$hessian
18
                    0                  1                  2                  3                  4        
    0      4.7681736830E-01  -1.1127627800E-02  -4.1641549600E-02  -4.2468964600E-02  -1.2135502300E-02
    1     -1.1127627800E-02   4.8967789740E-01  -2.4042791900E-02  -1.6003908900E-02  -2.8954990430E-01
    2     -4.1641549600E-02  -2.4042791900E-02   2.4153522760E-01  -8.9238450000E-04  -4.3109808500E-02
    3     -4.2468964600E-02  -1.6003908900E-02  -8.9238450000E-04   4.4219854700E-02   1.3840553500E-02
    4     -1.2135502300E-02  -2.8954990430E-01  -4.3109808500E-02   1.3840553500E-02   3.2348354340E-01
    5     -1.2485013000E-03  -4.5577145100E-02  -4.3433867600E-02   3.4194982000E-03   5.0874911500E-02
    6     -2.3997542470E-01   1.0188230580E-01  -3.7814717100E-02  -1.4631680000E-04   1.2984210000E-03
    7      9.8038007100E-02  -9.2074290200E-02   2.0802027700E-02   2.9238446900E-02  -1.7758416600E-02
    8     -4.0075812300E-02   2.1701076000E-02  -4.3449711200E-02   3.7476579000E-03  -1.0572988000E-03
    9     -1.6743314200E-01  -7.3683887900E-02   9.7628812800E-02  -1.6310072000E-03  -2.2203946000E-03
   10     -7.3671106200E-02  -8.2345474000E-02   5.6428255600E-02  -2.3353176600E-02  -1.6709322500E-02
   11      9.9089387000E-02   5.7210499200E-02  -8.8348132300E-02  -2.9709809000E-03  -1.3042293000E-03
   12      8.6351360000E-04   6.9265540000E-04  -8.2455294000E-03  -1.7228670000E-04   4.2195620000E-04
   13      6.7522850000E-04   5.9569200000E-05  -4.8100693000E-03   7.0015110000E-04   1.3275987000E-03
   14      4.2114210000E-04   2.5032960000E-04  -6.5044482000E-03   2.1176200000E-04   1.1211500000E-04
   15     -2.7803350600E-02  -1.7595366000E-03  -9.0346322000E-03   1.9872050000E-04  -1.2050338000E-03
   16     -1.7789993000E-03  -2.5767798200E-02  -5.2676137000E-03  -4.4220659000E-03  -7.9349870000E-04
   17     -1.6544665900E-02  -9.5419679000E-03  -5.9799068300E-02  -3.5155527000E-03  -5.5156898000E-03
                    5                  6                  7                  8                  9        
    0     -1.2485013000E-03  -2.3997542470E-01   9.8038007100E-02  -4.0075812300E-02  -1.6743314200E-01
    1     -4.5577145100E-02   1.0188230580E-01  -9.2074290200E-02   2.1701076000E-02  -7.3683887900E-02
    2     -4.3433867600E-02  -3.7814717100E-02   2.0802027700E-02  -4.3449711200E-02   9.7628812800E-02
    3      3.4194982000E-03  -1.4631680000E-04   2.9238446900E-02   3.7476579000E-03  -1.6310072000E-03
    4      5.0874911500E-02   1.2984210000E-03  -1.7758416600E-02  -1.0572988000E-03  -2.2203946000E-03
    5      5.4908671700E-02   9.5601150000E-04   3.7760210000E-03   2.2406780000E-03   1.1311850000E-03
    6      9.5601150000E-04   2.6567809010E-01  -1.1403340780E-01   4.5750875900E-02  -2.4003954800E-02
    7      3.7760210000E-03  -1.1403340780E-01   1.0207190730E-01  -2.2470627700E-02  -1.0433057600E-02
    8      2.2406780000E-03   4.5750875900E-02  -2.2470627700E-02   5.4907726200E-02   1.2809602500E-02
    9      1.1311850000E-03  -2.4003954800E-02  -1.0433057600E-02   1.2809602500E-02   1.9057985450E-01
   10      1.4148979300E-02   1.0696312400E-02   5.6838440000E-03  -6.0909106000E-03   8.3342614300E-02
   11      4.9890246000E-03  -2.6134130000E-03  -1.9193752000E-03   4.9896774000E-03  -1.0698983870E-01
   12     -2.5308620000E-04   1.4297682000E-03  -2.2553870000E-04  -5.0095710000E-04  -2.6948838000E-03
   13     -4.3823070000E-04  -4.9632510000E-04  -2.9424010000E-04  -5.8639000000E-06   4.7221200000E-05
   14     -8.8835820000E-04   2.0143500000E-04   1.2460840000E-04  -8.8422020000E-04  -1.1894624000E-03
   15     -4.0051072000E-03  -2.9821620000E-03  -2.5844498000E-03  -2.1731366900E-02   5.1831333000E-03
   16     -2.2784535900E-02   6.5269380000E-04   2.3711956000E-03   7.9236251000E-03   2.9475047000E-03
   17     -1.7816148500E-02  -6.4801923000E-03  -3.1265410000E-04  -1.7804150100E-02  -3.3902993000E-03
                   10                 11                 12                 13                 14        
    0     -7.3671106200E-02   9.9089387000E-02   8.6351360000E-04   6.7522850000E-04   4.2114210000E-04
    1     -8.2345474000E-02   5.7210499200E-02   6.9265540000E-04   5.9569200000E-05   2.5032960000E-04
    2      5.6428255600E-02  -8.8348132300E-02  -8.2455294000E-03  -4.8100693000E-03  -6.5044482000E-03
    3     -2.3353176600E-02  -2.9709809000E-03  -1.7228670000E-04   7.0015110000E-04   2.1176200000E-04
    4     -1.6709322500E-02  -1.3042293000E-03   4.2195620000E-04   1.3275987000E-03   1.1211500000E-04
    5      1.4148979300E-02   4.9890246000E-03  -2.5308620000E-04  -4.3823070000E-04  -8.8835820000E-04
    6      1.0696312400E-02  -2.6134130000E-03   1.4297682000E-03  -4.9632510000E-04   2.0143500000E-04
    7      5.6838440000E-03  -1.9193752000E-03  -2.2553870000E-04  -2.9424010000E-04   1.2460840000E-04
    8     -6.0909106000E-03   4.9896774000E-03  -5.0095710000E-04  -5.8639000000E-06  -8.8422020000E-04
    9      8.3342614300E-02  -1.0698983870E-01  -2.6948838000E-03   4.7221200000E-05  -1.1894624000E-03
   10      9.4375860200E-02  -6.1768443900E-02   4.9377700000E-05  -2.7622120000E-03  -6.8985040000E-04
   11     -6.1768443900E-02   1.0446005980E-01   5.8732886000E-03   3.3879050000E-03  -5.4000685000E-03
   12      4.9377700000E-05   5.8732886000E-03  -8.0320900000E-04  -1.1374995000E-03  -1.1656492000E-03
   13     -2.7622120000E-03   3.3879050000E-03  -1.1374995000E-03   5.1299530000E-04  -6.7368670000E-04
   14     -6.8985040000E-04  -5.4000685000E-03  -1.1656492000E-03  -6.7368670000E-04   2.3515018800E-02
   15      2.9359785000E-03   7.6115570000E-03   1.3770976000E-03   2.1122380000E-04   1.5207725000E-03
   16      1.7573042000E-03   4.3936442000E-03   1.9904880000E-04   1.1562888000E-03   8.7648420000E-04
   17     -2.0280300000E-03  -2.0690561100E-02   4.2919334000E-03   2.5399456000E-03  -9.8379237000E-03
                   15                 16                 17        
     0     -2.7803350600E-02  -1.7789993000E-03  -1.6544665900E-02
     1     -1.7595366000E-03  -2.5767798200E-02  -9.5419679000E-03
     2     -9.0346322000E-03  -5.2676137000E-03  -5.9799068300E-02
     3      1.9872050000E-04  -4.4220659000E-03  -3.5155527000E-03
     4     -1.2050338000E-03  -7.9349870000E-04  -5.5156898000E-03
     5     -4.0051072000E-03  -2.2784535900E-02  -1.7816148500E-02
     6     -2.9821620000E-03   6.5269380000E-04  -6.4801923000E-03
     7     -2.5844498000E-03   2.3711956000E-03  -3.1265410000E-04
     8     -2.1731366900E-02   7.9236251000E-03  -1.7804150100E-02
     9      5.1831333000E-03   2.9475047000E-03  -3.3902993000E-03
    10      2.9359785000E-03   1.7573042000E-03  -2.0280300000E-03
    11      7.6115570000E-03   4.3936442000E-03  -2.0690561100E-02
    12      1.3770976000E-03   1.9904880000E-04   4.2919334000E-03
    13      2.1122380000E-04   1.1562888000E-03   2.5399456000E-03
    14      1.5207725000E-03   8.7648420000E-04  -9.8379237000E-03
    15      2.4026561100E-02   2.4018178000E-03   2.5638776800E-02
    16      2.4018178000E-03   2.1276508300E-02   1.4858396100E-02
    17      2.5638776800E-02   1.4858396100E-02   1.2594785170E-01

$vibrational_frequencies
18
    0        0.0000000000000000
    1        0.0000000000000000
    2        0.0000000000000000
    3        0.0000000000000000
    4        0.0000000000000000
    5        0.0000000000000000
    6     -170.2421858296226276
    7      150.3538747285829231
    8      208.9991065635299776
    9      556.8367494724527660
   10      811.7689379963833289
   11      980.4497757745094759
   12     1268.3904220184497262
   13     1424.4809562127688878
   14     1435.4129224183295719
   15     2960.6217134366070241
   16     3057.7379982057650523
   17     3066.5547549726347825

$normal_modes
18 18
                    0                  1                  2                  3                  4        
    0      0.0000000000E+00   0.0000000000E+00   0.0000000000E+00   0.0000000000E+00   0.0000000000E+00
    1      0.0000000000E+00   0.0000000000E+00   0.0000000000E+00   0.0000000000E+00   0.0000000000E+00
    2      0.0000000000E+00   0.0000000000E+00   0.0000000000E+00   0.0000000000E+00   0.0000000000E+00
    3      0.0000000000E+00   0.0000000000E+00   0.0000000000E+00   0.0000000000E+00   0.0000000000E+00
    4      0.0000000000E+00   0.0000000000E+00   0.0000000000E+00   0.0000000000E+00   0.0000000000E+00
    5      0.0000000000E+00   0.0000000000E+00   0.0000000000E+00   0.0000000000E+00   0.0000000000E+00
    6      0.0000000000E+00   0.0000000000E+00   0.0000000000E+00   0.0000000000E+00   0.0000000000E+00
    7      0.0000000000E+00   0.0000000000E+00   0.0000000000E+00   0.0000000000E+00   0.0000000000E+00
    8      0.0000000000E+00   0.0000000000E+00   0.0000000000E+00   0.0000000000E+00   0.0000000000E+00
    9      0.0000000000E+00   0.0000000000E+00   0.0000000000E+00   0.0000000000E+00   0.0000000000E+00
   10      0.0000000000E+00   0.0000000000E+00   0.0000000000E+00   0.0000000000E+00   0.0000000000E+00
   11      0.0000000000E+00   0.0000000000E+00   0.0000000000E+00   0.0000000000E+00   0.0000000000E+00
   12      0.0000000000E+00   0.0000000000E+00   0.0000000000E+00   0.0000000000E+00   0.0000000000E+00
   13      0.0000000000E+00   0.0000000000E+00   0.0000000000E+00   0.0000000000E+00   0.0000000000E+00
   14      0.0000000000E+00   0.0000000000E+00   0.0000000000E+00   0.0000000000E+00   0.0000000000E+00
   15      0.0000000000E+00   0.0000000000E+00   0.0000000000E+00   0.0000000000E+00   0.0000000000E+00
   16      0.0000000000E+00   0.0000000000E+00   0.0000000000E+00   0.0000000000E+00   0.0000000000E+00
   17      0.0000000000E+00   0.0000000000E+00   0.0000000000E+00   0.0000000000E+00   0.0000000000E+00
                    5                  6                  7                  8                  9        
    0      0.0000000000E+00   2.8314766327E-01   9.4966395902E-02   5.7661422751E-02   1.7206101096E-01
    1      0.0000000000E+00   1.6356810345E-01  -1.6409040952E-01   3.2358017776E-02   1.0004299260E-01
    2      0.0000000000E+00  -1.1165418314E-01   2.2491860319E-04   2.4477361049E-01   6.2459061992E-01
    3      0.0000000000E+00   3.5084662879E-01  -3.9084443054E-01   5.2195418338E-02   1.4466497097E-01
    4      0.0000000000E+00   1.9751754062E-01  -1.7757940609E-01   3.2786783896E-02   1.2306763724E-01
    5      0.0000000000E+00  -2.7130966202E-01   2.0819950232E-01   2.4392356089E-01   3.7246611854E-01
    6      0.0000000000E+00   3.4595181055E-01   3.4954760323E-01   5.7415560991E-02   1.7667831399E-01
    7      0.0000000000E+00   2.0449300742E-01   2.4995653935E-01   3.0869253295E-02   6.1686552198E-02
    8      0.0000000000E+00  -2.7104542846E-01  -2.0801806059E-01   2.4220725548E-01   3.7371697360E-01
    9      0.0000000000E+00   4.8049165069E-01   3.5422916259E-01   2.8836952814E-02   7.3934892974E-02
   10      0.0000000000E+00   2.7792529579E-01  -6.1304003151E-01   1.3192009836E-02   4.4406297903E-02
   11      0.0000000000E+00   2.7482751048E-01   2.6160656407E-04   1.8094240028E-01   3.9231250688E-01
   12      0.0000000000E+00  -1.1915573956E-01  -3.6651772653E-02   3.8006236395E-02  -1.7371741365E-02
   13      0.0000000000E+00  -6.8827948325E-02   6.3336684201E-02   2.2286644036E-02  -1.0273922988E-02
   14      0.0000000000E+00   2.1827969133E-02   2.9886422751E-04  -8.1244305587E-01  -2.3028463454E-02
   15      0.0000000000E+00  -6.5548028493E-02  -2.1430254090E-02  -4.3837456444E-02  -6.0221613503E-02
   16      0.0000000000E+00  -3.7864171124E-02   3.7023884686E-02  -2.5090024718E-02  -3.4903285094E-02
   17      0.0000000000E+00   3.3736452112E-02  -2.4894684827E-04   3.3346705603E-01  -2.3163249234E-01
                   10                 11                 12                 13                 14        
    0      1.1314874432E-01  -5.6009641398E-02   2.6500583639E-03  -3.3997926632E-02  -6.6207479255E-02
    1      6.5323277021E-02   9.6972730075E-02   1.5457119395E-03   5.8760693189E-02  -3.8268139042E-02
    2     -2.0947357320E-02  -4.1153957216E-05  -9.6291301736E-02  -2.9254577755E-05   1.7878671617E-03
    3     -7.8479417080E-02   2.3861683908E-01  -4.2518076089E-03   2.9664076327E-01   6.8199614847E-01
    4     -1.0772816180E-03  -5.6848967624E-02  -1.1486736466E-01   6.5273434297E-02  -6.4537287724E-02
    5      2.9880656331E-01   6.3112833100E-01   6.1495462687E-01  -3.3679915766E-01   7.3975744078E-02
    6     -4.0137345645E-02  -7.0147092946E-02  -1.0169014507E-01  -2.0450365476E-01   2.8543336173E-01
    7     -6.7466998966E-02  -2.3499054293E-01   5.3654066471E-02  -2.2352551448E-01   6.2314118918E-01
    8      2.9864228979E-01  -6.3100908196E-01   6.1535062031E-01   3.3660260173E-01   7.3605628664E-02
    9     -3.1333200653E-01   1.3252542974E-01   2.2251837232E-01   3.8216234984E-01  -1.1452441591E-01
   10     -1.8081132278E-01  -2.2942553869E-01   1.2835495903E-01  -6.6223424602E-01  -6.5522398830E-02
   11     -8.1237401162E-01   9.4806050244E-05   3.7588774787E-01  -3.3314572257E-04  -1.6365878424E-01
   12     -8.1731838584E-03  -4.2577450491E-04   1.4571294770E-03  -9.6266476821E-04  -4.6721814593E-04
   13     -4.7163300950E-03   7.4208879688E-04   8.3592314917E-04   1.6716925032E-03  -2.7241150193E-04
   14      9.7996823810E-03  -1.4255397412E-06  -2.4446459134E-03   4.9457795419E-06   7.9627804299E-04
   15     -2.1672384896E-02   1.0645573847E-02  -4.9931297158E-03  -1.4513878083E-03  -1.5692350824E-03
   16     -1.2513654499E-02  -1.8430104483E-02  -2.8805801546E-03   2.5249405337E-03  -9.0859061005E-04
   17      7.9561363689E-03   8.6202875035E-06  -1.1735095219E-02   2.2321272641E-05  -5.7528931111E-04
                   15                 16                 17        
     0     -5.3680164879E-02  -5.2889614704E-02  -4.6120992923E-02
     1     -3.0991072224E-02  -3.1530901851E-02   7.8680210332E-02
     2      3.9824841385E-02  -1.5074620256E-02  -1.5464363189E-04
     3     -2.5974925636E-02   1.0081862904E-02  -5.8398081920E-02
     4     -6.1860992779E-02   7.0033929415E-01  -6.8257248641E-01
     5      3.0326047664E-03   1.2415248099E-01  -1.2559095801E-01
     6     -6.6517240726E-02   5.9976352858E-01   6.3222408054E-01
     7      8.4327993740E-03  -3.3590606076E-01  -2.9746138397E-01
     8      3.0146091458E-03   1.2171381457E-01   1.2794395842E-01
     9      7.4056059462E-01   2.7412218212E-02  -2.2292061974E-02
    10      4.2761959031E-01   1.5299290946E-02   3.9194813145E-02
    11     -5.0424857201E-01  -4.0509689496E-02  -3.8064497319E-04
    12     -8.6476868191E-04   1.3046105260E-04   1.0891789517E-04
    13     -5.0021399998E-04   7.9789842732E-05  -1.8563887726E-04
    14      1.9492663396E-04   2.8626771349E-05   3.9820237458E-07
    15      2.2363016078E-04  -2.7013249775E-04  -1.1441018595E-04
    16      1.2839268806E-04  -1.5706907256E-04   1.9362341095E-04
    17      5.6828992999E-04  -7.4696207422E-04  -3.9002248211E-06

#
# The atoms: label  mass x y z (in bohrs)
#
$atoms
6
 C     12.01100      0.595039008699     0.343356165869     0.379313470973
 H      1.00800      0.709432663901     2.352509517932     0.761554026887
 H      1.00800      2.392222482642    -0.562192195964     0.761403392587
 H      1.00800     -0.869335167356    -0.502119130465     1.548781643077
 F     18.99800     -0.432853301734    -0.249785313531     5.088266904140
 Cl    35.45300     -0.033109893272    -0.019099464046    -2.942463027663

$actual_temperature
  0.000000

$frequency_scale_factor
  1.000000


$end

