*************************************************
******************* ORCA 6.1.0 ******************
*************************************************
$Calculation_Status
   &GeometryIndex 0
   &version [&Type "String"] "6.1.0"
   &progName [&Type "String"] "orca"
   &Status [&Type "String"] "NORMAL TERMINATION"
$End
$Geometry
   &GeometryIndex 1
   &NAtoms [&Type "Integer"] 6
   &NCorelessECP [&Type "Integer"] 0
   &NGhostAtoms [&Type "Integer"] 0
   &CartesianCoordinates [&Type "Coordinates", &Dim(6,4), &Units "Bohr"] 
              C      0.650445625022    0.373765152576   -0.576309779062
              H      0.824013190970    2.418327887006   -0.481294349048
              H      2.510775179204   -0.492075236642   -0.484620267044
              H     -0.543279255967   -0.318970653597    1.018821278664
              F     -1.149081990801   -0.664013858663    4.079901715601
              Br    -0.654457513604   -0.378616079562   -3.948238826672
$End
$Single_Point_Data
   &GeometryIndex 1
   &FinalEnergy [&Type "Double"]      -1.2689071889879999e+01  "Final single point energy"
   &Converged [&Type "Boolean"] true
$End
$Geometry
   &GeometryIndex 2
   &NAtoms [&Type "Integer"] 6
   &NCorelessECP [&Type "Integer"] 0
   &NGhostAtoms [&Type "Integer"] 0
   &CartesianCoordinates [&Type "Coordinates", &Dim(6,4), &Units "Bohr"] 
              C      0.657129156961    0.377789218646   -0.571548786555
              H      0.831416878519    2.423125947656   -0.481734947945
              H      2.518407166365   -0.488171543543   -0.484835737723
              H     -0.535403993108   -0.314270318332    1.022578997259
              F     -1.160936762838   -0.671089757460    4.053038899826
              Br    -0.672197211075   -0.388966335850   -3.929238652424
$End
$Single_Point_Data
   &GeometryIndex 2
   &FinalEnergy [&Type "Double"]      -1.2689126551899999e+01  "Final single point energy"
   &Converged [&Type "Boolean"] true
$End
$Geometry
   &GeometryIndex 3
   &NAtoms [&Type "Integer"] 6
   &NCorelessECP [&Type "Integer"] 0
   &NGhostAtoms [&Type "Integer"] 0
   &CartesianCoordinates [&Type "Coordinates", &Dim(6,4), &Units "Bohr"] 
              C      0.676745244626    0.389505786927   -0.567099719616
              H      0.853359926613    2.435957419287   -0.493467846038
              H      2.539855671814   -0.475852263658   -0.495981832774
              H     -0.513775943924   -0.301390240442    1.034468246529
              F     -1.204927604694   -0.697092589759    4.018243845705
              Br    -0.712842059613   -0.412710901237   -3.887902921368
$End
$Single_Point_Data
   &GeometryIndex 3
   &FinalEnergy [&Type "Double"]      -1.2689200692549999e+01  "Final single point energy"
   &Converged [&Type "Boolean"] true
$End
$Geometry
   &GeometryIndex 4
   &NAtoms [&Type "Integer"] 6
   &NCorelessECP [&Type "Integer"] 0
   &NGhostAtoms [&Type "Integer"] 0
   &CartesianCoordinates [&Type "Coordinates", &Dim(6,4), &Units "Bohr"] 
              C      0.693800752912    0.399627878534   -0.565934038193
              H      0.871916311105    2.446193874943   -0.508894322978
              H      2.557458253219   -0.465111398772   -0.510911452513
              H     -0.490743492055   -0.287732271591    1.048486803581
              F     -1.249465075001   -0.723323522807    4.000158414275
              Br    -0.744551515355   -0.431237349189   -3.854645631733
$End
$Single_Point_Data
   &GeometryIndex 4
   &FinalEnergy [&Type "Double"]      -1.2689244021270000e+01  "Final single point energy"
   &Converged [&Type "Boolean"] true
$End
$Geometry
   &GeometryIndex 5
   &NAtoms [&Type "Integer"] 6
   &NCorelessECP [&Type "Integer"] 0
   &NGhostAtoms [&Type "Integer"] 0
   &CartesianCoordinates [&Type "Coordinates", &Dim(6,4), &Units "Bohr"] 
              C      0.706972432853    0.407378159682   -0.565637151304
              H      0.885532702500    2.453806518947   -0.524972811104
              H      2.570489032921   -0.457272728527   -0.526611635335
              H     -0.465597796744   -0.272873022721    1.066221691390
              F     -1.290516341249   -0.747434118493    3.987891695880
              Br    -0.768464795456   -0.445187597771   -3.828632017089
$End
$Single_Point_Data
   &GeometryIndex 5
   &FinalEnergy [&Type "Double"]      -1.2689279279950000e+01  "Final single point energy"
   &Converged [&Type "Boolean"] true
$End
$Geometry
   &GeometryIndex 6
   &NAtoms [&Type "Integer"] 6
   &NCorelessECP [&Type "Integer"] 0
   &NGhostAtoms [&Type "Integer"] 0
   &CartesianCoordinates [&Type "Coordinates", &Dim(6,4), &Units "Bohr"] 
              C      0.714248159078    0.411576598793   -0.565445154869
              H      0.892373019559    2.458120044479   -0.538399050003
              H      2.577530941351   -0.453569393834   -0.539847206518
              H     -0.441096247740   -0.258431499092    1.086473954313
              F     -1.321816318558   -0.765750387489    3.978604015488
              Br    -0.782824318867   -0.453528151739   -3.813126785973
$End
$Single_Point_Data
   &GeometryIndex 6
   &FinalEnergy [&Type "Double"]      -1.2689308521970000e+01  "Final single point energy"
   &Converged [&Type "Boolean"] true
$End
$Geometry
   &GeometryIndex 7
   &NAtoms [&Type "Integer"] 6
   &NCorelessECP [&Type "Integer"] 0
   &NGhostAtoms [&Type "Integer"] 0
   &CartesianCoordinates [&Type "Coordinates", &Dim(6,4), &Units "Bohr"] 
              C      0.712400796349    0.410397484245   -0.565598272601
              H      0.890124004322    2.457400307269   -0.541333707795
              H      2.575942817686   -0.455122062465   -0.542860035949
              H     -0.431859292449   -0.252991369679    1.096851088951
              F     -1.326635247709   -0.768514126148    3.976989814845
              Br    -0.781557843375   -0.452753022104   -3.815789115013
$End
$Single_Point_Data
   &GeometryIndex 7
   &FinalEnergy [&Type "Double"]      -1.2689320901460000e+01  "Final single point energy"
   &Converged [&Type "Boolean"] true
$End
$Geometry
   &GeometryIndex 8
   &NAtoms [&Type "Integer"] 6
   &NCorelessECP [&Type "Integer"] 0
   &NGhostAtoms [&Type "Integer"] 0
   &CartesianCoordinates [&Type "Coordinates", &Dim(6,4), &Units "Bohr"] 
              C      0.709012043220    0.408373292396   -0.565823750395
              H      0.886984916607    2.455695386829   -0.539119011883
              H      2.573028215968   -0.456952864219   -0.540748655909
              H     -0.433021762280   -0.253658324754    1.098150245858
              F     -1.320587836407   -0.764953558212    3.977587021981
              Br    -0.777000342285   -0.450086720923   -3.821786077215
$End
$Single_Point_Data
   &GeometryIndex 8
   &FinalEnergy [&Type "Double"]      -1.2689323142130000e+01  "Final single point energy"
   &Converged [&Type "Boolean"] true
$End
$Geometry
   &GeometryIndex 9
   &NAtoms [&Type "Integer"] 6
   &NCorelessECP [&Type "Integer"] 0
   &NGhostAtoms [&Type "Integer"] 0
   &CartesianCoordinates [&Type "Coordinates", &Dim(6,4), &Units "Bohr"] 
              C      0.707966736282    0.407760622076   -0.565973161942
              H      0.886355117771    2.455165568450   -0.537985535753
              H      2.572277473784   -0.457229810877   -0.539638631996
              H     -0.434254512143   -0.254362007395    1.097995409720
              F     -1.318082265582   -0.763497584129    3.977194617644
              Br    -0.775847315288   -0.449419577007   -3.823332925235
$End
$Single_Point_Data
   &GeometryIndex 9
   &FinalEnergy [&Type "Double"]      -1.2689323393390000e+01  "Final single point energy"
   &Converged [&Type "Boolean"] true
$End
$Hessian
   &GeometryIndex 9
   &HESSIAN [&Type "ArrayOfDoubles", &Dim (18,18)] "The Hessian"
                                                         0                           1                           2                           3                           4                           5                           6                           7

0                                      4.0853179730000000e-01        -3.8746046300000003e-02        -5.2793514000000000e-02        -4.1810219900000001e-02        -1.6847613300000001e-02         8.5998529999999995e-04        -2.4599036969999999e-01         9.1995129600000003e-02
1                                     -3.8746046300000003e-02         4.5315050730000001e-01        -3.0451292500000001e-02        -2.5265839599999999e-02        -2.8918103509999998e-01         1.2967647000000000e-03         1.0039490480000000e-01        -8.4971442100000003e-02
2                                     -5.2793514000000000e-02        -3.0451292500000001e-02         2.9466748570000001e-01         1.3227454000000001e-03        -6.0070830000000003e-04        -3.8218784300000003e-02         2.9027390000000000e-04         1.3626771000000001e-03
3                                     -4.1810219900000001e-02        -2.5265839599999999e-02         1.3227454000000001e-03         4.4731584599999999e-02         1.9373210400000000e-02         3.7940690000000002e-03         6.8946850000000000e-04         3.1250672700000003e-02
4                                     -1.6847613300000001e-02        -2.8918103509999998e-01        -6.0070830000000003e-04         1.9373210400000000e-02         3.2210516680000001e-01         3.6339109000000001e-03         1.3250547000000000e-03        -1.8000995400000001e-02
5                                      8.5998529999999995e-04         1.2967647000000000e-03        -3.8218784300000003e-02         3.7940690000000002e-03         3.6339109000000001e-03         4.6897326000000003e-02         1.2353602999999999e-03        -7.5928349999999998e-04
6                                     -2.4599036969999999e-01         1.0039490480000000e-01         2.9027390000000000e-04         6.8946850000000000e-04         1.3250547000000000e-03         1.2353602999999999e-03         2.7003482530000000e-01        -1.1002227219999999e-01
7                                      9.1995129600000003e-02        -8.4971442100000003e-02         1.3626771000000001e-03         3.1250672700000003e-02        -1.8000995400000001e-02        -7.5928349999999998e-04        -1.1002227219999999e-01         9.6783651799999995e-02
8                                      1.7302740000000000e-03         1.6088900000000001e-05        -3.8230212899999998e-02        -1.4800300000000000e-05         1.4361152000000000e-03         1.0192040999999999e-03         4.8330316000000000e-03         1.5731584000000000e-03
9                                     -8.7619054599999996e-02        -2.8189910200000001e-02         6.5838778500000000e-02        -1.1887739999999999e-04         1.1800670000000000e-04         8.3227940000000003e-04        -1.4406830900000001e-02        -6.5854878000000004e-03
10                                    -2.8192785599999999e-02        -5.5339530499999998e-02         3.8173018599999997e-02        -1.4781651800000000e-02        -1.0720571200000001e-02         1.8542993800000001e-02         8.3197181999999995e-03         3.5893305000000001e-03
11                                     6.9801111099999993e-02         4.0463722299999998e-02        -1.2358231159999999e-01        -6.8452810000000004e-04        -4.0832109999999999e-04         3.4576530999999998e-03        -6.9859550000000005e-04        -3.8444549999999998e-04
12                                    -9.9180129999999994e-04        -1.8419625999999999e-03         7.8345676999999996e-03        -6.7578880000000003e-04        -6.1807919999999996e-04         4.3131989999999998e-04         5.2310600000000000e-05        -3.8229939999999998e-04
13                                    -1.8506670000000001e-03         1.1383198000000001e-03         4.5206294000000001e-03         4.2463699999999998e-05         6.4296229999999995e-04        -3.2630900000000000e-05        -1.0366588000000000e-03        -1.0396330000000000e-04
14                                     1.1161977100000000e-02         6.4533784000000002e-03        -2.7606725700000001e-02         1.4954288999999999e-03         1.7309037000000000e-03        -1.7438123000000001e-03         2.2565697000000002e-03         4.3488570000000000e-04
15                                    -3.2120351800000002e-02        -6.3511460999999998e-03        -2.2492851500000001e-02        -2.8161670000000001e-03        -3.3505792999999999e-03        -7.1530138999999996e-03        -1.0379403900000000e-02        -6.2557428999999998e-03
16                                    -6.3580175000000003e-03        -2.4796819400000000e-02        -1.3004324300000000e-02        -1.0618855300000000e-02        -4.8455273999999998e-03        -2.2681755099999999e-02         1.0192533000000000e-03         2.7034185000000001e-03
17                                    -3.0759833500000000e-02        -1.7778661899999999e-02        -6.7029451099999998e-02        -5.9129148000000003e-03        -5.7919004000000001e-03        -1.1411586499999999e-02        -7.9166402000000000e-03        -2.2269922999999998e-03
                                                         8                           9                          10                          11                          12                          13                          14                          15

0                                      1.7302740000000000e-03        -8.7619054599999996e-02        -2.8192785599999999e-02         6.9801111099999993e-02        -9.9180129999999994e-04        -1.8506670000000001e-03         1.1161977100000000e-02        -3.2120351800000002e-02
1                                      1.6088900000000001e-05        -2.8189910200000001e-02        -5.5339530499999998e-02         4.0463722299999998e-02        -1.8419625999999999e-03         1.1383198000000001e-03         6.4533784000000002e-03        -6.3511460999999998e-03
2                                     -3.8230212899999998e-02         6.5838778500000000e-02         3.8173018599999997e-02        -1.2358231159999999e-01         7.8345676999999996e-03         4.5206294000000001e-03        -2.7606725700000001e-02        -2.2492851500000001e-02
3                                     -1.4800300000000000e-05        -1.1887739999999999e-04        -1.4781651800000000e-02        -6.8452810000000004e-04        -6.7578880000000003e-04         4.2463699999999998e-05         1.4954288999999999e-03        -2.8161670000000001e-03
4                                      1.4361152000000000e-03         1.1800670000000000e-04        -1.0720571200000001e-02        -4.0832109999999999e-04        -6.1807919999999996e-04         6.4296229999999995e-04         1.7309037000000000e-03        -3.3505792999999999e-03
5                                      1.0192040999999999e-03         8.3227940000000003e-04         1.8542993800000001e-02         3.4576530999999998e-03         4.3131989999999998e-04        -3.2630900000000000e-05        -1.7438123000000001e-03        -7.1530138999999996e-03
6                                      4.8330316000000000e-03        -1.4406830900000001e-02         8.3197181999999995e-03        -6.9859550000000005e-04         5.2310600000000000e-05        -1.0366588000000000e-03         2.2565697000000002e-03        -1.0379403900000000e-02
7                                      1.5731584000000000e-03        -6.5854878000000004e-03         3.5893305000000001e-03        -3.8444549999999998e-04        -3.8229939999999998e-04        -1.0396330000000000e-04         4.3488570000000000e-04        -6.2557428999999998e-03
8                                      4.6897366599999997e-02         1.6492880700000000e-02        -8.5152947999999999e-03         3.4403074999999998e-03         1.8978590000000000e-04         3.8606310000000000e-04        -1.7408084999999999e-03        -2.3231172000000001e-02
9                                      1.6492880700000000e-02         1.0364991580000001e-01         3.1345983299999998e-02        -7.1196797100000001e-02        -5.6666479999999998e-03         6.7464249999999999e-04        -5.1866509999999996e-03         4.1614950999999999e-03
10                                    -8.5152947999999999e-03         3.1345983299999998e-02         6.7778979800000000e-02        -4.1298027299999998e-02         6.7722080000000003e-04        -6.4529323999999999e-03        -2.9924269000000002e-03         2.6315151000000001e-03
11                                     3.4403074999999998e-03        -7.1196797100000001e-02        -4.1298027299999998e-02         1.2944422559999999e-01         6.4074490000000004e-04         3.8275320000000001e-04         1.2375919000000000e-03         2.1380648000000001e-03
12                                     1.8978590000000000e-04        -5.6666479999999998e-03         6.7722080000000003e-04         6.4074490000000004e-04         6.7418772000000004e-03         2.2629199999999999e-03        -1.1485021999999999e-02         5.4005030000000003e-04
13                                     3.8606310000000000e-04         6.7464249999999999e-04        -6.4529323999999999e-03         3.8275320000000001e-04         2.2629199999999999e-03         4.1300432999999996e-03        -6.6438089999999997e-03        -9.2700400000000004e-05
14                                    -1.7408084999999999e-03        -5.1866509999999996e-03        -2.9924269000000002e-03         1.2375919000000000e-03        -1.1485021999999999e-02        -6.6438089999999997e-03         3.1657747299999997e-02         1.7576974000000000e-03
15                                    -2.3231172000000001e-02         4.1614950999999999e-03         2.6315151000000001e-03         2.1380648000000001e-03         5.4005030000000003e-04        -9.2700400000000004e-05         1.7576974000000000e-03         4.0614377200000003e-02
16                                     5.1038691999999997e-03         2.6367655999999999e-03         1.1447237000000001e-03         1.2443184000000000e-03        -9.7799600000000005e-05         6.4557030000000004e-04         1.0170680000000001e-03         1.3418653600000000e-02
17                                    -1.1385856800000000e-02        -6.7804904000000003e-03        -3.9102633999999999e-03        -1.3997466500000000e-02         2.3886036999999998e-03         1.3869942000000000e-03        -1.8039926999999999e-03         4.8981275300000002e-02
                                                        16                          17

0                                     -6.3580175000000003e-03        -3.0759833500000000e-02
1                                     -2.4796819400000000e-02        -1.7778661899999999e-02
2                                     -1.3004324300000000e-02        -6.7029451099999998e-02
3                                     -1.0618855300000000e-02        -5.9129148000000003e-03
4                                     -4.8455273999999998e-03        -5.7919004000000001e-03
5                                     -2.2681755099999999e-02        -1.1411586499999999e-02
6                                      1.0192533000000000e-03        -7.9166402000000000e-03
7                                      2.7034185000000001e-03        -2.2269922999999998e-03
8                                      5.1038691999999997e-03        -1.1385856800000000e-02
9                                      2.6367655999999999e-03        -6.7804904000000003e-03
10                                     1.1447237000000001e-03        -3.9102633999999999e-03
11                                     1.2443184000000000e-03        -1.3997466500000000e-02
12                                    -9.7799600000000005e-05         2.3886036999999998e-03
13                                     6.4557030000000004e-04         1.3869942000000000e-03
14                                     1.0170680000000001e-03        -1.8039926999999999e-03
15                                     1.3418653600000000e-02         4.8981275300000002e-02
16                                     2.5148634300000000e-02         2.8320823799999999e-02
17                                     2.8320823799999999e-02         1.0562835370000000e-01
   &MODES [&Type "ArrayOfDoubles", &Dim (18,18)] "The modes of vibrations"
                                                         0                           1                           2                           3                           4                           5                           6                           7

0                                      0.0000000000000000e+00         0.0000000000000000e+00         0.0000000000000000e+00         0.0000000000000000e+00         0.0000000000000000e+00         0.0000000000000000e+00        -1.2327209513615352e-01        -1.3061481417415954e-01
1                                      0.0000000000000000e+00         0.0000000000000000e+00         0.0000000000000000e+00         0.0000000000000000e+00         0.0000000000000000e+00         0.0000000000000000e+00        -7.1315214962263507e-02        -7.5633949658432106e-02
2                                      0.0000000000000000e+00         0.0000000000000000e+00         0.0000000000000000e+00         0.0000000000000000e+00         0.0000000000000000e+00         0.0000000000000000e+00         5.2039586990421514e-02         5.8207347451504285e-02
3                                      0.0000000000000000e+00         0.0000000000000000e+00         0.0000000000000000e+00         0.0000000000000000e+00         0.0000000000000000e+00         0.0000000000000000e+00        -1.2232441657868956e-01        -1.2616536226675099e-01
4                                      0.0000000000000000e+00         0.0000000000000000e+00         0.0000000000000000e+00         0.0000000000000000e+00         0.0000000000000000e+00         0.0000000000000000e+00        -7.2277709456836314e-02        -7.5125089073167048e-02
5                                      0.0000000000000000e+00         0.0000000000000000e+00         0.0000000000000000e+00         0.0000000000000000e+00         0.0000000000000000e+00         0.0000000000000000e+00         1.0031710601779925e-01         1.2275757874587287e-01
6                                      0.0000000000000000e+00         0.0000000000000000e+00         0.0000000000000000e+00         0.0000000000000000e+00         0.0000000000000000e+00         0.0000000000000000e+00        -1.2329119054163905e-01        -1.2730436274936366e-01
7                                      0.0000000000000000e+00         0.0000000000000000e+00         0.0000000000000000e+00         0.0000000000000000e+00         0.0000000000000000e+00         0.0000000000000000e+00        -6.9382594760962632e-02        -7.0762240008427957e-02
8                                      0.0000000000000000e+00         0.0000000000000000e+00         0.0000000000000000e+00         0.0000000000000000e+00         0.0000000000000000e+00         0.0000000000000000e+00         1.0011592893071029e-01         1.2225264952292453e-01
9                                      0.0000000000000000e+00         0.0000000000000000e+00         0.0000000000000000e+00         0.0000000000000000e+00         0.0000000000000000e+00         0.0000000000000000e+00        -1.5535880276798067e-01        -1.7844782014272506e-01
10                                     0.0000000000000000e+00         0.0000000000000000e+00         0.0000000000000000e+00         0.0000000000000000e+00         0.0000000000000000e+00         0.0000000000000000e+00        -9.0184545999398805e-02        -1.0388568807922761e-01
11                                     0.0000000000000000e+00         0.0000000000000000e+00         0.0000000000000000e+00         0.0000000000000000e+00         0.0000000000000000e+00         0.0000000000000000e+00         1.0317482081588713e-02         1.3563308319819925e-02
12                                     0.0000000000000000e+00         0.0000000000000000e+00         0.0000000000000000e+00         0.0000000000000000e+00         0.0000000000000000e+00         0.0000000000000000e+00         4.2812151956768366e-02         6.7459192810923371e-02
13                                     0.0000000000000000e+00         0.0000000000000000e+00         0.0000000000000000e+00         0.0000000000000000e+00         0.0000000000000000e+00         0.0000000000000000e+00         2.4757112457651529e-02         3.9056474735168704e-02
14                                     0.0000000000000000e+00         0.0000000000000000e+00         0.0000000000000000e+00         0.0000000000000000e+00         0.0000000000000000e+00         0.0000000000000000e+00         1.4553728312769143e-01        -1.4582048714575305e-01
15                                     0.0000000000000000e+00         0.0000000000000000e+00         0.0000000000000000e+00         0.0000000000000000e+00         0.0000000000000000e+00         0.0000000000000000e+00         1.3409988447723028e-02         9.0437756388487851e-03
16                                     0.0000000000000000e+00         0.0000000000000000e+00         0.0000000000000000e+00         0.0000000000000000e+00         0.0000000000000000e+00         0.0000000000000000e+00         7.7588364638325209e-03         5.2342385935769953e-03
17                                     0.0000000000000000e+00         0.0000000000000000e+00         0.0000000000000000e+00         0.0000000000000000e+00         0.0000000000000000e+00         0.0000000000000000e+00        -4.5086374284958375e-02         2.2659912887029694e-02
                                                         8                           9                          10                          11                          12                          13                          14                          15

0                                      4.8155978984625515e-02        -8.4493578051410154e-02         7.7550768537300765e-02        -4.9028221647232299e-02         2.2827982179968891e-02         2.9052442770537434e-02        -6.0578851148950889e-02        -4.2876427365014805e-02
1                                     -8.2674181449942832e-02        -4.8789320717638023e-02         4.5112528543472301e-02         8.4474583473648390e-02         1.3174328168033307e-02        -5.0150286000734200e-02        -3.5048808636358939e-02        -2.4875835831591954e-02
2                                     -9.2842810195905187e-05        -2.2818681208224503e-01        -2.8995096110614921e-02         1.7022753758651771e-04         9.7719768350941566e-02        -1.1603500974707235e-05         1.0824993908086000e-02         5.8279795208331348e-02
3                                     -4.7428179586143077e-01        -6.7563124450404577e-02        -3.4744661105552591e-02         3.3100134259525166e-01        -7.3785073117839911e-02        -1.4951020058716635e-01         6.6729101092986987e-01        -1.4202519563323215e-02
4                                     -3.9847825246166375e-02        -4.6193294377068164e-02         3.2156973933015809e-02         2.9365859798845140e-02         1.8119061669404208e-02        -1.0974679769594153e-02        -5.8999184443266281e-02        -4.2981541055127470e-02
5                                      2.4573963668029272e-01        -1.6028509661599977e-01         3.9703411113522219e-01         5.2109114841146686e-01        -5.2155271658433466e-01         4.0045786933513849e-01        -6.5239535544314832e-03         9.4343153826787433e-03
6                                      2.7099502627537558e-01        -7.3832635045632200e-02         1.0071795451391296e-02        -1.9059597680430682e-01        -2.1317358715087532e-02         8.3932966891376415e-02         2.8113409642222947e-01        -4.4429269646539107e-02
7                                      3.9186818551567604e-01        -3.5504371400116669e-02        -4.7424572573110182e-02        -2.7191429635376063e-01        -7.2563087885884142e-02         1.2474173077490792e-01         6.0794333938686962e-01         9.1486853100509417e-03
8                                     -2.4566534810070981e-01        -1.6058844311703252e-01         3.9568077543436403e-01        -5.2244887666645945e-01        -5.2108553474123165e-01        -4.0078289745505963e-01        -6.0061563635281159e-03         9.4180654963435407e-03
9                                      2.6351003233282722e-01        -6.6768184351025467e-02        -4.2510535386815218e-01         1.6538991928637065e-01        -3.7644901394192898e-01        -3.8373365432765660e-01        -1.3595377824991201e-01         5.7202172554852260e-01
10                                    -4.5460830888512865e-01        -3.8797024761820696e-02        -2.4638122055413278e-01        -2.8425288311933289e-01        -2.1810556190323857e-01         6.6195962810877451e-01        -7.8901165360194675e-02         3.3176735862761986e-01
11                                    -3.7326920111148475e-04        -2.1514951138224678e-01        -5.6629434582840732e-01         6.3678018073359268e-04        -3.5292657241683884e-01         1.9841299652581838e-04        -9.9716048059397475e-02        -6.9330873474645915e-01
12                                    -1.9823283859738559e-02        -7.7226584572423398e-03         2.6901299338808020e-03        -1.7153674157851118e-03         1.7854550595993220e-03         2.0404390014546439e-03         1.4451631715446263e-04        -6.7878486056836807e-04
13                                     3.4039426459214060e-02        -4.4573334213027114e-03         1.5530943879844164e-03         2.9667398732462560e-03         1.0351744970627517e-03        -3.5274334630710975e-03         8.5671257396366388e-05        -3.9724396678130392e-04
14                                     9.3373094442128070e-05         2.8943867526912297e-02         4.5283864300327157e-03        -2.1265289188889050e-05         1.1852401611546662e-03         8.0931014495535650e-06         9.8322557604401555e-04        -1.7379020202769966e-03
15                                    -3.2854038256041286e-03         1.7163913476145386e-02        -6.6231905395105761e-03         3.9202111766215098e-03         2.0928271358595890e-03         8.1592271415611387e-04        -1.1777727106164759e-03         1.3000335460452097e-04
16                                     5.6286260541634362e-03         9.9142377914990826e-03        -3.8499406479448424e-03        -6.7580803001537062e-03         1.2118508648714642e-03        -1.4088013324250030e-03        -6.8159794138653918e-04         7.5250640157178771e-05
17                                    -4.4730236351404072e-06         3.4182571216117230e-02         4.2550574367617485e-04        -1.1437914031139014e-05         2.6345433302574243e-03         1.4173335826165722e-06        -4.4498365560111640e-04         1.6107693407172374e-04
                                                        16                          17

0                                     -5.2219597348313093e-02         4.3517977613714183e-02
1                                     -2.9580472602029811e-02        -7.5946674802897254e-02
2                                      1.5787650418855890e-03        -3.0860792773645944e-05
3                                      2.1384920728091020e-02         7.1080781928976849e-02
4                                      6.8381482287903705e-01         6.7129258708858752e-01
5                                      1.1380404618139656e-02         3.7483138517532249e-03
6                                      6.1159738673224850e-01        -6.0963770941478213e-01
7                                     -3.2548517899090279e-01         2.6852778461480181e-01
8                                      1.0856668208954081e-02        -3.0626417755674376e-03
9                                      4.8965792655032070e-03         1.8004621943320902e-02
10                                     3.0965428522936149e-03        -3.1119480093597298e-02
11                                    -2.7804366300365414e-02        -1.1907310450398071e-04
12                                    -3.0916450504633002e-05        -9.5059340172830794e-05
13                                    -1.7753624849533119e-05         1.6523436066843015e-04
14                                     2.3545850272995027e-04         6.4319069186848146e-07
15                                    -1.9004985409729739e-04         4.7912793655898208e-05
16                                    -1.0875164513741510e-04        -8.6534544043175007e-05
17                                    -2.2307829451681559e-04        -2.6618537949326305e-06
$End
$THERMOCHEMISTRY_Energies
   &GeometryIndex 9
   &temperature [&Type "Double"]       2.9814999999999998e+02
   &pressure [&Type "Double"]       1.0000000000000000e+00
   &totalMass [&Type "Double"]       1.1393300000000001e+02
   &spinDegeneracy [&Type "Integer"] 1
   &elEnergy [&Type "Double"]      -1.2689323393390000e+01
   &transEnergy [&Type "Double"]       1.4162714244859817e-03
   &rotEnergy [&Type "Double"]       1.4162714244859817e-03
   &vibEnergy [&Type "Double"]       1.8583922483330962e-03
   &numOfFreqs [&Type "Integer"] 18
   &freqScalingFactor [&Type "Double"]       1.0000000000000000e+00
   &FREQ [&Type "ArrayOfDoubles", &Units "cm^-1", &Dim (18,1)] 
                                                         0

0                                      0.0000000000000000e+00
1                                      0.0000000000000000e+00
2                                      0.0000000000000000e+00
3                                      0.0000000000000000e+00
4                                      0.0000000000000000e+00
5                                      0.0000000000000000e+00
6                                      9.3460483379796486e+01
7                                      2.9354310135392421e+02
8                                      3.2319438672245030e+02
9                                      5.5660429548436821e+02
10                                     9.4525543404733219e+02
11                                     1.0103993887796138e+03
12                                     1.3173340546903846e+03
13                                     1.3947616936443337e+03
14                                     1.4371180967617418e+03
15                                     2.4229183707736706e+03
16                                     3.0130750035758142e+03
17                                     3.0199228734871344e+03
   &zpe [&Type "Double"]       3.6057896773310387e-02
   &innerEnergyU [&Type "Double"]      -1.2648574561519384e+01
   &enthalpyH [&Type "Double"]      -1.2647630352477124e+01
   &qEl [&Type "Double"]       0.0000000000000000e+00
   &qRot [&Type "Double"]       1.2195187820408763e-02
   &qVib [&Type "Double"]       3.2127098590777215e-03
   &qTrans [&Type "Double"]       1.9055981088661803e-02
   &entropyS [&Type "Double"]       3.4463878768148284e-02
   &freeEnergyG [&Type "Double"]      -1.2682094231245273e+01
   &isLinear [&Type "Boolean"] false
$End
$Calculation_Info
   &GeometryIndex 9
   &Mult [&Type "Integer"] 1
   &Charge [&Type "Integer"] -1
   &NumOfAtoms [&Type "Integer"] 6
   &NumOfElectrons [&Type "Integer"] 0
   &NumOfBasisFuncts [&Type "Integer"] 0
   &NumOfAuxCBasisFuncts [&Type "Integer"] 0
   &NumOfAuxJBasisFuncts [&Type "Integer"] 0
   &NumOfAuxJKBasisFuncts [&Type "Integer"] 0
   &NumOfCABSBasisFuncts [&Type "Integer"] 0
$End
$Calculation_Timings
   &GeometryIndex 9
   &GSTEP [&Type "Double"]       1.4676999999999718e-02
   &XTB [&Type "Double"]       1.4593940000000001e+00
   &XTBGRAD [&Type "Double"]       2.5430000000002950e-03
   &SUM [&Type "Double"]       1.4766140000000001e+00
$End
