
$orca_hessian_file

$act_atom
  0

$act_coord
  0

$act_energy
      -12.689323

$multiplicity
  1

$hessian
18
                    0                  1                  2                  3                  4        
    0      4.0853179730E-01  -3.8746046300E-02  -5.2793514000E-02  -4.1810219900E-02  -1.6847613300E-02
    1     -3.8746046300E-02   4.5315050730E-01  -3.0451292500E-02  -2.5265839600E-02  -2.8918103510E-01
    2     -5.2793514000E-02  -3.0451292500E-02   2.9466748570E-01   1.3227454000E-03  -6.0070830000E-04
    3     -4.1810219900E-02  -2.5265839600E-02   1.3227454000E-03   4.4731584600E-02   1.9373210400E-02
    4     -1.6847613300E-02  -2.8918103510E-01  -6.0070830000E-04   1.9373210400E-02   3.2210516680E-01
    5      8.5998530000E-04   1.2967647000E-03  -3.8218784300E-02   3.7940690000E-03   3.6339109000E-03
    6     -2.4599036970E-01   1.0039490480E-01   2.9027390000E-04   6.8946850000E-04   1.3250547000E-03
    7      9.1995129600E-02  -8.4971442100E-02   1.3626771000E-03   3.1250672700E-02  -1.8000995400E-02
    8      1.7302740000E-03   1.6088900000E-05  -3.8230212900E-02  -1.4800300000E-05   1.4361152000E-03
    9     -8.7619054600E-02  -2.8189910200E-02   6.5838778500E-02  -1.1887740000E-04   1.1800670000E-04
   10     -2.8192785600E-02  -5.5339530500E-02   3.8173018600E-02  -1.4781651800E-02  -1.0720571200E-02
   11      6.9801111100E-02   4.0463722300E-02  -1.2358231160E-01  -6.8452810000E-04  -4.0832110000E-04
   12     -9.9180130000E-04  -1.8419626000E-03   7.8345677000E-03  -6.7578880000E-04  -6.1807920000E-04
   13     -1.8506670000E-03   1.1383198000E-03   4.5206294000E-03   4.2463700000E-05   6.4296230000E-04
   14      1.1161977100E-02   6.4533784000E-03  -2.7606725700E-02   1.4954289000E-03   1.7309037000E-03
   15     -3.2120351800E-02  -6.3511461000E-03  -2.2492851500E-02  -2.8161670000E-03  -3.3505793000E-03
   16     -6.3580175000E-03  -2.4796819400E-02  -1.3004324300E-02  -1.0618855300E-02  -4.8455274000E-03
   17     -3.0759833500E-02  -1.7778661900E-02  -6.7029451100E-02  -5.9129148000E-03  -5.7919004000E-03
                    5                  6                  7                  8                  9        
    0      8.5998530000E-04  -2.4599036970E-01   9.1995129600E-02   1.7302740000E-03  -8.7619054600E-02
    1      1.2967647000E-03   1.0039490480E-01  -8.4971442100E-02   1.6088900000E-05  -2.8189910200E-02
    2     -3.8218784300E-02   2.9027390000E-04   1.3626771000E-03  -3.8230212900E-02   6.5838778500E-02
    3      3.7940690000E-03   6.8946850000E-04   3.1250672700E-02  -1.4800300000E-05  -1.1887740000E-04
    4      3.6339109000E-03   1.3250547000E-03  -1.8000995400E-02   1.4361152000E-03   1.1800670000E-04
    5      4.6897326000E-02   1.2353603000E-03  -7.5928350000E-04   1.0192041000E-03   8.3227940000E-04
    6      1.2353603000E-03   2.7003482530E-01  -1.1002227220E-01   4.8330316000E-03  -1.4406830900E-02
    7     -7.5928350000E-04  -1.1002227220E-01   9.6783651800E-02   1.5731584000E-03  -6.5854878000E-03
    8      1.0192041000E-03   4.8330316000E-03   1.5731584000E-03   4.6897366600E-02   1.6492880700E-02
    9      8.3227940000E-04  -1.4406830900E-02  -6.5854878000E-03   1.6492880700E-02   1.0364991580E-01
   10      1.8542993800E-02   8.3197182000E-03   3.5893305000E-03  -8.5152948000E-03   3.1345983300E-02
   11      3.4576531000E-03  -6.9859550000E-04  -3.8444550000E-04   3.4403075000E-03  -7.1196797100E-02
   12      4.3131990000E-04   5.2310600000E-05  -3.8229940000E-04   1.8978590000E-04  -5.6666480000E-03
   13     -3.2630900000E-05  -1.0366588000E-03  -1.0396330000E-04   3.8606310000E-04   6.7464250000E-04
   14     -1.7438123000E-03   2.2565697000E-03   4.3488570000E-04  -1.7408085000E-03  -5.1866510000E-03
   15     -7.1530139000E-03  -1.0379403900E-02  -6.2557429000E-03  -2.3231172000E-02   4.1614951000E-03
   16     -2.2681755100E-02   1.0192533000E-03   2.7034185000E-03   5.1038692000E-03   2.6367656000E-03
   17     -1.1411586500E-02  -7.9166402000E-03  -2.2269923000E-03  -1.1385856800E-02  -6.7804904000E-03
                   10                 11                 12                 13                 14        
    0     -2.8192785600E-02   6.9801111100E-02  -9.9180130000E-04  -1.8506670000E-03   1.1161977100E-02
    1     -5.5339530500E-02   4.0463722300E-02  -1.8419626000E-03   1.1383198000E-03   6.4533784000E-03
    2      3.8173018600E-02  -1.2358231160E-01   7.8345677000E-03   4.5206294000E-03  -2.7606725700E-02
    3     -1.4781651800E-02  -6.8452810000E-04  -6.7578880000E-04   4.2463700000E-05   1.4954289000E-03
    4     -1.0720571200E-02  -4.0832110000E-04  -6.1807920000E-04   6.4296230000E-04   1.7309037000E-03
    5      1.8542993800E-02   3.4576531000E-03   4.3131990000E-04  -3.2630900000E-05  -1.7438123000E-03
    6      8.3197182000E-03  -6.9859550000E-04   5.2310600000E-05  -1.0366588000E-03   2.2565697000E-03
    7      3.5893305000E-03  -3.8444550000E-04  -3.8229940000E-04  -1.0396330000E-04   4.3488570000E-04
    8     -8.5152948000E-03   3.4403075000E-03   1.8978590000E-04   3.8606310000E-04  -1.7408085000E-03
    9      3.1345983300E-02  -7.1196797100E-02  -5.6666480000E-03   6.7464250000E-04  -5.1866510000E-03
   10      6.7778979800E-02  -4.1298027300E-02   6.7722080000E-04  -6.4529324000E-03  -2.9924269000E-03
   11     -4.1298027300E-02   1.2944422560E-01   6.4074490000E-04   3.8275320000E-04   1.2375919000E-03
   12      6.7722080000E-04   6.4074490000E-04   6.7418772000E-03   2.2629200000E-03  -1.1485022000E-02
   13     -6.4529324000E-03   3.8275320000E-04   2.2629200000E-03   4.1300433000E-03  -6.6438090000E-03
   14     -2.9924269000E-03   1.2375919000E-03  -1.1485022000E-02  -6.6438090000E-03   3.1657747300E-02
   15      2.6315151000E-03   2.1380648000E-03   5.4005030000E-04  -9.2700400000E-05   1.7576974000E-03
   16      1.1447237000E-03   1.2443184000E-03  -9.7799600000E-05   6.4557030000E-04   1.0170680000E-03
   17     -3.9102634000E-03  -1.3997466500E-02   2.3886037000E-03   1.3869942000E-03  -1.8039927000E-03
                   15                 16                 17        
     0     -3.2120351800E-02  -6.3580175000E-03  -3.0759833500E-02
     1     -6.3511461000E-03  -2.4796819400E-02  -1.7778661900E-02
     2     -2.2492851500E-02  -1.3004324300E-02  -6.7029451100E-02
     3     -2.8161670000E-03  -1.0618855300E-02  -5.9129148000E-03
     4     -3.3505793000E-03  -4.8455274000E-03  -5.7919004000E-03
     5     -7.1530139000E-03  -2.2681755100E-02  -1.1411586500E-02
     6     -1.0379403900E-02   1.0192533000E-03  -7.9166402000E-03
     7     -6.2557429000E-03   2.7034185000E-03  -2.2269923000E-03
     8     -2.3231172000E-02   5.1038692000E-03  -1.1385856800E-02
     9      4.1614951000E-03   2.6367656000E-03  -6.7804904000E-03
    10      2.6315151000E-03   1.1447237000E-03  -3.9102634000E-03
    11      2.1380648000E-03   1.2443184000E-03  -1.3997466500E-02
    12      5.4005030000E-04  -9.7799600000E-05   2.3886037000E-03
    13     -9.2700400000E-05   6.4557030000E-04   1.3869942000E-03
    14      1.7576974000E-03   1.0170680000E-03  -1.8039927000E-03
    15      4.0614377200E-02   1.3418653600E-02   4.8981275300E-02
    16      1.3418653600E-02   2.5148634300E-02   2.8320823800E-02
    17      4.8981275300E-02   2.8320823800E-02   1.0562835370E-01

$vibrational_frequencies
18
    0        0.0000000000000000
    1        0.0000000000000000
    2        0.0000000000000000
    3        0.0000000000000000
    4        0.0000000000000000
    5        0.0000000000000000
    6       93.4604833797964858
    7      293.5431013539242144
    8      323.1943867224503038
    9      556.6042954843682082
   10      945.2554340473321872
   11     1010.3993887796137869
   12     1317.3340546903846189
   13     1394.7616936443337181
   14     1437.1180967617417537
   15     2422.9183707736706310
   16     3013.0750035758142076
   17     3019.9228734871344386

$normal_modes
18 18
                    0                  1                  2                  3                  4        
    0      0.0000000000E+00   0.0000000000E+00   0.0000000000E+00   0.0000000000E+00   0.0000000000E+00
    1      0.0000000000E+00   0.0000000000E+00   0.0000000000E+00   0.0000000000E+00   0.0000000000E+00
    2      0.0000000000E+00   0.0000000000E+00   0.0000000000E+00   0.0000000000E+00   0.0000000000E+00
    3      0.0000000000E+00   0.0000000000E+00   0.0000000000E+00   0.0000000000E+00   0.0000000000E+00
    4      0.0000000000E+00   0.0000000000E+00   0.0000000000E+00   0.0000000000E+00   0.0000000000E+00
    5      0.0000000000E+00   0.0000000000E+00   0.0000000000E+00   0.0000000000E+00   0.0000000000E+00
    6      0.0000000000E+00   0.0000000000E+00   0.0000000000E+00   0.0000000000E+00   0.0000000000E+00
    7      0.0000000000E+00   0.0000000000E+00   0.0000000000E+00   0.0000000000E+00   0.0000000000E+00
    8      0.0000000000E+00   0.0000000000E+00   0.0000000000E+00   0.0000000000E+00   0.0000000000E+00
    9      0.0000000000E+00   0.0000000000E+00   0.0000000000E+00   0.0000000000E+00   0.0000000000E+00
   10      0.0000000000E+00   0.0000000000E+00   0.0000000000E+00   0.0000000000E+00   0.0000000000E+00
   11      0.0000000000E+00   0.0000000000E+00   0.0000000000E+00   0.0000000000E+00   0.0000000000E+00
   12      0.0000000000E+00   0.0000000000E+00   0.0000000000E+00   0.0000000000E+00   0.0000000000E+00
   13      0.0000000000E+00   0.0000000000E+00   0.0000000000E+00   0.0000000000E+00   0.0000000000E+00
   14      0.0000000000E+00   0.0000000000E+00   0.0000000000E+00   0.0000000000E+00   0.0000000000E+00
   15      0.0000000000E+00   0.0000000000E+00   0.0000000000E+00   0.0000000000E+00   0.0000000000E+00
   16      0.0000000000E+00   0.0000000000E+00   0.0000000000E+00   0.0000000000E+00   0.0000000000E+00
   17      0.0000000000E+00   0.0000000000E+00   0.0000000000E+00   0.0000000000E+00   0.0000000000E+00
                    5                  6                  7                  8                  9        
    0      0.0000000000E+00  -3.2764458120E-01  -3.1702870027E-01   5.1894025635E-02  -1.9848710770E-01
    1      0.0000000000E+00  -1.8954852446E-01  -1.8357896773E-01  -8.9091659685E-02  -1.1461286620E-01
    2      0.0000000000E+00   1.3831588298E-01   1.4128106238E-01  -1.0004961531E-04  -5.3604239978E-01
    3      0.0000000000E+00  -3.2512574883E-01  -3.0622897618E-01  -5.1109731733E-01  -1.5871512923E-01
    4      0.0000000000E+00  -1.9210673607E-01  -1.8234385967E-01  -4.2940962024E-02  -1.0851444107E-01
    5      0.0000000000E+00   2.6663257530E-01   2.9795759298E-01   2.6481486358E-01  -3.7653187341E-01
    6      0.0000000000E+00  -3.2769533483E-01  -3.0899356184E-01   2.9203067068E-01  -1.7344307724E-01
    7      0.0000000000E+00  -1.8441181825E-01  -1.7175433828E-01   4.2228645525E-01  -8.3404681780E-02
    8      0.0000000000E+00   2.6609786724E-01   2.9673202713E-01  -2.6473480844E-01  -3.7724447632E-01
    9      0.0000000000E+00  -4.1292775800E-01  -4.3312912738E-01   2.8396466360E-01  -1.5684770492E-01
   10      0.0000000000E+00  -2.3970127037E-01  -2.5215167879E-01  -4.8989670094E-01  -9.1139580189E-02
   11      0.0000000000E+00   2.7422808803E-02   3.2920905911E-02  -4.0224374833E-04  -5.0541597624E-01
   12      0.0000000000E+00   1.1379030739E-01   1.6373717142E-01  -2.1362041069E-02  -1.8141593435E-02
   13      0.0000000000E+00   6.5801864842E-02   9.4798002055E-02   3.6681693665E-02  -1.0470893046E-02
   14      0.0000000000E+00   3.8682316648E-01  -3.5393595899E-01   1.0062106220E-04   6.7993150290E-02
   15      0.0000000000E+00   3.5642373434E-02   2.1951081540E-02  -3.5404291210E-03   4.0320408027E-02
   16      0.0000000000E+00   2.0622191267E-02   1.2704560878E-02   6.0655409962E-03   2.3289916579E-02
   17      0.0000000000E+00  -1.1983495700E-01   5.5000213998E-02  -4.8202364084E-06   8.0299590227E-02
                   10                 11                 12                 13                 14        
    0      8.2209298337E-02  -5.2177062616E-02   2.4346567560E-02   2.9730713146E-02  -6.2577622135E-02
    1      4.7822470205E-02   8.9899969513E-02   1.4050723725E-02  -5.1321115372E-02  -3.6205227758E-02
    2     -3.0736852148E-02   1.8116041311E-04   1.0422037845E-01  -1.1874401120E-05   1.1182159542E-02
    3     -3.6831797599E-02   3.5225992700E-01  -7.8693475992E-02  -1.5300072772E-01   6.8930796713E-01
    4      3.4088666219E-02   3.1251884201E-02   1.9324395629E-02  -1.1230899194E-02  -6.0945835062E-02
    5      4.2088423246E-01   5.5455826391E-01  -5.5624795703E-01   4.0980712480E-01  -6.7392083642E-03
    6      1.0676815365E-02  -2.0283701676E-01  -2.2735452922E-02   8.5892500738E-02   2.9040998503E-01
    7     -5.0273400363E-02  -2.8937801108E-01  -7.7390200662E-02   1.2765400294E-01   6.2800214679E-01
    8      4.1944960092E-01  -5.5600319236E-01  -5.5574969686E-01  -4.1013974116E-01  -6.2043266961E-03
    9     -4.5064173470E-01   1.7601209843E-01  -4.0149152381E-01  -3.9269245933E-01  -1.4043950986E-01
   10     -2.6118151563E-01  -3.0250904444E-01  -2.3261459363E-01   6.7741401206E-01  -8.1504472573E-02
   11     -6.0031204978E-01   6.7767743244E-04  -3.7640429940E-01   2.0304522861E-04  -1.0300613263E-01
   12      2.8517279515E-03  -1.8255370082E-03   1.9042288491E-03   2.0880759364E-03   1.4928456575E-04
   13      1.6463898720E-03   3.1572789494E-03   1.1040373885E-03  -3.6097863873E-03   8.8497940643E-05
   14      4.8004098223E-03  -2.2631053876E-05   1.2640858676E-03   8.2820463517E-06   1.0156666461E-03
   15     -7.0210503039E-03   4.1719870140E-03   2.2320482316E-03   8.3497158416E-04  -1.2166327728E-03
   16     -4.0812093197E-03  -7.1921184807E-03   1.2924667946E-03  -1.4416917925E-03  -7.0408694809E-04
   17      4.5106617621E-04  -1.2172514861E-05   2.8098010010E-03   1.4504232401E-06  -4.5966568412E-04
                   15                 16                 17        
     0     -4.4506334374E-02  -5.3499907314E-02   4.5658657148E-02
     1     -2.5821467305E-02  -3.0305720895E-02  -7.9682544468E-02
     2      6.0495246740E-02   1.6174728972E-03  -3.2378856597E-05
     3     -1.4742414970E-02   2.1909232069E-02   7.4577294945E-02
     4     -4.4615443862E-02   7.0058046215E-01   7.0431393554E-01
     5      9.7929519975E-03   1.1659427173E-02   3.9326960126E-03
     6     -4.6118206492E-02   6.2659241291E-01  -6.3962621162E-01
     7      9.4964639666E-03  -3.3346536152E-01   2.8173685278E-01
     8      9.7760843870E-03   1.1122849896E-02  -3.2132952510E-03
     9      5.9376659276E-01   5.0166326468E-03   1.8890281798E-02
    10      3.4437918233E-01   3.1724632897E-03  -3.2650268926E-02
    11     -7.1966421340E-01  -2.8486068364E-02  -1.2493039319E-04
    12     -7.0458822782E-04  -3.1674454045E-05  -9.9735375117E-05
    13     -4.1234482209E-04  -1.8188904782E-05   1.7336235359E-04
    14     -1.8039667290E-03   2.4123142866E-04   6.7482968858E-07
    15      1.3494530970E-04  -1.9470945958E-04   5.0269657243E-05
    16      7.8111222378E-05  -1.1141799689E-04  -9.0791238347E-05
    17      1.6720012203E-04  -2.2854768490E-04  -2.7927922313E-06

#
# The atoms: label  mass x y z (in bohrs)
#
$atoms
6
 C     12.01100      1.370454038464     0.791832103861     1.511589324927
 H      1.00800      1.548842419954     2.839237050234     1.539576951117
 H      1.00800      3.234764775966    -0.073158329093     1.537923854874
 H      1.00800      0.228232790039     0.129709474390     3.175557896589
 F     18.99800     -0.655594963400    -0.379426102344     6.054757104514
 Br    79.90000     -0.113360013106    -0.065348095222    -1.745770438366

$actual_temperature
  0.000000

$frequency_scale_factor
  1.000000


$end

