*************************************************
******************* ORCA 6.1.0 ******************
*************************************************
$Calculation_Status
   &GeometryIndex 0
   &version [&Type "String"] "6.1.0"
   &progName [&Type "String"] "orca"
   &Status [&Type "String"] "NORMAL TERMINATION"
$End
$Geometry
   &GeometryIndex 1
   &NAtoms [&Type "Integer"] 6
   &NCorelessECP [&Type "Integer"] 0
   &NGhostAtoms [&Type "Integer"] 0
   &CartesianCoordinates [&Type "Coordinates", &Dim(6,4), &Units "Bohr"] 
              C      0.672211490632    0.374262150549   -0.573598022060
              H      0.880837255817    2.415548099863   -0.476163742595
              H      2.517956138513   -0.523132885653   -0.476524680286
              H     -0.539403427666   -0.300954004636    1.016716123751
              F     -1.189276465670   -0.662356568844    4.059500232259
              Br    -0.635645289941   -0.354042080916   -3.948325754074
$End
$Single_Point_Data
   &GeometryIndex 1
   &FinalEnergy [&Type "Double"]      -1.2689105472820000e+01  "Final single point energy"
   &Converged [&Type "Boolean"] true
$End
$Geometry
   &GeometryIndex 2
   &NAtoms [&Type "Integer"] 6
   &NCorelessECP [&Type "Integer"] 0
   &NGhostAtoms [&Type "Integer"] 0
   &CartesianCoordinates [&Type "Coordinates", &Dim(6,4), &Units "Bohr"] 
              C      0.678694509960    0.377805060405   -0.569208090143
              H      0.887761407084    2.419827183804   -0.476624587686
              H      2.524990012444   -0.519464392588   -0.476968493043
              H     -0.531891141816   -0.296804100794    1.020401839626
              F     -1.200507367731   -0.668641685919    4.034742837917
              Br    -0.652367718256   -0.363397354545   -3.930739349677
$End
$Single_Point_Data
   &GeometryIndex 2
   &FinalEnergy [&Type "Double"]      -1.2689153100970000e+01  "Final single point energy"
   &Converged [&Type "Boolean"] true
$End
$Geometry
   &GeometryIndex 3
   &NAtoms [&Type "Integer"] 6
   &NCorelessECP [&Type "Integer"] 0
   &NGhostAtoms [&Type "Integer"] 0
   &CartesianCoordinates [&Type "Coordinates", &Dim(6,4), &Units "Bohr"] 
              C      0.698319540558    0.388608903762   -0.564674661281
              H      0.908947292940    2.431777753670   -0.487736276288
              H      2.546059234288   -0.507687896383   -0.488047966073
              H     -0.510427331090   -0.284882703141    1.032475040273
              F     -1.243702307488   -0.692717563221    4.000177186326
              Br    -0.692516727523   -0.385773784325   -3.890589165962
$End
$Single_Point_Data
   &GeometryIndex 3
   &FinalEnergy [&Type "Double"]      -1.2689220458050000e+01  "Final single point energy"
   &Converged [&Type "Boolean"] true
$End
$Geometry
   &GeometryIndex 4
   &NAtoms [&Type "Integer"] 6
   &NCorelessECP [&Type "Integer"] 0
   &NGhostAtoms [&Type "Integer"] 0
   &CartesianCoordinates [&Type "Coordinates", &Dim(6,4), &Units "Bohr"] 
              C      0.713940660930    0.397267746081   -0.563491866649
              H      0.925392575869    2.440569512390   -0.501423934605
              H      2.562308219357   -0.498325182392   -0.501727886302
              H     -0.489245827947   -0.273057243918    1.045573738871
              F     -1.284325396926   -0.715322178063    3.983617666478
              Br    -0.721390529599   -0.401807943734   -3.860943560799
$End
$Single_Point_Data
   &GeometryIndex 4
   &FinalEnergy [&Type "Double"]      -1.2689256818860001e+01  "Final single point energy"
   &Converged [&Type "Boolean"] true
$End
$Geometry
   &GeometryIndex 5
   &NAtoms [&Type "Integer"] 6
   &NCorelessECP [&Type "Integer"] 0
   &NGhostAtoms [&Type "Integer"] 0
   &CartesianCoordinates [&Type "Coordinates", &Dim(6,4), &Units "Bohr"] 
              C      0.726284021061    0.404159610881   -0.563091322207
              H      0.937874370732    2.447364470380   -0.516218717689
              H      2.574878468259   -0.491312962734   -0.516529283588
              H     -0.465336836638   -0.259676010328    1.062500724371
              F     -1.323089220762   -0.736896584481    3.971985698457
              Br    -0.743931100968   -0.414313813354   -3.837042942350
$End
$Single_Point_Data
   &GeometryIndex 5
   &FinalEnergy [&Type "Double"]      -1.2689287464500000e+01  "Final single point energy"
   &Converged [&Type "Boolean"] true
$End
$Geometry
   &GeometryIndex 6
   &NAtoms [&Type "Integer"] 6
   &NCorelessECP [&Type "Integer"] 0
   &NGhostAtoms [&Type "Integer"] 0
   &CartesianCoordinates [&Type "Coordinates", &Dim(6,4), &Units "Bohr"] 
              C      0.732447788989    0.407649740362   -0.562874821960
              H      0.943743523981    2.450992917796   -0.527956633380
              H      2.581166520515   -0.488276147231   -0.528269193379
              H     -0.443255952064   -0.247307683350    1.080762626306
              F     -1.350916458474   -0.752418286453    3.963818874717
              Br    -0.756505721262   -0.421315830761   -3.823876695311
$End
$Single_Point_Data
   &GeometryIndex 6
   &FinalEnergy [&Type "Double"]      -1.2689311555270001e+01  "Final single point energy"
   &Converged [&Type "Boolean"] true
$End
$Geometry
   &GeometryIndex 7
   &NAtoms [&Type "Integer"] 6
   &NCorelessECP [&Type "Integer"] 0
   &NGhostAtoms [&Type "Integer"] 0
   &CartesianCoordinates [&Type "Coordinates", &Dim(6,4), &Units "Bohr"] 
              C      0.730420913375    0.406567778052   -0.563044476212
              H      0.941707908803    2.450324739172   -0.530405907639
              H      2.579429137510   -0.489686436904   -0.530696624017
              H     -0.435209883858   -0.242798814734    1.089908272832
              F     -1.354675245048   -0.754564243038    3.962472575658
              Br    -0.754993129097   -0.420518312185   -3.826629683629
$End
$Single_Point_Data
   &GeometryIndex 7
   &FinalEnergy [&Type "Double"]      -1.2689321479040000e+01  "Final single point energy"
   &Converged [&Type "Boolean"] true
$End
$Geometry
   &GeometryIndex 8
   &NAtoms [&Type "Integer"] 6
   &NCorelessECP [&Type "Integer"] 0
   &NGhostAtoms [&Type "Integer"] 0
   &CartesianCoordinates [&Type "Coordinates", &Dim(6,4), &Units "Bohr"] 
              C      0.727354962123    0.404870395898   -0.563284770611
              H      0.939060549091    2.448890083078   -0.528467368751
              H      2.576702303241   -0.491188919932   -0.528730765188
              H     -0.436363830455   -0.243445385708    1.090997130877
              F     -1.349160749439   -0.751525382554    3.962932126992
              Br    -0.750913532875   -0.418276080419   -3.831842196326
$End
$Single_Point_Data
   &GeometryIndex 8
   &FinalEnergy [&Type "Double"]      -1.2689323214940000e+01  "Final single point energy"
   &Converged [&Type "Boolean"] true
$End
$Geometry
   &GeometryIndex 9
   &NAtoms [&Type "Integer"] 6
   &NCorelessECP [&Type "Integer"] 0
   &NGhostAtoms [&Type "Integer"] 0
   &CartesianCoordinates [&Type "Coordinates", &Dim(6,4), &Units "Bohr"] 
              C      0.726410957639    0.404342541445   -0.563446738827
              H      0.938521665148    2.448424693639   -0.527466460475
              H      2.575986851743   -0.491401542497   -0.527713277174
              H     -0.437501622320   -0.244082694948    1.090870553250
              F     -1.346871761799   -0.750260212770    3.962574381575
              Br    -0.749866388725   -0.417698074507   -3.833214301354
$End
$Single_Point_Data
   &GeometryIndex 9
   &FinalEnergy [&Type "Double"]      -1.2689323425330000e+01  "Final single point energy"
   &Converged [&Type "Boolean"] true
$End
$Hessian
   &GeometryIndex 9
   &HESSIAN [&Type "ArrayOfDoubles", &Dim (18,18)] "The Hessian"
                                                         0                           1                           2                           3                           4                           5                           6                           7

0                                      4.0796516999999999e-01        -3.7610768099999997e-02        -5.2638972300000003e-02        -4.2589688500000000e-02        -2.0929683099999999e-02         7.8436390000000003e-04        -2.4277995029999999e-01         9.4582335599999998e-02
1                                     -3.7610768099999997e-02         4.5457177240000002e-01        -2.9306656899999999e-02        -2.9363494200000000e-02        -2.8838637049999999e-01         2.8199220000000002e-04         1.0299939730000000e-01        -8.8195897600000003e-02
2                                     -5.2638972300000003e-02        -2.9306656899999999e-02         2.9380064649999998e-01         1.1859900000000000e-03        -1.5669625000000000e-03        -3.8209492900000003e-02        -7.1159580000000004e-04         1.8240286999999999e-03
3                                     -4.2589688500000000e-02        -2.9363494200000000e-02         1.1859900000000000e-03         4.5400879099999999e-02         2.3918141800000001e-02         3.9208984999999997e-03         1.2141087000000000e-03         3.0939494400000000e-02
4                                     -2.0929683099999999e-02        -2.8838637049999999e-01        -1.5669625000000000e-03         2.3918141800000001e-02         3.2133553990000002e-01         4.6123984999999999e-03         9.9464679999999991e-04        -1.8540411999999999e-02
5                                      7.8436390000000003e-04         2.8199220000000002e-04        -3.8209492900000003e-02         3.9208984999999997e-03         4.6123984999999999e-03         4.6976527900000002e-02         1.2268214000000000e-03        -6.3836830000000005e-04
6                                     -2.4277995029999999e-01         1.0299939730000000e-01        -7.1159580000000004e-04         1.2141087000000000e-03         9.9464679999999991e-04         1.2268214000000000e-03         2.6628402790000000e-01        -1.1284794760000000e-01
7                                      9.4582335599999998e-02        -8.8195897600000003e-02         1.8240286999999999e-03         3.0939494400000000e-02        -1.8540411999999999e-02        -6.3836830000000005e-04        -1.1284794760000000e-01         1.0045813319999999e-01
8                                      6.7477949999999998e-04         5.0955759999999999e-04        -3.8220129700000001e-02         1.0968690000000000e-04         1.3798030000000000e-03         1.0302931999999999e-03         5.9509013000000003e-03         9.1740599999999995e-04
9                                     -8.9446700099999998e-02        -2.8109820600000002e-02         6.6599534599999996e-02        -3.7008730000000000e-04        -5.3164300000000002e-05         1.1135364000000000e-03        -1.4476239199999999e-02        -6.3360170999999998e-03
10                                    -2.8105064999999999e-02        -5.4653860399999997e-02         3.7094670699999999e-02        -1.5072391500000001e-02        -1.0530491600000001e-02         1.8381236200000001e-02         8.6789073999999997e-03         3.5868807000000000e-03
11                                     7.0597002500000006e-02         3.9327293800000003e-02        -1.2243290430000001e-01        -7.6534849999999996e-04        -4.4345749999999997e-04         3.5181413999999999e-03        -7.9482670000000002e-04        -4.1423310000000000e-04
12                                    -1.1696567000000001e-03        -1.8741236000000001e-03         8.0625660000000002e-03        -6.9710309999999995e-04        -6.0998360000000002e-04         4.3602929999999999e-04         1.4370800000000000e-05        -3.8799260000000002e-04
13                                    -1.8854175000000001e-03         1.1583926000000000e-03         4.4908365000000004e-03         5.8246799999999999e-05         6.4462940000000000e-04        -2.9550100000000000e-05        -1.0504783000000000e-03        -8.4526900000000006e-05
14                                     1.1425877700000000e-02         6.3636231999999997e-03        -2.7447840899999999e-02         1.5327463000000001e-03         1.7121618999999999e-03        -1.7264533000000001e-03         2.2688391000000000e-03         3.9997440000000002e-04
15                                    -3.1979174300000003e-02        -6.0411909000000000e-03        -2.2497522600000000e-02        -2.9581089000000000e-03        -3.3199575999999999e-03        -7.4816494999999997e-03        -1.0256317900000001e-02        -5.9498728000000004e-03
16                                    -6.0514020000000000e-03        -2.4494036399999999e-02        -1.2535916400000000e-02        -1.0479997400000000e-02        -4.5228951000000003e-03        -2.2607708500000000e-02         1.2254744000000000e-03         2.7758226000000000e-03
17                                    -3.0843051199999999e-02        -1.7175809899999998e-02        -6.7490278599999995e-02        -5.9839732999999997e-03        -5.6939434000000001e-03        -1.1589016299999999e-02        -7.9401392999999994e-03        -2.0888077000000001e-03
                                                         8                           9                          10                          11                          12                          13                          14                          15

0                                      6.7477949999999998e-04        -8.9446700099999998e-02        -2.8105064999999999e-02         7.0597002500000006e-02        -1.1696567000000001e-03        -1.8854175000000001e-03         1.1425877700000000e-02        -3.1979174300000003e-02
1                                      5.0955759999999999e-04        -2.8109820600000002e-02        -5.4653860399999997e-02         3.9327293800000003e-02        -1.8741236000000001e-03         1.1583926000000000e-03         6.3636231999999997e-03        -6.0411909000000000e-03
2                                     -3.8220129700000001e-02         6.6599534599999996e-02         3.7094670699999999e-02        -1.2243290430000001e-01         8.0625660000000002e-03         4.4908365000000004e-03        -2.7447840899999999e-02        -2.2497522600000000e-02
3                                      1.0968690000000000e-04        -3.7008730000000000e-04        -1.5072391500000001e-02        -7.6534849999999996e-04        -6.9710309999999995e-04         5.8246799999999999e-05         1.5327463000000001e-03        -2.9581089000000000e-03
4                                      1.3798030000000000e-03        -5.3164300000000002e-05        -1.0530491600000001e-02        -4.4345749999999997e-04        -6.0998360000000002e-04         6.4462940000000000e-04         1.7121618999999999e-03        -3.3199575999999999e-03
5                                      1.0302931999999999e-03         1.1135364000000000e-03         1.8381236200000001e-02         3.5181413999999999e-03         4.3602929999999999e-04        -2.9550100000000000e-05        -1.7264533000000001e-03        -7.4816494999999997e-03
6                                      5.9509013000000003e-03        -1.4476239199999999e-02         8.6789073999999997e-03        -7.9482670000000002e-04         1.4370800000000000e-05        -1.0504783000000000e-03         2.2688391000000000e-03        -1.0256317900000001e-02
7                                      9.1740599999999995e-04        -6.3360170999999998e-03         3.5868807000000000e-03        -4.1423310000000000e-04        -3.8799260000000002e-04        -8.4526900000000006e-05         3.9997440000000002e-04        -5.9498728000000004e-03
8                                      4.6975892100000000e-02         1.6213989700000001e-02        -8.7304594999999992e-03         3.5140086000000001e-03         2.0488750000000001e-04         3.8273030000000001e-04        -1.7208149000000001e-03        -2.3154244899999999e-02
9                                      1.6213989700000001e-02         1.0563100940000000e-01         3.1220614800000001e-02        -7.1935958100000003e-02        -5.6169345999999998e-03         6.8076439999999996e-04        -5.2751272999999998e-03         4.2789519000000003e-03
10                                    -8.7304594999999992e-03         3.1220614800000001e-02         6.6996056400000004e-02        -4.0085211000000003e-02         6.7851339999999997e-04        -6.4650730999999996e-03        -2.9294084999999998e-03         2.5994210000000002e-03
11                                     3.5140086000000001e-03        -7.1935958100000003e-02        -4.0085211000000003e-02         1.2823825320000001e-01         6.1137129999999998e-04         3.4302980000000001e-04         1.1965719000000001e-03         2.2877595000000001e-03
12                                     2.0488750000000001e-04        -5.6169345999999998e-03         6.7851339999999997e-04         6.1137129999999998e-04         6.9601137999999998e-03         2.3036062999999998e-03        -1.1740071300000000e-02         5.0920990000000003e-04
13                                     3.8273030000000001e-04         6.8076439999999996e-04        -6.4650730999999996e-03         3.4302980000000001e-04         2.3036062999999998e-03         4.1059855000000001e-03        -6.5428511000000002e-03        -1.0672180000000000e-04
14                                    -1.7208149000000001e-03        -5.2751272999999998e-03        -2.9294084999999998e-03         1.1965719000000001e-03        -1.1740071300000000e-02        -6.5428511000000002e-03         3.1469250099999999e-02         1.7877355000000001e-03
15                                    -2.3154244899999999e-02         4.2789519000000003e-03         2.5994210000000002e-03         2.2877595000000001e-03         5.0920990000000003e-04        -1.0672180000000000e-04         1.7877355000000001e-03         4.0405439199999997e-02
16                                     5.5409624999999997e-03         2.5976227999999998e-03         1.0664881000000000e-03         1.2725780999999999e-03        -1.1001990000000000e-04         6.4059250000000000e-04         9.9650010000000002e-04         1.2818322100000000e-02
17                                    -1.1579249300000000e-02        -6.7159753000000004e-03        -3.7308278000000002e-03        -1.4034070799999999e-02         2.4252172000000000e-03         1.3558045999999999e-03        -1.7707129999999999e-03         4.9057922099999998e-02
                                                        16                          17

0                                     -6.0514020000000000e-03        -3.0843051199999999e-02
1                                     -2.4494036399999999e-02        -1.7175809899999998e-02
2                                     -1.2535916400000000e-02        -6.7490278599999995e-02
3                                     -1.0479997400000000e-02        -5.9839732999999997e-03
4                                     -4.5228951000000003e-03        -5.6939434000000001e-03
5                                     -2.2607708500000000e-02        -1.1589016299999999e-02
6                                      1.2254744000000000e-03        -7.9401392999999994e-03
7                                      2.7758226000000000e-03        -2.0888077000000001e-03
8                                      5.5409624999999997e-03        -1.1579249300000000e-02
9                                      2.5976227999999998e-03        -6.7159753000000004e-03
10                                     1.0664881000000000e-03        -3.7308278000000002e-03
11                                     1.2725780999999999e-03        -1.4034070799999999e-02
12                                    -1.1001990000000000e-04         2.4252172000000000e-03
13                                     6.4059250000000000e-04         1.3558045999999999e-03
14                                     9.9650010000000002e-04        -1.7707129999999999e-03
15                                     1.2818322100000000e-02         4.9057922099999998e-02
16                                     2.4534028400000001e-02         2.7333584200000000e-02
17                                     2.7333584200000000e-02         1.0646332790000000e-01
   &MODES [&Type "ArrayOfDoubles", &Dim (18,18)] "The modes of vibrations"
                                                         0                           1                           2                           3                           4                           5                           6                           7

0                                      0.0000000000000000e+00         0.0000000000000000e+00         0.0000000000000000e+00         0.0000000000000000e+00         0.0000000000000000e+00         0.0000000000000000e+00        -1.2474302358692084e-01        -1.3224584006606885e-01
1                                      0.0000000000000000e+00         0.0000000000000000e+00         0.0000000000000000e+00         0.0000000000000000e+00         0.0000000000000000e+00         0.0000000000000000e+00        -6.9513379882443938e-02        -7.3593937348564967e-02
2                                      0.0000000000000000e+00         0.0000000000000000e+00         0.0000000000000000e+00         0.0000000000000000e+00         0.0000000000000000e+00         0.0000000000000000e+00         5.1000729477323092e-02         5.7094761621113183e-02
3                                      0.0000000000000000e+00         0.0000000000000000e+00         0.0000000000000000e+00         0.0000000000000000e+00         0.0000000000000000e+00         0.0000000000000000e+00        -1.2398685713197441e-01        -1.2724540936470613e-01
4                                      0.0000000000000000e+00         0.0000000000000000e+00         0.0000000000000000e+00         0.0000000000000000e+00         0.0000000000000000e+00         0.0000000000000000e+00        -7.0659864078958801e-02        -7.3459022685575290e-02
5                                      0.0000000000000000e+00         0.0000000000000000e+00         0.0000000000000000e+00         0.0000000000000000e+00         0.0000000000000000e+00         0.0000000000000000e+00         9.9271764188244252e-02         1.2127340175516048e-01
6                                      0.0000000000000000e+00         0.0000000000000000e+00         0.0000000000000000e+00         0.0000000000000000e+00         0.0000000000000000e+00         0.0000000000000000e+00        -1.2511069853758189e-01        -1.2971154853498096e-01
7                                      0.0000000000000000e+00         0.0000000000000000e+00         0.0000000000000000e+00         0.0000000000000000e+00         0.0000000000000000e+00         0.0000000000000000e+00        -6.7861270159216502e-02        -6.9858867161347468e-02
8                                      0.0000000000000000e+00         0.0000000000000000e+00         0.0000000000000000e+00         0.0000000000000000e+00         0.0000000000000000e+00         0.0000000000000000e+00         9.9097404546988566e-02         1.2157307730893940e-01
9                                      0.0000000000000000e+00         0.0000000000000000e+00         0.0000000000000000e+00         0.0000000000000000e+00         0.0000000000000000e+00         0.0000000000000000e+00        -1.5692152189730535e-01        -1.8062407663917904e-01
10                                     0.0000000000000000e+00         0.0000000000000000e+00         0.0000000000000000e+00         0.0000000000000000e+00         0.0000000000000000e+00         0.0000000000000000e+00        -8.7619697680505870e-02        -1.0023494445569797e-01
11                                     0.0000000000000000e+00         0.0000000000000000e+00         0.0000000000000000e+00         0.0000000000000000e+00         0.0000000000000000e+00         0.0000000000000000e+00         9.0034919921366044e-03         1.2038037244281681e-02
12                                     0.0000000000000000e+00         0.0000000000000000e+00         0.0000000000000000e+00         0.0000000000000000e+00         0.0000000000000000e+00         0.0000000000000000e+00         4.2278842228746866e-02         6.9033000008747486e-02
13                                     0.0000000000000000e+00         0.0000000000000000e+00         0.0000000000000000e+00         0.0000000000000000e+00         0.0000000000000000e+00         0.0000000000000000e+00         2.3560106857814875e-02         3.8420510226574202e-02
14                                     0.0000000000000000e+00         0.0000000000000000e+00         0.0000000000000000e+00         0.0000000000000000e+00         0.0000000000000000e+00         0.0000000000000000e+00         1.4588262576897443e-01        -1.4525960077787398e-01
15                                     0.0000000000000000e+00         0.0000000000000000e+00         0.0000000000000000e+00         0.0000000000000000e+00         0.0000000000000000e+00         0.0000000000000000e+00         1.3821554966560325e-02         8.9862019234361063e-03
16                                     0.0000000000000000e+00         0.0000000000000000e+00         0.0000000000000000e+00         0.0000000000000000e+00         0.0000000000000000e+00         0.0000000000000000e+00         7.7006289644217492e-03         5.0003152088385306e-03
17                                     0.0000000000000000e+00         0.0000000000000000e+00         0.0000000000000000e+00         0.0000000000000000e+00         0.0000000000000000e+00         0.0000000000000000e+00        -4.4969706234346589e-02         2.2740339440650962e-02
                                                         8                           9                          10                          11                          12                          13                          14                          15

0                                      4.6551728628835443e-02        -8.3785587848966142e-02         7.8544319010335900e-02        -4.7540984069023864e-02         2.2403586365181440e-02         2.8193533394771830e-02        -6.1222631767658471e-02        -4.3667941575602956e-02
1                                     -8.3597278091805297e-02        -4.6639454460315928e-02         4.3796947680570519e-02         8.5324761818958150e-02         1.2465090275616507e-02        -5.0635971824738932e-02        -3.4075595179440622e-02        -2.4340189210817469e-02
2                                      2.4115739284582071e-05        -2.2889304035502328e-01        -2.8340567340060831e-02         7.9578347475313797e-05         9.7916342906182605e-02        -5.4856645452066247e-06         1.0301275454822831e-02         5.7916274406226306e-02
3                                     -4.7668203945223819e-01        -6.7266544523079994e-02        -3.7261417213496163e-02         3.2795196409532945e-01        -7.0003171512973250e-02        -1.5226869410832730e-01         6.6626547344532305e-01        -1.4974432137424864e-02
4                                     -3.2896951326387161e-02        -4.4541611283210533e-02         3.1415066454205554e-02         2.2222106891119559e-02         2.1013277922695202e-02        -9.7973317342198267e-03        -7.0033716839779145e-02        -4.2783240969523420e-02
5                                      2.4265422104532422e-01        -1.6092392563093860e-01         3.9637457313014618e-01         5.2382549385737143e-01        -5.2178019634375694e-01         3.9956842599108361e-01        -2.3184526019071009e-03         9.1798649643569097e-03
6                                      2.7882756820875343e-01        -7.3363693968146501e-02         6.9342139749494691e-03        -1.9158566614658551e-01        -1.9012464134497916e-02         8.8625800727327050e-02         2.9116011696171673e-01        -4.4325007795679411e-02
7                                      3.8800218851361845e-01        -3.3764152334869464e-02        -4.8490813133638427e-02        -2.6711223858956346e-01        -7.0463632169274149e-02         1.2464463115811088e-01         6.0323048830295900e-01         9.8468043865868587e-03
8                                     -2.4242973173854113e-01        -1.6117379701574802e-01         3.9610157493197468e-01        -5.2408492756354741e-01        -5.2162570125011176e-01        -3.9969240849794718e-01        -2.1076679401724188e-03         9.1746007611364765e-03
9                                      2.5564863708633812e-01        -6.6014985407536197e-02        -4.2560023149872056e-01         1.6016936050256234e-01        -3.7779872059681757e-01        -3.7244953786106860e-01        -1.3654897985346517e-01         5.8205466312898169e-01
10                                    -4.5907162962334241e-01        -3.6944789553520159e-02        -2.3711430193574048e-01        -2.8724543037016176e-01        -2.1051509492874265e-01         6.6836884557099052e-01        -7.6297333101880582e-02         3.2432458564794864e-01
11                                    -4.7220587731590574e-05        -2.1571481661016634e-01        -5.6986697772480133e-01         1.6357113108022948e-04        -3.5609509090431352e-01        -8.9564283461638624e-06        -1.0083259711422780e-01        -6.8846374751008732e-01
12                                    -1.9145759150773382e-02        -7.9777581008529351e-03         2.6855579667320632e-03        -1.6625226615960529e-03         1.7938717977156648e-03         1.9811155801514931e-03         1.3938259274044184e-04        -6.7604646648939987e-04
13                                     3.4426331587186894e-02        -4.4372073409752683e-03         1.4932576867265064e-03         2.9972595684596005e-03         1.0012278163361098e-03        -3.5615015746908968e-03         7.8966423651076828e-05        -3.7744883407489515e-04
14                                    -1.3771466099739787e-04         2.8880744051563208e-02         4.5527304159756945e-03        -1.2902740757900138e-05         1.2001533296887095e-03         4.0979614239557106e-06         9.8434447580097182e-04        -1.7430939157692855e-03
15                                    -3.1746958621294919e-03         1.7098980347232662e-02        -6.6938822486853023e-03         3.8008938855961269e-03         2.0948613122534045e-03         7.9238307003356989e-04        -1.1858145653759655e-03         1.3018663396105747e-04
16                                     5.6927857727521475e-03         9.5201140198207246e-03        -3.7320460465540403e-03        -6.8258448676338859e-03         1.1677803180668430e-03        -1.4221753398238270e-03        -6.6048641157009892e-04         7.2609903671480984e-05
17                                     2.6883130366426343e-05         3.4326320047352865e-02         3.6940848784413222e-04        -7.6853540289219808e-06         2.6511049912713632e-03         1.5273803806208715e-06        -4.5467344732898749e-04         1.6211617468674884e-04
                                                        16                          17

0                                     -5.2327542442147150e-02         4.2730489926034586e-02
1                                     -2.9411318236753848e-02        -7.6390735771950047e-02
2                                      1.1366879945098327e-03        -6.7900432581395243e-06
3                                      3.3375098676637974e-02         8.1868443533009261e-02
4                                      6.8937172973351235e-01         6.6378339149044685e-01
5                                      1.3855364498097371e-02         6.3250963019991346e-03
6                                      6.0054228180058988e-01        -6.1056495522229937e-01
7                                     -3.3304482607613434e-01         2.8159879017512451e-01
8                                      1.3741464942332395e-02        -6.3049584555681971e-03
9                                      5.2909982029847747e-03         1.7453621541672692e-02
10                                     2.8203233130044227e-03        -3.1434559013840097e-02
11                                    -2.7763954807229263e-02         1.3425055335494369e-04
12                                    -3.3663218508639052e-05        -9.2243726304722207e-05
13                                    -1.6676360547624980e-05         1.6685184877464573e-04
14                                     2.3524587121770413e-04        -1.2654820372721127e-06
15                                    -1.8994242317644632e-04         4.8177285100542481e-05
16                                    -1.0568515577986809e-04        -8.6357042541601684e-05
17                                    -2.2469960192387505e-04        -6.2611601585110802e-07
$End
$THERMOCHEMISTRY_Energies
   &GeometryIndex 9
   &temperature [&Type "Double"]       2.9814999999999998e+02
   &pressure [&Type "Double"]       1.0000000000000000e+00
   &totalMass [&Type "Double"]       1.1393300000000001e+02
   &spinDegeneracy [&Type "Integer"] 1
   &elEnergy [&Type "Double"]      -1.2689323425330000e+01
   &transEnergy [&Type "Double"]       1.4162714244859817e-03
   &rotEnergy [&Type "Double"]       1.4162714244859817e-03
   &vibEnergy [&Type "Double"]       1.8583896701658705e-03
   &numOfFreqs [&Type "Integer"] 18
   &freqScalingFactor [&Type "Double"]       1.0000000000000000e+00
   &FREQ [&Type "ArrayOfDoubles", &Units "cm^-1", &Dim (18,1)] 
                                                         0

0                                      0.0000000000000000e+00
1                                      0.0000000000000000e+00
2                                      0.0000000000000000e+00
3                                      0.0000000000000000e+00
4                                      0.0000000000000000e+00
5                                      0.0000000000000000e+00
6                                      9.3458601943644538e+01
7                                      2.9355350986532352e+02
8                                      3.2317299848617756e+02
9                                      5.5663532618010436e+02
10                                     9.4524377581194335e+02
11                                     1.0103881178489078e+03
12                                     1.3173606962228923e+03
13                                     1.3947641385934742e+03
14                                     1.4371640372761899e+03
15                                     2.4228723661643194e+03
16                                     3.0130326834188249e+03
17                                     3.0198519312848307e+03
   &zpe [&Type "Double"]       3.6057694017293668e-02
   &innerEnergyU [&Type "Double"]      -1.2648574798793570e+01
   &enthalpyH [&Type "Double"]      -1.2647630589751310e+01
   &qEl [&Type "Double"]       0.0000000000000000e+00
   &qRot [&Type "Double"]       1.2195142676472167e-02
   &qVib [&Type "Double"]       3.2127118735581022e-03
   &qTrans [&Type "Double"]       1.9055981088661803e-02
   &entropyS [&Type "Double"]       3.4463835638692070e-02
   &freeEnergyG [&Type "Double"]      -1.2682094425390002e+01
   &isLinear [&Type "Boolean"] false
$End
$Calculation_Info
   &GeometryIndex 9
   &Mult [&Type "Integer"] 1
   &Charge [&Type "Integer"] -1
   &NumOfAtoms [&Type "Integer"] 6
   &NumOfElectrons [&Type "Integer"] 0
   &NumOfBasisFuncts [&Type "Integer"] 0
   &NumOfAuxCBasisFuncts [&Type "Integer"] 0
   &NumOfAuxJBasisFuncts [&Type "Integer"] 0
   &NumOfAuxJKBasisFuncts [&Type "Integer"] 0
   &NumOfCABSBasisFuncts [&Type "Integer"] 0
$End
$Calculation_Timings
   &GeometryIndex 9
   &GSTEP [&Type "Double"]       9.8310000000000120e-02
   &XTB [&Type "Double"]       2.3980149999999991e+00
   &XTBGRAD [&Type "Double"]       3.9610000000005474e-03
   &SUM [&Type "Double"]       2.5002860000000000e+00
$End
