*************************************************
******************* ORCA 6.1.0 ******************
*************************************************
$Calculation_Status
   &GeometryIndex 5
   &version [&Type "String"] "6.1.0"
   &progName [&Type "String"] "LeanSCF"
   &Status [&Type "String"] "NORMAL TERMINATION"
$End
$Geometry
   &GeometryIndex 1
   &NAtoms [&Type "Integer"] 6
   &NCorelessECP [&Type "Integer"] 0
   &NGhostAtoms [&Type "Integer"] 0
   &CartesianCoordinates [&Type "Coordinates", &Dim(6,4), &Units "Bohr"] 
              C      0.000000000000    0.000000000000    0.000000000000
              H      0.000000000000    2.040904224635    0.000000000000
              H      1.766893935216   -1.020452112317    0.000000000000
              H     -1.766893935216   -1.020452112317    0.000000000000
              F      0.000000000000    0.000000000000    3.590479654450
              F      0.000000000000    0.000000000000   -3.590479654450
$End
$SCF_Mulliken_Population_Analysis
   &GeometryIndex 1
   &NAtoms [&Type "Integer"] 6
   &ATNO [&Type "ArrayOfIntegers", &Dim (6,1)] 
                                                         0

0                                                        6
1                                                        1
2                                                        1
3                                                        1
4                                                        9
5                                                        9
   &AtomicCharges [&Type "ArrayOfDoubles", &Dim (6,1)] 
                                                         0

0                                      3.1299455032251533e-01
1                                     -1.4344791945267055e-02
2                                     -1.4518517702085454e-02
3                                     -1.4518508689781662e-02
4                                     -6.3480634178111472e-01
5                                     -6.3480639020431795e-01
   &Method [&Type "String"] "SCF"
   &Level [&Type "String"] "Relaxed density"
   &Mult [&Type "Integer"] 1
   &State [&Type "Integer"] -1
   &Irrep [&Type "Integer"] 0
$End
$SCF_Loewdin_Population_Analysis
   &GeometryIndex 1
   &NAtoms [&Type "Integer"] 6
   &ATNO [&Type "ArrayOfIntegers", &Dim (6,1)] 
                                                         0

0                                                        6
1                                                        1
2                                                        1
3                                                        1
4                                                        9
5                                                        9
   &AtomicCharges [&Type "ArrayOfDoubles", &Dim (6,1)] 
                                                         0

0                                      1.6922338749030619e-01
1                                     -2.3385580878363399e-03
2                                     -2.4243418234117797e-03
3                                     -2.4243384436799520e-03
4                                     -5.8101805077846791e-01
5                                     -5.8101809835695306e-01
   &Method [&Type "String"] "SCF"
   &Level [&Type "String"] "Relaxed density"
   &Mult [&Type "Integer"] 1
   &State [&Type "Integer"] -1
   &Irrep [&Type "Integer"] 0
$End
$SCF_Mayer_Population_Analysis
   &GeometryIndex 1
   &NAtoms [&Type "Integer"] 6 "Total number of atoms"
   &NBondOrdersPrint [&Type "Integer"] 5 "The number of bond orders larger than threshold"
   &bondThresh [&Type "Double"]       1.0000000000000001e-01  "The threshold for printing"
   &components [&Type "ArrayOfIntegers", &Dim (5,4)] "The indices and atomic numbers of the bonding atoms"
                                                         0                           1                           2                           3

0                                                        0                           6                           1                           1
1                                                        0                           6                           2                           1
2                                                        0                           6                           3                           1
3                                                        0                           6                           4                           9
4                                                        0                           6                           5                           9
   &BondOrders [&Type "ArrayOfDoubles", &Dim (5,1)] "The bond orders"
                                                         0

0                                      9.8806219181473665e-01
1                                      9.8810053344990323e-01
2                                      9.8810053513667429e-01
3                                      4.9971384824066822e-01
4                                      4.9971379271669852e-01
   &ATNO [&Type "ArrayOfIntegers", &Dim (6,1)] "Atomic number of the elements"
                                                         0

0                                                        6
1                                                        1
2                                                        1
3                                                        1
4                                                        9
5                                                        9
   &NA [&Type "ArrayOfDoubles", &Dim (6,1)] "Mulliken gross atomic population"
                                                         0

0                                      5.6870054496774856e+00
1                                      1.0143447919452682e+00
2                                      1.0145185177020861e+00
3                                      1.0145185086897812e+00
4                                      9.6348063417811094e+00
5                                      9.6348063902043073e+00
   &ZA [&Type "ArrayOfDoubles", &Dim (6,1)] "Total nuclear charge"
                                                         0

0                                      6.0000000000000000e+00
1                                      1.0000000000000000e+00
2                                      1.0000000000000000e+00
3                                      1.0000000000000000e+00
4                                      9.0000000000000000e+00
5                                      9.0000000000000000e+00
   &QA [&Type "ArrayOfDoubles", &Dim (6,1)] "Mulliken gross atomic charge"
                                                         0

0                                      3.1299455032251444e-01
1                                     -1.4344791945268165e-02
2                                     -1.4518517702086120e-02
3                                     -1.4518508689781218e-02
4                                     -6.3480634178110940e-01
5                                     -6.3480639020430729e-01
   &VA [&Type "ArrayOfDoubles", &Dim (6,1)] "Mayer's total valence"
                                                         0

0                                      3.9636909013586572e+00
1                                      1.0168991751548111e+00
2                                      1.0169616971869790e+00
3                                      1.0169616954231631e+00
4                                      6.0349474294115002e-01
5                                      6.0349468221436142e-01
   &BVA [&Type "ArrayOfDoubles", &Dim (6,1)] "Mayer's bonded valence"
                                                         0

0                                      3.9636909013586807e+00
1                                      1.0168991751548195e+00
2                                      1.0169616971869830e+00
3                                      1.0169616954231657e+00
4                                      6.0349474294118244e-01
5                                      6.0349468221440639e-01
   &FA [&Type "ArrayOfDoubles", &Dim (6,1)] "Mayer's free valence"
                                                         0

0                                      0.0000000000000000e+00
1                                      0.0000000000000000e+00
2                                      0.0000000000000000e+00
3                                      0.0000000000000000e+00
4                                      0.0000000000000000e+00
5                                      0.0000000000000000e+00
   &Method [&Type "String"] "SCF"
   &Level [&Type "String"] "Relaxed density"
   &Mult [&Type "Integer"] 1
   &State [&Type "Integer"] -1
   &Irrep [&Type "Integer"] 0
$End
$SCF_Energy
   &GeometryIndex 1
   &Method [&Type "String"] "SCF"
   &totalEnergy [&Type "ArrayOfDoubles", &Dim (1,1)] "Total energy of each state"
                                                         0

0                                     -2.3924660525255968e+02
   &Mult [&Type "ArrayOfIntegers", &Dim (1,1)] "Multiplicity of each state"
                                                         0

0                                                        1
$End
$DFT_Energy
   &GeometryIndex 1
   &nAlphaEl [&Type "Integer"] 14
   &nBetaEl [&Type "Integer"] 14
   &nTotalEl [&Type "Integer"] 28
   &finalEn [&Type "Double"]      -2.3924660525255968e+02  "No Van der Waals correction"
   &eExchange [&Type "Double"]      -2.1164275740154206e+01
   &eCorr [&Type "Double"]      -1.1573654745946116e+00
   &eXC [&Type "Double"]      -2.2321641214748819e+01
   &eCNL [&Type "Double"]       0.0000000000000000e+00
$End
$SCF_Timings
   &GeometryIndex 1
   &TOTAL [&Type "Double"]       2.5466350000000002e+00
   &PREP [&Type "Double"]       5.4033999999999999e-02
   &FOCK [&Type "Double"]       2.2256370000000008e+00
   &DENS [&Type "Double"]       7.5259999999994776e-03
   &ETOT [&Type "Double"]       2.7859999999997886e-03
   &POP [&Type "Double"]       4.0429999999997968e-03
   &TRAFO [&Type "Double"]       2.3759999999999337e-03
   &DIIS [&Type "Double"]       1.6704999999999803e-02
   &SOSCF [&Type "Double"]       8.3309999999998663e-03
   &XC [&Type "Double"]       7.5249999999999961e-01
   &FOCKSTART [&Type "Double"]       1.8300000000002134e-03
   &INT_BF [&Type "Double"]       2.9600700000000568e-01
   &INT_DENS [&Type "Double"]       8.8510999999999118e-02
   &INT_DENSIO [&Type "Double"]       5.8452603139999965e+03
   &INT_FUNC [&Type "Double"]       1.5801799999999461e-01
   &INT_POT [&Type "Double"]       9.8382999999994614e-02
   &INT_POTIO [&Type "Double"]       1.6697000000003015e-02
   &INT_SUM [&Type "Double"]       8.9999999992596003e-06
   &SPLITRIJ [&Type "Double"]       1.2456700000000009e-01
   &COSX [&Type "Double"]       1.5651730000000004e+00
$End
$Single_Point_Data
   &GeometryIndex 1
   &FinalEnergy [&Type "Double"]      -2.3924660525255968e+02  "Final single point energy"
   &Converged [&Type "Boolean"] true
$End
$SCF_Nuc_Gradient
   &GeometryIndex 1
   &NAtoms [&Type "Integer"] 6
   &gradNorm [&Type "Double"]       2.0149242927891518e-02
   &grad [&Type "ArrayOfDoubles", &Dim (18,1)] 
                                                         0

0                                      3.4696162922459127e-08
1                                     -1.7686418117209297e-04
2                                     -4.0824034041257830e-08
3                                     -3.3998649467491714e-08
4                                     -2.2224038311284278e-03
5                                     -2.0649257904304009e-08
6                                     -2.1034166909940644e-03
7                                      1.1981829446349596e-03
8                                     -1.3393188015613663e-08
9                                      2.1033921651133491e-03
10                                     1.1981680674706396e-03
11                                    -8.6301572931187927e-09
12                                     1.0220469613242974e-08
13                                     1.4749036502343405e-06
14                                     1.3951775638993982e-02
15                                     1.3607854819158760e-08
16                                     1.4421058688168403e-06
17                                    -1.3951692142397103e-02
   &Method [&Type "String"] "SCF"
   &Level [&Type "String"] "Relaxed density"
   &Mult [&Type "Integer"] 1
   &State [&Type "Integer"] 0
   &Irrep [&Type "Integer"] 0
$End
$THERMOCHEMISTRY_Energies
   &GeometryIndex 1
   &temperature [&Type "Double"]       2.9814999999999998e+02
   &pressure [&Type "Double"]       1.0000000000000000e+00
   &totalMass [&Type "Double"]       5.3031000000000006e+01
   &spinDegeneracy [&Type "Integer"] 1
   &elEnergy [&Type "Double"]      -2.3924660525255968e+02
   &transEnergy [&Type "Double"]       1.4162714244859817e-03
   &rotEnergy [&Type "Double"]       1.4162714244859817e-03
   &vibEnergy [&Type "Double"]       1.4138531725749058e-03
   &numOfFreqs [&Type "Integer"] 18
   &freqScalingFactor [&Type "Double"]       1.0000000000000000e+00
   &FREQ [&Type "ArrayOfDoubles", &Units "cm^-1", &Dim (18,1)] 
                                                         0

0                                      0.0000000000000000e+00
1                                      0.0000000000000000e+00
2                                      0.0000000000000000e+00
3                                      0.0000000000000000e+00
4                                      0.0000000000000000e+00
5                                      0.0000000000000000e+00
6                                     -5.3800039203896551e+02
7                                      2.9792093749153844e+02
8                                      3.1639985423424639e+02
9                                      3.1677817068362054e+02
10                                     8.4141094704655495e+02
11                                     8.4270491189682991e+02
12                                     1.0006210382318842e+03
13                                     1.3223872971003136e+03
14                                     1.3229779333014358e+03
15                                     3.1674377859172828e+03
16                                     3.3822227386535428e+03
17                                     3.3840481335066202e+03
   &zpe [&Type "Double"]       3.6894719151319720e-02
   &innerEnergyU [&Type "Double"]      -2.3920546413738680e+02
   &enthalpyH [&Type "Double"]      -2.3920451992834455e+02
   &qEl [&Type "Double"]       0.0000000000000000e+00
   &qRot [&Type "Double"]       1.0109131385591609e-02
   &qVib [&Type "Double"]       2.1810911840674380e-03
   &qTrans [&Type "Double"]       1.7972910307284696e-02
   &entropyS [&Type "Double"]       3.0263132876943745e-02
   &freeEnergyG [&Type "Double"]      -2.3923478306122149e+02
   &isLinear [&Type "Boolean"] false
$End
$Hessian
   &GeometryIndex 1
   &HESSIAN [&Type "ArrayOfDoubles", &Dim (18,18)] "The Hessian"
                                                         0                           1                           2                           3                           4                           5                           6                           7

0                                      7.1068888427177157e-01        -3.3705665045154572e-08         7.7596119132964542e-08        -5.1504616488321643e-02        -3.5332121754335095e-08         9.6604515453066063e-09        -3.0200961905226736e-01         1.4473051766018730e-01
1                                     -3.3705665045154572e-08         7.1013338994541186e-01         8.2912868644643497e-08        -2.7393070061336811e-08        -3.8494846629152246e-01         3.3818618599342763e-08         1.4472083889010035e-01        -1.3500441132275970e-01
2                                      7.7596119132964542e-08         8.2912868644643497e-08        -1.0096536734297504e-01        -3.3266845914622328e-08         1.4067963314330491e-08         5.8836577106444049e-03        -1.5259028981835326e-08        -1.7640627007992059e-08
3                                     -5.1504616488321643e-02        -2.7393070061336811e-08        -3.3266845914622328e-08         3.9320158695156211e-02         1.0514516714821775e-08         2.7635551088088091e-08         5.4665471993397465e-03         2.0163953486556380e-02
4                                     -3.5332121754335095e-08        -3.8494846629152246e-01         1.4067963314330491e-08         1.0514516714821775e-08         3.8516119492804646e-01        -2.5523541216741080e-08        -3.9041675506553963e-03        -3.9282736466188135e-03
5                                      9.6604515453066063e-09         3.3818618599342763e-08         5.8836577106444049e-03         2.7635551088088091e-08        -2.5523541216741080e-08         2.9391734464522652e-02         3.0834156729416447e-08        -7.2568161661327618e-10
6                                     -3.0200961905226736e-01         1.4472083889010035e-01        -1.5259028981835326e-08         5.4665471993397465e-03        -3.9041675506553963e-03         3.0834156729416447e-08         2.9905660385712241e-01        -1.5008532072070768e-01
7                                      1.4473051766018730e-01        -1.3500441132275970e-01        -1.7640627007992059e-08         2.0163953486556380e-02        -3.9282736466188135e-03        -7.2568161661327618e-10        -1.5008532072070768e-01         1.2592291637212619e-01
8                                     -1.2982530072017840e-07         2.8145706858715270e-08         6.0064519885057455e-03         1.1063255841629448e-09         8.7175083451810247e-09         2.6402322178160796e-03         4.1776155538381099e-10         1.4035386849270415e-08
9                                     -3.0200956959744241e-01        -1.4472075155710468e-01         2.1215877308751741e-08         5.4665857808759034e-03         3.9041660352620022e-03        -2.3072103095297741e-08        -8.6075379973822447e-03        -1.2052774282323920e-02
10                                    -1.4473051491255068e-01        -1.3500440639805519e-01        -3.6326809597497154e-08        -2.0163969197825905e-02        -3.9282712875987960e-03        -4.2716636080360369e-09         1.2052889151137183e-02         1.0152554645941760e-02
11                                     1.0830798754312537e-07        -2.9566140254849827e-08         6.0064370987600105e-03        -4.8901525597931328e-09         1.1098792012105086e-08         2.6402397455746966e-03        -1.1345948920051523e-08        -9.9550266046367980e-09
12                                    -2.7582553791755598e-02        -3.6014019810186048e-09         1.7088822211137088e-08         6.2566475711139935e-04        -4.2487290620746972e-09         1.1048222218218594e-08         3.0469782205458963e-03        -1.3784963493287459e-03
13                                     2.3331009525513890e-08        -2.7588046397636744e-02        -6.5957677603522551e-06         4.6890201105968023e-08         3.8219070818474579e-03         7.9044761607984983e-03        -1.3917834685159437e-03         1.4286119903427442e-03
14                                    -1.1054016138514593e-07         1.7783096620276445e-05         4.1534408822526431e-02        -1.0335469352234735e-07         3.0938876229130441e-03        -2.0277907682072136e-02         2.6782399548582955e-03        -1.5520421513243524e-03
15                                    -2.7582525341984611e-02        -2.4343146697356202e-11        -1.1881934937817008e-08         6.2566005583838350e-04         4.8011649469019273e-09         1.2922994991752375e-09         3.0470277726415505e-03        -1.3785200431919750e-03
16                                     2.0350625224120555e-08        -2.7588059535437727e-02         6.5966398695632957e-06         1.1480184315268740e-08         3.8219092158461652e-03        -7.9044636376319893e-03        -1.3918160525498587e-03         1.4286019609678290e-03
17                                    -1.0692104934650888e-08        -1.7942293178688824e-05         4.1534411722538439e-02         5.5371237339604525e-08        -3.0939118045341663e-03        -2.0277956456485696e-02        -2.6781518926738829e-03         1.5520268997528536e-03
                                                         8                           9                          10                          11                          12                          13                          14                          15

0                                     -1.2982530072017840e-07        -3.0200956959744241e-01        -1.4473051491255068e-01         1.0830798754312537e-07        -2.7582553791755598e-02         2.3331009525513890e-08        -1.1054016138514593e-07        -2.7582525341984611e-02
1                                      2.8145706858715270e-08        -1.4472075155710468e-01        -1.3500440639805519e-01        -2.9566140254849827e-08        -3.6014019810186048e-09        -2.7588046397636744e-02         1.7783096620276445e-05        -2.4343146697356202e-11
2                                      6.0064519885057455e-03         2.1215877308751741e-08        -3.6326809597497154e-08         6.0064370987600105e-03         1.7088822211137088e-08        -6.5957677603522551e-06         4.1534408822526431e-02        -1.1881934937817008e-08
3                                      1.1063255841629448e-09         5.4665857808759034e-03        -2.0163969197825905e-02        -4.8901525597931328e-09         6.2566475711139935e-04         4.6890201105968023e-08        -1.0335469352234735e-07         6.2566005583838350e-04
4                                      8.7175083451810247e-09         3.9041660352620022e-03        -3.9282712875987960e-03         1.1098792012105086e-08        -4.2487290620746972e-09         3.8219070818474579e-03         3.0938876229130441e-03         4.8011649469019273e-09
5                                      2.6402322178160796e-03        -2.3072103095297741e-08        -4.2716636080360369e-09         2.6402397455746966e-03         1.1048222218218594e-08         7.9044761607984983e-03        -2.0277907682072136e-02         1.2922994991752375e-09
6                                      4.1776155538381099e-10        -8.6075379973822447e-03         1.2052889151137183e-02        -1.1345948920051523e-08         3.0469782205458963e-03        -1.3917834685159437e-03         2.6782399548582955e-03         3.0470277726415505e-03
7                                      1.4035386849270415e-08        -1.2052774282323920e-02         1.0152554645941760e-02        -9.9550266046367980e-09        -1.3784963493287459e-03         1.4286119903427442e-03        -1.5520421513243524e-03        -1.3785200431919750e-03
8                                      2.9277686671309346e-02        -5.1098055071938773e-09        -4.7814499524325176e-09         2.6471835300438239e-03         6.8534833893611116e-03        -3.9494199075415029e-03        -2.0285780444555250e-02        -6.8534426874668191e-03
9                                     -5.1098055071938773e-09         2.9905650935951650e-01         1.5008515350035981e-01        -1.2122883306367113e-08         3.0469855089192283e-03         1.3917964006274200e-03        -2.6782308350189257e-03         3.0470269455129904e-03
10                                    -4.7814499524325176e-09         1.5008515350035981e-01         1.2592289526813533e-01        -1.1495393090438059e-08         1.3785226657499964e-03         1.4286249701893593e-03        -1.5519619282500230e-03         1.3785044148270325e-03
11                                     2.6471835300438239e-03        -1.2122883306367113e-08        -1.1495393090438059e-08         2.9277599816220357e-02        -6.8534558690708227e-03        -3.9493898132278576e-03        -2.0285723144860171e-02         6.8534531335914450e-03
12                                     6.8534833893611116e-03         3.0469855089192283e-03         1.3785226657499964e-03        -6.8534558690708227e-03         1.5761400798925476e-02        -3.4260887706853552e-08         1.2130169256579363e-07         5.1015245062535968e-03
13                                    -3.9494199075415029e-03         1.3917964006274200e-03         1.4286249701893593e-03        -3.9493898132278576e-03        -3.4260887706853552e-08         1.5806447675052689e-02        -3.4510780589667247e-06         6.8508611208161573e-09
14                                    -2.0285780444555250e-02        -2.6782308350189257e-03        -1.5519619282500230e-03        -2.0285723144860171e-02         1.2130169256579363e-07        -3.4510780589667247e-06         4.1639182546875042e-02        -2.3379658584869224e-08
15                                    -6.8534426874668191e-03         3.0470269455129904e-03         1.3785044148270325e-03         6.8534531335914450e-03         5.1015245062535968e-03         6.8508611208161573e-09        -2.3379658584869224e-08         1.5761286061738093e-02
16                                     3.9494033279092811e-03         1.3918242814819010e-03         1.4286028013875481e-03         3.9494027872182605e-03        -3.9948698022304838e-08         5.1024546802044919e-03         1.6333179960378574e-07         1.9448192309829346e-09
17                                    -2.0285773963119744e-02         2.6781727104101469e-03         1.5520457473438068e-03        -2.0285737045738716e-02        -7.0106045727566292e-08         1.5120905984326976e-09        -2.2324180097913919e-02         1.4066173227978897e-08
                                                        16                          17

0                                      2.0350625224120555e-08        -1.0692104934650888e-08
1                                     -2.7588059535437727e-02        -1.7942293178688824e-05
2                                      6.5966398695632957e-06         4.1534411722538439e-02
3                                      1.1480184315268740e-08         5.5371237339604525e-08
4                                      3.8219092158461652e-03        -3.0939118045341663e-03
5                                     -7.9044636376319893e-03        -2.0277956456485696e-02
6                                     -1.3918160525498587e-03        -2.6781518926738829e-03
7                                      1.4286019609678290e-03         1.5520268997528536e-03
8                                      3.9494033279092811e-03        -2.0285773963119744e-02
9                                      1.3918242814819010e-03         2.6781727104101469e-03
10                                     1.4286028013875481e-03         1.5520457473438068e-03
11                                     3.9494027872182605e-03        -2.0285737045738716e-02
12                                    -3.9948698022304838e-08        -7.0106045727566292e-08
13                                     5.1024546802044919e-03         1.5120905984326976e-09
14                                     1.6333179960378574e-07        -2.2324180097913919e-02
15                                     1.9448192309829346e-09         1.4066173227978897e-08
16                                     1.5806490877031693e-02         3.3387446804386248e-06
17                                     3.3387446804386248e-06         4.1639235840719636e-02
   &MODES [&Type "ArrayOfDoubles", &Dim (18,18)] "The modes of vibrations"
                                                         0                           1                           2                           3                           4                           5                           6                           7

0                                      0.0000000000000000e+00         0.0000000000000000e+00         0.0000000000000000e+00         0.0000000000000000e+00         0.0000000000000000e+00         0.0000000000000000e+00         8.8003424917375923e-08         6.1068780321973535e-06
1                                      0.0000000000000000e+00         0.0000000000000000e+00         0.0000000000000000e+00         0.0000000000000000e+00         0.0000000000000000e+00         0.0000000000000000e+00         8.1415125092531939e-08        -2.7540141202044677e-04
2                                      0.0000000000000000e+00         0.0000000000000000e+00         0.0000000000000000e+00         0.0000000000000000e+00         0.0000000000000000e+00         0.0000000000000000e+00        -2.5354785348600645e-01        -8.0098211026597590e-09
3                                      0.0000000000000000e+00         0.0000000000000000e+00         0.0000000000000000e+00         0.0000000000000000e+00         0.0000000000000000e+00         0.0000000000000000e+00         4.4580640112354472e-08         7.0637312593645882e-06
4                                      0.0000000000000000e+00         0.0000000000000000e+00         0.0000000000000000e+00         0.0000000000000000e+00         0.0000000000000000e+00         0.0000000000000000e+00         8.9648866389715427e-08        -2.9343997025177929e-03
5                                      0.0000000000000000e+00         0.0000000000000000e+00         0.0000000000000000e+00         0.0000000000000000e+00         0.0000000000000000e+00         0.0000000000000000e+00         9.6742020650375390e-02        -2.5639896618784364e-07
6                                      0.0000000000000000e+00         0.0000000000000000e+00         0.0000000000000000e+00         0.0000000000000000e+00         0.0000000000000000e+00         0.0000000000000000e+00        -4.3579721558028023e-08        -2.2797723182286702e-03
7                                      0.0000000000000000e+00         0.0000000000000000e+00         0.0000000000000000e+00         0.0000000000000000e+00         0.0000000000000000e+00         0.0000000000000000e+00        -1.0589518734250735e-07         1.0477590814465575e-03
8                                      0.0000000000000000e+00         0.0000000000000000e+00         0.0000000000000000e+00         0.0000000000000000e+00         0.0000000000000000e+00         0.0000000000000000e+00         9.7850214891563009e-02         5.3192770537269390e-08
9                                      0.0000000000000000e+00         0.0000000000000000e+00         0.0000000000000000e+00         0.0000000000000000e+00         0.0000000000000000e+00         0.0000000000000000e+00         1.8708647840137368e-07         2.2928300643660993e-03
10                                     0.0000000000000000e+00         0.0000000000000000e+00         0.0000000000000000e+00         0.0000000000000000e+00         0.0000000000000000e+00         0.0000000000000000e+00        -7.4508494964115545e-08         1.0471412773332932e-03
11                                     0.0000000000000000e+00         0.0000000000000000e+00         0.0000000000000000e+00         0.0000000000000000e+00         0.0000000000000000e+00         0.0000000000000000e+00         9.7850141353921047e-02        -4.4086854177598837e-08
12                                     0.0000000000000000e+00         0.0000000000000000e+00         0.0000000000000000e+00         0.0000000000000000e+00         0.0000000000000000e+00         0.0000000000000000e+00        -3.1848706865850044e-08        -2.4629936433005174e-06
13                                     0.0000000000000000e+00         0.0000000000000000e+00         0.0000000000000000e+00         0.0000000000000000e+00         0.0000000000000000e+00         0.0000000000000000e+00        -1.6734014986650853e-05         1.0932498634207164e-04
14                                     0.0000000000000000e+00         0.0000000000000000e+00         0.0000000000000000e+00         0.0000000000000000e+00         0.0000000000000000e+00         0.0000000000000000e+00         7.2391335879533364e-02         1.6222811980903504e-01
15                                     0.0000000000000000e+00         0.0000000000000000e+00         0.0000000000000000e+00         0.0000000000000000e+00         0.0000000000000000e+00         0.0000000000000000e+00        -3.3768791440039650e-08        -2.4655336364494420e-06
16                                     0.0000000000000000e+00         0.0000000000000000e+00         0.0000000000000000e+00         0.0000000000000000e+00         0.0000000000000000e+00         0.0000000000000000e+00         1.6687357643089705e-05         1.0933285649746046e-04
17                                     0.0000000000000000e+00         0.0000000000000000e+00         0.0000000000000000e+00         0.0000000000000000e+00         0.0000000000000000e+00         0.0000000000000000e+00         7.2391343997790375e-02        -1.6222810162410212e-01
                                                         8                           9                          10                          11                          12                          13                          14                          15

0                                      2.1501175467816994e-01        -1.5408445793099916e-04         2.6513147364498276e-07        -1.7202262198827183e-07         4.2747094495086068e-08         7.7337817452281180e-05         9.2233924448284071e-02         1.7751985826155004e-07
1                                      1.5407699004102522e-04         2.1502220633329600e-01        -1.6665547039363722e-07        -2.2584897466358021e-08         9.3903759020242507e-09         9.2193633336416725e-02        -7.7273682474679963e-05        -5.1152984209654325e-04
2                                      9.6545505728810799e-08         6.5938765866581581e-08         1.1746869114931069e-07         2.7636672789425811e-04         1.0654998537565491e-02         7.2745944332474398e-08         8.8719744835294114e-09        -2.4368022627407213e-09
3                                      2.3812150365376220e-01        -1.7056030130306807e-04         8.4199483379734043e-07         1.9316576281644951e-07        -4.6084861874316973e-07        -6.4148877919262726e-04        -7.6529643628537769e-01        -1.1058021417903437e-07
4                                      1.6041814127213761e-04         2.2374575380293704e-01        -1.8630111818579766e-07        -9.5387456762651451e-08         1.6439186726018729e-08         8.8811920442257067e-02        -7.4422053688909411e-05         5.7918871410691308e-01
5                                     -4.9818482121536019e-07        -3.4342316547341612e-08        -2.8493621778356360e-04        -8.0585393329244148e-01         5.5321902500610287e-01        -3.6571508419848870e-07        -6.8593983928309457e-07         3.5032226634308866e-08
6                                      2.2735285742343816e-01         6.0223976727550380e-03         5.3301290350179812e-07         1.2505088387333787e-07        -9.9788832924811715e-08        -3.7013538898104337e-01        -1.2446753705479630e-01         4.9612349969572750e-01
7                                      6.3900228972335431e-03         2.3447256479257322e-01         2.1045462974871806e-07         3.6638406765046875e-07        -1.9607206623888392e-07        -5.5206357702615283e-01        -3.6946270890703414e-01        -2.8661843624211486e-01
8                                      1.2935799454635051e-06        -5.4111762342628275e-07        -6.9966740217937418e-01         4.0649147786881290e-01         5.4815196585159065e-01        -3.5295471674415349e-08        -5.8896428340529502e-07         1.0023784734148979e-08
9                                      2.2734377670303985e-01        -6.3482158484124800e-03         3.6925268834516075e-07        -2.5928213438531803e-07        -2.6894008399850580e-08         3.6992635432357485e-01        -1.2508766374899630e-01        -4.9612542406055421e-01
10                                    -6.0538717741729356e-03         2.3448140255786976e-01        -2.4102237656490307e-07         6.5738186241137511e-08         2.6308063315071577e-07        -5.5144333192829720e-01         3.7038792505463386e-01        -2.8661941991096540e-01
11                                    -8.3795225110668822e-07         3.9854357708557243e-07         6.9995974241250836e-01         4.0599365473264537e-01         5.4814769782479611e-01         3.1547302443185871e-07         2.8754160322878247e-07         3.3392343365446256e-08
12                                    -8.6347663201185948e-02         6.1864191427129223e-05        -1.8272421783752463e-02         6.5519526854805272e-06         5.7793382360681084e-08        -1.8883802823480181e-06        -2.2331732589294085e-03        -2.4359986728356404e-09
13                                    -6.1890107383431810e-05        -8.6347852879873524e-02        -6.4425206081619899e-06        -1.8278057840214534e-02         7.6436748665302805e-05        -2.2245886775726577e-03         1.8482757267411331e-06         3.8300808054141158e-06
14                                    -4.5135611010766333e-06         2.0523317234458913e-04        -2.2245061102873652e-07        -2.6331751134715836e-04        -4.7128410079480897e-02         5.8964577799225218e-06         7.4687319043959824e-08         7.4682145260459003e-04
15                                    -8.6347718855976904e-02         6.1888726195011230e-05         1.8272161613806206e-02        -6.4463227389444270e-06        -5.3645768942811504e-08        -1.8792216370550846e-06        -2.2331503731611553e-03        -1.8258402710596158e-09
16                                    -6.1868211693848050e-05        -8.6347853994103968e-02         6.5593909456093512e-06         1.8278054252390964e-02        -7.6447113079473270e-05        -2.2245734228279850e-03         1.8644179010798842e-06         3.8296789565682967e-06
17                                     4.4547806775883112e-06        -2.0526547357750888e-04        -2.4465981755925000e-07        -2.6324789933957247e-04        -4.7128460413552474e-02        -5.9379110753055383e-06        -2.7908703711130418e-08        -7.4682407432843381e-04
                                                        16                          17

0                                      1.2918849440594552e-05         9.8300244065775602e-02
1                                      9.8313461690301557e-02        -1.2898313850777489e-05
2                                     -3.5984225218287633e-09         3.3879243181053658e-09
3                                      6.1652654166608265e-07         5.3967273271502336e-03
4                                     -7.6143854588424009e-01         9.8999628236021655e-05
5                                      9.9204839095702367e-08        -3.1119993439848785e-09
6                                      3.3596929594551533e-01        -5.7207552249908822e-01
7                                     -1.8866708373986182e-01         3.3351261402844717e-01
8                                     -1.1752826618753833e-08        -5.1546999849494760e-09
9                                     -3.3611949285519155e-01        -5.7198560273870125e-01
10                                    -1.8875454061674962e-01        -3.3346222355628896e-01
11                                    -1.9484923361646418e-08         6.0039381239043410e-08
12                                    -1.1547107552220978e-07        -8.6615829874502222e-04
13                                    -8.6514030342856865e-04         1.1366774903657282e-07
14                                     3.8836317707683091e-06        -5.5360865904606151e-09
15                                    -1.1567296235142162e-07        -8.6615659651271995e-04
16                                    -8.6514376644373429e-04         1.1458924982309385e-07
17                                    -3.8849629726281478e-06         6.4719184631384081e-10
$End
$Geometry
   &GeometryIndex 2
   &NAtoms [&Type "Integer"] 6
   &NCorelessECP [&Type "Integer"] 0
   &NGhostAtoms [&Type "Integer"] 0
   &CartesianCoordinates [&Type "Coordinates", &Dim(6,4), &Units "Bohr"] 
