
$orca_hessian_file

$act_atom
  0

$act_coord
  0

$act_energy
      -12.687985

$multiplicity
  1

$hessian
18
                    0                  1                  2                  3                  4        
    0      4.6201174609E-01   1.2424458558E-02  -5.6618292100E-02  -4.2462330477E-02   1.5161731463E-02
    1      1.2424458558E-02   4.8191774720E-01   3.1975096489E-02   2.0635652129E-02  -2.9233583515E-01
    2     -5.6618292100E-02   3.1975096489E-02   2.3520972994E-01  -4.5746789874E-04   3.3500124336E-02
    3     -4.2462330477E-02   2.0635652129E-02  -4.5746789874E-04   4.4100142939E-02  -1.6135395576E-02
    4      1.5161731463E-02  -2.9233583515E-01   3.3500124336E-02  -1.6135395576E-02   3.2233526970E-01
    5     -9.0195031260E-04   3.7379780402E-02  -4.1637429726E-02   3.0866525706E-03  -3.8641950349E-02
    6     -1.5386520555E-01   6.6253132735E-02   9.7597116264E-02  -1.3504212414E-03   1.6873960904E-03
    7      6.6985482810E-02  -7.6959159103E-02  -5.6668200903E-02   2.1619231221E-02  -1.5338936048E-02
    8      1.0379122189E-01  -5.9559589643E-02  -9.5282357950E-02  -2.9549594233E-03   1.3182976290E-03
    9     -2.4533883906E-01  -1.0241181234E-01  -2.9634830578E-02   3.1196662137E-04  -1.1544189905E-03
   10     -9.6058192204E-02  -8.9445159309E-02  -1.6484457661E-02  -3.0014817244E-02  -1.7690791071E-02
   11     -3.2411041369E-02  -1.7771508471E-02  -4.1637140052E-02   3.4453190064E-03   6.5035405156E-04
   12     -2.2266593095E-02   1.6874880152E-03  -5.6488893500E-03  -5.7386065762E-04   1.0830443782E-03
   13      1.6882059098E-03  -2.0328187725E-02   3.2739431297E-03   4.7808808913E-03  -1.0426383975E-03
   14     -1.4298336007E-02   8.2490561345E-03  -4.1372776616E-02  -3.7841072191E-03   3.9172986787E-03
   15      1.9212220880E-03   1.4110809057E-03  -5.2376363386E-03  -2.5497184349E-05  -6.4235736518E-04
   16     -2.0168653957E-04  -2.8494059087E-03   4.4034946086E-03  -8.8555142111E-04   4.0729309693E-03
   17      4.3839790039E-04  -2.7283491174E-04  -1.5280025591E-02   6.6456296411E-04  -7.4412434605E-04
                    5                  6                  7                  8                  9        
    0     -9.0195031260E-04  -1.5386520555E-01   6.6985482810E-02   1.0379122189E-01  -2.4533883906E-01
    1      3.7379780402E-02   6.6253132735E-02  -7.6959159103E-02  -5.9559589643E-02  -1.0241181234E-01
    2     -4.1637429726E-02   9.7597116264E-02  -5.6668200903E-02  -9.5282357950E-02  -2.9634830578E-02
    3      3.0866525706E-03  -1.3504212414E-03   2.1619231221E-02  -2.9549594233E-03   3.1196662137E-04
    4     -3.8641950349E-02   1.6873960904E-03  -1.5338936048E-02   1.3182976290E-03  -1.1544189905E-03
    5      5.0745512830E-02   1.3075585929E-03  -1.5829634650E-02   5.1310184603E-03   1.1582575035E-03
    6      1.3075585929E-03   1.7547215195E-01  -7.5051040463E-02  -1.0775894246E-01  -2.1919139459E-02
    7     -1.5829634650E-02  -7.5051040463E-02   8.9125064705E-02   6.2567299215E-02  -1.0188981973E-02
    8      5.1310184603E-03  -1.0775894246E-01   6.2567299215E-02   1.1101724123E-01  -2.6070361571E-03
    9      1.1582575035E-03  -2.1919139459E-02  -1.0188981973E-02  -2.6070361571E-03   2.7081434451E-01
   10     -3.3107386382E-03   9.7142360461E-03   5.2363224427E-03   1.9113998922E-03   1.1419644332E-01
   11      1.9825187780E-03   1.4327431822E-02   6.7783414782E-03   5.1309559765E-03   3.5399608565E-02
   12     -4.3791983207E-03   4.2559367153E-03  -2.8015177050E-03   4.0970510536E-03  -3.4658207831E-03
   13      2.0505241830E-02  -2.8023032133E-03   1.0161148258E-03  -2.3776309790E-03  -5.8801718200E-04
   14     -1.5557179288E-02  -4.2216147831E-03   2.4392552581E-03  -2.0470886920E-02  -5.2893073001E-03
   15     -2.7132003370E-04  -2.5933224104E-03  -5.6317388997E-04   5.4326651009E-03  -4.0251183173E-04
   16     -1.0269859440E-04   1.9857880536E-04  -3.0794068224E-03  -3.8597761140E-03   1.4678717203E-04
   17     -6.6444105460E-04  -1.2515494352E-03   7.1293960144E-04  -5.5259707941E-03   9.7330796617E-04
                   10                 11                 12                 13                 14        
    0     -9.6058192204E-02  -3.2411041369E-02  -2.2266593095E-02   1.6882059098E-03  -1.4298336007E-02
    1     -8.9445159309E-02  -1.7771508471E-02   1.6874880152E-03  -2.0328187725E-02   8.2490561345E-03
    2     -1.6484457661E-02  -4.1637140052E-02  -5.6488893500E-03   3.2739431297E-03  -4.1372776616E-02
    3     -3.0014817244E-02   3.4453190064E-03  -5.7386065762E-04   4.7808808913E-03  -3.7841072191E-03
    4     -1.7690791071E-02   6.5035405156E-04   1.0830443782E-03  -1.0426383975E-03   3.9172986787E-03
    5     -3.3107386382E-03   1.9825187780E-03  -4.3791983207E-03   2.0505241830E-02  -1.5557179288E-02
    6      9.7142360461E-03   1.4327431822E-02   4.2559367153E-03  -2.8023032133E-03  -4.2216147831E-03
    7      5.2363224427E-03   6.7783414782E-03  -2.8015177050E-03   1.0161148258E-03   2.4392552581E-03
    8      1.9113998922E-03   5.1309559765E-03   4.0970510536E-03  -2.3776309790E-03  -2.0470886920E-02
    9      1.1419644332E-01   3.5399608565E-02  -3.4658207831E-03  -5.8801718200E-04  -5.2893073001E-03
   10      1.0015268332E-01   1.6771911340E-02   3.1094804782E-03   1.8433285212E-03   1.3177098115E-03
   11      1.6771911340E-02   5.0745104749E-02  -1.9922072155E-02  -6.4641668484E-03  -1.5557005981E-02
   12      3.1094804782E-03  -1.9922072155E-02   2.0754756752E-02  -2.8772864937E-03   2.3717696078E-02
   13      1.8433285212E-03  -6.4641668484E-03  -2.8772864937E-03   1.7423261293E-02  -1.3703505777E-02
   14      1.3177098115E-03  -1.5557005981E-02   2.3717696078E-02  -1.3703505777E-02   9.7376707060E-02
   15     -9.4715039479E-04  -8.3924586978E-04   1.2955810687E-03  -2.0147991205E-04   3.8756692308E-03
   16     -9.6383899112E-05   3.5068449556E-05  -2.0120867297E-04   1.0881214828E-03  -2.2198141056E-03
   17     -2.0582474434E-04  -6.6443347095E-04   2.1354126941E-03  -1.2338813551E-03  -4.4188582545E-03
                   15                 16                 17        
     0      1.9212220880E-03  -2.0168653957E-04   4.3839790039E-04
     1      1.4110809057E-03  -2.8494059087E-03  -2.7283491174E-04
     2     -5.2376363386E-03   4.4034946086E-03  -1.5280025591E-02
     3     -2.5497184349E-05  -8.8555142111E-04   6.6456296411E-04
     4     -6.4235736518E-04   4.0729309693E-03  -7.4412434605E-04
     5     -2.7132003370E-04  -1.0269859440E-04  -6.6444105460E-04
     6     -2.5933224104E-03   1.9857880536E-04  -1.2515494352E-03
     7     -5.6317388997E-04  -3.0794068224E-03   7.1293960144E-04
     8      5.4326651009E-03  -3.8597761140E-03  -5.5259707941E-03
     9     -4.0251183173E-04   1.4678717203E-04   9.7330796617E-04
    10     -9.4715039479E-04  -9.6383899112E-05  -2.0582474434E-04
    11     -8.3924586978E-04   3.5068449556E-05  -6.6443347095E-04
    12      1.2955810687E-03  -2.0120867297E-04   2.1354126941E-03
    13     -2.0147991205E-04   1.0881214828E-03  -1.2338813551E-03
    14      3.8756692308E-03  -2.2198141056E-03  -4.4188582545E-03
    15     -1.9547173022E-04   9.4308065628E-04  -2.9601320896E-03
    16      9.4308065628E-04   8.6414417811E-04   1.7437257558E-03
    17     -2.9601320896E-03   1.7437257558E-03   2.6553729165E-02

$vibrational_frequencies
18
    0        0.0000000000000000
    1        0.0000000000000000
    2        0.0000000000000000
    3        0.0000000000000000
    4        0.0000000000000000
    5        0.0000000000000000
    6     -143.8592585278115052
    7      168.5084911380761241
    8      197.5685552062371642
    9      478.4899531727151043
   10      764.7089423436673314
   11      953.4093575302156296
   12     1265.5010916469339008
   13     1412.9228620990343188
   14     1438.3080356335776742
   15     2905.6751824982247854
   16     3042.1826403565464716
   17     3063.1705070939174220

$normal_modes
18 18
                    0                  1                  2                  3                  4        
    0      0.0000000000E+00   0.0000000000E+00   0.0000000000E+00   0.0000000000E+00   0.0000000000E+00
    1      0.0000000000E+00   0.0000000000E+00   0.0000000000E+00   0.0000000000E+00   0.0000000000E+00
    2      0.0000000000E+00   0.0000000000E+00   0.0000000000E+00   0.0000000000E+00   0.0000000000E+00
    3      0.0000000000E+00   0.0000000000E+00   0.0000000000E+00   0.0000000000E+00   0.0000000000E+00
    4      0.0000000000E+00   0.0000000000E+00   0.0000000000E+00   0.0000000000E+00   0.0000000000E+00
    5      0.0000000000E+00   0.0000000000E+00   0.0000000000E+00   0.0000000000E+00   0.0000000000E+00
    6      0.0000000000E+00   0.0000000000E+00   0.0000000000E+00   0.0000000000E+00   0.0000000000E+00
    7      0.0000000000E+00   0.0000000000E+00   0.0000000000E+00   0.0000000000E+00   0.0000000000E+00
    8      0.0000000000E+00   0.0000000000E+00   0.0000000000E+00   0.0000000000E+00   0.0000000000E+00
    9      0.0000000000E+00   0.0000000000E+00   0.0000000000E+00   0.0000000000E+00   0.0000000000E+00
   10      0.0000000000E+00   0.0000000000E+00   0.0000000000E+00   0.0000000000E+00   0.0000000000E+00
   11      0.0000000000E+00   0.0000000000E+00   0.0000000000E+00   0.0000000000E+00   0.0000000000E+00
   12      0.0000000000E+00   0.0000000000E+00   0.0000000000E+00   0.0000000000E+00   0.0000000000E+00
   13      0.0000000000E+00   0.0000000000E+00   0.0000000000E+00   0.0000000000E+00   0.0000000000E+00
   14      0.0000000000E+00   0.0000000000E+00   0.0000000000E+00   0.0000000000E+00   0.0000000000E+00
   15      0.0000000000E+00   0.0000000000E+00   0.0000000000E+00   0.0000000000E+00   0.0000000000E+00
   16      0.0000000000E+00   0.0000000000E+00   0.0000000000E+00   0.0000000000E+00   0.0000000000E+00
   17      0.0000000000E+00   0.0000000000E+00   0.0000000000E+00   0.0000000000E+00   0.0000000000E+00
                    5                  6                  7                  8                  9        
    0      0.0000000000E+00  -1.6891893417E-01  -7.1681911305E-02  -1.9967365597E-02   7.7197186769E-02
    1      0.0000000000E+00   9.9354934612E-02  -1.1685563563E-01   1.0107514050E-02  -4.4901605497E-02
    2      0.0000000000E+00   7.0769846191E-02   2.3254968869E-04   1.0502437877E-02   2.3840784567E-01
    3      0.0000000000E+00  -2.0752434549E-01   3.7527519652E-01  -2.1148307838E-02   5.8174086385E-02
    4      0.0000000000E+00   1.1558010347E-01  -1.1267672938E-01   1.3670030074E-02  -4.8333094479E-02
    5      0.0000000000E+00   1.6001401872E-01  -1.6111045055E-01   3.6456382802E-02   1.7908249908E-01
    6      0.0000000000E+00  -2.7541500229E-01  -2.9151825468E-01  -4.6402210918E-02   1.5952149313E-02
    7      0.0000000000E+00   1.7152910004E-01  -4.9904095753E-01   2.1645041970E-02  -1.1703790903E-02
    8      0.0000000000E+00  -1.2727190992E-01   2.7524324219E-03  -3.2661759860E-02   1.2050119248E-01
    9      0.0000000000E+00  -1.9358570673E-01  -2.8948327532E-01  -2.6976278659E-02   6.8616177506E-02
   10      0.0000000000E+00   1.1652077025E-01   2.7362989026E-01   1.6496216274E-02  -2.5293977872E-02
   11      0.0000000000E+00   1.5451492954E-01   1.6369743084E-01   3.9045851213E-02   1.8026750842E-01
   12      0.0000000000E+00   1.6636779079E-02   6.6232390434E-03  -6.3051527234E-04  -1.2302946523E-02
   13      0.0000000000E+00  -9.8127397813E-03   1.0701403809E-02   4.8768375260E-04   7.1434036238E-03
   14      0.0000000000E+00  -1.7718841294E-02  -5.8786139644E-04   4.6675965245E-02  -3.4583089911E-02
   15      0.0000000000E+00   7.2720492934E-02   2.8379133660E-02   2.0291041701E-02  -4.6370320860E-03
   16      0.0000000000E+00  -4.2961007719E-02   4.6810368159E-02  -1.1190286436E-02   2.8723415223E-03
   17      0.0000000000E+00   1.9842283512E-02   2.0420488076E-03  -2.0521831784E-01  -3.0741012744E-02
                   10                 11                 12                 13                 14        
    0      9.5541769071E-02  -4.9619116099E-02  -9.6386917747E-04  -3.1814178026E-02  -6.4067132943E-02
    1     -5.6323898366E-02  -8.6259994181E-02   8.6973238717E-04  -5.5829438466E-02   3.6648129836E-02
    2     -3.4658222551E-02   1.0833050240E-04  -9.3659442816E-02  -1.9230080638E-04   4.4045615672E-03
    3     -6.1629738927E-02   2.4883034790E-01   1.7467665309E-02   2.6139287219E-01   6.6183814110E-01
    4     -8.4118814872E-03   3.3454125287E-02   8.5246235477E-02  -5.2827061441E-02   6.1971301352E-02
    5      2.5985586391E-01   5.7523156167E-01   5.9051533981E-01  -3.5476529263E-01   4.4993361262E-02
    6     -3.1941771231E-01   1.4166760533E-01   2.1987679151E-01   3.7215933406E-01  -1.1975567431E-01
    7      1.8310191982E-01   2.4199924951E-01  -1.2754220272E-01   6.3903419727E-01   7.0884975466E-02
    8     -7.3499522519E-01   2.1133131012E-03   3.3335066348E-01   1.9315437741E-03  -1.4964650781E-01
    9     -2.7979523992E-02  -9.4028580408E-02  -6.3089991161E-02  -1.7628783832E-01   2.7542873546E-01
   10      6.1871233450E-02   2.3240032078E-01  -5.9026742275E-02   2.0252466928E-01  -6.0264693855E-01
   11      2.5935165289E-01  -5.7765793062E-01   5.8795754985E-01   3.5594666497E-01   4.6365459301E-02
   12     -7.2564367442E-03   3.9204825734E-03  -2.3109792790E-03  -7.1301755379E-04  -6.2954346430E-04
   13      4.2849352548E-03   6.8344249575E-03   1.3191153278E-03  -1.1629255497E-03   3.7622557987E-04
   14      5.0682002515E-03  -9.7374991751E-06  -4.6443207831E-03  -1.0135000362E-05  -1.9279785391E-04
   15     -8.1831614600E-03  -8.4811464110E-04   1.0830495681E-03  -1.1491887594E-03  -2.2320430021E-04
   16      5.0366488294E-03  -1.1537156091E-03  -7.2167487128E-04  -1.6610444631E-03   1.7411705087E-04
   17      1.2045726973E-02  -1.0925949169E-05  -1.4682252519E-03  -9.6367672623E-07   1.1188203123E-03
                   15                 16                 17        
     0     -4.9447911710E-02  -2.3404127334E-02  -6.5220373549E-02
     1      2.7682862670E-02   6.7381720207E-02  -4.7584157086E-02
     2      4.1522256508E-02  -7.8271658802E-03  -5.2525092629E-03
     3     -2.2340896850E-02   4.4375811694E-02  -4.4338372981E-02
     4      8.7506242752E-02  -9.2510988536E-01   1.9977870352E-01
     5      1.7634742644E-03   1.2738492368E-01  -2.9214890977E-02
     6      6.9462616635E-01   5.3501570261E-02   3.0303210706E-03
     7     -4.0281389417E-01  -5.0870571247E-03  -4.2391794658E-02
     8     -5.2327516678E-01  -5.1898847179E-02  -2.7929225546E-02
     9     -7.7941852439E-02   1.8352566762E-01   8.2879645021E-01
    10     -1.9966343095E-02   1.2869734080E-01   4.0723369868E-01
    11      3.0045437144E-03   2.9161448476E-02   1.2651413707E-01
    12      1.4800122309E-04  -4.4172306337E-05  -1.2503428322E-04
    13     -7.0749647988E-05   4.4622079804E-05  -1.2828661802E-05
    14      2.6490672477E-04  -1.7986574429E-04  -1.1207148756E-04
    15     -8.9507287963E-04   5.1693163318E-05  -2.2958182931E-05
    16      5.8480997021E-04  -2.6189846770E-04   1.8005834473E-04
    17      1.4555930919E-04   1.5257696502E-04   1.1145488462E-04

#
# The atoms: label  mass x y z (in bohrs)
#
$atoms
6
 C     12.01100     -0.254953899600     0.147190652083     0.459275638275
 H      1.00800     -0.393724160274     2.170251667608     0.162378639713
 H      1.00800      1.156887810387    -0.667920911447    -0.800159703907
 H      1.00800     -2.076344400346    -0.744199372128     0.162389004602
 Br    79.90000      0.572539472510    -0.330537727100     4.076166406849
 F     18.99800      0.995595177324    -0.574784309016    -4.220147583599

$actual_temperature
  0.000000

$frequency_scale_factor
  1.000000

$dipole_derivatives
18
    2.0000000000E-01    0.0000000000E+00   -2.0000000000E-01
    0.0000000000E+00    2.0000000000E-01    0.0000000000E+00
   -2.0000000000E-01    0.0000000000E+00    1.2000000000E+00
    0.0000000000E+00    0.0000000000E+00    0.0000000000E+00
    0.0000000000E+00   -2.0000000000E-01    0.0000000000E+00
    0.0000000000E+00    0.0000000000E+00   -2.0000000000E-01
    2.0000000000E-01    0.0000000000E+00   -2.0000000000E-01
    0.0000000000E+00    2.0000000000E-01    0.0000000000E+00
    0.0000000000E+00    0.0000000000E+00    0.0000000000E+00
    0.0000000000E+00    0.0000000000E+00    0.0000000000E+00
    0.0000000000E+00    0.0000000000E+00    0.0000000000E+00
    0.0000000000E+00    0.0000000000E+00   -2.0000000000E-01
   -4.0000000000E-01    0.0000000000E+00    0.0000000000E+00
    0.0000000000E+00   -6.0000000000E-01    0.0000000000E+00
    2.0000000000E-01   -2.0000000000E-01   -1.0000000000E+00
    4.4408920985E-14   -0.0000000000E+00    4.0000000000E-01
   -0.0000000000E+00    4.0000000000E-01   -0.0000000000E+00
    4.4408920985E-14    2.0000000000E-01    2.0000000000E-01

#
# The IR spectrum
#  wavenumber T**2 TX TY TZ
#
$ir_spectrum
18
      0.00   0.00000000     0.000000     0.000000     0.000000
      0.00   0.00000000     0.000000     0.000000     0.000000
      0.00   0.00000000     0.000000     0.000000     0.000000
      0.00   0.00000000     0.000000     0.000000     0.000000
      0.00   0.00000000     0.000000     0.000000     0.000000
      0.00   0.00000000     0.000000     0.000000     0.000000
   -143.86   0.00000000     0.000000     0.000000     0.000000
    168.51   0.00735476    -0.045099    -0.052487     0.050655
    197.57   0.00226274    -0.003194    -0.028445    -0.037992
    478.49   0.00633330    -0.011012    -0.001427     0.078803
    764.71   0.00104617    -0.009519     0.007822    -0.029906
    953.41   0.00006360     0.004226     0.004999    -0.004555
   1265.50   0.00740074     0.013634    -0.009341    -0.084425
   1412.92   0.00109187     0.014117     0.026264    -0.014240
   1438.31   0.00008652    -0.007658     0.001886     0.004932
   2905.68   0.00061348     0.017377    -0.013282    -0.011624
   3042.18   0.00081511     0.001064     0.027771    -0.006540
   3063.17   0.00007168    -0.001593    -0.008107    -0.001850


$end

