
$orca_hessian_file

$act_atom
  0

$act_coord
  0

$act_energy
      -21.424696

$multiplicity
  1

$hessian
48
                    0                  1                  2                  3                  4        
    0      5.3078341790E-01   9.7130817000E-03  -5.1835321500E-02  -1.3915187380E-01   2.9799489400E-02
    1      9.7130817000E-03   5.5235023540E-01  -6.9215984000E-03   1.4020966000E-02  -6.4054646100E-02
    2     -5.1835321500E-02  -6.9215984000E-03   3.2062240490E-01   1.0083165200E-01  -3.5393665000E-03
    3     -1.3915187380E-01   1.4020966000E-02   1.0083165200E-01   4.8670383340E-01   8.1876699500E-02
    4      2.9799489400E-02  -6.4054646100E-02  -3.5393665000E-03   8.1876699500E-02   6.3516829400E-01
    5      1.0024559150E-01  -2.9297146000E-03  -1.0742002390E-01  -1.1332093180E-01   2.4759935900E-02
    6     -4.0875498100E-02  -2.7800810500E-02   1.2276720300E-02  -1.9900036960E-01  -1.6566678430E-01
    7     -2.2588893600E-02  -4.5890920000E-04   3.6065199000E-03  -1.6480910840E-01  -3.0277348560E-01
    8      5.1994790000E-03   4.2398469000E-03  -1.1930359900E-02  -1.1121853300E-02  -1.5227964900E-02
    9     -2.0647393000E-03  -6.4754790000E-04  -4.8475489000E-03  -4.2940294000E-02  -2.3224621100E-02
   10     -7.8557450000E-04  -2.3556859000E-03  -6.0350190000E-04  -2.7203538600E-02   4.2986390000E-04
   11      4.7730220000E-03  -1.0532590000E-04   1.8070715000E-03  -1.3528121900E-02  -2.1774141000E-03
   12     -1.0519408500E-02  -7.9567240000E-03  -8.7337682000E-03  -7.5425546000E-03  -2.4758680000E-03
   13      3.7447170000E-04   1.6793294000E-03  -6.1008906000E-03  -3.3521618000E-03   1.9566410000E-04
   14     -1.3263337700E-02  -1.1453952600E-02   2.9659030000E-04   4.3570850000E-04   4.7476826000E-03
   15     -8.3647129000E-02   4.6236544000E-03  -2.6369844400E-02   7.5531103000E-03  -2.9536026000E-03
   16      3.1133567000E-03  -6.6945627100E-02   9.4580064000E-03   1.9391330000E-04   3.6862661000E-03
   17     -4.7561450100E-02   9.8098437000E-03  -8.8282185100E-02   2.1710778600E-02   6.3494259000E-03
   18     -1.4990724430E-01  -1.1515222710E-01  -2.0338187000E-03  -1.2593760700E-02  -1.3521604100E-02
   19     -1.1535047390E-01  -1.7095533490E-01  -3.6896838000E-03  -3.4291860000E-04   1.2704300000E-03
   20     -2.6399988000E-03  -2.0575546000E-03  -4.0572074600E-02   1.3744823200E-02   1.4893962800E-02
   21     -8.7379233200E-02   9.0729557800E-02  -7.3591600000E-05  -9.2178146000E-03   1.8702425700E-02
   22      8.9806939900E-02  -2.3947731810E-01   4.4901763000E-03   5.8877292000E-03  -5.6956636000E-03
   23     -1.8299022000E-03   3.0563879000E-03  -3.7760881500E-02   1.1524313000E-02  -1.9952005900E-02
   24     -1.4261835000E-02   2.4561232700E-02   1.2609464000E-03  -8.5350576500E-02   9.2474480100E-02
   25      4.3648097000E-03  -4.9872214000E-03  -1.2473730000E-03   8.9754548500E-02  -2.4043556560E-01
   26      8.7597351000E-03  -1.0313283400E-02  -4.8086071000E-03   2.5716470000E-03  -8.5183488000E-03
   27      1.8934888000E-03  -1.8783765000E-03   2.8122510000E-04   9.9623397000E-03  -1.5226437200E-02
   28      4.4675430000E-04   2.7825330000E-04  -1.2154360000E-03   7.5133650000E-03  -2.9157076000E-02
   29     -1.7173494000E-03   9.0491650000E-04  -1.5817608000E-03  -4.4230610000E-03  -7.2079661000E-03
   30     -5.8134930000E-04  -6.7167950000E-04  -1.5214533000E-03  -7.1815243000E-03  -5.8571630000E-04
   31     -3.8480200000E-04  -6.5914000000E-06  -5.2167360000E-04  -1.2283938000E-03   9.3131750000E-04
   32     -1.1276920000E-03  -1.1269246000E-03  -5.2235840000E-04  -6.2746722000E-03   6.2810800000E-05
   33     -1.1000190000E-04   4.9674900000E-05  -9.5422300000E-05  -1.6355900000E-05   5.8377480000E-04
   34      5.6430100000E-05  -6.5302800000E-05   2.1733910000E-04  -2.0914003000E-03   7.5011510000E-04
   35      1.1163180000E-04   1.3998610000E-04  -1.1733390000E-04   7.4243770000E-04   9.6483060000E-04
   36      5.7153326000E-03  -2.3975660000E-03  -1.2440353500E-02  -2.4084280000E-04   9.1243410000E-04
   37     -7.7373950000E-04   1.7995439000E-03   3.3272521000E-03   6.0365520000E-04   1.0340320000E-04
   38      8.7357011000E-03  -5.1361060000E-03  -2.2901928600E-02  -1.4984460000E-04   2.2008676000E-03
   39     -6.8310664000E-03   1.5561031800E-02  -5.7348815000E-03  -2.4763750000E-04  -5.0611380000E-04
   40      3.8082797000E-03  -5.8451214000E-03   2.5707388000E-03   7.2638000000E-06   9.9088700000E-05
   41     -8.9077646000E-03   2.2128571700E-02  -5.5844968000E-03  -1.7243234000E-03   1.7298053000E-03
   42     -3.3240560000E-03  -2.5571226000E-03  -7.3665840000E-04  -5.3491450000E-04  -2.8753920000E-04
   43     -1.9275429000E-03  -7.8269580000E-04  -6.1635320000E-04  -9.8213170000E-04  -3.5280640000E-04
   44      7.9349610000E-04  -2.2423880000E-04  -1.7198970000E-03  -1.5495565000E-03   8.0455910000E-04
   45      2.6119560000E-04  -1.9714510000E-04  -2.2788160000E-04  -2.0076440000E-04   9.8983200000E-05
   46      3.2741340000E-04  -1.7290800000E-04   7.8584450000E-04   1.5151270000E-04  -1.6519930000E-04
   47      2.6415980000E-04  -1.0854100000E-05   4.7584100000E-04   5.3100470000E-04   1.0918600000E-04
                    5                  6                  7                  8                  9        
    0      1.0024559150E-01  -4.0875498100E-02  -2.2588893600E-02   5.1994790000E-03  -2.0647393000E-03
    1     -2.9297146000E-03  -2.7800810500E-02  -4.5890920000E-04   4.2398469000E-03  -6.4754790000E-04
    2     -1.0742002390E-01   1.2276720300E-02   3.6065199000E-03  -1.1930359900E-02  -4.8475489000E-03
    3     -1.1332093180E-01  -1.9900036960E-01  -1.6480910840E-01  -1.1121853300E-02  -4.2940294000E-02
    4      2.4759935900E-02  -1.6566678430E-01  -3.0277348560E-01  -1.5227964900E-02  -2.3224621100E-02
    5      2.2487485110E-01   3.1871614000E-03  -2.4106389000E-03  -2.3975993000E-03  -5.1962345000E-03
    6      3.1871614000E-03   4.8767427740E-01   6.9196522900E-02   1.1327743700E-01  -1.4190453580E-01
    7     -2.4106389000E-03   6.9196522900E-02   6.4386360010E-01   4.8267460000E-04   3.8538024600E-02
    8     -2.3975993000E-03   1.1327743700E-01   4.8267460000E-04   2.2254089010E-01  -9.5671011300E-02
    9     -5.1962345000E-03  -1.4190453580E-01   3.8538024600E-02  -9.5671011300E-02   5.2260615490E-01
   10     -2.4559591000E-03   2.1323295500E-02  -6.5756335500E-02   4.0885441000E-03   1.0932227300E-02
   11     -9.7564261000E-03  -9.6178758500E-02   6.2255077000E-03  -1.0492592650E-01   5.4179579200E-02
   12     -9.0352792000E-03   7.7201122000E-03  -3.2561624000E-03  -5.0042294000E-03  -7.8028341600E-02
   13     -2.1099806000E-03   6.0543800000E-04   4.6155016000E-03   5.3459289000E-03  -8.7447927000E-03
   14     -1.1810725500E-02  -2.4465431400E-02  -2.3963549000E-03  -4.6820338000E-02   4.1933444700E-02
   15      2.9417883000E-03  -8.1977782000E-03  -3.4721885000E-03   7.4501283000E-03  -7.9687065000E-03
   16     -1.1291235000E-03  -2.3235635000E-03  -4.6742000000E-05   1.1761460000E-03  -1.1370426000E-03
   17     -4.5763870300E-02  -8.0468270000E-04  -3.0646558000E-03  -1.0515453300E-02   1.2755866400E-02
   18      5.2520293000E-03  -7.0784582000E-03  -6.2528530000E-04   5.8288260000E-04  -5.8082750000E-04
   19      2.4959449000E-03  -1.7069823000E-03   1.1380797000E-03  -4.6432430000E-04  -4.1211860000E-04
   20     -3.0782419000E-03   6.0385020000E-03  -4.7931600000E-05   1.8372966000E-03   1.1613218000E-03
   21      6.9296680000E-04  -3.1674000000E-05   6.8165400000E-04   5.4200190000E-04  -1.1976430000E-04
   22     -3.7626235000E-03  -2.0198082000E-03   8.2517730000E-04   5.8956590000E-04   5.1200800000E-05
   23     -1.7816589000E-03  -8.2162480000E-04  -1.0265396000E-03  -5.0933680000E-04  -4.4778500000E-05
   24      1.2759411300E-02   1.0206937300E-02  -1.4879820000E-02  -3.0881506000E-03   1.8746651000E-03
   25     -1.1075030800E-02   7.6496827000E-03  -3.0829488000E-02  -7.1502300000E-05   5.0605390000E-04
   26     -3.0621007300E-02   4.7943156000E-03   5.9852412000E-03  -3.7178063000E-03   1.4070845000E-03
   27      1.4914354000E-03  -8.5302336500E-02   9.4807069100E-02  -4.9259260000E-03  -1.4252309200E-02
   28     -1.8291645000E-03   9.1724691200E-02  -2.4548054060E-01  -4.9919048000E-03   4.9387395000E-03
   29     -4.6137461000E-03   4.3595933000E-03  -7.7680486000E-03  -3.0296198100E-02  -8.0952791000E-03
   30     -2.8842140000E-04  -1.2473511900E-02  -1.3548045600E-02  -6.3085533000E-03  -1.4457350560E-01
   31      4.5026970000E-04   5.9654490000E-04   2.7584484000E-03  -1.7941824000E-03  -1.1502137860E-01
   32      1.7700414000E-03  -1.3075734200E-02  -1.4333971700E-02  -4.2577840000E-03  -6.4747456000E-03
   33     -5.1468840000E-04  -9.8371338000E-03   1.9200320800E-02   1.0807849000E-03  -8.9384205600E-02
   34     -3.3402490000E-04   7.2650955000E-03  -7.7686728000E-03   3.4280200000E-03   8.9487120200E-02
   35     -5.1798180000E-04  -1.1325210900E-02   1.8960140000E-02   7.6141940000E-04   1.2834648800E-02
   36     -1.5353383000E-03  -3.2047300000E-04  -1.7434390000E-04  -1.6697707000E-03  -3.3172857000E-03
   37     -6.0622670000E-04  -1.5286715000E-03  -3.1648070000E-04   5.3252280000E-04  -1.8424949000E-03
   38     -5.4665818000E-03   1.4984030000E-03  -3.7426760000E-04  -2.6237747000E-03  -6.4903330000E-04
   39      1.3830911000E-03   2.0115970000E-04   1.4865800000E-04  -6.9431400000E-05  -1.7900830000E-04
   40     -2.9654400000E-04   1.0803080000E-04  -1.5308520000E-04  -3.8648100000E-05  -1.3190250000E-04
   41     -5.7278130000E-04   2.7867250000E-04  -1.2523600000E-05  -6.1076500000E-05   1.9452320000E-04
   42      1.3241213000E-03  -1.8921560000E-04   5.5492620000E-04   1.3022799000E-03   5.3833061000E-03
   43      4.3221050000E-04   5.9381230000E-04   8.6356970000E-04   1.2717324000E-03   1.4624106000E-03
   44     -2.7864138000E-03  -1.7726790000E-04  -1.7696246000E-03  -5.7456039000E-03  -9.6864596000E-03
   45      6.1329730000E-04  -5.9150190000E-04   2.2667220000E-04  -1.5760677000E-03  -4.5506027000E-03
   46      8.0067010000E-04   1.9835066000E-03  -4.8063730000E-04   1.4335452000E-03   5.2461220000E-03
   47     -5.7834400000E-05   1.1379055000E-03  -2.0555265000E-03  -1.3383491000E-03   6.1986223000E-03
                   10                 11                 12                 13                 14        
    0     -7.8557450000E-04   4.7730220000E-03  -1.0519408500E-02   3.7447170000E-04  -1.3263337700E-02
    1     -2.3556859000E-03  -1.0532590000E-04  -7.9567240000E-03   1.6793294000E-03  -1.1453952600E-02
    2     -6.0350190000E-04   1.8070715000E-03  -8.7337682000E-03  -6.1008906000E-03   2.9659030000E-04
    3     -2.7203538600E-02  -1.3528121900E-02  -7.5425546000E-03  -3.3521618000E-03   4.3570850000E-04
    4      4.2986390000E-04  -2.1774141000E-03  -2.4758680000E-03   1.9566410000E-04   4.7476826000E-03
    5     -2.4559591000E-03  -9.7564261000E-03  -9.0352792000E-03  -2.1099806000E-03  -1.1810725500E-02
    6      2.1323295500E-02  -9.6178758500E-02   7.7201122000E-03   6.0543800000E-04  -2.4465431400E-02
    7     -6.5756335500E-02   6.2255077000E-03  -3.2561624000E-03   4.6155016000E-03  -2.3963549000E-03
    8      4.0885441000E-03  -1.0492592650E-01  -5.0042294000E-03   5.3459289000E-03  -4.6820338000E-02
    9      1.0932227300E-02   5.4179579200E-02  -7.8028341600E-02  -8.7447927000E-03   4.1933444700E-02
   10      5.4220420420E-01   2.5443667900E-02  -1.7974754000E-03  -5.7953059600E-02  -2.8199979000E-03
   11      2.5443667900E-02   3.1197589740E-01   2.0512385800E-02   3.0329102000E-03  -8.3232981000E-02
   12     -1.7974754000E-03   2.0512385800E-02   3.9486722780E-01   1.1401580200E-02   7.6630546200E-02
   13     -5.7953059600E-02   3.0329102000E-03   1.1401580200E-02   2.8533966080E-01  -5.0873992800E-02
   14     -2.8199979000E-03  -8.3232981000E-02   7.6630546200E-02  -5.0873992800E-02   4.0956713440E-01
   15     -7.5731871000E-03   8.2333837000E-03  -1.2674573840E-01  -3.7919882100E-02  -5.6695734000E-03
   16     -5.8338300000E-04   3.4823608000E-03  -4.6012332300E-02  -8.7987392500E-02  -9.6061970000E-04
   17      1.0702245400E-02   1.0985880000E-03   2.2921283000E-03   1.9490056000E-03  -6.3330684400E-02
   18     -7.7364160000E-04   1.5155816000E-03  -5.9171880000E-04   6.9984540000E-04  -2.7294176000E-03
   19     -1.8571840000E-04   5.6444420000E-04   6.9255290000E-04   5.5447120000E-04   2.4077060000E-04
   20      1.1771962000E-03  -5.1528400000E-04  -2.3196997000E-03   6.4984700000E-04  -3.4235157000E-03
   21      9.1840700000E-05   1.3789480000E-04  -2.1041930000E-04   1.0543466000E-03   5.3896800000E-05
   22     -6.7352900000E-05  -3.0411290000E-04   1.6126590000E-04  -1.9336290000E-04  -2.6022620000E-04
   23     -1.2640230000E-04  -1.2733160000E-04   1.3191640000E-04   4.7295750000E-04   3.1783960000E-04
   24     -1.9924884000E-03  -8.9140560000E-04  -3.1051160000E-04   2.1148270000E-04   2.2724770000E-04
   25      4.3336240000E-04   1.5221198000E-03   3.2025480000E-04  -5.7758730000E-04  -8.7113000000E-06
   26     -6.4469180000E-04  -2.3865530000E-03  -1.3877730000E-04   7.8154900000E-05   1.4141680000E-04
   27      2.4094391000E-02   6.9466260000E-04   3.3476660000E-04   9.7218210000E-04   1.3171350000E-04
   28     -5.5532464000E-03   1.1331174000E-03   6.3748910000E-04  -1.1274195000E-03   2.7889600000E-04
   29      9.6840887000E-03  -2.9092785000E-03  -1.1379008000E-03  -8.2105500000E-05   5.7014700000E-04
   30     -1.1408954980E-01  -7.6709983000E-03  -1.3337594400E-02  -1.2199177100E-02   4.5947949000E-03
   31     -1.7377984680E-01  -6.8424348000E-03  -1.6355233000E-03  -2.9577953000E-03   3.7116750000E-04
   32     -9.0723030000E-03  -4.1295744900E-02   1.7590107600E-02   1.6295890100E-02  -2.6748574000E-03
   33      9.1933403500E-02   1.0597386700E-02  -8.2807606000E-03   1.2706207500E-02   5.9263498000E-03
   34     -2.2613640250E-01  -2.5938825400E-02   2.4018027000E-03  -2.6239657000E-03  -2.4109049000E-03
   35     -2.5189286400E-02  -3.9977059700E-02   1.2805756700E-02  -1.8624875500E-02  -7.7157515000E-03
   36     -2.2231731000E-03   5.0179310000E-04  -1.7580984800E-02   2.5580101000E-03   1.9673682600E-02
   37     -1.3974254000E-03   1.0723295000E-03  -1.0767614300E-02   1.1801112000E-03   1.1310006200E-02
   38      1.5064540000E-04  -1.9377104000E-03   1.6754517000E-03  -1.2455355000E-03  -4.0745340000E-04
   39     -2.6584830000E-04  -1.5679640000E-04   1.1154136000E-03  -2.2974897700E-02   8.1419490000E-04
   40     -4.2969000000E-05  -6.4373000000E-05  -7.6535120000E-04  -2.1872945200E-02   3.7846790000E-04
   41      4.8914500000E-05   3.0190000000E-05  -9.4454090000E-04   1.5328883000E-03   5.2455670000E-04
   42     -3.5074243000E-03   1.0756913600E-02  -1.1680548490E-01   4.2055356900E-02  -1.0481526690E-01
   43      7.1207830000E-04   5.8535140000E-04   4.5282767400E-02  -5.8330029600E-02   6.1501032400E-02
   44      7.1636795000E-03  -2.1447880600E-02  -1.0563069900E-01   5.7367479400E-02  -1.6847663000E-01
   45      1.1836743200E-02   6.5234775000E-03  -2.4084002600E-02   1.2551990300E-02   5.2144740000E-04
   46     -9.9680835000E-03  -7.6293230000E-03   1.3769337900E-02  -5.9941180800E-02  -7.6432629000E-03
   47     -1.7546839300E-02  -6.3995706000E-03   1.3066018000E-03  -7.6876814000E-03  -2.3524747800E-02
                   15                 16                 17                 18                 19        
    0     -8.3647129000E-02   3.1133567000E-03  -4.7561450100E-02  -1.4990724430E-01  -1.1535047390E-01
    1      4.6236544000E-03  -6.6945627100E-02   9.8098437000E-03  -1.1515222710E-01  -1.7095533490E-01
    2     -2.6369844400E-02   9.4580064000E-03  -8.8282185100E-02  -2.0338187000E-03  -3.6896838000E-03
    3      7.5531103000E-03   1.9391330000E-04   2.1710778600E-02  -1.2593760700E-02  -3.4291860000E-04
    4     -2.9536026000E-03   3.6862661000E-03   6.3494259000E-03  -1.3521604100E-02   1.2704300000E-03
    5      2.9417883000E-03  -1.1291235000E-03  -4.5763870300E-02   5.2520293000E-03   2.4959449000E-03
    6     -8.1977782000E-03  -2.3235635000E-03  -8.0468270000E-04  -7.0784582000E-03  -1.7069823000E-03
    7     -3.4721885000E-03  -4.6742000000E-05  -3.0646558000E-03  -6.2528530000E-04   1.1380797000E-03
    8      7.4501283000E-03   1.1761460000E-03  -1.0515453300E-02   5.8288260000E-04  -4.6432430000E-04
    9     -7.9687065000E-03  -1.1370426000E-03   1.2755866400E-02  -5.8082750000E-04  -4.1211860000E-04
   10     -7.5731871000E-03  -5.8338300000E-04   1.0702245400E-02  -7.7364160000E-04  -1.8571840000E-04
   11      8.2333837000E-03   3.4823608000E-03   1.0985880000E-03   1.5155816000E-03   5.6444420000E-04
   12     -1.2674573840E-01  -4.6012332300E-02   2.2921283000E-03  -5.9171880000E-04   6.9255290000E-04
   13     -3.7919882100E-02  -8.7987392500E-02   1.9490056000E-03   6.9984540000E-04   5.5447120000E-04
   14     -5.6695734000E-03  -9.6061970000E-04  -6.3330684400E-02  -2.7294176000E-03   2.4077060000E-04
   15      4.2002809080E-01  -3.6983185600E-02  -6.4919243100E-02  -1.3267095600E-02   2.6353810000E-04
   16     -3.6983185600E-02   4.8942131100E-01   1.6998429700E-02  -1.1783686700E-02  -5.0427900000E-05
   17     -6.4919243100E-02   1.6998429700E-02   4.4815908460E-01  -4.9271022000E-03  -3.2995520000E-04
   18     -1.3267095600E-02  -1.1783686700E-02  -4.9271022000E-03   1.7646451510E-01   1.3439480210E-01
   19      2.6353810000E-04  -5.0427900000E-05  -3.2995520000E-04   1.3439480210E-01   1.9172011800E-01
   20     -1.7216965000E-02  -1.5426968500E-02  -3.8648265000E-03   2.4632470000E-03   1.4336982000E-03
   21     -7.8621866000E-03   1.4465401100E-02  -3.5114148000E-03   7.9598886000E-03  -1.8692876700E-02
   22      3.3281621000E-03  -4.6592983000E-03   2.3482357000E-03   7.7122788000E-03  -2.5325735400E-02
   23     -1.2133643500E-02   2.0874919100E-02  -4.3902761000E-03   2.3675430000E-04  -3.9427140000E-04
   24      8.1272570000E-04   1.6624230000E-04  -5.4523370000E-04   3.1739190000E-04   5.0187050000E-04
   25     -3.4525800000E-05   2.0589980000E-04   2.2808840000E-04  -2.8724950000E-04   4.3863470000E-04
   26      1.8191855000E-03  -7.6415180000E-04   1.3570230000E-04  -1.6612450000E-04   4.1803800000E-05
   27     -1.7322440000E-04   2.9858910000E-04   6.0000200000E-05   1.8331340000E-04  -9.7482000000E-06
   28      1.9853500000E-04  -3.6072500000E-04  -7.2510900000E-05   3.1230670000E-04   4.6145890000E-04
   29      8.8126800000E-05   7.0233700000E-05  -1.0968580000E-04  -8.4804800000E-05  -4.0176000000E-06
   30     -1.6396800000E-04  -1.9132170000E-04   2.6393064000E-03  -2.9428880000E-04  -2.6460700000E-05
   31      1.4054890000E-04   2.9682790000E-04   2.1929460000E-04   1.8319700000E-05   4.9932700000E-05
   32      1.7129375000E-03  -1.1113410000E-04  -3.3289008000E-03  -4.1188780000E-04  -1.4426190000E-04
   33      1.4513720000E-04   8.7092700000E-05   4.6572800000E-05   1.0399850000E-04  -1.8314200000E-05
   34     -1.2040530000E-04   1.7174400000E-04   2.3873950000E-04  -7.1360500000E-05   2.9476900000E-05
   35     -9.5536800000E-05  -2.0222690000E-04   5.3847000000E-05   1.4672000000E-05  -4.3936000000E-05
   36     -1.0952203600E-01   3.1330835800E-02   1.0447471380E-01  -4.0682400000E-05  -1.1408430000E-04
   37      3.2276706600E-02  -5.5449187700E-02  -4.6070894300E-02  -8.7410700000E-05  -1.7044860000E-04
   38      1.0698887990E-01  -4.5779381800E-02  -1.8703611120E-01  -1.9027640000E-04  -3.0572410000E-04
   39     -5.7121552600E-02   5.8341999700E-02  -1.2826671000E-03  -9.9943500000E-05   7.2634450000E-04
   40      5.9652298200E-02  -2.5312591600E-01   1.4267980800E-02  -3.6453990000E-04   8.9365200000E-04
   41     -2.4514318000E-03   1.5441796100E-02  -4.2522702300E-02   3.6942800000E-04   4.9344440000E-04
   42     -1.7435720500E-02   4.0914511000E-03  -1.8398393800E-02  -6.2973290000E-04   1.7702300000E-05
   43     -1.0303707800E-02   2.1518479000E-03  -9.0610288000E-03  -3.5555150000E-04  -3.1829900000E-05
   44     -9.6188150000E-04   1.5738477000E-03  -3.8339790000E-04   1.7148420000E-04   7.8864400000E-05
   45      3.5660721000E-03  -1.3657749400E-02  -2.0291791000E-03   5.4645200000E-05   7.7167000000E-05
   46     -1.1227587000E-03  -2.6725197200E-02  -4.5122443000E-03  -1.1499600000E-04   1.6324100000E-04
   47      5.8368940000E-04  -4.7021332000E-03   8.0871700000E-05  -6.2647000000E-05   2.7203800000E-05
                   20                 21                 22                 23                 24        
    0     -2.6399988000E-03  -8.7379233200E-02   8.9806939900E-02  -1.8299022000E-03  -1.4261835000E-02
    1     -2.0575546000E-03   9.0729557800E-02  -2.3947731810E-01   3.0563879000E-03   2.4561232700E-02
    2     -4.0572074600E-02  -7.3591600000E-05   4.4901763000E-03  -3.7760881500E-02   1.2609464000E-03
    3      1.3744823200E-02  -9.2178146000E-03   5.8877292000E-03   1.1524313000E-02  -8.5350576500E-02
    4      1.4893962800E-02   1.8702425700E-02  -5.6956636000E-03  -1.9952005900E-02   9.2474480100E-02
    5     -3.0782419000E-03   6.9296680000E-04  -3.7626235000E-03  -1.7816589000E-03   1.2759411300E-02
    6      6.0385020000E-03  -3.1674000000E-05  -2.0198082000E-03  -8.2162480000E-04   1.0206937300E-02
    7     -4.7931600000E-05   6.8165400000E-04   8.2517730000E-04  -1.0265396000E-03  -1.4879820000E-02
    8      1.8372966000E-03   5.4200190000E-04   5.8956590000E-04  -5.0933680000E-04  -3.0881506000E-03
    9      1.1613218000E-03  -1.1976430000E-04   5.1200800000E-05  -4.4778500000E-05   1.8746651000E-03
   10      1.1771962000E-03   9.1840700000E-05  -6.7352900000E-05  -1.2640230000E-04  -1.9924884000E-03
   11     -5.1528400000E-04   1.3789480000E-04  -3.0411290000E-04  -1.2733160000E-04  -8.9140560000E-04
   12     -2.3196997000E-03  -2.1041930000E-04   1.6126590000E-04   1.3191640000E-04  -3.1051160000E-04
   13      6.4984700000E-04   1.0543466000E-03  -1.9336290000E-04   4.7295750000E-04   2.1148270000E-04
   14     -3.4235157000E-03   5.3896800000E-05  -2.6022620000E-04   3.1783960000E-04   2.2724770000E-04
   15     -1.7216965000E-02  -7.8621866000E-03   3.3281621000E-03  -1.2133643500E-02   8.1272570000E-04
   16     -1.5426968500E-02   1.4465401100E-02  -4.6592983000E-03   2.0874919100E-02   1.6624230000E-04
   17     -3.8648265000E-03  -3.5114148000E-03   2.3482357000E-03  -4.3902761000E-03  -5.4523370000E-04
   18      2.4632470000E-03   7.9598886000E-03   7.7122788000E-03   2.3675430000E-04   3.1739190000E-04
   19      1.4336982000E-03  -1.8692876700E-02  -2.5325735400E-02  -3.9427140000E-04   5.0187050000E-04
   20      4.6918616300E-02   1.3965960000E-04   1.5894480000E-04   1.3893752000E-03  -6.6892310000E-04
   21      1.3965960000E-04   1.0107917240E-01  -1.0604575270E-01   1.1926346000E-03  -3.1613264000E-03
   22      1.5894480000E-04  -1.0604575270E-01   2.7228181130E-01  -4.6910697000E-03   1.4555540000E-03
   23      1.3893752000E-03   1.1926346000E-03  -4.6910697000E-03   4.7072874900E-02   5.0409661000E-03
   24     -6.6892310000E-04  -3.1613264000E-03   1.4555540000E-03   5.0409661000E-03   9.3234266300E-02
   25      2.9848830000E-04   4.4870190000E-04   3.4282550000E-04  -5.5974540000E-04  -9.9145250900E-02
   26     -7.5659800000E-05   2.3707344000E-03   1.6877690000E-04  -7.4326450000E-04  -1.7923536700E-02
   27     -8.1671100000E-05  -6.2760770000E-04  -3.6184670000E-04   2.7784780000E-04  -3.2706529000E-03
   28     -1.9435020000E-04  -9.4603880000E-04   3.9068520000E-04   4.9530310000E-04  -2.3857772000E-03
   29     -6.1870400000E-05   3.1899960000E-04   5.6310210000E-04   1.5583090000E-04   3.9835964000E-03
   30      4.4359090000E-04   1.0146300000E-04  -7.8952300000E-05  -8.1370900000E-05   1.5961020000E-04
   31      7.5336200000E-05  -7.4772000000E-06  -4.6710000000E-06   6.1414700000E-05  -2.5834300000E-05
   32      5.0060770000E-04   9.6289200000E-05  -1.4449700000E-05  -9.0486500000E-05   1.1841940000E-04
   33     -9.4965700000E-05   2.2022030000E-04  -1.9956020000E-04  -8.2886700000E-05  -5.5050850000E-04
   34      7.6709000000E-06  -2.0710650000E-04  -6.5998100000E-05   8.5130100000E-05  -3.2472280000E-04
   35     -1.1113240000E-04   6.2411500000E-05  -6.6465400000E-05  -1.1635010000E-04  -1.4906130000E-04
   36     -2.2054100000E-05   5.8765060000E-04  -2.2519540000E-04  -1.9255390000E-04   1.2237400000E-05
   37     -1.0266980000E-04  -2.0471380000E-04   3.1070880000E-04   6.0259170000E-04  -3.0466760000E-04
   38     -2.1408800000E-05   6.6200240000E-04  -9.0403100000E-05   6.4421130000E-04  -3.5789980000E-04
   39     -6.8626100000E-05  -1.6690939000E-03   7.6083740000E-04  -3.4840302000E-03   3.5753850000E-04
   40     -5.3360890000E-04   8.4965660000E-04   5.0301610000E-04   1.2968745000E-03  -2.6577580000E-04
   41      9.3165010000E-04  -2.5018341000E-03   7.9984430000E-04  -4.0083213000E-03   3.4290090000E-04
   42     -8.9944190000E-04   1.3261920000E-04  -8.6109300000E-05   1.3931270000E-04  -1.0863800000E-05
   43     -4.2909940000E-04   3.5800000000E-07  -9.2109800000E-05  -9.3587600000E-05  -7.7587000000E-05
   44      6.4835400000E-05   1.6654390000E-04  -1.3034690000E-04   4.9747800000E-05  -5.7259600000E-05
   45      2.1201000000E-05   1.9810590000E-04  -1.4674330000E-04   1.2704570000E-04  -5.9097700000E-05
   46      9.7038500000E-05  -9.1997680000E-04   9.2728580000E-04  -1.0195680000E-04   3.1061700000E-05
   47      8.1632900000E-05  -3.4919500000E-04   2.0105140000E-04  -1.0197240000E-04  -5.2018000000E-05
                   25                 26                 27                 28                 29        
    0      4.3648097000E-03   8.7597351000E-03   1.8934888000E-03   4.4675430000E-04  -1.7173494000E-03
    1     -4.9872214000E-03  -1.0313283400E-02  -1.8783765000E-03   2.7825330000E-04   9.0491650000E-04
    2     -1.2473730000E-03  -4.8086071000E-03   2.8122510000E-04  -1.2154360000E-03  -1.5817608000E-03
    3      8.9754548500E-02   2.5716470000E-03   9.9623397000E-03   7.5133650000E-03  -4.4230610000E-03
    4     -2.4043556560E-01  -8.5183488000E-03  -1.5226437200E-02  -2.9157076000E-02  -7.2079661000E-03
    5     -1.1075030800E-02  -3.0621007300E-02   1.4914354000E-03  -1.8291645000E-03  -4.6137461000E-03
    6      7.6496827000E-03   4.7943156000E-03  -8.5302336500E-02   9.1724691200E-02   4.3595933000E-03
    7     -3.0829488000E-02   5.9852412000E-03   9.4807069100E-02  -2.4548054060E-01  -7.7680486000E-03
    8     -7.1502300000E-05  -3.7178063000E-03  -4.9259260000E-03  -4.9919048000E-03  -3.0296198100E-02
    9      5.0605390000E-04   1.4070845000E-03  -1.4252309200E-02   4.9387395000E-03  -8.0952791000E-03
   10      4.3336240000E-04  -6.4469180000E-04   2.4094391000E-02  -5.5532464000E-03   9.6840887000E-03
   11      1.5221198000E-03  -2.3865530000E-03   6.9466260000E-04   1.1331174000E-03  -2.9092785000E-03
   12      3.2025480000E-04  -1.3877730000E-04   3.3476660000E-04   6.3748910000E-04  -1.1379008000E-03
   13     -5.7758730000E-04   7.8154900000E-05   9.7218210000E-04  -1.1274195000E-03  -8.2105500000E-05
   14     -8.7113000000E-06   1.4141680000E-04   1.3171350000E-04   2.7889600000E-04   5.7014700000E-04
   15     -3.4525800000E-05   1.8191855000E-03  -1.7322440000E-04   1.9853500000E-04   8.8126800000E-05
   16      2.0589980000E-04  -7.6415180000E-04   2.9858910000E-04  -3.6072500000E-04   7.0233700000E-05
   17      2.2808840000E-04   1.3570230000E-04   6.0000200000E-05  -7.2510900000E-05  -1.0968580000E-04
   18     -2.8724950000E-04  -1.6612450000E-04   1.8331340000E-04   3.1230670000E-04  -8.4804800000E-05
   19      4.3863470000E-04   4.1803800000E-05  -9.7482000000E-06   4.6145890000E-04  -4.0176000000E-06
   20      2.9848830000E-04  -7.5659800000E-05  -8.1671100000E-05  -1.9435020000E-04  -6.1870400000E-05
   21      4.4870190000E-04   2.3707344000E-03  -6.2760770000E-04  -9.4603880000E-04   3.1899960000E-04
   22      3.4282550000E-04   1.6877690000E-04  -3.6184670000E-04   3.9068520000E-04   5.6310210000E-04
   23     -5.5974540000E-04  -7.4326450000E-04   2.7784780000E-04   4.9530310000E-04   1.5583090000E-04
   24     -9.9145250900E-02  -1.7923536700E-02  -3.2706529000E-03  -2.3857772000E-03   3.9835964000E-03
   25      2.7769735000E-01   1.3511916900E-02  -2.3902711000E-03  -3.9051680000E-03  -2.3450792000E-03
   26      1.3511916900E-02   3.1654669200E-02  -3.6129422000E-03   1.4328994000E-03   1.1254969800E-02
   27     -2.3902711000E-03  -3.6129422000E-03   9.3814520300E-02  -1.0192234580E-01   9.4379629000E-03
   28     -3.9051680000E-03   1.4328994000E-03  -1.0192234580E-01   2.8233316770E-01   6.2192592000E-03
   29     -2.3450792000E-03   1.1254969800E-02   9.4379629000E-03   6.2192592000E-03   3.0929763800E-02
   30      2.8042840000E-04   5.9139300000E-05   3.6966630000E-04  -4.0060270000E-04   1.5640800000E-05
   31      4.4605200000E-04   3.2521700000E-05   5.4705680000E-04   3.6429350000E-04   9.1371000000E-06
   32      2.2552740000E-04  -1.0170300000E-05   6.8753270000E-04  -3.1279020000E-04  -7.8204900000E-05
   33     -1.0877911000E-03  -3.2139560000E-04  -3.2454698000E-03   5.3426760000E-04  -2.1598647000E-03
   34      4.6631920000E-04  -5.5677850000E-04   2.0595189000E-03   2.2053970000E-04  -1.3231100000E-05
   35     -4.5305110000E-04   1.8918740000E-04  -4.8552470000E-03   5.1396300000E-04  -7.2420180000E-04
   36     -1.9989670000E-04   4.5871200000E-05   1.6247000000E-06  -7.1601800000E-05  -3.9322600000E-05
   37      1.7956550000E-04  -1.2415420000E-04  -6.9506300000E-05   1.9448500000E-05   2.2296750000E-04
   38      1.6914750000E-04   1.8200650000E-04   2.8562200000E-05  -1.7106970000E-04   3.4452300000E-05
   39     -5.4357600000E-05   3.4288990000E-04  -1.3299750000E-04   2.4817000000E-06  -5.9731900000E-05
   40      5.5939490000E-04  -6.4040600000E-05  -6.4522600000E-05   2.2907590000E-04  -2.1301000000E-06
   41     -1.8430010000E-04  -1.0912255000E-03   1.9150000000E-06  -2.9691790000E-04  -1.4814740000E-04
   42     -6.2378700000E-05   3.6207200000E-05   1.4116500000E-05  -7.3269400000E-05  -5.2879000000E-06
   43      2.1707900000E-05  -1.4182930000E-04  -1.7813430000E-04  -1.4801130000E-04  -1.2590900000E-05
   44      1.3745230000E-04  -2.0374700000E-05   2.2144700000E-04  -2.0837390000E-04   3.0337860000E-04
   45     -6.2758500000E-05  -4.4033500000E-05   4.3076160000E-04  -5.0899430000E-04  -4.8131750000E-04
   46     -5.6081600000E-05  -1.2403640000E-04  -6.7761840000E-04   1.4352640000E-03  -2.3853560000E-04
   47     -1.4794720000E-04  -8.3283400000E-05   1.6148180000E-04  -7.8092020000E-04  -2.7254487000E-03
                   30                 31                 32                 33                 34        
    0     -5.8134930000E-04  -3.8480200000E-04  -1.1276920000E-03  -1.1000190000E-04   5.6430100000E-05
    1     -6.7167950000E-04  -6.5914000000E-06  -1.1269246000E-03   4.9674900000E-05  -6.5302800000E-05
    2     -1.5214533000E-03  -5.2167360000E-04  -5.2235840000E-04  -9.5422300000E-05   2.1733910000E-04
    3     -7.1815243000E-03  -1.2283938000E-03  -6.2746722000E-03  -1.6355900000E-05  -2.0914003000E-03
    4     -5.8571630000E-04   9.3131750000E-04   6.2810800000E-05   5.8377480000E-04   7.5011510000E-04
    5     -2.8842140000E-04   4.5026970000E-04   1.7700414000E-03  -5.1468840000E-04  -3.3402490000E-04
    6     -1.2473511900E-02   5.9654490000E-04  -1.3075734200E-02  -9.8371338000E-03   7.2650955000E-03
    7     -1.3548045600E-02   2.7584484000E-03  -1.4333971700E-02   1.9200320800E-02  -7.7686728000E-03
    8     -6.3085533000E-03  -1.7941824000E-03  -4.2577840000E-03   1.0807849000E-03   3.4280200000E-03
    9     -1.4457350560E-01  -1.1502137860E-01  -6.4747456000E-03  -8.9384205600E-02   8.9487120200E-02
   10     -1.1408954980E-01  -1.7377984680E-01  -9.0723030000E-03   9.1933403500E-02  -2.2613640250E-01
   11     -7.6709983000E-03  -6.8424348000E-03  -4.1295744900E-02   1.0597386700E-02  -2.5938825400E-02
   12     -1.3337594400E-02  -1.6355233000E-03   1.7590107600E-02  -8.2807606000E-03   2.4018027000E-03
   13     -1.2199177100E-02  -2.9577953000E-03   1.6295890100E-02   1.2706207500E-02  -2.6239657000E-03
   14      4.5947949000E-03   3.7116750000E-04  -2.6748574000E-03   5.9263498000E-03  -2.4109049000E-03
   15     -1.6396800000E-04   1.4054890000E-04   1.7129375000E-03   1.4513720000E-04  -1.2040530000E-04
   16     -1.9132170000E-04   2.9682790000E-04  -1.1113410000E-04   8.7092700000E-05   1.7174400000E-04
   17      2.6393064000E-03   2.1929460000E-04  -3.3289008000E-03   4.6572800000E-05   2.3873950000E-04
   18     -2.9428880000E-04   1.8319700000E-05  -4.1188780000E-04   1.0399850000E-04  -7.1360500000E-05
   19     -2.6460700000E-05   4.9932700000E-05  -1.4426190000E-04  -1.8314200000E-05   2.9476900000E-05
   20      4.4359090000E-04   7.5336200000E-05   5.0060770000E-04  -9.4965700000E-05   7.6709000000E-06
   21      1.0146300000E-04  -7.4772000000E-06   9.6289200000E-05   2.2022030000E-04  -2.0710650000E-04
   22     -7.8952300000E-05  -4.6710000000E-06  -1.4449700000E-05  -1.9956020000E-04  -6.5998100000E-05
   23     -8.1370900000E-05   6.1414700000E-05  -9.0486500000E-05  -8.2886700000E-05   8.5130100000E-05
   24      1.5961020000E-04  -2.5834300000E-05   1.1841940000E-04  -5.5050850000E-04  -3.2472280000E-04
   25      2.8042840000E-04   4.4605200000E-04   2.2552740000E-04  -1.0877911000E-03   4.6631920000E-04
   26      5.9139300000E-05   3.2521700000E-05  -1.0170300000E-05  -3.2139560000E-04  -5.5677850000E-04
   27      3.6966630000E-04   5.4705680000E-04   6.8753270000E-04  -3.2454698000E-03   2.0595189000E-03
   28     -4.0060270000E-04   3.6429350000E-04  -3.1279020000E-04   5.3426760000E-04   2.2053970000E-04
   29      1.5640800000E-05   9.1371000000E-06  -7.8204900000E-05  -2.1598647000E-03  -1.3231100000E-05
   30      1.7063518000E-01   1.3310392380E-01   7.5438641000E-03   8.2829788000E-03   8.6453977000E-03
   31      1.3310392380E-01   1.9566782210E-01   1.0728464800E-02  -1.7253556000E-02  -2.5062635100E-02
   32      7.5438641000E-03   1.0728464800E-02   4.8702192100E-02  -2.0721611000E-03  -3.1904612000E-03
   33      8.2829788000E-03  -1.7253556000E-02  -2.0721611000E-03   1.0322502240E-01  -1.0741257840E-01
   34      8.6453977000E-03  -2.5062635100E-02  -3.1904612000E-03  -1.0741257840E-01   2.5955624930E-01
   35      3.8199100000E-04  -1.9602150000E-03   1.2493280000E-03  -1.3618917700E-02   2.9124744200E-02
   36     -5.8323770000E-04  -9.0966500000E-05   8.5032100000E-04   1.6565540000E-04  -8.0240900000E-05
   37     -4.8393320000E-04   5.1665300000E-05   5.0413530000E-04  -1.1314440000E-04  -4.6284000000E-06
   38     -1.5622870000E-04  -1.4680620000E-04   4.4314600000E-05  -1.5393770000E-04   7.8210700000E-05
   39     -9.1306500000E-05   2.0124580000E-04   6.3714100000E-05  -2.5431220000E-04  -6.0257300000E-05
   40      3.2541200000E-05   2.1028130000E-04   1.6817400000E-05  -3.4261380000E-04   1.8926300000E-04
   41     -7.6380000000E-07  -1.1079600000E-04  -7.7557700000E-05   2.6321520000E-04   1.8363700000E-05
   42      1.1089700000E-05  -3.6579900000E-05   7.4074700000E-05   6.0566950000E-04  -3.3579290000E-04
   43     -2.6760430000E-04  -2.3029890000E-04   1.5600520000E-04  -9.5370200000E-05   5.1769850000E-04
   44      1.4561130000E-04   1.5118330000E-04  -8.4304500000E-05  -6.2347460000E-04   7.0490500000E-05
   45     -2.7970140000E-04   1.0768716000E-03   6.9963260000E-04  -1.0699337000E-03   7.8849960000E-04
   46      4.8075190000E-04   1.2651978000E-03   3.1664540000E-04   1.4281866000E-03  -1.7380040000E-04
   47      2.0385100000E-04  -7.2268180000E-04   1.5388560000E-04   1.8234049000E-03  -8.2448280000E-04
                   35                 36                 37                 38                 39        
    0      1.1163180000E-04   5.7153326000E-03  -7.7373950000E-04   8.7357011000E-03  -6.8310664000E-03
    1      1.3998610000E-04  -2.3975660000E-03   1.7995439000E-03  -5.1361060000E-03   1.5561031800E-02
    2     -1.1733390000E-04  -1.2440353500E-02   3.3272521000E-03  -2.2901928600E-02  -5.7348815000E-03
    3      7.4243770000E-04  -2.4084280000E-04   6.0365520000E-04  -1.4984460000E-04  -2.4763750000E-04
    4      9.6483060000E-04   9.1243410000E-04   1.0340320000E-04   2.2008676000E-03  -5.0611380000E-04
    5     -5.1798180000E-04  -1.5353383000E-03  -6.0622670000E-04  -5.4665818000E-03   1.3830911000E-03
    6     -1.1325210900E-02  -3.2047300000E-04  -1.5286715000E-03   1.4984030000E-03   2.0115970000E-04
    7      1.8960140000E-02  -1.7434390000E-04  -3.1648070000E-04  -3.7426760000E-04   1.4865800000E-04
    8      7.6141940000E-04  -1.6697707000E-03   5.3252280000E-04  -2.6237747000E-03  -6.9431400000E-05
    9      1.2834648800E-02  -3.3172857000E-03  -1.8424949000E-03  -6.4903330000E-04  -1.7900830000E-04
   10     -2.5189286400E-02  -2.2231731000E-03  -1.3974254000E-03   1.5064540000E-04  -2.6584830000E-04
   11     -3.9977059700E-02   5.0179310000E-04   1.0723295000E-03  -1.9377104000E-03  -1.5679640000E-04
   12      1.2805756700E-02  -1.7580984800E-02  -1.0767614300E-02   1.6754517000E-03   1.1154136000E-03
   13     -1.8624875500E-02   2.5580101000E-03   1.1801112000E-03  -1.2455355000E-03  -2.2974897700E-02
   14     -7.7157515000E-03   1.9673682600E-02   1.1310006200E-02  -4.0745340000E-04   8.1419490000E-04
   15     -9.5536800000E-05  -1.0952203600E-01   3.2276706600E-02   1.0698887990E-01  -5.7121552600E-02
   16     -2.0222690000E-04   3.1330835800E-02  -5.5449187700E-02  -4.5779381800E-02   5.8341999700E-02
   17      5.3847000000E-05   1.0447471380E-01  -4.6070894300E-02  -1.8703611120E-01  -1.2826671000E-03
   18      1.4672000000E-05  -4.0682400000E-05  -8.7410700000E-05  -1.9027640000E-04  -9.9943500000E-05
   19     -4.3936000000E-05  -1.1408430000E-04  -1.7044860000E-04  -3.0572410000E-04   7.2634450000E-04
   20     -1.1113240000E-04  -2.2054100000E-05  -1.0266980000E-04  -2.1408800000E-05  -6.8626100000E-05
   21      6.2411500000E-05   5.8765060000E-04  -2.0471380000E-04   6.6200240000E-04  -1.6690939000E-03
   22     -6.6465400000E-05  -2.2519540000E-04   3.1070880000E-04  -9.0403100000E-05   7.6083740000E-04
   23     -1.1635010000E-04  -1.9255390000E-04   6.0259170000E-04   6.4421130000E-04  -3.4840302000E-03
   24     -1.4906130000E-04   1.2237400000E-05  -3.0466760000E-04  -3.5789980000E-04   3.5753850000E-04
   25     -4.5305110000E-04  -1.9989670000E-04   1.7956550000E-04   1.6914750000E-04  -5.4357600000E-05
   26      1.8918740000E-04   4.5871200000E-05  -1.2415420000E-04   1.8200650000E-04   3.4288990000E-04
   27     -4.8552470000E-03   1.6247000000E-06  -6.9506300000E-05   2.8562200000E-05  -1.3299750000E-04
   28      5.1396300000E-04  -7.1601800000E-05   1.9448500000E-05  -1.7106970000E-04   2.4817000000E-06
   29     -7.2420180000E-04  -3.9322600000E-05   2.2296750000E-04   3.4452300000E-05  -5.9731900000E-05
   30      3.8199100000E-04  -5.8323770000E-04  -4.8393320000E-04  -1.5622870000E-04  -9.1306500000E-05
   31     -1.9602150000E-03  -9.0966500000E-05   5.1665300000E-05  -1.4680620000E-04   2.0124580000E-04
   32      1.2493280000E-03   8.5032100000E-04   5.0413530000E-04   4.4314600000E-05   6.3714100000E-05
   33     -1.3618917700E-02   1.6565540000E-04  -1.1314440000E-04  -1.5393770000E-04  -2.5431220000E-04
   34      2.9124744200E-02  -8.0240900000E-05  -4.6284000000E-06   7.8210700000E-05  -6.0257300000E-05
   35      5.0172814500E-02  -1.1456880000E-04   5.9705100000E-05   5.6360600000E-05   1.5987670000E-04
   36     -1.1456880000E-04   1.3036350790E-01  -3.4073570300E-02  -1.1847057950E-01  -5.1971005000E-03
   37      5.9705100000E-05  -3.4073570300E-02   6.6077787000E-02   5.2899031700E-02   1.9154979100E-02
   38      5.6360600000E-05  -1.1847057950E-01   5.2899031700E-02   2.1842989030E-01   1.2905480000E-03
