*************************************************
******************* ORCA 6.1.0 ******************
*************************************************
$Calculation_Status
   &GeometryIndex 0
   &version [&Type "String"] "6.1.0"
   &progName [&Type "String"] "orca"
   &Status [&Type "String"] "NORMAL TERMINATION"
$End
$Geometry
   &GeometryIndex 1
   &NAtoms [&Type "Integer"] 16
   &NCorelessECP [&Type "Integer"] 0
   &NGhostAtoms [&Type "Integer"] 0
   &CartesianCoordinates [&Type "Coordinates", &Dim(16,4), &Units "Bohr"] 
              C      0.455437226358    0.359652677808    0.800232877301
              C      2.573347790950    0.167705635481   -1.010343967227
              C      4.048314943272    2.273136448685   -0.960409843864
              C      6.192541834006    1.963659779185    0.798566138851
              C      4.655644576823    1.712139120486    3.359432288686
              C      2.059812824331    0.333336351667    3.329962009628
              H     -0.873592045820   -1.212590016984    0.816873805636
              H     -0.562686743363    2.139759578153    0.640792903930
              H      3.494179210666   -1.662862621818   -1.104856730089
              H      3.121217191697    4.101574984631   -0.890546668693
              H      7.504550342895    3.547966485616    0.914623669366
              H      7.236056164061    0.213079849683    0.494745419670
              H      0.882838475793    1.137150259992    4.821388676577
              H      2.411460622236   -1.641499267874    3.818015909057
              H      5.863738935334    0.781152312527    4.751056849324
              Br     4.194362427532    5.139336988335    4.753341528220
$End
$Single_Point_Data
   &GeometryIndex 1
   &FinalEnergy [&Type "Double"]      -2.1422716938600001e+01  "Final single point energy"
   &Converged [&Type "Boolean"] true
$End
$Geometry
   &GeometryIndex 2
   &NAtoms [&Type "Integer"] 16
   &NCorelessECP [&Type "Integer"] 0
   &NGhostAtoms [&Type "Integer"] 0
   &CartesianCoordinates [&Type "Coordinates", &Dim(16,4), &Units "Bohr"] 
              C      0.451634504471    0.392644056624    0.820500177213
              C      2.555715333430    0.194086525754   -1.005691793779
              C      4.064065685249    2.276428710884   -0.947612937582
              C      6.202294187947    1.929376785040    0.811599712600
              C      4.643184396963    1.733727228087    3.360036529936
              C      2.086123481647    0.291055636925    3.326499725338
              H     -0.901204357018   -1.158883646131    0.822021325331
              H     -0.540069394114    2.192202420968    0.705445728697
              H      3.451426534898   -1.647564907177   -1.112720266374
              H      3.165963525059    4.118023252447   -0.865543218276
              H      7.546464383100    3.486079929151    0.923577628985
              H      7.208411517236    0.153137988990    0.527136992016
              H      0.916645636154    0.996597445172    4.870838395062
              H      2.504585110616   -1.695317004925    3.703064413539
              H      5.848965981268    0.886400808919    4.805422609548
              Br     4.053017249866    5.204703334842    4.588299844118
$End
$Single_Point_Data
   &GeometryIndex 2
   &FinalEnergy [&Type "Double"]      -2.1423707300930001e+01  "Final single point energy"
   &Converged [&Type "Boolean"] true
$End
$Geometry
   &GeometryIndex 3
   &NAtoms [&Type "Integer"] 16
   &NCorelessECP [&Type "Integer"] 0
   &NGhostAtoms [&Type "Integer"] 0
   &CartesianCoordinates [&Type "Coordinates", &Dim(16,4), &Units "Bohr"] 
              C      0.449393374517    0.433294001913    0.844702863750
              C      2.536623662293    0.217428000933   -1.001625321125
              C      4.081160182173    2.272873063554   -0.944971475364
              C      6.208729549801    1.897481341408    0.826806665281
              C      4.626092326565    1.755418260863    3.360342335286
              C      2.118917202865    0.246789041711    3.320102139436
              H     -0.934997207254   -1.090325253432    0.835504943380
              H     -0.506655439224    2.254658910520    0.777232923853
              H      3.404063013263   -1.638271067521   -1.110859184570
              H      3.215175520300    4.129484505180   -0.866782674988
              H      7.583352914481    3.428016280815    0.937957522393
              H      7.181510636535    0.099250105198    0.566804489056
              H      0.968056458321    0.845540002928    4.921395458706
              H      2.607359973648   -1.743553641318    3.576158841475
              H      5.823048943292    0.994776871396    4.860010811038
              Br     3.895392665196    5.249838141423    4.430094528766
$End
$Single_Point_Data
   &GeometryIndex 3
   &FinalEnergy [&Type "Double"]      -2.1424408959609998e+01  "Final single point energy"
   &Converged [&Type "Boolean"] true
$End
$Geometry
   &GeometryIndex 4
   &NAtoms [&Type "Integer"] 16
   &NCorelessECP [&Type "Integer"] 0
   &NGhostAtoms [&Type "Integer"] 0
   &CartesianCoordinates [&Type "Coordinates", &Dim(16,4), &Units "Bohr"] 
              C      0.447852983908    0.460801683151    0.861108415557
              C      2.524945616103    0.227516765485   -0.998243507818
              C      4.092528132574    2.266443763575   -0.948698792502
              C      6.210443146545    1.881148659536    0.837198961937
              C      4.613152105232    1.771838680688    3.360069282984
              C      2.140606162525    0.217495018325    3.312633919988
              H     -0.962802838184   -1.039086184724    0.847794250121
              H     -0.476823816021    2.298557872605    0.821896676604
              H      3.374093787230   -1.637838095813   -1.102010627439
              H      3.247405739868    4.133122245926   -0.886286565486
              H      7.602966349811    3.395940740496    0.947260059411
              H      7.163712720050    0.070229427716    0.594481439158
              H      1.005943539083    0.739665934771    4.952232401783
              H      2.671598587212   -1.770610160392    3.492979608034
              H      5.803292971674    1.067516405307    4.892659776719
              Br     3.798308589162    5.269955808919    4.347799567321
$End
$Single_Point_Data
   &GeometryIndex 4
   &FinalEnergy [&Type "Double"]      -2.1424639023899999e+01  "Final single point energy"
   &Converged [&Type "Boolean"] true
$End
$Geometry
   &GeometryIndex 5
   &NAtoms [&Type "Integer"] 16
   &NCorelessECP [&Type "Integer"] 0
   &NGhostAtoms [&Type "Integer"] 0
   &CartesianCoordinates [&Type "Coordinates", &Dim(16,4), &Units "Bohr"] 
              C      0.447558775292    0.473730033521    0.869369422273
              C      2.519834797532    0.230921763104   -0.997177753642
              C      4.097786538903    2.262766466087   -0.951833457707
              C      6.209619683859    1.873996589289    0.842719447795
              C      4.606151883054    1.781454172906    3.359746387671
              C      2.151827381466    0.202705420980    3.307025041545
              H     -0.980134845951   -1.010165470045    0.854901285859
              H     -0.455904762248    2.321776008018    0.841716572886
              H      3.361046833395   -1.638663356761   -1.097081311242
              H      3.262492707539    4.134201418191   -0.901784416311
              H      7.612014455759    3.379868191449    0.951126126391
              H      7.151119742571    0.055782521183    0.608157205418
              H      1.027032892970    0.680835545355    4.967800582051
              H      2.702648749545   -1.782851061244    3.454158641704
              H      5.793000024189    1.108565435054    4.909392710431
              Br     3.751128918898    5.277774888481    4.314638381250
$End
$Single_Point_Data
   &GeometryIndex 5
   &FinalEnergy [&Type "Double"]      -2.1424684729439999e+01  "Final single point energy"
   &Converged [&Type "Boolean"] true
$End
$Geometry
   &GeometryIndex 6
   &NAtoms [&Type "Integer"] 16
   &NCorelessECP [&Type "Integer"] 0
   &NGhostAtoms [&Type "Integer"] 0
   &CartesianCoordinates [&Type "Coordinates", &Dim(16,4), &Units "Bohr"] 
              C      0.448064538383    0.472348101078    0.868982348886
              C      2.520640293537    0.229999175290   -0.998058773834
              C      4.097119361592    2.263190714719   -0.952308365874
              C      6.208513305784    1.874673667449    0.842692650053
              C      4.606280084151    1.781738393019    3.359609422686
              C      2.151695937627    0.203148171468    3.305984284255
              H     -0.982079688423   -1.009012719116    0.854861530434
              H     -0.452124898712    2.322023433636    0.838765907814
              H      3.363431635287   -1.638892860534   -1.097966867081
              H      3.260688708447    4.134170722074   -0.903991975526
              H      7.611855324099    3.379737498192    0.950354920886
              H      7.148177630656    0.055587051839    0.606975267717
              H      1.027491514628    0.678958288676    4.968488784794
              H      2.700967121608   -1.782630691368    3.458668969348
              H      5.793635784076    1.110786377651    4.909837553970
              Br     3.752867124031    5.276873241496    4.319979207844
$End
$Single_Point_Data
   &GeometryIndex 6
   &FinalEnergy [&Type "Double"]      -2.1424693008649999e+01  "Final single point energy"
   &Converged [&Type "Boolean"] true
$End
$Geometry
   &GeometryIndex 7
   &NAtoms [&Type "Integer"] 16
   &NCorelessECP [&Type "Integer"] 0
   &NGhostAtoms [&Type "Integer"] 0
   &CartesianCoordinates [&Type "Coordinates", &Dim(16,4), &Units "Bohr"] 
              C      0.448883804012    0.470289251545    0.868360092022
              C      2.521943204392    0.228819080505   -0.998624938712
              C      4.095866741706    2.264147167888   -0.952049498436
              C      6.207591190757    1.875702520513    0.842336044163
              C      4.606819276899    1.780750659483    3.359212654520
              C      2.150896289281    0.204335741597    3.305126361676
              H     -0.982997991951   -1.009085887526    0.854582900444
              H     -0.448863378659    2.321411103198    0.834632094737
              H      3.367279998340   -1.638903055519   -1.098659364306
              H      3.257169474562    4.134098972848   -0.903795635887
              H      7.611288723399    3.380512289245    0.949613957404
              H      7.145992121913    0.056168100100    0.604452142989
              H      1.026754784823    0.680978865362    4.968060995216
              H      2.697404764734   -1.782094630321    3.465384110971
              H      5.794751536983    1.109937018867    4.909067559300
              Br     3.756443235581    5.275631367785    4.325175390271
$End
$Single_Point_Data
   &GeometryIndex 7
   &FinalEnergy [&Type "Double"]      -2.1424695880820000e+01  "Final single point energy"
   &Converged [&Type "Boolean"] true
$End
$Geometry
   &GeometryIndex 8
   &NAtoms [&Type "Integer"] 16
   &NCorelessECP [&Type "Integer"] 0
   &NGhostAtoms [&Type "Integer"] 0
   &CartesianCoordinates [&Type "Coordinates", &Dim(16,4), &Units "Bohr"] 
              C      0.449027104558    0.470208121249    0.868478831016
              C      2.522060294154    0.228593333957   -0.998586814041
              C      4.095718175360    2.264168493731   -0.952043263448
              C      6.207586197639    1.875891296153    0.842347364445
              C      4.606842243348    1.780358264724    3.359230800190
              C      2.150769279463    0.204315784590    3.305188009641
              H     -0.983276343692   -1.008739779517    0.854664075623
              H     -0.448269905212    2.321616416624    0.834309914705
              H      3.367678661060   -1.638964130528   -1.098657034245
              H      3.256751442547    4.133951407957   -0.903945721178
              H      7.611176242334    3.380781561093    0.949691603895
              H      7.146092109015    0.056450651971    0.604117889860
              H      1.026703357316    0.681183978356    4.968143499755
              H      2.697178177818   -1.782211300640    3.465769778677
              H      5.794793388864    1.109421609991    4.908978575765
              Br     3.756393352198    5.275672855861    4.325187355712
$End
$Single_Point_Data
   &GeometryIndex 8
   &FinalEnergy [&Type "Double"]      -2.1424695993800000e+01  "Final single point energy"
   &Converged [&Type "Boolean"] true
$End
$Hessian
   &GeometryIndex 8
   &HESSIAN [&Type "ArrayOfDoubles", &Dim (48,48)] "The Hessian"
                                                         0                           1                           2                           3                           4                           5                           6                           7

0                                      5.3078341790000005e-01         9.7130817000000008e-03        -5.1835321500000003e-02        -1.3915187379999999e-01         2.9799489400000000e-02         1.0024559149999999e-01        -4.0875498099999998e-02        -2.2588893600000000e-02
1                                      9.7130817000000008e-03         5.5235023539999994e-01        -6.9215984000000003e-03         1.4020965999999999e-02        -6.4054646100000001e-02        -2.9297146000000001e-03        -2.7800810499999998e-02        -4.5890919999999998e-04
2                                     -5.1835321500000003e-02        -6.9215984000000003e-03         3.2062240489999999e-01         1.0083165199999999e-01        -3.5393665000000001e-03        -1.0742002389999999e-01         1.2276720300000000e-02         3.6065199000000002e-03
3                                     -1.3915187379999999e-01         1.4020965999999999e-02         1.0083165199999999e-01         4.8670383340000001e-01         8.1876699499999997e-02        -1.1332093180000000e-01        -1.9900036960000000e-01        -1.6480910839999999e-01
4                                      2.9799489400000000e-02        -6.4054646100000001e-02        -3.5393665000000001e-03         8.1876699499999997e-02         6.3516829399999997e-01         2.4759935899999998e-02        -1.6566678430000001e-01        -3.0277348560000000e-01
5                                      1.0024559149999999e-01        -2.9297146000000001e-03        -1.0742002389999999e-01        -1.1332093180000000e-01         2.4759935899999998e-02         2.2487485109999999e-01         3.1871614000000001e-03        -2.4106389000000000e-03
6                                     -4.0875498099999998e-02        -2.7800810499999998e-02         1.2276720300000000e-02        -1.9900036960000000e-01        -1.6566678430000001e-01         3.1871614000000001e-03         4.8767427740000002e-01         6.9196522900000001e-02
7                                     -2.2588893600000000e-02        -4.5890919999999998e-04         3.6065199000000002e-03        -1.6480910839999999e-01        -3.0277348560000000e-01        -2.4106389000000000e-03         6.9196522900000001e-02         6.4386360009999999e-01
8                                      5.1994789999999999e-03         4.2398469000000001e-03        -1.1930359900000000e-02        -1.1121853300000000e-02        -1.5227964900000000e-02        -2.3975992999999999e-03         1.1327743699999999e-01         4.8267459999999998e-04
9                                     -2.0647393000000000e-03        -6.4754790000000003e-04        -4.8475489000000000e-03        -4.2940293999999997e-02        -2.3224621099999999e-02        -5.1962344999999998e-03        -1.4190453580000001e-01         3.8538024599999998e-02
10                                    -7.8557449999999999e-04        -2.3556859000000000e-03        -6.0350189999999998e-04        -2.7203538600000000e-02         4.2986389999999998e-04        -2.4559591000000002e-03         2.1323295499999999e-02        -6.5756335499999999e-02
11                                     4.7730220000000000e-03        -1.0532589999999999e-04         1.8070715000000001e-03        -1.3528121900000000e-02        -2.1774140999999999e-03        -9.7564260999999999e-03        -9.6178758500000003e-02         6.2255076999999997e-03
12                                    -1.0519408500000001e-02        -7.9567240000000001e-03        -8.7337682000000003e-03        -7.5425546000000001e-03        -2.4758680000000000e-03        -9.0352791999999994e-03         7.7201122000000004e-03        -3.2561624000000001e-03
13                                     3.7447169999999999e-04         1.6793293999999999e-03        -6.1008905999999996e-03        -3.3521618000000000e-03         1.9566410000000000e-04        -2.1099805999999998e-03         6.0543800000000003e-04         4.6155016000000004e-03
14                                    -1.3263337700000001e-02        -1.1453952599999999e-02         2.9659030000000000e-04         4.3570849999999999e-04         4.7476825999999998e-03        -1.1810725500000001e-02        -2.4465431400000001e-02        -2.3963549000000002e-03
15                                    -8.3647129000000001e-02         4.6236543999999997e-03        -2.6369844399999998e-02         7.5531102999999997e-03        -2.9536025999999998e-03         2.9417883000000000e-03        -8.1977782000000003e-03        -3.4721884999999999e-03
16                                     3.1133567000000001e-03        -6.6945627100000002e-02         9.4580063999999998e-03         1.9391330000000001e-04         3.6862661000000001e-03        -1.1291235000000001e-03        -2.3235635000000000e-03        -4.6742000000000001e-05
17                                    -4.7561450100000000e-02         9.8098436999999993e-03        -8.8282185099999994e-02         2.1710778600000001e-02         6.3494259000000004e-03        -4.5763870300000002e-02        -8.0468270000000005e-04        -3.0646558000000002e-03
18                                    -1.4990724429999999e-01        -1.1515222710000000e-01        -2.0338187000000000e-03        -1.2593760700000000e-02        -1.3521604099999999e-02         5.2520292999999997e-03        -7.0784582000000002e-03        -6.2528530000000005e-04
19                                    -1.1535047390000000e-01        -1.7095533490000001e-01        -3.6896837999999999e-03        -3.4291859999999999e-04         1.2704299999999999e-03         2.4959448999999998e-03        -1.7069823000000000e-03         1.1380797000000000e-03
20                                    -2.6399988000000000e-03        -2.0575545999999998e-03        -4.0572074600000001e-02         1.3744823200000001e-02         1.4893962800000000e-02        -3.0782419000000001e-03         6.0385020000000003e-03        -4.7931600000000000e-05
21                                    -8.7379233200000003e-02         9.0729557799999999e-02        -7.3591599999999995e-05        -9.2178146000000006e-03         1.8702425700000001e-02         6.9296679999999999e-04        -3.1674000000000002e-05         6.8165399999999996e-04
22                                     8.9806939899999993e-02        -2.3947731810000000e-01         4.4901762999999999e-03         5.8877291999999996e-03        -5.6956636000000003e-03        -3.7626234999999998e-03        -2.0198082000000002e-03         8.2517729999999996e-04
23                                    -1.8299022000000001e-03         3.0563879000000001e-03        -3.7760881500000003e-02         1.1524313000000000e-02        -1.9952005900000000e-02        -1.7816589000000001e-03        -8.2162480000000002e-04        -1.0265395999999999e-03
24                                    -1.4261835000000000e-02         2.4561232700000001e-02         1.2609463999999999e-03        -8.5350576499999997e-02         9.2474480100000006e-02         1.2759411300000001e-02         1.0206937300000000e-02        -1.4879820000000000e-02
25                                     4.3648096999999997e-03        -4.9872214000000002e-03        -1.2473730000000000e-03         8.9754548500000003e-02        -2.4043556560000001e-01        -1.1075030800000000e-02         7.6496827000000003e-03        -3.0829487999999999e-02
26                                     8.7597351000000007e-03        -1.0313283400000000e-02        -4.8086070999999999e-03         2.5716469999999998e-03        -8.5183488000000005e-03        -3.0621007299999999e-02         4.7943155999999997e-03         5.9852411999999997e-03
27                                     1.8934888000000001e-03        -1.8783764999999999e-03         2.8122510000000000e-04         9.9623396999999995e-03        -1.5226437200000000e-02         1.4914354000000001e-03        -8.5302336500000006e-02         9.4807069100000002e-02
28                                     4.4675429999999999e-04         2.7825330000000000e-04        -1.2154360000000001e-03         7.5133650000000001e-03        -2.9157076000000001e-02        -1.8291645000000000e-03         9.1724691200000000e-02        -2.4548054059999999e-01
29                                    -1.7173494000000001e-03         9.0491650000000003e-04        -1.5817608000000000e-03        -4.4230609999999998e-03        -7.2079661000000001e-03        -4.6137460999999998e-03         4.3595932999999998e-03        -7.7680485999999998e-03
30                                    -5.8134929999999999e-04        -6.7167949999999996e-04        -1.5214533000000000e-03        -7.1815243000000004e-03        -5.8571630000000001e-04        -2.8842140000000000e-04        -1.2473511899999999e-02        -1.3548045599999999e-02
31                                    -3.8480200000000001e-04        -6.5914000000000001e-06        -5.2167360000000005e-04        -1.2283938000000000e-03         9.3131750000000004e-04         4.5026970000000002e-04         5.9654490000000005e-04         2.7584483999999999e-03
32                                    -1.1276920000000000e-03        -1.1269246000000001e-03        -5.2235840000000003e-04        -6.2746722000000003e-03         6.2810800000000005e-05         1.7700413999999999e-03        -1.3075734200000000e-02        -1.4333971700000000e-02
33                                    -1.1000190000000000e-04         4.9674900000000001e-05        -9.5422300000000003e-05        -1.6355900000000000e-05         5.8377479999999996e-04        -5.1468840000000004e-04        -9.8371337999999999e-03         1.9200320800000000e-02
34                                     5.6430100000000000e-05        -6.5302799999999994e-05         2.1733909999999999e-04        -2.0914002999999999e-03         7.5011510000000002e-04        -3.3402490000000002e-04         7.2650954999999998e-03        -7.7686728000000002e-03
35                                     1.1163180000000000e-04         1.3998609999999999e-04        -1.1733390000000000e-04         7.4243770000000000e-04         9.6483059999999995e-04        -5.1798179999999999e-04        -1.1325210900000000e-02         1.8960140000000000e-02
36                                     5.7153326000000003e-03        -2.3975659999999998e-03        -1.2440353499999999e-02        -2.4084280000000001e-04         9.1243409999999998e-04        -1.5353382999999999e-03        -3.2047299999999999e-04        -1.7434389999999999e-04
37                                    -7.7373950000000002e-04         1.7995438999999999e-03         3.3272521000000002e-03         6.0365519999999999e-04         1.0340320000000000e-04        -6.0622669999999999e-04        -1.5286715000000001e-03        -3.1648069999999997e-04
38                                     8.7357010999999998e-03        -5.1361059999999997e-03        -2.2901928600000000e-02        -1.4984460000000001e-04         2.2008675999999998e-03        -5.4665818000000001e-03         1.4984029999999999e-03        -3.7426760000000000e-04
39                                    -6.8310664000000004e-03         1.5561031800000000e-02        -5.7348814999999996e-03        -2.4763750000000000e-04        -5.0611380000000004e-04         1.3830911000000000e-03         2.0115970000000001e-04         1.4865800000000000e-04
40                                     3.8082797000000002e-03        -5.8451214000000001e-03         2.5707388000000002e-03         7.2637999999999998e-06         9.9088700000000006e-05        -2.9654399999999999e-04         1.0803080000000000e-04        -1.5308520000000000e-04
41                                    -8.9077645999999996e-03         2.2128571699999999e-02        -5.5844967999999998e-03        -1.7243234000000000e-03         1.7298052999999999e-03        -5.7278129999999996e-04         2.7867250000000000e-04        -1.2523600000000000e-05
42                                    -3.3240560000000001e-03        -2.5571226000000000e-03        -7.3665839999999998e-04        -5.3491450000000000e-04        -2.8753920000000003e-04         1.3241213000000000e-03        -1.8921560000000000e-04         5.5492620000000003e-04
43                                    -1.9275429000000001e-03        -7.8269579999999997e-04        -6.1635320000000000e-04        -9.8213170000000004e-04        -3.5280640000000002e-04         4.3221049999999999e-04         5.9381229999999998e-04         8.6356970000000003e-04
44                                     7.9349610000000001e-04        -2.2423880000000001e-04        -1.7198970000000000e-03        -1.5495565000000001e-03         8.0455909999999997e-04        -2.7864138000000000e-03        -1.7726790000000000e-04        -1.7696246000000000e-03
45                                     2.6119560000000002e-04        -1.9714510000000000e-04        -2.2788160000000000e-04        -2.0076440000000001e-04         9.8983199999999998e-05         6.1329729999999995e-04        -5.9150190000000001e-04         2.2667219999999999e-04
46                                     3.2741340000000001e-04        -1.7290799999999999e-04         7.8584450000000001e-04         1.5151269999999999e-04        -1.6519930000000001e-04         8.0067010000000000e-04         1.9835066000000001e-03        -4.8063730000000001e-04
47                                     2.6415979999999998e-04        -1.0854100000000000e-05         4.7584100000000001e-04         5.3100469999999998e-04         1.0918599999999999e-04        -5.7834400000000003e-05         1.1379055000000000e-03        -2.0555265000000000e-03
                                                         8                           9                          10                          11                          12                          13                          14                          15

0                                      5.1994789999999999e-03        -2.0647393000000000e-03        -7.8557449999999999e-04         4.7730220000000000e-03        -1.0519408500000001e-02         3.7447169999999999e-04        -1.3263337700000001e-02        -8.3647129000000001e-02
1                                      4.2398469000000001e-03        -6.4754790000000003e-04        -2.3556859000000000e-03        -1.0532589999999999e-04        -7.9567240000000001e-03         1.6793293999999999e-03        -1.1453952599999999e-02         4.6236543999999997e-03
2                                     -1.1930359900000000e-02        -4.8475489000000000e-03        -6.0350189999999998e-04         1.8070715000000001e-03        -8.7337682000000003e-03        -6.1008905999999996e-03         2.9659030000000000e-04        -2.6369844399999998e-02
3                                     -1.1121853300000000e-02        -4.2940293999999997e-02        -2.7203538600000000e-02        -1.3528121900000000e-02        -7.5425546000000001e-03        -3.3521618000000000e-03         4.3570849999999999e-04         7.5531102999999997e-03
4                                     -1.5227964900000000e-02        -2.3224621099999999e-02         4.2986389999999998e-04        -2.1774140999999999e-03        -2.4758680000000000e-03         1.9566410000000000e-04         4.7476825999999998e-03        -2.9536025999999998e-03
5                                     -2.3975992999999999e-03        -5.1962344999999998e-03        -2.4559591000000002e-03        -9.7564260999999999e-03        -9.0352791999999994e-03        -2.1099805999999998e-03        -1.1810725500000001e-02         2.9417883000000000e-03
6                                      1.1327743699999999e-01        -1.4190453580000001e-01         2.1323295499999999e-02        -9.6178758500000003e-02         7.7201122000000004e-03         6.0543800000000003e-04        -2.4465431400000001e-02        -8.1977782000000003e-03
7                                      4.8267459999999998e-04         3.8538024599999998e-02        -6.5756335499999999e-02         6.2255076999999997e-03        -3.2561624000000001e-03         4.6155016000000004e-03        -2.3963549000000002e-03        -3.4721884999999999e-03
8                                      2.2254089010000000e-01        -9.5671011299999997e-02         4.0885441000000000e-03        -1.0492592650000000e-01        -5.0042293999999999e-03         5.3459288999999997e-03        -4.6820338000000003e-02         7.4501283000000000e-03
9                                     -9.5671011299999997e-02         5.2260615489999995e-01         1.0932227300000000e-02         5.4179579200000001e-02        -7.8028341599999995e-02        -8.7447927000000002e-03         4.1933444700000003e-02        -7.9687065000000005e-03
10                                     4.0885441000000000e-03         1.0932227300000000e-02         5.4220420420000004e-01         2.5443667900000001e-02        -1.7974753999999999e-03        -5.7953059600000002e-02        -2.8199979000000002e-03        -7.5731870999999999e-03
11                                    -1.0492592650000000e-01         5.4179579200000001e-02         2.5443667900000001e-02         3.1197589739999998e-01         2.0512385800000001e-02         3.0329101999999998e-03        -8.3232980999999998e-02         8.2333836999999993e-03
12                                    -5.0042293999999999e-03        -7.8028341599999995e-02        -1.7974753999999999e-03         2.0512385800000001e-02         3.9486722780000000e-01         1.1401580200000001e-02         7.6630546199999997e-02        -1.2674573840000000e-01
13                                     5.3459288999999997e-03        -8.7447927000000002e-03        -5.7953059600000002e-02         3.0329101999999998e-03         1.1401580200000001e-02         2.8533966080000001e-01        -5.0873992799999997e-02        -3.7919882100000003e-02
14                                    -4.6820338000000003e-02         4.1933444700000003e-02        -2.8199979000000002e-03        -8.3232980999999998e-02         7.6630546199999997e-02        -5.0873992799999997e-02         4.0956713439999998e-01        -5.6695733999999999e-03
15                                     7.4501283000000000e-03        -7.9687065000000005e-03        -7.5731870999999999e-03         8.2333836999999993e-03        -1.2674573840000000e-01        -3.7919882100000003e-02        -5.6695733999999999e-03         4.2002809079999998e-01
16                                     1.1761460000000001e-03        -1.1370426000000000e-03        -5.8338300000000004e-04         3.4823608000000002e-03        -4.6012332300000000e-02        -8.7987392499999997e-02        -9.6061970000000003e-04        -3.6983185600000003e-02
17                                    -1.0515453300000000e-02         1.2755866400000000e-02         1.0702245399999999e-02         1.0985880000000000e-03         2.2921283000000001e-03         1.9490056000000000e-03        -6.3330684400000004e-02        -6.4919243099999996e-02
18                                     5.8288260000000005e-04        -5.8082749999999997e-04        -7.7364160000000003e-04         1.5155816000000000e-03        -5.9171880000000003e-04         6.9984539999999997e-04        -2.7294175999999998e-03        -1.3267095600000001e-02
19                                    -4.6432430000000000e-04        -4.1211859999999999e-04        -1.8571840000000000e-04         5.6444419999999995e-04         6.9255290000000001e-04         5.5447120000000003e-04         2.4077060000000000e-04         2.6353809999999999e-04
20                                     1.8372966000000000e-03         1.1613217999999999e-03         1.1771962000000000e-03        -5.1528399999999997e-04        -2.3196997000000000e-03         6.4984699999999995e-04        -3.4235157000000000e-03        -1.7216965000000001e-02
21                                     5.4200190000000005e-04        -1.1976429999999999e-04         9.1840699999999996e-05         1.3789480000000001e-04        -2.1041930000000001e-04         1.0543466000000000e-03         5.3896800000000002e-05        -7.8621865999999995e-03
22                                     5.8956589999999999e-04         5.1200799999999999e-05        -6.7352899999999997e-05        -3.0411289999999997e-04         1.6126589999999999e-04        -1.9336289999999999e-04        -2.6022620000000003e-04         3.3281621000000000e-03
23                                    -5.0933680000000005e-04        -4.4778499999999998e-05        -1.2640230000000001e-04        -1.2733159999999999e-04         1.3191639999999999e-04         4.7295749999999999e-04         3.1783959999999998e-04        -1.2133643499999999e-02
24                                    -3.0881506000000002e-03         1.8746651000000000e-03        -1.9924883999999999e-03        -8.9140560000000005e-04        -3.1051160000000001e-04         2.1148270000000000e-04         2.2724770000000000e-04         8.1272569999999995e-04
25                                    -7.1502300000000001e-05         5.0605390000000000e-04         4.3336239999999999e-04         1.5221198000000000e-03         3.2025480000000002e-04        -5.7758729999999995e-04        -8.7113000000000008e-06        -3.4525800000000001e-05
26                                    -3.7178062999999998e-03         1.4070845000000000e-03        -6.4469180000000003e-04        -2.3865530000000000e-03        -1.3877730000000000e-04         7.8154900000000006e-05         1.4141680000000000e-04         1.8191855000000000e-03
27                                    -4.9259259999999997e-03        -1.4252309200000000e-02         2.4094391000000000e-02         6.9466259999999996e-04         3.3476660000000000e-04         9.7218209999999996e-04         1.3171350000000000e-04        -1.7322440000000001e-04
28                                    -4.9919048000000004e-03         4.9387394999999999e-03        -5.5532463999999997e-03         1.1331174000000000e-03         6.3748910000000002e-04        -1.1274194999999999e-03         2.7889599999999999e-04         1.9853500000000001e-04
29                                    -3.0296198100000001e-02        -8.0952791000000000e-03         9.6840886999999994e-03        -2.9092785000000001e-03        -1.1379007999999999e-03        -8.2105499999999995e-05         5.7014700000000001e-04         8.8126800000000005e-05
30                                    -6.3085533000000003e-03        -1.4457350560000001e-01        -1.1408954980000000e-01        -7.6709982999999997e-03        -1.3337594400000000e-02        -1.2199177100000000e-02         4.5947949000000000e-03        -1.6396800000000001e-04
31                                    -1.7941824000000000e-03        -1.1502137860000000e-01        -1.7377984680000000e-01        -6.8424347999999999e-03        -1.6355232999999999e-03        -2.9577953000000001e-03         3.7116750000000000e-04         1.4054890000000001e-04
32                                    -4.2577839999999997e-03        -6.4747455999999998e-03        -9.0723030000000003e-03        -4.1295744900000000e-02         1.7590107600000002e-02         1.6295890100000002e-02        -2.6748573999999998e-03         1.7129375000000001e-03
33                                     1.0807849000000001e-03        -8.9384205600000002e-02         9.1933403499999997e-02         1.0597386699999999e-02        -8.2807605999999992e-03         1.2706207500000000e-02         5.9263498000000003e-03         1.4513720000000000e-04
34                                     3.4280199999999999e-03         8.9487120200000006e-02        -2.2613640250000000e-01        -2.5938825400000001e-02         2.4018027000000000e-03        -2.6239657000000000e-03        -2.4109049000000000e-03        -1.2040530000000000e-04
35                                     7.6141939999999997e-04         1.2834648800000001e-02        -2.5189286400000000e-02        -3.9977059699999998e-02         1.2805756700000000e-02        -1.8624875499999999e-02        -7.7157514999999996e-03        -9.5536800000000003e-05
36                                    -1.6697706999999999e-03        -3.3172856999999999e-03        -2.2231731000000002e-03         5.0179309999999998e-04        -1.7580984800000001e-02         2.5580100999999999e-03         1.9673682599999999e-02        -1.0952203600000000e-01
37                                     5.3252279999999996e-04        -1.8424948999999999e-03        -1.3974254000000000e-03         1.0723295000000001e-03        -1.0767614300000001e-02         1.1801112000000000e-03         1.1310006200000000e-02         3.2276706600000003e-02
38                                    -2.6237747000000000e-03        -6.4903330000000003e-04         1.5064540000000001e-04        -1.9377104000000000e-03         1.6754516999999999e-03        -1.2455355000000000e-03        -4.0745339999999998e-04         1.0698887990000000e-01
39                                    -6.9431399999999994e-05        -1.7900830000000000e-04        -2.6584830000000000e-04        -1.5679640000000001e-04         1.1154136000000000e-03        -2.2974897700000000e-02         8.1419490000000005e-04        -5.7121552600000000e-02
40                                    -3.8648100000000000e-05        -1.3190249999999999e-04        -4.2969000000000001e-05        -6.4373000000000002e-05        -7.6535120000000001e-04        -2.1872945200000000e-02         3.7846789999999999e-04         5.9652298200000002e-02
41                                    -6.1076500000000004e-05         1.9452320000000001e-04         4.8914500000000001e-05         3.0190000000000001e-05        -9.4454089999999999e-04         1.5328882999999999e-03         5.2455670000000005e-04        -2.4514317999999998e-03
42                                     1.3022799000000000e-03         5.3833060999999996e-03        -3.5074243000000000e-03         1.0756913599999999e-02        -1.1680548490000001e-01         4.2055356900000000e-02        -1.0481526690000000e-01        -1.7435720500000002e-02
43                                     1.2717323999999999e-03         1.4624105999999999e-03         7.1207829999999999e-04         5.8535140000000004e-04         4.5282767400000000e-02        -5.8330029600000000e-02         6.1501032400000002e-02        -1.0303707800000001e-02
44                                    -5.7456039000000000e-03        -9.6864596000000008e-03         7.1636794999999998e-03        -2.1447880600000000e-02        -1.0563069899999999e-01         5.7367479399999997e-02        -1.6847662999999999e-01        -9.6188150000000000e-04
45                                    -1.5760677000000000e-03        -4.5506026999999998e-03         1.1836743199999999e-02         6.5234775000000004e-03        -2.4084002600000001e-02         1.2551990300000000e-02         5.2144740000000000e-04         3.5660721000000000e-03
46                                     1.4335451999999999e-03         5.2461219999999998e-03        -9.9680835000000006e-03        -7.6293230000000004e-03         1.3769337899999999e-02        -5.9941180800000000e-02        -7.6432629000000004e-03        -1.1227587000000000e-03
