
$orca_hessian_file

$act_atom
  0

$act_coord
  0

$act_energy
      -21.409273

$multiplicity
  1

$hessian
48
                    0                  1                  2                  3                  4        
    0      8.1656861560E-01  -1.4902339200E-02  -2.1169131400E-02  -5.2430240670E-01   6.0559634000E-02
    1     -1.4902339200E-02   5.6886298740E-01   2.5926781900E-02   4.3112976900E-02  -8.7783919600E-02
    2     -2.1169131400E-02   2.5926781900E-02   9.4864939400E-02   1.6531509100E-02  -4.5853266000E-03
    3     -5.2430240670E-01   4.3112976900E-02   1.6531509100E-02   8.0964394400E-01  -4.6679147700E-02
    4      6.0559634000E-02  -8.7783919600E-02  -4.5853266000E-03  -4.6679147700E-02   5.6230406510E-01
    5      1.7530395000E-02  -4.0967749000E-03  -3.2388079500E-02  -2.0580558000E-02   2.5381690800E-02
    6     -5.5689758000E-02  -2.4130815500E-02   2.4037740000E-04  -1.0502905940E-01  -7.9196036200E-02
    7     -2.0465248800E-02   2.1835178000E-03   5.4715330000E-04  -7.9187589700E-02  -1.9730165820E-01
    8     -1.8532320000E-04   8.2189160000E-04   6.0791950000E-04  -2.0882215000E-03  -4.8937084000E-03
    9      1.0664300600E-02  -4.0672680000E-03  -4.7935830000E-04  -5.5637222700E-02  -2.0489470700E-02
   10     -4.0144766000E-03  -3.6364469000E-03  -1.0476400000E-04  -2.4246275800E-02   2.1655561000E-03
   11     -1.1793160000E-04  -2.3503000000E-04   1.3863381000E-03  -9.7274610000E-04   1.2760010000E-04
   12     -8.7167100000E-05  -1.7634350000E-04   1.0781000000E-05  -5.4026400000E-05  -3.7229200000E-05
   13     -1.9024110000E-04   1.0266030000E-04   1.8629560000E-04   7.5935200000E-05   4.9054070000E-04
   14      1.5381710000E-04  -3.1241700000E-05  -1.7692270000E-04  -4.2812020000E-04  -2.0179460000E-04
   15      1.2083600000E-05  -7.4665500000E-05  -3.5490200000E-05   1.8058940000E-04  -4.1172800000E-05
   16      5.0289700000E-05   3.7896000000E-05  -2.4267440000E-04  -7.2488300000E-05   1.9251360000E-04
   17     -6.7441900000E-05   8.2671600000E-05  -2.6732040000E-04   6.9105400000E-05  -4.7440800000E-05
   18     -1.3769595460E-01  -1.2545991450E-01  -3.7756803000E-03  -2.3069805700E-02  -2.6053753700E-02
   19     -1.2802923860E-01  -2.1609575040E-01  -6.4107823000E-03  -5.4821770000E-04   3.8979550000E-04
   20     -4.0018575000E-03  -6.6903923000E-03  -3.1039009600E-02   5.5599550000E-04   8.3639810000E-04
   21     -9.1745477800E-02   9.9078604300E-02   6.8939121000E-03  -1.7191558100E-02   2.9840573800E-02
   22      1.0015818130E-01  -2.5852473220E-01  -1.4759994200E-02   7.2024189000E-03  -6.5080014000E-03
   23      6.9430815000E-03  -1.4598238000E-02  -3.2965209600E-02   9.5345490000E-04  -1.3233087000E-03
   24     -1.8262650600E-02   2.9713230900E-02   2.0682557000E-03  -8.6229544600E-02   9.1886255500E-02
   25      5.5693296000E-03  -6.0425430000E-03  -4.8953470000E-04   9.3884939100E-02  -2.4875528350E-01
   26      1.0004046000E-03  -1.1538377000E-03   3.1281960000E-04   5.8402576000E-03  -1.3985020200E-02
   27      1.1119852000E-03  -1.8754393000E-03  -1.5615020000E-04   5.8845222000E-03  -1.3631277600E-02
   28      1.5343747000E-03   1.0106666000E-03   1.4871200000E-05   8.0258617000E-03  -2.6950324600E-02
   29      1.5333080000E-04   6.1625500000E-05  -7.9273920000E-04  -1.4910770000E-04  -1.2493440000E-03
   30     -8.5730780000E-04  -1.3668729000E-03  -5.4256900000E-05  -4.9381218000E-03   1.5679939000E-03
   31     -3.8862400000E-05   1.7833780000E-04  -1.4469000000E-05   7.4083600000E-05   8.8524500000E-04
   32     -8.1585300000E-05  -8.2701200000E-05   3.2873210000E-04  -8.6042000000E-06  -4.4729200000E-04
   33      2.1681610000E-04  -1.0116310000E-04  -1.0086800000E-05   1.0307891000E-03   2.2529996000E-03
   34     -3.2159620000E-04  -1.9100930000E-04   1.1257300000E-05  -1.6100763000E-03   1.5145871000E-03
   35      3.5915000000E-05   2.9724300000E-05  -4.7041000000E-05  -3.3633000000E-05   2.5620360000E-04
   36      1.0745580000E-04   4.3780000000E-05  -5.1304000000E-05  -1.6463190000E-04   1.3225740000E-04
   37      6.3090000000E-06   1.4473340000E-04   2.3279700000E-05   6.7814800000E-05  -9.0714400000E-05
   38     -1.0275180000E-04  -8.2648200000E-05   8.2927100000E-05   1.7756810000E-04  -4.4891600000E-05
   39      2.2482200000E-05   1.1907310000E-04   7.5603000000E-06   4.8271300000E-05  -5.9551500000E-05
   40      1.1566490000E-04  -9.1482600000E-05  -3.5481700000E-05  -6.4463000000E-06  -9.4092300000E-05
   41     -3.7920600000E-05   6.8950000000E-07   4.0827000000E-05   4.4601000000E-06   1.4602870000E-04
   42     -4.5635900000E-05   2.0179500000E-05  -2.6477600000E-05  -1.7041420000E-04  -4.7288700000E-05
   43     -1.8569700000E-05  -8.3673900000E-05  -7.3158700000E-05   1.7015600000E-05   1.5633920000E-04
   44     -8.2227000000E-06  -1.6881000000E-06   3.6681200000E-05   1.4956000000E-06  -4.0151200000E-05
   45     -1.7380500000E-05   6.6976900000E-05   5.5403000000E-06  -1.3244000000E-06  -4.7860000000E-06
   46     -1.3210600000E-05  -7.1241300000E-05   6.5465000000E-06  -1.1080400000E-04  -6.1464830000E-04
   47     -4.4778200000E-05   4.9167600000E-05   1.5138000000E-05   1.2714440000E-04   7.0356900000E-05
                    5                  6                  7                  8                  9        
    0      1.7530395000E-02  -5.5689758000E-02  -2.0465248800E-02  -1.8532320000E-04   1.0664300600E-02
    1     -4.0967749000E-03  -2.4130815500E-02   2.1835178000E-03   8.2189160000E-04  -4.0672680000E-03
    2     -3.2388079500E-02   2.4037740000E-04   5.4715330000E-04   6.0791950000E-04  -4.7935830000E-04
    3     -2.0580558000E-02  -1.0502905940E-01  -7.9187589700E-02  -2.0882215000E-03  -5.5637222700E-02
    4      2.5381690800E-02  -7.9196036200E-02  -1.9730165820E-01  -4.8937084000E-03  -2.0489470700E-02
    5      1.1542293080E-01  -3.3398806000E-03  -5.4955200000E-03  -5.4371304600E-02  -3.4689960000E-04
    6     -3.3398806000E-03   8.1024834050E-01  -4.7950647300E-02  -6.5016840000E-04  -5.2439174680E-01
    7     -5.4955200000E-03  -4.7950647300E-02   5.6563533510E-01   1.5949214000E-02   5.9695075700E-02
    8     -5.4371304600E-02  -6.5016840000E-04   1.5949214000E-02   1.1495444070E-01  -2.4555770000E-04
    9     -3.4689960000E-04  -5.2439174680E-01   5.9695075700E-02  -2.4555770000E-04   8.1611761800E-01
   10     -7.6837900000E-05   4.2555882500E-02  -8.7649270100E-02  -2.0232663000E-03  -1.3851879900E-02
   11      6.2205770000E-04  -6.8194650000E-04  -1.9029431000E-03  -3.2009550300E-02   2.1465061000E-03
   12     -2.2038390000E-04   4.3892450000E-04   8.3919700000E-05   1.4490330000E-04  -8.6650100000E-05
   13      2.4712300000E-05  -7.4758500000E-05   8.1530680000E-04  -2.2764550000E-04  -1.9570470000E-04
   14     -7.2665470000E-04  -2.4401600000E-05  -1.1850730000E-04  -4.2938900000E-05   2.3134420000E-04
   15     -1.8148680000E-04  -2.4692750000E-04  -2.7787660000E-04   1.6686890000E-04   4.5384800000E-05
   16      3.4774900000E-05   2.7840600000E-05  -3.0647770000E-04   1.0243270000E-04  -6.2651000000E-05
   17     -2.5973290000E-04   4.5434500000E-05  -6.5078500000E-05  -4.7145170000E-04  -1.6196810000E-04
   18     -7.2023070000E-04  -4.8855119000E-03   1.6590818000E-03   5.9941450000E-04  -8.7132580000E-04
   19      1.3937100000E-05  -2.6074000000E-06   9.7696100000E-04  -6.4613650000E-04  -6.7204400000E-05
   20      3.1789600000E-04   4.6073380000E-04  -6.7623010000E-04   1.3032743100E-02   1.2852670000E-04
   21      2.0486238000E-03   9.9579570000E-04   2.2154635000E-03  -1.0467490000E-04   1.9411980000E-04
   22     -5.4322060000E-04  -1.6137443000E-03   1.5167029000E-03   4.2509350000E-04  -3.0809870000E-04
   23      1.2121160000E-04  -2.4464590000E-04   3.1617000000E-04  -5.5505368000E-03  -7.6935400000E-05
   24      6.0625673000E-03   5.9208735000E-03  -1.3699746300E-02  -8.3232860000E-04   1.1631136000E-03
   25     -1.3706059400E-02   8.1991442000E-03  -2.7415871800E-02  -1.6280523000E-03   1.6099758000E-03
   26     -3.8068648400E-02   7.0146420000E-04  -9.3684740000E-04   1.7663163000E-03  -7.3484700000E-05
   27     -4.6783200000E-04  -8.6599888200E-02   9.3421631000E-02   3.2956544000E-03  -1.8215345100E-02
   28     -1.1723277000E-03   9.5503639000E-02  -2.5177029930E-01  -7.3774143000E-03   5.5244671000E-03
   29      1.7571712000E-03   3.8574278000E-03  -7.5108159000E-03  -3.7497318400E-02   6.1330000000E-05
   30     -4.3901700000E-05  -2.2904920200E-02  -2.5904818300E-02  -1.0541936000E-03  -1.3649789550E-01
   31     -4.6707890000E-04  -6.2782270000E-04   4.8734270000E-04   1.4806600000E-05  -1.2817119930E-01
   32      1.3095215300E-02  -1.2480300000E-05  -1.3744420000E-04   2.7566260000E-04  -5.0487270000E-03
   33      1.4384830000E-04  -1.7586879700E-02   3.0141633600E-02   1.0619279000E-03  -9.2527971900E-02
   34      2.4117430000E-04   7.3370049000E-03  -6.6736798000E-03  -2.5511740000E-04   1.0008043350E-01
   35     -5.5931205000E-03   6.2434600000E-05  -2.9645000000E-06   3.0241290000E-04   3.6205401000E-03
   36      9.4181600000E-05  -1.7395430000E-04  -1.3515500000E-05  -4.9892800000E-05   1.1815100000E-05
   37     -3.1835100000E-05  -1.9870100000E-05   7.4721400000E-05  -1.1429700000E-05  -1.3898500000E-05
   38     -2.8834400000E-05  -3.8644000000E-06   2.6161700000E-05   6.5333800000E-05   3.5751300000E-05
   39     -1.8814100000E-05   8.8578000000E-06  -1.3248100000E-05   1.5095600000E-05  -1.1061600000E-05
   40      4.1770000000E-07   2.4509500000E-05  -2.2221510000E-04   2.3768200000E-05  -2.9468200000E-05
   41      2.7486200000E-05   4.0659700000E-05   3.0859700000E-05   2.3748800000E-05  -1.9302300000E-05
   42      4.7771600000E-05  -7.7430200000E-05   1.3334100000E-04  -6.5807200000E-05   1.1660800000E-04
   43      1.6408100000E-05   1.4284220000E-04  -1.5150740000E-04   4.0233700000E-05  -6.8714800000E-05
   44      7.3794400000E-05  -2.5323040000E-04   7.2918000000E-05  -1.1443610000E-04   1.2487270000E-04
   45     -7.4002000000E-06  -2.6715800000E-05   1.6254440000E-04  -7.6967000000E-06  -7.3740400000E-05
   46     -1.2346050000E-04  -1.7456070000E-04  -1.9890820000E-04  -3.1466970000E-04   4.1560600000E-04
   47     -1.3880000000E-06  -1.9791400000E-04  -9.6125700000E-05  -9.7104090000E-04   1.0336210000E-04
                   10                 11                 12                 13                 14        
    0     -4.0144766000E-03  -1.1793160000E-04  -8.7167100000E-05  -1.9024110000E-04   1.5381710000E-04
    1     -3.6364469000E-03  -2.3503000000E-04  -1.7634350000E-04   1.0266030000E-04  -3.1241700000E-05
    2     -1.0476400000E-04   1.3863381000E-03   1.0781000000E-05   1.8629560000E-04  -1.7692270000E-04
    3     -2.4246275800E-02  -9.7274610000E-04  -5.4026400000E-05   7.5935200000E-05  -4.2812020000E-04
    4      2.1655561000E-03   1.2760010000E-04  -3.7229200000E-05   4.9054070000E-04  -2.0179460000E-04
    5     -7.6837900000E-05   6.2205770000E-04  -2.2038390000E-04   2.4712300000E-05  -7.2665470000E-04
    6      4.2555882500E-02  -6.8194650000E-04   4.3892450000E-04  -7.4758500000E-05  -2.4401600000E-05
    7     -8.7649270100E-02  -1.9029431000E-03   8.3919700000E-05   8.1530680000E-04  -1.1850730000E-04
    8     -2.0232663000E-03  -3.2009550300E-02   1.4490330000E-04  -2.2764550000E-04  -4.2938900000E-05
    9     -1.3851879900E-02   2.1465061000E-03  -8.6650100000E-05  -1.9570470000E-04   2.3134420000E-04
   10      5.6786569670E-01   1.7467358300E-02  -9.3253000000E-06   1.5363110000E-04  -1.3960900000E-05
   11      1.7467358300E-02   9.4220026100E-02  -1.1602660000E-04  -4.2010800000E-05  -2.8783940000E-04
   12     -9.3253000000E-06  -1.1602660000E-04   7.4228327920E-01   1.5236853990E-01  -4.3556829200E-02
   13      1.5363110000E-04  -4.2010800000E-05   1.5236853990E-01   4.3261121350E-01  -9.3829380000E-03
   14     -1.3960900000E-05  -2.8783940000E-04  -4.3556829200E-02  -9.3829380000E-03   7.7536305400E-02
   15     -8.2216600000E-05  -1.8067500000E-05  -4.0619404650E-01  -2.2535432040E-01   2.4170935800E-02
   16     -1.3137790000E-04  -1.3953100000E-04  -2.3846692840E-01  -2.3487114580E-01   1.5249185400E-02
   17      2.7895000000E-05   2.3682700000E-05   2.4285600800E-02   1.4112144500E-02  -2.9633190200E-02
   18     -1.3905838000E-03  -4.1552400000E-05  -6.6178500000E-05  -1.8831680000E-04   3.2849100000E-05
   19      1.4461340000E-04  -6.2728000000E-06   4.1031300000E-05  -1.5935820000E-04   5.9225900000E-05
   20      1.1315810000E-04   3.5220820000E-04  -3.2255300000E-05  -9.9068300000E-05  -6.9169000000E-06
   21     -9.7053400000E-05   8.7700000000E-08  -1.1009390000E-04   2.3383440000E-04  -5.7288000000E-05
   22     -2.0077260000E-04  -1.7753100000E-05   5.5351100000E-05  -1.0710870000E-04   5.3448000000E-06
   23     -3.0284500000E-05  -4.6831500000E-05  -8.7852800000E-05  -7.4940500000E-05  -2.0365000000E-06
   24     -1.8709145000E-03  -6.4002300000E-05   3.8645700000E-05   5.3246800000E-05   6.1250000000E-06
   25      1.0239093000E-03   9.3552500000E-05  -2.5351900000E-05  -4.4432690000E-04   8.9028000000E-05
   26      1.4396990000E-04  -7.7303430000E-04  -2.9648600000E-05  -1.2961140000E-04   4.8418000000E-06
   27      2.9322914200E-02   1.0349442000E-03  -2.0953400000E-05   3.9392130000E-04  -1.2883500000E-04
   28     -5.7567844000E-03  -2.3345990000E-04   1.6869780000E-04  -7.0125520000E-04   1.9337740000E-04
   29     -5.1359800000E-05   3.1497690000E-04  -9.3653900000E-05   1.8426280000E-04  -1.0276210000E-04
   30     -1.2550391270E-01  -4.8990853000E-03  -1.2011650000E-04  -3.0839590000E-04   3.7106700000E-05
   31     -2.1810235650E-01  -7.2558663000E-03  -6.0055300000E-05  -2.4963100000E-04   3.0113400000E-05
   32     -7.1300318000E-03  -3.1275675500E-02   5.6070800000E-05   1.2757700000E-05  -1.1538400000E-05
   33      9.9103751200E-02   3.4775637000E-03  -8.2692800000E-05   2.2638200000E-04  -8.4390000000E-05
   34     -2.5583796010E-01  -7.9087086000E-03   9.5821300000E-05  -3.6461930000E-04   1.0316620000E-04
   35     -8.1938795000E-03  -3.2380600400E-02   4.2536400000E-05   7.9168000000E-06   2.8859200000E-05
   36      5.8068000000E-05   5.5043200000E-05  -2.9711256300E-02   6.5256753000E-03   1.8925050000E-03
   37     -7.0970700000E-05   1.3950900000E-05  -1.7539797900E-02   5.6777820000E-03   1.0939869000E-03
   38     -2.5761600000E-05   4.4527600000E-05   1.7558939000E-03  -3.6956990000E-04  -8.5554110000E-04
   39     -7.5109000000E-05  -2.9983500000E-05  -4.0351850000E-04  -2.3704174800E-02   1.4509760000E-04
   40     -9.9167000000E-06  -2.9663000000E-05  -2.3449672000E-03  -2.4889446400E-02   1.7340560000E-04
   41     -1.0186500000E-05   6.6502000000E-06   1.7234080000E-04   1.4355800000E-03   1.9984566000E-03
   42      5.6661700000E-05   5.2751800000E-05  -2.7959708490E-01   7.9270585300E-02   1.6872102200E-02
   43      1.5155050000E-04  -8.5116300000E-05   8.7373587300E-02  -6.2978932000E-02  -5.9118603000E-03
   44      9.8187100000E-05   7.3956900000E-05   1.7118885000E-02  -5.5283808000E-03  -3.1789835300E-02
   45      4.4470000000E-05   1.7444490000E-04  -2.6227064400E-02   1.0867791900E-02   7.3798120000E-04
   46     -1.0910120000E-04   1.5389310000E-04   1.8473050300E-02  -1.1508531090E-01  -1.3365306000E-03
   47     -1.9023580000E-04  -2.7089300000E-04   5.4963840000E-04  -1.0950440000E-04  -1.5932286800E-02
                   15                 16                 17                 18                 19        
    0      1.2083600000E-05   5.0289700000E-05  -6.7441900000E-05  -1.3769595460E-01  -1.2802923860E-01
    1     -7.4665500000E-05   3.7896000000E-05   8.2671600000E-05  -1.2545991450E-01  -2.1609575040E-01
    2     -3.5490200000E-05  -2.4267440000E-04  -2.6732040000E-04  -3.7756803000E-03  -6.4107823000E-03
    3      1.8058940000E-04  -7.2488300000E-05   6.9105400000E-05  -2.3069805700E-02  -5.4821770000E-04
    4     -4.1172800000E-05   1.9251360000E-04  -4.7440800000E-05  -2.6053753700E-02   3.8979550000E-04
    5     -1.8148680000E-04   3.4774900000E-05  -2.5973290000E-04  -7.2023070000E-04   1.3937100000E-05
    6     -2.4692750000E-04   2.7840600000E-05   4.5434500000E-05  -4.8855119000E-03  -2.6074000000E-06
    7     -2.7787660000E-04  -3.0647770000E-04  -6.5078500000E-05   1.6590818000E-03   9.7696100000E-04
    8      1.6686890000E-04   1.0243270000E-04  -4.7145170000E-04   5.9941450000E-04  -6.4613650000E-04
    9      4.5384800000E-05  -6.2651000000E-05  -1.6196810000E-04  -8.7132580000E-04  -6.7204400000E-05
   10     -8.2216600000E-05  -1.3137790000E-04   2.7895000000E-05  -1.3905838000E-03   1.4461340000E-04
   11     -1.8067500000E-05  -1.3953100000E-04   2.3682700000E-05  -4.1552400000E-05  -6.2728000000E-06
   12     -4.0619404650E-01  -2.3846692840E-01   2.4285600800E-02  -6.6178500000E-05   4.1031300000E-05
   13     -2.2535432040E-01  -2.3487114580E-01   1.4112144500E-02  -1.8831680000E-04  -1.5935820000E-04
   14      2.4170935800E-02   1.5249185400E-02  -2.9633190200E-02   3.2849100000E-05   5.9225900000E-05
   15      7.4864098660E-01   1.2628832290E-01  -4.1573794700E-02   4.6891000000E-05  -4.0818000000E-06
   16      1.2628832290E-01   6.6012197020E-01  -7.7068857000E-03   5.6346000000E-06   9.1174700000E-05
   17     -4.1573794700E-02  -7.7068857000E-03   9.2285593700E-02   7.1168000000E-05   4.3778400000E-05
   18      4.6891000000E-05   5.6346000000E-06   7.1168000000E-05   1.5969374210E-01   1.4264958540E-01
   19     -4.0818000000E-06   9.1174700000E-05   4.3778400000E-05   1.4264958540E-01   2.3572578050E-01
   20      2.9206100000E-05   7.7634400000E-05   5.6897500000E-05   3.8006402000E-03   7.6008944000E-03
   21     -3.0269200000E-05   6.0239300000E-05   1.9508100000E-05   6.3169173000E-03  -1.5105476600E-02
   22      7.6908700000E-05  -2.0078520000E-04  -5.1912600000E-05   9.1469180000E-03  -2.3155677900E-02
   23      8.6071000000E-06   5.6230800000E-05   5.6597000000E-05   3.9237570000E-04  -9.8337660000E-04
   24     -1.1146820000E-04   5.1654000000E-05   1.5873000000E-06   9.1654380000E-04   9.3687990000E-04
   25      1.9119000000E-04   1.7089710000E-04   5.7118600000E-05  -8.5133470000E-04   1.3363521000E-03
   26      6.3031300000E-05  -6.6526000000E-06   1.7264300000E-05  -2.1871060000E-04   3.1114920000E-04
   27      1.6871100000E-05  -1.1831530000E-04   8.7270000000E-06  -3.5098800000E-05   3.0821500000E-04
   28     -1.1913400000E-05  -1.9703390000E-04  -1.2455000000E-06   3.5360790000E-04   5.9180170000E-04
   29      3.0371000000E-06  -7.7916100000E-05   1.5713600000E-05   1.6352200000E-05   3.2660100000E-05
   30      6.4342000000E-05   1.1645050000E-04   4.9722200000E-05  -4.9078720000E-04  -1.0976700000E-05
   31      5.4680800000E-05  -8.2513500000E-05   1.4455000000E-05   1.0453200000E-05   6.3865200000E-05
   32     -1.7642500000E-05  -4.1881700000E-05   1.5016900000E-05  -8.8288900000E-05   1.0416860000E-04
   33     -6.7613200000E-05  -8.3407900000E-05  -2.1476700000E-05   1.0993920000E-04  -1.4031900000E-04
   34      5.2860900000E-05   2.5383290000E-04   2.9776500000E-05  -5.3933900000E-05   7.6841400000E-05
   35      2.0885600000E-05   7.1742500000E-05   1.9138300000E-05   1.7029200000E-05  -2.3824100000E-05
   36     -2.7333528620E-01   9.3295279600E-02   1.4771500300E-02   4.1731300000E-05  -1.8668800000E-05
   37      9.6444529800E-02  -8.2209377900E-02  -5.9920226000E-03  -3.7400000000E-05  -1.0244960000E-04
   38      1.4690839200E-02  -5.7339263000E-03  -3.3601835700E-02  -2.9197100000E-05  -4.6759800000E-05
   39     -4.5547051700E-02   3.1295674000E-02   1.0109228000E-03  -5.8299500000E-05  -1.1366000000E-05
   40      3.0327091900E-02  -3.0674641340E-01  -2.4811956000E-03   5.1397200000E-05   9.0253400000E-05
   41      1.0590725000E-03  -2.6173376000E-03  -2.9120630800E-02  -5.8400900000E-05  -4.4726000000E-06
   42     -2.7152340000E-02   5.1047114000E-03   1.6779781000E-03   3.6537700000E-05   3.2153400000E-05
   43     -1.6515664900E-02   4.8169427000E-03   1.0703396000E-03  -7.3906000000E-06   1.7878200000E-05
   44      1.6529327000E-03  -3.6588670000E-04  -6.4407270000E-04   3.7304000000E-05   1.3551000000E-05
   45      3.6778540000E-03  -1.7492305600E-02  -1.8657320000E-04   1.0659600000E-05  -2.9708100000E-05
   46     -1.1073673000E-02  -4.0940101800E-02   9.0760200000E-04   1.6595000000E-04   7.9189000000E-06
   47     -3.8934800000E-05   1.3406915000E-03   1.5083305000E-03  -3.5072000000E-05  -5.7739900000E-05
                   20                 21                 22                 23                 24        
    0     -4.0018575000E-03  -9.1745477800E-02   1.0015818130E-01   6.9430815000E-03  -1.8262650600E-02
    1     -6.6903923000E-03   9.9078604300E-02  -2.5852473220E-01  -1.4598238000E-02   2.9713230900E-02
    2     -3.1039009600E-02   6.8939121000E-03  -1.4759994200E-02  -3.2965209600E-02   2.0682557000E-03
    3      5.5599550000E-04  -1.7191558100E-02   7.2024189000E-03   9.5345490000E-04  -8.6229544600E-02
    4      8.3639810000E-04   2.9840573800E-02  -6.5080014000E-03  -1.3233087000E-03   9.1886255500E-02
    5      3.1789600000E-04   2.0486238000E-03  -5.4322060000E-04   1.2121160000E-04   6.0625673000E-03
    6      4.6073380000E-04   9.9579570000E-04  -1.6137443000E-03  -2.4464590000E-04   5.9208735000E-03
    7     -6.7623010000E-04   2.2154635000E-03   1.5167029000E-03   3.1617000000E-04  -1.3699746300E-02
    8      1.3032743100E-02  -1.0467490000E-04   4.2509350000E-04  -5.5505368000E-03  -8.3232860000E-04
    9      1.2852670000E-04   1.9411980000E-04  -3.0809870000E-04  -7.6935400000E-05   1.1631136000E-03
   10      1.1315810000E-04  -9.7053400000E-05  -2.0077260000E-04  -3.0284500000E-05  -1.8709145000E-03
   11      3.5220820000E-04   8.7700000000E-08  -1.7753100000E-05  -4.6831500000E-05  -6.4002300000E-05
   12     -3.2255300000E-05  -1.1009390000E-04   5.5351100000E-05  -8.7852800000E-05   3.8645700000E-05
   13     -9.9068300000E-05   2.3383440000E-04  -1.0710870000E-04  -7.4940500000E-05   5.3246800000E-05
   14     -6.9169000000E-06  -5.7288000000E-05   5.3448000000E-06  -2.0365000000E-06   6.1250000000E-06
   15      2.9206100000E-05  -3.0269200000E-05   7.6908700000E-05   8.6071000000E-06  -1.1146820000E-04
   16      7.7634400000E-05   6.0239300000E-05  -2.0078520000E-04   5.6230800000E-05   5.1654000000E-05
   17      5.6897500000E-05   1.9508100000E-05  -5.1912600000E-05   5.6597000000E-05   1.5873000000E-06
   18      3.8006402000E-03   6.3169173000E-03   9.1469180000E-03   3.9237570000E-04   9.1654380000E-04
   19      7.6008944000E-03  -1.5105476600E-02  -2.3155677900E-02  -9.8337660000E-04   9.3687990000E-04
   20      2.1304809100E-02  -8.7736660000E-04  -1.6104104000E-03   2.7333383000E-03  -1.1145150000E-04
   21     -8.7736660000E-04   1.0679025200E-01  -1.1522907610E-01  -8.4957097000E-03  -5.3521336000E-03
   22     -1.6104104000E-03  -1.1522907610E-01   2.8529636050E-01   1.7089202300E-02   8.4348940000E-04
   23      2.7333383000E-03  -8.4957097000E-03   1.7089202300E-02   2.2733825800E-02   5.7076760000E-04
   24     -1.1145150000E-04  -5.3521336000E-03   8.4348940000E-04   5.7076760000E-04   1.0428065930E-01
   25      3.5645910000E-04   5.9540130000E-04   1.0886131000E-03  -6.2145590000E-04  -1.0535687270E-01
   26     -5.0314657000E-03   5.2246050000E-04  -6.1514130000E-04   1.2459426300E-02  -7.6708474000E-03
   27      1.5328100000E-05  -4.5936350000E-04   7.9109400000E-05   2.1004800000E-05  -1.9948538000E-03
   28     -2.4280500000E-05  -9.6715890000E-04   5.0397660000E-04   9.2874800000E-05  -2.8864279000E-03
   29     -9.2987200000E-05  -7.7339000000E-06   3.4800000000E-06   1.8000420000E-04  -4.5717700000E-05
   30      5.9656700000E-05   1.1614360000E-04  -6.1810700000E-05  -1.9039200000E-05  -4.2365700000E-05
   31      7.9303600000E-05  -1.3855110000E-04   7.1171400000E-05  -3.7988000000E-06   2.9440750000E-04
   32     -1.9998947000E-03   5.7744000000E-06  -2.2352000000E-05   4.5919060000E-04   1.0784000000E-05
   33     -5.6395000000E-06   3.2181840000E-04  -2.1714190000E-04  -2.8226700000E-05  -3.8665420000E-04
   34     -5.4535000000E-06  -2.2194720000E-04  -8.5656800000E-05  -6.4819000000E-06   1.2684760000E-04
   35      4.4630070000E-04  -3.5025000000E-06   1.8230000000E-07  -4.0962500000E-05   4.4655000000E-06
   36     -1.7318000000E-05   1.1757710000E-04  -5.8805200000E-05  -4.1758900000E-05  -3.6903500000E-05
   37     -6.0500800000E-05  -1.4636900000E-05   2.1032900000E-05   7.3728300000E-05   8.6327000000E-06
   38     -4.4325700000E-05  -4.4119200000E-05   1.3253900000E-04  -1.0434290000E-04  -4.3353600000E-05
   39     -4.9136600000E-05  -3.5010700000E-05  -4.9561500000E-05   3.7655900000E-05   5.9061500000E-05
   40     -2.3303000000E-06  -5.9196400000E-05   1.9339500000E-05  -2.7880300000E-05  -6.8338300000E-05
   41     -2.5601600000E-05   3.3027300000E-05  -6.4504000000E-05  -3.5675200000E-05   5.9896200000E-05
   42      1.8200600000E-05   3.6951800000E-05  -3.9342300000E-05   2.6531200000E-05   2.3111600000E-05
   43      2.5231800000E-05   2.7394000000E-06  -4.5214000000E-05   1.9235000000E-06  -4.7682200000E-05
   44     -1.5497900000E-05   1.4581400000E-05   5.5707000000E-06  -1.5669300000E-05  -4.5753200000E-05
   45      2.6737300000E-05   3.4331100000E-05   1.5204000000E-05   4.0690100000E-05   1.4565200000E-05
   46      7.9586700000E-05  -1.9375940000E-04   3.1075180000E-04   3.9635500000E-05   1.5337700000E-05
   47      1.1506400000E-05   5.2419400000E-05   2.3875700000E-05   1.7670500000E-05   2.9005500000E-05
                   25                 26                 27                 28                 29        
    0      5.5693296000E-03   1.0004046000E-03   1.1119852000E-03   1.5343747000E-03   1.5333080000E-04
    1     -6.0425430000E-03  -1.1538377000E-03  -1.8754393000E-03   1.0106666000E-03   6.1625500000E-05
    2     -4.8953470000E-04   3.1281960000E-04  -1.5615020000E-04   1.4871200000E-05  -7.9273920000E-04
    3      9.3884939100E-02   5.8402576000E-03   5.8845222000E-03   8.0258617000E-03  -1.4910770000E-04
    4     -2.4875528350E-01  -1.3985020200E-02  -1.3631277600E-02  -2.6950324600E-02  -1.2493440000E-03
    5     -1.3706059400E-02  -3.8068648400E-02  -4.6783200000E-04  -1.1723277000E-03   1.7571712000E-03
    6      8.1991442000E-03   7.0146420000E-04  -8.6599888200E-02   9.5503639000E-02   3.8574278000E-03
    7     -2.7415871800E-02  -9.3684740000E-04   9.3421631000E-02  -2.5177029930E-01  -7.5108159000E-03
    8     -1.6280523000E-03   1.7663163000E-03   3.2956544000E-03  -7.3774143000E-03  -3.7497318400E-02
    9      1.6099758000E-03  -7.3484700000E-05  -1.8215345100E-02   5.5244671000E-03   6.1330000000E-05
   10      1.0239093000E-03   1.4396990000E-04   2.9322914200E-02  -5.7567844000E-03  -5.1359800000E-05
   11      9.3552500000E-05  -7.7303430000E-04   1.0349442000E-03  -2.3345990000E-04   3.1497690000E-04
   12     -2.5351900000E-05  -2.9648600000E-05  -2.0953400000E-05   1.6869780000E-04  -9.3653900000E-05
   13     -4.4432690000E-04  -1.2961140000E-04   3.9392130000E-04  -7.0125520000E-04   1.8426280000E-04
   14      8.9028000000E-05   4.8418000000E-06  -1.2883500000E-04   1.9337740000E-04  -1.0276210000E-04
   15      1.9119000000E-04   6.3031300000E-05   1.6871100000E-05  -1.1913400000E-05   3.0371000000E-06
   16      1.7089710000E-04  -6.6526000000E-06  -1.1831530000E-04  -1.9703390000E-04  -7.7916100000E-05
   17      5.7118600000E-05   1.7264300000E-05   8.7270000000E-06  -1.2455000000E-06   1.5713600000E-05
   18     -8.5133470000E-04  -2.1871060000E-04  -3.5098800000E-05   3.5360790000E-04   1.6352200000E-05
   19      1.3363521000E-03   3.1114920000E-04   3.0821500000E-04   5.9180170000E-04   3.2660100000E-05
   20      3.5645910000E-04  -5.0314657000E-03   1.5328100000E-05  -2.4280500000E-05  -9.2987200000E-05
   21      5.9540130000E-04   5.2246050000E-04  -4.5936350000E-04  -9.6715890000E-04  -7.7339000000E-06
   22      1.0886131000E-03  -6.1514130000E-04   7.9109400000E-05   5.0397660000E-04   3.4800000000E-06
   23     -6.2145590000E-04   1.2459426300E-02   2.1004800000E-05   9.2874800000E-05   1.8000420000E-04
   24     -1.0535687270E-01  -7.6708474000E-03  -1.9948538000E-03  -2.8864279000E-03  -4.5717700000E-05
   25      2.8113009570E-01   1.6270982000E-02  -2.9635735000E-03  -3.4051922000E-03  -3.0173640000E-04
   26      1.6270982000E-02   2.6375469000E-02  -6.8384800000E-05  -1.3763380000E-04   3.0134781000E-03
   27     -2.9635735000E-03  -6.8384800000E-05   1.0484977340E-01  -1.0665485690E-01  -3.6644960000E-03
   28     -3.4051922000E-03  -1.3763380000E-04  -1.0665485690E-01   2.8347261650E-01   9.1607726000E-03
   29     -3.0173640000E-04   3.0134781000E-03  -3.6644960000E-03   9.1607726000E-03   2.6457427300E-02
   30      3.3728830000E-04   2.1153000000E-05   8.4532490000E-04  -9.1432720000E-04  -6.0434000000E-06
   31      6.0150260000E-04   3.2762100000E-05   9.7630230000E-04   1.3013914000E-03   2.2639740000E-04
   32      7.9895300000E-05  -1.0694710000E-04   4.5703000000E-05   2.2598100000E-04  -5.0282118000E-03
   33     -1.0083282000E-03  -5.8759900000E-05  -5.3473901000E-03   4.7471270000E-04  -1.2116710000E-04
   34      5.6921320000E-04   2.1986400000E-05   9.5197490000E-04   1.1113628000E-03  -3.8896860000E-04
   35     -3.9308200000E-05   1.7458450000E-04  -6.9825000000E-05  -4.1862550000E-04   1.2493001800E-02
   36     -3.7288600000E-05  -3.6325600000E-05   4.1224100000E-05  -7.8891900000E-05   1.8560600000E-05
   37     -2.2090000000E-05   5.7786400000E-05  -2.6121400000E-05  -3.9590000000E-07   1.8004700000E-05
   38      1.8084900000E-05  -2.0163000000E-05   2.3827000000E-05   2.7099300000E-05  -1.3458100000E-05
   39      2.3090500000E-05   5.1168000000E-05  -5.1200800000E-05   9.1078000000E-06  -8.3525000000E-06
   40      2.1123770000E-04   1.4585200000E-05  -2.9418000000E-05   8.4370500000E-05  -5.8515000000E-05
   41     -1.3373000000E-05  -1.2820550000E-04  -4.3301000000E-06  -7.8886000000E-05  -3.1268800000E-05
   42     -1.0450590000E-04  -4.0345000000E-05  -3.7598300000E-05  -4.2419000000E-06   3.3376300000E-05
   43      2.9488000000E-05  -2.7534200000E-05   2.8905000000E-06  -1.0001990000E-04  -8.0175600000E-05
   44     -3.2862000000E-06  -2.1708100000E-05   4.5387100000E-05  -2.1678800000E-05  -4.6866900000E-05
   45     -6.3103200000E-05  -3.4326000000E-06   1.1991000000E-05  -7.6650600000E-05  -4.7142700000E-05
   46     -7.6001200000E-05   1.3905750000E-04  -1.5795660000E-04   8.0511930000E-04   3.1628200000E-05
   47     -1.6231420000E-04   2.5972100000E-05   6.9277500000E-05  -2.4942440000E-04  -6.2616040000E-04
                   30                 31                 32                 33                 34        
    0     -8.5730780000E-04  -3.8862400000E-05  -8.1585300000E-05   2.1681610000E-04  -3.2159620000E-04
    1     -1.3668729000E-03   1.7833780000E-04  -8.2701200000E-05  -1.0116310000E-04  -1.9100930000E-04
    2     -5.4256900000E-05  -1.4469000000E-05   3.2873210000E-04  -1.0086800000E-05   1.1257300000E-05
    3     -4.9381218000E-03   7.4083600000E-05  -8.6042000000E-06   1.0307891000E-03  -1.6100763000E-03
    4      1.5679939000E-03   8.8524500000E-04  -4.4729200000E-04   2.2529996000E-03   1.5145871000E-03
    5     -4.3901700000E-05  -4.6707890000E-04   1.3095215300E-02   1.4384830000E-04   2.4117430000E-04
    6     -2.2904920200E-02  -6.2782270000E-04  -1.2480300000E-05  -1.7586879700E-02   7.3370049000E-03
    7     -2.5904818300E-02   4.8734270000E-04  -1.3744420000E-04   3.0141633600E-02  -6.6736798000E-03
    8     -1.0541936000E-03   1.4806600000E-05   2.7566260000E-04   1.0619279000E-03  -2.5511740000E-04
    9     -1.3649789550E-01  -1.2817119930E-01  -5.0487270000E-03  -9.2527971900E-02   1.0008043350E-01
   10     -1.2550391270E-01  -2.1810235650E-01  -7.1300318000E-03   9.9103751200E-02  -2.5583796010E-01
   11     -4.8990853000E-03  -7.2558663000E-03  -3.1275675500E-02   3.4775637000E-03  -7.9087086000E-03
   12     -1.2011650000E-04  -6.0055300000E-05   5.6070800000E-05  -8.2692800000E-05   9.5821300000E-05
   13     -3.0839590000E-04  -2.4963100000E-04   1.2757700000E-05   2.2638200000E-04  -3.6461930000E-04
   14      3.7106700000E-05   3.0113400000E-05  -1.1538400000E-05  -8.4390000000E-05   1.0316620000E-04
   15      6.4342000000E-05   5.4680800000E-05  -1.7642500000E-05  -6.7613200000E-05   5.2860900000E-05
   16      1.1645050000E-04  -8.2513500000E-05  -4.1881700000E-05  -8.3407900000E-05   2.5383290000E-04
   17      4.9722200000E-05   1.4455000000E-05   1.5016900000E-05  -2.1476700000E-05   2.9776500000E-05
   18     -4.9078720000E-04   1.0453200000E-05  -8.8288900000E-05   1.0993920000E-04  -5.3933900000E-05
   19     -1.0976700000E-05   6.3865200000E-05   1.0416860000E-04  -1.4031900000E-04   7.6841400000E-05
   20      5.9656700000E-05   7.9303600000E-05  -1.9998947000E-03  -5.6395000000E-06  -5.4535000000E-06
   21      1.1614360000E-04  -1.3855110000E-04   5.7744000000E-06   3.2181840000E-04  -2.2194720000E-04
   22     -6.1810700000E-05   7.1171400000E-05  -2.2352000000E-05  -2.1714190000E-04  -8.5656800000E-05
   23     -1.9039200000E-05  -3.7988000000E-06   4.5919060000E-04  -2.8226700000E-05  -6.4819000000E-06
   24     -4.2365700000E-05   2.9440750000E-04   1.0784000000E-05  -3.8665420000E-04   1.2684760000E-04
   25      3.3728830000E-04   6.0150260000E-04   7.9895300000E-05  -1.0083282000E-03   5.6921320000E-04
   26      2.1153000000E-05   3.2762100000E-05  -1.0694710000E-04  -5.8759900000E-05   2.1986400000E-05
   27      8.4532490000E-04   9.7630230000E-04   4.5703000000E-05  -5.3473901000E-03   9.5197490000E-04
   28     -9.1432720000E-04   1.3013914000E-03   2.2598100000E-04   4.7471270000E-04   1.1113628000E-03
   29     -6.0434000000E-06   2.2639740000E-04  -5.0282118000E-03  -1.2116710000E-04  -3.8896860000E-04
   30      1.5839688330E-01   1.4249128320E-01   5.6807029000E-03   6.3647134000E-03   9.4270971000E-03
   31      1.4249128320E-01   2.3785756020E-01   8.2349633000E-03  -1.4816488800E-02  -2.3285005300E-02
   32      5.6807029000E-03   8.2349633000E-03   2.1471160600E-02  -5.1514680000E-04  -8.9687980000E-04
   33      6.3647134000E-03  -1.4816488800E-02  -5.1514680000E-04   1.0777616970E-01  -1.1574618290E-01
   34      9.4270971000E-03  -2.3285005300E-02  -8.9687980000E-04  -1.1574618290E-01   2.8292594780E-01
   35      3.2552690000E-04  -9.4517940000E-04   2.7914647000E-03  -3.9934709000E-03   9.3189347000E-03
   36      1.5842300000E-05   1.8158200000E-05  -6.5630000000E-07   5.4357100000E-05  -6.6653900000E-05
   37     -7.1010000000E-06   2.2640300000E-05  -5.0094000000E-06  -6.5645000000E-06  -2.8709900000E-05
   38     -3.3207700000E-05  -4.1666000000E-06  -2.0565000000E-06  -1.5709000000E-05  -9.1172000000E-06
   39      9.6953000000E-06   2.5081200000E-05  -6.3100000000E-08  -3.2760700000E-05   1.5891600000E-05
   40      5.1227300000E-05   5.1124300000E-05  -6.9861000000E-06  -7.3981600000E-05   8.6935600000E-05
   41     -3.1335600000E-05  -3.9445900000E-05  -1.2444400000E-05   1.3429700000E-05   2.2452400000E-05
   42      1.9509700000E-05  -5.5442500000E-05   2.8441900000E-05   1.0630550000E-04  -5.5672200000E-05
   43     -1.3903600000E-05  -1.6029020000E-04   4.3167700000E-05  -2.8541600000E-05   9.4533200000E-05
   44      4.7414400000E-05   4.5785700000E-05  -2.8306400000E-05   6.8250800000E-05  -1.3747930000E-04
   45      1.9060200000E-05  -3.6027900000E-05  -5.4282600000E-05   5.1053900000E-05  -1.1869400000E-05
   46      1.0077880000E-04   3.5961560000E-04   6.9644600000E-05   2.2640500000E-05  -1.6661350000E-04
   47     -8.0219500000E-05   5.1417800000E-05   2.8632000000E-05   8.9053000000E-05  -1.4054160000E-04
                   35                 36                 37                 38                 39        
    0      3.5915000000E-05   1.0745580000E-04   6.3090000000E-06  -1.0275180000E-04   2.2482200000E-05
    1      2.9724300000E-05   4.3780000000E-05   1.4473340000E-04  -8.2648200000E-05   1.1907310000E-04
    2     -4.7041000000E-05  -5.1304000000E-05   2.3279700000E-05   8.2927100000E-05   7.5603000000E-06
    3     -3.3633000000E-05  -1.6463190000E-04   6.7814800000E-05   1.7756810000E-04   4.8271300000E-05
    4      2.5620360000E-04   1.3225740000E-04  -9.0714400000E-05  -4.4891600000E-05  -5.9551500000E-05
    5     -5.5931205000E-03   9.4181600000E-05  -3.1835100000E-05  -2.8834400000E-05  -1.8814100000E-05
    6      6.2434600000E-05  -1.7395430000E-04  -1.9870100000E-05  -3.8644000000E-06   8.8578000000E-06
    7     -2.9645000000E-06  -1.3515500000E-05   7.4721400000E-05   2.6161700000E-05  -1.3248100000E-05
    8      3.0241290000E-04  -4.9892800000E-05  -1.1429700000E-05   6.5333800000E-05   1.5095600000E-05
    9      3.6205401000E-03   1.1815100000E-05  -1.3898500000E-05   3.5751300000E-05  -1.1061600000E-05
   10     -8.1938795000E-03   5.8068000000E-05  -7.0970700000E-05  -2.5761600000E-05  -7.5109000000E-05
   11     -3.2380600400E-02   5.5043200000E-05   1.3950900000E-05   4.4527600000E-05  -2.9983500000E-05
   12      4.2536400000E-05  -2.9711256300E-02  -1.7539797900E-02   1.7558939000E-03  -4.0351850000E-04
   13      7.9168000000E-06   6.5256753000E-03   5.6777820000E-03  -3.6956990000E-04  -2.3704174800E-02
   14      2.8859200000E-05   1.8925050000E-03   1.0939869000E-03  -8.5554110000E-04   1.4509760000E-04
   15      2.0885600000E-05  -2.7333528620E-01   9.6444529800E-02   1.4690839200E-02  -4.5547051700E-02
   16      7.1742500000E-05   9.3295279600E-02  -8.2209377900E-02  -5.7339263000E-03   3.1295674000E-02
   17      1.9138300000E-05   1.4771500300E-02  -5.9920226000E-03  -3.3601835700E-02   1.0109228000E-03
   18      1.7029200000E-05   4.1731300000E-05  -3.7400000000E-05  -2.9197100000E-05  -5.8299500000E-05
   19     -2.3824100000E-05  -1.8668800000E-05  -1.0244960000E-04  -4.6759800000E-05  -1.1366000000E-05
   20      4.4630070000E-04  -1.7318000000E-05  -6.0500800000E-05  -4.4325700000E-05  -4.9136600000E-05
   21     -3.5025000000E-06   1.1757710000E-04  -1.4636900000E-05  -4.4119200000E-05  -3.5010700000E-05
   22      1.8230000000E-07  -5.8805200000E-05   2.1032900000E-05   1.3253900000E-04  -4.9561500000E-05
   23     -4.0962500000E-05  -4.1758900000E-05   7.3728300000E-05  -1.0434290000E-04   3.7655900000E-05
   24      4.4655000000E-06  -3.6903500000E-05   8.6327000000E-06  -4.3353600000E-05   5.9061500000E-05
   25     -3.9308200000E-05  -3.7288600000E-05  -2.2090000000E-05   1.8084900000E-05   2.3090500000E-05
   26      1.7458450000E-04  -3.6325600000E-05   5.7786400000E-05  -2.0163000000E-05   5.1168000000E-05
   27     -6.9825000000E-05   4.1224100000E-05  -2.6121400000E-05   2.3827000000E-05  -5.1200800000E-05
   28     -4.1862550000E-04  -7.8891900000E-05  -3.9590000000E-07   2.7099300000E-05   9.1078000000E-06
   29      1.2493001800E-02   1.8560600000E-05   1.8004700000E-05  -1.3458100000E-05  -8.3525000000E-06
   30      3.2552690000E-04   1.5842300000E-05  -7.1010000000E-06  -3.3207700000E-05   9.6953000000E-06
   31     -9.4517940000E-04   1.8158200000E-05   2.2640300000E-05  -4.1666000000E-06   2.5081200000E-05
   32      2.7914647000E-03  -6.5630000000E-07  -5.0094000000E-06  -2.0565000000E-06  -6.3100000000E-08
   33     -3.9934709000E-03   5.4357100000E-05  -6.5645000000E-06  -1.5709000000E-05  -3.2760700000E-05
   34      9.3189347000E-03  -6.6653900000E-05  -2.8709900000E-05  -9.1172000000E-06   1.5891600000E-05
   35      2.1908218000E-02  -3.3362700000E-05   5.2599000000E-06  -9.9303000000E-06   2.4835600000E-05
   36     -3.3362700000E-05   3.0816681910E-01  -1.0010191830E-01  -1.7582814600E-02  -3.6005272000E-03
   37      5.2599000000E-06  -1.0010191830E-01   8.7997822400E-02   6.1192180000E-03   2.5370342000E-02
   38     -9.9303000000E-06  -1.7582814600E-02   6.1192180000E-03   2.3079531500E-02   4.3457210000E-04
