
$orca_hessian_file

$act_atom
  0

$act_coord
  0

$act_energy
      -13.143097

$multiplicity
  1

$hessian
18
                    0                  1                  2                  3                  4        
    0      4.7770053449E-01  -1.2078121451E-02  -4.2239549085E-02  -4.2513278172E-02  -1.2007246960E-02
    1     -1.2078121451E-02   4.9249577844E-01  -2.4308200796E-02  -1.6396300010E-02  -2.8976366034E-01
    2     -4.2239549085E-02  -2.4308200796E-02   2.3860385928E-01  -8.9681964479E-04  -4.2178255450E-02
    3     -4.2513278172E-02  -1.6396300010E-02  -8.9681964479E-04   4.4309862915E-02   1.4010235494E-02
    4     -1.2007246960E-02  -2.8976366034E-01  -4.2178255450E-02   1.4010235494E-02   3.2100050927E-01
    5     -1.1959279712E-03  -4.5417166326E-02  -4.3215413190E-02   3.4349783488E-03   5.0041596550E-02
    6     -2.4039029962E-01   1.0106004441E-01  -3.6958775603E-02  -1.5206410845E-04   1.2801362634E-03
    7      9.8656702430E-02  -9.1895090959E-02   2.0468093325E-02   2.9306102621E-02  -1.7765171614E-02
    8     -3.9892356443E-02   2.1409295613E-02  -4.3198495858E-02   3.6992437934E-03  -1.0224467593E-03
    9     -1.6679941210E-01  -7.3571039889E-02   9.8387521197E-02  -1.6024234998E-03  -2.1492371867E-03
   10     -7.3151687957E-02  -8.2254725225E-02   5.6698334253E-02  -2.3308323820E-02  -1.6600785759E-02
   11      9.8438176624E-02   5.7040095913E-02  -8.8636199603E-02  -2.9292602019E-03  -1.2806367876E-03
   12      8.2261068079E-04   6.8768708546E-04  -8.2507473696E-03  -1.7393969516E-04   3.9610675833E-04
   13      6.8493395219E-04   3.3409233891E-05  -4.7661373191E-03   6.9441693240E-04   1.2982049849E-03
   14      3.7076597092E-04   2.1968016298E-04  -6.4384397464E-03   2.1049753771E-04   1.5412931182E-04
   15     -2.8820155281E-02   2.9772985404E-04  -1.0041629495E-02   1.3184256047E-04  -1.5299943683E-03
   16     -2.1045800136E-03  -2.8615711149E-02  -5.9138340127E-03  -4.3061312173E-03   1.8309034553E-03
   17     -1.5481109096E-02  -8.9437045667E-03  -5.7115310880E-02  -3.5186398333E-03  -5.7143868650E-03
                    5                  6                  7                  8                  9        
    0     -1.1959279712E-03  -2.4039029962E-01   9.8656702430E-02  -3.9892356443E-02  -1.6679941210E-01
    1     -4.5417166326E-02   1.0106004441E-01  -9.1895090959E-02   2.1409295613E-02  -7.3571039889E-02
    2     -4.3215413190E-02  -3.6958775603E-02   2.0468093325E-02  -4.3198495858E-02   9.8387521197E-02
    3      3.4349783488E-03  -1.5206410845E-04   2.9306102621E-02   3.6992437934E-03  -1.6024234998E-03
    4      5.0041596550E-02   1.2801362634E-03  -1.7765171614E-02  -1.0224467593E-03  -2.1492371867E-03
    5      5.4692786194E-02   9.6014027961E-04   3.7119040926E-03   2.2322577762E-03   1.1427688649E-03
    6      9.6014027961E-04   2.6432157763E-01  -1.1351770470E-01   4.5036470856E-02  -2.3869631672E-02
    7      3.7119040926E-03  -1.1351770470E-01   1.0180550837E-01  -2.2200322096E-02  -1.0477548412E-02
    8      2.2322577762E-03   4.5036470856E-02  -2.2200322096E-02   5.4673809530E-02   1.2917793707E-02
    9      1.1427688649E-03  -2.3869631672E-02  -1.0477548412E-02   1.2917793707E-02   1.9044761486E-01
   10      1.4241888300E-02   1.0675802674E-02   5.6723956526E-03  -6.1217156168E-03   8.3366164709E-02
   11      4.9802211971E-03  -2.5688857121E-03  -1.8955801381E-03   4.9774976754E-03  -1.0720162549E-01
   12     -2.5357617321E-04   1.4030449704E-03  -2.1435255414E-04  -5.0989044480E-04  -2.6628119600E-03
   13     -4.4232857337E-04  -5.1214107939E-04  -2.7960375852E-04   1.0686982607E-06   7.9094069780E-05
   14     -8.6701346477E-04   2.3875264386E-04   1.0591734369E-04  -8.6697778396E-04  -1.2366506596E-03
   15     -4.0883833489E-03  -1.3126271951E-03  -3.7531993894E-03  -2.1251261468E-02   4.4866643749E-03
   16     -2.2135894044E-02   1.0138624269E-03   2.4619623051E-03   7.9341201614E-03   2.7525667090E-03
   17     -1.7822838513E-02  -6.7077024647E-03  -1.9001252706E-04  -1.7818091340E-02  -4.0098076172E-03
                   10                 11                 12                 13                 14        
    0     -7.3151687957E-02   9.8438176624E-02   8.2261068079E-04   6.8493395219E-04   3.7076597092E-04
    1     -8.2254725225E-02   5.7040095913E-02   6.8768708546E-04   3.3409233891E-05   2.1968016298E-04
    2      5.6698334253E-02  -8.8636199603E-02  -8.2507473696E-03  -4.7661373191E-03  -6.4384397464E-03
    3     -2.3308323820E-02  -2.9292602019E-03  -1.7393969516E-04   6.9441693240E-04   2.1049753771E-04
    4     -1.6600785759E-02  -1.2806367876E-03   3.9610675833E-04   1.2982049849E-03   1.5412931182E-04
    5      1.4241888300E-02   4.9802211971E-03  -2.5357617321E-04  -4.4232857337E-04  -8.6701346477E-04
    6      1.0675802674E-02  -2.5688857121E-03   1.4030449704E-03  -5.1214107939E-04   2.3875264386E-04
    7      5.6723956526E-03  -1.8955801381E-03  -2.1435255414E-04  -2.7960375852E-04   1.0591734369E-04
    8     -6.1217156168E-03   4.9774976754E-03  -5.0989044480E-04   1.0686982607E-06  -8.6697778396E-04
    9      8.3366164709E-02  -1.0720162549E-01  -2.6628119600E-03   7.9094069780E-05  -1.2366506596E-03
   10      9.4083983987E-02  -6.1791401448E-02   7.7949306429E-05  -2.7564795127E-03  -7.1377456268E-04
   11     -6.1791401448E-02   1.0456797084E-01   5.8470753778E-03   3.3794656358E-03  -5.2969765723E-03
   12      7.7949306429E-05   5.8470753778E-03  -7.9067939423E-04  -1.1448716907E-03  -1.0603274864E-03
   13     -2.7564795127E-03   3.3794656358E-03  -1.1448716907E-03   5.2984887633E-04  -6.1440353542E-04
   14     -7.1377456268E-04  -5.2969765723E-03  -1.0603274864E-03  -6.1440353542E-04   2.3169536552E-02
   15      2.3400950875E-03   8.4145194043E-03   1.4017753982E-03   1.9856781568E-04   1.4769619935E-03
   16      1.8556108567E-03   4.5480568246E-03   1.9748109457E-04   1.1746201761E-03   8.4845127963E-04
   17     -2.3133309262E-03  -2.0592513535E-02   4.2274660962E-03   2.4423350938E-03  -9.7001289845E-03
                   15                 16                 17        
     0     -2.8820155281E-02  -2.1045800136E-03  -1.5481109096E-02
     1      2.9772985404E-04  -2.8615711149E-02  -8.9437045667E-03
     2     -1.0041629495E-02  -5.9138340127E-03  -5.7115310880E-02
     3      1.3184256047E-04  -4.3061312173E-03  -3.5186398333E-03
     4     -1.5299943683E-03   1.8309034553E-03  -5.7143868650E-03
     5     -4.0883833489E-03  -2.2135894044E-02  -1.7822838513E-02
     6     -1.3126271951E-03   1.0138624269E-03  -6.7077024647E-03
     7     -3.7531993894E-03   2.4619623051E-03  -1.9001252706E-04
     8     -2.1251261468E-02   7.9341201614E-03  -1.7818091340E-02
     9      4.4866643749E-03   2.7525667090E-03  -4.0098076172E-03
    10      2.3400950875E-03   1.8556108567E-03  -2.3133309262E-03
    11      8.4145194043E-03   4.5480568246E-03  -2.0592513535E-02
    12      1.4017753982E-03   1.9748109457E-04   4.2274660962E-03
    13      1.9856781568E-04   1.1746201761E-03   2.4423350938E-03
    14      1.4769619935E-03   8.4845127963E-04  -9.7001289845E-03
    15      2.4112500143E-02   2.4468010005E-03   2.5489792915E-02
    16      2.4468010005E-03   2.1292614356E-02   1.4719099791E-02
    17      2.5489792915E-02   1.4719099791E-02   1.2304888325E-01

$vibrational_frequencies
18
    0        0.0000000000000000
    1        0.0000000000000000
    2        0.0000000000000000
    3        0.0000000000000000
    4        0.0000000000000000
    5        0.0000000000000000
    6     -173.9676697802195804
    7      146.8593727848642629
    8      207.4813926875545746
    9      550.1121736922676746
   10      811.7602979515911557
   11      980.0286097325168839
   12     1267.5775012612652972
   13     1423.4257527160616519
   14     1435.3975294561771534
   15     2960.4913922499163164
   16     3048.4737991726224209
   17     3058.2863402610287267

$normal_modes
18 18
                    0                  1                  2                  3                  4        
    0      0.0000000000E+00   0.0000000000E+00   0.0000000000E+00   0.0000000000E+00   0.0000000000E+00
    1      0.0000000000E+00   0.0000000000E+00   0.0000000000E+00   0.0000000000E+00   0.0000000000E+00
    2      0.0000000000E+00   0.0000000000E+00   0.0000000000E+00   0.0000000000E+00   0.0000000000E+00
    3      0.0000000000E+00   0.0000000000E+00   0.0000000000E+00   0.0000000000E+00   0.0000000000E+00
    4      0.0000000000E+00   0.0000000000E+00   0.0000000000E+00   0.0000000000E+00   0.0000000000E+00
    5      0.0000000000E+00   0.0000000000E+00   0.0000000000E+00   0.0000000000E+00   0.0000000000E+00
    6      0.0000000000E+00   0.0000000000E+00   0.0000000000E+00   0.0000000000E+00   0.0000000000E+00
    7      0.0000000000E+00   0.0000000000E+00   0.0000000000E+00   0.0000000000E+00   0.0000000000E+00
    8      0.0000000000E+00   0.0000000000E+00   0.0000000000E+00   0.0000000000E+00   0.0000000000E+00
    9      0.0000000000E+00   0.0000000000E+00   0.0000000000E+00   0.0000000000E+00   0.0000000000E+00
   10      0.0000000000E+00   0.0000000000E+00   0.0000000000E+00   0.0000000000E+00   0.0000000000E+00
   11      0.0000000000E+00   0.0000000000E+00   0.0000000000E+00   0.0000000000E+00   0.0000000000E+00
   12      0.0000000000E+00   0.0000000000E+00   0.0000000000E+00   0.0000000000E+00   0.0000000000E+00
   13      0.0000000000E+00   0.0000000000E+00   0.0000000000E+00   0.0000000000E+00   0.0000000000E+00
   14      0.0000000000E+00   0.0000000000E+00   0.0000000000E+00   0.0000000000E+00   0.0000000000E+00
   15      0.0000000000E+00   0.0000000000E+00   0.0000000000E+00   0.0000000000E+00   0.0000000000E+00
   16      0.0000000000E+00   0.0000000000E+00   0.0000000000E+00   0.0000000000E+00   0.0000000000E+00
   17      0.0000000000E+00   0.0000000000E+00   0.0000000000E+00   0.0000000000E+00   0.0000000000E+00
                    5                  6                  7                  8                  9        
    0      0.0000000000E+00   1.6556838290E-01   7.4881647260E-02   1.3635876883E-02  -6.3434032056E-02
    1      0.0000000000E+00   9.5102829926E-02  -1.3127841611E-01   7.7064347120E-03  -3.6608822417E-02
    2      0.0000000000E+00  -6.7358372474E-02   6.9394417787E-05   5.8155811857E-02  -2.2369092633E-01
    3      0.0000000000E+00   2.0364357095E-01  -3.1290804714E-01   1.2600136316E-02  -5.2688505855E-02
    4      0.0000000000E+00   1.1539244279E-01  -1.4327047812E-01   7.9454970953E-03  -4.4973338668E-02
    5      0.0000000000E+00  -1.5901220261E-01   1.6781300432E-01   5.8053580298E-02  -1.3254638823E-01
    6      0.0000000000E+00   2.0423259859E-01   2.7819384558E-01   1.3791677000E-02  -6.5636632722E-02
    7      0.0000000000E+00   1.1979654081E-01   1.9837811973E-01   7.2825869663E-03  -2.3073683419E-02
    8      0.0000000000E+00  -1.6038863544E-01  -1.6671993032E-01   5.7708691483E-02  -1.3231814886E-01
    9      0.0000000000E+00   2.8390758214E-01   2.8327551667E-01   7.1171877029E-03  -2.7513529735E-02
   10      0.0000000000E+00   1.6081833711E-01  -4.9289435095E-01   3.4040202965E-03  -1.5458152687E-02
   11      0.0000000000E+00   1.6286777072E-01   2.0796676013E-04   4.3962693842E-02  -1.4029801815E-01
   12      0.0000000000E+00  -6.9914845620E-02  -2.8984095992E-02   8.6168392395E-03   6.6362815732E-03
   13      0.0000000000E+00  -4.0123884523E-02   5.0819283376E-02   5.0729842192E-03   3.8068578093E-03
   14      0.0000000000E+00   1.2967007350E-02   1.4558397220E-04  -1.9401067062E-01   8.3677713334E-03
   15      0.0000000000E+00  -3.8296269192E-02  -1.6904448572E-02  -1.0189837310E-02   2.2080936997E-02
   16      0.0000000000E+00  -2.1977883715E-02   2.9690274824E-02  -5.8590162388E-03   1.2736837434E-02
   17      0.0000000000E+00   2.0322103574E-02  -1.3851436360E-04   7.9719699288E-02   8.2819074607E-02
                   10                 11                 12                 13                 14        
    0     -1.0229287577E-01  -5.2043509811E-02   2.1294447713E-03  -3.2689896814E-02  -6.4283651417E-02
    1     -5.8915290412E-02   9.0056132276E-02   1.4096448307E-03   5.7570994162E-02  -3.6495657664E-02
    2      1.9560210835E-02  -9.3534359893E-06  -9.0747514883E-02   5.6692811667E-05   1.8848626036E-03
    3      6.9331033595E-02   2.2322269632E-01  -2.9359826705E-03   2.8290160711E-01   6.6101227866E-01
    4     -9.1677390456E-05  -5.1172395652E-02  -1.0803606650E-01   6.4057869246E-02  -6.2328494444E-02
    5     -2.6897371970E-01   5.8478742518E-01   5.8276320150E-01  -3.2955961097E-01   6.7506338706E-02
    6      3.3787955300E-02  -6.7780366009E-02  -9.5479127604E-02  -2.0107370872E-01   2.7490073876E-01
    7      5.9605880725E-02  -2.1954408970E-01   5.0629942238E-02  -2.2163390026E-01   6.0001385323E-01
    8     -2.6891211165E-01  -5.8472636203E-01   5.8347996709E-01   3.2773265904E-01   7.1764978743E-02
    9      2.8314759406E-01   1.2263262803E-01   2.1016539786E-01   3.7094210674E-01  -1.0691392256E-01
   10      1.6363887314E-01  -2.1269252849E-01   1.2091799781E-01  -6.4203191883E-01  -6.8105459119E-02
   11      7.3312225696E-01  -2.9968400808E-04   3.5491609322E-01   6.0680138008E-04  -1.5680998980E-01
   12      7.5514835807E-03  -3.3339817228E-04   1.5193508074E-03  -8.3379316082E-04  -4.8381501668E-04
   13      4.3127038943E-03   6.3795872017E-04   8.4911625642E-04   1.5274510760E-03  -2.3893133606E-04
   14     -8.7038709237E-03   5.9768174889E-06  -2.2720993699E-03   8.4258749865E-07   7.5808245779E-04
   15      1.9626545855E-02   9.9040683951E-03  -4.7128783932E-03  -1.3514628400E-03  -1.5324128498E-03
   16      1.1303994118E-02  -1.7107377615E-02  -2.7383500194E-03   2.4116742455E-03  -8.5882653474E-04
   17     -7.5136058882E-03   6.7505252091E-06  -1.1288037425E-02   1.5033055383E-05  -5.4613582880E-04
                   15                 16                 17        
     0     -5.0847960530E-02  -4.3677662027E-02  -5.3181170669E-02
     1     -2.9292915289E-02  -4.4888399731E-02   6.8208169847E-02
     2      3.8965554250E-02  -1.3567315614E-02  -2.7379264597E-03
     3     -2.5336001479E-02   1.9477231515E-02  -5.3298775086E-02
     4     -7.1721008611E-02   7.9048183102E-01  -5.1316497122E-01
     5      1.0100667613E-03   1.3992773097E-01  -9.4433211131E-02
     6     -7.3153060078E-02   4.6183420578E-01   7.0028567725E-01
     7      1.3080405839E-02  -2.6870788814E-01  -3.4019230471E-01
     8      1.4686139933E-03   9.3237550162E-02   1.4036422503E-01
     9      7.1610196702E-01   4.1893587119E-02  -1.4620406410E-02
    10      4.1317732629E-01   1.4024073082E-02   4.0250563583E-02
    11     -4.8793198772E-01  -4.6321058501E-02  -8.4291088294E-03
    12     -9.3221319414E-04   1.8115309025E-04   2.2761168417E-04
    13     -5.0670082263E-04   1.8840337691E-04  -2.0949287041E-04
    14      1.6400815902E-04   5.0568474470E-05   1.3646484179E-05
    15      1.6617018246E-04  -1.7543825363E-04  -8.4352624226E-05
    16      1.1537783709E-04  -1.2718580308E-04   1.2250538908E-04
    17      5.1352027510E-04  -7.4303016528E-04  -1.4599445765E-04

#
# The atoms: label  mass x y z (in bohrs)
#
$atoms
6
 C     12.01100      0.200281333041     0.115800537990    -0.538852253635
 H      1.00800      0.315930914001     2.125745344481    -0.161245857383
 H      1.00800      1.999461947953    -0.787797304369    -0.161626036213
 H      1.00800     -1.261402379239    -0.728956661573     0.635139148504
 F     18.99800     -0.816407896899    -0.472286791908     4.175264479630
 Cl    35.45300     -0.437863918857    -0.252505124620    -3.861147366378

$actual_temperature
  0.000000

$frequency_scale_factor
  1.000000

$dipole_derivatives
18
    2.0000000000E-01    0.0000000000E+00    0.0000000000E+00
    0.0000000000E+00    0.0000000000E+00    0.0000000000E+00
    0.0000000000E+00    0.0000000000E+00    1.4000000000E+00
    2.0000000000E-01    0.0000000000E+00    0.0000000000E+00
    0.0000000000E+00   -2.0000000000E-01    0.0000000000E+00
    0.0000000000E+00    0.0000000000E+00    0.0000000000E+00
    0.0000000000E+00    0.0000000000E+00    0.0000000000E+00
    0.0000000000E+00    0.0000000000E+00    0.0000000000E+00
    0.0000000000E+00    0.0000000000E+00    0.0000000000E+00
    2.0000000000E-01    0.0000000000E+00    0.0000000000E+00
    0.0000000000E+00    0.0000000000E+00    0.0000000000E+00
    0.0000000000E+00    0.0000000000E+00    4.0000000000E-01
   -8.0000000000E-01    0.0000000000E+00    2.0000000000E-01
    0.0000000000E+00   -8.0000000000E-01    0.0000000000E+00
    2.0000000000E-01    0.0000000000E+00   -1.4000000000E+00
    2.0000000000E-01   -0.0000000000E+00   -2.0000000000E-01
   -0.0000000000E+00    1.0000000000E+00   -0.0000000000E+00
   -2.0000000000E-01   -0.0000000000E+00   -4.0000000000E-01

#
# The IR spectrum
#  wavenumber T**2 TX TY TZ
#
$ir_spectrum
18
      0.00   0.00000000     0.000000     0.000000     0.000000
      0.00   0.00000000     0.000000     0.000000     0.000000
      0.00   0.00000000     0.000000     0.000000     0.000000
      0.00   0.00000000     0.000000     0.000000     0.000000
      0.00   0.00000000     0.000000     0.000000     0.000000
      0.00   0.00000000     0.000000     0.000000     0.000000
   -173.97   0.00000000     0.000000     0.000000     0.000000
    146.86   0.00047326     0.018511     0.011325    -0.001526
    207.48   0.03501548    -0.030707    -0.006198     0.184483
    550.11   0.01930387    -0.014724     0.006181    -0.138018
    811.76   0.00841689     0.012985     0.002144     0.090795
    980.03   0.00023228     0.015121    -0.001830    -0.000543
   1267.58   0.00012462     0.009048     0.003964     0.005200
   1423.43   0.00066257     0.025629    -0.002390     0.000086
   1435.40   0.00056575     0.020132     0.002416    -0.012435
   2960.49   0.00074712     0.018351     0.002120    -0.020146
   3048.47   0.00052292     0.000494    -0.022256    -0.005231
   3058.29   0.00022122    -0.003422     0.014440    -0.000997


$end

