*************************************************
******************* ORCA 6.1.0 ******************
*************************************************
$Calculation_Status
   &GeometryIndex 0
   &version [&Type "String"] "6.1.0"
   &progName [&Type "String"] "orca"
   &Status [&Type "String"] "NORMAL TERMINATION"
$End
$Geometry
   &GeometryIndex 1
   &NAtoms [&Type "Integer"] 6
   &NCorelessECP [&Type "Integer"] 0
   &NGhostAtoms [&Type "Integer"] 0
   &CartesianCoordinates [&Type "Coordinates", &Dim(6,4), &Units "Bohr"] 
              C     -0.034300419057   -0.919155232635    0.511955155571
              H      0.015894486512    0.426161589091   -1.102634412156
              H      1.595584591998   -2.163371706196    0.457338290849
              H     -1.754177968061   -2.035637557900    0.459479350558
              I      0.034992058822    0.835347768321    4.236297340170
              F      0.052436120764    1.462249295441   -4.080795556062
$End
$Single_Point_Data
   &GeometryIndex 1
   &FinalEnergy [&Type "Double"]      -1.2416148449780000e+01  "Final single point energy"
   &Converged [&Type "Boolean"] true
$End
$Geometry
   &GeometryIndex 2
   &NAtoms [&Type "Integer"] 6
   &NCorelessECP [&Type "Integer"] 0
   &NGhostAtoms [&Type "Integer"] 0
   &CartesianCoordinates [&Type "Coordinates", &Dim(6,4), &Units "Bohr"] 
              C     -0.034214168823   -0.916831813030    0.507905004283
              H      0.016035867221    0.429760337445   -1.102989292586
              H      1.595400481747   -2.159817920457    0.448693575816
              H     -1.753773954213   -2.032166984104    0.450853162972
              I      0.035101852113    0.838064556370    4.229373432646
              F      0.051878792934    1.446585979899   -4.052195714201
$End
$Single_Point_Data
   &GeometryIndex 2
   &FinalEnergy [&Type "Double"]      -1.2416177262390001e+01  "Final single point energy"
   &Converged [&Type "Boolean"] true
$End
$Geometry
   &GeometryIndex 3
   &NAtoms [&Type "Integer"] 6
   &NCorelessECP [&Type "Integer"] 0
   &NGhostAtoms [&Type "Integer"] 0
   &CartesianCoordinates [&Type "Coordinates", &Dim(6,4), &Units "Bohr"] 
              C     -0.034191561885   -0.916186037807    0.508882629760
              H      0.016201534004    0.434114989961   -1.103243904512
              H      1.595417768936   -2.158935912358    0.446182158433
              H     -1.753738949220   -2.031307471045    0.448356048447
              I      0.035067893298    0.837055662261    4.230063294098
              F      0.051672185845    1.440852925111   -4.048600057294
$End
$Single_Point_Data
   &GeometryIndex 3
   &FinalEnergy [&Type "Double"]      -1.2416182675280000e+01  "Final single point energy"
   &Converged [&Type "Boolean"] true
$End
$Geometry
   &GeometryIndex 4
   &NAtoms [&Type "Integer"] 6
   &NCorelessECP [&Type "Integer"] 0
   &NGhostAtoms [&Type "Integer"] 0
   &CartesianCoordinates [&Type "Coordinates", &Dim(6,4), &Units "Bohr"] 
              C     -0.034148173779   -0.914938889414    0.510635311230
              H      0.016385011612    0.439017541079   -1.102117091666
              H      1.595465148696   -2.157535207366    0.443940882729
              H     -1.753683663895   -2.029914618905    0.446129858484
              I      0.034962703421    0.834204861861    4.232464772012
              F      0.051447844922    1.434760468869   -4.049413563859
$End
$Single_Point_Data
   &GeometryIndex 4
   &FinalEnergy [&Type "Double"]      -1.2416185017600000e+01  "Final single point energy"
   &Converged [&Type "Boolean"] true
$End
$Geometry
   &GeometryIndex 5
   &NAtoms [&Type "Integer"] 6
   &NCorelessECP [&Type "Integer"] 0
   &NGhostAtoms [&Type "Integer"] 0
   &CartesianCoordinates [&Type "Coordinates", &Dim(6,4), &Units "Bohr"] 
              C     -0.034103208235   -0.913684914293    0.511426273604
              H      0.016484526053    0.441718483241   -1.100458625528
              H      1.595489659700   -2.156221932252    0.442489093680
              H     -1.753609282873   -2.028605868928    0.444686041050
              I      0.034873169743    0.831775335998    4.234738505924
              F      0.051294006589    1.430613052357   -4.051241119799
$End
$Single_Point_Data
   &GeometryIndex 5
   &FinalEnergy [&Type "Double"]      -1.2416185883460001e+01  "Final single point energy"
   &Converged [&Type "Boolean"] true
$End
$Hessian
   &GeometryIndex 5
   &HESSIAN [&Type "ArrayOfDoubles", &Dim (18,18)] "The Hessian"
                                                         0                           1                           2                           3                           4                           5                           6                           7

0                                      4.7637220580000000e-01        -3.0509566999999999e-03        -2.6622897999999998e-03        -3.9164259999999999e-02        -2.8576609000000000e-03         3.5172383999999999e-03        -2.0197631320000001e-01         1.2849175870000001e-01
1                                     -3.0509566999999999e-03         3.9735509219999998e-01        -6.6748009799999994e-02        -2.8575798000000001e-03        -1.1548440309999999e-01         9.3555113100000004e-02         1.1930433109999999e-01        -1.3452627970000000e-01
2                                     -2.6622897999999998e-03        -6.6748009799999994e-02         2.8555704920000002e-01         3.1189168000000001e-03         8.3583815500000005e-02        -1.2353118800000000e-01         6.0037644000000001e-03        -1.9483435999999999e-03
3                                     -3.9164259999999999e-02        -2.8575798000000001e-03         3.1189168000000001e-03         4.9247550500000001e-02         3.1948787999999998e-03        -3.4685966999999998e-03        -1.1073814000000001e-03         1.6261372199999999e-02
4                                     -2.8576609000000000e-03        -1.1548440309999999e-01         8.3583815500000005e-02         3.1948787999999998e-03         1.3435312299999999e-01        -9.1761751300000000e-02         6.6619509999999999e-04        -1.0636654800000001e-02
5                                      3.5172383999999999e-03         9.3555113100000004e-02        -1.2353118800000000e-01        -3.4685966999999998e-03        -9.1761751300000000e-02         1.2884564179999999e-01        -3.5919100000000000e-05        -1.1190926999999999e-03
6                                     -2.0197631320000001e-01         1.1930433109999999e-01         6.0037644000000001e-03        -1.1073814000000001e-03         6.6619509999999999e-04        -3.5919100000000000e-05         2.2809456659999999e-01        -1.3537208810000001e-01
7                                      1.2849175870000001e-01        -1.3452627970000000e-01        -1.9483435999999999e-03         1.6261372199999999e-02        -1.0636654800000001e-02        -1.1190926999999999e-03        -1.3537208810000001e-01         1.4191591540000001e-01
8                                      6.3599294000000004e-03        -2.4913584000000001e-03        -3.7727877999999999e-02        -1.5279032099999999e-02         1.0914343400000000e-02         4.1311815000000000e-03        -4.5967854000000001e-03         5.7759732000000003e-03
9                                     -2.2042128240000000e-01        -1.1275713220000000e-01        -5.8981427000000001e-03        -2.4263187000000000e-03        -1.2816094000000001e-03        -3.7515899999999998e-05        -2.7617242699999999e-02        -1.3746039099999999e-02
10                                    -1.2194702570000000e-01        -1.1611400819999999e-01        -1.3260863000000001e-03        -1.6892494399999999e-02        -9.2970410000000007e-03        -1.0940482000000001e-03         1.6635353200000001e-02         1.0203710800000000e-02
11                                    -6.2946571999999996e-03        -1.8548716999999999e-03        -3.7710085400000003e-02         1.6072712499999999e-02         9.7204617000000004e-03         4.1156357000000001e-03        -4.4244819999999998e-04         1.1295029000000000e-03
12                                    -1.6658036800000001e-02        -5.2240079999999996e-04        -8.2310520000000004e-04        -4.2071239999999998e-04         2.2224730000000001e-04        -2.3463500000000000e-05         2.0736391000000000e-03         5.1968609000000001e-03
13                                    -5.1651219999999996e-04        -2.9735127100000001e-02        -2.0893397599999999e-02         2.3343610000000001e-04         5.5053309999999996e-03        -3.6779990000000002e-04        -1.0432141000000000e-03        -6.4937657000000001e-03
14                                    -1.3072426999999999e-03        -3.3343136699999998e-02        -5.9697427599999998e-02        -2.1211050000000001e-04        -5.8865070999999996e-03        -1.6653918899999998e-02        -2.5824879999999999e-04        -5.9529698999999997e-03
15                                     1.8476866000000001e-03        -1.1626170000000000e-04         2.6085650000000002e-04        -6.1288781000000004e-03         5.5949100000000003e-05         4.8256700000000002e-05         5.3273160000000003e-04        -8.3186459999999996e-04
16                                    -1.1960329999999999e-04        -1.4952740000000000e-03         7.3320217999999996e-03         6.0387100000000003e-05        -4.4403550999999996e-03         7.8757899999999995e-04        -1.9057720000000000e-04        -4.6292600000000001e-04
17                                     3.8702190000000002e-04         1.0882263499999999e-02        -2.6890470199999999e-02        -2.3189010000000001e-04        -6.5703623000000003e-03         3.0926477999999999e-03        -6.7036289999999996e-04         2.1149301000000001e-03
                                                         8                           9                          10                          11                          12                          13                          14                          15

0                                      6.3599294000000004e-03        -2.2042128240000000e-01        -1.2194702570000000e-01        -6.2946571999999996e-03        -1.6658036800000001e-02        -5.1651219999999996e-04        -1.3072426999999999e-03         1.8476866000000001e-03
1                                     -2.4913584000000001e-03        -1.1275713220000000e-01        -1.1611400819999999e-01        -1.8548716999999999e-03        -5.2240079999999996e-04        -2.9735127100000001e-02        -3.3343136699999998e-02        -1.1626170000000000e-04
2                                     -3.7727877999999999e-02        -5.8981427000000001e-03        -1.3260863000000001e-03        -3.7710085400000003e-02        -8.2310520000000004e-04        -2.0893397599999999e-02        -5.9697427599999998e-02         2.6085650000000002e-04
3                                     -1.5279032099999999e-02        -2.4263187000000000e-03        -1.6892494399999999e-02         1.6072712499999999e-02        -4.2071239999999998e-04         2.3343610000000001e-04        -2.1211050000000001e-04        -6.1288781000000004e-03
4                                      1.0914343400000000e-02        -1.2816094000000001e-03        -9.2970410000000007e-03         9.7204617000000004e-03         2.2224730000000001e-04         5.5053309999999996e-03        -5.8865070999999996e-03         5.5949100000000003e-05
5                                      4.1311815000000000e-03        -3.7515899999999998e-05        -1.0940482000000001e-03         4.1156357000000001e-03        -2.3463500000000000e-05        -3.6779990000000002e-04        -1.6653918899999998e-02         4.8256700000000002e-05
6                                     -4.5967854000000001e-03        -2.7617242699999999e-02         1.6635353200000001e-02        -4.4244819999999998e-04         2.0736391000000000e-03        -1.0432141000000000e-03        -2.5824879999999999e-04         5.3273160000000003e-04
7                                      5.7759732000000003e-03        -1.3746039099999999e-02         1.0203710800000000e-02         1.1295029000000000e-03         5.1968609000000001e-03        -6.4937657000000001e-03        -5.9529698999999997e-03        -8.3186459999999996e-04
8                                      4.5790872099999998e-02         5.6522630000000005e-04         1.0714601000000000e-03         1.2047916000000000e-03         1.2791429599999999e-02        -1.5518124700000000e-02        -1.1824478500000001e-02         1.5923220000000000e-04
9                                      5.6522630000000005e-04         2.4816662619999999e-01         1.2727681350000000e-01         4.7616982999999996e-03         1.6918624000000001e-03         3.9727270000000002e-04        -2.1558999999999999e-04         6.0635520000000000e-04
10                                     1.0714601000000000e-03         1.2727681350000000e-01         1.2187116160000000e-01         5.2459126999999999e-03        -5.8289118999999999e-03        -6.1296459999999999e-03        -5.9508360000000001e-03         7.5626529999999999e-04
11                                     1.2047916000000000e-03         4.7616982999999996e-03         5.2459126999999999e-03         4.5778711700000002e-02        -1.3953923999999999e-02        -1.4500850200000000e-02        -1.1811115500000000e-02        -1.4338139999999999e-04
12                                     1.2791429599999999e-02         1.6918624000000001e-03        -5.8289118999999999e-03        -1.3953923999999999e-02         1.2708146999999999e-02         9.3887959999999998e-04         1.9084551999999999e-03         6.0510070000000004e-04
13                                    -1.5518124700000000e-02         3.9727270000000002e-04        -6.1296459999999999e-03        -1.4500850200000000e-02         9.3887959999999998e-04         3.6474895799999997e-02         4.8599087100000000e-02        -9.8621000000000000e-06
14                                    -1.1824478500000001e-02        -2.1558999999999999e-04        -5.9508360000000001e-03        -1.1811115500000000e-02         1.9084551999999999e-03         4.8599087100000000e-02         1.0020415689999999e-01         8.4736799999999998e-05
15                                     1.5923220000000000e-04         6.0635520000000000e-04         7.5626529999999999e-04        -1.4338139999999999e-04         6.0510070000000004e-04        -9.8621000000000000e-06         8.4736799999999998e-05         2.5370040999999999e-03
16                                     2.4770629999999998e-04         1.1069450000000000e-04        -5.3417709999999997e-04         2.5984469999999998e-04        -6.6750999999999998e-06         3.7831190000000003e-04         2.5343626999999999e-03         1.4577410000000000e-04
17                                    -1.5744887000000000e-03         8.2432390000000005e-04         2.0535977000000001e-03        -1.5779380999999999e-03         1.0060810000000000e-04         2.6810853999999999e-03        -2.1721640000000000e-04        -4.0970090000000002e-04
                                                        16                          17

0                                     -1.1960329999999999e-04         3.8702190000000002e-04
1                                     -1.4952740000000000e-03         1.0882263499999999e-02
2                                      7.3320217999999996e-03        -2.6890470199999999e-02
3                                      6.0387100000000003e-05        -2.3189010000000001e-04
4                                     -4.4403550999999996e-03        -6.5703623000000003e-03
5                                      7.8757899999999995e-04         3.0926477999999999e-03
6                                     -1.9057720000000000e-04        -6.7036289999999996e-04
7                                     -4.6292600000000001e-04         2.1149301000000001e-03
8                                      2.4770629999999998e-04        -1.5744887000000000e-03
9                                      1.1069450000000000e-04         8.2432390000000005e-04
10                                    -5.3417709999999997e-04         2.0535977000000001e-03
11                                     2.5984469999999998e-04        -1.5779380999999999e-03
12                                    -6.6750999999999998e-06         1.0060810000000000e-04
13                                     3.7831190000000003e-04         2.6810853999999999e-03
14                                     2.5343626999999999e-03        -2.1721640000000000e-04
15                                     1.4577410000000000e-04        -4.0970090000000002e-04
16                                     6.5544202999999997e-03        -1.1161514399999999e-02
17                                    -1.1161514399999999e-02         2.7167465700000001e-02
   &MODES [&Type "ArrayOfDoubles", &Dim (18,18)] "The modes of vibrations"
                                                         0                           1                           2                           3                           4                           5                           6                           7

0                                      0.0000000000000000e+00         0.0000000000000000e+00         0.0000000000000000e+00         0.0000000000000000e+00         0.0000000000000000e+00         0.0000000000000000e+00         5.4359092636208969e-03         5.7538538625339667e-03
1                                      0.0000000000000000e+00         0.0000000000000000e+00         0.0000000000000000e+00         0.0000000000000000e+00         0.0000000000000000e+00         0.0000000000000000e+00         1.4451631316213823e-01         1.5536759906390188e-01
2                                      0.0000000000000000e+00         0.0000000000000000e+00         0.0000000000000000e+00         0.0000000000000000e+00         0.0000000000000000e+00         0.0000000000000000e+00        -5.8078588383107539e-02        -4.1999127846556947e-02
3                                      0.0000000000000000e+00         0.0000000000000000e+00         0.0000000000000000e+00         0.0000000000000000e+00         0.0000000000000000e+00         0.0000000000000000e+00         6.7740234678995174e-03         7.0196122268342959e-03
4                                      0.0000000000000000e+00         0.0000000000000000e+00         0.0000000000000000e+00         0.0000000000000000e+00         0.0000000000000000e+00         0.0000000000000000e+00         1.7858548909056790e-01         2.0150368368993896e-01
5                                      0.0000000000000000e+00         0.0000000000000000e+00         0.0000000000000000e+00         0.0000000000000000e+00         0.0000000000000000e+00         0.0000000000000000e+00        -1.6790521883701146e-02        -6.0134930866682784e-03
6                                      0.0000000000000000e+00         0.0000000000000000e+00         0.0000000000000000e+00         0.0000000000000000e+00         0.0000000000000000e+00         0.0000000000000000e+00         4.4064086435909259e-03         3.2822850255504734e-03
7                                      0.0000000000000000e+00         0.0000000000000000e+00         0.0000000000000000e+00         0.0000000000000000e+00         0.0000000000000000e+00         0.0000000000000000e+00         1.4605218748786866e-01         1.5290459216032404e-01
8                                      0.0000000000000000e+00         0.0000000000000000e+00         0.0000000000000000e+00         0.0000000000000000e+00         0.0000000000000000e+00         0.0000000000000000e+00        -9.9143839176132384e-02        -9.8807607452477894e-02
9                                      0.0000000000000000e+00         0.0000000000000000e+00         0.0000000000000000e+00         0.0000000000000000e+00         0.0000000000000000e+00         0.0000000000000000e+00         6.5032422908592111e-03         8.5595822604983014e-03
10                                     0.0000000000000000e+00         0.0000000000000000e+00         0.0000000000000000e+00         0.0000000000000000e+00         0.0000000000000000e+00         0.0000000000000000e+00         1.4600488883091570e-01         1.5176418942332270e-01
11                                     0.0000000000000000e+00         0.0000000000000000e+00         0.0000000000000000e+00         0.0000000000000000e+00         0.0000000000000000e+00         0.0000000000000000e+00        -9.9133406486893588e-02        -9.8285947071304475e-02
12                                     0.0000000000000000e+00         0.0000000000000000e+00         0.0000000000000000e+00         0.0000000000000000e+00         0.0000000000000000e+00         0.0000000000000000e+00        -3.2654548364962065e-04        -2.7265872757830485e-04
13                                     0.0000000000000000e+00         0.0000000000000000e+00         0.0000000000000000e+00         0.0000000000000000e+00         0.0000000000000000e+00         0.0000000000000000e+00        -9.2077129027588103e-03        -6.9753565817001475e-03
14                                     0.0000000000000000e+00         0.0000000000000000e+00         0.0000000000000000e+00         0.0000000000000000e+00         0.0000000000000000e+00         0.0000000000000000e+00         2.9789577126999759e-02        -1.6727540036216262e-02
15                                     0.0000000000000000e+00         0.0000000000000000e+00         0.0000000000000000e+00         0.0000000000000000e+00         0.0000000000000000e+00         0.0000000000000000e+00        -2.1937692434878518e-03        -2.8172185262761748e-03
16                                     0.0000000000000000e+00         0.0000000000000000e+00         0.0000000000000000e+00         0.0000000000000000e+00         0.0000000000000000e+00         0.0000000000000000e+00        -5.4833897039844988e-02        -7.8490858360593163e-02
17                                     0.0000000000000000e+00         0.0000000000000000e+00         0.0000000000000000e+00         0.0000000000000000e+00         0.0000000000000000e+00         0.0000000000000000e+00        -1.5085414794502905e-01         1.4906349400737823e-01
                                                         8                           9                          10                          11                          12                          13                          14                          15

0                                     -9.6777754124378154e-02         3.5282646826568778e-03         3.3233943912683609e-03        -9.1936825843247805e-02        -1.1230617477740123e-03         6.1305932797922964e-02         2.6950243369152048e-03        -1.9550461883568594e-03
1                                      3.4608126178559983e-03         9.0637151471725505e-02         8.4273055141805456e-02         3.5817670674302823e-03        -2.7384442131866846e-02        -2.3588721678093690e-03         7.0945757348603367e-02        -5.2047659970239094e-02
2                                     -3.5671632213166595e-05         2.3693287244128883e-01        -2.6733065203572499e-02        -2.7697984936062864e-05        -9.8237730934007561e-02        -3.7837799983029524e-05        -1.5450669716049735e-02         5.5460993977930050e-02
3                                     -5.3026178184292083e-01         2.2178004341285606e-03        -1.9400955943683219e-02         3.3015890927634994e-01         1.5456152819480420e-02        -7.6049071974982274e-01         6.6576710072663485e-03         2.5836968953976067e-02
4                                      1.9849868932225585e-02         5.9711746439786800e-02        -4.8909663912537082e-01        -1.3097458790807226e-02         3.9425983925005065e-01         2.9256298688487458e-02         1.7284129484690952e-01         6.8662306483137270e-01
5                                      5.4820852660975443e-05         2.0829545535052488e-01        -5.9932179394341711e-01        -8.2830193467562470e-04         3.4956375023617270e-01         6.7589292525821151e-04         1.1799932767353688e-01        -6.6762327371961261e-01
6                                      2.2149081383459407e-01        -4.3603236437659643e-03        -4.1357620942446154e-02         1.4962482482573355e-01         7.7962783769204513e-02        -7.6735743311242596e-02        -4.0308946884022417e-01         3.2622179717894655e-02
7                                      4.3268084408793700e-01         7.9232842555665164e-02        -1.9594453722530950e-02         2.7322939593945961e-01         7.3494446680837766e-02        -1.5316542380604031e-01        -5.2820453148045665e-01        -3.7642953718945590e-02
8                                     -2.1561812652717413e-01         1.8056369453420523e-01         3.8246025663266259e-01         5.4136164593031633e-01         5.3202529590785996e-01         3.9317131264968486e-01         3.3982635754169842e-02         1.0013851905032709e-02
9                                      1.8818665219844860e-01         1.0925427915045884e-02         3.9886564349062806e-02         1.2774589732959249e-01        -7.1415613404719039e-02        -6.5448062747685443e-02         3.6175929797379669e-01        -3.5338375631294890e-02
10                                    -4.4878466944706819e-01         7.7938103436261244e-02        -2.1861171133027740e-02        -2.8384971213583965e-01         7.9113988171629221e-02         1.5865910032008809e-01        -5.5734279923756069e-01        -3.5034640580096602e-02
11                                     2.1547667862466027e-01         1.8070611021263516e-01         3.8334487404602574e-01        -5.4068704663838640e-01         5.3252116480039313e-01        -3.9280111545657337e-01         3.3467386740756694e-02         1.0059918000698815e-02
12                                     4.0866150804191557e-03        -4.5814854160110285e-04        -1.6455343757562537e-04         4.3995076489847526e-03        -5.9225180801405887e-05         8.3038215173763261e-04         2.1263772561071387e-05         5.8047676533921358e-06
13                                    -1.4067610916733620e-04        -1.1736280311511273e-02        -4.1846889967104544e-03        -1.7029536889096993e-04        -1.5074702032551420e-03        -3.2543973065528649e-05         5.5569057959042401e-04         1.4984280606769444e-04
14                                     3.0749687581660255e-05        -2.2083861733677709e-02         7.2464029923984745e-04         1.0742843864895081e-06        -1.8559069288321438e-03        -3.1585030226288022e-06         1.3024240590803741e-04         1.8870129034794311e-04
15                                     4.0286090189444769e-02         3.6361168979558161e-04         1.0546003959290069e-04        -3.4969035654302968e-03        -6.1826490853020909e-05         3.5885286937500124e-03        -6.2338241211495565e-06        -2.9492813546796748e-05
16                                    -1.4471014854938722e-03         9.5838188879207985e-03         2.8229313857831128e-03         1.3145569283312883e-04        -1.6333675679759407e-03        -1.3505270105178705e-04        -1.3890630098024938e-04        -6.6994644089057409e-04
17                                    -1.7824841106162212e-04        -3.2502392834338381e-02         3.2276444234876798e-03         1.8490687035968272e-05        -5.2506143356238712e-04        -1.0483997797076847e-05        -9.4129446889502954e-04        -1.9664329176586610e-03
                                                        16                          17

0                                     -1.8897981339364234e-03        -8.7749425700424211e-02
1                                     -6.1058057348617988e-02         3.0405975963030216e-03
2                                     -1.7157526959380058e-04         5.6189985474418344e-05
3                                      5.1343783118140154e-04        -3.6868959685858994e-02
4                                      9.1801834117152554e-03         1.4294934412345675e-03
5                                     -3.2433422863366992e-02        -1.1208086054945306e-04
6                                     -5.7240267172161641e-01         5.2308187050407196e-01
7                                      3.8707594653924410e-01        -4.1356851883308227e-01
8                                      1.8672105187510422e-02        -1.3208226804675618e-02
9                                      5.9467742920481781e-01         5.5902355692087413e-01
10                                     3.3864666627178852e-01         3.7595857469081684e-01
11                                     1.7767866681460173e-02         1.2674785138809307e-02
12                                    -1.9213572381077774e-06        -2.6607390047867256e-05
13                                    -5.4913525405908838e-05         7.1948503543400622e-07
14                                    -4.9913683479162631e-05        -2.9879818936347957e-07
15                                    -1.4904335546306445e-06         1.9667703989206258e-04
16                                    -2.3432224669429587e-05        -7.4758434336838723e-06
17                                     2.2929969464935323e-04         7.2145917065331197e-07
$End
$THERMOCHEMISTRY_Energies
   &GeometryIndex 5
   &temperature [&Type "Double"]       2.9814999999999998e+02
   &pressure [&Type "Double"]       1.0000000000000000e+00
   &totalMass [&Type "Double"]       1.6093299999999999e+02
   &spinDegeneracy [&Type "Integer"] 1
   &elEnergy [&Type "Double"]      -1.2416185883460001e+01
   &transEnergy [&Type "Double"]       1.4162714244859817e-03
   &rotEnergy [&Type "Double"]       1.4162714244859817e-03
   &vibEnergy [&Type "Double"]       1.9956467007133318e-03
   &numOfFreqs [&Type "Integer"] 18
   &freqScalingFactor [&Type "Double"]       1.0000000000000000e+00
   &FREQ [&Type "ArrayOfDoubles", &Units "cm^-1", &Dim (18,1)] 
                                                         0

0                                      0.0000000000000000e+00
1                                      0.0000000000000000e+00
2                                      0.0000000000000000e+00
3                                      0.0000000000000000e+00
4                                      0.0000000000000000e+00
5                                      0.0000000000000000e+00
6                                      7.9371968774232073e+01
7                                      2.6171520401083586e+02
8                                      3.0213005652891468e+02
9                                      5.2247579921038255e+02
10                                     8.8408192020498450e+02
11                                     9.6099421007870637e+02
12                                     1.3026362840790498e+03
13                                     1.4020453366106474e+03
14                                     1.4412795654019728e+03
15                                     2.5118979559958721e+03
16                                     3.0320928669325717e+03
17                                     3.0391199215358583e+03
   &zpe [&Type "Double"]       3.5857996463852716e-02
   &innerEnergyU [&Type "Double"]      -1.2375499697446465e+01
   &enthalpyH [&Type "Double"]      -1.2374555488404205e+01
   &qEl [&Type "Double"]       0.0000000000000000e+00
   &qRot [&Type "Double"]       1.2427078960969049e-02
   &qVib [&Type "Double"]       3.4712778440762048e-03
   &qTrans [&Type "Double"]       1.9545129475932437e-02
   &entropyS [&Type "Double"]       3.5443486280977696e-02
   &freeEnergyG [&Type "Double"]      -1.2409998974685182e+01
   &isLinear [&Type "Boolean"] false
$End
$Calculation_Info
   &GeometryIndex 5
   &Mult [&Type "Integer"] 1
   &Charge [&Type "Integer"] -1
   &NumOfAtoms [&Type "Integer"] 6
   &NumOfElectrons [&Type "Integer"] 0
   &NumOfBasisFuncts [&Type "Integer"] 0
   &NumOfAuxCBasisFuncts [&Type "Integer"] 0
   &NumOfAuxJBasisFuncts [&Type "Integer"] 0
   &NumOfAuxJKBasisFuncts [&Type "Integer"] 0
   &NumOfCABSBasisFuncts [&Type "Integer"] 0
$End
$Calculation_Timings
   &GeometryIndex 5
   &GSTEP [&Type "Double"]       1.0711999999999888e-02
   &XTB [&Type "Double"]       5.9377300000000011e-01
   &XTBGRAD [&Type "Double"]       1.5779999999999683e-03
   &SUM [&Type "Double"]       6.0606299999999991e-01
$End
