
$orca_hessian_file

$act_atom
  0

$act_coord
  0

$act_energy
      -12.467186

$multiplicity
  1

$hessian
18
                    0                  1                  2                  3                  4        
    0      5.1588060510E-01   4.7090000000E-07  -2.4349000000E-06  -4.3562010000E-02  -1.4726100000E-04
    1      4.7090000000E-07   5.1636345080E-01  -2.9414878000E-03  -1.4726220000E-04  -2.7176868700E-01
    2     -2.4349000000E-06  -2.9414878000E-03   4.1215327360E-01  -4.0101600000E-05  -6.2192064200E-02
    3     -4.3562010000E-02  -1.4726220000E-04  -4.0101600000E-05   4.4954149800E-02   1.6870260000E-04
    4     -1.4726100000E-04  -2.7176868700E-01  -6.2192064200E-02   1.6870260000E-04   3.0636035550E-01
    5     -3.8261600000E-05  -5.9344363000E-02  -5.5563009600E-02   5.0101500000E-05   7.7593500000E-02
    6     -2.1191754120E-01   9.5980464000E-02  -6.1308498500E-02  -1.4623081000E-03   1.9670690000E-03
    7      9.6101680100E-02  -9.8261277100E-02   3.5135958400E-02   2.6982681300E-02  -1.8097927600E-02
    8     -5.8972304800E-02   3.3685282200E-02  -6.0534772500E-02   5.3679793000E-03  -2.8540930000E-03
    9     -2.1216334200E-01  -9.5833607600E-02   6.1355148300E-02  -1.4996756000E-03  -1.9884436000E-03
   10     -9.5954828300E-02  -9.8014395900E-02   3.5057991600E-02  -2.7003969300E-02  -1.8060609400E-02
   11      5.9017083200E-02   3.3610309800E-02  -6.0536014800E-02  -5.3716089000E-03  -2.8471561000E-03
   12     -1.4613315000E-03   4.5400000000E-08  -2.9500000000E-08  -2.8587550000E-04   4.8580000000E-07
   13      4.8300000000E-08  -1.4001780000E-03  -6.7368500000E-05   5.0610000000E-07   4.9752930000E-04
   14     -6.4700000000E-08  -1.9901650000E-04   2.9682600000E-05  -6.5650000000E-07  -1.0087010000E-03
   15     -4.6776380400E-02  -1.1060000000E-07  -4.0839000000E-06   1.8557194000E-03  -5.5290000000E-07
   16     -1.1010000000E-07  -4.6918912800E-02  -4.9930296000E-03  -6.5850000000E-07   1.0693393000E-03
   17     -4.0173000000E-06  -4.8107248000E-03  -2.3554915930E-01  -5.7138000000E-06  -8.6914857000E-03
                    5                  6                  7                  8                  9        
    0     -3.8261600000E-05  -2.1191754120E-01   9.6101680100E-02  -5.8972304800E-02  -2.1216334200E-01
    1     -5.9344363000E-02   9.5980464000E-02  -9.8261277100E-02   3.3685282200E-02  -9.5833607600E-02
    2     -5.5563009600E-02  -6.1308498500E-02   3.5135958400E-02  -6.0534772500E-02   6.1355148300E-02
    3      5.0101500000E-05  -1.4623081000E-03   2.6982681300E-02   5.3679793000E-03  -1.4996756000E-03
    4      7.7593500000E-02   1.9670690000E-03  -1.8097927600E-02  -2.8540930000E-03  -1.9884436000E-03
    5      7.6392190600E-02   3.7496500000E-05   7.5073341000E-03   3.6963363000E-03  -2.7787200000E-05
    6      3.7496500000E-05   2.3757706630E-01  -1.0956235810E-01   7.5207294100E-02  -2.6578926900E-02
    7      7.5073341000E-03  -1.0956235810E-01   1.0743864710E-01  -4.2588947100E-02  -1.2251727600E-02
    8      3.6963363000E-03   7.5207294100E-02  -4.2588947100E-02   8.2808037400E-02   6.3041515000E-03
    9     -2.7787200000E-05  -2.6578926900E-02  -1.2251727600E-02   6.3041515000E-03   2.3785734460E-01
   10      7.5076490000E-03   1.2294406000E-02   6.6452226000E-03  -3.6111887000E-03   1.0939419950E-01
   11      3.6963883000E-03  -6.3084841000E-03  -3.6029594000E-03   3.9985835000E-03  -7.5263567300E-02
   12      1.2530000000E-07   2.6731170000E-04  -3.3889550000E-04   2.2354570000E-04   2.6820710000E-04
   13      2.0350650000E-04  -3.2943600000E-04  -1.4395800000E-04  -1.2470240000E-04   3.2890200000E-04
   14     -1.2400679000E-03  -9.5594600000E-04   5.2443920000E-04  -1.6425201000E-03   9.5656290000E-04
   15     -2.1674400000E-05   2.1143982000E-03  -9.3138020000E-04  -2.8130665700E-02   2.1163928000E-03
   16     -3.3467626600E-02  -3.5014510000E-04   2.4192930000E-03   1.5493649100E-02   3.5067720000E-04
   17     -2.6981837700E-02  -6.6718619000E-03   3.0241748000E-03  -2.8325664500E-02   6.6754918000E-03
                   10                 11                 12                 13                 14        
    0     -9.5954828300E-02   5.9017083200E-02  -1.4613315000E-03   4.8300000000E-08  -6.4700000000E-08
    1     -9.8014395900E-02   3.3610309800E-02   4.5400000000E-08  -1.4001780000E-03  -1.9901650000E-04
    2      3.5057991600E-02  -6.0536014800E-02  -2.9500000000E-08  -6.7368500000E-05   2.9682600000E-05
    3     -2.7003969300E-02  -5.3716089000E-03  -2.8587550000E-04   5.0610000000E-07  -6.5650000000E-07
    4     -1.8060609400E-02  -2.8471561000E-03   4.8580000000E-07   4.9752930000E-04  -1.0087010000E-03
    5      7.5076490000E-03   3.6963883000E-03   1.2530000000E-07   2.0350650000E-04  -1.2400679000E-03
    6      1.2294406000E-02  -6.3084841000E-03   2.6731170000E-04  -3.2943600000E-04  -9.5594600000E-04
    7      6.6452226000E-03  -3.6029594000E-03  -3.3889550000E-04  -1.4395800000E-04   5.2443920000E-04
    8     -3.6111887000E-03   3.9985835000E-03   2.2354570000E-04  -1.2470240000E-04  -1.6425201000E-03
    9      1.0939419950E-01  -7.5263567300E-02   2.6820710000E-04   3.2890200000E-04   9.5656290000E-04
   10      1.0715693080E-01  -4.2493217000E-02   3.3838410000E-04  -1.4480950000E-04   5.2318820000E-04
   11     -4.2493217000E-02   8.2809489100E-02  -2.2373130000E-04  -1.2441720000E-04  -1.6424324000E-03
   12      3.3838410000E-04  -2.2373130000E-04   4.1273810000E-04  -7.2000000000E-09   1.4200000000E-07
   13     -1.4480950000E-04  -1.2441720000E-04  -7.2000000000E-09   4.0346200000E-04   1.1650200000E-04
   14      5.2318820000E-04  -1.6424324000E-03   1.4200000000E-07   1.1650200000E-04   9.2838850000E-03
   15      9.3180790000E-04   2.8150308300E-02   7.9895000000E-04  -1.3300000000E-08  -3.7700000000E-08
   16      2.4176615000E-03   1.5457439800E-02  -1.2700000000E-08   7.8795420000E-04   4.3588000000E-05
   17      3.0155768000E-03  -2.8326013700E-02  -5.2200000000E-08  -3.5204000000E-06  -4.7885472000E-03
                   15                 16                 17        
     0     -4.6776380400E-02  -1.1010000000E-07  -4.0173000000E-06
     1     -1.1060000000E-07  -4.6918912800E-02  -4.8107248000E-03
     2     -4.0839000000E-06  -4.9930296000E-03  -2.3554915930E-01
     3      1.8557194000E-03  -6.5850000000E-07  -5.7138000000E-06
     4     -5.5290000000E-07   1.0693393000E-03  -8.6914857000E-03
     5     -2.1674400000E-05  -3.3467626600E-02  -2.6981837700E-02
     6      2.1143982000E-03  -3.5014510000E-04  -6.6718619000E-03
     7     -9.3138020000E-04   2.4192930000E-03   3.0241748000E-03
     8     -2.8130665700E-02   1.5493649100E-02  -2.8325664500E-02
     9      2.1163928000E-03   3.5067720000E-04   6.6754918000E-03
    10      9.3180790000E-04   2.4176615000E-03   3.0155768000E-03
    11      2.8150308300E-02   1.5457439800E-02  -2.8326013700E-02
    12      7.9895000000E-04  -1.2700000000E-08  -5.2200000000E-08
    13     -1.3300000000E-08   7.8795420000E-04  -3.5204000000E-06
    14     -3.7700000000E-08   4.3588000000E-05  -4.7885472000E-03
    15      3.9890920000E-02   2.4910000000E-07   6.1534000000E-06
    16      2.4910000000E-07   4.0224664800E-02   7.4659792000E-03
    17      6.1534000000E-06   7.4659792000E-03   3.2397122250E-01

$vibrational_frequencies
18
    0        0.0000000000000000
    1        0.0000000000000000
    2        0.0000000000000000
    3        0.0000000000000000
    4        0.0000000000000000
    5        0.0000000000000000
    6       93.6134187296392497
    7       99.6696143456707659
    8       99.9589050260475460
    9     1001.4830837784459163
   10     1105.5313920212470293
   11     1106.9859008161081420
   12     1386.1551417257562662
   13     1450.9105686570935632
   14     1451.9373713998495532
   15     3037.5721143850341832
   16     3044.8770170701022835
   17     3045.1232445377049771

$normal_modes
18 18
                    0                  1                  2                  3                  4        
    0      0.0000000000E+00   0.0000000000E+00   0.0000000000E+00   0.0000000000E+00   0.0000000000E+00
    1      0.0000000000E+00   0.0000000000E+00   0.0000000000E+00   0.0000000000E+00   0.0000000000E+00
    2      0.0000000000E+00   0.0000000000E+00   0.0000000000E+00   0.0000000000E+00   0.0000000000E+00
    3      0.0000000000E+00   0.0000000000E+00   0.0000000000E+00   0.0000000000E+00   0.0000000000E+00
    4      0.0000000000E+00   0.0000000000E+00   0.0000000000E+00   0.0000000000E+00   0.0000000000E+00
    5      0.0000000000E+00   0.0000000000E+00   0.0000000000E+00   0.0000000000E+00   0.0000000000E+00
    6      0.0000000000E+00   0.0000000000E+00   0.0000000000E+00   0.0000000000E+00   0.0000000000E+00
    7      0.0000000000E+00   0.0000000000E+00   0.0000000000E+00   0.0000000000E+00   0.0000000000E+00
    8      0.0000000000E+00   0.0000000000E+00   0.0000000000E+00   0.0000000000E+00   0.0000000000E+00
    9      0.0000000000E+00   0.0000000000E+00   0.0000000000E+00   0.0000000000E+00   0.0000000000E+00
   10      0.0000000000E+00   0.0000000000E+00   0.0000000000E+00   0.0000000000E+00   0.0000000000E+00
   11      0.0000000000E+00   0.0000000000E+00   0.0000000000E+00   0.0000000000E+00   0.0000000000E+00
   12      0.0000000000E+00   0.0000000000E+00   0.0000000000E+00   0.0000000000E+00   0.0000000000E+00
   13      0.0000000000E+00   0.0000000000E+00   0.0000000000E+00   0.0000000000E+00   0.0000000000E+00
   14      0.0000000000E+00   0.0000000000E+00   0.0000000000E+00   0.0000000000E+00   0.0000000000E+00
   15      0.0000000000E+00   0.0000000000E+00   0.0000000000E+00   0.0000000000E+00   0.0000000000E+00
   16      0.0000000000E+00   0.0000000000E+00   0.0000000000E+00   0.0000000000E+00   0.0000000000E+00
   17      0.0000000000E+00   0.0000000000E+00   0.0000000000E+00   0.0000000000E+00   0.0000000000E+00
                    5                  6                  7                  8                  9        
    0      0.0000000000E+00   1.2154266507E-04   3.2860866398E-01  -4.4479165689E-04  -1.2419832968E-05
    1      0.0000000000E+00   2.3572838733E-01   3.0005691283E-04   3.1400079551E-01  -1.5482724239E-02
    2      0.0000000000E+00  -3.1470181546E-01   2.0826705697E-04   1.4005208151E-01  -5.6451605793E-01
    3      0.0000000000E+00   1.6162478198E-04   3.9336063504E-01  -5.1214346082E-04  -1.7570617364E-05
    4      0.0000000000E+00   3.2269587112E-01   4.4585976461E-04   4.2911076224E-01  -2.3588198256E-02
    5      0.0000000000E+00  -5.8918077822E-01  -3.9975863288E-04  -2.3317390746E-01  -4.0925282102E-01
    6      0.0000000000E+00  -2.0962776210E-03   4.8762673857E-01  -3.4279388138E-03  -1.0737562077E-02
    7      0.0000000000E+00   3.2979559146E-01   4.0353103105E-02   4.3835545357E-01  -3.6420396111E-03
    8      0.0000000000E+00  -1.7217300806E-01  -3.3359292314E-01   3.1827334690E-01  -4.0889643382E-01
    9      0.0000000000E+00   2.4434934227E-03   4.8758776309E-01   2.0852602361E-03   1.0727567329E-02
   10      0.0000000000E+00   3.2978400213E-01  -3.9552192256E-02   4.3848888940E-01  -3.6548407433E-03
   11      0.0000000000E+00  -1.7223011806E-01   3.3458737900E-01   3.1695701723E-01  -4.0889950769E-01
   12      0.0000000000E+00  -4.6530139160E-06  -1.3908755918E-02   1.8596880977E-05   8.4897437073E-08
   13      0.0000000000E+00  -9.9447459825E-03  -1.2728020193E-05  -1.3305241192E-02   1.7082610328E-05
   14      0.0000000000E+00   8.2661689563E-02  -5.9079546225E-05  -3.9319726241E-02  -2.9896573573E-05
   15      0.0000000000E+00  -7.2759911181E-05  -1.8746295794E-01   2.5540104273E-04   8.7476059571E-06
   16      0.0000000000E+00  -1.3472360582E-01  -1.7083601411E-04  -1.7893626664E-01   1.1313158060E-02
   17      0.0000000000E+00  -3.0365471757E-01   2.3140562099E-04   1.5276528059E-01   4.2220556898E-01
                   10                 11                 12                 13                 14        
    0     -1.3499933042E-01  -9.2421383307E-05  -2.4611317271E-06  -6.4442065503E-02   5.3599390062E-05
    1      9.2601676122E-05  -1.3487719558E-01  -2.8112377414E-03   5.3597803345E-05   6.4394735192E-02
    2      1.7953893080E-07   3.6353273155E-03  -1.1279041303E-01   2.6347041126E-07  -1.8125625656E-03
    3      2.6839993533E-01   8.9601098958E-05  -1.1165686911E-04   7.3603855982E-01  -6.4138520989E-05
    4     -1.7817102282E-04   1.2543835176E-01  -1.8209287621E-01  -4.5120832044E-04   1.1765490902E-01
    5      3.0144498004E-05  -7.5062990758E-01   5.4554879146E-01  -6.6964140198E-05  -3.2712244550E-01
    6      1.7627944572E-01   5.2999903305E-02  -1.6951151578E-01   8.9353888823E-02  -3.7460063546E-01
    7      3.6197585675E-02   2.4676921273E-01   1.1241009373E-01   3.8086962501E-01  -5.1595806581E-01
    8     -6.4894173009E-01   3.6905981735E-01   5.3552631205E-01   2.7185064932E-01   1.7607182617E-01
    9      1.7624405624E-01  -5.2665527567E-02   1.6966060200E-01   8.9001380910E-02   3.7390374826E-01
   10     -3.6445413655E-02   2.4683702844E-01   1.1219151955E-01  -3.8117932874E-01  -5.1629469925E-01
   11      6.4890917493E-01   3.6911515604E-01   5.3552257111E-01  -2.7178753965E-01   1.7617018939E-01
   12     -9.8798436037E-06   1.7874862010E-09  -6.4339540375E-09  -2.0881359385E-05   2.9251450174E-08
   13     -5.0764602984E-09  -9.9200000832E-06  -2.4479768537E-06   1.8257060835E-08   2.5630768056E-05
   14      9.2298328556E-09  -3.6542340133E-05  -1.8980584749E-04  -4.6026175274E-09  -1.2710907053E-05
   15      5.2470780350E-02   3.5923663127E-05  -3.8697012793E-07  -7.6347766569E-03   6.2964334291E-06
   16     -3.5908386892E-05   5.2493520078E-02  -4.6175293157E-04   6.3648445302E-06   7.6438009279E-03
   17     -4.7255186126E-08  -1.3934161362E-03  -1.3197096698E-02   6.8682387485E-08  -1.0194881248E-04
                   15                 16                 17        
     0     -3.8001650363E-06   8.9766979970E-02   1.2984485909E-04
     1     -3.9315100216E-03  -1.2983668216E-04   8.9692294632E-02
     2     -3.7303665990E-02   2.0916887481E-06  -3.7206335331E-03
     3      3.7181245644E-04   4.5253799370E-02  -4.5056084522E-04
     4      5.8149998828E-01   5.8463386912E-04  -7.5505330930E-01
     5      1.6260140828E-01   1.9048928185E-04  -2.3487165014E-01
     6      4.6525447809E-01  -5.6506029018E-01   3.6880380816E-01
     7     -2.6660676367E-01   3.4746612825E-01  -1.6447512995E-01
     8      1.7166710642E-01  -2.3535334382E-01   1.4066431895E-01
     9     -4.6557980212E-01  -5.6492228887E-01  -3.6992226760E-01
    10     -2.6600507735E-01  -3.4648126722E-01  -1.6455687741E-01
    11      1.7166631022E-01   2.3513664993E-01   1.4104589759E-01
    12     -4.4948213139E-09  -1.7659123119E-05  -2.6476926262E-08
    13      1.3069138064E-06   1.7386283769E-08  -1.7487380920E-05
    14     -5.6606820248E-05   6.1639163731E-09  -6.8750619662E-06
    15     -3.4012134381E-08   9.1885231187E-04   1.3351807918E-06
    16     -1.1705089596E-04  -1.3048101490E-06   9.3078203001E-04
    17     -2.8815962641E-03   2.6780332971E-08  -8.6972323268E-05

#
# The atoms: label  mass x y z (in bohrs)
#
$atoms
6
 C     12.01100     -0.000018759207     0.032997832039    -4.761609021528
 H      1.00800      0.001237079703     1.998044192152    -4.165861904355
 H      1.00800      1.686042387271    -0.926182176938    -4.088051509330
 H      1.00800     -1.687300634301    -0.924029770256    -4.088046915759
 I    126.90000      0.000011689250     0.000932344750     1.651903613086
 F     18.99800     -0.000065096975    -0.034933488383    -7.368890753289

$actual_temperature
  0.000000

$frequency_scale_factor
  1.000000


$end

