
$orca_hessian_file

$act_atom
  0

$act_coord
  0

$act_energy
      -12.416186

$multiplicity
  1

$hessian
18
                    0                  1                  2                  3                  4        
    0      4.7637220580E-01  -3.0509567000E-03  -2.6622898000E-03  -3.9164260000E-02  -2.8576609000E-03
    1     -3.0509567000E-03   3.9735509220E-01  -6.6748009800E-02  -2.8575798000E-03  -1.1548440310E-01
    2     -2.6622898000E-03  -6.6748009800E-02   2.8555704920E-01   3.1189168000E-03   8.3583815500E-02
    3     -3.9164260000E-02  -2.8575798000E-03   3.1189168000E-03   4.9247550500E-02   3.1948788000E-03
    4     -2.8576609000E-03  -1.1548440310E-01   8.3583815500E-02   3.1948788000E-03   1.3435312300E-01
    5      3.5172384000E-03   9.3555113100E-02  -1.2353118800E-01  -3.4685967000E-03  -9.1761751300E-02
    6     -2.0197631320E-01   1.1930433110E-01   6.0037644000E-03  -1.1073814000E-03   6.6619510000E-04
    7      1.2849175870E-01  -1.3452627970E-01  -1.9483436000E-03   1.6261372200E-02  -1.0636654800E-02
    8      6.3599294000E-03  -2.4913584000E-03  -3.7727878000E-02  -1.5279032100E-02   1.0914343400E-02
    9     -2.2042128240E-01  -1.1275713220E-01  -5.8981427000E-03  -2.4263187000E-03  -1.2816094000E-03
   10     -1.2194702570E-01  -1.1611400820E-01  -1.3260863000E-03  -1.6892494400E-02  -9.2970410000E-03
   11     -6.2946572000E-03  -1.8548717000E-03  -3.7710085400E-02   1.6072712500E-02   9.7204617000E-03
   12     -1.6658036800E-02  -5.2240080000E-04  -8.2310520000E-04  -4.2071240000E-04   2.2224730000E-04
   13     -5.1651220000E-04  -2.9735127100E-02  -2.0893397600E-02   2.3343610000E-04   5.5053310000E-03
   14     -1.3072427000E-03  -3.3343136700E-02  -5.9697427600E-02  -2.1211050000E-04  -5.8865071000E-03
   15      1.8476866000E-03  -1.1626170000E-04   2.6085650000E-04  -6.1288781000E-03   5.5949100000E-05
   16     -1.1960330000E-04  -1.4952740000E-03   7.3320218000E-03   6.0387100000E-05  -4.4403551000E-03
   17      3.8702190000E-04   1.0882263500E-02  -2.6890470200E-02  -2.3189010000E-04  -6.5703623000E-03
                    5                  6                  7                  8                  9        
    0      3.5172384000E-03  -2.0197631320E-01   1.2849175870E-01   6.3599294000E-03  -2.2042128240E-01
    1      9.3555113100E-02   1.1930433110E-01  -1.3452627970E-01  -2.4913584000E-03  -1.1275713220E-01
    2     -1.2353118800E-01   6.0037644000E-03  -1.9483436000E-03  -3.7727878000E-02  -5.8981427000E-03
    3     -3.4685967000E-03  -1.1073814000E-03   1.6261372200E-02  -1.5279032100E-02  -2.4263187000E-03
    4     -9.1761751300E-02   6.6619510000E-04  -1.0636654800E-02   1.0914343400E-02  -1.2816094000E-03
    5      1.2884564180E-01  -3.5919100000E-05  -1.1190927000E-03   4.1311815000E-03  -3.7515900000E-05
    6     -3.5919100000E-05   2.2809456660E-01  -1.3537208810E-01  -4.5967854000E-03  -2.7617242700E-02
    7     -1.1190927000E-03  -1.3537208810E-01   1.4191591540E-01   5.7759732000E-03  -1.3746039100E-02
    8      4.1311815000E-03  -4.5967854000E-03   5.7759732000E-03   4.5790872100E-02   5.6522630000E-04
    9     -3.7515900000E-05  -2.7617242700E-02  -1.3746039100E-02   5.6522630000E-04   2.4816662620E-01
   10     -1.0940482000E-03   1.6635353200E-02   1.0203710800E-02   1.0714601000E-03   1.2727681350E-01
   11      4.1156357000E-03  -4.4244820000E-04   1.1295029000E-03   1.2047916000E-03   4.7616983000E-03
   12     -2.3463500000E-05   2.0736391000E-03   5.1968609000E-03   1.2791429600E-02   1.6918624000E-03
   13     -3.6779990000E-04  -1.0432141000E-03  -6.4937657000E-03  -1.5518124700E-02   3.9727270000E-04
   14     -1.6653918900E-02  -2.5824880000E-04  -5.9529699000E-03  -1.1824478500E-02  -2.1559000000E-04
   15      4.8256700000E-05   5.3273160000E-04  -8.3186460000E-04   1.5923220000E-04   6.0635520000E-04
   16      7.8757900000E-04  -1.9057720000E-04  -4.6292600000E-04   2.4770630000E-04   1.1069450000E-04
   17      3.0926478000E-03  -6.7036290000E-04   2.1149301000E-03  -1.5744887000E-03   8.2432390000E-04
                   10                 11                 12                 13                 14        
    0     -1.2194702570E-01  -6.2946572000E-03  -1.6658036800E-02  -5.1651220000E-04  -1.3072427000E-03
    1     -1.1611400820E-01  -1.8548717000E-03  -5.2240080000E-04  -2.9735127100E-02  -3.3343136700E-02
    2     -1.3260863000E-03  -3.7710085400E-02  -8.2310520000E-04  -2.0893397600E-02  -5.9697427600E-02
    3     -1.6892494400E-02   1.6072712500E-02  -4.2071240000E-04   2.3343610000E-04  -2.1211050000E-04
    4     -9.2970410000E-03   9.7204617000E-03   2.2224730000E-04   5.5053310000E-03  -5.8865071000E-03
    5     -1.0940482000E-03   4.1156357000E-03  -2.3463500000E-05  -3.6779990000E-04  -1.6653918900E-02
    6      1.6635353200E-02  -4.4244820000E-04   2.0736391000E-03  -1.0432141000E-03  -2.5824880000E-04
    7      1.0203710800E-02   1.1295029000E-03   5.1968609000E-03  -6.4937657000E-03  -5.9529699000E-03
    8      1.0714601000E-03   1.2047916000E-03   1.2791429600E-02  -1.5518124700E-02  -1.1824478500E-02
    9      1.2727681350E-01   4.7616983000E-03   1.6918624000E-03   3.9727270000E-04  -2.1559000000E-04
   10      1.2187116160E-01   5.2459127000E-03  -5.8289119000E-03  -6.1296460000E-03  -5.9508360000E-03
   11      5.2459127000E-03   4.5778711700E-02  -1.3953924000E-02  -1.4500850200E-02  -1.1811115500E-02
   12     -5.8289119000E-03  -1.3953924000E-02   1.2708147000E-02   9.3887960000E-04   1.9084552000E-03
   13     -6.1296460000E-03  -1.4500850200E-02   9.3887960000E-04   3.6474895800E-02   4.8599087100E-02
   14     -5.9508360000E-03  -1.1811115500E-02   1.9084552000E-03   4.8599087100E-02   1.0020415690E-01
   15      7.5626530000E-04  -1.4338140000E-04   6.0510070000E-04  -9.8621000000E-06   8.4736800000E-05
   16     -5.3417710000E-04   2.5984470000E-04  -6.6751000000E-06   3.7831190000E-04   2.5343627000E-03
   17      2.0535977000E-03  -1.5779381000E-03   1.0060810000E-04   2.6810854000E-03  -2.1721640000E-04
                   15                 16                 17        
     0      1.8476866000E-03  -1.1960330000E-04   3.8702190000E-04
     1     -1.1626170000E-04  -1.4952740000E-03   1.0882263500E-02
     2      2.6085650000E-04   7.3320218000E-03  -2.6890470200E-02
     3     -6.1288781000E-03   6.0387100000E-05  -2.3189010000E-04
     4      5.5949100000E-05  -4.4403551000E-03  -6.5703623000E-03
     5      4.8256700000E-05   7.8757900000E-04   3.0926478000E-03
     6      5.3273160000E-04  -1.9057720000E-04  -6.7036290000E-04
     7     -8.3186460000E-04  -4.6292600000E-04   2.1149301000E-03
     8      1.5923220000E-04   2.4770630000E-04  -1.5744887000E-03
     9      6.0635520000E-04   1.1069450000E-04   8.2432390000E-04
    10      7.5626530000E-04  -5.3417710000E-04   2.0535977000E-03
    11     -1.4338140000E-04   2.5984470000E-04  -1.5779381000E-03
    12      6.0510070000E-04  -6.6751000000E-06   1.0060810000E-04
    13     -9.8621000000E-06   3.7831190000E-04   2.6810854000E-03
    14      8.4736800000E-05   2.5343627000E-03  -2.1721640000E-04
    15      2.5370041000E-03   1.4577410000E-04  -4.0970090000E-04
    16      1.4577410000E-04   6.5544203000E-03  -1.1161514400E-02
    17     -4.0970090000E-04  -1.1161514400E-02   2.7167465700E-02

$vibrational_frequencies
18
    0        0.0000000000000000
    1        0.0000000000000000
    2        0.0000000000000000
    3        0.0000000000000000
    4        0.0000000000000000
    5        0.0000000000000000
    6       79.3719687742320730
    7      261.7152040108358619
    8      302.1300565289146789
    9      522.4757992103825472
   10      884.0819202049844989
   11      960.9942100787063737
   12     1302.6362840790498012
   13     1402.0453366106473823
   14     1441.2795654019728318
   15     2511.8979559958720529
   16     3032.0928669325717237
   17     3039.1199215358583388

$normal_modes
18 18
                    0                  1                  2                  3                  4        
    0      0.0000000000E+00   0.0000000000E+00   0.0000000000E+00   0.0000000000E+00   0.0000000000E+00
    1      0.0000000000E+00   0.0000000000E+00   0.0000000000E+00   0.0000000000E+00   0.0000000000E+00
    2      0.0000000000E+00   0.0000000000E+00   0.0000000000E+00   0.0000000000E+00   0.0000000000E+00
    3      0.0000000000E+00   0.0000000000E+00   0.0000000000E+00   0.0000000000E+00   0.0000000000E+00
    4      0.0000000000E+00   0.0000000000E+00   0.0000000000E+00   0.0000000000E+00   0.0000000000E+00
    5      0.0000000000E+00   0.0000000000E+00   0.0000000000E+00   0.0000000000E+00   0.0000000000E+00
    6      0.0000000000E+00   0.0000000000E+00   0.0000000000E+00   0.0000000000E+00   0.0000000000E+00
    7      0.0000000000E+00   0.0000000000E+00   0.0000000000E+00   0.0000000000E+00   0.0000000000E+00
    8      0.0000000000E+00   0.0000000000E+00   0.0000000000E+00   0.0000000000E+00   0.0000000000E+00
    9      0.0000000000E+00   0.0000000000E+00   0.0000000000E+00   0.0000000000E+00   0.0000000000E+00
   10      0.0000000000E+00   0.0000000000E+00   0.0000000000E+00   0.0000000000E+00   0.0000000000E+00
   11      0.0000000000E+00   0.0000000000E+00   0.0000000000E+00   0.0000000000E+00   0.0000000000E+00
   12      0.0000000000E+00   0.0000000000E+00   0.0000000000E+00   0.0000000000E+00   0.0000000000E+00
   13      0.0000000000E+00   0.0000000000E+00   0.0000000000E+00   0.0000000000E+00   0.0000000000E+00
   14      0.0000000000E+00   0.0000000000E+00   0.0000000000E+00   0.0000000000E+00   0.0000000000E+00
   15      0.0000000000E+00   0.0000000000E+00   0.0000000000E+00   0.0000000000E+00   0.0000000000E+00
   16      0.0000000000E+00   0.0000000000E+00   0.0000000000E+00   0.0000000000E+00   0.0000000000E+00
   17      0.0000000000E+00   0.0000000000E+00   0.0000000000E+00   0.0000000000E+00   0.0000000000E+00
                    5                  6                  7                  8                  9        
    0      0.0000000000E+00   1.4245151706E-02   1.4328247210E-02  -1.0444284991E-01   8.0764614154E-03
    1      0.0000000000E+00   3.7871434292E-01   3.8689640387E-01   3.7349196218E-03   2.0747521020E-01
    2      0.0000000000E+00  -1.5219869616E-01  -1.0458623051E-01  -3.8496935201E-05   5.4235704360E-01
    3      0.0000000000E+00   1.7751766499E-02   1.7480238759E-02  -5.7226014592E-01   5.0767108606E-03
    4      0.0000000000E+00   4.6799482132E-01   5.0178448438E-01   2.1422039605E-02   1.3668464799E-01
    5      0.0000000000E+00  -4.4000648255E-02  -1.4974800820E-02   5.9162832807E-05   4.7680385670E-01
    6      0.0000000000E+00   1.1547278765E-02   8.1735463539E-03   2.3903356754E-01  -9.9811065311E-03
    7      0.0000000000E+00   3.8273920090E-01   3.8076302394E-01   4.6695049776E-01   1.8136989520E-01
    8      0.0000000000E+00  -2.5981284110E-01  -2.4605070960E-01  -2.3269574533E-01   4.1332378466E-01
    9      0.0000000000E+00   1.7042166916E-02   2.1315072223E-02   2.0309161387E-01   2.5009120613E-02
   10      0.0000000000E+00   3.8261525171E-01   3.7792319298E-01  -4.8432979562E-01   1.7840614064E-01
   11      0.0000000000E+00  -2.5978550157E-01  -2.4475167089E-01   2.3254309432E-01   4.1364978479E-01
   12      0.0000000000E+00  -8.5573355401E-04  -6.7897477864E-04   4.4102875642E-03  -1.0487362348E-03
   13      0.0000000000E+00  -2.4129407023E-02  -1.7370033349E-02  -1.5181808970E-04  -2.6865222318E-02
   14      0.0000000000E+00   7.8065513026E-02  -4.1654921132E-02   3.3185157416E-05  -5.0551609144E-02
   15      0.0000000000E+00  -5.7489141495E-03  -7.0154377315E-03   4.3476872442E-02   8.3233431927E-04
   16      0.0000000000E+00  -1.4369577270E-01  -1.9545793987E-01  -1.5617163741E-03   2.1938077333E-02
   17      0.0000000000E+00  -3.9532304877E-01   3.7119792110E-01  -1.9236623346E-04  -7.4400405085E-02
                   10                 11                 12                 13                 14        
    0      3.4953386042E-03  -9.7070738243E-02  -1.1987188475E-03   6.2876700151E-02   2.7880529256E-03
    1      8.8633134758E-02   3.7817791757E-03  -2.9229244944E-02  -2.4193106804E-03   7.3394708769E-02
    2     -2.8116167934E-02  -2.9244688632E-05  -1.0485569457E-01  -3.8807271912E-05  -1.5984005901E-02
    3     -2.0404713460E-02   3.4859555752E-01   1.6497384700E-02  -7.7997584852E-01   6.8874847901E-03
    4     -5.1440129057E-01  -1.3828843690E-02   4.2081987128E-01   3.0005897247E-02   1.7880754217E-01
    5     -6.3032922251E-01  -8.7455575663E-04   3.7311274883E-01   6.9321050763E-04   1.2207250459E-01
    6     -4.3497362046E-02   1.5798013551E-01   8.3214888670E-02  -7.8701849933E-02  -4.1700357117E-01
    7     -2.0608222336E-02   2.8848700105E-01   7.8445533917E-02  -1.5708979517E-01  -5.4643743625E-01
    8      4.0224780517E-01   5.7159222265E-01   5.6786614880E-01   4.0324506300E-01   3.5155670298E-02
    9      4.1950196620E-02   1.3487945062E-01  -7.6226656251E-02  -6.7124958859E-02   3.7424673880E-01
   10     -2.2992214104E-02  -2.9970037419E-01   8.4443646053E-02   1.6272422948E-01  -5.7658151753E-01
   11      4.0317819050E-01  -5.7087995256E-01   5.6839542280E-01  -4.0286538070E-01   3.4622635587E-02
   12     -1.7306702579E-04   4.6451838148E-03  -6.3214992957E-05   8.5165802367E-04   2.1997769180E-05
   13     -4.4011944641E-03  -1.7980495874E-04  -1.6090236786E-03  -3.3377807706E-05   5.7487226550E-04
   14      7.6213139758E-04   1.1342742968E-06  -1.9809334787E-03  -3.2394295041E-06   1.3473819730E-04
   15      1.1091628143E-04  -3.6921767480E-03  -6.5991544997E-05   3.6804731999E-03  -6.4490072837E-06
   16      2.9689828796E-03   1.3879640756E-04  -1.7434023486E-03  -1.3851299215E-04  -1.4370115829E-04
   17      3.3946347697E-03   1.9523239189E-05  -5.6043315318E-04  -1.0752616522E-05  -9.7378667862E-04
                   15                 16                 17        
     0     -2.0286068268E-03  -1.9375382384E-03  -9.2092132196E-02
     1     -5.4006007103E-02  -6.2600506768E-02   3.1910763353E-03
     2      5.7547771339E-02  -1.7590960623E-04   5.8970819798E-05
     3      2.6809111680E-02   5.2640830419E-04  -3.8693599214E-02
     4      7.1245796905E-01   9.4120933216E-03   1.5002388667E-03
     5     -6.9274329111E-01  -3.3252756403E-02  -1.1762772627E-04
     6      3.3849623029E-02  -5.8686271528E-01   5.4896911727E-01
     7     -3.9059308854E-02   3.9685426401E-01  -4.3403596553E-01
     8      1.0390633458E-02   1.9143800146E-02  -1.3861900055E-02
     9     -3.6668018628E-02   6.0970017797E-01   5.8668955259E-01
    10     -3.6352855231E-02   3.4720156265E-01   3.9456471064E-01
    11      1.0438432838E-02   1.8216718755E-02   1.3302058438E-02
    12      6.0231780506E-06  -1.9698945890E-06  -2.7924185966E-05
    13      1.5548079690E-04  -5.6300751582E-05   7.5509224667E-07
    14      1.9580137191E-04  -5.1174603585E-05  -3.1358566891E-07
    15     -3.0602511214E-05  -1.5280849060E-06   2.0641055839E-04
    16     -6.9515386986E-04  -2.4024169826E-05  -7.8458218532E-06
    17     -2.0404219936E-03   2.3509226645E-04   7.5716408156E-07

#
# The atoms: label  mass x y z (in bohrs)
#
$atoms
6
 C     12.01100     -0.064224482092    -1.646808345837    -2.386367148637
 H      1.00800     -0.013636747804    -0.291404948304    -3.998252047768
 H      1.00800      1.565368385843    -2.889345363797    -2.455304328561
 H      1.00800     -1.783730556729    -2.761729300473    -2.453107381191
 I    126.90000      0.004751895886     0.098651904453     1.336945083684
 F     18.99800      0.021172732733     0.697489620812    -6.949034542039

$actual_temperature
  0.000000

$frequency_scale_factor
  1.000000


$end

