*************************************************
******************* ORCA 6.1.0 ******************
*************************************************
$Calculation_Status
   &GeometryIndex 0
   &version [&Type "String"] "6.1.0"
   &progName [&Type "String"] "orca"
   &Status [&Type "String"] "NORMAL TERMINATION"
$End
$Geometry
   &GeometryIndex 1
   &NAtoms [&Type "Integer"] 6
   &NCorelessECP [&Type "Integer"] 0
   &NGhostAtoms [&Type "Integer"] 0
   &CartesianCoordinates [&Type "Coordinates", &Dim(6,4), &Units "Bohr"] 
              C      0.000222987684    0.353157689086   -0.709138629015
              H      0.001528788442    2.372932885817   -0.419895257231
              H      1.723853532790   -0.669208715806   -0.430662916742
              H     -1.724692571194   -0.667012854038   -0.430640240029
              I      0.000342040430    0.555815699140    4.578827209479
              F      0.000291017825    0.582802878058   -3.781612224814
$End
$Single_Point_Data
   &GeometryIndex 1
   &FinalEnergy [&Type "Double"]      -1.2445270323190000e+01  "Final single point energy"
   &Converged [&Type "Boolean"] true
$End
$Geometry
   &GeometryIndex 2
   &NAtoms [&Type "Integer"] 6
   &NCorelessECP [&Type "Integer"] 0
   &NGhostAtoms [&Type "Integer"] 0
   &CartesianCoordinates [&Type "Coordinates", &Dim(6,4), &Units "Bohr"] 
              C      0.000233295006    0.373507402574   -0.773024295958
              H      0.001520597381    2.368496373968   -0.437753610902
              H      1.721416831229   -0.641210643386   -0.461226408911
              H     -1.722232577558   -0.639018934807   -0.461197601157
              I      0.000334690715    0.534394691370    4.690420787541
              F      0.000272959204    0.532318692539   -3.750340928966
$End
$Single_Point_Data
   &GeometryIndex 2
   &FinalEnergy [&Type "Double"]      -1.2450586225880000e+01  "Final single point energy"
   &Converged [&Type "Boolean"] true
$End
$Geometry
   &GeometryIndex 3
   &NAtoms [&Type "Integer"] 6
   &NCorelessECP [&Type "Integer"] 0
   &NGhostAtoms [&Type "Integer"] 0
   &CartesianCoordinates [&Type "Coordinates", &Dim(6,4), &Units "Bohr"] 
              C      0.000253514270    0.413226887788   -0.870440752709
              H      0.001503368261    2.358359050897   -0.437649116416
              H      1.716765685884   -0.587223696812   -0.487724645321
              H     -1.717535913610   -0.585039174870   -0.487682658961
              I      0.000318876829    0.491514708082    4.724768475637
              F      0.000240264343    0.437649807172   -3.634393360583
$End
$Single_Point_Data
   &GeometryIndex 3
   &FinalEnergy [&Type "Double"]      -1.2457985750150000e+01  "Final single point energy"
   &Converged [&Type "Boolean"] true
$End
$Geometry
   &GeometryIndex 4
   &NAtoms [&Type "Integer"] 6
   &NCorelessECP [&Type "Integer"] 0
   &NGhostAtoms [&Type "Integer"] 0
   &CartesianCoordinates [&Type "Coordinates", &Dim(6,4), &Units "Bohr"] 
              C      0.000267507292    0.455484991441   -0.946228885900
              H      0.001505876461    2.388525135740   -0.424363633521
              H      1.713401378754   -0.539705930179   -0.490184832561
              H     -1.714134083276   -0.537520091211   -0.490137865856
              I      0.000300764490    0.434369544562    4.765567800578
              F      0.000204352256    0.327333931904   -3.607774641093
$End
$Single_Point_Data
   &GeometryIndex 4
   &FinalEnergy [&Type "Double"]      -1.2460986734670000e+01  "Final single point energy"
   &Converged [&Type "Boolean"] true
$End
$Geometry
   &GeometryIndex 5
   &NAtoms [&Type "Integer"] 6
   &NCorelessECP [&Type "Integer"] 0
   &NGhostAtoms [&Type "Integer"] 0
   &CartesianCoordinates [&Type "Coordinates", &Dim(6,4), &Units "Bohr"] 
              C      0.000269211425    0.455303452884   -1.021265990024
              H      0.001504038545    2.393634858397   -0.463520070215
              H      1.704020277790   -0.521943411154   -0.470875430179
              H     -1.704730538089   -0.519764945912   -0.470850208180
              I      0.000289011496    0.405960072908    4.881223688818
              F      0.000193794810    0.315297555134   -3.647834048572
$End
$Single_Point_Data
   &GeometryIndex 5
   &FinalEnergy [&Type "Double"]      -1.2464357757909999e+01  "Final single point energy"
   &Converged [&Type "Boolean"] true
$End
$Geometry
   &GeometryIndex 6
   &NAtoms [&Type "Integer"] 6
   &NCorelessECP [&Type "Integer"] 0
   &NGhostAtoms [&Type "Integer"] 0
   &CartesianCoordinates [&Type "Coordinates", &Dim(6,4), &Units "Bohr"] 
              C      0.000265208014    0.443056948148   -1.108404050559
              H      0.001509359796    2.404027114536   -0.525403467307
              H      1.690329901401   -0.506477858881   -0.440553776519
              H     -1.691017557811   -0.504315428900   -0.440555147899
              I      0.000272751437    0.373614602454    5.044080882196
              F      0.000186133140    0.318582204900   -3.722286498265
$End
$Single_Point_Data
   &GeometryIndex 6
   &FinalEnergy [&Type "Double"]      -1.2466733873030000e+01  "Final single point energy"
   &Converged [&Type "Boolean"] true
$End
$Geometry
   &GeometryIndex 7
   &NAtoms [&Type "Integer"] 6
   &NCorelessECP [&Type "Integer"] 0
   &NGhostAtoms [&Type "Integer"] 0
   &CartesianCoordinates [&Type "Coordinates", &Dim(6,4), &Units "Bohr"] 
              C      0.000256948901    0.427813530822   -1.137125015382
              H      0.001512486949    2.399736351985   -0.567842266208
              H      1.686764466488   -0.520595340740   -0.459260357706
              H     -1.687464428245   -0.518441498153   -0.459264538634
              I      0.000276052688    0.384094208387    5.168872602513
              F      0.000200269196    0.355880329956   -3.738502482936
$End
$Single_Point_Data
   &GeometryIndex 7
   &FinalEnergy [&Type "Double"]      -1.2467100107409999e+01  "Final single point energy"
   &Converged [&Type "Boolean"] true
$End
$Geometry
   &GeometryIndex 8
   &NAtoms [&Type "Integer"] 6
   &NCorelessECP [&Type "Integer"] 0
   &NGhostAtoms [&Type "Integer"] 0
   &CartesianCoordinates [&Type "Coordinates", &Dim(6,4), &Units "Bohr"] 
              C      0.000254605589    0.428251037840   -1.147830274369
              H      0.001514953060    2.402965591163   -0.567965528682
              H      1.686243702407   -0.524890591625   -0.466191244508
              H     -1.686949927629   -0.522738118336   -0.466192894989
              I      0.000278866438    0.387380199433    5.217122463948
              F      0.000203596112    0.357519463783   -3.762064579753
$End
$Single_Point_Data
   &GeometryIndex 8
   &FinalEnergy [&Type "Double"]      -1.2467157152840000e+01  "Final single point energy"
   &Converged [&Type "Boolean"] true
$End
$Geometry
   &GeometryIndex 9
   &NAtoms [&Type "Integer"] 6
   &NCorelessECP [&Type "Integer"] 0
   &NGhostAtoms [&Type "Integer"] 0
   &CartesianCoordinates [&Type "Coordinates", &Dim(6,4), &Units "Bohr"] 
              C      0.000254040507    0.429517937839   -1.154660095851
              H      0.001512847441    2.400078469942   -0.566787156337
              H      1.685760330524   -0.525922108764   -0.473222731721
              H     -1.686469163382   -0.523770469584   -0.473221910815
              I      0.000281446498    0.390457458117    5.237217209777
              F      0.000206294391    0.358126294708   -3.762447373404
$End
$Single_Point_Data
   &GeometryIndex 9
   &FinalEnergy [&Type "Double"]      -1.2467178725720000e+01  "Final single point energy"
   &Converged [&Type "Boolean"] true
$End
$Geometry
   &GeometryIndex 10
   &NAtoms [&Type "Integer"] 6
   &NCorelessECP [&Type "Integer"] 0
   &NGhostAtoms [&Type "Integer"] 0
   &CartesianCoordinates [&Type "Coordinates", &Dim(6,4), &Units "Bohr"] 
              C      0.000254076781    0.430081694620   -1.156571338662
              H      0.001510921172    2.396203207309   -0.562974843231
              H      1.686128050586   -0.528861886897   -0.482137629548
              H     -1.686840021930   -0.526709909758   -0.482133525635
              I      0.000284447129    0.396478448753    5.254121007138
              F      0.000208322239    0.361296028231   -3.763425728415
$End
$Single_Point_Data
   &GeometryIndex 10
   &FinalEnergy [&Type "Double"]      -1.2467185646880001e+01  "Final single point energy"
   &Converged [&Type "Boolean"] true
$End
$Geometry
   &GeometryIndex 11
   &NAtoms [&Type "Integer"] 6
   &NCorelessECP [&Type "Integer"] 0
   &NGhostAtoms [&Type "Integer"] 0
   &CartesianCoordinates [&Type "Coordinates", &Dim(6,4), &Units "Bohr"] 
              C      0.000254429165    0.429940940188   -1.157036616058
              H      0.001510268076    2.394987300301   -0.561289498885
              H      1.686315575644   -0.529239068789   -0.483479103859
              H     -1.687027445928   -0.527086662107   -0.483474510288
              I      0.000284877623    0.397875452899    5.256476018557
              F      0.000208091398    0.362009619766   -3.764318347818
$End
$Single_Point_Data
   &GeometryIndex 11
   &FinalEnergy [&Type "Double"]      -1.2467186221760000e+01  "Final single point energy"
   &Converged [&Type "Boolean"] true
$End
$Hessian
   &GeometryIndex 11
   &HESSIAN [&Type "ArrayOfDoubles", &Dim (18,18)] "The Hessian"
                                                         0                           1                           2                           3                           4                           5                           6                           7

0                                      5.1588060510000000e-01         4.7090000000000001e-07        -2.4349000000000002e-06        -4.3562009999999998e-02        -1.4726100000000001e-04        -3.8261600000000000e-05        -2.1191754120000000e-01         9.6101680100000003e-02
1                                      4.7090000000000001e-07         5.1636345080000001e-01        -2.9414877999999998e-03        -1.4726219999999999e-04        -2.7176868700000001e-01        -5.9344362999999997e-02         9.5980464000000001e-02        -9.8261277100000002e-02
2                                     -2.4349000000000002e-06        -2.9414877999999998e-03         4.1215327359999998e-01        -4.0101600000000002e-05        -6.2192064200000001e-02        -5.5563009599999998e-02        -6.1308498500000003e-02         3.5135958400000000e-02
3                                     -4.3562009999999998e-02        -1.4726219999999999e-04        -4.0101600000000002e-05         4.4954149800000003e-02         1.6870260000000000e-04         5.0101500000000001e-05        -1.4623081000000001e-03         2.6982681299999998e-02
4                                     -1.4726100000000001e-04        -2.7176868700000001e-01        -6.2192064200000001e-02         1.6870260000000000e-04         3.0636035550000001e-01         7.7593499999999996e-02         1.9670690000000001e-03        -1.8097927600000001e-02
5                                     -3.8261600000000000e-05        -5.9344362999999997e-02        -5.5563009599999998e-02         5.0101500000000001e-05         7.7593499999999996e-02         7.6392190600000007e-02         3.7496500000000003e-05         7.5073340999999997e-03
6                                     -2.1191754120000000e-01         9.5980464000000001e-02        -6.1308498500000003e-02        -1.4623081000000001e-03         1.9670690000000001e-03         3.7496500000000003e-05         2.3757706630000000e-01        -1.0956235810000001e-01
7                                      9.6101680100000003e-02        -9.8261277100000002e-02         3.5135958400000000e-02         2.6982681299999998e-02        -1.8097927600000001e-02         7.5073340999999997e-03        -1.0956235810000001e-01         1.0743864710000001e-01
8                                     -5.8972304800000000e-02         3.3685282200000000e-02        -6.0534772500000000e-02         5.3679792999999998e-03        -2.8540929999999998e-03         3.6963362999999998e-03         7.5207294100000002e-02        -4.2588947100000003e-02
9                                     -2.1216334200000000e-01        -9.5833607599999995e-02         6.1355148300000002e-02        -1.4996756000000000e-03        -1.9884436000000001e-03        -2.7787200000000001e-05        -2.6578926900000001e-02        -1.2251727600000000e-02
10                                    -9.5954828300000003e-02        -9.8014395899999995e-02         3.5057991599999998e-02        -2.7003969300000000e-02        -1.8060609400000000e-02         7.5076489999999999e-03         1.2294406000000001e-02         6.6452226000000003e-03
11                                     5.9017083200000001e-02         3.3610309800000002e-02        -6.0536014800000003e-02        -5.3716088999999998e-03        -2.8471561000000000e-03         3.6963883000000002e-03        -6.3084841000000001e-03        -3.6029593999999999e-03
12                                    -1.4613314999999999e-03         4.5400000000000003e-08        -2.9499999999999999e-08        -2.8587550000000000e-04         4.8579999999999997e-07         1.2529999999999999e-07         2.6731170000000002e-04        -3.3889549999999998e-04
13                                     4.8300000000000002e-08        -1.4001780000000000e-03        -6.7368500000000004e-05         5.0610000000000001e-07         4.9752930000000002e-04         2.0350650000000001e-04        -3.2943600000000001e-04        -1.4395799999999999e-04
14                                    -6.4700000000000004e-08        -1.9901650000000000e-04         2.9682599999999999e-05        -6.5649999999999998e-07        -1.0087010000000001e-03        -1.2400679000000000e-03        -9.5594600000000005e-04         5.2443919999999998e-04
15                                    -4.6776380399999998e-02        -1.1060000000000000e-07        -4.0839000000000000e-06         1.8557194000000000e-03        -5.5290000000000003e-07        -2.1674400000000000e-05         2.1143982000000000e-03        -9.3138019999999995e-04
16                                    -1.1010000000000000e-07        -4.6918912799999997e-02        -4.9930295999999997e-03        -6.5850000000000003e-07         1.0693393000000000e-03        -3.3467626600000001e-02        -3.5014509999999998e-04         2.4192929999999999e-03
17                                    -4.0172999999999996e-06        -4.8107248000000000e-03        -2.3554915930000001e-01        -5.7138000000000002e-06        -8.6914856999999995e-03        -2.6981837700000001e-02        -6.6718619000000002e-03         3.0241748000000000e-03
                                                         8                           9                          10                          11                          12                          13                          14                          15

0                                     -5.8972304800000000e-02        -2.1216334200000000e-01        -9.5954828300000003e-02         5.9017083200000001e-02        -1.4613314999999999e-03         4.8300000000000002e-08        -6.4700000000000004e-08        -4.6776380399999998e-02
1                                      3.3685282200000000e-02        -9.5833607599999995e-02        -9.8014395899999995e-02         3.3610309800000002e-02         4.5400000000000003e-08        -1.4001780000000000e-03        -1.9901650000000000e-04        -1.1060000000000000e-07
2                                     -6.0534772500000000e-02         6.1355148300000002e-02         3.5057991599999998e-02        -6.0536014800000003e-02        -2.9499999999999999e-08        -6.7368500000000004e-05         2.9682599999999999e-05        -4.0839000000000000e-06
3                                      5.3679792999999998e-03        -1.4996756000000000e-03        -2.7003969300000000e-02        -5.3716088999999998e-03        -2.8587550000000000e-04         5.0610000000000001e-07        -6.5649999999999998e-07         1.8557194000000000e-03
4                                     -2.8540929999999998e-03        -1.9884436000000001e-03        -1.8060609400000000e-02        -2.8471561000000000e-03         4.8579999999999997e-07         4.9752930000000002e-04        -1.0087010000000001e-03        -5.5290000000000003e-07
5                                      3.6963362999999998e-03        -2.7787200000000001e-05         7.5076489999999999e-03         3.6963883000000002e-03         1.2529999999999999e-07         2.0350650000000001e-04        -1.2400679000000000e-03        -2.1674400000000000e-05
6                                      7.5207294100000002e-02        -2.6578926900000001e-02         1.2294406000000001e-02        -6.3084841000000001e-03         2.6731170000000002e-04        -3.2943600000000001e-04        -9.5594600000000005e-04         2.1143982000000000e-03
7                                     -4.2588947100000003e-02        -1.2251727600000000e-02         6.6452226000000003e-03        -3.6029593999999999e-03        -3.3889549999999998e-04        -1.4395799999999999e-04         5.2443919999999998e-04        -9.3138019999999995e-04
8                                      8.2808037400000006e-02         6.3041514999999998e-03        -3.6111886999999998e-03         3.9985834999999997e-03         2.2354570000000001e-04        -1.2470240000000000e-04        -1.6425201000000000e-03        -2.8130665700000002e-02
9                                      6.3041514999999998e-03         2.3785734459999999e-01         1.0939419950000000e-01        -7.5263567300000001e-02         2.6820710000000000e-04         3.2890200000000000e-04         9.5656289999999998e-04         2.1163928000000002e-03
10                                    -3.6111886999999998e-03         1.0939419950000000e-01         1.0715693079999999e-01        -4.2493217000000000e-02         3.3838409999999998e-04        -1.4480950000000001e-04         5.2318820000000002e-04         9.3180789999999997e-04
11                                     3.9985834999999997e-03        -7.5263567300000001e-02        -4.2493217000000000e-02         8.2809489099999994e-02        -2.2373130000000001e-04        -1.2441720000000000e-04        -1.6424324000000000e-03         2.8150308299999999e-02
12                                     2.2354570000000001e-04         2.6820710000000000e-04         3.3838409999999998e-04        -2.2373130000000001e-04         4.1273809999999998e-04        -7.2000000000000000e-09         1.4200000000000000e-07         7.9894999999999999e-04
13                                    -1.2470240000000000e-04         3.2890200000000000e-04        -1.4480950000000001e-04        -1.2441720000000000e-04        -7.2000000000000000e-09         4.0346199999999999e-04         1.1650200000000000e-04        -1.3300000000000000e-08
14                                    -1.6425201000000000e-03         9.5656289999999998e-04         5.2318820000000002e-04        -1.6424324000000000e-03         1.4200000000000000e-07         1.1650200000000000e-04         9.2838850000000004e-03        -3.7700000000000000e-08
15                                    -2.8130665700000002e-02         2.1163928000000002e-03         9.3180789999999997e-04         2.8150308299999999e-02         7.9894999999999999e-04        -1.3300000000000000e-08        -3.7700000000000000e-08         3.9890920000000003e-02
16                                     1.5493649100000000e-02         3.5067719999999999e-04         2.4176614999999999e-03         1.5457439800000000e-02        -1.2700000000000000e-08         7.8795419999999996e-04         4.3587999999999997e-05         2.4909999999999997e-07
17                                    -2.8325664500000000e-02         6.6754917999999998e-03         3.0155768000000001e-03        -2.8326013700000000e-02        -5.2199999999999998e-08        -3.5204000000000002e-06        -4.7885471999999998e-03         6.1534000000000002e-06
                                                        16                          17

0                                     -1.1010000000000000e-07        -4.0172999999999996e-06
1                                     -4.6918912799999997e-02        -4.8107248000000000e-03
2                                     -4.9930295999999997e-03        -2.3554915930000001e-01
3                                     -6.5850000000000003e-07        -5.7138000000000002e-06
4                                      1.0693393000000000e-03        -8.6914856999999995e-03
5                                     -3.3467626600000001e-02        -2.6981837700000001e-02
6                                     -3.5014509999999998e-04        -6.6718619000000002e-03
7                                      2.4192929999999999e-03         3.0241748000000000e-03
8                                      1.5493649100000000e-02        -2.8325664500000000e-02
9                                      3.5067719999999999e-04         6.6754917999999998e-03
10                                     2.4176614999999999e-03         3.0155768000000001e-03
11                                     1.5457439800000000e-02        -2.8326013700000000e-02
12                                    -1.2700000000000000e-08        -5.2199999999999998e-08
13                                     7.8795419999999996e-04        -3.5204000000000002e-06
14                                     4.3587999999999997e-05        -4.7885471999999998e-03
15                                     2.4909999999999997e-07         6.1534000000000002e-06
16                                     4.0224664799999997e-02         7.4659792000000003e-03
17                                     7.4659792000000003e-03         3.2397122249999999e-01
   &MODES [&Type "ArrayOfDoubles", &Dim (18,18)] "The modes of vibrations"
                                                         0                           1                           2                           3                           4                           5                           6                           7

0                                      0.0000000000000000e+00         0.0000000000000000e+00         0.0000000000000000e+00         0.0000000000000000e+00         0.0000000000000000e+00         0.0000000000000000e+00         5.1512687225594429e-05         1.9455839663198210e-01
1                                      0.0000000000000000e+00         0.0000000000000000e+00         0.0000000000000000e+00         0.0000000000000000e+00         0.0000000000000000e+00         0.0000000000000000e+00         9.9907326198759944e-02         1.7765384257031685e-04
2                                      0.0000000000000000e+00         0.0000000000000000e+00         0.0000000000000000e+00         0.0000000000000000e+00         0.0000000000000000e+00         0.0000000000000000e+00        -1.3337815308997408e-01         1.2330808379811114e-04
3                                      0.0000000000000000e+00         0.0000000000000000e+00         0.0000000000000000e+00         0.0000000000000000e+00         0.0000000000000000e+00         0.0000000000000000e+00         6.8500446629053712e-05         2.3289591188627282e-01
4                                      0.0000000000000000e+00         0.0000000000000000e+00         0.0000000000000000e+00         0.0000000000000000e+00         0.0000000000000000e+00         0.0000000000000000e+00         1.3676622499637314e-01         2.6397892214371474e-04
5                                      0.0000000000000000e+00         0.0000000000000000e+00         0.0000000000000000e+00         0.0000000000000000e+00         0.0000000000000000e+00         0.0000000000000000e+00        -2.4970889957785475e-01        -2.3668395626402249e-04
6                                      0.0000000000000000e+00         0.0000000000000000e+00         0.0000000000000000e+00         0.0000000000000000e+00         0.0000000000000000e+00         0.0000000000000000e+00        -8.8845257228748321e-04         2.8870777557185201e-01
7                                      0.0000000000000000e+00         0.0000000000000000e+00         0.0000000000000000e+00         0.0000000000000000e+00         0.0000000000000000e+00         0.0000000000000000e+00         1.3977525620865908e-01         2.3891746931523392e-02
8                                      0.0000000000000000e+00         0.0000000000000000e+00         0.0000000000000000e+00         0.0000000000000000e+00         0.0000000000000000e+00         0.0000000000000000e+00        -7.2971037023693203e-02        -1.9750941276797843e-01
9                                      0.0000000000000000e+00         0.0000000000000000e+00         0.0000000000000000e+00         0.0000000000000000e+00         0.0000000000000000e+00         0.0000000000000000e+00         1.0356109300663087e-03         2.8868469946931802e-01
10                                     0.0000000000000000e+00         0.0000000000000000e+00         0.0000000000000000e+00         0.0000000000000000e+00         0.0000000000000000e+00         0.0000000000000000e+00         1.3977034437583344e-01        -2.3417553924105137e-02
11                                     0.0000000000000000e+00         0.0000000000000000e+00         0.0000000000000000e+00         0.0000000000000000e+00         0.0000000000000000e+00         0.0000000000000000e+00        -7.2995241603725489e-02         1.9809819742056051e-01
12                                     0.0000000000000000e+00         0.0000000000000000e+00         0.0000000000000000e+00         0.0000000000000000e+00         0.0000000000000000e+00         0.0000000000000000e+00        -1.9720585389782353e-06        -8.2349175391681576e-03
13                                     0.0000000000000000e+00         0.0000000000000000e+00         0.0000000000000000e+00         0.0000000000000000e+00         0.0000000000000000e+00         0.0000000000000000e+00        -4.2148211002358367e-03        -7.5358426984623500e-06
14                                     0.0000000000000000e+00         0.0000000000000000e+00         0.0000000000000000e+00         0.0000000000000000e+00         0.0000000000000000e+00         0.0000000000000000e+00         3.5034000261344157e-02        -3.4979058823566066e-05
15                                     0.0000000000000000e+00         0.0000000000000000e+00         0.0000000000000000e+00         0.0000000000000000e+00         0.0000000000000000e+00         0.0000000000000000e+00        -3.0837389857532511e-05        -1.1099066008259603e-01
16                                     0.0000000000000000e+00         0.0000000000000000e+00         0.0000000000000000e+00         0.0000000000000000e+00         0.0000000000000000e+00         0.0000000000000000e+00        -5.7099085037313896e-02        -1.0114639276111508e-04
17                                     0.0000000000000000e+00         0.0000000000000000e+00         0.0000000000000000e+00         0.0000000000000000e+00         0.0000000000000000e+00         0.0000000000000000e+00        -1.2869612889619853e-01         1.3700766756094662e-04
                                                         8                           9                          10                          11                          12                          13                          14                          15

0                                     -2.3702611349605369e-04        -4.4681984669058492e-06        -1.2035977192465723e-01        -8.2403610080469491e-05        -2.2938155811658161e-06        -6.2747493461934686e-02         5.2190636053381046e-05        -3.7560437482332830e-06
1                                      1.6732865161181854e-01        -5.5701139370157486e-03         8.2559791836599796e-05        -1.2025753603300088e-01        -2.6201201921495880e-03         5.2188392608083409e-05         6.2702246877550966e-02        -3.8858637708727218e-03
2                                      7.4632696127114234e-02        -2.0309208594978079e-01         1.6006942179158301e-07         3.2412855543047995e-03        -1.0512253528340215e-01         2.5654217906836240e-07        -1.7649229417990100e-03        -3.6870556960069800e-02
3                                     -2.7291738095886782e-04        -6.3212609841259257e-06         2.3929418686543474e-01         7.9889023049625245e-05        -1.0406605355369763e-04         7.1668365002880685e-01        -6.2452766758336461e-05         3.6749557959084880e-04
4                                      2.2866988321198919e-01        -8.4861649555539685e-03        -1.5884985208837785e-04         1.1184179091267082e-01        -1.6971358016933832e-01        -4.3934332203115242e-04         1.1456258232754143e-01         5.7474856347975578e-01
5                                     -1.2425661362921016e-01        -1.4723409181239175e-01         2.6875577035516977e-05        -6.6926734924243436e-01         5.0846052016990062e-01        -6.5203247544281669e-05        -3.1852467869386708e-01         1.6071354722885781e-01
6                                     -1.8267226953303183e-03        -3.8629793602163310e-03         1.5716340084857780e-01         4.7255117916950702e-02        -1.5798754362409462e-01         8.7004234128323338e-02        -3.6475499829547769e-01         4.5985270563139241e-01
7                                      2.3359630937554093e-01        -1.3102717120968624e-03         3.2272257517301728e-02         2.2002131171286168e-01         1.0476807138716358e-01         3.7085425674176553e-01        -5.0239712803232961e-01        -2.6351136289613625e-01
8                                      1.6960546196453058e-01        -1.4710587682375842e-01        -5.7856937794576513e-01         3.2905654727132716e-01         4.9911940316000158e-01         2.6470204993870355e-01         1.7144412628892522e-01         1.6967398933392419e-01
9                                      1.1112194254056284e-03         3.8593836177612298e-03         1.5713184906824312e-01        -4.6956985960030603e-02         1.5812649444847873e-01         8.6660995782283187e-02         3.6407642739923324e-01        -4.6017425252827820e-01
10                                     2.3366741632343091e-01        -1.3148770879926512e-03        -3.2493210606958076e-02         2.2008177672068766e-01         1.0456435663162179e-01        -3.7115581649203949e-01        -5.0272491372879091e-01        -2.6291666237230127e-01
11                                     1.6890399982961687e-01        -1.4710698268680028e-01         5.7854035311723662e-01         3.2910588767291993e-01         4.9911591654661669e-01        -2.6464059979722226e-01         1.7153990422382293e-01         1.6967320238301731e-01
12                                     9.9101373706374770e-06         3.0542971001302106e-08        -8.8084564498045207e-06         1.5937363265978170e-09        -5.9965518535247697e-09        -2.0332262029229014e-05         2.8482633632376653e-08        -4.4426348157092243e-09
13                                    -7.0902625083348603e-03         6.1456940261861469e-06        -4.5259602531144674e-09        -8.8447477153672326e-06        -2.2815550210987082e-06         1.7776972175674857e-08         2.4957113986565594e-05         1.2917400653156818e-06
14                                    -2.0953185048072746e-02        -1.0755686050883437e-05         8.2289339799601659e-09        -3.2581429102086036e-05        -1.7690219730473976e-04        -4.4815868478869264e-09        -1.2376825988476855e-05        -5.5949594628207312e-05
15                                     1.3610128608052580e-04         3.1470664402927030e-06         4.6780759102748953e-02         3.2029811965850195e-05        -3.6066257613301597e-07        -7.4340121568650195e-03         6.1309441236879357e-06        -3.3617241221394067e-08
16                                    -9.5353784608069522e-02         4.0700575950764102e-03        -3.2014419944972401e-05         4.6803622770631756e-02        -4.3036138920709866e-04         6.1974742340669400e-06         7.4428987313342630e-03        -1.1569189279634879e-04
17                                     8.1407463862901652e-02         1.5189401346648099e-01        -4.2130752845141412e-08        -1.2423804520016546e-03        -1.2299912962870658e-02         6.6876311707563956e-08        -9.9269289480283970e-05        -2.8481398911279075e-03
                                                        16                          17

0                                      8.5718959216987980e-02         1.2398923165625293e-04
1                                     -1.2398172765348147e-04         8.5647431675275498e-02
2                                      1.9973645382122623e-06        -3.5528437266506676e-03
3                                      4.3213089979442475e-02        -4.3024185482681251e-04
4                                      5.5826994292373629e-04        -7.2100258985277998e-01
5                                      1.8189921268975767e-04        -2.2427961833579008e-01
6                                     -5.3957902989858408e-01         3.5217182357354737e-01
7                                      3.3179722528923522e-01        -1.5705777751112765e-01
8                                     -2.2474014038531639e-01         1.3432076518643565e-01
9                                     -5.3944725172318875e-01        -3.5323984372698630e-01
10                                    -3.3085677633952248e-01        -1.5713583839355846e-01
11                                     2.2453321825291869e-01         1.3468513573119803e-01
12                                    -1.6862789134378332e-05        -2.5282893500124834e-08
13                                     1.6602253410327056e-08        -1.6698750641659452e-05
14                                     5.8859560205716565e-09        -6.5650165650397187e-06
15                                     8.7741688395508242e-04         1.2749680015701825e-06
16                                    -1.2459700436558012e-06         8.8880645374347922e-04
17                                     2.5572680183094060e-08        -8.3050123149471563e-05
$End
$THERMOCHEMISTRY_Energies
   &GeometryIndex 11
   &temperature [&Type "Double"]       2.9814999999999998e+02
   &pressure [&Type "Double"]       1.0000000000000000e+00
   &totalMass [&Type "Double"]       1.6093299999999999e+02
   &spinDegeneracy [&Type "Integer"] 1
   &elEnergy [&Type "Double"]      -1.2467186221760000e+01
   &transEnergy [&Type "Double"]       1.4162714244859817e-03
   &rotEnergy [&Type "Double"]       1.4162714244859817e-03
   &vibEnergy [&Type "Double"]       2.3221546668687125e-03
   &numOfFreqs [&Type "Integer"] 18
   &freqScalingFactor [&Type "Double"]       1.0000000000000000e+00
   &FREQ [&Type "ArrayOfDoubles", &Units "cm^-1", &Dim (18,1)] 
                                                         0

0                                      0.0000000000000000e+00
1                                      0.0000000000000000e+00
2                                      0.0000000000000000e+00
3                                      0.0000000000000000e+00
4                                      0.0000000000000000e+00
5                                      0.0000000000000000e+00
6                                      9.3613418729639250e+01
7                                      9.9669614345670766e+01
8                                      9.9958905026047546e+01
9                                      1.0014830837784459e+03
10                                     1.1055313920212470e+03
11                                     1.1069859008161081e+03
12                                     1.3861551417257563e+03
13                                     1.4509105686570936e+03
14                                     1.4519373713998496e+03
15                                     3.0375721143850342e+03
16                                     3.0448770170701023e+03
17                                     3.0451232445377050e+03
   &zpe [&Type "Double"]       3.8555293817483585e-02
   &innerEnergyU [&Type "Double"]      -1.2423476230426678e+01
   &enthalpyH [&Type "Double"]      -1.2422532021384418e+01
   &qEl [&Type "Double"]       0.0000000000000000e+00
   &qRot [&Type "Double"]       1.1888276240702317e-02
   &qVib [&Type "Double"]       4.6482612271580145e-03
   &qTrans [&Type "Double"]       1.9545129475932437e-02
   &entropyS [&Type "Double"]       3.6081666943792771e-02
   &freeEnergyG [&Type "Double"]      -1.2458613688328210e+01
   &isLinear [&Type "Boolean"] false
$End
$Calculation_Info
   &GeometryIndex 11
   &Mult [&Type "Integer"] 1
   &Charge [&Type "Integer"] -1
   &NumOfAtoms [&Type "Integer"] 6
   &NumOfElectrons [&Type "Integer"] 0
   &NumOfBasisFuncts [&Type "Integer"] 0
   &NumOfAuxCBasisFuncts [&Type "Integer"] 0
   &NumOfAuxJBasisFuncts [&Type "Integer"] 0
   &NumOfAuxJKBasisFuncts [&Type "Integer"] 0
   &NumOfCABSBasisFuncts [&Type "Integer"] 0
$End
$Calculation_Timings
   &GeometryIndex 11
   &GSTEP [&Type "Double"]       2.0405000000000117e-02
   &XTB [&Type "Double"]       1.5710259999999991e+00
   &XTBGRAD [&Type "Double"]       3.5900000000000931e-03
   &SUM [&Type "Double"]       1.5950209999999991e+00
$End
