*************************************************
******************* ORCA 6.1.0 ******************
*************************************************
$Calculation_Status
   &GeometryIndex 0
   &version [&Type "String"] "6.1.0"
   &progName [&Type "String"] "orca"
   &Status [&Type "String"] "NORMAL TERMINATION"
$End
$Geometry
   &GeometryIndex 1
   &NAtoms [&Type "Integer"] 6
   &NCorelessECP [&Type "Integer"] 0
   &NGhostAtoms [&Type "Integer"] 0
   &CartesianCoordinates [&Type "Coordinates", &Dim(6,4), &Units "Bohr"] 
              C     -0.000544241127   -0.952093159149    0.518032514818
              H     -0.000017007535    0.392050142648   -1.102492682696
              H      1.674852934138   -2.133733241512    0.468430983255
              H     -1.676959978777   -2.132302718828    0.468604838059
              I      0.000410070571    0.812240197156    4.236267104552
              F      0.000708647300    1.485351197428   -4.059088271962
$End
$Single_Point_Data
   &GeometryIndex 1
   &FinalEnergy [&Type "Double"]      -1.2416123289330001e+01  "Final single point energy"
   &Converged [&Type "Boolean"] true
$End
$Geometry
   &GeometryIndex 2
   &NAtoms [&Type "Integer"] 6
   &NCorelessECP [&Type "Integer"] 0
   &NGhostAtoms [&Type "Integer"] 0
   &CartesianCoordinates [&Type "Coordinates", &Dim(6,4), &Units "Bohr"] 
              C     -0.000537854927   -0.948320695672    0.512725019260
              H     -0.000014204172    0.396697375154   -1.101921296381
              H      1.674908070469   -2.128992600229    0.457275304896
              H     -1.677006574260   -2.127548664325    0.457442744044
              I      0.000407920145    0.815089817217    4.229480852637
              F      0.000693067314    1.464587185598   -4.025248138429
$End
$Single_Point_Data
   &GeometryIndex 2
   &FinalEnergy [&Type "Double"]      -1.2416164761430000e+01  "Final single point energy"
   &Converged [&Type "Boolean"] true
$End
$Geometry
   &GeometryIndex 3
   &NAtoms [&Type "Integer"] 6
   &NCorelessECP [&Type "Integer"] 0
   &NGhostAtoms [&Type "Integer"] 0
   &CartesianCoordinates [&Type "Coordinates", &Dim(6,4), &Units "Bohr"] 
              C     -0.000533116253   -0.946858198998    0.513894404437
              H     -0.000011055388    0.402459345903   -1.101394571986
              H      1.674914089580   -2.127513434889    0.454267836033
              H     -1.677009117256   -2.126060760869    0.454429837376
              I      0.000404399336    0.812688808197    4.231459039001
              F      0.000685224551    1.456796658399   -4.022902058835
$End
$Single_Point_Data
   &GeometryIndex 3
   &FinalEnergy [&Type "Double"]      -1.2416172580510001e+01  "Final single point energy"
   &Converged [&Type "Boolean"] true
$End
$Geometry
   &GeometryIndex 4
   &NAtoms [&Type "Integer"] 6
   &NCorelessECP [&Type "Integer"] 0
   &NGhostAtoms [&Type "Integer"] 0
   &CartesianCoordinates [&Type "Coordinates", &Dim(6,4), &Units "Bohr"] 
              C     -0.000525055338   -0.943597426823    0.516587934405
              H     -0.000005089649    0.412427082362   -1.098345071319
              H      1.674741177508   -2.124192153956    0.449815957550
              H     -1.676830693760   -2.122727356955    0.449968722250
              I      0.000397766045    0.806018898487    4.237044758655
              F      0.000672319764    1.443583374628   -4.025317815514
$End
$Single_Point_Data
   &GeometryIndex 4
   &FinalEnergy [&Type "Double"]      -1.2416178812209999e+01  "Final single point energy"
   &Converged [&Type "Boolean"] true
$End
$Geometry
   &GeometryIndex 5
   &NAtoms [&Type "Integer"] 6
   &NCorelessECP [&Type "Integer"] 0
   &NGhostAtoms [&Type "Integer"] 0
   &CartesianCoordinates [&Type "Coordinates", &Dim(6,4), &Units "Bohr"] 
              C     -0.000521124106   -0.941029497842    0.517762167025
              H     -0.000001282882    0.417956517597   -1.094994326942
              H      1.674623779204   -2.121550536960    0.447127404480
              H     -1.676709996133   -2.120081007539    0.447275578765
              I      0.000393920143    0.800998136995    4.241607883837
              F      0.000665128344    1.435218805492   -4.029024221138
$End
$Single_Point_Data
   &GeometryIndex 5
   &FinalEnergy [&Type "Double"]      -1.2416181399639999e+01  "Final single point energy"
   &Converged [&Type "Boolean"] true
$End
$Geometry
   &GeometryIndex 6
   &NAtoms [&Type "Integer"] 6
   &NCorelessECP [&Type "Integer"] 0
   &NGhostAtoms [&Type "Integer"] 0
   &CartesianCoordinates [&Type "Coordinates", &Dim(6,4), &Units "Bohr"] 
              C     -0.000513369985   -0.934066652525    0.519714263653
              H      0.000009238665    0.431292228310   -1.085020864970
              H      1.674388491837   -2.114303389843    0.440738836631
              H     -1.676466628606   -2.112825863949    0.440877479662
              I      0.000384636797    0.787367635619    4.253775448043
              F      0.000648055862    1.414048460131   -4.040330676993
$End
$Single_Point_Data
   &GeometryIndex 6
   &FinalEnergy [&Type "Double"]      -1.2416186406620000e+01  "Final single point energy"
   &Converged [&Type "Boolean"] true
$End
$Geometry
   &GeometryIndex 7
   &NAtoms [&Type "Integer"] 6
   &NCorelessECP [&Type "Integer"] 0
   &NGhostAtoms [&Type "Integer"] 0
   &CartesianCoordinates [&Type "Coordinates", &Dim(6,4), &Units "Bohr"] 
              C     -0.000512043133   -0.930842444900    0.519662625673
              H      0.000015246584    0.437167794292   -1.079673900161
              H      1.674369106437   -2.110855756631    0.438338789803
              H     -1.676444168286   -2.109378145372    0.438475103110
              I      0.000380964993    0.780764696702    4.259531770233
              F      0.000641317974    1.404656273652   -4.046579902632
$End
$Single_Point_Data
   &GeometryIndex 7
   &FinalEnergy [&Type "Double"]      -1.2416188193400000e+01  "Final single point energy"
   &Converged [&Type "Boolean"] true
$End
$Geometry
   &GeometryIndex 8
   &NAtoms [&Type "Integer"] 6
   &NCorelessECP [&Type "Integer"] 0
   &NGhostAtoms [&Type "Integer"] 0
   &CartesianCoordinates [&Type "Coordinates", &Dim(6,4), &Units "Bohr"] 
              C     -0.000513576877   -0.929999119144    0.518821566703
              H      0.000018878274    0.439249728171   -1.077529009759
              H      1.674463728745   -2.109813789276    0.438061694280
              H     -1.676538560844   -2.108339017775    0.438198786236
              I      0.000380242231    0.778520072658    4.261322045513
              F      0.000639713042    1.401894543110   -4.049120596946
$End
$Single_Point_Data
   &GeometryIndex 8
   &FinalEnergy [&Type "Double"]      -1.2416188839149999e+01  "Final single point energy"
   &Converged [&Type "Boolean"] true
$End
$Hessian
   &GeometryIndex 8
   &HESSIAN [&Type "ArrayOfDoubles", &Dim (18,18)] "The Hessian"
                                                         0                           1                           2                           3                           4                           5                           6                           7

0                                      4.7636621699999998e-01        -3.9410099999999997e-05        -3.9198900000000002e-05        -3.8943388500000002e-02        -3.1110500000000000e-05         3.6863799999999998e-05        -2.1117310850000001e-01         1.2555371920000000e-01
1                                     -3.9410099999999997e-05         3.9986665350000000e-01        -6.7292458200000002e-02        -3.0685500000000003e-05        -1.1893007960000000e-01         9.5783214300000002e-02         1.1642723770000001e-01        -1.2536247640000001e-01
2                                     -3.9198900000000002e-05        -6.7292458200000002e-02         2.8504644309999999e-01         3.0730600000000000e-05         8.5728413599999997e-02        -1.2327658420000000e-01         7.2298583000000001e-03        -2.5325166000000001e-03
3                                     -3.8943388500000002e-02        -3.0685500000000003e-05         3.0730600000000000e-05         4.8946138299999997e-02         3.4473400000000001e-05        -3.7156900000000003e-05        -1.7731178000000001e-03         1.6852066100000000e-02
4                                     -3.1110500000000000e-05        -1.1893007960000000e-01         8.5728413599999997e-02         3.4473400000000001e-05         1.3823867190000000e-01        -9.4220665800000006e-02         1.0523187000000000e-03        -1.0232000700000000e-02
5                                      3.6863799999999998e-05         9.5783214300000002e-02        -1.2327658420000000e-01        -3.7156900000000003e-05        -9.4220665800000006e-02         1.2861832970000001e-01        -1.2510700000000000e-05        -1.1834619000000001e-03
6                                     -2.1117310850000001e-01         1.1642723770000001e-01         7.2298583000000001e-03        -1.7731178000000001e-03         1.0523187000000000e-03        -1.2510700000000000e-05         2.3816731399999999e-01        -1.3178665000000001e-01
7                                      1.2555371920000000e-01        -1.2536247640000001e-01        -2.5325166000000001e-03         1.6852066100000000e-02        -1.0232000700000000e-02        -1.1834619000000001e-03        -1.3178665000000001e-01         1.3189053940000001e-01
8                                      7.8268725000000001e-03        -3.1794511999999999e-03        -3.7817899400000000e-02        -1.5594001600000001e-02         1.0325559900000000e-02         4.1984589999999999e-03        -6.1036286000000000e-03         6.3643700999999999e-03
9                                     -2.1138769199999999e-01        -1.1634918040000000e-01        -7.2165373999999996e-03        -1.7874147000000000e-03        -1.0585573000000000e-03         1.2267800000000000e-05        -2.7688038000000002e-02        -1.5174623300000000e-02
10                                    -1.2547528799999999e-01        -1.2514559929999999e-01        -2.5162333000000002e-03        -1.6859484899999999e-02        -1.0216313400000000e-02        -1.1828097000000000e-03         1.5208425700000000e-02         1.0247767400000000e-02
11                                    -7.8141532999999996e-03        -3.1619782999999999e-03        -3.7817070000000001e-02         1.5603258700000001e-02         1.0311671700000000e-02         4.1969850999999999e-03        -3.3839530000000001e-04         1.1964037000000000e-03
12                                    -1.6599099499999999e-02        -6.5358000000000002e-06        -1.0009399999999999e-05        -4.6336370000000002e-04         2.0700000000000001e-06        -2.4489999999999998e-07         1.8993503000000001e-03         5.3541600999999998e-03
13                                    -6.1716000000000003e-06        -2.9083417500000000e-02        -2.0225011300000002e-02         3.4833000000000002e-06         5.5508331999999999e-03        -2.7050279999999999e-04        -7.2845570000000005e-04        -6.0864413999999999e-03
14                                    -1.5902200000000002e-05        -3.2708570899999997e-02        -5.9517773900000001e-02        -8.5919999999999996e-07        -5.7123154000000001e-03        -1.6849501400000001e-02        -4.2144400000000003e-05        -5.8895351000000000e-03
15                                     1.7370716000000000e-03        -1.4259000000000000e-06         5.1568999999999997e-06        -5.9788536999999999e-03         8.0579999999999998e-07         7.8100000000000002e-07         5.6760000000000003e-04        -7.9867209999999998e-04
16                                    -1.7390000000000000e-06        -1.3450807000000000e-03         6.8378058000000000e-03         1.4760000000000000e-07        -4.4111113999999998e-03         1.0742258999999999e-03        -1.7287640000000000e-04        -4.5738830000000003e-04
17                                     5.5180999999999997e-06         1.0559244299999999e-02        -2.6617115500000000e-02        -1.9715000000000001e-06        -6.4326640999999999e-03         3.1123117999999998e-03        -7.3317930000000003e-04         2.0447398000000001e-03
                                                         8                           9                          10                          11                          12                          13                          14                          15

0                                      7.8268725000000001e-03        -2.1138769199999999e-01        -1.2547528799999999e-01        -7.8141532999999996e-03        -1.6599099499999999e-02        -6.1716000000000003e-06        -1.5902200000000002e-05         1.7370716000000000e-03
1                                     -3.1794511999999999e-03        -1.1634918040000000e-01        -1.2514559929999999e-01        -3.1619782999999999e-03        -6.5358000000000002e-06        -2.9083417500000000e-02        -3.2708570899999997e-02        -1.4259000000000000e-06
2                                     -3.7817899400000000e-02        -7.2165373999999996e-03        -2.5162333000000002e-03        -3.7817070000000001e-02        -1.0009399999999999e-05        -2.0225011300000002e-02        -5.9517773900000001e-02         5.1568999999999997e-06
3                                     -1.5594001600000001e-02        -1.7874147000000000e-03        -1.6859484899999999e-02         1.5603258700000001e-02        -4.6336370000000002e-04         3.4833000000000002e-06        -8.5919999999999996e-07        -5.9788536999999999e-03
4                                      1.0325559900000000e-02        -1.0585573000000000e-03        -1.0216313400000000e-02         1.0311671700000000e-02         2.0700000000000001e-06         5.5508331999999999e-03        -5.7123154000000001e-03         8.0579999999999998e-07
5                                      4.1984589999999999e-03         1.2267800000000000e-05        -1.1828097000000000e-03         4.1969850999999999e-03        -2.4489999999999998e-07        -2.7050279999999999e-04        -1.6849501400000001e-02         7.8100000000000002e-07
6                                     -6.1036286000000000e-03        -2.7688038000000002e-02         1.5208425700000000e-02        -3.3839530000000001e-04         1.8993503000000001e-03        -7.2845570000000005e-04        -4.2144400000000003e-05         5.6760000000000003e-04
7                                      6.3643700999999999e-03        -1.5174623300000000e-02         1.0247767400000000e-02         1.1964037000000000e-03         5.3541600999999998e-03        -6.0864413999999999e-03        -5.8895351000000000e-03        -7.9867209999999998e-04
8                                      4.5902230500000002e-02         3.4194919999999999e-04         1.1948071000000000e-03         1.2363751000000001e-03         1.3385826100000000e-02        -1.4919585300000000e-02        -1.2000820800000001e-02         1.4298239999999999e-04
9                                      3.4194919999999999e-04         2.3840084140000001e-01         1.3169062800000000e-01         6.0921724999999996e-03         1.8939731000000000e-03         7.1992289999999999e-04         3.5295000000000000e-05         5.6833019999999999e-04
10                                     1.1948071000000000e-03         1.3169062800000000e-01         1.3165471490000000e-01         6.3470643999999996e-03        -5.3617897000000003e-03        -6.0819543000000002e-03        -5.8879287000000004e-03         7.9750899999999996e-04
11                                     1.2363751000000001e-03         6.0921724999999996e-03         6.3470643999999996e-03         4.5901602700000002e-02        -1.3400390599999999e-02        -1.4907716200000001e-02        -1.1999403600000000e-02        -1.4249200000000000e-04
12                                     1.3385826100000000e-02         1.8939731000000000e-03        -5.3617897000000003e-03        -1.3400390599999999e-02         1.2641860899999999e-02         1.1855600000000000e-05         2.3962399999999999e-05         6.2727900000000001e-04
13                                    -1.4919585300000000e-02         7.1992289999999999e-04        -6.0819543000000002e-03        -1.4907716200000001e-02         1.1855600000000000e-05         3.5307038200000002e-02         4.7625143900000000e-02        -6.3450000000000002e-07
14                                    -1.2000820800000001e-02         3.5295000000000000e-05        -5.8879287000000004e-03        -1.1999403600000000e-02         2.3962399999999999e-05         4.7625143900000000e-02         1.0061705710000000e-01        -3.5149999999999999e-07
15                                     1.4298239999999999e-04         5.6833019999999999e-04         7.9750899999999996e-04        -1.4249200000000000e-04         6.2727900000000001e-04        -6.3450000000000002e-07        -3.5149999999999999e-07         2.4785728999999999e-03
16                                     2.1429950000000000e-04         1.7181020000000001e-04        -4.5861550000000001e-04         2.1455460000000001e-04         2.3980000000000002e-07         3.9394179999999998e-04         2.5732061999999998e-03         2.4178000000000000e-06
17                                    -1.5183443999999999e-03         7.3485290000000001e-04         2.0451002999999999e-03        -1.5184892999999999e-03         8.5649999999999997e-07         2.6976716999999998e-03        -2.4955730000000002e-04        -6.0766000000000004e-06
                                                        16                          17

0                                     -1.7390000000000000e-06         5.5180999999999997e-06
1                                     -1.3450807000000000e-03         1.0559244299999999e-02
2                                      6.8378058000000000e-03        -2.6617115500000000e-02
3                                      1.4760000000000000e-07        -1.9715000000000001e-06
4                                     -4.4111113999999998e-03        -6.4326640999999999e-03
5                                      1.0742258999999999e-03         3.1123117999999998e-03
6                                     -1.7287640000000000e-04        -7.3317930000000003e-04
7                                     -4.5738830000000003e-04         2.0447398000000001e-03
8                                      2.1429950000000000e-04        -1.5183443999999999e-03
9                                      1.7181020000000001e-04         7.3485290000000001e-04
10                                    -4.5861550000000001e-04         2.0451002999999999e-03
11                                     2.1455460000000001e-04        -1.5184892999999999e-03
12                                     2.3980000000000002e-07         8.5649999999999997e-07
13                                     3.9394179999999998e-04         2.6976716999999998e-03
14                                     2.5732061999999998e-03        -2.4955730000000002e-04
15                                     2.4178000000000000e-06        -6.0766000000000004e-06
16                                     6.2782541000000001e-03        -1.0914092000000000e-02
17                                    -1.0914092000000000e-02         2.6791194800000001e-02
   &MODES [&Type "ArrayOfDoubles", &Dim (18,18)] "The modes of vibrations"
                                                         0                           1                           2                           3                           4                           5                           6                           7

0                                      0.0000000000000000e+00         0.0000000000000000e+00         0.0000000000000000e+00         0.0000000000000000e+00         0.0000000000000000e+00         0.0000000000000000e+00         7.0631074596100017e-05         4.5123141274485594e-05
1                                      0.0000000000000000e+00         0.0000000000000000e+00         0.0000000000000000e+00         0.0000000000000000e+00         0.0000000000000000e+00         0.0000000000000000e+00         1.4680756500024589e-01         1.5377807856536524e-01
2                                      0.0000000000000000e+00         0.0000000000000000e+00         0.0000000000000000e+00         0.0000000000000000e+00         0.0000000000000000e+00         0.0000000000000000e+00        -5.7610687258724889e-02        -4.0339731184136127e-02
3                                      0.0000000000000000e+00         0.0000000000000000e+00         0.0000000000000000e+00         0.0000000000000000e+00         0.0000000000000000e+00         0.0000000000000000e+00         6.9184860403669068e-05        -8.1661091720203579e-05
4                                      0.0000000000000000e+00         0.0000000000000000e+00         0.0000000000000000e+00         0.0000000000000000e+00         0.0000000000000000e+00         0.0000000000000000e+00         1.8319081585953900e-01         1.9998433421892572e-01
5                                      0.0000000000000000e+00         0.0000000000000000e+00         0.0000000000000000e+00         0.0000000000000000e+00         0.0000000000000000e+00         0.0000000000000000e+00        -1.3202388665040917e-02        -2.9011001443373097e-03
6                                      0.0000000000000000e+00         0.0000000000000000e+00         0.0000000000000000e+00         0.0000000000000000e+00         0.0000000000000000e+00         0.0000000000000000e+00        -8.8705672633699077e-04        -2.4532599573428215e-03
7                                      0.0000000000000000e+00         0.0000000000000000e+00         0.0000000000000000e+00         0.0000000000000000e+00         0.0000000000000000e+00         0.0000000000000000e+00         1.4908887555091066e-01         1.5171661545379284e-01
8                                      0.0000000000000000e+00         0.0000000000000000e+00         0.0000000000000000e+00         0.0000000000000000e+00         0.0000000000000000e+00         0.0000000000000000e+00        -9.9808998008674724e-02        -9.6771299003884828e-02
9                                      0.0000000000000000e+00         0.0000000000000000e+00         0.0000000000000000e+00         0.0000000000000000e+00         0.0000000000000000e+00         0.0000000000000000e+00         1.0520026567600723e-03         2.7418202596480976e-03
10                                     0.0000000000000000e+00         0.0000000000000000e+00         0.0000000000000000e+00         0.0000000000000000e+00         0.0000000000000000e+00         0.0000000000000000e+00         1.4905080010075605e-01         1.5141256183818358e-01
11                                     0.0000000000000000e+00         0.0000000000000000e+00         0.0000000000000000e+00         0.0000000000000000e+00         0.0000000000000000e+00         0.0000000000000000e+00        -9.9799312030251372e-02        -9.6635512721191585e-02
12                                     0.0000000000000000e+00         0.0000000000000000e+00         0.0000000000000000e+00         0.0000000000000000e+00         0.0000000000000000e+00         0.0000000000000000e+00        -4.4299062084794598e-06        -2.1928269195992939e-06
13                                     0.0000000000000000e+00         0.0000000000000000e+00         0.0000000000000000e+00         0.0000000000000000e+00         0.0000000000000000e+00         0.0000000000000000e+00        -9.4355527154320606e-03        -6.8562732975236650e-03
14                                     0.0000000000000000e+00         0.0000000000000000e+00         0.0000000000000000e+00         0.0000000000000000e+00         0.0000000000000000e+00         0.0000000000000000e+00         2.9473975850994556e-02        -1.7185847264085348e-02
15                                     0.0000000000000000e+00         0.0000000000000000e+00         0.0000000000000000e+00         0.0000000000000000e+00         0.0000000000000000e+00         0.0000000000000000e+00        -2.7487028964684637e-05        -2.4858338668304848e-05
16                                     0.0000000000000000e+00         0.0000000000000000e+00         0.0000000000000000e+00         0.0000000000000000e+00         0.0000000000000000e+00         0.0000000000000000e+00        -5.5327674443252858e-02        -7.8119056732068398e-02
17                                     0.0000000000000000e+00         0.0000000000000000e+00         0.0000000000000000e+00         0.0000000000000000e+00         0.0000000000000000e+00         0.0000000000000000e+00        -1.4916161630345645e-01         1.5071496495575626e-01
                                                         8                           9                          10                          11                          12                          13                          14                          15

0                                     -9.7713298572887186e-02         3.6296892576705878e-05         2.7660083440518840e-05         9.2249864702262221e-02        -1.4896283970335139e-05         6.1438721038779176e-02         2.8719775448970509e-05        -1.9902487896512423e-05
1                                     -1.7966975271204995e-05         8.8885058401171363e-02         8.5347369970929204e-02        -3.3153132253919776e-05        -2.5941948173311944e-02        -2.2977958507906726e-05         7.1271694545928424e-02        -5.2465484859428368e-02
2                                     -7.9195864380642590e-06         2.3767239112080157e-01        -2.5295856032135633e-02        -6.8620703014620968e-06        -9.8712159888487389e-02         2.4718926066031729e-07        -1.4984269468508738e-02         5.4778239979759252e-02
3                                     -5.3335762793469432e-01        -1.8748340326125050e-05        -2.0251564395183324e-04        -3.3018917405658205e-01         1.6890158928476966e-04        -7.5946498087215186e-01         1.0821432639701952e-04         2.6982387434633528e-04
4                                      1.5434384729917519e-04         5.8432923294360929e-02        -4.8664948960384979e-01         9.7691917252311117e-05         3.8581961364673001e-01         3.2628777415111228e-04         1.7079840545479139e-01         6.9404519694833167e-01
5                                     -3.7638733184177258e-06         2.0857101010565463e-01        -6.0749405494987063e-01        -4.0413015939516655e-05         3.4835290520455020e-01         3.4454261906616152e-05         1.1919569390086564e-01        -6.6061436062191548e-01
6                                      2.0270761839526660e-01        -7.6710124063455870e-03        -4.0319735196525167e-02        -1.3983195500987200e-01         7.4986803322228388e-02        -7.1728215317612962e-02        -3.8321203542728166e-01         3.4398749117414508e-02
7                                      4.4092941373174388e-01         7.7346931105607433e-02        -2.3412327881935507e-02        -2.7421502426568578e-01         7.1255625907029732e-02        -1.6060063059803525e-01        -5.4310441353115646e-01        -3.7063710552121716e-02
8                                     -2.1137880942606993e-01         1.8128509207444424e-01         3.7741727829353211e-01        -5.4286514834125443e-01         5.3645412824888838e-01         3.9249956209913106e-01         2.9798872941344531e-02         9.9977462657019883e-03
9                                      2.0233043860699551e-01         7.7933696172449293e-03         4.0352363953044555e-02        -1.3953120714255526e-01        -7.4876534084916055e-02        -7.1587478121599490e-02         3.8273637594762805e-01        -3.4432243570041633e-02
10                                    -4.4122914048390366e-01         7.7245358871512820e-02        -2.3492148980242655e-02         2.7433350695666942e-01         7.1325583602130177e-02         1.6062251329779806e-01        -5.4346016640317107e-01        -3.7031877257710052e-02
11                                     2.1139096797618456e-01         1.8133747329307551e-01         3.7730936672942078e-01         5.4295280445711613e-01         5.3644206671902150e-01        -3.9250823522311373e-01         2.9793282468238813e-02         9.9990257843156731e-03
12                                     4.1841923186606549e-03        -5.5793815361689825e-06        -1.3773680986619989e-06        -4.4022062251807973e-03        -7.1967651877943497e-07         8.3259132856125398e-04         2.2375898193378169e-07         4.9702459943302068e-08
13                                     1.7883551872362357e-06        -1.1511024421921956e-02        -4.2165403084548784e-03         1.5793698914341482e-06        -1.5156176197784633e-03        -3.9366884178297855e-07         5.4553819974462094e-04         1.4774609295583889e-04
14                                     6.9627605362989811e-06        -2.2173666147368824e-02         7.7002869789996944e-04         1.9204147512938865e-07        -1.8861005418469360e-03        -1.9985939505974345e-07         1.3312255055313282e-04         1.8921334340801820e-04
15                                     4.0636201253858410e-02         8.8232339542709394e-06         7.2685188167696823e-07         3.4243394007397068e-03        -5.8732372929576153e-07         3.4954522431127136e-03        -1.5599132763288359e-07        -2.8837336219013142e-07
16                                     7.1273310254523441e-06         9.3915753083364268e-03         2.5157439004026699e-03        -1.0592574388252444e-06        -1.5110756017265177e-03        -1.3165071083543875e-06        -1.1479191827379422e-04        -7.1035090857516985e-04
17                                    -4.1947257267047492e-05        -3.2456468034940601e-02         3.0372373010215804e-03         5.4896402124838086e-07        -4.0220980065491416e-04        -1.8918938857228187e-07        -9.0195511021512464e-04        -1.9059945465255445e-03
                                                        16                          17

0                                      1.3390336225164255e-04        -8.7759165124288413e-02
1                                      6.1174861654660267e-02         1.1320313474827308e-04
2                                      7.3583594354387184e-04         4.7704942801764978e-06
3                                      4.2007574279024243e-05        -3.7234862414035313e-02
4                                     -1.0046000746979889e-02         5.1735584905350630e-06
5                                      3.3176968517863933e-02         4.1052382072947505e-05
6                                      5.8302203688921417e-01         5.4179590653016452e-01
7                                     -3.6279108966425877e-01        -3.9589111012015415e-01
8                                     -2.2022471127065048e-02        -1.7146490339973897e-02
9                                     -5.8465685554652125e-01         5.4073594272928138e-01
10                                    -3.6322930913189544e-01         3.9452883522612814e-01
11                                    -2.2012114260607903e-02         1.7045102361655427e-02
12                                     2.5639128819745258e-08        -2.6277150863637676e-05
13                                     5.3726613077705153e-05         8.1912687680006060e-08
14                                     5.0256641300047017e-05         6.4569060760018239e-08
15                                    -3.1652372668510751e-07         1.9741762355248021e-04
16                                     1.9252563732738429e-05        -1.1156044363761974e-07
17                                    -2.2482448121455054e-04        -2.4602271787388404e-07
$End
$THERMOCHEMISTRY_Energies
   &GeometryIndex 8
   &temperature [&Type "Double"]       2.9814999999999998e+02
   &pressure [&Type "Double"]       1.0000000000000000e+00
   &totalMass [&Type "Double"]       1.6093299999999999e+02
   &spinDegeneracy [&Type "Integer"] 1
   &elEnergy [&Type "Double"]      -1.2416188839149999e+01
   &transEnergy [&Type "Double"]       1.4162714244859817e-03
   &rotEnergy [&Type "Double"]       1.4162714244859817e-03
   &vibEnergy [&Type "Double"]       2.0134067979640374e-03
   &numOfFreqs [&Type "Integer"] 18
   &freqScalingFactor [&Type "Double"]       1.0000000000000000e+00
   &FREQ [&Type "ArrayOfDoubles", &Units "cm^-1", &Dim (18,1)] 
                                                         0

0                                      0.0000000000000000e+00
1                                      0.0000000000000000e+00
2                                      0.0000000000000000e+00
3                                      0.0000000000000000e+00
4                                      0.0000000000000000e+00
5                                      0.0000000000000000e+00
6                                      7.7666443869791806e+01
7                                      2.5769535310692675e+02
8                                      2.9763733779927310e+02
9                                      5.2104383821914905e+02
10                                     8.7554067160383170e+02
11                                     9.5900858765887233e+02
12                                     1.3012043309325381e+03
13                                     1.4025677499343474e+03
14                                     1.4417806813658501e+03
15                                     2.5352911610918650e+03
16                                     3.0328037146474608e+03
17                                     3.0395970615078877e+03
   &zpe [&Type "Double"]       3.5862543327342289e-02
   &innerEnergyU [&Type "Double"]      -1.2375480346175722e+01
   &enthalpyH [&Type "Double"]      -1.2374536137133463e+01
   &qEl [&Type "Double"]       0.0000000000000000e+00
   &qRot [&Type "Double"]       1.2421965116664439e-02
   &qVib [&Type "Double"]       3.5067353706431425e-03
   &qTrans [&Type "Double"]       1.9545129475932437e-02
   &entropyS [&Type "Double"]       3.5473829963240021e-02
   &freeEnergyG [&Type "Double"]      -1.2410009967096704e+01
   &isLinear [&Type "Boolean"] false
$End
$Calculation_Info
   &GeometryIndex 8
   &Mult [&Type "Integer"] 1
   &Charge [&Type "Integer"] -1
   &NumOfAtoms [&Type "Integer"] 6
   &NumOfElectrons [&Type "Integer"] 0
   &NumOfBasisFuncts [&Type "Integer"] 0
   &NumOfAuxCBasisFuncts [&Type "Integer"] 0
   &NumOfAuxJBasisFuncts [&Type "Integer"] 0
   &NumOfAuxJKBasisFuncts [&Type "Integer"] 0
   &NumOfCABSBasisFuncts [&Type "Integer"] 0
$End
$Calculation_Timings
   &GeometryIndex 8
   &GSTEP [&Type "Double"]       1.2958999999999832e-02
   &XTB [&Type "Double"]       1.1275479999999996e+00
   &XTBGRAD [&Type "Double"]       2.1850000000001035e-03
   &SUM [&Type "Double"]       1.1426919999999996e+00
$End
