
$orca_hessian_file

$act_atom
  0

$act_coord
  0

$act_energy
      -12.467195

$multiplicity
  1

$hessian
18
                    0                  1                  2                  3                  4        
    0      5.1596034840E-01  -8.8085000000E-06  -6.5868000000E-05  -4.3840969600E-02  -8.4692847000E-03
    1     -8.8085000000E-06   5.1571585470E-01   4.1561560000E-04  -8.4676647000E-03  -2.6728458410E-01
    2     -6.5868000000E-05   4.1561560000E-04   4.1195605840E-01  -2.5951039000E-03  -6.8677881600E-02
    3     -4.3840969600E-02  -8.4676647000E-03  -2.5951039000E-03   4.5428284400E-02   9.6852585000E-03
    4     -8.4692847000E-03  -2.6728458410E-01  -6.8677881600E-02   9.6852585000E-03   3.0080679650E-01
    5     -2.4928257000E-03  -6.5953639800E-02  -5.9399701100E-02   3.2012704000E-03   8.4369165100E-02
    6     -2.0470342380E-01   1.0149803900E-01  -5.6993212700E-02  -4.5019720000E-04   1.3400191000E-03
    7      1.0147920240E-01  -1.0742703620E-01   3.5853361600E-02   2.6201809800E-02  -1.9272313000E-02
    8     -5.4675096700E-02   3.4413249200E-02  -5.8499524800E-02   6.0369597000E-03  -3.7366205000E-03
    9     -2.1918057880E-01  -9.3022665700E-02   5.9768715600E-02  -2.6297457000E-03  -2.5996943000E-03
   10     -9.3001712000E-02  -9.2774568900E-02   3.1611998900E-02  -2.7445859400E-02  -1.7103851200E-02
   11      5.7347988700E-02   3.0349854400E-02  -5.8675325500E-02  -6.2923480000E-03  -3.2698051000E-03
   12     -1.4355099000E-03   1.6550000000E-07   5.8130000000E-07  -3.2334050000E-04   2.8667400000E-05
   13     -1.7500000000E-08  -1.4338913000E-03  -6.0561000000E-06   2.9912600000E-05   4.6668050000E-04
   14      1.0634000000E-06  -3.3592000000E-06   1.7832200000E-05  -4.0809600000E-05  -1.0625871000E-03
   15     -4.6799866400E-02   9.3450000000E-07  -1.1511230000E-04   1.8159686000E-03   1.5034100000E-05
   16      6.2040000000E-07  -4.6795774200E-02   8.0296150000E-04  -3.4567000000E-06   2.3872713000E-03
   17     -1.1526160000E-04   7.7827980000E-04  -2.3539933920E-01  -3.0996850000E-04  -7.6222707000E-03
                    5                  6                  7                  8                  9        
    0     -2.4928257000E-03  -2.0470342380E-01   1.0147920240E-01  -5.4675096700E-02  -2.1918057880E-01
    1     -6.5953639800E-02   1.0149803900E-01  -1.0742703620E-01   3.4413249200E-02  -9.3022665700E-02
    2     -5.9399701100E-02  -5.6993212700E-02   3.5853361600E-02  -5.8499524800E-02   5.9768715600E-02
    3      3.2012704000E-03  -4.5019720000E-04   2.6201809800E-02   6.0369597000E-03  -2.6297457000E-03
    4      8.4369165100E-02   1.3400191000E-03  -1.9272313000E-02  -3.7366205000E-03  -2.5996943000E-03
    5      8.1334815900E-02   3.4074710000E-04   6.8337821000E-03   3.8185995000E-03   1.8332580000E-04
    6      3.4074710000E-04   2.2929871480E-01  -1.1605478750E-01   7.0173638100E-02  -2.6472237500E-02
    7      6.8337821000E-03  -1.1605478750E-01   1.1814984700E-01  -4.4230646600E-02  -1.1208194600E-02
    8      3.8185995000E-03   7.0173638100E-02  -4.4230646600E-02   8.0187174100E-02   5.8197960000E-03
    9      1.8332580000E-04  -2.6472237500E-02  -1.1208194600E-02   5.8197960000E-03   2.4583357430E-01
   10      6.8812530000E-03   1.3709685200E-02   6.8133345000E-03  -3.7585555000E-03   1.0636377960E-01
   11      3.8282012000E-03  -6.0382398000E-03  -3.2933170000E-03   3.7793277000E-03  -7.3547032000E-02
   12      8.9270000000E-06   2.4149340000E-04  -3.5604030000E-04   2.1175860000E-04   2.9407990000E-04
   13      2.6202030000E-04  -3.5193880000E-04  -1.0310210000E-04  -1.2675640000E-04   3.2200540000E-04
   14     -1.5481880000E-03  -9.0699310000E-04   5.7682630000E-04  -1.5360396000E-03   9.4472150000E-04
   15     -1.2414446000E-03   2.0856503000E-03  -6.1989800000E-05  -2.7567055700E-02   2.1549077000E-03
   16     -3.2392580600E-02  -1.4101700000E-04   1.8392697000E-03   1.7439329700E-02   1.4476960000E-04
   17     -2.8033727600E-02  -6.5759397000E-03   4.2599936000E-03  -2.7749537000E-02   6.8304730000E-03
                   10                 11                 12                 13                 14        
    0     -9.3001712000E-02   5.7347988700E-02  -1.4355099000E-03  -1.7500000000E-08   1.0634000000E-06
    1     -9.2774568900E-02   3.0349854400E-02   1.6550000000E-07  -1.4338913000E-03  -3.3592000000E-06
    2      3.1611998900E-02  -5.8675325500E-02   5.8130000000E-07  -6.0561000000E-06   1.7832200000E-05
    3     -2.7445859400E-02  -6.2923480000E-03  -3.2334050000E-04   2.9912600000E-05  -4.0809600000E-05
    4     -1.7103851200E-02  -3.2698051000E-03   2.8667400000E-05   4.6668050000E-04  -1.0625871000E-03
    5      6.8812530000E-03   3.8282012000E-03   8.9270000000E-06   2.6202030000E-04  -1.5481880000E-03
    6      1.3709685200E-02  -6.0382398000E-03   2.4149340000E-04  -3.5193880000E-04  -9.0699310000E-04
    7      6.8133345000E-03  -3.2933170000E-03  -3.5604030000E-04  -1.0310210000E-04   5.7682630000E-04
    8     -3.7585555000E-03   3.7793277000E-03   2.1175860000E-04  -1.2675640000E-04  -1.5360396000E-03
    9      1.0636377960E-01  -7.3547032000E-02   2.9407990000E-04   3.2200540000E-04   9.4472150000E-04
   10      1.0139477190E-01  -3.8996518300E-02   3.2722170000E-04  -1.5411000000E-04   5.0639470000E-04
   11     -3.8996518300E-02   8.0408545300E-02  -2.2349210000E-04  -1.1089860000E-04  -1.5371720000E-03
   12      3.2722170000E-04  -2.2349210000E-04   4.2074850000E-04  -1.5600000000E-08   5.6016000000E-06
   13     -1.5411000000E-04  -1.1089860000E-04  -1.5600000000E-08   4.2116530000E-04  -3.6709600000E-05
   14      5.0639470000E-04  -1.5371720000E-03   5.6016000000E-06  -3.6709600000E-05   9.4420067000E-03
   15      4.6884900000E-05   2.8753123300E-02   8.0252870000E-04   5.3900000000E-08  -3.5838000000E-06
   16      1.8244237000E-03   1.5320684700E-02   1.3000000000E-09   8.0325770000E-04   1.9435000000E-05
   17      3.7554272000E-03  -2.7803576800E-02  -3.3763000000E-06   1.8400400000E-05  -4.8384393000E-03
                   15                 16                 17        
     0     -4.6799866400E-02   6.2040000000E-07  -1.1526160000E-04
     1      9.3450000000E-07  -4.6795774200E-02   7.7827980000E-04
     2     -1.1511230000E-04   8.0296150000E-04  -2.3539933920E-01
     3      1.8159686000E-03  -3.4567000000E-06  -3.0996850000E-04
     4      1.5034100000E-05   2.3872713000E-03  -7.6222707000E-03
     5     -1.2414446000E-03  -3.2392580600E-02  -2.8033727600E-02
     6      2.0856503000E-03  -1.4101700000E-04  -6.5759397000E-03
     7     -6.1989800000E-05   1.8392697000E-03   4.2599936000E-03
     8     -2.7567055700E-02   1.7439329700E-02  -2.7749537000E-02
     9      2.1549077000E-03   1.4476960000E-04   6.8304730000E-03
    10      4.6884900000E-05   1.8244237000E-03   3.7554272000E-03
    11      2.8753123300E-02   1.5320684700E-02  -2.7803576800E-02
    12      8.0252870000E-04   1.3000000000E-09  -3.3763000000E-06
    13      5.3900000000E-08   8.0325770000E-04   1.8400400000E-05
    14     -3.5838000000E-06   1.9435000000E-05  -4.8384393000E-03
    15      3.9940811000E-02  -9.1770000000E-07   1.7407310000E-04
    16     -9.1770000000E-07   3.9941551700E-02  -1.1898303000E-03
    17      1.7407310000E-04  -1.1898303000E-03   3.2382461980E-01

$vibrational_frequencies
18
    0        0.0000000000000000
    1        0.0000000000000000
    2        0.0000000000000000
    3        0.0000000000000000
    4        0.0000000000000000
    5        0.0000000000000000
    6       96.1324402571171106
    7      100.3568153523923883
    8      100.3919245621233500
    9     1000.9389087829404161
   10     1106.1047147655363005
   11     1106.1278173428936498
   12     1386.4811230125312704
   13     1451.6224780638958691
   14     1451.8316065677176994
   15     3036.7528134056738054
   16     3043.8089252264912830
   17     3044.1787102827393028

$normal_modes
18 18
                    0                  1                  2                  3                  4        
    0      0.0000000000E+00   0.0000000000E+00   0.0000000000E+00   0.0000000000E+00   0.0000000000E+00
    1      0.0000000000E+00   0.0000000000E+00   0.0000000000E+00   0.0000000000E+00   0.0000000000E+00
    2      0.0000000000E+00   0.0000000000E+00   0.0000000000E+00   0.0000000000E+00   0.0000000000E+00
    3      0.0000000000E+00   0.0000000000E+00   0.0000000000E+00   0.0000000000E+00   0.0000000000E+00
    4      0.0000000000E+00   0.0000000000E+00   0.0000000000E+00   0.0000000000E+00   0.0000000000E+00
    5      0.0000000000E+00   0.0000000000E+00   0.0000000000E+00   0.0000000000E+00   0.0000000000E+00
    6      0.0000000000E+00   0.0000000000E+00   0.0000000000E+00   0.0000000000E+00   0.0000000000E+00
    7      0.0000000000E+00   0.0000000000E+00   0.0000000000E+00   0.0000000000E+00   0.0000000000E+00
    8      0.0000000000E+00   0.0000000000E+00   0.0000000000E+00   0.0000000000E+00   0.0000000000E+00
    9      0.0000000000E+00   0.0000000000E+00   0.0000000000E+00   0.0000000000E+00   0.0000000000E+00
   10      0.0000000000E+00   0.0000000000E+00   0.0000000000E+00   0.0000000000E+00   0.0000000000E+00
   11      0.0000000000E+00   0.0000000000E+00   0.0000000000E+00   0.0000000000E+00   0.0000000000E+00
   12      0.0000000000E+00   0.0000000000E+00   0.0000000000E+00   0.0000000000E+00   0.0000000000E+00
   13      0.0000000000E+00   0.0000000000E+00   0.0000000000E+00   0.0000000000E+00   0.0000000000E+00
   14      0.0000000000E+00   0.0000000000E+00   0.0000000000E+00   0.0000000000E+00   0.0000000000E+00
   15      0.0000000000E+00   0.0000000000E+00   0.0000000000E+00   0.0000000000E+00   0.0000000000E+00
   16      0.0000000000E+00   0.0000000000E+00   0.0000000000E+00   0.0000000000E+00   0.0000000000E+00
   17      0.0000000000E+00   0.0000000000E+00   0.0000000000E+00   0.0000000000E+00   0.0000000000E+00
                    5                  6                  7                  8                  9        
    0      0.0000000000E+00   4.9535962014E-04  -3.3042283130E-01  -8.5116687002E-03  -3.4728343711E-04
    1      0.0000000000E+00   7.3513454680E-03   8.5128487066E-03  -3.3043740068E-01   2.5796716055E-03
    2      0.0000000000E+00   4.4943847215E-01   2.3084470677E-04   2.7117948241E-03  -5.6457062247E-01
    3      0.0000000000E+00   5.7846280200E-04  -4.5602418552E-01  -1.1731275516E-02  -7.2053773791E-04
    4      0.0000000000E+00   1.1211622415E-02   1.1662697991E-02  -4.6349081640E-01  -1.1177444659E-02
    5      0.0000000000E+00   4.3000760579E-01   4.8930810165E-03   3.8849665181E-01  -4.0852808544E-01
    6      0.0000000000E+00   6.4489661290E-04  -4.5926731332E-01  -8.8620569235E-03  -1.1339583167E-02
    7      0.0000000000E+00   1.0754220773E-02   1.4359577654E-02  -4.5606903501E-01   8.1068591298E-03
    8      0.0000000000E+00   4.4605614761E-01   3.3273091693E-01  -1.9505056531E-01  -4.0963563837E-01
    9      0.0000000000E+00   4.9777549883E-04  -4.6004252052E-01  -1.4836988215E-02   1.1303681859E-02
   10      0.0000000000E+00   1.0756988712E-02   9.4130597039E-03  -4.5578866698E-01   7.2483704263E-03
   11      0.0000000000E+00   4.4580090612E-01  -3.3665978222E-01  -1.8712278814E-01  -4.0958753011E-01
   12      0.0000000000E+00  -8.4156378052E-05   1.3991440287E-02   3.5982200976E-04   9.0938933659E-08
   13      0.0000000000E+00   6.8393286996E-05  -3.6048218740E-04   1.3995157531E-02  -6.3883524695E-07
   14      0.0000000000E+00  -1.2007697942E-01  -7.8696361988E-06  -1.0396263187E-03  -2.5115668773E-05
   15      0.0000000000E+00   1.5763638195E-04   1.8841623044E-01   4.8576693831E-03   2.5908894469E-04
   16      0.0000000000E+00  -6.8407586636E-03  -4.8542717268E-03   1.8840138096E-01  -1.8483300683E-03
   17      0.0000000000E+00   4.4779048440E-01  -1.4453881407E-04   4.8943745379E-03   4.2224540419E-01
                   10                 11                 12                 13                 14        
    0      1.3468679234E-01   7.4205203127E-03  -6.9097271558E-05   2.6870794683E-03   6.4397319522E-02
    1     -7.4198417475E-03   1.3470829718E-01   5.6688946590E-04   6.4374158195E-02  -2.6870479181E-03
    2     -1.1997960759E-04   6.9234784108E-04  -1.1281854294E-01   4.2171778041E-04  -5.8444201846E-05
    3     -2.6756428121E-01  -9.6790597536E-03  -6.9934049788E-03   1.5455139694E-03  -7.3596125577E-01
    4      1.2660236444E-02  -1.4841989925E-01  -1.9818577793E-01   1.2829903717E-01   2.7144172376E-02
    5     -1.2832564558E-02   7.4731891120E-01   5.3791175951E-01  -3.2496253815E-01   1.9390807660E-03
    6     -1.7659858509E-01  -6.5197039323E-02  -1.6631455663E-01  -3.9311853523E-01  -1.0160892822E-01
    7     -4.4938159630E-02  -2.3468188517E-01   1.0155624307E-01  -5.0851747325E-01  -3.6689901065E-01
    8      6.5424310528E-01  -3.6360320971E-01   5.3969139458E-01   1.5884590880E-01  -2.8327694606E-01
    9     -1.7526102073E-01   4.0739249363E-02   1.7430817356E-01   3.5343426139E-01  -7.6214094292E-02
   10      6.6408214758E-02  -2.3672986095E-01   8.8697226854E-02  -5.3353146796E-01   3.7788655305E-01
   11     -6.4091374205E-01  -3.8627137623E-01   5.3938038145E-01   1.6059512301E-01   2.8216348011E-01
   12      1.3057468492E-05   7.1507820411E-07  -9.5212299942E-08   9.8766146646E-07   2.3388210024E-05
   13     -7.1021979867E-07   1.3054252977E-05   1.1054377370E-06   2.3463935206E-05  -9.7044799008E-07
   14      1.0951107389E-08  -7.2314932051E-07  -1.9510694201E-04   2.5967170430E-07  -4.5972591383E-08
   15     -5.2373975021E-02  -2.8849704384E-03  -8.7484937361E-06   3.1814002641E-04   7.6139795708E-03
   16      2.8848569438E-03  -5.2365914498E-02   5.5088801243E-05   7.6262930740E-03  -3.1790115320E-04
   17      4.9421639911E-05  -2.9728930061E-04  -1.3164375917E-02   2.4606473454E-05  -6.5487160848E-06
                   15                 16                 17        
     0      1.4206874124E-04  -3.1985706404E-03   8.9732020504E-02
     1      1.9904637561E-03  -8.9686914311E-02  -3.2017173015E-03
     2      3.7446084885E-02   5.9194861463E-04  -8.7513558097E-05
     3     -2.1504913622E-02   2.8605011711E-02   4.5389399213E-02
     4     -5.6860674006E-01   7.5281279511E-01  -2.9108506812E-03
     5     -1.7775767080E-01   2.5988598063E-01  -4.5880113756E-04
     6     -4.5893298820E-01  -3.5937570924E-01  -5.5084878896E-01
     7      2.9017788806E-01   1.7991538662E-01   3.7393196866E-01
     8     -1.6469152530E-01  -1.3436445403E-01  -2.2397612234E-01
     9      4.7868407746E-01   3.6942459819E-01  -5.7891512185E-01
    10      2.5461573060E-01   1.5112781369E-01  -3.3232875810E-01
    11     -1.6522116427E-01  -1.3405350135E-01   2.2551772065E-01
    12      2.6606676372E-08   6.2850627167E-07  -1.7660147265E-05
    13     -6.7170254192E-07   1.7610535522E-05   6.1997383400E-07
    14      5.7337594093E-05   1.4438064589E-06  -1.0257400093E-08
    15      3.0577386667E-06  -3.2890691269E-05   9.2216454878E-04
    16      9.5486498406E-06  -9.2283885430E-04  -3.2884878998E-05
    17      2.8787586594E-03   6.8802858104E-05  -2.0545603185E-06

#
# The atoms: label  mass x y z (in bohrs)
#
$atoms
6
 C     12.01100     -0.002998120460     0.017209521751    -4.755615524447
 H      1.00800      0.070633127559     1.961624031736    -4.098909378088
 H      1.00800      1.647131288396    -1.022128748611    -4.112274501438
 H      1.00800     -1.725545185203    -0.895285987723    -4.109688203254
 I    126.90000      0.001031807180    -0.006205892817     1.650420940148
 F     18.99800     -0.004583792553     0.028227248289    -7.363895156396

$actual_temperature
  0.000000

$frequency_scale_factor
  1.000000


$end

