
$orca_hessian_file

$act_atom
  0

$act_coord
  0

$act_energy
      -12.416189

$multiplicity
  1

$hessian
18
                    0                  1                  2                  3                  4        
    0      4.7636621700E-01  -3.9410100000E-05  -3.9198900000E-05  -3.8943388500E-02  -3.1110500000E-05
    1     -3.9410100000E-05   3.9986665350E-01  -6.7292458200E-02  -3.0685500000E-05  -1.1893007960E-01
    2     -3.9198900000E-05  -6.7292458200E-02   2.8504644310E-01   3.0730600000E-05   8.5728413600E-02
    3     -3.8943388500E-02  -3.0685500000E-05   3.0730600000E-05   4.8946138300E-02   3.4473400000E-05
    4     -3.1110500000E-05  -1.1893007960E-01   8.5728413600E-02   3.4473400000E-05   1.3823867190E-01
    5      3.6863800000E-05   9.5783214300E-02  -1.2327658420E-01  -3.7156900000E-05  -9.4220665800E-02
    6     -2.1117310850E-01   1.1642723770E-01   7.2298583000E-03  -1.7731178000E-03   1.0523187000E-03
    7      1.2555371920E-01  -1.2536247640E-01  -2.5325166000E-03   1.6852066100E-02  -1.0232000700E-02
    8      7.8268725000E-03  -3.1794512000E-03  -3.7817899400E-02  -1.5594001600E-02   1.0325559900E-02
    9     -2.1138769200E-01  -1.1634918040E-01  -7.2165374000E-03  -1.7874147000E-03  -1.0585573000E-03
   10     -1.2547528800E-01  -1.2514559930E-01  -2.5162333000E-03  -1.6859484900E-02  -1.0216313400E-02
   11     -7.8141533000E-03  -3.1619783000E-03  -3.7817070000E-02   1.5603258700E-02   1.0311671700E-02
   12     -1.6599099500E-02  -6.5358000000E-06  -1.0009400000E-05  -4.6336370000E-04   2.0700000000E-06
   13     -6.1716000000E-06  -2.9083417500E-02  -2.0225011300E-02   3.4833000000E-06   5.5508332000E-03
   14     -1.5902200000E-05  -3.2708570900E-02  -5.9517773900E-02  -8.5920000000E-07  -5.7123154000E-03
   15      1.7370716000E-03  -1.4259000000E-06   5.1569000000E-06  -5.9788537000E-03   8.0580000000E-07
   16     -1.7390000000E-06  -1.3450807000E-03   6.8378058000E-03   1.4760000000E-07  -4.4111114000E-03
   17      5.5181000000E-06   1.0559244300E-02  -2.6617115500E-02  -1.9715000000E-06  -6.4326641000E-03
                    5                  6                  7                  8                  9        
    0      3.6863800000E-05  -2.1117310850E-01   1.2555371920E-01   7.8268725000E-03  -2.1138769200E-01
    1      9.5783214300E-02   1.1642723770E-01  -1.2536247640E-01  -3.1794512000E-03  -1.1634918040E-01
    2     -1.2327658420E-01   7.2298583000E-03  -2.5325166000E-03  -3.7817899400E-02  -7.2165374000E-03
    3     -3.7156900000E-05  -1.7731178000E-03   1.6852066100E-02  -1.5594001600E-02  -1.7874147000E-03
    4     -9.4220665800E-02   1.0523187000E-03  -1.0232000700E-02   1.0325559900E-02  -1.0585573000E-03
    5      1.2861832970E-01  -1.2510700000E-05  -1.1834619000E-03   4.1984590000E-03   1.2267800000E-05
    6     -1.2510700000E-05   2.3816731400E-01  -1.3178665000E-01  -6.1036286000E-03  -2.7688038000E-02
    7     -1.1834619000E-03  -1.3178665000E-01   1.3189053940E-01   6.3643701000E-03  -1.5174623300E-02
    8      4.1984590000E-03  -6.1036286000E-03   6.3643701000E-03   4.5902230500E-02   3.4194920000E-04
    9      1.2267800000E-05  -2.7688038000E-02  -1.5174623300E-02   3.4194920000E-04   2.3840084140E-01
   10     -1.1828097000E-03   1.5208425700E-02   1.0247767400E-02   1.1948071000E-03   1.3169062800E-01
   11      4.1969851000E-03  -3.3839530000E-04   1.1964037000E-03   1.2363751000E-03   6.0921725000E-03
   12     -2.4490000000E-07   1.8993503000E-03   5.3541601000E-03   1.3385826100E-02   1.8939731000E-03
   13     -2.7050280000E-04  -7.2845570000E-04  -6.0864414000E-03  -1.4919585300E-02   7.1992290000E-04
   14     -1.6849501400E-02  -4.2144400000E-05  -5.8895351000E-03  -1.2000820800E-02   3.5295000000E-05
   15      7.8100000000E-07   5.6760000000E-04  -7.9867210000E-04   1.4298240000E-04   5.6833020000E-04
   16      1.0742259000E-03  -1.7287640000E-04  -4.5738830000E-04   2.1429950000E-04   1.7181020000E-04
   17      3.1123118000E-03  -7.3317930000E-04   2.0447398000E-03  -1.5183444000E-03   7.3485290000E-04
                   10                 11                 12                 13                 14        
    0     -1.2547528800E-01  -7.8141533000E-03  -1.6599099500E-02  -6.1716000000E-06  -1.5902200000E-05
    1     -1.2514559930E-01  -3.1619783000E-03  -6.5358000000E-06  -2.9083417500E-02  -3.2708570900E-02
    2     -2.5162333000E-03  -3.7817070000E-02  -1.0009400000E-05  -2.0225011300E-02  -5.9517773900E-02
    3     -1.6859484900E-02   1.5603258700E-02  -4.6336370000E-04   3.4833000000E-06  -8.5920000000E-07
    4     -1.0216313400E-02   1.0311671700E-02   2.0700000000E-06   5.5508332000E-03  -5.7123154000E-03
    5     -1.1828097000E-03   4.1969851000E-03  -2.4490000000E-07  -2.7050280000E-04  -1.6849501400E-02
    6      1.5208425700E-02  -3.3839530000E-04   1.8993503000E-03  -7.2845570000E-04  -4.2144400000E-05
    7      1.0247767400E-02   1.1964037000E-03   5.3541601000E-03  -6.0864414000E-03  -5.8895351000E-03
    8      1.1948071000E-03   1.2363751000E-03   1.3385826100E-02  -1.4919585300E-02  -1.2000820800E-02
    9      1.3169062800E-01   6.0921725000E-03   1.8939731000E-03   7.1992290000E-04   3.5295000000E-05
   10      1.3165471490E-01   6.3470644000E-03  -5.3617897000E-03  -6.0819543000E-03  -5.8879287000E-03
   11      6.3470644000E-03   4.5901602700E-02  -1.3400390600E-02  -1.4907716200E-02  -1.1999403600E-02
   12     -5.3617897000E-03  -1.3400390600E-02   1.2641860900E-02   1.1855600000E-05   2.3962400000E-05
   13     -6.0819543000E-03  -1.4907716200E-02   1.1855600000E-05   3.5307038200E-02   4.7625143900E-02
   14     -5.8879287000E-03  -1.1999403600E-02   2.3962400000E-05   4.7625143900E-02   1.0061705710E-01
   15      7.9750900000E-04  -1.4249200000E-04   6.2727900000E-04  -6.3450000000E-07  -3.5150000000E-07
   16     -4.5861550000E-04   2.1455460000E-04   2.3980000000E-07   3.9394180000E-04   2.5732062000E-03
   17      2.0451003000E-03  -1.5184893000E-03   8.5650000000E-07   2.6976717000E-03  -2.4955730000E-04
                   15                 16                 17        
     0      1.7370716000E-03  -1.7390000000E-06   5.5181000000E-06
     1     -1.4259000000E-06  -1.3450807000E-03   1.0559244300E-02
     2      5.1569000000E-06   6.8378058000E-03  -2.6617115500E-02
     3     -5.9788537000E-03   1.4760000000E-07  -1.9715000000E-06
     4      8.0580000000E-07  -4.4111114000E-03  -6.4326641000E-03
     5      7.8100000000E-07   1.0742259000E-03   3.1123118000E-03
     6      5.6760000000E-04  -1.7287640000E-04  -7.3317930000E-04
     7     -7.9867210000E-04  -4.5738830000E-04   2.0447398000E-03
     8      1.4298240000E-04   2.1429950000E-04  -1.5183444000E-03
     9      5.6833020000E-04   1.7181020000E-04   7.3485290000E-04
    10      7.9750900000E-04  -4.5861550000E-04   2.0451003000E-03
    11     -1.4249200000E-04   2.1455460000E-04  -1.5184893000E-03
    12      6.2727900000E-04   2.3980000000E-07   8.5650000000E-07
    13     -6.3450000000E-07   3.9394180000E-04   2.6976717000E-03
    14     -3.5150000000E-07   2.5732062000E-03  -2.4955730000E-04
    15      2.4785729000E-03   2.4178000000E-06  -6.0766000000E-06
    16      2.4178000000E-06   6.2782541000E-03  -1.0914092000E-02
    17     -6.0766000000E-06  -1.0914092000E-02   2.6791194800E-02

$vibrational_frequencies
18
    0        0.0000000000000000
    1        0.0000000000000000
    2        0.0000000000000000
    3        0.0000000000000000
    4        0.0000000000000000
    5        0.0000000000000000
    6       77.6664438697918058
    7      257.6953531069267456
    8      297.6373377992730980
    9      521.0438382191490518
   10      875.5406716038316972
   11      959.0085876588723295
   12     1301.2043309325381415
   13     1402.5677499343473755
   14     1441.7806813658501142
   15     2535.2911610918649785
   16     3032.8037146474607653
   17     3039.5970615078877017

$normal_modes
18 18
                    0                  1                  2                  3                  4        
    0      0.0000000000E+00   0.0000000000E+00   0.0000000000E+00   0.0000000000E+00   0.0000000000E+00
    1      0.0000000000E+00   0.0000000000E+00   0.0000000000E+00   0.0000000000E+00   0.0000000000E+00
    2      0.0000000000E+00   0.0000000000E+00   0.0000000000E+00   0.0000000000E+00   0.0000000000E+00
    3      0.0000000000E+00   0.0000000000E+00   0.0000000000E+00   0.0000000000E+00   0.0000000000E+00
    4      0.0000000000E+00   0.0000000000E+00   0.0000000000E+00   0.0000000000E+00   0.0000000000E+00
    5      0.0000000000E+00   0.0000000000E+00   0.0000000000E+00   0.0000000000E+00   0.0000000000E+00
    6      0.0000000000E+00   0.0000000000E+00   0.0000000000E+00   0.0000000000E+00   0.0000000000E+00
    7      0.0000000000E+00   0.0000000000E+00   0.0000000000E+00   0.0000000000E+00   0.0000000000E+00
    8      0.0000000000E+00   0.0000000000E+00   0.0000000000E+00   0.0000000000E+00   0.0000000000E+00
    9      0.0000000000E+00   0.0000000000E+00   0.0000000000E+00   0.0000000000E+00   0.0000000000E+00
   10      0.0000000000E+00   0.0000000000E+00   0.0000000000E+00   0.0000000000E+00   0.0000000000E+00
   11      0.0000000000E+00   0.0000000000E+00   0.0000000000E+00   0.0000000000E+00   0.0000000000E+00
   12      0.0000000000E+00   0.0000000000E+00   0.0000000000E+00   0.0000000000E+00   0.0000000000E+00
   13      0.0000000000E+00   0.0000000000E+00   0.0000000000E+00   0.0000000000E+00   0.0000000000E+00
   14      0.0000000000E+00   0.0000000000E+00   0.0000000000E+00   0.0000000000E+00   0.0000000000E+00
   15      0.0000000000E+00   0.0000000000E+00   0.0000000000E+00   0.0000000000E+00   0.0000000000E+00
   16      0.0000000000E+00   0.0000000000E+00   0.0000000000E+00   0.0000000000E+00   0.0000000000E+00
   17      0.0000000000E+00   0.0000000000E+00   0.0000000000E+00   0.0000000000E+00   0.0000000000E+00
                    5                  6                  7                  8                  9        
    0      0.0000000000E+00   1.8283241928E-04   1.1312738075E-04  -1.0560150120E-01   8.3077016850E-05
    1      0.0000000000E+00   3.8001945221E-01   3.8553413510E-01  -1.9417413887E-05   2.0344180921E-01
    2      0.0000000000E+00  -1.4912843090E-01  -1.0113498307E-01  -8.5589190925E-06   5.4398908116E-01
    3      0.0000000000E+00   1.7908881434E-04  -2.0473099067E-04  -5.7641454141E-01  -4.2911557288E-05
    4      0.0000000000E+00   4.7419949709E-01   5.0137697158E-01   1.6680372287E-04   1.3374238422E-01
    5      0.0000000000E+00  -3.4175108812E-02  -7.2732937323E-03  -4.0677234170E-06   4.7738128779E-01
    6      0.0000000000E+00  -2.2961950988E-03  -6.1505220033E-03   2.1907180619E-01  -1.7557558835E-02
    7      0.0000000000E+00   3.8592474998E-01   3.8036587962E-01   4.7652477906E-01   1.7703312440E-01
    8      0.0000000000E+00  -2.5836107798E-01  -2.4261350780E-01  -2.2844300544E-01   4.1492876056E-01
    9      0.0000000000E+00   2.7231667070E-03   6.8739661223E-03   2.1866417742E-01   1.7837612342E-02
   10      0.0000000000E+00   3.8582618958E-01   3.7960359250E-01  -4.7684870216E-01   1.7680064394E-01
   11      0.0000000000E+00  -2.5833600529E-01  -2.4227308056E-01   2.2845614553E-01   4.1504865168E-01
   12      0.0000000000E+00  -1.1467055738E-05  -5.4975952214E-06   4.5219739443E-03  -1.2770194388E-05
   13      0.0000000000E+00  -2.4424446889E-02  -1.7189234125E-02   1.9327255881E-06  -2.6346651241E-02
   14      0.0000000000E+00   7.6295006714E-02  -4.3086315181E-02   7.5248505154E-06  -5.0751508060E-02
   15      0.0000000000E+00  -7.1151685473E-05  -6.2321874405E-05   4.3916681948E-02   2.0194785389E-05
   16      0.0000000000E+00  -1.4321872673E-01  -1.9585082122E-01   7.7027064569E-06   2.1495615871E-02
   17      0.0000000000E+00  -3.8611304341E-01   3.7785466045E-01  -4.5333576937E-05  -7.4286980246E-02
                   10                 11                 12                 13                 14        
    0      2.9107896760E-05   9.7427295790E-02  -1.5901378154E-05   6.3016384005E-02   2.9715420949E-05
    1      8.9814712207E-02  -3.5013818534E-05  -2.7692324393E-02  -2.3568001295E-05   7.3742512679E-02
    2     -2.6619918462E-02  -7.2471971113E-06  -1.0537254700E-01   2.5353674537E-07  -1.5503738031E-02
    3     -2.1311593181E-04  -3.4872071012E-01   1.8029785465E-04  -7.7896701076E-01   1.1196585667E-04
    4     -5.1212221149E-01   1.0317477808E-04   4.1185194832E-01   3.3466640132E-04   1.7671957514E-01
    5     -6.3929215079E-01  -4.2681155906E-05   3.7185725566E-01   3.5339000588E-05   1.2332792176E-01
    6     -4.2430193387E-02  -1.4767988317E-01   8.0046373887E-02  -7.3570098531E-02  -3.9649707449E-01
    7     -2.4637800691E-02  -2.8960506734E-01   7.6063443435E-02  -1.6472463681E-01  -5.6193253655E-01
    8      3.9717245234E-01  -5.7333291005E-01   5.7265019737E-01   4.0257841812E-01   3.0831928155E-02
    9      4.2464530032E-02  -1.4736225613E-01  -7.9928664474E-02  -7.3425747394E-02   3.9600492504E-01
   10     -2.4721799869E-02   2.8973019975E-01   7.6138121373E-02   1.6474708143E-01  -5.6230062252E-01
   11      3.9705889235E-01   5.7342548578E-01   5.7263732202E-01  -4.0258731395E-01   3.0826143873E-02
   12     -1.4494637553E-06  -4.6492756321E-03  -7.6823511801E-07   8.5397114381E-04   2.3151616736E-07
   13     -4.4372469174E-03   1.6680104418E-06  -1.6178806041E-03  -4.0377772332E-07   5.6445069628E-04
   14      8.1033435379E-04   2.0281961022E-07  -2.0133610512E-03  -2.0499151306E-07   1.3773758902E-04
   15      7.6489753102E-07   3.6165270134E-03  -6.2695211350E-07   3.5852107124E-03  -1.6139917157E-07
   16      2.6474256263E-03  -1.1187071997E-06  -1.6130321234E-03  -1.3503132240E-06  -1.1877147783E-04
   17      3.1962155857E-03   5.7977407608E-07  -4.2934802735E-04  -1.9404751529E-07  -9.3322372331E-04
                   15                 16                 17        
     0     -2.0647006489E-05   1.3729487746E-04  -9.2098187003E-02
     1     -5.4428130392E-02   6.2724303506E-02   1.1880016701E-04
     2      5.6827401791E-02   7.5447325593E-04   5.0063588651E-06
     3      2.7991753160E-04   4.3071545523E-05  -3.9075842583E-02
     4      7.2000826026E-01  -1.0300446668E-02   5.4293515288E-06
     5     -6.8532683258E-01   3.4017277464E-02   4.3082109495E-05
     6      3.5685548457E-02   5.9778886627E-01   5.6858358493E-01
     7     -3.8450201616E-02  -3.7197989177E-01  -4.1546490832E-01
     8      1.0371745136E-02  -2.2580258060E-02  -1.7994253609E-02
     9     -3.5720295881E-02  -5.9946509175E-01   5.6747121400E-01
    10     -3.8417177492E-02  -3.7242921050E-01   4.1403527931E-01
    11      1.0373072519E-02  -2.2569638874E-02   1.7887852768E-02
    12      5.1561745362E-08   2.6288518752E-08  -2.7576355708E-05
    13      1.5327302576E-04   5.5087405086E-05   8.5962645806E-08
    14      1.9629149630E-04   5.1529545582E-05   6.7761508716E-08
    15     -2.9916092458E-07  -3.2454066528E-07   2.0717842046E-04
    16     -7.3692394113E-04   1.9740194227E-05  -1.1707625734E-07
    17     -1.9772945963E-03  -2.3051885389E-04  -2.5818666627E-07

#
# The atoms: label  mass x y z (in bohrs)
#
$atoms
6
 C     12.01100     -0.000837718192    -1.616297367650    -2.400811209887
 H      1.00800     -0.000305263040    -0.247048520335    -3.997161786349
 H      1.00800      1.674139587430    -2.796112037782    -2.481571082311
 H      1.00800     -1.676862702158    -2.794637266281    -2.481433990354
 I    126.90000      0.000056100917     0.092221824152     1.341689268923
 F     18.99800      0.000315571727     0.715596294604    -6.968753373536

$actual_temperature
  0.000000

$frequency_scale_factor
  1.000000


$end

