
$orca_hessian_file

$act_atom
  0

$act_coord
  0

$act_energy
      -12.418445

$multiplicity
  1

$hessian
18
                    0                  1                  2                  3                  4        
    0      4.9961829870E-01  -4.2830000000E-07  -1.4098000000E-06  -4.0444273800E-02  -7.7710000000E-07
    1     -4.2830000000E-07   4.9962369730E-01  -2.3321700000E-05  -6.6860000000E-07  -2.7983503150E-01
    2     -1.4098000000E-06  -2.3321700000E-05   2.1927264730E-01   4.7450000000E-07   8.7840934600E-02
    3     -4.0444273800E-02  -6.6860000000E-07   4.7450000000E-07   4.5444689900E-02   9.1940000000E-07
    4     -7.7710000000E-07  -2.7983503150E-01   8.7840934600E-02   9.1940000000E-07   3.1594641770E-01
    5      3.8660000000E-07   9.8845913900E-02  -5.7566124400E-02  -3.1870000000E-07  -9.3428873400E-02
    6     -2.1998680800E-01   1.0366600370E-01   7.6058847000E-02  -2.2075573000E-03   2.9188996000E-03
    7      1.0366493870E-01  -1.0029643100E-01  -4.3902630700E-02   2.7511359400E-02  -1.9781106400E-02
    8      8.5586192900E-02  -4.9414309300E-02  -5.7556716800E-02  -7.1227093000E-03   3.9581409000E-03
    9     -2.1999012330E-01  -1.0366493160E-01  -7.6057492100E-02  -2.2078333000E-03  -2.9190434000E-03
   10     -1.0366374160E-01  -1.0029405970E-01  -4.3900803300E-02  -2.7511676200E-02  -1.9780836900E-02
   11     -8.5585096400E-02  -4.9412373100E-02  -5.7555311700E-02   7.1228148000E-03   3.9580924000E-03
   12     -1.7090826800E-02   2.0200000000E-08  -2.7180000000E-07   3.6911440000E-04   1.7000000000E-09
   13      4.6000000000E-09  -1.7091556700E-02  -4.8988000000E-06   6.4100000000E-08   3.1814568000E-03
   14     -1.3660000000E-07   2.6153000000E-06  -6.0714794700E-02  -1.9290000000E-07  -2.4042345000E-03
   15     -2.1062668000E-03   4.6000000000E-09  -1.4780000000E-07  -9.5413990000E-04  -2.0000000000E-10
   16      3.6000000000E-09  -2.1066185000E-03  -9.2802000000E-06   1.9000000000E-09   2.6910030000E-04
   17      6.3300000000E-08   1.4750000000E-06   1.4120300300E-02  -6.8400000000E-08   7.5940000000E-05
                    5                  6                  7                  8                  9        
    0      3.8660000000E-07  -2.1998680800E-01   1.0366493870E-01   8.5586192900E-02  -2.1999012330E-01
    1      9.8845913900E-02   1.0366600370E-01  -1.0029643100E-01  -4.9414309300E-02  -1.0366493160E-01
    2     -5.7566124400E-02   7.6058847000E-02  -4.3902630700E-02  -5.7556716800E-02  -7.6057492100E-02
    3     -3.1870000000E-07  -2.2075573000E-03   2.7511359400E-02  -7.1227093000E-03  -2.2078333000E-03
    4     -9.3428873400E-02   2.9188996000E-03  -1.9781106400E-02   3.9581409000E-03  -2.9190434000E-03
    5      7.4149819000E-02  -1.3344670000E-04  -8.1448435000E-03   4.3857650000E-03   1.3342740000E-04
    6     -1.3344670000E-04   2.4831960040E-01  -1.1713619030E-01  -8.0893589900E-02  -2.8562962800E-02
    7     -8.1448435000E-03  -1.1713619030E-01   1.1307814660E-01   4.6705464900E-02  -1.2295666900E-02
    8      4.3857650000E-03  -8.0893589900E-02   4.6705464900E-02   7.4138436700E-02  -6.9868100000E-03
    9      1.3342740000E-04  -2.8562962800E-02  -1.2295666900E-02  -6.9868100000E-03   2.4832319560E-01
   10     -8.1446074000E-03   1.2296068500E-02   6.5800388000E-03   4.1885778000E-03   1.1713491750E-01
   11      4.3857148000E-03   6.9871426000E-03   4.1886126000E-03   4.3847244000E-03   8.0892361100E-02
   12     -2.8000000000E-08   2.4760066000E-03  -1.2158717000E-03   1.0428777400E-02   2.4759661000E-03
   13      1.2039929300E-02  -1.2163463000E-03   1.0696822000E-03  -6.0222153000E-03   1.2162864000E-03
   14     -1.7904115100E-02  -2.0840008000E-03   1.1942894000E-03  -1.7904811300E-02   2.0836847000E-03
   15     -2.0500000000E-08  -3.8278900000E-05  -5.2856910000E-04  -1.0118611000E-03  -3.8242300000E-05
   16     -1.1675188000E-03  -5.2843520000E-04  -6.5033030000E-04   5.8434100000E-04   5.2843800000E-04
   17     -7.4510593000E-03   6.5047700000E-05  -4.0892700000E-05  -7.4473980000E-03  -6.5171100000E-05
                   10                 11                 12                 13                 14        
    0     -1.0366374160E-01  -8.5585096400E-02  -1.7090826800E-02   4.6000000000E-09  -1.3660000000E-07
    1     -1.0029405970E-01  -4.9412373100E-02   2.0200000000E-08  -1.7091556700E-02   2.6153000000E-06
    2     -4.3900803300E-02  -5.7555311700E-02  -2.7180000000E-07  -4.8988000000E-06  -6.0714794700E-02
    3     -2.7511676200E-02   7.1228148000E-03   3.6911440000E-04   6.4100000000E-08  -1.9290000000E-07
    4     -1.9780836900E-02   3.9580924000E-03   1.7000000000E-09   3.1814568000E-03  -2.4042345000E-03
    5     -8.1446074000E-03   4.3857148000E-03  -2.8000000000E-08   1.2039929300E-02  -1.7904115100E-02
    6      1.2296068500E-02   6.9871426000E-03   2.4760066000E-03  -1.2163463000E-03  -2.0840008000E-03
    7      6.5800388000E-03   4.1886126000E-03  -1.2158717000E-03   1.0696822000E-03   1.1942894000E-03
    8      4.1885778000E-03   4.3847244000E-03   1.0428777400E-02  -6.0222153000E-03  -1.7904811300E-02
    9      1.1713491750E-01   8.0892361100E-02   2.4759661000E-03   1.2162864000E-03   2.0836847000E-03
   10      1.1307552270E-01   4.6703430400E-02   1.2158641000E-03   1.0696647000E-03   1.1942861000E-03
   11      4.6703430400E-02   7.4137001200E-02  -1.0429058900E-02  -6.0221079000E-03  -1.7904791400E-02
   12      1.2158641000E-03  -1.0429058900E-02   1.0604511700E-02  -6.5000000000E-09   5.8760000000E-07
   13      1.0696647000E-03  -6.0221079000E-03  -6.5000000000E-09   1.0604765200E-02   7.8446000000E-06
   14      1.1942861000E-03  -1.7904791400E-02   5.8760000000E-07   7.8446000000E-06   1.2825901920E-01
   15      5.2856760000E-04   1.0118367000E-03   1.1652281000E-03  -2.3000000000E-09   5.7900000000E-08
   16     -6.5032950000E-04   5.8434570000E-04  -7.7000000000E-09   1.1659879000E-03   5.1992000000E-06
   17     -4.0883500000E-05  -7.4473374000E-03  -6.3000000000E-09   1.4482000000E-06  -1.3830506600E-02
                   15                 16                 17        
     0     -2.1062668000E-03   3.6000000000E-09   6.3300000000E-08
     1      4.6000000000E-09  -2.1066185000E-03   1.4750000000E-06
     2     -1.4780000000E-07  -9.2802000000E-06   1.4120300300E-02
     3     -9.5413990000E-04   1.9000000000E-09  -6.8400000000E-08
     4     -2.0000000000E-10   2.6910030000E-04   7.5940000000E-05
     5     -2.0500000000E-08  -1.1675188000E-03  -7.4510593000E-03
     6     -3.8278900000E-05  -5.2843520000E-04   6.5047700000E-05
     7     -5.2856910000E-04  -6.5033030000E-04  -4.0892700000E-05
     8     -1.0118611000E-03   5.8434100000E-04  -7.4473980000E-03
     9     -3.8242300000E-05   5.2843800000E-04  -6.5171100000E-05
    10      5.2856760000E-04  -6.5032950000E-04  -4.0883500000E-05
    11      1.0118367000E-03   5.8434570000E-04  -7.4473374000E-03
    12      1.1652281000E-03  -7.7000000000E-09  -6.3000000000E-09
    13     -2.3000000000E-09   1.1659879000E-03   1.4482000000E-06
    14      5.7900000000E-08   5.1992000000E-06  -1.3830506600E-02
    15      1.9716999000E-03  -5.0000000000E-10   1.3480000000E-07
    16     -5.0000000000E-10   1.9721902000E-03   2.9131000000E-06
    17      1.3480000000E-07   2.9131000000E-06   2.2056001000E-02

$vibrational_frequencies
18
    0        0.0000000000000000
    1        0.0000000000000000
    2        0.0000000000000000
    3        0.0000000000000000
    4        0.0000000000000000
    5        0.0000000000000000
    6      128.1630489132529362
    7      128.1794692113407734
    8      174.4689522872887153
    9      448.4557094621705460
   10      856.2883275959203502
   11      856.3166692399967133
   12     1271.7557473308859244
   13     1464.3810568125816189
   14     1464.3952847561392900
   15     3127.7227426138101691
   16     3127.7540433555686832
   17     3130.1962726535698494

$normal_modes
18 18
                    0                  1                  2                  3                  4        
    0      0.0000000000E+00   0.0000000000E+00   0.0000000000E+00   0.0000000000E+00   0.0000000000E+00
    1      0.0000000000E+00   0.0000000000E+00   0.0000000000E+00   0.0000000000E+00   0.0000000000E+00
    2      0.0000000000E+00   0.0000000000E+00   0.0000000000E+00   0.0000000000E+00   0.0000000000E+00
    3      0.0000000000E+00   0.0000000000E+00   0.0000000000E+00   0.0000000000E+00   0.0000000000E+00
    4      0.0000000000E+00   0.0000000000E+00   0.0000000000E+00   0.0000000000E+00   0.0000000000E+00
    5      0.0000000000E+00   0.0000000000E+00   0.0000000000E+00   0.0000000000E+00   0.0000000000E+00
    6      0.0000000000E+00   0.0000000000E+00   0.0000000000E+00   0.0000000000E+00   0.0000000000E+00
    7      0.0000000000E+00   0.0000000000E+00   0.0000000000E+00   0.0000000000E+00   0.0000000000E+00
    8      0.0000000000E+00   0.0000000000E+00   0.0000000000E+00   0.0000000000E+00   0.0000000000E+00
    9      0.0000000000E+00   0.0000000000E+00   0.0000000000E+00   0.0000000000E+00   0.0000000000E+00
   10      0.0000000000E+00   0.0000000000E+00   0.0000000000E+00   0.0000000000E+00   0.0000000000E+00
   11      0.0000000000E+00   0.0000000000E+00   0.0000000000E+00   0.0000000000E+00   0.0000000000E+00
   12      0.0000000000E+00   0.0000000000E+00   0.0000000000E+00   0.0000000000E+00   0.0000000000E+00
   13      0.0000000000E+00   0.0000000000E+00   0.0000000000E+00   0.0000000000E+00   0.0000000000E+00
   14      0.0000000000E+00   0.0000000000E+00   0.0000000000E+00   0.0000000000E+00   0.0000000000E+00
   15      0.0000000000E+00   0.0000000000E+00   0.0000000000E+00   0.0000000000E+00   0.0000000000E+00
   16      0.0000000000E+00   0.0000000000E+00   0.0000000000E+00   0.0000000000E+00   0.0000000000E+00
   17      0.0000000000E+00   0.0000000000E+00   0.0000000000E+00   0.0000000000E+00   0.0000000000E+00
                    5                  6                  7                  8                  9        
    0      0.0000000000E+00   4.3254160612E-01   1.2057014774E-03   2.2084405759E-05  -5.4027297369E-06
    1      0.0000000000E+00   1.2057456752E-03  -4.3254380051E-01   9.5771178503E-04  -1.7343498535E-04
    2      0.0000000000E+00  -5.8283220590E-06   1.8295486702E-04   1.7058420704E-01  -6.7418081027E-01
    3      0.0000000000E+00   4.8980486999E-01   1.3699417562E-03   2.3193696559E-05  -2.3952477410E-06
    4      0.0000000000E+00   1.3949093365E-03  -5.0019215914E-01  -3.6902807381E-02   7.0846590714E-02
    5      0.0000000000E+00   4.8504141556E-04  -1.7490929749E-01   2.0224357349E-02  -4.1807842985E-01
    6      0.0000000000E+00   4.9735801835E-01   5.9479174553E-03  -3.2874856713E-02   6.1502240827E-02
    7      0.0000000000E+00  -3.4187112734E-03  -4.9218913586E-01   1.9976444938E-02  -3.5504322810E-02
    8      0.0000000000E+00   1.5127885642E-01   8.7985499721E-02   1.9835764197E-02  -4.1822578541E-01
    9      0.0000000000E+00   4.9738126831E-01  -3.1793279718E-03   3.2922461840E-02  -6.1508600529E-02
   10      0.0000000000E+00   6.1618957576E-03  -4.9215318603E-01   1.9977153505E-02  -3.5505232422E-02
   11      0.0000000000E+00  -1.5177459926E-01   8.7138539112E-02   1.9823528385E-02  -4.1822780254E-01
   12      0.0000000000E+00  -2.6123772870E-02  -7.2817467989E-05  -1.3581814404E-06   3.2837289749E-07
   13      0.0000000000E+00  -7.2819244476E-05   2.6123812219E-02  -5.9344325240E-05   1.0749049520E-05
   14      0.0000000000E+00  -8.3574211102E-07   3.7725770698E-05   1.2919561317E-01   7.5241307629E-02
   15      0.0000000000E+00  -1.7773296998E-01  -4.9546179846E-04  -8.6465831469E-06   1.6868436397E-06
   16      0.0000000000E+00  -4.9545466636E-04   1.7773358113E-01  -3.7095898348E-04   4.6496550109E-05
   17      0.0000000000E+00   9.8350713196E-06  -3.7905729456E-04  -9.7400636602E-01  -9.7888173540E-03
                   10                 11                 12                 13                 14        
    0      6.3801200197E-04  -1.0045893229E-01  -2.0539472006E-07  -7.2452983624E-02   1.8847401566E-03
    1     -1.0045812329E-01  -6.3798453331E-04  -9.5498753599E-06  -1.8846986008E-03  -7.2452926236E-02
    2      2.8249645573E-05   9.4650588030E-07  -8.3220926816E-02   9.5687646716E-07   2.4920056061E-05
    3     -1.6174708618E-03   2.5495418928E-01   8.7797383371E-07   7.4596590485E-01  -1.9410378083E-02
    4      1.8746335680E-01   1.1904312156E-03   1.9227282802E-01  -3.4168339750E-03  -1.3119132645E-01
    5      7.4822897949E-01   4.7553751076E-03   5.4213417465E-01  -7.7672265437E-03  -2.9842743674E-01
    6      2.7942543824E-02   2.0448063066E-01   1.6655293694E-01   9.7990912069E-02   3.7750998489E-01
    7      2.3783887468E-01   3.0777412350E-02  -9.6078179708E-02   3.9350341945E-01   5.1682046481E-01
    8     -3.7817051396E-01   6.4556330746E-01   5.4226774398E-01  -2.5456320946E-01   1.5584158113E-01
    9     -3.0538603259E-02   2.0410232837E-01  -1.6654886279E-01   7.8225388671E-02  -3.8208836409E-01
   10      2.3820836370E-01  -2.7753468983E-02  -9.6076840980E-02  -3.6609677489E-01   5.3658895024E-01
   11     -3.6993342579E-01  -6.5031834240E-01   5.4226985084E-01   2.6232416222E-01   1.4239696191E-01
   12     -2.9432059959E-05   4.6322379068E-03  -1.3891307668E-08  -4.2425590449E-04   1.1034697000E-05
   13      4.6323022712E-03   2.9426198064E-05  -3.1544836661E-07  -1.1048688484E-05  -4.2434305393E-04
   14     -2.2345069955E-06  -6.1357301550E-08  -3.3117401894E-03  -3.4730927177E-08  -7.7810256858E-07
   15      1.6791493401E-05  -2.6352352930E-03  -4.0106242447E-08  -2.8891476146E-04   7.5139631704E-06
   16     -2.6347678358E-03  -1.6814500680E-05   1.8941025096E-06  -7.5026634423E-06  -2.9027280452E-04
   17     -9.5687758653E-06  -2.0660763760E-07  -1.1572731951E-02  -4.0094175786E-08  -5.3525264973E-07
                   15                 16                 17        
     0      9.0843228932E-02  -2.4928767318E-03   3.6018194102E-05
     1      2.4925138229E-03   9.0840380584E-02   6.4442720435E-04
     2      2.5638878439E-05   3.0874149031E-04  -4.1237990861E-02
     3      4.4912823877E-02  -1.2356224159E-03   1.8668220086E-05
     4     -2.0623381386E-02  -7.6003957966E-01  -5.5659423871E-01
     5      7.3854261448E-03   2.7176521162E-01   1.7217373567E-01
     6     -5.5204850994E-01   3.6942852821E-01  -4.7504548196E-01
     7      3.4590437202E-01  -1.6909244244E-01   2.7461572948E-01
     8      2.3258192033E-01  -1.4428618874E-01   1.6931698115E-01
     9     -5.7189242035E-01  -3.3858247463E-01   4.7459879054E-01
    10     -3.5488660940E-01  -1.4985507680E-01   2.7433627407E-01
    11     -2.4028536134E-01  -1.3130438633E-01   1.6912421841E-01
    12     -5.1039342853E-06   1.3157894406E-07   4.6597167469E-09
    13     -1.4112695451E-07  -5.1386766510E-06  -9.2493575049E-08
    14      3.8434730208E-08   4.5067321243E-07  -5.6621384724E-05
    15     -1.4791042116E-04   4.1020340809E-06  -9.2560474328E-08
    16     -4.0641542502E-06  -1.4805334417E-04  -1.3214381345E-06
    17      4.0704525670E-07   4.7627060383E-06  -6.4244092807E-04

#
# The atoms: label  mass x y z (in bohrs)
#
$atoms
6
 C     12.01100     -0.000002941470    -0.000148354776    -2.688869978903
 H      1.00800     -0.000004448415     1.906266986084    -3.403407473794
 H      1.00800      1.651036474167    -0.953412789711    -3.403259942128
 H      1.00800     -1.651044623041    -0.953412358206    -3.403256730312
 I    126.90000      0.000000092589     0.000003041747     1.410439160007
 F     18.99800      0.000001909596     0.000103090779    -7.179550928987

$actual_temperature
  0.000000

$frequency_scale_factor
  1.000000


$end

