
$orca_hessian_file

$act_atom
  0

$act_coord
  0

$act_energy
      -12.413656

$multiplicity
  1

$hessian
18
                    0                  1                  2                  3                  4        
    0      5.0023847130E-01   1.7092007000E-02  -1.1621047200E-02  -4.0755506000E-02  -2.9496804000E-03
    1      1.7092007000E-02   4.4482134320E-01  -2.3394955900E-02  -3.1503400000E-03  -2.2186805200E-01
    2     -1.1621047200E-02  -2.3394955900E-02   2.7568251170E-01   1.0696817000E-03   1.0471156930E-01
    3     -4.0755506000E-02  -3.1503400000E-03   1.0696817000E-03   4.8923688600E-02   1.0331977000E-03
    4     -2.9496804000E-03  -2.2186805200E-01   1.0471156930E-01   1.0331977000E-03   2.5980062950E-01
    5      5.9796040000E-04   1.1611061110E-01  -8.8087892500E-02  -1.1977666000E-03  -1.1569974130E-01
    6     -2.1061799730E-01   9.8622453000E-02   6.8110222900E-02  -4.0300293000E-03   5.0012434000E-03
    7      9.9924758200E-02  -9.9125109800E-02  -3.9464397800E-02   2.8259934100E-02  -2.3032420600E-02
    8      7.6866284000E-02  -4.5691843100E-02  -6.2106084100E-02  -1.0028865400E-02   7.8435146000E-03
    9     -2.3286058810E-01  -1.1209587200E-01  -5.4107411400E-02  -2.4415395000E-03  -3.1676648000E-03
   10     -1.1392088820E-01  -1.0744935550E-01  -3.1072333400E-02  -2.6358013500E-02  -1.8414543100E-02
   11     -6.2483724000E-02  -3.6620991100E-02  -4.9426836800E-02   1.0810959800E-02   7.2638721000E-03
   12     -1.6914419800E-02  -5.7798140000E-04  -2.7992536000E-03   4.4262530000E-04   6.4284900000E-05
   13     -4.4628860000E-04  -1.7259623600E-02  -6.1225003000E-03   5.7913620000E-04   5.0170200000E-03
   14     -3.1229766000E-03  -9.2413492000E-03  -8.1918447000E-02  -4.7359590000E-04  -4.3498765000E-03
   15      9.1003990000E-04   1.0973350000E-04  -6.5219230000E-04  -2.1392392000E-03   1.8619200000E-05
   16      3.0009200000E-04   8.8079760000E-04  -4.6573818000E-03  -3.6391450000E-04  -1.5026338000E-03
   17     -2.3649670000E-04  -1.1614717000E-03   5.8567487000E-03  -1.8041350000E-04   2.3066180000E-04
                    5                  6                  7                  8                  9        
    0      5.9796040000E-04  -2.1061799730E-01   9.9924758200E-02   7.6866284000E-02  -2.3286058810E-01
    1      1.1611061110E-01   9.8622453000E-02  -9.9125109800E-02  -4.5691843100E-02  -1.1209587200E-01
    2     -8.8087892500E-02   6.8110222900E-02  -3.9464397800E-02  -6.2106084100E-02  -5.4107411400E-02
    3     -1.1977666000E-03  -4.0300293000E-03   2.8259934100E-02  -1.0028865400E-02  -2.4415395000E-03
    4     -1.1569974130E-01   5.0012434000E-03  -2.3032420600E-02   7.8435146000E-03  -3.1676648000E-03
    5      9.4945814400E-02   1.2081900000E-04  -6.2065631000E-03   6.5684843000E-03   6.7380540000E-04
    6      1.2081900000E-04   2.3712133880E-01  -1.1442374260E-01  -7.3628296100E-02  -2.4638861500E-02
    7     -6.2065631000E-03  -1.1442374260E-01   1.1359108980E-01   4.2074076800E-02  -1.2989104000E-02
    8      6.5684843000E-03  -7.3628296100E-02   4.2074076800E-02   7.1501830700E-02  -4.7455680000E-03
    9      6.7380540000E-04  -2.4638861500E-02  -1.2989104000E-02  -4.7455680000E-03   2.5811772360E-01
   10     -5.2475296000E-03   1.2952075400E-02   8.6052294000E-03   4.1196699000E-03   1.2672518180E-01
   11      5.0905943000E-03   6.8470112000E-03   4.8606287000E-03   3.5055155000E-03   5.8586944000E-02
   12      7.0190500000E-05   2.7739273000E-03   1.3274610000E-04   1.1550330200E-02   1.2593586000E-03
   13      8.4009379000E-03  -1.5429105000E-03   1.8740460000E-04  -7.7615132000E-03   6.6155950000E-04
   14     -1.4767784400E-02  -2.0419193000E-03  -7.5025350000E-04  -1.7478824300E-02   1.7039380000E-04
   15     -2.6500860000E-04  -6.0837810000E-04  -9.0459180000E-04  -1.3884600000E-05   5.6390690000E-04
   16      2.6422850000E-03  -6.0911870000E-04  -2.2619340000E-04  -5.8390490000E-04   8.6589960000E-04
   17     -3.7492161000E-03   5.9216240000E-04  -5.1349110000E-04  -1.9909221000E-03  -5.7816370000E-04
                   10                 11                 12                 13                 14        
    0     -1.1392088820E-01  -6.2483724000E-02  -1.6914419800E-02  -4.4628860000E-04  -3.1229766000E-03
    1     -1.0744935550E-01  -3.6620991100E-02  -5.7798140000E-04  -1.7259623600E-02  -9.2413492000E-03
    2     -3.1072333400E-02  -4.9426836800E-02  -2.7992536000E-03  -6.1225003000E-03  -8.1918447000E-02
    3     -2.6358013500E-02   1.0810959800E-02   4.4262530000E-04   5.7913620000E-04  -4.7359590000E-04
    4     -1.8414543100E-02   7.2638721000E-03   6.4284900000E-05   5.0170200000E-03  -4.3498765000E-03
    5     -5.2475296000E-03   5.0905943000E-03   7.0190500000E-05   8.4009379000E-03  -1.4767784400E-02
    6      1.2952075400E-02   6.8470112000E-03   2.7739273000E-03  -1.5429105000E-03  -2.0419193000E-03
    7      8.6052294000E-03   4.8606287000E-03   1.3274610000E-04   1.8740460000E-04  -7.5025350000E-04
    8      4.1196699000E-03   3.5055155000E-03   1.1550330200E-02  -7.7615132000E-03  -1.7478824300E-02
    9      1.2672518180E-01   5.8586944000E-02   1.2593586000E-03   6.6155950000E-04   1.7039380000E-04
   10      1.1703503380E-01   3.3841842700E-02  -3.5545150000E-04  -1.2752280000E-04  -1.3757636000E-03
   11      3.3841842700E-02   6.1192426100E-02  -1.3683670900E-02  -8.9391858000E-03  -1.9431706900E-02
   12     -3.5545150000E-04  -1.3683670900E-02   1.1978661100E-02   8.6080360000E-04   4.7622732000E-03
   13     -1.2752280000E-04  -8.9391858000E-03   8.6080360000E-04   1.1321460000E-02   1.3693250500E-02
   14     -1.3757636000E-03  -1.9431706900E-02   4.7622732000E-03   1.3693250500E-02   1.4070718790E-01
   15      9.5709610000E-04  -7.7520000000E-05   4.5984740000E-04  -1.1230030000E-04   7.0582490000E-04
   16      3.5115820000E-04  -4.0616660000E-04  -1.2440160000E-04   8.6126190000E-04   2.0239924000E-03
   17     -2.6588600000E-04  -9.2999230000E-04   1.0013070000E-04   7.2901100000E-04  -7.1104253000E-03
                   15                 16                 17        
     0      9.1003990000E-04   3.0009200000E-04  -2.3649670000E-04
     1      1.0973350000E-04   8.8079760000E-04  -1.1614717000E-03
     2     -6.5219230000E-04  -4.6573818000E-03   5.8567487000E-03
     3     -2.1392392000E-03  -3.6391450000E-04  -1.8041350000E-04
     4      1.8619200000E-05  -1.5026338000E-03   2.3066180000E-04
     5     -2.6500860000E-04   2.6422850000E-03  -3.7492161000E-03
     6     -6.0837810000E-04  -6.0911870000E-04   5.9216240000E-04
     7     -9.0459180000E-04  -2.2619340000E-04  -5.1349110000E-04
     8     -1.3884600000E-05  -5.8390490000E-04  -1.9909221000E-03
     9      5.6390690000E-04   8.6589960000E-04  -5.7816370000E-04
    10      9.5709610000E-04   3.5115820000E-04  -2.6588600000E-04
    11     -7.7520000000E-05  -4.0616660000E-04  -9.2999230000E-04
    12      4.5984740000E-04  -1.2440160000E-04   1.0013070000E-04
    13     -1.1230030000E-04   8.6126190000E-04   7.2901100000E-04
    14      7.0582490000E-04   2.0239924000E-03  -7.1104253000E-03
    15      8.1382290000E-04  -6.8556700000E-05   3.0278080000E-04
    16     -6.8556700000E-05  -3.6439060000E-04   9.8117610000E-04
    17      3.0278080000E-04   9.8117610000E-04   7.9238070000E-03

$vibrational_frequencies
18
    0        0.0000000000000000
    1        0.0000000000000000
    2        0.0000000000000000
    3        0.0000000000000000
    4        0.0000000000000000
    5        0.0000000000000000
    6      -82.0605942548030640
    7       90.6912884555715948
    8      116.9264832740988567
    9      504.6746154223857275
   10      754.8760763731715997
   11      892.3444120031133480
   12     1311.7866426518180560
   13     1436.5590538769085924
   14     1499.9650276207996740
   15     2991.0439070757061018
   16     3063.4640636744534277
   17     3133.5545435573581017

$normal_modes
18 18
                    0                  1                  2                  3                  4        
    0      0.0000000000E+00   0.0000000000E+00   0.0000000000E+00   0.0000000000E+00   0.0000000000E+00
    1      0.0000000000E+00   0.0000000000E+00   0.0000000000E+00   0.0000000000E+00   0.0000000000E+00
    2      0.0000000000E+00   0.0000000000E+00   0.0000000000E+00   0.0000000000E+00   0.0000000000E+00
    3      0.0000000000E+00   0.0000000000E+00   0.0000000000E+00   0.0000000000E+00   0.0000000000E+00
    4      0.0000000000E+00   0.0000000000E+00   0.0000000000E+00   0.0000000000E+00   0.0000000000E+00
    5      0.0000000000E+00   0.0000000000E+00   0.0000000000E+00   0.0000000000E+00   0.0000000000E+00
    6      0.0000000000E+00   0.0000000000E+00   0.0000000000E+00   0.0000000000E+00   0.0000000000E+00
    7      0.0000000000E+00   0.0000000000E+00   0.0000000000E+00   0.0000000000E+00   0.0000000000E+00
    8      0.0000000000E+00   0.0000000000E+00   0.0000000000E+00   0.0000000000E+00   0.0000000000E+00
    9      0.0000000000E+00   0.0000000000E+00   0.0000000000E+00   0.0000000000E+00   0.0000000000E+00
   10      0.0000000000E+00   0.0000000000E+00   0.0000000000E+00   0.0000000000E+00   0.0000000000E+00
   11      0.0000000000E+00   0.0000000000E+00   0.0000000000E+00   0.0000000000E+00   0.0000000000E+00
   12      0.0000000000E+00   0.0000000000E+00   0.0000000000E+00   0.0000000000E+00   0.0000000000E+00
   13      0.0000000000E+00   0.0000000000E+00   0.0000000000E+00   0.0000000000E+00   0.0000000000E+00
   14      0.0000000000E+00   0.0000000000E+00   0.0000000000E+00   0.0000000000E+00   0.0000000000E+00
   15      0.0000000000E+00   0.0000000000E+00   0.0000000000E+00   0.0000000000E+00   0.0000000000E+00
   16      0.0000000000E+00   0.0000000000E+00   0.0000000000E+00   0.0000000000E+00   0.0000000000E+00
   17      0.0000000000E+00   0.0000000000E+00   0.0000000000E+00   0.0000000000E+00   0.0000000000E+00
                    5                  6                  7                  8                  9        
    0      0.0000000000E+00   4.2469762456E-02   3.1008338936E-01  -1.5129553240E-01   2.1992135565E-02
    1      0.0000000000E+00   3.7460167530E-01  -3.0755304122E-02  -2.2432401649E-01   6.6786391246E-02
    2      0.0000000000E+00  -6.9610699138E-02  -1.6213589931E-02  -7.5768039626E-02   5.8945374232E-01
    3      0.0000000000E+00  -5.8295591609E-02   7.3133839817E-01  -2.5080284264E-01   2.4468478720E-02
    4      0.0000000000E+00   5.1596898890E-01  -5.6348743029E-02  -2.6569762424E-01   4.3223691954E-02
    5      0.0000000000E+00   1.9091523172E-01  -5.0865655572E-02  -1.4056534046E-01   5.2093606320E-01
    6      0.0000000000E+00   9.4602892392E-02   1.7243605136E-01  -1.2004671912E-01  -7.6964217436E-03
    7      0.0000000000E+00   5.4901880328E-01  -3.8584863389E-01  -1.7797003219E-01   9.3872731726E-02
    8      0.0000000000E+00  -1.8054510190E-01   1.5533276737E-01  -5.4728766765E-02   4.4101703355E-01
    9      0.0000000000E+00   9.8687524193E-02   1.5498701531E-01  -1.2516659085E-01   5.3258791263E-02
   10      0.0000000000E+00   3.4727850691E-01   3.0510781212E-01  -3.3177283112E-01   8.8373306079E-02
   11      0.0000000000E+00  -1.9110348829E-01  -1.5379860780E-01   5.5758028968E-02   3.9380488589E-01
   12      0.0000000000E+00  -2.4609447674E-03  -1.9337273620E-02   1.0760455921E-02  -2.1491917451E-03
   13      0.0000000000E+00  -2.3347582109E-02   2.2438174407E-03   1.7600652772E-02  -6.5847703725E-03
   14      0.0000000000E+00  -8.3186609974E-03  -6.0224000564E-03  -1.0491056162E-01  -6.7014419938E-02
   15      0.0000000000E+00  -1.7574755735E-02  -1.2305206463E-01   5.0094381779E-02  -3.2638279210E-03
   16      0.0000000000E+00  -1.5581097915E-01   1.1730066633E-02   6.5400407239E-02  -1.0203046246E-02
   17      0.0000000000E+00   1.0916472330E-01   5.3095596578E-02   7.5607182654E-01   3.0317372694E-03
                   10                 11                 12                 13                 14        
    0      1.9324611768E-02  -1.0387859004E-01   6.0153664532E-03  -2.1583344691E-02  -6.4658498357E-02
    1     -1.2049516662E-01  -1.6967334635E-02   6.9876486388E-03   6.9959623907E-02  -2.1847201182E-02
    2     -4.0533720824E-03  -1.7505883103E-03   1.0207512193E-01  -6.8607861552E-03   9.0339302899E-03
    3     -1.7457847807E-02   2.8125847928E-01  -4.4601963043E-02   2.4626539208E-01   7.1109624784E-01
    4      3.0408579923E-01   4.8425948739E-02  -2.4270512376E-01   1.5095359795E-01  -6.9500804243E-02
    5      7.4962737229E-01   1.2115097397E-01  -4.3418843470E-01   2.4595336344E-01  -1.1572136112E-01
    6     -2.4366340113E-02   2.1652575012E-01  -1.9911511032E-01  -3.3794934739E-01   1.7314369841E-01
    7      1.4360433277E-01   1.1233332664E-01   4.1430571495E-02  -4.1901315958E-01   4.9975696354E-01
    8     -4.5726761937E-01   5.6775227144E-01  -5.5290412896E-01  -1.6516286133E-01  -2.9171189650E-01
    9     -7.7526296725E-02   1.4824062133E-01   1.4896790448E-01   3.7710464081E-01  -2.4317777205E-02
   10      1.8194590439E-01  -7.0623964892E-02   5.5140085674E-02  -6.2557395021E-01  -1.4855867238E-01
   11     -2.4674668658E-01  -6.9566576471E-01  -6.0643815313E-01   7.3421861848E-03   2.8962982715E-01
   12     -8.4077857640E-04   4.9355104232E-03   1.3197786428E-04  -1.8426632271E-04  -4.9858754690E-04
   13      5.7471506934E-03   8.8896529305E-04   5.4729862298E-04   3.8378094664E-04  -9.7663739038E-05
   14      6.0764417969E-04   4.6926209731E-04   2.5610905062E-03   2.6621616603E-05   2.5552821754E-05
   15     -2.6886104208E-04  -1.5698272076E-03   3.4259420951E-04  -2.6755982459E-04  -1.4168629819E-03
   16      4.3836666293E-03   6.7674305684E-06  -3.1989160600E-04   6.2089351770E-04  -4.8167201472E-04
   17     -3.9163577845E-03  -1.6689348617E-03   2.9083212877E-03  -5.1642964718E-04   3.6828445722E-04
                   15                 16                 17        
     0     -1.4541746830E-02   5.1265623608E-02  -7.3133138884E-02
     1      7.6688911492E-02  -2.2980927622E-02  -3.3929556321E-02
     2     -2.7432871189E-02  -3.3686669708E-02  -1.3940275434E-02
     3     -1.4465319882E-02   3.0556476598E-02  -3.5398921551E-02
     4     -8.5299224309E-01  -2.5024263386E-01  -7.4227834917E-03
     5      4.4545926830E-01   1.0655387151E-01  -8.9476073207E-03
     6      2.1886923629E-01  -7.7451395767E-01   7.9723804808E-02
     7     -8.8351518072E-02   4.6729583809E-01  -7.8791868986E-02
     8     -9.7082500417E-02   2.8579021471E-01  -4.3767582693E-02
     9     -3.0483707186E-02   1.3177295333E-01   8.2789053858E-01
    10      2.3370127781E-02   5.5874449284E-02   4.9042190961E-01
    11     -1.7476137245E-02   2.0015397917E-02   2.2698386625E-01
    12     -1.9824819480E-06   7.3964779086E-06  -2.6574062795E-05
    13     -2.7055160729E-05  -1.7710952813E-05  -1.6378743302E-05
    14      8.0237886556E-06  -4.2136447429E-05  -5.1415754901E-05
    15     -2.1006040897E-05   2.0633001181E-05   1.3586874933E-04
    16      4.0215845957E-04   1.6635260700E-04   1.1398296180E-04
    17     -2.6686170179E-04  -3.0006605782E-04  -8.9563012774E-05

#
# The atoms: label  mass x y z (in bohrs)
#
$atoms
6
 C     12.01100     -0.110146545521    -0.315045153364    -2.586017914439
 H      1.00800     -0.083523305442     1.454421137349    -3.639853294405
 H      1.00800      1.554117366249    -1.287517609208    -3.282270982871
 H      1.00800     -1.810892295913    -1.312028135903    -3.088316295565
 I    126.90000     -0.000458929255     0.003171733471     1.449168094285
 F     18.99800      0.090758443082     0.238751445637    -7.513856505788

$actual_temperature
  0.000000

$frequency_scale_factor
  1.000000


$end

