
$orca_hessian_file

$act_atom
  0

$act_coord
  0

$act_energy
      -12.423577

$multiplicity
  1

$hessian
18
                    0                  1                  2                  3                  4        
    0      5.5983817890E-01  -4.2930000000E-07  -2.5630000000E-06  -4.1279326500E-02  -1.2110000000E-06
    1     -4.2930000000E-07   5.5984833740E-01  -9.1044000000E-06  -1.1293000000E-06  -3.1646046350E-01
    2     -2.5630000000E-06  -9.1044000000E-06   5.4604255200E-02   6.3500000000E-07   5.9170238000E-02
    3     -4.1279326500E-02  -1.1293000000E-06   6.3500000000E-07   4.2771542900E-02   1.3308000000E-06
    4     -1.2110000000E-06  -3.1646046350E-01   5.9170238000E-02   1.3308000000E-06   3.4522811130E-01
    5      3.8320000000E-07   6.4476852000E-02  -2.5699377900E-02  -2.7710000000E-07  -6.1483230100E-02
    6     -2.4765408770E-01   1.1915406920E-01   5.1237118600E-02  -7.4800680000E-04   7.9823190000E-04
    7      1.1915371040E-01  -1.1007052080E-01  -2.9580745700E-02   2.5125919900E-02  -1.5718407900E-02
    8      5.5832892300E-02  -3.2234966300E-02  -2.5699581100E-02  -4.9425800000E-03   2.1250506000E-03
    9     -2.4765680550E-01  -1.1915251510E-01  -5.1235332500E-02  -7.4825140000E-04  -7.9836050000E-04
   10     -1.1915206670E-01  -1.1006780900E-01  -2.9579374600E-02  -2.5126160900E-02  -1.5718155400E-02
   11     -5.5831606200E-02  -3.2233528900E-02  -2.5698835300E-02   4.9426163000E-03   2.1250074000E-03
   12     -1.4879036900E-02   9.3000000000E-09   6.0400000000E-08   1.2807800000E-05   5.1000000000E-09
   13     -5.0000000000E-10  -1.4879691800E-02   5.4330000000E-07   4.7200000000E-08   1.7286564000E-03
   14      4.8850000000E-07   8.9070000000E-07  -5.5653450000E-03  -2.4980000000E-07  -1.5625114000E-03
   15     -8.3689223000E-03  -4.8000000000E-09   8.1400000000E-08  -8.7660000000E-06   3.7000000000E-09
   16     -2.8000000000E-09  -8.3698524000E-03  -1.5565000000E-06  -7.7000000000E-09   9.4025910000E-04
   17      4.0520000000E-07  -1.4290000000E-07   2.8058884100E-02  -1.4440000000E-07  -3.7455440000E-04
                    5                  6                  7                  8                  9        
    0      3.8320000000E-07  -2.4765408770E-01   1.1915371040E-01   5.5832892300E-02  -2.4765680550E-01
    1      6.4476852000E-02   1.1915406920E-01  -1.1007052080E-01  -3.2234966300E-02  -1.1915251510E-01
    2     -2.5699377900E-02   5.1237118600E-02  -2.9580745700E-02  -2.5699581100E-02  -5.1235332500E-02
    3     -2.7710000000E-07  -7.4800680000E-04   2.5125919900E-02  -4.9425800000E-03  -7.4825140000E-04
    4     -6.1483230100E-02   7.9823190000E-04  -1.5718407900E-02   2.1250506000E-03  -7.9836050000E-04
    5      5.1532969400E-02  -6.3086320000E-04  -5.3422157000E-03   1.6543939000E-03   6.3082190000E-04
    6     -6.3086320000E-04   2.6960392870E-01  -1.3096267300E-01  -5.3240149800E-02  -2.3203204900E-02
    7     -5.3422157000E-03  -1.3096267300E-01   1.1838481640E-01   3.0738406900E-02  -1.2164270500E-02
    8      1.6543939000E-03  -5.3240149800E-02   3.0738406900E-02   5.1530357400E-02  -4.3108273000E-03
    9      6.3082190000E-04  -2.3203204900E-02  -1.2164270500E-02  -4.3108273000E-03   2.6960690370E-01
   10     -5.3420503000E-03   1.2164595800E-02   6.7352247000E-03   3.2172768000E-03   1.3096095540E-01
   11      1.6543632000E-03   4.3110300000E-03   3.2173153000E-03   1.6544663000E-03   5.3238874800E-02
   12     -7.4000000000E-09   1.2990056000E-03  -7.4228460000E-04   1.0190178000E-02   1.2989647000E-03
   13      1.1766266800E-02  -7.4299780000E-04   4.4102640000E-04  -5.8839027000E-03   7.4295430000E-04
   14     -1.8826467200E-02  -1.3528815000E-03   7.8034350000E-04  -1.8825574400E-02   1.3524557000E-03
   15     -5.7300000000E-08   7.0236510000E-04  -4.1040220000E-04  -3.5295132000E-03   7.0239340000E-04
   16     -4.0756227000E-03  -4.1122610000E-04   2.2786110000E-04   2.0381348000E-03   4.1123650000E-04
   17     -1.0315881400E-02  -3.2425420000E-04   1.8689570000E-04  -1.0314062100E-02   3.2400730000E-04
                   10                 11                 12                 13                 14        
    0     -1.1915206670E-01  -5.5831606200E-02  -1.4879036900E-02  -5.0000000000E-10   4.8850000000E-07
    1     -1.1006780900E-01  -3.2233528900E-02   9.3000000000E-09  -1.4879691800E-02   8.9070000000E-07
    2     -2.9579374600E-02  -2.5698835300E-02   6.0400000000E-08   5.4330000000E-07  -5.5653450000E-03
    3     -2.5126160900E-02   4.9426163000E-03   1.2807800000E-05   4.7200000000E-08  -2.4980000000E-07
    4     -1.5718155400E-02   2.1250074000E-03   5.1000000000E-09   1.7286564000E-03  -1.5625114000E-03
    5     -5.3420503000E-03   1.6543632000E-03  -7.4000000000E-09   1.1766266800E-02  -1.8826467200E-02
    6      1.2164595800E-02   4.3110300000E-03   1.2990056000E-03  -7.4299780000E-04  -1.3528815000E-03
    7      6.7352247000E-03   3.2173153000E-03  -7.4228460000E-04   4.4102640000E-04   7.8034350000E-04
    8      3.2172768000E-03   1.6544663000E-03   1.0190178000E-02  -5.8839027000E-03  -1.8825574400E-02
    9      1.3096095540E-01   5.3238874800E-02   1.2989647000E-03   7.4295430000E-04   1.3524557000E-03
   10      1.1838187680E-01   3.0736877100E-02   7.4227830000E-04   4.4101430000E-04   7.8035780000E-04
   11      3.0736877100E-02   5.1529670800E-02  -1.0190388600E-02  -5.8837887000E-03  -1.8825536000E-02
   12      7.4227830000E-04  -1.0190388600E-02   1.0189154900E-02  -3.9000000000E-09   2.2570000000E-07
   13      4.4101430000E-04  -5.8837887000E-03  -3.9000000000E-09   1.0189537400E-02   7.9910000000E-07
   14      7.8035780000E-04  -1.8825536000E-02   2.2570000000E-07   7.9910000000E-07   7.8075118700E-02
   15      4.1039810000E-04   3.5294737000E-03   2.0791039000E-03   8.0000000000E-10  -3.8700000000E-08
   16      2.2784860000E-04   2.0381179000E-03  -4.3000000000E-09   2.0794573000E-03   1.2040000000E-07
   17      1.8691320000E-04  -1.0314128900E-02  -6.8100000000E-08   8.2200000000E-08  -1.6032196100E-02
                   15                 16                 17        
     0     -8.3689223000E-03  -2.8000000000E-09   4.0520000000E-07
     1     -4.8000000000E-09  -8.3698524000E-03  -1.4290000000E-07
     2      8.1400000000E-08  -1.5565000000E-06   2.8058884100E-02
     3     -8.7660000000E-06  -7.7000000000E-09  -1.4440000000E-07
     4      3.7000000000E-09   9.4025910000E-04  -3.7455440000E-04
     5     -5.7300000000E-08  -4.0756227000E-03  -1.0315881400E-02
     6      7.0236510000E-04  -4.1122610000E-04  -3.2425420000E-04
     7     -4.1040220000E-04   2.2786110000E-04   1.8689570000E-04
     8     -3.5295132000E-03   2.0381348000E-03  -1.0314062100E-02
     9      7.0239340000E-04   4.1123650000E-04   3.2400730000E-04
    10      4.1039810000E-04   2.2784860000E-04   1.8691320000E-04
    11      3.5294737000E-03   2.0381179000E-03  -1.0314128900E-02
    12      2.0791039000E-03  -4.3000000000E-09  -6.8100000000E-08
    13      8.0000000000E-10   2.0794573000E-03   8.2200000000E-08
    14     -3.8700000000E-08   1.2040000000E-07  -1.6032196100E-02
    15      4.8938260000E-03   4.4000000000E-09   5.4100000000E-08
    16      4.4000000000E-09   4.8944262000E-03   8.0620000000E-07
    17      5.4100000000E-08   8.0620000000E-07   1.8917384500E-02

$vibrational_frequencies
18
    0        0.0000000000000000
    1        0.0000000000000000
    2        0.0000000000000000
    3        0.0000000000000000
    4        0.0000000000000000
    5        0.0000000000000000
    6     -112.9674617831803687
    7      185.9839064773966300
    8      185.9954460230163704
    9      239.1866506974834010
   10      933.7160981121309078
   11      933.7241654954649448
   12     1102.4758304697991207
   13     1394.5700378457422630
   14     1394.5849507176594670
   15     3136.6612273483970057
   16     3194.4219442045418873
   17     3194.4724179507988993

$normal_modes
18 18
                    0                  1                  2                  3                  4        
    0      0.0000000000E+00   0.0000000000E+00   0.0000000000E+00   0.0000000000E+00   0.0000000000E+00
    1      0.0000000000E+00   0.0000000000E+00   0.0000000000E+00   0.0000000000E+00   0.0000000000E+00
    2      0.0000000000E+00   0.0000000000E+00   0.0000000000E+00   0.0000000000E+00   0.0000000000E+00
    3      0.0000000000E+00   0.0000000000E+00   0.0000000000E+00   0.0000000000E+00   0.0000000000E+00
    4      0.0000000000E+00   0.0000000000E+00   0.0000000000E+00   0.0000000000E+00   0.0000000000E+00
    5      0.0000000000E+00   0.0000000000E+00   0.0000000000E+00   0.0000000000E+00   0.0000000000E+00
    6      0.0000000000E+00   0.0000000000E+00   0.0000000000E+00   0.0000000000E+00   0.0000000000E+00
    7      0.0000000000E+00   0.0000000000E+00   0.0000000000E+00   0.0000000000E+00   0.0000000000E+00
    8      0.0000000000E+00   0.0000000000E+00   0.0000000000E+00   0.0000000000E+00   0.0000000000E+00
    9      0.0000000000E+00   0.0000000000E+00   0.0000000000E+00   0.0000000000E+00   0.0000000000E+00
   10      0.0000000000E+00   0.0000000000E+00   0.0000000000E+00   0.0000000000E+00   0.0000000000E+00
   11      0.0000000000E+00   0.0000000000E+00   0.0000000000E+00   0.0000000000E+00   0.0000000000E+00
   12      0.0000000000E+00   0.0000000000E+00   0.0000000000E+00   0.0000000000E+00   0.0000000000E+00
   13      0.0000000000E+00   0.0000000000E+00   0.0000000000E+00   0.0000000000E+00   0.0000000000E+00
   14      0.0000000000E+00   0.0000000000E+00   0.0000000000E+00   0.0000000000E+00   0.0000000000E+00
   15      0.0000000000E+00   0.0000000000E+00   0.0000000000E+00   0.0000000000E+00   0.0000000000E+00
   16      0.0000000000E+00   0.0000000000E+00   0.0000000000E+00   0.0000000000E+00   0.0000000000E+00
   17      0.0000000000E+00   0.0000000000E+00   0.0000000000E+00   0.0000000000E+00   0.0000000000E+00
                    5                  6                  7                  8                  9        
    0      0.0000000000E+00  -1.6508697749E-06   4.6176382363E-01  -1.6590538375E-03  -4.9270550068E-06
    1      0.0000000000E+00   7.7905653426E-05  -1.6590202417E-03  -4.6176959112E-01  -7.5009078842E-05
    2      0.0000000000E+00  -7.4930483843E-01  -2.0311398954E-06  -1.1496158584E-05  -6.5486774792E-01
    3      0.0000000000E+00   5.3614141348E-06   4.9668111329E-01  -1.7851859280E-03  -8.8572360902E-07
    4      0.0000000000E+00   1.0105018967E-01  -1.7627559057E-03  -4.9063083773E-01   5.9425034442E-02
    5      0.0000000000E+00  -1.3809384420E-01  -3.8645998349E-04  -1.0710556953E-01  -3.0324940329E-01
    6      0.0000000000E+00   8.7428258825E-02   4.9204915603E-01  -4.3329941608E-03   5.1523413113E-02
    7      0.0000000000E+00  -5.0362001840E-02   7.0359591366E-04  -4.9508961874E-01  -2.9812063397E-02
    8      0.0000000000E+00  -1.3820572538E-01   9.2957303897E-02   5.3231778943E-02  -3.0325533715E-01
    9      0.0000000000E+00  -8.7422812141E-02   4.9206688612E-01   7.9803331115E-04  -5.1528250490E-02
   10      0.0000000000E+00  -5.0365048057E-02  -4.2609828959E-03  -4.9507248910E-01  -2.9813837206E-02
   11      0.0000000000E+00  -1.3820905681E-01  -9.2576987197E-02   5.3896738471E-02  -3.0325755835E-01
   12      0.0000000000E+00   3.7320439625E-08  -2.6318857608E-02   9.4562091261E-05   2.5211553005E-07
   13      0.0000000000E+00  -3.6087627138E-06   9.4559139689E-05   2.6319123335E-02   4.5744428879E-06
   14      0.0000000000E+00  -1.4417099723E-02   3.9153219644E-07  -7.8569787174E-06   1.4603103476E-01
   15      0.0000000000E+00   2.2097432638E-07  -1.9470606316E-01   6.9953017226E-04   1.7346184644E-06
   16      0.0000000000E+00  -4.2293804941E-05   6.9952844129E-04   1.9470771118E-01   2.7524493793E-05
   17      0.0000000000E+00   5.9202311110E-01  -1.0052103030E-06   5.8532450585E-05  -5.1314250940E-01
                   10                 11                 12                 13                 14        
    0     -6.7477084220E-02  -9.2798306519E-04  -2.3783314758E-08  -8.3581160648E-02   1.6234889747E-03
    1      9.2796667601E-04  -6.7475340133E-02  -1.4436129775E-06  -1.6234547895E-03  -8.3580646053E-02
    2      4.2651616645E-07   6.1262485882E-06  -4.8997749941E-02   7.0059760988E-07   1.6178367447E-06
    3      2.0659614617E-01   2.8423275959E-03   1.2993729980E-06   7.6917042298E-01  -1.4945425521E-02
    4     -1.4965453456E-03   1.0879754419E-01   1.1157331966E-01  -1.8250429430E-03  -9.3726457334E-02
    5     -1.0727374035E-02   7.8035886150E-01   5.6559851041E-01  -4.8150090453E-03  -2.4768516749E-01
    6      1.3265815219E-01   4.4181360965E-02   9.6626201285E-02   1.2925488074E-01   3.7127431088E-01
    7      3.9854110385E-02   1.8272046679E-01  -5.5774195334E-02   3.8439781640E-01   5.4619039840E-01
    8      6.8117106116E-01  -3.8088328933E-01   5.6561049857E-01  -2.1209890211E-01   1.2799476962E-01
    9      1.3381693243E-01  -4.0517125646E-02  -9.6623047361E-02   1.1473350236E-01  -3.7600851399E-01
   10     -4.4863100224E-02   1.8155370256E-01  -5.5773874575E-02  -3.6289278002E-01   5.6071435819E-01
   11     -6.7044099162E-01  -3.9946425441E-01   5.6561434710E-01   2.1691049807E-01   1.1966255089E-01
   12      3.6033184618E-03   4.9541296926E-05  -2.0661415154E-08  -3.5939257709E-04   6.9790044497E-06
   13     -4.9545858632E-05   3.6032443965E-03  -1.4837541716E-07  -6.9916886914E-06  -3.5947545214E-04
   14     -5.1377737176E-08  -3.1291303427E-07  -5.5287150597E-03  -2.4485411393E-08   6.6916060996E-09
   15     -6.5085616841E-03  -8.9451595051E-05  -8.3236561514E-08   1.4862702419E-03  -2.8860726442E-05
   16      8.9437897718E-05  -6.5091952212E-03   5.6407639536E-07   2.8904484074E-05   1.4854642048E-03
   17     -6.9487260885E-08  -2.3835149970E-06  -2.2122961749E-02  -9.8288429393E-08   4.0997722759E-07
                   15                 16                 17        
     0     -2.2568569910E-06   9.5804690334E-02   1.8708573669E-03
     1     -4.4933343619E-05   1.8708391755E-03  -9.5804017036E-02
     2     -2.4623350451E-02  -1.2740506474E-06   1.3822397683E-05
     3     -5.9005872912E-07   3.9379397249E-02   7.7287586319E-04
     4     -5.6746365257E-01  -1.5537969908E-02   7.9474132403E-01
     5      1.0332485485E-01   3.2479911300E-03  -1.6615700739E-01
     6     -4.9191946562E-01  -5.7895510553E-01  -3.7225726876E-01
     7      2.8398977381E-01   3.5777398819E-01   1.7598039844E-01
     8      1.0343091317E-01   1.4222271781E-01   8.5803033932E-02
     9      4.9194659351E-01  -5.9303125064E-01   3.4936680804E-01
    10      2.8400611757E-01  -3.6435296020E-01   1.6187171577E-01
    11      1.0343412201E-01  -1.4545583375E-01   8.0181383748E-02
    12      6.5995785818E-09  -1.1283207845E-05  -2.1311982144E-07
    13     -1.3917489887E-09  -2.2257317706E-07   1.1298156066E-05
    14     -6.4328705421E-05   2.1552068284E-09   2.4702854507E-08
    15     -2.5293062403E-08  -4.0059384865E-04  -7.8585851103E-06
    16      1.7761280410E-07  -7.8180520234E-06   4.0078570753E-04
    17     -4.6094505571E-04   1.8388292841E-09   2.5343804540E-07

#
# The atoms: label  mass x y z (in bohrs)
#
$atoms
6
 C     12.01100      0.000000392429    -0.000071400383    -2.962511948814
 H      1.00800      0.000000016585     1.980815777592    -3.375622895029
 H      1.00800      1.715502277953    -0.990531014627    -3.375593155003
 H      1.00800     -1.715502096925    -0.990530929346    -3.375593773496
 I    126.90000      0.000000008357     0.000004095137     1.436982242299
 F     18.99800     -0.000000314413     0.000030848134    -7.188256196882

$actual_temperature
  0.000000

$frequency_scale_factor
  1.000000


$end

