
$orca_hessian_file

$act_atom
  0

$act_coord
  0

$act_energy
      -12.412429

$multiplicity
  1

$hessian
18
                    0                  1                  2                  3                  4        
    0      4.5235419150E-01   2.1450000000E-07  -4.3667000000E-06  -4.0267963500E-02   1.2602000000E-06
    1      2.1450000000E-07   4.5232923510E-01  -1.4506680000E-04   2.1834000000E-06  -2.5020494910E-01
    2     -4.3667000000E-06  -1.4506680000E-04   3.1722186520E-01  -2.7120000000E-07   9.2222166700E-02
    3     -4.0267963500E-02   2.1834000000E-06  -2.7120000000E-07   4.7322651700E-02  -1.4621000000E-06
    4      1.2602000000E-06  -2.5020494910E-01   9.2222166700E-02  -1.4621000000E-06   2.9116984990E-01
    5     -7.7190000000E-07   1.0588652960E-01  -7.3679212000E-02   4.8610000000E-07  -9.9359368500E-02
    6     -1.9787508610E-01   9.1061483800E-02   7.9617285900E-02  -2.9965454000E-03   4.4570481000E-03
    7      9.1088114900E-02  -9.2896465200E-02  -4.5989760800E-02   2.9036395200E-02  -2.2342779200E-02
    8      9.1452103700E-02  -5.2842754500E-02  -7.3483044100E-02  -7.7241796000E-03   4.7812741000E-03
    9     -1.9788746050E-01  -9.1064041900E-02  -7.9609554100E-02  -2.9964365000E-03  -4.4567226000E-03
   10     -9.1089750800E-02  -9.2894811400E-02  -4.5983315000E-02  -2.9037296800E-02  -2.2342253400E-02
   11     -9.1445160800E-02  -5.2835902100E-02  -7.3475550900E-02   7.7247071000E-03   4.7812909000E-03
   12     -1.7912292000E-02   6.8600000000E-08  -1.5797000000E-06   6.6379390000E-04  -3.0900000000E-08
   13      7.6000000000E-08  -1.7917134800E-02  -4.6966600000E-05   2.6740000000E-07   4.1104188000E-03
   14     -1.8332000000E-06  -6.1414600000E-05  -1.0377039920E-01  -5.8970000000E-07  -2.6668410000E-03
   15      1.5886107000E-03   9.1500000000E-08  -1.5142000000E-06  -1.7255001000E-03  -9.2600000000E-08
   16      8.5200000000E-08   1.5841253000E-03  -5.7057500000E-05  -8.7000000000E-08  -3.9028700000E-04
   17      2.8900000000E-08  -1.3917000000E-06   7.1863410000E-03  -1.5260000000E-07   2.4147770000E-04
                    5                  6                  7                  8                  9        
    0     -7.7190000000E-07  -1.9787508610E-01   9.1088114900E-02   9.1452103700E-02  -1.9788746050E-01
    1      1.0588652960E-01   9.1061483800E-02  -9.2896465200E-02  -5.2842754500E-02  -9.1064041900E-02
    2     -7.3679212000E-02   7.9617285900E-02  -4.5989760800E-02  -7.3483044100E-02  -7.9609554100E-02
    3      4.8610000000E-07  -2.9965454000E-03   2.9036395200E-02  -7.7241796000E-03  -2.9964365000E-03
    4     -9.9359368500E-02   4.4570481000E-03  -2.2342779200E-02   4.7812741000E-03  -4.4567226000E-03
    5      8.4225109200E-02   2.6830400000E-04  -9.0281166000E-03   5.8081691000E-03  -2.6782300000E-04
    6      2.6830400000E-04   2.3035134860E-01  -1.0575827210E-01  -8.5776437700E-02  -3.2000469500E-02
    7     -9.0281166000E-03  -1.0575827210E-01   1.0841568330E-01   4.9555003200E-02  -1.2307003100E-02
    8      5.8081691000E-03  -8.5776437700E-02   4.9555003200E-02   8.4015196700E-02  -7.9594192000E-03
    9     -2.6782300000E-04  -3.2000469500E-02  -1.2307003100E-02  -7.9594192000E-03   2.3036358480E-01
   10     -9.0266696000E-03   1.2307569400E-02   6.6879588000E-03   4.2920311000E-03   1.0576029350E-01
   11      5.8075835000E-03   7.9613217000E-03   4.2925391000E-03   5.7901742000E-03   8.5768271000E-02
   12     -2.7960000000E-07   3.2355395000E-03  -1.4781241000E-03   9.9301316000E-03   3.2350146000E-03
   13      1.1419129400E-02  -1.4863934000E-03   1.5161933000E-03  -5.7440929000E-03   1.4860104000E-03
   14     -1.6486222000E-02  -2.2868604000E-03   1.3004869000E-03  -1.6503564000E-02   2.2853670000E-03
   15      8.4500000000E-08  -7.1478700000E-04  -5.8111080000E-04   7.7801200000E-05  -7.1423280000E-04
   16      1.0849570000E-04  -5.8143590000E-04  -1.3805910000E-03  -4.1461000000E-05   5.8146370000E-04
   17     -5.6754279000E-03   2.1638650000E-04  -1.3015190000E-04  -5.6269319000E-03  -2.1684160000E-04
                   10                 11                 12                 13                 14        
    0     -9.1089750800E-02  -9.1445160800E-02  -1.7912292000E-02   7.6000000000E-08  -1.8332000000E-06
    1     -9.2894811400E-02  -5.2835902100E-02   6.8600000000E-08  -1.7917134800E-02  -6.1414600000E-05
    2     -4.5983315000E-02  -7.3475550900E-02  -1.5797000000E-06  -4.6966600000E-05  -1.0377039920E-01
    3     -2.9037296800E-02   7.7247071000E-03   6.6379390000E-04   2.6740000000E-07  -5.8970000000E-07
    4     -2.2342253400E-02   4.7812909000E-03  -3.0900000000E-08   4.1104188000E-03  -2.6668410000E-03
    5     -9.0266696000E-03   5.8075835000E-03  -2.7960000000E-07   1.1419129400E-02  -1.6486222000E-02
    6      1.2307569400E-02   7.9613217000E-03   3.2355395000E-03  -1.4863934000E-03  -2.2868604000E-03
    7      6.6879588000E-03   4.2925391000E-03  -1.4781241000E-03   1.5161933000E-03   1.3004869000E-03
    8      4.2920311000E-03   5.7901742000E-03   9.9301316000E-03  -5.7440929000E-03  -1.6503564000E-02
    9      1.0576029350E-01   8.5768271000E-02   3.2350146000E-03   1.4860104000E-03   2.2853670000E-03
   10      1.0841336140E-01   4.9547929800E-02   1.4780390000E-03   1.5160808000E-03   1.3002578000E-03
   11      4.9547929800E-02   8.4007389800E-02  -9.9319038000E-03  -5.7446076000E-03  -1.6504151600E-02
   12      1.4780390000E-03  -9.9319038000E-03   1.0221613100E-02   1.1320000000E-07   3.4740000000E-06
   13      1.5160808000E-03  -5.7446076000E-03   1.1320000000E-07   1.0213315700E-02   1.0930800000E-04
   14      1.3002578000E-03  -1.6504151600E-02   3.4740000000E-06   1.0930800000E-04   1.6497293460E-01
   15      5.8114570000E-04  -7.7235000000E-05   5.5633100000E-04  -7.3700000000E-08   4.4230000000E-07
   16     -1.3803364000E-03  -4.1250200000E-05  -6.5800000000E-08   5.6112620000E-04   1.8202900000E-05
   17     -1.3023410000E-04  -5.6254449000E-03   1.5750000000E-07   7.2297000000E-06  -1.1708597800E-02
                   15                 16                 17        
     0      1.5886107000E-03   8.5200000000E-08   2.8900000000E-08
     1      9.1500000000E-08   1.5841253000E-03  -1.3917000000E-06
     2     -1.5142000000E-06  -5.7057500000E-05   7.1863410000E-03
     3     -1.7255001000E-03  -8.7000000000E-08  -1.5260000000E-07
     4     -9.2600000000E-08  -3.9028700000E-04   2.4147770000E-04
     5      8.4500000000E-08   1.0849570000E-04  -5.6754279000E-03
     6     -7.1478700000E-04  -5.8143590000E-04   2.1638650000E-04
     7     -5.8111080000E-04  -1.3805910000E-03  -1.3015190000E-04
     8      7.7801200000E-05  -4.1461000000E-05  -5.6269319000E-03
     9     -7.1423280000E-04   5.8146370000E-04  -2.1684160000E-04
    10      5.8114570000E-04  -1.3803364000E-03  -1.3023410000E-04
    11     -7.7235000000E-05  -4.1250200000E-05  -5.6254449000E-03
    12      5.5633100000E-04  -6.5800000000E-08   1.5750000000E-07
    13     -7.3700000000E-08   5.6112620000E-04   7.2297000000E-06
    14      4.4230000000E-07   1.8202900000E-05  -1.1708597800E-02
    15      1.0095782000E-03   3.9900000000E-08   4.2130000000E-07
    16      3.9900000000E-08   1.0059628000E-03   1.3070200000E-05
    17      4.2130000000E-07   1.3070200000E-05   2.1450061500E-02

$vibrational_frequencies
18
    0        0.0000000000000000
    1        0.0000000000000000
    2        0.0000000000000000
    3        0.0000000000000000
    4        0.0000000000000000
    5        0.0000000000000000
    6       91.5717090310239001
    7       91.6997678282978654
    8      178.1531784902632296
    9      550.1547533195682718
   10      821.5566417598465705
   11      822.3878640531215751
   12     1368.3584191800068766
   13     1501.2609119108228697
   14     1501.2614073113015820
   15     3036.0196567756365766
   16     3036.1133818972571135
   17     3080.5112377392151757

$normal_modes
18 18
                    0                  1                  2                  3                  4        
    0      0.0000000000E+00   0.0000000000E+00   0.0000000000E+00   0.0000000000E+00   0.0000000000E+00
    1      0.0000000000E+00   0.0000000000E+00   0.0000000000E+00   0.0000000000E+00   0.0000000000E+00
    2      0.0000000000E+00   0.0000000000E+00   0.0000000000E+00   0.0000000000E+00   0.0000000000E+00
    3      0.0000000000E+00   0.0000000000E+00   0.0000000000E+00   0.0000000000E+00   0.0000000000E+00
    4      0.0000000000E+00   0.0000000000E+00   0.0000000000E+00   0.0000000000E+00   0.0000000000E+00
    5      0.0000000000E+00   0.0000000000E+00   0.0000000000E+00   0.0000000000E+00   0.0000000000E+00
    6      0.0000000000E+00   0.0000000000E+00   0.0000000000E+00   0.0000000000E+00   0.0000000000E+00
    7      0.0000000000E+00   0.0000000000E+00   0.0000000000E+00   0.0000000000E+00   0.0000000000E+00
    8      0.0000000000E+00   0.0000000000E+00   0.0000000000E+00   0.0000000000E+00   0.0000000000E+00
    9      0.0000000000E+00   0.0000000000E+00   0.0000000000E+00   0.0000000000E+00   0.0000000000E+00
   10      0.0000000000E+00   0.0000000000E+00   0.0000000000E+00   0.0000000000E+00   0.0000000000E+00
   11      0.0000000000E+00   0.0000000000E+00   0.0000000000E+00   0.0000000000E+00   0.0000000000E+00
   12      0.0000000000E+00   0.0000000000E+00   0.0000000000E+00   0.0000000000E+00   0.0000000000E+00
   13      0.0000000000E+00   0.0000000000E+00   0.0000000000E+00   0.0000000000E+00   0.0000000000E+00
   14      0.0000000000E+00   0.0000000000E+00   0.0000000000E+00   0.0000000000E+00   0.0000000000E+00
   15      0.0000000000E+00   0.0000000000E+00   0.0000000000E+00   0.0000000000E+00   0.0000000000E+00
   16      0.0000000000E+00   0.0000000000E+00   0.0000000000E+00   0.0000000000E+00   0.0000000000E+00
   17      0.0000000000E+00   0.0000000000E+00   0.0000000000E+00   0.0000000000E+00   0.0000000000E+00
                    5                  6                  7                  8                  9        
    0      0.0000000000E+00   3.7457684913E-03  -4.2188257370E-01  -8.2631133403E-05   2.2416638440E-05
    1      0.0000000000E+00  -4.2172259539E-01  -3.7477811730E-03  -3.0408018794E-03   7.7737989070E-04
    2      0.0000000000E+00   6.3479289430E-04   2.4004881794E-05  -1.1320085887E-01   5.9609432528E-01
    3      0.0000000000E+00   4.4504300471E-03  -4.8907330422E-01  -8.1916984466E-05   8.6830093025E-06
    4      0.0000000000E+00  -5.0679352665E-01  -4.5032316864E-03   1.8429587170E-02  -4.4297748184E-02
    5      0.0000000000E+00  -1.9001363852E-01  -1.6711246688E-03  -3.2885520306E-02   4.5904834128E-01
    6      0.0000000000E+00   1.3652241609E-02  -4.9903993606E-01   1.8545265499E-02  -3.8605130289E-02
    7      0.0000000000E+00  -4.9048113016E-01   8.4046954965E-03  -1.3762232856E-02   2.2553796403E-02
    8      0.0000000000E+00   9.7148788618E-02  -1.6384980661E-01  -3.2691179626E-02   4.6016043789E-01
    9      0.0000000000E+00  -4.8893921033E-03  -4.9919389704E-01  -1.8710815397E-02   3.8622774860E-02
   10      0.0000000000E+00  -4.9006421982E-01  -1.7110773675E-02  -1.3763261085E-02   2.2554007718E-02
   11      0.0000000000E+00   9.4214966199E-02   1.6557458860E-01  -3.2683206637E-02   4.6019301642E-01
   12      0.0000000000E+00  -2.3215591516E-04   2.6145800512E-02   5.9683805655E-06  -1.8189735208E-06
   13      0.0000000000E+00   2.6137017535E-02   2.3225441669E-04   2.2019531603E-04  -6.4399880536E-05
   14      0.0000000000E+00   9.8765560073E-05   3.4303071167E-06  -1.3550797439E-01  -6.5263693580E-02
   15      0.0000000000E+00  -1.5185190812E-03   1.7099353101E-01   2.5504877716E-05  -3.4191338501E-06
   16      0.0000000000E+00   1.7095274006E-01   1.5189229674E-03   9.3425412120E-04  -1.0428999956E-04
   17      0.0000000000E+00  -1.1326857696E-03  -4.0936687146E-05   9.8192775303E-01  -1.4115340331E-02
                   10                 11                 12                 13                 14        
    0     -1.5239720325E-03  -1.1157587103E-01   1.8967321034E-07   6.7413310545E-02  -1.5903963081E-02
    1      1.1162824511E-01  -1.5232482974E-03   5.8237482536E-06  -1.5912272535E-02  -6.7447473930E-02
    2     -1.8651098559E-04   7.7694894684E-06   1.0080224105E-01   2.3571171639E-07  -1.1136245336E-07
    3      3.5898731323E-03   2.6421846098E-01   6.6385686075E-06  -7.2126126804E-01   1.7014786012E-01
    4     -2.2471812129E-01   3.0709331760E-03  -2.2679475323E-01  -3.2852992834E-02  -1.3925956070E-01
    5     -7.3409648505E-01   1.0028828391E-02  -5.2739206827E-01  -7.0212304030E-02  -2.9767974520E-01
    6     -1.4153659220E-02   2.3410917158E-01  -1.9581102569E-01   1.2024232324E-02   3.9060465449E-01
    7     -2.5315343901E-01   2.1225299682E-02   1.1324252356E-01  -2.5284653505E-01   5.9407864572E-01
    8      3.7536336058E-01   6.3042000721E-01  -5.2813925863E-01   2.9377879491E-01   8.7856335006E-02
    9      2.0550084555E-02   2.3359096440E-01   1.9579391349E-01  -1.6382088149E-01  -3.5477869089E-01
   10     -2.5362439240E-01  -1.4304910018E-02   1.1322497594E-01   4.9171168269E-01   4.1842658014E-01
   11      3.5800450814E-01  -6.4042343899E-01  -5.2816061622E-01  -2.2354886708E-01   2.0993002391E-01
   12      6.8605931450E-05   5.0203262223E-03   1.0283129338E-07   3.7559479210E-04  -8.8632723612E-05
   13     -5.0245070190E-03   6.8549688225E-05   3.7788310176E-06  -8.8265746275E-05  -3.7427524957E-04
   14      9.6235123221E-06  -3.8483726296E-07   1.9687785092E-03  -3.6570856944E-07  -1.7939996599E-06
   15     -2.4626459283E-05  -1.8273268951E-03  -2.5108091835E-07   1.1937113627E-03  -2.8169392064E-04
   16      1.7997162339E-03  -2.4974921468E-05  -1.1559686896E-05  -2.8092554030E-04  -1.1908880900E-03
   17      9.2294188414E-05  -3.6889817138E-06   7.1474770263E-03   1.3586950835E-06   6.3969632340E-06
                   15                 16                 17        
     0     -1.2685422390E-03   8.7708707375E-02  -2.3798490575E-06
     1      8.7708317756E-02   1.2685276399E-03  -6.3141928264E-05
     2     -9.3066686834E-05  -4.4766353615E-06  -4.8292142142E-02
     3     -7.3931392455E-04   5.1405171423E-02   4.7189584363E-06
     4     -7.4755413376E-01  -1.0822612162E-02  -5.4205304278E-01
     5      3.1641702006E-01   4.5787934741E-03   1.9633272614E-01
     6      3.5385718284E-01  -5.4295006733E-01  -4.6976507542E-01
     7     -1.5348372463E-01   3.4413326086E-01   2.7139273422E-01
     8     -1.6161889349E-01   2.7079667159E-01   1.9572320657E-01
     9     -3.3801067240E-01  -5.5296863041E-01   4.6978776660E-01
    10     -1.4346145867E-01  -3.4841734570E-01   2.7140039153E-01
    11     -1.5369754828E-01  -2.7532292858E-01   1.9570368538E-01
    12      2.1842458209E-07  -1.5425876775E-05   1.8620313635E-09
    13     -1.5774119084E-05  -2.2296195884E-07  -2.5759974707E-07
    14      3.9638045124E-07   1.9411827375E-08  -8.3513073267E-06
    15     -1.0164925450E-06   7.1475629045E-05   3.7827984414E-08
    16      7.3294175633E-05   1.0295276066E-06   2.3730645612E-06
    17     -2.2033696655E-06  -8.6917762455E-08  -5.9822059541E-04

#
# The atoms: label  mass x y z (in bohrs)
#
$atoms
6
 C     12.01100     -0.000062762408    -0.002344461893    -2.581494266504
 H      1.00800     -0.000082941979     1.860852635800    -3.442076511112
 H      1.00800      1.614347856327    -0.935165946143    -3.439177609458
 H      1.00800     -1.614519860611    -0.935169488808    -3.439086034420
 I    126.90000      0.000000606197     0.000022391365     1.406615356010
 F     18.99800      0.000049157737     0.001835800035    -7.216036328374

$actual_temperature
  0.000000

$frequency_scale_factor
  1.000000


$end

