
$orca_hessian_file

$act_atom
  0

$act_coord
  0

$act_energy
      -12.413880

$multiplicity
  1

$hessian
18
                    0                  1                  2                  3                  4        
    0      4.7342385220E-01  -1.8971220000E-04  -2.2683350000E-04  -4.0295870900E-02   2.1651800000E-05
    1     -1.8971220000E-04   4.3682802620E-01  -3.4203470200E-02   4.2651400000E-05  -1.9770252970E-01
    2     -2.2683350000E-04  -3.4203470200E-02   2.8342444290E-01  -3.4922000000E-05   1.1059712240E-01
    3     -4.0295870900E-02   4.2651400000E-05  -3.4922000000E-05   4.8521168700E-02  -3.4277600000E-05
    4      2.1651800000E-05  -1.9770252970E-01   1.1059712240E-01  -3.4277600000E-05   2.3332419880E-01
    5     -1.9827600000E-05   1.2175045190E-01  -9.9223174100E-02   1.4955800000E-05  -1.2324331240E-01
    6     -2.0846841580E-01   1.0554318070E-01   4.9819353100E-02  -2.9129909000E-03   3.7036383000E-03
    7      1.1045901890E-01  -1.1120716660E-01  -3.0467612300E-02   2.5342735100E-02  -1.9302222100E-02
    8      5.7696842400E-02  -3.6132871000E-02  -5.2151826800E-02  -1.2125426200E-02   9.2860184000E-03
    9     -2.0846730670E-01  -1.0540489940E-01  -4.9542883200E-02  -2.8994157000E-03  -3.6898158000E-03
   10     -1.1029280520E-01  -1.1103435710E-01  -3.0247092500E-02  -2.5352693600E-02  -1.9273047300E-02
   11     -5.7409096500E-02  -3.5903415500E-02  -5.1996094400E-02   1.2133293500E-02   9.2794701000E-03
   12     -1.7206824100E-02   1.9266000000E-06  -1.4888300000E-05   3.8577450000E-04  -1.6400000000E-06
   13     -2.2355000000E-06  -1.8715655800E-02  -8.0504349000E-03   5.1782000000E-06   5.4088493000E-03
   14     -4.0026400000E-05  -1.4759587400E-02  -7.7997036700E-02   9.6289000000E-06  -5.1420086000E-03
   15      1.0145653000E-03   6.8528000000E-06   1.7400000000E-07  -2.7986658000E-03   4.4330000000E-07
   16      4.0821000000E-06   1.8316829000E-03  -7.6285125000E-03  -3.5935000000E-06  -2.4552491000E-03
   17     -1.0584000000E-06  -7.5110780000E-04  -2.0563108000E-03   2.4701000000E-06  -7.7728990000E-04
                    5                  6                  7                  8                  9        
    0     -1.9827600000E-05  -2.0846841580E-01   1.1045901890E-01   5.7696842400E-02  -2.0846730670E-01
    1      1.2175045190E-01   1.0554318070E-01  -1.1120716660E-01  -3.6132871000E-02  -1.0540489940E-01
    2     -9.9223174100E-02   4.9819353100E-02  -3.0467612300E-02  -5.2151826800E-02  -4.9542883200E-02
    3      1.4955800000E-05  -2.9129909000E-03   2.5342735100E-02  -1.2125426200E-02  -2.8994157000E-03
    4     -1.2324331240E-01   3.7036383000E-03  -1.9302222100E-02   9.2860184000E-03  -3.6898158000E-03
    5      1.0562702250E-01  -2.6638510000E-04  -4.4630408000E-03   5.8216091000E-03   2.7274020000E-04
    6     -2.6638510000E-04   2.3600186260E-01  -1.2152344960E-01  -5.3680818600E-02  -2.6697293700E-02
    7     -4.4630408000E-03  -1.2152344960E-01   1.2117042470E-01   3.3189852200E-02  -1.4229157500E-02
    8      5.8216091000E-03  -5.3680818600E-02   3.3189852200E-02   6.1688197400E-02  -4.7415286000E-03
    9      2.7274020000E-04  -2.6697293700E-02  -1.4229157500E-02  -4.7415286000E-03   2.3598659100E-01
   10     -4.4423731000E-03   1.4245593900E-02   9.5188025000E-03   3.9749455000E-03   1.2136631290E-01
   11      5.8120774000E-03   4.7726865000E-03   3.9843050000E-03   3.0716290000E-03   5.3383671600E-02
   12     -3.3312000000E-06   2.0818010000E-03   9.2551660000E-04   1.2961901500E-02   2.0721010000E-03
   13      5.5660864000E-03  -1.1029334000E-03  -4.6777870000E-04  -1.0004691100E-02   1.0914923000E-03
   14     -1.4310348400E-02  -9.5376580000E-04  -2.1490457000E-03  -1.7527249000E-02   9.3449000000E-04
   15      1.8480000000E-06  -4.9632000000E-06  -9.7466340000E-04  -1.1097040000E-04   5.3240000000E-06
   16      4.8321881000E-03  -8.6602990000E-04   2.8794020000E-04  -3.1325390000E-04   8.6606740000E-04
   17     -3.7271864000E-03   3.0893000000E-04  -9.4458400000E-05  -9.0235960000E-04  -3.0649000000E-04
                   10                 11                 12                 13                 14        
    0     -1.1029280520E-01  -5.7409096500E-02  -1.7206824100E-02  -2.2355000000E-06  -4.0026400000E-05
    1     -1.1103435710E-01  -3.5903415500E-02   1.9266000000E-06  -1.8715655800E-02  -1.4759587400E-02
    2     -3.0247092500E-02  -5.1996094400E-02  -1.4888300000E-05  -8.0504349000E-03  -7.7997036700E-02
    3     -2.5352693600E-02   1.2133293500E-02   3.8577450000E-04   5.1782000000E-06   9.6289000000E-06
    4     -1.9273047300E-02   9.2794701000E-03  -1.6400000000E-06   5.4088493000E-03  -5.1420086000E-03
    5     -4.4423731000E-03   5.8120774000E-03  -3.3312000000E-06   5.5660864000E-03  -1.4310348400E-02
    6      1.4245593900E-02   4.7726865000E-03   2.0818010000E-03  -1.1029334000E-03  -9.5376580000E-04
    7      9.5188025000E-03   3.9843050000E-03   9.2551660000E-04  -4.6777870000E-04  -2.1490457000E-03
    8      3.9749455000E-03   3.0716290000E-03   1.2961901500E-02  -1.0004691100E-02  -1.7527249000E-02
    9      1.2136631290E-01   5.3383671600E-02   2.0721010000E-03   1.0914923000E-03   9.3449000000E-04
   10      1.2096892920E-01   3.2967652200E-02  -9.3641290000E-04  -4.7107350000E-04  -2.1620315000E-03
   11      3.2967652200E-02   6.1587790600E-02  -1.3001690000E-02  -1.0020524600E-02  -1.7573556900E-02
   12     -9.3641290000E-04  -1.3001690000E-02   1.2115530500E-02   1.2221800000E-05   5.6467800000E-05
   13     -4.7107350000E-04  -1.0020524600E-02   1.2221800000E-05   1.3323590500E-02   2.1121921300E-02
   14     -2.1620315000E-03  -1.7573556900E-02   5.6467800000E-05   2.1121921300E-02   1.3362480090E-01
   15      9.7000480000E-04   1.2113490000E-04   5.5161700000E-04  -3.7234000000E-06  -6.7944000000E-06
   16      2.9074610000E-04  -3.0748710000E-04  -1.6120000000E-06   9.2206820000E-04   3.0907518000E-03
   17     -9.1100600000E-05  -9.0184570000E-04   1.5403000000E-06   1.3876429000E-03  -6.2166098000E-03
                   15                 16                 17        
     0      1.0145653000E-03   4.0821000000E-06  -1.0584000000E-06
     1      6.8528000000E-06   1.8316829000E-03  -7.5110780000E-04
     2      1.7400000000E-07  -7.6285125000E-03  -2.0563108000E-03
     3     -2.7986658000E-03  -3.5935000000E-06   2.4701000000E-06
     4      4.4330000000E-07  -2.4552491000E-03  -7.7728990000E-04
     5      1.8480000000E-06   4.8321881000E-03  -3.7271864000E-03
     6     -4.9632000000E-06  -8.6602990000E-04   3.0893000000E-04
     7     -9.7466340000E-04   2.8794020000E-04  -9.4458400000E-05
     8     -1.1097040000E-04  -3.1325390000E-04  -9.0235960000E-04
     9      5.3240000000E-06   8.6606740000E-04  -3.0649000000E-04
    10      9.7000480000E-04   2.9074610000E-04  -9.1100600000E-05
    11      1.2113490000E-04  -3.0748710000E-04  -9.0184570000E-04
    12      5.5161700000E-04  -1.6120000000E-06   1.5403000000E-06
    13     -3.7234000000E-06   9.2206820000E-04   1.3876429000E-03
    14     -6.7944000000E-06   3.0907518000E-03  -6.2166098000E-03
    15      1.2321227000E-03   1.0859000000E-06  -5.3920000000E-06
    16      1.0859000000E-06  -8.7718830000E-04   3.2631370000E-04
    17     -5.3920000000E-06   3.2631370000E-04   1.3804312300E-02

$vibrational_frequencies
18
    0        0.0000000000000000
    1        0.0000000000000000
    2        0.0000000000000000
    3        0.0000000000000000
    4        0.0000000000000000
    5        0.0000000000000000
    6     -115.0685143733297195
    7      127.2147094578567987
    8      146.1259546295782172
    9      511.0799580268204068
   10      715.3143109625650595
   11      908.5365579048071822
   12     1322.7917834614149797
   13     1460.2925366169356494
   14     1476.9243733579894524
   15     2942.2647431394270825
   16     3033.8080957695538018
   17     3040.0446071540386583

$normal_modes
18 18
                    0                  1                  2                  3                  4        
    0      0.0000000000E+00   0.0000000000E+00   0.0000000000E+00   0.0000000000E+00   0.0000000000E+00
    1      0.0000000000E+00   0.0000000000E+00   0.0000000000E+00   0.0000000000E+00   0.0000000000E+00
    2      0.0000000000E+00   0.0000000000E+00   0.0000000000E+00   0.0000000000E+00   0.0000000000E+00
    3      0.0000000000E+00   0.0000000000E+00   0.0000000000E+00   0.0000000000E+00   0.0000000000E+00
    4      0.0000000000E+00   0.0000000000E+00   0.0000000000E+00   0.0000000000E+00   0.0000000000E+00
    5      0.0000000000E+00   0.0000000000E+00   0.0000000000E+00   0.0000000000E+00   0.0000000000E+00
    6      0.0000000000E+00   0.0000000000E+00   0.0000000000E+00   0.0000000000E+00   0.0000000000E+00
    7      0.0000000000E+00   0.0000000000E+00   0.0000000000E+00   0.0000000000E+00   0.0000000000E+00
    8      0.0000000000E+00   0.0000000000E+00   0.0000000000E+00   0.0000000000E+00   0.0000000000E+00
    9      0.0000000000E+00   0.0000000000E+00   0.0000000000E+00   0.0000000000E+00   0.0000000000E+00
   10      0.0000000000E+00   0.0000000000E+00   0.0000000000E+00   0.0000000000E+00   0.0000000000E+00
   11      0.0000000000E+00   0.0000000000E+00   0.0000000000E+00   0.0000000000E+00   0.0000000000E+00
   12      0.0000000000E+00   0.0000000000E+00   0.0000000000E+00   0.0000000000E+00   0.0000000000E+00
   13      0.0000000000E+00   0.0000000000E+00   0.0000000000E+00   0.0000000000E+00   0.0000000000E+00
   14      0.0000000000E+00   0.0000000000E+00   0.0000000000E+00   0.0000000000E+00   0.0000000000E+00
   15      0.0000000000E+00   0.0000000000E+00   0.0000000000E+00   0.0000000000E+00   0.0000000000E+00
   16      0.0000000000E+00   0.0000000000E+00   0.0000000000E+00   0.0000000000E+00   0.0000000000E+00
   17      0.0000000000E+00   0.0000000000E+00   0.0000000000E+00   0.0000000000E+00   0.0000000000E+00
                    5                  6                  7                  8                  9        
    0      0.0000000000E+00   6.0748190517E-05   2.4171675899E-01  -2.5487152884E-03   3.3506558385E-05
    1      0.0000000000E+00   3.6859747865E-01   5.0010666634E-04   1.3704571059E-01   1.0714053176E-01
    2      0.0000000000E+00  -8.2839695063E-02  -1.7736174339E-06   5.6577686366E-02   5.7558857814E-01
    3      0.0000000000E+00  -1.7977583852E-03   7.2462168805E-01  -8.2915476368E-03   7.8250191888E-05
    4      0.0000000000E+00   5.5042242902E-01   4.7736051031E-04   1.3603374064E-01   7.2752384228E-02
    5      0.0000000000E+00   2.0978004378E-01  -1.3235645939E-04   4.8297036461E-02   5.0455808078E-01
    6      0.0000000000E+00   1.3531385213E-03   1.3604040596E-02  -7.9328162197E-04  -2.5813023399E-02
    7      0.0000000000E+00   4.4417003746E-01  -4.2710723107E-01   1.4768008512E-01   1.1889715074E-01
    8      0.0000000000E+00  -2.1405762791E-01   1.4313734006E-01   3.5538050432E-02   4.2674748836E-01
    9      0.0000000000E+00   6.5379889504E-04   1.3605562814E-02   1.2412044986E-03   2.6523764357E-02
   10      0.0000000000E+00   4.4062161607E-01   4.2827766405E-01   1.3740200494E-01   1.1804363865E-01
   11      0.0000000000E+00  -2.1331375033E-01  -1.4312282436E-01   3.8758060245E-02   4.2571261315E-01
   12      0.0000000000E+00  -3.6143331745E-06  -1.4570851085E-02   1.3209457732E-04  -1.3611152091E-05
   13      0.0000000000E+00  -2.2736799804E-02  -3.9217341538E-05  -1.5168059067E-02  -1.0779933017E-02
   14      0.0000000000E+00   2.4402156958E-03   1.4320390833E-04   1.3530598471E-01  -6.2125301246E-02
   15      0.0000000000E+00  -2.5362675009E-05  -9.5381878690E-02   1.1451832417E-03   2.7871610057E-05
   16      0.0000000000E+00  -1.5731236005E-01  -1.4165050906E-04  -7.6699700840E-03  -1.2162445843E-02
   17      0.0000000000E+00   4.7618500407E-02  -9.4917831141E-04  -9.4607105710E-01  -2.0926835018E-02
                   10                 11                 12                 13                 14        
    0     -1.6055260784E-04   1.0562255517E-01   2.6221202485E-05   1.1609798188E-04  -6.6247311394E-02
    1      1.2748204515E-01   1.4625795729E-04  -2.9611278762E-03   7.5231152783E-02   1.4753456123E-04
    2     -1.4780374549E-03   1.3968402030E-04  -1.0513086896E-01  -4.8821026962E-03  -2.0243110235E-05
    3     -1.1725186747E-04  -3.2311469783E-01  -3.1536169842E-04  -1.1519273886E-03   7.4966191585E-01
    4     -3.7457251799E-01  -6.5664769926E-04   2.6571993409E-01   1.5266710173E-01   2.9177719654E-04
    5     -7.7327472812E-01  -1.0533664829E-03   3.8916333958E-01   2.0156580526E-01   8.3026055882E-05
    6     -3.2352543691E-02  -1.8486155081E-01   1.3675952261E-01  -3.9250247015E-01   7.5043069016E-02
    7     -1.1064856491E-01  -1.2812719509E-01  -6.7221739766E-02  -5.5351437151E-01   3.0311528822E-01
    8      3.3152927203E-01  -6.2574082490E-01   5.9989668579E-01  -7.3471288674E-02  -3.4421822595E-01
    9      3.3204066844E-02  -1.8367278592E-01  -1.3638934104E-01   3.9184677140E-01   7.6652615126E-02
   10     -1.1106896975E-01   1.2784709726E-01  -6.6588538290E-02  -5.5256463477E-01  -3.0513749416E-01
   11      3.2970147199E-01   6.2624871488E-01   6.0061460005E-01  -7.5312964980E-02   3.4443262077E-01
   12      8.1155428686E-06  -4.8577903626E-03  -3.7919210379E-06   2.3146357558E-06  -6.3369373319E-04
   13     -6.1975890373E-03  -6.9250783567E-06  -9.3019839793E-04   3.3744500553E-04  -1.3278598358E-07
   14     -1.5978527333E-05  -9.5766254331E-06  -2.3865040414E-03   1.3358493941E-04  -4.6296727379E-07
   15      8.3371684609E-06   2.3688448119E-03   5.8423769783E-06   7.0484789416E-06  -1.7084045108E-03
   16     -7.5614497505E-03   3.4912940203E-06   1.0866065024E-03   7.6934690523E-04  -5.7452892380E-07
   17      6.9860363700E-03   4.5988694130E-06  -1.9379825474E-03  -6.0621104016E-04   1.1002737324E-07
                   15                 16                 17        
     0     -3.2430344397E-05   1.2348295606E-02   8.9632623750E-02
     1     -7.0774620302E-02   4.8962890906E-02  -7.1259333782E-03
     2      3.7707458896E-02   2.7943231955E-02  -4.0803032304E-03
     3     -1.7709636740E-04   6.7816628279E-03   4.9226742293E-02
     4      8.4610318210E-01   1.0983576761E-01  -1.5447133997E-02
     5     -5.1760464053E-01  -3.8115617390E-02   5.2247254572E-03
     6     -6.1662724745E-02   5.0553971117E-01  -6.4299116555E-01
     7      2.5068504659E-03  -2.9387286902E-01   4.3098007042E-01
     8      3.2184639875E-02  -1.3020794324E-01   1.8653817332E-01
     9      6.2229634124E-02  -6.5956446027E-01  -4.7511619040E-01
    10      2.8960958242E-03  -3.9839235882E-01  -3.3076510762E-01
    11      3.2216601396E-02  -1.7458248168E-01  -1.4174082845E-01
    12     -3.6179891731E-08   3.5459283443E-06   2.5315706097E-05
    13      5.3042839725E-05   3.0359849879E-05  -4.2725721142E-06
    14      3.1985481975E-06   6.4036318557E-05  -8.9339685896E-06
    15      6.2142300369E-08  -1.8124322148E-05  -1.2413666665E-04
    16     -7.8825925522E-04  -2.5566121272E-04   3.6098735208E-05
    17      1.8522170136E-04   9.9848553098E-05  -1.4738612928E-05

#
# The atoms: label  mass x y z (in bohrs)
#
$atoms
6
 C     12.01100     -0.001286037884    -0.521699254525    -2.586352546559
 H      1.00800     -0.001514509244     1.148110005209    -3.799086863173
 H      1.00800      1.672154017077    -1.589245566147    -3.110498571868
 H      1.00800     -1.676071788499    -1.588843371945    -3.108295842137
 I    126.90000     -0.000016625281     0.006726260936     1.441091770796
 F     18.99800      0.001212342781     0.392609011352    -7.459303134535

$actual_temperature
  0.000000

$frequency_scale_factor
  1.000000


$end

