
$orca_hessian_file

$act_atom
  0

$act_coord
  0

$act_energy
      -12.410677

$multiplicity
  1

$hessian
18
                    0                  1                  2                  3                  4        
    0      4.4534111630E-01  -2.3901150000E-04  -4.2156610000E-04  -4.0087666500E-02   1.2650300000E-05
    1     -2.3901150000E-04   4.3525412440E-01  -1.5651520600E-02   5.8300400000E-05  -2.2739422560E-01
    2     -4.2156610000E-04  -1.5651520600E-02   3.3659294040E-01  -1.2592800000E-05   1.0364083970E-01
    3     -4.0087666500E-02   5.8300400000E-05  -1.2592800000E-05   4.8998863000E-02  -4.0803800000E-05
    4      1.2650300000E-05  -2.2739422560E-01   1.0364083970E-01  -4.0803800000E-05   2.6991465040E-01
    5     -1.3905700000E-05   1.1795970590E-01  -8.9540283900E-02   1.6669000000E-06  -1.1367468250E-01
    6     -1.9508010980E-01   9.1485810600E-02   7.1338595700E-02  -3.7465527000E-03   5.1797443000E-03
    7      9.3997300800E-02  -9.6347665000E-02  -4.2237489100E-02   2.8788379600E-02  -2.3161310300E-02
    8      8.2740469200E-02  -4.9407506100E-02  -7.0362640900E-02  -9.2783922000E-03   6.6694036000E-03
    9     -1.9488121990E-01  -9.1310363600E-02  -7.0888628000E-02  -3.7031230000E-03  -5.1508745000E-03
   10     -9.3773875200E-02  -9.6227913900E-02  -4.1946531000E-02  -2.8803164200E-02  -2.3094552900E-02
   11     -8.2273885200E-02  -4.9103218700E-02  -7.0096372300E-02   9.2872179000E-03   6.6636598000E-03
   12     -1.7819304000E-02   3.1759000000E-06   1.6017500000E-05   8.3410590000E-04  -5.4200000000E-08
   13      1.5407000000E-06  -1.7825931800E-02  -5.6377830000E-04  -7.3750000000E-07   5.0437669000E-03
   14     -2.6082000000E-05  -3.3355194000E-03  -1.1232833860E-01   9.2190000000E-07  -3.4496459000E-03
   15      2.5271840000E-03   2.0882000000E-06  -3.1826300000E-05  -2.2956266000E-03  -6.6210000000E-07
   16      1.3949000000E-06   2.5416120000E-03  -3.2415206000E-03  -1.9745000000E-06  -1.3083286000E-03
   17     -5.0302000000E-06  -4.6194110000E-04   5.7346953000E-03   1.1784000000E-06   1.5042530000E-04
                    5                  6                  7                  8                  9        
    0     -1.3905700000E-05  -1.9508010980E-01   9.3997300800E-02   8.2740469200E-02  -1.9488121990E-01
    1      1.1795970590E-01   9.1485810600E-02  -9.6347665000E-02  -4.9407506100E-02  -9.1310363600E-02
    2     -8.9540283900E-02   7.1338595700E-02  -4.2237489100E-02  -7.0362640900E-02  -7.0888628000E-02
    3      1.6669000000E-06  -3.7465527000E-03   2.8788379600E-02  -9.2783922000E-03  -3.7031230000E-03
    4     -1.1367468250E-01   5.1797443000E-03  -2.3161310300E-02   6.6694036000E-03  -5.1508745000E-03
    5      9.4509273100E-02   1.3080960000E-04  -7.5073999000E-03   6.4626819000E-03  -1.1909260000E-04
    6      1.3080960000E-04   2.2672244880E-01  -1.0768820920E-01  -7.7437508900E-02  -3.0185159000E-02
    7     -7.5073999000E-03  -1.0768820920E-01   1.1117086500E-01   4.5035200300E-02  -1.3122564800E-02
    8      6.4626819000E-03  -7.7437508900E-02   4.5035200300E-02   8.0029144500E-02  -7.3162134000E-03
    9     -1.1909260000E-04  -3.0185159000E-02  -1.3122564800E-02  -7.3162134000E-03   2.2647655760E-01
   10     -7.4855993000E-03   1.3117334600E-02   8.1225894000E-03   4.5202330000E-03   1.0749342060E-01
   11      6.4405786000E-03   7.3484820000E-03   4.5296329000E-03   5.1093838000E-03   7.6959472300E-02
   12      2.6110000000E-06   2.9414967000E-03  -1.1546745000E-03   1.1307111600E-02   2.9345157000E-03
   13      8.7114034000E-03  -1.3764667000E-03   1.2511259000E-03  -6.6762080000E-03   1.3703690000E-03
   14     -1.3004678900E-02  -1.8906921000E-03   5.5998820000E-04  -1.7813222800E-02   1.8761703000E-03
   15     -2.0892000000E-06  -6.5212400000E-04  -8.2023190000E-04  -1.5466300000E-05  -6.4157140000E-04
   16      1.9965724000E-03  -7.1821360000E-04  -1.0356049000E-03  -1.4112280000E-04   7.2001330000E-04
   17     -4.8675708000E-03   5.1031360000E-04  -3.7993220000E-04  -3.4253466000E-03  -5.1170860000E-04
                   10                 11                 12                 13                 14        
    0     -9.3773875200E-02  -8.2273885200E-02  -1.7819304000E-02   1.5407000000E-06  -2.6082000000E-05
    1     -9.6227913900E-02  -4.9103218700E-02   3.1759000000E-06  -1.7825931800E-02  -3.3355194000E-03
    2     -4.1946531000E-02  -7.0096372300E-02   1.6017500000E-05  -5.6377830000E-04  -1.1232833860E-01
    3     -2.8803164200E-02   9.2872179000E-03   8.3410590000E-04  -7.3750000000E-07   9.2190000000E-07
    4     -2.3094552900E-02   6.6636598000E-03  -5.4200000000E-08   5.0437669000E-03  -3.4496459000E-03
    5     -7.4855993000E-03   6.4405786000E-03   2.6110000000E-06   8.7114034000E-03  -1.3004678900E-02
    6      1.3117334600E-02   7.3484820000E-03   2.9414967000E-03  -1.3764667000E-03  -1.8906921000E-03
    7      8.1225894000E-03   4.5296329000E-03  -1.1546745000E-03   1.2511259000E-03   5.5998820000E-04
    8      4.5202330000E-03   5.1093838000E-03   1.1307111600E-02  -6.6762080000E-03  -1.7813222800E-02
    9      1.0749342060E-01   7.6959472300E-02   2.9345157000E-03   1.3703690000E-03   1.8761703000E-03
   10      1.1098251470E-01   4.4743429000E-02   1.1462138000E-03   1.2482673000E-03   5.5028580000E-04
   11      4.4743429000E-02   7.9820829400E-02  -1.1361863600E-02  -6.7097473000E-03  -1.7869199400E-02
   12      1.1462138000E-03  -1.1361863600E-02   1.0928075900E-02   9.4350000000E-06   3.4095000000E-05
   13      1.2482673000E-03  -6.7097473000E-03   9.4350000000E-06   9.7210437000E-03   4.6909659000E-03
   14      5.5028580000E-04  -1.7869199400E-02   3.4095000000E-05   4.6909659000E-03   1.7058691660E-01
   15      8.2007040000E-04   4.0576600000E-05   1.8110980000E-04  -4.1407000000E-06   5.5869000000E-06
   16     -1.0309045000E-03  -1.2375570000E-04  -4.0960000000E-06   5.6172800000E-04   9.8392550000E-04
   17     -3.8181740000E-04  -3.4052202000E-03   2.0285000000E-06   5.4736430000E-04  -9.5714769000E-03
                   15                 16                 17        
     0      2.5271840000E-03   1.3949000000E-06  -5.0302000000E-06
     1      2.0882000000E-06   2.5416120000E-03  -4.6194110000E-04
     2     -3.1826300000E-05  -3.2415206000E-03   5.7346953000E-03
     3     -2.2956266000E-03  -1.9745000000E-06   1.1784000000E-06
     4     -6.6210000000E-07  -1.3083286000E-03   1.5042530000E-04
     5     -2.0892000000E-06   1.9965724000E-03  -4.8675708000E-03
     6     -6.5212400000E-04  -7.1821360000E-04   5.1031360000E-04
     7     -8.2023190000E-04  -1.0356049000E-03  -3.7993220000E-04
     8     -1.5466300000E-05  -1.4112280000E-04  -3.4253466000E-03
     9     -6.4157140000E-04   7.2001330000E-04  -5.1170860000E-04
    10      8.2007040000E-04  -1.0309045000E-03  -3.8181740000E-04
    11      4.0576600000E-05  -1.2375570000E-04  -3.4052202000E-03
    12      1.8110980000E-04  -4.0960000000E-06   2.0285000000E-06
    13     -4.1407000000E-06   5.6172800000E-04   5.4736430000E-04
    14      5.5869000000E-06   9.8392550000E-04  -9.5714769000E-03
    15      8.8102830000E-04   2.8760000000E-06   3.2182000000E-06
    16      2.8760000000E-06   2.7149800000E-04   5.2590120000E-04
    17      3.2182000000E-06   5.2590120000E-04   1.5534919300E-02

$vibrational_frequencies
18
    0        0.0000000000000000
    1        0.0000000000000000
    2        0.0000000000000000
    3        0.0000000000000000
    4        0.0000000000000000
    5        0.0000000000000000
    6       36.4810534230754513
    7       83.8302619734659515
    8      154.5790886388077752
    9      562.9234892020638199
   10      763.4171427342849938
   11      861.5905234921748388
   12     1386.6243638097528219
   13     1495.9534335521673256
   14     1513.6460388707912443
   15     2997.5919919182033482
   16     3006.1885774776469589
   17     3053.6400550158409715

$normal_modes
18 18
                    0                  1                  2                  3                  4        
    0      0.0000000000E+00   0.0000000000E+00   0.0000000000E+00   0.0000000000E+00   0.0000000000E+00
    1      0.0000000000E+00   0.0000000000E+00   0.0000000000E+00   0.0000000000E+00   0.0000000000E+00
    2      0.0000000000E+00   0.0000000000E+00   0.0000000000E+00   0.0000000000E+00   0.0000000000E+00
    3      0.0000000000E+00   0.0000000000E+00   0.0000000000E+00   0.0000000000E+00   0.0000000000E+00
    4      0.0000000000E+00   0.0000000000E+00   0.0000000000E+00   0.0000000000E+00   0.0000000000E+00
    5      0.0000000000E+00   0.0000000000E+00   0.0000000000E+00   0.0000000000E+00   0.0000000000E+00
    6      0.0000000000E+00   0.0000000000E+00   0.0000000000E+00   0.0000000000E+00   0.0000000000E+00
    7      0.0000000000E+00   0.0000000000E+00   0.0000000000E+00   0.0000000000E+00   0.0000000000E+00
    8      0.0000000000E+00   0.0000000000E+00   0.0000000000E+00   0.0000000000E+00   0.0000000000E+00
    9      0.0000000000E+00   0.0000000000E+00   0.0000000000E+00   0.0000000000E+00   0.0000000000E+00
   10      0.0000000000E+00   0.0000000000E+00   0.0000000000E+00   0.0000000000E+00   0.0000000000E+00
   11      0.0000000000E+00   0.0000000000E+00   0.0000000000E+00   0.0000000000E+00   0.0000000000E+00
   12      0.0000000000E+00   0.0000000000E+00   0.0000000000E+00   0.0000000000E+00   0.0000000000E+00
   13      0.0000000000E+00   0.0000000000E+00   0.0000000000E+00   0.0000000000E+00   0.0000000000E+00
   14      0.0000000000E+00   0.0000000000E+00   0.0000000000E+00   0.0000000000E+00   0.0000000000E+00
   15      0.0000000000E+00   0.0000000000E+00   0.0000000000E+00   0.0000000000E+00   0.0000000000E+00
   16      0.0000000000E+00   0.0000000000E+00   0.0000000000E+00   0.0000000000E+00   0.0000000000E+00
   17      0.0000000000E+00   0.0000000000E+00   0.0000000000E+00   0.0000000000E+00   0.0000000000E+00
                    5                  6                  7                  8                  9        
    0      0.0000000000E+00   1.3696359290E-03   4.1763237495E-01   1.3365635698E-03  -1.1639397591E-04
    1      0.0000000000E+00  -4.0320193146E-01   1.3930082729E-03   1.4117612500E-01  -8.6708597538E-03
    2      0.0000000000E+00   2.2110154961E-02  -2.4953304145E-04   1.1090975514E-01  -5.6889967199E-01
    3      0.0000000000E+00   2.8829946265E-03   6.0136961417E-01   1.4792806102E-03  -2.0676386556E-04
    4      0.0000000000E+00  -5.2328498755E-01   1.6704061199E-03   1.4307845745E-01  -6.8514351331E-03
    5      0.0000000000E+00  -2.0635379038E-01   3.0831161385E-04   9.2329312204E-02  -5.4663259049E-01
    6      0.0000000000E+00   8.3145197706E-03   4.2252683884E-01  -1.0560197941E-02   2.8276464832E-02
    7      0.0000000000E+00  -4.7966237632E-01  -1.1673792542E-01   1.5679320159E-01  -4.8795567517E-02
    8      0.0000000000E+00   1.2747291855E-01   1.5921341294E-01   4.3270742343E-02  -4.2851615352E-01
    9      0.0000000000E+00  -6.0972614265E-03   4.2228753755E-01   1.3163414235E-02  -2.8475594592E-02
   10      0.0000000000E+00  -4.7725800156E-01   1.1982237544E-01   1.5696499803E-01  -4.8684729091E-02
   11      0.0000000000E+00   1.2589884922E-01  -1.5998997645E-01   4.2996886229E-02  -4.2811658502E-01
   12      0.0000000000E+00  -8.7511900555E-05  -2.6208373803E-02  -1.0162597980E-04   8.2193730523E-06
   13      0.0000000000E+00   2.5393671226E-02  -8.6211592706E-05  -1.0858949429E-02   1.0041703241E-03
   14      0.0000000000E+00   5.6584139992E-03  -7.7311604743E-05   1.2752040851E-01   6.3733069515E-02
   15      0.0000000000E+00  -5.5197873238E-04  -1.6570656292E-01  -3.8279214021E-04   4.0220569506E-05
   16      0.0000000000E+00   1.6383032575E-01  -5.5711476137E-04  -4.0959948684E-02   4.3100783222E-03
   17      0.0000000000E+00  -5.4269498312E-02   6.9901999727E-04  -9.3138765263E-01   8.4124060693E-03
                   10                 11                 12                 13                 14        
    0     -7.5222714066E-04  -1.1191190309E-01   3.0859365519E-05  -1.4538028201E-04   6.6180188281E-02
    1      1.1937079297E-01  -7.1729427636E-04  -5.9993711107E-04   7.1373304841E-02   9.0927650412E-05
    2      1.4688724986E-02  -2.0762515943E-04  -1.0655446555E-01  -4.1048851554E-03  -4.7068025434E-05
    3      1.4604125333E-03   3.1018164627E-01  -1.2832083901E-04   1.6834698243E-03  -7.3930672278E-01
    4     -2.9636519010E-01   2.1398228253E-03   2.4587204051E-01   1.5600092949E-01   3.8701061067E-04
    5     -7.4806008588E-01   5.0490076083E-03   4.5460565908E-01   2.7588515504E-01   1.1643079277E-03
    6     -1.9231465207E-02   2.2363558722E-01   1.9398736885E-01  -3.8376300300E-01  -7.0732096258E-02
    7     -2.0508412348E-01   4.3158676318E-02  -1.0381245567E-01  -5.3450611455E-01  -3.5960144982E-01
    8      3.5991402735E-01   6.2617686277E-01   5.5799293008E-01  -1.1691274106E-01   3.0118705495E-01
    9      2.2137443125E-02   2.2177150367E-01  -1.9374292171E-01   3.8374167869E-01  -6.9904881057E-02
   10     -2.0487295690E-01  -4.0364465639E-02  -1.0351237603E-01  -5.3562917168E-01   3.5782989711E-01
   11      3.5161072416E-01  -6.2961573544E-01   5.5989856722E-01  -1.1678778617E-01  -3.0179932506E-01
   12      3.5246822765E-05   4.9799277984E-03  -5.4373699965E-06   9.6239568061E-07   4.9592304799E-04
   13     -5.5112732296E-03   3.1270167198E-05  -3.2662877121E-04   2.9822757365E-04   2.1638878150E-06
   14     -1.5981157939E-03   1.4243277507E-05  -1.7142067989E-03   1.0629286023E-04   1.1188983361E-06
   15      8.4670387984E-06  -2.6009272878E-03   1.0648231460E-05  -2.7059756314E-06   1.5349180681E-03
   16     -1.1795543163E-03  -1.7173830734E-05   5.1581478205E-04   1.3863347746E-03   1.5206368195E-06
   17      3.3267836346E-03  -4.9305303035E-05  -4.6172547197E-03  -3.5303153977E-04  -7.0064353497E-06
                   15                 16                 17        
     0     -1.1671900665E-02  -8.6898573179E-02   2.3402272069E-03
     1     -8.4988466075E-02   1.1770127148E-02   1.0992956522E-02
     2     -2.0552144891E-03  -1.0629410279E-03  -4.9467351756E-02
     3     -7.5706663311E-03  -5.5367628806E-02   1.5816291180E-03
     4      6.1205008980E-01  -1.0073091078E-01  -6.3666975310E-01
     5     -3.2325794705E-01   5.1938676547E-02   2.9172959154E-01
     6     -3.4655418434E-01   5.9051065702E-01  -4.2221388561E-01
     7      1.5328972701E-01  -3.7427651073E-01   2.6180718546E-01
     8      1.4374988783E-01  -2.6855707378E-01   1.6038404635E-01
     9      4.9331921868E-01   5.0122489723E-01   3.9271224849E-01
    10      2.4863383453E-01   3.3454313776E-01   2.4250628264E-01
    11      2.0984258276E-01   2.2879007759E-01   1.4630954950E-01
    12     -4.9775749425E-07  -2.5394633075E-06  -5.5130239715E-08
    13      2.4900284221E-05  -4.2330059324E-06  -2.5479259095E-05
    14     -4.4199719931E-05   5.7488046570E-06   6.0772122535E-06
    15     -2.8191722892E-06  -3.1469023104E-05   2.2052379059E-06
    16     -2.3417310160E-04   3.9697299680E-05   2.4276515830E-04
    17     -1.4900202038E-05  -1.2190358143E-05  -5.1739178797E-04

#
# The atoms: label  mass x y z (in bohrs)
#
$atoms
6
 C     12.01100     -0.000177656687    -0.049082664609    -2.552507677954
 H      1.00800     -0.000282078956     1.729361311318    -3.583865575664
 H      1.00800      1.631602571314    -1.018440877008    -3.351112304494
 H      1.00800     -1.633649941117    -1.019104577542    -3.348632145787
 I    126.90000     -0.000119169078    -0.009868367983     1.420845034611
 F     18.99800      0.001031923088     0.113300210446    -7.331360473004

$actual_temperature
  0.000000

$frequency_scale_factor
  1.000000


$end

