
$orca_hessian_file

$act_atom
  0

$act_coord
  0

$act_energy
      -12.412756

$multiplicity
  1

$hessian
18
                    0                  1                  2                  3                  4        
    0      5.0306430840E-01   2.6723762900E-02  -7.1366923000E-03  -4.0119539000E-02  -4.4739956000E-03
    1      2.6723762900E-02   4.3977506610E-01  -6.8707430000E-03  -4.7601948000E-03  -2.3817530860E-01
    2     -7.1366923000E-03  -6.8707430000E-03   2.9633356510E-01   1.4898120000E-03   9.4755356500E-02
    3     -4.0119539000E-02  -4.7601948000E-03   1.4898120000E-03   4.9395168000E-02   2.0403939000E-03
    4     -4.4739956000E-03  -2.3817530860E-01   9.4755356500E-02   2.0403939000E-03   2.7979277710E-01
    5      1.0752984000E-03   1.0715189170E-01  -7.7766422500E-02  -2.2488951000E-03  -1.0341951000E-01
    6     -2.0817280840E-01   8.8284573400E-02   8.1646352600E-02  -5.1065385000E-03   6.1885250000E-03
    7      8.7364573200E-02  -8.5661657900E-02  -4.3834194700E-02   3.0678728100E-02  -2.5554951300E-02
    8      9.2035356600E-02  -5.0519533100E-02  -7.3189031100E-02  -7.7851086000E-03   5.6670407000E-03
    9     -2.3855633750E-01  -1.1007907610E-01  -7.2968479300E-02  -2.9359053000E-03  -3.7772461000E-03
   10     -1.0943516780E-01  -1.0012040680E-01  -4.0665583000E-02  -2.8059842900E-02  -1.9785979200E-02
   11     -8.3075864200E-02  -4.6651965800E-02  -5.9288035700E-02   8.9685338000E-03   5.6122473000E-03
   12     -1.7353010200E-02  -3.1640890000E-04  -2.1697087000E-03   5.9869800000E-04   7.3051300000E-05
   13     -3.2253320000E-04  -1.6769224000E-02  -2.3767047000E-03   5.0589400000E-04   4.5914071000E-03
   14     -2.5069967000E-03  -2.6492386000E-03  -9.4814514600E-02  -3.5911560000E-04  -3.0427671000E-03
   15      1.1373867000E-03   1.4734370000E-04  -8.6128430000E-04  -1.8318832000E-03  -5.0728400000E-05
   16      1.4336050000E-04   9.5153120000E-04  -1.0081312000E-03  -4.0497820000E-04  -8.6794510000E-04
   17     -3.9110180000E-04  -4.6041130000E-04   8.7244388000E-03  -6.5226500000E-05   4.2763250000E-04
                    5                  6                  7                  8                  9        
    0      1.0752984000E-03  -2.0817280840E-01   8.7364573200E-02   9.2035356600E-02  -2.3855633750E-01
    1      1.0715189170E-01   8.8284573400E-02  -8.5661657900E-02  -5.0519533100E-02  -1.1007907610E-01
    2     -7.7766422500E-02   8.1646352600E-02  -4.3834194700E-02  -7.3189031100E-02  -7.2968479300E-02
    3     -2.2488951000E-03  -5.1065385000E-03   3.0678728100E-02  -7.7851086000E-03  -2.9359053000E-03
    4     -1.0341951000E-01   6.1885250000E-03  -2.5554951300E-02   5.6670407000E-03  -3.7772461000E-03
    5      8.4980095700E-02   6.4814100000E-04  -8.3011510000E-03   6.7211360000E-03   5.3375890000E-04
    6      6.4814100000E-04   2.3639745420E-01  -1.0405098500E-01  -8.8656554400E-02  -2.5535277000E-02
    7     -8.3011510000E-03  -1.0405098500E-01   1.0386337200E-01   4.6528873000E-02  -1.2193572500E-02
    8      6.7211360000E-03  -8.8656554400E-02   4.6528873000E-02   8.2020142600E-02  -6.2029169000E-03
    9      5.3375890000E-04  -2.5535277000E-02  -1.2193572500E-02  -6.2029169000E-03   2.6481458710E-01
   10     -7.0412023000E-03   1.1562485900E-02   7.4121722000E-03   4.5009546000E-03   1.2436411650E-01
   11      5.1208066000E-03   8.3367526000E-03   5.1276380000E-03   4.6148911000E-03   7.8533473500E-02
   12      3.7134910000E-04   3.3568533000E-03  -9.3121780000E-04   1.0396869000E-02   1.6914383000E-03
   13      1.0593195200E-02  -1.5639510000E-03   9.2787200000E-04  -5.3324856000E-03   8.9386980000E-04
   14     -1.4749243100E-02  -2.4687731000E-03   8.1855200000E-04  -1.6261878900E-02   8.7120250000E-04
   15     -3.7965230000E-04  -9.3968360000E-04  -8.6752610000E-04   2.1235430000E-04   5.2149450000E-04
   16      1.0167762000E-03  -4.2064820000E-04  -9.8680710000E-04  -8.4484960000E-04   7.9190850000E-04
   17     -4.3063726000E-03   4.9408130000E-04  -3.3971750000E-04  -3.9052597000E-03  -7.6703870000E-04
                   10                 11                 12                 13                 14        
    0     -1.0943516780E-01  -8.3075864200E-02  -1.7353010200E-02  -3.2253320000E-04  -2.5069967000E-03
    1     -1.0012040680E-01  -4.6651965800E-02  -3.1640890000E-04  -1.6769224000E-02  -2.6492386000E-03
    2     -4.0665583000E-02  -5.9288035700E-02  -2.1697087000E-03  -2.3767047000E-03  -9.4814514600E-02
    3     -2.8059842900E-02   8.9685338000E-03   5.9869800000E-04   5.0589400000E-04  -3.5911560000E-04
    4     -1.9785979200E-02   5.6122473000E-03   7.3051300000E-05   4.5914071000E-03  -3.0427671000E-03
    5     -7.0412023000E-03   5.1208066000E-03   3.7134910000E-04   1.0593195200E-02  -1.4749243100E-02
    6      1.1562485900E-02   8.3367526000E-03   3.3568533000E-03  -1.5639510000E-03  -2.4687731000E-03
    7      7.4121722000E-03   5.1276380000E-03  -9.3121780000E-04   9.2787200000E-04   8.1855200000E-04
    8      4.5009546000E-03   4.6148911000E-03   1.0396869000E-02  -5.3324856000E-03  -1.6261878900E-02
    9      1.2436411650E-01   7.8533473500E-02   1.6914383000E-03   8.9386980000E-04   8.7120250000E-04
   10      1.1227645840E-01   4.3316845000E-02   6.8553280000E-04   4.8972930000E-04   3.1167830000E-04
   11      4.3316845000E-02   7.2514207300E-02  -1.2550657800E-02  -6.9897744000E-03  -2.0474353100E-02
   12      6.8553280000E-04  -1.2550657800E-02   1.1251730200E-02   6.3654310000E-04   3.7304546000E-03
   13      4.8972930000E-04  -6.9897744000E-03   6.3654310000E-04   9.9720098000E-03   3.8253556000E-03
   14      3.1167830000E-04  -2.0474353100E-02   3.7304546000E-03   3.8253556000E-03   1.5548167010E-01
   15      8.8287550000E-04  -2.1223780000E-04   4.5429050000E-04  -1.4982260000E-04   7.3322830000E-04
   16     -2.7197400000E-04  -4.1499010000E-04  -1.4750040000E-04   7.8820590000E-04   7.3641970000E-04
   17     -4.2269260000E-04  -2.4875162000E-03   2.2169380000E-04   2.8041380000E-04  -9.1816804000E-03
                   15                 16                 17        
     0      1.1373867000E-03   1.4336050000E-04  -3.9110180000E-04
     1      1.4734370000E-04   9.5153120000E-04  -4.6041130000E-04
     2     -8.6128430000E-04  -1.0081312000E-03   8.7244388000E-03
     3     -1.8318832000E-03  -4.0497820000E-04  -6.5226500000E-05
     4     -5.0728400000E-05  -8.6794510000E-04   4.2763250000E-04
     5     -3.7965230000E-04   1.0167762000E-03  -4.3063726000E-03
     6     -9.3968360000E-04  -4.2064820000E-04   4.9408130000E-04
     7     -8.6752610000E-04  -9.8680710000E-04  -3.3971750000E-04
     8      2.1235430000E-04  -8.4484960000E-04  -3.9052597000E-03
     9      5.2149450000E-04   7.9190850000E-04  -7.6703870000E-04
    10      8.8287550000E-04  -2.7197400000E-04  -4.2269260000E-04
    11     -2.1223780000E-04  -4.1499010000E-04  -2.4875162000E-03
    12      4.5429050000E-04  -1.4750040000E-04   2.2169380000E-04
    13     -1.4982260000E-04   7.8820590000E-04   2.8041380000E-04
    14      7.3322830000E-04   7.3641970000E-04  -9.1816804000E-03
    15      6.5839510000E-04   3.7857900000E-05   5.0759190000E-04
    16      3.7857900000E-05   3.8698920000E-04   5.1477500000E-04
    17      5.0759190000E-04   5.1477500000E-04   1.1156390100E-02

$vibrational_frequencies
18
    0        0.0000000000000000
    1        0.0000000000000000
    2        0.0000000000000000
    3        0.0000000000000000
    4        0.0000000000000000
    5        0.0000000000000000
    6       52.2327899563020424
    7       71.4321858396685485
    8      132.0617828130770022
    9      526.0757070605783383
   10      772.3120479065989912
   11      860.6979821648754978
   12     1331.6486254986928088
   13     1438.5788207810674066
   14     1525.5585226386046998
   15     3004.8411386540788044
   16     3075.3932500382393300
   17     3193.3089283197759869

$normal_modes
18 18
                    0                  1                  2                  3                  4        
    0      0.0000000000E+00   0.0000000000E+00   0.0000000000E+00   0.0000000000E+00   0.0000000000E+00
    1      0.0000000000E+00   0.0000000000E+00   0.0000000000E+00   0.0000000000E+00   0.0000000000E+00
    2      0.0000000000E+00   0.0000000000E+00   0.0000000000E+00   0.0000000000E+00   0.0000000000E+00
    3      0.0000000000E+00   0.0000000000E+00   0.0000000000E+00   0.0000000000E+00   0.0000000000E+00
    4      0.0000000000E+00   0.0000000000E+00   0.0000000000E+00   0.0000000000E+00   0.0000000000E+00
    5      0.0000000000E+00   0.0000000000E+00   0.0000000000E+00   0.0000000000E+00   0.0000000000E+00
    6      0.0000000000E+00   0.0000000000E+00   0.0000000000E+00   0.0000000000E+00   0.0000000000E+00
    7      0.0000000000E+00   0.0000000000E+00   0.0000000000E+00   0.0000000000E+00   0.0000000000E+00
    8      0.0000000000E+00   0.0000000000E+00   0.0000000000E+00   0.0000000000E+00   0.0000000000E+00
    9      0.0000000000E+00   0.0000000000E+00   0.0000000000E+00   0.0000000000E+00   0.0000000000E+00
   10      0.0000000000E+00   0.0000000000E+00   0.0000000000E+00   0.0000000000E+00   0.0000000000E+00
   11      0.0000000000E+00   0.0000000000E+00   0.0000000000E+00   0.0000000000E+00   0.0000000000E+00
   12      0.0000000000E+00   0.0000000000E+00   0.0000000000E+00   0.0000000000E+00   0.0000000000E+00
   13      0.0000000000E+00   0.0000000000E+00   0.0000000000E+00   0.0000000000E+00   0.0000000000E+00
   14      0.0000000000E+00   0.0000000000E+00   0.0000000000E+00   0.0000000000E+00   0.0000000000E+00
   15      0.0000000000E+00   0.0000000000E+00   0.0000000000E+00   0.0000000000E+00   0.0000000000E+00
   16      0.0000000000E+00   0.0000000000E+00   0.0000000000E+00   0.0000000000E+00   0.0000000000E+00
   17      0.0000000000E+00   0.0000000000E+00   0.0000000000E+00   0.0000000000E+00   0.0000000000E+00
                    5                  6                  7                  8                  9        
    0      0.0000000000E+00   3.7177322387E-02   4.0548022138E-01  -1.6518917954E-01   1.1230289681E-02
    1      0.0000000000E+00   3.9918629542E-01  -4.2506455911E-02  -1.4863937514E-01   9.6950507734E-03
    2      0.0000000000E+00  -2.4354092498E-02  -2.0409781005E-02  -1.1934890595E-01   5.9281950914E-01
    3      0.0000000000E+00  -4.5867514296E-02   5.8441255732E-01  -1.8840525220E-01   2.4289228830E-02
    4      0.0000000000E+00   5.0598916868E-01  -6.0499128014E-02  -1.6020220868E-01  -1.0293137645E-02
    5      0.0000000000E+00   1.9958285537E-01  -4.8320096817E-02  -1.2152087628E-01   5.1934521051E-01
    6      0.0000000000E+00   7.0602580393E-02   4.3511177507E-01  -1.6948572247E-01  -1.3202885988E-02
    7      0.0000000000E+00   5.5446962050E-01  -1.6523272261E-01  -1.6459771009E-01   4.6787902953E-02
    8      0.0000000000E+00  -1.2003107163E-01   1.7301677483E-01  -8.8301400986E-02   4.6965934717E-01
    9      0.0000000000E+00   8.5972430389E-02   4.1586499509E-01  -1.9169948810E-01   5.6780125293E-02
   10      0.0000000000E+00   3.9376631023E-01   5.1752003418E-02  -1.7873313359E-01   4.5192478649E-02
   11      0.0000000000E+00  -1.3984640917E-01  -1.7917109264E-01   1.3476718445E-02   3.8094671840E-01
   12      0.0000000000E+00  -2.1795504370E-03  -2.5471738216E-02   1.1619525926E-02  -1.0542655583E-03
   13      0.0000000000E+00  -2.5188430343E-02   2.8429654510E-03   1.0609515659E-02  -1.0604595742E-03
   14      0.0000000000E+00  -7.7515101489E-03  -7.3128829034E-03  -1.1322589960E-01  -6.7525686572E-02
   15      0.0000000000E+00  -1.4819719191E-02  -1.6237139707E-01   5.5982555108E-02  -3.6588119739E-03
   16      0.0000000000E+00  -1.6128401326E-01   1.7114665343E-02   4.9822155726E-02  -3.3801282653E-03
   17      0.0000000000E+00   7.0373756465E-02   6.4641379620E-02   8.4218247668E-01   3.5658287928E-03
                   10                 11                 12                 13                 14        
    0      4.1394617911E-02  -1.0171187345E-01   5.3986711591E-03   2.4501506312E-02   6.3868511434E-02
    1     -1.1129164787E-01  -3.8751340385E-02   8.7000141373E-03  -6.6868214518E-02   2.2820051555E-02
    2     -5.8868445757E-03  -8.6405485365E-03   1.0078125367E-01   8.9691994834E-03  -1.1001546586E-02
    3     -7.2792127773E-02   2.4990561891E-01  -4.5452246852E-02  -2.6875045563E-01  -6.9894968898E-01
    4      2.3154737948E-01   8.5660330807E-02  -2.1476323506E-01  -1.4999521779E-01   7.6933761962E-02
    5      6.9093165582E-01   2.5742482879E-01  -4.6965745746E-01  -3.0930114509E-01   1.5347916393E-01
    6     -7.8105525491E-02   2.2569749971E-01  -2.3989604841E-01   3.1288230185E-01  -1.6963559189E-01
    7      2.0624748205E-01   1.1794419396E-01   2.8286511726E-02   3.8582511686E-01  -5.4044466839E-01
    8     -5.7225658504E-01   4.6857165620E-01  -5.2178925330E-01   1.7643320251E-01   2.4896483407E-01
    9     -9.8651187800E-02   1.5128053369E-01   1.9787476638E-01  -3.6088123211E-01   3.2211040911E-02
   10      2.2254949538E-01   3.1964826537E-02   5.7818506213E-02   6.2951485029E-01   1.6347114817E-01
   11     -1.1898140103E-01  -7.3733879765E-01  -5.8977212517E-01   6.6950753358E-03  -2.5820646865E-01
   12     -1.8786392114E-03   4.8229155043E-03   1.1725499201E-04   1.5640800961E-04   4.0145892747E-04
   13      5.0561173151E-03   1.8377332119E-03   1.3525939909E-04  -4.1722340427E-04   1.4315772806E-04
   14      7.3502728867E-04   1.2439517328E-03   2.3119755908E-03   8.1088711451E-05  -1.1044936848E-05
   15     -3.8141951829E-04  -1.1719858422E-03   4.4479520685E-04   2.7095548170E-04   1.3156861327E-03
   16      1.5515098149E-03  -2.7476057131E-04   4.2252844050E-04  -8.5102288525E-04   5.3593648837E-04
   17     -1.1716650093E-03  -2.2445939189E-03   4.7370905539E-03   4.8231591253E-04  -6.2376308338E-04
                   15                 16                 17        
     0      2.4949615283E-02  -5.3772613095E-02  -6.7393453279E-02
     1     -7.9683917825E-02   7.9039228740E-05  -3.3087820035E-02
     2      1.3292687505E-02   3.9134072296E-02  -2.2280244375E-02
     3      2.6615309917E-02  -3.1449729256E-02  -3.2244116363E-02
     4      8.1232136495E-01   4.2500374677E-01  -3.9639637249E-02
     5     -3.6109561175E-01  -1.6361699912E-01   3.5483261556E-03
     6     -3.7462532876E-01   7.1692209675E-01   6.9566386869E-03
     7      1.5894338868E-01  -4.1192737761E-01  -3.1415570619E-02
     8      1.8144736550E-01  -3.1838030274E-01  -2.1552807595E-02
     9      5.0380465987E-02  -4.3910355794E-02   8.2867988057E-01
    10     -2.0594510906E-02  -1.4025927612E-02   4.6546380229E-01
    11      1.9854543786E-02   6.0588122288E-03   2.9389881429E-01
    12     -4.4353639334E-06   2.6286962789E-06  -1.9026057378E-05
    13      2.0214330767E-05   5.0945728943E-06  -1.1075376981E-05
    14     -1.2345616595E-05   1.0052308143E-05  -4.8995539354E-05
    15      4.7563311905E-05  -6.1334533919E-05   1.0830781628E-04
    16     -1.9777167282E-04  -3.3618620332E-05   6.6291641287E-05
    17      1.5687131296E-04   4.4378446683E-04  -2.2507308081E-04

#
# The atoms: label  mass x y z (in bohrs)
#
$atoms
6
 C     12.01100     -0.054009723303    -0.062312131709    -2.580054917253
 H      1.00800     -0.015492516592     1.778245117959    -3.500556447785
 H      1.00800      1.598567546950    -0.932180031095    -3.424788014628
 H      1.00800     -1.733022685957    -0.991036212139    -3.224648904216
 I    126.90000     -0.005359537345    -0.004563188410     1.432190105719
 F     18.99800      0.077902058773     0.077567665936    -7.396815006374

$actual_temperature
  0.000000

$frequency_scale_factor
  1.000000


$end

