
$orca_hessian_file

$act_atom
  0

$act_coord
  0

$act_energy
      -12.414889

$multiplicity
  1

$hessian
18
                    0                  1                  2                  3                  4        
    0      4.5830456810E-01  -8.4500000000E-08  -1.2769000000E-06  -4.8079307100E-02  -1.1256000000E-06
    1     -8.4500000000E-08   4.5830495910E-01   1.8236000000E-06  -1.1526000000E-06  -2.3728068770E-01
    2     -1.2769000000E-06   1.8236000000E-06   5.3174186700E-02  -1.6590000000E-07  -4.1505750600E-02
    3     -4.8079307100E-02  -1.1526000000E-06  -1.6590000000E-07   4.5828796000E-02   1.2848000000E-06
    4     -1.1256000000E-06  -2.3728068770E-01  -4.1505750600E-02   1.2848000000E-06   2.6302404400E-01
    5     -2.1640000000E-07  -5.3454699200E-02  -3.0073140400E-02   2.4480000000E-07   4.4266445800E-02
    6     -1.8997453090E-01   8.1925160300E-02  -3.5943729600E-02   1.0473059000E-03   3.6870030000E-04
    7      8.1924163000E-02  -9.5374769800E-02   2.0752113800E-02   2.5854613000E-02  -1.4094551800E-02
    8     -4.6292033500E-02   2.6726293600E-02  -3.0073237500E-02   3.3643949000E-03  -2.8202889000E-03
    9     -1.8997559340E-01  -8.1923922300E-02   3.5944975300E-02   1.0470040000E-03  -3.6887200000E-04
   10     -8.1922954900E-02  -9.5372996500E-02   2.0752271700E-02  -2.5854758200E-02  -1.4094284900E-02
   11      4.6293347100E-02   2.6726304400E-02  -3.0073749500E-02  -3.3644420000E-03  -2.8202441000E-03
   12     -7.2761937000E-03   4.7000000000E-09   2.2100000000E-08  -1.2696740000E-03  -4.0000000000E-10
   13      6.0000000000E-10  -7.2768334000E-03  -3.4800000000E-08   3.1100000000E-08  -1.2349795000E-03
   14      1.5900000000E-08   1.9950000000E-07   5.5912259000E-03  -2.9100000000E-08   1.6370764000E-03
   15     -2.2998943000E-02  -5.7000000000E-09   1.7500000000E-07   1.4258751000E-03   1.2800000000E-08
   16      1.4000000000E-09  -2.2999671700E-02  -4.2380000000E-07  -1.8100000000E-08   3.6804598000E-03
   17      1.6380000000E-07   7.8100000000E-08   3.1454714700E-02  -2.7000000000E-09   1.2427614000E-03
                    5                  6                  7                  8                  9        
    0     -2.1640000000E-07  -1.8997453090E-01   8.1924163000E-02  -4.6292033500E-02  -1.8997559340E-01
    1     -5.3454699200E-02   8.1925160300E-02  -9.5374769800E-02   2.6726293600E-02  -8.1923922300E-02
    2     -3.0073140400E-02  -3.5943729600E-02   2.0752113800E-02  -3.0073237500E-02   3.5944975300E-02
    3      2.4480000000E-07   1.0473059000E-03   2.5854613000E-02   3.3643949000E-03   1.0470040000E-03
    4      4.4266445800E-02   3.6870030000E-04  -1.4094551800E-02  -2.8202889000E-03  -3.6887200000E-04
    5      5.1603759700E-02  -7.6026780000E-04   4.3235647000E-03   1.0133686000E-03   7.6030650000E-04
    6     -7.6026780000E-04   2.0871982020E-01  -9.4045382100E-02   3.8334464500E-02  -2.1664749100E-02
    7      4.3235647000E-03  -9.4045382100E-02   1.0012535360E-01  -2.2132174600E-02  -1.2742730900E-02
    8      1.0133686000E-03   3.8334464500E-02  -2.2132174600E-02   5.1603341000E-02   4.1246103000E-03
    9      7.6030650000E-04  -2.1664749100E-02  -1.2742730900E-02   4.1246103000E-03   2.0872116740E-01
   10      4.3237388000E-03   1.2743031200E-02   8.6160654000E-03  -1.5032102000E-03   9.4044032200E-02
   11      1.0133824000E-03  -4.1244731000E-03  -1.5030884000E-03   1.0134706000E-03  -3.8335724900E-02
   12     -3.6000000000E-09  -1.2440662000E-03  -1.4732000000E-05   7.7557122000E-03  -1.2441159000E-03
   13      8.9555356000E-03  -1.5153500000E-05  -1.2612148000E-03  -4.4779728000E-03   1.5122300000E-05
   14     -1.8100894800E-02   1.4178042000E-03  -8.1881590000E-04  -1.8100600300E-02  -1.4179092000E-03
   15     -6.3400000000E-08   3.1162202000E-03  -9.7593100000E-04  -7.2871484000E-03   3.1162869000E-03
   16     -8.4145857000E-03  -9.7635610000E-04   1.9891174000E-03   4.2073529000E-03   9.7637070000E-04
   17     -5.4564755000E-03   1.0762018000E-03  -6.2159960000E-04  -5.4563424000E-03  -1.0762580000E-03
                   10                 11                 12                 13                 14        
    0     -8.1922954900E-02   4.6293347100E-02  -7.2761937000E-03   6.0000000000E-10   1.5900000000E-08
    1     -9.5372996500E-02   2.6726304400E-02   4.7000000000E-09  -7.2768334000E-03   1.9950000000E-07
    2      2.0752271700E-02  -3.0073749500E-02   2.2100000000E-08  -3.4800000000E-08   5.5912259000E-03
    3     -2.5854758200E-02  -3.3644420000E-03  -1.2696740000E-03   3.1100000000E-08  -2.9100000000E-08
    4     -1.4094284900E-02  -2.8202441000E-03  -4.0000000000E-10  -1.2349795000E-03   1.6370764000E-03
    5      4.3237388000E-03   1.0133824000E-03  -3.6000000000E-09   8.9555356000E-03  -1.8100894800E-02
    6      1.2743031200E-02  -4.1244731000E-03  -1.2440662000E-03  -1.5153500000E-05   1.4178042000E-03
    7      8.6160654000E-03  -1.5030884000E-03  -1.4732000000E-05  -1.2612148000E-03  -8.1881590000E-04
    8     -1.5032102000E-03   1.0134706000E-03   7.7557122000E-03  -4.4779728000E-03  -1.8100600300E-02
    9      9.4044032200E-02  -3.8335724900E-02  -1.2441159000E-03   1.5122300000E-05  -1.4179092000E-03
   10      1.0012334790E-01  -2.2132380800E-02   1.4732800000E-05  -1.2612190000E-03  -8.1881330000E-04
   11     -2.2132380800E-02   5.1603862100E-02  -7.7558611000E-03  -4.4778822000E-03  -1.8100544700E-02
   12      1.4732800000E-05  -7.7558611000E-03   7.9432964000E-03  -2.1000000000E-09   1.9500000000E-07
   13     -1.2612190000E-03  -4.4778822000E-03  -2.1000000000E-09   7.9433653000E-03   2.2850000000E-07
   14     -8.1881330000E-04  -1.8100544700E-02   1.9500000000E-07   2.2850000000E-07   6.6247580100E-02
   15      9.7591700000E-04   7.2871540000E-03   3.0907535000E-03   1.6000000000E-09  -7.6800000000E-08
   16      1.9890871000E-03   4.2072910000E-03  -3.1000000000E-09   3.0908814000E-03   1.2480000000E-07
   17     -6.2160630000E-04  -5.4564209000E-03  -6.4500000000E-08   1.2570000000E-07  -1.7536766200E-02
                   15                 16                 17        
     0     -2.2998943000E-02   1.4000000000E-09   1.6380000000E-07
     1     -5.7000000000E-09  -2.2999671700E-02   7.8100000000E-08
     2      1.7500000000E-07  -4.2380000000E-07   3.1454714700E-02
     3      1.4258751000E-03  -1.8100000000E-08  -2.7000000000E-09
     4      1.2800000000E-08   3.6804598000E-03   1.2427614000E-03
     5     -6.3400000000E-08  -8.4145857000E-03  -5.4564755000E-03
     6      3.1162202000E-03  -9.7635610000E-04   1.0762018000E-03
     7     -9.7593100000E-04   1.9891174000E-03  -6.2159960000E-04
     8     -7.2871484000E-03   4.2073529000E-03  -5.4563424000E-03
     9      3.1162869000E-03   9.7637070000E-04  -1.0762580000E-03
    10      9.7591700000E-04   1.9890871000E-03  -6.2160630000E-04
    11      7.2871540000E-03   4.2072910000E-03  -5.4564209000E-03
    12      3.0907535000E-03  -3.1000000000E-09  -6.4500000000E-08
    13      1.6000000000E-09   3.0908814000E-03   1.2570000000E-07
    14     -7.6800000000E-08   1.2480000000E-07  -1.7536766200E-02
    15      1.2249807300E-02   5.3000000000E-09  -4.0400000000E-08
    16      5.3000000000E-09   1.2250126000E-02   2.4080000000E-07
    17     -4.0400000000E-08   2.4080000000E-07   2.4512903000E-03

$vibrational_frequencies
18
    0        0.0000000000000000
    1        0.0000000000000000
    2        0.0000000000000000
    3        0.0000000000000000
    4        0.0000000000000000
    5        0.0000000000000000
    6     -205.6352452823326189
    7      217.7609595357757541
    8      242.1958225526418573
    9      242.1987246065282875
   10     1000.5129590050795514
   11     1000.5156101504898061
   12     1147.1209425677693616
   13     1430.3533966415998293
   14     1430.3680886017823468
   15     2738.6738438268948812
   16     2784.1471896240282149
   17     2784.1757025495803646

$normal_modes
18 18
                    0                  1                  2                  3                  4        
    0      0.0000000000E+00   0.0000000000E+00   0.0000000000E+00   0.0000000000E+00   0.0000000000E+00
    1      0.0000000000E+00   0.0000000000E+00   0.0000000000E+00   0.0000000000E+00   0.0000000000E+00
    2      0.0000000000E+00   0.0000000000E+00   0.0000000000E+00   0.0000000000E+00   0.0000000000E+00
    3      0.0000000000E+00   0.0000000000E+00   0.0000000000E+00   0.0000000000E+00   0.0000000000E+00
    4      0.0000000000E+00   0.0000000000E+00   0.0000000000E+00   0.0000000000E+00   0.0000000000E+00
    5      0.0000000000E+00   0.0000000000E+00   0.0000000000E+00   0.0000000000E+00   0.0000000000E+00
    6      0.0000000000E+00   0.0000000000E+00   0.0000000000E+00   0.0000000000E+00   0.0000000000E+00
    7      0.0000000000E+00   0.0000000000E+00   0.0000000000E+00   0.0000000000E+00   0.0000000000E+00
    8      0.0000000000E+00   0.0000000000E+00   0.0000000000E+00   0.0000000000E+00   0.0000000000E+00
    9      0.0000000000E+00   0.0000000000E+00   0.0000000000E+00   0.0000000000E+00   0.0000000000E+00
   10      0.0000000000E+00   0.0000000000E+00   0.0000000000E+00   0.0000000000E+00   0.0000000000E+00
   11      0.0000000000E+00   0.0000000000E+00   0.0000000000E+00   0.0000000000E+00   0.0000000000E+00
   12      0.0000000000E+00   0.0000000000E+00   0.0000000000E+00   0.0000000000E+00   0.0000000000E+00
   13      0.0000000000E+00   0.0000000000E+00   0.0000000000E+00   0.0000000000E+00   0.0000000000E+00
   14      0.0000000000E+00   0.0000000000E+00   0.0000000000E+00   0.0000000000E+00   0.0000000000E+00
   15      0.0000000000E+00   0.0000000000E+00   0.0000000000E+00   0.0000000000E+00   0.0000000000E+00
   16      0.0000000000E+00   0.0000000000E+00   0.0000000000E+00   0.0000000000E+00   0.0000000000E+00
   17      0.0000000000E+00   0.0000000000E+00   0.0000000000E+00   0.0000000000E+00   0.0000000000E+00
                    5                  6                  7                  8                  9        
    0      0.0000000000E+00  -2.4832735357E-06   2.7357950850E-07   4.6557502339E-01  -7.8748238324E-04
    1      0.0000000000E+00   9.4434814988E-06  -2.9692139432E-05  -7.8749599812E-04  -4.6557528064E-01
    2      0.0000000000E+00  -6.9006760477E-01   6.1302474338E-01  -1.2297914774E-06  -1.8755341570E-05
    3      0.0000000000E+00  -1.2742942072E-06  -4.5897386372E-07   4.9888175146E-01  -8.4469630661E-04
    4      0.0000000000E+00  -6.6138619040E-02   4.4873098028E-02  -8.2897506440E-04  -4.9006577058E-01
    5      0.0000000000E+00  -2.7970402000E-01   3.2714839217E-01   9.1217747686E-05   5.4894955665E-02
    6      0.0000000000E+00  -5.7286008103E-02   3.8887012705E-02   4.9225263549E-01  -4.6462670249E-03
    7      0.0000000000E+00   3.3085527498E-02  -2.2483176283E-02   2.9683363390E-03  -4.9667233583E-01
    8      0.0000000000E+00  -2.7971038821E-01   3.2714927397E-01  -4.7591762679E-02  -2.7379412525E-02
    9      0.0000000000E+00   5.7283858870E-02  -3.8888061840E-02   4.9226581639E-01   2.9817447808E-03
   10      0.0000000000E+00   3.3085757996E-02  -2.2483252228E-02  -4.6484242562E-03  -4.9666131459E-01
   11      0.0000000000E+00  -2.7970952430E-01   3.2715038618E-01   4.7496665745E-02  -2.7540234306E-02
   12      0.0000000000E+00   1.0196778555E-07  -4.7789470088E-09  -2.4240627989E-02   4.1001671465E-05
   13      0.0000000000E+00  -4.2706648222E-07   1.4709920009E-06   4.1000682790E-05   2.4240645870E-02
   14      0.0000000000E+00  -6.6600023408E-03  -1.4449606424E-01   1.2004973783E-08   3.0314610654E-06
   15      0.0000000000E+00   1.0705233151E-06  -6.1024440672E-08  -2.1113555738E-01   3.5712343906E-04
   16      0.0000000000E+00  -4.8509688442E-06   1.3898332919E-05   3.5713039651E-04   2.1113555907E-01
   17      0.0000000000E+00   5.2528651552E-01   5.2554009488E-01   9.0313789453E-07  -7.0814457920E-06
                   10                 11                 12                 13                 14        
    0      4.2895947506E-02   1.5675837998E-03  -3.3334931614E-07   3.4589702280E-04   9.1170799218E-02
    1     -1.5675719792E-03   4.2897165970E-02   6.3710059682E-07   9.1170983034E-02  -3.4592019779E-04
    2     -1.5712817803E-07  -4.7996392940E-07  -6.9593890784E-02   4.1647625988E-07  -3.1483789583E-07
    3     -1.7602405542E-01  -6.4309076767E-03   2.2702855641E-06  -2.9683286265E-03  -7.8345989840E-01
    4      5.0943778564E-03  -1.3940237897E-01  -1.0858461000E-01   8.3235066924E-02  -3.1131630301E-04
    5     -2.8628434311E-02   7.8354976761E-01   5.6555347618E-01  -2.0095626885E-01   7.6429204194E-04
    6     -1.4797623939E-01  -2.1290162517E-02  -9.4042393498E-02  -3.7579165803E-01  -1.3201513765E-01
    7     -9.7596047735E-03  -1.6745073826E-01   5.4290346960E-02  -5.6820899168E-01  -3.7314388688E-01
    8      6.9288164333E-01  -3.6696808509E-01   5.6557590773E-01   9.9810275138E-02  -1.7439984125E-01
    9     -1.4913965641E-01   1.0431218292E-02   9.4046175030E-02   3.7477481096E-01  -1.3485383868E-01
   10      2.1955345257E-02  -1.6629427232E-01   5.4289908742E-02  -5.6536841529E-01   3.7744034216E-01
   11     -6.6425276571E-01  -4.1655454191E-01   5.6557499890E-01   1.0112652095E-01   1.7364018636E-01
   12      2.2408625371E-03   8.1874396474E-05  -7.7714403089E-09  -7.7521316120E-07  -2.0642069357E-04
   13     -8.1875346840E-05   2.2408391334E-03  -5.6576556964E-08  -2.0640272444E-04   7.8438436015E-07
   14     -2.6831759083E-09  -1.3702123839E-07  -5.0239711580E-03   7.0575952044E-08  -4.0472217158E-09
   15     -1.6984083094E-02  -6.2058844168E-04  -5.8436562052E-08  -2.0600850521E-06  -5.3301282607E-04
   16      6.2057317980E-04  -1.6984302444E-02   2.0615257323E-07  -5.3253462016E-04   2.0154245105E-06
   17      9.3741644109E-08  -2.2133309036E-07  -1.2466778383E-02   2.9846091550E-07  -1.9956713422E-08
                   15                 16                 17        
     0     -5.6169409090E-07  -9.5441648859E-02  -8.0273752203E-04
     1     -3.5065398858E-05  -8.0274354856E-04   9.5440682465E-02
     2      2.3730649410E-02   6.1241183414E-08   9.6058509984E-06
     3     -7.0017893370E-07  -4.8098959857E-02  -4.0918376847E-04
     4     -5.6858097531E-01   6.6791936183E-03  -7.9311323097E-01
     5     -9.7527551656E-02   1.4484416482E-03  -1.7200278442E-01
     6     -4.9279678683E-01   5.7957503835E-01   3.6886163007E-01
     7      2.8449332525E-01  -3.6279692216E-01  -1.6508856549E-01
     8     -9.7621760498E-02   1.4820203210E-01   8.7193825047E-02
     9      4.9280374491E-01   5.8569698474E-01  -3.5905610223E-01
    10      2.8449815096E-01   3.6551382102E-01  -1.5895475416E-01
    11     -9.7627029670E-02  -1.4965107050E-01   8.4689500171E-02
    12      7.3267255494E-09   4.3772838958E-05   3.6639623071E-07
    13      2.0973892873E-08   3.7557063273E-07  -4.3788376024E-05
    14      7.3353245783E-05  -7.6501570188E-10   3.5434841845E-08
    15     -2.5856252498E-08   7.7294575476E-04   6.5096257998E-06
    16      2.4865819181E-07   6.4655030261E-06  -7.7310712417E-04
    17      4.1119886535E-05  -1.9455679882E-09   2.8546260435E-08

#
# The atoms: label  mass x y z (in bohrs)
#
$atoms
6
 C     12.01100      0.000000658870    -0.000006708972    -3.613060348181
 H      1.00800      0.000000520340     2.039941103987    -3.119028870236
 H      1.00800      1.766647938805    -1.019982348314    -3.119030352994
 H      1.00800     -1.766646957534    -1.019982382615    -3.119030911908
 I    126.90000     -0.000000024057     0.000000734228     1.511690821649
 F     18.99800     -0.000000335533     0.000000590796    -7.316830748974

$actual_temperature
  0.000000

$frequency_scale_factor
  1.000000


$end

