*************************************************
******************* ORCA 6.1.0 ******************
*************************************************
$Calculation_Status
   &GeometryIndex 0
   &version [&Type "String"] "6.1.0"
   &progName [&Type "String"] "orca"
   &Status [&Type "String"] "NORMAL TERMINATION"
$End
$Geometry
   &GeometryIndex 1
   &NAtoms [&Type "Integer"] 6
   &NCorelessECP [&Type "Integer"] 0
   &NGhostAtoms [&Type "Integer"] 0
   &CartesianCoordinates [&Type "Coordinates", &Dim(6,4), &Units "Bohr"] 
              C      0.000000000000    0.000000000000   -0.663369462052
              H      0.000000000000    2.050352855305    0.000000000000
              H      1.775658485025   -1.025176427652    0.000000000000
              H     -1.775658485025   -1.025176427652    0.000000000000
              I      0.000000000000    0.000000000000    4.593848642517
              F      0.000000000000    0.000000000000   -4.262163911491
$End
$Single_Point_Data
   &GeometryIndex 1
   &FinalEnergy [&Type "Double"]      -1.2408315654450000e+01  "Final single point energy"
   &Converged [&Type "Boolean"] true
$End
$Hessian
   &GeometryIndex 1
   &HESSIAN [&Type "ArrayOfDoubles", &Dim (18,18)] "The Hessian"
                                                         0                           1                           2                           3                           4                           5                           6                           7

0                                      3.8754176920000000e-01        -5.4000000000000004e-09        -1.0143000000000000e-06        -5.0581935600000003e-02        -8.5209999999999996e-07        -2.3090000000000001e-07        -1.5240314390000001e-01         5.8787013999999999e-02
1                                     -5.4000000000000004e-09         3.8754016530000002e-01         1.2671999999999999e-06        -8.9879999999999997e-07        -1.8634948309999999e-01        -5.2688323299999999e-02         5.8788844600000001e-02        -8.4518532899999999e-02
2                                     -1.0143000000000000e-06         1.2671999999999999e-06         8.1852198400000006e-02        -1.8190000000000001e-07        -3.8231373700000001e-02        -3.9310714800000000e-02        -3.3108336799999999e-02         1.9115490299999999e-02
3                                     -5.0581935600000003e-02        -8.9879999999999997e-07        -1.8190000000000001e-07         4.7758984599999998e-02         1.0216000000000001e-06         2.3949999999999999e-07         1.4264169999999999e-03         2.6750143899999999e-02
4                                     -8.5209999999999996e-07        -1.8634948309999999e-01        -3.8231373700000001e-02         1.0216000000000001e-06         2.1254145590000001e-01         4.1845274400000000e-02         7.7433150000000002e-04        -1.4466596500000000e-02
5                                     -2.3090000000000001e-07        -5.2688323299999999e-02        -3.9310714800000000e-02         2.3949999999999999e-07         4.1845274400000000e-02         5.5455503000000003e-02        -8.5120270000000004e-04         5.8203046000000003e-03
6                                     -1.5240314390000001e-01         5.8788844600000001e-02        -3.3108336799999999e-02         1.4264169999999999e-03         7.7433150000000002e-04        -8.5120270000000004e-04         1.7134146350000001e-01        -7.1350942299999998e-02
7                                      5.8787013999999999e-02        -8.4518532899999999e-02         1.9115490299999999e-02         2.6750143899999999e-02        -1.4466596500000000e-02         5.8203046000000003e-03        -7.1350942299999998e-02         8.8951904600000006e-02
8                                     -4.5628539699999998e-02         2.6343037600000001e-02        -3.9310643300000003e-02         4.6150721999999996e-03        -3.6472774000000001e-03         2.1729549999999999e-03         3.6237890900000000e-02        -2.0921500700000002e-02
9                                     -1.5240381219999999e-01        -5.8787941199999999e-02         3.3109320400000003e-02         1.4260804000000001e-03        -7.7451820000000004e-04         8.5126329999999999e-04        -2.2412079200000001e-02        -1.2987106700000001e-02
10                                    -5.8786161900000002e-02        -8.4517292100000002e-02         1.9115574800000000e-02        -2.6750282500000000e-02        -1.4466319900000000e-02         5.8204868000000000e-03         1.2987411600000000e-02         9.3703532000000006e-03
11                                     4.5629616400000003e-02         2.6342942300000002e-02        -3.9311168600000002e-02        -4.6151198999999999e-03        -3.6472179000000002e-03         2.1729802999999998e-03        -5.4660098999999998e-03        -2.1725435000000000e-03
12                                    -4.7425875000000001e-03         5.5999999999999997e-09         8.2999999999999999e-09        -1.9524146000000000e-03        -4.0000000000000001e-10        -3.9000000000000002e-09        -2.0687356000000001e-03         6.7184800000000001e-05
13                                     2.1999999999999998e-09        -4.7436025999999997e-03        -3.8379999999999998e-07         2.9000000000000002e-08        -2.1070005000000001e-03         8.0054246999999995e-03         6.6960599999999997e-05        -1.9909844000000000e-03
14                                    -5.7999999999999998e-09         4.8579999999999997e-07         1.4462222999999999e-03        -2.2799999999999999e-08         2.0182123999999998e-03        -1.6155822000000000e-02         1.7479511000000000e-03        -1.0098106999999999e-03
15                                    -2.7410290100000002e-02        -4.8000000000000000e-09         2.0419999999999999e-07         1.9228682000000000e-03         1.7599999999999999e-08        -6.5200000000000001e-08         4.1160781000000000e-03        -1.2662938000000000e-03
16                                     3.2000000000000001e-09        -2.7411254600000001e-02        -5.7469999999999998e-07        -1.3200000000000001e-08         4.8479439999999999e-03        -8.8031671999999998e-03        -1.2666061000000000e-03         2.6538559000000000e-03
17                                     1.7440000000000000e-07         5.9039999999999999e-07         3.4634105999999998e-02         1.2900000000000000e-08         1.6623822999999999e-03        -4.3349015000000001e-03         1.4397074000000001e-03        -8.3193999999999998e-04
                                                         8                           9                          10                          11                          12                          13                          14                          15

0                                     -4.5628539699999998e-02        -1.5240381219999999e-01        -5.8786161900000002e-02         4.5629616400000003e-02        -4.7425875000000001e-03         2.1999999999999998e-09        -5.7999999999999998e-09        -2.7410290100000002e-02
1                                      2.6343037600000001e-02        -5.8787941199999999e-02        -8.4517292100000002e-02         2.6342942300000002e-02         5.5999999999999997e-09        -4.7436025999999997e-03         4.8579999999999997e-07        -4.8000000000000000e-09
2                                     -3.9310643300000003e-02         3.3109320400000003e-02         1.9115574800000000e-02        -3.9311168600000002e-02         8.2999999999999999e-09        -3.8379999999999998e-07         1.4462222999999999e-03         2.0419999999999999e-07
3                                      4.6150721999999996e-03         1.4260804000000001e-03        -2.6750282500000000e-02        -4.6151198999999999e-03        -1.9524146000000000e-03         2.9000000000000002e-08        -2.2799999999999999e-08         1.9228682000000000e-03
4                                     -3.6472774000000001e-03        -7.7451820000000004e-04        -1.4466319900000000e-02        -3.6472179000000002e-03        -4.0000000000000001e-10        -2.1070005000000001e-03         2.0182123999999998e-03         1.7599999999999999e-08
5                                      2.1729549999999999e-03         8.5126329999999999e-04         5.8204868000000000e-03         2.1729802999999998e-03        -3.9000000000000002e-09         8.0054246999999995e-03        -1.6155822000000000e-02        -6.5200000000000001e-08
6                                      3.6237890900000000e-02        -2.2412079200000001e-02         1.2987411600000000e-02        -5.4660098999999998e-03        -2.0687356000000001e-03         6.6960599999999997e-05         1.7479511000000000e-03         4.1160781000000000e-03
7                                     -2.0921500700000002e-02        -1.2987106700000001e-02         9.3703532000000006e-03        -2.1725435000000000e-03         6.7184800000000001e-05        -1.9909844000000000e-03        -1.0098106999999999e-03        -1.2662938000000000e-03
8                                      5.5455264999999997e-02         5.4661563000000003e-03        -2.1726843999999999e-03         2.1730564000000002e-03         6.9330078999999996e-03        -4.0030643000000003e-03        -1.6155768200000000e-02        -7.6235875999999996e-03
9                                      5.4661563000000003e-03         1.7134244290000000e-01         7.1349940900000006e-02        -3.6238931699999997e-02        -2.0687860000000000e-03        -6.6990799999999996e-05        -1.7480458000000000e-03         4.1161540000000003e-03
10                                    -2.1726843999999999e-03         7.1349940900000006e-02         8.8950422000000001e-02        -2.0921618100000001e-02        -6.7184300000000007e-05        -1.9909869000000000e-03        -1.0098024000000001e-03         1.2662762000000001e-03
11                                     2.1730564000000002e-03        -3.6238931699999997e-02        -2.0921618100000001e-02         5.5455762800000002e-02        -6.9331367999999997e-03        -4.0029792000000003e-03        -1.6155712900000001e-02         7.6235818000000002e-03
12                                     6.9330078999999996e-03        -2.0687860000000000e-03        -6.7184300000000007e-05        -6.9331367999999997e-03         7.6383633999999997e-03        -2.7999999999999998e-09         1.9920000000000001e-07         3.1941602999999998e-03
13                                    -4.0030643000000003e-03        -6.6990799999999996e-05        -1.9909869000000000e-03        -4.0029792000000003e-03        -2.7999999999999998e-09         7.6383133000000004e-03         5.3359999999999996e-07         1.6999999999999999e-09
14                                    -1.6155768200000000e-02        -1.7480458000000000e-03        -1.0098024000000001e-03        -1.6155712900000001e-02         1.9920000000000001e-07         5.3359999999999996e-07         6.5404842199999993e-02        -7.5800000000000004e-08
15                                    -7.6235875999999996e-03         4.1161540000000003e-03         1.2662762000000001e-03         7.6235818000000002e-03         3.1941602999999998e-03         1.6999999999999999e-09        -7.5800000000000004e-08         1.4061029399999999e-02
16                                     4.4014893000000003e-03         1.2666159000000001e-03         2.6538235999999998e-03         4.4014164999999997e-03        -2.8999999999999999e-09         3.1942609999999999e-03         3.8140000000000001e-07         3.0000000000000000e-09
17                                    -4.3348648999999998e-03        -1.4397625000000000e-03        -8.3195660000000000e-04        -4.3349180000000001e-03        -7.4799999999999995e-08         4.6909999999999999e-07        -1.8383761600000000e-02        -5.7399999999999998e-08
                                                        16                          17

0                                      3.2000000000000001e-09         1.7440000000000000e-07
1                                     -2.7411254600000001e-02         5.9039999999999999e-07
2                                     -5.7469999999999998e-07         3.4634105999999998e-02
3                                     -1.3200000000000001e-08         1.2900000000000000e-08
4                                      4.8479439999999999e-03         1.6623822999999999e-03
5                                     -8.8031671999999998e-03        -4.3349015000000001e-03
6                                     -1.2666061000000000e-03         1.4397074000000001e-03
7                                      2.6538559000000000e-03        -8.3193999999999998e-04
8                                      4.4014893000000003e-03        -4.3348648999999998e-03
9                                      1.2666159000000001e-03        -1.4397625000000000e-03
10                                     2.6538235999999998e-03        -8.3195660000000000e-04
11                                     4.4014164999999997e-03        -4.3349180000000001e-03
12                                    -2.8999999999999999e-09        -7.4799999999999995e-08
13                                     3.1942609999999999e-03         4.6909999999999999e-07
14                                     3.8140000000000001e-07        -1.8383761600000000e-02
15                                     3.0000000000000000e-09        -5.7399999999999998e-08
16                                     1.4061370000000000e-02         4.5480000000000002e-07
17                                     4.5480000000000002e-07        -3.2456600000000000e-03
   &MODES [&Type "ArrayOfDoubles", &Dim (18,18)] "The modes of vibrations"
                                                         0                           1                           2                           3                           4                           5                           6                           7

0                                      0.0000000000000000e+00         0.0000000000000000e+00         0.0000000000000000e+00         0.0000000000000000e+00         0.0000000000000000e+00         0.0000000000000000e+00        -7.2682493861703111e-07         3.0415837027791194e-08
1                                      0.0000000000000000e+00         0.0000000000000000e+00         0.0000000000000000e+00         0.0000000000000000e+00         0.0000000000000000e+00         0.0000000000000000e+00         6.2998992160541755e-06        -3.8268929101494105e-05
2                                      0.0000000000000000e+00         0.0000000000000000e+00         0.0000000000000000e+00         0.0000000000000000e+00         0.0000000000000000e+00         0.0000000000000000e+00        -1.8960684535901282e-01         1.8370052732338837e-01
3                                      0.0000000000000000e+00         0.0000000000000000e+00         0.0000000000000000e+00         0.0000000000000000e+00         0.0000000000000000e+00         0.0000000000000000e+00        -5.2351318637852867e-07        -1.3422802154225588e-07
4                                      0.0000000000000000e+00         0.0000000000000000e+00         0.0000000000000000e+00         0.0000000000000000e+00         0.0000000000000000e+00         0.0000000000000000e+00        -1.7563320114666648e-02         1.2601742219176695e-02
5                                      0.0000000000000000e+00         0.0000000000000000e+00         0.0000000000000000e+00         0.0000000000000000e+00         0.0000000000000000e+00         0.0000000000000000e+00        -1.0053433054485940e-01         1.1632643685332265e-01
6                                      0.0000000000000000e+00         0.0000000000000000e+00         0.0000000000000000e+00         0.0000000000000000e+00         0.0000000000000000e+00         0.0000000000000000e+00        -1.5216445500935405e-02         1.0949099592412267e-02
7                                      0.0000000000000000e+00         0.0000000000000000e+00         0.0000000000000000e+00         0.0000000000000000e+00         0.0000000000000000e+00         0.0000000000000000e+00         8.7956144388250442e-03        -6.3647276222638365e-03
8                                      0.0000000000000000e+00         0.0000000000000000e+00         0.0000000000000000e+00         0.0000000000000000e+00         0.0000000000000000e+00         0.0000000000000000e+00        -1.0053136434638842e-01         1.1631596587820837e-01
9                                      0.0000000000000000e+00         0.0000000000000000e+00         0.0000000000000000e+00         0.0000000000000000e+00         0.0000000000000000e+00         0.0000000000000000e+00         1.5215588240519676e-02        -1.0949425422377252e-02
10                                     0.0000000000000000e+00         0.0000000000000000e+00         0.0000000000000000e+00         0.0000000000000000e+00         0.0000000000000000e+00         0.0000000000000000e+00         8.7957240002004798e-03        -6.3647607470976907e-03
11                                     0.0000000000000000e+00         0.0000000000000000e+00         0.0000000000000000e+00         0.0000000000000000e+00         0.0000000000000000e+00         0.0000000000000000e+00        -1.0053127756792750e-01         1.1631621128972108e-01
12                                     0.0000000000000000e+00         0.0000000000000000e+00         0.0000000000000000e+00         0.0000000000000000e+00         0.0000000000000000e+00         0.0000000000000000e+00         3.3095756626459211e-08         1.9802666239398327e-10
13                                     0.0000000000000000e+00         0.0000000000000000e+00         0.0000000000000000e+00         0.0000000000000000e+00         0.0000000000000000e+00         0.0000000000000000e+00        -3.5495469575801420e-07         1.9793039924678039e-06
14                                     0.0000000000000000e+00         0.0000000000000000e+00         0.0000000000000000e+00         0.0000000000000000e+00         0.0000000000000000e+00         0.0000000000000000e+00        -4.7535920247113641e-03        -4.0374825543770622e-02
15                                     0.0000000000000000e+00         0.0000000000000000e+00         0.0000000000000000e+00         0.0000000000000000e+00         0.0000000000000000e+00         0.0000000000000000e+00         3.1170979117574707e-07         3.8574717556554099e-09
16                                     0.0000000000000000e+00         0.0000000000000000e+00         0.0000000000000000e+00         0.0000000000000000e+00         0.0000000000000000e+00         0.0000000000000000e+00        -3.0985793002464732e-06         1.7751476480692409e-05
17                                     0.0000000000000000e+00         0.0000000000000000e+00         0.0000000000000000e+00         0.0000000000000000e+00         0.0000000000000000e+00         0.0000000000000000e+00         1.6762861331623435e-01         1.3503463758763309e-01
                                                         8                           9                          10                          11                          12                          13                          14                          15

0                                      2.2342331203177723e-01        -1.6743576790217596e-03         2.2218479518356809e-03         5.4213901581639343e-02        -3.3894118468929037e-07         1.9558536842842870e-06         8.4535517500371041e-02         2.0669445764043899e-07
1                                      1.6743478147108741e-03         2.2342292390043347e-01         5.4216500697593699e-02        -2.2219220906803234e-03         1.5802243219256445e-06         8.4535974005414211e-02        -1.9760005981235635e-06        -7.3661581796179591e-05
2                                     -2.2058570527646933e-07         3.7616550904905679e-05        -2.0467906803216888e-06        -6.1230114270844598e-08        -8.0886005399217933e-02         6.6251331108943801e-07        -3.0823546027518672e-07         2.8355969986336826e-02
3                                      2.4392001652680009e-01        -1.8280029177494884e-03        -8.1004929500764628e-03        -1.9769453635302411e-01         2.1779460997758301e-06        -1.3366213172795172e-05        -7.3967542653788176e-01        -4.5894130158415777e-07
4                                      1.8174371873797379e-03         2.4251770224295349e-01        -1.6829654530549321e-01         6.8974595663278144e-03        -1.2659312553684338e-01         8.4988759620226687e-02         2.3366762060246888e-06        -5.5990388080992448e-01
5                                     -2.9907255880651988e-04        -3.9795797981959827e-02         7.5138415507969736e-01        -3.0789164974766223e-02         5.3620482240226763e-01        -2.2421513538365967e-01         7.0053425554144778e-06        -1.1516259995843602e-01
6                                      2.4286900353556681e-01        -1.2086009917823125e-03        -1.9935406352325772e-02        -1.7512327132831401e-01        -1.0964330767612533e-01        -3.5708476393753408e-01        -1.2117080594008514e-01        -4.8572581548226124e-01
7                                      2.4347019042395392e-03         2.4356312846553868e-01        -1.9087482363480301e-01        -4.9277894893138864e-03         6.3291185129336458e-02        -5.3351526584965336e-01        -3.5708108677657896e-01         2.8038129091370667e-01
8                                     -3.4331618251099504e-02         2.0188914166627367e-02        -3.4901368033411473e-01         6.6610812429581734e-01         5.3623314885575479e-01         1.1208731245611611e-01        -1.9415120173720307e-01        -1.1541758379493264e-01
9                                      2.4286007619462119e-01        -2.4313791629704583e-03         5.5370956314873300e-03        -1.7617168349577947e-01         1.0964694113646974e-01         3.5707512187908724e-01        -1.2117864994986551e-01         4.8572352161216059e-01
10                                     1.2159430013948700e-03         2.4357238089232938e-01        -1.8983404911868287e-01         2.0529949502681388e-02         6.3290768033304370e-02        -5.3350539872573433e-01         3.5710167081017652e-01         2.8038049648732405e-01
11                                     3.4629334019166756e-02         1.9671957719271986e-02        -4.0234251085795142e-01        -6.3531908277286175e-01         5.3623140168387540e-01         1.1209181135444446e-01         1.9414872926713933e-01        -1.1542052701790653e-01
12                                    -1.1492589087912558e-02         8.6126593804528099e-05         8.5486777750462084e-05         2.0862420702474076e-03        -6.3971952669391199e-09         5.5659048294774855e-09        -1.1569959973254645e-04         7.2612288421149966e-09
13                                    -8.6127021104050918e-05        -1.1492597743892340e-02         2.0861895712679210e-03        -8.5486203543789070e-05        -6.8555257974014753e-08        -1.1573984861646810e-04         3.5350906077466058e-09         2.5155678272592398e-08
14                                    -6.4046768849583625e-08        -6.7947593265862965e-06        -5.1838883514249112e-08        -2.7502858025845617e-09        -3.7048368712259685e-03         1.2529115368600582e-07        -3.3108798142683320e-09         7.5045091241700336e-05
15                                    -1.0320108088138834e-01         7.7339573986830244e-04        -7.8198198472207369e-04        -1.9082318323240956e-02        -5.1324931427983817e-08        -5.2938947899909755e-08        -5.6809874742821877e-04        -3.3120495702082777e-08
16                                    -7.7339190305013793e-04        -1.0320099602915010e-01        -1.9082765821099350e-02         7.8198173094721959e-04         5.1654969073650913e-08        -5.6774590982192757e-04         9.5307244945308151e-09         8.8362772638842283e-07
17                                     6.3925860292498352e-07         1.8151809161698091e-05         1.5658271642711514e-07         6.3632255825043557e-08        -9.4680028485551997e-03         6.5495162131365876e-07        -2.3516618058107865e-08        -7.0431683704478819e-05
                                                        16                          17

0                                      8.8619437781921606e-02         1.8344169265080440e-05
1                                      1.8361122027520158e-05        -8.8618349780050856e-02
2                                     -3.3910962558255044e-07        -2.3605639795357876e-05
3                                      5.6451756889613049e-02         1.6236994118746895e-05
4                                     -1.5773651378172421e-04         7.4514782026420712e-01
5                                     -4.3162949181444954e-05         2.0317844433592916e-01
6                                     -5.4431962830610281e-01        -3.4661299577997917e-01
7                                      3.4687090776693219e-01         1.4366175704156231e-01
8                                     -1.7585342807023324e-01        -1.0147987804742566e-01
9                                     -5.4447038662382052e-01         3.4638303176656432e-01
10                                    -3.4692685192851835e-01         1.4351023846111283e-01
11                                     1.7590059849333545e-01        -1.0140761509159632e-01
12                                    -2.2230091790869077e-05        -3.5972233202844649e-09
13                                    -1.2088901544285640e-08         2.2247945476122591e-05
14                                    -2.2843281187819610e-10        -7.5077682251909905e-08
15                                    -1.1048586401603514e-03        -2.3362953748684097e-07
16                                    -1.9008497188263700e-07         1.1050300365434663e-03
17                                     3.2898265356702772e-09        -1.1796453450870882e-08
$End
$THERMOCHEMISTRY_Energies
   &GeometryIndex 1
   &temperature [&Type "Double"]       2.9814999999999998e+02
   &pressure [&Type "Double"]       1.0000000000000000e+00
   &totalMass [&Type "Double"]       1.6093299999999999e+02
   &spinDegeneracy [&Type "Integer"] 1
   &elEnergy [&Type "Double"]      -1.2408315654450000e+01
   &transEnergy [&Type "Double"]       1.4162714244859817e-03
   &rotEnergy [&Type "Double"]       1.4162714244859817e-03
   &vibEnergy [&Type "Double"]       1.5895585391184450e-03
   &numOfFreqs [&Type "Integer"] 18
   &freqScalingFactor [&Type "Double"]       1.0000000000000000e+00
   &FREQ [&Type "ArrayOfDoubles", &Units "cm^-1", &Dim (18,1)] 
                                                         0

0                                      0.0000000000000000e+00
1                                      0.0000000000000000e+00
2                                      0.0000000000000000e+00
3                                      0.0000000000000000e+00
4                                      0.0000000000000000e+00
5                                      0.0000000000000000e+00
6                                     -2.1944832533480320e+02
7                                      2.3180511196491088e+02
8                                      2.4951722725089570e+02
9                                      2.4951872936787200e+02
10                                     9.9061969461831984e+02
11                                     9.9061995780812651e+02
12                                     1.2305436727191052e+03
13                                     1.4684451216435436e+03
14                                     1.4684753882393613e+03
15                                     2.4946167503606880e+03
16                                     2.5125520713967517e+03
17                                     2.5125786443637221e+03
   &zpe [&Type "Double"]       3.2804001764972106e-02
   &innerEnergyU [&Type "Double"]      -1.2371089551296938e+01
   &enthalpyH [&Type "Double"]      -1.2370145342254679e+01
   &qEl [&Type "Double"]       0.0000000000000000e+00
   &qRot [&Type "Double"]       1.0786895836252201e-02
   &qVib [&Type "Double"]       2.6641093959742647e-03
   &qTrans [&Type "Double"]       1.9545129475932437e-02
   &entropyS [&Type "Double"]       3.2996134708158903e-02
   &freeEnergyG [&Type "Double"]      -1.2403141476962837e+01
   &isLinear [&Type "Boolean"] false
$End
$Geometry
   &GeometryIndex 2
   &NAtoms [&Type "Integer"] 6
   &NCorelessECP [&Type "Integer"] 0
   &NGhostAtoms [&Type "Integer"] 0
   &CartesianCoordinates [&Type "Coordinates", &Dim(6,4), &Units "Bohr"] 
              C      0.000000221289   -0.000001095695   -0.622274510921
              H      0.000000197170    2.042017643600   -0.012374803947
              H      1.768440875195   -1.021011040255   -0.012375563924
              H     -1.768440632512   -1.021011127814   -0.012375414235
              I     -0.000000331627    0.000002781384    4.587503781502
              F     -0.000000329514    0.000002838780   -4.259788219501
$End
$Single_Point_Data
   &GeometryIndex 2
   &FinalEnergy [&Type "Double"]      -1.2410806580579999e+01  "Final single point energy"
   &Converged [&Type "Boolean"] true
$End
$Geometry
   &GeometryIndex 3
   &NAtoms [&Type "Integer"] 6
   &NCorelessECP [&Type "Integer"] 0
   &NGhostAtoms [&Type "Integer"] 0
   &CartesianCoordinates [&Type "Coordinates", &Dim(6,4), &Units "Bohr"] 
              C      0.000000314065   -0.000001561136   -0.580858569413
              H      0.000000224413    2.040033786314   -0.028507247366
              H      1.766723419636   -1.020020449182   -0.028508335140
              H     -1.766723068251   -1.020020505440   -0.028508544749
              I     -0.000000363273    0.000004364648    4.586398642599
              F     -0.000000526590    0.000004364796   -4.251700676957
$End
$Single_Point_Data
   &GeometryIndex 3
   &FinalEnergy [&Type "Double"]      -1.2413045186680000e+01  "Final single point energy"
   &Converged [&Type "Boolean"] true
$End
$Geometry
   &GeometryIndex 4
   &NAtoms [&Type "Integer"] 6
   &NCorelessECP [&Type "Integer"] 0
   &NGhostAtoms [&Type "Integer"] 0
   &CartesianCoordinates [&Type "Coordinates", &Dim(6,4), &Units "Bohr"] 
              C      0.000000358721   -0.000001873824   -0.539126068245
              H      0.000000220192    2.039945939136   -0.045094590300
              H      1.766647638656   -1.019977513166   -0.045096073058
              H     -1.766647257682   -1.019977547466   -0.045096631971
              I     -0.000000324206    0.000005569376    4.585625101585
              F     -0.000000635682    0.000005425944   -4.242896469038
$End
$Single_Point_Data
   &GeometryIndex 4
   &FinalEnergy [&Type "Double"]      -1.2414888739629999e+01  "Final single point energy"
   &Converged [&Type "Boolean"] true
$End
$Hessian
   &GeometryIndex 4
   &HESSIAN [&Type "ArrayOfDoubles", &Dim (18,18)] "The Hessian"
                                                         0                           1                           2                           3                           4                           5                           6                           7

0                                      4.5830456809999998e-01        -8.4499999999999996e-08        -1.2769000000000000e-06        -4.8079307100000003e-02        -1.1256000000000001e-06        -2.1640000000000001e-07        -1.8997453089999999e-01         8.1924162999999994e-02
1                                     -8.4499999999999996e-08         4.5830495910000002e-01         1.8236000000000000e-06        -1.1526000000000000e-06        -2.3728068769999999e-01        -5.3454699199999997e-02         8.1925160299999994e-02        -9.5374769799999995e-02
2                                     -1.2769000000000000e-06         1.8236000000000000e-06         5.3174186700000001e-02        -1.6590000000000000e-07        -4.1505750600000002e-02        -3.0073140400000000e-02        -3.5943729600000002e-02         2.0752113799999999e-02
3                                     -4.8079307100000003e-02        -1.1526000000000000e-06        -1.6590000000000000e-07         4.5828795999999998e-02         1.2848000000000000e-06         2.4480000000000002e-07         1.0473059000000000e-03         2.5854612999999999e-02
4                                     -1.1256000000000001e-06        -2.3728068769999999e-01        -4.1505750600000002e-02         1.2848000000000000e-06         2.6302404400000001e-01         4.4266445799999998e-02         3.6870030000000001e-04        -1.4094551800000001e-02
5                                     -2.1640000000000001e-07        -5.3454699199999997e-02        -3.0073140400000000e-02         2.4480000000000002e-07         4.4266445799999998e-02         5.1603759700000001e-02        -7.6026779999999996e-04         4.3235647000000000e-03
6                                     -1.8997453089999999e-01         8.1925160299999994e-02        -3.5943729600000002e-02         1.0473059000000000e-03         3.6870030000000001e-04        -7.6026779999999996e-04         2.0871982019999999e-01        -9.4045382100000005e-02
7                                      8.1924162999999994e-02        -9.5374769799999995e-02         2.0752113799999999e-02         2.5854612999999999e-02        -1.4094551800000001e-02         4.3235647000000000e-03        -9.4045382100000005e-02         1.0012535359999999e-01
8                                     -4.6292033500000003e-02         2.6726293599999999e-02        -3.0073237499999999e-02         3.3643949000000000e-03        -2.8202889000000001e-03         1.0133685999999999e-03         3.8334464499999998e-02        -2.2132174599999999e-02
9                                     -1.8997559340000000e-01        -8.1923922299999993e-02         3.5944975300000001e-02         1.0470040000000000e-03        -3.6887200000000001e-04         7.6030650000000004e-04        -2.1664749099999998e-02        -1.2742730900000001e-02
10                                    -8.1922954899999997e-02        -9.5372996500000001e-02         2.0752271700000002e-02        -2.5854758200000001e-02        -1.4094284900000000e-02         4.3237388000000000e-03         1.2743031199999999e-02         8.6160653999999993e-03
11                                     4.6293347100000000e-02         2.6726304400000001e-02        -3.0073749500000000e-02        -3.3644420000000000e-03        -2.8202441000000000e-03         1.0133824000000001e-03        -4.1244730999999996e-03        -1.5030884000000000e-03
12                                    -7.2761937000000000e-03         4.6999999999999999e-09         2.2099999999999999e-08        -1.2696739999999999e-03        -4.0000000000000001e-10        -3.6000000000000000e-09        -1.2440661999999999e-03        -1.4732000000000001e-05
13                                     6.0000000000000000e-10        -7.2768334000000000e-03        -3.4800000000000001e-08         3.1100000000000001e-08        -1.2349794999999999e-03         8.9555355999999999e-03        -1.5153500000000000e-05        -1.2612147999999999e-03
14                                     1.5900000000000000e-08         1.9950000000000001e-07         5.5912258999999999e-03        -2.9099999999999999e-08         1.6370764000000000e-03        -1.8100894800000000e-02         1.4178042000000000e-03        -8.1881589999999995e-04
15                                    -2.2998943000000001e-02        -5.6999999999999998e-09         1.7499999999999999e-07         1.4258751000000001e-03         1.2800000000000000e-08        -6.3399999999999999e-08         3.1162201999999999e-03        -9.7593099999999998e-04
16                                     1.3999999999999999e-09        -2.2999671700000002e-02        -4.2380000000000002e-07        -1.8100000000000000e-08         3.6804597999999999e-03        -8.4145856999999994e-03        -9.7635609999999998e-04         1.9891174000000000e-03
17                                     1.6380000000000000e-07         7.8100000000000005e-08         3.1454714699999997e-02        -2.7000000000000002e-09         1.2427613999999999e-03        -5.4564755000000003e-03         1.0762018000000000e-03        -6.2159960000000001e-04
                                                         8                           9                          10                          11                          12                          13                          14                          15

0                                     -4.6292033500000003e-02        -1.8997559340000000e-01        -8.1922954899999997e-02         4.6293347100000000e-02        -7.2761937000000000e-03         6.0000000000000000e-10         1.5900000000000000e-08        -2.2998943000000001e-02
1                                      2.6726293599999999e-02        -8.1923922299999993e-02        -9.5372996500000001e-02         2.6726304400000001e-02         4.6999999999999999e-09        -7.2768334000000000e-03         1.9950000000000001e-07        -5.6999999999999998e-09
2                                     -3.0073237499999999e-02         3.5944975300000001e-02         2.0752271700000002e-02        -3.0073749500000000e-02         2.2099999999999999e-08        -3.4800000000000001e-08         5.5912258999999999e-03         1.7499999999999999e-07
3                                      3.3643949000000000e-03         1.0470040000000000e-03        -2.5854758200000001e-02        -3.3644420000000000e-03        -1.2696739999999999e-03         3.1100000000000001e-08        -2.9099999999999999e-08         1.4258751000000001e-03
4                                     -2.8202889000000001e-03        -3.6887200000000001e-04        -1.4094284900000000e-02        -2.8202441000000000e-03        -4.0000000000000001e-10        -1.2349794999999999e-03         1.6370764000000000e-03         1.2800000000000000e-08
5                                      1.0133685999999999e-03         7.6030650000000004e-04         4.3237388000000000e-03         1.0133824000000001e-03        -3.6000000000000000e-09         8.9555355999999999e-03        -1.8100894800000000e-02        -6.3399999999999999e-08
6                                      3.8334464499999998e-02        -2.1664749099999998e-02         1.2743031199999999e-02        -4.1244730999999996e-03        -1.2440661999999999e-03        -1.5153500000000000e-05         1.4178042000000000e-03         3.1162201999999999e-03
7                                     -2.2132174599999999e-02        -1.2742730900000001e-02         8.6160653999999993e-03        -1.5030884000000000e-03        -1.4732000000000001e-05        -1.2612147999999999e-03        -8.1881589999999995e-04        -9.7593099999999998e-04
8                                      5.1603340999999997e-02         4.1246102999999996e-03        -1.5032101999999999e-03         1.0134706000000000e-03         7.7557121999999997e-03        -4.4779727999999996e-03        -1.8100600299999998e-02        -7.2871484000000004e-03
9                                      4.1246102999999996e-03         2.0872116739999999e-01         9.4044032200000002e-02        -3.8335724900000000e-02        -1.2441158999999999e-03         1.5122299999999999e-05        -1.4179092000000000e-03         3.1162869000000001e-03
10                                    -1.5032101999999999e-03         9.4044032200000002e-02         1.0012334790000001e-01        -2.2132380800000000e-02         1.4732800000000001e-05        -1.2612190000000001e-03        -8.1881330000000004e-04         9.7591699999999997e-04
11                                     1.0134706000000000e-03        -3.8335724900000000e-02        -2.2132380800000000e-02         5.1603862100000002e-02        -7.7558610999999998e-03        -4.4778821999999999e-03        -1.8100544699999999e-02         7.2871539999999997e-03
