
$orca_hessian_file

$act_atom
  0

$act_coord
  0

$act_energy
      -12.422207

$multiplicity
  1

$hessian
18
                    0                  1                  2                  3                  4        
    0      5.5854435240E-01  -3.4220000000E-07  -1.7175000000E-06  -4.3705595600E-02  -1.3928000000E-06
    1     -3.4220000000E-07   5.5854532450E-01   1.0140000000E-07  -1.3836000000E-06  -3.1009257440E-01
    2     -1.7175000000E-06   1.0140000000E-07  -1.1260607400E-02   5.1000000000E-08  -1.3928326200E-02
    3     -4.3705595600E-02  -1.3836000000E-06   5.1000000000E-08   4.2371609800E-02   1.5393000000E-06
    4     -1.3928000000E-06  -3.1009257440E-01  -1.3928326200E-02   1.5393000000E-06   3.3468540460E-01
    5      7.8000000000E-09  -1.8825171300E-02  -1.0560990800E-02   7.1300000000E-08   1.4851796600E-02
    6     -2.4348787270E-01   1.1534616840E-01  -1.2061912000E-02   5.1187800000E-04  -1.5304070000E-04
    7      1.1534572000E-01  -1.1029678700E-01   6.9638066000E-03   2.4167701500E-02  -1.3354912600E-02
    8     -1.6302662000E-02   9.4122138000E-03  -1.0561201000E-02   1.1333470000E-04  -8.4482660000E-04
    9     -2.4348973350E-01  -1.1534444090E-01   1.2063439800E-02   5.1163920000E-04   1.5288620000E-04
   10     -1.1534398160E-01  -1.1029418360E-01   6.9643772000E-03  -2.4167873000E-02  -1.3354673000E-02
   11      1.6304195700E-02   9.4127194000E-03  -1.0561415700E-02  -1.1335480000E-04  -8.4482480000E-04
   12     -1.1222509300E-02   5.5000000000E-09   2.9200000000E-08  -4.4981780000E-04   2.6000000000E-09
   13     -1.2000000000E-09  -1.1222760600E-02   9.4600000000E-08   3.6800000000E-08   1.0415970000E-04
   14      2.6700000000E-08   1.2600000000E-07   1.0652079600E-02  -6.0900000000E-08   5.1861990000E-04
   15     -1.6638641300E-02  -7.3000000000E-09   1.0950000000E-07   7.6028640000E-04   5.4000000000E-09
   16     -2.2000000000E-09  -1.6639018900E-02  -5.3600000000E-08  -2.1000000000E-08   2.0125957000E-03
   17      1.4930000000E-07   1.0700000000E-08   3.2292135200E-02  -4.1300000000E-08   2.4756110000E-04
                    5                  6                  7                  8                  9        
    0      7.8000000000E-09  -2.4348787270E-01   1.1534572000E-01  -1.6302662000E-02  -2.4348973350E-01
    1     -1.8825171300E-02   1.1534616840E-01  -1.1029678700E-01   9.4122138000E-03  -1.1534444090E-01
    2     -1.0560990800E-02  -1.2061912000E-02   6.9638066000E-03  -1.0561201000E-02   1.2063439800E-02
    3      7.1300000000E-08   5.1187800000E-04   2.4167701500E-02   1.1333470000E-04   5.1163920000E-04
    4      1.4851796600E-02  -1.5304070000E-04  -1.3354912600E-02  -8.4482660000E-04   1.5288620000E-04
    5      3.9869466400E-02  -6.7498020000E-04   5.2050210000E-04  -3.2780690000E-04   6.7498120000E-04
    6     -6.7498020000E-04   2.6159916950E-01  -1.2657133940E-01   1.2861530500E-02  -2.0287598800E-02
    7      5.2050210000E-04  -1.2657133940E-01   1.1544729820E-01  -7.4254322000E-03  -1.2160405600E-02
    8     -3.2780690000E-04   1.2861530500E-02  -7.4254322000E-03   3.9869359800E-02   7.8839210000E-04
    9      6.7498120000E-04  -2.0287598800E-02  -1.2160405600E-02   7.8839210000E-04   2.6160126700E-01
   10      5.2065970000E-04   1.2160699300E-02   7.4429908000E-03   3.2441060000E-04   1.2656948820E-01
   11     -3.2780680000E-04  -7.8825460000E-04   3.2449720000E-04  -3.2777090000E-04  -1.2862986400E-02
   12     -8.8000000000E-09  -3.4652600000E-05  -2.3965120000E-04   9.0448828000E-03  -3.4703200000E-05
   13      1.0444160400E-02  -2.4006050000E-04  -3.1162520000E-04  -5.2222821000E-03   2.4002570000E-04
   14     -1.9890392800E-02   4.4917410000E-04  -2.5952150000E-04  -1.9890223600E-02  -4.4930770000E-04
   15     -7.1300000000E-08   1.6990765000E-03  -5.4202520000E-04  -6.5054781000E-03   1.6991294000E-03
   16     -7.5119475000E-03  -5.4242720000E-04   1.0730359000E-03   3.7559165000E-03   5.4244640000E-04
   17     -8.7624691000E-03   2.1444220000E-04  -1.2385230000E-04  -8.7623573000E-03  -2.1451910000E-04
                   10                 11                 12                 13                 14        
    0     -1.1534398160E-01   1.6304195700E-02  -1.1222509300E-02  -1.2000000000E-09   2.6700000000E-08
    1     -1.1029418360E-01   9.4127194000E-03   5.5000000000E-09  -1.1222760600E-02   1.2600000000E-07
    2      6.9643772000E-03  -1.0561415700E-02   2.9200000000E-08   9.4600000000E-08   1.0652079600E-02
    3     -2.4167873000E-02  -1.1335480000E-04  -4.4981780000E-04   3.6800000000E-08  -6.0900000000E-08
    4     -1.3354673000E-02  -8.4482480000E-04   2.6000000000E-09   1.0415970000E-04   5.1861990000E-04
    5      5.2065970000E-04  -3.2780680000E-04  -8.8000000000E-09   1.0444160400E-02  -1.9890392800E-02
    6      1.2160699300E-02  -7.8825460000E-04  -3.4652600000E-05  -2.4006050000E-04   4.4917410000E-04
    7      7.4429908000E-03   3.2449720000E-04  -2.3965120000E-04  -3.1162520000E-04  -2.5952150000E-04
    8      3.2441060000E-04  -3.2777090000E-04   9.0448828000E-03  -5.2222821000E-03  -1.9890223600E-02
    9      1.2656948820E-01  -1.2862986400E-02  -3.4703200000E-05   2.4002570000E-04  -4.4930770000E-04
   10      1.1544448430E-01  -7.4260840000E-03   2.3964900000E-04  -3.1163260000E-04  -2.5951890000E-04
   11     -7.4260840000E-03   3.9869594000E-02  -9.0450717000E-03  -5.2221805000E-03  -1.9890149900E-02
   12      2.3964900000E-04  -9.0450717000E-03   8.8808699000E-03  -2.1000000000E-09   2.1220000000E-07
   13     -3.1163260000E-04  -5.2221805000E-03  -2.1000000000E-09   8.8809539000E-03   1.9310000000E-07
   14     -2.5951890000E-04  -1.9890149900E-02   2.1220000000E-07   1.9310000000E-07   6.6127447100E-02
   15      5.4201810000E-04   6.5054717000E-03   2.8608130000E-03   1.2000000000E-09  -4.4400000000E-08
   16      1.0730142000E-03   3.7558728000E-03  -3.8000000000E-09   2.8609049000E-03   1.0140000000E-07
   17     -1.2384450000E-04  -8.7624506000E-03  -4.3700000000E-08   1.4500000000E-08  -1.7108760500E-02
                   15                 16                 17        
     0     -1.6638641300E-02  -2.2000000000E-09   1.4930000000E-07
     1     -7.3000000000E-09  -1.6639018900E-02   1.0700000000E-08
     2      1.0950000000E-07  -5.3600000000E-08   3.2292135200E-02
     3      7.6028640000E-04  -2.1000000000E-08  -4.1300000000E-08
     4      5.4000000000E-09   2.0125957000E-03   2.4756110000E-04
     5     -7.1300000000E-08  -7.5119475000E-03  -8.7624691000E-03
     6      1.6990765000E-03  -5.4242720000E-04   2.1444220000E-04
     7     -5.4202520000E-04   1.0730359000E-03  -1.2385230000E-04
     8     -6.5054781000E-03   3.7559165000E-03  -8.7623573000E-03
     9      1.6991294000E-03   5.4244640000E-04  -2.1451910000E-04
    10      5.4201810000E-04   1.0730142000E-03  -1.2384450000E-04
    11      6.5054717000E-03   3.7558728000E-03  -8.7624506000E-03
    12      2.8608130000E-03  -3.8000000000E-09  -4.3700000000E-08
    13      1.2000000000E-09   2.8609049000E-03   1.4500000000E-08
    14     -4.4400000000E-08   1.0140000000E-07  -1.7108760500E-02
    15      9.6193360000E-03   7.8000000000E-09   1.2600000000E-08
    16      7.8000000000E-09   9.6194683000E-03   1.1040000000E-07
    17      1.2600000000E-08   1.1040000000E-07   1.1103902400E-02

$vibrational_frequencies
18
    0        0.0000000000000000
    1        0.0000000000000000
    2        0.0000000000000000
    3        0.0000000000000000
    4        0.0000000000000000
    5        0.0000000000000000
    6     -266.8012087582811205
    7      199.9918059934816199
    8      229.8836011571248434
    9      229.8857643629739584
   10     1016.6972266120394579
   11     1016.6985630508189615
   12     1022.2635004609594489
   13     1357.6034046627321459
   14     1357.6153950948530564
   15     3022.4656462970278881
   16     3104.2238316578223021
   17     3104.2571835821322566

$normal_modes
18 18
                    0                  1                  2                  3                  4        
    0      0.0000000000E+00   0.0000000000E+00   0.0000000000E+00   0.0000000000E+00   0.0000000000E+00
    1      0.0000000000E+00   0.0000000000E+00   0.0000000000E+00   0.0000000000E+00   0.0000000000E+00
    2      0.0000000000E+00   0.0000000000E+00   0.0000000000E+00   0.0000000000E+00   0.0000000000E+00
    3      0.0000000000E+00   0.0000000000E+00   0.0000000000E+00   0.0000000000E+00   0.0000000000E+00
    4      0.0000000000E+00   0.0000000000E+00   0.0000000000E+00   0.0000000000E+00   0.0000000000E+00
    5      0.0000000000E+00   0.0000000000E+00   0.0000000000E+00   0.0000000000E+00   0.0000000000E+00
    6      0.0000000000E+00   0.0000000000E+00   0.0000000000E+00   0.0000000000E+00   0.0000000000E+00
    7      0.0000000000E+00   0.0000000000E+00   0.0000000000E+00   0.0000000000E+00   0.0000000000E+00
    8      0.0000000000E+00   0.0000000000E+00   0.0000000000E+00   0.0000000000E+00   0.0000000000E+00
    9      0.0000000000E+00   0.0000000000E+00   0.0000000000E+00   0.0000000000E+00   0.0000000000E+00
   10      0.0000000000E+00   0.0000000000E+00   0.0000000000E+00   0.0000000000E+00   0.0000000000E+00
   11      0.0000000000E+00   0.0000000000E+00   0.0000000000E+00   0.0000000000E+00   0.0000000000E+00
   12      0.0000000000E+00   0.0000000000E+00   0.0000000000E+00   0.0000000000E+00   0.0000000000E+00
   13      0.0000000000E+00   0.0000000000E+00   0.0000000000E+00   0.0000000000E+00   0.0000000000E+00
   14      0.0000000000E+00   0.0000000000E+00   0.0000000000E+00   0.0000000000E+00   0.0000000000E+00
   15      0.0000000000E+00   0.0000000000E+00   0.0000000000E+00   0.0000000000E+00   0.0000000000E+00
   16      0.0000000000E+00   0.0000000000E+00   0.0000000000E+00   0.0000000000E+00   0.0000000000E+00
   17      0.0000000000E+00   0.0000000000E+00   0.0000000000E+00   0.0000000000E+00   0.0000000000E+00
                    5                  6                  7                  8                  9        
    0      0.0000000000E+00  -1.6883897829E-06  -3.4635776369E-06  -4.7651838116E-01   6.2173112972E-03
    1      0.0000000000E+00   1.3078692294E-06  -4.1834422707E-06   6.2173064688E-03   4.7652029181E-01
    2      0.0000000000E+00  -8.8484322283E-01   5.0576599443E-01  -2.6852045699E-07   2.1519359185E-06
    3      0.0000000000E+00   1.0258213984E-06  -4.4348616316E-06  -4.9984610179E-01   6.5232018230E-03
    4      0.0000000000E+00  -3.1193761965E-02   1.1501063756E-02   6.3328344045E-03   4.8537297552E-01
    5      0.0000000000E+00  -1.1446564871E-01   2.2494059231E-01  -1.7969548225E-05  -1.4591395710E-03
    6      0.0000000000E+00  -2.7016990424E-02   9.9599958951E-03  -4.8890295845E-01   1.2641954224E-02
    7      0.0000000000E+00   1.5598260851E-02  -5.7571963760E-03   2.1269694984E-04   4.9630045934E-01
    8      0.0000000000E+00  -1.1447210324E-01   2.2494255028E-01   1.2720626051E-03   7.1013498023E-04
    9      0.0000000000E+00   2.7018642671E-02  -9.9687136890E-03  -4.8906618883E-01   1.1654487002E-04
   10      0.0000000000E+00   1.5598030232E-02  -5.7571088508E-03   1.2735912049E-02   4.9613988076E-01
   11      0.0000000000E+00  -1.1447221420E-01   2.2494495158E-01  -1.2514291819E-03   7.4370355269E-04
   12      0.0000000000E+00   4.6745591982E-08   1.8867766386E-07   2.5447383341E-02  -3.3202281020E-04
   13      0.0000000000E+00  -7.2923456755E-09   1.9024054099E-07  -3.3202020108E-04  -2.5447457891E-02
   14      0.0000000000E+00   2.3984881104E-02  -1.6571591099E-01   2.7761557900E-07  -3.7264758242E-07
   15      0.0000000000E+00   6.1310355310E-07   1.6273140421E-06   2.0969718398E-01  -2.7359925203E-03
   16      0.0000000000E+00  -9.1234712026E-07   2.0767029541E-06  -2.7359932325E-03  -2.0969779138E-01
   17      0.0000000000E+00   4.1742961276E-01   7.5136156581E-01  -1.8259502942E-06   1.4099127426E-06
                   10                 11                 12                 13                 14        
    0     -3.1610879758E-03  -6.0260352576E-04   4.0734246118E-07  -2.1687281046E-03  -9.8410804206E-02
    1      6.0248004781E-04  -3.1607923197E-03  -1.0202857936E-06  -9.8411025862E-02   2.1687281205E-03
    2      2.3356176084E-06   2.2867246294E-06   3.6895674909E-02  -4.4370091910E-07   3.4217198765E-07
    3      3.5877802106E-02   6.8375248651E-03  -4.6458136584E-06   1.7834434325E-02   8.0948283329E-01
    4     -8.1035707197E-03   4.2523340008E-02   2.6266738478E-02  -5.7289721414E-02   1.2581014729E-03
    5      1.5246172798E-01  -8.0009461836E-01  -5.7615417831E-01   3.6610585458E-02  -8.0918860206E-04
    6      4.1409436442E-02   4.9122125435E-03   2.2749955151E-02   3.7883409706E-01   1.5113141281E-01
    7     -1.0033648429E-02   3.6987222278E-02  -1.3133440700E-02   6.0106038957E-01   3.6226483821E-01
    8     -7.6914921409E-01   2.6791670244E-01  -5.7617766138E-01  -1.7600653019E-02   3.2105186189E-02
    9      4.0313792578E-02   1.0666651411E-02  -2.2759864786E-02  -3.7180389764E-01   1.6766555088E-01
   10     -4.2785961955E-03   3.8086381838E-02  -1.3133797538E-02   5.8452560097E-01  -3.8838763016E-01
   11      6.1658098421E-01   5.3204955916E-01  -5.7628485877E-01  -1.8995168491E-02  -3.1300071353E-02
   12     -2.5185847086E-03  -4.8006432380E-04   2.0690971491E-07   2.8036235632E-06   1.2746775330E-04
   13      4.8006748121E-04  -2.5185821064E-03   1.9337080727E-07   1.2741349963E-04  -2.8117043653E-06
   14      4.3615994087E-07   5.5272799865E-07   6.9544045839E-03  -5.6405301967E-08   1.4611323783E-09
   15      1.2582081684E-02   2.3982689603E-03  -8.6733031825E-07   3.3122571557E-05   1.5017620838E-03
   16     -2.3982424125E-03   1.2582094230E-02  -6.2008338548E-07   1.5013906334E-03  -3.3065594974E-05
   17      1.2607705531E-06   1.6726279775E-06   2.1937979735E-02  -1.2606246730E-07  -9.9425872018E-09
                   15                 16                 17        
     0     -1.1836897111E-06   9.8253553822E-02  -2.4201541447E-03
     1     -2.5265286218E-05   2.4201355840E-03   9.8252596003E-02
     2      5.9777153468E-03  -1.8944542341E-07   1.5843171735E-06
     3     -5.3377608505E-07   3.9569949865E-02  -9.7903697153E-04
     4     -5.7659612502E-01  -1.9970739724E-02  -8.1028024935E-01
     5     -2.4743220290E-02  -1.0958807698E-03  -4.4462127182E-02
     6     -4.9962268436E-01  -5.8863641498E-01   3.8250750349E-01
     7      2.8844211166E-01   3.6367451097E-01  -1.8182687999E-01
     8     -2.4759810519E-02  -3.7952071170E-02   2.3168301123E-02
     9      4.9963689392E-01  -6.0674896191E-01  -3.5305860575E-01
    10      2.8845093184E-01  -3.7217301896E-01  -1.6369382675E-01
    11     -2.4763908287E-02   3.9050088736E-02   2.1273523755E-02
    12      7.0249482420E-09  -4.2219702568E-05   1.0359931402E-06
    13      1.4967657793E-08  -1.0455255601E-06  -4.2226607952E-05
    14      1.4658760844E-05   5.0067325972E-10   7.1013775349E-09
    15     -2.4179632634E-08  -5.1078030631E-04   1.2600497260E-05
    16      1.1938762368E-07  -1.2557616833E-05  -5.1089642589E-04
    17      6.3298180175E-05   3.0531166010E-09   2.8125268853E-08

#
# The atoms: label  mass x y z (in bohrs)
#
$atoms
6
 C     12.01100      0.000001049966    -0.000004105340    -3.365788378398
 H      1.00800      0.000000719275     2.034532239564    -3.238376498003
 H      1.00800      1.761961571214    -1.017272796036    -3.238376413228
 H      1.00800     -1.761960139415    -1.017272799929    -3.238377525092
 I    126.90000     -0.000000025092     0.000000433768     1.480428508284
 F     18.99800     -0.000000610338     0.000000406745    -7.245343826114

$actual_temperature
  0.000000

$frequency_scale_factor
  1.000000


$end

