
$orca_hessian_file

$act_atom
  0

$act_coord
  0

$act_energy
      -12.424113

$multiplicity
  1

$hessian
18
                    0                  1                  2                  3                  4        
    0      5.7934596730E-01  -4.3200000000E-07  -1.8606000000E-06  -4.2302051600E-02  -1.3830000000E-06
    1     -4.3200000000E-07   5.7934662530E-01  -8.8684000000E-06  -1.3616000000E-06  -3.2614786640E-01
    2     -1.8606000000E-06  -8.8684000000E-06  -1.6966492100E-02   2.1470000000E-07   1.1907266700E-02
    3     -4.2302051600E-02  -1.3616000000E-06   2.1470000000E-07   4.1673193700E-02   1.5326000000E-06
    4     -1.3830000000E-06  -3.2614786640E-01   1.1907266700E-02   1.5326000000E-06   3.5119660220E-01
    5      1.6030000000E-07   1.0730439500E-02  -8.4592104000E-03  -6.3800000000E-08  -1.1717548000E-02
    6     -2.5517981730E-01   1.2290859590E-01   1.0279469500E-02   1.7180670000E-04  -1.0770380000E-04
    7      1.2290660030E-01  -1.1325917870E-01  -5.9421721000E-03   2.3960795000E-02  -1.3599936200E-02
    8      9.2923694000E-03  -5.3643982000E-03  -8.4589311000E-03  -1.6968600000E-03   1.5816760000E-04
    9     -2.5518205780E-01  -1.2290680120E-01  -1.0277879700E-02   1.7158150000E-04   1.0755580000E-04
   10     -1.2290477910E-01  -1.1325637540E-01  -5.9412866000E-03  -2.3960986600E-02  -1.3599701900E-02
   11     -9.2908347000E-03  -5.3635338000E-03  -8.4588460000E-03   1.6968549000E-03   1.5815100000E-04
   12     -1.2646937200E-02   6.4000000000E-09  -4.8000000000E-09  -2.3690440000E-04  -7.0000000000E-10
   13     -2.2000000000E-09  -1.2647431100E-02  -6.7251000000E-06   3.9900000000E-08   6.7064070000E-04
   14      1.6800000000E-08   3.5730000000E-06   9.3482505000E-03  -8.3900000000E-08  -2.3539410000E-04
   15     -1.4035103400E-02  -7.6000000000E-09   6.1000000000E-08   5.2237400000E-04  -9.0000000000E-10
   16     -4.1000000000E-09  -1.4035773700E-02  -8.2145000000E-06  -1.9200000000E-08   1.4802616000E-03
   17      1.4880000000E-07   2.7879000000E-06   3.2995229200E-02  -6.1900000000E-08  -2.7064320000E-04
                    5                  6                  7                  8                  9        
    0      1.6030000000E-07  -2.5517981730E-01   1.2290660030E-01   9.2923694000E-03  -2.5518205780E-01
    1      1.0730439500E-02   1.2290859590E-01  -1.1325917870E-01  -5.3643982000E-03  -1.2290680120E-01
    2     -8.4592104000E-03   1.0279469500E-02  -5.9421721000E-03  -8.4589311000E-03  -1.0277879700E-02
    3     -6.3800000000E-08   1.7180670000E-04   2.3960795000E-02  -1.6968600000E-03   1.7158150000E-04
    4     -1.1717548000E-02  -1.0770380000E-04  -1.3599936200E-02   1.5816760000E-04   1.0755580000E-04
    5      3.9066001200E-02  -7.0957640000E-04  -1.5491951000E-03  -1.9427360000E-04   7.0955840000E-04
    6     -7.0957640000E-04   2.7382307550E-01  -1.3403061340E-01  -1.0145826900E-02  -2.0494308800E-02
    7     -1.5491951000E-03  -1.3403061340E-01   1.1905470590E-01   5.8581180000E-03  -1.2032108100E-02
    8     -1.9427360000E-04  -1.0145826900E-02   5.8581180000E-03   3.9065910400E-02  -9.8695870000E-04
    9      7.0955840000E-04  -2.0494308800E-02  -1.2032108100E-02  -9.8695870000E-04   2.7382552800E-01
   10     -1.5490397000E-03   1.2032405800E-02   7.0566654000E-03   1.3897410000E-03   1.3402868620E-01
   11     -1.9428430000E-04   9.8710980000E-04   1.3898096000E-03  -1.9429130000E-04   1.0144356900E-02
   12     -6.3000000000E-09   4.4138240000E-04  -3.9157010000E-04   9.4650929000E-03   4.4134200000E-04
   13      1.0929770000E-02  -3.9067490000E-04  -1.1888800000E-05  -5.4644845000E-03   3.9063820000E-04
   14     -1.9714333000E-02  -1.8868270000E-04   1.1230680000E-04  -1.9714432600E-02   1.8853050000E-04
   15     -7.2200000000E-08   1.2378615000E-03  -4.1310370000E-04  -5.9278167000E-03   1.2379150000E-03
   16     -6.8444267000E-03  -4.1200970000E-04   7.5963240000E-04   3.4228562000E-03   4.1202910000E-04
   17     -1.0503899800E-02  -2.2249340000E-04   1.3113290000E-04  -1.0503981700E-02   2.2239270000E-04
                   10                 11                 12                 13                 14        
    0     -1.2290477910E-01  -9.2908347000E-03  -1.2646937200E-02  -2.2000000000E-09   1.6800000000E-08
    1     -1.1325637540E-01  -5.3635338000E-03   6.4000000000E-09  -1.2647431100E-02   3.5730000000E-06
    2     -5.9412866000E-03  -8.4588460000E-03  -4.8000000000E-09  -6.7251000000E-06   9.3482505000E-03
    3     -2.3960986600E-02   1.6968549000E-03  -2.3690440000E-04   3.9900000000E-08  -8.3900000000E-08
    4     -1.3599701900E-02   1.5815100000E-04  -7.0000000000E-10   6.7064070000E-04  -2.3539410000E-04
    5     -1.5490397000E-03  -1.9428430000E-04  -6.3000000000E-09   1.0929770000E-02  -1.9714333000E-02
    6      1.2032405800E-02   9.8710980000E-04   4.4138240000E-04  -3.9067490000E-04  -1.8868270000E-04
    7      7.0566654000E-03   1.3898096000E-03  -3.9157010000E-04  -1.1888800000E-05   1.1230680000E-04
    8      1.3897410000E-03  -1.9429130000E-04   9.4650929000E-03  -5.4644845000E-03  -1.9714432600E-02
    9      1.3402868620E-01   1.0144356900E-02   4.4134200000E-04   3.9063820000E-04   1.8853050000E-04
   10      1.1905169460E-01   5.8571323000E-03   3.9157060000E-04  -1.1897700000E-05   1.1231170000E-04
   11      5.8571323000E-03   3.9065861500E-02  -9.4652872000E-03  -5.4643792000E-03  -1.9714364500E-02
   12      3.9157060000E-04  -9.4652872000E-03   9.3268657000E-03  -2.2000000000E-09   2.3770000000E-07
   13     -1.1897700000E-05  -5.4643792000E-03  -2.2000000000E-09   9.3266288000E-03   3.3266000000E-06
   14      1.1231170000E-04  -1.9714364500E-02   2.3770000000E-07   3.3266000000E-06   6.6873833700E-02
   15      4.1310310000E-04   5.9278003000E-03   2.6742515000E-03   1.2000000000E-09  -1.8400000000E-08
   16      7.5961500000E-04   3.4228201000E-03  -4.0000000000E-09   2.6739482000E-03   3.8761000000E-06
   17      1.3114140000E-04  -1.0504075300E-02  -3.2300000000E-08   2.4922000000E-06  -1.7078954000E-02
                   15                 16                 17        
     0     -1.4035103400E-02  -4.1000000000E-09   1.4880000000E-07
     1     -7.6000000000E-09  -1.4035773700E-02   2.7879000000E-06
     2      6.1000000000E-08  -8.2145000000E-06   3.2995229200E-02
     3      5.2237400000E-04  -1.9200000000E-08  -6.1900000000E-08
     4     -9.0000000000E-10   1.4802616000E-03  -2.7064320000E-04
     5     -7.2200000000E-08  -6.8444267000E-03  -1.0503899800E-02
     6      1.2378615000E-03  -4.1200970000E-04  -2.2249340000E-04
     7     -4.1310370000E-04   7.5963240000E-04   1.3113290000E-04
     8     -5.9278167000E-03   3.4228562000E-03  -1.0503981700E-02
     9      1.2379150000E-03   4.1202910000E-04   2.2239270000E-04
    10      4.1310310000E-04   7.5961500000E-04   1.3114140000E-04
    11      5.9278003000E-03   3.4228201000E-03  -1.0504075300E-02
    12      2.6742515000E-03  -4.0000000000E-09  -3.2300000000E-08
    13      1.2000000000E-09   2.6739482000E-03   2.4922000000E-06
    14     -1.8400000000E-08   3.8761000000E-06  -1.7078954000E-02
    15      8.3627015000E-03   7.9000000000E-09   4.6000000000E-08
    16      7.9000000000E-09   8.3623166000E-03   3.0888000000E-06
    17      4.6000000000E-08   3.0888000000E-06   1.5595681600E-02

$vibrational_frequencies
18
    0        0.0000000000000000
    1        0.0000000000000000
    2        0.0000000000000000
    3        0.0000000000000000
    4        0.0000000000000000
    5        0.0000000000000000
    6     -276.4728716412502081
    7      205.4762268118682016
    8      221.3498648850650454
    9      221.3559335085661246
   10     1006.6640788198125165
   11     1006.6646140530151570
   12     1016.5268975047063122
   13     1348.8920027706687961
   14     1348.9039627410015783
   15     3093.7988882683753218
   16     3178.8195031276850386
   17     3178.8448625515325148

$normal_modes
18 18
                    0                  1                  2                  3                  4        
    0      0.0000000000E+00   0.0000000000E+00   0.0000000000E+00   0.0000000000E+00   0.0000000000E+00
    1      0.0000000000E+00   0.0000000000E+00   0.0000000000E+00   0.0000000000E+00   0.0000000000E+00
    2      0.0000000000E+00   0.0000000000E+00   0.0000000000E+00   0.0000000000E+00   0.0000000000E+00
    3      0.0000000000E+00   0.0000000000E+00   0.0000000000E+00   0.0000000000E+00   0.0000000000E+00
    4      0.0000000000E+00   0.0000000000E+00   0.0000000000E+00   0.0000000000E+00   0.0000000000E+00
    5      0.0000000000E+00   0.0000000000E+00   0.0000000000E+00   0.0000000000E+00   0.0000000000E+00
    6      0.0000000000E+00   0.0000000000E+00   0.0000000000E+00   0.0000000000E+00   0.0000000000E+00
    7      0.0000000000E+00   0.0000000000E+00   0.0000000000E+00   0.0000000000E+00   0.0000000000E+00
    8      0.0000000000E+00   0.0000000000E+00   0.0000000000E+00   0.0000000000E+00   0.0000000000E+00
    9      0.0000000000E+00   0.0000000000E+00   0.0000000000E+00   0.0000000000E+00   0.0000000000E+00
   10      0.0000000000E+00   0.0000000000E+00   0.0000000000E+00   0.0000000000E+00   0.0000000000E+00
   11      0.0000000000E+00   0.0000000000E+00   0.0000000000E+00   0.0000000000E+00   0.0000000000E+00
   12      0.0000000000E+00   0.0000000000E+00   0.0000000000E+00   0.0000000000E+00   0.0000000000E+00
   13      0.0000000000E+00   0.0000000000E+00   0.0000000000E+00   0.0000000000E+00   0.0000000000E+00
   14      0.0000000000E+00   0.0000000000E+00   0.0000000000E+00   0.0000000000E+00   0.0000000000E+00
   15      0.0000000000E+00   0.0000000000E+00   0.0000000000E+00   0.0000000000E+00   0.0000000000E+00
   16      0.0000000000E+00   0.0000000000E+00   0.0000000000E+00   0.0000000000E+00   0.0000000000E+00
   17      0.0000000000E+00   0.0000000000E+00   0.0000000000E+00   0.0000000000E+00   0.0000000000E+00
                    5                  6                  7                  8                  9        
    0      0.0000000000E+00  -6.2691729895E-07   1.3139603358E-05   3.0585640945E-03   4.7674596089E-01
    1      0.0000000000E+00   2.3198419330E-04   9.5037742846E-04  -4.7674813367E-01   3.0585522863E-03
    2      0.0000000000E+00  -9.0704932737E-01  -4.7880278278E-01  -3.8232342242E-04   5.8838791010E-06
    3      0.0000000000E+00   2.8324184795E-06   1.4671832862E-05   3.2039067997E-03   4.9962359329E-01
    4      0.0000000000E+00   2.7999578832E-02   8.8406294997E-03  -4.8555868786E-01   3.1148864352E-03
    5      0.0000000000E+00  -6.2248464325E-02  -2.3464917127E-01  -2.6464336622E-02   1.7008992319E-04
    6      0.0000000000E+00   2.3917927614E-02   6.8137492717E-03  -2.9458196241E-03   4.8910699412E-01
    7      0.0000000000E+00  -1.3684582155E-02  -2.9583223702E-03  -4.9605882248E-01   9.2707996985E-03
    8      0.0000000000E+00  -6.2271392439E-02  -2.3472802733E-01   1.3163967363E-02   2.2710897147E-02
    9      0.0000000000E+00  -2.3913220293E-02  -6.7850860016E-03   9.2224596539E-03   4.8902885228E-01
   10      0.0000000000E+00  -1.3685132597E-02  -2.9587049090E-03  -4.9613946457E-01  -2.9051998603E-03
   11      0.0000000000E+00  -6.2271718677E-02  -2.3473162519E-01   1.2870551732E-02  -2.2877215978E-02
   12      0.0000000000E+00  -1.3071159005E-08  -7.1664615416E-07  -1.6588297255E-04  -2.5856838463E-02
   13      0.0000000000E+00  -1.2225359631E-05  -5.1442103414E-05   2.5856921685E-02  -1.6588384472E-04
   14      0.0000000000E+00   2.6967116331E-02   1.6474496935E-01   8.6943134148E-05  -1.7012241959E-06
   15      0.0000000000E+00   8.3618074593E-08  -5.8195158782E-06  -1.3286796150E-03  -2.0710308719E-01
   16      0.0000000000E+00  -9.8424413165E-05  -4.1235769072E-04   2.0710377421E-01  -1.3286631109E-03
   17      0.0000000000E+00   4.0323867337E-01  -7.6036923320E-01  -3.1623018365E-04   7.4435634025E-06
                   10                 11                 12                 13                 14        
    0     -1.7809389786E-02   1.3862746624E-02  -9.6810055423E-07  -2.6289189946E-03  -9.6661032263E-02
    1      1.3863014450E-02   1.7809696839E-02   1.9878464537E-06  -9.6660505274E-02   2.6289030832E-03
    2     -1.9721310849E-06  -3.6414812440E-07   3.0412069438E-02  -1.2937366074E-05   7.0941183502E-07
    3      5.6021671716E-02  -4.3608635756E-02   1.7532595021E-06   2.1894592014E-02   8.0520382310E-01
    4     -7.5582253677E-03  -9.7111788721E-03  -2.1296879551E-02  -5.8528512894E-02   1.5874351730E-03
    5     -4.9936163589E-01  -6.4157643453E-01  -5.7653973526E-01  -9.0330719559E-02   2.4536187510E-03
    6      5.6825741560E-03  -3.6625135703E-02  -1.8419855668E-02   3.7827724480E-01   1.4723696527E-01
    7     -1.4543775693E-02  -6.0056752559E-02   1.0666259081E-02   5.9944677404E-01   3.5798217449E-01
    8      8.0538611571E-01  -1.1168882460E-01  -5.7641264292E-01   4.3071715692E-02  -7.9476963611E-02
    9      3.6894646665E-02   3.4841636718E-03   1.8418921571E-02  -3.6971038382E-01   1.6757292469E-01
   10     -5.4650219687E-02  -2.8835610785E-02   1.0663695300E-02   5.7911092298E-01  -3.9003125274E-01
   11     -3.0588429629E-01   7.5331181159E-01  -5.7648115952E-01   4.7329989836E-02   7.7018076593E-02
   12      2.2049916014E-03  -1.7163413336E-03   1.4818997262E-07  -1.8666102988E-06  -6.8485233329E-05
   13     -1.7163433868E-03  -2.2049869573E-03  -3.7236587619E-07  -6.8568589954E-05   1.8585206342E-06
   14     -5.9536442559E-07  -1.9893330575E-07   6.9340208763E-03   3.6500750496E-07  -1.2220021313E-08
   15     -8.7005230645E-03   6.7723902612E-03  -4.2126368621E-07   5.8304783224E-05   2.1429946230E-03
   16      6.7723732888E-03   8.7005446206E-03  -5.2438269285E-07   2.1423973740E-03  -5.8230602263E-05
   17     -2.2142324724E-06  -9.1096187475E-07   2.6216569680E-02   1.9748075693E-06  -8.7357180657E-08
                   15                 16                 17        
     0     -1.4191853232E-06  -9.8297323241E-02   3.8909977769E-03
     1      3.3694608479E-05  -3.8909801311E-03  -9.8296851090E-02
     2     -4.8280577620E-03   5.8448548402E-07   4.8316962719E-06
     3     -4.4751547676E-07  -3.8271613639E-02   1.5191551422E-03
     4     -5.7723745706E-01   3.2085280116E-02   8.1022321303E-01
     5      2.0283039494E-02  -1.2087380962E-03  -3.0527237284E-02
     6     -4.9956975524E-01   5.8369903873E-01  -3.9135483811E-01
     7      2.8842507210E-01  -3.6061483329E-01   1.8854531598E-01
     8      2.0267506772E-02  -2.5834919129E-02   1.6313184667E-02
     9      4.9958667091E-01   6.1279932505E-01   3.4398829743E-01
    10      2.8843535520E-01   3.7437605189E-01   1.5944381796E-01
    11      2.0265045256E-02   2.7039148416E-02   1.4217598837E-02
    12      7.0184016695E-09   3.2339661111E-05  -1.2749297580E-06
    13     -8.0515836696E-08   1.2854164211E-06   3.2366240367E-05
    14     -1.8608347034E-05  -1.0794879089E-08  -2.7439360070E-07
    15     -2.3407866895E-08   4.7650712250E-04  -1.8887308549E-05
    16     -7.6021066110E-07   1.8853158620E-05   4.7679528343E-04
    17     -5.0053439117E-05  -5.8190588806E-08  -1.4100192530E-06

#
# The atoms: label  mass x y z (in bohrs)
#
$atoms
6
 C     12.01100      0.000000972638    -0.000002777786    -3.236389351292
 H      1.00800      0.000000619623     2.024276438809    -3.302197337030
 H      1.00800      1.753078476856    -1.012142790915    -3.302196940922
 H      1.00800     -1.753077204579    -1.012142771838    -3.302197980496
 I    126.90000     -0.000000021998     0.000000303430     1.463047784020
 F     18.99800     -0.000000568368     0.000000213476    -7.200897267991

$actual_temperature
  0.000000

$frequency_scale_factor
  1.000000


$end

