
$orca_hessian_file

$act_atom
  0

$act_coord
  0

$act_energy
      -12.415663

$multiplicity
  1

$hessian
18
                    0                  1                  2                  3                  4        
    0      4.8599488610E-01  -1.8889900000E-05  -4.0304400000E-05  -3.8467063300E-02  -7.6197400000E-05
    1     -1.8889900000E-05   4.5194807510E-01  -6.9745472200E-02  -7.6093900000E-05  -1.8604469160E-01
    2     -4.0304400000E-05  -6.9745472200E-02   2.4354719730E-01   6.0173800000E-05   1.1490635820E-01
    3     -3.8467063300E-02  -7.6093900000E-05   6.0173800000E-05   4.5994773900E-02   8.6481100000E-05
    4     -7.6197400000E-05  -1.8604469160E-01   1.1490635820E-01   8.6481100000E-05   2.1303673970E-01
    5      6.3020400000E-05   1.2284407540E-01  -1.0109011050E-01  -6.3935000000E-05  -1.2519330030E-01
    6     -2.1581688290E-01   1.1666468720E-01   2.7331587500E-02  -1.7894374000E-03   1.8672582000E-03
    7      1.2326274220E-01  -1.2342477950E-01  -1.5669554900E-02   2.1323661400E-02  -1.4375569600E-02
    8      3.1457891600E-02  -1.8638371100E-02  -4.0200821300E-02  -1.3508333200E-02   9.4818642000E-03
    9     -2.1607088210E-01  -1.1656753540E-01  -2.7343513000E-02  -1.8141520000E-03  -1.8802909000E-03
   10     -1.2316547680E-01  -1.2317213810E-01  -1.5638165500E-02  -2.1337242600E-02  -1.4351092700E-02
   11     -3.1473327800E-02  -1.8602008500E-02  -4.0195066900E-02   1.3518875900E-02   9.4674975000E-03
   12     -1.5564500100E-02  -2.7147000000E-06  -5.5335000000E-06  -5.8888720000E-04   2.8188000000E-06
   13     -2.4217000000E-06  -2.0174378200E-02  -8.2739182000E-03   2.8607000000E-06   4.9476180000E-03
   14     -9.3121000000E-06  -1.8538667800E-02  -4.6292410800E-02  -4.4363000000E-06  -5.8613939000E-03
   15     -7.5557700000E-05   5.4670000000E-07  -2.4103000000E-06  -3.3352340000E-03  -6.9900000000E-08
   16      2.4360000000E-07   8.6791240000E-04  -5.5792475000E-03   3.3340000000E-07  -3.2130037000E-03
   17      2.0324000000E-06   2.6804442000E-03  -1.5768787800E-02  -2.3452000000E-06  -2.8010257000E-03
                    5                  6                  7                  8                  9        
    0      6.3020400000E-05  -2.1581688290E-01   1.2326274220E-01   3.1457891600E-02  -2.1607088210E-01
    1      1.2284407540E-01   1.1666468720E-01  -1.2342477950E-01  -1.8638371100E-02  -1.1656753540E-01
    2     -1.0109011050E-01   2.7331587500E-02  -1.5669554900E-02  -4.0200821300E-02  -2.7343513000E-02
    3     -6.3935000000E-05  -1.7894374000E-03   2.1323661400E-02  -1.3508333200E-02  -1.8141520000E-03
    4     -1.2519330030E-01   1.8672582000E-03  -1.4375569600E-02   9.4818642000E-03  -1.8802909000E-03
    5      1.1323702500E-01  -1.8216700000E-04  -3.3880530000E-03   5.2954483000E-03   1.7903400000E-04
    6     -1.8216700000E-04   2.4229778520E-01  -1.3167527740E-01  -2.8669970300E-02  -2.7058066800E-02
    7     -3.3880530000E-03  -1.3167527740E-01   1.3026814220E-01   1.9257613000E-02  -1.4676249600E-02
    8      5.2954483000E-03  -2.8669970300E-02   1.9257613000E-02   4.8132644700E-02  -2.2446049000E-03
    9      1.7903400000E-04  -2.7058066800E-02  -1.4676249600E-02  -2.2446049000E-03   2.4257657210E-01
   10     -3.3882693000E-03   1.4714789400E-02   9.5283058000E-03   2.5909360000E-03   1.3155751020E-01
   11      5.2968010000E-03   2.2481431000E-03   2.5891574000E-03   1.9877394000E-03   2.8685314000E-02
   12      6.0640000000E-07   1.8031646000E-03   2.7432745000E-03   1.2890279600E-02   1.8010786000E-03
   13      2.4097131000E-03  -9.1838320000E-04  -2.5903743000E-03  -1.2304618900E-02   9.1341790000E-04
   14     -1.9227121600E-02  -4.3945270000E-04  -3.9821979000E-03  -1.4451687900E-02   4.3464920000E-04
   15      3.4413000000E-06   5.6343730000E-04  -9.7815110000E-04   7.4737300000E-05   5.6545030000E-04
   16      6.7158340000E-03  -6.5307410000E-04   5.9427540000E-04  -3.8742320000E-04   6.5314770000E-04
   17     -3.5120423000E-03  -2.8814040000E-04   1.1930353000E-03  -7.6332320000E-04   2.8912080000E-04
                   10                 11                 12                 13                 14        
    0     -1.2316547680E-01  -3.1473327800E-02  -1.5564500100E-02  -2.4217000000E-06  -9.3121000000E-06
    1     -1.2317213810E-01  -1.8602008500E-02  -2.7147000000E-06  -2.0174378200E-02  -1.8538667800E-02
    2     -1.5638165500E-02  -4.0195066900E-02  -5.5335000000E-06  -8.2739182000E-03  -4.6292410800E-02
    3     -2.1337242600E-02   1.3518875900E-02  -5.8888720000E-04   2.8607000000E-06  -4.4363000000E-06
    4     -1.4351092700E-02   9.4674975000E-03   2.8188000000E-06   4.9476180000E-03  -5.8613939000E-03
    5     -3.3882693000E-03   5.2968010000E-03   6.0640000000E-07   2.4097131000E-03  -1.9227121600E-02
    6      1.4714789400E-02   2.2481431000E-03   1.8031646000E-03  -9.1838320000E-04  -4.3945270000E-04
    7      9.5283058000E-03   2.5891574000E-03   2.7432745000E-03  -2.5903743000E-03  -3.9821979000E-03
    8      2.5909360000E-03   1.9877394000E-03   1.2890279600E-02  -1.2304618900E-02  -1.4451687900E-02
    9      1.3155751020E-01   2.8685314000E-02   1.8010786000E-03   9.1341790000E-04   4.3464920000E-04
   10      1.2999081820E-01   1.9224093900E-02  -2.7479786000E-03  -2.5883303000E-03  -3.9818038000E-03
   11      1.9224093900E-02   4.8131538200E-02  -1.2903754900E-02  -1.2291899200E-02  -1.4455805000E-02
   12     -2.7479786000E-03  -1.2903754900E-02   1.1753234800E-02   4.4424000000E-06   1.6917100000E-05
   13     -2.5883303000E-03  -1.2291899200E-02   4.4424000000E-06   1.9219163900E-02   2.8258682300E-02
   14     -3.9818038000E-03  -1.4455805000E-02   1.6917100000E-05   2.8258682300E-02   9.8093099100E-02
   15      9.7839830000E-04  -7.5250400000E-05   7.9590940000E-04   8.4000000000E-08   1.6349000000E-06
   16      5.9243710000E-04  -3.8684120000E-04   1.5760000000E-07   1.1863009000E-03   4.1053811000E-03
   17      1.1932086000E-03  -7.6520680000E-04   1.4853000000E-06   2.2020408000E-03  -3.6660737000E-03
                   15                 16                 17        
     0     -7.5557700000E-05   2.4360000000E-07   2.0324000000E-06
     1      5.4670000000E-07   8.6791240000E-04   2.6804442000E-03
     2     -2.4103000000E-06  -5.5792475000E-03  -1.5768787800E-02
     3     -3.3352340000E-03   3.3340000000E-07  -2.3452000000E-06
     4     -6.9900000000E-08  -3.2130037000E-03  -2.8010257000E-03
     5      3.4413000000E-06   6.7158340000E-03  -3.5120423000E-03
     6      5.6343730000E-04  -6.5307410000E-04  -2.8814040000E-04
     7     -9.7815110000E-04   5.9427540000E-04   1.1930353000E-03
     8      7.4737300000E-05  -3.8742320000E-04  -7.6332320000E-04
     9      5.6545030000E-04   6.5314770000E-04   2.8912080000E-04
    10      9.7839830000E-04   5.9243710000E-04   1.1932086000E-03
    11     -7.5250400000E-05  -3.8684120000E-04  -7.6520680000E-04
    12      7.9590940000E-04   1.5760000000E-07   1.4853000000E-06
    13      8.4000000000E-08   1.1863009000E-03   2.2020408000E-03
    14      1.6349000000E-06   4.1053811000E-03  -3.6660737000E-03
    15      1.4859946000E-03  -8.0820000000E-07  -2.1528000000E-06
    16     -8.0820000000E-07  -2.7922200000E-05  -4.4677033000E-03
    17     -2.1528000000E-06  -4.4677033000E-03   2.4475433800E-02

$vibrational_frequencies
18
    0        0.0000000000000000
    1        0.0000000000000000
    2        0.0000000000000000
    3        0.0000000000000000
    4        0.0000000000000000
    5        0.0000000000000000
    6     -116.9015326708392166
    7      188.5363537075155023
    8      188.6407331571044494
    9      470.0038642752821261
   10      731.0405889625169493
   11      917.9153324681991535
   12     1256.6011312579114474
   13     1412.8710965888185456
   14     1444.0885156372514757
   15     2893.0818238111605751
   16     3061.0452614927207833
   17     3069.6026955348015690

$normal_modes
18 18
                    0                  1                  2                  3                  4        
    0      0.0000000000E+00   0.0000000000E+00   0.0000000000E+00   0.0000000000E+00   0.0000000000E+00
    1      0.0000000000E+00   0.0000000000E+00   0.0000000000E+00   0.0000000000E+00   0.0000000000E+00
    2      0.0000000000E+00   0.0000000000E+00   0.0000000000E+00   0.0000000000E+00   0.0000000000E+00
    3      0.0000000000E+00   0.0000000000E+00   0.0000000000E+00   0.0000000000E+00   0.0000000000E+00
    4      0.0000000000E+00   0.0000000000E+00   0.0000000000E+00   0.0000000000E+00   0.0000000000E+00
    5      0.0000000000E+00   0.0000000000E+00   0.0000000000E+00   0.0000000000E+00   0.0000000000E+00
    6      0.0000000000E+00   0.0000000000E+00   0.0000000000E+00   0.0000000000E+00   0.0000000000E+00
    7      0.0000000000E+00   0.0000000000E+00   0.0000000000E+00   0.0000000000E+00   0.0000000000E+00
    8      0.0000000000E+00   0.0000000000E+00   0.0000000000E+00   0.0000000000E+00   0.0000000000E+00
    9      0.0000000000E+00   0.0000000000E+00   0.0000000000E+00   0.0000000000E+00   0.0000000000E+00
   10      0.0000000000E+00   0.0000000000E+00   0.0000000000E+00   0.0000000000E+00   0.0000000000E+00
   11      0.0000000000E+00   0.0000000000E+00   0.0000000000E+00   0.0000000000E+00   0.0000000000E+00
   12      0.0000000000E+00   0.0000000000E+00   0.0000000000E+00   0.0000000000E+00   0.0000000000E+00
   13      0.0000000000E+00   0.0000000000E+00   0.0000000000E+00   0.0000000000E+00   0.0000000000E+00
   14      0.0000000000E+00   0.0000000000E+00   0.0000000000E+00   0.0000000000E+00   0.0000000000E+00
   15      0.0000000000E+00   0.0000000000E+00   0.0000000000E+00   0.0000000000E+00   0.0000000000E+00
   16      0.0000000000E+00   0.0000000000E+00   0.0000000000E+00   0.0000000000E+00   0.0000000000E+00
   17      0.0000000000E+00   0.0000000000E+00   0.0000000000E+00   0.0000000000E+00   0.0000000000E+00
                    5                  6                  7                  8                  9        
    0      0.0000000000E+00   1.8133489410E-04  -4.8016696841E-03  -1.4484638147E-01   1.0465155445E-04
    1      0.0000000000E+00   3.5717838175E-01   1.6867064369E-01  -4.0809237691E-04   2.1288540841E-01
    2      0.0000000000E+00  -1.2399932484E-01  -1.8620696093E-02   4.8127381667E-05   5.8346469740E-01
    3      0.0000000000E+00   2.7614745793E-04  -2.2152876212E-02  -6.6140485611E-01  -2.8546415605E-05
    4      0.0000000000E+00   5.6151989488E-01   3.1830851839E-01  -5.5721696545E-04   1.8674783667E-02
    5      0.0000000000E+00   1.8291739888E-01   1.9303153219E-01  -5.4115518731E-04   2.8632065458E-01
    6      0.0000000000E+00   5.7609561071E-03   3.5652399756E-03   1.4206214954E-01  -3.1770519076E-02
    7      0.0000000000E+00   4.0987430076E-01   2.1392186315E-01   4.6620304186E-01   1.6920961627E-01
    8      0.0000000000E+00  -2.6520131575E-01  -1.5361339458E-01  -1.7536382358E-01   4.8162287038E-01
    9      0.0000000000E+00  -5.3314477159E-03   6.2124177547E-03   1.4156521652E-01   3.1984306924E-02
   10      0.0000000000E+00   4.0985381504E-01   1.8239982605E-01  -4.6748858388E-01   1.6911439793E-01
   11      0.0000000000E+00  -2.6518355672E-01  -1.4172878327E-01   1.7619194569E-01   4.8153992652E-01
   12      0.0000000000E+00  -1.0682172955E-05   2.5902839663E-04   7.7435287441E-03  -1.1132119270E-05
   13      0.0000000000E+00  -2.1317839309E-02  -2.3177417539E-03   3.0368913171E-06  -2.1797533786E-02
   14      0.0000000000E+00   2.5999489647E-02  -1.2070517607E-01   3.4141752106E-04  -5.4211249514E-02
   15      0.0000000000E+00  -8.0732011842E-05   1.9621208165E-03   5.9895557436E-02  -1.6331850358E-06
   16      0.0000000000E+00  -1.5670774448E-01  -1.2907300358E-01   3.3549410940E-04  -7.9331714549E-03
   17      0.0000000000E+00  -7.6836094968E-02   8.2346926810E-01  -2.3262029722E-03  -7.3063808625E-02
                   10                 11                 12                 13                 14        
    0     -5.9849489543E-05  -9.9183267234E-02   2.4440776534E-06  -6.7850431390E-02  -3.8416678540E-05
    1     -1.1291535248E-01   5.3499741370E-05   7.9702140617E-03   3.1580810512E-05  -7.6786549699E-02
    2      4.1754396455E-02  -7.2296906367E-06   1.0125099509E-01   1.1143702521E-06   8.3160623271E-03
    3      2.2283231505E-04   3.0625432173E-01  -1.1791599051E-04   7.6306719315E-01  -1.0575662697E-04
    4      4.1769962587E-01  -1.7447589435E-04  -2.7602980776E-01  -3.8341618967E-04  -1.5399810804E-01
    5      7.9352686848E-01  -3.1161018218E-05  -3.5267238806E-01   1.6762207807E-05  -1.5641067519E-01
    6      4.0437218679E-02   1.6030168588E-01  -9.4008135973E-02   8.9454027322E-02   3.9632835292E-01
    7      5.4879635110E-02   2.1342666968E-01  -6.1923103628E-05   2.5318967426E-01   5.6161384828E-01
    8     -2.9302801663E-01   6.1394087379E-01  -6.2107625038E-01  -3.6667037895E-01   2.0740212285E-02
    9     -4.0380050988E-02   1.6006367510E-01   9.4000294015E-02   8.9165675726E-02  -3.9574140640E-01
   10      5.4920606256E-02  -2.1360067480E-01  -1.8514286848E-04  -2.5324670902E-01   5.6204617117E-01
   11     -2.9308205878E-01  -6.1394513403E-01  -6.2104012035E-01   3.6671666046E-01   2.0729218873E-02
   12      2.6914594657E-06   4.6963743430E-03   8.4723655294E-07  -7.4583472554E-04  -1.7792812533E-07
   13      4.9621201554E-03  -2.3635861354E-06   1.6284793639E-03   2.8786207921E-07  -3.8044368702E-04
   14     -3.7754452868E-03   7.2401958146E-07   2.8906211276E-03  -4.2857913268E-07  -4.9208066015E-05
   15      5.0040007976E-06  -1.9113760161E-03  -5.3195722025E-07  -2.0856107625E-03  -5.4616627202E-08
   16      1.0254415450E-02   4.5386587314E-07  -1.2578789164E-03   1.4805637911E-06  -3.6096717459E-04
   17     -1.2184660298E-02   1.6139783684E-06   1.2949545103E-03  -1.1867604301E-06   1.1696522240E-03
                   15                 16                 17        
     0      2.9609646639E-05  -3.3543989278E-05  -9.1955604162E-02
     1      5.7622903530E-02  -6.5555913522E-02   4.7401592395E-05
     2     -4.4756904667E-02  -8.2245132004E-03   1.0103240315E-06
     3     -4.2277775706E-04   2.8290221878E-05  -4.3110053308E-02
     4     -8.2030735557E-01   5.6768634466E-02   2.2255892975E-05
     5      5.5266387263E-01  -6.4284037400E-02   6.0022760163E-07
     6     -6.5729809367E-02  -5.9589450812E-01   5.6827010280E-01
     7      6.1903161734E-02   3.6361308286E-01  -4.0578465625E-01
     8     -3.8195736514E-03   8.2777871575E-02  -8.5049230242E-02
     9      6.5792568969E-02   5.9625818080E-01   5.6872043417E-01
    10      6.1831466532E-02   3.6297349649E-01   4.0519850159E-01
    11     -3.8180063352E-03   8.2759493112E-02   8.5037677506E-02
    12     -4.3900103700E-08   2.8704451583E-08  -2.0212830284E-05
    13     -9.0267931623E-05  -2.9117559297E-05   1.2273018703E-08
    14     -1.2813741589E-04  -5.0482994296E-05  -5.4865025630E-09
    15      6.7521622354E-07   2.1874136031E-07   2.3224772233E-04
    16      1.1312567297E-03   7.7115488683E-05  -1.3096227646E-07
    17      2.3419923406E-04   1.6462607225E-04  -2.0983067745E-08

#
# The atoms: label  mass x y z (in bohrs)
#
$atoms
6
 C     12.01100     -0.000576793931    -1.059710102224    -2.602847208283
 H      1.00800      0.000246237214     0.541007966145    -3.897664378838
 H      1.00800      1.675851443354    -2.199996820989    -2.875821369122
 H      1.00800     -1.678198764983    -2.198247264231    -2.875790398859
 I    126.90000      0.000034406367     0.040964273104     1.413405544129
 F     18.99800      0.000246320511     0.601005673698    -7.283498019546

$actual_temperature
  0.000000

$frequency_scale_factor
  1.000000


$end

