
$orca_hessian_file

$act_atom
  0

$act_coord
  0

$act_energy
      -12.422752

$multiplicity
  1

$hessian
18
                    0                  1                  2                  3                  4        
    0      5.7815576660E-01  -1.6780000000E-07  -1.7601000000E-06  -4.2384165700E-02  -1.4549000000E-06
    1     -1.6780000000E-07   5.7815895320E-01   2.1880000000E-07  -1.4541000000E-06  -3.2496109610E-01
    2     -1.7601000000E-06   2.1880000000E-07  -1.9235404900E-02   1.1480000000E-07  -4.2156729000E-03
    3     -4.2384165700E-02  -1.4541000000E-06   1.1480000000E-07   4.1672697700E-02   1.6028000000E-06
    4     -1.4549000000E-06  -3.2496109610E-01  -4.2156729000E-03   1.6028000000E-06   3.4994425190E-01
    5      6.6200000000E-08  -7.6505383000E-03  -8.0255073000E-03   1.9400000000E-08   4.7438096000E-03
    6     -2.5430727550E-01   1.2235617300E-01  -3.6502671000E-03   2.0604870000E-04  -1.1844530000E-04
    7      1.2235562660E-01  -1.1302252280E-01   2.1074612000E-03   2.3940764300E-02  -1.3549827700E-02
    8     -6.6248566000E-03   3.8248424000E-03  -8.0260937000E-03  -6.4310690000E-04  -4.3324410000E-04
    9     -2.5430963480E-01  -1.2235455050E-01   3.6518102000E-03   2.0580800000E-04   1.1829410000E-04
   10     -1.2235400340E-01  -1.1301985810E-01   2.1081431000E-03  -2.3940928200E-02  -1.3549592100E-02
   11      6.6263760000E-03   3.8254769000E-03  -8.0261396000E-03   6.4309280000E-04  -4.3325020000E-04
   12     -1.1775293400E-02   6.4000000000E-09  -6.0000000000E-10  -3.6348080000E-04   8.0000000000E-10
   13      9.0000000000E-10  -1.1775636500E-02   1.3810000000E-07   3.5400000000E-08   3.1945320000E-04
   14      1.7800000000E-08   1.3310000000E-07   1.0364110300E-02  -7.0600000000E-08   2.3692090000E-04
   15     -1.5379397100E-02  -7.0000000000E-09   1.0280000000E-07   6.6309200000E-04   2.5000000000E-09
   16     -1.4000000000E-09  -1.5379839700E-02  -2.8830000000E-07  -2.0100000000E-08   1.7968107000E-03
   17      1.5680000000E-07  -1.3280000000E-07   3.2949035300E-02  -4.9400000000E-08   1.0143680000E-04
                    5                  6                  7                  8                  9        
    0      6.6200000000E-08  -2.5430727550E-01   1.2235562660E-01  -6.6248566000E-03  -2.5430963480E-01
    1     -7.6505383000E-03   1.2235617300E-01  -1.1302252280E-01   3.8248424000E-03  -1.2235455050E-01
    2     -8.0255073000E-03  -3.6502671000E-03   2.1074612000E-03  -8.0260937000E-03   3.6518102000E-03
    3      1.9400000000E-08   2.0604870000E-04   2.3940764300E-02  -6.4310690000E-04   2.0580800000E-04
    4      4.7438096000E-03  -1.1844530000E-04  -1.3549827700E-02  -4.3324410000E-04   1.1829410000E-04
    5      3.8083825500E-02  -6.9674930000E-04  -3.4038210000E-04  -3.9271790000E-04   6.9674190000E-04
    6     -6.9674930000E-04   2.7286707910E-01  -1.3348065290E-01   4.1075514000E-03  -2.0427241100E-02
    7     -3.4038210000E-04  -1.3348065290E-01   1.1873761810E-01  -2.3713404000E-03  -1.2029616700E-02
    8     -3.9271790000E-04   4.1075514000E-03  -2.3713404000E-03   3.8083561000E-02   5.3740900000E-05
    9      6.9674190000E-04  -2.0427241100E-02  -1.2029616700E-02   5.3740900000E-05   2.7286967150E-01
   10     -3.4023050000E-04   1.2029910800E-02   7.0814923000E-03   7.7363330000E-04   1.3347890430E-01
   11     -3.9272490000E-04  -5.3602000000E-05   7.7370980000E-04  -3.9264770000E-04  -4.1090037000E-03
   12     -6.1000000000E-09   1.4842490000E-04  -2.9546860000E-04   9.1271035000E-03   1.4838360000E-04
   13      1.0539156800E-02  -2.9589150000E-04  -1.9300670000E-04  -5.2698086000E-03   2.9585760000E-04
   14     -1.9961924400E-02   2.0520150000E-04  -1.1866690000E-04  -1.9961377800E-02  -2.0533730000E-04
   15     -7.2000000000E-08   1.5129639000E-03  -4.9065260000E-04  -6.0204324000E-03   1.5130127000E-03
   16     -6.9518154000E-03  -4.9109410000E-04   9.4624680000E-04   3.4759173000E-03   4.9111110000E-04
   17     -9.3109510000E-03   8.7865400000E-05  -5.0781600000E-05  -9.3107240000E-03  -8.7952000000E-05
                   10                 11                 12                 13                 14        
    0     -1.2235400340E-01   6.6263760000E-03  -1.1775293400E-02   9.0000000000E-10   1.7800000000E-08
    1     -1.1301985810E-01   3.8254769000E-03   6.4000000000E-09  -1.1775636500E-02   1.3310000000E-07
    2      2.1081431000E-03  -8.0261396000E-03  -6.0000000000E-10   1.3810000000E-07   1.0364110300E-02
    3     -2.3940928200E-02   6.4309280000E-04  -3.6348080000E-04   3.5400000000E-08  -7.0600000000E-08
    4     -1.3549592100E-02  -4.3325020000E-04   8.0000000000E-10   3.1945320000E-04   2.3692090000E-04
    5     -3.4023050000E-04  -3.9272490000E-04  -6.1000000000E-09   1.0539156800E-02  -1.9961924400E-02
    6      1.2029910800E-02  -5.3602000000E-05   1.4842490000E-04  -2.9589150000E-04   2.0520150000E-04
    7      7.0814923000E-03   7.7370980000E-04  -2.9546860000E-04  -1.9300670000E-04  -1.1866690000E-04
    8      7.7363330000E-04  -3.9264770000E-04   9.1271035000E-03  -5.2698086000E-03  -1.9961377800E-02
    9      1.3347890430E-01  -4.1090037000E-03   1.4838360000E-04   2.9585760000E-04  -2.0533730000E-04
   10      1.1873474830E-01  -2.3721139000E-03   2.9546870000E-04  -1.9301420000E-04  -1.1865940000E-04
   11     -2.3721139000E-03   3.8083658000E-02  -9.1272799000E-03  -5.2697013000E-03  -1.9961308100E-02
   12      2.9546870000E-04  -9.1272799000E-03   9.0154724000E-03  -3.9000000000E-09   2.1950000000E-07
   13     -1.9301420000E-04  -5.2697013000E-03  -3.9000000000E-09   9.0156177000E-03   1.7050000000E-07
   14     -1.1865940000E-04  -1.9961308100E-02   2.1950000000E-07   1.7050000000E-07   6.6305590900E-02
   15      4.9064780000E-04   6.0204168000E-03   2.8264932000E-03   1.5000000000E-09  -3.1000000000E-08
   16      9.4622390000E-04   3.4758787000E-03  -3.4000000000E-09   2.8265864000E-03   1.0190000000E-07
   17     -5.0772700000E-05  -9.3108377000E-03  -3.6500000000E-08   4.4400000000E-08  -1.6785090900E-02
                   15                 16                 17        
     0     -1.5379397100E-02  -1.4000000000E-09   1.5680000000E-07
     1     -7.0000000000E-09  -1.5379839700E-02  -1.3280000000E-07
     2      1.0280000000E-07  -2.8830000000E-07   3.2949035300E-02
     3      6.6309200000E-04  -2.0100000000E-08  -4.9400000000E-08
     4      2.5000000000E-09   1.7968107000E-03   1.0143680000E-04
     5     -7.2000000000E-08  -6.9518154000E-03  -9.3109510000E-03
     6      1.5129639000E-03  -4.9109410000E-04   8.7865400000E-05
     7     -4.9065260000E-04   9.4624680000E-04  -5.0781600000E-05
     8     -6.0204324000E-03   3.4759173000E-03  -9.3107240000E-03
     9      1.5130127000E-03   4.9111110000E-04  -8.7952000000E-05
    10      4.9064780000E-04   9.4622390000E-04  -5.0772700000E-05
    11      6.0204168000E-03   3.4758787000E-03  -9.3108377000E-03
    12      2.8264932000E-03  -3.4000000000E-09  -3.6500000000E-08
    13      1.5000000000E-09   2.8265864000E-03   4.4400000000E-08
    14     -3.1000000000E-08   1.0190000000E-07  -1.6785090900E-02
    15      8.8638353000E-03   7.9000000000E-09   1.5800000000E-08
    16      7.9000000000E-09   8.8639718000E-03   2.0580000000E-07
    17      1.5800000000E-08   2.0580000000E-07   1.1768568300E-02

$vibrational_frequencies
18
    0        0.0000000000000000
    1        0.0000000000000000
    2        0.0000000000000000
    3        0.0000000000000000
    4        0.0000000000000000
    5        0.0000000000000000
    6     -283.0579980496163444
    7      199.4302054171659790
    8      225.2089568803506836
    9      225.2113743933917647
   10     1002.2137314123648366
   11     1005.1171430336677304
   12     1005.1203347303287501
   13     1345.7524103312739499
   14     1345.7646089026145546
   15     3086.2467631584950141
   16     3171.7396848974017303
   17     3171.7783144714485388

$normal_modes
18 18
                    0                  1                  2                  3                  4        
    0      0.0000000000E+00   0.0000000000E+00   0.0000000000E+00   0.0000000000E+00   0.0000000000E+00
    1      0.0000000000E+00   0.0000000000E+00   0.0000000000E+00   0.0000000000E+00   0.0000000000E+00
    2      0.0000000000E+00   0.0000000000E+00   0.0000000000E+00   0.0000000000E+00   0.0000000000E+00
    3      0.0000000000E+00   0.0000000000E+00   0.0000000000E+00   0.0000000000E+00   0.0000000000E+00
    4      0.0000000000E+00   0.0000000000E+00   0.0000000000E+00   0.0000000000E+00   0.0000000000E+00
    5      0.0000000000E+00   0.0000000000E+00   0.0000000000E+00   0.0000000000E+00   0.0000000000E+00
    6      0.0000000000E+00   0.0000000000E+00   0.0000000000E+00   0.0000000000E+00   0.0000000000E+00
    7      0.0000000000E+00   0.0000000000E+00   0.0000000000E+00   0.0000000000E+00   0.0000000000E+00
    8      0.0000000000E+00   0.0000000000E+00   0.0000000000E+00   0.0000000000E+00   0.0000000000E+00
    9      0.0000000000E+00   0.0000000000E+00   0.0000000000E+00   0.0000000000E+00   0.0000000000E+00
   10      0.0000000000E+00   0.0000000000E+00   0.0000000000E+00   0.0000000000E+00   0.0000000000E+00
   11      0.0000000000E+00   0.0000000000E+00   0.0000000000E+00   0.0000000000E+00   0.0000000000E+00
   12      0.0000000000E+00   0.0000000000E+00   0.0000000000E+00   0.0000000000E+00   0.0000000000E+00
   13      0.0000000000E+00   0.0000000000E+00   0.0000000000E+00   0.0000000000E+00   0.0000000000E+00
   14      0.0000000000E+00   0.0000000000E+00   0.0000000000E+00   0.0000000000E+00   0.0000000000E+00
   15      0.0000000000E+00   0.0000000000E+00   0.0000000000E+00   0.0000000000E+00   0.0000000000E+00
   16      0.0000000000E+00   0.0000000000E+00   0.0000000000E+00   0.0000000000E+00   0.0000000000E+00
   17      0.0000000000E+00   0.0000000000E+00   0.0000000000E+00   0.0000000000E+00   0.0000000000E+00
                    5                  6                  7                  8                  9        
    0      0.0000000000E+00  -1.3807953620E-06   6.3370687345E-06   4.7716110704E-01  -6.6203310333E-03
    1      0.0000000000E+00   4.2177548794E-06   2.3372180855E-06  -6.6203176900E-03  -4.7716289546E-01
    2      0.0000000000E+00  -9.0434912101E-01  -4.9108786243E-01   1.1298643369E-06  -3.7302273607E-06
    3      0.0000000000E+00   1.6739162504E-06   7.4725101557E-06   4.9984128979E-01  -6.9371042148E-03
    4      0.0000000000E+00  -9.7706564564E-03  -3.2912481152E-03  -6.7303450221E-03  -4.8508863288E-01
    5      0.0000000000E+00  -7.1961240132E-02  -2.1671750306E-01  -1.9712400538E-04  -1.4155756390E-02
    6      0.0000000000E+00  -8.4647383123E-03  -2.8450301420E-03   4.8867213699E-01  -1.3158197558E-02
    7      0.0000000000E+00   4.8914795119E-03   1.6497203248E-03  -5.1810166396E-04  -4.9622234583E-01
    8      0.0000000000E+00  -7.1977097867E-02  -2.1672397771E-01   1.2357454226E-02   6.9101514813E-03
    9      0.0000000000E+00   8.4673996866E-03   2.8596344497E-03   4.8884889232E-01  -4.0226935731E-04
   10      0.0000000000E+00   4.8910831595E-03   1.6495245352E-03  -1.3248932233E-02  -4.9604950204E-01
   11      0.0000000000E+00  -7.1975966974E-02  -2.1672666431E-01  -1.2162059950E-02   7.2494740915E-03
   12      0.0000000000E+00   2.1703162037E-08  -3.4389720733E-07  -2.5685211548E-02   3.5636880026E-04
   13      0.0000000000E+00  -4.2015016865E-08  -9.4520625629E-09   3.5636574096E-04   2.5685279197E-02
   14      0.0000000000E+00   2.6383216187E-02   1.6665066320E-01  -5.2514775344E-07   3.0253216749E-07
   15      0.0000000000E+00   4.9798026003E-07  -2.8806931920E-06  -2.0849089003E-01   2.8926806499E-03
   16      0.0000000000E+00  -3.0176446481E-06  -1.8388029503E-06   2.8926824506E-03   2.0849147130E-01
   17      0.0000000000E+00   4.0697698588E-01  -7.6819367058E-01   2.8852519366E-06   1.3223983790E-07
                   10                 11                 12                 13                 14        
    0     -8.3903536516E-07   7.7015970703E-03   4.0171150168E-04   1.1553597985E-03  -9.8376405435E-02
    1      3.0325394331E-06  -4.0180678892E-04   7.7021997507E-03   9.8376519147E-02   1.1553676674E-03
    2     -3.0814737546E-02  -3.1169591487E-06   6.7297576578E-06   2.8281081128E-07   3.4095448980E-07
    3      2.2805976425E-06  -6.2338031689E-03  -3.2638278631E-04  -9.5131761220E-03   8.1041472076E-01
    4     -7.2630120921E-03  -1.1261000142E-03   2.1576464275E-02   5.5950580765E-02   6.5264064273E-04
    5      5.7663436738E-01   4.2570561967E-02  -8.1514113238E-01   1.4755282877E-02   1.7073190614E-04
    6     -6.3006245000E-03   1.5247672035E-02  -1.1278434482E-02  -3.7703205266E-01   1.5623425514E-01
    7      3.6329139733E-03  -1.2079035247E-02   8.5181367631E-05  -5.9822813501E-01   3.6817786072E-01
    8      5.7702219140E-01  -7.2700243421E-01   3.7053608052E-01  -7.2318901592E-03  -1.2865225063E-02
    9      6.3013437425E-03   1.3997141423E-02   1.2805011174E-02   3.7325423359E-01   1.6503808495E-01
   10      3.6306957521E-03   1.2004816228E-02   1.3434741203E-03  -5.8942425491E-01  -3.8212147505E-01
   11      5.7689195465E-01   6.8461067616E-01   4.4416712318E-01  -7.5343688405E-03   1.2690957571E-02
   12      2.3500653286E-07  -2.6696067941E-03  -1.3924833446E-04  -6.1915846229E-07   5.3131435411E-05
   13     -7.4979695940E-07   1.3925322877E-04  -2.6696128681E-03  -5.3074480703E-05  -6.2826088716E-07
   14     -7.2450521291E-03  -7.3923230087E-07   1.9194012664E-06   4.6494616439E-08  -7.1978352011E-10
   15     -1.1984690013E-06   1.1741979229E-02   6.1247822609E-04  -2.1114442476E-05   1.7957716173E-03
   16      3.0594267084E-06  -6.1244403643E-04   1.1741951313E-02  -1.7954414281E-03  -2.1059757291E-05
   17     -2.3943571623E-02  -2.5785858156E-06   6.1600676608E-06   9.3005808749E-08  -2.3159947776E-08
                   15                 16                 17        
     0      4.5533534733E-07   9.8445074455E-02   9.0693490754E-04
     1      2.6649388029E-05   9.0693749832E-04  -9.8444210421E-02
     2     -1.7173151836E-03  -2.8645533000E-07  -4.7777793125E-07
     3      1.8414121308E-07   3.8652397750E-02   3.6045987808E-04
     4      5.7708438810E-01  -7.4844987289E-03   8.1162201029E-01
     5      6.9037716017E-03  -1.3350460524E-04   1.4465910888E-02
     6      5.0006405529E-01  -5.9553029400E-01  -3.7347510601E-01
     7     -2.8869724228E-01   3.6650707789E-01   1.7717276028E-01
     8      6.9082865556E-03  -1.2458049354E-02  -7.3441494191E-03
     9     -5.0006935524E-01  -6.0231271005E-01   3.6243534142E-01
    10     -2.8870051480E-01  -3.6970158148E-01   1.7038254740E-01
    11      6.9114501812E-03   1.2594899198E-02  -7.1154445652E-03
    12     -6.6771883540E-09  -3.7238692630E-05  -3.3863379531E-07
    13     -1.4090620155E-08  -3.4803464597E-07   3.7245634656E-05
    14     -4.5438855087E-07   1.4210933370E-10  -3.3860613657E-09
    15      2.8162558518E-08  -4.8605474472E-04  -4.4995996087E-06
    16     -1.2747509331E-07  -4.4544877250E-06   4.8616716622E-04
    17     -1.0788600262E-05   2.6624205002E-09  -1.0483027031E-08

#
# The atoms: label  mass x y z (in bohrs)
#
$atoms
6
 C     12.01100      0.000001376822    -0.000014167017    -3.310081682281
 H      1.00800      0.000001157538     2.025926075325    -3.260453404167
 H      1.00800      1.754517218249    -1.012987216207    -3.260456410963
 H      1.00800     -1.754514793730    -1.012987153023    -3.260458027092
 I    126.90000     -0.000000033488     0.000001601295     1.474872367522
 F     18.99800     -0.000000836830     0.000000823029    -7.239935444136

$actual_temperature
  0.000000

$frequency_scale_factor
  1.000000


$end

