
$orca_hessian_file

$act_atom
  0

$act_coord
  0

$act_energy
      -12.415663

$multiplicity
  1

$hessian
18
                    0                  1                  2                  3                  4        
    0      4.8593911850E-01  -1.3622671000E-03  -2.8479360000E-03  -3.8674731400E-02  -5.4587851000E-03
    1     -1.3622671000E-03   4.5140283110E-01  -7.0579826300E-02  -5.4587308000E-03  -1.8482510790E-01
    2     -2.8479360000E-03  -7.0579826300E-02   2.4414688350E-01   4.2517882000E-03   1.1518707530E-01
    3     -3.8674731400E-02  -5.4587308000E-03   4.2517882000E-03   4.6225646300E-02   6.1866604000E-03
    4     -5.4587851000E-03  -1.8482510790E-01   1.1518707530E-01   6.1866604000E-03   2.1173608990E-01
    5      4.6220812000E-03   1.2311642560E-01  -1.0210825770E-01  -4.7303455000E-03  -1.2552753730E-01
    6     -2.0668295240E-01   1.1987307200E-01   2.6376662300E-02  -9.5506130000E-04   1.3716897000E-03
    7      1.2649350590E-01  -1.3266233820E-01  -1.6418853900E-02   2.0762882200E-02  -1.5193421700E-02
    8      3.0354027300E-02  -1.9517426300E-02  -4.0101941600E-02  -1.3229728700E-02   1.0064887900E-02
    9     -2.2494604510E-01  -1.1289891140E-01  -2.7256873600E-02  -2.6831865000E-03  -2.3085549000E-03
   10     -1.1951756340E-01  -1.1448774940E-01  -1.4166901300E-02  -2.1718501100E-02  -1.3444907200E-02
   11     -3.1468594800E-02  -1.6995593400E-02  -4.0003853200E-02   1.3959384800E-02   9.0381282000E-03
   12     -1.5567963000E-02  -1.9252920000E-04  -3.2901470000E-04  -5.7875910000E-04   2.0501260000E-04
   13     -1.8732700000E-04  -2.0281189700E-02  -8.3764856000E-03   2.2417810000E-04   4.9239084000E-03
   14     -7.4203790000E-04  -1.8632772100E-02  -4.6177205600E-02  -1.7025160000E-04  -5.9616501000E-03
   15     -6.7426600000E-05   3.9366400000E-05  -1.9462620000E-04  -3.3339080000E-03   3.9772000000E-06
   16      3.2436700000E-05   8.5355410000E-04  -5.6450083000E-03   3.5112000000E-06  -3.1965614000E-03
   17      8.2460200000E-05   2.6091925000E-03  -1.5755625300E-02  -8.0847200000E-05  -2.8009041000E-03
                    5                  6                  7                  8                  9        
    0      4.6220812000E-03  -2.0668295240E-01   1.2649350590E-01   3.0354027300E-02  -2.2494604510E-01
    1      1.2311642560E-01   1.1987307200E-01  -1.3266233820E-01  -1.9517426300E-02  -1.1289891140E-01
    2     -1.0210825770E-01   2.6376662300E-02  -1.6418853900E-02  -4.0101941600E-02  -2.7256873600E-02
    3     -4.7303455000E-03  -9.5506130000E-04   2.0762882200E-02  -1.3229728700E-02  -2.6831865000E-03
    4     -1.2552753730E-01   1.3716897000E-03  -1.5193421700E-02   1.0064887900E-02  -2.3085549000E-03
    5      1.1430881260E-01  -3.0744360000E-04  -3.3162918000E-03   5.2784552000E-03   7.0825300000E-05
    6     -3.0744360000E-04   2.3226173720E-01  -1.3558583220E-01  -2.7523009000E-02  -2.7004046300E-02
    7     -3.3162918000E-03  -1.3558583220E-01   1.4041876560E-01   2.0045551400E-02  -1.3318472100E-02
    8      5.2784552000E-03  -2.7523009000E-02   2.0045551400E-02   4.8011252800E-02  -2.0616771000E-03
    9      7.0825300000E-05  -2.7004046300E-02  -1.3318472100E-02  -2.0616771000E-03   2.5229559330E-01
   10     -3.2882586000E-03   1.6093486800E-02   9.4978669000E-03   2.6279921000E-03   1.2713209730E-01
   11      5.2612243000E-03   2.3009040000E-03   2.4833401000E-03   1.9662763000E-03   2.8657824000E-02
   12      7.8322300000E-05   1.8769916000E-03   2.6232806000E-03   1.2396102400E-02   1.7138240000E-03
   13      2.3058545000E-03  -1.1012386000E-03  -2.7185501000E-03  -1.2825538200E-02   7.4073670000E-04
   14     -1.9211530400E-02  -6.0395900000E-04  -3.9970886000E-03  -1.4388102900E-02   2.6204250000E-04
   15      2.6656020000E-04   5.0333110000E-04  -9.7536450000E-04   6.4285100000E-05   6.2386060000E-04
   16      6.7098076000E-03  -6.5117780000E-04   6.5767740000E-04  -3.9546690000E-04   6.5310450000E-04
   17     -3.5287040000E-03  -2.4315480000E-04   1.2033429000E-03  -7.6593990000E-04   3.2785900000E-04
                   10                 11                 12                 13                 14        
    0     -1.1951756340E-01  -3.1468594800E-02  -1.5567963000E-02  -1.8732700000E-04  -7.4203790000E-04
    1     -1.1448774940E-01  -1.6995593400E-02  -1.9252920000E-04  -2.0281189700E-02  -1.8632772100E-02
    2     -1.4166901300E-02  -4.0003853200E-02  -3.2901470000E-04  -8.3764856000E-03  -4.6177205600E-02
    3     -2.1718501100E-02   1.3959384800E-02  -5.7875910000E-04   2.2417810000E-04  -1.7025160000E-04
    4     -1.3444907200E-02   9.0381282000E-03   2.0501260000E-04   4.9239084000E-03  -5.9616501000E-03
    5     -3.2882586000E-03   5.2612243000E-03   7.8322300000E-05   2.3058545000E-03  -1.9211530400E-02
    6      1.6093486800E-02   2.3009040000E-03   1.8769916000E-03  -1.1012386000E-03  -6.0395900000E-04
    7      9.4978669000E-03   2.4833401000E-03   2.6232806000E-03  -2.7185501000E-03  -3.9970886000E-03
    8      2.6279921000E-03   1.9662763000E-03   1.2396102400E-02  -1.2825538200E-02  -1.4388102900E-02
    9      1.2713209730E-01   2.8657824000E-02   1.7138240000E-03   7.4073670000E-04   2.6204250000E-04
   10      1.2048388220E-01   1.7717236700E-02  -2.9682103000E-03  -2.5851472000E-03  -4.0596374000E-03
   11      1.7717236700E-02   4.7926486700E-02  -1.3355521500E-02  -1.1853250200E-02  -1.4380538200E-02
   12     -2.9682103000E-03  -1.3355521500E-02   1.1762576100E-02   3.1185860000E-04   1.1361478000E-03
   13     -2.5851472000E-03  -1.1853250200E-02   3.1185860000E-04   1.9448613600E-02   2.8570154300E-02
   14     -4.0596374000E-03  -1.4380538200E-02   1.1361478000E-03   2.8570154300E-02   9.7850158500E-02
   15      9.7869070000E-04  -9.3996500000E-05   7.9333050000E-04   1.1792200000E-05   1.1805820000E-04
   16      5.3605470000E-04  -3.8986130000E-04   2.0587500000E-05   1.2123649000E-03   4.0809939000E-03
   17      1.1695686000E-03  -7.6959590000E-04   7.3963700000E-05   2.1792651000E-03  -3.6927813000E-03
                   15                 16                 17        
     0     -6.7426600000E-05   3.2436700000E-05   8.2460200000E-05
     1      3.9366400000E-05   8.5355410000E-04   2.6091925000E-03
     2     -1.9462620000E-04  -5.6450083000E-03  -1.5755625300E-02
     3     -3.3339080000E-03   3.5112000000E-06  -8.0847200000E-05
     4      3.9772000000E-06  -3.1965614000E-03  -2.8009041000E-03
     5      2.6656020000E-04   6.7098076000E-03  -3.5287040000E-03
     6      5.0333110000E-04  -6.5117780000E-04  -2.4315480000E-04
     7     -9.7536450000E-04   6.5767740000E-04   1.2033429000E-03
     8      6.4285100000E-05  -3.9546690000E-04  -7.6593990000E-04
     9      6.2386060000E-04   6.5310450000E-04   3.2785900000E-04
    10      9.7869070000E-04   5.3605470000E-04   1.1695686000E-03
    11     -9.3996500000E-05  -3.8986130000E-04  -7.6959590000E-04
    12      7.9333050000E-04   2.0587500000E-05   7.3963700000E-05
    13      1.1792200000E-05   1.2123649000E-03   2.1792651000E-03
    14      1.1805820000E-04   4.0809939000E-03  -3.6927813000E-03
    15      1.4808124000E-03  -5.8462100000E-05  -1.6028080000E-04
    16     -5.8462100000E-05  -6.3089700000E-05  -4.3604650000E-03
    17     -1.6028080000E-04  -4.3604650000E-03   2.4512646300E-02

$vibrational_frequencies
18
    0        0.0000000000000000
    1        0.0000000000000000
    2        0.0000000000000000
    3        0.0000000000000000
    4        0.0000000000000000
    5        0.0000000000000000
    6     -116.8948784095940425
    7      188.3821535301049721
    8      188.5746856439097598
    9      469.9976322750807185
   10      731.0318316519576456
   11      917.9193091687523065
   12     1256.5991781433758661
   13     1412.8721289693485232
   14     1444.0883874039441253
   15     2893.0939575819802485
   16     3061.0440767466798206
   17     3069.6161329372603177

$normal_modes
18 18
                    0                  1                  2                  3                  4        
    0      0.0000000000E+00   0.0000000000E+00   0.0000000000E+00   0.0000000000E+00   0.0000000000E+00
    1      0.0000000000E+00   0.0000000000E+00   0.0000000000E+00   0.0000000000E+00   0.0000000000E+00
    2      0.0000000000E+00   0.0000000000E+00   0.0000000000E+00   0.0000000000E+00   0.0000000000E+00
    3      0.0000000000E+00   0.0000000000E+00   0.0000000000E+00   0.0000000000E+00   0.0000000000E+00
    4      0.0000000000E+00   0.0000000000E+00   0.0000000000E+00   0.0000000000E+00   0.0000000000E+00
    5      0.0000000000E+00   0.0000000000E+00   0.0000000000E+00   0.0000000000E+00   0.0000000000E+00
    6      0.0000000000E+00   0.0000000000E+00   0.0000000000E+00   0.0000000000E+00   0.0000000000E+00
    7      0.0000000000E+00   0.0000000000E+00   0.0000000000E+00   0.0000000000E+00   0.0000000000E+00
    8      0.0000000000E+00   0.0000000000E+00   0.0000000000E+00   0.0000000000E+00   0.0000000000E+00
    9      0.0000000000E+00   0.0000000000E+00   0.0000000000E+00   0.0000000000E+00   0.0000000000E+00
   10      0.0000000000E+00   0.0000000000E+00   0.0000000000E+00   0.0000000000E+00   0.0000000000E+00
   11      0.0000000000E+00   0.0000000000E+00   0.0000000000E+00   0.0000000000E+00   0.0000000000E+00
   12      0.0000000000E+00   0.0000000000E+00   0.0000000000E+00   0.0000000000E+00   0.0000000000E+00
   13      0.0000000000E+00   0.0000000000E+00   0.0000000000E+00   0.0000000000E+00   0.0000000000E+00
   14      0.0000000000E+00   0.0000000000E+00   0.0000000000E+00   0.0000000000E+00   0.0000000000E+00
   15      0.0000000000E+00   0.0000000000E+00   0.0000000000E+00   0.0000000000E+00   0.0000000000E+00
   16      0.0000000000E+00   0.0000000000E+00   0.0000000000E+00   0.0000000000E+00   0.0000000000E+00
   17      0.0000000000E+00   0.0000000000E+00   0.0000000000E+00   0.0000000000E+00   0.0000000000E+00
                    5                  6                  7                  8                  9        
    0      0.0000000000E+00  -1.3319320399E-02  -1.4231505394E-01   1.2880121379E-01   8.0353867466E-03
    1      0.0000000000E+00  -3.5639596335E-01   2.9629660083E-02   7.9110429347E-02   2.1520094618E-01
    2      0.0000000000E+00   1.2550352444E-01  -3.0505014563E-03  -9.3860305061E-03   5.8255821270E-01
    3      0.0000000000E+00  -2.0947261816E-02  -6.5225941427E-01   5.7961751179E-01  -1.3851190828E-04
    4      0.0000000000E+00  -5.6190890365E-01   7.0552056161E-02   1.3705901510E-01   1.9897980733E-02
    5      0.0000000000E+00  -1.8054430819E-01   2.7566712031E-02   9.5399589540E-02   2.8625407015E-01
    6      0.0000000000E+00  -2.0914991381E-02   1.5842348091E-01  -1.3519470081E-01  -2.4341322466E-02
    7      0.0000000000E+00  -4.0852618573E-01   4.8391024172E-01  -3.0126541144E-01   1.7399225669E-01
    8      0.0000000000E+00   2.6706547564E-01  -1.9761353515E-01   8.0645698116E-02   4.8076734696E-01
    9      0.0000000000E+00  -9.8081611684E-03   1.2415185135E-01  -1.0347525982E-01   3.9241742145E-02
   10      0.0000000000E+00  -4.0835621554E-01  -4.3787814507E-01   5.0718513597E-01   1.6807295403E-01
   11      0.0000000000E+00   2.6679340609E-01   1.5417363092E-01  -2.2784085038E-01   4.8094263243E-01
   12      0.0000000000E+00   7.7828528357E-04   7.6291002836E-03  -6.8152512885E-03  -8.4828158952E-04
   13      0.0000000000E+00   2.1192686296E-02  -6.8204944193E-04  -1.1664439190E-03  -2.2011039157E-02
   14      0.0000000000E+00  -2.6089232609E-02  -1.7441123442E-02  -5.9991146609E-02  -5.4118396005E-02
   15      0.0000000000E+00   5.9636663072E-03   5.8630110618E-02  -5.3997848293E-02  -1.9718388965E-04
   16      0.0000000000E+00   1.5691871040E-01  -2.0362490742E-02  -6.0421949843E-02  -8.2343716458E-03
   17      0.0000000000E+00   7.6174318133E-02   1.1927141360E-01   4.0940214993E-01  -7.3030319071E-02
                   10                 11                 12                 13                 14        
    0     -4.3999732149E-03  -9.9102569983E-02  -4.0952866271E-04  -6.7802363326E-02  -2.9169349644E-03
    1     -1.1265580863E-01   3.8040511603E-03  -8.3930673576E-03   2.6027599718E-03  -7.6695004355E-02
    2      4.2232807134E-02  -8.4827833661E-05  -1.0121537772E-01  -8.6036910929E-06   8.6457405257E-03
    3      1.6693084397E-02   3.0602600045E-01   1.0914866953E-02   7.6252301149E-01  -5.7637945657E-03
    4      4.2075339508E-01  -1.1890215397E-02   2.7731611699E-01  -2.9059469568E-02  -1.5455888962E-01
    5      7.9173668224E-01  -8.2677860846E-04   3.5148368175E-01  -8.3231430059E-04  -1.5575322045E-01
    6      4.2415196016E-02   1.6868530307E-01   9.4533946038E-02   9.8363663808E-02   4.1706813242E-01
    7      5.2535270723E-02   2.0980251034E-01  -7.3569299443E-04   2.4793147482E-01   5.4657475182E-01
    8     -2.9302503524E-01   6.1308639285E-01   6.2082301553E-01  -3.6796762242E-01   1.7941310370E-02
    9     -3.8378926826E-02   1.5141828056E-01  -9.3352331637E-02   8.0124126529E-02  -3.7443611913E-01
   10      5.4672252224E-02  -2.2208236022E-01   6.2563550801E-03  -2.5504189524E-01   5.7644410282E-01
   11     -2.9354633019E-01  -6.1298425228E-01   6.2128431718E-01   3.6754976176E-01   1.8717602466E-02
   12      1.9147830990E-04   4.6927522650E-03  -6.4608258447E-05  -7.4517317584E-04  -1.4691895565E-05
   13      4.9426331688E-03  -1.7755552694E-04  -1.6395832790E-03   2.9789332039E-05  -3.8035821097E-04
   14     -3.7963374295E-03   9.1391324838E-06  -2.8836737663E-03   8.0494378461E-06  -4.7616666894E-05
   15      4.0289990210E-04  -1.9121968158E-03   4.8656888068E-05  -2.0845471270E-03  -1.3867621488E-05
   16      1.0196029210E-02   6.3415289858E-05   1.2513304991E-03   7.4599055305E-05  -3.5564219704E-04
   17     -1.2228111697E-02   3.1032021015E-05  -1.3003284471E-03   1.8004086662E-05   1.1709457653E-03
                   15                 16                 17        
     0      2.1558707712E-03  -2.2714289036E-03  -9.1895747375E-02
     1      5.7389488282E-02  -6.5552212047E-02   3.3280894535E-03
     2     -4.5002763865E-02  -7.9442685650E-03   4.9976282852E-05
     3     -3.0592422690E-02   2.2041432440E-03  -4.3077082930E-02
     4     -8.1736563404E-01   5.6462341308E-02   1.6626738050E-03
     5      5.5616175237E-01  -6.4534114851E-02  -3.8324367044E-05
     6     -6.3462848228E-02  -5.8312999137E-01   5.5120144636E-01
     7      6.4351828623E-02   3.8696791834E-01  -4.2611443979E-01
     8     -4.0172467201E-03   8.1872457454E-02  -8.3532318990E-02
     9      6.7977993834E-02   6.0808952594E-01   5.8504201981E-01
    10      5.9277330552E-02   3.3989110551E-01   3.8488456798E-01
    11     -4.1450212042E-03   8.0563037061E-02   8.3073120934E-02
    12     -3.4832624840E-06  -1.1010782010E-06  -2.0169265464E-05
    13     -9.0734043499E-05  -2.9300596199E-05   5.3719448196E-07
    14     -1.2775354433E-04  -5.0332763437E-05  -6.5608251634E-07
    15      4.3886592075E-05   2.1513924669E-06   2.3200269514E-04
    16      1.1314545233E-03   7.7793898299E-05  -8.3228140725E-06
    17      2.2932104601E-04   1.6429343681E-04  -8.1617322863E-07

#
# The atoms: label  mass x y z (in bohrs)
#
$atoms
6
 C     12.01100     -0.042514147165    -1.069966214764    -2.598298316507
 H      1.00800      0.016907690077     0.524100492552    -3.899936798822
 H      1.00800      1.589915027157    -2.273211484707    -2.867659825137
 H      1.00800     -1.761728996802    -2.146202605076    -2.865121845944
 I    126.90000      0.002848799346     0.046926899004     1.413219302491
 F     18.99800      0.016068550082     0.569681904827    -7.286008431881

$actual_temperature
  0.000000

$frequency_scale_factor
  1.000000


$end

