
$orca_hessian_file

$act_atom
  0

$act_coord
  0

$act_energy
      -12.408316

$multiplicity
  1

$hessian
18
                    0                  1                  2                  3                  4        
    0      3.8754176920E-01  -5.4000000000E-09  -1.0143000000E-06  -5.0581935600E-02  -8.5210000000E-07
    1     -5.4000000000E-09   3.8754016530E-01   1.2672000000E-06  -8.9880000000E-07  -1.8634948310E-01
    2     -1.0143000000E-06   1.2672000000E-06   8.1852198400E-02  -1.8190000000E-07  -3.8231373700E-02
    3     -5.0581935600E-02  -8.9880000000E-07  -1.8190000000E-07   4.7758984600E-02   1.0216000000E-06
    4     -8.5210000000E-07  -1.8634948310E-01  -3.8231373700E-02   1.0216000000E-06   2.1254145590E-01
    5     -2.3090000000E-07  -5.2688323300E-02  -3.9310714800E-02   2.3950000000E-07   4.1845274400E-02
    6     -1.5240314390E-01   5.8788844600E-02  -3.3108336800E-02   1.4264170000E-03   7.7433150000E-04
    7      5.8787014000E-02  -8.4518532900E-02   1.9115490300E-02   2.6750143900E-02  -1.4466596500E-02
    8     -4.5628539700E-02   2.6343037600E-02  -3.9310643300E-02   4.6150722000E-03  -3.6472774000E-03
    9     -1.5240381220E-01  -5.8787941200E-02   3.3109320400E-02   1.4260804000E-03  -7.7451820000E-04
   10     -5.8786161900E-02  -8.4517292100E-02   1.9115574800E-02  -2.6750282500E-02  -1.4466319900E-02
   11      4.5629616400E-02   2.6342942300E-02  -3.9311168600E-02  -4.6151199000E-03  -3.6472179000E-03
   12     -4.7425875000E-03   5.6000000000E-09   8.3000000000E-09  -1.9524146000E-03  -4.0000000000E-10
   13      2.2000000000E-09  -4.7436026000E-03  -3.8380000000E-07   2.9000000000E-08  -2.1070005000E-03
   14     -5.8000000000E-09   4.8580000000E-07   1.4462223000E-03  -2.2800000000E-08   2.0182124000E-03
   15     -2.7410290100E-02  -4.8000000000E-09   2.0420000000E-07   1.9228682000E-03   1.7600000000E-08
   16      3.2000000000E-09  -2.7411254600E-02  -5.7470000000E-07  -1.3200000000E-08   4.8479440000E-03
   17      1.7440000000E-07   5.9040000000E-07   3.4634106000E-02   1.2900000000E-08   1.6623823000E-03
                    5                  6                  7                  8                  9        
    0     -2.3090000000E-07  -1.5240314390E-01   5.8787014000E-02  -4.5628539700E-02  -1.5240381220E-01
    1     -5.2688323300E-02   5.8788844600E-02  -8.4518532900E-02   2.6343037600E-02  -5.8787941200E-02
    2     -3.9310714800E-02  -3.3108336800E-02   1.9115490300E-02  -3.9310643300E-02   3.3109320400E-02
    3      2.3950000000E-07   1.4264170000E-03   2.6750143900E-02   4.6150722000E-03   1.4260804000E-03
    4      4.1845274400E-02   7.7433150000E-04  -1.4466596500E-02  -3.6472774000E-03  -7.7451820000E-04
    5      5.5455503000E-02  -8.5120270000E-04   5.8203046000E-03   2.1729550000E-03   8.5126330000E-04
    6     -8.5120270000E-04   1.7134146350E-01  -7.1350942300E-02   3.6237890900E-02  -2.2412079200E-02
    7      5.8203046000E-03  -7.1350942300E-02   8.8951904600E-02  -2.0921500700E-02  -1.2987106700E-02
    8      2.1729550000E-03   3.6237890900E-02  -2.0921500700E-02   5.5455265000E-02   5.4661563000E-03
    9      8.5126330000E-04  -2.2412079200E-02  -1.2987106700E-02   5.4661563000E-03   1.7134244290E-01
   10      5.8204868000E-03   1.2987411600E-02   9.3703532000E-03  -2.1726844000E-03   7.1349940900E-02
   11      2.1729803000E-03  -5.4660099000E-03  -2.1725435000E-03   2.1730564000E-03  -3.6238931700E-02
   12     -3.9000000000E-09  -2.0687356000E-03   6.7184800000E-05   6.9330079000E-03  -2.0687860000E-03
   13      8.0054247000E-03   6.6960600000E-05  -1.9909844000E-03  -4.0030643000E-03  -6.6990800000E-05
   14     -1.6155822000E-02   1.7479511000E-03  -1.0098107000E-03  -1.6155768200E-02  -1.7480458000E-03
   15     -6.5200000000E-08   4.1160781000E-03  -1.2662938000E-03  -7.6235876000E-03   4.1161540000E-03
   16     -8.8031672000E-03  -1.2666061000E-03   2.6538559000E-03   4.4014893000E-03   1.2666159000E-03
   17     -4.3349015000E-03   1.4397074000E-03  -8.3194000000E-04  -4.3348649000E-03  -1.4397625000E-03
                   10                 11                 12                 13                 14        
    0     -5.8786161900E-02   4.5629616400E-02  -4.7425875000E-03   2.2000000000E-09  -5.8000000000E-09
    1     -8.4517292100E-02   2.6342942300E-02   5.6000000000E-09  -4.7436026000E-03   4.8580000000E-07
    2      1.9115574800E-02  -3.9311168600E-02   8.3000000000E-09  -3.8380000000E-07   1.4462223000E-03
    3     -2.6750282500E-02  -4.6151199000E-03  -1.9524146000E-03   2.9000000000E-08  -2.2800000000E-08
    4     -1.4466319900E-02  -3.6472179000E-03  -4.0000000000E-10  -2.1070005000E-03   2.0182124000E-03
    5      5.8204868000E-03   2.1729803000E-03  -3.9000000000E-09   8.0054247000E-03  -1.6155822000E-02
    6      1.2987411600E-02  -5.4660099000E-03  -2.0687356000E-03   6.6960600000E-05   1.7479511000E-03
    7      9.3703532000E-03  -2.1725435000E-03   6.7184800000E-05  -1.9909844000E-03  -1.0098107000E-03
    8     -2.1726844000E-03   2.1730564000E-03   6.9330079000E-03  -4.0030643000E-03  -1.6155768200E-02
    9      7.1349940900E-02  -3.6238931700E-02  -2.0687860000E-03  -6.6990800000E-05  -1.7480458000E-03
   10      8.8950422000E-02  -2.0921618100E-02  -6.7184300000E-05  -1.9909869000E-03  -1.0098024000E-03
   11     -2.0921618100E-02   5.5455762800E-02  -6.9331368000E-03  -4.0029792000E-03  -1.6155712900E-02
   12     -6.7184300000E-05  -6.9331368000E-03   7.6383634000E-03  -2.8000000000E-09   1.9920000000E-07
   13     -1.9909869000E-03  -4.0029792000E-03  -2.8000000000E-09   7.6383133000E-03   5.3360000000E-07
   14     -1.0098024000E-03  -1.6155712900E-02   1.9920000000E-07   5.3360000000E-07   6.5404842200E-02
   15      1.2662762000E-03   7.6235818000E-03   3.1941603000E-03   1.7000000000E-09  -7.5800000000E-08
   16      2.6538236000E-03   4.4014165000E-03  -2.9000000000E-09   3.1942610000E-03   3.8140000000E-07
   17     -8.3195660000E-04  -4.3349180000E-03  -7.4800000000E-08   4.6910000000E-07  -1.8383761600E-02
                   15                 16                 17        
     0     -2.7410290100E-02   3.2000000000E-09   1.7440000000E-07
     1     -4.8000000000E-09  -2.7411254600E-02   5.9040000000E-07
     2      2.0420000000E-07  -5.7470000000E-07   3.4634106000E-02
     3      1.9228682000E-03  -1.3200000000E-08   1.2900000000E-08
     4      1.7600000000E-08   4.8479440000E-03   1.6623823000E-03
     5     -6.5200000000E-08  -8.8031672000E-03  -4.3349015000E-03
     6      4.1160781000E-03  -1.2666061000E-03   1.4397074000E-03
     7     -1.2662938000E-03   2.6538559000E-03  -8.3194000000E-04
     8     -7.6235876000E-03   4.4014893000E-03  -4.3348649000E-03
     9      4.1161540000E-03   1.2666159000E-03  -1.4397625000E-03
    10      1.2662762000E-03   2.6538236000E-03  -8.3195660000E-04
    11      7.6235818000E-03   4.4014165000E-03  -4.3349180000E-03
    12      3.1941603000E-03  -2.9000000000E-09  -7.4800000000E-08
    13      1.7000000000E-09   3.1942610000E-03   4.6910000000E-07
    14     -7.5800000000E-08   3.8140000000E-07  -1.8383761600E-02
    15      1.4061029400E-02   3.0000000000E-09  -5.7400000000E-08
    16      3.0000000000E-09   1.4061370000E-02   4.5480000000E-07
    17     -5.7400000000E-08   4.5480000000E-07  -3.2456600000E-03

$vibrational_frequencies
18
    0        0.0000000000000000
    1        0.0000000000000000
    2        0.0000000000000000
    3        0.0000000000000000
    4        0.0000000000000000
    5        0.0000000000000000
    6     -219.4483253348032008
    7      231.8051119649108784
    8      249.5172272508957008
    9      249.5187293678719982
   10      990.6196946183198406
   11      990.6199578081265145
   12     1230.5436727191051887
   13     1468.4451216435436436
   14     1468.4753882393613367
   15     2494.6167503606880018
   16     2512.5520713967516713
   17     2512.5786443637221055

$normal_modes
18 18
                    0                  1                  2                  3                  4        
    0      0.0000000000E+00   0.0000000000E+00   0.0000000000E+00   0.0000000000E+00   0.0000000000E+00
    1      0.0000000000E+00   0.0000000000E+00   0.0000000000E+00   0.0000000000E+00   0.0000000000E+00
    2      0.0000000000E+00   0.0000000000E+00   0.0000000000E+00   0.0000000000E+00   0.0000000000E+00
    3      0.0000000000E+00   0.0000000000E+00   0.0000000000E+00   0.0000000000E+00   0.0000000000E+00
    4      0.0000000000E+00   0.0000000000E+00   0.0000000000E+00   0.0000000000E+00   0.0000000000E+00
    5      0.0000000000E+00   0.0000000000E+00   0.0000000000E+00   0.0000000000E+00   0.0000000000E+00
    6      0.0000000000E+00   0.0000000000E+00   0.0000000000E+00   0.0000000000E+00   0.0000000000E+00
    7      0.0000000000E+00   0.0000000000E+00   0.0000000000E+00   0.0000000000E+00   0.0000000000E+00
    8      0.0000000000E+00   0.0000000000E+00   0.0000000000E+00   0.0000000000E+00   0.0000000000E+00
    9      0.0000000000E+00   0.0000000000E+00   0.0000000000E+00   0.0000000000E+00   0.0000000000E+00
   10      0.0000000000E+00   0.0000000000E+00   0.0000000000E+00   0.0000000000E+00   0.0000000000E+00
   11      0.0000000000E+00   0.0000000000E+00   0.0000000000E+00   0.0000000000E+00   0.0000000000E+00
   12      0.0000000000E+00   0.0000000000E+00   0.0000000000E+00   0.0000000000E+00   0.0000000000E+00
   13      0.0000000000E+00   0.0000000000E+00   0.0000000000E+00   0.0000000000E+00   0.0000000000E+00
   14      0.0000000000E+00   0.0000000000E+00   0.0000000000E+00   0.0000000000E+00   0.0000000000E+00
   15      0.0000000000E+00   0.0000000000E+00   0.0000000000E+00   0.0000000000E+00   0.0000000000E+00
   16      0.0000000000E+00   0.0000000000E+00   0.0000000000E+00   0.0000000000E+00   0.0000000000E+00
   17      0.0000000000E+00   0.0000000000E+00   0.0000000000E+00   0.0000000000E+00   0.0000000000E+00
                    5                  6                  7                  8                  9        
    0      0.0000000000E+00  -2.3541797683E-06   9.8848280411E-08   4.5553364569E-01  -3.4138015278E-03
    1      0.0000000000E+00   2.0405319753E-05  -1.2437000604E-04   3.4137966950E-03   4.5553081550E-01
    2      0.0000000000E+00  -6.1413495267E-01   5.9700744780E-01  -4.4974810193E-07   7.6695344465E-05
    3      0.0000000000E+00  -1.6956547393E-06  -4.3622699255E-07   4.9732399621E-01  -3.7270645524E-03
    4      0.0000000000E+00  -5.6887443842E-02   4.0954340576E-02   3.7055389621E-03   4.9446263054E-01
    5      0.0000000000E+00  -3.2562983796E-01   3.7804871978E-01  -6.0977349141E-04  -8.1138551012E-02
    6      0.0000000000E+00  -4.9285937013E-02   3.5583425364E-02   4.9518110532E-01  -2.4641831097E-03
    7      0.0000000000E+00   2.8488920043E-02  -2.0684697257E-02   4.9640685411E-03   4.9659412113E-01
    8      0.0000000000E+00  -3.2562023047E-01   3.7801469021E-01  -6.9998099492E-02   4.1162618293E-02
    9      0.0000000000E+00   4.9283160353E-02  -3.5584484277E-02   4.9516290353E-01  -4.9572716781E-03
   10      0.0000000000E+00   2.8489274912E-02  -2.0684804910E-02   2.4791636260E-03   4.9661298565E-01
   11      0.0000000000E+00  -3.2561994940E-01   3.7801548777E-01   7.0605106648E-02   4.0108610101E-02
   12      0.0000000000E+00   1.0719687304E-07   6.4356588429E-10  -2.3432026668E-02   1.7560112824E-04
   13      0.0000000000E+00  -1.1496952279E-06   6.4325303916E-06  -1.7560278540E-04  -2.3431939441E-02
   14      0.0000000000E+00  -1.5396843967E-02  -1.3121394862E-01  -1.3058376874E-07  -1.3853646721E-05
   15      0.0000000000E+00   1.0096253513E-06   1.2536378645E-08  -2.1041476910E-01   1.5768551675E-03
   16      0.0000000000E+00  -1.0036271888E-05   5.7690436836E-05  -1.5768544023E-03  -2.1041365434E-01
   17      0.0000000000E+00   5.4294764680E-01   4.3884841010E-01   1.3033725052E-06   3.7009221282E-05
                   10                 11                 12                 13                 14        
    0      2.2761332052E-03   5.5538383957E-02  -3.5388391387E-07   2.0457455409E-06   8.8420764922E-02
    1      5.5541144210E-02  -2.2762051539E-03   1.6498908752E-06   8.8421282868E-02  -2.0668174696E-06
    2     -2.0967988506E-06  -6.2726007480E-08  -8.4451985953E-02   6.9296270106E-07  -3.2240194393E-07
    3     -8.2984080736E-03  -2.0252434792E-01   2.2739641118E-06  -1.3980529943E-05  -7.7367086572E-01
    4     -1.7240844711E-01   7.0659691804E-03  -1.3217417286E-01   8.8894878700E-02   2.4440697073E-06
    5      7.6974233264E-01  -3.1541365152E-02   5.5984421416E-01  -2.3452015716E-01   7.3273076880E-06
    6     -2.0422477749E-02  -1.7940165159E-01  -1.1447709692E-01  -3.7349652963E-01  -1.2673980907E-01
    7     -1.9553836875E-01  -5.0481787278E-03   6.6081471709E-02  -5.5803585150E-01  -3.7349251256E-01
    8     -3.5754094973E-01   6.8238159743E-01   5.5987378943E-01   1.1723889240E-01  -2.0307437957E-01
    9      5.6723806040E-03  -1.8047567718E-01   1.1448089057E-01   3.7348644442E-01  -1.2674801359E-01
   10     -1.9447216553E-01   2.1031510089E-02   6.6081036225E-02  -5.5802553088E-01   3.7351404264E-01
   11     -4.1217273579E-01  -6.5084035874E-01   5.5987196523E-01   1.1724359807E-01   2.0307179347E-01
   12      8.7575431649E-05   2.1372103786E-03  -6.6792251905E-09   5.8217161526E-09  -1.2101714654E-04
   13      2.1371603541E-03  -8.7574689460E-05  -7.1577619080E-08  -1.2105930066E-04   3.6975631645E-09
   14     -5.3105435945E-08  -2.8174771496E-09  -3.8681701471E-03   1.3104958772E-07  -3.4630476562E-09
   15     -8.0108774311E-04  -1.9548512299E-02  -5.3587667812E-08  -5.5372044175E-08  -5.9420853251E-04
   16     -1.9549005095E-02   8.0108607486E-04   5.3932255661E-08  -5.9383975024E-04   9.9687560328E-09
   17      1.6040842035E-07   6.5186834981E-08  -9.8854139183E-03   6.8505347285E-07  -2.4597440443E-08
                   15                 16                 17        
     0      2.0844378657E-07   9.3087006409E-02   1.9268930992E-05
     1     -7.4285006039E-05   1.9286760632E-05  -9.3085756126E-02
     2      2.8595956675E-02  -3.5620514731E-07  -2.4795641474E-05
     3     -4.6282548553E-07   5.9297657342E-02   1.7055529453E-05
     4     -5.6464254708E-01  -1.6568847915E-04   7.8271202801E-01
     5     -1.1613726212E-01  -4.5338921434E-05   2.1342102585E-01
     6     -4.8983668633E-01  -5.7176039475E-01  -3.6408636445E-01
     7      2.8275425780E-01   3.6435769875E-01   1.5090399803E-01
     8     -1.1639440398E-01  -1.8471872081E-01  -1.0659565658E-01
     9      4.8983437304E-01  -5.7191875324E-01   3.6384480755E-01
    10      2.8275345665E-01  -3.6441646322E-01   1.5074484113E-01
    11     -1.1639737211E-01   1.8476826923E-01  -1.0651975072E-01
    12      7.3226832120E-09  -2.3350776633E-05  -3.7785656532E-09
    13      2.5368579751E-08  -1.2698338916E-08   2.3369503405E-05
    14      7.5680224619E-05  -2.3994878726E-10  -7.8862479813E-08
    15     -3.3400806272E-08  -1.1605578403E-03  -2.4540721199E-07
    16      8.9110618304E-07  -1.9966771894E-07   1.1607365376E-03
    17     -7.1027772168E-05   3.4556764461E-09  -1.2391133347E-08

#
# The atoms: label  mass x y z (in bohrs)
#
$atoms
6
 C     12.01100      0.000000000000    -0.000000000000    -3.733088364553
 H      1.00800      0.000000000000     2.050352855305    -3.069718902501
 H      1.00800      1.775658485025    -1.025176427652    -3.069718902501
 H      1.00800     -1.775658485025    -1.025176427652    -3.069718902501
 I    126.90000      0.000000000000    -0.000000000000     1.524129740016
 F     18.99800      0.000000000000    -0.000000000000    -7.331882813992

$actual_temperature
  0.000000

$frequency_scale_factor
  1.000000


$end

