
$orca_hessian_file

$act_atom
  0

$act_coord
  0

$act_energy
      -12.418960

$multiplicity
  1

$hessian
18
                    0                  1                  2                  3                  4        
    0      5.1634557000E-01  -2.0900000000E-07  -1.5056000000E-06  -4.5710708200E-02  -1.3081000000E-06
    1     -2.0900000000E-07   5.1634654760E-01   1.6583000000E-06  -1.3143000000E-06  -2.7928442920E-01
    2     -1.5056000000E-06   1.6583000000E-06   1.6867828600E-02  -8.4900000000E-08  -3.2941077900E-02
    3     -4.5710708200E-02  -1.3143000000E-06  -8.4900000000E-08   4.3878829400E-02   1.4570000000E-06
    4     -1.3081000000E-06  -2.7928442920E-01  -3.2941077900E-02   1.4570000000E-06   3.0427837840E-01
    5     -1.2920000000E-07  -4.1634677700E-02  -1.9058538400E-02   1.8330000000E-07   3.4745226100E-02
    6     -2.2088367810E-01   1.0113824850E-01  -2.8527079700E-02   7.7951720000E-04   3.7201800000E-05
    7      1.0113736640E-01  -1.0409855470E-01   1.6469249400E-02   2.4883394000E-02  -1.3610302400E-02
    8     -3.6055783400E-02   2.0816411300E-02  -1.9058783800E-02   1.8407152000E-03  -1.8584834000E-03
    9     -2.2088513750E-01  -1.0113672370E-01   2.8528493600E-02   7.7925000000E-04  -3.7365400000E-05
   10     -1.0113584870E-01  -1.0409631430E-01   1.6469566200E-02  -2.4883550200E-02  -1.3610051400E-02
   11      3.6057241100E-02   2.0816618900E-02  -1.9059191500E-02  -1.8407495000E-03  -1.8584616000E-03
   12     -9.4202870000E-03   4.9000000000E-09   3.2600000000E-08  -7.7788130000E-04   3.8000000000E-09
   13     -3.0000000000E-10  -9.4208115000E-03   4.5710000000E-07   3.3800000000E-08  -5.2073060000E-04
   14      2.7300000000E-08   1.3790000000E-07   9.0993369000E-03  -4.3600000000E-08   1.1443410000E-03
   15     -1.9445759200E-02  -6.4000000000E-09   1.4390000000E-07   1.0509928000E-03   1.1000000000E-08
   16     -3.0000000000E-10  -1.9446438000E-02   1.4700000000E-07  -2.0300000000E-08   2.7471351000E-03
   17      1.4990000000E-07  -1.4860000000E-07   3.1209348200E-02  -2.0500000000E-08   7.6845590000E-04
                    5                  6                  7                  8                  9        
    0     -1.2920000000E-07  -2.2088367810E-01   1.0113736640E-01  -3.6055783400E-02  -2.2088513750E-01
    1     -4.1634677700E-02   1.0113824850E-01  -1.0409855470E-01   2.0816411300E-02  -1.0113672370E-01
    2     -1.9058538400E-02  -2.8527079700E-02   1.6469249400E-02  -1.9058783800E-02   2.8528493600E-02
    3      1.8330000000E-07   7.7951720000E-04   2.4883394000E-02   1.8407152000E-03   7.7925000000E-04
    4      3.4745226100E-02   3.7201800000E-05  -1.3610302400E-02  -1.8584834000E-03  -3.7365400000E-05
    5      4.5068425100E-02  -6.8916530000E-04   2.5232470000E-03   1.1743090000E-04   6.8918570000E-04
    6     -6.8916530000E-04   2.3917129360E-01  -1.1275265460E-01   3.0089181100E-02  -2.0804301500E-02
    7      2.5232470000E-03  -1.1275265460E-01   1.0897593760E-01  -1.7371617100E-02  -1.2422884400E-02
    8      1.1743090000E-04   3.0089181100E-02  -1.7371617100E-02   4.5068141300E-02   2.5298206000E-03
    9      6.8918570000E-04  -2.0804301500E-02  -1.2422884400E-02   2.5298206000E-03   2.3917302080E-01
   10      2.5234112000E-03   1.2423179600E-02   7.9719653000E-03  -6.6446580000E-04   1.1275101360E-01
   11      1.1743800000E-04  -2.5296883000E-03  -6.6436050000E-04   1.1751010000E-04  -3.0090565500E-02
   12     -7.5000000000E-09  -5.8539310000E-04  -1.1107700000E-04   8.4766256000E-03  -5.8544880000E-04
   13      9.7879345000E-03  -1.1147350000E-04  -7.1379690000E-04  -4.8942988000E-03   1.1144080000E-04
   14     -1.9368127900E-02   9.9112390000E-04  -5.7237580000E-04  -1.9367833600E-02  -9.9124220000E-04
   15     -6.7000000000E-08   2.3225619000E-03  -7.3414450000E-04  -6.8805591000E-03   2.3226170000E-03
   16     -7.9451411000E-03  -7.3450170000E-04   1.4747510000E-03   3.9724537000E-03   7.3451910000E-04
   17     -6.8766278000E-03   6.6562830000E-04  -3.8414300000E-04  -6.8764648000E-03  -6.6569220000E-04
                   10                 11                 12                 13                 14        
    0     -1.0113584870E-01   3.6057241100E-02  -9.4202870000E-03  -3.0000000000E-10   2.7300000000E-08
    1     -1.0409631430E-01   2.0816618900E-02   4.9000000000E-09  -9.4208115000E-03   1.3790000000E-07
    2      1.6469566200E-02  -1.9059191500E-02   3.2600000000E-08   4.5710000000E-07   9.0993369000E-03
    3     -2.4883550200E-02  -1.8407495000E-03  -7.7788130000E-04   3.3800000000E-08  -4.3600000000E-08
    4     -1.3610051400E-02  -1.8584616000E-03   3.8000000000E-09  -5.2073060000E-04   1.1443410000E-03
    5      2.5234112000E-03   1.1743800000E-04  -7.5000000000E-09   9.7879345000E-03  -1.9368127900E-02
    6      1.2423179600E-02  -2.5296883000E-03  -5.8539310000E-04  -1.1147350000E-04   9.9112390000E-04
    7      7.9719653000E-03  -6.6436050000E-04  -1.1107700000E-04  -7.1379690000E-04  -5.7237580000E-04
    8     -6.6446580000E-04   1.1751010000E-04   8.4766256000E-03  -4.8942988000E-03  -1.9367833600E-02
    9      1.1275101360E-01  -3.0090565500E-02  -5.8544880000E-04   1.1144080000E-04  -9.9124220000E-04
   10      1.0897347820E-01  -1.7371996400E-02   1.1107380000E-04  -7.1380270000E-04  -5.7237290000E-04
   11     -1.7371996400E-02   4.5068567800E-02  -8.4767987000E-03  -4.8942022000E-03  -1.9367767100E-02
   12      1.1107380000E-04  -8.4767987000E-03   8.3912422000E-03  -2.0000000000E-09   1.9870000000E-07
   13     -7.1380270000E-04  -4.8942022000E-03  -2.0000000000E-09   8.3913063000E-03   1.8220000000E-07
   14     -5.7237290000E-04  -1.9367767100E-02   1.9870000000E-07   1.8220000000E-07   6.6114541100E-02
   15      7.3413190000E-04   6.8805610000E-03   2.9777681000E-03   1.3000000000E-09  -6.4100000000E-08
   16      1.4747247000E-03   3.9724019000E-03  -3.5000000000E-09   2.9778355000E-03   8.7600000000E-08
   17     -3.8414230000E-04  -6.8765573000E-03  -5.0700000000E-08  -7.2800000000E-08  -1.7110149400E-02
                   15                 16                 17        
     0     -1.9445759200E-02  -3.0000000000E-10   1.4990000000E-07
     1     -6.4000000000E-09  -1.9446438000E-02  -1.4860000000E-07
     2      1.4390000000E-07   1.4700000000E-07   3.1209348200E-02
     3      1.0509928000E-03  -2.0300000000E-08  -2.0500000000E-08
     4      1.1000000000E-08   2.7471351000E-03   7.6845590000E-04
     5     -6.7000000000E-08  -7.9451411000E-03  -6.8766278000E-03
     6      2.3225619000E-03  -7.3450170000E-04   6.6562830000E-04
     7     -7.3414450000E-04   1.4747510000E-03  -3.8414300000E-04
     8     -6.8805591000E-03   3.9724537000E-03  -6.8764648000E-03
     9      2.3226170000E-03   7.3451910000E-04  -6.6569220000E-04
    10      7.3413190000E-04   1.4747247000E-03  -3.8414230000E-04
    11      6.8805610000E-03   3.9724019000E-03  -6.8765573000E-03
    12      2.9777681000E-03  -3.5000000000E-09  -5.0700000000E-08
    13      1.3000000000E-09   2.9778355000E-03  -7.2800000000E-08
    14     -6.4100000000E-08   8.7600000000E-08  -1.7110149400E-02
    15      1.0771819400E-02   6.8000000000E-09  -1.4700000000E-08
    16      6.8000000000E-09   1.0771991600E-02   5.0800000000E-08
    17     -1.4700000000E-08   5.0800000000E-08   6.5304511000E-03

$vibrational_frequencies
18
    0        0.0000000000000000
    1        0.0000000000000000
    2        0.0000000000000000
    3        0.0000000000000000
    4        0.0000000000000000
    5        0.0000000000000000
    6     -230.8573447962812679
    7      203.2022114673725071
    8      235.7093558619233988
    9      235.7111610115644851
   10     1010.4529819040236589
   11     1010.4559849712140931
   12     1069.1937998573487221
   13     1389.0959887296035049
   14     1389.1154894361447987
   15     2907.1204820933544397
   16     2974.4604927735063029
   17     2974.4926646300145876

$normal_modes
18 18
                    0                  1                  2                  3                  4        
    0      0.0000000000E+00   0.0000000000E+00   0.0000000000E+00   0.0000000000E+00   0.0000000000E+00
    1      0.0000000000E+00   0.0000000000E+00   0.0000000000E+00   0.0000000000E+00   0.0000000000E+00
    2      0.0000000000E+00   0.0000000000E+00   0.0000000000E+00   0.0000000000E+00   0.0000000000E+00
    3      0.0000000000E+00   0.0000000000E+00   0.0000000000E+00   0.0000000000E+00   0.0000000000E+00
    4      0.0000000000E+00   0.0000000000E+00   0.0000000000E+00   0.0000000000E+00   0.0000000000E+00
    5      0.0000000000E+00   0.0000000000E+00   0.0000000000E+00   0.0000000000E+00   0.0000000000E+00
    6      0.0000000000E+00   0.0000000000E+00   0.0000000000E+00   0.0000000000E+00   0.0000000000E+00
    7      0.0000000000E+00   0.0000000000E+00   0.0000000000E+00   0.0000000000E+00   0.0000000000E+00
    8      0.0000000000E+00   0.0000000000E+00   0.0000000000E+00   0.0000000000E+00   0.0000000000E+00
    9      0.0000000000E+00   0.0000000000E+00   0.0000000000E+00   0.0000000000E+00   0.0000000000E+00
   10      0.0000000000E+00   0.0000000000E+00   0.0000000000E+00   0.0000000000E+00   0.0000000000E+00
   11      0.0000000000E+00   0.0000000000E+00   0.0000000000E+00   0.0000000000E+00   0.0000000000E+00
   12      0.0000000000E+00   0.0000000000E+00   0.0000000000E+00   0.0000000000E+00   0.0000000000E+00
   13      0.0000000000E+00   0.0000000000E+00   0.0000000000E+00   0.0000000000E+00   0.0000000000E+00
   14      0.0000000000E+00   0.0000000000E+00   0.0000000000E+00   0.0000000000E+00   0.0000000000E+00
   15      0.0000000000E+00   0.0000000000E+00   0.0000000000E+00   0.0000000000E+00   0.0000000000E+00
   16      0.0000000000E+00   0.0000000000E+00   0.0000000000E+00   0.0000000000E+00   0.0000000000E+00
   17      0.0000000000E+00   0.0000000000E+00   0.0000000000E+00   0.0000000000E+00   0.0000000000E+00
                    5                  6                  7                  8                  9        
    0      0.0000000000E+00  -2.1609429894E-06   9.0296678828E-07  -4.7285145981E-01   4.1353599778E-03
    1      0.0000000000E+00  -4.5168299002E-06  -1.0964005263E-05   4.1353700478E-03   4.7285197884E-01
    2      0.0000000000E+00  -7.9941100550E-01  -5.7363129001E-01   5.8291152948E-07  -6.6672631380E-06
    3      0.0000000000E+00  -2.6048063512E-07   1.7844553791E-06  -4.9965920366E-01   4.3711879087E-03
    4      0.0000000000E+00  -6.3285406407E-02  -3.3211128729E-02   4.2585608238E-03   4.8693712755E-01
    5      0.0000000000E+00  -2.0808062837E-01  -2.5994979337E-01  -2.3572898140E-04  -2.7113386305E-02
    6      0.0000000000E+00  -5.4806422072E-02  -2.8751206558E-02  -4.9006005489E-01   9.7887609471E-03
    7      0.0000000000E+00   3.1627435568E-02   1.6585852508E-02  -1.1554353924E-03   4.9651566840E-01
    8      0.0000000000E+00  -2.0809307333E-01  -2.5995635886E-01   2.3592997415E-02   1.3340923043E-02
    9      0.0000000000E+00   5.4805964885E-02   2.8754763430E-02  -4.9015627518E-01  -1.2174309214E-03
   10      0.0000000000E+00   3.1627472212E-02   1.6585845521E-02   9.8392101300E-03   4.9642216247E-01
   11      0.0000000000E+00  -2.0809243147E-01  -2.5995818248E-01  -2.3354030249E-02   1.3751829326E-02
   12      0.0000000000E+00   7.7046340513E-08  -5.4754091642E-08   2.4936397893E-02  -2.1808432922E-04
   13      0.0000000000E+00   3.9732301552E-07   6.6369873708E-07  -2.1808286822E-04  -2.4936421499E-02
   14      0.0000000000E+00   1.0576415726E-02   1.5972594309E-01   8.4582092711E-08   1.1307710758E-06
   15      0.0000000000E+00   8.8963648453E-07  -4.8854079810E-07   2.1090138589E-01  -1.8444554897E-03
   16      0.0000000000E+00   1.8198741817E-06   4.5905592078E-06  -1.8444619388E-03  -2.1090152583E-01
   17      0.0000000000E+00   4.6788286628E-01  -6.6287153937E-01  -1.1053220069E-06  -2.2431489575E-06
                   10                 11                 12                 13                 14        
    0     -2.5482629395E-02   1.5386110813E-03  -3.4100680539E-07   7.5215560698E-04   9.5428846556E-02
    1      1.5385618496E-03   2.5483041934E-02   1.9688055216E-06   9.5429397641E-02  -7.5217258120E-04
    2      2.5516397936E-07  -7.8366915709E-07  -5.2264629443E-02   1.8654055052E-06  -3.2781896521E-07
    3      1.2313509264E-01  -7.4330669795E-03   2.5547661115E-06  -6.2838120316E-03  -7.9779403035E-01
    4     -5.7508603176E-03  -9.5251676181E-02  -7.0901064189E-02   6.9148868671E-02  -5.4055922940E-04
    5      4.8274143133E-02   7.9966329518E-01   5.7206329954E-01  -1.3892697910E-01   1.0969364127E-03
    6      1.0149108017E-01  -1.8248865055E-02  -6.1412520395E-02  -3.7655652206E-01  -1.4462861993E-01
    7      5.0603221493E-03  -1.1689267328E-01   3.5446478375E-02  -5.8401710966E-01  -3.7082165602E-01
    8     -7.1665125232E-01  -3.5799451729E-01   5.7210597510E-01   6.8499046294E-02  -1.2084669601E-01
    9      1.0295304843E-01   5.9037788197E-03   6.1416992769E-02   3.7422555031E-01  -1.5053762698E-01
   10     -1.9087695559E-02  -1.1543704293E-01   3.5446110538E-02  -5.7810676555E-01   3.7997694856E-01
   11      6.6837291779E-01  -4.4161035754E-01   5.7211104906E-01   7.0391883653E-02   1.1975417137E-01
   12     -2.3851262557E-03   1.4399215256E-04  -1.9525014555E-08  -1.7504408489E-06  -2.2295492858E-04
   13      1.4399418859E-04   2.3851171104E-03  -1.4187785825E-07  -2.2293458668E-04   1.7592558491E-06
   14      1.9521589431E-08  -2.7850144582E-07  -6.2090540387E-03   9.8937802157E-08  -2.9070100273E-09
   15      1.4661781689E-02  -8.8517125053E-04  -2.6834405015E-08  -6.7537636495E-06  -8.5266533716E-04
   16     -8.8514945304E-04  -1.4661866220E-02   1.5265059881E-07  -8.5236811370E-04   6.7082918775E-06
   17     -6.9330348943E-08  -7.4393250266E-07  -1.6545486080E-02   7.2478791467E-08  -7.4079905324E-09
                   15                 16                 17        
     0      9.0762768461E-07   9.7213085367E-02   1.6318491079E-03
     1      2.9079119542E-05   1.6318434029E-03  -9.7212187934E-02
     2     -1.5797570786E-02  -5.0330646953E-08  -5.1781368785E-06
     3      6.3731914053E-07   4.2571695589E-02   7.1912235327E-04
     4      5.7332606721E-01  -1.3499351164E-02   8.0355884606E-01
     5      6.5284801260E-02  -1.9132904693E-03   1.1389309467E-01
     6      4.9683472763E-01  -5.8573783665E-01  -3.7607803460E-01
     7     -2.8683004489E-01   3.6347413039E-01   1.7496247511E-01
     8      6.5335256852E-02  -9.7660627810E-02  -5.8568790231E-02
     9     -4.9684576115E-01  -5.9802663703E-01   3.5620239875E-01
    10     -2.8683715096E-01  -3.6913085686E-01   1.6265671100E-01
    11      6.5340363540E-02   9.9574352766E-02  -5.5259250269E-02
    12     -7.0833444751E-09  -4.7340932244E-05  -7.9191527667E-07
    13     -1.9339513207E-08  -8.0131134140E-07   4.7352061077E-05
    14     -4.8575343191E-05   9.1059477407E-10  -2.0719620963E-08
    15      2.5094256440E-08  -5.9461436582E-04  -9.9947355224E-06
    16     -1.5567173866E-07  -9.9514920136E-06   5.9475504178E-04
    17     -8.5233775237E-05   2.6847298926E-09  -3.9513865191E-08

#
# The atoms: label  mass x y z (in bohrs)
#
$atoms
6
 C     12.01100      0.000000970069    -0.000007363165    -3.490446948353
 H      1.00800      0.000000713205     2.037934122889    -3.174137019234
 H      1.00800      1.764910333736    -1.018979583021    -3.174137600162
 H      1.00800     -1.764908959610    -1.018979613206    -3.174138558249
 I    126.90000     -0.000000027187     0.000000754289     1.497576049383
 F     18.99800     -0.000000542451     0.000000947135    -7.291296446307

$actual_temperature
  0.000000

$frequency_scale_factor
  1.000000


$end

