
$orca_hessian_file

$act_atom
  0

$act_coord
  0

$act_energy
      -12.424401

$multiplicity
  1

$hessian
18
                    0                  1                  2                  3                  4        
    0      5.7731772370E-01  -4.5350000000E-07  -2.0299000000E-06  -4.1592030700E-02  -1.2997000000E-06
    1     -4.5350000000E-07   5.7732324300E-01  -1.1953100000E-05  -1.2652000000E-06  -3.2658750750E-01
    2     -2.0299000000E-06  -1.1953100000E-05   6.0200815000E-03   3.9640000000E-07   3.7954340400E-02
    3     -4.1592030700E-02  -1.2652000000E-06   3.9640000000E-07   4.1904909500E-02   1.4473000000E-06
    4     -1.2997000000E-06  -3.2658750750E-01   3.7954340400E-02   1.4473000000E-06   3.5310138190E-01
    5      2.9710000000E-07   4.0221126900E-02  -1.4141060500E-02  -1.8800000000E-07  -3.8800032200E-02
    6     -2.5532877550E-01   1.2340431750E-01   3.2874247100E-02  -2.5006230000E-04   2.1481110000E-04
    7      1.2340193110E-01  -1.1283680300E-01  -1.8963564300E-02   2.4338050800E-02  -1.4430430500E-02
    8      3.4830049800E-02  -2.0108405000E-02  -1.4141272800E-02  -3.4334820000E-03   1.1617298000E-03
    9     -2.5533132940E-01  -1.2340259950E-01  -3.2872621600E-02  -2.5028150000E-04  -2.1495430000E-04
   10     -1.2340017490E-01  -1.1283398620E-01  -1.8962395200E-02  -2.4338260600E-02  -1.4430186800E-02
   11     -3.4828598500E-02  -2.0107210100E-02  -1.4140859100E-02   3.4334954000E-03   1.1616973000E-03
   12     -1.3796515800E-02   7.3000000000E-09  -2.1300000000E-08  -9.6528500000E-05  -1.8000000000E-09
   13     -2.0000000000E-10  -1.3796231500E-02  -6.7079000000E-06   4.2700000000E-08   1.1959905000E-03
   14      7.9400000000E-08   4.2064000000E-06   4.5331120000E-03  -1.2630000000E-07  -9.6320760000E-04
   15     -1.1269072400E-02  -6.7000000000E-09   2.9200000000E-08   2.8399360000E-04  -2.6000000000E-09
   16     -2.8000000000E-09  -1.1268714800E-02  -9.7200000000E-06  -1.5000000000E-08   1.1507524000E-03
   17      2.0210000000E-07   2.2348000000E-06   3.1869998900E-02  -9.5500000000E-08  -5.1452780000E-04
                    5                  6                  7                  8                  9        
    0      2.9710000000E-07  -2.5532877550E-01   1.2340193110E-01   3.4830049800E-02  -2.5533132940E-01
    1      4.0221126900E-02   1.2340431750E-01  -1.1283680300E-01  -2.0108405000E-02  -1.2340259950E-01
    2     -1.4141060500E-02   3.2874247100E-02  -1.8963564300E-02  -1.4141272800E-02  -3.2872621600E-02
    3     -1.8800000000E-07  -2.5006230000E-04   2.4338050800E-02  -3.4334820000E-03  -2.5028150000E-04
    4     -3.8800032200E-02   2.1481110000E-04  -1.4430430500E-02   1.1617298000E-03  -2.1495430000E-04
    5      4.3487143600E-02  -7.1077020000E-04  -3.5546334000E-03   5.2181570000E-04   7.1073370000E-04
    6     -7.1077020000E-04   2.7529060550E-01  -1.3474743400E-01  -3.3600008800E-02  -2.1515220000E-02
    7     -3.5546334000E-03  -1.3474743400E-01   1.1970392990E-01   1.9398119400E-02  -1.2059830100E-02
    8      5.2181570000E-04  -3.3600008800E-02   1.9398119400E-02   4.3486326000E-02  -2.7220881000E-03
    9      7.1073370000E-04  -2.1515220000E-02  -1.2059830100E-02  -2.7220881000E-03   2.7529336500E-01
   10     -3.5544767000E-03   1.2060143500E-02   6.8407403000E-03   2.3917729000E-03   1.3474557160E-01
   11      5.2179420000E-04   2.7222581000E-03   2.3918270000E-03   5.2179380000E-04   3.3598602400E-02
   12     -5.2000000000E-09   8.7128290000E-04  -5.5859340000E-04   9.8287056000E-03   8.7124930000E-04
   13      1.1349366700E-02  -5.5823090000E-04   2.2449150000E-04  -5.6746008000E-03   5.5819000000E-04
   14     -1.9250830700E-02  -8.3775020000E-04   4.7511740000E-04  -1.9250474600E-02   8.3754020000E-04
   15     -6.7400000000E-08   9.3216930000E-04  -3.7412440000E-04  -4.9031765000E-03   9.3221660000E-04
   16     -5.6613514000E-03  -3.7360720000E-04   4.9807190000E-04   2.8313837000E-03   3.7362240000E-04
   17     -1.1138862300E-02  -4.4797600000E-04   2.5313380000E-04  -1.1138188100E-02   4.4783340000E-04
                   10                 11                 12                 13                 14        
    0     -1.2340017490E-01  -3.4828598500E-02  -1.3796515800E-02  -2.0000000000E-10   7.9400000000E-08
    1     -1.1283398620E-01  -2.0107210100E-02   7.3000000000E-09  -1.3796231500E-02   4.2064000000E-06
    2     -1.8962395200E-02  -1.4140859100E-02  -2.1300000000E-08  -6.7079000000E-06   4.5331120000E-03
    3     -2.4338260600E-02   3.4334954000E-03  -9.6528500000E-05   4.2700000000E-08  -1.2630000000E-07
    4     -1.4430186800E-02   1.1616973000E-03  -1.8000000000E-09   1.1959905000E-03  -9.6320760000E-04
    5     -3.5544767000E-03   5.2179420000E-04  -5.2000000000E-09   1.1349366700E-02  -1.9250830700E-02
    6      1.2060143500E-02   2.7222581000E-03   8.7128290000E-04  -5.5823090000E-04  -8.3775020000E-04
    7      6.8407403000E-03   2.3918270000E-03  -5.5859340000E-04   2.2449150000E-04   4.7511740000E-04
    8      2.3917729000E-03   5.2179380000E-04   9.8287056000E-03  -5.6746008000E-03  -1.9250474600E-02
    9      1.3474557160E-01   3.3598602400E-02   8.7124930000E-04   5.5819000000E-04   8.3754020000E-04
   10      1.1970089390E-01   1.9396821900E-02   5.5859450000E-04   2.2448120000E-04   4.7512460000E-04
   11      1.9396821900E-02   4.3485948300E-02  -9.8289054000E-03  -5.6744920000E-03  -1.9250410700E-02
   12      5.5859450000E-04  -9.8289054000E-03   9.7500345000E-03  -2.6000000000E-09   2.5850000000E-07
   13      2.2448120000E-04  -5.6744920000E-03  -2.6000000000E-09   9.7503320000E-03   3.9827000000E-06
   14      4.7512460000E-04  -1.9250410700E-02   2.5850000000E-07   3.9827000000E-06   6.9990293800E-02
   15      3.7412590000E-04   4.9031481000E-03   2.4004776000E-03   1.1000000000E-09  -1.7000000000E-09
   16      4.9805770000E-04   2.8313558000E-03  -4.0000000000E-09   2.4009363000E-03   4.7765000000E-06
   17      2.5315250000E-04  -1.1138266400E-02  -3.2200000000E-08   2.4513000000E-06  -1.6771689800E-02
                   15                 16                 17        
     0     -1.1269072400E-02  -2.8000000000E-09   2.0210000000E-07
     1     -6.7000000000E-09  -1.1268714800E-02   2.2348000000E-06
     2      2.9200000000E-08  -9.7200000000E-06   3.1869998900E-02
     3      2.8399360000E-04  -1.5000000000E-08  -9.5500000000E-08
     4     -2.6000000000E-09   1.1507524000E-03  -5.1452780000E-04
     5     -6.7400000000E-08  -5.6613514000E-03  -1.1138862300E-02
     6      9.3216930000E-04  -3.7360720000E-04  -4.4797600000E-04
     7     -3.7412440000E-04   4.9807190000E-04   2.5313380000E-04
     8     -4.9031765000E-03   2.8313837000E-03  -1.1138188100E-02
     9      9.3221660000E-04   3.7362240000E-04   4.4783340000E-04
    10      3.7412590000E-04   4.9805770000E-04   2.5315250000E-04
    11      4.9031481000E-03   2.8313558000E-03  -1.1138266400E-02
    12      2.4004776000E-03  -4.0000000000E-09  -3.2200000000E-08
    13      1.1000000000E-09   2.4009363000E-03   2.4513000000E-06
    14     -1.7000000000E-09   4.7765000000E-06  -1.6771689800E-02
    15      6.7202152000E-03   6.6000000000E-09   6.8300000000E-08
    16      6.6000000000E-09   6.7208964000E-03   3.5553000000E-06
    17      6.8300000000E-08   3.5553000000E-06   1.8317007700E-02

$vibrational_frequencies
18
    0        0.0000000000000000
    1        0.0000000000000000
    2        0.0000000000000000
    3        0.0000000000000000
    4        0.0000000000000000
    5        0.0000000000000000
    6     -234.4544651381623908
    7      206.9503631355011066
    8      206.9625973237821768
    9      214.8833634173742553
   10      975.5797666834665733
   11      975.5850230732661430
   12     1046.6916487775140467
   13     1365.2474221510531152
   14     1365.2604092205990582
   15     3127.0160569334898355
   16     3203.0038315179644997
   17     3203.0513708855096411

$normal_modes
18 18
                    0                  1                  2                  3                  4        
    0      0.0000000000E+00   0.0000000000E+00   0.0000000000E+00   0.0000000000E+00   0.0000000000E+00
    1      0.0000000000E+00   0.0000000000E+00   0.0000000000E+00   0.0000000000E+00   0.0000000000E+00
    2      0.0000000000E+00   0.0000000000E+00   0.0000000000E+00   0.0000000000E+00   0.0000000000E+00
    3      0.0000000000E+00   0.0000000000E+00   0.0000000000E+00   0.0000000000E+00   0.0000000000E+00
    4      0.0000000000E+00   0.0000000000E+00   0.0000000000E+00   0.0000000000E+00   0.0000000000E+00
    5      0.0000000000E+00   0.0000000000E+00   0.0000000000E+00   0.0000000000E+00   0.0000000000E+00
    6      0.0000000000E+00   0.0000000000E+00   0.0000000000E+00   0.0000000000E+00   0.0000000000E+00
    7      0.0000000000E+00   0.0000000000E+00   0.0000000000E+00   0.0000000000E+00   0.0000000000E+00
    8      0.0000000000E+00   0.0000000000E+00   0.0000000000E+00   0.0000000000E+00   0.0000000000E+00
    9      0.0000000000E+00   0.0000000000E+00   0.0000000000E+00   0.0000000000E+00   0.0000000000E+00
   10      0.0000000000E+00   0.0000000000E+00   0.0000000000E+00   0.0000000000E+00   0.0000000000E+00
   11      0.0000000000E+00   0.0000000000E+00   0.0000000000E+00   0.0000000000E+00   0.0000000000E+00
   12      0.0000000000E+00   0.0000000000E+00   0.0000000000E+00   0.0000000000E+00   0.0000000000E+00
   13      0.0000000000E+00   0.0000000000E+00   0.0000000000E+00   0.0000000000E+00   0.0000000000E+00
   14      0.0000000000E+00   0.0000000000E+00   0.0000000000E+00   0.0000000000E+00   0.0000000000E+00
   15      0.0000000000E+00   0.0000000000E+00   0.0000000000E+00   0.0000000000E+00   0.0000000000E+00
   16      0.0000000000E+00   0.0000000000E+00   0.0000000000E+00   0.0000000000E+00   0.0000000000E+00
   17      0.0000000000E+00   0.0000000000E+00   0.0000000000E+00   0.0000000000E+00   0.0000000000E+00
                    5                  6                  7                  8                  9        
    0      0.0000000000E+00   4.3386995304E-07   4.7228007543E-01  -1.7078162936E-03  -4.1685042051E-05
    1      0.0000000000E+00   3.1075987886E-04  -1.7078381876E-03  -4.7229034182E-01  -3.0689070170E-03
    2      0.0000000000E+00  -8.7410822198E-01  -8.6872833215E-06   6.7341097961E-04  -5.1703523882E-01
    3      0.0000000000E+00   5.0786111334E-06   4.9871262097E-01  -1.8045017555E-03  -4.2562577384E-05
    4      0.0000000000E+00   8.1924723596E-02  -1.7625180632E-03  -4.8750415882E-01   2.3983962952E-02
    5      0.0000000000E+00  -8.8558680627E-02  -2.3317997307E-04  -6.2540801122E-02  -2.6016068306E-01
    6      0.0000000000E+00   7.0761171830E-02   4.9021644892E-01  -6.6392125846E-03   2.3468788421E-02
    7      0.0000000000E+00  -4.0261471301E-02   3.0121112153E-03  -4.9584805227E-01  -1.6725463904E-02
    8      0.0000000000E+00  -8.8709192891E-02   5.4624852462E-02   3.1680223224E-02  -2.5957766570E-01
    9      0.0000000000E+00  -7.0753382616E-02   4.9025047737E-01   3.0949242286E-03  -2.3552919632E-02
   10      0.0000000000E+00  -4.0262835371E-02  -6.5983869641E-03  -4.9581507209E-01  -1.6724930050E-02
   11      0.0000000000E+00  -8.8710543136E-02  -5.4408870296E-02   3.2073238933E-02  -2.5957037868E-01
   12      0.0000000000E+00  -7.3285363125E-08  -2.6177225131E-02   9.4661424087E-05   2.3016533382E-06
   13      0.0000000000E+00  -1.8111834013E-05   9.4660920732E-05   2.6177657490E-02   1.6978057706E-04
   14      0.0000000000E+00   1.9244832331E-02   2.7444634700E-06  -2.7034732552E-04   1.6119836740E-01
   15      0.0000000000E+00  -4.6752643179E-07  -2.0221492264E-01   7.3121524468E-04   1.7702209187E-05
   16      0.0000000000E+00  -1.4979289549E-04   7.3123264518E-04   2.0221787459E-01   1.3084350670E-03
   17      0.0000000000E+00   4.3819617199E-01  -1.1927258925E-05   1.3157371307E-03  -7.0851770570E-01
                   10                 11                 12                 13                 14        
    0      4.6863859647E-02  -1.7414066560E-03   1.5786518836E-07   9.0447650171E-02  -2.1992535177E-03
    1     -1.7413073203E-03  -4.6861093975E-02  -8.4705787950E-06   2.1991915561E-03   9.0445446944E-02
    2      2.4622426933E-07   7.9279331891E-06  -3.5389448313E-02  -1.0830437886E-06  -2.6537329488E-05
    3     -1.5726076865E-01   5.8447865582E-03   6.6641549955E-07  -7.8666085134E-01   1.9132723064E-02
    4      2.3938190607E-03   6.4419732363E-02   6.8104982528E-02   1.8017281377E-03   7.3918560013E-02
    5      2.9613732827E-02   7.9713558100E-01   5.7265481438E-01   4.6511367534E-03   1.9113128696E-01
    6     -8.6128923164E-02   4.3462415293E-02   5.9024200644E-02  -1.5028165220E-01  -3.6921074595E-01
    7     -3.5228781469E-02   1.3553221891E-01  -3.4020302876E-02  -3.8654460159E-01  -5.6245478238E-01
    8     -7.0510489512E-01  -3.7284742101E-01   5.7277784995E-01   1.6316765833E-01  -9.9507752152E-02
    9     -8.9110616651E-02  -3.6951218404E-02  -5.9021676071E-02  -1.3215323376E-01   3.7607323299E-01
   10      4.5189632345E-02   1.3254222409E-01  -3.4019614747E-02   3.5874688173E-01  -5.8058503332E-01
   11      6.7548671197E-01  -4.2414146120E-01   5.7278701204E-01  -1.6781176346E-01  -9.1461288766E-02
   12     -3.1325447228E-03   1.1638793429E-04  -3.2438720872E-08   2.5123042212E-04  -6.1059712549E-06
   13      1.1638954092E-04   3.1324389145E-03  -1.3678161406E-07   6.1209524384E-06   2.5138506956E-04
   14      1.8289030096E-08  -1.1741874271E-06  -6.3553051733E-03   2.6518200923E-08   7.8863532699E-07
   15      8.9376996542E-03  -3.3205731299E-04  -5.2435045501E-08  -2.1370335598E-03   5.1948098024E-05
   16     -3.3206115462E-04  -8.9384160059E-03   2.8167325440E-06  -5.1967522288E-05  -2.1353196566E-03
   17     -4.1706883997E-08  -4.9526474669E-06  -2.6340380229E-02   1.3450877271E-07   2.9012543373E-06
                   15                 16                 17        
     0      1.7033129422E-06  -9.7442158567E-02  -2.1319171216E-03
     1      3.2772053949E-05  -2.1318969682E-03   9.7441336843E-02
     2      1.5332924161E-02   7.5444402000E-07  -6.0284944910E-06
     3      4.0054486528E-07  -3.8367175344E-02  -8.4348190455E-04
     4      5.7341299838E-01   1.7631015892E-02  -8.0516387978E-01
     5     -6.4341538454E-02  -2.2540980361E-03   1.0295266987E-01
     6      4.9692995625E-01   5.8614420088E-01   3.7799105589E-01
     7     -2.8690100919E-01  -3.6140474666E-01  -1.8034550128E-01
     8     -6.4390640672E-02  -8.8012616633E-02  -5.3390117254E-02
     9     -4.9695022140E-01   6.0210537865E-01  -3.5198931991E-01
    10     -2.8691317168E-01   3.6893133322E-01  -1.6435924794E-01
    11     -6.4390370008E-02   9.0257682455E-02  -4.9486471937E-02
    12     -6.9596241201E-09   2.1119829094E-05   4.5575394424E-07
    13      4.3053510014E-08   4.6532106551E-07  -2.1130767223E-05
    14      4.5332420463E-05   2.7227496007E-10  -1.6790153342E-08
    15      2.3592468736E-08   4.5353178352E-04   9.9537462471E-06
    16      2.7915115728E-07   9.9116737200E-06  -4.5367009310E-04
    17      2.5008386534E-04   4.3650298589E-10  -1.1319131703E-07

#
# The atoms: label  mass x y z (in bohrs)
#
$atoms
6
 C     12.01100      0.000000727604    -0.000036655757    -3.100872494062
 H      1.00800      0.000000385405     2.005969037763    -3.350401612375
 H      1.00800      1.737258642326    -1.003039860794    -3.350393212519
 H      1.00800     -1.737257813021    -1.003039827056    -3.350394069599
 I    126.90000     -0.000000009542     0.000002625662     1.448417398258
 F     18.99800     -0.000000460721     0.000011507060    -7.181176434739

$actual_temperature
  0.000000

$frequency_scale_factor
  1.000000


$end

