
$orca_hessian_file

$act_atom
  0

$act_coord
  0

$act_energy
      -12.422415

$multiplicity
  1

$hessian
18
                    0                  1                  2                  3                  4        
    0      5.4231535190E-01  -1.4260000000E-07  -1.9823000000E-06  -4.0912892500E-02  -1.1578000000E-06
    1     -1.4260000000E-07   5.4232256280E-01  -8.9401000000E-06  -1.0773000000E-06  -3.0605653850E-01
    2     -1.9823000000E-06  -8.9401000000E-06   1.0658560630E-01   6.2940000000E-07   7.2416098700E-02
    3     -4.0912892500E-02  -1.0773000000E-06   6.2940000000E-07   4.3594243700E-02   1.2675000000E-06
    4     -1.1578000000E-06  -3.0605653850E-01   7.2416098700E-02   1.2675000000E-06   3.3715751480E-01
    5      4.1770000000E-07   7.9912554000E-02  -3.6818798400E-02  -3.2740000000E-07  -7.5993276300E-02
    6     -2.3976221520E-01   1.1480913500E-01   6.2708877900E-02  -1.2489065000E-03   1.4394352000E-03
    7      1.1480918680E-01  -1.0719623060E-01  -3.6204099300E-02   2.5890132400E-02  -1.7030731100E-02
    8      6.9201204600E-02  -3.9953330000E-02  -3.6818094300E-02  -5.9100313000E-03   2.8420615000E-03
    9     -2.3976531280E-01  -1.1480792160E-01  -6.2707491800E-02  -1.2491782000E-03  -1.4395617000E-03
   10     -1.1480788300E-01  -1.0719375180E-01  -3.6202712300E-02  -2.5890370900E-02  -1.7030464900E-02
   11     -6.9200270000E-02  -3.9951857600E-02  -3.6817155400E-02   5.9100949000E-03   2.8420135000E-03
   12     -1.5731711000E-02   1.0200000000E-08  -4.8800000000E-08   1.0609960000E-04   9.7000000000E-09
   13     -1.0000000000E-09  -1.5732179300E-02   6.0570000000E-07   5.1300000000E-08   2.1945995000E-03
   14      3.5890000000E-07   1.2164000000E-06  -1.9576663600E-02  -2.4750000000E-07  -1.9391193000E-03
   15     -6.1432204000E-03  -3.6000000000E-09   1.5600000000E-08  -2.8936610000E-04   7.1000000000E-09
   16     -2.5000000000E-09  -6.1438626000E-03  -9.5280000000E-07  -3.0000000000E-09   7.6562030000E-04
   17      2.7110000000E-07   3.5720000000E-07   2.3445105400E-02  -1.1800000000E-07  -1.6777810000E-04
                    5                  6                  7                  8                  9        
    0      4.1770000000E-07  -2.3976221520E-01   1.1480918680E-01   6.9201204600E-02  -2.3976531280E-01
    1      7.9912554000E-02   1.1480913500E-01  -1.0719623060E-01  -3.9953330000E-02  -1.1480792160E-01
    2     -3.6818798400E-02   6.2708877900E-02  -3.6204099300E-02  -3.6818094300E-02  -6.2707491800E-02
    3     -3.2740000000E-07  -1.2489065000E-03   2.5890132400E-02  -5.9100313000E-03  -1.2491782000E-03
    4     -7.5993276300E-02   1.4394352000E-03  -1.7030731100E-02   2.8420615000E-03  -1.4395617000E-03
    5      5.9325817400E-02  -4.9361350000E-04  -6.5383367000E-03   2.6548698000E-03   4.9357620000E-04
    6     -4.9361350000E-04   2.6375949640E-01  -1.2711330540E-01  -6.5806681800E-02  -2.4921327200E-02
    7     -6.5383367000E-03  -1.2711330540E-01   1.1698572230E-01   3.7993814000E-02  -1.2225973700E-02
    8      2.6548698000E-03  -6.5806681800E-02   3.7993814000E-02   5.9323232500E-02  -5.4153294000E-03
    9      4.9357620000E-04  -2.4921327200E-02  -1.2225973700E-02  -5.4153294000E-03   2.6376289230E-01
   10     -6.5381687000E-03   1.2226317000E-02   6.6403601000E-03   3.6965514000E-03   1.2711191410E-01
   11      2.6548335000E-03   5.4155603000E-03   3.6965793000E-03   2.6548710000E-03   6.5805701400E-02
   12     -5.5000000000E-09   1.6717759000E-03  -9.0371640000E-04   1.0392278900E-02   1.6717310000E-03
   13      1.1999581200E-02  -9.0436390000E-04   6.2737060000E-04  -6.0005154000E-03   9.0431860000E-04
   14     -1.8593494200E-02  -1.6789792000E-03   9.6856280000E-04  -1.8592944500E-02   1.6785745000E-03
   15     -4.7400000000E-08   5.0117670000E-04  -4.5632370000E-04  -2.4614410000E-03   5.0119490000E-04
   16     -2.8423536000E-03  -4.5721790000E-04  -2.6491200000E-05   1.4214185000E-03   4.5722430000E-04
   17     -9.2232282000E-03  -1.4516370000E-04   8.3479800000E-05  -9.2219345000E-03   1.4496910000E-04
                   10                 11                 12                 13                 14        
    0     -1.1480788300E-01  -6.9200270000E-02  -1.5731711000E-02  -1.0000000000E-09   3.5890000000E-07
    1     -1.0719375180E-01  -3.9951857600E-02   1.0200000000E-08  -1.5732179300E-02   1.2164000000E-06
    2     -3.6202712300E-02  -3.6817155400E-02  -4.8800000000E-08   6.0570000000E-07  -1.9576663600E-02
    3     -2.5890370900E-02   5.9100949000E-03   1.0609960000E-04   5.1300000000E-08  -2.4750000000E-07
    4     -1.7030464900E-02   2.8420135000E-03   9.7000000000E-09   2.1945995000E-03  -1.9391193000E-03
    5     -6.5381687000E-03   2.6548335000E-03  -5.5000000000E-09   1.1999581200E-02  -1.8593494200E-02
    6      1.2226317000E-02   5.4155603000E-03   1.6717759000E-03  -9.0436390000E-04  -1.6789792000E-03
    7      6.6403601000E-03   3.6965793000E-03  -9.0371640000E-04   6.2737060000E-04   9.6856280000E-04
    8      3.6965514000E-03   2.6548710000E-03   1.0392278900E-02  -6.0005154000E-03  -1.8592944500E-02
    9      1.2711191410E-01   6.5805701400E-02   1.6717310000E-03   9.0431860000E-04   1.6785745000E-03
   10      1.1698300310E-01   3.7992249100E-02   9.0370670000E-04   6.2735600000E-04   9.6857980000E-04
   11      3.7992249100E-02   5.9322353500E-02  -1.0392476600E-02  -6.0003906000E-03  -1.8592908800E-02
   12      9.0370670000E-04  -1.0392476600E-02   1.0473664300E-02  -6.7000000000E-09   2.9410000000E-07
   13      6.2735600000E-04  -6.0003906000E-03  -6.7000000000E-09   1.0474029300E-02   7.4790000000E-07
   14      9.6857980000E-04  -1.8592908800E-02   2.9410000000E-07   7.4790000000E-07   9.0589696200E-02
   15      4.5631600000E-04   2.4613900000E-03   1.8084403000E-03   1.6000000000E-09  -8.0000000000E-10
   16     -2.6502500000E-05   1.4214062000E-03  -3.5000000000E-09   1.8088239000E-03   1.2300000000E-08
   17      8.3500700000E-05  -9.2219939000E-03  -4.2000000000E-08  -2.8900000000E-08  -1.5233685200E-02
                   15                 16                 17        
     0     -6.1432204000E-03  -2.5000000000E-09   2.7110000000E-07
     1     -3.6000000000E-09  -6.1438626000E-03   3.5720000000E-07
     2      1.5600000000E-08  -9.5280000000E-07   2.3445105400E-02
     3     -2.8936610000E-04  -3.0000000000E-09  -1.1800000000E-07
     4      7.1000000000E-09   7.6562030000E-04  -1.6777810000E-04
     5     -4.7400000000E-08  -2.8423536000E-03  -9.2232282000E-03
     6      5.0117670000E-04  -4.5721790000E-04  -1.4516370000E-04
     7     -4.5632370000E-04  -2.6491200000E-05   8.3479800000E-05
     8     -2.4614410000E-03   1.4214185000E-03  -9.2219345000E-03
     9      5.0119490000E-04   4.5722430000E-04   1.4496910000E-04
    10      4.5631600000E-04  -2.6502500000E-05   8.3500700000E-05
    11      2.4613900000E-03   1.4214062000E-03  -9.2219939000E-03
    12      1.8084403000E-03  -3.5000000000E-09  -4.2000000000E-08
    13      1.6000000000E-09   1.8088239000E-03  -2.8900000000E-08
    14     -8.0000000000E-10   1.2300000000E-08  -1.5233685200E-02
    15      3.6217747000E-03   2.5000000000E-09   8.3600000000E-08
    16      2.5000000000E-09   3.6224121000E-03   4.6940000000E-07
    17      8.3600000000E-08   4.6940000000E-07   1.9455736400E-02

$vibrational_frequencies
18
    0        0.0000000000000000
    1        0.0000000000000000
    2        0.0000000000000000
    3        0.0000000000000000
    4        0.0000000000000000
    5        0.0000000000000000
    6      118.8974983117707893
    7      166.3325370671493602
    8      166.3468586539338219
    9      296.6745176269070043
   10      900.7943001963104734
   11      900.8015486491595993
   12     1157.8272820958272860
   13     1419.0117205156527689
   14     1419.0328686306202144
   15     3143.6132413507398269
   16     3182.7371876035103924
   17     3182.7762775511869222

$normal_modes
18 18
                    0                  1                  2                  3                  4        
    0      0.0000000000E+00   0.0000000000E+00   0.0000000000E+00   0.0000000000E+00   0.0000000000E+00
    1      0.0000000000E+00   0.0000000000E+00   0.0000000000E+00   0.0000000000E+00   0.0000000000E+00
    2      0.0000000000E+00   0.0000000000E+00   0.0000000000E+00   0.0000000000E+00   0.0000000000E+00
    3      0.0000000000E+00   0.0000000000E+00   0.0000000000E+00   0.0000000000E+00   0.0000000000E+00
    4      0.0000000000E+00   0.0000000000E+00   0.0000000000E+00   0.0000000000E+00   0.0000000000E+00
    5      0.0000000000E+00   0.0000000000E+00   0.0000000000E+00   0.0000000000E+00   0.0000000000E+00
    6      0.0000000000E+00   0.0000000000E+00   0.0000000000E+00   0.0000000000E+00   0.0000000000E+00
    7      0.0000000000E+00   0.0000000000E+00   0.0000000000E+00   0.0000000000E+00   0.0000000000E+00
    8      0.0000000000E+00   0.0000000000E+00   0.0000000000E+00   0.0000000000E+00   0.0000000000E+00
    9      0.0000000000E+00   0.0000000000E+00   0.0000000000E+00   0.0000000000E+00   0.0000000000E+00
   10      0.0000000000E+00   0.0000000000E+00   0.0000000000E+00   0.0000000000E+00   0.0000000000E+00
   11      0.0000000000E+00   0.0000000000E+00   0.0000000000E+00   0.0000000000E+00   0.0000000000E+00
   12      0.0000000000E+00   0.0000000000E+00   0.0000000000E+00   0.0000000000E+00   0.0000000000E+00
   13      0.0000000000E+00   0.0000000000E+00   0.0000000000E+00   0.0000000000E+00   0.0000000000E+00
   14      0.0000000000E+00   0.0000000000E+00   0.0000000000E+00   0.0000000000E+00   0.0000000000E+00
   15      0.0000000000E+00   0.0000000000E+00   0.0000000000E+00   0.0000000000E+00   0.0000000000E+00
   16      0.0000000000E+00   0.0000000000E+00   0.0000000000E+00   0.0000000000E+00   0.0000000000E+00
   17      0.0000000000E+00   0.0000000000E+00   0.0000000000E+00   0.0000000000E+00   0.0000000000E+00
                    5                  6                  7                  8                  9        
    0      0.0000000000E+00   1.2080541707E-05   4.5051011996E-01   1.1120090342E-03   6.0051280545E-06
    1      0.0000000000E+00   1.7022975379E-04  -1.1119767438E-03   4.5051780940E-01   3.7863240135E-05
    2      0.0000000000E+00  -4.9328056786E-01  -2.0842022194E-07   2.3387037092E-05   7.4334769067E-01
    3      0.0000000000E+00   1.7770005811E-05   4.9434195780E-01   1.2207223129E-03   1.4709466679E-06
    4      0.0000000000E+00   8.1603985206E-02  -1.2186616306E-03   4.9359641196E-01  -8.3176579421E-02
    5      0.0000000000E+00  -9.5508585344E-02  -3.4534518328E-04   1.3936023340E-01   3.5000495935E-01
    6      0.0000000000E+00   7.0512809566E-02   4.9371648963E-01   1.4946722150E-03  -7.2055458444E-02
    7      0.0000000000E+00  -4.0489737737E-02  -1.0006433674E-03   4.9408760204E-01   4.1619912608E-02
    8      0.0000000000E+00  -9.5649758934E-02   1.2086628645E-01  -6.9386712795E-02   3.5003802636E-01
    9      0.0000000000E+00  -7.0480679460E-02   4.9371762796E-01   9.4193609020E-04   7.2062032820E-02
   10      0.0000000000E+00  -4.0491697879E-02  -1.4380497862E-03   4.9408671899E-01   4.1622013139E-02
   11      0.0000000000E+00  -9.5658039567E-02  -1.2052701836E-01  -6.9980728181E-02   3.5003917987E-01
   12      0.0000000000E+00  -7.4312675388E-07  -2.6274311745E-02  -6.4855965223E-05  -3.1596204894E-07
   13      0.0000000000E+00  -9.3793602540E-06   6.4853480388E-05  -2.6274673319E-02  -2.5368437562E-06
   14      0.0000000000E+00  -7.6601538058E-02   1.0148124323E-06   1.0272212753E-05  -1.1107531857E-01
   15      0.0000000000E+00  -5.3213977507E-06  -1.8794068714E-01  -4.6387555459E-04  -2.1129431734E-06
   16      0.0000000000E+00  -7.8003934312E-05   4.6387301984E-04  -1.8794284995E-01  -1.0459995848E-05
   17      0.0000000000E+00   8.3875350011E-01  -6.3243842453E-06  -8.3018226556E-05   2.1626623809E-01
                   10                 11                 12                 13                 14        
    0     -8.1411751555E-02   1.0295222494E-03  -1.9754954961E-07  -7.8873948742E-02  -4.3663262374E-04
    1     -1.0294457580E-03  -8.1408529827E-02  -8.8686429961E-07  -4.3662634282E-04   7.8874026463E-02
    2      6.9377795031E-07   5.4782686604E-06  -6.1496680805E-02   5.8027074473E-07  -1.9175979752E-06
    3      2.2962689445E-01  -2.9028893875E-03   1.6098127091E-06   7.5891632027E-01   4.2062423778E-03
    4      1.7576993705E-03   1.3903702815E-01   1.4296595951E-01  -6.0647578550E-04   1.0873541763E-01
    5      9.7172443326E-03   7.6816456121E-01   5.5812599409E-01  -1.5168310503E-03   2.7334016394E-01
    6      1.6217185227E-01   3.7180510658E-02   1.2381449352E-01   1.1025544172E-01  -3.7510554985E-01
    7      4.1855331891E-02   2.0646798393E-01  -7.1473206016E-02   3.7870793440E-01  -5.3992819608E-01
    8      6.6038137888E-01  -3.9248728987E-01   5.5814642357E-01  -2.3597266381E-01  -1.3796769405E-01
    9      1.6117463761E-01  -4.1270058406E-02  -1.2381089108E-01   1.0608962143E-01   3.7629818721E-01
   10     -3.6620271183E-02   2.0745893688E-01  -7.1472984853E-02  -3.7270235237E-01  -5.4409659325E-01
   11     -6.7009974815E-01  -3.7565547001E-01   5.5814709943E-01   2.3748705066E-01  -1.3534687789E-01
   12      4.0123486268E-03  -5.0751648573E-05  -9.9175899272E-09  -4.0529422410E-04  -2.2431320853E-06
   13      5.0746041126E-05   4.0122453127E-03  -1.3373674471E-07  -2.2526405949E-06   4.0535892950E-04
   14     -4.8688771554E-08  -3.6838188375E-07  -4.8033064787E-03  -2.3273443549E-08   1.4404652455E-08
   15     -4.6703686817E-03   5.9120386308E-05  -8.5411169495E-08   8.2763242948E-04   4.5782254710E-06
   16     -5.9148424987E-05  -4.6712148108E-03   4.0512315147E-07   4.6257500550E-06  -8.2662876763E-04
   17     -5.3712139839E-08  -2.1595726484E-06  -1.7877600165E-02  -8.1717935409E-08  -2.4173206232E-07
                   15                 16                 17        
     0      1.1187163652E-06  -9.4207985701E-02   6.5741883181E-04
     1      4.7818796738E-05  -6.5742125696E-04  -9.4207317753E-02
     2      3.1131629220E-02   8.5627851997E-07   1.8293949448E-05
     3      8.5225581976E-08  -4.0693870758E-02   2.8784464820E-04
     4      5.6178291778E-01   5.4871742989E-03   7.8474299727E-01
     5     -1.3013341337E-01  -1.4621919636E-03  -2.0917593650E-01
     6      4.8704005956E-01   5.7566182060E-01  -3.6106472169E-01
     7     -2.8117143492E-01  -3.5614698966E-01   1.6792368589E-01
     8     -1.3028340406E-01  -1.8035344270E-01   1.0573999381E-01
     9     -4.8705328533E-01   5.8064222731E-01   3.5299148806E-01
    10     -2.8117916931E-01   3.5844488683E-01   1.6293002780E-01
    11     -1.3028410058E-01   1.8180585838E-01   1.0320845672E-01
    12     -6.4068887795E-09   6.0362612358E-06  -3.4350422504E-08
    13      5.4996263421E-09   4.3456494923E-08   6.0503850416E-06
    14      7.1290505759E-05  -2.7535804519E-09   2.7980430518E-08
    15      3.2729654660E-08   3.2798484795E-04  -2.3279515263E-06
    16     -1.4851714589E-07   2.2855066817E-06   3.2818270424E-04
    17      5.7152129749E-04  -4.2551835102E-09   3.1721782105E-07

#
# The atoms: label  mass x y z (in bohrs)
#
$atoms
6
 C     12.01100      0.000000169179    -0.000053533816    -2.856189661236
 H      1.00800     -0.000000012299     1.955643052145    -3.384923256044
 H      1.00800      1.693684941175    -0.977918455945    -3.384895150680
 H      1.00800     -1.693684647500    -0.977918272269    -3.384895943532
 I    126.90000      0.000000027839     0.000002851095     1.427906407690
 F     18.99800     -0.000000307844     0.000025077175    -7.193371778592

$actual_temperature
  0.000000

$frequency_scale_factor
  1.000000


$end

