
$orca_hessian_file

$act_atom
  0

$act_coord
  0

$act_energy
      -12.414928

$multiplicity
  1

$hessian
18
                    0                  1                  2                  3                  4        
    0      4.9646481960E-01   7.6588113000E-03  -1.0245497200E-02  -4.0109640000E-02  -3.7469089000E-03
    1      7.6588113000E-03   4.5018393450E-01  -4.4038283800E-02  -3.8937056000E-03  -2.0442359940E-01
    2     -1.0245497200E-02  -4.4038283800E-02   2.5716016510E-01   1.9518480000E-03   1.1338005520E-01
    3     -4.0109640000E-02  -3.8937056000E-03   1.9518480000E-03   4.7782655000E-02   2.9139290000E-03
    4     -3.7469089000E-03  -2.0442359940E-01   1.1338005520E-01   2.9139290000E-03   2.3767105530E-01
    5      1.8033923000E-03   1.2305237860E-01  -9.6836835100E-02  -1.9831888000E-03  -1.2514439610E-01
    6     -2.1112328720E-01   1.1044167120E-01   4.9711346500E-02  -2.5963700000E-03   3.3976516000E-03
    7      1.1414600230E-01  -1.1556349910E-01  -3.0918537200E-02   2.4930877200E-02  -1.9741988600E-02
    8      5.6470267400E-02  -3.6067372800E-02  -4.9879453800E-02  -1.2056021000E-02   9.6284098000E-03
    9     -2.2920212160E-01  -1.1357219580E-01  -3.9527860000E-02  -2.4658842000E-03  -2.7727906000E-03
   10     -1.1789756740E-01  -1.1247444160E-01  -2.2295614400E-02  -2.4190818800E-02  -1.6328362900E-02
   11     -4.6093694500E-02  -2.6915128100E-02  -4.3247930500E-02   1.2622410800E-02   8.6045720000E-03
   12     -1.6390544200E-02  -6.4455590000E-04  -1.7889679000E-03   1.0308400000E-05   1.0996550000E-04
   13     -4.3472600000E-04  -1.8751362000E-02  -8.8447115000E-03   4.7324440000E-04   5.0942520000E-03
   14     -2.0868563000E-03  -1.5212554600E-02  -6.4629976800E-02  -3.3555340000E-04  -5.6114997000E-03
   15      3.6077340000E-04   9.9747000000E-06  -1.0086940000E-04  -2.6210692000E-03   9.8153400000E-05
   16      2.7438880000E-04   1.0289676000E-03  -7.2829084000E-03  -2.3352620000E-04  -2.2713564000E-03
   17      1.5238840000E-04  -8.1903940000E-04  -2.5659689000E-03  -1.9949560000E-04  -8.5714120000E-04
                    5                  6                  7                  8                  9        
    0      1.8033923000E-03  -2.1112328720E-01   1.1414600230E-01   5.6470267400E-02  -2.2920212160E-01
    1      1.2305237860E-01   1.1044167120E-01  -1.1556349910E-01  -3.6067372800E-02  -1.1357219580E-01
    2     -9.6836835100E-02   4.9711346500E-02  -3.0918537200E-02  -4.9879453800E-02  -3.9527860000E-02
    3     -1.9831888000E-03  -2.5963700000E-03   2.4930877200E-02  -1.2056021000E-02  -2.4658842000E-03
    4     -1.2514439610E-01   3.3976516000E-03  -1.9741988600E-02   9.6284098000E-03  -2.7727906000E-03
    5      1.0615663380E-01  -2.3785920000E-04  -4.2905520000E-03   5.9249933000E-03   4.9564920000E-04
    6     -2.3785920000E-04   2.3682443540E-01  -1.2620131750E-01  -5.3229278800E-02  -2.5300136600E-02
    7     -4.2905520000E-03  -1.2620131750E-01   1.2656760810E-01   3.3884368100E-02  -1.3376178900E-02
    8      5.9249933000E-03  -5.3229278800E-02   3.3884368100E-02   5.9028049800E-02  -3.3067291000E-03
    9      4.9564920000E-04  -2.5300136600E-02  -1.3376178900E-02  -3.3067291000E-03   2.5513388290E-01
   10     -3.9825651000E-03   1.4553345600E-02   9.2782728000E-03   3.4397623000E-03   1.2829036710E-01
   11      5.1047485000E-03   4.8404654000E-03   3.9041373000E-03   2.5644648000E-03   4.2416154100E-02
   12      1.9931700000E-05   2.3111348000E-03   1.4140427000E-03   1.2192995600E-02   1.2866209000E-03
   13      5.5073512000E-03  -1.4362384000E-03  -9.9850960000E-04  -1.0426539100E-02   6.0040400000E-04
   14     -1.6519281500E-02  -1.3553253000E-03  -2.5046453000E-03  -1.6665334000E-02   8.0722800000E-05
   15     -9.7925200000E-05  -1.1577640000E-04  -9.1342570000E-04  -7.1234000000E-05   5.4763870000E-04
   16      4.8577833000E-03  -7.5511260000E-04   4.5811640000E-04  -4.5862820000E-04   8.3039420000E-04
   17     -3.8302590000E-03   2.7065140000E-04  -7.4770900000E-05  -9.7272000000E-04  -1.5793690000E-04
                   10                 11                 12                 13                 14        
    0     -1.1789756740E-01  -4.6093694500E-02  -1.6390544200E-02  -4.3472600000E-04  -2.0868563000E-03
    1     -1.1247444160E-01  -2.6915128100E-02  -6.4455590000E-04  -1.8751362000E-02  -1.5212554600E-02
    2     -2.2295614400E-02  -4.3247930500E-02  -1.7889679000E-03  -8.8447115000E-03  -6.4629976800E-02
    3     -2.4190818800E-02   1.2622410800E-02   1.0308400000E-05   4.7324440000E-04  -3.3555340000E-04
    4     -1.6328362900E-02   8.6045720000E-03   1.0996550000E-04   5.0942520000E-03  -5.6114997000E-03
    5     -3.9825651000E-03   5.1047485000E-03   1.9931700000E-05   5.5073512000E-03  -1.6519281500E-02
    6      1.4553345600E-02   4.8404654000E-03   2.3111348000E-03  -1.4362384000E-03  -1.3553253000E-03
    7      9.2782728000E-03   3.9041373000E-03   1.4140427000E-03  -9.9850960000E-04  -2.5046453000E-03
    8      3.4397623000E-03   2.5644648000E-03   1.2192995600E-02  -1.0426539100E-02  -1.6665334000E-02
    9      1.2829036710E-01   4.2416154100E-02   1.2866209000E-03   6.0040400000E-04   8.0722800000E-05
   10      1.2006967120E-01   2.5518411100E-02  -1.6884933000E-03  -1.2261517000E-03  -2.9985857000E-03
   11      2.5518411100E-02   5.3484968700E-02  -1.3757523800E-02  -1.0672930300E-02  -1.7310207200E-02
   12     -1.6884933000E-03  -1.3757523800E-02   1.2122799400E-02   8.5441570000E-04   3.2825649000E-03
   13     -1.2261517000E-03  -1.0672930300E-02   8.5441570000E-04   1.4785635700E-02   2.3080514800E-02
   14     -2.9985857000E-03  -1.7310207200E-02   3.2825649000E-03   2.3080514800E-02   1.2075833450E-01
   15      9.3316680000E-04  -2.7811900000E-05   6.5968080000E-04  -5.7099600000E-05   4.1444740000E-04
   16      6.8101220000E-04  -4.3906200000E-04  -4.5374700000E-05   1.0961357000E-03   3.2467705000E-03
   17      3.1859180000E-04  -5.9604420000E-04   5.0999600000E-05   1.3563148000E-03  -5.6335350000E-03
                   15                 16                 17        
     0      3.6077340000E-04   2.7438880000E-04   1.5238840000E-04
     1      9.9747000000E-06   1.0289676000E-03  -8.1903940000E-04
     2     -1.0086940000E-04  -7.2829084000E-03  -2.5659689000E-03
     3     -2.6210692000E-03  -2.3352620000E-04  -1.9949560000E-04
     4      9.8153400000E-05  -2.2713564000E-03  -8.5714120000E-04
     5     -9.7925200000E-05   4.8577833000E-03  -3.8302590000E-03
     6     -1.1577640000E-04  -7.5511260000E-04   2.7065140000E-04
     7     -9.1342570000E-04   4.5811640000E-04  -7.4770900000E-05
     8     -7.1234000000E-05  -4.5862820000E-04  -9.7272000000E-04
     9      5.4763870000E-04   8.3039420000E-04  -1.5793690000E-04
    10      9.3316680000E-04   6.8101220000E-04   3.1859180000E-04
    11     -2.7811900000E-05  -4.3906200000E-04  -5.9604420000E-04
    12      6.5968080000E-04  -4.5374700000E-05   5.0999600000E-05
    13     -5.7099600000E-05   1.0961357000E-03   1.3563148000E-03
    14      4.1444740000E-04   3.2467705000E-03  -5.6335350000E-03
    15      1.1687527000E-03  -7.0769500000E-05  -1.1660690000E-04
    16     -7.0769500000E-05  -9.9287550000E-04   7.6044700000E-05
    17     -1.1660690000E-04   7.6044700000E-05   1.3598527100E-02

$vibrational_frequencies
18
    0        0.0000000000000000
    1        0.0000000000000000
    2        0.0000000000000000
    3        0.0000000000000000
    4        0.0000000000000000
    5        0.0000000000000000
    6     -122.5674717442517334
    7      135.0464120305784093
    8      144.3699462646143559
    9      487.0025002535591625
   10      727.1982768690724015
   11      908.8491632755207092
   12     1284.5260856091017558
   13     1436.0347261560625611
   14     1463.9099635528771159
   15     2967.2322574495028675
   16     3063.0078370793357863
   17     3101.3370246857139136

$normal_modes
18 18
                    0                  1                  2                  3                  4        
    0      0.0000000000E+00   0.0000000000E+00   0.0000000000E+00   0.0000000000E+00   0.0000000000E+00
    1      0.0000000000E+00   0.0000000000E+00   0.0000000000E+00   0.0000000000E+00   0.0000000000E+00
    2      0.0000000000E+00   0.0000000000E+00   0.0000000000E+00   0.0000000000E+00   0.0000000000E+00
    3      0.0000000000E+00   0.0000000000E+00   0.0000000000E+00   0.0000000000E+00   0.0000000000E+00
    4      0.0000000000E+00   0.0000000000E+00   0.0000000000E+00   0.0000000000E+00   0.0000000000E+00
    5      0.0000000000E+00   0.0000000000E+00   0.0000000000E+00   0.0000000000E+00   0.0000000000E+00
    6      0.0000000000E+00   0.0000000000E+00   0.0000000000E+00   0.0000000000E+00   0.0000000000E+00
    7      0.0000000000E+00   0.0000000000E+00   0.0000000000E+00   0.0000000000E+00   0.0000000000E+00
    8      0.0000000000E+00   0.0000000000E+00   0.0000000000E+00   0.0000000000E+00   0.0000000000E+00
    9      0.0000000000E+00   0.0000000000E+00   0.0000000000E+00   0.0000000000E+00   0.0000000000E+00
   10      0.0000000000E+00   0.0000000000E+00   0.0000000000E+00   0.0000000000E+00   0.0000000000E+00
   11      0.0000000000E+00   0.0000000000E+00   0.0000000000E+00   0.0000000000E+00   0.0000000000E+00
   12      0.0000000000E+00   0.0000000000E+00   0.0000000000E+00   0.0000000000E+00   0.0000000000E+00
   13      0.0000000000E+00   0.0000000000E+00   0.0000000000E+00   0.0000000000E+00   0.0000000000E+00
   14      0.0000000000E+00   0.0000000000E+00   0.0000000000E+00   0.0000000000E+00   0.0000000000E+00
   15      0.0000000000E+00   0.0000000000E+00   0.0000000000E+00   0.0000000000E+00   0.0000000000E+00
   16      0.0000000000E+00   0.0000000000E+00   0.0000000000E+00   0.0000000000E+00   0.0000000000E+00
   17      0.0000000000E+00   0.0000000000E+00   0.0000000000E+00   0.0000000000E+00   0.0000000000E+00
                    5                  6                  7                  8                  9        
    0      0.0000000000E+00  -2.2827046616E-02   2.0717413987E-01  -1.2360454358E-01  -1.5856809619E-02
    1      0.0000000000E+00  -3.6028106675E-01   1.2253671025E-02   7.7936670626E-02  -1.4828403992E-01
    2      0.0000000000E+00   9.9751636566E-02  -2.0787456711E-03   4.3061879794E-02  -5.9091931186E-01
    3      0.0000000000E+00   4.6040168959E-02   7.1055166010E-01  -4.5704233601E-01  -7.6399004038E-03
    4      0.0000000000E+00  -5.4565305786E-01  -8.8789130154E-03   8.1946663436E-02  -6.4990346760E-02
    5      0.0000000000E+00  -2.0055524750E-01  -1.9182036116E-02   3.3614205796E-02  -4.3652257812E-01
    6      0.0000000000E+00  -6.4651791779E-02  -3.3993134392E-02   3.4535317318E-02   1.0626580737E-02
    7      0.0000000000E+00  -4.9872475652E-01  -4.2821060736E-01   3.6800642944E-01  -1.4910456937E-01
    8      0.0000000000E+00   2.4065094330E-01   1.5530707195E-01  -6.6090832910E-02  -4.5224342719E-01
    9      0.0000000000E+00  -5.7139730861E-02  -2.9815934570E-02   3.1437146531E-02  -4.9785607120E-02
   10      0.0000000000E+00  -3.5916927681E-01   4.5616183388E-01  -2.1055027416E-01  -1.3009139410E-01
   11      0.0000000000E+00   2.2435509312E-01  -1.5150054175E-01   1.3529102392E-01  -4.2722313572E-01
   12      0.0000000000E+00   1.3490240440E-03  -1.2393938313E-02   6.4623296644E-03   1.7295436192E-03
   13      0.0000000000E+00   2.1909937495E-02  -1.1871131512E-03  -1.0057633933E-02   1.4511691628E-02
   14      0.0000000000E+00  -6.1184321571E-03   9.7521106259E-03   1.0523213525E-01   6.2847319224E-02
   15      0.0000000000E+00   9.4400394900E-03  -8.2508387932E-02   5.5729180424E-02   9.5538337033E-04
   16      0.0000000000E+00   1.5589747829E-01  -8.2951236001E-04   5.2057244965E-03   1.5077678524E-02
   17      0.0000000000E+00  -3.6227721933E-02  -6.3010659764E-02  -7.3559380534E-01   2.3619544130E-02
                   10                 11                 12                 13                 14        
    0      7.2504406772E-03  -1.0206000515E-01  -4.1014337328E-03  -2.5241908477E-02  -6.3319280278E-02
    1     -1.2291801069E-01  -5.3538731412E-03  -5.9386817483E-03   7.0130760009E-02  -2.7807915531E-02
    2      1.5792984687E-02   6.6629728308E-04  -1.0149007147E-01  -5.1701994024E-03   6.3317961039E-03
    3      6.1228400304E-03   2.9668219064E-01   3.1432060594E-02   3.0023383426E-01   6.9557208328E-01
    4      3.6816761707E-01   2.0740385218E-02   2.6224932679E-01   1.3765498945E-01  -7.9678796659E-02
    5      7.8026421900E-01   5.2288305021E-02   3.9014409348E-01   1.8128089611E-01  -9.3950574685E-02
    6      9.2988428373E-03   1.9553535255E-01   1.4572646710E-01  -3.3730951249E-01   2.2284606717E-01
    7      8.1570379130E-02   1.5312334814E-01  -3.9009148628E-02  -3.9380800035E-01   4.9013623995E-01
    8     -3.6765773401E-01   6.0070945845E-01   5.9048880324E-01  -1.8212651739E-01  -3.0952428382E-01
    9     -6.2432913820E-02   1.4802814257E-01  -1.1154983005E-01   3.7986131640E-01  -6.2043799740E-02
   10      1.2227733079E-01  -1.5198101474E-01  -3.6552271702E-02  -6.3369549088E-01  -5.9025193070E-02
   11     -2.8155970680E-01  -6.5635301804E-01   6.1842066959E-01   6.7582898771E-02   3.2116318344E-01
   12     -3.0528879991E-04   4.8425525270E-03  -1.0478508791E-04  -2.5562254459E-04  -5.7635522579E-04
   13      5.8853422166E-03   3.1925098672E-04  -1.0754062667E-03   3.6856825229E-04  -1.0472193784E-04
   14     -1.4508002795E-03   9.5993544834E-05  -2.7968718349E-03   7.2052819741E-05   1.4282273697E-05
   15     -5.0351272019E-05  -1.7920225857E-03  -1.8812606597E-04  -5.2157383136E-04  -1.5558475600E-03
   16      8.0496288826E-03   9.1306438471E-05   1.0325903788E-03   4.1348668880E-04  -3.6601857362E-04
   17     -7.2469805254E-03  -8.8442893451E-04  -1.9963001636E-03  -7.5352213437E-04   2.6879381654E-04
                   15                 16                 17        
     0     -4.3809492288E-03  -4.4193452431E-02  -7.9593671549E-02
     1      6.6540119712E-02   4.6829265830E-02  -3.1125072515E-02
     2     -3.9382379890E-02   2.1200421681E-02  -6.4942571333E-03
     3     -1.5952516516E-02  -2.4387926907E-02  -3.7828882796E-02
     4     -8.5084864298E-01   5.9334398677E-02   2.4160919451E-02
     5      5.1416244606E-01  -1.1466808423E-02  -2.5941332121E-02
     6      4.2742368405E-02   7.8731638036E-01   1.7524009408E-01
     7      4.4270995417E-03  -5.0744570836E-01  -1.5073828617E-01
     8     -2.7856020735E-02  -2.1161321676E-01  -5.6828833335E-02
     9      2.5964527809E-02  -2.3575671320E-01   8.1133618732E-01
    10      4.5539607086E-02  -1.0954214169E-01   4.9790826299E-01
    11     -8.3805311696E-03  -3.7795963115E-02   1.6470110545E-01
    12     -3.4733925380E-06  -9.2312628390E-06  -2.6521372365E-05
    13     -5.0494016299E-05   2.5776197437E-05  -1.6300857467E-05
    14     -4.1824955471E-05   5.7152562372E-05  -3.9651350545E-05
    15     -6.1090659841E-06   3.1050122336E-05   1.5937326742E-04
    16      7.6235944041E-04  -1.9068493241E-04   8.4760572349E-05
    17     -1.8001629640E-04   5.6430741363E-05   2.3575708111E-05

#
# The atoms: label  mass x y z (in bohrs)
#
$atoms
6
 C     12.01100     -0.096688060480    -0.674271327432    -2.598082640212
 H      1.00800     -0.059006843514     1.006105473389    -3.785933497684
 H      1.00800      1.562162951553    -1.763406006264    -3.101432459412
 H      1.00800     -1.807713237261    -1.718863126248    -2.975375944206
 I    126.90000      0.001550137182     0.022344128773     1.441060609085
 F     18.99800      0.066933438900     0.408420672747    -7.459910351865

$actual_temperature
  0.000000

$frequency_scale_factor
  1.000000


$end

