
$orca_hessian_file

$act_atom
  0

$act_coord
  0

$act_energy
      -12.415663

$multiplicity
  1

$hessian
18
                    0                  1                  2                  3                  4        
    0      4.8597945650E-01  -1.9124100000E-05  -4.1697900000E-05  -3.8460967300E-02  -7.6589500000E-05
    1     -1.9124100000E-05   4.5185465040E-01  -6.9873596500E-02  -7.6215300000E-05  -1.8591888130E-01
    2     -4.1697900000E-05  -6.9873596500E-02   2.4364862640E-01   6.1869900000E-05   1.1490914080E-01
    3     -3.8460967300E-02  -7.6215300000E-05   6.1869900000E-05   4.5999745800E-02   8.6947400000E-05
    4     -7.6589500000E-05  -1.8591888130E-01   1.1490914080E-01   8.6947400000E-05   2.1289560170E-01
    5      6.2813700000E-05   1.2286480820E-01  -1.0121676280E-01  -6.3926400000E-05  -1.2521112930E-01
    6     -2.1581411340E-01   1.1667236430E-01   2.7270492900E-02  -1.7911494000E-03   1.8668590000E-03
    7      1.2327791250E-01  -1.2343448520E-01  -1.5616166100E-02   2.1312004600E-02  -1.4367748700E-02
    8      3.1387793500E-02  -1.8590738300E-02  -4.0187714800E-02  -1.3515847900E-02   9.4866599000E-03
    9     -2.1606792050E-01  -1.1657477010E-01  -2.7281562400E-02  -1.8161776000E-03  -1.8799499000E-03
   10     -1.2318022650E-01  -1.2318134820E-01  -1.5584564900E-02  -2.1325717000E-02  -1.4343358900E-02
   11     -3.1403815500E-02  -1.8554709500E-02  -4.0181728000E-02   1.3526430300E-02   9.4723018000E-03
   12     -1.5563350000E-02  -2.7371000000E-06  -5.9580000000E-06  -5.9094240000E-04   2.8374000000E-06
   13     -2.1017000000E-06  -2.0181684300E-02  -8.2835354000E-03   2.5741000000E-06   4.9506311000E-03
   14     -7.5526000000E-06  -1.8543156500E-02  -4.6256598900E-02  -5.9251000000E-06  -5.8505305000E-03
   15     -7.3105300000E-05   4.8220000000E-07  -3.1446000000E-06  -3.3405091000E-03  -1.0430000000E-07
   16      1.2940000000E-07   8.6174860000E-04  -5.5512779000E-03   4.0630000000E-07  -3.2162440000E-03
   17      2.4589000000E-06   2.6973926000E-03  -1.5805821900E-02  -2.6009000000E-06  -2.8064427000E-03
                    5                  6                  7                  8                  9        
    0      6.2813700000E-05  -2.1581411340E-01   1.2327791250E-01   3.1387793500E-02  -2.1606792050E-01
    1      1.2286480820E-01   1.1667236430E-01  -1.2343448520E-01  -1.8590738300E-02  -1.1657477010E-01
    2     -1.0121676280E-01   2.7270492900E-02  -1.5616166100E-02  -4.0187714800E-02  -2.7281562400E-02
    3     -6.3926400000E-05  -1.7911494000E-03   2.1312004600E-02  -1.3515847900E-02  -1.8161776000E-03
    4     -1.2521112930E-01   1.8668590000E-03  -1.4367748700E-02   9.4866599000E-03  -1.8799499000E-03
    5      1.1332366100E-01  -1.8218010000E-04  -3.3770699000E-03   5.2938668000E-03   1.7963960000E-04
    6     -1.8218010000E-04   2.4229585690E-01  -1.3168728060E-01  -2.8599432400E-02  -2.7055749300E-02
    7     -3.3770699000E-03  -1.3168728060E-01   1.3027972710E-01   1.9213871100E-02  -1.4677145900E-02
    8      5.2938668000E-03  -2.8599432400E-02   1.9213871100E-02   4.8112741500E-02  -2.2367499000E-03
    9      1.7963960000E-04  -2.7055749300E-02  -1.4677145900E-02  -2.2367499000E-03   2.4257461890E-01
   10     -3.3768722000E-03   1.4715718300E-02   9.5333455000E-03   2.5872860000E-03   1.3156918150E-01
   11      5.2953494000E-03   2.2403120000E-03   2.5853908000E-03   1.9851371000E-03   2.8615362200E-02
   12      4.4390000000E-07   1.8026319000E-03   2.7503016000E-03   1.2889295100E-02   1.8006154000E-03
   13      2.3946625000E-03  -9.1712750000E-04  -2.6016980000E-03  -1.2309407100E-02   9.1191210000E-04
   14     -1.9225525200E-02  -4.3918870000E-04  -3.9994873000E-03  -1.4439903300E-02   4.3294090000E-04
   15      3.2093000000E-06   5.6252320000E-04  -9.7579220000E-04   7.4941600000E-05   5.6461320000E-04
   16      6.7056007000E-03  -6.5053360000E-04   5.9085920000E-04  -3.8767170000E-04   6.5077230000E-04
   17     -3.4705892000E-03  -2.9000360000E-04   1.1934614000E-03  -7.6412730000E-04   2.9036960000E-04
                   10                 11                 12                 13                 14        
    0     -1.2318022650E-01  -3.1403815500E-02  -1.5563350000E-02  -2.1017000000E-06  -7.5526000000E-06
    1     -1.2318134820E-01  -1.8554709500E-02  -2.7371000000E-06  -2.0181684300E-02  -1.8543156500E-02
    2     -1.5584564900E-02  -4.0181728000E-02  -5.9580000000E-06  -8.2835354000E-03  -4.6256598900E-02
    3     -2.1325717000E-02   1.3526430300E-02  -5.9094240000E-04   2.5741000000E-06  -5.9251000000E-06
    4     -1.4343358900E-02   9.4723018000E-03   2.8374000000E-06   4.9506311000E-03  -5.8505305000E-03
    5     -3.3768722000E-03   5.2953494000E-03   4.4390000000E-07   2.3946625000E-03  -1.9225525200E-02
    6      1.4715718300E-02   2.2403120000E-03   1.8026319000E-03  -9.1712750000E-04  -4.3918870000E-04
    7      9.5333455000E-03   2.5853908000E-03   2.7503016000E-03  -2.6016980000E-03  -3.9994873000E-03
    8      2.5872860000E-03   1.9851371000E-03   1.2889295100E-02  -1.2309407100E-02  -1.4439903300E-02
    9      1.3156918150E-01   2.8615362200E-02   1.8006154000E-03   9.1191210000E-04   4.3294090000E-04
   10      1.3000193450E-01   1.9180805400E-02  -2.7550183000E-03  -2.5997442000E-03  -3.9997309000E-03
   11      1.9180805400E-02   4.8111795500E-02  -1.2902786200E-02  -1.2296729200E-02  -1.4444469000E-02
   12     -2.7550183000E-03  -1.2902786200E-02   1.1753737700E-02   4.5136000000E-06   1.7334600000E-05
   13     -2.5997442000E-03  -1.2296729200E-02   4.5136000000E-06   1.9244719100E-02   2.8287530200E-02
   14     -3.9997309000E-03  -1.4444469000E-02   1.7334600000E-05   2.8287530200E-02   9.8009877700E-02
   15      9.7606210000E-04  -7.5502800000E-05   7.9730750000E-04   2.2940000000E-07   2.3909000000E-06
   16      5.8917130000E-04  -3.8705930000E-04   1.0290000000E-07   1.1877763000E-03   4.1053751000E-03
   17      1.1930765000E-03  -7.6608500000E-04   1.6706000000E-06   2.2074791000E-03  -3.6433813000E-03
                   15                 16                 17        
     0     -7.3105300000E-05   1.2940000000E-07   2.4589000000E-06
     1      4.8220000000E-07   8.6174860000E-04   2.6973926000E-03
     2     -3.1446000000E-06  -5.5512779000E-03  -1.5805821900E-02
     3     -3.3405091000E-03   4.0630000000E-07  -2.6009000000E-06
     4     -1.0430000000E-07  -3.2162440000E-03  -2.8064427000E-03
     5      3.2093000000E-06   6.7056007000E-03  -3.4705892000E-03
     6      5.6252320000E-04  -6.5053360000E-04  -2.9000360000E-04
     7     -9.7579220000E-04   5.9085920000E-04   1.1934614000E-03
     8      7.4941600000E-05  -3.8767170000E-04  -7.6412730000E-04
     9      5.6461320000E-04   6.5077230000E-04   2.9036960000E-04
    10      9.7606210000E-04   5.8917130000E-04   1.1930765000E-03
    11     -7.5502800000E-05  -3.8705930000E-04  -7.6608500000E-04
    12      7.9730750000E-04   1.0290000000E-07   1.6706000000E-06
    13      2.2940000000E-07   1.1877763000E-03   2.2074791000E-03
    14      2.3909000000E-06   4.1053751000E-03  -3.6433813000E-03
    15      1.4891705000E-03  -8.7730000000E-07  -1.8945000000E-06
    16     -8.7730000000E-07  -1.3311400000E-05  -4.4849669000E-03
    17     -1.8945000000E-06  -4.4849669000E-03   2.4450004700E-02

$vibrational_frequencies
18
    0        0.0000000000000000
    1        0.0000000000000000
    2        0.0000000000000000
    3        0.0000000000000000
    4        0.0000000000000000
    5        0.0000000000000000
    6     -116.4699288612252843
    7      188.5544534282648499
    8      189.0396522032359883
    9      469.9892198417261966
   10      730.9970155620417245
   11      917.9428201605900313
   12     1256.6252043321198926
   13     1412.8066950666727735
   14     1444.0421791572730399
   15     2892.8374778174775201
   16     3061.0042598347667990
   17     3069.5710343139221550

$normal_modes
18 18
                    0                  1                  2                  3                  4        
    0      0.0000000000E+00   0.0000000000E+00   0.0000000000E+00   0.0000000000E+00   0.0000000000E+00
    1      0.0000000000E+00   0.0000000000E+00   0.0000000000E+00   0.0000000000E+00   0.0000000000E+00
    2      0.0000000000E+00   0.0000000000E+00   0.0000000000E+00   0.0000000000E+00   0.0000000000E+00
    3      0.0000000000E+00   0.0000000000E+00   0.0000000000E+00   0.0000000000E+00   0.0000000000E+00
    4      0.0000000000E+00   0.0000000000E+00   0.0000000000E+00   0.0000000000E+00   0.0000000000E+00
    5      0.0000000000E+00   0.0000000000E+00   0.0000000000E+00   0.0000000000E+00   0.0000000000E+00
    6      0.0000000000E+00   0.0000000000E+00   0.0000000000E+00   0.0000000000E+00   0.0000000000E+00
    7      0.0000000000E+00   0.0000000000E+00   0.0000000000E+00   0.0000000000E+00   0.0000000000E+00
    8      0.0000000000E+00   0.0000000000E+00   0.0000000000E+00   0.0000000000E+00   0.0000000000E+00
    9      0.0000000000E+00   0.0000000000E+00   0.0000000000E+00   0.0000000000E+00   0.0000000000E+00
   10      0.0000000000E+00   0.0000000000E+00   0.0000000000E+00   0.0000000000E+00   0.0000000000E+00
   11      0.0000000000E+00   0.0000000000E+00   0.0000000000E+00   0.0000000000E+00   0.0000000000E+00
   12      0.0000000000E+00   0.0000000000E+00   0.0000000000E+00   0.0000000000E+00   0.0000000000E+00
   13      0.0000000000E+00   0.0000000000E+00   0.0000000000E+00   0.0000000000E+00   0.0000000000E+00
   14      0.0000000000E+00   0.0000000000E+00   0.0000000000E+00   0.0000000000E+00   0.0000000000E+00
   15      0.0000000000E+00   0.0000000000E+00   0.0000000000E+00   0.0000000000E+00   0.0000000000E+00
   16      0.0000000000E+00   0.0000000000E+00   0.0000000000E+00   0.0000000000E+00   0.0000000000E+00
   17      0.0000000000E+00   0.0000000000E+00   0.0000000000E+00   0.0000000000E+00   0.0000000000E+00
                    5                  6                  7                  8                  9        
    0      0.0000000000E+00   1.8324472497E-04   7.7665426172E-04  -1.4464352451E-01   1.1646553464E-04
    1      0.0000000000E+00   3.5727809257E-01   1.7028853765E-01   1.4157894951E-04   2.1279042851E-01
    2      0.0000000000E+00  -1.2405586992E-01  -1.9014580330E-02  -3.7041889883E-06   5.8338316956E-01
    3      0.0000000000E+00   2.9018798476E-04   3.3199245309E-03  -6.6114432520E-01   3.3843967213E-06
    4      0.0000000000E+00   5.6149494676E-01   3.2007828306E-01   4.7962449544E-04   1.9133532936E-02
    5      0.0000000000E+00   1.8240569940E-01   1.9258816199E-01   9.4725766986E-05   2.8734176583E-01
    6      0.0000000000E+00   5.7435820597E-03  -1.9281098393E-03   1.4239484674E-01  -3.1772975302E-02
    7      0.0000000000E+00   4.0983481296E-01   1.9752432862E-01   4.6692756729E-01   1.6908922489E-01
    8      0.0000000000E+00  -2.6524138189E-01  -1.4755934769E-01  -1.7595394805E-01   4.8141498678E-01
    9      0.0000000000E+00  -5.3226940682E-03   7.7895820633E-04   1.4190509237E-01   3.1956630098E-02
   10      0.0000000000E+00   4.0983550876E-01   2.0196773909E-01  -4.6692185451E-01   1.6906874882E-01
   11      0.0000000000E+00  -2.6523032891E-01  -1.4921564206E-01   1.7583552363E-01   4.8131270446E-01
   12      0.0000000000E+00  -1.0781023006E-05  -3.9210672542E-05   7.7291768005E-03  -1.1660286329E-05
   13      0.0000000000E+00  -2.1329759257E-02  -2.4106399830E-03  -4.9340253655E-06  -2.1807612791E-02
   14      0.0000000000E+00   2.6135786823E-02  -1.2045194233E-01  -4.8479662412E-05  -5.4195683154E-02
   15      0.0000000000E+00  -8.1566752095E-05  -3.4428356001E-04   5.9813663446E-02  -5.6696866700E-06
   16      0.0000000000E+00  -1.5668677286E-01  -1.2973746318E-01  -8.2303237796E-05  -7.8213292100E-03
   17      0.0000000000E+00  -7.7679005932E-02   8.2212632533E-01   3.2742648779E-04  -7.3147334988E-02
                   10                 11                 12                 13                 14        
    0     -5.7597431595E-05  -9.9174612855E-02   2.1392740824E-06  -6.7842756827E-02  -3.7872487485E-05
    1     -1.1287706093E-01   5.3375473032E-05   8.0155876100E-03   3.0885354827E-05  -7.6784330386E-02
    2      4.1624410543E-02  -5.6517810088E-06   1.0128624501E-01   2.5997267441E-06   8.3778028880E-03
    3      2.2293235793E-04   3.0635491858E-01  -1.1769046608E-04   7.6310827311E-01  -1.1308899312E-04
    4      4.1808055222E-01  -1.7279606911E-04  -2.7622229232E-01  -3.8406794950E-04  -1.5404774023E-01
    5      7.9324608784E-01  -2.5641730990E-05  -3.5253925013E-01   2.1044649993E-05  -1.5627431865E-01
    6      4.0419479189E-02   1.6025306450E-01  -9.3997287667E-02   8.9432577467E-02   3.9632497843E-01
    7      5.4698319416E-02   2.1367544341E-01  -3.7270983322E-04   2.5296178026E-01   5.6163498523E-01
    8     -2.9319025696E-01   6.1384214957E-01  -6.2107047598E-01  -3.6679502110E-01   2.0477448205E-02
    9     -4.0368071600E-02   1.6001619072E-01   9.3991699240E-02   8.9136279938E-02  -3.9573864148E-01
   10      5.4751675295E-02  -2.1384784178E-01  -4.9646981628E-04  -2.5300677195E-01   5.6207264615E-01
   11     -2.9324382691E-01  -6.1384754275E-01  -6.2103228851E-01   3.6684318174E-01   2.0458793482E-02
   12      2.6050991746E-06   4.6959348573E-03   8.4881414293E-07  -7.4613513799E-04  -1.7146911661E-07
   13      4.9619780285E-03  -2.3868843107E-06   1.6295793269E-03   2.5526017563E-07  -3.8082939489E-04
   14     -3.7704345382E-03   5.6551732424E-07   2.8883469914E-03  -5.9787212066E-07  -5.0974527145E-05
   15      4.4573639170E-06  -1.9141502042E-03  -4.8132499216E-07  -2.0879380093E-03  -2.0426498961E-08
   16      1.0229528143E-02   5.1367540919E-07  -1.2506914213E-03   1.5336142591E-06  -3.5968669299E-04
   17     -1.2103861045E-02   1.4423928640E-06   1.2800730983E-03  -1.3219428140E-06   1.1634729227E-03
                   15                 16                 17        
     0      3.0428921970E-05  -4.3271857999E-05  -9.1956204769E-02
     1      5.7612585007E-02  -6.5553278916E-02   5.5071408263E-05
     2     -4.4785600379E-02  -8.1920671308E-03   1.7607248909E-06
     3     -4.2440031551E-04   2.3069258131E-05  -4.3109349049E-02
     4     -8.2007774642E-01   5.6681449823E-02   1.0937387670E-05
     5      5.5302062376E-01  -6.4257897310E-02   1.2688779374E-05
     6     -6.5691343739E-02  -5.9584178237E-01   5.6834341247E-01
     7      6.1871680345E-02   3.6361160027E-01  -4.0585828296E-01
     8     -3.8420771926E-03   8.2575447277E-02  -8.4842529132E-02
     9      6.5746410145E-02   5.9632607462E-01   5.6866344510E-01
    10      6.1794898922E-02   3.6305721554E-01   4.0519188503E-01
    11     -3.8417239118E-03   8.2576606034E-02   8.4814918317E-02
    12     -4.5832636621E-08   2.7429047001E-08  -2.0229353221E-05
    13     -9.0513036437E-05  -2.9233154477E-05   1.0107947745E-08
    14     -1.2861009739E-04  -5.0658966994E-05  -2.8765923965E-08
    15      6.6443630287E-07   2.5461277351E-07   2.3183449897E-04
    16      1.1308454730E-03   7.6484503597E-05  -1.0744074591E-07
    17      2.3902254336E-04   1.6434529792E-04  -1.2929042765E-07

#
# The atoms: label  mass x y z (in bohrs)
#
$atoms
6
 C     12.01100     -0.000574392147    -1.061426292191    -2.602593636281
 H      1.00800      0.000251841406     0.538653629679    -3.898186541797
 H      1.00800      1.675876890025    -2.201831855287    -2.874984551222
 H      1.00800     -1.678220758848    -2.200079670425    -2.874958842642
 I    126.90000      0.000034468958     0.041024577919     1.413364525511
 F     18.99800      0.000243903408     0.602007380607    -7.283445159851

$actual_temperature
  0.000000

$frequency_scale_factor
  1.000000


$end

