
$orca_hessian_file

$act_atom
  0

$act_coord
  0

$act_energy
      -12.416277

$multiplicity
  1

$hessian
18
                    0                  1                  2                  3                  4        
    0      4.7903707230E-01  -3.5700000000E-08  -9.8940000000E-07  -4.0399505700E-02  -6.7290000000E-07
    1     -3.5700000000E-08   4.7903953400E-01  -2.2732400000E-05  -5.7180000000E-07  -2.6680980920E-01
    2     -9.8940000000E-07  -2.2732400000E-05   2.5908355190E-01   4.2890000000E-07   9.0464930700E-02
    3     -4.0399505700E-02  -5.7180000000E-07   4.2890000000E-07   4.6285842100E-02   8.1520000000E-07
    4     -6.7290000000E-07  -2.6680980920E-01   9.0464930700E-02   8.1520000000E-07   3.0500694090E-01
    5      3.6180000000E-07   1.0276753330E-01  -6.4942474000E-02  -3.1170000000E-07  -9.6705691100E-02
    6     -2.1021140470E-01   9.8048802800E-02   7.8327577300E-02  -2.5487284000E-03   3.5567275000E-03
    7      9.8048572300E-02  -9.7009894300E-02  -4.5214804200E-02   2.8193694500E-02  -2.0884460100E-02
    8      8.8979337300E-02  -5.1374297100E-02  -6.4929264700E-02  -7.4115540000E-03   4.3349634000E-03
    9     -2.1021536230E-01  -9.8048224600E-02  -7.8326444700E-02  -2.5490174000E-03  -3.5568658000E-03
   10     -9.8047874200E-02  -9.7007836200E-02  -4.5213005000E-02  -2.8194008600E-02  -2.0884172500E-02
   11     -8.8978430200E-02  -5.1372374000E-02  -6.4927681300E-02   7.4116857000E-03   4.3349192000E-03
   12     -1.7593945700E-02   2.1800000000E-08  -3.7990000000E-07   5.0158370000E-04  -1.0000000000E-10
   13      4.7000000000E-09  -1.7594742200E-02  -5.2089000000E-06   7.2100000000E-08   3.5941832000E-03
   14     -2.9660000000E-07   6.7740000000E-07  -7.5244696500E-02  -1.8870000000E-07  -2.5719872000E-03
   15     -6.1685390000E-04   7.6000000000E-09  -1.9230000000E-07  -1.2901743000E-03  -3.9000000000E-09
   16      5.9000000000E-09  -6.1725210000E-04  -9.1802000000E-06  -1.5000000000E-09  -2.2682300000E-05
   17      1.7100000000E-08   1.1928000000E-06   1.0960564700E-02  -6.0300000000E-08   1.4286490000E-04
                    5                  6                  7                  8                  9        
    0      3.6180000000E-07  -2.1021140470E-01   9.8048572300E-02   8.8979337300E-02  -2.1021536230E-01
    1      1.0276753330E-01   9.8048802800E-02  -9.7009894300E-02  -5.1374297100E-02  -9.8048224600E-02
    2     -6.4942474000E-02   7.8327577300E-02  -4.5214804200E-02  -6.4929264700E-02  -7.8326444700E-02
    3     -3.1170000000E-07  -2.5487284000E-03   2.8193694500E-02  -7.4115540000E-03  -2.5490174000E-03
    4     -9.6705691100E-02   3.5567275000E-03  -2.0884460100E-02   4.3349634000E-03  -3.5568658000E-03
    5      7.8653515300E-02   4.8321600000E-05  -8.5823168000E-03   5.0328216000E-03  -4.8322900000E-05
    6      4.8321600000E-05   2.4032971360E-01  -1.1203896410E-01  -8.3727752900E-02  -3.0047067900E-02
    7     -8.5823168000E-03  -1.1203896410E-01   1.1097712800E-01   4.8342505000E-02  -1.2318463000E-02
    8      5.0328216000E-03  -8.3727752900E-02   4.8342505000E-02   7.8638490700E-02  -7.4567730000E-03
    9     -4.8322900000E-05  -3.0047067900E-02  -1.2318463000E-02  -7.4567730000E-03   2.4033395580E-01
   10     -8.5820406000E-03   1.2318889600E-02   6.6203261000E-03   4.2503151000E-03   1.1203816200E-01
   11      5.0327538000E-03   7.4571669000E-03   4.2503605000E-03   5.0316486000E-03   8.3726653000E-02
   12     -3.4000000000E-08   2.8184814000E-03  -1.3370518000E-03   1.0127477000E-02   2.8184271000E-03
   13      1.1691209400E-02  -1.3376880000E-03   1.2720765000E-03  -5.8484804000E-03   1.3376187000E-03
   14     -1.7086574100E-02  -2.2285976000E-03   1.2783861000E-03  -1.7087749400E-02   2.2282847000E-03
   15     -1.4900000000E-08  -3.4099400000E-04  -5.4778790000E-04  -5.1073430000E-04  -3.4093520000E-04
   16     -5.8869420000E-04  -5.4776790000E-04  -9.7517620000E-04   2.9499390000E-04   5.4777260000E-04
   17     -6.6900427000E-03   1.2328470000E-04  -7.4130700000E-05  -6.6859467000E-03  -1.2339710000E-04
                   10                 11                 12                 13                 14        
    0     -9.8047874200E-02  -8.8978430200E-02  -1.7593945700E-02   4.7000000000E-09  -2.9660000000E-07
    1     -9.7007836200E-02  -5.1372374000E-02   2.1800000000E-08  -1.7594742200E-02   6.7740000000E-07
    2     -4.5213005000E-02  -6.4927681300E-02  -3.7990000000E-07  -5.2089000000E-06  -7.5244696500E-02
    3     -2.8194008600E-02   7.4116857000E-03   5.0158370000E-04   7.2100000000E-08  -1.8870000000E-07
    4     -2.0884172500E-02   4.3349192000E-03  -1.0000000000E-10   3.5941832000E-03  -2.5719872000E-03
    5     -8.5820406000E-03   5.0327538000E-03  -3.4000000000E-08   1.1691209400E-02  -1.7086574100E-02
    6      1.2318889600E-02   7.4571669000E-03   2.8184814000E-03  -1.3376880000E-03  -2.2285976000E-03
    7      6.6203261000E-03   4.2503605000E-03  -1.3370518000E-03   1.2720765000E-03   1.2783861000E-03
    8      4.2503151000E-03   5.0316486000E-03   1.0127477000E-02  -5.8484804000E-03  -1.7087749400E-02
    9      1.1203816200E-01   8.3726653000E-02   2.8184271000E-03   1.3376187000E-03   2.2282847000E-03
   10      1.1097479460E-01   4.8340477300E-02   1.3370432000E-03   1.2720513000E-03   1.2783766000E-03
   11      4.8340477300E-02   7.8636883200E-02  -1.0127786700E-02  -5.8483871000E-03  -1.7087762700E-02
   12      1.3370432000E-03  -1.0127786700E-02   1.0459344200E-02  -4.5000000000E-09   7.1510000000E-07
   13      1.2720513000E-03  -5.8483871000E-03  -4.5000000000E-09   1.0459479700E-02   9.4326000000E-06
   14      1.2783766000E-03  -1.7087762700E-02   7.1510000000E-07   9.4326000000E-06   1.3934781690E-01
   15      5.4778800000E-04   5.1071120000E-04   9.9610920000E-04  -3.1000000000E-09   8.3100000000E-08
   16     -9.7516330000E-04   2.9500400000E-04  -8.6000000000E-09   9.9695150000E-04   5.1144000000E-06
   17     -7.4123500000E-05  -6.6858415000E-03   8.5000000000E-09   1.4344000000E-06  -1.2841034200E-02
                   15                 16                 17        
     0     -6.1685390000E-04   5.9000000000E-09   1.7100000000E-08
     1      7.6000000000E-09  -6.1725210000E-04   1.1928000000E-06
     2     -1.9230000000E-07  -9.1802000000E-06   1.0960564700E-02
     3     -1.2901743000E-03  -1.5000000000E-09  -6.0300000000E-08
     4     -3.9000000000E-09  -2.2682300000E-05   1.4286490000E-04
     5     -1.4900000000E-08  -5.8869420000E-04  -6.6900427000E-03
     6     -3.4099400000E-04  -5.4776790000E-04   1.2328470000E-04
     7     -5.4778790000E-04  -9.7517620000E-04  -7.4130700000E-05
     8     -5.1073430000E-04   2.9499390000E-04  -6.6859467000E-03
     9     -3.4093520000E-04   5.4777260000E-04  -1.2339710000E-04
    10      5.4778800000E-04  -9.7516330000E-04  -7.4123500000E-05
    11      5.1071120000E-04   2.9500400000E-04  -6.6858415000E-03
    12      9.9610920000E-04  -8.6000000000E-09   8.5000000000E-09
    13     -3.1000000000E-09   9.9695150000E-04   1.4344000000E-06
    14      8.3100000000E-08   5.1144000000E-06  -1.2841034200E-02
    15      1.5928481000E-03  -6.0000000000E-10   1.4720000000E-07
    16     -6.0000000000E-10   1.5933223000E-03   2.7621000000E-06
    17      1.4720000000E-07   2.7621000000E-06   2.1942300300E-02

$vibrational_frequencies
18
    0        0.0000000000000000
    1        0.0000000000000000
    2        0.0000000000000000
    3        0.0000000000000000
    4        0.0000000000000000
    5        0.0000000000000000
    6      116.0176828424286981
    7      116.0348193224571105
    8      177.4246496445181265
    9      487.2440752940058815
   10      837.9790504293576987
   11      838.0190083947921948
   12     1313.1650807302646626
   13     1481.1363802570599546
   14     1481.1527252126497842
   15     3088.6897681623659082
   16     3088.7096257438365683
   17     3109.1231267515136096

$normal_modes
18 18
                    0                  1                  2                  3                  4        
    0      0.0000000000E+00   0.0000000000E+00   0.0000000000E+00   0.0000000000E+00   0.0000000000E+00
    1      0.0000000000E+00   0.0000000000E+00   0.0000000000E+00   0.0000000000E+00   0.0000000000E+00
    2      0.0000000000E+00   0.0000000000E+00   0.0000000000E+00   0.0000000000E+00   0.0000000000E+00
    3      0.0000000000E+00   0.0000000000E+00   0.0000000000E+00   0.0000000000E+00   0.0000000000E+00
    4      0.0000000000E+00   0.0000000000E+00   0.0000000000E+00   0.0000000000E+00   0.0000000000E+00
    5      0.0000000000E+00   0.0000000000E+00   0.0000000000E+00   0.0000000000E+00   0.0000000000E+00
    6      0.0000000000E+00   0.0000000000E+00   0.0000000000E+00   0.0000000000E+00   0.0000000000E+00
    7      0.0000000000E+00   0.0000000000E+00   0.0000000000E+00   0.0000000000E+00   0.0000000000E+00
    8      0.0000000000E+00   0.0000000000E+00   0.0000000000E+00   0.0000000000E+00   0.0000000000E+00
    9      0.0000000000E+00   0.0000000000E+00   0.0000000000E+00   0.0000000000E+00   0.0000000000E+00
   10      0.0000000000E+00   0.0000000000E+00   0.0000000000E+00   0.0000000000E+00   0.0000000000E+00
   11      0.0000000000E+00   0.0000000000E+00   0.0000000000E+00   0.0000000000E+00   0.0000000000E+00
   12      0.0000000000E+00   0.0000000000E+00   0.0000000000E+00   0.0000000000E+00   0.0000000000E+00
   13      0.0000000000E+00   0.0000000000E+00   0.0000000000E+00   0.0000000000E+00   0.0000000000E+00
   14      0.0000000000E+00   0.0000000000E+00   0.0000000000E+00   0.0000000000E+00   0.0000000000E+00
   15      0.0000000000E+00   0.0000000000E+00   0.0000000000E+00   0.0000000000E+00   0.0000000000E+00
   16      0.0000000000E+00   0.0000000000E+00   0.0000000000E+00   0.0000000000E+00   0.0000000000E+00
   17      0.0000000000E+00   0.0000000000E+00   0.0000000000E+00   0.0000000000E+00   0.0000000000E+00
                    5                  6                  7                  8                  9        
    0      0.0000000000E+00   4.2737754011E-01   1.4876088244E-03   1.9180020678E-05  -5.2854448105E-06
    1      0.0000000000E+00   1.4876852582E-03  -4.2737720147E-01   6.7131058731E-04  -1.4994756405E-04
    2      0.0000000000E+00  -5.3332033370E-06   1.3430923098E-04   1.3477780787E-01  -6.3804289470E-01
    3      0.0000000000E+00   4.8788299482E-01   1.7055184679E-03   2.0207109766E-05  -2.7581032909E-06
    4      0.0000000000E+00   1.7513202746E-03  -5.0298986133E-01  -2.8989768565E-02   5.9597100127E-02
    5      0.0000000000E+00   6.3298022633E-04  -1.8263830608E-01   2.1449084311E-02  -4.3855399271E-01
    6      0.0000000000E+00   4.9892874601E-01   8.3766251293E-03  -2.5739277241E-02   5.1721689192E-02
    7      0.0000000000E+00  -5.1964625806E-03  -4.9142353784E-01   1.5547876788E-02  -2.9845780187E-02
    8      0.0000000000E+00   1.5789080893E-01   9.1971644733E-02   2.1219153544E-02  -4.3872544282E-01
    9      0.0000000000E+00   4.9897291720E-01  -4.9098766604E-03   2.5780803242E-02  -5.1728457977E-02
   10      0.0000000000E+00   8.6167784908E-03  -4.9136142290E-01   1.5548523862E-02  -2.9846507354E-02
   11      0.0000000000E+00  -1.5853546198E-01   9.0867941812E-02   2.1209161969E-02  -4.3872699708E-01
   12      0.0000000000E+00  -2.6079985697E-02  -9.0777247922E-05  -1.2226187246E-06   3.4001000872E-07
   13      0.0000000000E+00  -9.0779940145E-05   2.6079889410E-02  -4.2967040098E-05   9.7157934291E-06
   14      0.0000000000E+00  -6.7158278687E-07   2.4824783388E-05   1.3342136103E-01   6.9902368987E-02
   15      0.0000000000E+00  -1.7482642303E-01  -6.0857363413E-04  -7.2348609131E-06   1.5759191184E-06
   16      0.0000000000E+00  -6.0857050771E-04   1.7482633021E-01  -2.4918829447E-04   3.4952885497E-05
   17      0.0000000000E+00   8.4770588554E-06  -2.6141403792E-04  -9.7980710515E-01   6.2878759792E-03
                   10                 11                 12                 13                 14        
    0      9.4725417409E-04  -1.0561286013E-01   2.9116508357E-07   7.1076284054E-02  -6.4807087525E-04
    1     -1.0561268845E-01  -9.4718276574E-04   9.8084857022E-06   6.4802928055E-04   7.1076988016E-02
    2      3.0379567938E-05   1.0933234419E-06   9.1158103814E-02  -5.0770688069E-07  -2.3973765162E-05
    3     -2.3160982943E-03   2.5846310849E-01  -1.0510354185E-06  -7.4400624474E-01   6.7892807545E-03
    4      2.0431280537E-01   1.8323698417E-03  -2.0810472749E-01   1.2514384187E-03   1.3680061104E-01
    5      7.4210725168E-01   6.6590239175E-03  -5.3583796450E-01   2.7548809547E-03   3.0165944094E-01
    6      2.1513215576E-02   2.1800639688E-01  -1.8025628288E-01  -8.6892505296E-02  -3.8062141609E-01
    7      2.4464080397E-01   2.5696022509E-02   1.0398920697E-01  -3.8615214046E-01  -5.2035461494E-01
    8     -3.7675630045E-01   6.3930674088E-01  -5.3598015045E-01   2.5988242649E-01  -1.5311668466E-01
    9     -2.5421575680E-02   2.1757801285E-01   1.8025159891E-01  -7.9931995497E-02   3.8213677047E-01
   10      2.4505987588E-01  -2.1303579463E-02   1.0398771593E-01   3.7659556157E-01  -5.2731805719E-01
   11     -3.6522199031E-01  -6.4596600408E-01  -5.3598218260E-01  -2.6263401305E-01  -1.4835396182E-01
   12     -4.3141255568E-05   4.8086548574E-03   1.2523307238E-08   4.0082068648E-04  -3.6535309600E-06
   13      4.8087772855E-03   4.3135430164E-05   3.5139860160E-07   3.6649078530E-06   4.0088311895E-04
   14     -2.3422997443E-06  -5.9640881559E-08   2.7138633299E-03   1.9863605558E-08   7.2836823842E-07
   15      1.9549926945E-05  -2.1740255165E-03   3.6556409456E-08   7.1354872110E-04  -6.4985713358E-06
   16     -2.1731461053E-03  -1.9574969967E-05  -1.7673008205E-06   6.4756866229E-06   7.1487876188E-04
   17     -1.0403397960E-05  -2.8014977787E-07   9.5469764424E-03   1.3507819419E-08   2.7445723637E-07
                   15                 16                 17        
     0     -8.9511663175E-02   1.0485531395E-03  -1.9826230555E-06
     1      1.0485479961E-03   8.9511367107E-02   5.0652914846E-05
     2      1.6503852053E-06   2.2383379209E-05  -4.4501138130E-02
     3     -4.7548325506E-02   5.5396967025E-04   2.4131621379E-08
     4     -8.8482547988E-03  -7.5667279747E-01  -5.4764358990E-01
     5      3.4266332704E-03   2.9295157865E-01   1.8254112186E-01
     6      5.5998440847E-01   3.4219367293E-01  -4.7366382217E-01
     7     -3.5022281419E-01  -1.4970061425E-01   2.7351993839E-01
     8     -2.5546263957E-01  -1.4364546647E-01   1.8222525422E-01
     9      5.5180540237E-01  -3.5521407747E-01   4.7368712985E-01
    10      3.4660448298E-01  -1.5785678470E-01   2.7353336867E-01
    11      2.5201606224E-01  -1.4958391035E-01   1.8223025249E-01
    12      1.0410078068E-05  -1.3039629824E-07   6.9605697086E-09
    13     -1.2271017742E-07  -1.0451845003E-05  -6.6397005021E-08
    14     -4.0261531345E-10   5.0632142568E-08  -3.8267530026E-05
    15      5.5170558428E-05  -6.0312268181E-07  -3.0975307309E-08
    16     -6.4319171926E-07  -5.5303358670E-05  -2.6114719013E-07
    17      1.7471810570E-08   2.4995055039E-07  -6.3234456050E-04

#
# The atoms: label  mass x y z (in bohrs)
#
$atoms
6
 C     12.01100     -0.000004484843    -0.000178411802    -2.647702145006
 H      1.00800     -0.000006303835     1.887779517607    -3.428136307899
 H      1.00800      1.635065814950    -0.944236498838    -3.427939774872
 H      1.00800     -1.635077687454    -0.944236074781    -3.427933775051
 I    126.90000      0.000000068248     0.000002938906     1.410201660447
 F     18.99800      0.000003343959     0.000129937754    -7.200060970121

$actual_temperature
  0.000000

$frequency_scale_factor
  1.000000


$end

