*************************************************
******************* ORCA 6.1.0 ******************
*************************************************
$Calculation_Status
   &GeometryIndex 0
   &version [&Type "String"] "6.1.0"
   &progName [&Type "String"] "orca"
   &Status [&Type "String"] "NORMAL TERMINATION"
$End
$Geometry
   &GeometryIndex 1
   &NAtoms [&Type "Integer"] 6
   &NCorelessECP [&Type "Integer"] 0
   &NGhostAtoms [&Type "Integer"] 0
   &CartesianCoordinates [&Type "Coordinates", &Dim(6,4), &Units "Bohr"] 
              C      0.000000000000    0.000000000000   -0.320195196132
              H      0.000000000000    2.050352855305    0.000000000000
              H      1.775658485025   -1.025176427652    0.000000000000
              H     -1.775658485025   -1.025176427652    0.000000000000
              Br     0.000000000000    0.000000000000    4.079087243637
              F      0.000000000000    0.000000000000   -3.918989645571
$End
$Single_Point_Data
   &GeometryIndex 1
   &FinalEnergy [&Type "Double"]      -1.2690604948110000e+01  "Final single point energy"
   &Converged [&Type "Boolean"] true
$End
$Hessian
   &GeometryIndex 1
   &HESSIAN [&Type "ArrayOfDoubles", &Dim (18,18)] "The Hessian"
                                                         0                           1                           2                           3                           4                           5                           6                           7

0                                      4.9870636940000002e-01        -2.7000000000000002e-09        -1.6691000000000000e-06        -4.6619874399999997e-02        -1.2467000000000001e-06        -1.1420000000000000e-07        -2.0940944030000000e-01         9.3987562900000002e-02
1                                     -2.7000000000000002e-09         4.9870430180000003e-01         8.1090000000000004e-07        -1.2803000000000000e-06        -2.6368173909999998e-01        -3.9847659299999998e-02         9.3989833999999994e-02        -1.0087821160000000e-01
2                                     -1.6691000000000000e-06         8.1090000000000004e-07         1.9425195400000001e-02        -8.4999999999999994e-08        -3.2300917200000001e-02        -1.9196856799999999e-02        -2.7972691599999999e-02         1.6149908099999999e-02
3                                     -4.6619874399999997e-02        -1.2803000000000000e-06        -8.4999999999999994e-08         4.3560032300000003e-02         1.3895000000000000e-06         1.9910000000000000e-07         9.2086079999999996e-04         2.4617739199999999e-02
4                                     -1.2467000000000001e-06        -2.6368173909999998e-01        -3.2300917200000001e-02         1.3895000000000000e-06         2.8847638479999999e-01         3.0003669100000002e-02        -1.3603519999999999e-04        -1.3214112500000000e-02
5                                     -1.1420000000000000e-07        -3.9847659299999998e-02        -1.9196856799999999e-02         1.9910000000000000e-07         3.0003669100000002e-02         5.5489458800000002e-02        -6.2106170000000003e-04         2.3759047000000001e-03
6                                     -2.0940944030000000e-01         9.3989833999999994e-02        -2.7972691599999999e-02         9.2086079999999996e-04        -1.3603519999999999e-04        -6.2106170000000003e-04         2.2724106550000001e-01        -1.0605013650000000e-01
7                                      9.3987562900000002e-02        -1.0087821160000000e-01         1.6149908099999999e-02         2.4617739199999999e-02        -1.3214112500000000e-02         2.3759047000000001e-03        -1.0605013650000000e-01         1.0478568030000000e-01
8                                     -3.4509337700000003e-02         1.9923157800000001e-02        -1.9196890300000002e-02         1.7474933000000000e-03        -1.7259497999999999e-03        -1.2974360000000000e-04         2.5983276499999999e-02        -1.5001026500000000e-02
9                                     -2.0941097730000000e-01        -9.3988554700000004e-02         2.7974168300000001e-02         9.2059260000000001e-04         1.3587300000000001e-04         6.2108390000000001e-04        -2.0281253799999999e-02        -1.2375982799999999e-02
10                                    -9.3986316000000000e-02        -1.0087623560000000e-01         1.6150272800000001e-02        -2.4617872999999998e-02        -1.3213859999999999e-02         2.3760724000000000e-03         1.2376271800000000e-02         7.9854116000000006e-03
11                                     3.4510872900000003e-02         1.9923408900000002e-02        -1.9197365200000000e-02        -1.7475215999999999e-03        -1.7259338999999999e-03        -1.2973090000000000e-04        -2.3684031999999999e-03        -6.4987620000000004e-04
12                                    -1.1658023700000001e-02         1.1400000000000000e-08         1.0460000000000000e-07        -4.9343130000000001e-04         1.0800000000000001e-08        -1.7700000000000000e-08        -1.3399035999999999e-03         4.8876599999999996e-04
13                                     1.0000000000000001e-09        -1.1658650600000001e-02         3.0400000000000001e-08         4.9600000000000001e-08        -1.6217159000000000e-03         1.5158077300000000e-02         4.8840980000000003e-04        -7.7593460000000003e-04
14                                     8.1199999999999999e-08         2.3680000000000000e-07         1.1856548099999999e-02        -6.2499999999999997e-08         5.0633081000000003e-03        -2.7446224599999999e-02         4.3850314000000003e-03        -2.5320238999999999e-03
15                                    -2.1608053900000000e-02        -7.6999999999999995e-09         1.7280000000000001e-07         1.7118200000000000e-03         8.5999999999999993e-09        -8.9500000000000001e-08         2.8686712999999998e-03        -6.6794890000000000e-04
16                                     1.6000000000000001e-09        -2.1609464900000000e-02        -1.0490000000000001e-07        -2.4900000000000001e-08         3.2550425999999999e-03        -1.0066064300000000e-02        -6.6834380000000001e-04         2.0971666999999999e-03
17                                     1.6689999999999999e-07         4.4899999999999998e-08         2.6309368900000001e-02        -2.3400000000000001e-08         6.8582370000000003e-04        -8.5869029000000003e-03         5.9384860000000000e-04        -3.4288620000000000e-04
                                                         8                           9                          10                          11                          12                          13                          14                          15

0                                     -3.4509337700000003e-02        -2.0941097730000000e-01        -9.3986316000000000e-02         3.4510872900000003e-02        -1.1658023700000001e-02         1.0000000000000001e-09         8.1199999999999999e-08        -2.1608053900000000e-02
1                                      1.9923157800000001e-02        -9.3988554700000004e-02        -1.0087623560000000e-01         1.9923408900000002e-02         1.1400000000000000e-08        -1.1658650600000001e-02         2.3680000000000000e-07        -7.6999999999999995e-09
2                                     -1.9196890300000002e-02         2.7974168300000001e-02         1.6150272800000001e-02        -1.9197365200000000e-02         1.0460000000000000e-07         3.0400000000000001e-08         1.1856548099999999e-02         1.7280000000000001e-07
3                                      1.7474933000000000e-03         9.2059260000000001e-04        -2.4617872999999998e-02        -1.7475215999999999e-03        -4.9343130000000001e-04         4.9600000000000001e-08        -6.2499999999999997e-08         1.7118200000000000e-03
4                                     -1.7259497999999999e-03         1.3587300000000001e-04        -1.3213859999999999e-02        -1.7259338999999999e-03         1.0800000000000001e-08        -1.6217159000000000e-03         5.0633081000000003e-03         8.5999999999999993e-09
5                                     -1.2974360000000000e-04         6.2108390000000001e-04         2.3760724000000000e-03        -1.2973090000000000e-04        -1.7700000000000000e-08         1.5158077300000000e-02        -2.7446224599999999e-02        -8.9500000000000001e-08
6                                      2.5983276499999999e-02        -2.0281253799999999e-02         1.2376271800000000e-02        -2.3684031999999999e-03        -1.3399035999999999e-03         4.8840980000000003e-04         4.3850314000000003e-03         2.8686712999999998e-03
7                                     -1.5001026500000000e-02        -1.2375982799999999e-02         7.9854116000000006e-03        -6.4987620000000004e-04         4.8876599999999996e-04        -7.7593460000000003e-04        -2.5320238999999999e-03        -6.6794890000000000e-04
8                                      5.5489022300000003e-02         2.3685364000000002e-03        -6.4998650000000003e-04        -1.2935790000000001e-04         1.3127148599999999e-02        -7.5792426999999997e-03        -2.7446158400000000e-02        -8.7171170999999995e-03
9                                      2.3685364000000002e-03         2.2724292779999999e-01         1.0604875390000000e-01        -2.5984631599999999e-02        -1.3400344000000001e-03        -4.8845720000000004e-04        -4.3852340999999996e-03         2.8687449999999998e-03
10                                    -6.4998650000000003e-04         1.0604875390000000e-01         1.0478346310000000e-01        -1.5001492199999999e-02        -4.8877679999999996e-04        -7.7592760000000003e-04        -2.5319768999999999e-03         6.6794030000000000e-04
11                                    -1.2935790000000001e-04        -2.5984631599999999e-02        -1.5001492199999999e-02         5.5489384300000000e-02        -1.3127408199999999e-02        -7.5790809000000001e-03        -2.7446018300000000e-02         8.7170916000000008e-03
12                                     1.3127148599999999e-02        -1.3400344000000001e-03        -4.8877679999999996e-04        -1.3127408199999999e-02         1.2629331200000000e-02        -6.1000000000000000e-09         2.8879999999999999e-07         2.2020617999999998e-03
13                                    -7.5792426999999997e-03        -4.8845720000000004e-04        -7.7592760000000003e-04        -7.5790809000000001e-03        -6.1000000000000000e-09         1.2629744400000000e-02         3.1119999999999998e-07         3.0000000000000000e-09
14                                    -2.7446158400000000e-02        -4.3852340999999996e-03        -2.5319768999999999e-03        -2.7446018300000000e-02         2.8879999999999999e-07         3.1119999999999998e-07         9.7933145099999994e-02        -1.0470000000000000e-07
15                                    -8.7171170999999995e-03         2.8687449999999998e-03         6.6794030000000000e-04         8.7170916000000008e-03         2.2020617999999998e-03         3.0000000000000000e-09        -1.0470000000000000e-07         1.1956755800000000e-02
16                                     5.0330475999999999e-03         6.6836779999999995e-04         2.0971484999999998e-03         5.0329742999999996e-03        -5.3000000000000003e-09         2.2024842999999999e-03         1.4469999999999999e-07         4.6999999999999999e-09
17                                    -8.5868721999999998e-03        -5.9392289999999996e-04        -3.4288960000000002e-04        -8.5869121000000000e-03        -1.1600000000000001e-07        -9.5300000000000000e-08        -2.7451291999999999e-02         4.6800000000000002e-08
                                                        16                          17

0                                      1.6000000000000001e-09         1.6689999999999999e-07
1                                     -2.1609464900000000e-02         4.4899999999999998e-08
2                                     -1.0490000000000001e-07         2.6309368900000001e-02
3                                     -2.4900000000000001e-08        -2.3400000000000001e-08
4                                      3.2550425999999999e-03         6.8582370000000003e-04
5                                     -1.0066064300000000e-02        -8.5869029000000003e-03
6                                     -6.6834380000000001e-04         5.9384860000000000e-04
7                                      2.0971666999999999e-03        -3.4288620000000000e-04
8                                      5.0330475999999999e-03        -8.5868721999999998e-03
9                                      6.6836779999999995e-04        -5.9392289999999996e-04
10                                     2.0971484999999998e-03        -3.4288960000000002e-04
11                                     5.0329742999999996e-03        -8.5869121000000000e-03
12                                    -5.3000000000000003e-09        -1.1600000000000001e-07
13                                     2.2024842999999999e-03        -9.5300000000000000e-08
14                                     1.4469999999999999e-07        -2.7451291999999999e-02
15                                     4.6999999999999999e-09         4.6800000000000002e-08
16                                     1.1957622899999999e-02         2.5000000000000001e-09
17                                     2.5000000000000001e-09         2.6902610200000000e-02
   &MODES [&Type "ArrayOfDoubles", &Dim (18,18)] "The modes of vibrations"
                                                         0                           1                           2                           3                           4                           5                           6                           7

0                                      0.0000000000000000e+00         0.0000000000000000e+00         0.0000000000000000e+00         0.0000000000000000e+00         0.0000000000000000e+00         0.0000000000000000e+00        -1.0382504490270676e-06        -2.2641748265549858e-01
1                                      0.0000000000000000e+00         0.0000000000000000e+00         0.0000000000000000e+00         0.0000000000000000e+00         0.0000000000000000e+00         0.0000000000000000e+00         4.3474964236858578e-07        -2.4485385336285179e-05
2                                      0.0000000000000000e+00         0.0000000000000000e+00         0.0000000000000000e+00         0.0000000000000000e+00         0.0000000000000000e+00         0.0000000000000000e+00        -2.4686903171149499e-01         9.0089828141635231e-07
3                                      0.0000000000000000e+00         0.0000000000000000e+00         0.0000000000000000e+00         0.0000000000000000e+00         0.0000000000000000e+00         0.0000000000000000e+00        -4.2407960939856583e-07        -2.4326150938084998e-01
4                                      0.0000000000000000e+00         0.0000000000000000e+00         0.0000000000000000e+00         0.0000000000000000e+00         0.0000000000000000e+00         0.0000000000000000e+00        -2.2391010740494974e-02        -2.4946923399825697e-05
5                                      0.0000000000000000e+00         0.0000000000000000e+00         0.0000000000000000e+00         0.0000000000000000e+00         0.0000000000000000e+00         0.0000000000000000e+00        -5.0335022337463696e-02         3.4160928421990547e-07
6                                      0.0000000000000000e+00         0.0000000000000000e+00         0.0000000000000000e+00         0.0000000000000000e+00         0.0000000000000000e+00         0.0000000000000000e+00        -1.9392332632210529e-02        -2.3433673782617237e-01
7                                      0.0000000000000000e+00         0.0000000000000000e+00         0.0000000000000000e+00         0.0000000000000000e+00         0.0000000000000000e+00         0.0000000000000000e+00         1.1196144521337326e-02        -5.1790962416980802e-03
8                                      0.0000000000000000e+00         0.0000000000000000e+00         0.0000000000000000e+00         0.0000000000000000e+00         0.0000000000000000e+00         0.0000000000000000e+00        -5.0336098197794762e-02        -4.1681966334340837e-03
9                                      0.0000000000000000e+00         0.0000000000000000e+00         0.0000000000000000e+00         0.0000000000000000e+00         0.0000000000000000e+00         0.0000000000000000e+00         1.9391551740734956e-02        -2.3433551009921702e-01
10                                     0.0000000000000000e+00         0.0000000000000000e+00         0.0000000000000000e+00         0.0000000000000000e+00         0.0000000000000000e+00         0.0000000000000000e+00         1.1196183358368927e-02         5.1270463139440337e-03
11                                     0.0000000000000000e+00         0.0000000000000000e+00         0.0000000000000000e+00         0.0000000000000000e+00         0.0000000000000000e+00         0.0000000000000000e+00        -5.0336421883457348e-02         4.1703905999129695e-03
12                                     0.0000000000000000e+00         0.0000000000000000e+00         0.0000000000000000e+00         0.0000000000000000e+00         0.0000000000000000e+00         0.0000000000000000e+00         7.8582565247522132e-08         1.9692436383073973e-02
13                                     0.0000000000000000e+00         0.0000000000000000e+00         0.0000000000000000e+00         0.0000000000000000e+00         0.0000000000000000e+00         0.0000000000000000e+00        -3.3545650437022833e-08         2.1297147296136412e-06
14                                     0.0000000000000000e+00         0.0000000000000000e+00         0.0000000000000000e+00         0.0000000000000000e+00         0.0000000000000000e+00         0.0000000000000000e+00         1.1873689377068227e-02        -4.4840196395808550e-08
15                                     0.0000000000000000e+00         0.0000000000000000e+00         0.0000000000000000e+00         0.0000000000000000e+00         0.0000000000000000e+00         0.0000000000000000e+00         3.8984577500991911e-07         9.8100007607762468e-02
16                                     0.0000000000000000e+00         0.0000000000000000e+00         0.0000000000000000e+00         0.0000000000000000e+00         0.0000000000000000e+00         0.0000000000000000e+00        -2.0366127011007766e-07         1.0608621030691603e-05
17                                     0.0000000000000000e+00         0.0000000000000000e+00         0.0000000000000000e+00         0.0000000000000000e+00         0.0000000000000000e+00         0.0000000000000000e+00         1.1415158234640911e-01        -5.1551836694723811e-07
                                                         8                           9                          10                          11                          12                          13                          14                          15

0                                      2.4488890730253126e-05        -1.2549392274472516e-08        -2.7710179430817401e-02        -7.5651690917642053e-05         1.9490983670388362e-07        -2.2671116177086985e-06         9.0799196436079394e-02         7.1541304383724556e-08
1                                     -2.2641756547062011e-01         2.7616293177063950e-05        -7.5693923339836754e-05         2.7713685386940815e-02        -4.8229018409761694e-07        -9.0798187847051737e-02        -2.2862667085751650e-06        -2.3695936916110371e-05
2                                      1.2539032591945030e-05         1.0720601993379167e-01         7.6261970720169933e-08        -1.1929466552884573e-06         4.2162022043025153e-02        -4.6578474721549566e-07        -3.1617989260507645e-07         1.6273914914976303e-02
3                                      2.6332354222403232e-05        -2.4807156602224635e-07         1.8685210917655301e-01         5.1224732809347607e-04        -2.1490015572394555e-06         1.4779498912113876e-05        -7.4326471432689722e-01        -2.3090145915103559e-07
4                                     -2.3136143340132173e-01         9.3521608992813716e-03         2.4818379727301098e-04        -9.1036914192430457e-02         6.5496840809089615e-02        -7.3527015377065297e-02         2.4320706247615459e-06        -5.7059492480280527e-01
5                                     -4.8074179524424231e-03         3.2166282887981471e-02        -2.1357390612244441e-03         7.8004260030311334e-01        -5.6078806039638907e-01         1.9495055683695903e-01         6.5187254917023353e-06        -6.1828335886512299e-02
6                                     -5.1255311831976342e-03         8.0753316088481176e-03         1.1510486442732508e-01        -4.1188031257654772e-02         5.6727941576568741e-02         3.5367772083325089e-01        -1.3066777920224346e-01        -4.9441946214077470e-01
7                                     -2.4028527548192677e-01        -4.6328971419003773e-03         4.1932718339580531e-02        -1.6280131734673370e-01        -3.2749458100221299e-02         5.3907128373589119e-01        -3.5366878706590760e-01         2.8543668747497108e-01
8                                      2.4109485977166470e-03         3.2165687454968610e-02        -6.7445893558582759e-01        -3.9184073275510439e-01        -5.6083187325754935e-01        -9.7462206221951023e-02        -1.6880341833509555e-01        -6.1868977878588888e-02
9                                      5.1761302478891165e-03        -8.0758137227153123e-03         1.1488204259240534e-01         4.1814409774345557e-02        -5.6731976968899880e-02        -3.5366714736205795e-01        -1.3067696936899170e-01         4.9441863981062667e-01
10                                    -2.4028646808134929e-01        -4.6328890421043047e-03        -4.1042471465808548e-02        -1.6303116970016837e-01        -3.2749306481885343e-02         5.3906032244207647e-01         3.5369158889248115e-01         2.8543647932457472e-01
11                                     2.4097165815751406e-03         3.2166165281143522e-02         6.7659202900648763e-01        -3.8814364376602090e-01        -5.6083226782661044e-01        -9.7466253127596700e-02         1.6880063558541991e-01        -6.1872341322943024e-02
12                                    -2.1285396563923079e-06         4.0242575983619173e-09        -4.4864943444499423e-03        -1.2276407218664538e-05         2.6150985986035258e-08         7.9598142794965287e-09        -8.7712092080300048e-04         1.1092075438931367e-08
13                                     1.9692450302673189e-02        -2.4007497954761753e-06        -1.2273997728506502e-05         4.4864120013847113e-03         1.8684846784383083e-07         8.7721529817927748e-04         2.4239063677548566e-08         1.9688043763218307e-08
14                                    -7.1667807750050576e-06        -5.8920654996793762e-02         2.7592288647806079e-08        -4.1694104610764233e-07         1.1220889279974824e-02        -1.6928447888890505e-07         1.5737244226167346e-09        -1.4062178730810760e-04
15                                    -1.0612307520818739e-05         2.9751525696358036e-08         1.4271193543491136e-02         3.9046349344162903e-05         9.4922792438572149e-08         5.4663365264237392e-08        -4.1377240868895585e-04        -3.5997577353262320e-08
16                                     9.8099970631874131e-02        -1.1945736482264895e-05         3.9073271677498860e-05        -1.4271451607744895e-02        -3.7884208750219977e-07         4.1299633535660636e-04         4.6257434024100028e-09         1.3532429139803716e-07
17                                     2.1511014780339670e-05         1.7490465881197823e-01        -2.3886761975746450e-08        -5.8150860003254939e-07         1.5420292602570230e-02        -1.6601204592723209e-07        -4.9461792744397586e-09         1.4864201973291709e-04
                                                        16                          17

0                                      9.2203815887382093e-02         8.2287719409152201e-06
1                                      8.2464781785675637e-06        -9.2203544645209523e-02
2                                     -3.2440699250553692e-07        -4.1485269612417102e-06
3                                      4.1655071112268148e-02         8.1102422434967585e-06
4                                     -7.2110341706670676e-05         7.6241461606099581e-01
5                                     -1.0069535385544161e-05         1.0515574736030116e-01
6                                     -5.6124918135157587e-01        -3.4803064950456486e-01
7                                      3.4809453040200611e-01         1.5928037458794975e-01
8                                     -9.1049265994341100e-02        -5.2561334077249805e-02
9                                     -5.6131831143536637e-01         3.4792598954341675e-01
10                                    -3.4811892307021114e-01         1.5921058426257229e-01
11                                     9.1063141553810789e-02        -5.2546520468314387e-02
12                                    -6.4947012079203740e-05        -1.2512862623824731e-09
13                                    -1.6250971708735147e-08         6.4956856278215874e-05
14                                     2.5919312323633148e-10         2.6162270272312817e-08
15                                    -6.6907281346177618e-04        -7.4412325198631125e-08
16                                    -2.5000672291220467e-08         6.6922320276727144e-04
17                                     2.0670902015659875e-09        -2.8337999691016898e-08
$End
$THERMOCHEMISTRY_Energies
   &GeometryIndex 1
   &temperature [&Type "Double"]       2.9814999999999998e+02
   &pressure [&Type "Double"]       1.0000000000000000e+00
   &totalMass [&Type "Double"]       1.1393300000000001e+02
   &spinDegeneracy [&Type "Integer"] 1
   &elEnergy [&Type "Double"]      -1.2690604948110000e+01
   &transEnergy [&Type "Double"]       1.4162714244859817e-03
   &rotEnergy [&Type "Double"]       1.4162714244859817e-03
   &vibEnergy [&Type "Double"]       1.5219155933956525e-03
   &numOfFreqs [&Type "Integer"] 18
   &freqScalingFactor [&Type "Double"]       1.0000000000000000e+00
   &FREQ [&Type "ArrayOfDoubles", &Units "cm^-1", &Dim (18,1)] 
                                                         0

0                                      0.0000000000000000e+00
1                                      0.0000000000000000e+00
2                                      0.0000000000000000e+00
3                                      0.0000000000000000e+00
4                                      0.0000000000000000e+00
5                                      0.0000000000000000e+00
6                                     -1.7451007093602527e+02
7                                      2.5054844368810069e+02
8                                      2.5055865503828977e+02
9                                      2.5743906463414993e+02
10                                     1.1454032357340084e+03
11                                     1.1454132453524769e+03
12                                     1.1937224390677425e+03
13                                     1.3908777217672455e+03
14                                     1.3909363773814871e+03
15                                     2.8287945519103000e+03
16                                     2.8933610366365065e+03
17                                     2.8933851460338592e+03
   &zpe [&Type "Double"]       3.5631543931191161e-02
   &innerEnergyU [&Type "Double"]      -1.2650618945736444e+01
   &enthalpyH [&Type "Double"]      -1.2649674736694184e+01
   &qEl [&Type "Double"]       0.0000000000000000e+00
   &qRot [&Type "Double"]       1.0474548784028738e-02
   &qVib [&Type "Double"]       2.5333803238911383e-03
   &qTrans [&Type "Double"]       1.9055981088661803e-02
   &entropyS [&Type "Double"]       3.2063910196581683e-02
   &freeEnergyG [&Type "Double"]      -1.2681738646890766e+01
   &isLinear [&Type "Boolean"] false
$End
$Geometry
   &GeometryIndex 2
   &NAtoms [&Type "Integer"] 6
   &NCorelessECP [&Type "Integer"] 0
   &NGhostAtoms [&Type "Integer"] 0
   &CartesianCoordinates [&Type "Coordinates", &Dim(6,4), &Units "Bohr"] 
              C      0.000000320998   -0.000000063914   -0.273902312280
              H      0.000000214927    2.050809759799   -0.023206585395
              H      1.776054390847   -1.025404598941   -0.023206319948
              H     -1.776054092559   -1.025404674900   -0.023206180314
              Br    -0.000000426907   -0.000000295304    4.090750344540
              F     -0.000000407307   -0.000000126741   -3.907326544668
$End
$Single_Point_Data
   &GeometryIndex 2
   &FinalEnergy [&Type "Double"]      -1.2692337825519999e+01  "Final single point energy"
   &Converged [&Type "Boolean"] true
$End
$Geometry
   &GeometryIndex 3
   &NAtoms [&Type "Integer"] 6
   &NCorelessECP [&Type "Integer"] 0
   &NGhostAtoms [&Type "Integer"] 0
   &CartesianCoordinates [&Type "Coordinates", &Dim(6,4), &Units "Bohr"] 
              C      0.000000300520   -0.000000000600   -0.227256468603
              H      0.000000186943    2.051431022207   -0.051275212825
              H      1.776592281445   -1.025715219546   -0.051274871976
              H     -1.776592004780   -1.025715275676   -0.051274909432
              Br    -0.000000356062   -0.000000343620    4.107451730386
              F     -0.000000408067   -0.000000182766   -3.886467865616
$End
$Single_Point_Data
   &GeometryIndex 3
   &FinalEnergy [&Type "Double"]      -1.2694311288630001e+01  "Final single point energy"
   &Converged [&Type "Boolean"] true
$End
$Geometry
   &GeometryIndex 4
   &NAtoms [&Type "Integer"] 6
   &NCorelessECP [&Type "Integer"] 0
   &NGhostAtoms [&Type "Integer"] 0
   &CartesianCoordinates [&Type "Coordinates", &Dim(6,4), &Units "Bohr"] 
              C      0.000000257279   -0.000000001641   -0.179794126080
              H      0.000000139404    2.050423869199   -0.077454774784
              H      1.775719928247   -1.025211792241   -0.077454454871
              H     -1.775719694719   -1.025211818383   -0.077454545697
              Br    -0.000000282122   -0.000000204935    4.122638423222
              F     -0.000000348090   -0.000000051999   -3.870578119856
$End
$Single_Point_Data
   &GeometryIndex 4
   &FinalEnergy [&Type "Double"]      -1.2695691560249999e+01  "Final single point energy"
   &Converged [&Type "Boolean"] true
$End
$Hessian
   &GeometryIndex 4
   &HESSIAN [&Type "ArrayOfDoubles", &Dim (18,18)] "The Hessian"
                                                         0                           1                           2                           3                           4                           5                           6                           7

0                                      5.3800586049999999e-01        -1.5330000000000000e-07        -1.8581000000000000e-06        -4.5012866499999998e-02        -1.3160000000000000e-06         3.8299999999999999e-08        -2.3050666819999999e-01         1.0709610720000000e-01
1                                     -1.5330000000000000e-07         5.3800454779999995e-01        -1.2610000000000000e-07        -1.3178999999999999e-06        -2.9234789379999998e-01        -1.4265157600000000e-02         1.0709781309999999e-01        -1.0683980090000000e-01
2                                     -1.8581000000000000e-06        -1.2610000000000000e-07        -3.0476797000000000e-03         4.9999999999999998e-08        -1.0444420800000000e-02        -1.2321736400000000e-02        -9.0447650999999993e-03         5.2216518000000002e-03
3                                     -4.5012866499999998e-02        -1.3178999999999999e-06         4.9999999999999998e-08         4.2327817500000003e-02         1.4527000000000001e-06         7.2400000000000000e-08         8.7745810000000005e-04         2.3931359600000000e-02
4                                     -1.3160000000000000e-06        -2.9234789379999998e-01        -1.0444420800000000e-02         1.4527000000000001e-06         3.1639878140000000e-01         8.8441981000000006e-03        -3.7582529999999998e-04        -1.2723161700000001e-02
5                                      3.8299999999999999e-08        -1.4265157600000000e-02        -1.2321736400000000e-02         7.2400000000000000e-08         8.8441981000000006e-03         4.9501895599999998e-02        -6.3569210000000002e-04         2.9733949999999999e-04
6                                     -2.3050666819999999e-01         1.0709781309999999e-01        -9.0447650999999993e-03         8.7745810000000005e-04        -3.7582529999999998e-04        -6.3569210000000002e-04         2.4787409040000000e-01        -1.1867377320000000e-01
7                                      1.0709610720000000e-01        -1.0683980090000000e-01         5.2216518000000002e-03         2.3931359600000000e-02        -1.2723161700000001e-02         2.9733949999999999e-04        -1.1867377320000000e-01         1.1084225420000000e-01
8                                     -1.2354838100000000e-02         7.1322905000000001e-03        -1.2321819899999999e-02        -5.9860500000000001e-05        -6.9923459999999995e-04        -2.7613529999999999e-04         7.6590573999999996e-03        -4.4214666999999996e-03
9                                     -2.3050857640000000e-01        -1.0709634120000000e-01         9.0462978000000003e-03         8.7721860000000002e-04         3.7567370000000000e-04         6.3569359999999999e-04        -1.9522961700000001e-02        -1.2152954699999999e-02
10                                    -1.0709463349999999e-01        -1.0683747050000000e-01         5.2222895000000004e-03        -2.3931513400000000e-02        -1.2722921700000001e-02         2.9750069999999999e-04         1.2153241299999999e-02         7.6749178999999997e-03
11                                     1.2356411100000001e-02         7.1328523000000000e-03        -1.2322034799999999e-02         5.9846200000000003e-05        -6.9923790000000000e-04        -2.7613470000000000e-04        -5.7559349999999996e-04         4.0196090000000002e-04
12                                    -1.3776161400000000e-02         8.9000000000000003e-09         1.1899999999999999e-07        -1.6138540000000000e-04         1.0500000000000000e-08        -1.1900000000000001e-08        -5.1523270000000004e-04         2.0434310000000001e-04
13                                    -2.4000000000000000e-09        -1.3776396999999999e-02         3.1679999999999998e-07         4.9500000000000000e-08        -6.3269200000000002e-04         1.4876635700000000e-02         2.0392890000000001e-04        -2.7976379999999999e-04
14                                     8.8300000000000003e-08         1.8199999999999999e-07         1.3389948100000000e-02        -6.9600000000000001e-08         3.4753523999999998e-03        -2.5196918799999999e-02         3.0097611000000002e-03        -1.7379536000000000e-03
15                                    -1.8201588000000001e-02        -9.8000000000000001e-09         1.5640000000000000e-07         1.0917577000000001e-03         4.3999999999999997e-09        -1.0030000000000000e-07         1.7933141999999999e-03        -4.0508189999999999e-04
16                                    -2.0000000000000001e-09        -1.8202985700000000e-02         2.8879999999999999e-07        -3.0600000000000003e-08         2.0278877000000002e-03        -1.0050516299999999e-02        -4.0538480000000001e-04         1.3255541999999999e-03
17                                     1.5860000000000000e-07        -4.1000000000000003e-08         2.6623322700000000e-02        -3.8500000000000001e-08        -4.7665719999999997e-04        -1.1430970400000001e-02        -4.1276779999999998e-04         2.3846809999999999e-04
                                                         8                           9                          10                          11                          12                          13                          14                          15

0                                     -1.2354838100000000e-02        -2.3050857640000000e-01        -1.0709463349999999e-01         1.2356411100000001e-02        -1.3776161400000000e-02        -2.4000000000000000e-09         8.8300000000000003e-08        -1.8201588000000001e-02
1                                      7.1322905000000001e-03        -1.0709634120000000e-01        -1.0683747050000000e-01         7.1328523000000000e-03         8.9000000000000003e-09        -1.3776396999999999e-02         1.8199999999999999e-07        -9.8000000000000001e-09
2                                     -1.2321819899999999e-02         9.0462978000000003e-03         5.2222895000000004e-03        -1.2322034799999999e-02         1.1899999999999999e-07         3.1679999999999998e-07         1.3389948100000000e-02         1.5640000000000000e-07
3                                     -5.9860500000000001e-05         8.7721860000000002e-04        -2.3931513400000000e-02         5.9846200000000003e-05        -1.6138540000000000e-04         4.9500000000000000e-08        -6.9600000000000001e-08         1.0917577000000001e-03
4                                     -6.9923459999999995e-04         3.7567370000000000e-04        -1.2722921700000001e-02        -6.9923790000000000e-04         1.0500000000000000e-08        -6.3269200000000002e-04         3.4753523999999998e-03         4.3999999999999997e-09
5                                     -2.7613529999999999e-04         6.3569359999999999e-04         2.9750069999999999e-04        -2.7613470000000000e-04        -1.1900000000000001e-08         1.4876635700000000e-02        -2.5196918799999999e-02        -1.0030000000000000e-07
6                                      7.6590573999999996e-03        -1.9522961700000001e-02         1.2153241299999999e-02        -5.7559349999999996e-04        -5.1523270000000004e-04         2.0392890000000001e-04         3.0097611000000002e-03         1.7933141999999999e-03
7                                     -4.4214666999999996e-03        -1.2152954699999999e-02         7.6749178999999997e-03         4.0196090000000002e-04         2.0434310000000001e-04        -2.7976379999999999e-04        -1.7379536000000000e-03        -4.0508189999999999e-04
8                                      4.9501495299999997e-02         5.7573369999999995e-04         4.0187049999999998e-04        -2.7573689999999999e-04         1.2883486200000000e-02        -7.4385882000000004e-03        -2.5196868599999998e-02        -8.7035787000000007e-03
9                                      5.7573369999999995e-04         2.4787628289999999e-01         1.1867218309999999e-01        -7.6604630000000002e-03        -5.1534810000000003e-04        -2.0397589999999999e-04        -3.0099485999999999e-03         1.7933847999999999e-03
10                                     4.0187049999999998e-04         1.1867218309999999e-01         1.1083969560000000e-01        -4.4221994000000001e-03        -2.0435439999999999e-04        -2.7976269999999999e-04        -1.7379184000000001e-03         4.0507690000000002e-04
11                                    -2.7573689999999999e-04        -7.6604630000000002e-03        -4.4221994000000001e-03         4.9501645499999997e-02        -1.2883744600000000e-02        -7.4384372999999997e-03        -2.5196749899999999e-02         8.7035437999999996e-03
