
$orca_hessian_file

$act_atom
  0

$act_coord
  0

$act_energy
      -12.687985

$multiplicity
  1

$hessian
18
                    0                  1                  2                  3                  4        
    0      4.6336308930E-01   1.3660171500E-02  -5.6103638300E-02  -4.2456337700E-02   1.5102168100E-02
    1      1.3660171500E-02   4.7913603300E-01   3.2391637400E-02   2.0604425900E-02  -2.9236477110E-01
    2     -5.6103638300E-02   3.2391637400E-02   2.3374594260E-01  -4.1312090000E-04   3.3899508600E-02
    3     -4.2456337700E-02   2.0604425900E-02  -4.1312090000E-04   4.4166995300E-02  -1.6323976900E-02
    4      1.5102168100E-02  -2.9236477110E-01   3.3899508600E-02  -1.6323976900E-02   3.2508559830E-01
    5     -9.1034300000E-04   3.7526848500E-02  -4.1638532900E-02   3.1079545000E-03  -3.9237241200E-02
    6     -1.5404577970E-01   6.6682147000E-02   9.8248961500E-02  -1.3448518000E-03   1.7274145000E-03
    7      6.6689274000E-02  -7.7037510200E-02  -5.6670045300E-02   2.1637299600E-02  -1.5365137500E-02
    8      1.0276638960E-01  -5.9331593200E-02  -9.4712966000E-02  -2.9776405000E-03   1.3389084000E-03
    9     -2.4535243950E-01  -1.0203876880E-01  -2.9579138000E-02   2.8018480000E-04  -1.1774362000E-03
   10     -9.6541132600E-02  -8.9479607000E-02  -1.6587929000E-02  -2.9985968200E-02  -1.7703899600E-02
   11     -3.2954322900E-02  -1.7972326500E-02  -4.1651328400E-02   3.4682414000E-03   6.7062620000E-04
   12     -2.2253482200E-02   1.6811040000E-03  -5.6027176000E-03  -5.7158510000E-04   1.0485637000E-03
   13      1.6815792000E-03  -2.0314203100E-02   3.2176011000E-03   4.7463620000E-03  -1.0118559000E-03
   14     -1.4320248900E-02   8.2646160000E-03  -4.1391237500E-02  -3.8269228000E-03   3.8593084000E-03
   15      7.4494980000E-04  -5.8907950000E-04  -6.5503466000E-03  -7.4405500000E-05  -3.7673320000E-04
   16     -5.9206030000E-04   6.0058300000E-05   3.7492272000E-03  -6.7814240000E-04   1.3600659000E-03
   17      1.5221634000E-03  -8.7918220000E-04  -1.4351877800E-02   6.4148830000E-04  -5.3111030000E-04
                    5                  6                  7                  8                  9        
    0     -9.1034300000E-04  -1.5404577970E-01   6.6689274000E-02   1.0276638960E-01  -2.4535243950E-01
    1      3.7526848500E-02   6.6682147000E-02  -7.7037510200E-02  -5.9331593200E-02  -1.0203876880E-01
    2     -4.1638532900E-02   9.8248961500E-02  -5.6670045300E-02  -9.4712966000E-02  -2.9579138000E-02
    3      3.1079545000E-03  -1.3448518000E-03   2.1637299600E-02  -2.9776405000E-03   2.8018480000E-04
    4     -3.9237241200E-02   1.7274145000E-03  -1.5365137500E-02   1.3389084000E-03  -1.1774362000E-03
    5      5.0886888100E-02   1.3180360000E-03  -1.5774699800E-02   5.1451664000E-03   1.1490347000E-03
    6      1.3180360000E-03   1.7631486990E-01  -7.5359052800E-02  -1.0761680560E-01  -2.1971938300E-02
    7     -1.5774699800E-02  -7.5359052800E-02   8.9298080900E-02   6.2160737600E-02  -1.0187807000E-02
    8      5.1451664000E-03  -1.0761680560E-01   6.2160737600E-02   1.1014489880E-01  -2.6549977000E-03
    9      1.1490347000E-03  -2.1971938300E-02  -1.0187807000E-02  -2.6549977000E-03   2.6898994270E-01
   10     -3.3417489000E-03   9.7266659000E-03   5.2648600000E-03   1.9118682000E-03   1.1348943370E-01
   11      1.9954446000E-03   1.4320560100E-02   6.7504329000E-03   5.1422040000E-03   3.5532067300E-02
   12     -4.3494073000E-03   4.2359628000E-03  -2.7906189000E-03   4.1456292000E-03  -3.4046639000E-03
   13      2.0466862400E-02  -2.7830158000E-03   1.0242379000E-03  -2.4040789000E-03  -5.9482640000E-04
   14     -1.5620441000E-02  -4.2992204000E-03   2.4234160000E-03  -2.0415845000E-02  -5.2323263000E-03
   15     -3.1527490000E-04  -3.1882629000E-03   1.0905000000E-05   6.3374250000E-03   1.4589143000E-03
   16      3.5997900000E-04   5.8412000000E-06  -3.1845312000E-03  -3.6758420000E-03   5.0940470000E-04
   17     -7.6852520000E-04  -1.9715315000E-03   1.1101586000E-03  -5.3034583000E-03   7.8536020000E-04
                   10                 11                 12                 13                 14        
    0     -9.6541132600E-02  -3.2954322900E-02  -2.2253482200E-02   1.6815792000E-03  -1.4320248900E-02
    1     -8.9479607000E-02  -1.7972326500E-02   1.6811040000E-03  -2.0314203100E-02   8.2646160000E-03
    2     -1.6587929000E-02  -4.1651328400E-02  -5.6027176000E-03   3.2176011000E-03  -4.1391237500E-02
    3     -2.9985968200E-02   3.4682414000E-03  -5.7158510000E-04   4.7463620000E-03  -3.8269228000E-03
    4     -1.7703899600E-02   6.7062620000E-04   1.0485637000E-03  -1.0118559000E-03   3.8593084000E-03
    5     -3.3417489000E-03   1.9954446000E-03  -4.3494073000E-03   2.0466862400E-02  -1.5620441000E-02
    6      9.7266659000E-03   1.4320560100E-02   4.2359628000E-03  -2.7830158000E-03  -4.2992204000E-03
    7      5.2648600000E-03   6.7504329000E-03  -2.7906189000E-03   1.0242379000E-03   2.4234160000E-03
    8      1.9118682000E-03   5.1422040000E-03   4.1456292000E-03  -2.4040789000E-03  -2.0415845000E-02
    9      1.1348943370E-01   3.5532067300E-02  -3.4046639000E-03  -5.9482640000E-04  -5.2323263000E-03
   10      1.0026642010E-01   1.6929303500E-02   3.1049166000E-03   1.8250735000E-03   1.3811837000E-03
   11      1.6929303500E-02   5.0885741300E-02  -1.9896736600E-02  -6.4694811000E-03  -1.5606683600E-02
   12      3.1049166000E-03  -1.9896736600E-02   2.0689710400E-02  -2.8458440000E-03   2.3781915700E-02
   13      1.8250735000E-03  -6.4694811000E-03  -2.8458440000E-03   1.7403909600E-02  -1.3712660500E-02
   14      1.3811837000E-03  -1.5606683600E-02   2.3781915700E-02  -1.3712660500E-02   9.8351861500E-02
   15      2.0608450000E-04  -4.6980920000E-04   1.3040580000E-03  -2.0425500000E-04   3.8968027000E-03
   16     -1.7284700000E-04   9.1445000000E-05  -1.9812140000E-04   1.0728379000E-03  -2.2158636000E-03
   17     -2.9267750000E-04  -7.6537790000E-04   1.9213166000E-03  -1.0982429000E-03  -5.3176543000E-03
                   15                 16                 17        
     0      7.4494980000E-04  -5.9206030000E-04   1.5221634000E-03
     1     -5.8907950000E-04   6.0058300000E-05  -8.7918220000E-04
     2     -6.5503466000E-03   3.7492272000E-03  -1.4351877800E-02
     3     -7.4405500000E-05  -6.7814240000E-04   6.4148830000E-04
     4     -3.7673320000E-04   1.3600659000E-03  -5.3111030000E-04
     5     -3.1527490000E-04   3.5997900000E-04  -7.6852520000E-04
     6     -3.1882629000E-03   5.8412000000E-06  -1.9715315000E-03
     7      1.0905000000E-05  -3.1845312000E-03   1.1101586000E-03
     8      6.3374250000E-03  -3.6758420000E-03  -5.3034583000E-03
     9      1.4589143000E-03   5.0940470000E-04   7.8536020000E-04
    10      2.0608450000E-04  -1.7284700000E-04  -2.9267750000E-04
    11     -4.6980920000E-04   9.1445000000E-05  -7.6537790000E-04
    12      1.3040580000E-03  -1.9812140000E-04   1.9213166000E-03
    13     -2.0425500000E-04   1.0728379000E-03  -1.0982429000E-03
    14      3.8968027000E-03  -2.2158636000E-03  -5.3176543000E-03
    15     -2.4525370000E-04   9.5307820000E-04  -2.8987970000E-03
    16      9.5307820000E-04   8.6441620000E-04   1.6910544000E-03
    17     -2.8987970000E-03   1.6910544000E-03   2.6506893500E-02

$vibrational_frequencies
18
    0        0.0000000000000000
    1        0.0000000000000000
    2        0.0000000000000000
    3        0.0000000000000000
    4        0.0000000000000000
    5        0.0000000000000000
    6     -147.5012223412144294
    7      175.6112806754407529
    8      198.0916048726973031
    9      476.0293778996264678
   10      765.2703428698946482
   11      954.0308051800134308
   12     1265.4426343368697871
   13     1413.8943668434869778
   14     1439.1319259809192772
   15     2906.0320609808832160
   16     3050.3040306766838512
   17     3058.9718669091466836

$normal_modes
18 18
                    0                  1                  2                  3                  4        
    0      0.0000000000E+00   0.0000000000E+00   0.0000000000E+00   0.0000000000E+00   0.0000000000E+00
    1      0.0000000000E+00   0.0000000000E+00   0.0000000000E+00   0.0000000000E+00   0.0000000000E+00
    2      0.0000000000E+00   0.0000000000E+00   0.0000000000E+00   0.0000000000E+00   0.0000000000E+00
    3      0.0000000000E+00   0.0000000000E+00   0.0000000000E+00   0.0000000000E+00   0.0000000000E+00
    4      0.0000000000E+00   0.0000000000E+00   0.0000000000E+00   0.0000000000E+00   0.0000000000E+00
    5      0.0000000000E+00   0.0000000000E+00   0.0000000000E+00   0.0000000000E+00   0.0000000000E+00
    6      0.0000000000E+00   0.0000000000E+00   0.0000000000E+00   0.0000000000E+00   0.0000000000E+00
    7      0.0000000000E+00   0.0000000000E+00   0.0000000000E+00   0.0000000000E+00   0.0000000000E+00
    8      0.0000000000E+00   0.0000000000E+00   0.0000000000E+00   0.0000000000E+00   0.0000000000E+00
    9      0.0000000000E+00   0.0000000000E+00   0.0000000000E+00   0.0000000000E+00   0.0000000000E+00
   10      0.0000000000E+00   0.0000000000E+00   0.0000000000E+00   0.0000000000E+00   0.0000000000E+00
   11      0.0000000000E+00   0.0000000000E+00   0.0000000000E+00   0.0000000000E+00   0.0000000000E+00
   12      0.0000000000E+00   0.0000000000E+00   0.0000000000E+00   0.0000000000E+00   0.0000000000E+00
   13      0.0000000000E+00   0.0000000000E+00   0.0000000000E+00   0.0000000000E+00   0.0000000000E+00
   14      0.0000000000E+00   0.0000000000E+00   0.0000000000E+00   0.0000000000E+00   0.0000000000E+00
   15      0.0000000000E+00   0.0000000000E+00   0.0000000000E+00   0.0000000000E+00   0.0000000000E+00
   16      0.0000000000E+00   0.0000000000E+00   0.0000000000E+00   0.0000000000E+00   0.0000000000E+00
   17      0.0000000000E+00   0.0000000000E+00   0.0000000000E+00   0.0000000000E+00   0.0000000000E+00
                    5                  6                  7                  8                  9        
    0      0.0000000000E+00  -2.9487860487E-01  -8.1071476855E-02   6.8597826556E-02  -1.9796850887E-01
    1      0.0000000000E+00   1.7008647260E-01  -1.4059908244E-01  -4.3130112819E-02   1.1367985426E-01
    2      0.0000000000E+00   1.2467332568E-01   3.7979996745E-04  -5.2513425906E-02  -6.0161419099E-01
    3      0.0000000000E+00  -3.5101471846E-01   4.4469327831E-01   1.0112318292E-01  -1.4367376192E-01
    4      0.0000000000E+00   1.9565247596E-01  -1.3450252941E-01  -5.7075285806E-02   1.2120808925E-01
    5      0.0000000000E+00   2.7437506567E-01  -1.9072107390E-01  -1.6628336190E-01  -4.5069003938E-01
    6      0.0000000000E+00  -4.8913632264E-01  -3.4073242072E-01   1.7451958719E-01  -4.3298555293E-02
    7      0.0000000000E+00   2.8172757524E-01  -5.9052806601E-01  -1.1535357942E-01   2.3626604688E-02
    8      0.0000000000E+00  -2.2602446685E-01   5.4076784775E-04   1.3831934026E-01  -3.0219718733E-01
    9      0.0000000000E+00  -3.4550597890E-01  -3.3862231734E-01   8.7252946555E-02  -1.7894088592E-01
   10      0.0000000000E+00   2.0667362220E-01   3.1774475841E-01  -4.7048126259E-02   6.6015711167E-02
   11      0.0000000000E+00   2.7467401122E-01   1.9122843852E-01  -1.5916748091E-01  -4.5029426611E-01
   12      0.0000000000E+00   2.8976423812E-02   7.4282797892E-03   4.6057402307E-03   3.1181087356E-02
   13      0.0000000000E+00  -1.6714545901E-02   1.2937476995E-02  -2.3361618540E-03  -1.7950208069E-02
   14      0.0000000000E+00  -2.9895068941E-02   2.3660563062E-04  -2.0259017318E-01   8.8395926437E-02
   15      0.0000000000E+00   1.2747199372E-01   3.2464928138E-02  -8.1994211054E-02   1.3436750663E-02
   16      0.0000000000E+00  -7.3531029985E-02   5.6088814138E-02   4.8738178999E-02  -7.5652338737E-03
   17      0.0000000000E+00   2.9769232902E-02  -1.2908245507E-03   8.9516381462E-01   7.2426595983E-02
                   10                 11                 12                 13                 14        
    0     -1.0534042560E-01  -5.3115498775E-02  -1.0447199754E-03  -3.3132084829E-02  -6.6016705438E-02
    1      6.1010233003E-02  -9.1900781485E-02   6.2280548021E-04  -5.7257908220E-02   3.8153390297E-02
    2      3.8533709514E-02   1.1882544396E-04  -9.8537018608E-02   3.0176215647E-05   4.5420086286E-03
    3      7.0074911184E-02   2.6415386829E-01   1.8402255462E-02   2.7127200043E-01   6.8430575201E-01
    4      8.0767768560E-03   3.7073251170E-02   9.0240254745E-02  -5.3973143008E-02   6.4268308910E-02
    5     -2.8385146894E-01   6.1527969087E-01   6.2360320050E-01  -3.6402167596E-01   4.8261279610E-02
    6      3.4688878665E-01   1.4920824634E-01   2.3105964060E-01   3.8016779931E-01  -1.2374674678E-01
    7     -2.0039458552E-01   2.5794361426E-01  -1.3362863537E-01   6.5821183608E-01   7.0875605621E-02
    8      8.0735842077E-01   5.2267298532E-04   3.5326457058E-01   2.2056284830E-04  -1.5487410916E-01
    9      2.8605483960E-02  -9.9863697375E-02  -6.8802669239E-02  -1.8204365126E-01   2.8673809782E-01
   10     -6.5481890064E-02   2.4721216965E-01  -6.1167138585E-02   2.0709947269E-01  -6.2498033177E-01
   11     -2.8338090578E-01  -6.1567388302E-01   6.2319496058E-01   3.6442246394E-01   4.7829347172E-02
   12      8.0081321845E-03   4.2061337437E-03  -2.4296047675E-03  -6.9701833997E-04  -6.8295914138E-04
   13     -4.6376506963E-03   7.2825431040E-03   1.4035952592E-03  -1.2038797522E-03   3.9579977731E-04
   14     -5.5532435674E-03  -1.3850402623E-05  -4.9339509083E-03  -8.9092956411E-06  -2.1509156690E-04
   15      9.2778374073E-03  -7.4251157661E-04   1.2932441263E-03  -1.0269544912E-03  -3.4637306322E-04
   16     -5.3891736836E-03  -1.2960193153E-03  -7.4933227013E-04  -1.7851428183E-03   2.0372331342E-04
   17     -1.3747303840E-02  -2.3690594444E-05  -1.8482169407E-03  -1.4576031379E-05   1.1519897250E-03
                   15                 16                 17        
     0     -5.0782461529E-02  -5.5764974230E-02   4.5921877467E-02
     1      2.9337080184E-02   3.2422897219E-02   7.9234912090E-02
     2      4.2820827441E-02  -9.9061739994E-03   1.8199798390E-05
     3     -2.2745099866E-02   1.5282433841E-02   6.4880729605E-02
     4      8.2164139469E-02  -6.9824558905E-01  -6.9210054727E-01
     5      2.9020002139E-03   9.5629943266E-02   9.7276893017E-02
     6      7.1996338834E-01   4.5444349588E-02   2.1540286797E-02
     7     -4.1571044669E-01  -2.6136104752E-02   3.7821267720E-02
     8     -5.3756147074E-01  -5.8030898642E-02   2.2330579932E-04
     9     -8.2726923676E-02   6.0962459619E-01  -6.3450030137E-01
    10     -2.1493158963E-02   3.3464989302E-01  -2.9139316569E-01
    11      2.8589928906E-03   9.5219186459E-02  -9.7685134715E-02
    12      1.2427023506E-04  -9.6662558342E-05   3.9275511746E-05
    13     -7.1454624328E-05   5.5925965479E-05   6.7989871522E-05
    14      2.6674766974E-04  -2.1620159034E-04  -2.0806185871E-07
    15     -1.0205464824E-03   9.4865419182E-05  -1.1800528456E-04
    16      5.9065882250E-04  -5.5282027228E-05  -2.0450021300E-04
    17      2.2148870510E-05   1.2510717152E-04  -8.1894147015E-07

#
# The atoms: label  mass x y z (in bohrs)
#
$atoms
6
 C     12.01100     -0.778640503697     0.449527706153    -1.740880433596
 H      1.00800     -0.917007445659     2.472279309133    -2.039512484143
 H      1.00800      0.635269043726    -0.366771444962    -2.997770032582
 H      1.00800     -2.599559627225    -0.442055290726    -2.039505941721
 Br    79.90000      0.043093816738    -0.024877428692     1.877450365205
 F     18.99800      0.463912177383    -0.267835083701    -6.419895069262

$actual_temperature
  0.000000

$frequency_scale_factor
  1.000000


$end

