
$orca_hessian_file

$act_atom
  0

$act_coord
  0

$act_energy
      -12.695141

$multiplicity
  1

$hessian
18
                    0                  1                  2                  3                  4        
    0      5.4155451360E-01  -3.0660000000E-07  -2.1553000000E-06  -4.1891889200E-02  -1.1098000000E-06
    1     -3.0660000000E-07   5.4155487410E-01  -3.5769000000E-06  -1.0487000000E-06  -3.0155385200E-01
    2     -2.1553000000E-06  -3.5769000000E-06   6.0715833700E-02   4.6160000000E-07   6.1331887600E-02
    3     -4.1891889200E-02  -1.0487000000E-06   4.6160000000E-07   4.3102586700E-02   1.2379000000E-06
    4     -1.1098000000E-06  -3.0155385200E-01   6.1331887600E-02   1.2379000000E-06   3.3088070760E-01
    5      3.8150000000E-07   6.5847412600E-02  -2.8421554500E-02  -2.7310000000E-07  -6.4618388500E-02
    6     -2.3663161320E-01   1.1243485310E-01   5.3114120300E-02  -6.8809620000E-04   9.0650990000E-04
    7      1.1243460920E-01  -1.0680364250E-01  -3.0665002000E-02   2.5282504800E-02  -1.5809909900E-02
    8      5.7023553000E-02  -3.2922777000E-02  -2.8421697700E-02  -4.9757943000E-03   2.0870543000E-03
    9     -2.3663439580E-01  -1.1243349680E-01  -5.3112764000E-02  -6.8833400000E-04  -9.0664880000E-04
   10     -1.1243317390E-01  -1.0680112080E-01  -3.0663639500E-02  -2.5282732700E-02  -1.5809653200E-02
   11     -5.7022372200E-02  -3.2921387500E-02  -2.8420967800E-02   4.9758311000E-03   2.0870092000E-03
   12     -1.8144908300E-02   8.9000000000E-09   1.6370000000E-07   3.0738030000E-04   9.9000000000E-09
   13     -9.1000000000E-09  -1.8144221000E-02   3.0680000000E-07   5.2600000000E-08   1.5598920000E-03
   14      3.0820000000E-07   5.1300000000E-08  -8.9248590000E-04  -1.3330000000E-07   3.2041400000E-04
   15     -8.2517072000E-03  -9.9000000000E-09   1.7360000000E-07  -1.4164760000E-04   1.0000000000E-09
   16     -9.8000000000E-09  -8.2520379000E-03   2.3900000000E-08  -1.3800000000E-08   7.3281540000E-04
   17      2.8480000000E-07   2.7750000000E-07   2.5440872200E-02  -9.2000000000E-08  -1.2079767000E-03
                    5                  6                  7                  8                  9        
    0      3.8150000000E-07  -2.3663161320E-01   1.1243460920E-01   5.7023553000E-02  -2.3663439580E-01
    1      6.5847412600E-02   1.1243485310E-01  -1.0680364250E-01  -3.2922777000E-02  -1.1243349680E-01
    2     -2.8421554500E-02   5.3114120300E-02  -3.0665002000E-02  -2.8421697700E-02  -5.3112764000E-02
    3     -2.7310000000E-07  -6.8809620000E-04   2.5282504800E-02  -4.9757943000E-03  -6.8833400000E-04
    4     -6.4618388500E-02   9.0650990000E-04  -1.5809909900E-02   2.0870543000E-03  -9.0664880000E-04
    5      5.8731992800E-02  -6.8052810000E-04  -5.3530154000E-03   1.7669225000E-03   6.8049110000E-04
    6     -6.8052810000E-04   2.5892974740E-01  -1.2460832570E-01  -5.5960230600E-02  -2.3370418400E-02
    7     -5.3530154000E-03  -1.2460832570E-01   1.1504583190E-01   3.2308914000E-02  -1.2188120300E-02
    8      1.7669225000E-03  -5.5960230600E-02   3.2308914000E-02   5.8731904000E-02  -4.2950141000E-03
    9      6.8049110000E-04  -2.3370418400E-02  -1.2188120300E-02  -4.2950141000E-03   2.5893280150E-01
   10     -5.3528480000E-03   1.2188458600E-02   6.8714688000E-03   3.2655250000E-03   1.2460679390E-01
   11      1.7668893000E-03   4.2952185000E-03   3.2655646000E-03   1.7670252000E-03   5.5959099800E-02
   12      4.0000000000E-09   1.2464383000E-03  -5.4213720000E-04   1.2716139700E-02   1.2463631000E-03
   13      1.4683168800E-02  -5.4252380000E-04   6.1967500000E-04  -7.3418336000E-03   5.4248000000E-04
   14     -2.0992693100E-02   2.7751160000E-04  -1.6017960000E-04  -2.0992562000E-02  -2.7776350000E-04
   15     -7.5400000000E-08   5.1394210000E-04  -3.7853080000E-04  -4.5086537000E-03   5.1398370000E-04
   16     -5.2063296000E-03  -3.7897210000E-04   7.6576800000E-05   2.6031173000E-03   3.7899200000E-04
   17     -1.2851557000E-02  -1.0460918000E-03   6.0371830000E-04  -1.2851592000E-02   1.0459506000E-03
                   10                 11                 12                 13                 14        
    0     -1.1243317390E-01  -5.7022372200E-02  -1.8144908300E-02  -9.1000000000E-09   3.0820000000E-07
    1     -1.0680112080E-01  -3.2921387500E-02   8.9000000000E-09  -1.8144221000E-02   5.1300000000E-08
    2     -3.0663639500E-02  -2.8420967800E-02   1.6370000000E-07   3.0680000000E-07  -8.9248590000E-04
    3     -2.5282732700E-02   4.9758311000E-03   3.0738030000E-04   5.2600000000E-08  -1.3330000000E-07
    4     -1.5809653200E-02   2.0870092000E-03   9.9000000000E-09   1.5598920000E-03   3.2041400000E-04
    5     -5.3528480000E-03   1.7668893000E-03   4.0000000000E-09   1.4683168800E-02  -2.0992693100E-02
    6      1.2188458600E-02   4.2952185000E-03   1.2464383000E-03  -5.4252380000E-04   2.7751160000E-04
    7      6.8714688000E-03   3.2655646000E-03  -5.4213720000E-04   6.1967500000E-04  -1.6017960000E-04
    8      3.2655250000E-03   1.7670252000E-03   1.2716139700E-02  -7.3418336000E-03  -2.0992562000E-02
    9      1.2460679390E-01   5.5959099800E-02   1.2463631000E-03   5.4248000000E-04  -2.7776350000E-04
   10      1.1504307450E-01   3.2307406500E-02   5.4212500000E-04   6.1966490000E-04  -1.6016520000E-04
   11      3.2307406500E-02   5.8731192000E-02  -1.2716376800E-02  -7.3416892000E-03  -2.0992478800E-02
   12      5.4212500000E-04  -1.2716376800E-02   1.3455330300E-02  -2.7000000000E-09   1.8400000000E-07
   13      6.1966490000E-04  -7.3416892000E-03  -2.7000000000E-09   1.3455342400E-02  -2.2400000000E-08
   14     -1.6016520000E-04  -2.0992478800E-02   1.8400000000E-07  -2.2400000000E-08   8.3951611100E-02
   15      3.7852910000E-04   4.5085996000E-03   1.8893962000E-03   3.1000000000E-09  -1.0700000000E-07
   16      7.6565800000E-05   2.6030964000E-03  -3.9000000000E-09   1.8896466000E-03  -9.8100000000E-08
   17      6.0372120000E-04  -1.2851659900E-02  -1.1450000000E-07   6.9500000000E-08  -2.0081391300E-02
                   15                 16                 17        
     0     -8.2517072000E-03  -9.8000000000E-09   2.8480000000E-07
     1     -9.9000000000E-09  -8.2520379000E-03   2.7750000000E-07
     2      1.7360000000E-07   2.3900000000E-08   2.5440872200E-02
     3     -1.4164760000E-04  -1.3800000000E-08  -9.2000000000E-08
     4      1.0000000000E-09   7.3281540000E-04  -1.2079767000E-03
     5     -7.5400000000E-08  -5.2063296000E-03  -1.2851557000E-02
     6      5.1394210000E-04  -3.7897210000E-04  -1.0460918000E-03
     7     -3.7853080000E-04   7.6576800000E-05   6.0371830000E-04
     8     -4.5086537000E-03   2.6031173000E-03  -1.2851592000E-02
     9      5.1398370000E-04   3.7899200000E-04   1.0459506000E-03
    10      3.7852910000E-04   7.6565800000E-05   6.0372120000E-04
    11      4.5085996000E-03   2.6030964000E-03  -1.2851659900E-02
    12      1.8893962000E-03  -3.9000000000E-09  -1.1450000000E-07
    13      3.1000000000E-09   1.8896466000E-03   6.9500000000E-08
    14     -1.0700000000E-07  -9.8100000000E-08  -2.0081391300E-02
    15      5.4760327000E-03   7.6000000000E-09   6.2800000000E-08
    16      7.6000000000E-09   5.4764333000E-03   1.9020000000E-07
    17      6.2800000000E-08   1.9020000000E-07   3.3195328000E-02

$vibrational_frequencies
18
    0        0.0000000000000000
    1        0.0000000000000000
    2        0.0000000000000000
    3        0.0000000000000000
    4        0.0000000000000000
    5        0.0000000000000000
    6       66.9218889189394872
    7      200.2267728017693287
    8      200.2341975890734602
    9      261.3091872540666714
   10      994.4754277217200524
   11      994.4812993055332981
   12     1168.8309575630553354
   13     1405.0577832323629082
   14     1405.0624536416819410
   15     3087.1273964311567397
   16     3135.9886525710221576
   17     3136.0159525000772192

$normal_modes
18 18
                    0                  1                  2                  3                  4        
    0      0.0000000000E+00   0.0000000000E+00   0.0000000000E+00   0.0000000000E+00   0.0000000000E+00
    1      0.0000000000E+00   0.0000000000E+00   0.0000000000E+00   0.0000000000E+00   0.0000000000E+00
    2      0.0000000000E+00   0.0000000000E+00   0.0000000000E+00   0.0000000000E+00   0.0000000000E+00
    3      0.0000000000E+00   0.0000000000E+00   0.0000000000E+00   0.0000000000E+00   0.0000000000E+00
    4      0.0000000000E+00   0.0000000000E+00   0.0000000000E+00   0.0000000000E+00   0.0000000000E+00
    5      0.0000000000E+00   0.0000000000E+00   0.0000000000E+00   0.0000000000E+00   0.0000000000E+00
    6      0.0000000000E+00   0.0000000000E+00   0.0000000000E+00   0.0000000000E+00   0.0000000000E+00
    7      0.0000000000E+00   0.0000000000E+00   0.0000000000E+00   0.0000000000E+00   0.0000000000E+00
    8      0.0000000000E+00   0.0000000000E+00   0.0000000000E+00   0.0000000000E+00   0.0000000000E+00
    9      0.0000000000E+00   0.0000000000E+00   0.0000000000E+00   0.0000000000E+00   0.0000000000E+00
   10      0.0000000000E+00   0.0000000000E+00   0.0000000000E+00   0.0000000000E+00   0.0000000000E+00
   11      0.0000000000E+00   0.0000000000E+00   0.0000000000E+00   0.0000000000E+00   0.0000000000E+00
   12      0.0000000000E+00   0.0000000000E+00   0.0000000000E+00   0.0000000000E+00   0.0000000000E+00
   13      0.0000000000E+00   0.0000000000E+00   0.0000000000E+00   0.0000000000E+00   0.0000000000E+00
   14      0.0000000000E+00   0.0000000000E+00   0.0000000000E+00   0.0000000000E+00   0.0000000000E+00
   15      0.0000000000E+00   0.0000000000E+00   0.0000000000E+00   0.0000000000E+00   0.0000000000E+00
   16      0.0000000000E+00   0.0000000000E+00   0.0000000000E+00   0.0000000000E+00   0.0000000000E+00
   17      0.0000000000E+00   0.0000000000E+00   0.0000000000E+00   0.0000000000E+00   0.0000000000E+00
                    5                  6                  7                  8                  9        
    0      0.0000000000E+00  -9.9974342617E-06   4.5715747155E-01  -5.5263853897E-03   2.0537275057E-06
    1      0.0000000000E+00   3.2099632048E-06  -5.5263333335E-03  -4.5716238643E-01   1.1100867719E-05
    2      0.0000000000E+00  -7.9819604791E-01  -4.2966134637E-06  -6.3459781067E-06  -5.8827156857E-01
    3      0.0000000000E+00  -6.2746325276E-06   4.9772107784E-01  -6.0185277313E-03   4.7554475876E-06
    4      0.0000000000E+00   1.1735424790E-01  -5.9337273011E-03  -4.9089748504E-01   5.4864465069E-02
    5      0.0000000000E+00  -1.4426464807E-01  -1.4396611079E-03  -1.1898384516E-01  -2.6982698433E-01
    6      0.0000000000E+00   1.0162128720E-01   4.9256774129E-01  -8.9056424289E-03   4.7506883483E-02
    7      0.0000000000E+00  -5.8662484455E-02  -3.0361139950E-03  -4.9604729998E-01  -2.7411443593E-02
    8      0.0000000000E+00  -1.4427448032E-01   1.0376335224E-01   5.8245686254E-02  -2.6983464392E-01
    9      0.0000000000E+00  -1.0163587789E-01   4.9263752932E-01  -3.0021424803E-03  -4.7498521900E-02
   10      0.0000000000E+00  -5.8663662823E-02  -8.9562834780E-03  -4.9597830596E-01  -2.7412107059E-02
   11      0.0000000000E+00  -1.4427244217E-01  -1.0232920479E-01   6.0735260227E-02  -2.6983878514E-01
   12      0.0000000000E+00   8.5828334806E-07  -4.3135595810E-02   5.2145209632E-04  -2.3305970699E-07
   13      0.0000000000E+00  -4.2184214163E-07   5.2144477764E-04   4.3135977412E-02  -1.0774599064E-06
   14      0.0000000000E+00   4.4165327447E-03  -2.7584856555E-07   1.5505100246E-06   2.4279266277E-01
   15      0.0000000000E+00   3.8180119665E-06  -1.8629192783E-01   2.2519799748E-03  -1.0142024136E-06
   16      0.0000000000E+00  -1.7462420546E-06   2.2519678760E-03   1.8629325739E-01  -4.6576065018E-06
   17      0.0000000000E+00   5.0902862556E-01   4.1691068255E-06  -2.3551080929E-06  -6.0624421144E-01
                   10                 11                 12                 13                 14        
    0     -2.0613116503E-03   7.4417708059E-02  -3.9091248603E-08  -8.0443592565E-02   3.5181261307E-03
    1      7.4418027381E-02   2.0613207498E-03   1.0968288358E-07  -3.5180104542E-03  -8.0441633440E-02
    2     -2.3813982574E-07  -3.5506739606E-07   4.5942174013E-02   4.4651649079E-07   9.8918205218E-07
    3      6.4614841891E-03  -2.3330877760E-01  -1.0134103553E-06   7.5834725543E-01  -3.3170547647E-02
    4     -1.2054603853E-01  -3.3387260620E-03  -1.2432824464E-01  -4.4696487455E-03  -1.0210001838E-01
    5     -7.7034966085E-01  -2.1342509667E-02  -5.6297024730E-01  -1.2026741300E-02  -2.7490520783E-01
    6     -4.4713749592E-02  -1.5009078025E-01  -1.0767889675E-01   1.2930832026E-01   3.6763778804E-01
    7     -2.0377642186E-01  -5.4510875315E-02   6.2159902996E-02   3.9634508837E-01   5.2693661929E-01
    8      4.0364817669E-01  -6.5647099696E-01  -5.6298598158E-01  -2.3204580637E-01   1.4785266088E-01
    9      5.2953800526E-02  -1.4737909164E-01   1.0767588443E-01   9.6713566965E-02  -3.7751759952E-01
   10     -2.0647975896E-01   4.3146227480E-02   6.2159334021E-02  -3.4882506273E-01   5.5953446472E-01
   11      3.6668233205E-01   6.7781044776E-01  -5.6298976149E-01   2.4406908213E-01   1.2703108751E-01
   12      1.7395015493E-04  -6.2791222955E-03   3.4570543704E-08  -7.5229050577E-04   3.2897550127E-05
   13     -6.2789897316E-03  -1.7393639125E-04   9.3612885568E-08  -3.2926688060E-05  -7.5251185893E-04
   14      1.7077862646E-07   7.2263073316E-08   8.6003378468E-03  -9.9954152831E-09   1.0943177366E-07
   15     -2.0840880894E-04   7.5216158858E-03   9.2918773481E-08   1.7934469897E-03  -7.8427477102E-05
   16      7.5221070524E-03   2.0844273208E-04   1.4875789749E-08   7.8475946881E-05   1.7930372996E-03
   17      4.4848985379E-07   8.2862995698E-08   2.4396205509E-02  -5.6385657501E-08   5.2976258692E-08
                   15                 16                 17        
     0     -1.8629307257E-06   9.4981055981E-02  -2.4908900022E-03
     1     -3.1297001081E-05   2.4908719511E-03   9.4980383614E-02
     2     -2.6672534649E-02  -1.1501125313E-06  -9.8414660226E-06
     3     -3.4297872291E-07   4.0430967764E-02  -1.0641521989E-03
     4     -5.6510717930E-01  -2.0747493385E-02  -7.9052823803E-01
     5      1.1591739833E-01   4.8363046815E-03   1.8429368004E-01
     6     -4.8973655988E-01  -5.7321095332E-01   3.7483349266E-01
     7      2.8273258848E-01   3.5535141487E-01  -1.7658744751E-01
     8      1.1600882612E-01   1.5715498770E-01  -9.6269917421E-02
     9      4.8975889883E-01  -5.9205853784E-01  -3.4427008906E-01
    10      2.8274588182E-01  -3.6410257971E-01  -1.5771262781E-01
    11      1.1601143202E-01  -1.6197707930E-01  -8.7896547445E-02
    12      1.0112008674E-08   1.6949575799E-05  -4.5707693027E-07
    13     -1.3692466801E-08   4.4147383082E-07   1.6944638502E-05
    14     -2.7197940827E-04  -5.3644745478E-09  -9.4109428114E-08
    15     -3.1804503349E-08  -4.3870422763E-04   1.1546207621E-05
    16      1.4427660305E-07  -1.1500645885E-05  -4.3880010241E-04
    17     -4.5405776022E-04  -4.4306121471E-09  -1.3199817168E-07

#
# The atoms: label  mass x y z (in bohrs)
#
$atoms
6
 C     12.01100      0.000001221420     0.000001944706    -2.050664624178
 H      1.00800      0.000000841679     1.983577602892    -2.503164313146
 H      1.00800      1.717828124338    -0.991785631352    -2.503164767667
 H      1.00800     -1.717826185164    -0.991785483657    -2.503165145679
 Br    79.90000     -0.000000120298    -0.000000214549     1.867185130500
 F     18.99800     -0.000000413821    -0.000000671397    -6.157910777220

$actual_temperature
  0.000000

$frequency_scale_factor
  1.000000


$end

