
$orca_hessian_file

$act_atom
  0

$act_coord
  0

$act_energy
      -12.678292

$multiplicity
  1

$hessian
18
                    0                  1                  2                  3                  4        
    0      3.9766963150E-01   6.2836972200E-02   1.2894050100E-02  -3.9968519200E-02  -5.3201836000E-03
    1      6.2836972200E-02   4.3153118830E-01  -7.0411755000E-03  -3.2307669000E-03  -2.4574549740E-01
    2      1.2894050100E-02  -7.0411755000E-03   3.1501931640E-01   5.3982060000E-04   7.7685014700E-02
    3     -3.9968519200E-02  -3.2307669000E-03   5.3982060000E-04   4.5207416300E-02   8.3144420000E-04
    4     -5.3201836000E-03  -2.4574549740E-01   7.7685014700E-02   8.3144420000E-04   2.8581849990E-01
    5     -6.3937200000E-05   8.9206640200E-02  -6.9228120200E-02  -3.4390400000E-03  -8.4366558800E-02
    6     -1.2387327690E-01   4.5958104100E-02   6.3356578700E-02  -4.3779149000E-03   6.7451524000E-03
    7      4.5777257500E-02  -6.6760732000E-02  -3.6462168900E-02   2.9769327700E-02  -2.6656312000E-02
    8      7.3056360800E-02  -4.2259988200E-02  -7.5009292500E-02  -3.4119257000E-03   2.1821798000E-03
    9     -2.1579928240E-01  -1.0509292070E-01  -6.6045099200E-02   3.9242120000E-04  -2.0459087000E-03
   10     -1.0254460290E-01  -1.0042648010E-01  -3.8302070000E-02  -2.7548623300E-02  -1.6451473000E-02
   11     -7.6051688200E-02  -4.3395813800E-02  -6.3076734200E-02   7.9222861000E-03   3.4625285000E-03
   12     -2.2558741700E-02  -3.6871020000E-04  -3.9318224000E-03   6.9125270000E-04   2.0567660000E-04
   13     -4.6238460000E-04  -2.2412564100E-02   2.0107770000E-04   1.2177884000E-03   3.1867256000E-03
   14     -8.8774802000E-03   2.9997948000E-03  -1.0132123780E-01  -1.3200441000E-03   7.6026940000E-04
   15      4.5301886000E-03  -1.0267850000E-04  -6.8135278000E-03  -1.9446562000E-03  -4.1618090000E-04
   16     -2.8705860000E-04   3.8140853000E-03   3.9193221000E-03  -1.0391702000E-03  -1.5194300000E-04
   17     -9.5730520000E-04   4.9054250000E-04  -6.3839318000E-03  -2.9109690000E-04   2.7656640000E-04
                    5                  6                  7                  8                  9        
    0     -6.3937200000E-05  -1.2387327690E-01   4.5777257500E-02   7.3056360800E-02  -2.1579928240E-01
    1      8.9206640200E-02   4.5958104100E-02  -6.6760732000E-02  -4.2259988200E-02  -1.0509292070E-01
    2     -6.9228120200E-02   6.3356578700E-02  -3.6462168900E-02  -7.5009292500E-02  -6.6045099200E-02
    3     -3.4390400000E-03  -4.3779149000E-03   2.9769327700E-02  -3.4119257000E-03   3.9242120000E-04
    4     -8.4366558800E-02   6.7451524000E-03  -2.6656312000E-02   2.1821798000E-03  -2.0459087000E-03
    5      8.2109364600E-02   2.6580177000E-03  -1.3776886600E-02   7.0745398000E-03   1.2139089000E-03
    6      2.6580177000E-03   1.5863426200E-01  -6.0848709200E-02  -7.5752786600E-02  -3.2677276700E-02
    7     -1.3776886600E-02  -6.0848709200E-02   8.8418144200E-02   4.3199804000E-02  -1.1968761000E-02
    8      7.0745398000E-03  -7.5752786600E-02   4.3199804000E-02   7.7950613900E-02  -3.3505820000E-03
    9      1.2139089000E-03  -3.2677276700E-02  -1.1968761000E-02  -3.3505820000E-03   2.4621153380E-01
   10     -7.3271991000E-03   1.0837877300E-02   5.9741250000E-03   2.1990150000E-03   1.1766643270E-01
   11      3.9256886000E-03   1.3304189100E-02   5.1794186000E-03   5.8837270000E-03   7.0935707900E-02
   12      4.2022990000E-04   6.6133747000E-03  -2.4518765000E-03   5.3680246000E-03   1.0421257000E-03
   13      1.6385594500E-02  -2.7727307000E-03   3.0485247000E-03  -2.6901476000E-03   5.1319300000E-04
   14     -1.9527176300E-02  -1.6153516000E-03   7.7330000000E-04  -7.9521931000E-03  -2.2974292000E-03
   15     -7.8917930000E-04  -4.3191681000E-03  -2.7723840000E-04   4.0909089000E-03   8.3047840000E-04
   16     -1.2159030000E-04   8.0306200000E-05  -4.0237499000E-03  -2.6308631000E-03   9.2796470000E-04
   17     -4.3542965000E-03  -1.9506473000E-03   1.0865328000E-03  -7.9473951000E-03  -4.5650650000E-04
                   10                 11                 12                 13                 14        
    0     -1.0254460290E-01  -7.6051688200E-02  -2.2558741700E-02  -4.6238460000E-04  -8.8774802000E-03
    1     -1.0042648010E-01  -4.3395813800E-02  -3.6871020000E-04  -2.2412564100E-02   2.9997948000E-03
    2     -3.8302070000E-02  -6.3076734200E-02  -3.9318224000E-03   2.0107770000E-04  -1.0132123780E-01
    3     -2.7548623300E-02   7.9222861000E-03   6.9125270000E-04   1.2177884000E-03  -1.3200441000E-03
    4     -1.6451473000E-02   3.4625285000E-03   2.0567660000E-04   3.1867256000E-03   7.6026940000E-04
    5     -7.3271991000E-03   3.9256886000E-03   4.2022990000E-04   1.6385594500E-02  -1.9527176300E-02
    6      1.0837877300E-02   1.3304189100E-02   6.6133747000E-03  -2.7727307000E-03  -1.6153516000E-03
    7      5.9741250000E-03   5.1794186000E-03  -2.4518765000E-03   3.0485247000E-03   7.7330000000E-04
    8      2.1990150000E-03   5.8837270000E-03   5.3680246000E-03  -2.6901476000E-03  -7.9521931000E-03
    9      1.1766643270E-01   7.0935707900E-02   1.0421257000E-03   5.1319300000E-04  -2.2974292000E-03
   10      1.1119261070E-01   4.3509407500E-02   1.1255036000E-03   1.1650738000E-03  -4.8722100000E-05
   11      4.3509407500E-02   7.8543415300E-02  -1.5658328900E-02  -9.2169327000E-03  -2.2114208200E-02
   12      1.1255036000E-03  -1.5658328900E-02   1.3577784300E-02   1.9349690000E-03   1.1607250600E-02
   13      1.1650738000E-03  -9.2169327000E-03   1.9349690000E-03   1.4559348400E-02  -3.5772548000E-03
   14     -4.8722100000E-05  -2.2114208200E-02   1.1607250600E-02  -3.5772548000E-03   1.6176803360E-01
   15      4.6341250000E-04  -4.5216610000E-04   6.3420420000E-04  -4.3083510000E-04   2.5030545000E-03
   16     -1.4538564000E-03   4.6139200000E-04  -4.4556260000E-04   4.5289160000E-04  -9.0738730000E-04
   17     -3.0431300000E-05  -3.1618885000E-03   2.1946462000E-03  -1.1023371000E-03  -1.0853218300E-02
                   15                 16                 17        
     0      4.5301886000E-03  -2.8705860000E-04  -9.5730520000E-04
     1     -1.0267850000E-04   3.8140853000E-03   4.9054250000E-04
     2     -6.8135278000E-03   3.9193221000E-03  -6.3839318000E-03
     3     -1.9446562000E-03  -1.0391702000E-03  -2.9109690000E-04
     4     -4.1618090000E-04  -1.5194300000E-04   2.7656640000E-04
     5     -7.8917930000E-04  -1.2159030000E-04  -4.3542965000E-03
     6     -4.3191681000E-03   8.0306200000E-05  -1.9506473000E-03
     7     -2.7723840000E-04  -4.0237499000E-03   1.0865328000E-03
     8      4.0909089000E-03  -2.6308631000E-03  -7.9473951000E-03
     9      8.3047840000E-04   9.2796470000E-04  -4.5650650000E-04
    10      4.6341250000E-04  -1.4538564000E-03  -3.0431300000E-05
    11     -4.5216610000E-04   4.6139200000E-04  -3.1618885000E-03
    12      6.3420420000E-04  -4.4556260000E-04   2.1946462000E-03
    13     -4.3083510000E-04   4.5289160000E-04  -1.1023371000E-03
    14      2.5030545000E-03  -9.0738730000E-04  -1.0853218300E-02
    15      2.6895310000E-04   7.6352050000E-04   1.4609098000E-03
    16      7.6352050000E-04   1.3625724000E-03  -7.2087340000E-04
    17      1.4609098000E-03  -7.2087340000E-04   3.2700730200E-02

$vibrational_frequencies
18
    0        0.0000000000000000
    1        0.0000000000000000
    2        0.0000000000000000
    3        0.0000000000000000
    4        0.0000000000000000
    5        0.0000000000000000
    6      -84.3072943839532059
    7      118.9368182873719775
    8      225.7118536846046766
    9      579.6791419462879276
   10      708.3589843339195795
   11      943.2468319432442740
   12     1392.1530595606584484
   13     1430.4559042808557479
   14     1559.9806966475928220
   15     2590.9380182497789065
   16     2984.0791263078108386
   17     3096.0277202371739804

$normal_modes
18 18
                    0                  1                  2                  3                  4        
    0      0.0000000000E+00   0.0000000000E+00   0.0000000000E+00   0.0000000000E+00   0.0000000000E+00
    1      0.0000000000E+00   0.0000000000E+00   0.0000000000E+00   0.0000000000E+00   0.0000000000E+00
    2      0.0000000000E+00   0.0000000000E+00   0.0000000000E+00   0.0000000000E+00   0.0000000000E+00
    3      0.0000000000E+00   0.0000000000E+00   0.0000000000E+00   0.0000000000E+00   0.0000000000E+00
    4      0.0000000000E+00   0.0000000000E+00   0.0000000000E+00   0.0000000000E+00   0.0000000000E+00
    5      0.0000000000E+00   0.0000000000E+00   0.0000000000E+00   0.0000000000E+00   0.0000000000E+00
    6      0.0000000000E+00   0.0000000000E+00   0.0000000000E+00   0.0000000000E+00   0.0000000000E+00
    7      0.0000000000E+00   0.0000000000E+00   0.0000000000E+00   0.0000000000E+00   0.0000000000E+00
    8      0.0000000000E+00   0.0000000000E+00   0.0000000000E+00   0.0000000000E+00   0.0000000000E+00
    9      0.0000000000E+00   0.0000000000E+00   0.0000000000E+00   0.0000000000E+00   0.0000000000E+00
   10      0.0000000000E+00   0.0000000000E+00   0.0000000000E+00   0.0000000000E+00   0.0000000000E+00
   11      0.0000000000E+00   0.0000000000E+00   0.0000000000E+00   0.0000000000E+00   0.0000000000E+00
   12      0.0000000000E+00   0.0000000000E+00   0.0000000000E+00   0.0000000000E+00   0.0000000000E+00
   13      0.0000000000E+00   0.0000000000E+00   0.0000000000E+00   0.0000000000E+00   0.0000000000E+00
   14      0.0000000000E+00   0.0000000000E+00   0.0000000000E+00   0.0000000000E+00   0.0000000000E+00
   15      0.0000000000E+00   0.0000000000E+00   0.0000000000E+00   0.0000000000E+00   0.0000000000E+00
   16      0.0000000000E+00   0.0000000000E+00   0.0000000000E+00   0.0000000000E+00   0.0000000000E+00
   17      0.0000000000E+00   0.0000000000E+00   0.0000000000E+00   0.0000000000E+00   0.0000000000E+00
                    5                  6                  7                  8                  9        
    0      0.0000000000E+00   3.2785445927E-01   1.7533909369E-01  -1.9174099816E-01   3.3287126304E-04
    1      0.0000000000E+00  -1.5870687216E-01   3.4351297404E-01   9.9334404451E-02  -9.2645335841E-03
    2      0.0000000000E+00  -4.3773705498E-02  -3.4186667467E-03  -6.2457043660E-02  -5.1576829720E-01
    3      0.0000000000E+00   4.4184151156E-01  -5.9184931885E-02  -1.9980552917E-01  -8.1062409102E-02
    4      0.0000000000E+00  -2.1058328825E-01   4.1281567014E-01   1.0650039674E-01   6.8609862776E-02
    5      0.0000000000E+00  -1.6041538310E-01   1.6477754203E-01  -2.9790860869E-02  -2.8701731445E-01
    6      0.0000000000E+00   4.6581905328E-01   3.0575870309E-01  -1.3653366407E-01  -1.2494907020E-01
    7      0.0000000000E+00  -2.7834876523E-01   6.0213028397E-01   9.9506274936E-02   6.0156871617E-02
    8      0.0000000000E+00   2.6356006933E-01  -2.6441135792E-02   3.6840413682E-02  -7.2758477189E-01
    9      0.0000000000E+00   3.8622388642E-01   3.3720761761E-01  -1.7298136839E-01  -1.0326419111E-01
   10      0.0000000000E+00  -1.6119944149E-01   1.7266300452E-01   6.5492293605E-02   2.5170126493E-02
   11      0.0000000000E+00  -1.7758242294E-01  -1.6142429129E-01  -4.8162847913E-02  -2.6646123976E-01
   12      0.0000000000E+00  -3.3400902723E-02  -1.7760623032E-02   2.6533523855E-02   2.1339797228E-03
   13      0.0000000000E+00   1.6319997485E-02  -3.4898850280E-02  -1.2633749894E-02   9.1730409580E-05
   14      0.0000000000E+00  -9.7565703518E-03   1.2256200433E-03  -2.0111441537E-01   8.1523276519E-02
   15      0.0000000000E+00  -1.3545443255E-01  -6.7132104117E-02   3.6654789928E-02   7.2242751441E-03
   16      0.0000000000E+00   6.6196072714E-02  -1.3341541342E-01  -2.4073053601E-02  -2.6961418370E-03
   17      0.0000000000E+00   7.2657605350E-02  -1.7682307104E-03   8.8749634388E-01   5.1189338695E-02
                   10                 11                 12                 13                 14        
    0      1.1472050809E-01  -6.3916321191E-02   1.1133413099E-02   6.2076198846E-02  -3.7908109497E-02
    1     -7.6704309387E-02  -9.4095575790E-02  -1.1726729487E-02  -4.3977899700E-02  -4.7712607360E-02
    2      5.9901105010E-02  -4.2836306937E-03  -1.0420339534E-01   6.9201349278E-03   5.7257669586E-03
    3     -1.1812807905E-01   1.7635608104E-01  -6.4727063600E-02  -6.2452690778E-01   3.9464256458E-01
    4      7.6408569576E-02   1.5154138777E-01   2.1015235978E-01  -8.6978508759E-02  -1.2935626921E-01
    5      4.0091161521E-01   5.8921805148E-01   5.4828910117E-01  -2.0575068081E-01  -3.3413366628E-01
    6     -2.9898702820E-01   1.9338656329E-01   2.1830874655E-01   1.2157369756E-01   3.4837549657E-01
    7      1.9067444079E-01   2.8696830643E-01  -7.3020953747E-02   3.0582669813E-02   6.4539733955E-01
    8     -7.4365763076E-01   5.1334327358E-02   4.3150749808E-01   1.9552487880E-01  -5.0984167949E-02
    9     -1.0942489679E-01   4.1739086810E-02  -2.2538713562E-01  -2.9395019010E-01  -2.2239529103E-01
   10      1.1634640430E-01   1.9388881167E-01  -1.1436532427E-02   6.2795932098E-01   1.5213261262E-01
   11      3.0355972519E-01  -6.5113795395E-01   5.9139384926E-01  -1.3979693342E-01   3.1467268717E-01
   12     -9.2868110909E-03   4.9413798210E-03  -8.9295553550E-04   3.9380555516E-04  -4.8819910818E-04
   13      6.0244493915E-03   7.0807610584E-03   3.8610579001E-04  -3.8144908042E-04  -8.1953584473E-04
   14     -1.1156598076E-02   1.1622667098E-03  -2.8760285208E-03   8.9834216105E-04  -8.4065410863E-05
   15     -5.5342400472E-03  -2.2050162578E-03   5.2656168237E-04   1.3799525912E-03  -1.6036604045E-03
   16      2.8131963195E-03  -3.8440120891E-03  -8.7906818361E-04  -9.1797321092E-04  -1.8403006333E-03
   17      1.1129581782E-02  -1.6182841426E-03  -5.3888994541E-03  -1.9330255720E-04   4.7127843019E-04
                   15                 16                 17        
     0     -5.6983579749E-02  -4.6274884312E-03  -6.0827475052E-02
     1      3.6687853958E-02  -6.6945182416E-02  -4.0081099544E-02
     2      2.9747321745E-02   2.9217711407E-02  -2.3651437468E-02
     3     -6.7391969235E-02   1.6044581208E-03  -2.3654355268E-02
     4     -7.6060000807E-02   9.3180006017E-01   8.0069037367E-03
     5      7.0217079155E-02  -3.3056169661E-01  -1.3697953295E-02
     6      7.5487105605E-01   7.3758577899E-02  -6.9613138913E-02
     7     -4.3199943596E-01  -9.1949423490E-02  -1.9818025726E-03
     8     -4.6488300527E-01  -3.6610321528E-02   1.4819454330E-02
     9     -3.1818775096E-03  -1.9246405420E-02   8.2116555390E-01
    10      6.7699295047E-02  -3.8824950940E-02   4.7420876340E-01
    11      4.5820686187E-02   2.2469749510E-03   2.9843997634E-01
    12      1.9873856277E-04   1.8138568387E-05  -7.6018604027E-05
    13     -1.2161214403E-04  -5.1998504783E-05  -3.2295975016E-05
    14     -1.2948598593E-04   1.5453379431E-04  -1.8715565641E-04
    15     -1.1170134637E-03  -1.2812252404E-04   1.5535556966E-04
    16      6.8123061738E-04   4.2076813751E-05  -4.2741580477E-06
    17      2.4670231825E-04   2.4019694993E-04  -1.5405920684E-04

#
# The atoms: label  mass x y z (in bohrs)
#
$atoms
6
 C     12.01100     -0.121208252681     0.028982047525    -1.715397352931
 H      1.00800     -0.085875677141     1.941422226357    -2.499620330438
 H      1.00800      1.368407213693    -0.807590906450    -3.005817792844
 H      1.00800     -1.785333896953    -0.951108740736    -2.386034164055
 Br    79.90000     -0.032772839943     0.014047830692     1.863611834781
 F     18.99800      0.241141541935    -0.087099137008    -6.334579636134

$actual_temperature
  0.000000

$frequency_scale_factor
  1.000000


$end

