
$orca_hessian_file

$act_atom
  0

$act_coord
  0

$act_energy
      -12.678743

$multiplicity
  1

$hessian
18
                    0                  1                  2                  3                  4        
    0      4.1516090330E-01  -5.9280000000E-07  -9.2460000000E-07  -3.9656747000E-02  -1.6290000000E-07
    1     -5.9280000000E-07   4.1516126550E-01  -5.9006000000E-06   1.0920000000E-07  -2.2293641820E-01
    2     -9.2460000000E-07  -5.9006000000E-06   3.1636556240E-01   1.2140000000E-07   8.8758920500E-02
    3     -3.9656747000E-02   1.0920000000E-07   1.2140000000E-07   4.8645489000E-02   2.8490000000E-07
    4     -1.6290000000E-07  -2.2293641820E-01   8.8758920500E-02   2.8490000000E-07   2.6853096550E-01
    5      1.1690000000E-07   1.0310209990E-01  -7.7269708600E-02  -1.4600000000E-07  -9.6199500800E-02
    6     -1.7711205380E-01   7.9366037700E-02   7.6861990600E-02  -3.8311852000E-03   5.8376249000E-03
    7      7.9363491600E-02  -8.5473997700E-02  -4.4375891300E-02   3.0296993100E-02  -2.4696453700E-02
    8      8.9284136200E-02  -5.1548823700E-02  -7.7268022300E-02  -7.4455753000E-03   5.0281764000E-03
    9     -1.7711600380E-01  -7.9365617500E-02  -7.6860579100E-02  -3.8314714000E-03  -5.8377472000E-03
   10     -7.9362775600E-02  -8.5472043200E-02  -4.4373606800E-02  -3.0297473600E-02  -2.4696166000E-02
   11     -8.9282893700E-02  -5.1546419500E-02  -7.7266134400E-02   7.4457609000E-03   5.0281429000E-03
   12     -2.3654600000E-02   4.6600000000E-08  -2.4380000000E-07   1.2467727000E-03   1.4100000000E-08
   13      2.6800000000E-08  -2.3655559000E-02  -7.3470000000E-07   7.9000000000E-08   5.2687250000E-03
   14     -4.1350000000E-07  -1.1970000000E-06  -8.1691338000E-02  -1.1560000000E-07  -1.3041281000E-03
   15      2.3785013000E-03   1.6800000000E-08  -3.6450000000E-07  -2.5728581000E-03  -1.3800000000E-08
   16      1.2800000000E-08   2.3767526000E-03  -2.7871000000E-06   7.3000000000E-09  -1.4706526000E-03
   17     -2.1300000000E-08   2.4090000000E-07  -2.8703591000E-03  -4.5400000000E-08  -1.3116110000E-03
                    5                  6                  7                  8                  9        
    0      1.1690000000E-07  -1.7711205380E-01   7.9363491600E-02   8.9284136200E-02  -1.7711600380E-01
    1      1.0310209990E-01   7.9366037700E-02  -8.5473997700E-02  -5.1548823700E-02  -7.9365617500E-02
    2     -7.7269708600E-02   7.6861990600E-02  -4.4375891300E-02  -7.7268022300E-02  -7.6860579100E-02
    3     -1.4600000000E-07  -3.8311852000E-03   3.0296993100E-02  -7.4455753000E-03  -3.8314714000E-03
    4     -9.6199500800E-02   5.8376249000E-03  -2.4696453700E-02   5.0281764000E-03  -5.8377472000E-03
    5      8.8355508000E-02   6.3192560000E-04  -8.9616366000E-03   6.5591961000E-03  -6.3186540000E-04
    6      6.3192560000E-04   2.1355606040E-01  -9.5213770600E-02  -8.3306180700E-02  -3.5128211400E-02
    7     -8.9616366000E-03  -9.5213770600E-02   1.0361775240E-01   4.8097681800E-02  -1.2229055700E-02
    8      6.5591961000E-03  -8.3306180700E-02   4.8097681800E-02   8.8352640000E-02  -8.0761627000E-03
    9     -6.3186540000E-04  -3.5128211400E-02  -1.2229055700E-02  -8.0761627000E-03   2.1356028680E-01
   10     -8.9611987000E-03   1.2229568800E-02   6.5994212000E-03   3.9331117000E-03   9.5213038400E-02
   11      6.5590504000E-03   8.0767528000E-03   3.9332079000E-03   6.5586715000E-03   8.3304591200E-02
   12     -4.2000000000E-08   4.2620946000E-03  -1.7407589000E-03   9.5719291000E-03   4.2619972000E-03
   13      1.1052002400E-02  -1.7418932000E-03   2.2508304000E-03  -5.5267643000E-03   1.7418006000E-03
   14     -1.4386193100E-02  -1.1290540000E-03   6.5158810000E-04  -1.4386034300E-02   1.1287601000E-03
   15      1.0900000000E-08  -1.7467046000E-03  -4.7689960000E-04  -2.8146500000E-05  -1.7465974000E-03
   16     -3.1766100000E-05  -4.7756760000E-04  -2.2975525000E-03   1.6618100000E-05   4.7758140000E-04
   17     -9.8178528000E-03  -1.1354344000E-03   6.5505020000E-04  -9.8164508000E-03   1.1352559000E-03
                   10                 11                 12                 13                 14        
    0     -7.9362775600E-02  -8.9282893700E-02  -2.3654600000E-02   2.6800000000E-08  -4.1350000000E-07
    1     -8.5472043200E-02  -5.1546419500E-02   4.6600000000E-08  -2.3655559000E-02  -1.1970000000E-06
    2     -4.4373606800E-02  -7.7266134400E-02  -2.4380000000E-07  -7.3470000000E-07  -8.1691338000E-02
    3     -3.0297473600E-02   7.4457609000E-03   1.2467727000E-03   7.9000000000E-08  -1.1560000000E-07
    4     -2.4696166000E-02   5.0281429000E-03   1.4100000000E-08   5.2687250000E-03  -1.3041281000E-03
    5     -8.9611987000E-03   6.5590504000E-03  -4.2000000000E-08   1.1052002400E-02  -1.4386193100E-02
    6      1.2229568800E-02   8.0767528000E-03   4.2620946000E-03  -1.7418932000E-03  -1.1290540000E-03
    7      6.5994212000E-03   3.9332079000E-03  -1.7407589000E-03   2.2508304000E-03   6.5158810000E-04
    8      3.9331117000E-03   6.5586715000E-03   9.5719291000E-03  -5.5267643000E-03  -1.4386034300E-02
    9      9.5213038400E-02   8.3304591200E-02   4.2619972000E-03   1.7418006000E-03   1.1287601000E-03
   10      1.0361550700E-01   4.8095189700E-02   1.7407160000E-03   2.2507877000E-03   6.5152820000E-04
   11      4.8095189700E-02   8.8350470000E-02  -9.5724400000E-03  -5.5267887000E-03  -1.4386055300E-02
   12      1.7407160000E-03  -9.5724400000E-03   1.2597318400E-02   9.7000000000E-09   7.9150000000E-07
   13      2.2507877000E-03  -5.5267887000E-03   9.7000000000E-09   1.2597928700E-02   1.7791000000E-06
   14      6.5152820000E-04  -1.4386055300E-02   7.9150000000E-07   1.7791000000E-06   1.3977251310E-01
   15      4.7692600000E-04   2.8228700000E-05   1.2864170000E-03  -2.3000000000E-08   3.1500000000E-08
   16     -2.2975067000E-03   1.6667700000E-05  -2.7400000000E-08   1.2872872000E-03   4.2970000000E-07
   17      6.5497590000E-04  -9.8160023000E-03   5.2000000000E-09   5.0630000000E-07  -1.4922892400E-02
                   15                 16                 17        
     0      2.3785013000E-03   1.2800000000E-08  -2.1300000000E-08
     1      1.6800000000E-08   2.3767526000E-03   2.4090000000E-07
     2     -3.6450000000E-07  -2.7871000000E-06  -2.8703591000E-03
     3     -2.5728581000E-03   7.3000000000E-09  -4.5400000000E-08
     4     -1.3800000000E-08  -1.4706526000E-03  -1.3116110000E-03
     5      1.0900000000E-08  -3.1766100000E-05  -9.8178528000E-03
     6     -1.7467046000E-03  -4.7756760000E-04  -1.1354344000E-03
     7     -4.7689960000E-04  -2.2975525000E-03   6.5505020000E-04
     8     -2.8146500000E-05   1.6618100000E-05  -9.8164508000E-03
     9     -1.7465974000E-03   4.7758140000E-04   1.1352559000E-03
    10      4.7692600000E-04  -2.2975067000E-03   6.5497590000E-04
    11      2.8228700000E-05   1.6667700000E-05  -9.8160023000E-03
    12      1.2864170000E-03  -2.7400000000E-08   5.2000000000E-09
    13     -2.3000000000E-08   1.2872872000E-03   5.0630000000E-07
    14      3.1500000000E-08   4.2970000000E-07  -1.4922892400E-02
    15      2.4012418000E-03  -6.4000000000E-09   2.3990000000E-07
    16     -6.4000000000E-09   2.4016721000E-03   8.3770000000E-07
    17      2.3990000000E-07   8.3770000000E-07   4.7243557400E-02

$vibrational_frequencies
18
    0        0.0000000000000000
    1        0.0000000000000000
    2        0.0000000000000000
    3        0.0000000000000000
    4        0.0000000000000000
    5        0.0000000000000000
    6      142.9948643879221208
    7      143.0100018940496227
    8      260.3259217257422051
    9      544.6961713121738740
   10      823.1120284685772504
   11      823.1377326441543119
   12     1420.7772582238087580
   13     1522.2103515163978500
   14     1522.2200070874021094
   15     2923.3474850603579398
   16     2923.3773550052928840
   17     3006.1465390649359506

$normal_modes
18 18
                    0                  1                  2                  3                  4        
    0      0.0000000000E+00   0.0000000000E+00   0.0000000000E+00   0.0000000000E+00   0.0000000000E+00
    1      0.0000000000E+00   0.0000000000E+00   0.0000000000E+00   0.0000000000E+00   0.0000000000E+00
    2      0.0000000000E+00   0.0000000000E+00   0.0000000000E+00   0.0000000000E+00   0.0000000000E+00
    3      0.0000000000E+00   0.0000000000E+00   0.0000000000E+00   0.0000000000E+00   0.0000000000E+00
    4      0.0000000000E+00   0.0000000000E+00   0.0000000000E+00   0.0000000000E+00   0.0000000000E+00
    5      0.0000000000E+00   0.0000000000E+00   0.0000000000E+00   0.0000000000E+00   0.0000000000E+00
    6      0.0000000000E+00   0.0000000000E+00   0.0000000000E+00   0.0000000000E+00   0.0000000000E+00
    7      0.0000000000E+00   0.0000000000E+00   0.0000000000E+00   0.0000000000E+00   0.0000000000E+00
    8      0.0000000000E+00   0.0000000000E+00   0.0000000000E+00   0.0000000000E+00   0.0000000000E+00
    9      0.0000000000E+00   0.0000000000E+00   0.0000000000E+00   0.0000000000E+00   0.0000000000E+00
   10      0.0000000000E+00   0.0000000000E+00   0.0000000000E+00   0.0000000000E+00   0.0000000000E+00
   11      0.0000000000E+00   0.0000000000E+00   0.0000000000E+00   0.0000000000E+00   0.0000000000E+00
   12      0.0000000000E+00   0.0000000000E+00   0.0000000000E+00   0.0000000000E+00   0.0000000000E+00
   13      0.0000000000E+00   0.0000000000E+00   0.0000000000E+00   0.0000000000E+00   0.0000000000E+00
   14      0.0000000000E+00   0.0000000000E+00   0.0000000000E+00   0.0000000000E+00   0.0000000000E+00
   15      0.0000000000E+00   0.0000000000E+00   0.0000000000E+00   0.0000000000E+00   0.0000000000E+00
   16      0.0000000000E+00   0.0000000000E+00   0.0000000000E+00   0.0000000000E+00   0.0000000000E+00
   17      0.0000000000E+00   0.0000000000E+00   0.0000000000E+00   0.0000000000E+00   0.0000000000E+00
                    5                  6                  7                  8                  9        
    0      0.0000000000E+00  -4.1822220287E-01   8.9874549518E-03  -1.0017750266E-05  -6.5319209547E-06
    1      0.0000000000E+00  -8.9877036014E-03  -4.1821717332E-01  -7.1761738335E-05  -3.0477766746E-05
    2      0.0000000000E+00   4.4735374371E-06   1.8340211980E-05  -3.1199890405E-02  -6.1060892609E-01
    3      0.0000000000E+00  -4.8414670440E-01   1.0417754235E-02  -7.9929375098E-06  -1.9994539149E-06
    4      0.0000000000E+00  -1.0963280772E-02  -5.1013625616E-01   3.1142847510E-02   5.4003908824E-02
    5      0.0000000000E+00  -4.0338759954E-03  -1.8784484171E-01   6.5569559210E-02  -4.4859674049E-01
    6      0.0000000000E+00  -5.0334006357E-01   2.2094786502E-02   2.7018649063E-02   4.6768250683E-02
    7      0.0000000000E+00   7.8941204821E-04  -4.9084078327E-01  -1.5661417304E-02  -2.7000826764E-02
    8      0.0000000000E+00  -1.6065074796E-01   9.7431146619E-02   6.5550603200E-02  -4.4866888115E-01
    9      0.0000000000E+00  -5.0382227042E-01  -4.6359210475E-04  -2.7033440653E-02  -4.6770968931E-02
   10      0.0000000000E+00  -2.1874062004E-02  -4.9032825262E-01  -1.5660725071E-02  -2.7000087737E-02
   11      0.0000000000E+00   1.6469560688E-01   9.0436594613E-02   6.5542369548E-02  -4.4868292780E-01
   12      0.0000000000E+00   4.1817072369E-02  -8.9863366341E-04   1.1913950590E-06   7.2482897316E-07
   13      0.0000000000E+00   8.9865274038E-04   4.1816575225E-02   7.8496046571E-06   3.3310051369E-06
   14      0.0000000000E+00   2.1476647719E-07   3.1447419372E-06  -2.2728190243E-01   8.9560236048E-02
   15      0.0000000000E+00   1.6766619155E-01  -3.6031599084E-03   2.5317157756E-06   1.3315354617E-06
   16      0.0000000000E+00   3.6031828705E-03   1.6766490381E-01   2.1869462668E-05   5.1006878907E-06
   17      0.0000000000E+00  -4.3142588107E-06  -2.6035997994E-05   9.6517159995E-01   8.0791509051E-02
                   10                 11                 12                 13                 14        
    0     -8.8309998206E-03  -1.1491068760E-01   8.9310781285E-09  -4.2378901578E-03   6.8960622133E-02
    1      1.1491486265E-01  -8.8312046765E-03   4.6077195883E-06  -6.8958441162E-02  -4.2380062339E-03
    2     -9.1485561273E-06   2.6708366678E-06   9.6480917726E-02   6.5711153330E-06   6.8307132873E-07
    3      2.0647835912E-02   2.6872077844E-01   2.3999660007E-06   4.5273231499E-02  -7.3679715119E-01
    4     -2.4825499965E-01   1.9078992740E-02  -2.3697053672E-01  -1.4382381920E-01  -8.8360032392E-03
    5     -7.2116369225E-01   5.5425532517E-02  -5.2343467987E-01  -3.1219063391E-01  -1.9181256377E-02
    6      1.0598046294E-02   2.5404821053E-01  -2.0525212513E-01   3.8599138943E-01  -5.2909755782E-02
    7     -2.6291919167E-01   2.9128084352E-02   1.1845900565E-01   5.4008098388E-01  -3.4955964944E-01
    8      4.0855729139E-01   5.9682456624E-01  -5.2349478090E-01   1.3942807746E-01   2.7991916509E-01
    9      2.8345677346E-02   2.5267311598E-01   2.0524723118E-01  -3.7660199459E-01  -9.9768565795E-02
   10     -2.6427717338E-01   1.1388307915E-02   1.1845340893E-01   4.9322267898E-01   4.1305962396E-01
   11      3.1255793256E-01  -6.5224412048E-01  -5.2349786737E-01   1.7265954673E-01  -2.6074789446E-01
   12      6.4670411566E-04   8.4146646889E-03   3.5621410953E-08  -2.9046062356E-05   4.7247737927E-04
   13     -8.4149475359E-03   6.4669209829E-04   1.7233351713E-07  -4.7275333676E-04  -2.9028849883E-05
   14      8.4815539726E-07  -1.8624344366E-07   2.5934549238E-03   1.4316247121E-07   2.2707647134E-08
   15     -2.9849521131E-04  -3.8838341739E-03  -2.3133374913E-08  -9.8844524786E-05   1.6082904258E-03
   16      3.8828754854E-03  -2.9851812672E-04  -5.5403981956E-07  -1.6087406049E-03  -9.8914889799E-05
   17      4.7884904025E-06  -1.2224797114E-06   1.1419170205E-02   7.0899338905E-07   2.4695980541E-09
                   15                 16                 17        
     0      8.5022038034E-02   2.6969107008E-03   6.6282773095E-07
     1      2.6968202835E-03  -8.5021587066E-02   1.1066769642E-05
     2      2.0548516641E-07  -5.5355728325E-06  -5.0438951964E-02
     3      6.2594261178E-02   1.9870335445E-03   2.4788328582E-06
     4     -2.3368228448E-02   7.3680265123E-01  -5.3840264708E-01
     5      1.0720038096E-02  -3.3800342713E-01   2.0672493685E-01
     6     -5.2601870877E-01  -3.6329174466E-01  -4.6614421619E-01
     7      3.4183304095E-01   1.4829308149E-01   2.6913998006E-01
     8      2.8737137241E-01   1.7832562091E-01   2.0665172693E-01
     9     -5.4800933590E-01   3.2922168409E-01   4.6613362607E-01
    10     -3.5054626666E-01   1.2632448509E-01   2.6913100389E-01
    11     -2.9809418041E-01   1.5974674571E-01   2.0663782568E-01
    12     -8.1753445561E-05  -2.5797523283E-06   8.6465141103E-09
    13     -2.5922739586E-06   8.1814481764E-05  -2.7575932739E-08
    14      5.1776515605E-09  -2.1576537406E-08  -9.8767251742E-05
    15      2.5569297928E-04   8.0650079315E-06  -2.5050049069E-08
    16      8.0913811048E-06  -2.5551502274E-04   1.0510481180E-07
    17     -4.7223211995E-09  -6.7337134440E-08  -5.9273870470E-04

#
# The atoms: label  mass x y z (in bohrs)
#
$atoms
6
 C     12.01100     -0.000007202314    -0.000035793025    -1.773912499181
 H      1.00800     -0.000012535286     1.835810260991    -2.738446442574
 H      1.00800      1.589892073088    -0.917985449605    -2.738407056367
 H      1.00800     -1.589916160122    -0.917984881715    -2.738393331965
 Br    79.90000     -0.000000221875     0.000000091285     1.840767294330
 F     18.99800      0.000007429737     0.000030738353    -6.184328612681

$actual_temperature
  0.000000

$frequency_scale_factor
  1.000000


$end

