
$orca_hessian_file

$act_atom
  0

$act_coord
  0

$act_energy
      -12.692821

$multiplicity
  1

$hessian
18
                    0                  1                  2                  3                  4        
    0      5.1069067630E-01  -3.2520000000E-07  -1.6721000000E-06  -4.1374781700E-02  -9.2540000000E-07
    1     -3.2520000000E-07   5.1069151490E-01  -4.5586000000E-06  -8.5170000000E-07  -2.8248084610E-01
    2     -1.6721000000E-06  -4.5586000000E-06   1.3520328150E-01   4.4560000000E-07   7.7489004900E-02
    3     -4.1374781700E-02  -8.5170000000E-07   4.4560000000E-07   4.4647660600E-02   1.0648000000E-06
    4     -9.2540000000E-07  -2.8248084610E-01   7.7489004900E-02   1.0648000000E-06   3.1573022410E-01
    5      4.0740000000E-07   8.5280119700E-02  -4.4512092700E-02  -3.1980000000E-07  -8.2189107600E-02
    6     -2.2219774450E-01   1.0440052590E-01   6.7105745800E-02  -1.5106737000E-03   2.0009754000E-03
    7      1.0439986820E-01  -1.0164787680E-01  -3.8742776900E-02   2.6649455100E-02  -1.8053805900E-02
    8      7.3852192100E-02  -4.2638714500E-02  -4.4512188500E-02  -6.1716159000E-03   3.1072421000E-03
    9     -2.2220064430E-01  -1.0439935080E-01  -6.7104707100E-02  -1.5109373000E-03  -2.0011276000E-03
   10     -1.0439859750E-01  -1.0164551340E-01  -3.8741286300E-02  -2.6649716200E-02  -1.8053542000E-02
   11     -7.3851300000E-02  -4.2637172000E-02  -4.4511198100E-02   6.1716823000E-03   3.1071932000E-03
   12     -1.9969623900E-02   1.0500000000E-08   8.1300000000E-08   5.1990370000E-04   1.1000000000E-08
   13     -9.6000000000E-09  -1.9969026700E-02   1.4440000000E-07   5.4300000000E-08   2.6202279000E-03
   14      1.8680000000E-07   1.9000000000E-08  -1.9280399700E-02  -1.1960000000E-07  -4.8675130000E-04
   15     -4.9478820000E-03  -8.6000000000E-09   1.0650000000E-07  -7.7117160000E-04   1.8000000000E-09
   16     -1.0500000000E-08  -4.9482519000E-03  -5.2760000000E-07  -6.3000000000E-09   2.3774200000E-04
   17      1.8580000000E-07   3.0620000000E-07   1.7612597500E-02  -7.2600000000E-08  -1.0275813000E-03
                    5                  6                  7                  8                  9        
    0      4.0740000000E-07  -2.2219774450E-01   1.0439986820E-01   7.3852192100E-02  -2.2220064430E-01
    1      8.5280119700E-02   1.0440052590E-01  -1.0164787680E-01  -4.2638714500E-02  -1.0439935080E-01
    2     -4.4512092700E-02   6.7105745800E-02  -3.8742776900E-02  -4.4512188500E-02  -6.7104707100E-02
    3     -3.1980000000E-07  -1.5106737000E-03   2.6649455100E-02  -6.1716159000E-03  -1.5109373000E-03
    4     -8.2189107600E-02   2.0009754000E-03  -1.8053805900E-02   3.1072421000E-03  -2.0011276000E-03
    5      6.9210071200E-02  -3.9475210000E-04  -6.8986940000E-03   3.1944012000E-03   3.9471640000E-04
    6     -3.9475210000E-04   2.4795335280E-01  -1.1737907140E-01  -7.1176286800E-02  -2.6325109400E-02
    7     -6.8986940000E-03  -1.1737907140E-01   1.1241716220E-01   4.1093831300E-02  -1.2324216900E-02
    8      3.1944012000E-03  -7.1176286800E-02   4.1093831300E-02   6.9209924800E-02  -5.7763362000E-03
    9      3.9471640000E-04  -2.6325109400E-02  -1.2324216900E-02  -5.7763362000E-03   2.4795654380E-01
   10     -6.8985127000E-03   1.2324593000E-02   6.7595235000E-03   3.7908254000E-03   1.1737770200E-01
   11      3.1943619000E-03   5.7765805000E-03   3.7908520000E-03   3.1943127000E-03   7.1175362500E-02
   12      5.1000000000E-09   2.0948333000E-03  -9.0924990000E-04   1.2257733400E-02   2.0947751000E-03
   13      1.4153741700E-02  -9.0968620000E-04   1.0442301000E-03  -7.0771011000E-03   9.0964260000E-04
   14     -1.9282293800E-02  -4.2148070000E-04   2.4337860000E-04  -1.9282072000E-02   4.2126710000E-04
   15     -5.7100000000E-08  -1.4658600000E-05  -4.3678510000E-04  -2.9856867000E-03  -1.4627800000E-05
   16     -3.4475472000E-03  -4.3733660000E-04  -5.1923320000E-04   1.7239168000E-03   4.3735080000E-04
   17     -1.1804447800E-02  -8.8980680000E-04   5.1340910000E-04  -1.1804378200E-02   8.8969730000E-04
                   10                 11                 12                 13                 14        
    0     -1.0439859750E-01  -7.3851300000E-02  -1.9969623900E-02  -9.6000000000E-09   1.8680000000E-07
    1     -1.0164551340E-01  -4.2637172000E-02   1.0500000000E-08  -1.9969026700E-02   1.9000000000E-08
    2     -3.8741286300E-02  -4.4511198100E-02   8.1300000000E-08   1.4440000000E-07  -1.9280399700E-02
    3     -2.6649716200E-02   6.1716823000E-03   5.1990370000E-04   5.4300000000E-08  -1.1960000000E-07
    4     -1.8053542000E-02   3.1071932000E-03   1.1000000000E-08   2.6202279000E-03  -4.8675130000E-04
    5     -6.8985127000E-03   3.1943619000E-03   5.1000000000E-09   1.4153741700E-02  -1.9282293800E-02
    6      1.2324593000E-02   5.7765805000E-03   2.0948333000E-03  -9.0968620000E-04  -4.2148070000E-04
    7      6.7595235000E-03   3.7908520000E-03  -9.0924990000E-04   1.0442301000E-03   2.4337860000E-04
    8      3.7908254000E-03   3.1943127000E-03   1.2257733400E-02  -7.0771011000E-03  -1.9282072000E-02
    9      1.1737770200E-01   7.1175362500E-02   2.0947751000E-03   9.0964260000E-04   4.2126710000E-04
   10      1.1241456050E-01   4.1092178000E-02   9.0923610000E-04   1.0442148000E-03   2.4338450000E-04
   11      4.1092178000E-02   6.9208960000E-02  -1.2257959700E-02  -7.0769593000E-03  -1.9282004400E-02
   12      9.0923610000E-04  -1.2257959700E-02   1.3546888500E-02  -4.4000000000E-09   2.3670000000E-07
   13      1.0442148000E-03  -7.0769593000E-03  -4.4000000000E-09   1.3546845800E-02   4.0100000000E-08
   14      2.4338450000E-04  -1.9282004400E-02   2.3670000000E-07   4.0100000000E-08   9.5913129700E-02
   15      4.3678270000E-04   2.9856345000E-03   1.7132233000E-03   3.4000000000E-09  -9.0300000000E-08
   16     -5.1924340000E-04   1.7239082000E-03  -3.2000000000E-09   1.7135081000E-03  -7.1000000000E-08
   17      5.1341100000E-04  -1.1804432100E-02  -9.6800000000E-08   1.3410000000E-07  -1.8786359700E-02
                   15                 16                 17        
     0     -4.9478820000E-03  -1.0500000000E-08   1.8580000000E-07
     1     -8.6000000000E-09  -4.9482519000E-03   3.0620000000E-07
     2      1.0650000000E-07  -5.2760000000E-07   1.7612597500E-02
     3     -7.7117160000E-04  -6.3000000000E-09  -7.2600000000E-08
     4      1.8000000000E-09   2.3774200000E-04  -1.0275813000E-03
     5     -5.7100000000E-08  -3.4475472000E-03  -1.1804447800E-02
     6     -1.4658600000E-05  -4.3733660000E-04  -8.8980680000E-04
     7     -4.3678510000E-04  -5.1923320000E-04   5.1340910000E-04
     8     -2.9856867000E-03   1.7239168000E-03  -1.1804378200E-02
     9     -1.4627800000E-05   4.3735080000E-04   8.8969730000E-04
    10      4.3678270000E-04  -5.1924340000E-04   5.1341100000E-04
    11      2.9856345000E-03   1.7239082000E-03  -1.1804432100E-02
    12      1.7132233000E-03  -3.2000000000E-09  -9.6800000000E-08
    13      3.4000000000E-09   1.7135081000E-03   1.3410000000E-07
    14     -9.0300000000E-08  -7.1000000000E-08  -1.8786359700E-02
    15      4.0351168000E-03   5.9000000000E-09   9.3100000000E-08
    16      5.9000000000E-09   4.0354783000E-03   3.2080000000E-07
    17      9.3100000000E-08   3.2080000000E-07   3.6587020300E-02

$vibrational_frequencies
18
    0        0.0000000000000000
    1        0.0000000000000000
    2        0.0000000000000000
    3        0.0000000000000000
    4        0.0000000000000000
    5        0.0000000000000000
    6      179.9217700278575762
    7      179.9298149171862917
    8      216.7922849233521561
    9      333.8427430431690368
   10      937.1989575243072750
   11      937.2088524725878642
   12     1235.5962371577700196
   13     1443.4862683043284051
   14     1443.4906490045636929
   15     3085.0550281327055018
   16     3101.6167824654976357
   17     3101.6464977513628583

$normal_modes
18 18
                    0                  1                  2                  3                  4        
    0      0.0000000000E+00   0.0000000000E+00   0.0000000000E+00   0.0000000000E+00   0.0000000000E+00
    1      0.0000000000E+00   0.0000000000E+00   0.0000000000E+00   0.0000000000E+00   0.0000000000E+00
    2      0.0000000000E+00   0.0000000000E+00   0.0000000000E+00   0.0000000000E+00   0.0000000000E+00
    3      0.0000000000E+00   0.0000000000E+00   0.0000000000E+00   0.0000000000E+00   0.0000000000E+00
    4      0.0000000000E+00   0.0000000000E+00   0.0000000000E+00   0.0000000000E+00   0.0000000000E+00
    5      0.0000000000E+00   0.0000000000E+00   0.0000000000E+00   0.0000000000E+00   0.0000000000E+00
    6      0.0000000000E+00   0.0000000000E+00   0.0000000000E+00   0.0000000000E+00   0.0000000000E+00
    7      0.0000000000E+00   0.0000000000E+00   0.0000000000E+00   0.0000000000E+00   0.0000000000E+00
    8      0.0000000000E+00   0.0000000000E+00   0.0000000000E+00   0.0000000000E+00   0.0000000000E+00
    9      0.0000000000E+00   0.0000000000E+00   0.0000000000E+00   0.0000000000E+00   0.0000000000E+00
   10      0.0000000000E+00   0.0000000000E+00   0.0000000000E+00   0.0000000000E+00   0.0000000000E+00
   11      0.0000000000E+00   0.0000000000E+00   0.0000000000E+00   0.0000000000E+00   0.0000000000E+00
   12      0.0000000000E+00   0.0000000000E+00   0.0000000000E+00   0.0000000000E+00   0.0000000000E+00
   13      0.0000000000E+00   0.0000000000E+00   0.0000000000E+00   0.0000000000E+00   0.0000000000E+00
   14      0.0000000000E+00   0.0000000000E+00   0.0000000000E+00   0.0000000000E+00   0.0000000000E+00
   15      0.0000000000E+00   0.0000000000E+00   0.0000000000E+00   0.0000000000E+00   0.0000000000E+00
   16      0.0000000000E+00   0.0000000000E+00   0.0000000000E+00   0.0000000000E+00   0.0000000000E+00
   17      0.0000000000E+00   0.0000000000E+00   0.0000000000E+00   0.0000000000E+00   0.0000000000E+00
                    5                  6                  7                  8                  9        
    0      0.0000000000E+00   4.4340539524E-01  -5.3592336309E-03   4.8989026994E-06  -1.0012031031E-06
    1      0.0000000000E+00  -5.3591777534E-03  -4.4340965176E-01  -8.9286524373E-05  -1.1470666208E-05
    2      0.0000000000E+00   1.0475066386E-06   2.2128494308E-05  -3.8050610667E-01  -7.6126212866E-01
    3      0.0000000000E+00   4.9338824930E-01  -5.9650462250E-03   7.5315488247E-06   2.0633404209E-06
    4      0.0000000000E+00  -6.0020966357E-03  -4.9657159217E-01   8.0518104682E-02   9.8122059789E-02
    5      0.0000000000E+00  -1.8295619588E-03  -1.5134602064E-01  -4.3321070758E-02  -3.4595222355E-01
    6      0.0000000000E+00   4.9578470119E-01  -4.6142906721E-03   6.9823229623E-02   8.4985863302E-02
    7      0.0000000000E+00  -7.3499510689E-03  -4.9415714120E-01  -4.0395668606E-02  -4.9068032771E-02
    8      0.0000000000E+00   1.3198916059E-01   7.4096185297E-02  -4.3286982395E-02  -3.4596180080E-01
    9      0.0000000000E+00   4.9575118887E-01  -7.3680146411E-03  -6.9808980947E-02  -8.4982923800E-02
   10      0.0000000000E+00  -4.5951975258E-03  -4.9419250607E-01  -4.0396139747E-02  -4.9068718312E-02
   11      0.0000000000E+00  -1.3016253235E-01   7.7262641067E-02  -4.3290126783E-02  -3.4596430946E-01
   12      0.0000000000E+00  -4.2826488161E-02   5.1762791769E-04  -5.1852835438E-07   3.9125733662E-08
   13      0.0000000000E+00   5.1762076614E-04   4.2826822781E-02   8.5530982460E-06   1.0416754782E-06
   14      0.0000000000E+00   5.0062416403E-07   4.8978885448E-06  -1.5465105683E-01   1.5098623802E-01
   15      0.0000000000E+00  -1.7900354409E-01   2.1635022038E-03  -2.0720481965E-06   2.0299185777E-07
   16      0.0000000000E+00   2.1634913135E-03   1.7900467399E-01   3.4999536516E-05   3.6505487109E-06
   17      0.0000000000E+00  -2.6120794143E-06  -3.5268702224E-05   8.9787428430E-01  -9.8647206528E-02
                   10                 11                 12                 13                 14        
    0      8.3425908899E-04  -9.0686655468E-02   8.2748824498E-08  -7.4800491631E-02   4.3580184369E-03
    1     -9.0686326491E-02  -8.3424874307E-04   1.0249981230E-06  -4.3579222229E-03  -7.4799333602E-02
    2      9.6545309016E-07   4.2018403427E-07   6.2499660888E-02   4.2603440370E-07   2.0026611972E-06
    3     -2.3397017399E-03   2.5444505752E-01  -1.0208833095E-06   7.4705665484E-01  -4.3529960822E-02
    4      1.6627754667E-01   1.5293917479E-03  -1.6737131706E-01  -7.0997053678E-03  -1.2178437696E-01
    5      7.5411512457E-01   6.9409045869E-03  -5.5122827870E-01  -1.7264223574E-02  -2.9625390481E-01
    6      3.6448777626E-02   1.8867107639E-01  -1.4496104118E-01   1.1734773806E-01   3.7065322584E-01
    7      2.3205691344E-01   4.0317526698E-02   8.3677456783E-02   4.0709117304E-01   5.0792650954E-01
    8     -3.8305750263E-01   6.4960804095E-01  -5.5125211502E-01  -2.4791701414E-01   1.6305434111E-01
    9     -3.9914021154E-02   1.8796270837E-01   1.4495778988E-01   7.3504114056E-02  -3.8176747618E-01
   10      2.3275745302E-01  -3.6040739811E-02   8.3676758451E-02  -3.4534686144E-01   5.5177371242E-01
   11     -3.7103457509E-01  -6.5654889484E-01  -5.5125413314E-01   2.6517714457E-01   1.3316114662E-01
   12     -6.4999453832E-05   7.0632042129E-03   2.2206528857E-08  -7.4609373977E-04   4.3466451238E-05
   13      7.0630921570E-03   6.4988312838E-05   9.5010204585E-08  -4.3494850649E-05  -7.4625639560E-04
   14     -2.4467497679E-07  -5.5467243229E-08   6.7593837259E-03  -3.9489165955E-09   1.4822812462E-07
   15      5.3929638555E-05  -5.8553569220E-03   8.0964539848E-08   6.6479733489E-04  -3.8728500734E-05
   16     -5.8557871511E-03  -5.3954764044E-05  -1.4022137015E-07   3.8766149574E-05   6.6435994037E-04
   17     -8.0417698106E-07  -3.5061372556E-08   1.9802411646E-02  -3.5566605552E-08   1.4880634391E-07
                   15                 16                 17        
     0      4.6708320944E-06   9.2298664636E-02  -2.1723176374E-03
     1      8.6802402549E-05   2.1722867722E-03   9.2297939916E-02
     2      3.5728750327E-02  -3.0923849908E-06  -3.6591027761E-05
     3      1.5823600153E-06   4.3974702919E-02  -1.0385566928E-03
     4      5.5569542210E-01  -1.8264934811E-02  -7.7461997919E-01
     5     -1.5240255366E-01   5.7549188281E-03   2.4412755511E-01
     6      4.8218702733E-01  -5.6124352061E-01   3.6713734953E-01
     7     -2.7834515728E-01   3.5046308967E-01  -1.6858504031E-01
     8     -1.5273961111E-01   2.0842798542E-01  -1.2680498875E-01
     9     -4.8224396387E-01  -5.7785216312E-01  -3.4032407341E-01
    10     -2.7837985638E-01  -3.5797212606E-01  -1.5190472334E-01
    11     -1.5275703434E-01  -2.1414385663E-01  -1.1685484152E-01
    12     -1.0267161293E-08   1.1300987525E-05  -2.7977199219E-07
    13      1.5273677746E-08   2.6445897753E-07   1.1291805223E-05
    14      2.5507444203E-04  -1.7668621813E-08  -2.5609745702E-07
    15      2.7160766475E-08  -2.9583436116E-04   7.0083033283E-06
    16     -3.1454547363E-07  -6.9640871486E-06  -2.9593382415E-04
    17      6.3395750184E-04  -4.2406354044E-08  -6.0583363861E-07

#
# The atoms: label  mass x y z (in bohrs)
#
$atoms
6
 C     12.01100      0.000001134170    -0.000001142950    -1.941920672209
 H      1.00800      0.000000501123     1.943552128875    -2.566772691742
 H      1.00800      1.683167766732    -0.971778855804    -2.566771359759
 H      1.00800     -1.683166116015    -0.971778481416    -2.566771651448
 Br    79.90000     -0.000000112753     0.000000022159     1.855923269200
 F     18.99800     -0.000000357018     0.000000905751    -6.169172638520

$actual_temperature
  0.000000

$frequency_scale_factor
  1.000000


$end

