
$orca_hessian_file

$act_atom
  0

$act_coord
  0

$act_energy
      -12.683288

$multiplicity
  1

$hessian
18
                    0                  1                  2                  3                  4        
    0      4.4566242280E-01   1.7030000000E-07  -4.0840000000E-07  -3.9382457300E-02  -7.7390000000E-07
    1      1.7030000000E-07   4.4566169460E-01  -4.8058000000E-06  -7.3140000000E-07  -2.4391549610E-01
    2     -4.0840000000E-07  -4.8058000000E-06   3.1008974870E-01   3.8520000000E-07   9.2133705500E-02
    3     -3.9382457300E-02  -7.3140000000E-07   3.8520000000E-07   4.7529198800E-02   9.2090000000E-07
    4     -7.7390000000E-07  -2.4391549610E-01   9.2133705500E-02   9.2090000000E-07   2.8679536520E-01
    5      4.1200000000E-07   1.0502283440E-01  -7.5270160500E-02  -3.8560000000E-07  -1.0050137530E-01
    6     -1.9277623070E-01   8.8565692400E-02   7.9788011400E-02  -3.4243751000E-03   4.9810601000E-03
    7      8.8563310900E-02  -9.0511261700E-02  -4.6064117900E-02   2.9418017600E-02  -2.3287273700E-02
    8      9.0950892600E-02  -5.2509815800E-02  -7.5270155600E-02  -7.4471858000E-03   4.6902252000E-03
    9     -1.9277942290E-01  -8.8565139300E-02  -7.9787781500E-02  -3.4247038000E-03  -4.9812328000E-03
   10     -8.8562683400E-02  -9.0509497400E-02  -4.6062758900E-02  -2.9418280300E-02  -2.3286923800E-02
   11     -9.0950793700E-02  -5.2508387400E-02  -7.5269042200E-02   7.4473091000E-03   4.6901838000E-03
   12     -2.2301087500E-02   1.0400000000E-08  -2.2350000000E-07   8.0805780000E-04   1.9200000000E-08
   13     -1.5300000000E-08  -2.2301500500E-02  -4.8780000000E-07   6.6800000000E-08   4.4594113000E-03
   14     -1.4980000000E-07  -1.2710000000E-07  -8.7272549600E-02  -9.1000000000E-08  -7.7339630000E-04
   15      1.5767756000E-03  -2.4000000000E-09   1.6800000000E-08  -2.1057204000E-03   6.4000000000E-09
   16     -8.7000000000E-09   1.5760612000E-03  -1.5352000000E-06   6.4000000000E-09  -7.6508290000E-04
   17      4.7400000000E-08   3.0160000000E-07   2.9921592000E-03  -3.1800000000E-08  -2.3934280000E-04
                    5                  6                  7                  8                  9        
    0      4.1200000000E-07  -1.9277623070E-01   8.8563310900E-02   9.0950892600E-02  -1.9277942290E-01
    1      1.0502283440E-01   8.8565692400E-02  -9.0511261700E-02  -5.2509815800E-02  -8.8565139300E-02
    2     -7.5270160500E-02   7.9788011400E-02  -4.6064117900E-02  -7.5270155600E-02  -7.9787781500E-02
    3     -3.8560000000E-07  -3.4243751000E-03   2.9418017600E-02  -7.4471858000E-03  -3.4247038000E-03
    4     -1.0050137530E-01   4.9810601000E-03  -2.3287273700E-02   4.6902252000E-03  -4.9812328000E-03
    5      8.7046014400E-02   3.3880690000E-04  -8.7947761000E-03   5.9183616000E-03  -3.3882480000E-04
    6      3.3880690000E-04   2.2697334460E-01  -1.0360246520E-01  -8.7035210800E-02  -3.3218263800E-02
    7     -8.7947761000E-03  -1.0360246520E-01   1.0734406420E-01   5.0249501000E-02  -1.2217747300E-02
    8      5.9183616000E-03  -8.7035210800E-02   5.0249501000E-02   8.7045962300E-02  -7.7850594000E-03
    9     -3.3882480000E-04  -3.3218263800E-02  -1.2217747300E-02  -7.7850594000E-03   2.2697690010E-01
   10     -8.7945670000E-03   1.2218190700E-02   6.5050523000E-03   4.1034198000E-03   1.0360168260E-01
   11      5.9183176000E-03   7.7853780000E-03   4.1034286000E-03   5.9182275000E-03   8.7034907800E-02
   12      7.6000000000E-09   3.5460062000E-03  -1.5807326000E-03   1.1089944900E-02   3.5459577000E-03
   13      1.2805754000E-02  -1.5814473000E-03   1.7201523000E-03  -6.4028610000E-03   1.5814016000E-03
   14     -1.6233467200E-02  -6.6981190000E-04   3.8672800000E-04  -1.6233270200E-02   6.6964170000E-04
   15     -1.6100000000E-08  -1.1004812000E-03  -5.8038340000E-04   2.2661860000E-04  -1.1004673000E-03
   16      2.6213000000E-04  -5.8103070000E-04  -1.7707334000E-03  -1.3046900000E-04   5.8103510000E-04
   17     -7.3790659000E-03  -2.0717350000E-04   1.1923650000E-04  -7.3791256000E-03   2.0711620000E-04
                   10                 11                 12                 13                 14        
    0     -8.8562683400E-02  -9.0950793700E-02  -2.2301087500E-02  -1.5300000000E-08  -1.4980000000E-07
    1     -9.0509497400E-02  -5.2508387400E-02   1.0400000000E-08  -2.2301500500E-02  -1.2710000000E-07
    2     -4.6062758900E-02  -7.5269042200E-02  -2.2350000000E-07  -4.8780000000E-07  -8.7272549600E-02
    3     -2.9418280300E-02   7.4473091000E-03   8.0805780000E-04   6.6800000000E-08  -9.1000000000E-08
    4     -2.3286923800E-02   4.6901838000E-03   1.9200000000E-08   4.4594113000E-03  -7.7339630000E-04
    5     -8.7945670000E-03   5.9183176000E-03   7.6000000000E-09   1.2805754000E-02  -1.6233467200E-02
    6      1.2218190700E-02   7.7853780000E-03   3.5460062000E-03  -1.5814473000E-03  -6.6981190000E-04
    7      6.5050523000E-03   4.1034286000E-03  -1.5807326000E-03   1.7201523000E-03   3.8672800000E-04
    8      4.1034198000E-03   5.9182275000E-03   1.1089944900E-02  -6.4028610000E-03  -1.6233270200E-02
    9      1.0360168260E-01   8.7034907800E-02   3.5459577000E-03   1.5814016000E-03   6.6964170000E-04
   10      1.0734197260E-01   5.0247949500E-02   1.5807144000E-03   1.7201323000E-03   3.8672090000E-04
   11      5.0247949500E-02   8.7044789800E-02  -1.1090132100E-02  -6.4027187000E-03  -1.6233173100E-02
   12      1.5807144000E-03  -1.1090132100E-02   1.3266906800E-02  -8.4000000000E-09   4.6590000000E-07
   13      1.7201323000E-03  -6.4027187000E-03  -8.4000000000E-09   1.3267291900E-02   1.2170000000E-07
   14      3.8672090000E-04  -1.6233173100E-02   4.6590000000E-07   1.2170000000E-07   1.4949402930E-01
   15      5.8037600000E-04  -2.2666910000E-04   1.1341590000E-03   2.6000000000E-09  -5.5000000000E-08
   16     -1.7707361000E-03  -1.3045580000E-04  -2.9000000000E-09   1.1345127000E-03  -4.7100000000E-08
   17      1.1923570000E-04  -7.3791195000E-03  -6.2900000000E-08   1.9190000000E-07  -1.3521569200E-02
                   15                 16                 17        
     0      1.5767756000E-03  -8.7000000000E-09   4.7400000000E-08
     1     -2.4000000000E-09   1.5760612000E-03   3.0160000000E-07
     2      1.6800000000E-08  -1.5352000000E-06   2.9921592000E-03
     3     -2.1057204000E-03   6.4000000000E-09  -3.1800000000E-08
     4      6.4000000000E-09  -7.6508290000E-04  -2.3934280000E-04
     5     -1.6100000000E-08   2.6213000000E-04  -7.3790659000E-03
     6     -1.1004812000E-03  -5.8103070000E-04  -2.0717350000E-04
     7     -5.8038340000E-04  -1.7707334000E-03   1.1923650000E-04
     8      2.2661860000E-04  -1.3046900000E-04  -7.3791256000E-03
     9     -1.1004673000E-03   5.8103510000E-04   2.0711620000E-04
    10      5.8037600000E-04  -1.7707361000E-03   1.1923570000E-04
    11     -2.2666910000E-04  -1.3045580000E-04  -7.3791195000E-03
    12      1.1341590000E-03  -2.9000000000E-09  -6.2900000000E-08
    13      2.6000000000E-09   1.1345127000E-03   1.9190000000E-07
    14     -5.5000000000E-08  -4.7100000000E-08  -1.3521569200E-02
    15      1.5957343000E-03   8.0000000000E-10   1.0470000000E-07
    16      8.0000000000E-10   1.5959784000E-03   3.7710000000E-07
    17      1.0470000000E-07   3.7710000000E-07   3.2666721100E-02

$vibrational_frequencies
18
    0        0.0000000000000000
    1        0.0000000000000000
    2        0.0000000000000000
    3        0.0000000000000000
    4        0.0000000000000000
    5        0.0000000000000000
    6      120.0080925368279736
    7      120.0169073736794019
    8      223.6847399843123014
    9      544.5261102533668236
   10      834.7498641951768832
   11      834.7538329208474579
   12     1382.8530949913806580
   13     1503.9240443155815683
   14     1503.9317367301630384
   15     3018.2004827880591620
   16     3018.2315690768496097
   17     3076.5744534670807298

$normal_modes
18 18
                    0                  1                  2                  3                  4        
    0      0.0000000000E+00   0.0000000000E+00   0.0000000000E+00   0.0000000000E+00   0.0000000000E+00
    1      0.0000000000E+00   0.0000000000E+00   0.0000000000E+00   0.0000000000E+00   0.0000000000E+00
    2      0.0000000000E+00   0.0000000000E+00   0.0000000000E+00   0.0000000000E+00   0.0000000000E+00
    3      0.0000000000E+00   0.0000000000E+00   0.0000000000E+00   0.0000000000E+00   0.0000000000E+00
    4      0.0000000000E+00   0.0000000000E+00   0.0000000000E+00   0.0000000000E+00   0.0000000000E+00
    5      0.0000000000E+00   0.0000000000E+00   0.0000000000E+00   0.0000000000E+00   0.0000000000E+00
    6      0.0000000000E+00   0.0000000000E+00   0.0000000000E+00   0.0000000000E+00   0.0000000000E+00
    7      0.0000000000E+00   0.0000000000E+00   0.0000000000E+00   0.0000000000E+00   0.0000000000E+00
    8      0.0000000000E+00   0.0000000000E+00   0.0000000000E+00   0.0000000000E+00   0.0000000000E+00
    9      0.0000000000E+00   0.0000000000E+00   0.0000000000E+00   0.0000000000E+00   0.0000000000E+00
   10      0.0000000000E+00   0.0000000000E+00   0.0000000000E+00   0.0000000000E+00   0.0000000000E+00
   11      0.0000000000E+00   0.0000000000E+00   0.0000000000E+00   0.0000000000E+00   0.0000000000E+00
   12      0.0000000000E+00   0.0000000000E+00   0.0000000000E+00   0.0000000000E+00   0.0000000000E+00
   13      0.0000000000E+00   0.0000000000E+00   0.0000000000E+00   0.0000000000E+00   0.0000000000E+00
   14      0.0000000000E+00   0.0000000000E+00   0.0000000000E+00   0.0000000000E+00   0.0000000000E+00
   15      0.0000000000E+00   0.0000000000E+00   0.0000000000E+00   0.0000000000E+00   0.0000000000E+00
   16      0.0000000000E+00   0.0000000000E+00   0.0000000000E+00   0.0000000000E+00   0.0000000000E+00
   17      0.0000000000E+00   0.0000000000E+00   0.0000000000E+00   0.0000000000E+00   0.0000000000E+00
                    5                  6                  7                  8                  9        
    0      0.0000000000E+00   4.1008654664E-01  -1.2842194487E-03   8.3831101522E-07   2.2047057963E-06
    1      0.0000000000E+00  -1.2842067445E-03  -4.1008659958E-01   4.3879227674E-05   8.2265406710E-06
    2      0.0000000000E+00  -1.3720493292E-06   7.1957495010E-06   1.2693865448E-01   6.0944654852E-01
    3      0.0000000000E+00   4.8242262351E-01  -1.5104924930E-03   6.2006019932E-07   6.4553448561E-07
    4      0.0000000000E+00  -1.5898406815E-03  -5.0773354643E-01  -2.7174226728E-02  -4.9284205938E-02
    5      0.0000000000E+00  -6.6662854180E-04  -2.1271382740E-01   3.4473985781E-02   4.5088496721E-01
    6      0.0000000000E+00   5.0143726465E-01   9.3896468264E-03  -2.3579102428E-02  -4.2683024245E-02
    7      0.0000000000E+00  -1.2487169449E-02  -4.8871209123E-01   1.3655034690E-02   2.4638735656E-02
    8      0.0000000000E+00   1.8454200638E-01   1.0578018914E-01   3.4450846254E-02   4.5090409460E-01
    9      0.0000000000E+00   5.0136762176E-01  -1.2530081586E-02   2.3580478790E-02   4.2684800616E-02
   10      0.0000000000E+00   9.4260398318E-03  -4.8877869792E-01   1.3655113099E-02   2.4639015797E-02
   11      0.0000000000E+00  -1.8388057939E-01   1.0693171489E-01   3.4449971573E-02   4.5090616171E-01
   12      0.0000000000E+00  -4.1728466273E-02   1.3068063611E-04  -8.0463668567E-08  -2.1124757479E-07
   13      0.0000000000E+00   1.3067947732E-04   4.1728434132E-02  -4.3503404468E-06  -7.0304186405E-07
   14      0.0000000000E+00   1.9085094103E-07   2.7929438626E-06   2.0943484229E-01  -9.9757797633E-02
   15      0.0000000000E+00  -1.6257260693E-01   5.0908051599E-04  -2.9752083181E-07  -6.3392571222E-07
   16      0.0000000000E+00   5.0907964164E-04   1.6257260715E-01  -1.6656997168E-05  -1.9017693404E-06
   17      0.0000000000E+00   3.4076522608E-07  -1.6193578119E-05  -9.6655994736E-01  -3.7526647475E-02
                   10                 11                 12                 13                 14        
    0      6.0198777787E-03   1.1782119223E-01  -3.4311340606E-07  -5.8198133753E-04   6.8302861719E-02
    1      1.1782272247E-01  -6.0199836433E-03  -4.8808953049E-06   6.8301682856E-02   5.8198524585E-04
    2     -1.5146698783E-06  -5.9837157185E-07  -9.7502019659E-02  -7.6128230404E-06  -2.7803992328E-07
    3     -1.3485214790E-02  -2.6391149970E-01   1.4949950694E-06   6.3079301664E-03  -7.3970794813E-01
    4     -2.2972665318E-01   1.1737793340E-02   2.3149257552E-01   1.4384496098E-01   1.2301552862E-03
    5     -7.3021189864E-01   3.7306107778E-02   5.2583429336E-01   3.0932200937E-01   2.6393215761E-03
    6     -2.6982303185E-02  -2.3751792521E-01   2.0052053557E-01  -3.8190945020E-01  -8.0313437829E-02
    7     -2.5612759471E-01  -1.7551021262E-03  -1.1571750151E-01  -5.1556759205E-01  -3.8700872558E-01
    8      3.3278334317E-01  -6.5102643559E-01   5.2588761523E-01  -1.5688718885E-01   2.6651997716E-01
    9      2.6351713042E-03  -2.3902688035E-01  -2.0051686279E-01   3.8321738247E-01  -7.3787562752E-02
   10     -2.5461337075E-01   2.7850359047E-02  -1.1571710729E-01  -5.2209635043E-01   3.7816245255E-01
   11      3.9739734582E-01   6.1372478414E-01   5.2588801000E-01  -1.5232246603E-01  -2.6915625757E-01
   12     -4.5163754070E-04  -8.8397699550E-03  -1.4382103978E-09  -5.5995191147E-06   6.5699636460E-04
   13     -8.8398218607E-03   4.5164147714E-04  -7.1737485900E-08   6.5720103099E-04   5.6129997640E-06
   14      4.0057087365E-07   4.0367014212E-08  -3.1097555428E-03  -2.0234947776E-07   2.0899591880E-09
   15      1.0085761383E-04   1.9753255727E-03  -5.1219894683E-08  -1.2591321068E-05   1.4780365650E-03
   16      1.9751766849E-03  -1.0084457035E-04   3.1191701273E-07   1.4784534262E-03   1.2545700225E-05
   17      9.2885625375E-07  -2.7911540897E-08  -8.9832915011E-03  -2.9729368314E-07   5.6351097463E-09
                   15                 16                 17        
     0      8.6603528911E-02  -1.3113331738E-03  -1.1048698678E-06
     1     -1.3112893976E-03  -8.6602620365E-02   1.8788757088E-05
     2     -1.0045260017E-06  -1.0572994708E-05  -4.8810132559E-02
     3      5.4877728404E-02  -8.2727770920E-04   7.2625224010E-08
     4      1.1245840865E-02   7.4339140823E-01  -5.4036534325E-01
     5     -4.9180944105E-03  -3.2505434056E-01   2.0185055678E-01
     6     -5.4915196998E-01  -3.3759020996E-01  -4.6775390898E-01
     7      3.4791025034E-01   1.3954097366E-01   2.7006593661E-01
     8      2.8401212000E-01   1.5833269654E-01   2.0174589543E-01
     9     -5.3867782055E-01   3.5405800960E-01   4.6776691771E-01
    10     -3.4351584032E-01   1.5000396033E-01   2.7007336333E-01
    11     -2.7908175635E-01   1.6685356578E-01   2.0174875635E-01
    12     -2.1523827095E-05   3.4075368318E-07   1.1801835968E-08
    13      3.2688619459E-07   2.1552667222E-05  -7.9032468755E-11
    14     -1.5886654505E-09  -3.1867266263E-08  -1.5121458000E-04
    15      1.4424921848E-04  -2.2344230107E-06  -4.5182671091E-08
    16     -2.1893960759E-06  -1.4411084611E-04   1.1507552089E-07
    17     -9.2165002644E-09  -1.8100372336E-07  -6.2361422940E-04

#
# The atoms: label  mass x y z (in bohrs)
#
$atoms
6
 C     12.01100     -0.000000550965     0.000000428328    -1.748636450376
 H      1.00800     -0.000000473766     1.852964404637    -2.641235245324
 H      1.00800      1.604713096195    -0.926481251564    -2.641236136311
 H      1.00800     -1.604713806994    -0.926481114889    -2.641236232289
 Br    79.90000      0.000000080627     0.000000025511     1.851403867406
 F     18.99800      0.000000072090    -0.000000486233    -6.260511597298

$actual_temperature
  0.000000

$frequency_scale_factor
  1.000000


$end

