
$orca_hessian_file

$act_atom
  0

$act_coord
  0

$act_energy
      -12.687321

$multiplicity
  1

$hessian
18
                    0                  1                  2                  3                  4        
    0      4.4662419270E-01   2.6129211800E-02  -3.5709999800E-02  -4.1908822300E-02   1.2950532200E-02
    1      2.6129211800E-02   4.6974270720E-01   1.6439251700E-02   1.7993762700E-02  -2.8361538470E-01
    2     -3.5709999800E-02   1.6439251700E-02   2.5951004000E-01  -1.8930548000E-03   4.7660751600E-02
    3     -4.1908822300E-02   1.7993762700E-02  -1.8930548000E-03   4.4010597200E-02  -1.5277630000E-02
    4      1.2950532200E-02  -2.8361538470E-01   4.7660751600E-02  -1.5277630000E-02   3.1773111840E-01
    5     -2.5823588000E-03   5.2926401500E-02  -4.7665544000E-02   3.4188121000E-03  -5.3464142300E-02
    6     -1.4580775710E-01   5.9829934600E-02   9.0803890900E-02  -2.3366777000E-03   3.0146702000E-03
    7      5.9763135600E-02  -7.2847622500E-02  -5.1417025300E-02   2.3436387700E-02  -1.7722502100E-02
    8      9.6076597100E-02  -5.4562408700E-02  -9.2350445000E-02  -2.9459892000E-03   1.4641097000E-03
    9     -2.3800428830E-01  -1.0476069910E-01  -3.7851038600E-02   9.4616740000E-04  -8.7771180000E-04
   10     -9.9378401000E-02  -9.3634526300E-02  -2.0928086800E-02  -2.9422640300E-02  -1.7326820200E-02
   11     -4.2525535900E-02  -2.2972163200E-02  -4.5512878900E-02   4.6425398000E-03   1.3428420000E-03
   12     -2.3087277300E-02   1.3505203000E-03  -8.6464357000E-03  -2.6543380000E-04   7.3870780000E-04
   13      1.2286581000E-03  -2.1009366400E-02   4.2088408000E-03   4.0794912000E-03  -3.7814000000E-05
   14     -1.6864639800E-02   8.8048748000E-03  -5.9111720000E-02  -3.5385443000E-03   3.2638045000E-03
   15      2.1839522000E-03  -5.4273020000E-04  -6.7033620000E-03  -4.4583090000E-04  -5.4856840000E-04
   16     -6.9313670000E-04   1.3641927000E-03   4.0362680000E-03  -8.0937120000E-04   9.7140260000E-04
   17      1.6059371000E-03  -6.3595600000E-04  -1.4869452000E-02   3.1623640000E-04  -2.6736560000E-04
                    5                  6                  7                  8                  9        
    0     -2.5823588000E-03  -1.4580775710E-01   5.9763135600E-02   9.6076597100E-02  -2.3800428830E-01
    1      5.2926401500E-02   5.9829934600E-02  -7.2847622500E-02  -5.4562408700E-02  -1.0476069910E-01
    2     -4.7665544000E-02   9.0803890900E-02  -5.1417025300E-02  -9.2350445000E-02  -3.7851038600E-02
    3      3.4188121000E-03  -2.3366777000E-03   2.3436387700E-02  -2.9459892000E-03   9.4616740000E-04
    4     -5.3464142300E-02   3.0146702000E-03  -1.7722502100E-02   1.4641097000E-03  -8.7771180000E-04
    5      5.7787522400E-02   2.1216622000E-03  -1.5928073200E-02   5.4953837000E-03   1.2985198000E-03
    6      2.1216622000E-03   1.7091722660E-01  -6.9625872600E-02  -1.0150869380E-01  -2.4116807100E-02
    7     -1.5928073200E-02  -6.9625872600E-02   8.7388318200E-02   5.7584285900E-02  -1.0767882400E-02
    8      5.4953837000E-03  -1.0150869380E-01   5.7584285900E-02   1.0450210560E-01  -2.7241310000E-03
    9      1.2985198000E-03  -2.4116807100E-02  -1.0767882400E-02  -2.7241310000E-03   2.6248541240E-01
   10     -4.0955941000E-03   9.5620317000E-03   5.3507776000E-03   1.8772770000E-03   1.1651206460E-01
   11      2.2864508000E-03   1.4533645100E-02   6.5845726000E-03   5.2647234000E-03   4.3688943100E-02
   12     -3.7826093000E-03   4.9741390000E-03  -2.7050175000E-03   4.6657402000E-03  -2.6444946000E-03
   13      2.0191035100E-02  -2.8522813000E-03   1.4081220000E-03  -2.6467559000E-03  -5.9812020000E-04
   14     -1.7015851000E-02  -3.9259078000E-03   2.1078241000E-03  -1.7135813300E-02  -5.0033717000E-03
   15     -4.7402600000E-04  -3.6301237000E-03  -1.0075070000E-04   6.4364767000E-03   1.3340101000E-03
   16      3.7037300000E-04   7.1517500000E-05  -3.5770933000E-03  -3.7165079000E-03   4.9234900000E-04
   17     -8.8796190000E-04  -2.0245966000E-03   1.0684160000E-03  -5.7759543000E-03   5.9107850000E-04
                   10                 11                 12                 13                 14        
    0     -9.9378401000E-02  -4.2525535900E-02  -2.3087277300E-02   1.2286581000E-03  -1.6864639800E-02
    1     -9.3634526300E-02  -2.2972163200E-02   1.3505203000E-03  -2.1009366400E-02   8.8048748000E-03
    2     -2.0928086800E-02  -4.5512878900E-02  -8.6464357000E-03   4.2088408000E-03  -5.9111720000E-02
    3     -2.9422640300E-02   4.6425398000E-03  -2.6543380000E-04   4.0794912000E-03  -3.5385443000E-03
    4     -1.7326820200E-02   1.3428420000E-03   7.3870780000E-04  -3.7814000000E-05   3.2638045000E-03
    5     -4.0955941000E-03   2.2864508000E-03  -3.7826093000E-03   2.0191035100E-02  -1.7015851000E-02
    6      9.5620317000E-03   1.4533645100E-02   4.9741390000E-03  -2.8522813000E-03  -3.9259078000E-03
    7      5.3507776000E-03   6.5845726000E-03  -2.7050175000E-03   1.4081220000E-03   2.1078241000E-03
    8      1.8772770000E-03   5.2647234000E-03   4.6657402000E-03  -2.6467559000E-03  -1.7135813300E-02
    9      1.1651206460E-01   4.3688943100E-02  -2.6444946000E-03  -5.9812020000E-04  -5.0033717000E-03
   10      1.0440265380E-01   2.2313222100E-02   2.4910611000E-03   1.7029866000E-03   1.0288254000E-03
   11      2.2313222100E-02   5.5940701900E-02  -1.9712864100E-02  -7.4355157000E-03  -1.7186470900E-02
   12      2.4910611000E-03  -1.9712864100E-02   2.0018972200E-02  -1.7151500000E-03   2.5386944000E-02
   13      1.7029866000E-03  -7.4355157000E-03  -1.7151500000E-03   1.7052843900E-02  -1.3143634300E-02
   14      1.0288254000E-03  -1.7186470900E-02   2.5386944000E-02  -1.3143634300E-02   1.1681642140E-01
   15      2.3588400000E-04  -6.2672800000E-04   1.0040944000E-03  -1.4259780000E-04   3.9455196000E-03
   16     -4.9507160000E-04   1.6704230000E-04  -1.6012170000E-04   8.8322790000E-04  -2.0616944000E-03
   17     -1.9564350000E-04  -7.9252630000E-04   2.0892249000E-03  -1.1739699000E-03  -6.3665661000E-03
                   15                 16                 17        
     0      2.1839522000E-03  -6.9313670000E-04   1.6059371000E-03
     1     -5.4273020000E-04   1.3641927000E-03  -6.3595600000E-04
     2     -6.7033620000E-03   4.0362680000E-03  -1.4869452000E-02
     3     -4.4583090000E-04  -8.0937120000E-04   3.1623640000E-04
     4     -5.4856840000E-04   9.7140260000E-04  -2.6736560000E-04
     5     -4.7402600000E-04   3.7037300000E-04  -8.8796190000E-04
     6     -3.6301237000E-03   7.1517500000E-05  -2.0245966000E-03
     7     -1.0075070000E-04  -3.5770933000E-03   1.0684160000E-03
     8      6.4364767000E-03  -3.7165079000E-03  -5.7759543000E-03
     9      1.3340101000E-03   4.9234900000E-04   5.9107850000E-04
    10      2.3588400000E-04  -4.9507160000E-04  -1.9564350000E-04
    11     -6.2672800000E-04   1.6704230000E-04  -7.9252630000E-04
    12      1.0040944000E-03  -1.6012170000E-04   2.0892249000E-03
    13     -1.4259780000E-04   8.8322790000E-04  -1.1739699000E-03
    14      3.9455196000E-03  -2.0616944000E-03  -6.3665661000E-03
    15     -4.4610210000E-04   1.0987631000E-03  -2.5778803000E-03
    16      1.0987631000E-03   8.5334160000E-04   1.2045190000E-03
    17     -2.5778803000E-03   1.2045190000E-03   2.8692460600E-02

$vibrational_frequencies
18
    0        0.0000000000000000
    1        0.0000000000000000
    2        0.0000000000000000
    3        0.0000000000000000
    4        0.0000000000000000
    5        0.0000000000000000
    6     -151.7698832264085240
    7      163.9131321845136142
    8      205.2902557486873718
    9      519.3131157336648585
   10      746.1530876420655432
   11      957.1942129058243154
   12     1300.5126265054896066
   13     1435.1118833238888328
   14     1449.1992410136210765
   15     2831.0339226545002020
   16     3039.9592551632263167
   17     3061.9971706169490062

$normal_modes
18 18
                    0                  1                  2                  3                  4        
    0      0.0000000000E+00   0.0000000000E+00   0.0000000000E+00   0.0000000000E+00   0.0000000000E+00
    1      0.0000000000E+00   0.0000000000E+00   0.0000000000E+00   0.0000000000E+00   0.0000000000E+00
    2      0.0000000000E+00   0.0000000000E+00   0.0000000000E+00   0.0000000000E+00   0.0000000000E+00
    3      0.0000000000E+00   0.0000000000E+00   0.0000000000E+00   0.0000000000E+00   0.0000000000E+00
    4      0.0000000000E+00   0.0000000000E+00   0.0000000000E+00   0.0000000000E+00   0.0000000000E+00
    5      0.0000000000E+00   0.0000000000E+00   0.0000000000E+00   0.0000000000E+00   0.0000000000E+00
    6      0.0000000000E+00   0.0000000000E+00   0.0000000000E+00   0.0000000000E+00   0.0000000000E+00
    7      0.0000000000E+00   0.0000000000E+00   0.0000000000E+00   0.0000000000E+00   0.0000000000E+00
    8      0.0000000000E+00   0.0000000000E+00   0.0000000000E+00   0.0000000000E+00   0.0000000000E+00
    9      0.0000000000E+00   0.0000000000E+00   0.0000000000E+00   0.0000000000E+00   0.0000000000E+00
   10      0.0000000000E+00   0.0000000000E+00   0.0000000000E+00   0.0000000000E+00   0.0000000000E+00
   11      0.0000000000E+00   0.0000000000E+00   0.0000000000E+00   0.0000000000E+00   0.0000000000E+00
   12      0.0000000000E+00   0.0000000000E+00   0.0000000000E+00   0.0000000000E+00   0.0000000000E+00
   13      0.0000000000E+00   0.0000000000E+00   0.0000000000E+00   0.0000000000E+00   0.0000000000E+00
   14      0.0000000000E+00   0.0000000000E+00   0.0000000000E+00   0.0000000000E+00   0.0000000000E+00
   15      0.0000000000E+00   0.0000000000E+00   0.0000000000E+00   0.0000000000E+00   0.0000000000E+00
   16      0.0000000000E+00   0.0000000000E+00   0.0000000000E+00   0.0000000000E+00   0.0000000000E+00
   17      0.0000000000E+00   0.0000000000E+00   0.0000000000E+00   0.0000000000E+00   0.0000000000E+00
                    5                  6                  7                  8                  9        
    0      0.0000000000E+00   3.0050471111E-01  -9.3326323654E-02  -3.3681150443E-02   1.5651544546E-01
    1      0.0000000000E+00  -1.6410090501E-01  -1.5770636030E-01  -2.2808172559E-02  -8.4399727422E-02
    2      0.0000000000E+00  -1.0198149647E-01   3.7552595840E-04   4.5212186468E-02   5.9411211641E-01
    3      0.0000000000E+00   3.8953803198E-01   4.2737897659E-01   3.7006511497E-02   1.2859000119E-01
    4      0.0000000000E+00  -1.9795846042E-01  -1.6327077908E-01  -6.3508676053E-03  -9.8597753446E-02
    5      0.0000000000E+00  -2.5794737066E-01  -1.7684211795E-01   1.0355535012E-01   4.5149264864E-01
    6      0.0000000000E+00   4.8089476281E-01  -3.3705615095E-01  -1.8772614493E-01   4.8929290186E-02
    7      0.0000000000E+00  -2.9345010763E-01  -6.0132108831E-01  -4.9137899230E-02  -2.9726566797E-02
    8      0.0000000000E+00   2.4200061813E-01   8.2804621965E-03  -1.3677450346E-01   3.8640756814E-01
    9      0.0000000000E+00   3.4717807879E-01  -3.6278751351E-01  -1.1360237732E-01   1.4676672776E-01
   10      0.0000000000E+00  -1.7947272667E-01   2.8808311375E-01   7.9003600991E-02  -4.1237296701E-02
   11      0.0000000000E+00  -2.5145895592E-01   1.7396571967E-01   1.7406498880E-01   4.4282339151E-01
   12      0.0000000000E+00  -3.0137180651E-02   9.0244794612E-03  -9.1616523864E-03  -2.5422516828E-02
   13      0.0000000000E+00   1.6455796010E-02   1.4791219814E-02   8.4100510571E-03   1.3480158405E-02
   14      0.0000000000E+00   2.1123443547E-02  -3.3891087558E-03   2.0792037398E-01  -8.9708490005E-02
   15      0.0000000000E+00  -1.2784256826E-01   3.5505367398E-02   7.3849716311E-02  -9.2393003548E-03
   16      0.0000000000E+00   7.0136130854E-02   6.2781000849E-02  -2.2197971980E-02   5.6626265615E-03
   17      0.0000000000E+00  -1.0175725398E-02   1.3729447883E-02  -9.1050921437E-01  -6.6277591111E-02
                   10                 11                 12                 13                 14        
    0      1.1300413527E-01  -5.5617973890E-02  -1.4490517541E-03   5.4701125240E-02   4.8337225182E-02
    1     -6.7452619129E-02  -9.3694264688E-02   2.6851690189E-03  -5.1082488104E-02   4.3294742079E-02
    2     -2.5266465871E-02   3.9433446689E-04   1.0196033884E-01   1.3015825672E-04  -1.7770924437E-03
    3     -7.1196449253E-02   2.4477370881E-01   1.2725852731E-02  -5.7863778397E-01  -4.5153862492E-01
    4      8.8842267145E-03   6.9034551542E-02  -1.2368456552E-01  -8.9720000334E-02   5.0706543624E-02
    5      3.0801989523E-01   6.0920460473E-01  -6.0746490863E-01  -1.8067367626E-01   3.3257488361E-01
    6     -3.4356067165E-01   1.6221105083E-01  -2.4181508023E-01   2.1417029482E-01  -3.2481295612E-01
    7      1.9501200107E-01   2.7019981513E-01   1.2207525576E-01   1.2081577128E-01  -6.5273932705E-01
    8     -7.9744496412E-01   1.5899315853E-02  -3.6922899553E-01   1.5273860933E-01   4.9279588244E-02
    9     -4.8668784331E-02  -7.4000926458E-02   1.0734823210E-01  -3.3285009424E-01   1.1206355872E-01
   10      8.1785423336E-02   2.3269276867E-01   4.0559295115E-02   6.5123512296E-01  -2.8480048638E-02
   11      2.8376436810E-01  -6.2693268365E-01  -6.1823640586E-01   1.3802364309E-02  -3.6241538530E-01
   12     -8.8707400002E-03   4.4020415276E-03   2.0065808180E-03   5.0403898073E-04   7.9220011214E-04
   13      5.2617301544E-03   7.3245069319E-03  -1.0710331606E-03  -7.2608642763E-04   1.0214168672E-03
   14      2.8540519082E-03   5.4742816505E-05   4.3262169092E-03   3.8869554752E-04   7.6786085544E-05
   15     -9.5477013481E-03  -1.0181775721E-03  -1.0636026623E-03   2.9519919196E-04   1.3542018046E-03
   16      5.3581463680E-03  -1.9143511485E-03   7.4020419079E-04  -8.5395677804E-04   1.7861132710E-03
   17      1.4882764528E-02  -3.8250916674E-04   1.9675435151E-03  -9.6717237768E-04  -2.3082167280E-04
                   15                 16                 17        
     0     -5.5213871903E-02  -2.4457520858E-02  -6.3331802077E-02
     1      3.2613463554E-02   5.9566988976E-02  -5.7690307594E-02
     2      4.1154409725E-02  -1.7739430727E-02  -7.2518463034E-03
     3     -2.7911025473E-02   4.2149558935E-02  -4.7255865548E-02
     4      3.8066062626E-03  -9.2408023871E-01   2.9514616669E-01
     5      1.8968671135E-02   1.7903971352E-01  -6.1186299122E-02
     6      7.2925425616E-01  -1.6380246794E-02  -2.3213825690E-02
     7     -4.1254483242E-01   3.3677883841E-02  -3.3364638719E-02
     8     -5.3818833977E-01  -3.9321674876E-03  -8.6401993926E-03
     9     -3.1802173104E-02   2.6917753073E-01   8.2948072286E-01
    10      1.3012564217E-02   1.7655946386E-01   4.2751278221E-01
    11      1.4373847418E-02   5.2296879049E-02   1.6428008278E-01
    12      1.2266433041E-04  -7.4216866615E-05  -8.9168412291E-05
    13     -6.6650821458E-05   8.3181804710E-05  -4.5251853340E-05
    14      1.6531434804E-04  -2.1885983922E-04  -1.1355846777E-04
    15     -1.1329850837E-03   1.2542336316E-04   1.4315775386E-04
    16      6.5778277322E-04  -1.3431396227E-04   9.0811818286E-05
    17      7.2131601823E-05   7.0088595097E-05   5.0849278193E-05

#
# The atoms: label  mass x y z (in bohrs)
#
$atoms
6
 C     12.01100     -0.669051903959     0.344851597150    -1.727564415568
 H      1.00800     -0.791844987423     2.349111652818    -2.153473306573
 H      1.00800      0.750400654496    -0.452502597161    -3.016999798683
 H      1.00800     -2.454354789367    -0.585929699737    -2.107431412521
 Br    79.90000      0.018501376513    -0.010458108316     1.875448193356
 F     18.99800      0.477602271311    -0.243582191268    -6.409222376030

$actual_temperature
  0.000000

$frequency_scale_factor
  1.000000


$end

