
$orca_hessian_file

$act_atom
  0

$act_coord
  0

$act_energy
      -12.690605

$multiplicity
  1

$hessian
18
                    0                  1                  2                  3                  4        
    0      4.9870636940E-01  -2.7000000000E-09  -1.6691000000E-06  -4.6619874400E-02  -1.2467000000E-06
    1     -2.7000000000E-09   4.9870430180E-01   8.1090000000E-07  -1.2803000000E-06  -2.6368173910E-01
    2     -1.6691000000E-06   8.1090000000E-07   1.9425195400E-02  -8.5000000000E-08  -3.2300917200E-02
    3     -4.6619874400E-02  -1.2803000000E-06  -8.5000000000E-08   4.3560032300E-02   1.3895000000E-06
    4     -1.2467000000E-06  -2.6368173910E-01  -3.2300917200E-02   1.3895000000E-06   2.8847638480E-01
    5     -1.1420000000E-07  -3.9847659300E-02  -1.9196856800E-02   1.9910000000E-07   3.0003669100E-02
    6     -2.0940944030E-01   9.3989834000E-02  -2.7972691600E-02   9.2086080000E-04  -1.3603520000E-04
    7      9.3987562900E-02  -1.0087821160E-01   1.6149908100E-02   2.4617739200E-02  -1.3214112500E-02
    8     -3.4509337700E-02   1.9923157800E-02  -1.9196890300E-02   1.7474933000E-03  -1.7259498000E-03
    9     -2.0941097730E-01  -9.3988554700E-02   2.7974168300E-02   9.2059260000E-04   1.3587300000E-04
   10     -9.3986316000E-02  -1.0087623560E-01   1.6150272800E-02  -2.4617873000E-02  -1.3213860000E-02
   11      3.4510872900E-02   1.9923408900E-02  -1.9197365200E-02  -1.7475216000E-03  -1.7259339000E-03
   12     -1.1658023700E-02   1.1400000000E-08   1.0460000000E-07  -4.9343130000E-04   1.0800000000E-08
   13      1.0000000000E-09  -1.1658650600E-02   3.0400000000E-08   4.9600000000E-08  -1.6217159000E-03
   14      8.1200000000E-08   2.3680000000E-07   1.1856548100E-02  -6.2500000000E-08   5.0633081000E-03
   15     -2.1608053900E-02  -7.7000000000E-09   1.7280000000E-07   1.7118200000E-03   8.6000000000E-09
   16      1.6000000000E-09  -2.1609464900E-02  -1.0490000000E-07  -2.4900000000E-08   3.2550426000E-03
   17      1.6690000000E-07   4.4900000000E-08   2.6309368900E-02  -2.3400000000E-08   6.8582370000E-04
                    5                  6                  7                  8                  9        
    0     -1.1420000000E-07  -2.0940944030E-01   9.3987562900E-02  -3.4509337700E-02  -2.0941097730E-01
    1     -3.9847659300E-02   9.3989834000E-02  -1.0087821160E-01   1.9923157800E-02  -9.3988554700E-02
    2     -1.9196856800E-02  -2.7972691600E-02   1.6149908100E-02  -1.9196890300E-02   2.7974168300E-02
    3      1.9910000000E-07   9.2086080000E-04   2.4617739200E-02   1.7474933000E-03   9.2059260000E-04
    4      3.0003669100E-02  -1.3603520000E-04  -1.3214112500E-02  -1.7259498000E-03   1.3587300000E-04
    5      5.5489458800E-02  -6.2106170000E-04   2.3759047000E-03  -1.2974360000E-04   6.2108390000E-04
    6     -6.2106170000E-04   2.2724106550E-01  -1.0605013650E-01   2.5983276500E-02  -2.0281253800E-02
    7      2.3759047000E-03  -1.0605013650E-01   1.0478568030E-01  -1.5001026500E-02  -1.2375982800E-02
    8     -1.2974360000E-04   2.5983276500E-02  -1.5001026500E-02   5.5489022300E-02   2.3685364000E-03
    9      6.2108390000E-04  -2.0281253800E-02  -1.2375982800E-02   2.3685364000E-03   2.2724292780E-01
   10      2.3760724000E-03   1.2376271800E-02   7.9854116000E-03  -6.4998650000E-04   1.0604875390E-01
   11     -1.2973090000E-04  -2.3684032000E-03  -6.4987620000E-04  -1.2935790000E-04  -2.5984631600E-02
   12     -1.7700000000E-08  -1.3399036000E-03   4.8876600000E-04   1.3127148600E-02  -1.3400344000E-03
   13      1.5158077300E-02   4.8840980000E-04  -7.7593460000E-04  -7.5792427000E-03  -4.8845720000E-04
   14     -2.7446224600E-02   4.3850314000E-03  -2.5320239000E-03  -2.7446158400E-02  -4.3852341000E-03
   15     -8.9500000000E-08   2.8686713000E-03  -6.6794890000E-04  -8.7171171000E-03   2.8687450000E-03
   16     -1.0066064300E-02  -6.6834380000E-04   2.0971667000E-03   5.0330476000E-03   6.6836780000E-04
   17     -8.5869029000E-03   5.9384860000E-04  -3.4288620000E-04  -8.5868722000E-03  -5.9392290000E-04
                   10                 11                 12                 13                 14        
    0     -9.3986316000E-02   3.4510872900E-02  -1.1658023700E-02   1.0000000000E-09   8.1200000000E-08
    1     -1.0087623560E-01   1.9923408900E-02   1.1400000000E-08  -1.1658650600E-02   2.3680000000E-07
    2      1.6150272800E-02  -1.9197365200E-02   1.0460000000E-07   3.0400000000E-08   1.1856548100E-02
    3     -2.4617873000E-02  -1.7475216000E-03  -4.9343130000E-04   4.9600000000E-08  -6.2500000000E-08
    4     -1.3213860000E-02  -1.7259339000E-03   1.0800000000E-08  -1.6217159000E-03   5.0633081000E-03
    5      2.3760724000E-03  -1.2973090000E-04  -1.7700000000E-08   1.5158077300E-02  -2.7446224600E-02
    6      1.2376271800E-02  -2.3684032000E-03  -1.3399036000E-03   4.8840980000E-04   4.3850314000E-03
    7      7.9854116000E-03  -6.4987620000E-04   4.8876600000E-04  -7.7593460000E-04  -2.5320239000E-03
    8     -6.4998650000E-04  -1.2935790000E-04   1.3127148600E-02  -7.5792427000E-03  -2.7446158400E-02
    9      1.0604875390E-01  -2.5984631600E-02  -1.3400344000E-03  -4.8845720000E-04  -4.3852341000E-03
   10      1.0478346310E-01  -1.5001492200E-02  -4.8877680000E-04  -7.7592760000E-04  -2.5319769000E-03
   11     -1.5001492200E-02   5.5489384300E-02  -1.3127408200E-02  -7.5790809000E-03  -2.7446018300E-02
   12     -4.8877680000E-04  -1.3127408200E-02   1.2629331200E-02  -6.1000000000E-09   2.8880000000E-07
   13     -7.7592760000E-04  -7.5790809000E-03  -6.1000000000E-09   1.2629744400E-02   3.1120000000E-07
   14     -2.5319769000E-03  -2.7446018300E-02   2.8880000000E-07   3.1120000000E-07   9.7933145100E-02
   15      6.6794030000E-04   8.7170916000E-03   2.2020618000E-03   3.0000000000E-09  -1.0470000000E-07
   16      2.0971485000E-03   5.0329743000E-03  -5.3000000000E-09   2.2024843000E-03   1.4470000000E-07
   17     -3.4288960000E-04  -8.5869121000E-03  -1.1600000000E-07  -9.5300000000E-08  -2.7451292000E-02
                   15                 16                 17        
     0     -2.1608053900E-02   1.6000000000E-09   1.6690000000E-07
     1     -7.7000000000E-09  -2.1609464900E-02   4.4900000000E-08
     2      1.7280000000E-07  -1.0490000000E-07   2.6309368900E-02
     3      1.7118200000E-03  -2.4900000000E-08  -2.3400000000E-08
     4      8.6000000000E-09   3.2550426000E-03   6.8582370000E-04
     5     -8.9500000000E-08  -1.0066064300E-02  -8.5869029000E-03
     6      2.8686713000E-03  -6.6834380000E-04   5.9384860000E-04
     7     -6.6794890000E-04   2.0971667000E-03  -3.4288620000E-04
     8     -8.7171171000E-03   5.0330476000E-03  -8.5868722000E-03
     9      2.8687450000E-03   6.6836780000E-04  -5.9392290000E-04
    10      6.6794030000E-04   2.0971485000E-03  -3.4288960000E-04
    11      8.7170916000E-03   5.0329743000E-03  -8.5869121000E-03
    12      2.2020618000E-03  -5.3000000000E-09  -1.1600000000E-07
    13      3.0000000000E-09   2.2024843000E-03  -9.5300000000E-08
    14     -1.0470000000E-07   1.4470000000E-07  -2.7451292000E-02
    15      1.1956755800E-02   4.7000000000E-09   4.6800000000E-08
    16      4.7000000000E-09   1.1957622900E-02   2.5000000000E-09
    17      4.6800000000E-08   2.5000000000E-09   2.6902610200E-02

$vibrational_frequencies
18
    0        0.0000000000000000
    1        0.0000000000000000
    2        0.0000000000000000
    3        0.0000000000000000
    4        0.0000000000000000
    5        0.0000000000000000
    6     -174.5100709360252722
    7      250.5484436881006900
    8      250.5586550382897713
    9      257.4390646341499291
   10     1145.4032357340083763
   11     1145.4132453524769062
   12     1193.7224390677424708
   13     1390.8777217672454753
   14     1390.9363773814870910
   15     2828.7945519103000152
   16     2893.3610366365064692
   17     2893.3851460338592005

$normal_modes
18 18
                    0                  1                  2                  3                  4        
    0      0.0000000000E+00   0.0000000000E+00   0.0000000000E+00   0.0000000000E+00   0.0000000000E+00
    1      0.0000000000E+00   0.0000000000E+00   0.0000000000E+00   0.0000000000E+00   0.0000000000E+00
    2      0.0000000000E+00   0.0000000000E+00   0.0000000000E+00   0.0000000000E+00   0.0000000000E+00
    3      0.0000000000E+00   0.0000000000E+00   0.0000000000E+00   0.0000000000E+00   0.0000000000E+00
    4      0.0000000000E+00   0.0000000000E+00   0.0000000000E+00   0.0000000000E+00   0.0000000000E+00
    5      0.0000000000E+00   0.0000000000E+00   0.0000000000E+00   0.0000000000E+00   0.0000000000E+00
    6      0.0000000000E+00   0.0000000000E+00   0.0000000000E+00   0.0000000000E+00   0.0000000000E+00
    7      0.0000000000E+00   0.0000000000E+00   0.0000000000E+00   0.0000000000E+00   0.0000000000E+00
    8      0.0000000000E+00   0.0000000000E+00   0.0000000000E+00   0.0000000000E+00   0.0000000000E+00
    9      0.0000000000E+00   0.0000000000E+00   0.0000000000E+00   0.0000000000E+00   0.0000000000E+00
   10      0.0000000000E+00   0.0000000000E+00   0.0000000000E+00   0.0000000000E+00   0.0000000000E+00
   11      0.0000000000E+00   0.0000000000E+00   0.0000000000E+00   0.0000000000E+00   0.0000000000E+00
   12      0.0000000000E+00   0.0000000000E+00   0.0000000000E+00   0.0000000000E+00   0.0000000000E+00
   13      0.0000000000E+00   0.0000000000E+00   0.0000000000E+00   0.0000000000E+00   0.0000000000E+00
   14      0.0000000000E+00   0.0000000000E+00   0.0000000000E+00   0.0000000000E+00   0.0000000000E+00
   15      0.0000000000E+00   0.0000000000E+00   0.0000000000E+00   0.0000000000E+00   0.0000000000E+00
   16      0.0000000000E+00   0.0000000000E+00   0.0000000000E+00   0.0000000000E+00   0.0000000000E+00
   17      0.0000000000E+00   0.0000000000E+00   0.0000000000E+00   0.0000000000E+00   0.0000000000E+00
                    5                  6                  7                  8                  9        
    0      0.0000000000E+00  -3.5990285939E-06  -4.7173671263E-01   5.1022196333E-05  -5.6738016804E-08
    1      0.0000000000E+00   1.5070317528E-06  -5.1014855614E-05  -4.7173722999E-01   1.2485813433E-04
    2      0.0000000000E+00  -8.5575566560E-01   1.8770052061E-06   2.6124865751E-05   4.8469733254E-01
    3      0.0000000000E+00  -1.4700447678E-06  -5.0683093637E-01   5.4863021843E-05  -1.1215753220E-06
    4      0.0000000000E+00  -7.7617002695E-02  -5.1976461786E-05  -4.8203769656E-01   4.2282769607E-02
    5      0.0000000000E+00  -1.7448312672E-01   7.1173673894E-07  -1.0016175307E-02   1.4542944065E-01
    6      0.0000000000E+00  -6.7222277352E-02  -4.8823633694E-01  -1.0678958930E-02   3.6509999090E-02
    7      0.0000000000E+00   3.8810716924E-02  -1.0790552950E-02  -5.0063037304E-01  -2.0946145450E-02
    8      0.0000000000E+00  -1.7448685612E-01  -8.6843619777E-03   5.0231712843E-03   1.4542674859E-01
    9      0.0000000000E+00   6.7219570441E-02  -4.8823377900E-01   1.0784381239E-02  -3.6512178812E-02
   10      0.0000000000E+00   3.8810851550E-02   1.0682107871E-02  -5.0063285780E-01  -2.0946108829E-02
   11      0.0000000000E+00  -1.7448797816E-01   8.6889330671E-03   5.0206043992E-03   1.4542890893E-01
   12      0.0000000000E+00   2.7240142258E-07   4.1028833525E-02  -4.4347769545E-06   1.8194378679E-08
   13      0.0000000000E+00  -1.1628384581E-07   4.4372219566E-06   4.1028892516E-02  -1.0854213436E-05
   14      0.0000000000E+00   4.1159382712E-02  -9.3423734747E-08  -1.4931868487E-05  -2.6639067775E-01
   15      0.0000000000E+00   1.3513753765E-06   2.0438958404E-01  -2.2110566127E-05   1.3451189731E-07
   16      0.0000000000E+00  -7.0597873112E-07   2.2102869230E-05   2.0438965639E-01  -5.4008782452E-05
   17      0.0000000000E+00   3.9569913915E-01  -1.0740731540E-06   4.4817841344E-05   7.9077482428E-01
                   10                 11                 12                 13                 14        
    0     -2.8013363336E-02  -7.6479500489E-05   1.9907825325E-07  -2.3870840242E-06   9.5604270011E-02
    1     -7.6522109218E-05   2.8016939072E-02  -4.9260462701E-07  -9.5603102177E-02  -2.4072554417E-06
    2      7.7096371745E-08  -1.2060003313E-06   4.3063715223E-02  -4.9043343085E-07  -3.3291206323E-07
    3      1.8889650417E-01   5.1785253316E-04  -2.1949609290E-06   1.5561609522E-05  -7.8259812011E-01
    4      2.5089923739E-04  -9.2033074728E-02   6.6897581376E-02  -7.7417963183E-02   2.5607752692E-06
    5     -2.1591067089E-03   7.8857812308E-01  -5.7278128901E-01   2.0526707026E-01   6.8636950160E-06
    6      1.1636425513E-01  -4.1638726359E-02   5.7941147100E-02   3.7239385592E-01  -1.3758268944E-01
    7      4.2391514550E-02  -1.6458275127E-01  -3.3449850576E-02   5.6759818936E-01  -3.7238486177E-01
    8     -6.8183835709E-01  -3.9612840307E-01  -5.7282603887E-01  -1.0261977117E-01  -1.7773645824E-01
    9      1.1613899535E-01   4.2271958948E-02  -5.7945268795E-02  -3.7238272291E-01  -1.3759236595E-01
   10     -4.1491527265E-02  -1.6481511876E-01  -3.3449695715E-02   5.6758664801E-01   3.7240887026E-01
   11      6.8399478922E-01  -3.9239085912E-01  -5.7282644188E-01  -1.0262403224E-01   1.7773352823E-01
   12     -4.5355821853E-03  -1.2410740335E-05   2.6710261006E-08   8.3810366255E-09  -9.2353796770E-04
   13     -1.2408290564E-05   4.5355040276E-03   1.9084448086E-07   9.2363631666E-04   2.5521789615E-08
   14      2.7894182681E-08  -4.2150337359E-07   1.1460863523E-02  -1.7824277902E-07   1.6570055742E-09
   15      1.4427338191E-02   3.9473609348E-05   9.6952847696E-08   5.7556074836E-08  -4.3566915387E-04
   16      3.9500781977E-05  -1.4427615259E-02  -3.8694414973E-07   4.3485152935E-04   4.8705367295E-09
   17     -2.4148112928E-08  -5.8787168828E-07   1.5750076896E-02  -1.7479717344E-07  -5.2079299976E-09
                   15                 16                 17        
     0      7.1931852815E-08   9.7231602406E-02   8.6774764448E-06
     1     -2.3825294510E-05   8.6961508023E-06  -9.7231287065E-02
     2      1.6362755229E-02  -3.4209659773E-07  -4.3747408781E-06
     3     -2.3216196458E-07   4.3926482582E-02   8.5524834732E-06
     4     -5.7370983799E-01  -7.6042450160E-05   8.0398811870E-01
     5     -6.2165860618E-02  -1.0618617588E-05   1.1088975698E-01
     6     -4.9711852874E-01  -5.9185356622E-01  -3.6700831969E-01
     7      2.8699490411E-01   3.6707579458E-01   1.6796573152E-01
     8     -6.2206724477E-02  -9.6014096004E-02  -5.5427437002E-02
     9      4.9711770192E-01  -5.9192646590E-01   3.6689795275E-01
    10      2.8699469482E-01  -3.6710151735E-01   1.6789213562E-01
    11     -6.2210106283E-02   9.6028728184E-02  -5.5411815626E-02
    12      1.1152627769E-08  -6.8488510971E-05  -1.3195173162E-09
    13      1.9795522019E-08  -1.7137121763E-08   6.8498871317E-05
    14     -1.4138945039E-04   2.7332667810E-10   2.7588865709E-08
    15     -3.6194090367E-08  -7.0555671859E-04  -7.8469934973E-08
    16      1.3606303512E-07  -2.6363935209E-08   7.0571509576E-04
    17      1.4945346576E-04   2.1798066672E-09  -2.9883234895E-08

#
# The atoms: label  mass x y z (in bohrs)
#
$atoms
6
 C     12.01100      0.000000000000     0.000000000000    -2.493579913284
 H      1.00800      0.000000000000     2.050352855305    -2.173384717152
 H      1.00800      1.775658485025    -1.025176427652    -2.173384717152
 H      1.00800     -1.775658485025    -1.025176427652    -2.173384717152
 Br    79.90000      0.000000000000     0.000000000000     1.905702526485
 F     18.99800      0.000000000000     0.000000000000    -6.092374362723

$actual_temperature
  0.000000

$frequency_scale_factor
  1.000000


$end

