
$orca_hessian_file

$act_atom
  0

$act_coord
  0

$act_energy
      -12.696488

$multiplicity
  1

$hessian
18
                    0                  1                  2                  3                  4        
    0      5.5671754150E-01  -2.8430000000E-07  -2.5641000000E-06  -4.2578682100E-02  -1.2576000000E-06
    1     -2.8430000000E-07   5.5671716510E-01  -2.4012000000E-06  -1.1892000000E-06  -3.0982925520E-01
    2     -2.5641000000E-06  -2.4012000000E-06   1.3707188500E-02   4.4040000000E-07   4.0782358000E-02
    3     -4.2578682100E-02  -1.1892000000E-06   4.4040000000E-07   4.2185289800E-02   1.3652000000E-06
    4     -1.2576000000E-06  -3.0982925520E-01   4.0782358000E-02   1.3652000000E-06   3.3647751900E-01
    5      3.2470000000E-07   4.2659752400E-02  -1.7013118900E-02  -1.9140000000E-07  -4.2751714600E-02
    6     -2.4300981080E-01   1.1572064990E-01   3.5318217000E-02  -3.3385800000E-05   1.9891660000E-04
    7      1.1572044350E-01  -1.0938692830E-01  -2.0390916200E-02   2.4374915000E-02  -1.4222539200E-02
    8      3.6942796200E-02  -2.1329285400E-02  -1.7013209300E-02  -3.5259252000E-03   1.1405725000E-03
    9     -2.4301234950E-01  -1.1571917500E-01  -3.5316562300E-02  -3.3619200000E-05  -1.9904230000E-04
   10     -1.1571888740E-01  -1.0938435200E-01  -2.0389729800E-02  -2.4375120400E-02  -1.4222289700E-02
   11     -3.6941353800E-02  -2.1328097300E-02  -1.7012772100E-02   3.5259328000E-03   1.1405376000E-03
   12     -1.6641235900E-02   8.4000000000E-09   2.3190000000E-07   1.9330420000E-04   1.4200000000E-08
   13     -6.9000000000E-09  -1.6640632500E-02   3.6310000000E-07   5.1300000000E-08   8.3171920000E-04
   14      4.2820000000E-07  -8.2100000000E-08   8.3760075000E-03  -1.4700000000E-07   1.1393696000E-03
   15     -1.1475463200E-02  -9.8000000000E-09   2.3710000000E-07   2.6709310000E-04   3.9000000000E-09
   16     -7.3000000000E-09  -1.1475997100E-02   3.2620000000E-07  -2.2000000000E-08   9.6484580000E-04
   17      3.6880000000E-07   1.1370000000E-07   2.8955904300E-02  -1.0960000000E-07  -1.4511232000E-03
                    5                  6                  7                  8                  9        
    0      3.2470000000E-07  -2.4300981080E-01   1.1572044350E-01   3.6942796200E-02  -2.4301234950E-01
    1      4.2659752400E-02   1.1572064990E-01  -1.0938692830E-01  -2.1329285400E-02  -1.1571917500E-01
    2     -1.7013118900E-02   3.5318217000E-02  -2.0390916200E-02  -1.7013209300E-02  -3.5316562300E-02
    3     -1.9140000000E-07  -3.3385800000E-05   2.4374915000E-02  -3.5259252000E-03  -3.3619200000E-05
    4     -4.2751714600E-02   1.9891660000E-04  -1.4222539200E-02   1.1405725000E-03  -1.9904230000E-04
    5      5.1180129600E-02  -7.7540710000E-04  -3.6242254000E-03   6.6833990000E-04   7.7536990000E-04
    6     -7.7540710000E-04   2.6289787860E-01  -1.2742908690E-01  -3.7023505100E-02  -2.1316516000E-02
    7     -3.6242254000E-03  -1.2742908690E-01   1.1575669630E-01   2.1375876400E-02  -1.2088087800E-02
    8      6.6833990000E-04  -3.7023505100E-02   2.1375876400E-02   5.1179957400E-02  -2.7504977000E-03
    9      7.7536990000E-04  -2.1316516000E-02  -1.2088087800E-02  -2.7504977000E-03   2.6290069980E-01
   10     -3.6240630000E-03   1.2088395500E-02   7.0595978000E-03   2.4833240000E-03   1.2742744920E-01
   11      6.6831590000E-04   2.7506680000E-03   2.4833791000E-03   6.6856830000E-04   3.7022189900E-02
   12     -3.7000000000E-09   6.7177010000E-04  -2.7621190000E-04   1.2584343700E-02   6.7167370000E-04
   13      1.4531096500E-02  -2.7659030000E-04   3.5203340000E-04  -7.2657900000E-03   2.7654520000E-04
   14     -2.1798375400E-02   9.8672660000E-04  -5.6959210000E-04  -2.1798318900E-02  -9.8702510000E-04
   15     -9.2300000000E-08   7.9006390000E-04  -3.0197190000E-04  -6.2272119000E-03   7.9011120000E-04
   16     -7.1908459000E-03  -3.0228470000E-04   4.4114000000E-04   3.5953025000E-03   3.0231060000E-04
   17     -1.3705291200E-02  -1.2566994000E-03   7.2547830000E-04  -1.3705337400E-02   1.2565254000E-03
                   10                 11                 12                 13                 14        
    0     -1.1571888740E-01  -3.6941353800E-02  -1.6641235900E-02  -6.9000000000E-09   4.2820000000E-07
    1     -1.0938435200E-01  -2.1328097300E-02   8.4000000000E-09  -1.6640632500E-02  -8.2100000000E-08
    2     -2.0389729800E-02  -1.7012772100E-02   2.3190000000E-07   3.6310000000E-07   8.3760075000E-03
    3     -2.4375120400E-02   3.5259328000E-03   1.9330420000E-04   5.1300000000E-08  -1.4700000000E-07
    4     -1.4222289700E-02   1.1405376000E-03   1.4200000000E-08   8.3171920000E-04   1.1393696000E-03
    5     -3.6240630000E-03   6.6831590000E-04  -3.7000000000E-09   1.4531096500E-02  -2.1798375400E-02
    6      1.2088395500E-02   2.7506680000E-03   6.7177010000E-04  -2.7659030000E-04   9.8672660000E-04
    7      7.0595978000E-03   2.4833791000E-03  -2.7621190000E-04   3.5203340000E-04  -5.6959210000E-04
    8      2.4833240000E-03   6.6856830000E-04   1.2584343700E-02  -7.2657900000E-03  -2.1798318900E-02
    9      1.2742744920E-01   3.7022189900E-02   6.7167370000E-04   2.7654520000E-04  -9.8702510000E-04
   10      1.1575388590E-01   2.1374564800E-02   2.7619580000E-04   3.5202730000E-04  -5.6957400000E-04
   11      2.1374564800E-02   5.1179510200E-02  -1.2584592400E-02  -7.2656479000E-03  -2.1798222000E-02
   12      2.7619580000E-04  -1.2584592400E-02   1.2990655100E-02  -2.1000000000E-09   1.5040000000E-07
   13      3.5202730000E-04  -7.2656479000E-03  -2.1000000000E-09   1.2990767700E-02  -8.4000000000E-09
   14     -5.6957400000E-04  -2.1798222000E-02   1.5040000000E-07  -8.4000000000E-09   7.7905342300E-02
   15      3.0196720000E-04   6.2271555000E-03   2.1138328000E-03   2.9000000000E-09  -1.3310000000E-07
   16      4.4113060000E-04   3.5952638000E-03  -4.4000000000E-09   2.1140849000E-03  -1.1290000000E-07
   17      7.2547800000E-04  -1.3705400200E-02  -1.2990000000E-07  -1.3200000000E-08  -2.0886433600E-02
                   15                 16                 17        
     0     -1.1475463200E-02  -7.3000000000E-09   3.6880000000E-07
     1     -9.8000000000E-09  -1.1475997100E-02   1.1370000000E-07
     2      2.3710000000E-07   3.2620000000E-07   2.8955904300E-02
     3      2.6709310000E-04  -2.2000000000E-08  -1.0960000000E-07
     4      3.9000000000E-09   9.6484580000E-04  -1.4511232000E-03
     5     -9.2300000000E-08  -7.1908459000E-03  -1.3705291200E-02
     6      7.9006390000E-04  -3.0228470000E-04  -1.2566994000E-03
     7     -3.0197190000E-04   4.4114000000E-04   7.2547830000E-04
     8     -6.2272119000E-03   3.5953025000E-03  -1.3705337400E-02
     9      7.9011120000E-04   3.0231060000E-04   1.2565254000E-03
    10      3.0196720000E-04   4.4113060000E-04   7.2547800000E-04
    11      6.2271555000E-03   3.5952638000E-03  -1.3705400200E-02
    12      2.1138328000E-03  -4.4000000000E-09  -1.2990000000E-07
    13      2.9000000000E-09   2.1140849000E-03  -1.3200000000E-08
    14     -1.3310000000E-07  -1.1290000000E-07  -2.0886433600E-02
    15      7.5143622000E-03   7.8000000000E-09   4.4700000000E-08
    16      7.8000000000E-09   7.5147958000E-03   6.6400000000E-08
    17      4.4700000000E-08   6.6400000000E-08   3.3046558000E-02

$vibrational_frequencies
18
    0        0.0000000000000000
    1        0.0000000000000000
    2        0.0000000000000000
    3        0.0000000000000000
    4        0.0000000000000000
    5        0.0000000000000000
    6     -196.0625674350318661
    7      221.3585824115266689
    8      221.3653920010812328
    9      247.5151913440189162
   10     1049.7953005538906837
   11     1049.7986458123680222
   12     1131.6990450363016407
   13     1374.9217676230273355
   14     1374.9236121298388298
   15     3062.2689859903289289
   16     3132.1862575601662684
   17     3132.2121809968075468

$normal_modes
18 18
                    0                  1                  2                  3                  4        
    0      0.0000000000E+00   0.0000000000E+00   0.0000000000E+00   0.0000000000E+00   0.0000000000E+00
    1      0.0000000000E+00   0.0000000000E+00   0.0000000000E+00   0.0000000000E+00   0.0000000000E+00
    2      0.0000000000E+00   0.0000000000E+00   0.0000000000E+00   0.0000000000E+00   0.0000000000E+00
    3      0.0000000000E+00   0.0000000000E+00   0.0000000000E+00   0.0000000000E+00   0.0000000000E+00
    4      0.0000000000E+00   0.0000000000E+00   0.0000000000E+00   0.0000000000E+00   0.0000000000E+00
    5      0.0000000000E+00   0.0000000000E+00   0.0000000000E+00   0.0000000000E+00   0.0000000000E+00
    6      0.0000000000E+00   0.0000000000E+00   0.0000000000E+00   0.0000000000E+00   0.0000000000E+00
    7      0.0000000000E+00   0.0000000000E+00   0.0000000000E+00   0.0000000000E+00   0.0000000000E+00
    8      0.0000000000E+00   0.0000000000E+00   0.0000000000E+00   0.0000000000E+00   0.0000000000E+00
    9      0.0000000000E+00   0.0000000000E+00   0.0000000000E+00   0.0000000000E+00   0.0000000000E+00
   10      0.0000000000E+00   0.0000000000E+00   0.0000000000E+00   0.0000000000E+00   0.0000000000E+00
   11      0.0000000000E+00   0.0000000000E+00   0.0000000000E+00   0.0000000000E+00   0.0000000000E+00
   12      0.0000000000E+00   0.0000000000E+00   0.0000000000E+00   0.0000000000E+00   0.0000000000E+00
   13      0.0000000000E+00   0.0000000000E+00   0.0000000000E+00   0.0000000000E+00   0.0000000000E+00
   14      0.0000000000E+00   0.0000000000E+00   0.0000000000E+00   0.0000000000E+00   0.0000000000E+00
   15      0.0000000000E+00   0.0000000000E+00   0.0000000000E+00   0.0000000000E+00   0.0000000000E+00
   16      0.0000000000E+00   0.0000000000E+00   0.0000000000E+00   0.0000000000E+00   0.0000000000E+00
   17      0.0000000000E+00   0.0000000000E+00   0.0000000000E+00   0.0000000000E+00   0.0000000000E+00
                    5                  6                  7                  8                  9        
    0      0.0000000000E+00  -7.9656999267E-06   4.6868083289E-01  -4.1420482845E-03   6.3387596352E-06
    1      0.0000000000E+00  -9.1154548939E-06  -4.1420178460E-03  -4.6868502911E-01   3.0276234085E-05
    2      0.0000000000E+00  -8.9260561719E-01  -3.0012555731E-06  -6.2089247064E-07  -4.2921223681E-01
    3      0.0000000000E+00  -2.5712542744E-06   5.0117687393E-01  -4.4304216219E-03   8.4359494122E-06
    4      0.0000000000E+00   9.3825214082E-02  -4.3021069848E-03  -4.8681818285E-01   1.9658196971E-02
    5      0.0000000000E+00  -9.4638524615E-02  -6.6682862983E-04  -7.5340038451E-02  -2.2859836121E-01
    6      0.0000000000E+00   8.1257887509E-02   4.9035229234E-01  -1.0549924854E-02   1.7004578372E-02
    7      0.0000000000E+00  -4.6924377195E-02   1.8265471008E-03  -4.9763852616E-01  -9.7814286245E-03
    8      0.0000000000E+00  -9.4637623899E-02   6.5581129933E-02   3.7093218835E-02  -2.2860570511E-01
    9      0.0000000000E+00  -8.1266019995E-02   4.9046116161E-01   1.8830758597E-03  -1.6988833060E-02
   10      0.0000000000E+00  -4.6926103360E-02  -1.0621564332E-02  -4.9753038617E-01  -9.7820789713E-03
   11      0.0000000000E+00  -9.4638499729E-02  -6.4918168105E-02   3.8245178864E-02  -2.2861011467E-01
   12      0.0000000000E+00   6.3790911025E-07  -4.3020110204E-02   3.8020096427E-04  -6.0370180443E-07
   13      0.0000000000E+00   7.7188111431E-07   3.8019568750E-04   4.3020423808E-02  -2.7808188619E-06
   14      0.0000000000E+00   4.6344690981E-02  -5.3033854896E-07   3.3898412735E-06   2.5615408818E-01
   15      0.0000000000E+00   2.9211734720E-06  -1.9401331346E-01   1.7146085736E-03  -2.7515411378E-06
   16      0.0000000000E+00   3.8573024953E-06   1.7146037544E-03   1.9401447596E-01  -1.2470118459E-05
   17      0.0000000000E+00   3.8447895695E-01   4.3330806830E-06  -1.3777076585E-05  -7.6956220524E-01
                   10                 11                 12                 13                 14        
    0     -2.9048504655E-03   5.4711037253E-02   1.7229578857E-07   8.7835895527E-03  -8.7373392548E-02
    1      5.4713616324E-02   2.9049906271E-03   3.8629310980E-07   8.7370503382E-02   8.7833757958E-03
    2      2.1541852332E-07  -2.1314423029E-07  -3.5361514827E-02  -2.1070101565E-07   5.0111724424E-07
    3      1.0196189707E-02  -1.9205823168E-01   9.4184171212E-07  -7.7625874499E-02   7.7222003463E-01
    4     -7.5506643585E-02  -4.0087733943E-03   8.1146075843E-02   8.0705250949E-02   8.1087929993E-03
    5     -7.8747866754E-01  -4.1817050305E-02   5.7099306343E-01   2.2821276830E-01   2.2938063242E-02
    6     -4.4924785300E-02  -1.0732749497E-01   7.0278048105E-02  -3.8264505228E-01   9.5400474841E-02
    7     -1.6026361959E-01  -5.9120265711E-02  -4.0571264642E-02  -5.9610884992E-01   3.1313545259E-01
    8      4.2994395834E-01  -6.6107422575E-01   5.7100253083E-01  -9.4235192944E-02  -2.0907903422E-01
    9      5.6037263534E-02  -1.0196017114E-01  -7.0275224280E-02   3.5599472719E-01   1.6964971650E-01
   10     -1.6562117978E-01   4.1816912162E-02  -4.0570721857E-02  -5.2186065095E-01  -4.2552049235E-01
   11      3.5751810752E-01   7.0288207599E-01   5.7101069142E-01  -1.3396740303E-01   1.8613835933E-01
   12      2.9120844131E-04  -5.4842851708E-03  -5.5588160588E-08   5.9771465933E-05  -5.9452570268E-04
   13     -5.4841763618E-03  -2.9119345346E-04  -8.8549018087E-08   5.9484956458E-04   5.9785088145E-05
   14      1.1646117555E-07   1.0386871305E-07  -9.6923879730E-03  -8.0000633916E-08  -2.5228482789E-08
   15     -5.1881949703E-04   9.7703327546E-03  -7.4941680695E-08  -2.7187204231E-04   2.7042864383E-03
   16      9.7706611292E-03   5.1885137738E-04  -8.8786108180E-08  -2.7041389834E-03  -2.7179168790E-04
   17      2.5486154422E-07   1.8605247543E-07  -2.7769311629E-02  -7.0055783453E-08  -7.2145206015E-08
                   15                 16                 17        
     0     -1.3978792063E-06   9.6894864067E-02  -2.6090930347E-03
     1     -2.3280905461E-05   2.6090809702E-03   9.6894190102E-02
     2     -1.7399569184E-02  -7.6955459496E-07  -4.7758421451E-06
     3     -3.1220653255E-07   3.8957700797E-02  -1.0530749137E-03
     4     -5.7192607641E-01  -2.1622848527E-02  -8.0252899577E-01
     5      7.6830234521E-02   3.2558668105E-03   1.2085181875E-01
     6     -4.9555573426E-01  -5.8223944219E-01   3.8012136864E-01
     7      2.8609617864E-01   3.5970191227E-01  -1.8110736320E-01
     8      7.6874925334E-02   1.0301845541E-01  -6.3214151629E-02
     9      4.9557252062E-01  -6.0184539358E-01  -3.4823319299E-01
    10      2.8610623070E-01  -3.6891364307E-01  -1.6148057049E-01
    11      7.6874424025E-02  -1.0626515003E-01  -5.7575173386E-02
    12      9.9898489602E-09   1.0451392668E-06  -3.9259777400E-08
    13     -9.3194146809E-09   2.3375938828E-08   1.0414483608E-06
    14     -2.5193876177E-04  -1.7635172921E-09  -6.3434972463E-08
    15     -3.2330147760E-08  -5.0529355155E-04   1.3642054129E-05
    16      9.6219534013E-08  -1.3595289488E-05  -5.0539341714E-04
    17     -1.7412822479E-04   7.2880057838E-09  -2.9613028306E-08

#
# The atoms: label  mass x y z (in bohrs)
#
$atoms
6
 C     12.01100      0.000000860917     0.000002322416    -2.177383465598
 H      1.00800      0.000000602523     2.013967402355    -2.462899773637
 H      1.00800      1.744146033434    -1.006979597906    -2.462900147368
 H      1.00800     -1.744144795531    -1.006979578934    -2.462900316129
 Br    79.90000     -0.000000095759    -0.000000287260     1.880310961424
 F     18.99800     -0.000000239209    -0.000000696589    -6.139408525817

$actual_temperature
  0.000000

$frequency_scale_factor
  1.000000


$end

