
$orca_hessian_file

$act_atom
  0

$act_coord
  0

$act_energy
      -12.676262

$multiplicity
  1

$hessian
18
                    0                  1                  2                  3                  4        
    0      4.1424565020E-01   5.3421596400E-02   1.5817817300E-02  -3.9257122200E-02  -7.1950845000E-03
    1      5.3421596400E-02   4.1050347510E-01  -1.1453929000E-03  -7.2013017000E-03  -2.2065084140E-01
    2      1.5817817300E-02  -1.1453929000E-03   3.4150117330E-01   1.8425199000E-03   8.6779253300E-02
    3     -3.9257122200E-02  -7.2013017000E-03   1.8425199000E-03   4.8404404500E-02   3.2699651000E-03
    4     -7.1950845000E-03  -2.2065084140E-01   8.6779253300E-02   3.2699651000E-03   2.6650266030E-01
    5      1.7529975000E-03   1.0070807350E-01  -7.9306509500E-02  -4.3360803000E-03  -9.4692331900E-02
    6     -1.4533187730E-01   5.7194366000E-02   6.7833132900E-02  -5.3290208000E-03   8.0739867000E-03
    7      5.6905774000E-02  -7.1101128300E-02  -3.8099580300E-02   3.2275037200E-02  -2.9247082500E-02
    8      7.9580539900E-02  -4.4954317100E-02  -7.8421929600E-02  -5.5450254000E-03   4.0950118000E-03
    9     -2.1043343430E-01  -1.0310659920E-01  -8.1623311600E-02  -2.2836456000E-03  -4.1825793000E-03
   10     -1.0276704610E-01  -9.9287256800E-02  -4.8054576200E-02  -2.8202864300E-02  -2.0454732200E-02
   11     -9.3614008300E-02  -5.4822522200E-02  -7.4481371100E-02   8.6331619000E-03   5.1201578000E-03
   12     -2.3109004300E-02  -3.7229780000E-04  -1.0421033000E-03   1.1149571000E-03   1.8435170000E-04
   13     -3.7655130000E-04  -2.3035455500E-02  -4.8032850000E-04   6.1837400000E-04   5.1479432000E-03
   14     -2.6438802000E-03   1.7073100000E-04  -1.0565685090E-01  -4.3739710000E-04  -6.8874760000E-04
   15      3.8857878000E-03   6.4236200000E-05  -2.8280552000E-03  -2.6495730000E-03  -1.5063970000E-04
   16      1.1311400000E-05   3.5712069000E-03   1.0006246000E-03  -7.5921040000E-04  -1.2979474000E-03
   17     -8.9346620000E-04   4.3427700000E-05  -3.6345123000E-03  -1.5717900000E-04  -6.1334340000E-04
                    5                  6                  7                  8                  9        
    0      1.7529975000E-03  -1.4533187730E-01   5.6905774000E-02   7.9580539900E-02  -2.1043343430E-01
    1      1.0070807350E-01   5.7194366000E-02  -7.1101128300E-02  -4.4954317100E-02  -1.0310659920E-01
    2     -7.9306509500E-02   6.7833132900E-02  -3.8099580300E-02  -7.8421929600E-02  -8.1623311600E-02
    3     -4.3360803000E-03  -5.3290208000E-03   3.2275037200E-02  -5.5450254000E-03  -2.2836456000E-03
    4     -9.4692331900E-02   8.0739867000E-03  -2.9247082500E-02   4.0950118000E-03  -4.1825793000E-03
    5      8.8687395600E-02   1.7943541000E-03  -1.0581349500E-02   8.1197713000E-03   4.4814340000E-04
    6      1.7943541000E-03   1.8253129630E-01  -7.4258960400E-02  -7.7690635900E-02  -3.4426764300E-02
    7     -1.0581349500E-02  -7.4258960400E-02   9.4271821200E-02   4.2624643300E-02  -1.2372411700E-02
    8      8.1197713000E-03  -7.7690635900E-02   4.2624643300E-02   8.2837018400E-02  -5.4065780000E-03
    9      4.4814340000E-04  -3.4426764300E-02  -1.2372411700E-02  -5.4065780000E-03   2.4477210250E-01
   10     -8.0219358000E-03   1.1437935400E-02   6.3533352000E-03   3.2368729000E-03   1.1748963740E-01
   11      5.2833463000E-03   1.0856384900E-02   4.6983404000E-03   6.3219233000E-03   8.7201437700E-02
   12      1.1602830000E-03   5.9291591000E-03  -2.0669369000E-03   7.6668360000E-03   2.4488401000E-03
   13      1.2148951600E-02  -2.3471006000E-03   2.8149614000E-03  -3.6580330000E-03   1.1664580000E-03
   14     -1.5081506700E-02  -1.1996217000E-03   4.9041270000E-04  -9.7029216000E-03  -4.0301960000E-04
   15     -8.1969760000E-04  -3.3727930000E-03  -4.8250230000E-04   1.3948635000E-03  -7.7098400000E-05
   16      4.3859210000E-04  -1.0022720000E-04  -3.0919070000E-03  -1.3441779000E-03   1.0054948000E-03
   17     -7.7024970000E-03  -1.5936143000E-03   8.6753340000E-04  -9.1538619000E-03  -2.1667190000E-04
                   10                 11                 12                 13                 14        
    0     -1.0276704610E-01  -9.3614008300E-02  -2.3109004300E-02  -3.7655130000E-04  -2.6438802000E-03
    1     -9.9287256800E-02  -5.4822522200E-02  -3.7229780000E-04  -2.3035455500E-02   1.7073100000E-04
    2     -4.8054576200E-02  -7.4481371100E-02  -1.0421033000E-03  -4.8032850000E-04  -1.0565685090E-01
    3     -2.8202864300E-02   8.6331619000E-03   1.1149571000E-03   6.1837400000E-04  -4.3739710000E-04
    4     -2.0454732200E-02   5.1201578000E-03   1.8435170000E-04   5.1479432000E-03  -6.8874760000E-04
    5     -8.0219358000E-03   5.2833463000E-03   1.1602830000E-03   1.2148951600E-02  -1.5081506700E-02
    6      1.1437935400E-02   1.0856384900E-02   5.9291591000E-03  -2.3471006000E-03  -1.1996217000E-03
    7      6.3533352000E-03   4.6983404000E-03  -2.0669369000E-03   2.8149614000E-03   4.9041270000E-04
    8      3.2368729000E-03   6.3219233000E-03   7.6668360000E-03  -3.6580330000E-03  -9.7029216000E-03
    9      1.1748963740E-01   8.7201437700E-02   2.4488401000E-03   1.1664580000E-03  -4.0301960000E-04
   10      1.1359876660E-01   5.2735904200E-02   1.3029721000E-03   1.3714073000E-03   7.3422100000E-05
   11      5.2735904200E-02   9.0072033100E-02  -1.2551903000E-02  -7.8333539000E-03  -2.0936561700E-02
   12      1.3029721000E-03  -1.2551903000E-02   1.2801288400E-02   1.3211337000E-03   3.5171856000E-03
   13      1.3714073000E-03  -7.8333539000E-03   1.3211337000E-03   1.2881219300E-02   4.4409300000E-05
   14      7.3422100000E-05  -2.0936561700E-02   3.5171856000E-03   4.4409300000E-05   1.6463034700E-01
   15      7.3936540000E-04  -5.2507330000E-04   8.1475970000E-04  -3.8231380000E-04   1.1667331000E-03
   16     -1.5815200000E-03   1.0147370000E-04  -3.6922270000E-04   8.1992430000E-04  -9.0227500000E-05
   17      3.0312800000E-05  -6.2593699000E-03   1.2497018000E-03  -2.2164550000E-04  -1.3252506100E-02
                   15                 16                 17        
     0      3.8857878000E-03   1.1311400000E-05  -8.9346620000E-04
     1      6.4236200000E-05   3.5712069000E-03   4.3427700000E-05
     2     -2.8280552000E-03   1.0006246000E-03  -3.6345123000E-03
     3     -2.6495730000E-03  -7.5921040000E-04  -1.5717900000E-04
     4     -1.5063970000E-04  -1.2979474000E-03  -6.1334340000E-04
     5     -8.1969760000E-04   4.3859210000E-04  -7.7024970000E-03
     6     -3.3727930000E-03  -1.0022720000E-04  -1.5936143000E-03
     7     -4.8250230000E-04  -3.0919070000E-03   8.6753340000E-04
     8      1.3948635000E-03  -1.3441779000E-03  -9.1538619000E-03
     9     -7.7098400000E-05   1.0054948000E-03  -2.1667190000E-04
    10      7.3936540000E-04  -1.5815200000E-03   3.0312800000E-05
    11     -5.2507330000E-04   1.0147370000E-04  -6.2593699000E-03
    12      8.1475970000E-04  -3.6922270000E-04   1.2497018000E-03
    13     -3.8231380000E-04   8.1992430000E-04  -2.2164550000E-04
    14      1.1667331000E-03  -9.0227500000E-05  -1.3252506100E-02
    15      1.3989170000E-03   2.1185410000E-04   1.6112296000E-03
    16      2.1185410000E-04   1.5802432000E-03  -1.0628500000E-04
    17      1.6112296000E-03  -1.0628500000E-04   4.0002747100E-02

$vibrational_frequencies
18
    0        0.0000000000000000
    1        0.0000000000000000
    2        0.0000000000000000
    3        0.0000000000000000
    4        0.0000000000000000
    5        0.0000000000000000
    6       98.9961625178496121
    7      116.8606944706002224
    8      246.0893436452784613
    9      587.6921067876020288
   10      751.8391548389437276
   11      878.9977583905364327
   12     1423.3719913074012311
   13     1461.1700659208449906
   14     1570.7070300751593095
   15     2725.0841024167293654
   16     2947.9818245332962761
   17     3152.8396271979622725

$normal_modes
18 18
                    0                  1                  2                  3                  4        
    0      0.0000000000E+00   0.0000000000E+00   0.0000000000E+00   0.0000000000E+00   0.0000000000E+00
    1      0.0000000000E+00   0.0000000000E+00   0.0000000000E+00   0.0000000000E+00   0.0000000000E+00
    2      0.0000000000E+00   0.0000000000E+00   0.0000000000E+00   0.0000000000E+00   0.0000000000E+00
    3      0.0000000000E+00   0.0000000000E+00   0.0000000000E+00   0.0000000000E+00   0.0000000000E+00
    4      0.0000000000E+00   0.0000000000E+00   0.0000000000E+00   0.0000000000E+00   0.0000000000E+00
    5      0.0000000000E+00   0.0000000000E+00   0.0000000000E+00   0.0000000000E+00   0.0000000000E+00
    6      0.0000000000E+00   0.0000000000E+00   0.0000000000E+00   0.0000000000E+00   0.0000000000E+00
    7      0.0000000000E+00   0.0000000000E+00   0.0000000000E+00   0.0000000000E+00   0.0000000000E+00
    8      0.0000000000E+00   0.0000000000E+00   0.0000000000E+00   0.0000000000E+00   0.0000000000E+00
    9      0.0000000000E+00   0.0000000000E+00   0.0000000000E+00   0.0000000000E+00   0.0000000000E+00
   10      0.0000000000E+00   0.0000000000E+00   0.0000000000E+00   0.0000000000E+00   0.0000000000E+00
   11      0.0000000000E+00   0.0000000000E+00   0.0000000000E+00   0.0000000000E+00   0.0000000000E+00
   12      0.0000000000E+00   0.0000000000E+00   0.0000000000E+00   0.0000000000E+00   0.0000000000E+00
   13      0.0000000000E+00   0.0000000000E+00   0.0000000000E+00   0.0000000000E+00   0.0000000000E+00
   14      0.0000000000E+00   0.0000000000E+00   0.0000000000E+00   0.0000000000E+00   0.0000000000E+00
   15      0.0000000000E+00   0.0000000000E+00   0.0000000000E+00   0.0000000000E+00   0.0000000000E+00
   16      0.0000000000E+00   0.0000000000E+00   0.0000000000E+00   0.0000000000E+00   0.0000000000E+00
   17      0.0000000000E+00   0.0000000000E+00   0.0000000000E+00   0.0000000000E+00   0.0000000000E+00
                    5                  6                  7                  8                  9        
    0      0.0000000000E+00   3.6972374248E-01   1.5497385684E-01   1.5406773712E-01  -8.5582820704E-03
    1      0.0000000000E+00  -1.4711983686E-01   3.8464297352E-01  -2.0244429526E-02   3.8626525832E-03
    2      0.0000000000E+00  -1.6592754939E-02  -3.7695622045E-03   7.3013825649E-02   5.6880024789E-01
    3      0.0000000000E+00   4.3872780000E-01   1.5468368735E-01   1.3916988624E-01   5.1452063387E-02
    4      0.0000000000E+00  -1.9232280177E-01   4.7527030023E-01  -4.1439953334E-02  -5.0672180078E-02
    5      0.0000000000E+00  -1.0284745646E-01   1.8415090636E-01   5.1311208185E-04   4.2028196971E-01
    6      0.0000000000E+00   4.8159423717E-01   1.8073750844E-01   1.1850822175E-01   3.7542252760E-02
    7      0.0000000000E+00  -2.0373717783E-01   4.7462049240E-01  -3.0115023692E-03   1.8325701471E-03
    8      0.0000000000E+00   2.1493980540E-01  -4.2028728281E-02  -3.1907935239E-02   6.0841546627E-01
    9      0.0000000000E+00   4.4841767183E-01   2.0111762258E-01   1.6503066976E-01   8.5345455946E-02
   10      0.0000000000E+00  -1.7304590607E-01   4.3549159011E-01  -6.5630765232E-03   1.1597836448E-02
   11      0.0000000000E+00  -1.4343371756E-01  -1.6015515163E-01   1.1274293931E-02   3.2301495352E-01
   12      0.0000000000E+00  -3.7516175692E-02  -1.5606970919E-02  -1.8882902067E-02   7.7772574766E-04
   13      0.0000000000E+00   1.5095142458E-02  -3.9098889475E-02   2.2777489285E-03  -1.8688864342E-04
   14      0.0000000000E+00  -9.5288464908E-03  -2.5219077357E-03   2.0989104075E-01  -8.9122532976E-02
   15      0.0000000000E+00  -1.4858927570E-01  -6.0807724341E-02  -4.0417631506E-02  -7.1102880071E-03
   16      0.0000000000E+00   5.9722771393E-02  -1.5224818022E-01   5.9262212933E-03   3.1991736518E-04
   17      0.0000000000E+00   5.2228787964E-02   1.3946408941E-02  -9.2783354680E-01  -5.6505710139E-02
                   10                 11                 12                 13                 14        
    0      9.0400535493E-02  -8.0770686309E-02   2.5195639967E-03   5.1695472656E-02   4.6364840164E-02
    1     -8.6567868635E-02  -8.4874609474E-02   2.1013824494E-03  -5.1316937588E-02   4.4279054776E-02
    2      2.5417343186E-02  -1.5030715249E-02   1.0197368986E-01  -6.9127744401E-03  -9.3329778215E-03
    3     -1.6479869129E-01   1.9670971241E-01  -5.7157337191E-02  -5.3483779825E-01  -5.0717583689E-01
    4      1.6210158669E-01   1.7670657125E-01  -2.3913608164E-01  -7.7131785768E-02   1.3127778878E-01
    5      5.0200180949E-01   5.1695287344E-01  -5.2243572523E-01  -1.8542273991E-01   2.7719091117E-01
    6     -2.2244331967E-01   2.0997551712E-01  -2.1295866278E-01   2.1803054304E-01  -3.0549828914E-01
    7      2.0115065996E-01   2.2294651026E-01   7.5217896043E-02   1.1119782282E-01  -6.4071289464E-01
    8     -7.0454926958E-01   1.6697012713E-01  -4.5814227688E-01   3.0169772375E-01   1.1786766114E-01
    9     -1.5214970508E-01   1.2076666032E-01   2.0195933672E-01  -3.4576293000E-01   1.9694403081E-01
   10      1.6739814295E-01   1.6654372258E-01   1.3625318483E-01   6.2948863547E-01  -8.3779203062E-02
   11      2.0151826954E-01  -6.9626402355E-01  -5.7953871536E-01  -3.9093290274E-02  -2.8453392426E-01
   12     -6.7660809567E-03   6.0672452637E-03   3.5260029225E-04   2.8668643484E-04   4.1149478005E-04
   13      6.4303692288E-03   6.3095109707E-03  -5.9437481159E-05  -3.6498733198E-04   4.7324056854E-04
   14     -4.9065503469E-03   3.0463746242E-03   2.3447815391E-03   2.4651122501E-04   2.2170575508E-04
   15     -7.8119464695E-05  -2.4375033303E-03   5.4040793976E-04   1.2659321228E-03   1.6259294581E-03
   16     -4.6928223617E-04  -2.9175371457E-03   3.8928681497E-04  -1.2281758448E-03   1.4902818750E-03
   17      4.6206488996E-03  -2.6545773474E-03   8.4452898887E-03  -7.6145174164E-04  -8.9613319538E-04
                   15                 16                 17        
     0     -5.8335609289E-02  -1.8235975065E-02  -5.7220254659E-02
     1      4.4602875180E-02  -6.2557904228E-02  -3.3969490223E-02
     2      2.2486780809E-02   3.3582572003E-02  -3.1242310012E-02
     3     -6.8280858165E-02   2.4511708052E-03  -2.7527985147E-02
     4     -1.8294374009E-01   8.9046266608E-01  -7.4917299302E-02
     5      1.1436731222E-01  -3.7834493441E-01   1.5582747844E-02
     6      7.6275021356E-01   1.5776919310E-01  -8.5993540052E-02
     7     -4.2004049351E-01  -1.4891202872E-01   1.2372461814E-02
     8     -4.2172114733E-01  -7.7725654174E-02   2.0437977435E-02
     9      7.4040128526E-04   5.7776761375E-02   7.9686717080E-01
    10      7.1726842861E-02   4.7055969170E-03   4.6843682719E-01
    11      4.0924321220E-02   4.5649290798E-02   3.5438180110E-01
    12      1.3675141541E-04   1.3717155420E-05  -3.0772599957E-05
    13     -1.0077373970E-04   2.4049877166E-05  -1.4528037264E-05
    14     -7.4800271515E-05   4.1710756627E-05  -1.5107722985E-04
    15     -5.8052793193E-04  -9.4999815270E-05   4.8362916072E-05
    16      4.1236645341E-04  -1.4553540622E-04   1.5376159359E-06
    17      2.3417030201E-04   3.6907602806E-04  -3.2652333744E-04

#
# The atoms: label  mass x y z (in bohrs)
#
$atoms
6
 C     12.01100      0.014635523683     0.001939196619    -1.723531847179
 H      1.00800      0.075780426707     1.840622531241    -2.686723475139
 H      1.00800      1.577563012977    -0.857521812174    -2.864460219196
 H      1.00800     -1.589248450963    -0.951539341383    -2.535903314457
 Br    79.90000     -0.027433173906     0.001322109576     1.842262824581
 F     18.99800      0.102722158726    -0.008461001917    -6.229270184370

$actual_temperature
  0.000000

$frequency_scale_factor
  1.000000


$end

