
$orca_hessian_file

$act_atom
  0

$act_coord
  0

$act_energy
      -12.682424

$multiplicity
  1

$hessian
18
                    0                  1                  2                  3                  4        
    0      4.1784035600E-01   7.2852791900E-02   7.3577396000E-03  -3.7935632800E-02  -3.4442231000E-03
    1      7.2852791900E-02   5.0197044650E-01  -4.3162586000E-03  -2.0783073000E-03  -3.0763493370E-01
    2      7.3577396000E-03  -4.3162586000E-03   2.8279030950E-01   2.9661290000E-04   7.0334359000E-02
    3     -3.7935632800E-02  -2.0783073000E-03   2.9661290000E-04   4.0953878300E-02   1.8767960000E-04
    4     -3.4442231000E-03  -3.0763493370E-01   7.0334359000E-02   1.8767960000E-04   3.4321689240E-01
    5     -6.0934310000E-04   7.7854989500E-02  -5.3178400000E-02  -1.3162946000E-03  -7.6687139100E-02
    6     -1.2393846780E-01   4.7894356200E-02   6.8224520100E-02  -2.9749330000E-03   4.5239143000E-03
    7      4.7907981000E-02  -6.8611070400E-02  -3.9364788200E-02   2.6562177400E-02  -2.2146390700E-02
    8      7.5535133000E-02  -4.3616889400E-02  -8.0130697600E-02  -2.4729476000E-03   9.1089830000E-04
    9     -2.3782115940E-01  -1.1882725860E-01  -6.0746498200E-02   8.4945430000E-04  -9.9082700000E-04
   10     -1.1747392310E-01  -1.0773817200E-01  -3.5391828700E-02  -2.5833658000E-02  -1.4634530200E-02
   11     -6.7731830000E-02  -3.8399339400E-02  -5.3171203000E-02   6.2533450000E-03   1.8344043000E-03
   12     -2.1643388900E-02   4.6667220000E-04  -9.1567696000E-03  -7.2189700000E-05   3.3258830000E-04
   13      4.6518560000E-04  -2.1120285000E-02   5.2927303000E-03   2.4628817000E-03   1.6396040000E-04
   14     -1.4282318400E-02   8.3132087000E-03  -8.8259343500E-02  -2.7237140000E-03   3.2474218000E-03
   15      3.4982929000E-03  -3.0825440000E-04  -5.9756049000E-03  -8.2057720000E-04  -6.0913200000E-04
   16     -3.0781230000E-04   3.1340146000E-03   3.4457862000E-03  -1.3007733000E-03   1.0350019000E-03
   17     -2.6938110000E-04   1.6428920000E-04  -8.0506655000E-03  -3.7001700000E-05   3.6005570000E-04
                    5                  6                  7                  8                  9        
    0     -6.0934310000E-04  -1.2393846780E-01   4.7907981000E-02   7.5535133000E-02  -2.3782115940E-01
    1      7.7854989500E-02   4.7894356200E-02  -6.8611070400E-02  -4.3616889400E-02  -1.1882725860E-01
    2     -5.3178400000E-02   6.8224520100E-02  -3.9364788200E-02  -8.0130697600E-02  -6.0746498200E-02
    3     -1.3162946000E-03  -2.9749330000E-03   2.6562177400E-02  -2.4729476000E-03   8.4945430000E-04
    4     -7.6687139100E-02   4.5239143000E-03  -2.2146390700E-02   9.1089830000E-04  -9.9082700000E-04
    5      6.8460240500E-02   2.6363318000E-03  -1.5594325800E-02   5.4376053000E-03   1.5391951000E-03
    6      2.6363318000E-03   1.5579415340E-01  -5.9740884500E-02  -8.1809395800E-02  -3.0815345000E-02
    7     -1.5594325800E-02  -5.9740884500E-02   8.6805158000E-02   4.7241204100E-02  -1.1556059500E-02
    8      5.4376053000E-03  -8.1809395800E-02   4.7241204100E-02   8.4426771900E-02  -2.0175764000E-03
    9      1.5391951000E-03  -3.0815345000E-02  -1.1556059500E-02  -2.0175764000E-03   2.6748538790E-01
   10     -6.3304631000E-03   1.0491817700E-02   5.6850060000E-03   1.6937627000E-03   1.3096641500E-01
   11      2.5666308000E-03   1.4822429100E-02   5.5140503000E-03   5.4428821000E-03   6.5750760100E-02
   12     -1.3025808000E-03   6.1561375000E-03  -3.1032603000E-03   5.6709836000E-03  -1.1005830000E-03
   13      1.9698744700E-02  -3.0999806000E-03   2.5701543000E-03  -3.2812251000E-03  -2.6540830000E-04
   14     -2.1833262900E-02  -2.3595110000E-03   1.3384246000E-03  -1.0489298300E-02  -4.1897981000E-03
   15     -9.4730840000E-04  -4.2215452000E-03  -6.9954100000E-05   5.0938032000E-03   1.4022450000E-03
   16      1.0581938000E-03  -6.9223100000E-05  -4.3028572000E-03  -2.9477506000E-03   6.7313840000E-04
   17     -1.4528138000E-03  -1.5143743000E-03   8.6543500000E-04  -4.6872634000E-03  -3.3608250000E-04
                   10                 11                 12                 13                 14        
    0     -1.1747392310E-01  -6.7731830000E-02  -2.1643388900E-02   4.6518560000E-04  -1.4282318400E-02
    1     -1.0773817200E-01  -3.8399339400E-02   4.6667220000E-04  -2.1120285000E-02   8.3132087000E-03
    2     -3.5391828700E-02  -5.3171203000E-02  -9.1567696000E-03   5.2927303000E-03  -8.8259343500E-02
    3     -2.5833658000E-02   6.2533450000E-03  -7.2189700000E-05   2.4628817000E-03  -2.7237140000E-03
    4     -1.4634530200E-02   1.8344043000E-03   3.3258830000E-04   1.6396040000E-04   3.2474218000E-03
    5     -6.3304631000E-03   2.5666308000E-03  -1.3025808000E-03   1.9698744700E-02  -2.1833262900E-02
    6      1.0491817700E-02   1.4822429100E-02   6.1561375000E-03  -3.0999806000E-03  -2.3595110000E-03
    7      5.6850060000E-03   5.5140503000E-03  -3.1032603000E-03   2.5701543000E-03   1.3384246000E-03
    8      1.6937627000E-03   5.4428821000E-03   5.6709836000E-03  -3.2812251000E-03  -1.0489298300E-02
    9      1.3096641500E-01   6.5750760100E-02  -1.1005830000E-03  -2.6540830000E-04  -4.1897981000E-03
   10      1.1666944510E-01   3.9478894500E-02   1.8674857000E-03   1.1992567000E-03   7.0530850000E-04
   11      3.9478894500E-02   6.8457948700E-02  -1.7707164500E-02  -8.7200138000E-03  -2.1837810800E-02
   12      1.8674857000E-03  -1.7707164500E-02   1.5914859700E-02   5.5939720000E-04   2.0482182000E-02
   13      1.1992567000E-03  -8.7200138000E-03   5.5939720000E-04   1.6574894700E-02  -1.1833295300E-02
   14      7.0530850000E-04  -2.1837810800E-02   2.0482182000E-02  -1.1833295300E-02   1.5029796160E-01
   15     -1.8137200000E-05  -1.3875396000E-03   7.4516440000E-04  -1.2207560000E-04   3.0731595000E-03
   16     -1.1810055000E-03   2.9200420000E-04  -1.2288310000E-04   6.1201880000E-04  -1.7710683000E-03
   17     -1.5567390000E-04  -1.4584479000E-03   2.0133493000E-03  -1.1569408000E-03  -7.8782462000E-03
                   15                 16                 17        
     0      3.4982929000E-03  -3.0781230000E-04  -2.6938110000E-04
     1     -3.0825440000E-04   3.1340146000E-03   1.6428920000E-04
     2     -5.9756049000E-03   3.4457862000E-03  -8.0506655000E-03
     3     -8.2057720000E-04  -1.3007733000E-03  -3.7001700000E-05
     4     -6.0913200000E-04   1.0350019000E-03   3.6005570000E-04
     5     -9.4730840000E-04   1.0581938000E-03  -1.4528138000E-03
     6     -4.2215452000E-03  -6.9223100000E-05  -1.5143743000E-03
     7     -6.9954100000E-05  -4.3028572000E-03   8.6543500000E-04
     8      5.0938032000E-03  -2.9477506000E-03  -4.6872634000E-03
     9      1.4022450000E-03   6.7313840000E-04  -3.3608250000E-04
    10     -1.8137200000E-05  -1.1810055000E-03  -1.5567390000E-04
    11     -1.3875396000E-03   2.9200420000E-04  -1.4584479000E-03
    12      7.4516440000E-04  -1.2288310000E-04   2.0133493000E-03
    13     -1.2207560000E-04   6.1201880000E-04  -1.1569408000E-03
    14      3.0731595000E-03  -1.7710683000E-03  -7.8782462000E-03
    15     -6.0358000000E-04   1.1275533000E-03   1.4349030000E-04
    16      1.1275533000E-03   7.0282740000E-04  -7.7165200000E-05
    17      1.4349030000E-04  -7.7165200000E-05   2.3527436800E-02

$vibrational_frequencies
18
    0        0.0000000000000000
    1        0.0000000000000000
    2        0.0000000000000000
    3        0.0000000000000000
    4        0.0000000000000000
    5        0.0000000000000000
    6     -143.0204798530368180
    7      119.1385149470562794
    8      192.6731585393631860
    9      556.7922618004222386
   10      714.9412775098728616
   11      952.1441212722160117
   12     1323.7661832525034242
   13     1380.5405309959276110
   14     1521.5495495394593490
   15     2622.1800783758967555
   16     3179.4641026014555791
   17     3213.4265440370741089

$normal_modes
18 18
                    0                  1                  2                  3                  4        
    0      0.0000000000E+00   0.0000000000E+00   0.0000000000E+00   0.0000000000E+00   0.0000000000E+00
    1      0.0000000000E+00   0.0000000000E+00   0.0000000000E+00   0.0000000000E+00   0.0000000000E+00
    2      0.0000000000E+00   0.0000000000E+00   0.0000000000E+00   0.0000000000E+00   0.0000000000E+00
    3      0.0000000000E+00   0.0000000000E+00   0.0000000000E+00   0.0000000000E+00   0.0000000000E+00
    4      0.0000000000E+00   0.0000000000E+00   0.0000000000E+00   0.0000000000E+00   0.0000000000E+00
    5      0.0000000000E+00   0.0000000000E+00   0.0000000000E+00   0.0000000000E+00   0.0000000000E+00
    6      0.0000000000E+00   0.0000000000E+00   0.0000000000E+00   0.0000000000E+00   0.0000000000E+00
    7      0.0000000000E+00   0.0000000000E+00   0.0000000000E+00   0.0000000000E+00   0.0000000000E+00
    8      0.0000000000E+00   0.0000000000E+00   0.0000000000E+00   0.0000000000E+00   0.0000000000E+00
    9      0.0000000000E+00   0.0000000000E+00   0.0000000000E+00   0.0000000000E+00   0.0000000000E+00
   10      0.0000000000E+00   0.0000000000E+00   0.0000000000E+00   0.0000000000E+00   0.0000000000E+00
   11      0.0000000000E+00   0.0000000000E+00   0.0000000000E+00   0.0000000000E+00   0.0000000000E+00
   12      0.0000000000E+00   0.0000000000E+00   0.0000000000E+00   0.0000000000E+00   0.0000000000E+00
   13      0.0000000000E+00   0.0000000000E+00   0.0000000000E+00   0.0000000000E+00   0.0000000000E+00
   14      0.0000000000E+00   0.0000000000E+00   0.0000000000E+00   0.0000000000E+00   0.0000000000E+00
   15      0.0000000000E+00   0.0000000000E+00   0.0000000000E+00   0.0000000000E+00   0.0000000000E+00
   16      0.0000000000E+00   0.0000000000E+00   0.0000000000E+00   0.0000000000E+00   0.0000000000E+00
   17      0.0000000000E+00   0.0000000000E+00   0.0000000000E+00   0.0000000000E+00   0.0000000000E+00
                    5                  6                  7                  8                  9        
    0      0.0000000000E+00  -3.0273205708E-01  -1.3655117019E-01   1.1276028427E-01   1.9695751768E-02
    1      0.0000000000E+00   1.7462126549E-01  -2.3675685486E-01  -6.4531566521E-02  -1.1234893710E-02
    2      0.0000000000E+00   6.1807114771E-02   2.3928665016E-05   8.2259543642E-02   5.1590844287E-01
    3      0.0000000000E+00  -3.7652574033E-01   2.9673742373E-01   1.0303869793E-01   9.2323809544E-02
    4      0.0000000000E+00   2.2072337648E-01  -2.8484277690E-01  -6.1540081193E-02  -7.6045803407E-02
    5      0.0000000000E+00   2.1446781918E-01  -1.6904755946E-01   8.9617180456E-02   2.4223639629E-01
    6      0.0000000000E+00  -4.7912690281E-01  -3.5969822228E-01   8.1035605520E-02   1.5824307062E-01
    7      0.0000000000E+00   2.7622134268E-01  -6.2361860962E-01  -4.5333340023E-02  -9.1574641010E-02
    8      0.0000000000E+00  -2.6643450538E-01   3.3261165319E-04   1.9469475309E-02   7.3827485697E-01
    9      0.0000000000E+00  -3.7982403196E-01  -3.9468893036E-01   1.0625699340E-01   1.1224816061E-01
   10      0.0000000000E+00   2.1586977261E-01   1.1433843679E-01  -5.8905757141E-02  -4.2299065375E-02
   11      0.0000000000E+00   2.1459801461E-01   1.6883060970E-01   8.8954822409E-02   2.4251489221E-01
   12      0.0000000000E+00   3.1310028718E-02   1.3765601557E-02  -2.1166478077E-02  -6.8840386972E-03
   13      0.0000000000E+00  -1.8060769007E-02   2.3873858218E-02   1.2163458681E-02   3.9647279558E-03
   14      0.0000000000E+00  -1.9411209244E-03   3.3605750373E-05   2.0798112822E-01  -8.3358971671E-02
   15      0.0000000000E+00   1.2526602440E-01   5.2718995027E-02   2.3257120097E-03  -2.7502128472E-03
   16      0.0000000000E+00  -7.2262216222E-02   9.1411793107E-02  -1.5615481290E-03   1.5664496552E-03
   17      0.0000000000E+00  -3.9541113417E-02  -1.6260100182E-04  -9.3722167248E-01  -4.0478199041E-02
                   10                 11                 12                 13                 14        
    0      1.3048372679E-01   5.5458603241E-02   5.0739818854E-03  -6.5878597375E-02   3.0841054188E-02
    1     -7.5387229639E-02   9.6062820164E-02  -2.9210340770E-03   3.8036950432E-02   5.3406490870E-02
    2      5.6950073352E-02  -5.5379711444E-05  -1.0339761808E-01   3.2501223809E-03  -1.3858564317E-05
    3     -1.1400035806E-01  -1.9439895270E-01  -2.0921873522E-02   6.7242200909E-01  -3.0377982244E-01
    4      2.4457850392E-02  -9.1380111202E-02   1.6592537423E-01   4.8412622061E-02   1.0539633179E-01
    5      3.6371740654E-01  -6.3133256950E-01   5.9522551973E-01   1.1440168180E-01   3.2987082440E-01
    6     -3.1974780358E-01  -1.5667923266E-01   2.0977808657E-01  -1.0423973032E-01  -3.7810679202E-01
    7      1.8456623649E-01  -2.7135155089E-01  -1.2121265146E-01   6.0184489133E-02  -6.5477175911E-01
    8     -7.3855721734E-01  -8.8598781711E-05   4.0767094188E-01  -2.1103850726E-01  -1.3691422939E-04
    9     -7.8294584446E-02   1.7993533976E-02  -1.5409486861E-01   2.9427153630E-01   2.4314745419E-01
   10      8.6579969502E-02  -2.1401318940E-01  -6.4891668280E-02  -6.0654940884E-01  -2.1038364298E-01
   11      3.6378443213E-01   6.3133510252E-01   5.9509389221E-01   1.1442612281E-01  -3.3001340416E-01
   12     -1.1087152992E-02  -4.4303252006E-03  -1.2265388255E-03  -7.4694304188E-04   5.5450975110E-04
   13      6.4055813399E-03  -7.6755659079E-03   7.0842120962E-04   4.3111094515E-04   9.6021122066E-04
   14     -1.0229860444E-02   8.6390063854E-06  -4.0233366826E-03  -8.6423603648E-04   4.2430648469E-06
   15     -8.6976224025E-03   1.2432376345E-03   1.0619120650E-04  -9.6877900183E-04   1.4481441512E-03
   16      5.0374343244E-03   2.1489626987E-03  -6.2003225066E-05   5.5944519769E-04   2.5082063633E-03
   17      7.6051342314E-03   3.2457834449E-06  -2.4950460535E-03   6.3604735589E-04   5.7460930589E-06
                   15                 16                 17        
     0      5.6134239866E-02   4.2634230524E-02   4.6482673668E-02
     1     -3.2405465429E-02  -2.4497707262E-02   8.0620000656E-02
     2     -3.5334490331E-02   2.8094048830E-02  -3.8188450888E-05
     3      5.1909100963E-02   1.5690197401E-02   1.5511318550E-02
     4      1.6780570498E-02   6.8224694250E-01  -6.8058439316E-01
     5     -3.9779633675E-02  -1.7118235739E-01   1.7992914112E-01
     6     -7.4285812775E-01   5.6824146576E-02   2.2584900309E-02
     7      4.2889204620E-01  -3.2720497515E-02   3.9298235674E-02
     8      4.9964532514E-01  -1.6154749036E-02  -2.0041510993E-06
     9      1.1431146701E-02  -5.8434671593E-01  -5.9578889819E-01
    10     -5.3346824337E-02  -3.5541986928E-01  -3.2600718372E-01
    11     -3.9762580537E-02  -1.7157314813E-01  -1.7952720528E-01
    12     -1.6029972654E-04   8.6439755194E-05   5.8086141383E-05
    13      9.2156728273E-05  -4.9761207269E-05   1.0105289185E-04
    14      3.3877779451E-05   2.8126580692E-04   4.8152328844E-07
    15      1.2387417754E-03  -1.6103002030E-04  -4.1596765670E-05
    16     -7.1616359708E-04   9.2559957537E-05  -7.2074218121E-05
    17     -9.3073324812E-05   9.8472372227E-05   8.9886471753E-07

#
# The atoms: label  mass x y z (in bohrs)
#
$atoms
6
 C     12.01100     -0.341363899862     0.197095803301    -1.702809446230
 H      1.00800     -0.328521557164     2.147793585884    -2.243940765248
 H      1.00800      1.105828874258    -0.638432846479    -3.022474000845
 H      1.00800     -2.024303195613    -0.789354326443    -2.243932033399
 Br    79.90000     -0.010470130822     0.006042987203     1.888220410205
 F     18.99800      0.326016270108    -0.188226067756    -6.466256287126

$actual_temperature
  0.000000

$frequency_scale_factor
  1.000000


$end

