
$orca_hessian_file

$act_atom
  0

$act_coord
  0

$act_energy
      -12.687720

$multiplicity
  1

$hessian
18
                    0                  1                  2                  3                  4        
    0      4.6678066740E-01  -4.3620000000E-07  -1.2410000000E-06  -4.0676591900E-02  -6.7290000000E-07
    1     -4.3620000000E-07   4.6678173410E-01  -5.5106000000E-06  -5.6540000000E-07  -2.5489968290E-01
    2     -1.2410000000E-06  -5.5106000000E-06   2.2338101240E-01   3.7510000000E-07   8.7228724900E-02
    3     -4.0676591900E-02  -5.6540000000E-07   3.7510000000E-07   4.6618313900E-02   8.2620000000E-07
    4     -6.7290000000E-07  -2.5489968290E-01   8.7228724900E-02   8.2620000000E-07   2.9373253160E-01
    5      3.7070000000E-07   9.8586530700E-02  -6.2051231400E-02  -3.0920000000E-07  -9.3200718900E-02
    6     -2.0133752160E-01   9.2761133900E-02   7.5539324800E-02  -2.5917868000E-03   3.6481946000E-03
    7      9.2759582800E-02  -9.4228749800E-02  -4.3611609600E-02   2.8411345000E-02  -2.1103577700E-02
    8      8.5374952100E-02  -4.9291410100E-02  -6.2051042100E-02  -7.0090553000E-03   4.1289369000E-03
    9     -2.0134046730E-01  -9.2760154100E-02  -7.5538429700E-02  -2.5920847000E-03  -3.6483609000E-03
   10     -9.2758474700E-02  -9.4226591800E-02  -4.3609944000E-02  -2.8411663400E-02  -2.1103304900E-02
   11     -8.5374202600E-02  -4.9289667200E-02  -6.2049805400E-02   7.0091570000E-03   4.1288903000E-03
   12     -2.1940957100E-02   2.1700000000E-08  -1.9200000000E-08   8.6064750000E-04   1.2900000000E-08
   13      2.4000000000E-09  -2.1940720100E-02  -2.0830000000E-07   5.7800000000E-08   3.9428942000E-03
   14      2.8700000000E-08  -2.0410000000E-07  -4.4565995600E-02  -1.0900000000E-07  -1.1595412000E-03
   15     -1.4851295000E-03   1.0000000000E-10  -9.9000000000E-09  -1.6184980000E-03   1.0000000000E-10
   16     -1.4000000000E-09  -1.4859895000E-03  -1.4524000000E-06  -1.0000000000E-10  -5.6886030000E-04
   17      9.2100000000E-08   2.6130000000E-07   7.3370622000E-03  -5.8700000000E-08  -1.1262922000E-03
                    5                  6                  7                  8                  9        
    0      3.7070000000E-07  -2.0133752160E-01   9.2759582800E-02   8.5374952100E-02  -2.0134046730E-01
    1      9.8586530700E-02   9.2761133900E-02  -9.4228749800E-02  -4.9291410100E-02  -9.2760154100E-02
    2     -6.2051231400E-02   7.5539324800E-02  -4.3611609600E-02  -6.2051042100E-02  -7.5538429700E-02
    3     -3.0920000000E-07  -2.5917868000E-03   2.8411345000E-02  -7.0090553000E-03  -2.5920847000E-03
    4     -9.3200718900E-02   3.6481946000E-03  -2.1103577700E-02   4.1289369000E-03  -3.6483609000E-03
    5      8.0121328500E-02   7.1567300000E-05  -8.1347582000E-03   4.8083584000E-03  -7.1590100000E-05
    6      7.1567300000E-05   2.3194796630E-01  -1.0700094970E-01  -8.0711577300E-02  -3.0359212600E-02
    7     -8.1347582000E-03  -1.0700094970E-01   1.0839566060E-01   4.6598966900E-02  -1.2381182600E-02
    8      4.8083584000E-03  -8.0711577300E-02   4.6598966900E-02   8.0120772300E-02  -7.0796948000E-03
    9     -7.1590100000E-05  -3.0359212600E-02  -1.2381182600E-02  -7.0796948000E-03   2.3195122630E-01
   10     -8.1345330000E-03   1.2381609600E-02   6.6623145000E-03   4.0049219000E-03   1.0699975120E-01
   11      4.8083114000E-03   7.0800085000E-03   4.0049475000E-03   4.8079938000E-03   8.0710691600E-02
   12     -7.0000000000E-09   3.1719643000E-03  -1.3343800000E-03   1.1000523600E-02   3.1719175000E-03
   13      1.2701919100E-02  -1.3349516000E-03   1.6304972000E-03  -6.3511458000E-03   1.3349008000E-03
   14     -1.6728064300E-02  -1.0041019000E-03   5.7975230000E-04  -1.6727724300E-02   1.0039014000E-03
   15     -3.1700000000E-08  -8.3140970000E-04  -4.5441550000E-04  -1.5751483000E-03  -8.3137910000E-04
   16     -1.8184397000E-03  -4.5503680000E-04  -1.3561449000E-03   9.0973010000E-04   4.5504560000E-04
   17     -1.0958702600E-02  -9.7522130000E-04   5.6270110000E-04  -1.0958358100E-02   9.7512170000E-04
                   10                 11                 12                 13                 14        
    0     -9.2758474700E-02  -8.5374202600E-02  -2.1940957100E-02   2.4000000000E-09   2.8700000000E-08
    1     -9.4226591800E-02  -4.9289667200E-02   2.1700000000E-08  -2.1940720100E-02  -2.0410000000E-07
    2     -4.3609944000E-02  -6.2049805400E-02  -1.9200000000E-08  -2.0830000000E-07  -4.4565995600E-02
    3     -2.8411663400E-02   7.0091570000E-03   8.6064750000E-04   5.7800000000E-08  -1.0900000000E-07
    4     -2.1103304900E-02   4.1288903000E-03   1.2900000000E-08   3.9428942000E-03  -1.1595412000E-03
    5     -8.1345330000E-03   4.8083114000E-03  -7.0000000000E-09   1.2701919100E-02  -1.6728064300E-02
    6      1.2381609600E-02   7.0800085000E-03   3.1719643000E-03  -1.3349516000E-03  -1.0041019000E-03
    7      6.6623145000E-03   4.0049475000E-03  -1.3343800000E-03   1.6304972000E-03   5.7975230000E-04
    8      4.0049219000E-03   4.8079938000E-03   1.1000523600E-02  -6.3511458000E-03  -1.6727724300E-02
    9      1.0699975120E-01   8.0710691600E-02   3.1719175000E-03   1.3349008000E-03   1.0039014000E-03
   10      1.0839324950E-01   4.6597122800E-02   1.3343612000E-03   1.6304784000E-03   5.7974130000E-04
   11      4.6597122800E-02   8.0119466900E-02  -1.1000766600E-02  -6.3510245000E-03  -1.6727651600E-02
   12      1.3343612000E-03  -1.1000766600E-02   1.3141897000E-02  -8.6000000000E-09   3.4530000000E-07
   13      1.6304784000E-03  -6.3510245000E-03  -8.6000000000E-09   1.3141906500E-02   2.7160000000E-07
   14      5.7974130000E-04  -1.6727651600E-02   3.4530000000E-07   2.7160000000E-07   1.1176251120E-01
   15      4.5441610000E-04   1.5751120000E-03   1.5945309000E-03  -8.0000000000E-10  -6.4500000000E-08
   16     -1.3561457000E-03   9.0973100000E-04  -7.2000000000E-09   1.5949438000E-03  -1.9900000000E-08
   17      5.6269090000E-04  -1.0958315100E-02  -7.6100000000E-08   1.8790000000E-07  -1.7013075300E-02
                   15                 16                 17        
     0     -1.4851295000E-03  -1.4000000000E-09   9.2100000000E-08
     1      1.0000000000E-10  -1.4859895000E-03   2.6130000000E-07
     2     -9.9000000000E-09  -1.4524000000E-06   7.3370622000E-03
     3     -1.6184980000E-03  -1.0000000000E-10  -5.8700000000E-08
     4      1.0000000000E-10  -5.6886030000E-04  -1.1262922000E-03
     5     -3.1700000000E-08  -1.8184397000E-03  -1.0958702600E-02
     6     -8.3140970000E-04  -4.5503680000E-04  -9.7522130000E-04
     7     -4.5441550000E-04  -1.3561449000E-03   5.6270110000E-04
     8     -1.5751483000E-03   9.0973010000E-04  -1.0958358100E-02
     9     -8.3137910000E-04   4.5504560000E-04   9.7512170000E-04
    10      4.5441610000E-04  -1.3561457000E-03   5.6269090000E-04
    11      1.5751120000E-03   9.0973100000E-04  -1.0958315100E-02
    12      1.5945309000E-03  -7.2000000000E-09  -7.6100000000E-08
    13     -8.0000000000E-10   1.5949438000E-03   1.8790000000E-07
    14     -6.4500000000E-08  -1.9900000000E-08  -1.7013075300E-02
    15      3.1718855000E-03   0.0000000000E+00   1.4230000000E-07
    16      0.0000000000E+00   3.1721966000E-03   4.5090000000E-07
    17      1.4230000000E-07   4.5090000000E-07   4.2551388900E-02

$vibrational_frequencies
18
    0        0.0000000000000000
    1        0.0000000000000000
    2        0.0000000000000000
    3        0.0000000000000000
    4        0.0000000000000000
    5        0.0000000000000000
    6      163.6829516151919108
    7      163.6915981692405069
    8      246.2880296792200738
    9      441.7577854176592496
   10      877.9028588899228680
   11      877.9211714738657975
   12     1322.8996841187017708
   13     1484.9417911087969060
   14     1484.9450027510290511
   15     3030.0247449880521344
   16     3030.0590237855876694
   17     3058.2855806830543770

$normal_modes
18 18
                    0                  1                  2                  3                  4        
    0      0.0000000000E+00   0.0000000000E+00   0.0000000000E+00   0.0000000000E+00   0.0000000000E+00
    1      0.0000000000E+00   0.0000000000E+00   0.0000000000E+00   0.0000000000E+00   0.0000000000E+00
    2      0.0000000000E+00   0.0000000000E+00   0.0000000000E+00   0.0000000000E+00   0.0000000000E+00
    3      0.0000000000E+00   0.0000000000E+00   0.0000000000E+00   0.0000000000E+00   0.0000000000E+00
    4      0.0000000000E+00   0.0000000000E+00   0.0000000000E+00   0.0000000000E+00   0.0000000000E+00
    5      0.0000000000E+00   0.0000000000E+00   0.0000000000E+00   0.0000000000E+00   0.0000000000E+00
    6      0.0000000000E+00   0.0000000000E+00   0.0000000000E+00   0.0000000000E+00   0.0000000000E+00
    7      0.0000000000E+00   0.0000000000E+00   0.0000000000E+00   0.0000000000E+00   0.0000000000E+00
    8      0.0000000000E+00   0.0000000000E+00   0.0000000000E+00   0.0000000000E+00   0.0000000000E+00
    9      0.0000000000E+00   0.0000000000E+00   0.0000000000E+00   0.0000000000E+00   0.0000000000E+00
   10      0.0000000000E+00   0.0000000000E+00   0.0000000000E+00   0.0000000000E+00   0.0000000000E+00
   11      0.0000000000E+00   0.0000000000E+00   0.0000000000E+00   0.0000000000E+00   0.0000000000E+00
   12      0.0000000000E+00   0.0000000000E+00   0.0000000000E+00   0.0000000000E+00   0.0000000000E+00
   13      0.0000000000E+00   0.0000000000E+00   0.0000000000E+00   0.0000000000E+00   0.0000000000E+00
   14      0.0000000000E+00   0.0000000000E+00   0.0000000000E+00   0.0000000000E+00   0.0000000000E+00
   15      0.0000000000E+00   0.0000000000E+00   0.0000000000E+00   0.0000000000E+00   0.0000000000E+00
   16      0.0000000000E+00   0.0000000000E+00   0.0000000000E+00   0.0000000000E+00   0.0000000000E+00
   17      0.0000000000E+00   0.0000000000E+00   0.0000000000E+00   0.0000000000E+00   0.0000000000E+00
                    5                  6                  7                  8                  9        
    0      0.0000000000E+00  -4.3090863662E-01  -1.4200877101E-03  -2.3149647949E-06  -2.9187183312E-06
    1      0.0000000000E+00  -1.4201326621E-03   4.3090957386E-01  -5.3413958364E-05  -1.6324867907E-05
    2      0.0000000000E+00   1.8081885930E-06  -1.2285542005E-05  -8.5924973225E-02  -6.8853300647E-01
    3      0.0000000000E+00  -4.8904936418E-01  -1.6128295730E-03  -1.6551194097E-06  -3.9493381496E-07
    4      0.0000000000E+00  -1.6591078199E-03   5.0338511615E-01   4.1667892022E-02   8.2545124278E-02
    5      0.0000000000E+00  -5.6113723074E-04   1.7056271190E-01   5.8571601960E-02  -4.0441348733E-01
    6      0.0000000000E+00  -4.9976564916E-01  -7.8593913533E-03   3.6133730741E-02   7.1492730435E-02
    7      0.0000000000E+00   4.6002494562E-03   4.9263872191E-01  -2.0910997742E-02  -4.1278136957E-02
    8      0.0000000000E+00  -1.4742814343E-01  -8.5771745770E-02   5.8581886280E-02  -4.0443919619E-01
    9      0.0000000000E+00  -4.9980546139E-01   4.5660223668E-03  -3.6137053832E-02  -7.1493946031E-02
   10      0.0000000000E+00  -7.8470518091E-03   4.9259455731E-01  -2.0911004835E-02  -4.1278382887E-02
   11      0.0000000000E+00   1.4799476977E-01  -8.4796024345E-02   5.8581885151E-02  -4.0444262731E-01
   12      0.0000000000E+00   4.2332397166E-02   1.3950548197E-04   2.3773001604E-07   2.6625962844E-07
   13      0.0000000000E+00   1.3950947020E-04  -4.2332452551E-02   5.3042850156E-06   1.6172910227E-06
   14      0.0000000000E+00  -9.2586695190E-08  -2.9429160729E-06  -2.1851935534E-01   1.0372869349E-01
   15      0.0000000000E+00   1.7337691017E-01   5.7140928652E-04   7.2788979381E-07   8.1092723133E-07
   16      0.0000000000E+00   5.7140563166E-04  -1.7337715946E-01   1.9638178804E-05   4.1237586164E-06
   17      0.0000000000E+00  -1.0450307734E-06   2.0412639052E-05   9.6402779705E-01   6.3430308693E-02
                   10                 11                 12                 13                 14        
    0      4.8004364028E-04  -1.0371331285E-01   1.6695614702E-07   8.9000454589E-03  -7.0715864568E-02
    1     -1.0371417322E-01  -4.8004468117E-04   2.8712578166E-06   7.0715023620E-02   8.8999909844E-03
    2      2.5950806928E-06   7.0812303566E-07   8.0052379043E-02  -4.0044154195E-06  -3.2107676079E-07
    3     -1.2253572362E-03   2.6503955895E-01  -6.6870907069E-07  -9.2646445310E-02   7.3617003540E-01
    4      2.1111572139E-01   9.7707901692E-04  -2.0666130585E-01   1.3602546307E-01   1.7115618525E-02
    5      7.3798621923E-01   3.4190448837E-03  -5.3700040860E-01   3.0415398332E-01   3.8275841676E-02
    6      2.2314949734E-02   2.2470465451E-01  -1.7899794882E-01  -3.8798198541E-01   3.4499586490E-02
    7      2.5145357286E-01   2.4516837714E-02   1.0331401316E-01  -5.6565602464E-01   3.1246087366E-01
    8     -3.7193923601E-01   6.3739783218E-01  -5.3703968358E-01  -1.1889310525E-01  -2.8251281822E-01
    9     -2.4394906213E-02   2.2448243870E-01   1.7899425866E-01   3.6732928501E-01   1.2955423382E-01
   10      2.5166734375E-01  -2.2187435921E-02   1.0331265479E-01  -4.7060088327E-01  -4.4287668590E-01
   11     -3.6601587670E-01  -6.4081784550E-01  -5.3704118765E-01  -1.8518992311E-01   2.4424490865E-01
   12     -3.5813319936E-05   7.7327745598E-03   1.7695346147E-08   7.7506723667E-05  -6.1581477617E-04
   13      7.7327791936E-03   3.5803642143E-05   9.5892223183E-08   6.1596475357E-04   7.7505799341E-05
   14     -3.9364035366E-07  -6.3122082491E-08   4.6018511121E-03  -1.9535718382E-07  -3.4831421690E-08
   15      2.2499016975E-05  -4.8472761406E-03   5.1298623823E-08   5.8653840043E-05  -4.6603835197E-04
   16     -4.8472815102E-03  -2.2519580922E-05  -3.8074826757E-07   4.6634192471E-04   5.8747772129E-05
   17     -1.6355942287E-06  -1.3083617249E-07   1.5515996501E-02  -4.1143965553E-07  -7.1380120240E-08
                   15                 16                 17        
     0      8.8902280568E-02   2.3017885203E-03   2.8325681077E-06
     1      2.3017410919E-03  -8.8901554637E-02   4.9420745674E-05
     2      1.8792304970E-06  -2.5284153820E-05  -4.4019160977E-02
     3      5.0995733907E-02   1.3234670192E-03   2.5427633822E-06
     4     -1.9526301353E-02   7.5477324679E-01  -5.4702910578E-01
     5      7.6803585571E-03  -2.9684554587E-01   1.8429331799E-01
     6     -5.4450602111E-01  -3.6366459387E-01  -4.7320574340E-01
     7      3.4513980688E-01   1.5972235781E-01   2.7323207331E-01
     8      2.5331549496E-01   1.5524289585E-01   1.8405608895E-01
     9     -5.6263904197E-01   3.3499589565E-01   4.7316945416E-01
    10     -3.5295776451E-01   1.4164127461E-01   2.7320818603E-01
    11     -2.6101981567E-01   1.4192075377E-01   1.8403482165E-01
    12     -2.4947021959E-05  -6.3128520799E-07   1.0306320052E-08
    13     -6.4626736544E-07   2.4966352025E-05  -1.3219471862E-08
    14      1.1205305570E-08  -1.1119474292E-07  -1.9047872817E-04
    15     -6.3875199049E-05  -1.7027675698E-06  -4.3635970804E-08
    16     -1.6613557848E-06   6.3995525092E-05   5.3735870458E-08
    17      3.6167457417E-08  -4.2510483670E-07  -6.7743496871E-04

#
# The atoms: label  mass x y z (in bohrs)
#
$atoms
6
 C     12.01100     -0.000000617154    -0.000008711746    -1.857880541368
 H      1.00800     -0.000002018995     1.892430096503    -2.658035925046
 H      1.00800      1.638900754251    -0.946233211266    -2.658029182503
 H      1.00800     -1.638903717490    -0.946232590778    -2.658027766250
 Br    79.90000     -0.000000024469     0.000000415800     1.848507157408
 F     18.99800      0.000000757438     0.000005653517    -6.176588750277

$actual_temperature
  0.000000

$frequency_scale_factor
  1.000000


$end

