
$orca_hessian_file

$act_atom
  0

$act_coord
  0

$act_energy
      -12.696960

$multiplicity
  1

$hessian
18
                    0                  1                  2                  3                  4        
    0      5.5654221960E-01  -2.5540000000E-07  -1.9750000000E-06  -4.3639842100E-02  -1.2926000000E-06
    1     -2.5540000000E-07   5.5654161990E-01  -1.2751000000E-06  -1.2783000000E-06  -3.0734569180E-01
    2     -1.9750000000E-06  -1.2751000000E-06  -6.6930453000E-03   2.0150000000E-07   1.5737558600E-02
    3     -4.3639842100E-02  -1.2783000000E-06   2.0150000000E-07   4.1877686900E-02   1.4318000000E-06
    4     -1.2926000000E-06  -3.0734569180E-01   1.5737558600E-02   1.4318000000E-06   3.3213119920E-01
    5      1.7900000000E-07   1.4919862700E-02  -1.1275919800E-02  -6.7600000000E-08  -1.7135241800E-02
    6     -2.4141198420E-01   1.1418594540E-01   1.3628957600E-02   5.2599480000E-04  -2.3854640000E-04
    7      1.1418517540E-01  -1.0956079090E-01  -7.8691174000E-03   2.3874375500E-02  -1.3121361800E-02
    8      1.2919627800E-02  -7.4597421000E-03  -1.1275979000E-02  -1.8581125000E-03   2.3642690000E-04
    9     -2.4141426630E-01  -1.1418440930E-01  -1.3627450400E-02   5.2577460000E-04   2.3840080000E-04
   10     -1.1418361730E-01  -1.0955825990E-01  -7.8681945000E-03  -2.3874549700E-02  -1.3121120700E-02
   11     -1.2918109000E-02  -7.4588442000E-03  -1.1275905600E-02   1.8581097000E-03   2.3639550000E-04
   12     -1.5300889300E-02   7.9000000000E-09   1.2490000000E-07   6.1961100000E-05   9.9000000000E-09
   13     -5.2000000000E-09  -1.5300643100E-02   4.8970000000E-07   4.9600000000E-08   1.3700820000E-04
   14      1.0160000000E-07  -5.4000000000E-09   1.1910378300E-02  -7.2000000000E-08   2.1953669000E-03
   15     -1.4775237700E-02  -1.0300000000E-08   1.4140000000E-07   6.4842470000E-04  -3.5000000000E-09
   16     -4.9000000000E-09  -1.4776234200E-02   5.3870000000E-07  -2.8800000000E-08   1.3199669000E-03
   17      1.7560000000E-07   4.1000000000E-09   2.8610471500E-02  -5.9000000000E-08  -1.2705060000E-03
                    5                  6                  7                  8                  9        
    0      1.7900000000E-07  -2.4141198420E-01   1.1418517540E-01   1.2919627800E-02  -2.4141426630E-01
    1      1.4919862700E-02   1.1418594540E-01  -1.0956079090E-01  -7.4597421000E-03  -1.1418440930E-01
    2     -1.1275919800E-02   1.3628957600E-02  -7.8691174000E-03  -1.1275979000E-02  -1.3627450400E-02
    3     -6.7600000000E-08   5.2599480000E-04   2.3874375500E-02  -1.8581125000E-03   5.2577460000E-04
    4     -1.7135241800E-02  -2.3854640000E-04  -1.3121361800E-02   2.3642690000E-04   2.3840080000E-04
    5      4.7800525500E-02  -7.2461030000E-04  -1.7279052000E-03  -3.1296600000E-05   7.2460490000E-04
    6     -7.2461030000E-04   2.5956095170E-01  -1.2568057100E-01  -1.4839327700E-02  -1.9944372700E-02
    7     -1.7279052000E-03  -1.2568057100E-01   1.1443868280E-01   8.5679753000E-03  -1.2056229400E-02
    8     -3.1296600000E-05  -1.4839327700E-02   8.5679753000E-03   4.7800214400E-02  -1.1336861000E-03
    9      7.2460490000E-04  -1.9944372700E-02  -1.2056229400E-02  -1.1336861000E-03   2.5956348330E-01
   10     -1.7277380000E-03   1.2056527300E-02   7.3475230000E-03   1.4912442000E-03   1.2567889810E-01
   11     -3.1309100000E-05   1.1338435000E-03   1.4913140000E-03  -3.0970700000E-05   1.4837950900E-02
   12     -5.6000000000E-09   1.1781600000E-04  -3.2208100000E-05   1.2659821400E-02   1.1771510000E-04
   13      1.4618365200E-02  -3.2611900000E-05   7.9910200000E-05  -7.3094289000E-03   3.2566300000E-05
   14     -2.3196022000E-02   1.9013413000E-03  -1.0976408000E-03  -2.3195990700E-02  -1.9015243000E-03
   15     -1.0050000000E-07   1.1515944000E-03  -2.9054240000E-04  -7.7483229000E-03   1.1516660000E-03
   16     -8.9473429000E-03  -2.9074340000E-04   8.1603680000E-04   4.4735246000E-03   2.9077350000E-04
   17     -1.3265977900E-02  -1.1002044000E-03   6.3537410000E-04  -1.3265977400E-02   1.1001050000E-03
                   10                 11                 12                 13                 14        
    0     -1.1418361730E-01  -1.2918109000E-02  -1.5300889300E-02  -5.2000000000E-09   1.0160000000E-07
    1     -1.0955825990E-01  -7.4588442000E-03   7.9000000000E-09  -1.5300643100E-02  -5.4000000000E-09
    2     -7.8681945000E-03  -1.1275905600E-02   1.2490000000E-07   4.8970000000E-07   1.1910378300E-02
    3     -2.3874549700E-02   1.8581097000E-03   6.1961100000E-05   4.9600000000E-08  -7.2000000000E-08
    4     -1.3121120700E-02   2.3639550000E-04   9.9000000000E-09   1.3700820000E-04   2.1953669000E-03
    5     -1.7277380000E-03  -3.1309100000E-05  -5.6000000000E-09   1.4618365200E-02  -2.3196022000E-02
    6      1.2056527300E-02   1.1338435000E-03   1.1781600000E-04  -3.2611900000E-05   1.9013413000E-03
    7      7.3475230000E-03   1.4913140000E-03  -3.2208100000E-05   7.9910200000E-05  -1.0976408000E-03
    8      1.4912442000E-03  -3.0970700000E-05   1.2659821400E-02  -7.3094289000E-03  -2.3195990700E-02
    9      1.2567889810E-01   1.4837950900E-02   1.1771510000E-04   3.2566300000E-05  -1.9015243000E-03
   10      1.1443592350E-01   8.5669498000E-03   3.2196800000E-05   7.9907500000E-05  -1.0976234000E-03
   11      8.5669498000E-03   4.7800082200E-02  -1.2660072800E-02  -7.3092856000E-03  -2.3195863100E-02
   12      3.2196800000E-05  -1.2660072800E-02   1.2741414800E-02  -1.8000000000E-09   2.2560000000E-07
   13      7.9907500000E-05  -7.3092856000E-03  -1.8000000000E-09   1.2741617100E-02   1.2300000000E-08
   14     -1.0976234000E-03  -2.3195863100E-02   2.2560000000E-07   1.2300000000E-08   7.9620771400E-02
   15      2.9054490000E-04   7.7482778000E-03   2.2619824000E-03   3.0000000000E-09  -7.2200000000E-08
   16      8.1602660000E-04   4.4734706000E-03  -4.7000000000E-09   2.2622002000E-03  -1.0970000000E-07
   17      6.3536180000E-04  -1.3266033800E-02  -9.3500000000E-08  -1.5270000000E-07  -2.1943273800E-02
                   15                 16                 17        
     0     -1.4775237700E-02  -4.9000000000E-09   1.7560000000E-07
     1     -1.0300000000E-08  -1.4776234200E-02   4.1000000000E-09
     2      1.4140000000E-07   5.3870000000E-07   2.8610471500E-02
     3      6.4842470000E-04  -2.8800000000E-08  -5.9000000000E-08
     4     -3.5000000000E-09   1.3199669000E-03  -1.2705060000E-03
     5     -1.0050000000E-07  -8.9473429000E-03  -1.3265977900E-02
     6      1.1515944000E-03  -2.9074340000E-04  -1.1002044000E-03
     7     -2.9054240000E-04   8.1603680000E-04   6.3537410000E-04
     8     -7.7483229000E-03   4.4735246000E-03  -1.3265977400E-02
     9      1.1516660000E-03   2.9077350000E-04   1.1001050000E-03
    10      2.9054490000E-04   8.1602660000E-04   6.3536180000E-04
    11      7.7482778000E-03   4.4734706000E-03  -1.3266033800E-02
    12      2.2619824000E-03  -4.7000000000E-09  -9.3500000000E-08
    13      3.0000000000E-09   2.2622002000E-03  -1.5270000000E-07
    14     -7.2200000000E-08  -1.0970000000E-07  -2.1943273800E-02
    15      9.5615701000E-03   8.3000000000E-09   7.6400000000E-08
    16      8.3000000000E-09   9.5620038000E-03  -8.1400000000E-08
    17      7.6400000000E-08  -8.1400000000E-08   3.3130791400E-02

$vibrational_frequencies
18
    0        0.0000000000000000
    1        0.0000000000000000
    2        0.0000000000000000
    3        0.0000000000000000
    4        0.0000000000000000
    5        0.0000000000000000
    6     -225.9178990079948051
    7      237.3782741629538009
    8      237.3840927420581863
    9      247.1147389570654980
   10     1104.5371824635551548
   11     1104.5389430323832585
   12     1126.7475229211258920
   13     1355.8366320465611352
   14     1355.8578869734469663
   15     3011.5318262140690422
   16     3093.1909456992334526
   17     3093.2170504844680181

$normal_modes
18 18
                    0                  1                  2                  3                  4        
    0      0.0000000000E+00   0.0000000000E+00   0.0000000000E+00   0.0000000000E+00   0.0000000000E+00
    1      0.0000000000E+00   0.0000000000E+00   0.0000000000E+00   0.0000000000E+00   0.0000000000E+00
    2      0.0000000000E+00   0.0000000000E+00   0.0000000000E+00   0.0000000000E+00   0.0000000000E+00
    3      0.0000000000E+00   0.0000000000E+00   0.0000000000E+00   0.0000000000E+00   0.0000000000E+00
    4      0.0000000000E+00   0.0000000000E+00   0.0000000000E+00   0.0000000000E+00   0.0000000000E+00
    5      0.0000000000E+00   0.0000000000E+00   0.0000000000E+00   0.0000000000E+00   0.0000000000E+00
    6      0.0000000000E+00   0.0000000000E+00   0.0000000000E+00   0.0000000000E+00   0.0000000000E+00
    7      0.0000000000E+00   0.0000000000E+00   0.0000000000E+00   0.0000000000E+00   0.0000000000E+00
    8      0.0000000000E+00   0.0000000000E+00   0.0000000000E+00   0.0000000000E+00   0.0000000000E+00
    9      0.0000000000E+00   0.0000000000E+00   0.0000000000E+00   0.0000000000E+00   0.0000000000E+00
   10      0.0000000000E+00   0.0000000000E+00   0.0000000000E+00   0.0000000000E+00   0.0000000000E+00
   11      0.0000000000E+00   0.0000000000E+00   0.0000000000E+00   0.0000000000E+00   0.0000000000E+00
   12      0.0000000000E+00   0.0000000000E+00   0.0000000000E+00   0.0000000000E+00   0.0000000000E+00
   13      0.0000000000E+00   0.0000000000E+00   0.0000000000E+00   0.0000000000E+00   0.0000000000E+00
   14      0.0000000000E+00   0.0000000000E+00   0.0000000000E+00   0.0000000000E+00   0.0000000000E+00
   15      0.0000000000E+00   0.0000000000E+00   0.0000000000E+00   0.0000000000E+00   0.0000000000E+00
   16      0.0000000000E+00   0.0000000000E+00   0.0000000000E+00   0.0000000000E+00   0.0000000000E+00
   17      0.0000000000E+00   0.0000000000E+00   0.0000000000E+00   0.0000000000E+00   0.0000000000E+00
                    5                  6                  7                  8                  9        
    0      0.0000000000E+00  -3.4742374697E-06  -4.7374938977E-01  -3.8791600338E-03   4.3109023855E-06
    1      0.0000000000E+00  -1.5013122932E-05   3.8791466132E-03  -4.7375159702E-01  -3.5957981129E-05
    2      0.0000000000E+00  -9.2159765233E-01   2.4663897364E-06   3.7214370589E-06   3.8585607675E-01
    3      0.0000000000E+00  -3.2856220824E-07  -5.0363412569E-01  -4.1248570489E-03   3.8593077617E-06
    4      0.0000000000E+00   3.9162797854E-02   3.9615727939E-03  -4.8380636771E-01  -3.3450765101E-03
    5      0.0000000000E+00  -7.4624314862E-02   3.2342225493E-04  -3.9252035959E-02   2.0015077981E-01
    6      0.0000000000E+00   3.3924728355E-02  -4.8869126941E-01  -1.2586760200E-02  -2.8614053948E-03
    7      0.0000000000E+00  -1.9609193210E-02  -4.5065379500E-03  -4.9874376727E-01   1.6163513293E-03
    8      0.0000000000E+00  -7.4622544741E-02  -3.4154673972E-02   1.9348787208E-02   2.0015604830E-01
    9      0.0000000000E+00  -3.3925652295E-02  -4.8883144215E-01   4.5835935144E-03   2.8688700420E-03
   10      0.0000000000E+00  -1.9609347338E-02   1.2672878221E-02  -4.9860491837E-01   1.6162043810E-03
   11      0.0000000000E+00  -7.4624260188E-02   3.3837604566E-02   1.9904527206E-02   2.0015776354E-01
   12      0.0000000000E+00   2.4489939713E-07   4.2461245037E-02   3.4768440102E-04  -3.7599965209E-07
   13      0.0000000000E+00   1.3758025787E-06  -3.4768063130E-04   4.2461406918E-02   3.2292907429E-06
   14      0.0000000000E+00   5.6927480668E-02  -6.6813659961E-07   3.5996248589E-06  -2.5928251667E-01
   15      0.0000000000E+00   1.2329785673E-06   1.9952397800E-01   1.6337327849E-03  -1.7449427785E-06
   16      0.0000000000E+00   6.6630502858E-06  -1.6337342826E-03   1.9952459800E-01   1.5122220615E-05
   17      0.0000000000E+00   3.5511452708E-01   9.1360326995E-07  -1.7559579412E-05   8.1465877647E-01
                   10                 11                 12                 13                 14        
    0      3.0589691340E-02  -3.5065057807E-03   4.3295592615E-07   7.9047324997E-04  -9.5821367298E-02
    1     -3.5072121932E-03  -3.0596025079E-02   8.1039750439E-07   9.5818624925E-02   7.9047020667E-04
    2      3.2014536263E-07  -1.9392627268E-08  -3.2151743194E-02   7.3714001169E-07   3.3343010819E-07
    3     -1.0652441428E-01   1.2212139511E-02  -1.7661332150E-10  -6.5900870869E-03   7.9942781763E-01
    4      2.7446729634E-03   2.3944737747E-02   3.4038601009E-02   6.2026328961E-02   5.0727903479E-04
    5      9.2073776627E-02   8.0334163858E-01   5.7580510008E-01   1.3258034108E-01   1.0902062799E-03
    6     -4.0492572217E-02   4.0893147718E-02   2.9477177835E-02  -3.7428020606E-01   1.5026189204E-01
    7     -2.5908320482E-02   9.0020938436E-02  -1.7020563540E-02  -5.8713248840E-01   3.6820540112E-01
    8     -7.4177117942E-01  -3.2192246848E-01   5.7579164135E-01  -6.5345488647E-02  -1.1531458183E-01
    9     -4.8689127229E-02  -3.0670959813E-02  -2.9474886319E-02   3.7174545732E-01   1.5640928868E-01
   10      4.5606256420E-02   8.1821278867E-02  -1.7019240331E-02  -5.8098618825E-01  -3.7783743095E-01
   11      6.4966902446E-01  -4.8141682289E-01   5.7581583380E-01  -6.7241033000E-02   1.1422083200E-01
   12     -4.9159496606E-03   5.6349496397E-04  -1.1041405632E-07   2.0465450353E-06  -2.4730414670E-04
   13      5.6349266710E-04   4.9158921453E-03  -4.3011201703E-08   2.4775094757E-04   2.0316266286E-06
   14      2.0500293453E-07  -3.3292064672E-08  -1.0543801729E-02  -7.3376455877E-09  -6.9693094351E-10
   15      1.1719305076E-02  -1.3433208088E-03   6.9069349073E-08  -2.4216161624E-05   2.9330589325E-03
   16     -1.3433039384E-03  -1.1719348135E-02  -2.6763894624E-07  -2.9335571222E-03  -2.4156006892E-05
   17      4.4111824794E-07   2.7738036287E-08  -2.6982183922E-02  -1.0724791593E-07  -1.9857514631E-08
                   15                 16                 17        
     0      9.5875897318E-07   9.8078655571E-02   2.4038012958E-03
     1      2.0901938178E-05   2.4037958406E-03  -9.8078085956E-02
     2      6.8566895880E-03  -4.4760200532E-07   1.7544950914E-06
     3      2.2989362217E-07   3.8623128047E-02   9.5085784206E-04
     4      5.7624498049E-01  -1.9864550604E-02   8.1007670326E-01
     5     -3.2466762944E-02   1.1917213756E-03  -4.8606756195E-02
     6      4.9927292498E-01  -5.8879639904E-01  -3.8197345770E-01
     7     -2.8824308459E-01   3.6319193251E-01   1.8245237743E-01
     8     -3.2483499173E-02   4.1493157835E-02   2.5324294884E-02
     9     -4.9928430750E-01  -6.0679940603E-01   3.5266628016E-01
    10     -2.8824992171E-01  -3.7168324576E-01   1.6443378627E-01
    11     -3.2480923395E-02  -4.2679399393E-02   2.3258365032E-02
    12     -1.0666171037E-08  -2.0695800516E-05  -4.9791473469E-07
    13      3.8618462870E-09  -5.1417559167E-07   2.0704587326E-05
    14      2.2457534856E-04  -2.9801910466E-09   4.7910194848E-08
    15      3.0446028698E-08  -5.3377614299E-04  -1.3112102504E-05
    16     -7.1150662079E-08  -1.3064451257E-05   5.3389956826E-04
    17     -1.0993967762E-04   4.7693948197E-09  -3.2225343471E-08

#
# The atoms: label  mass x y z (in bohrs)
#
$atoms
6
 C     12.01100      0.000000774413     0.000001185002    -2.296671170760
 H      1.00800      0.000000567955     2.037483783266    -2.397772659745
 H      1.00800      1.764512844863    -1.018739687236    -2.397772503527
 H      1.00800     -1.764511736176    -1.018739702952    -2.397772636398
 Br    79.90000     -0.000000090253    -0.000000186195     1.890143640944
 F     18.99800     -0.000000198987    -0.000000199193    -6.115711924273

$actual_temperature
  0.000000

$frequency_scale_factor
  1.000000


$end

