
$orca_hessian_file

$act_atom
  0

$act_coord
  0

$act_energy
      -12.695692

$multiplicity
  1

$hessian
18
                    0                  1                  2                  3                  4        
    0      5.3800586050E-01  -1.5330000000E-07  -1.8581000000E-06  -4.5012866500E-02  -1.3160000000E-06
    1     -1.5330000000E-07   5.3800454780E-01  -1.2610000000E-07  -1.3179000000E-06  -2.9234789380E-01
    2     -1.8581000000E-06  -1.2610000000E-07  -3.0476797000E-03   5.0000000000E-08  -1.0444420800E-02
    3     -4.5012866500E-02  -1.3179000000E-06   5.0000000000E-08   4.2327817500E-02   1.4527000000E-06
    4     -1.3160000000E-06  -2.9234789380E-01  -1.0444420800E-02   1.4527000000E-06   3.1639878140E-01
    5      3.8300000000E-08  -1.4265157600E-02  -1.2321736400E-02   7.2400000000E-08   8.8441981000E-03
    6     -2.3050666820E-01   1.0709781310E-01  -9.0447651000E-03   8.7745810000E-04  -3.7582530000E-04
    7      1.0709610720E-01  -1.0683980090E-01   5.2216518000E-03   2.3931359600E-02  -1.2723161700E-02
    8     -1.2354838100E-02   7.1322905000E-03  -1.2321819900E-02  -5.9860500000E-05  -6.9923460000E-04
    9     -2.3050857640E-01  -1.0709634120E-01   9.0462978000E-03   8.7721860000E-04   3.7567370000E-04
   10     -1.0709463350E-01  -1.0683747050E-01   5.2222895000E-03  -2.3931513400E-02  -1.2722921700E-02
   11      1.2356411100E-02   7.1328523000E-03  -1.2322034800E-02   5.9846200000E-05  -6.9923790000E-04
   12     -1.3776161400E-02   8.9000000000E-09   1.1900000000E-07  -1.6138540000E-04   1.0500000000E-08
   13     -2.4000000000E-09  -1.3776397000E-02   3.1680000000E-07   4.9500000000E-08  -6.3269200000E-04
   14      8.8300000000E-08   1.8200000000E-07   1.3389948100E-02  -6.9600000000E-08   3.4753524000E-03
   15     -1.8201588000E-02  -9.8000000000E-09   1.5640000000E-07   1.0917577000E-03   4.4000000000E-09
   16     -2.0000000000E-09  -1.8202985700E-02   2.8880000000E-07  -3.0600000000E-08   2.0278877000E-03
   17      1.5860000000E-07  -4.1000000000E-08   2.6623322700E-02  -3.8500000000E-08  -4.7665720000E-04
                    5                  6                  7                  8                  9        
    0      3.8300000000E-08  -2.3050666820E-01   1.0709610720E-01  -1.2354838100E-02  -2.3050857640E-01
    1     -1.4265157600E-02   1.0709781310E-01  -1.0683980090E-01   7.1322905000E-03  -1.0709634120E-01
    2     -1.2321736400E-02  -9.0447651000E-03   5.2216518000E-03  -1.2321819900E-02   9.0462978000E-03
    3      7.2400000000E-08   8.7745810000E-04   2.3931359600E-02  -5.9860500000E-05   8.7721860000E-04
    4      8.8441981000E-03  -3.7582530000E-04  -1.2723161700E-02  -6.9923460000E-04   3.7567370000E-04
    5      4.9501895600E-02  -6.3569210000E-04   2.9733950000E-04  -2.7613530000E-04   6.3569360000E-04
    6     -6.3569210000E-04   2.4787409040E-01  -1.1867377320E-01   7.6590574000E-03  -1.9522961700E-02
    7      2.9733950000E-04  -1.1867377320E-01   1.1084225420E-01  -4.4214667000E-03  -1.2152954700E-02
    8     -2.7613530000E-04   7.6590574000E-03  -4.4214667000E-03   4.9501495300E-02   5.7573370000E-04
    9      6.3569360000E-04  -1.9522961700E-02  -1.2152954700E-02   5.7573370000E-04   2.4787628290E-01
   10      2.9750070000E-04   1.2153241300E-02   7.6749179000E-03   4.0187050000E-04   1.1867218310E-01
   11     -2.7613470000E-04  -5.7559350000E-04   4.0196090000E-04  -2.7573690000E-04  -7.6604630000E-03
   12     -1.1900000000E-08  -5.1523270000E-04   2.0434310000E-04   1.2883486200E-02  -5.1534810000E-04
   13      1.4876635700E-02   2.0392890000E-04  -2.7976380000E-04  -7.4385882000E-03  -2.0397590000E-04
   14     -2.5196918800E-02   3.0097611000E-03  -1.7379536000E-03  -2.5196868600E-02  -3.0099486000E-03
   15     -1.0030000000E-07   1.7933142000E-03  -4.0508190000E-04  -8.7035787000E-03   1.7933848000E-03
   16     -1.0050516300E-02  -4.0538480000E-04   1.3255542000E-03   5.0251286000E-03   4.0541490000E-04
   17     -1.1430970400E-02  -4.1276780000E-04   2.3846810000E-04  -1.1430934500E-02   4.1268660000E-04
                   10                 11                 12                 13                 14        
    0     -1.0709463350E-01   1.2356411100E-02  -1.3776161400E-02  -2.4000000000E-09   8.8300000000E-08
    1     -1.0683747050E-01   7.1328523000E-03   8.9000000000E-09  -1.3776397000E-02   1.8200000000E-07
    2      5.2222895000E-03  -1.2322034800E-02   1.1900000000E-07   3.1680000000E-07   1.3389948100E-02
    3     -2.3931513400E-02   5.9846200000E-05  -1.6138540000E-04   4.9500000000E-08  -6.9600000000E-08
    4     -1.2722921700E-02  -6.9923790000E-04   1.0500000000E-08  -6.3269200000E-04   3.4753524000E-03
    5      2.9750070000E-04  -2.7613470000E-04  -1.1900000000E-08   1.4876635700E-02  -2.5196918800E-02
    6      1.2153241300E-02  -5.7559350000E-04  -5.1523270000E-04   2.0392890000E-04   3.0097611000E-03
    7      7.6749179000E-03   4.0196090000E-04   2.0434310000E-04  -2.7976380000E-04  -1.7379536000E-03
    8      4.0187050000E-04  -2.7573690000E-04   1.2883486200E-02  -7.4385882000E-03  -2.5196868600E-02
    9      1.1867218310E-01  -7.6604630000E-03  -5.1534810000E-04  -2.0397590000E-04  -3.0099486000E-03
   10      1.1083969560E-01  -4.4221994000E-03  -2.0435440000E-04  -2.7976270000E-04  -1.7379184000E-03
   11     -4.4221994000E-03   4.9501645500E-02  -1.2883744600E-02  -7.4384373000E-03  -2.5196749900E-02
   12     -2.0435440000E-04  -1.2883744600E-02   1.2650914000E-02  -3.3000000000E-09   2.5460000000E-07
   13     -2.7976270000E-04  -7.4384373000E-03  -3.3000000000E-09   1.2651158200E-02   2.3290000000E-07
   14     -1.7379184000E-03  -2.5196749900E-02   2.5460000000E-07   2.3290000000E-07   8.6352941000E-02
   15      4.0507690000E-04   8.7035438000E-03   2.3172137000E-03   3.2000000000E-09  -8.5700000000E-08
   16      1.3255413000E-03   5.0250614000E-03  -4.9000000000E-09   2.3174572000E-03   1.0460000000E-07
   17      2.3845700000E-04  -1.1430989100E-02  -1.0330000000E-07  -1.5980000000E-07  -2.4152351800E-02
                   15                 16                 17        
     0     -1.8201588000E-02  -2.0000000000E-09   1.5860000000E-07
     1     -9.8000000000E-09  -1.8202985700E-02  -4.1000000000E-08
     2      1.5640000000E-07   2.8880000000E-07   2.6623322700E-02
     3      1.0917577000E-03  -3.0600000000E-08  -3.8500000000E-08
     4      4.4000000000E-09   2.0278877000E-03  -4.7665720000E-04
     5     -1.0030000000E-07  -1.0050516300E-02  -1.1430970400E-02
     6      1.7933142000E-03  -4.0538480000E-04  -4.1276780000E-04
     7     -4.0508190000E-04   1.3255542000E-03   2.3846810000E-04
     8     -8.7035787000E-03   5.0251286000E-03  -1.1430934500E-02
     9      1.7933848000E-03   4.0541490000E-04   4.1268660000E-04
    10      4.0507690000E-04   1.3255413000E-03   2.3845700000E-04
    11      8.7035438000E-03   5.0250614000E-03  -1.1430989100E-02
    12      2.3172137000E-03  -4.9000000000E-09  -1.0330000000E-07
    13      3.2000000000E-09   2.3174572000E-03  -1.5980000000E-07
    14     -8.5700000000E-08   1.0460000000E-07  -2.4152351800E-02
    15      1.1205917700E-02   7.3000000000E-09   6.4500000000E-08
    16      7.3000000000E-09   1.1206545300E-02  -6.7100000000E-08
    17      6.4500000000E-08  -6.7100000000E-08   3.1821923100E-02

$vibrational_frequencies
18
    0        0.0000000000000000
    1        0.0000000000000000
    2        0.0000000000000000
    3        0.0000000000000000
    4        0.0000000000000000
    5        0.0000000000000000
    6     -207.0027631435550290
    7      247.7242807266278248
    8      247.7311012968208104
    9      250.4419786900043334
   10     1140.8781785141845830
   11     1140.8883758983854477
   12     1149.7386306603107187
   13     1358.8075061411836941
   14     1358.8570234455546597
   15     2935.6837120779487122
   16     3016.4843708613375384
   17     3016.5108910029548497

$normal_modes
18 18
                    0                  1                  2                  3                  4        
    0      0.0000000000E+00   0.0000000000E+00   0.0000000000E+00   0.0000000000E+00   0.0000000000E+00
    1      0.0000000000E+00   0.0000000000E+00   0.0000000000E+00   0.0000000000E+00   0.0000000000E+00
    2      0.0000000000E+00   0.0000000000E+00   0.0000000000E+00   0.0000000000E+00   0.0000000000E+00
    3      0.0000000000E+00   0.0000000000E+00   0.0000000000E+00   0.0000000000E+00   0.0000000000E+00
    4      0.0000000000E+00   0.0000000000E+00   0.0000000000E+00   0.0000000000E+00   0.0000000000E+00
    5      0.0000000000E+00   0.0000000000E+00   0.0000000000E+00   0.0000000000E+00   0.0000000000E+00
    6      0.0000000000E+00   0.0000000000E+00   0.0000000000E+00   0.0000000000E+00   0.0000000000E+00
    7      0.0000000000E+00   0.0000000000E+00   0.0000000000E+00   0.0000000000E+00   0.0000000000E+00
    8      0.0000000000E+00   0.0000000000E+00   0.0000000000E+00   0.0000000000E+00   0.0000000000E+00
    9      0.0000000000E+00   0.0000000000E+00   0.0000000000E+00   0.0000000000E+00   0.0000000000E+00
   10      0.0000000000E+00   0.0000000000E+00   0.0000000000E+00   0.0000000000E+00   0.0000000000E+00
   11      0.0000000000E+00   0.0000000000E+00   0.0000000000E+00   0.0000000000E+00   0.0000000000E+00
   12      0.0000000000E+00   0.0000000000E+00   0.0000000000E+00   0.0000000000E+00   0.0000000000E+00
   13      0.0000000000E+00   0.0000000000E+00   0.0000000000E+00   0.0000000000E+00   0.0000000000E+00
   14      0.0000000000E+00   0.0000000000E+00   0.0000000000E+00   0.0000000000E+00   0.0000000000E+00
   15      0.0000000000E+00   0.0000000000E+00   0.0000000000E+00   0.0000000000E+00   0.0000000000E+00
   16      0.0000000000E+00   0.0000000000E+00   0.0000000000E+00   0.0000000000E+00   0.0000000000E+00
   17      0.0000000000E+00   0.0000000000E+00   0.0000000000E+00   0.0000000000E+00   0.0000000000E+00
                    5                  6                  7                  8                  9        
    0      0.0000000000E+00   3.5877938773E-06  -4.7384884862E-01  -1.8953505599E-03  -1.2939633195E-05
    1      0.0000000000E+00   8.7624297063E-06   1.8953525005E-03  -4.7384949464E-01  -1.9635850891E-04
    2      0.0000000000E+00   9.1398567313E-01   3.9550946311E-06   3.9781890775E-05  -3.8905664021E-01
    3      0.0000000000E+00   9.8196549344E-07  -5.0542632782E-01  -2.0222358273E-03  -1.3014991809E-05
    4      0.0000000000E+00   2.6542529718E-02   1.9294247011E-03  -4.8231966687E-01  -1.2955253452E-02
    5      0.0000000000E+00   1.1057996934E-01   6.9282482662E-05  -1.6641169114E-02  -1.6358370474E-01
    6      0.0000000000E+00   2.2982902142E-02  -4.8805512500E-01  -1.1954875940E-02  -1.1063174765E-02
    7      0.0000000000E+00  -1.3254286937E-02  -8.0080542050E-03  -4.9968768100E-01   6.1723129453E-03
    8      0.0000000000E+00   1.1058214191E-01  -1.4462427753E-02   8.2904291186E-03  -1.6357423584E-01
    9      0.0000000000E+00  -2.2981093248E-02  -4.8813497479E-01   8.0507110879E-03   1.1038002115E-02
   10      0.0000000000E+00  -1.3254376409E-02   1.2004942303E-02  -4.9960886863E-01   6.1728070329E-03
   11      0.0000000000E+00   1.1058341838E-01   1.4401069399E-02   8.4051154163E-03  -1.6357550872E-01
   12      0.0000000000E+00  -2.5915072127E-07   4.1679541691E-02   1.6671681812E-04   1.1277216007E-06
   13      0.0000000000E+00  -8.1798896613E-07  -1.6671435236E-04   4.1679609844E-02   1.7248071889E-05
   14      0.0000000000E+00  -5.8386029163E-02  -1.5581581650E-06  -2.3381631244E-05   2.6339671275E-01
   15      0.0000000000E+00  -1.3264572842E-06   2.0289885770E-01   8.1156930688E-04   5.4640552295E-06
   16      0.0000000000E+00  -3.8964906021E-06  -8.1157624129E-04   2.0289896831E-01   8.3974926195E-05
   17      0.0000000000E+00  -3.4989144561E-01   3.6322072662E-06   7.0300116946E-05  -8.3576053933E-01
                   10                 11                 12                 13                 14        
    0      3.4441205927E-04  -3.7822571016E-06   1.1633959622E-07  -2.1812176404E-04  -9.9987328150E-02
    1     -3.8639454396E-06  -3.4773206618E-04  -1.9930566568E-06  -9.9987478790E-02   2.1813113384E-04
    2      9.0540638799E-07  -1.9368027377E-06   3.5654980334E-02  -8.9504923088E-07   3.3785253505E-07
    3      4.0319420190E-02  -4.4661738262E-04  -3.1142681199E-06   1.7614060406E-03   8.0946379812E-01
    4     -3.6736487887E-04  -3.3096983280E-02   1.6673936380E-02  -5.7857404027E-02   1.2171868639E-04
    5      9.0329057883E-03   8.1473193751E-01  -5.7651194797E-01   3.7615332361E-02  -8.4563734398E-05
    6      3.4865902974E-02  -3.5031883878E-03   1.4445680966E-02   3.7590576714E-01   1.5815480626E-01
    7      2.6994303770E-03  -3.8523667319E-02  -8.3338067468E-03   5.9345353508E-01   3.7427199602E-01
    8     -7.1008698942E-01  -3.9947691903E-01  -5.7656844743E-01  -1.8725292698E-02   3.2637802448E-02
    9      3.4939226578E-02   2.7261028012E-03  -1.4451616576E-02  -3.7520755936E-01   1.5978535371E-01
   10     -3.5554534632E-03  -3.8456625086E-02  -8.3336376291E-03   5.9182263339E-01  -3.7685319421E-01
   11      7.0100666691E-01  -4.1514976501E-01  -5.7660875830E-01  -1.8864403326E-02  -3.2557132670E-02
   12     -4.6379723502E-03   5.1513805261E-05   1.5828694916E-07   8.0488717953E-07   3.7350126928E-04
   13      5.1517461483E-05   4.6379256915E-03   3.4699534445E-07   3.7325988556E-04  -8.2076675747E-07
   14      3.2585706752E-07  -7.0686658170E-07   1.1173767208E-02  -1.7198906892E-07  -1.4897781038E-09
   15      1.3445189567E-02  -1.4933318019E-04  -2.5909073443E-07   4.0140694911E-06   1.8255530710E-03
   16     -1.4931362539E-04  -1.3445402622E-02  -5.4375537664E-07   1.8258778994E-03  -3.9603347608E-06
   17      5.7296773216E-07  -1.3871946824E-06   2.2238693454E-02  -7.1010876607E-08  -7.2669932640E-10
                   15                 16                 17        
     0     -5.7132741364E-07   9.8266712124E-02  -1.4848189105E-03
     1     -2.1286263760E-05   1.4848247437E-03   9.8266254233E-02
     2      4.7605038343E-03  -2.8971691678E-07   1.0575441932E-06
     3     -2.9800221992E-07   3.9907119929E-02  -6.0744211715E-04
     4     -5.7695284926E-01  -1.2262952269E-02  -8.1102968659E-01
     5     -1.5553476330E-02  -4.6493359264E-04  -3.0742605250E-02
     6     -4.9989360843E-01  -5.9262373117E-01   3.7732538735E-01
     7      2.8859979012E-01   3.6579922149E-01  -1.7828663550E-01
     8     -1.5562538168E-02  -2.6388765085E-02   1.5767099944E-02
     9      4.9990045467E-01  -6.0375452222E-01  -3.5924342422E-01
    10      2.8860408688E-01  -3.7101049872E-01  -1.6714552036E-01
    11     -1.5566282928E-02   2.6857198884E-02   1.4964786208E-02
    12      1.1038740984E-08  -4.6565170058E-05   6.9645534948E-07
    13      9.8043354473E-09  -7.1271906922E-07  -4.6576988921E-05
    14     -1.8416883696E-04  -1.5568772610E-09  -3.6726177201E-08
    15     -3.2656475121E-08  -5.7048214056E-04   8.6428030965E-06
    16      9.7377405441E-08  -8.5935578192E-06  -5.7063590889E-04
    17      2.4173251524E-04   3.9991763110E-09   5.4590405486E-08

#
# The atoms: label  mass x y z (in bohrs)
#
$atoms
6
 C     12.01100      0.000000482749     0.000000148634    -2.404538817790
 H      1.00800      0.000000364873     2.050424019474    -2.302199466494
 H      1.00800      1.775720153717    -1.025211641966    -2.302199146581
 H      1.00800     -1.775719469250    -1.025211668108    -2.302199237407
 Br    79.90000     -0.000000056652    -0.000000054660     1.897893731513
 F     18.99800     -0.000000122620     0.000000098276    -6.095322811565

$actual_temperature
  0.000000

$frequency_scale_factor
  1.000000


$end

