
$orca_hessian_file

$act_atom
  0

$act_coord
  0

$act_energy
      -12.683121

$multiplicity
  1

$hessian
18
                    0                  1                  2                  3                  4        
    0      4.1412161490E-01   4.9026840700E-02  -3.0170122000E-03  -4.0519927100E-02   3.4090376000E-03
    1      4.9026840700E-02   4.4624512790E-01  -2.1940903000E-03   7.6397403000E-03  -2.6421900870E-01
    2     -3.0170122000E-03  -2.1940903000E-03   2.9537678860E-01  -1.7845770000E-03   6.4965607300E-02
    3     -4.0519927100E-02   7.6397403000E-03  -1.7845770000E-03   4.3840282900E-02  -7.0126154000E-03
    4      3.4090376000E-03  -2.6421900870E-01   6.4965607300E-02  -7.0126154000E-03   3.0126068340E-01
    5     -2.5608740000E-03   7.3515835600E-02  -5.9175835100E-02   7.9257700000E-04  -7.1247405300E-02
    6     -1.2677902700E-01   4.8361735100E-02   7.3695426700E-02  -3.4331836000E-03   5.1095173000E-03
    7      4.8266269100E-02  -6.7640747900E-02  -4.2402572300E-02   2.6490297500E-02  -2.2465195100E-02
    8      8.0919799900E-02  -4.6852674800E-02  -8.2700238100E-02  -2.7013013000E-03   1.5979457000E-03
    9     -2.2810400380E-01  -1.0503438190E-01  -5.2152309900E-02   1.0426451000E-03  -1.2113781000E-03
   10     -1.0020393860E-01  -9.5940426500E-02  -2.8572983800E-02  -2.8794569700E-02  -1.6456977900E-02
   11     -5.9594281200E-02  -3.2061298200E-02  -5.3731625200E-02   6.4393627000E-03   2.3421600000E-03
   12     -2.3023357800E-02   3.8789930000E-04  -9.0789519000E-03   3.0514820000E-04   3.6620510000E-04
   13      1.9113730000E-04  -2.1782692000E-02   3.4063802000E-03   2.6742285000E-03   1.5259390000E-03
   14     -1.6214105800E-02   7.4987401000E-03  -8.6324076300E-02  -2.6172052000E-03   2.2244819000E-03
   15      4.3047008000E-03  -3.8183340000E-04  -7.6625757000E-03  -1.2349655000E-03  -6.6076650000E-04
   16     -6.8934610000E-04   3.3377472000E-03   4.7976590000E-03  -9.9708130000E-04   3.5455920000E-04
   17      4.6647330000E-04   9.3487600000E-05  -1.3445014000E-02  -1.2885620000E-04   1.1721030000E-04
                    5                  6                  7                  8                  9        
    0     -2.5608740000E-03  -1.2677902700E-01   4.8266269100E-02   8.0919799900E-02  -2.2810400380E-01
    1      7.3515835600E-02   4.8361735100E-02  -6.7640747900E-02  -4.6852674800E-02  -1.0503438190E-01
    2     -5.9175835100E-02   7.3695426700E-02  -4.2402572300E-02  -8.2700238100E-02  -5.2152309900E-02
    3      7.9257700000E-04  -3.4331836000E-03   2.6490297500E-02  -2.7013013000E-03   1.0426451000E-03
    4     -7.1247405300E-02   5.1095173000E-03  -2.2465195100E-02   1.5979457000E-03  -1.2113781000E-03
    5      7.0736492200E-02   2.8735611000E-03  -1.5727521100E-02   6.1005092000E-03   1.3825759000E-03
    6      2.8735611000E-03   1.5683973280E-01  -6.0641132400E-02  -8.6283101600E-02  -2.8393525200E-02
    7     -1.5727521100E-02  -6.0641132400E-02   8.6373860400E-02   4.9619110200E-02  -1.1160365000E-02
    8      6.1005092000E-03  -8.6283101600E-02   4.9619110200E-02   8.9228221100E-02  -2.6995571000E-03
    9      1.3825759000E-03  -2.8393525200E-02  -1.1160365000E-02  -2.6995571000E-03   2.5516760060E-01
   10     -5.6479471000E-03   1.0040996000E-02   5.5993333000E-03   1.8099146000E-03   1.1699227420E-01
   11      2.9869426000E-03   1.4789690300E-02   5.8988661000E-03   5.4376078000E-03   5.7550427400E-02
   12     -1.8588864000E-03   6.1113347000E-03  -2.6787168000E-03   4.6744946000E-03  -9.1456240000E-04
   13      1.8918936200E-02  -2.9542599000E-03   2.3475676000E-03  -2.4908724000E-03  -1.9008050000E-04
   14     -1.8868941300E-02  -2.8608126000E-03   1.4504386000E-03  -1.1255202200E-02  -4.1288179000E-03
   15     -6.2895350000E-04  -4.3453319000E-03  -2.7635230000E-04   6.0896656000E-03   1.2018457000E-03
   16      1.8810170000E-04   8.3143900000E-05  -4.2148183000E-03  -3.6834234000E-03   6.0393140000E-04
   17     -1.7791676000E-03  -2.2147638000E-03   1.1616786000E-03  -6.8108978000E-03   4.7681800000E-05
                   10                 11                 12                 13                 14        
    0     -1.0020393860E-01  -5.9594281200E-02  -2.3023357800E-02   1.9113730000E-04  -1.6214105800E-02
    1     -9.5940426500E-02  -3.2061298200E-02   3.8789930000E-04  -2.1782692000E-02   7.4987401000E-03
    2     -2.8572983800E-02  -5.3731625200E-02  -9.0789519000E-03   3.4063802000E-03  -8.6324076300E-02
    3     -2.8794569700E-02   6.4393627000E-03   3.0514820000E-04   2.6742285000E-03  -2.6172052000E-03
    4     -1.6456977900E-02   2.3421600000E-03   3.6620510000E-04   1.5259390000E-03   2.2244819000E-03
    5     -5.6479471000E-03   2.9869426000E-03  -1.8588864000E-03   1.8918936200E-02  -1.8868941300E-02
    6      1.0040996000E-02   1.4789690300E-02   6.1113347000E-03  -2.9542599000E-03  -2.8608126000E-03
    7      5.5993333000E-03   5.8988661000E-03  -2.6787168000E-03   2.3475676000E-03   1.4504386000E-03
    8      1.8099146000E-03   5.4376078000E-03   4.6744946000E-03  -2.4908724000E-03  -1.1255202200E-02
    9      1.1699227420E-01   5.7550427400E-02  -9.1456240000E-04  -1.9008050000E-04  -4.1288179000E-03
   10      1.0654787680E-01   3.2010325700E-02   1.6621090000E-03   1.3747180000E-03   4.6652890000E-04
   11      3.2010325700E-02   6.6536763900E-02  -1.8447973000E-02  -8.4594578000E-03  -2.0005919600E-02
   12      1.6621090000E-03  -1.8447973000E-02   1.6879608700E-02   4.8655810000E-04   2.2307313900E-02
   13      1.3747180000E-03  -8.4594578000E-03   4.8655810000E-04   1.5927910300E-02  -1.0033110400E-02
   14      4.6652890000E-04  -2.0005919600E-02   2.2307313900E-02  -1.0033110400E-02   1.4486966180E-01
   15      3.0312900000E-04  -7.3722620000E-04   6.4182850000E-04  -2.0758360000E-04   3.5136277000E-03
   16     -1.1245237000E-03   2.6940430000E-04  -2.2405470000E-04   6.0655710000E-04  -1.6070791000E-03
   17     -6.5838300000E-05  -1.2237696000E-03   2.4040027000E-03  -1.3418758000E-03  -8.4155224000E-03
                   15                 16                 17        
     0      4.3047008000E-03  -6.8934610000E-04   4.6647330000E-04
     1     -3.8183340000E-04   3.3377472000E-03   9.3487600000E-05
     2     -7.6625757000E-03   4.7976590000E-03  -1.3445014000E-02
     3     -1.2349655000E-03  -9.9708130000E-04  -1.2885620000E-04
     4     -6.6076650000E-04   3.5455920000E-04   1.1721030000E-04
     5     -6.2895350000E-04   1.8810170000E-04  -1.7791676000E-03
     6     -4.3453319000E-03   8.3143900000E-05  -2.2147638000E-03
     7     -2.7635230000E-04  -4.2148183000E-03   1.1616786000E-03
     8      6.0896656000E-03  -3.6834234000E-03  -6.8108978000E-03
     9      1.2018457000E-03   6.0393140000E-04   4.7681800000E-05
    10      3.0312900000E-04  -1.1245237000E-03  -6.5838300000E-05
    11     -7.3722620000E-04   2.6940430000E-04  -1.2237696000E-03
    12      6.4182850000E-04  -2.2405470000E-04   2.4040027000E-03
    13     -2.0758360000E-04   6.0655710000E-04  -1.3418758000E-03
    14      3.5136277000E-03  -1.6070791000E-03  -8.4155224000E-03
    15     -5.6807780000E-04   1.2234068000E-03  -5.7453780000E-04
    16      1.2234068000E-03   1.0404786000E-03   3.5337500000E-05
    17     -5.7453780000E-04   3.5337500000E-05   3.1674371300E-02

$vibrational_frequencies
18
    0        0.0000000000000000
    1        0.0000000000000000
    2        0.0000000000000000
    3        0.0000000000000000
    4        0.0000000000000000
    5        0.0000000000000000
    6     -148.0583246441566416
    7      140.7246321484279861
    8      216.4595275937064400
    9      568.7390913725240580
   10      703.2421481391372708
   11      957.0402119297671106
   12     1354.0583511701663610
   13     1431.7024511750628335
   14     1510.5221887843665627
   15     2657.5600515555534002
   16     3007.2460977048231143
   17     3072.3012533463679574

$normal_modes
18 18
                    0                  1                  2                  3                  4        
    0      0.0000000000E+00   0.0000000000E+00   0.0000000000E+00   0.0000000000E+00   0.0000000000E+00
    1      0.0000000000E+00   0.0000000000E+00   0.0000000000E+00   0.0000000000E+00   0.0000000000E+00
    2      0.0000000000E+00   0.0000000000E+00   0.0000000000E+00   0.0000000000E+00   0.0000000000E+00
    3      0.0000000000E+00   0.0000000000E+00   0.0000000000E+00   0.0000000000E+00   0.0000000000E+00
    4      0.0000000000E+00   0.0000000000E+00   0.0000000000E+00   0.0000000000E+00   0.0000000000E+00
    5      0.0000000000E+00   0.0000000000E+00   0.0000000000E+00   0.0000000000E+00   0.0000000000E+00
    6      0.0000000000E+00   0.0000000000E+00   0.0000000000E+00   0.0000000000E+00   0.0000000000E+00
    7      0.0000000000E+00   0.0000000000E+00   0.0000000000E+00   0.0000000000E+00   0.0000000000E+00
    8      0.0000000000E+00   0.0000000000E+00   0.0000000000E+00   0.0000000000E+00   0.0000000000E+00
    9      0.0000000000E+00   0.0000000000E+00   0.0000000000E+00   0.0000000000E+00   0.0000000000E+00
   10      0.0000000000E+00   0.0000000000E+00   0.0000000000E+00   0.0000000000E+00   0.0000000000E+00
   11      0.0000000000E+00   0.0000000000E+00   0.0000000000E+00   0.0000000000E+00   0.0000000000E+00
   12      0.0000000000E+00   0.0000000000E+00   0.0000000000E+00   0.0000000000E+00   0.0000000000E+00
   13      0.0000000000E+00   0.0000000000E+00   0.0000000000E+00   0.0000000000E+00   0.0000000000E+00
   14      0.0000000000E+00   0.0000000000E+00   0.0000000000E+00   0.0000000000E+00   0.0000000000E+00
   15      0.0000000000E+00   0.0000000000E+00   0.0000000000E+00   0.0000000000E+00   0.0000000000E+00
   16      0.0000000000E+00   0.0000000000E+00   0.0000000000E+00   0.0000000000E+00   0.0000000000E+00
   17      0.0000000000E+00   0.0000000000E+00   0.0000000000E+00   0.0000000000E+00   0.0000000000E+00
                    5                  6                  7                  8                  9        
    0      0.0000000000E+00   3.0448593781E-01  -1.2777381587E-01  -9.1894707981E-02   7.1653860367E-02
    1      0.0000000000E+00  -1.5763076728E-01  -2.2163724291E-01   8.3456342206E-02  -3.3486384291E-02
    2      0.0000000000E+00  -7.1986973803E-02   1.3838349631E-03  -3.7011805080E-02   5.5767171465E-01
    3      0.0000000000E+00   4.1601317556E-01   3.4143047416E-01  -1.2985058363E-01   9.9170695511E-02
    4      0.0000000000E+00  -2.0530352590E-01  -2.5725350254E-01   7.3471975234E-02  -7.3248698078E-02
    5      0.0000000000E+00  -2.1793490226E-01  -1.5562746799E-01  -6.1590930352E-02   3.8163201100E-01
    6      0.0000000000E+00   4.7531711953E-01  -3.4651432536E-01   2.6807699722E-02   1.0483177374E-01
    7      0.0000000000E+00  -2.9632309004E-01  -6.2719377831E-01   9.4963381805E-02  -5.3661778392E-02
    8      0.0000000000E+00   2.7181175819E-01   1.6241171035E-02   1.1662393940E-01   5.9396288117E-01
    9      0.0000000000E+00   3.5792945072E-01  -3.8756411503E-01  -2.8401428069E-02   1.1443783189E-01
   10      0.0000000000E+00  -1.6371933861E-01   1.7084730660E-01   7.8029791128E-03  -3.1652036054E-02
   11      0.0000000000E+00  -2.2041979578E-01   1.5475508533E-01  -1.0929320433E-01   3.6017837780E-01
   12      0.0000000000E+00  -3.0967614023E-02   1.2713419610E-02   2.0094583270E-02  -1.3258351325E-02
   13      0.0000000000E+00   1.6111616035E-02   2.1803043683E-02  -1.3087312626E-02   6.1661101294E-03
   14      0.0000000000E+00   4.8710980888E-03  -2.9339768679E-03  -2.1596062216E-01  -8.6181730441E-02
   15      0.0000000000E+00  -1.2854627131E-01   4.8146027238E-02  -1.9439625183E-02  -6.4364706562E-03
   16      0.0000000000E+00   6.7199376082E-02   8.6289636189E-02  -7.0726439774E-03   3.6511093277E-03
   17      0.0000000000E+00   3.3861990127E-02   1.0649108923E-02   9.3454557207E-01  -6.0992428603E-02
                   10                 11                 12                 13                 14        
    0     -1.2323561223E-01   6.0251002479E-02   9.3725462534E-03   6.1642083584E-02   3.8322795194E-02
    1      7.7431479313E-02   9.4461583817E-02  -1.0168905854E-02  -4.3505962206E-02   4.7739355253E-02
    2     -1.8370444070E-02   8.6214206483E-04  -1.0560758894E-01   8.8491932583E-03  -4.1243064917E-03
    3      7.7293712838E-02  -2.0827814125E-01  -7.4455464945E-02  -6.3362659234E-01  -3.7050218237E-01
    4     -3.6667688869E-02  -1.1204217727E-01   1.6909023218E-01  -9.1171708866E-02   9.9450828764E-02
    5     -3.4867716921E-01  -5.9804881756E-01   5.7466402102E-01  -1.9345991113E-01   3.5441809118E-01
    6      3.3103222131E-01  -1.8402464261E-01   2.4103869737E-01   1.3038865178E-01  -3.5278968505E-01
    7     -1.9616864447E-01  -2.8954250683E-01  -9.3874876274E-02   3.1336097032E-02  -6.5387718129E-01
    8      7.7510058909E-01  -3.0704311602E-02   3.9651598148E-01   1.5389662040E-01   3.7577943879E-02
    9      7.1003982788E-02   1.8227982897E-02  -1.8378463937E-01  -2.9575224439E-01   1.8765006432E-01
   10     -9.5291363405E-02  -2.1191073717E-01   9.5264239875E-03   6.3560455770E-01  -1.3249157765E-01
   11     -2.9340841268E-01   6.4021947873E-01   6.0518915072E-01  -1.1778938719E-01  -3.4242934431E-01
   12      1.0231707054E-02  -4.7357087945E-03  -1.4062923839E-03   5.7686645553E-04   6.0099651054E-04
   13     -6.2710036983E-03  -7.2099094725E-03   6.9443238253E-04  -5.3060706885E-04   1.0043734626E-03
   14      4.8141062992E-03  -5.0810138621E-04  -3.3388617631E-03   8.0272968009E-04   3.7815954973E-05
   15      9.4486255713E-03   1.6725834971E-03   9.0157525161E-04   9.9523164066E-04   1.6639763795E-03
   16     -5.1702065596E-03   3.1528091520E-03  -9.8779520413E-04  -8.1216341582E-04   2.0405536378E-03
   17     -1.5690010361E-02   9.8347363147E-04  -2.8293662948E-03  -6.2186874018E-04  -1.8147561849E-04
                   15                 16                 17        
     0      5.6270810262E-02   4.0971723450E-03  -6.3730946453E-02
     1     -3.4995869953E-02  -6.7284944576E-02  -4.3557205433E-02
     2     -3.6383903124E-02   2.4554346476E-02  -1.6813478369E-02
     3      4.6820027216E-02  -2.5455198701E-02  -2.9382861336E-02
     4      4.9508796770E-02   9.5064424672E-01   7.3357410763E-02
     5     -4.7696213877E-02  -2.6546852163E-01  -2.7438187217E-02
     6     -7.3509397183E-01   5.2906412032E-02  -5.2935051743E-02
     7      4.2151491801E-01  -7.0789667389E-02  -1.2085345657E-02
     8      5.1577770604E-01  -2.6104682821E-02   7.7314868151E-03
     9      6.0155791001E-03  -7.6560888024E-02   8.4663839012E-01
    10     -4.6529740593E-02  -7.3296709476E-02   4.6069035202E-01
    11     -3.3146174716E-02  -1.6771042270E-02   2.3392464746E-01
    12     -1.6582898893E-04   4.1846793921E-05  -1.0205004763E-04
    13      9.5499819941E-05  -8.3892307237E-05  -3.5172862136E-05
    14      1.8002638006E-05   1.8962293212E-04  -1.7604986488E-04
    15      1.3210583535E-03  -1.6065605747E-04   1.6797324954E-04
    16     -7.9929295688E-04   9.7490885018E-05  -8.5382846792E-06
    17     -1.4981315610E-04   3.8839503984E-05   4.2837275632E-06

#
# The atoms: label  mass x y z (in bohrs)
#
$atoms
6
 C     12.01100     -0.412530253242     0.183425628343    -1.715050476307
 H      1.00800     -0.459059564520     2.148718157329    -2.334621160760
 H      1.00800      1.011865960212    -0.619276831025    -3.059970612568
 H      1.00800     -2.147656262381    -0.768944986578    -2.240304432284
 Br    79.90000     -0.009271470407     0.003540182947     1.875005372885
 F     18.99800      0.384424677483    -0.171205713757    -6.396330279362

$actual_temperature
  0.000000

$frequency_scale_factor
  1.000000


$end

