
$orca_hessian_file

$act_atom
  0

$act_coord
  0

$act_energy
      -12.557872

$multiplicity
  1

$hessian
18
                    0                  1                  2                  3                  4        
    0      5.0522711650E-01  -1.7777700000E-05  -4.9171000000E-06  -4.2443292500E-02   5.2089000000E-06
    1     -1.7777700000E-05   5.0521306070E-01   1.0671900000E-05   7.3419000000E-06  -2.7574823160E-01
    2     -4.9171000000E-06   1.0671900000E-05   2.7533731950E-01  -1.3968000000E-06   7.3493745900E-02
    3     -4.2443292500E-02   7.3419000000E-06  -1.3968000000E-06   4.4367638800E-02  -4.3848000000E-06
    4      5.2089000000E-06  -2.7574823160E-01   7.3493745900E-02  -4.3848000000E-06   3.0828092420E-01
    5     -1.3238000000E-06   7.7479656000E-02  -5.7510764200E-02   1.1809000000E-06  -8.4097749000E-02
    6     -2.1742295920E-01   1.0103307640E-01   6.3704555200E-02  -1.3356290000E-03   2.0099882000E-03
    7      1.0102816790E-01  -1.0076629570E-01  -3.6767641500E-02   2.6385737700E-02  -1.7723248000E-02
    8      6.7103187300E-02  -3.8742388400E-02  -5.7512665700E-02  -6.1808304000E-03   3.2752563000E-03
    9     -2.1742063320E-01  -1.0102278210E-01  -6.3699533600E-02  -1.3364481000E-03  -2.0107075000E-03
   10     -1.0101581470E-01  -1.0075409250E-01  -3.6761822500E-02  -2.6388212400E-02  -1.7726036700E-02
   11     -6.7097766400E-02  -3.8736141600E-02  -5.7509962000E-02   6.1806854000E-03   3.2753923000E-03
   12     -2.6819195000E-02   1.4880000000E-07   2.0363000000E-06   1.1475643000E-03  -1.0570000000E-07
   13      2.2910000000E-07  -2.6821365500E-02   1.3180000000E-05  -4.6280000000E-07   2.6253985000E-03
   14      7.6310000000E-07  -1.1977900000E-05  -1.0561294290E-01   3.8560000000E-07   3.6750934000E-03
   15     -1.1210366000E-03  -7.3000000000E-09  -7.4390000000E-07  -3.9983350000E-04   9.0000000000E-10
   16     -1.3500000000E-08  -1.1230754000E-03   1.1866100000E-05  -1.9500000000E-08   2.9119350000E-04
   17      5.7000000000E-08   1.8000000000E-07   2.8090153000E-03  -2.4700000000E-08   3.7826110000E-04
                    5                  6                  7                  8                  9        
    0     -1.3238000000E-06  -2.1742295920E-01   1.0102816790E-01   6.7103187300E-02  -2.1742063320E-01
    1      7.7479656000E-02   1.0103307640E-01  -1.0076629570E-01  -3.8742388400E-02  -1.0102278210E-01
    2     -5.7510764200E-02   6.3704555200E-02  -3.6767641500E-02  -5.7512665700E-02  -6.3699533600E-02
    3      1.1809000000E-06  -1.3356290000E-03   2.6385737700E-02  -6.1808304000E-03  -1.3364481000E-03
    4     -8.4097749000E-02   2.0099882000E-03  -1.7723248000E-02   3.2752563000E-03  -2.0107075000E-03
    5      7.3475531400E-02  -2.5528040000E-04  -6.9910352000E-03   3.9961188000E-03   2.5501270000E-04
    6     -2.5528040000E-04   2.4232682820E-01  -1.1429794010E-01  -7.2837827300E-02  -2.5929654100E-02
    7     -6.9910352000E-03  -1.1429794010E-01   1.1035216240E-01   4.2053449100E-02  -1.2184296500E-02
    8      3.9961188000E-03  -7.2837827300E-02   4.2053449100E-02   7.3474616900E-02  -5.9257682000E-03
    9      2.5501270000E-04  -2.5929654100E-02  -1.2184296500E-02  -5.9257682000E-03   2.4232486070E-01
   10     -6.9910566000E-03   1.2185413800E-02   6.8579819000E-03   3.7151600000E-03   1.1428707740E-01
   11      3.9962491000E-03   5.9257976000E-03   3.7150000000E-03   3.9960831000E-03   7.2832960200E-02
   12      1.3200000000E-07   2.2477262000E-03  -6.3518460000E-04   1.8035934500E-02   2.2481227000E-03
   13      2.0825931200E-02  -6.3496230000E-04   1.5101288000E-03  -1.0413675900E-02   6.3512360000E-04
   14     -2.1642128900E-02   3.1343978000E-03  -1.8203738000E-03  -2.1639352500E-02  -3.1342511000E-03
   15      2.7870000000E-07   1.1368780000E-04  -2.9648440000E-04  -1.9469580000E-04   1.1375210000E-04
   16     -2.2574630000E-04  -2.9557610000E-04  -2.3072940000E-04   1.1219890000E-04   2.9558520000E-04
   17     -2.3150062000E-03   3.2835710000E-04  -1.8939860000E-04  -2.3148007000E-03  -3.2841990000E-04
                   10                 11                 12                 13                 14        
    0     -1.0101581470E-01  -6.7097766400E-02  -2.6819195000E-02   2.2910000000E-07   7.6310000000E-07
    1     -1.0075409250E-01  -3.8736141600E-02   1.4880000000E-07  -2.6821365500E-02  -1.1977900000E-05
    2     -3.6761822500E-02  -5.7509962000E-02   2.0363000000E-06   1.3180000000E-05  -1.0561294290E-01
    3     -2.6388212400E-02   6.1806854000E-03   1.1475643000E-03  -4.6280000000E-07   3.8560000000E-07
    4     -1.7726036700E-02   3.2753923000E-03  -1.0570000000E-07   2.6253985000E-03   3.6750934000E-03
    5     -6.9910566000E-03   3.9962491000E-03   1.3200000000E-07   2.0825931200E-02  -2.1642128900E-02
    6      1.2185413800E-02   5.9257976000E-03   2.2477262000E-03  -6.3496230000E-04   3.1343978000E-03
    7      6.8579819000E-03   3.7150000000E-03  -6.3518460000E-04   1.5101288000E-03  -1.8203738000E-03
    8      3.7151600000E-03   3.9960831000E-03   1.8035934500E-02  -1.0413675900E-02  -2.1639352500E-02
    9      1.1428707740E-01   7.2832960200E-02   2.2481227000E-03   6.3512360000E-04  -3.1342511000E-03
   10      1.1034323130E-01   4.2047788700E-02   6.3503750000E-04   1.5096948000E-03  -1.8206699000E-03
   11      4.2047788700E-02   7.3475254000E-02  -1.8036832800E-02  -1.0414106000E-02  -2.1642384300E-02
   12      6.3503750000E-04  -1.8036832800E-02   2.0433504000E-02   6.5300000000E-08  -1.3134000000E-06
   13      1.5096948000E-03  -1.0414106000E-02   6.5300000000E-08   2.0433799300E-02  -1.1508600000E-05
   14     -1.8206699000E-03  -2.1642384300E-02  -1.3134000000E-06  -1.1508600000E-05   1.7697937370E-01
   15      2.9649840000E-04   1.9515590000E-04   7.4227780000E-04   7.2000000000E-09   1.8000000000E-08
   16     -2.3077880000E-04   1.1206660000E-04   3.8700000000E-08   7.4234410000E-04  -1.0563100000E-05
   17     -1.8939970000E-04  -2.3152398000E-03   4.3400000000E-08   1.7930000000E-07  -6.4425650000E-03
                   15                 16                 17        
     0     -1.1210366000E-03  -1.3500000000E-08   5.7000000000E-08
     1     -7.3000000000E-09  -1.1230754000E-03   1.8000000000E-07
     2     -7.4390000000E-07   1.1866100000E-05   2.8090153000E-03
     3     -3.9983350000E-04  -1.9500000000E-08  -2.4700000000E-08
     4      9.0000000000E-10   2.9119350000E-04   3.7826110000E-04
     5      2.7870000000E-07  -2.2574630000E-04  -2.3150062000E-03
     6      1.1368780000E-04  -2.9557610000E-04   3.2835710000E-04
     7     -2.9648440000E-04  -2.3072940000E-04  -1.8939860000E-04
     8     -1.9469580000E-04   1.1219890000E-04  -2.3148007000E-03
     9      1.1375210000E-04   2.9558520000E-04  -3.2841990000E-04
    10      2.9649840000E-04  -2.3077880000E-04  -1.8939970000E-04
    11      1.9515590000E-04   1.1206660000E-04  -2.3152398000E-03
    12      7.4227780000E-04   3.8700000000E-08   4.3400000000E-08
    13      7.2000000000E-09   7.4234410000E-04   1.7930000000E-07
    14      1.8000000000E-08  -1.0563100000E-05  -6.4425650000E-03
    15      5.5115240000E-04  -1.4800000000E-08  -1.2900000000E-08
    16     -1.4800000000E-08   5.5104600000E-04   1.7780000000E-07
    17     -1.2900000000E-08   1.7780000000E-07   1.0578596300E-02

$vibrational_frequencies
18
    0        0.0000000000000000
    1        0.0000000000000000
    2        0.0000000000000000
    3        0.0000000000000000
    4        0.0000000000000000
    5        0.0000000000000000
    6       87.9266481589069144
    7       87.9375331359440082
    8       94.1286137863512380
    9      642.6473152153068895
   10      984.6000016797694343
   11      984.6151727829878837
   12     1312.6366950618630653
   13     1438.3915551962925292
   14     1438.5029333179695641
   15     3061.0562030048467932
   16     3074.1357379905180096
   17     3074.2110302873320506

$normal_modes
18 18
                    0                  1                  2                  3                  4        
    0      0.0000000000E+00   0.0000000000E+00   0.0000000000E+00   0.0000000000E+00   0.0000000000E+00
    1      0.0000000000E+00   0.0000000000E+00   0.0000000000E+00   0.0000000000E+00   0.0000000000E+00
    2      0.0000000000E+00   0.0000000000E+00   0.0000000000E+00   0.0000000000E+00   0.0000000000E+00
    3      0.0000000000E+00   0.0000000000E+00   0.0000000000E+00   0.0000000000E+00   0.0000000000E+00
    4      0.0000000000E+00   0.0000000000E+00   0.0000000000E+00   0.0000000000E+00   0.0000000000E+00
    5      0.0000000000E+00   0.0000000000E+00   0.0000000000E+00   0.0000000000E+00   0.0000000000E+00
    6      0.0000000000E+00   0.0000000000E+00   0.0000000000E+00   0.0000000000E+00   0.0000000000E+00
    7      0.0000000000E+00   0.0000000000E+00   0.0000000000E+00   0.0000000000E+00   0.0000000000E+00
    8      0.0000000000E+00   0.0000000000E+00   0.0000000000E+00   0.0000000000E+00   0.0000000000E+00
    9      0.0000000000E+00   0.0000000000E+00   0.0000000000E+00   0.0000000000E+00   0.0000000000E+00
   10      0.0000000000E+00   0.0000000000E+00   0.0000000000E+00   0.0000000000E+00   0.0000000000E+00
   11      0.0000000000E+00   0.0000000000E+00   0.0000000000E+00   0.0000000000E+00   0.0000000000E+00
   12      0.0000000000E+00   0.0000000000E+00   0.0000000000E+00   0.0000000000E+00   0.0000000000E+00
   13      0.0000000000E+00   0.0000000000E+00   0.0000000000E+00   0.0000000000E+00   0.0000000000E+00
   14      0.0000000000E+00   0.0000000000E+00   0.0000000000E+00   0.0000000000E+00   0.0000000000E+00
   15      0.0000000000E+00   0.0000000000E+00   0.0000000000E+00   0.0000000000E+00   0.0000000000E+00
   16      0.0000000000E+00   0.0000000000E+00   0.0000000000E+00   0.0000000000E+00   0.0000000000E+00
   17      0.0000000000E+00   0.0000000000E+00   0.0000000000E+00   0.0000000000E+00   0.0000000000E+00
                    5                  6                  7                  8                  9        
    0      0.0000000000E+00  -4.0697268087E-02   3.9159989488E-01  -1.4384716280E-04   1.4811803846E-05
    1      0.0000000000E+00  -3.9160205746E-01  -4.0697252187E-02   2.7711036233E-04   1.0203767915E-04
    2      0.0000000000E+00  -4.7172334256E-06   3.8036968672E-05   4.4562061003E-01  -6.3121943537E-01
    3      0.0000000000E+00  -5.0085840206E-02   4.8112875941E-01  -1.7641321408E-04  -2.0604952702E-06
    4      0.0000000000E+00  -4.8746826931E-01  -5.0658835505E-02  -4.6767499346E-03   4.0752629386E-02
    5      0.0000000000E+00  -2.8317620136E-01  -2.9391574231E-02   4.2070583605E-01  -4.2190835160E-01
    6      0.0000000000E+00  -4.7703662315E-02   4.8614286120E-01  -4.5279089633E-03   3.5418060928E-02
    7      0.0000000000E+00  -4.8232366627E-01  -5.2910810833E-02   2.8534249249E-03  -2.0196008309E-02
    8      0.0000000000E+00   1.1612807750E-01   2.5999999490E-01   4.2031712364E-01  -4.2180475128E-01
    9      0.0000000000E+00  -5.3199659886E-02   4.8556917527E-01   4.1714600230E-03  -3.5412293761E-02
   10      0.0000000000E+00  -4.8303857543E-01  -4.7415178791E-02   2.8515128201E-03  -2.0190233293E-02
   11      0.0000000000E+00   1.6709869972E-01  -2.3048912692E-01   4.2049367468E-01  -4.2173727174E-01
   12      0.0000000000E+00   1.0969411350E-02  -1.0554985272E-01   4.0632243422E-05  -5.7517607089E-06
   13      0.0000000000E+00   1.0555009427E-01   1.0969254041E-02  -7.4971261946E-05  -2.8247748023E-05
   14      0.0000000000E+00   8.2825733181E-05   3.8256725505E-05   4.3992026944E-01   2.5057713383E-01
   15      0.0000000000E+00   3.1553619787E-03  -3.0361838939E-02   1.0317126383E-05   2.7880188835E-07
   16      0.0000000000E+00   3.0361927099E-02   3.1553746712E-03  -2.1362074157E-05  -7.4271093856E-06
   17      0.0000000000E+00  -3.6680131421E-05  -2.4198070348E-05  -2.7810326943E-01  -3.3242189943E-04
                   10                 11                 12                 13                 14        
    0     -4.5507628271E-02  -1.0425007497E-01   7.7016003961E-06  -1.0767195126E-02   7.0490801974E-02
    1      1.0425660845E-01  -4.5514572096E-02  -1.1770865583E-05  -7.0471730779E-02  -1.0767534041E-02
    2      6.8496801051E-06  -1.4445971783E-05  -1.0065259134E-01   3.0585096329E-05   9.0904570985E-06
    3      9.6798542654E-02   2.2175107568E-01  -5.0996461541E-05   1.1299803220E-01  -7.3973867826E-01
    4     -1.4349466171E-01   6.2655224602E-02   1.8777538199E-01  -1.2200967006E-01  -1.8654016684E-02
    5     -6.9469379615E-01   3.0328054046E-01   5.4280197551E-01  -2.9348213804E-01  -4.4838800252E-02
    6      3.7275004097E-02   1.7790701806E-01   1.6267112033E-01   3.8736602138E-01  -3.6485586562E-02
    7     -1.8747865741E-01   1.2218523405E-01  -9.3844335565E-02   5.8129852553E-01  -2.9301558379E-01
    8      6.1005857922E-01   4.5004277457E-01   5.4281017509E-01   1.0784745205E-01   2.7643103790E-01
    9      1.0508573620E-01   1.4826099930E-01  -1.6269396291E-01  -3.5880021861E-01  -1.5045549583E-01
   10     -2.1702189411E-01   5.4412455522E-02  -9.3798707553E-02   4.6731625362E-01   4.5323046264E-01
   11      8.4726270428E-02  -7.5329350371E-01   5.4284827138E-01   1.8550440604E-01  -2.3168834271E-01
   12      8.6762674380E-03   1.9874321786E-02  -7.0735745122E-07  -3.5957638725E-04   2.3509673808E-03
   13     -1.9874326931E-02   8.6758359690E-03   2.5929385340E-07  -2.3545318735E-03  -3.5924845502E-04
   14     -4.9227384464E-06   3.9740364833E-06  -1.0566007745E-02  -6.8986027522E-06  -4.9655980901E-07
   15     -2.6034337091E-05  -5.9563524295E-05   8.7656780221E-08  -7.8035460979E-06   5.1055440213E-05
   16      5.9543974475E-05  -2.5980283462E-05  -1.5149730096E-08  -5.1398912035E-05  -7.8606034535E-06
   17      5.9126464114E-09   3.2155620455E-08  -7.2532112921E-04   1.0689309755E-07   6.6244735217E-08
                   15                 16                 17        
     0      1.7246865694E-04   3.7335066412E-02   8.3232427450E-02
     1     -5.2092301532E-04   8.3233484495E-02  -3.7336911300E-02
     2      3.7688972290E-02   1.8560611516E-04  -1.6754013791E-04
     3      7.2105152505E-05   1.7520682387E-02   3.9020934227E-02
     4      5.5765204034E-01  -7.0097055424E-01   3.1320285290E-01
     5     -1.6486995542E-01   2.3121184492E-01  -1.0334870512E-01
     6      4.7612255058E-01   9.1477994992E-02  -6.6423625961E-01
     7     -2.7506957947E-01  -3.6949809719E-03   3.8853938997E-01
     8     -1.6228739790E-01  -2.6638123479E-02   2.5363434743E-01
     9     -4.7825956155E-01  -5.5614956101E-01  -3.7163299838E-01
    10     -2.7638702561E-01  -2.9216894745E-01  -2.5458266373E-01
    11     -1.6311079814E-01  -2.0687218569E-01  -1.4816263879E-01
    12      3.5202342753E-07   8.2286751966E-05   1.8346059712E-04
    13     -4.1745328893E-07   1.8298089832E-04  -8.2058418659E-05
    14      1.0225391441E-03   1.7222803233E-06  -2.9511247060E-06
    15     -3.2243523035E-08  -7.7685129795E-06  -1.7344234100E-05
    16      3.3301085507E-07  -1.7464900370E-05   7.8348305824E-06
    17      6.5781855112E-05   3.3137562217E-07  -2.8831948094E-07

#
# The atoms: label  mass x y z (in bohrs)
#
$atoms
6
 C     12.01100      0.000077543288    -0.000017824667     2.729235335443
 H      1.00800      0.000026371271     1.941942496511     2.081294574415
 H      1.00800      1.681847697592    -0.971002966725     2.081294435429
 H      1.00800     -1.681731217056    -0.970966883946     2.081291688828
 Cl    35.45300     -0.000006446160     0.000003251570     6.092281649689
 Br    79.90000     -0.000010598640     0.000001581817    -3.192294601811

$actual_temperature
  0.000000

$frequency_scale_factor
  1.000000


$end

