
$orca_hessian_file

$act_atom
  0

$act_coord
  0

$act_energy
      -12.553580

$multiplicity
  1

$hessian
18
                    0                  1                  2                  3                  4        
    0      5.0692149330E-01   1.0248000000E-06  -2.1300000000E-08  -4.1454819000E-02  -1.5562000000E-06
    1      1.0248000000E-06   5.0691876020E-01  -4.7275000000E-06  -1.7668000000E-06  -2.8089435180E-01
    2     -2.1300000000E-08  -4.7275000000E-06   2.4561390370E-01  -5.1920000000E-07  -7.7120763200E-02
    3     -4.1454819000E-02  -1.7668000000E-06  -5.1920000000E-07   4.4109094100E-02   1.6947000000E-06
    4     -1.5562000000E-06  -2.8089435180E-01  -7.7120763200E-02   1.6947000000E-06   3.1319232480E-01
    5     -5.9090000000E-07  -8.1501878800E-02  -5.7324452900E-02   5.1350000000E-07   8.5453134400E-02
    6     -2.2103011460E-01   1.0368839400E-01  -6.6779140000E-02  -1.2813472000E-03   1.9088203000E-03
    7      1.0367864150E-01  -1.0131109660E-01   3.8571672400E-02   2.6206229400E-02  -1.7519452000E-02
    8     -7.0582398100E-02   4.0751652400E-02  -5.7323821200E-02   6.5792276000E-03  -3.2111799000E-03
    9     -2.2103256560E-01  -1.0368764050E-01   6.6779779200E-02  -1.2815760000E-03  -1.9089918000E-03
   10     -1.0367807880E-01  -1.0130947930E-01   3.8571240800E-02  -2.6206246900E-02  -1.7518983800E-02
   11      7.0583152300E-02   4.0751347000E-02  -5.7323707300E-02  -6.5792750000E-03  -3.2111108000E-03
   12     -1.6170860000E-03  -1.5700000000E-08  -2.6450000000E-07  -5.2089670000E-04   2.3200000000E-08
   13     -1.4600000000E-08  -1.6170890000E-03  -8.9198000000E-06   2.5000000000E-08   5.1386560000E-04
   14     -1.1930000000E-07  -1.2800000000E-06   3.8801235000E-03   3.3000000000E-09  -7.3193030000E-04
   15     -2.1786908200E-02   4.2000000000E-09   1.6570000000E-07   4.2954480000E-04   9.8000000000E-09
   16     -1.6700000000E-08  -2.1786743600E-02  -8.5026000000E-06   6.4500000000E-08   2.2265971000E-03
   17     -2.2600000000E-08   4.8870000000E-06  -7.7522045700E-02   4.9800000000E-08  -1.1781502000E-03
                    5                  6                  7                  8                  9        
    0     -5.9090000000E-07  -2.2103011460E-01   1.0367864150E-01  -7.0582398100E-02  -2.2103256560E-01
    1     -8.1501878800E-02   1.0368839400E-01  -1.0131109660E-01   4.0751652400E-02  -1.0368764050E-01
    2     -5.7324452900E-02  -6.6779140000E-02   3.8571672400E-02  -5.7323821200E-02   6.6779779200E-02
    3      5.1350000000E-07  -1.2813472000E-03   2.6206229400E-02   6.5792276000E-03  -1.2815760000E-03
    4      8.5453134400E-02   1.9088203000E-03  -1.7519452000E-02  -3.2111799000E-03  -1.9089918000E-03
    5      7.2554563500E-02   5.0763480000E-04   7.3013587000E-03   4.0943666000E-03  -5.0756230000E-04
    6      5.0763480000E-04   2.4590784900E-01  -1.1652447250E-01   7.4001646900E-02  -2.5618248100E-02
    7      7.3013587000E-03  -1.1652447250E-01   1.1138716250E-01  -4.2728685700E-02  -1.2140454300E-02
    8      4.0943666000E-03   7.4001646900E-02  -4.2728685700E-02   7.2553708500E-02   6.0726402000E-03
    9     -5.0756230000E-04  -2.5618248100E-02  -1.2140454300E-02   6.0726402000E-03   2.4591061240E-01
   10      7.3012791000E-03   1.2140776400E-02   6.8412923000E-03  -4.0941403000E-03   1.1652357800E-01
   11      4.0943651000E-03  -6.0727615000E-03  -4.0941301000E-03   4.0943473000E-03  -7.4002307500E-02
   12      5.3500000000E-08   2.5047710000E-04  -4.4534100000E-04   8.6253500000E-05   2.5038060000E-04
   13      1.0131920000E-04  -4.4131320000E-04  -2.6870900000E-04  -4.8079000000E-05   4.4130600000E-04
   14     -2.9481415000E-03  -6.3287670000E-04   3.6773330000E-04  -2.9482427000E-03   6.3293050000E-04
   15     -4.8600000000E-08   1.7713837000E-03  -7.7460300000E-04  -1.6157370000E-02   1.7713966000E-03
   16     -1.8655212500E-02  -7.7220500000E-04   8.7080290000E-04   9.3304326000E-03   7.7220270000E-04
   17     -2.0470700900E-02  -1.0245035000E-03   5.8205140000E-04  -2.0470358500E-02   1.0245199000E-03
                   10                 11                 12                 13                 14        
    0     -1.0367807880E-01   7.0583152300E-02  -1.6170860000E-03  -1.4600000000E-08  -1.1930000000E-07
    1     -1.0130947930E-01   4.0751347000E-02  -1.5700000000E-08  -1.6170890000E-03  -1.2800000000E-06
    2      3.8571240800E-02  -5.7323707300E-02  -2.6450000000E-07  -8.9198000000E-06   3.8801235000E-03
    3     -2.6206246900E-02  -6.5792750000E-03  -5.2089670000E-04   2.5000000000E-08   3.3000000000E-09
    4     -1.7518983800E-02  -3.2111108000E-03   2.3200000000E-08   5.1386560000E-04  -7.3193030000E-04
    5      7.3012791000E-03   4.0943651000E-03   5.3500000000E-08   1.0131920000E-04  -2.9481415000E-03
    6      1.2140776400E-02  -6.0727615000E-03   2.5047710000E-04  -4.4131320000E-04  -6.3287670000E-04
    7      6.8412923000E-03  -4.0941301000E-03  -4.4534100000E-04  -2.6870900000E-04   3.6773330000E-04
    8     -4.0941403000E-03   4.0943473000E-03   8.6253500000E-05  -4.8079000000E-05  -2.9482427000E-03
    9      1.1652357800E-01  -7.4002307500E-02   2.5038060000E-04   4.4130600000E-04   6.3293050000E-04
   10      1.1138509910E-01  -4.2728108700E-02   4.4532850000E-04  -2.6876340000E-04   3.6774740000E-04
   11     -4.2728108700E-02   7.2553322700E-02  -8.6155000000E-05  -4.8102700000E-05  -2.9485186000E-03
   12      4.4532850000E-04  -8.6155000000E-05   6.9553690000E-04   2.0000000000E-09  -5.5500000000E-08
   13     -2.6876340000E-04  -4.8102700000E-05   2.0000000000E-09   6.9725270000E-04  -1.2606000000E-06
   14      3.6774740000E-04  -2.9485186000E-03  -5.5500000000E-08  -1.2606000000E-06   1.3868815200E-02
   15      7.7464280000E-04   1.6157346700E-02   9.4158810000E-04  -5.2000000000E-09   1.1770000000E-07
   16      8.7083510000E-04   9.3301052000E-03   3.0000000000E-09   9.4344310000E-04  -1.0099000000E-06
   17      5.8198180000E-04  -2.0469809200E-02   1.6800000000E-07   5.0429000000E-06  -8.9040359000E-03
                   15                 16                 17        
     0     -2.1786908200E-02  -1.6700000000E-08  -2.2600000000E-08
     1      4.2000000000E-09  -2.1786743600E-02   4.8870000000E-06
     2      1.6570000000E-07  -8.5026000000E-06  -7.7522045700E-02
     3      4.2954480000E-04   6.4500000000E-08   4.9800000000E-08
     4      9.8000000000E-09   2.2265971000E-03  -1.1781502000E-03
     5     -4.8600000000E-08  -1.8655212500E-02  -2.0470700900E-02
     6      1.7713837000E-03  -7.7220500000E-04  -1.0245035000E-03
     7     -7.7460300000E-04   8.7080290000E-04   5.8205140000E-04
     8     -1.6157370000E-02   9.3304326000E-03  -2.0470358500E-02
     9      1.7713966000E-03   7.7220270000E-04   1.0245199000E-03
    10      7.7464280000E-04   8.7083510000E-04   5.8198180000E-04
    11      1.6157346700E-02   9.3301052000E-03  -2.0469809200E-02
    12      9.4158810000E-04   3.0000000000E-09   1.6800000000E-07
    13     -5.2000000000E-09   9.4344310000E-04   5.0429000000E-06
    14      1.1770000000E-07  -1.0099000000E-06  -8.9040359000E-03
    15      1.6872995000E-02  -4.8500000000E-08  -2.1150000000E-07
    16     -4.8500000000E-08   1.6875065400E-02   4.1872000000E-06
    17     -2.1150000000E-07   4.1872000000E-06   1.4783695030E-01

$vibrational_frequencies
18
    0        0.0000000000000000
    1        0.0000000000000000
    2        0.0000000000000000
    3        0.0000000000000000
    4        0.0000000000000000
    5        0.0000000000000000
    6       87.3423467288709645
    7       87.4482168562895907
    8      117.6715478179188921
    9      524.4290596201553853
   10      952.0380997066112059
   11      952.0423780270465386
   12     1295.1407327238068774
   13     1437.2897266117834079
   14     1437.3902301238247219
   15     3083.2054158649211786
   16     3099.6270139545654274
   17     3099.6354827406062213

$normal_modes
18 18
                    0                  1                  2                  3                  4        
    0      0.0000000000E+00   0.0000000000E+00   0.0000000000E+00   0.0000000000E+00   0.0000000000E+00
    1      0.0000000000E+00   0.0000000000E+00   0.0000000000E+00   0.0000000000E+00   0.0000000000E+00
    2      0.0000000000E+00   0.0000000000E+00   0.0000000000E+00   0.0000000000E+00   0.0000000000E+00
    3      0.0000000000E+00   0.0000000000E+00   0.0000000000E+00   0.0000000000E+00   0.0000000000E+00
    4      0.0000000000E+00   0.0000000000E+00   0.0000000000E+00   0.0000000000E+00   0.0000000000E+00
    5      0.0000000000E+00   0.0000000000E+00   0.0000000000E+00   0.0000000000E+00   0.0000000000E+00
    6      0.0000000000E+00   0.0000000000E+00   0.0000000000E+00   0.0000000000E+00   0.0000000000E+00
    7      0.0000000000E+00   0.0000000000E+00   0.0000000000E+00   0.0000000000E+00   0.0000000000E+00
    8      0.0000000000E+00   0.0000000000E+00   0.0000000000E+00   0.0000000000E+00   0.0000000000E+00
    9      0.0000000000E+00   0.0000000000E+00   0.0000000000E+00   0.0000000000E+00   0.0000000000E+00
   10      0.0000000000E+00   0.0000000000E+00   0.0000000000E+00   0.0000000000E+00   0.0000000000E+00
   11      0.0000000000E+00   0.0000000000E+00   0.0000000000E+00   0.0000000000E+00   0.0000000000E+00
   12      0.0000000000E+00   0.0000000000E+00   0.0000000000E+00   0.0000000000E+00   0.0000000000E+00
   13      0.0000000000E+00   0.0000000000E+00   0.0000000000E+00   0.0000000000E+00   0.0000000000E+00
   14      0.0000000000E+00   0.0000000000E+00   0.0000000000E+00   0.0000000000E+00   0.0000000000E+00
   15      0.0000000000E+00   0.0000000000E+00   0.0000000000E+00   0.0000000000E+00   0.0000000000E+00
   16      0.0000000000E+00   0.0000000000E+00   0.0000000000E+00   0.0000000000E+00   0.0000000000E+00
   17      0.0000000000E+00   0.0000000000E+00   0.0000000000E+00   0.0000000000E+00   0.0000000000E+00
                    5                  6                  7                  8                  9        
    0      0.0000000000E+00   4.1480656912E-01  -6.1823146426E-04  -5.2517162957E-05  -8.6249598423E-07
    1      0.0000000000E+00  -6.1828230438E-04  -4.1482489793E-01   7.0894350281E-04   5.8666095564E-05
    2      0.0000000000E+00  -3.8426121803E-06  -1.9152720955E-05  -2.9886012163E-01   6.3800847878E-01
    3      0.0000000000E+00   4.8892005279E-01  -7.5600344259E-04  -6.1826959481E-05   8.6420072943E-07
    4      0.0000000000E+00  -7.4142296935E-04  -4.9730393152E-01  -7.8979038706E-03   4.4834457542E-02
    5      0.0000000000E+00   3.6125435464E-04   2.4499604616E-01  -2.5224063298E-01   4.3758463960E-01
    6      0.0000000000E+00   4.9520505239E-01   2.8827395163E-03  -7.6529948764E-03   3.8743274037E-02
    7      0.0000000000E+00  -4.3149776268E-03  -4.9097239851E-01   5.1803894751E-03  -2.2411300383E-02
    8      0.0000000000E+00  -2.1238696953E-01  -1.2222929856E-01  -2.5160410841E-01   4.3756815309E-01
    9      0.0000000000E+00   4.9519444188E-01  -4.3319024637E-03   7.5281948269E-03  -3.8742774673E-02
   10      0.0000000000E+00   2.8522041930E-03  -4.9102931583E-01   5.1798961857E-03  -2.2411999954E-02
   11      0.0000000000E+00   2.1201810598E-01  -1.2285927227E-01  -2.5165449333E-01   4.3757301502E-01
   12      0.0000000000E+00  -7.9047654940E-02   1.1780418651E-04  -8.5692115875E-08  -6.6660531869E-07
   13      0.0000000000E+00   1.1779820951E-04   7.9049943242E-02  -1.4408076267E-04  -8.9041862467E-06
   14      0.0000000000E+00   1.0618766340E-05   1.4417085087E-04   7.9456011303E-01  -1.4000585568E-03
   15      0.0000000000E+00  -4.5943921083E-02   6.8484030213E-05   1.0287130311E-05   4.0823684762E-07
   16      0.0000000000E+00   6.8482087741E-05   4.5945485635E-02  -7.3705957168E-05  -5.0088212854E-06
   17      0.0000000000E+00  -4.0380905779E-06  -5.9924668049E-05  -2.9810247231E-01  -1.1184870059E-01
                   10                 11                 12                 13                 14        
    0      4.5616534022E-02   1.0058924857E-01   8.6758903064E-07   6.9914276804E-04  -7.0257908350E-02
    1      1.0058971131E-01  -4.5617017691E-02  -1.7992765180E-06  -7.0240449115E-02  -6.9930169057E-04
    2     -6.7707856654E-06   4.1740404961E-06  -9.6532576960E-02   9.1471801116E-06  -4.7858409357E-07
    3     -1.0325622912E-01  -2.2768644509E-01  -5.9711000876E-06  -7.4307269170E-03   7.4606935885E-01
    4     -1.4305005247E-01   6.4874252184E-02  -1.8666491418E-01  -1.2545667121E-01  -1.2548709658E-03
    5      6.8834145297E-01  -3.1215718497E-01   5.4349475128E-01   3.0162048362E-01   3.0055206977E-03
    6     -1.1116000628E-01  -1.4756916578E-01  -1.6164286686E-01   3.7651950524E-01   9.6163941642E-02
    7     -2.2318532989E-01   5.7021145151E-02   9.3338857296E-02   5.2437532930E-01   3.8265246688E-01
    8     -7.3843397837E-02   7.5223025527E-01   5.4348162025E-01  -1.5340262008E-01   2.5966886112E-01
    9     -3.7773157273E-02  -1.8085179594E-01   1.6163938933E-01  -3.7835406047E-01   8.8644104753E-02
   10     -1.8994720746E-01   1.3033209507E-01   9.3343740244E-02   5.3189425217E-01  -3.7213270811E-01
   11     -6.1453614208E-01  -4.4006536512E-01   5.4347701482E-01  -1.4819904824E-01  -2.6266544723E-01
   12      5.2148611702E-07   1.2415207637E-06   2.3012299283E-08   1.8564556898E-06  -1.8795781677E-04
   13      2.0235295105E-06  -8.7061252188E-07   8.6237838672E-08  -1.8904527607E-04  -1.8669789662E-06
   14     -4.9630243935E-07   3.9358916277E-07  -2.1130689713E-03   9.6347904314E-07   3.0469902412E-08
   15     -3.6759921223E-03  -8.1059476119E-03  -2.1429840398E-08   1.0966003587E-05  -1.0987862180E-03
   16     -8.1054156716E-03   3.6757390860E-03   9.1225096488E-09  -1.1001146064E-03  -1.0932469238E-05
   17      1.7185351135E-06  -8.9931327327E-07  -5.1205206175E-03  -2.0399352341E-06  -5.4293285653E-08
                   15                 16                 17        
     0      7.4979483325E-06   1.5631349709E-02  -9.0228630136E-02
     1     -7.2236649952E-05  -9.0231723511E-02  -1.5631953427E-02
     2      3.8290051037E-02  -3.1340794207E-05  -2.0180126635E-06
     3      3.0437585996E-06   7.0044493064E-03  -4.0403011119E-02
     4     -5.5284947033E-01   7.6072737934E-01   1.3174476544E-01
     5     -1.6278053552E-01   2.4944549378E-01   4.3201055366E-02
     6     -4.7956487150E-01  -4.4334511979E-01   5.0006772372E-01
     7      2.7691655027E-01   2.1962613427E-01  -3.1904094438E-01
     8     -1.6308773703E-01  -1.6192879281E-01   1.9432082600E-01
     9      4.7947231702E-01   2.4927186013E-01   6.2014977131E-01
    10      2.7685958869E-01   9.9490042383E-02   3.7437070075E-01
    11     -1.6305181202E-01  -8.7117307396E-02  -2.3749612775E-01
    12      8.1964179143E-09  -1.0666095993E-05   6.1561667961E-05
    13     -8.2929869043E-07   6.1581658048E-05   1.0692150408E-05
    14      2.1997458547E-04  -1.7300942553E-07  -2.2265473022E-09
    15     -1.5224457605E-09   1.4960758131E-05  -8.6351301918E-05
    16     -4.6366026836E-07  -8.6261925785E-05  -1.4953619209E-05
    17      3.1452920229E-04  -2.5057244954E-07  -2.0555140902E-08

#
# The atoms: label  mass x y z (in bohrs)
#
$atoms
6
 C     12.01100      0.000008469689     0.000006533674     0.765287613873
 H      1.00800      0.000009118711     1.941172876437     1.403460343048
 H      1.00800      1.681109520901    -0.970577542715     1.403453813649
 H      1.00800     -1.681094581722    -0.970579405270     1.403443198792
 Cl    35.45300     -0.000083657224    -0.000082867863     6.170689751958
 Br    79.90000      0.000035543427     0.000035586765    -2.906199918908

$actual_temperature
  0.000000

$frequency_scale_factor
  1.000000


$end

