*************************************************
******************* ORCA 6.1.0 ******************
*************************************************
$Calculation_Status
   &GeometryIndex 0
   &version [&Type "String"] "6.1.0"
   &progName [&Type "String"] "orca"
   &Status [&Type "String"] "NORMAL TERMINATION"
$End
$Geometry
   &GeometryIndex 1
   &NAtoms [&Type "Integer"] 6
   &NCorelessECP [&Type "Integer"] 0
   &NGhostAtoms [&Type "Integer"] 0
   &CartesianCoordinates [&Type "Coordinates", &Dim(6,4), &Units "Bohr"] 
              C     -0.000576366471    0.000166295900    0.749841440214
              H      0.000022676714    1.941869347135    0.103163929103
              H      1.682088695504   -0.971139708853    0.103014640738
              H     -1.681557682461   -0.970860029385    0.103211172256
              Cl     0.000028345892   -0.000003779452    4.116802397818
              Br    -0.000003779452    0.000001889726   -5.035462522206
$End
$Single_Point_Data
   &GeometryIndex 1
   &FinalEnergy [&Type "Double"]      -1.2557765958439999e+01  "Final single point energy"
   &Converged [&Type "Boolean"] true
$End
$Geometry
   &GeometryIndex 2
   &NAtoms [&Type "Integer"] 6
   &NCorelessECP [&Type "Integer"] 0
   &NGhostAtoms [&Type "Integer"] 0
   &CartesianCoordinates [&Type "Coordinates", &Dim(6,4), &Units "Bohr"] 
              C     -0.000270654427    0.000081725193    0.757628563641
              H      0.000193186424    1.941564979711    0.110396191490
              H      1.681354045449   -0.970664430610    0.110479149977
              H     -1.681404603003   -0.970917408282    0.110362193689
              Cl     0.000123482006   -0.000030054998    4.125431887221
              Br     0.000006433277   -0.000000795944   -5.073726928094
$End
$Single_Point_Data
   &GeometryIndex 2
   &FinalEnergy [&Type "Double"]      -1.2557827186770000e+01  "Final single point energy"
   &Converged [&Type "Boolean"] true
$End
$Geometry
   &GeometryIndex 3
   &NAtoms [&Type "Integer"] 6
   &NCorelessECP [&Type "Integer"] 0
   &NGhostAtoms [&Type "Integer"] 0
   &CartesianCoordinates [&Type "Coordinates", &Dim(6,4), &Units "Bohr"] 
              C      0.000066482981   -0.000011585738    0.770101834507
              H      0.000082745313    1.941822897203    0.122412917504
              H      1.681595122531   -0.970836932562    0.122468416273
              H     -1.681657720706   -0.970969335979    0.122389689448
              Cl    -0.000028275235    0.000012044224    4.136104530597
              Br    -0.000056465158    0.000016927924   -5.132906330405
$End
$Single_Point_Data
   &GeometryIndex 3
   &FinalEnergy [&Type "Double"]      -1.2557869347990000e+01  "Final single point energy"
   &Converged [&Type "Boolean"] true
$End
$Geometry
   &GeometryIndex 4
   &NAtoms [&Type "Integer"] 6
   &NCorelessECP [&Type "Integer"] 0
   &NGhostAtoms [&Type "Integer"] 0
   &CartesianCoordinates [&Type "Coordinates", &Dim(6,4), &Units "Bohr"] 
              C      0.000075315706   -0.000014030105    0.773049961131
              H      0.000005098622    1.941942753820    0.125294968629
              H      1.681797508128   -0.970977152510    0.125298193029
              H     -1.681752438733   -0.970957735493    0.125290508439
              Cl    -0.000063710724    0.000022059167    4.137135025981
              Br    -0.000059883272    0.000018120192   -5.145497599285
$End
$Single_Point_Data
   &GeometryIndex 4
   &FinalEnergy [&Type "Double"]      -1.2557871442100000e+01  "Final single point energy"
   &Converged [&Type "Boolean"] true
$End
$Geometry
   &GeometryIndex 5
   &NAtoms [&Type "Integer"] 6
   &NCorelessECP [&Type "Integer"] 0
   &NGhostAtoms [&Type "Integer"] 0
   &CartesianCoordinates [&Type "Coordinates", &Dim(6,4), &Units "Bohr"] 
              C      0.000043966527   -0.000005431249    0.773813331431
              H     -0.000007205491    1.941954889930    0.125872570404
              H      1.681814120831   -0.970990573307    0.125872431417
              H     -1.681764793818   -0.970954490527    0.125869684817
              Cl    -0.000040022922    0.000015644989    4.136859645678
              Br    -0.000044175402    0.000013975235   -5.147716605822
$End
$Single_Point_Data
   &GeometryIndex 5
   &FinalEnergy [&Type "Double"]      -1.2557871637040000e+01  "Final single point energy"
   &Converged [&Type "Boolean"] true
$End
$Hessian
   &GeometryIndex 5
   &HESSIAN [&Type "ArrayOfDoubles", &Dim (18,18)] "The Hessian"
                                                         0                           1                           2                           3                           4                           5                           6                           7

0                                      5.0522711649999996e-01        -1.7777700000000001e-05        -4.9170999999999999e-06        -4.2443292500000000e-02         5.2089000000000002e-06        -1.3237999999999999e-06        -2.1742295919999999e-01         1.0102816789999999e-01
1                                     -1.7777700000000001e-05         5.0521306070000005e-01         1.0671900000000000e-05         7.3419000000000000e-06        -2.7574823160000000e-01         7.7479655999999994e-02         1.0103307640000000e-01        -1.0076629569999999e-01
2                                     -4.9170999999999999e-06         1.0671900000000000e-05         2.7533731950000001e-01        -1.3967999999999999e-06         7.3493745900000004e-02        -5.7510764200000002e-02         6.3704555199999999e-02        -3.6767641500000003e-02
3                                     -4.2443292500000000e-02         7.3419000000000000e-06        -1.3967999999999999e-06         4.4367638799999998e-02        -4.3847999999999999e-06         1.1809000000000000e-06        -1.3356290000000001e-03         2.6385737699999998e-02
4                                      5.2089000000000002e-06        -2.7574823160000000e-01         7.3493745900000004e-02        -4.3847999999999999e-06         3.0828092419999997e-01        -8.4097748999999999e-02         2.0099881999999999e-03        -1.7723248000000000e-02
5                                     -1.3237999999999999e-06         7.7479655999999994e-02        -5.7510764200000002e-02         1.1809000000000000e-06        -8.4097748999999999e-02         7.3475531400000002e-02        -2.5528040000000001e-04        -6.9910351999999997e-03
6                                     -2.1742295919999999e-01         1.0103307640000000e-01         6.3704555199999999e-02        -1.3356290000000001e-03         2.0099881999999999e-03        -2.5528040000000001e-04         2.4232682820000001e-01        -1.1429794010000000e-01
7                                      1.0102816789999999e-01        -1.0076629569999999e-01        -3.6767641500000003e-02         2.6385737699999998e-02        -1.7723248000000000e-02        -6.9910351999999997e-03        -1.1429794010000000e-01         1.1035216240000000e-01
8                                      6.7103187300000006e-02        -3.8742388400000001e-02        -5.7512665700000000e-02        -6.1808304000000001e-03         3.2752562999999999e-03         3.9961188000000002e-03        -7.2837827300000005e-02         4.2053449100000001e-02
9                                     -2.1742063319999999e-01        -1.0102278210000000e-01        -6.3699533599999997e-02        -1.3364481000000001e-03        -2.0107075000000002e-03         2.5501270000000001e-04        -2.5929654100000001e-02        -1.2184296500000000e-02
10                                    -1.0101581470000000e-01        -1.0075409250000000e-01        -3.6761822499999999e-02        -2.6388212400000000e-02        -1.7726036700000000e-02        -6.9910566000000000e-03         1.2185413799999999e-02         6.8579818999999998e-03
11                                    -6.7097766399999995e-02        -3.8736141600000003e-02        -5.7509961999999998e-02         6.1806854000000001e-03         3.2753922999999999e-03         3.9962490999999999e-03         5.9257976000000002e-03         3.7150000000000000e-03
12                                    -2.6819195000000001e-02         1.4880000000000001e-07         2.0362999999999999e-06         1.1475643000000001e-03        -1.0570000000000000e-07         1.3199999999999999e-07         2.2477261999999999e-03        -6.3518460000000000e-04
13                                     2.2910000000000001e-07        -2.6821365500000000e-02         1.3179999999999999e-05        -4.6279999999999999e-07         2.6253984999999999e-03         2.0825931200000002e-02        -6.3496229999999998e-04         1.5101288000000000e-03
14                                     7.6310000000000005e-07        -1.1977899999999999e-05        -1.0561294290000001e-01         3.8560000000000001e-07         3.6750934000000001e-03        -2.1642128900000002e-02         3.1343978000000000e-03        -1.8203738000000000e-03
15                                    -1.1210365999999999e-03        -7.3000000000000000e-09        -7.4389999999999998e-07        -3.9983350000000000e-04         8.9999999999999999e-10         2.7869999999999997e-07         1.1368780000000000e-04        -2.9648439999999999e-04
16                                    -1.3500000000000000e-08        -1.1230754000000000e-03         1.1866100000000000e-05        -1.9499999999999999e-08         2.9119349999999998e-04        -2.2574630000000000e-04        -2.9557610000000001e-04        -2.3072939999999999e-04
17                                     5.7000000000000001e-08         1.8000000000000000e-07         2.8090152999999999e-03        -2.4699999999999999e-08         3.7826110000000000e-04        -2.3150062000000002e-03         3.2835710000000002e-04        -1.8939860000000001e-04
                                                         8                           9                          10                          11                          12                          13                          14                          15

0                                      6.7103187300000006e-02        -2.1742063319999999e-01        -1.0101581470000000e-01        -6.7097766399999995e-02        -2.6819195000000001e-02         2.2910000000000001e-07         7.6310000000000005e-07        -1.1210365999999999e-03
1                                     -3.8742388400000001e-02        -1.0102278210000000e-01        -1.0075409250000000e-01        -3.8736141600000003e-02         1.4880000000000001e-07        -2.6821365500000000e-02        -1.1977899999999999e-05        -7.3000000000000000e-09
2                                     -5.7512665700000000e-02        -6.3699533599999997e-02        -3.6761822499999999e-02        -5.7509961999999998e-02         2.0362999999999999e-06         1.3179999999999999e-05        -1.0561294290000001e-01        -7.4389999999999998e-07
3                                     -6.1808304000000001e-03        -1.3364481000000001e-03        -2.6388212400000000e-02         6.1806854000000001e-03         1.1475643000000001e-03        -4.6279999999999999e-07         3.8560000000000001e-07        -3.9983350000000000e-04
4                                      3.2752562999999999e-03        -2.0107075000000002e-03        -1.7726036700000000e-02         3.2753922999999999e-03        -1.0570000000000000e-07         2.6253984999999999e-03         3.6750934000000001e-03         8.9999999999999999e-10
5                                      3.9961188000000002e-03         2.5501270000000001e-04        -6.9910566000000000e-03         3.9962490999999999e-03         1.3199999999999999e-07         2.0825931200000002e-02        -2.1642128900000002e-02         2.7869999999999997e-07
6                                     -7.2837827300000005e-02        -2.5929654100000001e-02         1.2185413799999999e-02         5.9257976000000002e-03         2.2477261999999999e-03        -6.3496229999999998e-04         3.1343978000000000e-03         1.1368780000000000e-04
7                                      4.2053449100000001e-02        -1.2184296500000000e-02         6.8579818999999998e-03         3.7150000000000000e-03        -6.3518460000000000e-04         1.5101288000000000e-03        -1.8203738000000000e-03        -2.9648439999999999e-04
8                                      7.3474616899999998e-02        -5.9257681999999997e-03         3.7151599999999999e-03         3.9960830999999997e-03         1.8035934500000000e-02        -1.0413675900000001e-02        -2.1639352500000000e-02        -1.9469579999999999e-04
9                                     -5.9257681999999997e-03         2.4232486070000001e-01         1.1428707740000001e-01         7.2832960200000005e-02         2.2481227000000002e-03         6.3512360000000001e-04        -3.1342510999999998e-03         1.1375210000000000e-04
10                                     3.7151599999999999e-03         1.1428707740000001e-01         1.1034323130000000e-01         4.2047788699999998e-02         6.3503750000000003e-04         1.5096948000000001e-03        -1.8206698999999999e-03         2.9649839999999999e-04
11                                     3.9960830999999997e-03         7.2832960200000005e-02         4.2047788699999998e-02         7.3475254000000004e-02        -1.8036832799999999e-02        -1.0414105999999999e-02        -2.1642384300000001e-02         1.9515590000000001e-04
12                                     1.8035934500000000e-02         2.2481227000000002e-03         6.3503750000000003e-04        -1.8036832799999999e-02         2.0433504000000002e-02         6.5299999999999996e-08        -1.3134000000000000e-06         7.4227780000000001e-04
13                                    -1.0413675900000001e-02         6.3512360000000001e-04         1.5096948000000001e-03        -1.0414105999999999e-02         6.5299999999999996e-08         2.0433799300000000e-02        -1.1508600000000000e-05         7.2000000000000000e-09
14                                    -2.1639352500000000e-02        -3.1342510999999998e-03        -1.8206698999999999e-03        -2.1642384300000001e-02        -1.3134000000000000e-06        -1.1508600000000000e-05         1.7697937370000000e-01         1.7999999999999999e-08
15                                    -1.9469579999999999e-04         1.1375210000000000e-04         2.9649839999999999e-04         1.9515590000000001e-04         7.4227780000000001e-04         7.2000000000000000e-09         1.7999999999999999e-08         5.5115239999999999e-04
16                                     1.1219889999999999e-04         2.9558520000000002e-04        -2.3077880000000001e-04         1.1206660000000000e-04         3.8700000000000002e-08         7.4234409999999996e-04        -1.0563100000000001e-05        -1.4800000000000000e-08
17                                    -2.3148006999999999e-03        -3.2841990000000002e-04        -1.8939970000000000e-04        -2.3152398000000000e-03         4.3399999999999998e-08         1.7930000000000000e-07        -6.4425649999999999e-03        -1.2900000000000000e-08
                                                        16                          17

0                                     -1.3500000000000000e-08         5.7000000000000001e-08
1                                     -1.1230754000000000e-03         1.8000000000000000e-07
2                                      1.1866100000000000e-05         2.8090152999999999e-03
3                                     -1.9499999999999999e-08        -2.4699999999999999e-08
4                                      2.9119349999999998e-04         3.7826110000000000e-04
5                                     -2.2574630000000000e-04        -2.3150062000000002e-03
6                                     -2.9557610000000001e-04         3.2835710000000002e-04
7                                     -2.3072939999999999e-04        -1.8939860000000001e-04
8                                      1.1219889999999999e-04        -2.3148006999999999e-03
9                                      2.9558520000000002e-04        -3.2841990000000002e-04
10                                    -2.3077880000000001e-04        -1.8939970000000000e-04
11                                     1.1206660000000000e-04        -2.3152398000000000e-03
12                                     3.8700000000000002e-08         4.3399999999999998e-08
13                                     7.4234409999999996e-04         1.7930000000000000e-07
14                                    -1.0563100000000001e-05        -6.4425649999999999e-03
15                                    -1.4800000000000000e-08        -1.2900000000000000e-08
16                                     5.5104600000000002e-04         1.7779999999999999e-07
17                                     1.7779999999999999e-07         1.0578596300000000e-02
   &MODES [&Type "ArrayOfDoubles", &Dim (18,18)] "The modes of vibrations"
                                                         0                           1                           2                           3                           4                           5                           6                           7

0                                      0.0000000000000000e+00         0.0000000000000000e+00         0.0000000000000000e+00         0.0000000000000000e+00         0.0000000000000000e+00         0.0000000000000000e+00        -2.2840000345036755e-02         2.1977326676150180e-01
1                                      0.0000000000000000e+00         0.0000000000000000e+00         0.0000000000000000e+00         0.0000000000000000e+00         0.0000000000000000e+00         0.0000000000000000e+00        -2.1977374766964830e-01        -2.2840067574829977e-02
2                                      0.0000000000000000e+00         0.0000000000000000e+00         0.0000000000000000e+00         0.0000000000000000e+00         0.0000000000000000e+00         0.0000000000000000e+00        -2.6473917816499953e-06         2.1347066155964327e-05
3                                      0.0000000000000000e+00         0.0000000000000000e+00         0.0000000000000000e+00         0.0000000000000000e+00         0.0000000000000000e+00         0.0000000000000000e+00        -2.8109027002739342e-02         2.7001855866234625e-01
4                                      0.0000000000000000e+00         0.0000000000000000e+00         0.0000000000000000e+00         0.0000000000000000e+00         0.0000000000000000e+00         0.0000000000000000e+00        -2.7357549935267744e-01        -2.8430696521652674e-02
5                                      0.0000000000000000e+00         0.0000000000000000e+00         0.0000000000000000e+00         0.0000000000000000e+00         0.0000000000000000e+00         0.0000000000000000e+00        -1.5892330961797746e-01        -1.6495107298328267e-02
6                                      0.0000000000000000e+00         0.0000000000000000e+00         0.0000000000000000e+00         0.0000000000000000e+00         0.0000000000000000e+00         0.0000000000000000e+00        -2.6772108176873390e-02         2.7283256741280754e-01
7                                      0.0000000000000000e+00         0.0000000000000000e+00         0.0000000000000000e+00         0.0000000000000000e+00         0.0000000000000000e+00         0.0000000000000000e+00        -2.7068826046042638e-01        -2.9694547664299464e-02
8                                      0.0000000000000000e+00         0.0000000000000000e+00         0.0000000000000000e+00         0.0000000000000000e+00         0.0000000000000000e+00         0.0000000000000000e+00         6.5173055955488959e-02         1.4591691413515195e-01
9                                      0.0000000000000000e+00         0.0000000000000000e+00         0.0000000000000000e+00         0.0000000000000000e+00         0.0000000000000000e+00         0.0000000000000000e+00        -2.9856555667383985e-02         2.7251060402038613e-01
10                                     0.0000000000000000e+00         0.0000000000000000e+00         0.0000000000000000e+00         0.0000000000000000e+00         0.0000000000000000e+00         0.0000000000000000e+00        -2.7108947966550589e-01        -2.6610295031422510e-02
11                                     0.0000000000000000e+00         0.0000000000000000e+00         0.0000000000000000e+00         0.0000000000000000e+00         0.0000000000000000e+00         0.0000000000000000e+00         9.3778637700233786e-02        -1.2935485692789228e-01
12                                     0.0000000000000000e+00         0.0000000000000000e+00         0.0000000000000000e+00         0.0000000000000000e+00         0.0000000000000000e+00         0.0000000000000000e+00         6.1562205720835043e-03        -5.9236573455274229e-02
13                                     0.0000000000000000e+00         0.0000000000000000e+00         0.0000000000000000e+00         0.0000000000000000e+00         0.0000000000000000e+00         0.0000000000000000e+00         5.9236511509725108e-02         6.1561528133392811e-03
14                                     0.0000000000000000e+00         0.0000000000000000e+00         0.0000000000000000e+00         0.0000000000000000e+00         0.0000000000000000e+00         0.0000000000000000e+00         4.6483212838236702e-05         2.1470397847021667e-05
15                                     0.0000000000000000e+00         0.0000000000000000e+00         0.0000000000000000e+00         0.0000000000000000e+00         0.0000000000000000e+00         0.0000000000000000e+00         1.7708429108377090e-03        -1.7039638201487666e-02
16                                     0.0000000000000000e+00         0.0000000000000000e+00         0.0000000000000000e+00         0.0000000000000000e+00         0.0000000000000000e+00         0.0000000000000000e+00         1.7039630864834811e-02         1.7708559384365327e-03
17                                     0.0000000000000000e+00         0.0000000000000000e+00         0.0000000000000000e+00         0.0000000000000000e+00         0.0000000000000000e+00         0.0000000000000000e+00        -2.0585514794891235e-05        -1.3580414701783640e-05
                                                         8                           9                          10                          11                          12                          13                          14                          15

0                                     -3.6006029295276207e-05         5.3888597500527931e-06        -4.2133410946410106e-02        -9.6520672226528464e-02         7.2664441456251331e-06        -1.0437783636121559e-02         6.8333273824766685e-02         1.7046311119934017e-04
1                                      6.9362812792556530e-05         3.7123550101750227e-05         9.6526377981837011e-02        -4.2139989790049875e-02        -1.1105787486785500e-05        -6.8315719158207139e-02        -1.0437969656286726e-02        -5.1486548025880536e-04
2                                      1.1154219816940088e-01        -2.2965150255649755e-01         6.3418024116649500e-06        -1.3374905560771380e-05        -9.4965513069686730e-02         2.9649376113118254e-05         8.8122233924165575e-06         3.7250707393402131e-02
3                                     -4.4157557441987085e-05        -7.4965346167682724e-07         8.9621299364413584e-02         2.0530980814874117e-01        -4.8115056657680605e-05         1.0954097121715578e-01        -7.1709732681225469e-01         7.1266680260535895e-05
4                                     -1.1706257660673808e-03         1.4826702169333581e-02        -1.3285507902844201e-01         5.8009784634106436e-02         1.7716568699907614e-01        -1.1827690709829207e-01        -1.8083068915737369e-02         5.5116740309627199e-01
5                                      1.0530584241284381e-01        -1.5349953036499542e-01        -6.4318489684335023e-01         2.8079444208689486e-01         5.1213254834842015e-01        -2.8450334763449814e-01        -4.3466408805271063e-02        -1.6295277090918123e-01
6                                     -1.1333697488586255e-03         1.2885868929216907e-02         3.4511204501489069e-02         1.6471647605330222e-01         1.5347986771805433e-01         3.7551494812439179e-01        -3.5368863842901520e-02         4.7058597614978398e-01
7                                      7.1423377031674896e-04        -7.3477516596278337e-03        -1.7357782895985591e-01         1.1312606662672967e-01        -8.8541937739542720e-02         5.6351428265517767e-01        -2.8404718858857902e-01        -2.7187094249006416e-01
8                                      1.0520854476772436e-01        -1.5346183828950619e-01         5.6482505891599066e-01         4.1667529874688219e-01         5.1214028463368610e-01         1.0454796788519770e-01         2.6797024970357847e-01        -1.6040024456734081e-01
9                                      1.0441478918776855e-03        -1.2883770706961496e-02         9.7294029073579882e-02         1.3726849905612268e-01        -1.5350141964674852e-01        -3.4782308731631639e-01        -1.4585046994412981e-01        -4.7269813696600238e-01
10                                     7.1375515608813488e-04        -7.3456505819722243e-03        -2.0093054717207562e-01         5.0378158346406694e-02        -8.8498887803911894e-02         4.5301918354513382e-01         4.3935833387948364e-01        -2.7317306874932618e-01
11                                     1.0525273682250498e-01        -1.5343728775042192e-01         7.8444140147871141e-02        -6.9744213980502134e-01         5.1217622840805410e-01         1.7982908558552879e-01        -2.2459700444788322e-01        -1.6121406992678494e-01
12                                     1.0170556849969394e-05        -2.0926169492373891e-06         8.0329552502437646e-03         1.8400781959590471e-02        -6.6739030148750921e-07        -3.4857550986424935e-04         2.2790107827558802e-03         3.4792993541471691e-07
13                                    -1.8765872064268709e-05        -1.0277151516214023e-05        -1.8400721278296350e-02         8.0325843419817976e-03         2.4464321778917379e-07        -2.2824973423868633e-03        -3.4825285512991242e-04        -4.1259894796313990e-07
14                                     1.1011535994688261e-01         9.1165468085082371e-02        -4.5577361383668864e-06         3.6793898990665211e-06        -9.9690065924034569e-03        -6.6875469495904140e-06        -4.8136148900764746e-07         1.0106485833877566e-03
15                                     2.5824545131649202e-06         1.0143425405957528e-07        -2.4103990144660160e-05        -5.5147311949421060e-05         8.2703991989233465e-08        -7.5648044650790938e-06         4.9492774640338501e-05        -3.1868580355143886e-08
16                                    -5.3470882074725928e-06        -2.7021456160601747e-06         5.5129015535076406e-05        -2.4054029938574830e-05        -1.4293739210501759e-08        -4.9826414092218692e-05        -7.6200121600494345e-06         3.2913844998415036e-07
17                                    -6.9611344923712140e-02        -1.2094239246771354e-04         5.4742461977210213e-09         2.9771509546772565e-08        -6.8433899475337293e-04         1.0362281090083521e-07         6.4217167406594789e-08         6.5016913110565338e-05
                                                        16                          17

0                                      3.5604618766737657e-02         7.9374694834775036e-02
1                                      7.9375685351499151e-02        -3.5606386012066636e-02
2                                      1.7700343420532831e-04        -1.5977483448200810e-04
3                                      1.6708614095937283e-02         3.7212356305013711e-02
4                                     -6.6848118268080803e-01         2.9868624083144529e-01
5                                      2.2049537831199975e-01        -9.8558604877686209e-02
6                                      8.7238070004466012e-02        -6.3344963038707580e-01
7                                     -3.5237218384064077e-03         3.7053101122755916e-01
8                                     -2.5403469774390525e-02         2.4187867088787213e-01
9                                     -5.3037251571342514e-01        -3.5440821252583704e-01
10                                    -2.7862717249841273e-01        -2.4278303375754662e-01
11                                    -1.9728384098334775e-01        -1.4129546139850155e-01
12                                     7.8472833046561627e-05         1.7495739769330008e-04
13                                     1.7449989386730393e-04        -7.8255100075973552e-05
14                                     1.6424541380446393e-06        -2.8143432810392194e-06
15                                    -7.4084492035000704e-06        -1.6540347686376696e-05
16                                    -1.6655417526481429e-05         7.4716946940714155e-06
17                                     3.1601665216680485e-07        -2.7495618613052916e-07
$End
$THERMOCHEMISTRY_Energies
   &GeometryIndex 5
   &temperature [&Type "Double"]       2.9814999999999998e+02
   &pressure [&Type "Double"]       1.0000000000000000e+00
   &totalMass [&Type "Double"]       1.3038800000000001e+02
   &spinDegeneracy [&Type "Integer"] 1
   &elEnergy [&Type "Double"]      -1.2557871637040000e+01
   &transEnergy [&Type "Double"]       1.4162714244859817e-03
   &rotEnergy [&Type "Double"]       1.4162714244859817e-03
   &vibEnergy [&Type "Double"]       2.5014727704473971e-03
   &numOfFreqs [&Type "Integer"] 18
   &freqScalingFactor [&Type "Double"]       1.0000000000000000e+00
   &FREQ [&Type "ArrayOfDoubles", &Units "cm^-1", &Dim (18,1)] 
                                                         0

0                                      0.0000000000000000e+00
1                                      0.0000000000000000e+00
2                                      0.0000000000000000e+00
3                                      0.0000000000000000e+00
4                                      0.0000000000000000e+00
5                                      0.0000000000000000e+00
6                                      8.7926648158906914e+01
7                                      8.7937533135944008e+01
8                                      9.4128613786351238e+01
9                                      6.4264731521530689e+02
10                                     9.8460000167976943e+02
11                                     9.8461517278298788e+02
12                                     1.3126366950618631e+03
13                                     1.4383915551962925e+03
14                                     1.4385029333179696e+03
15                                     3.0610562030048468e+03
16                                     3.0741357379905180e+03
17                                     3.0742110302873321e+03
   &zpe [&Type "Double"]       3.7090367484653206e-02
   &innerEnergyU [&Type "Double"]      -1.2515447253935928e+01
   &enthalpyH [&Type "Double"]      -1.2514503044893669e+01
   &qEl [&Type "Double"]       0.0000000000000000e+00
   &qRot [&Type "Double"]       1.1102113143459663e-02
   &qVib [&Type "Double"]       4.9167163614729104e-03
   &qTrans [&Type "Double"]       1.9247041860113716e-02
   &entropyS [&Type "Double"]       3.5265871365046289e-02
   &freeEnergyG [&Type "Double"]      -1.2549768916258715e+01
   &isLinear [&Type "Boolean"] false
$End
$Calculation_Info
   &GeometryIndex 5
   &Mult [&Type "Integer"] 1
   &Charge [&Type "Integer"] -1
   &NumOfAtoms [&Type "Integer"] 6
   &NumOfElectrons [&Type "Integer"] 0
   &NumOfBasisFuncts [&Type "Integer"] 0
   &NumOfAuxCBasisFuncts [&Type "Integer"] 0
   &NumOfAuxJBasisFuncts [&Type "Integer"] 0
   &NumOfAuxJKBasisFuncts [&Type "Integer"] 0
   &NumOfCABSBasisFuncts [&Type "Integer"] 0
$End
$Calculation_Timings
   &GeometryIndex 5
   &GSTEP [&Type "Double"]       1.0917999999999983e-02
   &XTB [&Type "Double"]       1.0893830000000004e+00
   &XTBGRAD [&Type "Double"]       1.7369999999998775e-03
   &SUM [&Type "Double"]       1.1020380000000003e+00
$End
