*************************************************
******************* ORCA 6.1.0 ******************
*************************************************
$Calculation_Status
   &GeometryIndex 0
   &version [&Type "String"] "6.1.0"
   &progName [&Type "String"] "orca"
   &Status [&Type "String"] "NORMAL TERMINATION"
$End
$Geometry
   &GeometryIndex 1
   &NAtoms [&Type "Integer"] 6
   &NCorelessECP [&Type "Integer"] 0
   &NGhostAtoms [&Type "Integer"] 0
   &CartesianCoordinates [&Type "Coordinates", &Dim(6,4), &Units "Bohr"] 
              C      0.000230546588    0.000213539053   -0.624790703028
              H      0.000105824663    1.941219281344    0.012302117132
              H      1.681189185865   -0.970470745801    0.012307786310
              H     -1.681075802297   -0.970527437585    0.012349360285
              Cl    -0.000017007535   -0.000018897261    4.669122103610
              Br     0.000098265759    0.000094486307   -4.301765012354
$End
$Single_Point_Data
   &GeometryIndex 1
   &FinalEnergy [&Type "Double"]      -1.2553492026090000e+01  "Final single point energy"
   &Converged [&Type "Boolean"] true
$End
$Geometry
   &GeometryIndex 2
   &NAtoms [&Type "Integer"] 6
   &NCorelessECP [&Type "Integer"] 0
   &NGhostAtoms [&Type "Integer"] 0
   &CartesianCoordinates [&Type "Coordinates", &Dim(6,4), &Units "Bohr"] 
              C      0.000165706213    0.000155303879   -0.632822665664
              H      0.000067368312    1.940713066527    0.004740655835
              H      1.680690524596   -0.970240223328    0.004728958275
              H     -1.680459311896   -0.970184481045    0.004702161072
              Cl    -0.000016357112   -0.000016778788    4.708941458265
              Br     0.000083082931    0.000083338812   -4.310764915827
$End
$Single_Point_Data
   &GeometryIndex 2
   &FinalEnergy [&Type "Double"]      -1.2553552542400000e+01  "Final single point energy"
   &Converged [&Type "Boolean"] true
$End
$Geometry
   &GeometryIndex 3
   &NAtoms [&Type "Integer"] 6
   &NCorelessECP [&Type "Integer"] 0
   &NGhostAtoms [&Type "Integer"] 0
   &CartesianCoordinates [&Type "Coordinates", &Dim(6,4), &Units "Bohr"] 
              C      0.000106853230    0.000102250520   -0.641866860581
              H      0.000081881766    1.941159477971   -0.004123477112
              H      1.681090049399   -0.970451086601   -0.004133115217
              H     -1.680863956999   -0.970415059302   -0.004155367724
              Cl     0.000001705521    0.000000968320    4.750867618115
              Br     0.000114480126    0.000113675148   -4.317063145526
$End
$Single_Point_Data
   &GeometryIndex 3
   &FinalEnergy [&Type "Double"]      -1.2553578704610000e+01  "Final single point energy"
   &Converged [&Type "Boolean"] true
$End
$Geometry
   &GeometryIndex 4
   &NAtoms [&Type "Integer"] 6
   &NCorelessECP [&Type "Integer"] 0
   &NGhostAtoms [&Type "Integer"] 0
   &CartesianCoordinates [&Type "Coordinates", &Dim(6,4), &Units "Bohr"] 
              C      0.000099003802    0.000095171260   -0.644061154572
              H      0.000095696098    1.941288558570   -0.006209434756
              H      1.681218434555   -0.970505267496   -0.006216036302
              H     -1.681014905523   -0.970498218603   -0.006227159563
              Cl     0.000006891653    0.000005835294    4.759148518032
              Br     0.000125892458    0.000124147032   -4.316909080884
$End
$Single_Point_Data
   &GeometryIndex 4
   &FinalEnergy [&Type "Double"]      -1.2553580187870001e+01  "Final single point energy"
   &Converged [&Type "Boolean"] true
$End
$Geometry
   &GeometryIndex 5
   &NAtoms [&Type "Integer"] 6
   &NCorelessECP [&Type "Integer"] 0
   &NGhostAtoms [&Type "Integer"] 0
   &CartesianCoordinates [&Type "Coordinates", &Dim(6,4), &Units "Bohr"] 
              C      0.000099569566    0.000095707846   -0.644813911203
              H      0.000100218588    1.941262050608   -0.006641182028
              H      1.681200620778   -0.970488368544   -0.006647711428
              H     -1.681003481844   -0.970490231099   -0.006658326284
              Cl     0.000007442653    0.000006306308    4.760588226882
              Br     0.000126643304    0.000124760936   -4.316301443984
$End
$Single_Point_Data
   &GeometryIndex 5
   &FinalEnergy [&Type "Double"]      -1.2553580428680000e+01  "Final single point energy"
   &Converged [&Type "Boolean"] true
$End
$Hessian
   &GeometryIndex 5
   &HESSIAN [&Type "ArrayOfDoubles", &Dim (18,18)] "The Hessian"
                                                         0                           1                           2                           3                           4                           5                           6                           7

0                                      5.0692149330000003e-01         1.0247999999999999e-06        -2.1299999999999999e-08        -4.1454818999999997e-02        -1.5562000000000000e-06        -5.9090000000000003e-07        -2.2103011459999999e-01         1.0367864150000000e-01
1                                      1.0247999999999999e-06         5.0691876020000004e-01        -4.7275000000000001e-06        -1.7668000000000000e-06        -2.8089435180000000e-01        -8.1501878799999997e-02         1.0368839400000000e-01        -1.0131109660000000e-01
2                                     -2.1299999999999999e-08        -4.7275000000000001e-06         2.4561390370000000e-01        -5.1920000000000004e-07        -7.7120763199999998e-02        -5.7324452900000003e-02        -6.6779140000000001e-02         3.8571672400000000e-02
3                                     -4.1454818999999997e-02        -1.7668000000000000e-06        -5.1920000000000004e-07         4.4109094100000003e-02         1.6947000000000001e-06         5.1350000000000004e-07        -1.2813472000000000e-03         2.6206229399999999e-02
4                                     -1.5562000000000000e-06        -2.8089435180000000e-01        -7.7120763199999998e-02         1.6947000000000001e-06         3.1319232479999998e-01         8.5453134400000005e-02         1.9088203000000000e-03        -1.7519452000000001e-02
5                                     -5.9090000000000003e-07        -8.1501878799999997e-02        -5.7324452900000003e-02         5.1350000000000004e-07         8.5453134400000005e-02         7.2554563500000002e-02         5.0763480000000003e-04         7.3013586999999998e-03
6                                     -2.2103011459999999e-01         1.0368839400000000e-01        -6.6779140000000001e-02        -1.2813472000000000e-03         1.9088203000000000e-03         5.0763480000000003e-04         2.4590784900000001e-01        -1.1652447250000000e-01
7                                      1.0367864150000000e-01        -1.0131109660000000e-01         3.8571672400000000e-02         2.6206229399999999e-02        -1.7519452000000001e-02         7.3013586999999998e-03        -1.1652447250000000e-01         1.1138716250000000e-01
8                                     -7.0582398099999999e-02         4.0751652399999998e-02        -5.7323821200000000e-02         6.5792276000000002e-03        -3.2111799000000001e-03         4.0943665999999997e-03         7.4001646899999995e-02        -4.2728685699999998e-02
9                                     -2.2103256560000001e-01        -1.0368764050000000e-01         6.6779779200000000e-02        -1.2815760000000000e-03        -1.9089917999999999e-03        -5.0756230000000002e-04        -2.5618248100000001e-02        -1.2140454300000001e-02
10                                    -1.0367807880000000e-01        -1.0130947930000000e-01         3.8571240800000003e-02        -2.6206246900000001e-02        -1.7518983799999999e-02         7.3012791000000004e-03         1.2140776400000001e-02         6.8412923000000002e-03
11                                     7.0583152299999993e-02         4.0751347000000000e-02        -5.7323707299999999e-02        -6.5792749999999999e-03        -3.2111107999999999e-03         4.0943650999999996e-03        -6.0727615000000000e-03        -4.0941301000000001e-03
12                                    -1.6170860000000000e-03        -1.5700000000000002e-08        -2.6450000000000002e-07        -5.2089669999999999e-04         2.3199999999999999e-08         5.3500000000000003e-08         2.5047710000000001e-04        -4.4534099999999998e-04
13                                    -1.4600000000000000e-08        -1.6170889999999999e-03        -8.9198000000000006e-06         2.4999999999999999e-08         5.1386559999999995e-04         1.0131920000000000e-04        -4.4131319999999999e-04        -2.6870900000000001e-04
14                                    -1.1929999999999999e-07        -1.2800000000000000e-06         3.8801234999999998e-03         3.3000000000000002e-09        -7.3193029999999999e-04        -2.9481415000000002e-03        -6.3287670000000001e-04         3.6773330000000002e-04
15                                    -2.1786908200000000e-02         4.2000000000000004e-09         1.6570000000000001e-07         4.2954480000000002e-04         9.8000000000000001e-09        -4.8599999999999998e-08         1.7713837000000001e-03        -7.7460300000000001e-04
16                                    -1.6700000000000001e-08        -2.1786743599999998e-02        -8.5026000000000006e-06         6.4500000000000002e-08         2.2265970999999999e-03        -1.8655212500000001e-02        -7.7220499999999998e-04         8.7080290000000004e-04
17                                    -2.2600000000000001e-08         4.8870000000000000e-06        -7.7522045700000000e-02         4.9800000000000003e-08        -1.1781502000000001e-03        -2.0470700900000000e-02        -1.0245034999999999e-03         5.8205140000000002e-04
                                                         8                           9                          10                          11                          12                          13                          14                          15

0                                     -7.0582398099999999e-02        -2.2103256560000001e-01        -1.0367807880000000e-01         7.0583152299999993e-02        -1.6170860000000000e-03        -1.4600000000000000e-08        -1.1929999999999999e-07        -2.1786908200000000e-02
1                                      4.0751652399999998e-02        -1.0368764050000000e-01        -1.0130947930000000e-01         4.0751347000000000e-02        -1.5700000000000002e-08        -1.6170889999999999e-03        -1.2800000000000000e-06         4.2000000000000004e-09
2                                     -5.7323821200000000e-02         6.6779779200000000e-02         3.8571240800000003e-02        -5.7323707299999999e-02        -2.6450000000000002e-07        -8.9198000000000006e-06         3.8801234999999998e-03         1.6570000000000001e-07
3                                      6.5792276000000002e-03        -1.2815760000000000e-03        -2.6206246900000001e-02        -6.5792749999999999e-03        -5.2089669999999999e-04         2.4999999999999999e-08         3.3000000000000002e-09         4.2954480000000002e-04
4                                     -3.2111799000000001e-03        -1.9089917999999999e-03        -1.7518983799999999e-02        -3.2111107999999999e-03         2.3199999999999999e-08         5.1386559999999995e-04        -7.3193029999999999e-04         9.8000000000000001e-09
5                                      4.0943665999999997e-03        -5.0756230000000002e-04         7.3012791000000004e-03         4.0943650999999996e-03         5.3500000000000003e-08         1.0131920000000000e-04        -2.9481415000000002e-03        -4.8599999999999998e-08
6                                      7.4001646899999995e-02        -2.5618248100000001e-02         1.2140776400000001e-02        -6.0727615000000000e-03         2.5047710000000001e-04        -4.4131319999999999e-04        -6.3287670000000001e-04         1.7713837000000001e-03
7                                     -4.2728685699999998e-02        -1.2140454300000001e-02         6.8412923000000002e-03        -4.0941301000000001e-03        -4.4534099999999998e-04        -2.6870900000000001e-04         3.6773330000000002e-04        -7.7460300000000001e-04
8                                      7.2553708499999994e-02         6.0726401999999999e-03        -4.0941403000000001e-03         4.0943472999999996e-03         8.6253499999999997e-05        -4.8078999999999998e-05        -2.9482427000000000e-03        -1.6157370000000001e-02
9                                      6.0726401999999999e-03         2.4591061240000001e-01         1.1652357800000000e-01        -7.4002307500000003e-02         2.5038060000000001e-04         4.4130599999999998e-04         6.3293050000000003e-04         1.7713965999999999e-03
10                                    -4.0941403000000001e-03         1.1652357800000000e-01         1.1138509910000000e-01        -4.2728108700000003e-02         4.4532850000000000e-04        -2.6876340000000002e-04         3.6774740000000000e-04         7.7464280000000003e-04
11                                     4.0943472999999996e-03        -7.4002307500000003e-02        -4.2728108700000003e-02         7.2553322700000006e-02        -8.6155000000000004e-05        -4.8102700000000003e-05        -2.9485186000000000e-03         1.6157346699999998e-02
12                                     8.6253499999999997e-05         2.5038060000000001e-04         4.4532850000000000e-04        -8.6155000000000004e-05         6.9553690000000005e-04         2.0000000000000001e-09        -5.5500000000000001e-08         9.4158809999999996e-04
13                                    -4.8078999999999998e-05         4.4130599999999998e-04        -2.6876340000000002e-04        -4.8102700000000003e-05         2.0000000000000001e-09         6.9725270000000001e-04        -1.2606000000000001e-06        -5.2000000000000002e-09
14                                    -2.9482427000000000e-03         6.3293050000000003e-04         3.6774740000000000e-04        -2.9485186000000000e-03        -5.5500000000000001e-08        -1.2606000000000001e-06         1.3868815200000001e-02         1.1770000000000000e-07
15                                    -1.6157370000000001e-02         1.7713965999999999e-03         7.7464280000000003e-04         1.6157346699999998e-02         9.4158809999999996e-04        -5.2000000000000002e-09         1.1770000000000000e-07         1.6872994999999998e-02
16                                     9.3304326000000007e-03         7.7220269999999996e-04         8.7083509999999996e-04         9.3301051999999992e-03         3.0000000000000000e-09         9.4344310000000001e-04        -1.0099000000000001e-06        -4.8499999999999998e-08
17                                    -2.0470358500000001e-02         1.0245199000000001e-03         5.8198180000000003e-04        -2.0469809200000001e-02         1.6800000000000000e-07         5.0428999999999996e-06        -8.9040358999999993e-03        -2.1150000000000001e-07
                                                        16                          17

0                                     -1.6700000000000001e-08        -2.2600000000000001e-08
1                                     -2.1786743599999998e-02         4.8870000000000000e-06
2                                     -8.5026000000000006e-06        -7.7522045700000000e-02
3                                      6.4500000000000002e-08         4.9800000000000003e-08
4                                      2.2265970999999999e-03        -1.1781502000000001e-03
5                                     -1.8655212500000001e-02        -2.0470700900000000e-02
6                                     -7.7220499999999998e-04        -1.0245034999999999e-03
7                                      8.7080290000000004e-04         5.8205140000000002e-04
8                                      9.3304326000000007e-03        -2.0470358500000001e-02
9                                      7.7220269999999996e-04         1.0245199000000001e-03
10                                     8.7083509999999996e-04         5.8198180000000003e-04
11                                     9.3301051999999992e-03        -2.0469809200000001e-02
12                                     3.0000000000000000e-09         1.6800000000000000e-07
13                                     9.4344310000000001e-04         5.0428999999999996e-06
14                                    -1.0099000000000001e-06        -8.9040358999999993e-03
15                                    -4.8499999999999998e-08        -2.1150000000000001e-07
16                                     1.6875065400000000e-02         4.1872000000000003e-06
17                                     4.1872000000000003e-06         1.4783695029999999e-01
   &MODES [&Type "ArrayOfDoubles", &Dim (18,18)] "The modes of vibrations"
                                                         0                           1                           2                           3                           4                           5                           6                           7

0                                      0.0000000000000000e+00         0.0000000000000000e+00         0.0000000000000000e+00         0.0000000000000000e+00         0.0000000000000000e+00         0.0000000000000000e+00         2.2893428902911261e-01        -3.4119575313021631e-04
1                                      0.0000000000000000e+00         0.0000000000000000e+00         0.0000000000000000e+00         0.0000000000000000e+00         0.0000000000000000e+00         0.0000000000000000e+00        -3.4123379500571402e-04        -2.2893770642172501e-01
2                                      0.0000000000000000e+00         0.0000000000000000e+00         0.0000000000000000e+00         0.0000000000000000e+00         0.0000000000000000e+00         0.0000000000000000e+00        -2.1207612246718492e-06        -1.0570194867820809e-05
3                                      0.0000000000000000e+00         0.0000000000000000e+00         0.0000000000000000e+00         0.0000000000000000e+00         0.0000000000000000e+00         0.0000000000000000e+00         2.6983797512040603e-01        -4.1723072809635154e-04
4                                      0.0000000000000000e+00         0.0000000000000000e+00         0.0000000000000000e+00         0.0000000000000000e+00         0.0000000000000000e+00         0.0000000000000000e+00        -4.0919588308243845e-04        -2.7445705898073486e-01
5                                      0.0000000000000000e+00         0.0000000000000000e+00         0.0000000000000000e+00         0.0000000000000000e+00         0.0000000000000000e+00         0.0000000000000000e+00         1.9937849348249098e-04         1.3521086408195668e-01
6                                      0.0000000000000000e+00         0.0000000000000000e+00         0.0000000000000000e+00         0.0000000000000000e+00         0.0000000000000000e+00         0.0000000000000000e+00         2.7330670493895537e-01         1.5909550665268726e-03
7                                      0.0000000000000000e+00         0.0000000000000000e+00         0.0000000000000000e+00         0.0000000000000000e+00         0.0000000000000000e+00         0.0000000000000000e+00        -2.3814626110598516e-03        -2.7096274932767550e-01
8                                      0.0000000000000000e+00         0.0000000000000000e+00         0.0000000000000000e+00         0.0000000000000000e+00         0.0000000000000000e+00         0.0000000000000000e+00        -1.1721767080981328e-01        -6.7457125669089638e-02
9                                      0.0000000000000000e+00         0.0000000000000000e+00         0.0000000000000000e+00         0.0000000000000000e+00         0.0000000000000000e+00         0.0000000000000000e+00         2.7330084893170309e-01        -2.3907335828551434e-03
10                                     0.0000000000000000e+00         0.0000000000000000e+00         0.0000000000000000e+00         0.0000000000000000e+00         0.0000000000000000e+00         0.0000000000000000e+00         1.5741489834118763e-03        -2.7099416142555188e-01
11                                     0.0000000000000000e+00         0.0000000000000000e+00         0.0000000000000000e+00         0.0000000000000000e+00         0.0000000000000000e+00         0.0000000000000000e+00         1.1701409275363125e-01        -6.7804801851535590e-02
12                                     0.0000000000000000e+00         0.0000000000000000e+00         0.0000000000000000e+00         0.0000000000000000e+00         0.0000000000000000e+00         0.0000000000000000e+00        -4.3626885470143817e-02         6.5014950646777347e-05
13                                     0.0000000000000000e+00         0.0000000000000000e+00         0.0000000000000000e+00         0.0000000000000000e+00         0.0000000000000000e+00         0.0000000000000000e+00         6.5013554151720140e-05         4.3626871938199058e-02
14                                     0.0000000000000000e+00         0.0000000000000000e+00         0.0000000000000000e+00         0.0000000000000000e+00         0.0000000000000000e+00         0.0000000000000000e+00         5.8605622556052188e-06         7.9566448628659426e-05
15                                     0.0000000000000000e+00         0.0000000000000000e+00         0.0000000000000000e+00         0.0000000000000000e+00         0.0000000000000000e+00         0.0000000000000000e+00        -2.5356731766941878e-02         3.7795650362288349e-05
16                                     0.0000000000000000e+00         0.0000000000000000e+00         0.0000000000000000e+00         0.0000000000000000e+00         0.0000000000000000e+00         0.0000000000000000e+00         3.7795684146294446e-05         2.5356853347912420e-02
17                                     0.0000000000000000e+00         0.0000000000000000e+00         0.0000000000000000e+00         0.0000000000000000e+00         0.0000000000000000e+00         0.0000000000000000e+00        -2.2286469509034407e-06        -3.3071824111347573e-05
                                                         8                           9                          10                          11                          12                          13                          14                          15

0                                     -9.4710071966540609e-06        -3.3898155337554831e-07         4.2565843240263079e-02         9.3862155224360172e-02         8.2245932780698291e-07         6.7830391935301852e-04        -6.8162923066621792e-02         7.4090494905688160e-06
1                                      1.2785170864316992e-04         2.3057178895242461e-05         9.3862586776230161e-02        -4.2566294669642991e-02        -1.7056828789592265e-06        -6.8146842261052137e-02        -6.7844956467611784e-04        -7.1380181722868156e-05
2                                     -5.3896787324044189e-02         2.5075259381737980e-01        -6.3179767474066757e-06         3.8948937636092099e-06        -9.1511205829342579e-02         8.8745366531019618e-06        -4.6431343484622532e-07         3.7836068021153843e-02
3                                     -1.1149946897857249e-05         3.3965155901933140e-07        -9.6350776236089300e-02        -2.1245949000322770e-01        -5.6604991428813741e-06        -7.2092445518050193e-03         7.2382269133766064e-01         3.0076705122168749e-06
4                                     -1.4243173124002079e-03         1.7621014289063014e-02        -1.3348331343931405e-01         6.0535665738481792e-02        -1.7695509557663025e-01        -1.2171727389629368e-01        -1.2174525986827396e-03        -5.4629465352666362e-01
5                                     -4.5489373678589989e-02         1.7198123072893320e-01         6.4230733463192069e-01        -2.9128109182208334e-01         5.1522358169130067e-01         2.9263029748509967e-01         2.9159005855143973e-03        -1.6085054074932950e-01
6                                     -1.3801501351093370e-03         1.5227033465789132e-02        -1.0372597356525277e-01        -1.3770020296671326e-01        -1.5323462944588701e-01         3.6529685751475410e-01         9.3296477362941513e-02        -4.7387894785116064e-01
7                                      9.3423755659799500e-04        -8.8081771464020679e-03        -2.0825939474423047e-01         5.3207749864702454e-02         8.8483615074811159e-02         5.0874564871889660e-01         3.7124234515188798e-01         2.7363331070025848e-01
8                                     -4.5374582085912718e-02         1.7197475113592500e-01        -6.8904982897962971e-02         7.0192345588927174e-01         5.1521113370976990e-01        -1.4883025784388831e-01         2.5192592576180289e-01        -1.6115409994471463e-01
9                                      1.3576435467838215e-03        -1.5226837203691390e-02        -3.5247006938312134e-02        -1.6875699524209609e-01         1.5323133280455656e-01        -3.6707673146174336e-01         8.6000870713276584e-02         4.7378749074161514e-01
10                                     9.3414859619850093e-04        -8.8084520945014289e-03        -1.7724413373231979e-01         1.2161589346308482e-01         8.8488244024352444e-02         5.1604046043533536e-01        -3.6103626978888143e-01         2.7357702448711352e-01
11                                    -4.5383668560752211e-02         1.7197666198848816e-01        -5.7343789154163205e-01        -4.1063517419275769e-01         5.1520676783906338e-01        -1.4378178515543491e-01        -2.5483315818212660e-01        -1.6111860087186303e-01
12                                    -1.5453817389491327e-08        -2.6199183596127717e-07         4.8661076043562014e-07         1.1584917502122139e-06         2.1815259910875270e-08         1.8011216421931938e-06        -1.8235319703526384e-04         8.0992377219904559e-09
13                                    -2.5983694916367910e-05        -3.4995581899902664e-06         1.8882022008848597e-06        -8.1238868793609178e-07         8.1751972789786180e-08        -1.8341053866821990e-04        -1.8113084580349817e-06        -8.1946617492668587e-07
14                                     1.4329190925428939e-01        -5.5025650330613424e-04        -4.6311128818160761e-07         3.6726715444081255e-07        -2.0031526729633996e-03         9.3476131206484554e-07         2.9561335695285900e-08         2.1736647388620169e-04
15                                     1.8551932306895079e-06         1.6044684645670805e-07        -3.4301532938237596e-03        -7.5638472677106040e-03        -2.0315116381348921e-08         1.0639147757883663e-05        -1.0660220635982968e-03        -1.5043950005948220e-09
16                                    -1.3292219371246380e-05        -1.9685865800477368e-06        -7.5633508829879492e-03         3.4299171884159705e-03         8.6479806552370396e-09        -1.0673242767847322e-03        -1.0606479428669819e-05        -4.5816291640690797e-07
17                                    -5.3760151951481476e-02        -4.3959214837709766e-02         1.6036048729502044e-06        -8.3917002312015876e-07        -4.8541645829192634e-03        -1.9791323429253772e-06        -5.2674341436486770e-08         3.1080001123489308e-04
                                                        16                          17

0                                      1.4902057790194127e-02        -8.6019180537711043e-02
1                                     -8.6021897231167557e-02        -1.4902673597013775e-02
2                                     -2.9878566799687332e-05        -1.9238660208735750e-06
3                                      6.6776516612008464e-03        -3.8518083478488674e-02
4                                      7.2523509360337868e-01         1.2559845745201861e-01
5                                      2.3780743397060206e-01         4.1185590153633676e-02
6                                     -4.2266053277167553e-01         4.7673799039748255e-01
7                                      2.0937931822808081e-01        -3.0415668011309843e-01
8                                     -1.5437388794332790e-01         1.8525514782653169e-01
9                                      2.3764190132252186e-01         5.9121783249848969e-01
10                                     9.4848262543796830e-02         3.5690512919301282e-01
11                                    -8.3052786450565769e-02        -2.2641618585263087e-01
12                                    -1.0168461574698464e-05         5.8689622379502061e-05
13                                     5.8708521280497664e-05         1.0193327937019300e-05
14                                    -1.6493754573320721e-07        -2.1226718623051759e-09
15                                     1.4262753146959095e-05        -8.2322741884811182e-05
16                                    -8.2237313287387479e-05        -1.4255985804846059e-05
17                                    -2.3888181079113759e-07        -1.9596178880076430e-08
$End
$THERMOCHEMISTRY_Energies
   &GeometryIndex 5
   &temperature [&Type "Double"]       2.9814999999999998e+02
   &pressure [&Type "Double"]       1.0000000000000000e+00
   &totalMass [&Type "Double"]       1.3038800000000001e+02
   &spinDegeneracy [&Type "Integer"] 1
   &elEnergy [&Type "Double"]      -1.2553580428680000e+01
   &transEnergy [&Type "Double"]       1.4162714244859817e-03
   &rotEnergy [&Type "Double"]       1.4162714244859817e-03
   &vibEnergy [&Type "Double"]       2.5389521951580726e-03
   &numOfFreqs [&Type "Integer"] 18
   &freqScalingFactor [&Type "Double"]       1.0000000000000000e+00
   &FREQ [&Type "ArrayOfDoubles", &Units "cm^-1", &Dim (18,1)] 
                                                         0

0                                      0.0000000000000000e+00
1                                      0.0000000000000000e+00
2                                      0.0000000000000000e+00
3                                      0.0000000000000000e+00
4                                      0.0000000000000000e+00
5                                      0.0000000000000000e+00
6                                      8.7342346728870965e+01
7                                      8.7448216856289591e+01
8                                      1.1767154781791889e+02
9                                      5.2442905962015539e+02
10                                     9.5203809970661121e+02
11                                     9.5204237802704654e+02
12                                     1.2951407327238069e+03
13                                     1.4372897266117834e+03
14                                     1.4373902301238247e+03
15                                     3.0832054158649212e+03
16                                     3.0996270139545654e+03
17                                     3.0996354827406062e+03
   &zpe [&Type "Double"]       3.6845397967403652e-02
   &innerEnergyU [&Type "Double"]      -1.2511363535668467e+01
   &enthalpyH [&Type "Double"]      -1.2510419326626208e+01
   &qEl [&Type "Double"]       0.0000000000000000e+00
   &qRot [&Type "Double"]       1.1015717915969525e-02
   &qVib [&Type "Double"]       4.9348410417417738e-03
   &qTrans [&Type "Double"]       1.9247041860113716e-02
   &entropyS [&Type "Double"]       3.5197600817825012e-02
   &freeEnergyG [&Type "Double"]      -1.2545616927444033e+01
   &isLinear [&Type "Boolean"] false
$End
$Calculation_Info
   &GeometryIndex 5
   &Mult [&Type "Integer"] 1
   &Charge [&Type "Integer"] -1
   &NumOfAtoms [&Type "Integer"] 6
   &NumOfElectrons [&Type "Integer"] 0
   &NumOfBasisFuncts [&Type "Integer"] 0
   &NumOfAuxCBasisFuncts [&Type "Integer"] 0
   &NumOfAuxJBasisFuncts [&Type "Integer"] 0
   &NumOfAuxJKBasisFuncts [&Type "Integer"] 0
   &NumOfCABSBasisFuncts [&Type "Integer"] 0
$End
$Calculation_Timings
   &GeometryIndex 5
   &GSTEP [&Type "Double"]       8.9049999999999963e-03
   &XTB [&Type "Double"]       6.6163100000000008e-01
   &XTBGRAD [&Type "Double"]       1.3859999999999428e-03
   &SUM [&Type "Double"]       6.7192199999999991e-01
$End
