*************************************************
******************* ORCA 6.1.0 ******************
*************************************************
$Calculation_Status
   &GeometryIndex 0
   &version [&Type "String"] "6.1.0"
   &progName [&Type "String"] "orca"
   &Status [&Type "String"] "NORMAL TERMINATION"
$End
$Geometry
   &GeometryIndex 1
   &NAtoms [&Type "Integer"] 6
   &NCorelessECP [&Type "Integer"] 0
   &NGhostAtoms [&Type "Integer"] 0
   &CartesianCoordinates [&Type "Coordinates", &Dim(6,4), &Units "Bohr"] 
              C      0.000691639765   -0.000315584264   -0.624618737950
              H     -0.000028345892    1.941485732729    0.012706518524
              H      1.680816909816   -0.970432951279    0.012517545911
              H     -1.681466975606   -0.970774991709    0.012727305512
              Cl    -0.000001889726    0.000001889726    4.667634889142
              Br    -0.000011338357    0.000001889726   -4.301508009600
$End
$Single_Point_Data
   &GeometryIndex 1
   &FinalEnergy [&Type "Double"]      -1.2553488618090000e+01  "Final single point energy"
   &Converged [&Type "Boolean"] true
$End
$Geometry
   &GeometryIndex 2
   &NAtoms [&Type "Integer"] 6
   &NCorelessECP [&Type "Integer"] 0
   &NGhostAtoms [&Type "Integer"] 0
   &CartesianCoordinates [&Type "Coordinates", &Dim(6,4), &Units "Bohr"] 
              C      0.000328592484   -0.000153541993   -0.632766521993
              H     -0.000238093696    1.940492443568    0.004841534846
              H      1.680675546340   -0.970378231691    0.004997692874
              H     -1.680606283764   -0.970062770990    0.004818437293
              Cl    -0.000025301131    0.000011792941    4.708263246212
              Br    -0.000134460232    0.000056293094   -4.310694877692
$End
$Single_Point_Data
   &GeometryIndex 2
   &FinalEnergy [&Type "Double"]      -1.2553551803390000e+01  "Final single point energy"
   &Converged [&Type "Boolean"] true
$End
$Geometry
   &GeometryIndex 3
   &NAtoms [&Type "Integer"] 6
   &NCorelessECP [&Type "Integer"] 0
   &NGhostAtoms [&Type "Integer"] 0
   &CartesianCoordinates [&Type "Coordinates", &Dim(6,4), &Units "Bohr"] 
              C      0.000007136705   -0.000010046886   -0.641827034534
              H     -0.000135848025    1.940947829262   -0.004077439857
              H      1.681047322801   -0.970578600628   -0.003962812282
              H     -1.680959077333   -0.970370243523   -0.004094740415
              Cl     0.000038767830   -0.000017658105    4.750498515936
              Br     0.000001698022   -0.000005295191   -4.317076977307
$End
$Single_Point_Data
   &GeometryIndex 3
   &FinalEnergy [&Type "Double"]      -1.2553578613130000e+01  "Final single point energy"
   &Converged [&Type "Boolean"] true
$End
$Geometry
   &GeometryIndex 4
   &NAtoms [&Type "Integer"] 6
   &NCorelessECP [&Type "Integer"] 0
   &NGhostAtoms [&Type "Integer"] 0
   &CartesianCoordinates [&Type "Coordinates", &Dim(6,4), &Units "Bohr"] 
              C     -0.000034147761    0.000008459102   -0.644070977313
              H     -0.000045830975    1.941169669916   -0.006210666746
              H      1.681101502599   -0.970597765732   -0.006170936292
              H     -1.681129686052   -0.970560571714   -0.006218035440
              Cl     0.000052382648   -0.000024092108    4.759070969468
              Br     0.000055779540   -0.000029714535   -4.316940842137
$End
$Single_Point_Data
   &GeometryIndex 4
   &FinalEnergy [&Type "Double"]      -1.2553580186020000e+01  "Final single point energy"
   &Converged [&Type "Boolean"] true
$End
$Geometry
   &GeometryIndex 5
   &NAtoms [&Type "Integer"] 6
   &NCorelessECP [&Type "Integer"] 0
   &NGhostAtoms [&Type "Integer"] 0
   &CartesianCoordinates [&Type "Coordinates", &Dim(6,4), &Units "Bohr"] 
              C     -0.000027634774    0.000005611776   -0.644822622738
              H     -0.000012870881    1.941171548709   -0.006652823502
              H      1.681068377013   -0.970574192270   -0.006631650245
              H     -1.681121219998   -0.970589294456   -0.006657576107
              Cl     0.000041901636   -0.000019689061    4.760547473759
              Br     0.000051447003   -0.000027999769   -4.316323289625
$End
$Single_Point_Data
   &GeometryIndex 5
   &FinalEnergy [&Type "Double"]      -1.2553580430140000e+01  "Final single point energy"
   &Converged [&Type "Boolean"] true
$End
$Hessian
   &GeometryIndex 5
   &HESSIAN [&Type "ArrayOfDoubles", &Dim (18,18)] "The Hessian"
                                                         0                           1                           2                           3                           4                           5                           6                           7

0                                      5.0691668310000004e-01         5.5014000000000004e-06        -1.5650000000000001e-07        -4.1454649300000000e-02        -3.4243000000000000e-06        -9.0350000000000001e-07        -2.2102748289999999e-01         1.0367724480000000e-01
1                                      5.5014000000000004e-06         5.0692076740000003e-01        -6.0840999999999999e-06        -4.1635000000000000e-06        -2.8089594600000001e-01        -8.1502597699999998e-02         1.0368678920000000e-01        -1.0130988950000000e-01
2                                     -1.5650000000000001e-07        -6.0840999999999999e-06         2.4561051589999999e-01        -9.0970000000000005e-07        -7.7120653700000000e-02        -5.7324212999999999e-02        -6.6780836800000007e-02         3.8572693900000003e-02
3                                     -4.1454649300000000e-02        -4.1635000000000000e-06        -9.0970000000000005e-07         4.4108933199999999e-02         3.2557999999999998e-06         7.9029999999999998e-07        -1.2814116000000001e-03         2.6206453300000002e-02
4                                     -3.4243000000000000e-06        -2.8089594600000001e-01        -7.7120653700000000e-02         3.2557999999999998e-06         3.1319420339999998e-01         8.5452827100000003e-02         1.9089673000000000e-03        -1.7519999099999999e-02
5                                     -9.0350000000000001e-07        -8.1502597699999998e-02        -5.7324212999999999e-02         7.9029999999999998e-07         8.5452827100000003e-02         7.2553450600000000e-02         5.0753050000000002e-04         7.3017547000000004e-03
6                                     -2.2102748289999999e-01         1.0368678920000000e-01        -6.6780836800000007e-02        -1.2814116000000001e-03         1.9089673000000000e-03         5.0753050000000002e-04         2.4590596749999999e-01        -1.1652278330000000e-01
7                                      1.0367724480000000e-01        -1.0130988950000000e-01         3.8572693900000003e-02         2.6206453300000002e-02        -1.7519999099999999e-02         7.3017547000000004e-03        -1.1652278330000000e-01         1.1138667390000000e-01
8                                     -7.0584522699999999e-02         4.0752997800000003e-02        -5.7325013500000001e-02         6.5790110000000001e-03        -3.2111421999999998e-03         4.0942675000000001e-03         7.4003514600000000e-02        -4.2729663799999998e-02
9                                     -2.2103053340000001e-01        -1.0368813910000001e-01         6.6780606600000000e-02        -1.2813977999999999e-03        -1.9088598000000000e-03        -5.0757160000000005e-04        -2.5618943100000000e-02        -1.2140672400000000e-02
10                                    -1.0367925130000000e-01        -1.0131099040000000e-01         3.8572190200000002e-02        -2.6205954600000001e-02        -1.7518485600000001e-02         7.3014552999999998e-03         1.2140714400000001e-02         6.8411788000000001e-03
11                                     7.0584481399999996e-02         4.0752654999999999e-02        -5.7324890599999997e-02        -6.5791232999999998e-03        -3.2109719999999999e-03         4.0941544000000002e-03        -6.0730986000000001e-03        -4.0942137999999996e-03
12                                    -1.6171791000000001e-03         3.5299999999999998e-08         7.3000000000000000e-09        -5.2100379999999997e-04        -5.2000000000000002e-09         6.7300000000000000e-08         2.5036969999999998e-04        -4.4536940000000001e-04
13                                     2.1800000000000000e-08        -1.6172002999999999e-03        -8.6292000000000003e-06         3.9699999999999998e-08         5.1373019999999996e-04         1.0136780000000000e-04        -4.4134570000000002e-04        -2.6878770000000001e-04
14                                     1.3710000000000000e-07        -1.1873000000000001e-06         3.8802262000000001e-03        -2.6799999999999998e-08        -7.3192750000000001e-04        -2.9484302999999998e-03        -6.3289919999999999e-04         3.6771699999999999e-04
15                                    -2.1786838400000001e-02        -2.3400000000000001e-08         1.2891000000000001e-06         4.2952920000000001e-04         6.6199999999999997e-08         8.6999999999999998e-08         1.7715004000000000e-03        -7.7487300000000003e-04
16                                    -9.2399999999999994e-08        -2.1786741100000000e-02        -9.5171000000000007e-06         3.6930000000000000e-07         2.2264972000000001e-03        -1.8654807200000002e-02        -7.7234199999999997e-04         8.7082369999999997e-04
17                                     9.6410000000000001e-07         4.2162000000000004e-06        -7.7516625000000006e-02         2.5849999999999999e-07        -1.1781317000000000e-03        -2.0469229200000001e-02        -1.0242105000000000e-03         5.8171199999999996e-04
                                                         8                           9                          10                          11                          12                          13                          14                          15

0                                     -7.0584522699999999e-02        -2.2103053340000001e-01        -1.0367925130000000e-01         7.0584481399999996e-02        -1.6171791000000001e-03         2.1800000000000000e-08         1.3710000000000000e-07        -2.1786838400000001e-02
1                                      4.0752997800000003e-02        -1.0368813910000001e-01        -1.0131099040000000e-01         4.0752654999999999e-02         3.5299999999999998e-08        -1.6172002999999999e-03        -1.1873000000000001e-06        -2.3400000000000001e-08
2                                     -5.7325013500000001e-02         6.6780606600000000e-02         3.8572190200000002e-02        -5.7324890599999997e-02         7.3000000000000000e-09        -8.6292000000000003e-06         3.8802262000000001e-03         1.2891000000000001e-06
3                                      6.5790110000000001e-03        -1.2813977999999999e-03        -2.6205954600000001e-02        -6.5791232999999998e-03        -5.2100379999999997e-04         3.9699999999999998e-08        -2.6799999999999998e-08         4.2952920000000001e-04
4                                     -3.2111421999999998e-03        -1.9088598000000000e-03        -1.7518485600000001e-02        -3.2109719999999999e-03        -5.2000000000000002e-09         5.1373019999999996e-04        -7.3192750000000001e-04         6.6199999999999997e-08
5                                      4.0942675000000001e-03        -5.0757160000000005e-04         7.3014552999999998e-03         4.0941544000000002e-03         6.7300000000000000e-08         1.0136780000000000e-04        -2.9484302999999998e-03         8.6999999999999998e-08
6                                      7.4003514600000000e-02        -2.5618943100000000e-02         1.2140714400000001e-02        -6.0730986000000001e-03         2.5036969999999998e-04        -4.4134570000000002e-04        -6.3289919999999999e-04         1.7715004000000000e-03
7                                     -4.2729663799999998e-02        -1.2140672400000000e-02         6.8411788000000001e-03        -4.0942137999999996e-03        -4.4536940000000001e-04        -2.6878770000000001e-04         3.6771699999999999e-04        -7.7487300000000003e-04
8                                      7.2556314499999996e-02         6.0727927999999999e-03        -4.0940995999999997e-03         4.0942886000000000e-03         8.6321200000000003e-05        -4.8205999999999999e-05        -2.9489259000000001e-03        -1.6157116999999999e-02
9                                      6.0727927999999999e-03         2.4590936420000001e-01         1.1652420790000000e-01        -7.4003224000000006e-02         2.5034709999999997e-04         4.4131619999999999e-04         6.3283040000000005e-04         1.7711630000000001e-03
10                                    -4.0940995999999997e-03         1.1652420790000000e-01         1.1138603300000000e-01        -4.2728837899999997e-02         4.4535549999999999e-04        -2.6876850000000002e-04         3.6769459999999999e-04         7.7492809999999996e-04
11                                     4.0942886000000000e-03        -7.4003224000000006e-02        -4.2728837899999997e-02         7.2553817800000003e-02        -8.6247400000000004e-05        -4.8284900000000003e-05        -2.9483652000000002e-03         1.6157211800000001e-02
12                                     8.6321200000000003e-05         2.5034709999999997e-04         4.4535549999999999e-04        -8.6247400000000004e-05         6.9572459999999998e-04         2.0000000000000001e-09        -5.0600000000000003e-08         9.4174160000000005e-04
13                                    -4.8205999999999999e-05         4.4131619999999999e-04        -2.6876850000000002e-04        -4.8284900000000003e-05         2.0000000000000001e-09         6.9745020000000003e-04        -1.1122999999999999e-06        -3.4000000000000000e-08
14                                    -2.9489259000000001e-03         6.3283040000000005e-04         3.6769459999999999e-04        -2.9483652000000002e-03        -5.0600000000000003e-08        -1.1122999999999999e-06         1.3870038899999999e-02         9.1000000000000004e-09
15                                    -1.6157116999999999e-02         1.7711630000000001e-03         7.7492809999999996e-04         1.6157211800000001e-02         9.4174160000000005e-04        -3.4000000000000000e-08         9.1000000000000004e-09         1.6872904200000000e-02
16                                     9.3301137999999995e-03         7.7214709999999997e-04         8.7103270000000001e-04         9.3296535000000000e-03        -1.8100000000000000e-08         9.4357600000000001e-04        -1.1846000000000001e-06        -6.3899999999999996e-08
17                                    -2.0470931299999998e-02         1.0245658999999999e-03         5.8159740000000002e-04        -2.0469004999999998e-02        -9.7899999999999997e-08         4.8644999999999998e-06        -8.9045436999999998e-03        -1.4801000000000000e-06
                                                        16                          17

0                                     -9.2399999999999994e-08         9.6410000000000001e-07
1                                     -2.1786741100000000e-02         4.2162000000000004e-06
2                                     -9.5171000000000007e-06        -7.7516625000000006e-02
3                                      3.6930000000000000e-07         2.5849999999999999e-07
4                                      2.2264972000000001e-03        -1.1781317000000000e-03
5                                     -1.8654807200000002e-02        -2.0469229200000001e-02
6                                     -7.7234199999999997e-04        -1.0242105000000000e-03
7                                      8.7082369999999997e-04         5.8171199999999996e-04
8                                      9.3301137999999995e-03        -2.0470931299999998e-02
9                                      7.7214709999999997e-04         1.0245658999999999e-03
10                                     8.7103270000000001e-04         5.8159740000000002e-04
11                                     9.3296535000000000e-03        -2.0469004999999998e-02
12                                    -1.8100000000000000e-08        -9.7899999999999997e-08
13                                     9.4357600000000001e-04         4.8644999999999998e-06
14                                    -1.1846000000000001e-06        -8.9045436999999998e-03
15                                    -6.3899999999999996e-08        -1.4801000000000000e-06
16                                     1.6874811500000000e-02         5.7416000000000002e-06
17                                     5.7416000000000002e-06         1.4783033430000000e-01
   &MODES [&Type "ArrayOfDoubles", &Dim (18,18)] "The modes of vibrations"
                                                         0                           1                           2                           3                           4                           5                           6                           7

0                                      0.0000000000000000e+00         0.0000000000000000e+00         0.0000000000000000e+00         0.0000000000000000e+00         0.0000000000000000e+00         0.0000000000000000e+00        -2.2893456659817077e-01        -2.8276368347317400e-04
1                                      0.0000000000000000e+00         0.0000000000000000e+00         0.0000000000000000e+00         0.0000000000000000e+00         0.0000000000000000e+00         0.0000000000000000e+00         2.8271419442890732e-04        -2.2893797283385944e-01
2                                      0.0000000000000000e+00         0.0000000000000000e+00         0.0000000000000000e+00         0.0000000000000000e+00         0.0000000000000000e+00         0.0000000000000000e+00        -7.0970510001951974e-06        -8.3880925541642720e-06
3                                      0.0000000000000000e+00         0.0000000000000000e+00         0.0000000000000000e+00         0.0000000000000000e+00         0.0000000000000000e+00         0.0000000000000000e+00        -2.6983265005612556e-01        -2.8867879348929229e-04
4                                      0.0000000000000000e+00         0.0000000000000000e+00         0.0000000000000000e+00         0.0000000000000000e+00         0.0000000000000000e+00         0.0000000000000000e+00         3.3904660217687127e-04        -2.7445615894981523e-01
5                                      0.0000000000000000e+00         0.0000000000000000e+00         0.0000000000000000e+00         0.0000000000000000e+00         0.0000000000000000e+00         0.0000000000000000e+00        -1.7254845675352494e-04         1.3521093013352067e-01
6                                      0.0000000000000000e+00         0.0000000000000000e+00         0.0000000000000000e+00         0.0000000000000000e+00         0.0000000000000000e+00         0.0000000000000000e+00        -2.7330924153360259e-01         1.6311407413922626e-03
7                                      0.0000000000000000e+00         0.0000000000000000e+00         0.0000000000000000e+00         0.0000000000000000e+00         0.0000000000000000e+00         0.0000000000000000e+00         2.3094056127726452e-03        -2.7101546770670365e-01
8                                      0.0000000000000000e+00         0.0000000000000000e+00         0.0000000000000000e+00         0.0000000000000000e+00         0.0000000000000000e+00         0.0000000000000000e+00         1.1719005999271997e-01        -6.7482782773574182e-02
9                                      0.0000000000000000e+00         0.0000000000000000e+00         0.0000000000000000e+00         0.0000000000000000e+00         0.0000000000000000e+00         0.0000000000000000e+00        -2.7330326300555358e-01        -2.3503541705764044e-03
10                                     0.0000000000000000e+00         0.0000000000000000e+00         0.0000000000000000e+00         0.0000000000000000e+00         0.0000000000000000e+00         0.0000000000000000e+00        -1.6399132155498774e-03        -2.7094209079360254e-01
11                                     0.0000000000000000e+00         0.0000000000000000e+00         0.0000000000000000e+00         0.0000000000000000e+00         0.0000000000000000e+00         0.0000000000000000e+00        -1.1703690991382348e-01        -6.7770550792414688e-02
12                                     0.0000000000000000e+00         0.0000000000000000e+00         0.0000000000000000e+00         0.0000000000000000e+00         0.0000000000000000e+00         0.0000000000000000e+00         4.3627151351762275e-02         5.3875553658743609e-05
13                                     0.0000000000000000e+00         0.0000000000000000e+00         0.0000000000000000e+00         0.0000000000000000e+00         0.0000000000000000e+00         0.0000000000000000e+00        -5.3866053301320750e-05         4.3627144462357520e-02
14                                     0.0000000000000000e+00         0.0000000000000000e+00         0.0000000000000000e+00         0.0000000000000000e+00         0.0000000000000000e+00         0.0000000000000000e+00         7.0464497031816873e-06         8.2018073153297113e-05
15                                     0.0000000000000000e+00         0.0000000000000000e+00         0.0000000000000000e+00         0.0000000000000000e+00         0.0000000000000000e+00         0.0000000000000000e+00         2.5356650793099452e-02         3.1316394978566960e-05
16                                     0.0000000000000000e+00         0.0000000000000000e+00         0.0000000000000000e+00         0.0000000000000000e+00         0.0000000000000000e+00         0.0000000000000000e+00        -3.1321330575578244e-05         2.5356769290028131e-02
17                                     0.0000000000000000e+00         0.0000000000000000e+00         0.0000000000000000e+00         0.0000000000000000e+00         0.0000000000000000e+00         0.0000000000000000e+00        -1.8150380085563535e-06        -3.4596930011362706e-05
                                                         8                           9                          10                          11                          12                          13                          14                          15

0                                     -1.1525943602222897e-05        -5.6340870606693035e-06        -2.5791976481763346e-02         9.9783734746000621e-02        -3.1093074900036370e-06        -3.6806067160996526e-03         6.8066109697305657e-02         1.8406382793426019e-05
1                                     -1.3199531478677611e-04         2.7174710377441916e-05        -9.9782905583073081e-02        -2.5793493325873003e-02         4.3863013526450999e-06         6.8050908277561856e-02         3.6811016374271393e-03        -8.7090159525827953e-05
2                                      5.3896404852456899e-02         2.5075270837936176e-01         9.5161978358420180e-06         8.1973764319376733e-06         9.1510933996473642e-02        -1.0335017759804771e-05         4.4224120128325701e-07         3.7836503118312374e-02
3                                     -1.3324360005663123e-05        -2.8392632561920048e-06         5.8388876965077038e-02        -2.2587339547116375e-01         1.7222120804152372e-05         3.9096388181925248e-02        -7.2279912826113968e-01         5.5699204923586101e-06
4                                      1.4194227791505150e-03         1.7623637325729573e-02         1.4190440525864392e-01         3.6686246568074579e-02         1.7695226067576164e-01         1.2154217366098191e-01         6.5835487385834911e-03        -5.4616237532976297e-01
5                                      4.5490949484290104e-02         1.7198554773101560e-01        -6.8283231319245241e-01        -1.7650560207463226e-01        -5.1521753896166944e-01        -2.9221005934797351e-01        -1.5807274409296457e-02        -1.6080440359874706e-01
6                                      1.3556596023147497e-03         1.5223946857300207e-02         7.8499236905376343e-02        -1.5348507198855954e-01         1.5323634279436285e-01        -3.6083631957295409e-01        -1.0929889254058121e-01        -4.7400520449183375e-01
7                                     -9.3932264554901152e-04        -8.8065222786217878e-03         2.1429887897489447e-01         1.6613307821661805e-02        -8.8494220305659746e-02        -4.9189232463710875e-01        -3.9330343296931630e-01         2.7370115583574989e-01
8                                      4.5381558737648015e-02         1.7196726993716871e-01         1.8856547178037242e-01         6.7960878547902182e-01        -5.1522030577028144e-01         1.5979949010891215e-01        -2.4513317122513828e-01        -1.6120698041215137e-01
9                                     -1.3825501399517500e-03        -1.5230154770685228e-02         5.7000095389114491e-03        -1.7231100439602681e-01        -1.5322241540827278e-01         3.7051276717802756e-01        -6.9744095628242728e-02         4.7377978369633489e-01
10                                    -9.3936972615901965e-04        -8.8068361688714170e-03         1.9552432831222885e-01         8.9325639264706949e-02        -8.8506016026160358e-02        -5.3144256163148718e-01         3.3794616689993745e-01         2.7356442928664854e-01
11                                     4.5371915579167400e-02         1.7197992104763288e-01         4.9428605976739892e-01        -5.0312605700650437e-01        -5.1520247440209554e-01         1.3241805620701433e-01         2.6091712804657879e-01        -1.6111630641199873e-01
12                                     2.1333151604992945e-06        -3.1752043054523454e-08        -3.3241227411592328e-07         1.3268355077551124e-06        -1.7839151275618556e-08        -9.8291246180638440e-06         1.8212059055986875e-04         5.6565913554344321e-09
13                                     2.4931967618647654e-05        -3.4258723811135517e-06        -2.1450634712814247e-06        -4.7892251481491072e-07        -1.8207173181083284e-08         1.8314206013360289e-04         9.8925371682733577e-06        -7.9892778472018423e-07
14                                    -1.4329190393209945e-01        -5.5054822977058135e-04         6.6234366580399361e-07        -1.2727976077413161e-08         2.0033514227594590e-03        -9.5525392222132941e-07         3.1988751812804795e-08         2.1737340699899671e-04
15                                     1.2933955324776102e-06         9.7517245209745052e-07         2.0784779241323379e-03        -8.0408842390847814e-03         8.2348444842761241e-08        -5.7656811653789770e-05         1.0645568021269832e-03         4.1311031362150397e-09
16                                     1.4573547274318002e-05        -2.6946070347703289e-06         8.0403891670513834e-03         2.0783032837709604e-03        -4.6043871446899692e-08         1.0657654509231881e-03         5.7565396521624084e-05        -4.7147907584745696e-07
17                                     5.3760247462207082e-02        -4.3959103812015038e-02        -1.9668738967617422e-06        -9.3805822849325413e-07         4.8541025715191782e-03         1.8830244295499186e-06         2.1349527249242703e-07         3.1078765449180052e-04
                                                        16                          17

0                                     -6.2334458650811414e-02         6.1120527986049271e-02
1                                      6.1122223911585380e-02         6.2337348452355487e-02
2                                      3.0736236733756179e-05         2.0368325591567070e-05
3                                     -2.7919878097534649e-02         2.7362688281457395e-02
4                                     -5.1545504212244642e-01        -5.2554098300424568e-01
5                                     -1.6901382071252524e-01        -1.7232509205819443e-01
6                                      6.2141441110663909e-01        -1.4014911145509379e-01
7                                     -3.4753735479196013e-01         1.2461785211777396e-01
8                                      2.3347947033485633e-01        -6.0225174420396793e-02
9                                      1.5249554877289784e-01        -6.1867572097419676e-01
10                                     1.3151538405686730e-01        -3.4509543113762459e-01
11                                    -6.4856239025226914e-02         2.3228991492050927e-01
12                                     4.2530364683712801e-05        -4.1700618907217411e-05
13                                    -4.1698817321967402e-05        -4.2560887051095852e-05
14                                     1.6444283392501701e-07         1.2421837432921517e-07
15                                    -5.9657679605691406e-05         5.8493012549366654e-05
16                                     5.8424852676630707e-05         5.9596112486474342e-05
17                                     2.3418256468916695e-07         1.6754064882640280e-07
$End
$THERMOCHEMISTRY_Energies
   &GeometryIndex 5
   &temperature [&Type "Double"]       2.9814999999999998e+02
   &pressure [&Type "Double"]       1.0000000000000000e+00
   &totalMass [&Type "Double"]       1.3038800000000001e+02
   &spinDegeneracy [&Type "Integer"] 1
   &elEnergy [&Type "Double"]      -1.2553580430140000e+01
   &transEnergy [&Type "Double"]       1.4162714244859817e-03
   &rotEnergy [&Type "Double"]       1.4162714244859817e-03
   &vibEnergy [&Type "Double"]       2.5389075571826858e-03
   &numOfFreqs [&Type "Integer"] 18
   &freqScalingFactor [&Type "Double"]       1.0000000000000000e+00
   &FREQ [&Type "ArrayOfDoubles", &Units "cm^-1", &Dim (18,1)] 
                                                         0

0                                      0.0000000000000000e+00
1                                      0.0000000000000000e+00
2                                      0.0000000000000000e+00
3                                      0.0000000000000000e+00
4                                      0.0000000000000000e+00
5                                      0.0000000000000000e+00
6                                      8.7353661370469993e+01
7                                      8.7460214096122911e+01
8                                      1.1767657621489307e+02
9                                      5.2441565911687383e+02
10                                     9.5203179950966091e+02
11                                     9.5204132418335143e+02
12                                     1.2951403565309777e+03
13                                     1.4372953809705464e+03
14                                     1.4373900686933414e+03
15                                     3.0832075181326895e+03
16                                     3.0996257174023608e+03
17                                     3.0996379204049331e+03
   &zpe [&Type "Double"]       3.6845434294722534e-02
   &innerEnergyU [&Type "Double"]      -1.2511363545439124e+01
   &enthalpyH [&Type "Double"]      -1.2510419336396865e+01
   &qEl [&Type "Double"]       0.0000000000000000e+00
   &qRot [&Type "Double"]       1.1015712568743110e-02
   &qVib [&Type "Double"]       4.9347475278537934e-03
   &qTrans [&Type "Double"]       1.9247041860113716e-02
   &entropyS [&Type "Double"]       3.5197501956710620e-02
   &freeEnergyG [&Type "Double"]      -1.2545616838353576e+01
   &isLinear [&Type "Boolean"] false
$End
$Calculation_Info
   &GeometryIndex 5
   &Mult [&Type "Integer"] 1
   &Charge [&Type "Integer"] -1
   &NumOfAtoms [&Type "Integer"] 6
   &NumOfElectrons [&Type "Integer"] 0
   &NumOfBasisFuncts [&Type "Integer"] 0
   &NumOfAuxCBasisFuncts [&Type "Integer"] 0
   &NumOfAuxJBasisFuncts [&Type "Integer"] 0
   &NumOfAuxJKBasisFuncts [&Type "Integer"] 0
   &NumOfCABSBasisFuncts [&Type "Integer"] 0
$End
$Calculation_Timings
   &GeometryIndex 5
   &GSTEP [&Type "Double"]       1.1425000000000018e-02
   &XTB [&Type "Double"]       9.7648500000000027e-01
   &XTBGRAD [&Type "Double"]       2.1290000000003806e-03
   &SUM [&Type "Double"]       9.9003900000000067e-01
$End
