*************************************************
******************* ORCA 6.1.0 ******************
*************************************************
$Calculation_Status
   &GeometryIndex 0
   &version [&Type "String"] "6.1.0"
   &progName [&Type "String"] "orca"
   &Status [&Type "String"] "NORMAL TERMINATION"
$End
$Geometry
   &GeometryIndex 1
   &NAtoms [&Type "Integer"] 6
   &NCorelessECP [&Type "Integer"] 0
   &NGhostAtoms [&Type "Integer"] 0
   &CartesianCoordinates [&Type "Coordinates", &Dim(6,4), &Units "Bohr"] 
              C      0.000646286338    0.000147398638    0.751623451958
              H     -0.000145508912    1.941461166290    0.103424711310
              H      1.681172178329   -0.970824124588    0.103460616106
              H     -1.682088695504   -0.971181282828    0.103220620887
              Cl    -0.000128501377   -0.000126611651    4.115324631981
              Br     0.000015117809    0.000011338357   -5.036549114733
$End
$Single_Point_Data
   &GeometryIndex 1
   &FinalEnergy [&Type "Double"]      -1.2557767368320000e+01  "Final single point energy"
   &Converged [&Type "Boolean"] true
$End
$Geometry
   &GeometryIndex 2
   &NAtoms [&Type "Integer"] 6
   &NCorelessECP [&Type "Integer"] 0
   &NGhostAtoms [&Type "Integer"] 0
   &CartesianCoordinates [&Type "Coordinates", &Dim(6,4), &Units "Bohr"] 
              C      0.000247783192    0.000015545887    0.759109000923
              H     -0.000362916081    1.941172580694    0.110446509028
              H      1.681021582676   -0.970934036263    0.110395210950
              H     -1.681175795505   -0.970600040240    0.110561161419
              Cl    -0.000257563219   -0.000170894506    4.124973538925
              Br    -0.000002214381    0.000004728646   -5.074980503736
$End
$Single_Point_Data
   &GeometryIndex 2
   &FinalEnergy [&Type "Double"]      -1.2557829105320000e+01  "Final single point energy"
   &Converged [&Type "Boolean"] true
$End
$Geometry
   &GeometryIndex 3
   &NAtoms [&Type "Integer"] 6
   &NCorelessECP [&Type "Integer"] 0
   &NGhostAtoms [&Type "Integer"] 0
   &CartesianCoordinates [&Type "Coordinates", &Dim(6,4), &Units "Bohr"] 
              C     -0.000180516358   -0.000125950533    0.770486995572
              H     -0.000219319772    1.941477729111    0.121930404904
              H      1.681333153179   -0.970981792376    0.121887944400
              H     -1.681455481267   -0.970795199027    0.122003977034
              Cl    -0.000076384334   -0.000113511871    4.136352853342
              Br     0.000069425235    0.000026608913   -5.132157257742
$End
$Single_Point_Data
   &GeometryIndex 3
   &FinalEnergy [&Type "Double"]      -1.2557869146650001e+01  "Final single point energy"
   &Converged [&Type "Boolean"] true
$End
$Geometry
   &GeometryIndex 4
   &NAtoms [&Type "Integer"] 6
   &NCorelessECP [&Type "Integer"] 0
   &NGhostAtoms [&Type "Integer"] 0
   &CartesianCoordinates [&Type "Coordinates", &Dim(6,4), &Units "Bohr"] 
              C     -0.000198344631   -0.000131556489    0.773221518506
              H     -0.000115468622    1.941683378529    0.124970113818
              H      1.681511776609   -0.970989888611    0.124947126104
              H     -1.681771565490   -0.971002574278    0.124966519795
              Cl    -0.000028712437   -0.000098514049    4.137353888396
              Br     0.000073191252    0.000027039115   -5.144954249111
$End
$Single_Point_Data
   &GeometryIndex 4
   &FinalEnergy [&Type "Double"]      -1.2557871431140001e+01  "Final single point energy"
   &Converged [&Type "Boolean"] true
$End
$Geometry
   &GeometryIndex 5
   &NAtoms [&Type "Integer"] 6
   &NCorelessECP [&Type "Integer"] 0
   &NGhostAtoms [&Type "Integer"] 0
   &CartesianCoordinates [&Type "Coordinates", &Dim(6,4), &Units "Bohr"] 
              C     -0.000159500489   -0.000118523736    0.773952749788
              H     -0.000094085147    1.941768039810    0.125741544267
              H      1.681588518365   -0.971014498092    0.125720797677
              H     -1.681858879362   -0.971057978563    0.125726313129
              Cl    -0.000057168120   -0.000108518373    4.136932651495
              Br     0.000051991435    0.000019363172   -5.147569138847
$End
$Single_Point_Data
   &GeometryIndex 5
   &FinalEnergy [&Type "Double"]      -1.2557871669930000e+01  "Final single point energy"
   &Converged [&Type "Boolean"] true
$End
$Hessian
   &GeometryIndex 5
   &HESSIAN [&Type "ArrayOfDoubles", &Dim (18,18)] "The Hessian"
                                                         0                           1                           2                           3                           4                           5                           6                           7

0                                      5.0517068860000003e-01         2.2991000000000001e-05         4.9617000000000003e-06        -4.2442101300000000e-02        -8.8899999999999996e-06         2.4822999999999999e-06        -2.1738954220000001e-01         1.0099879220000001e-01
1                                      2.2991000000000001e-05         5.0515117330000003e-01         1.2815200000000001e-05        -1.1589299999999999e-05        -2.7571061969999999e-01         7.7504152399999998e-02         1.0100624290000000e-01        -1.0074354030000000e-01
2                                      4.9617000000000003e-06         1.2815200000000001e-05         2.7546015969999998e-01         2.5511999999999998e-06         7.3511471600000003e-02        -5.7536844099999998e-02         6.3717399899999999e-02        -3.6772524399999999e-02
3                                     -4.2442101300000000e-02        -1.1589299999999999e-05         2.5511999999999998e-06         4.4371193900000001e-02         8.1529999999999997e-06        -2.3101000000000001e-06        -1.3377559000000000e-03         2.6391228900000001e-02
4                                     -8.8899999999999996e-06        -2.7571061969999999e-01         7.3511471600000003e-02         8.1529999999999997e-06         3.0825150229999998e-01        -8.4116080900000001e-02         2.0129762000000002e-03        -1.7731148799999999e-02
5                                      2.4822999999999999e-06         7.7504152399999998e-02        -5.7536844099999998e-02        -2.3101000000000001e-06        -8.4116080900000001e-02         7.3492006400000004e-02        -2.5429979999999999e-04        -6.9928621999999999e-03
6                                     -2.1738954220000001e-01         1.0100624290000000e-01         6.3717399899999999e-02        -1.3377559000000000e-03         2.0129762000000002e-03        -2.5429979999999999e-04         2.4230022860000000e-01        -1.1427209910000000e-01
7                                      1.0099879220000001e-01        -1.0074354030000000e-01        -3.6772524399999999e-02         2.6391228900000001e-02        -1.7731148799999999e-02        -6.9928621999999999e-03        -1.1427209910000000e-01         1.1033889719999999e-01
8                                      6.7121430499999996e-02        -3.8750223000000000e-02        -5.7538348000000003e-02        -6.1813698999999998e-03         3.2766828999999998e-03         3.9982702999999996e-03        -7.2851530200000000e-02         4.2059037899999999e-02
9                                     -2.1740065140000001e-01        -1.0101778710000001e-01        -6.3722499399999993e-02        -1.3373916000000000e-03        -2.0124088000000001e-03         2.5456509999999998e-04        -2.5935182300000002e-02        -1.2185279699999999e-02
10                                    -1.0101282709999999e-01        -1.0075437760000000e-01        -3.6776929799999997e-02        -2.6388602000000001e-02        -1.7726974000000000e-02        -6.9924592000000004e-03         1.2184723800000000e-02         6.8579212000000004e-03
11                                    -6.7127059000000003e-02        -3.8755149300000000e-02        -5.7539843899999998e-02         6.1817189000000000e-03         3.2763878999999998e-03         3.9980082000000000e-03         5.9277178000000002e-03         3.7153888999999999e-03
12                                    -2.6821416899999999e-02         2.6000000000000001e-08        -3.2329000000000000e-06         1.1475502000000001e-03         1.7480000000000000e-07        -9.3200000000000001e-08         2.2501365000000000e-03        -6.3612130000000001e-04
13                                    -1.6019999999999999e-07        -2.6823567100000001e-02         1.3330300000000000e-05         7.8100000000000002e-07         2.6276594000000002e-03         2.0822313299999999e-02        -6.3624160000000005e-04         1.5102906000000001e-03
14                                    -1.6522000000000000e-06        -1.1659599999999999e-05        -1.0564733920000000e-01        -6.1809999999999996e-07         3.6735485000000002e-03        -2.1635984000000000e-02         3.1325595000000002e-03        -1.8198092000000000e-03
15                                    -1.1169768000000000e-03         1.1640000000000000e-07         8.1950000000000005e-07        -4.0149530000000002e-04        -5.2000000000000002e-09        -3.4429999999999998e-07         1.1211519999999999e-04        -2.9652100000000000e-04
16                                     9.4100000000000002e-08        -1.1190684999999999e-03         1.1837000000000000e-05         2.8400000000000000e-08         2.8958080000000000e-04        -2.2506349999999999e-04        -2.9560230000000000e-04        -2.3241979999999999e-04
17                                    -1.6330000000000001e-07         6.4300000000000000e-08         2.8022156000000000e-03         2.7999999999999999e-08         3.7798999999999998e-04        -2.3154566999999998e-03         3.2815289999999999e-04        -1.8923099999999999e-04
                                                         8                           9                          10                          11                          12                          13                          14                          15

0                                      6.7121430499999996e-02        -2.1740065140000001e-01        -1.0101282709999999e-01        -6.7127059000000003e-02        -2.6821416899999999e-02        -1.6019999999999999e-07        -1.6522000000000000e-06        -1.1169768000000000e-03
1                                     -3.8750223000000000e-02        -1.0101778710000001e-01        -1.0075437760000000e-01        -3.8755149300000000e-02         2.6000000000000001e-08        -2.6823567100000001e-02        -1.1659599999999999e-05         1.1640000000000000e-07
2                                     -5.7538348000000003e-02        -6.3722499399999993e-02        -3.6776929799999997e-02        -5.7539843899999998e-02        -3.2329000000000000e-06         1.3330300000000000e-05        -1.0564733920000000e-01         8.1950000000000005e-07
3                                     -6.1813698999999998e-03        -1.3373916000000000e-03        -2.6388602000000001e-02         6.1817189000000000e-03         1.1475502000000001e-03         7.8100000000000002e-07        -6.1809999999999996e-07        -4.0149530000000002e-04
4                                      3.2766828999999998e-03        -2.0124088000000001e-03        -1.7726974000000000e-02         3.2763878999999998e-03         1.7480000000000000e-07         2.6276594000000002e-03         3.6735485000000002e-03        -5.2000000000000002e-09
5                                      3.9982702999999996e-03         2.5456509999999998e-04        -6.9924592000000004e-03         3.9980082000000000e-03        -9.3200000000000001e-08         2.0822313299999999e-02        -2.1635984000000000e-02        -3.4429999999999998e-07
6                                     -7.2851530200000000e-02        -2.5935182300000002e-02         1.2184723800000000e-02         5.9277178000000002e-03         2.2501365000000000e-03        -6.3624160000000005e-04         3.1325595000000002e-03         1.1211519999999999e-04
7                                      4.2059037899999999e-02        -1.2185279699999999e-02         6.8579212000000004e-03         3.7153888999999999e-03        -6.3612130000000001e-04         1.5102906000000001e-03        -1.8198092000000000e-03        -2.9652100000000000e-04
8                                      7.3494303100000005e-02        -5.9272283999999998e-03         3.7151564000000000e-03         3.9980768000000000e-03         1.8033320900000000e-02        -1.0412352200000001e-02        -2.1636635500000001e-02        -1.9462289999999999e-04
9                                     -5.9272283999999998e-03         2.4231179250000001e-01         1.1428396380000000e-01         7.2856465199999998e-02         2.2493015000000002e-03         6.3589270000000001e-04        -3.1332409000000001e-03         1.1213120000000000e-04
10                                     3.7151564000000000e-03         1.1428396380000000e-01         1.1034493540000000e-01         4.2062851200000001e-02         6.3623939999999995e-04         1.5108124000000000e-03        -1.8194157000000000e-03         2.9650210000000001e-04
11                                     3.9980768000000000e-03         7.2856465199999998e-02         4.2062851200000001e-02         7.3491325199999999e-02        -1.8032875500000000e-02        -1.0411348799999999e-02        -2.1632752000000002e-02         1.9403270000000001e-04
12                                     1.8033320900000000e-02         2.2493015000000002e-03         6.3623939999999995e-04        -1.8032875500000000e-02         2.0431762900000001e-02        -1.9990000000000001e-07         2.8864999999999998e-06         7.4266580000000005e-04
13                                    -1.0412352200000001e-02         6.3589270000000001e-04         1.5108124000000000e-03        -1.0411348799999999e-02        -1.9990000000000001e-07         2.0432048299999998e-02        -1.2230499999999999e-05        -7.1999999999999996e-08
14                                    -2.1636635500000001e-02        -3.1332409000000001e-03        -1.8194157000000000e-03        -2.1632752000000002e-02         2.8864999999999998e-06        -1.2230499999999999e-05         1.7699348500000001e-01         6.5299999999999996e-08
15                                    -1.9462289999999999e-04         1.1213120000000000e-04         2.9650210000000001e-04         1.9403270000000001e-04         7.4266580000000005e-04        -7.1999999999999996e-08         6.5299999999999996e-08         5.5155989999999995e-04
16                                     1.1169800000000000e-04         2.9561920000000002e-04        -2.3231740000000001e-04         1.1187020000000000e-04        -1.1899999999999999e-07         7.4275640000000004e-04        -1.0433600000000000e-05        -2.0400000000000001e-08
17                                    -2.3156665999999998e-03        -3.2806159999999998e-04        -1.8920290000000000e-04        -2.3148142000000002e-03        -5.7999999999999998e-09         2.8789999999999998e-07        -6.4407743000000003e-03         4.9700000000000002e-08
                                                        16                          17

0                                      9.4100000000000002e-08        -1.6330000000000001e-07
1                                     -1.1190684999999999e-03         6.4300000000000000e-08
2                                      1.1837000000000000e-05         2.8022156000000000e-03
3                                      2.8400000000000000e-08         2.7999999999999999e-08
4                                      2.8958080000000000e-04         3.7798999999999998e-04
5                                     -2.2506349999999999e-04        -2.3154566999999998e-03
6                                     -2.9560230000000000e-04         3.2815289999999999e-04
7                                     -2.3241979999999999e-04        -1.8923099999999999e-04
8                                      1.1169800000000000e-04        -2.3156665999999998e-03
9                                      2.9561920000000002e-04        -3.2806159999999998e-04
10                                    -2.3231740000000001e-04        -1.8920290000000000e-04
11                                     1.1187020000000000e-04        -2.3148142000000002e-03
12                                    -1.1899999999999999e-07        -5.7999999999999998e-09
13                                     7.4275640000000004e-04         2.8789999999999998e-07
14                                    -1.0433600000000000e-05        -6.4407743000000003e-03
15                                    -2.0400000000000001e-08         4.9700000000000002e-08
16                                     5.5146869999999997e-04         9.1800000000000001e-08
17                                     9.1800000000000001e-08         1.0584496299999999e-02
   &MODES [&Type "ArrayOfDoubles", &Dim (18,18)] "The modes of vibrations"
                                                         0                           1                           2                           3                           4                           5                           6                           7

0                                      0.0000000000000000e+00         0.0000000000000000e+00         0.0000000000000000e+00         0.0000000000000000e+00         0.0000000000000000e+00         0.0000000000000000e+00         3.9197181490781920e-02        -2.1745032406320161e-01
1                                      0.0000000000000000e+00         0.0000000000000000e+00         0.0000000000000000e+00         0.0000000000000000e+00         0.0000000000000000e+00         0.0000000000000000e+00         2.1745081392557969e-01         3.9197202689379554e-02
2                                      0.0000000000000000e+00         0.0000000000000000e+00         0.0000000000000000e+00         0.0000000000000000e+00         0.0000000000000000e+00         0.0000000000000000e+00        -2.9934524674236385e-05         5.1074879525745189e-05
3                                      0.0000000000000000e+00         0.0000000000000000e+00         0.0000000000000000e+00         0.0000000000000000e+00         0.0000000000000000e+00         0.0000000000000000e+00         4.8084548022824886e-02        -2.6720982372269819e-01
4                                      0.0000000000000000e+00         0.0000000000000000e+00         0.0000000000000000e+00         0.0000000000000000e+00         0.0000000000000000e+00         0.0000000000000000e+00         2.7070078042508228e-01         4.8796600082354667e-02
5                                      0.0000000000000000e+00         0.0000000000000000e+00         0.0000000000000000e+00         0.0000000000000000e+00         0.0000000000000000e+00         0.0000000000000000e+00         1.5720673425777912e-01         2.8390406726537053e-02
6                                      0.0000000000000000e+00         0.0000000000000000e+00         0.0000000000000000e+00         0.0000000000000000e+00         0.0000000000000000e+00         0.0000000000000000e+00         4.7139463487262841e-02        -2.7006021658708268e-01
7                                      0.0000000000000000e+00         0.0000000000000000e+00         0.0000000000000000e+00         0.0000000000000000e+00         0.0000000000000000e+00         0.0000000000000000e+00         2.6782281180727552e-01         4.9883069996097353e-02
8                                      0.0000000000000000e+00         0.0000000000000000e+00         0.0000000000000000e+00         0.0000000000000000e+00         0.0000000000000000e+00         0.0000000000000000e+00        -5.4117321801657216e-02        -1.5029954727048600e-01
9                                      0.0000000000000000e+00         0.0000000000000000e+00         0.0000000000000000e+00         0.0000000000000000e+00         0.0000000000000000e+00         0.0000000000000000e+00         5.0202486352879196e-02        -2.6950740255021588e-01
10                                     0.0000000000000000e+00         0.0000000000000000e+00         0.0000000000000000e+00         0.0000000000000000e+00         0.0000000000000000e+00         0.0000000000000000e+00         2.6824526008407673e-01         4.6747649327450451e-02
11                                     0.0000000000000000e+00         0.0000000000000000e+00         0.0000000000000000e+00         0.0000000000000000e+00         0.0000000000000000e+00         0.0000000000000000e+00        -1.0320983327136478e-01         1.2205232331590554e-01
12                                     0.0000000000000000e+00         0.0000000000000000e+00         0.0000000000000000e+00         0.0000000000000000e+00         0.0000000000000000e+00         0.0000000000000000e+00        -1.0565030327040452e-02         5.8610809545282187e-02
13                                     0.0000000000000000e+00         0.0000000000000000e+00         0.0000000000000000e+00         0.0000000000000000e+00         0.0000000000000000e+00         0.0000000000000000e+00        -5.8610742774171484e-02        -1.0565098349535687e-02
14                                     0.0000000000000000e+00         0.0000000000000000e+00         0.0000000000000000e+00         0.0000000000000000e+00         0.0000000000000000e+00         0.0000000000000000e+00        -7.6886774711856443e-05         3.3423252644676096e-05
15                                     0.0000000000000000e+00         0.0000000000000000e+00         0.0000000000000000e+00         0.0000000000000000e+00         0.0000000000000000e+00         0.0000000000000000e+00        -3.0391143497758141e-03         1.6859805681065113e-02
16                                     0.0000000000000000e+00         0.0000000000000000e+00         0.0000000000000000e+00         0.0000000000000000e+00         0.0000000000000000e+00         0.0000000000000000e+00        -1.6859800570993774e-02        -3.0390977181126251e-03
17                                     0.0000000000000000e+00         0.0000000000000000e+00         0.0000000000000000e+00         0.0000000000000000e+00         0.0000000000000000e+00         0.0000000000000000e+00         4.0135101145012607e-05        -2.4314683205603841e-05
                                                         8                           9                          10                          11                          12                          13                          14                          15

0                                      9.7782632873780068e-05        -8.8088039269437102e-06         4.8795587286479140e-02        -9.3341437589168880e-02        -9.8953681699357573e-06        -1.2550087633166495e-02         6.7972279327583443e-02        -2.3750113080173486e-04
1                                      1.1079271455316511e-04         3.7545554315163154e-05         9.3346546645594150e-02         4.8803835937941895e-02        -1.1543549487464415e-05         6.7954243319618191e-02         1.2550462643485936e-02        -5.4755530904405578e-04
2                                      1.1153595442101209e-01        -2.2964325453889980e-01         3.2015830358649375e-06         1.6359453903112867e-05        -9.4987223426371156e-02        -2.9206298848153324e-05        -1.1286339087396813e-05         3.7264694875567335e-02
3                                      1.2019782064278372e-04        -7.9146486362917245e-07        -1.0378977212781190e-01         1.9854075783662503e-01         6.4480712429865609e-05         1.3172803531495592e-01        -7.1334922308622317e-01        -1.0149819970478465e-04
4                                     -1.1185719542124838e-03         1.4817210154185433e-02        -1.2852187113634236e-01        -6.7208134103899281e-02         1.7722171083586610e-01         1.1768093692729278e-01         2.1759435746070380e-02         5.5142049795005466e-01
5                                      1.0533388235192669e-01        -1.5355973275946502e-01        -6.2190403829025087e-01        -3.2514126559690837e-01         5.1210198217586111e-01         2.8304004258469950e-01         5.2279098769571715e-02        -1.6309041038538499e-01
6                                     -9.6751256234944936e-04         1.2873303237655379e-02        -1.0667421118312476e-01         1.3018047138300071e-01         1.5356239525195203e-01        -3.4314720528612808e-01        -1.5654973998245869e-01         4.7297170048294368e-01
7                                      7.6466796734973028e-04        -7.3398199060496884e-03        -1.9692484013896719e-01        -6.4370183730582342e-02        -8.8521275590779810e-02        -4.3915799735643779e-01        -4.5320544893135234e-01        -2.7336203509728696e-01
8                                      1.0527373987505528e-01        -1.5349779060129143e-01         2.9403240659293138e-02         7.0118382198530838e-01         5.1214404292204874e-01        -1.8672270843689870e-01         2.1892864085047734e-01        -1.6138608166983251e-01
9                                      1.2102766853014780e-03        -1.2879267211324328e-02        -4.6009289280411363e-02         1.6193644558272996e-01        -1.5352715097812855e-01         3.7642698277656356e-01        -2.3685247326003196e-02        -4.7002703933870565e-01
10                                     7.6594243989916834e-04        -7.3423681948226781e-03        -1.6527351963927950e-01        -1.2500388955833830e-01        -8.8575019836747537e-02        -5.7204604085959854e-01         2.6644310095296281e-01        -2.7154339911141834e-01
11                                     1.0515179663032038e-01        -1.5352748032782959e-01         5.9260012260691575e-01        -3.7608031858678659e-01         5.1210042942344158e-01        -9.6194002578669294e-02        -2.7108489015581633e-01        -1.6024180096359644e-01
12                                    -2.8684654002780658e-05         3.1106081039657329e-06        -9.3022859923625502e-03         1.7793034587405984e-02         7.8889254929172540e-07        -4.1907915646491670e-04         2.2666041010538955e-03        -5.2222038764876498e-07
13                                    -3.2067587490179378e-05        -1.0503652154217655e-05        -1.7792967877631054e-02        -9.3018375793312135e-03         3.8534545137596458e-07         2.2702334089640523e-03         4.1870712285202672e-04        -4.8590726007398912e-07
14                                     1.1011767939504997e-01         9.1163729778091895e-02        -4.0729103565024552e-06        -4.3262360635149870e-06        -9.9590989330918412e-03         6.6409693861422559e-06         5.4666529659653036e-07         1.0102273679116907e-03
15                                    -6.5503855347939573e-06         2.9181938642934330e-08         2.7975033309234462e-05        -5.3509193298757018e-05        -1.2062736677107603e-07        -9.1509313106547990e-06         4.9560974713065150e-05         6.5483271253196632e-08
16                                    -7.6242037029963537e-06        -2.6868072940620776e-06         5.3500765548534741e-05         2.7910379241197923e-05        -1.7907521890299059e-08         4.9890920389449115e-05         9.1978109235930325e-06         3.3453611688607097e-07
17                                    -6.9611338302273409e-02        -1.1906004803341794e-04         7.2879865577267407e-08        -6.3217242771241412e-08        -6.8417711024370599e-04        -1.1218590570949562e-07        -9.5781801353048901e-08         6.5008740149584158e-05
                                                        16                          17

0                                      3.8108320116665831e-02         7.8198591999591033e-02
1                                     -7.8199152639542122e-02         3.8110054654436794e-02
2                                     -1.7251435531387942e-04         1.9710745459791801e-04
3                                      1.7898880753188531e-02         3.6665360790439826e-02
4                                      6.5862439362341851e-01        -3.1931673897850932e-01
5                                     -2.1732013462753683e-01         1.0541599573527237e-01
6                                     -5.4135875403809430e-01        -3.3693706650376287e-01
7                                      2.8619363018254856e-01         2.3356528554308326e-01
8                                      2.0175237170079183e-01         1.3486046199794136e-01
9                                      6.7046925286732742e-02        -6.3629072870370040e-01
10                                    -8.2736302311261032e-03        -3.7066864718602988e-01
11                                     1.7702149897008648e-02        -2.4278223130138318e-01
12                                     8.3991710889532654e-05         1.7226754584081448e-04
13                                    -1.7184052071688666e-04         8.3713926349866894e-05
14                                    -1.5498158829559781e-06         3.7135079023086471e-06
15                                    -7.9166391149213948e-06        -1.6217220493397748e-05
16                                     1.6339619663030348e-05        -7.9638905994293191e-06
17                                    -3.0596397812579000e-07         3.3425686956978001e-07
$End
$THERMOCHEMISTRY_Energies
   &GeometryIndex 5
   &temperature [&Type "Double"]       2.9814999999999998e+02
   &pressure [&Type "Double"]       1.0000000000000000e+00
   &totalMass [&Type "Double"]       1.3038800000000001e+02
   &spinDegeneracy [&Type "Integer"] 1
   &elEnergy [&Type "Double"]      -1.2557871669930000e+01
   &transEnergy [&Type "Double"]       1.4162714244859817e-03
   &rotEnergy [&Type "Double"]       1.4162714244859817e-03
   &vibEnergy [&Type "Double"]       2.5012799842149989e-03
   &numOfFreqs [&Type "Integer"] 18
   &freqScalingFactor [&Type "Double"]       1.0000000000000000e+00
   &FREQ [&Type "ArrayOfDoubles", &Units "cm^-1", &Dim (18,1)] 
                                                         0

0                                      0.0000000000000000e+00
1                                      0.0000000000000000e+00
2                                      0.0000000000000000e+00
3                                      0.0000000000000000e+00
4                                      0.0000000000000000e+00
5                                      0.0000000000000000e+00
6                                      8.7958488233657633e+01
7                                      8.7968518196692230e+01
8                                      9.4155844343244809e+01
9                                      6.4271072668348916e+02
10                                     9.8452536019351442e+02
11                                     9.8454224558006445e+02
12                                     1.3127583402166454e+03
13                                     1.4384535946017747e+03
14                                     1.4385727585076495e+03
15                                     3.0610386330812462e+03
16                                     3.0740414905922585e+03
17                                     3.0741377558572499e+03
   &zpe [&Type "Double"]       3.7090536790028134e-02
   &innerEnergyU [&Type "Double"]      -1.2515447310306786e+01
   &enthalpyH [&Type "Double"]      -1.2514503101264527e+01
   &qEl [&Type "Double"]       0.0000000000000000e+00
   &qRot [&Type "Double"]       1.2139348005083960e-02
   &qVib [&Type "Double"]       4.9163546365938726e-03
   &qTrans [&Type "Double"]       1.9247041860113716e-02
   &entropyS [&Type "Double"]       3.6302744501791551e-02
   &freeEnergyG [&Type "Double"]      -1.2550805845766318e+01
   &isLinear [&Type "Boolean"] false
$End
$Calculation_Info
   &GeometryIndex 5
   &Mult [&Type "Integer"] 1
   &Charge [&Type "Integer"] -1
   &NumOfAtoms [&Type "Integer"] 6
   &NumOfElectrons [&Type "Integer"] 0
   &NumOfBasisFuncts [&Type "Integer"] 0
   &NumOfAuxCBasisFuncts [&Type "Integer"] 0
   &NumOfAuxJBasisFuncts [&Type "Integer"] 0
   &NumOfAuxJKBasisFuncts [&Type "Integer"] 0
   &NumOfCABSBasisFuncts [&Type "Integer"] 0
$End
$Calculation_Timings
   &GeometryIndex 5
   &GSTEP [&Type "Double"]       9.2389999999999417e-03
   &XTB [&Type "Double"]       8.3265900000000004e-01
   &XTBGRAD [&Type "Double"]       1.3509999999999911e-03
   &SUM [&Type "Double"]       8.4324900000000003e-01
$End
