
$orca_hessian_file

$act_atom
  0

$act_coord
  0

$act_energy
      -12.553580

$multiplicity
  1

$hessian
18
                    0                  1                  2                  3                  4        
    0      5.0691668310E-01   5.5014000000E-06  -1.5650000000E-07  -4.1454649300E-02  -3.4243000000E-06
    1      5.5014000000E-06   5.0692076740E-01  -6.0841000000E-06  -4.1635000000E-06  -2.8089594600E-01
    2     -1.5650000000E-07  -6.0841000000E-06   2.4561051590E-01  -9.0970000000E-07  -7.7120653700E-02
    3     -4.1454649300E-02  -4.1635000000E-06  -9.0970000000E-07   4.4108933200E-02   3.2558000000E-06
    4     -3.4243000000E-06  -2.8089594600E-01  -7.7120653700E-02   3.2558000000E-06   3.1319420340E-01
    5     -9.0350000000E-07  -8.1502597700E-02  -5.7324213000E-02   7.9030000000E-07   8.5452827100E-02
    6     -2.2102748290E-01   1.0368678920E-01  -6.6780836800E-02  -1.2814116000E-03   1.9089673000E-03
    7      1.0367724480E-01  -1.0130988950E-01   3.8572693900E-02   2.6206453300E-02  -1.7519999100E-02
    8     -7.0584522700E-02   4.0752997800E-02  -5.7325013500E-02   6.5790110000E-03  -3.2111422000E-03
    9     -2.2103053340E-01  -1.0368813910E-01   6.6780606600E-02  -1.2813978000E-03  -1.9088598000E-03
   10     -1.0367925130E-01  -1.0131099040E-01   3.8572190200E-02  -2.6205954600E-02  -1.7518485600E-02
   11      7.0584481400E-02   4.0752655000E-02  -5.7324890600E-02  -6.5791233000E-03  -3.2109720000E-03
   12     -1.6171791000E-03   3.5300000000E-08   7.3000000000E-09  -5.2100380000E-04  -5.2000000000E-09
   13      2.1800000000E-08  -1.6172003000E-03  -8.6292000000E-06   3.9700000000E-08   5.1373020000E-04
   14      1.3710000000E-07  -1.1873000000E-06   3.8802262000E-03  -2.6800000000E-08  -7.3192750000E-04
   15     -2.1786838400E-02  -2.3400000000E-08   1.2891000000E-06   4.2952920000E-04   6.6200000000E-08
   16     -9.2400000000E-08  -2.1786741100E-02  -9.5171000000E-06   3.6930000000E-07   2.2264972000E-03
   17      9.6410000000E-07   4.2162000000E-06  -7.7516625000E-02   2.5850000000E-07  -1.1781317000E-03
                    5                  6                  7                  8                  9        
    0     -9.0350000000E-07  -2.2102748290E-01   1.0367724480E-01  -7.0584522700E-02  -2.2103053340E-01
    1     -8.1502597700E-02   1.0368678920E-01  -1.0130988950E-01   4.0752997800E-02  -1.0368813910E-01
    2     -5.7324213000E-02  -6.6780836800E-02   3.8572693900E-02  -5.7325013500E-02   6.6780606600E-02
    3      7.9030000000E-07  -1.2814116000E-03   2.6206453300E-02   6.5790110000E-03  -1.2813978000E-03
    4      8.5452827100E-02   1.9089673000E-03  -1.7519999100E-02  -3.2111422000E-03  -1.9088598000E-03
    5      7.2553450600E-02   5.0753050000E-04   7.3017547000E-03   4.0942675000E-03  -5.0757160000E-04
    6      5.0753050000E-04   2.4590596750E-01  -1.1652278330E-01   7.4003514600E-02  -2.5618943100E-02
    7      7.3017547000E-03  -1.1652278330E-01   1.1138667390E-01  -4.2729663800E-02  -1.2140672400E-02
    8      4.0942675000E-03   7.4003514600E-02  -4.2729663800E-02   7.2556314500E-02   6.0727928000E-03
    9     -5.0757160000E-04  -2.5618943100E-02  -1.2140672400E-02   6.0727928000E-03   2.4590936420E-01
   10      7.3014553000E-03   1.2140714400E-02   6.8411788000E-03  -4.0940996000E-03   1.1652420790E-01
   11      4.0941544000E-03  -6.0730986000E-03  -4.0942138000E-03   4.0942886000E-03  -7.4003224000E-02
   12      6.7300000000E-08   2.5036970000E-04  -4.4536940000E-04   8.6321200000E-05   2.5034710000E-04
   13      1.0136780000E-04  -4.4134570000E-04  -2.6878770000E-04  -4.8206000000E-05   4.4131620000E-04
   14     -2.9484303000E-03  -6.3289920000E-04   3.6771700000E-04  -2.9489259000E-03   6.3283040000E-04
   15      8.7000000000E-08   1.7715004000E-03  -7.7487300000E-04  -1.6157117000E-02   1.7711630000E-03
   16     -1.8654807200E-02  -7.7234200000E-04   8.7082370000E-04   9.3301138000E-03   7.7214710000E-04
   17     -2.0469229200E-02  -1.0242105000E-03   5.8171200000E-04  -2.0470931300E-02   1.0245659000E-03
                   10                 11                 12                 13                 14        
    0     -1.0367925130E-01   7.0584481400E-02  -1.6171791000E-03   2.1800000000E-08   1.3710000000E-07
    1     -1.0131099040E-01   4.0752655000E-02   3.5300000000E-08  -1.6172003000E-03  -1.1873000000E-06
    2      3.8572190200E-02  -5.7324890600E-02   7.3000000000E-09  -8.6292000000E-06   3.8802262000E-03
    3     -2.6205954600E-02  -6.5791233000E-03  -5.2100380000E-04   3.9700000000E-08  -2.6800000000E-08
    4     -1.7518485600E-02  -3.2109720000E-03  -5.2000000000E-09   5.1373020000E-04  -7.3192750000E-04
    5      7.3014553000E-03   4.0941544000E-03   6.7300000000E-08   1.0136780000E-04  -2.9484303000E-03
    6      1.2140714400E-02  -6.0730986000E-03   2.5036970000E-04  -4.4134570000E-04  -6.3289920000E-04
    7      6.8411788000E-03  -4.0942138000E-03  -4.4536940000E-04  -2.6878770000E-04   3.6771700000E-04
    8     -4.0940996000E-03   4.0942886000E-03   8.6321200000E-05  -4.8206000000E-05  -2.9489259000E-03
    9      1.1652420790E-01  -7.4003224000E-02   2.5034710000E-04   4.4131620000E-04   6.3283040000E-04
   10      1.1138603300E-01  -4.2728837900E-02   4.4535550000E-04  -2.6876850000E-04   3.6769460000E-04
   11     -4.2728837900E-02   7.2553817800E-02  -8.6247400000E-05  -4.8284900000E-05  -2.9483652000E-03
   12      4.4535550000E-04  -8.6247400000E-05   6.9572460000E-04   2.0000000000E-09  -5.0600000000E-08
   13     -2.6876850000E-04  -4.8284900000E-05   2.0000000000E-09   6.9745020000E-04  -1.1123000000E-06
   14      3.6769460000E-04  -2.9483652000E-03  -5.0600000000E-08  -1.1123000000E-06   1.3870038900E-02
   15      7.7492810000E-04   1.6157211800E-02   9.4174160000E-04  -3.4000000000E-08   9.1000000000E-09
   16      8.7103270000E-04   9.3296535000E-03  -1.8100000000E-08   9.4357600000E-04  -1.1846000000E-06
   17      5.8159740000E-04  -2.0469005000E-02  -9.7900000000E-08   4.8645000000E-06  -8.9045437000E-03
                   15                 16                 17        
     0     -2.1786838400E-02  -9.2400000000E-08   9.6410000000E-07
     1     -2.3400000000E-08  -2.1786741100E-02   4.2162000000E-06
     2      1.2891000000E-06  -9.5171000000E-06  -7.7516625000E-02
     3      4.2952920000E-04   3.6930000000E-07   2.5850000000E-07
     4      6.6200000000E-08   2.2264972000E-03  -1.1781317000E-03
     5      8.7000000000E-08  -1.8654807200E-02  -2.0469229200E-02
     6      1.7715004000E-03  -7.7234200000E-04  -1.0242105000E-03
     7     -7.7487300000E-04   8.7082370000E-04   5.8171200000E-04
     8     -1.6157117000E-02   9.3301138000E-03  -2.0470931300E-02
     9      1.7711630000E-03   7.7214710000E-04   1.0245659000E-03
    10      7.7492810000E-04   8.7103270000E-04   5.8159740000E-04
    11      1.6157211800E-02   9.3296535000E-03  -2.0469005000E-02
    12      9.4174160000E-04  -1.8100000000E-08  -9.7900000000E-08
    13     -3.4000000000E-08   9.4357600000E-04   4.8645000000E-06
    14      9.1000000000E-09  -1.1846000000E-06  -8.9045437000E-03
    15      1.6872904200E-02  -6.3900000000E-08  -1.4801000000E-06
    16     -6.3900000000E-08   1.6874811500E-02   5.7416000000E-06
    17     -1.4801000000E-06   5.7416000000E-06   1.4783033430E-01

$vibrational_frequencies
18
    0        0.0000000000000000
    1        0.0000000000000000
    2        0.0000000000000000
    3        0.0000000000000000
    4        0.0000000000000000
    5        0.0000000000000000
    6       87.3536613704699931
    7       87.4602140961229111
    8      117.6765762148930747
    9      524.4156591168738260
   10      952.0317995096609138
   11      952.0413241833514348
   12     1295.1403565309776695
   13     1437.2953809705463755
   14     1437.3900686933413908
   15     3083.2075181326895290
   16     3099.6257174023608059
   17     3099.6379204049330838

$normal_modes
18 18
                    0                  1                  2                  3                  4        
    0      0.0000000000E+00   0.0000000000E+00   0.0000000000E+00   0.0000000000E+00   0.0000000000E+00
    1      0.0000000000E+00   0.0000000000E+00   0.0000000000E+00   0.0000000000E+00   0.0000000000E+00
    2      0.0000000000E+00   0.0000000000E+00   0.0000000000E+00   0.0000000000E+00   0.0000000000E+00
    3      0.0000000000E+00   0.0000000000E+00   0.0000000000E+00   0.0000000000E+00   0.0000000000E+00
    4      0.0000000000E+00   0.0000000000E+00   0.0000000000E+00   0.0000000000E+00   0.0000000000E+00
    5      0.0000000000E+00   0.0000000000E+00   0.0000000000E+00   0.0000000000E+00   0.0000000000E+00
    6      0.0000000000E+00   0.0000000000E+00   0.0000000000E+00   0.0000000000E+00   0.0000000000E+00
    7      0.0000000000E+00   0.0000000000E+00   0.0000000000E+00   0.0000000000E+00   0.0000000000E+00
    8      0.0000000000E+00   0.0000000000E+00   0.0000000000E+00   0.0000000000E+00   0.0000000000E+00
    9      0.0000000000E+00   0.0000000000E+00   0.0000000000E+00   0.0000000000E+00   0.0000000000E+00
   10      0.0000000000E+00   0.0000000000E+00   0.0000000000E+00   0.0000000000E+00   0.0000000000E+00
   11      0.0000000000E+00   0.0000000000E+00   0.0000000000E+00   0.0000000000E+00   0.0000000000E+00
   12      0.0000000000E+00   0.0000000000E+00   0.0000000000E+00   0.0000000000E+00   0.0000000000E+00
   13      0.0000000000E+00   0.0000000000E+00   0.0000000000E+00   0.0000000000E+00   0.0000000000E+00
   14      0.0000000000E+00   0.0000000000E+00   0.0000000000E+00   0.0000000000E+00   0.0000000000E+00
   15      0.0000000000E+00   0.0000000000E+00   0.0000000000E+00   0.0000000000E+00   0.0000000000E+00
   16      0.0000000000E+00   0.0000000000E+00   0.0000000000E+00   0.0000000000E+00   0.0000000000E+00
   17      0.0000000000E+00   0.0000000000E+00   0.0000000000E+00   0.0000000000E+00   0.0000000000E+00
                    5                  6                  7                  8                  9        
    0      0.0000000000E+00  -4.1480801214E-01  -5.1235630233E-04  -6.3912187510E-05  -1.4335221143E-05
    1      0.0000000000E+00   5.1225166535E-04  -4.1482630224E-01  -7.3192352837E-04   6.9142609718E-05
    2      0.0000000000E+00  -1.2859192306E-05  -1.5198882798E-05   2.9885944717E-01   6.3800851639E-01
    3      0.0000000000E+00  -4.8891151233E-01  -5.2307424128E-04  -7.3884536010E-05  -7.2241458504E-06
    4      0.0000000000E+00   6.1432071688E-04  -4.9730340553E-01   7.8708015541E-03   4.4841113686E-02
    5      0.0000000000E+00  -3.1264165743E-04   2.4499671014E-01   2.5225059169E-01   4.3759544955E-01
    6      0.0000000000E+00  -4.9521077077E-01   2.9555607303E-03   7.5172301456E-03   3.8735405136E-02
    7      0.0000000000E+00   4.1844268679E-03  -4.9106901283E-01  -5.2086117308E-03  -2.2407080864E-02
    8      0.0000000000E+00   2.1233742266E-01  -1.2227605974E-01   2.5164401212E-01   4.3754894402E-01
    9      0.0000000000E+00  -4.9519993823E-01  -4.2587462336E-03  -7.6663401137E-03  -3.8751200386E-02
   10      0.0000000000E+00  -2.9713692918E-03  -4.9093605685E-01  -5.2088727961E-03  -2.2407879518E-02
   11      0.0000000000E+00  -2.1205992904E-01  -1.2279748370E-01   2.5159054011E-01   4.3758113316E-01
   12      0.0000000000E+00   7.9048315842E-02   9.7620313611E-05   1.1829386232E-05  -8.0789053137E-08
   13      0.0000000000E+00  -9.7600248070E-05   7.9050612665E-02   1.3824955634E-04  -8.7166984929E-06
   14      0.0000000000E+00   1.2767507491E-05   1.4861341516E-04  -7.9456392889E-01  -1.4008002607E-03
   15      0.0000000000E+00   4.5943878490E-02   5.6744034936E-05   7.1719713933E-06   2.4812028289E-06
   16      0.0000000000E+00  -5.6751320112E-05   4.5945435400E-02   8.0811369396E-05  -6.8560864113E-06
   17      0.0000000000E+00  -3.2886790295E-06  -6.2688231087E-05   2.9810444463E-01  -1.1184837359E-01
                   10                 11                 12                 13                 14        
    0     -2.7640451133E-02   1.0693529266E-01  -3.2799193048E-06  -3.7936827314E-03   7.0158079567E-02
    1     -1.0693420598E-01  -2.7642127894E-02   4.6269835098E-06   7.0141575969E-02   3.7942380242E-03
    2      1.0198210340E-05   8.7848871368E-06   9.6532259990E-02  -1.0652531343E-05   4.5583321164E-07
    3      6.2573525591E-02  -2.4206187222E-01   1.8167121353E-05   4.0297511836E-02  -7.4501391334E-01
    4      1.5207449424E-01   3.9315571055E-02   1.8666186528E-01   1.2527620605E-01   6.7858900456E-03
    5     -7.3176994395E-01  -1.8915586055E-01  -5.4348820682E-01  -3.0118736980E-01  -1.6293101232E-02
    6      8.4125166722E-02  -1.6448543577E-01   1.6164462361E-01  -3.7192197375E-01  -1.1265812654E-01
    7      2.2965737799E-01   1.7803993191E-02  -9.3350015228E-02  -5.0700429620E-01  -4.0539137123E-01
    8      2.0207969373E-01   7.2831673977E-01  -5.4349112545E-01   1.6470886810E-01  -2.5266718794E-01
    9      6.1085211995E-03  -1.8466063363E-01  -1.6162993201E-01   3.8189570227E-01  -7.1887637360E-02
   10      2.0953728171E-01   9.5727659438E-02  -9.3362458196E-02  -5.4776960005E-01   3.4833273375E-01
   11      5.2971084593E-01  -5.3918539219E-01  -5.4347231565E-01   1.3648621869E-01   2.6893625493E-01
   12     -3.5623579391E-07   1.4219305752E-06  -1.8818009103E-08  -1.0131096095E-05   1.8771795450E-04
   13     -2.2987971510E-06  -5.1324716814E-07  -1.9206224857E-08   1.8876857119E-04   1.0196578192E-05
   14      7.0981290405E-07  -1.3640197476E-08   2.1132779652E-03  -9.8460134114E-07   3.2971906356E-08
   15      2.2274395114E-03  -8.6171790580E-03   8.6867012936E-08  -5.9428150735E-05   1.0972752984E-03
   16      8.6166325413E-03   2.2272564808E-03  -4.8570359577E-08   1.0985080175E-03   5.9334633453E-05
   17     -2.1078369805E-06  -1.0052894037E-06   5.1204536003E-03   1.9408749188E-06   2.2005691792E-07
                   15                 16                 17        
     0      1.8627238872E-05  -6.5384916781E-02   6.4111638745E-02
     1     -8.8135144375E-05   6.4113358974E-02   6.5388007859E-02
     2      3.8290498985E-02   3.2240374337E-05   2.1365108830E-05
     3      5.6367533304E-06  -2.9286191706E-02   2.8701760996E-02
     4     -5.5271571511E-01  -5.4067983845E-01  -5.5125985914E-01
     5     -1.6273387722E-01  -1.7728484118E-01  -1.8075832151E-01
     6     -4.7969273865E-01   6.5182453551E-01  -1.4700771574E-01
     7      2.7698526465E-01  -3.6454477207E-01   1.3071638907E-01
     8     -1.6314128451E-01   2.4490524291E-01  -6.3172468450E-02
     9      4.7946461305E-01   1.5995821544E-01  -6.4895241633E-01
    10      2.7684689754E-01   1.3795134550E-01  -3.6198367951E-01
    11     -1.6304952252E-01  -6.8030105389E-02   2.4365769734E-01
    12      5.7244641472E-09   4.4611670907E-05  -4.3741359948E-05
    13     -8.0851402770E-07  -4.3739430156E-05  -4.4643727815E-05
    14      2.1998164561E-04   1.7249016425E-07   1.3029736167E-07
    15      4.1806717696E-09  -6.2577144340E-05   6.1355538201E-05
    16     -4.7713629928E-07   6.1283986624E-05   6.2512621541E-05
    17      3.1451675996E-04   2.4564274456E-07   1.7573973764E-07

#
# The atoms: label  mass x y z (in bohrs)
#
$atoms
6
 C     12.01100     -0.000067500355     0.000027543919     0.765304132498
 H      1.00800     -0.000052736462     1.941193480852     1.403473931734
 H      1.00800      1.681028511431    -0.970552260127     1.403495104992
 H      1.00800     -1.681161085579    -0.970567362312     1.403469179129
 Cl    35.45300      0.000002036055     0.000002243082     6.170674228995
 Br    79.90000      0.000011581422    -0.000006067626    -2.906196534388

$actual_temperature
  0.000000

$frequency_scale_factor
  1.000000


$end

