
$orca_hessian_file

$act_atom
  0

$act_coord
  0

$act_energy
      -12.557872

$multiplicity
  1

$hessian
18
                    0                  1                  2                  3                  4        
    0      5.0517068860E-01   2.2991000000E-05   4.9617000000E-06  -4.2442101300E-02  -8.8900000000E-06
    1      2.2991000000E-05   5.0515117330E-01   1.2815200000E-05  -1.1589300000E-05  -2.7571061970E-01
    2      4.9617000000E-06   1.2815200000E-05   2.7546015970E-01   2.5512000000E-06   7.3511471600E-02
    3     -4.2442101300E-02  -1.1589300000E-05   2.5512000000E-06   4.4371193900E-02   8.1530000000E-06
    4     -8.8900000000E-06  -2.7571061970E-01   7.3511471600E-02   8.1530000000E-06   3.0825150230E-01
    5      2.4823000000E-06   7.7504152400E-02  -5.7536844100E-02  -2.3101000000E-06  -8.4116080900E-02
    6     -2.1738954220E-01   1.0100624290E-01   6.3717399900E-02  -1.3377559000E-03   2.0129762000E-03
    7      1.0099879220E-01  -1.0074354030E-01  -3.6772524400E-02   2.6391228900E-02  -1.7731148800E-02
    8      6.7121430500E-02  -3.8750223000E-02  -5.7538348000E-02  -6.1813699000E-03   3.2766829000E-03
    9     -2.1740065140E-01  -1.0101778710E-01  -6.3722499400E-02  -1.3373916000E-03  -2.0124088000E-03
   10     -1.0101282710E-01  -1.0075437760E-01  -3.6776929800E-02  -2.6388602000E-02  -1.7726974000E-02
   11     -6.7127059000E-02  -3.8755149300E-02  -5.7539843900E-02   6.1817189000E-03   3.2763879000E-03
   12     -2.6821416900E-02   2.6000000000E-08  -3.2329000000E-06   1.1475502000E-03   1.7480000000E-07
   13     -1.6020000000E-07  -2.6823567100E-02   1.3330300000E-05   7.8100000000E-07   2.6276594000E-03
   14     -1.6522000000E-06  -1.1659600000E-05  -1.0564733920E-01  -6.1810000000E-07   3.6735485000E-03
   15     -1.1169768000E-03   1.1640000000E-07   8.1950000000E-07  -4.0149530000E-04  -5.2000000000E-09
   16      9.4100000000E-08  -1.1190685000E-03   1.1837000000E-05   2.8400000000E-08   2.8958080000E-04
   17     -1.6330000000E-07   6.4300000000E-08   2.8022156000E-03   2.8000000000E-08   3.7799000000E-04
                    5                  6                  7                  8                  9        
    0      2.4823000000E-06  -2.1738954220E-01   1.0099879220E-01   6.7121430500E-02  -2.1740065140E-01
    1      7.7504152400E-02   1.0100624290E-01  -1.0074354030E-01  -3.8750223000E-02  -1.0101778710E-01
    2     -5.7536844100E-02   6.3717399900E-02  -3.6772524400E-02  -5.7538348000E-02  -6.3722499400E-02
    3     -2.3101000000E-06  -1.3377559000E-03   2.6391228900E-02  -6.1813699000E-03  -1.3373916000E-03
    4     -8.4116080900E-02   2.0129762000E-03  -1.7731148800E-02   3.2766829000E-03  -2.0124088000E-03
    5      7.3492006400E-02  -2.5429980000E-04  -6.9928622000E-03   3.9982703000E-03   2.5456510000E-04
    6     -2.5429980000E-04   2.4230022860E-01  -1.1427209910E-01  -7.2851530200E-02  -2.5935182300E-02
    7     -6.9928622000E-03  -1.1427209910E-01   1.1033889720E-01   4.2059037900E-02  -1.2185279700E-02
    8      3.9982703000E-03  -7.2851530200E-02   4.2059037900E-02   7.3494303100E-02  -5.9272284000E-03
    9      2.5456510000E-04  -2.5935182300E-02  -1.2185279700E-02  -5.9272284000E-03   2.4231179250E-01
   10     -6.9924592000E-03   1.2184723800E-02   6.8579212000E-03   3.7151564000E-03   1.1428396380E-01
   11      3.9980082000E-03   5.9277178000E-03   3.7153889000E-03   3.9980768000E-03   7.2856465200E-02
   12     -9.3200000000E-08   2.2501365000E-03  -6.3612130000E-04   1.8033320900E-02   2.2493015000E-03
   13      2.0822313300E-02  -6.3624160000E-04   1.5102906000E-03  -1.0412352200E-02   6.3589270000E-04
   14     -2.1635984000E-02   3.1325595000E-03  -1.8198092000E-03  -2.1636635500E-02  -3.1332409000E-03
   15     -3.4430000000E-07   1.1211520000E-04  -2.9652100000E-04  -1.9462290000E-04   1.1213120000E-04
   16     -2.2506350000E-04  -2.9560230000E-04  -2.3241980000E-04   1.1169800000E-04   2.9561920000E-04
   17     -2.3154567000E-03   3.2815290000E-04  -1.8923100000E-04  -2.3156666000E-03  -3.2806160000E-04
                   10                 11                 12                 13                 14        
    0     -1.0101282710E-01  -6.7127059000E-02  -2.6821416900E-02  -1.6020000000E-07  -1.6522000000E-06
    1     -1.0075437760E-01  -3.8755149300E-02   2.6000000000E-08  -2.6823567100E-02  -1.1659600000E-05
    2     -3.6776929800E-02  -5.7539843900E-02  -3.2329000000E-06   1.3330300000E-05  -1.0564733920E-01
    3     -2.6388602000E-02   6.1817189000E-03   1.1475502000E-03   7.8100000000E-07  -6.1810000000E-07
    4     -1.7726974000E-02   3.2763879000E-03   1.7480000000E-07   2.6276594000E-03   3.6735485000E-03
    5     -6.9924592000E-03   3.9980082000E-03  -9.3200000000E-08   2.0822313300E-02  -2.1635984000E-02
    6      1.2184723800E-02   5.9277178000E-03   2.2501365000E-03  -6.3624160000E-04   3.1325595000E-03
    7      6.8579212000E-03   3.7153889000E-03  -6.3612130000E-04   1.5102906000E-03  -1.8198092000E-03
    8      3.7151564000E-03   3.9980768000E-03   1.8033320900E-02  -1.0412352200E-02  -2.1636635500E-02
    9      1.1428396380E-01   7.2856465200E-02   2.2493015000E-03   6.3589270000E-04  -3.1332409000E-03
   10      1.1034493540E-01   4.2062851200E-02   6.3623940000E-04   1.5108124000E-03  -1.8194157000E-03
   11      4.2062851200E-02   7.3491325200E-02  -1.8032875500E-02  -1.0411348800E-02  -2.1632752000E-02
   12      6.3623940000E-04  -1.8032875500E-02   2.0431762900E-02  -1.9990000000E-07   2.8865000000E-06
   13      1.5108124000E-03  -1.0411348800E-02  -1.9990000000E-07   2.0432048300E-02  -1.2230500000E-05
   14     -1.8194157000E-03  -2.1632752000E-02   2.8865000000E-06  -1.2230500000E-05   1.7699348500E-01
   15      2.9650210000E-04   1.9403270000E-04   7.4266580000E-04  -7.2000000000E-08   6.5300000000E-08
   16     -2.3231740000E-04   1.1187020000E-04  -1.1900000000E-07   7.4275640000E-04  -1.0433600000E-05
   17     -1.8920290000E-04  -2.3148142000E-03  -5.8000000000E-09   2.8790000000E-07  -6.4407743000E-03
                   15                 16                 17        
     0     -1.1169768000E-03   9.4100000000E-08  -1.6330000000E-07
     1      1.1640000000E-07  -1.1190685000E-03   6.4300000000E-08
     2      8.1950000000E-07   1.1837000000E-05   2.8022156000E-03
     3     -4.0149530000E-04   2.8400000000E-08   2.8000000000E-08
     4     -5.2000000000E-09   2.8958080000E-04   3.7799000000E-04
     5     -3.4430000000E-07  -2.2506350000E-04  -2.3154567000E-03
     6      1.1211520000E-04  -2.9560230000E-04   3.2815290000E-04
     7     -2.9652100000E-04  -2.3241980000E-04  -1.8923100000E-04
     8     -1.9462290000E-04   1.1169800000E-04  -2.3156666000E-03
     9      1.1213120000E-04   2.9561920000E-04  -3.2806160000E-04
    10      2.9650210000E-04  -2.3231740000E-04  -1.8920290000E-04
    11      1.9403270000E-04   1.1187020000E-04  -2.3148142000E-03
    12      7.4266580000E-04  -1.1900000000E-07  -5.8000000000E-09
    13     -7.2000000000E-08   7.4275640000E-04   2.8790000000E-07
    14      6.5300000000E-08  -1.0433600000E-05  -6.4407743000E-03
    15      5.5155990000E-04  -2.0400000000E-08   4.9700000000E-08
    16     -2.0400000000E-08   5.5146870000E-04   9.1800000000E-08
    17      4.9700000000E-08   9.1800000000E-08   1.0584496300E-02

$vibrational_frequencies
18
    0        0.0000000000000000
    1        0.0000000000000000
    2        0.0000000000000000
    3        0.0000000000000000
    4        0.0000000000000000
    5        0.0000000000000000
    6       87.9584882336576328
    7       87.9685181966922300
    8       94.1558443432448087
    9      642.7107266834891561
   10      984.5253601935144161
   11      984.5422455800644457
   12     1312.7583402166453652
   13     1438.4535946017747392
   14     1438.5727585076494961
   15     3061.0386330812461892
   16     3074.0414905922584694
   17     3074.1377558572498856

$normal_modes
18 18
                    0                  1                  2                  3                  4        
    0      0.0000000000E+00   0.0000000000E+00   0.0000000000E+00   0.0000000000E+00   0.0000000000E+00
    1      0.0000000000E+00   0.0000000000E+00   0.0000000000E+00   0.0000000000E+00   0.0000000000E+00
    2      0.0000000000E+00   0.0000000000E+00   0.0000000000E+00   0.0000000000E+00   0.0000000000E+00
    3      0.0000000000E+00   0.0000000000E+00   0.0000000000E+00   0.0000000000E+00   0.0000000000E+00
    4      0.0000000000E+00   0.0000000000E+00   0.0000000000E+00   0.0000000000E+00   0.0000000000E+00
    5      0.0000000000E+00   0.0000000000E+00   0.0000000000E+00   0.0000000000E+00   0.0000000000E+00
    6      0.0000000000E+00   0.0000000000E+00   0.0000000000E+00   0.0000000000E+00   0.0000000000E+00
    7      0.0000000000E+00   0.0000000000E+00   0.0000000000E+00   0.0000000000E+00   0.0000000000E+00
    8      0.0000000000E+00   0.0000000000E+00   0.0000000000E+00   0.0000000000E+00   0.0000000000E+00
    9      0.0000000000E+00   0.0000000000E+00   0.0000000000E+00   0.0000000000E+00   0.0000000000E+00
   10      0.0000000000E+00   0.0000000000E+00   0.0000000000E+00   0.0000000000E+00   0.0000000000E+00
   11      0.0000000000E+00   0.0000000000E+00   0.0000000000E+00   0.0000000000E+00   0.0000000000E+00
   12      0.0000000000E+00   0.0000000000E+00   0.0000000000E+00   0.0000000000E+00   0.0000000000E+00
   13      0.0000000000E+00   0.0000000000E+00   0.0000000000E+00   0.0000000000E+00   0.0000000000E+00
   14      0.0000000000E+00   0.0000000000E+00   0.0000000000E+00   0.0000000000E+00   0.0000000000E+00
   15      0.0000000000E+00   0.0000000000E+00   0.0000000000E+00   0.0000000000E+00   0.0000000000E+00
   16      0.0000000000E+00   0.0000000000E+00   0.0000000000E+00   0.0000000000E+00   0.0000000000E+00
   17      0.0000000000E+00   0.0000000000E+00   0.0000000000E+00   0.0000000000E+00   0.0000000000E+00
                    5                  6                  7                  8                  9        
    0      0.0000000000E+00   6.9842070091E-02  -3.8745457999E-01   3.9065746624E-04  -2.4207078058E-05
    1      0.0000000000E+00   3.8745681220E-01   6.9841862826E-02   4.4263485112E-04   1.0317724989E-04
    2      0.0000000000E+00  -5.3337742432E-05   9.1005594404E-05   4.4560421486E-01  -6.3107230382E-01
    3      0.0000000000E+00   8.5677700425E-02  -4.7611642091E-01   4.8020977426E-04  -2.1749890102E-06
    4      0.0000000000E+00   4.8233832538E-01   8.6946139406E-02  -4.4688762472E-03   4.0718509093E-02
    5      0.0000000000E+00   2.8011309322E-01   5.0586234632E-02   4.2082593175E-01  -4.2199059807E-01
    6      0.0000000000E+00   8.3993735970E-02  -4.8119527180E-01  -3.8653694940E-03   3.5376545887E-02
    7      0.0000000000E+00   4.7721032183E-01   8.8882019455E-02   3.0549724614E-03  -2.0170229110E-02
    8      0.0000000000E+00  -9.6426978641E-02  -2.6780483410E-01   4.2058565281E-01  -4.2182037761E-01
    9      0.0000000000E+00   8.9451471693E-02  -4.8021026370E-01   4.8352515107E-03  -3.5392935215E-02
   10      0.0000000000E+00   4.7796304591E-01   8.3295303945E-02   3.0600641858E-03  -2.0177231948E-02
   11      0.0000000000E+00  -1.8390068202E-01   2.1747372358E-01   4.2009846978E-01  -4.2190196661E-01
   12      0.0000000000E+00  -1.8824914459E-02   1.0443316970E-01  -1.1459984174E-04   8.5481222881E-06
   13      0.0000000000E+00  -1.0443341713E-01  -1.8824969616E-02  -1.2811520931E-04  -2.8864614276E-05
   14      0.0000000000E+00  -1.3699789894E-04   5.9553796349E-05   4.3993797626E-01   2.5052294739E-01
   15      0.0000000000E+00  -5.4151352051E-03   3.0040925241E-02  -2.6169851851E-05   8.0193573664E-08
   16      0.0000000000E+00  -3.0041021533E-02  -5.4150865720E-03  -3.0459929469E-05  -7.3834943351E-06
   17      0.0000000000E+00   7.1513268063E-05  -4.3324080613E-05  -2.7810857862E-01  -3.2718356547E-04
                   10                 11                 12                 13                 14        
    0      5.2704025136E-02  -1.0081780977E-01  -1.0488184777E-05  -1.2946109344E-02   7.0118144972E-02
    1      1.0082343536E-01   5.2712878380E-02  -1.2235106156E-05   7.0098559480E-02   1.2946677201E-02
    2      3.4580240178E-06   1.7669797617E-05  -1.0067776495E-01  -3.0127912210E-05  -1.1642645622E-05
    3     -1.1210314423E-01   2.1444328341E-01   6.8343654819E-05   1.3588475226E-01  -7.3586945641E-01
    4     -1.3881623941E-01  -7.2591306218E-02   1.8783879668E-01   1.2139439355E-01   2.2446374982E-02
    5     -6.7171742137E-01  -3.5118411618E-01   5.4278124083E-01   2.9197145448E-01   5.3929535140E-02
    6     -1.1521862161E-01   1.4060754085E-01   1.6276208712E-01  -3.5397531641E-01  -1.6149197102E-01
    7     -2.1269816190E-01  -6.9526044441E-02  -9.3824451920E-02  -4.5301575729E-01  -4.6751301684E-01
    8      3.1758386792E-02   7.5734656550E-01   5.4282582137E-01  -1.9261479849E-01   2.2584015616E-01
    9     -4.9694549724E-02   1.7490707436E-01  -1.6272473142E-01   3.8830524708E-01  -2.4432983889E-02
   10     -1.7851162816E-01  -1.3501633019E-01  -9.3881415903E-02  -5.9009712215E-01   2.7485463433E-01
   11      6.4006631531E-01  -4.0620323616E-01   5.4277959505E-01  -9.9229432659E-02  -2.7964296351E-01
   12     -1.0047382192E-02   1.9218203860E-02   8.3615391404E-07  -4.3230332267E-04   2.3381601518E-03
   13     -1.9218152264E-02  -1.0046887168E-02   4.0843091713E-07   2.3418712928E-03   4.3192558836E-04
   14     -4.3991430731E-06  -4.6727547349E-06  -1.0555733554E-02   6.8505271309E-06   5.6392336548E-07
   15      3.0215782629E-05  -5.7795120904E-05  -1.2785397068E-07  -9.4396916431E-06   5.1125600675E-05
   16      5.7786079625E-05   3.0145917800E-05  -1.8980334562E-08   5.1465243075E-05   9.4881832145E-06
   17      7.8717410342E-08  -6.8280756332E-08  -7.2516513072E-04  -1.1572596500E-07  -9.8805605747E-08
                   15                 16                 17        
     0     -2.4029687650E-04   3.9960251024E-02   8.1998796272E-02
     1     -5.5400085898E-04  -8.1999357615E-02   3.9962082790E-02
     2      3.7703356409E-02  -1.8089794886E-04   2.0668625355E-04
     3     -1.0269298625E-04   1.8768703678E-02   3.8447181373E-02
     4      5.5791154698E-01   6.9063123274E-01  -3.3483452267E-01
     5     -1.6501022993E-01  -2.2788113215E-01   1.1053887976E-01
     6      4.7853928912E-01  -5.6766689372E-01  -3.5331114239E-01
     7     -2.7657991760E-01   3.0010163840E-01   2.4491581978E-01
     8     -1.6328583870E-01   2.1155683046E-01   1.4141425396E-01
     9     -4.7555996488E-01   7.0305171067E-02  -6.6721244589E-01
    10     -2.7473987353E-01  -8.6756996873E-03  -3.8868197122E-01
    11     -1.6212808809E-01   1.8562412392E-02  -2.5458067996E-01
    12     -5.2836770744E-07   8.8073413912E-05   1.8063920378E-04
    13     -4.9162711971E-07  -1.8019136826E-04   8.7782158430E-05
    14      1.0221192642E-03  -1.6251315076E-06   3.8939726426E-06
    15      6.6254107894E-08  -8.3013600529E-06  -1.7005326123E-05
    16      3.3847411039E-07   1.7133667960E-05  -8.3509104972E-06
    17      6.5773990845E-05  -3.2083275602E-07   3.5050069636E-07

#
# The atoms: label  mass x y z (in bohrs)
#
$atoms
6
 C     12.01100     -0.000158305687    -0.000087611034     2.729254988172
 H      1.00800     -0.000092890345     1.941798952512     2.081043782651
 H      1.00800      1.681589713166    -0.970983585390     2.081023036061
 H      1.00800     -1.681857684560    -0.971027065861     2.081028551513
 Cl    35.45300     -0.000055973318    -0.000077605671     6.092234889879
 Br    79.90000      0.000053186236     0.000050275874    -3.192266900463

$actual_temperature
  0.000000

$frequency_scale_factor
  1.000000


$end

