
$orca_hessian_file

$act_atom
  0

$act_coord
  0

$act_energy
      -12.422415

$multiplicity
  1

$hessian
18
                    0                  1                  2                  3                  4        
    0      5.4231547860E-01   1.2900000000E-07  -1.9444000000E-06  -4.0912893200E-02  -1.6101000000E-06
    1      1.2900000000E-07   5.4232277060E-01   6.9776000000E-06  -1.6871000000E-06  -3.0605708730E-01
    2     -1.9444000000E-06   6.9776000000E-06   1.0658560630E-01  -2.0490000000E-07  -7.2414992000E-02
    3     -4.0912893200E-02  -1.6871000000E-06  -2.0490000000E-07   4.3594251000E-02   1.8020000000E-06
    4     -1.6101000000E-06  -3.0605708730E-01  -7.2414992000E-02   1.8020000000E-06   3.3715795740E-01
    5     -4.1530000000E-07  -7.9910495800E-02  -3.6818257400E-02   4.6220000000E-07   7.5992169300E-02
    6     -2.3976296550E-01   1.1480915370E-01  -6.2707511100E-02  -1.2488889000E-03   1.4393901000E-03
    7      1.1480904800E-01  -1.0719611350E-01   3.6203759100E-02   2.5890225700E-02  -1.7030675600E-02
    8     -6.9200232700E-02   3.9952233700E-02  -3.6817429100E-02   5.9099748000E-03  -2.8419212000E-03
    9     -2.3976469130E-01  -1.1480758980E-01   6.2709640600E-02  -1.2491996000E-03  -1.4395947000E-03
   10     -1.1480757120E-01  -1.0719377640E-01   3.6203911800E-02  -2.5890325800E-02  -1.7030379600E-02
   11      6.9201994200E-02   3.9952246800E-02  -3.6818361600E-02  -5.9099776000E-03  -2.8418460000E-03
   12     -6.1432139000E-03   4.0000000000E-09   4.8200000000E-08  -2.8936870000E-04   1.9000000000E-09
   13      2.9000000000E-09  -6.1433091000E-03   9.8660000000E-07   1.4100000000E-08   7.6555350000E-04
   14      2.5970000000E-07  -9.3000000000E-08   2.3445105400E-02  -8.2200000000E-08   1.6767960000E-04
   15     -1.5731714700E-02  -9.7000000000E-09  -2.8500000000E-08   1.0609940000E-04   1.0700000000E-08
   16      1.4000000000E-09  -1.5732484300E-02  -6.4310000000E-07  -2.8900000000E-08   2.1946317000E-03
   17      3.3850000000E-07  -8.6920000000E-07  -1.9576663600E-02  -1.7230000000E-07   1.9389103000E-03
                    5                  6                  7                  8                  9        
    0     -4.1530000000E-07  -2.3976296550E-01   1.1480904800E-01  -6.9200232700E-02  -2.3976469130E-01
    1     -7.9910495800E-02   1.1480915370E-01  -1.0719611350E-01   3.9952233700E-02  -1.1480758980E-01
    2     -3.6818257400E-02  -6.2707511100E-02   3.6203759100E-02  -3.6817429100E-02   6.2709640600E-02
    3      4.6220000000E-07  -1.2488889000E-03   2.5890225700E-02   5.9099748000E-03  -1.2491996000E-03
    4      7.5992169300E-02   1.4393901000E-03  -1.7030675600E-02  -2.8419212000E-03  -1.4395947000E-03
    5      5.9324120100E-02   4.9363140000E-04   6.5380497000E-03   2.6554190000E-03  -4.9353180000E-04
    6      4.9363140000E-04   2.6376027940E-01  -1.2711325210E-01   6.5805748400E-02  -2.4921317000E-02
    7      6.5380497000E-03  -1.2711325210E-01   1.1698548090E-01  -3.7993039000E-02  -1.2225958400E-02
    8      2.6554190000E-03   6.5805748400E-02  -3.7993039000E-02   5.9322312600E-02   5.4155580000E-03
    9     -4.9353180000E-04  -2.4921317000E-02  -1.2225958400E-02   5.4155580000E-03   2.6376222670E-01
   10      6.5382306000E-03   1.2226272000E-02   6.6404135000E-03  -3.6965552000E-03   1.2711157390E-01
   11      2.6554557000E-03  -5.4154062000E-03  -3.6964184000E-03   2.6545939000E-03  -6.5807511700E-02
   12     -1.7400000000E-08   5.0118330000E-04  -4.5631260000E-04   2.4613700000E-03   5.0118800000E-04
   13      2.8416362000E-03  -4.5723580000E-04  -2.6571500000E-05  -1.4211221000E-03   4.5721830000E-04
   14     -9.2232630000E-03   1.4496950000E-04  -8.3580000000E-05  -9.2219786000E-03  -1.4516480000E-04
   15     -1.2910000000E-07   1.6717086000E-03  -9.0375070000E-04  -1.0392418400E-02   1.6717931000E-03
   16     -1.1999589900E-02  -9.0432790000E-04   6.2746620000E-04   6.0004038000E-03   9.0435070000E-04
   17     -1.8593474500E-02   1.6785680000E-03  -9.6877150000E-04  -1.8592917900E-02  -1.6789903000E-03
                   10                 11                 12                 13                 14        
    0     -1.1480757120E-01   6.9201994200E-02  -6.1432139000E-03   2.9000000000E-09   2.5970000000E-07
    1     -1.0719377640E-01   3.9952246800E-02   4.0000000000E-09  -6.1433091000E-03  -9.3000000000E-08
    2      3.6203911800E-02  -3.6818361600E-02   4.8200000000E-08   9.8660000000E-07   2.3445105400E-02
    3     -2.5890325800E-02  -5.9099776000E-03  -2.8936870000E-04   1.4100000000E-08  -8.2200000000E-08
    4     -1.7030379600E-02  -2.8418460000E-03   1.9000000000E-09   7.6555350000E-04   1.6767960000E-04
    5      6.5382306000E-03   2.6554557000E-03  -1.7400000000E-08   2.8416362000E-03  -9.2232630000E-03
    6      1.2226272000E-02  -5.4154062000E-03   5.0118330000E-04  -4.5723580000E-04   1.4496950000E-04
    7      6.6404135000E-03  -3.6964184000E-03  -4.5631260000E-04  -2.6571500000E-05  -8.3580000000E-05
    8     -3.6965552000E-03   2.6545939000E-03   2.4613700000E-03  -1.4211221000E-03  -9.2219786000E-03
    9      1.2711157390E-01  -6.5807511700E-02   5.0118800000E-04   4.5721830000E-04  -1.4516480000E-04
   10      1.1698287800E-01  -3.7993211200E-02   4.5631120000E-04  -2.6578600000E-05  -8.3594800000E-05
   11     -3.7993211200E-02   5.9323182000E-02  -2.4614490000E-03  -1.4210820000E-03  -9.2219150000E-03
   12      4.5631120000E-04  -2.4614490000E-03   3.6217701000E-03  -2.9000000000E-09   6.9400000000E-08
   13     -2.6578600000E-05  -1.4210820000E-03  -2.9000000000E-09   3.6220291000E-03  -3.9330000000E-07
   14     -8.3594800000E-05  -9.2219150000E-03   6.9400000000E-08  -3.9330000000E-07   1.9455736400E-02
   15      9.0373990000E-04   1.0392350300E-02   1.8084411000E-03   3.4000000000E-09  -5.1500000000E-08
   16      6.2744310000E-04   6.0003107000E-03  -1.7000000000E-09   1.8088766000E-03  -1.8500000000E-08
   17     -9.6878130000E-04  -1.8592955100E-02  -2.1200000000E-08  -2.5300000000E-08  -1.5233685200E-02
                   15                 16                 17        
     0     -1.5731714700E-02   1.4000000000E-09   3.3850000000E-07
     1     -9.7000000000E-09  -1.5732484300E-02  -8.6920000000E-07
     2     -2.8500000000E-08  -6.4310000000E-07  -1.9576663600E-02
     3      1.0609940000E-04  -2.8900000000E-08  -1.7230000000E-07
     4      1.0700000000E-08   2.1946317000E-03   1.9389103000E-03
     5     -1.2910000000E-07  -1.1999589900E-02  -1.8593474500E-02
     6      1.6717086000E-03  -9.0432790000E-04   1.6785680000E-03
     7     -9.0375070000E-04   6.2746620000E-04  -9.6877150000E-04
     8     -1.0392418400E-02   6.0004038000E-03  -1.8592917900E-02
     9      1.6717931000E-03   9.0435070000E-04  -1.6789903000E-03
    10      9.0373990000E-04   6.2744310000E-04  -9.6878130000E-04
    11      1.0392350300E-02   6.0003107000E-03  -1.8592955100E-02
    12      1.8084411000E-03  -1.7000000000E-09  -2.1200000000E-08
    13      3.4000000000E-09   1.8088766000E-03  -2.5300000000E-08
    14     -5.1500000000E-08  -1.8500000000E-08  -1.5233685200E-02
    15      1.0473672500E-02   6.4000000000E-09   2.7720000000E-07
    16      6.4000000000E-09   1.0474066700E-02  -4.6300000000E-07
    17      2.7720000000E-07  -4.6300000000E-07   9.0589696200E-02

$vibrational_frequencies
18
    0        0.0000000000000000
    1        0.0000000000000000
    2        0.0000000000000000
    3        0.0000000000000000
    4        0.0000000000000000
    5        0.0000000000000000
    6      118.8974986455245357
    7      166.3324659365729588
    8      166.3403720666218817
    9      296.6745175904629832
   10      900.7865518665444142
   11      900.7943896411006790
   12     1157.8272813650546595
   13     1419.0118212398797368
   14     1419.0299187187542884
   15     3143.6132421276142850
   16     3182.7374568327063571
   17     3182.7753328931939905

$normal_modes
18 18
                    0                  1                  2                  3                  4        
    0      0.0000000000E+00   0.0000000000E+00   0.0000000000E+00   0.0000000000E+00   0.0000000000E+00
    1      0.0000000000E+00   0.0000000000E+00   0.0000000000E+00   0.0000000000E+00   0.0000000000E+00
    2      0.0000000000E+00   0.0000000000E+00   0.0000000000E+00   0.0000000000E+00   0.0000000000E+00
    3      0.0000000000E+00   0.0000000000E+00   0.0000000000E+00   0.0000000000E+00   0.0000000000E+00
    4      0.0000000000E+00   0.0000000000E+00   0.0000000000E+00   0.0000000000E+00   0.0000000000E+00
    5      0.0000000000E+00   0.0000000000E+00   0.0000000000E+00   0.0000000000E+00   0.0000000000E+00
    6      0.0000000000E+00   0.0000000000E+00   0.0000000000E+00   0.0000000000E+00   0.0000000000E+00
    7      0.0000000000E+00   0.0000000000E+00   0.0000000000E+00   0.0000000000E+00   0.0000000000E+00
    8      0.0000000000E+00   0.0000000000E+00   0.0000000000E+00   0.0000000000E+00   0.0000000000E+00
    9      0.0000000000E+00   0.0000000000E+00   0.0000000000E+00   0.0000000000E+00   0.0000000000E+00
   10      0.0000000000E+00   0.0000000000E+00   0.0000000000E+00   0.0000000000E+00   0.0000000000E+00
   11      0.0000000000E+00   0.0000000000E+00   0.0000000000E+00   0.0000000000E+00   0.0000000000E+00
   12      0.0000000000E+00   0.0000000000E+00   0.0000000000E+00   0.0000000000E+00   0.0000000000E+00
   13      0.0000000000E+00   0.0000000000E+00   0.0000000000E+00   0.0000000000E+00   0.0000000000E+00
   14      0.0000000000E+00   0.0000000000E+00   0.0000000000E+00   0.0000000000E+00   0.0000000000E+00
   15      0.0000000000E+00   0.0000000000E+00   0.0000000000E+00   0.0000000000E+00   0.0000000000E+00
   16      0.0000000000E+00   0.0000000000E+00   0.0000000000E+00   0.0000000000E+00   0.0000000000E+00
   17      0.0000000000E+00   0.0000000000E+00   0.0000000000E+00   0.0000000000E+00   0.0000000000E+00
                    5                  6                  7                  8                  9        
    0      0.0000000000E+00  -5.9435691386E-06   4.5050497126E-01  -2.4127021434E-03  -4.5929261317E-06
    1      0.0000000000E+00   1.6153970969E-04   2.4126674737E-03   4.5050870927E-01   3.2670183090E-05
    2      0.0000000000E+00   4.9328057162E-01  -9.8388764372E-07  -2.3906332117E-05  -7.4334769084E-01
    3      0.0000000000E+00  -1.0040846817E-05   4.9433658744E-01  -2.6482445944E-03  -8.9865340549E-07
    4      0.0000000000E+00   8.1592244667E-02   2.6435660445E-03   4.9359037863E-01  -8.3179632513E-02
    5      0.0000000000E+00   9.5512147032E-02  -7.4913224927E-04  -1.3937689429E-01  -3.5000569379E-01
    6      0.0000000000E+00   7.0486983687E-02   4.9371257370E-01  -2.3676242975E-03  -7.2059982889E-02
    7      0.0000000000E+00  -4.0504331447E-02   2.8640141851E-03   4.9407956136E-01   4.1619985343E-02
    8      0.0000000000E+00   9.5654335219E-02  -1.2032380354E-01   7.0335866597E-02  -3.5003894343E-01
    9      0.0000000000E+00  -7.0505022627E-02   4.9371012645E-01  -2.9195746590E-03   7.2055881284E-02
   10      0.0000000000E+00  -4.0503157038E-02   2.4278566640E-03   4.9408123449E-01   4.1618652399E-02
   11      0.0000000000E+00   9.5649901072E-02   1.2106723236E-01   6.9042401232E-02  -3.5003752912E-01
   12      0.0000000000E+00   2.6872742542E-06  -1.8793854882E-01   1.0065157064E-03   1.5823999407E-06
   13      0.0000000000E+00  -7.4136417021E-05  -1.0065129650E-03  -1.8793967726E-01  -8.6503032145E-06
   14      0.0000000000E+00  -8.3875350987E-01  -3.1447238035E-06   7.8135269937E-05  -2.1626623804E-01
   15      0.0000000000E+00   3.8329233630E-07  -2.6274011200E-02   1.4071006425E-04   2.3753713493E-07
   16      0.0000000000E+00  -8.8356503814E-06  -1.4070714031E-04  -2.6274131618E-02  -2.2658816295E-06
   17      0.0000000000E+00   7.6601539167E-02   6.0921976899E-07  -9.4457008031E-06   1.1107531859E-01
                   10                 11                 12                 13                 14        
    0     -8.5389898122E-04   8.1413820525E-02  -2.0954920863E-07   7.8874025760E-02   4.2231344367E-04
    1      8.1411577970E-02   8.5392319537E-04   6.8214146820E-07  -4.2231058016E-04   7.8875119362E-02
    2      4.9171354423E-06  -4.9248784501E-07  -6.1496680824E-02  -4.8392856156E-07   1.4045705995E-06
    3      2.4101398020E-03  -2.2963123537E-01   1.7367539823E-06  -7.5891759722E-01  -4.0591778679E-03
    4     -1.3903571891E-01  -1.4577132724E-03  -1.4296412989E-01  -5.7763162835E-04   1.0873105290E-01
    5      7.6818912164E-01   8.0615536692E-03   5.5812646054E-01   1.4643593230E-03  -2.7332775637E-01
    6     -3.7525630409E-02  -1.6208746704E-01  -1.2381096383E-01  -1.0616560376E-01  -3.7628421754E-01
    7     -2.0654432025E-01  -4.1408336766E-02   7.1474788349E-02  -3.7280623824E-01  -5.4402532114E-01
    8     -3.9106365502E-01   6.6122736454E-01   5.5814694673E-01  -2.3745955798E-01   1.3538746481E-01
    9      4.0915317191E-02  -1.6126826896E-01   1.2381454371E-01  -1.1017912165E-01   3.7512184502E-01
   10     -2.0737042295E-01   3.7066983243E-02   7.1474849909E-02   3.7860567795E-01  -5.4000925943E-01
   11     -3.7710234202E-01  -6.6928729616E-01   5.5814610975E-01   2.3599808587E-01   1.3791730100E-01
   12     -4.9048074664E-05   4.6704715211E-03  -8.4644759251E-08  -8.2760550797E-04  -4.3833735853E-06
   13      4.6702923109E-03   4.9027976747E-05  -4.8958778842E-07   4.4300974008E-06  -8.2634618633E-04
   14     -2.1427199156E-06  -1.5807706163E-08  -1.7877600167E-02   5.1764284712E-08   3.0631388078E-07
   15      4.2094332462E-05  -4.0124519239E-03  -9.7257068128E-09   4.0529036447E-04   2.1606883040E-06
   16     -4.0125028410E-03  -4.2099650684E-05   1.2384205624E-07  -2.1700012280E-06   4.0532562714E-04
   17     -3.2830509685E-07   3.6095807091E-08  -4.8033064760E-03   1.5120098440E-08   3.8206405854E-09
                   15                 16                 17        
     0      1.1820293313E-06  -9.4207893294E-02   6.6980138130E-04
     1     -4.6665844612E-05   6.6980637912E-04   9.4207252949E-02
     2      3.1131629616E-02   8.7930393830E-07   1.7549823446E-05
     3      9.9991624267E-08  -4.0693519363E-02   2.8459039061E-04
     4     -5.6179204717E-01  -5.5819330961E-03  -7.8473673047E-01
     5     -1.3013390578E-01  -1.4875261520E-03  -2.0916982497E-01
     6     -4.8704969005E-01   5.8068065991E-01   3.5292572337E-01
     7      2.8117719027E-01  -3.5847011360E-01  -1.6289353324E-01
     8     -1.3028400070E-01   1.8181943585E-01   1.0318767352E-01
     9      4.8703567980E-01   5.7562210534E-01  -3.6114213179E-01
    10      2.8116898588E-01   3.5612051521E-01  -1.6796604126E-01
    11     -1.3028301608E-01  -1.8034188491E-01   1.0576298171E-01
    12      3.3150591205E-08   3.2800647102E-04  -2.3374272122E-06
    13      1.8144933808E-07  -2.2943521944E-06  -3.2811206066E-04
    14      5.7152129870E-04  -5.7846372294E-09   3.2477686667E-07
    15     -6.3483667856E-09   6.0316750479E-06  -4.1807521486E-08
    16     -1.1865454352E-08  -5.1005350657E-08  -6.0580521723E-06
    17      7.1290504235E-05  -3.1237555386E-09   3.1221898486E-08

#
# The atoms: label  mass x y z (in bohrs)
#
$atoms
6
 C     12.01100     -0.000000322082    -0.000053778970     2.856189661239
 H      1.00800     -0.000000222261     1.955642769136     3.384923741156
 H      1.00800      1.693684538117    -0.977918448516     3.384895762415
 H      1.00800     -1.693685205595    -0.977918577186     3.384894846685
 F     18.99800      0.000000448144     0.000025438910     7.193371778601
 I    126.90000     -0.000000029539     0.000002824755    -1.427906407692

$actual_temperature
  0.000000

$frequency_scale_factor
  1.000000


$end

