
$orca_hessian_file

$act_atom
  0

$act_coord
  0

$act_energy
      -12.410658

$multiplicity
  1

$hessian
18
                    0                  1                  2                  3                  4        
    0      4.4526977340E-01   1.6605310000E-04  -2.8979320000E-04  -4.0091737100E-02  -1.0315200000E-05
    1      1.6605310000E-04   4.3513414250E-01   1.5547737100E-02  -4.1640200000E-05  -2.2735948660E-01
    2     -2.8979320000E-04   1.5547737100E-02   3.3681192100E-01  -9.7915000000E-06  -1.0356051230E-01
    3     -4.0091737100E-02  -4.1640200000E-05  -9.7915000000E-06   4.9001552600E-02   2.9884900000E-05
    4     -1.0315200000E-05  -2.2735948660E-01  -1.0356051230E-01   2.9884900000E-05   2.6989419050E-01
    5     -1.0110300000E-05  -1.1788750000E-01  -8.9517724000E-02   1.9309000000E-06   1.1359060250E-01
    6     -1.9487529050E-01   9.1305784000E-02  -7.1015017600E-02  -3.7084734000E-03   5.1584578000E-03
    7      9.3764883200E-02  -9.6208876100E-02   4.2021082600E-02   2.8809234000E-02  -2.3112601500E-02
    8     -8.2411165900E-02   4.9182186700E-02  -7.0203732500E-02   9.2792950000E-03  -6.6588618000E-03
    9     -1.9501869280E-01  -9.1426587600E-02   7.1325923100E-02  -3.7391961000E-03  -5.1786454000E-03
   10     -9.3918626300E-02  -9.6288587500E-02   4.2220601300E-02  -2.8799402000E-02  -2.3158205700E-02
   11      8.2734628100E-02   4.9390599400E-02  -7.0386980900E-02  -9.2734263000E-03  -6.6626919000E-03
   12      2.5367017000E-03  -1.4125000000E-06  -2.2175100000E-05  -2.2969868000E-03   4.8970000000E-07
   13     -9.1020000000E-07   2.5499700000E-03   3.2208323000E-03   1.3252000000E-06  -1.3075429000E-03
   14     -4.0582000000E-06   4.5865600000E-04   5.7334593000E-03   9.2040000000E-07  -1.5353050000E-04
   15     -1.7820754700E-02  -2.1968000000E-06   1.0854200000E-05   8.3484080000E-04   1.2820000000E-07
   16     -1.0847000000E-06  -1.7827162300E-02   5.5025900000E-04   5.9810000000E-07   5.0436463000E-03
   17     -1.9500500000E-05   3.3083208000E-03  -1.1243694300E-01   1.0714000000E-06   3.4449940000E-03
                    5                  6                  7                  8                  9        
    0     -1.0110300000E-05  -1.9487529050E-01   9.3764883200E-02  -8.2411165900E-02  -1.9501869280E-01
    1     -1.1788750000E-01   9.1305784000E-02  -9.6208876100E-02   4.9182186700E-02  -9.1426587600E-02
    2     -8.9517724000E-02  -7.1015017600E-02   4.2021082600E-02  -7.0203732500E-02   7.1325923100E-02
    3      1.9309000000E-06  -3.7084734000E-03   2.8809234000E-02   9.2792950000E-03  -3.7391961000E-03
    4      1.1359060250E-01   5.1584578000E-03  -2.3112601500E-02  -6.6588618000E-03  -5.1786454000E-03
    5      9.4467103300E-02  -1.2251280000E-04   7.4970741000E-03   6.4466891000E-03   1.3056530000E-04
    6     -1.2251280000E-04   2.2649323960E-01  -1.0749011500E-01   7.7095532100E-02  -3.0201877000E-02
    7      7.4970741000E-03  -1.0749011500E-01   1.1099051210E-01  -4.4821181700E-02  -1.3112862200E-02
    8      6.4466891000E-03   7.7095532100E-02  -4.4821181700E-02   7.9903930000E-02   7.3497009000E-03
    9      1.3056530000E-04  -3.0201877000E-02  -1.3112862200E-02   7.3497009000E-03   2.2666990820E-01
   10      7.5119484000E-03   1.3117230500E-02   8.1154704000E-03  -4.5279992000E-03   1.0762385640E-01
   11      6.4618584000E-03  -7.3277833000E-03  -4.5214390000E-03   5.1164825000E-03  -7.7426509600E-02
   12     -1.5349000000E-06  -6.4618380000E-04  -8.2002710000E-04   3.2420000000E-05  -6.5336680000E-04
   13     -1.9911427000E-03  -7.1899840000E-04  -1.0358693000E-03   1.2917630000E-04   7.1776410000E-04
   14     -4.8550749000E-03  -5.1155600000E-04   3.8135300000E-04  -3.4100456000E-03   5.1085600000E-04
   15      1.6619000000E-06   2.9385851000E-03  -1.1511129000E-03  -1.1345782100E-02   2.9432245000E-03
   16     -8.7209823000E-03  -1.3723589000E-03   1.2513644000E-03   6.6966796000E-03   1.3764747000E-03
   17     -1.3002852000E-02   1.8813377000E-03  -5.5688900000E-04  -1.7853323500E-02  -1.8905356000E-03
                   10                 11                 12                 13                 14        
    0     -9.3918626300E-02   8.2734628100E-02   2.5367017000E-03  -9.1020000000E-07  -4.0582000000E-06
    1     -9.6288587500E-02   4.9390599400E-02  -1.4125000000E-06   2.5499700000E-03   4.5865600000E-04
    2      4.2220601300E-02  -7.0386980900E-02  -2.2175100000E-05   3.2208323000E-03   5.7334593000E-03
    3     -2.8799402000E-02  -9.2734263000E-03  -2.2969868000E-03   1.3252000000E-06   9.2040000000E-07
    4     -2.3158205700E-02  -6.6626919000E-03   4.8970000000E-07  -1.3075429000E-03  -1.5353050000E-04
    5      7.5119484000E-03   6.4618584000E-03  -1.5349000000E-06  -1.9911427000E-03  -4.8550749000E-03
    6      1.3117230500E-02  -7.3277833000E-03  -6.4618380000E-04  -7.1899840000E-04  -5.1155600000E-04
    7      8.1154704000E-03  -4.5214390000E-03  -8.2002710000E-04  -1.0358693000E-03   3.8135300000E-04
    8     -4.5279992000E-03   5.1164825000E-03   3.2420000000E-05   1.2917630000E-04  -3.4100456000E-03
    9      1.0762385640E-01  -7.7426509600E-02  -6.5336680000E-04   7.1776410000E-04   5.1085600000E-04
   10      1.1111713290E-01  -4.5021033400E-02   8.2009240000E-04  -1.0390717000E-03   3.8005010000E-04
   11     -4.5021033400E-02   8.0047380500E-02  -1.5113100000E-05   1.4120460000E-04  -3.4237532000E-03
   12      8.2009240000E-04  -1.5113100000E-05   8.7907930000E-04  -2.0040000000E-06   2.2949000000E-06
   13     -1.0390717000E-03   1.4120460000E-04  -2.0040000000E-06   2.7266560000E-04  -5.2172800000E-04
   14      3.8005010000E-04  -3.4237532000E-03   2.2949000000E-06  -5.2172800000E-04   1.5522737500E-02
   15      1.1568490000E-03   1.1308204200E-02   1.8075640000E-04   2.8234000000E-06   1.5428000000E-06
   16      1.2532616000E-03   6.6733603000E-03   2.8615000000E-06   5.5984830000E-04  -5.4480060000E-04
   17     -5.6356720000E-04  -1.7814987200E-02   4.1081000000E-06  -9.7834260000E-04  -9.5673231000E-03
                   15                 16                 17        
     0     -1.7820754700E-02  -1.0847000000E-06  -1.9500500000E-05
     1     -2.1968000000E-06  -1.7827162300E-02   3.3083208000E-03
     2      1.0854200000E-05   5.5025900000E-04  -1.1243694300E-01
     3      8.3484080000E-04   5.9810000000E-07   1.0714000000E-06
     4      1.2820000000E-07   5.0436463000E-03   3.4449940000E-03
     5      1.6619000000E-06  -8.7209823000E-03  -1.3002852000E-02
     6      2.9385851000E-03  -1.3723589000E-03   1.8813377000E-03
     7     -1.1511129000E-03   1.2513644000E-03  -5.5688900000E-04
     8     -1.1345782100E-02   6.6966796000E-03  -1.7853323500E-02
     9      2.9432245000E-03   1.3764747000E-03  -1.8905356000E-03
    10      1.1568490000E-03   1.2532616000E-03  -5.6356720000E-04
    11      1.1308204200E-02   6.6733603000E-03  -1.7814987200E-02
    12      1.8075640000E-04   2.8615000000E-06   4.1081000000E-06
    13      2.8234000000E-06   5.5984830000E-04  -9.7834260000E-04
    14      1.5428000000E-06  -5.4480060000E-04  -9.5673231000E-03
    15      1.0923347900E-02  -6.4908000000E-06   2.3518900000E-05
    16     -6.4908000000E-06   9.7190418000E-03  -4.6545160000E-03
    17      2.3518900000E-05  -4.6545160000E-03   1.7067542880E-01

$vibrational_frequencies
18
    0        0.0000000000000000
    1        0.0000000000000000
    2        0.0000000000000000
    3        0.0000000000000000
    4        0.0000000000000000
    5        0.0000000000000000
    6       36.7302102520130944
    7       83.7132199555911569
    8      154.5107315257990876
    9      563.0895536867357123
   10      763.5579712971592699
   11      861.3411935455037565
   12     1386.8548265726485624
   13     1496.0437618058226690
   14     1513.7559606255929339
   15     2997.4494487509387000
   16     3006.1007916481607936
   17     3053.5084476867350531

$normal_modes
18 18
                    0                  1                  2                  3                  4        
    0      0.0000000000E+00   0.0000000000E+00   0.0000000000E+00   0.0000000000E+00   0.0000000000E+00
    1      0.0000000000E+00   0.0000000000E+00   0.0000000000E+00   0.0000000000E+00   0.0000000000E+00
    2      0.0000000000E+00   0.0000000000E+00   0.0000000000E+00   0.0000000000E+00   0.0000000000E+00
    3      0.0000000000E+00   0.0000000000E+00   0.0000000000E+00   0.0000000000E+00   0.0000000000E+00
    4      0.0000000000E+00   0.0000000000E+00   0.0000000000E+00   0.0000000000E+00   0.0000000000E+00
    5      0.0000000000E+00   0.0000000000E+00   0.0000000000E+00   0.0000000000E+00   0.0000000000E+00
    6      0.0000000000E+00   0.0000000000E+00   0.0000000000E+00   0.0000000000E+00   0.0000000000E+00
    7      0.0000000000E+00   0.0000000000E+00   0.0000000000E+00   0.0000000000E+00   0.0000000000E+00
    8      0.0000000000E+00   0.0000000000E+00   0.0000000000E+00   0.0000000000E+00   0.0000000000E+00
    9      0.0000000000E+00   0.0000000000E+00   0.0000000000E+00   0.0000000000E+00   0.0000000000E+00
   10      0.0000000000E+00   0.0000000000E+00   0.0000000000E+00   0.0000000000E+00   0.0000000000E+00
   11      0.0000000000E+00   0.0000000000E+00   0.0000000000E+00   0.0000000000E+00   0.0000000000E+00
   12      0.0000000000E+00   0.0000000000E+00   0.0000000000E+00   0.0000000000E+00   0.0000000000E+00
   13      0.0000000000E+00   0.0000000000E+00   0.0000000000E+00   0.0000000000E+00   0.0000000000E+00
   14      0.0000000000E+00   0.0000000000E+00   0.0000000000E+00   0.0000000000E+00   0.0000000000E+00
   15      0.0000000000E+00   0.0000000000E+00   0.0000000000E+00   0.0000000000E+00   0.0000000000E+00
   16      0.0000000000E+00   0.0000000000E+00   0.0000000000E+00   0.0000000000E+00   0.0000000000E+00
   17      0.0000000000E+00   0.0000000000E+00   0.0000000000E+00   0.0000000000E+00   0.0000000000E+00
                    5                  6                  7                  8                  9        
    0      0.0000000000E+00  -9.6551715058E-04  -4.1777373701E-01   9.3264170427E-04   7.8858981672E-05
    1      0.0000000000E+00  -4.0328392742E-01   9.8056719826E-04  -1.4035765717E-01  -8.4210728544E-03
    2      0.0000000000E+00  -2.1911788272E-02   1.7444839109E-04   1.1107964700E-01   5.6873932288E-01
    3      0.0000000000E+00  -1.9942445602E-03  -6.0039621359E-01   1.0462198335E-03   1.5333356844E-04
    4      0.0000000000E+00  -5.2322309119E-01   1.1771320328E-03  -1.4222194027E-01  -6.8344521306E-03
    5      0.0000000000E+00   2.0635400479E-01  -2.1821321950E-04   9.2425873598E-02   5.4693938628E-01
    6      0.0000000000E+00   6.4406558320E-03  -4.2319456155E-01   1.2768262659E-02   2.8418652819E-02
    7      0.0000000000E+00  -4.7772576766E-01   1.1833175173E-01  -1.5610237740E-01  -4.8584119290E-02
    8      0.0000000000E+00  -1.2594098233E-01   1.5995883487E-01   4.3267370995E-02   4.2809956572E-01
    9      0.0000000000E+00  -8.0400253572E-03  -4.2336064572E-01  -1.0951089848E-02  -2.8270965253E-02
   10      0.0000000000E+00  -4.7934964619E-01  -1.1616026043E-01  -1.5596701319E-01  -4.8662026520E-02
   11      0.0000000000E+00  -1.2704062479E-01  -1.5941309757E-01   4.3475169941E-02   4.2839295664E-01
   12      0.0000000000E+00   3.8912571812E-04   1.6575987991E-01  -2.6975815825E-04  -2.8942997592E-05
   13      0.0000000000E+00   1.6383502239E-01  -3.9214895021E-04   4.0712553559E-02   4.2752161656E-03
   14      0.0000000000E+00   5.3935949179E-02  -4.8905002498E-04  -9.3188060801E-01  -8.3934848242E-03
   15      0.0000000000E+00   6.1675170221E-05   2.6219867526E-02  -7.0633520920E-05  -5.5220288686E-06
   16      0.0000000000E+00   2.5401468794E-02  -6.0701018000E-05   1.0798300940E-02   9.8375249853E-04
   17      0.0000000000E+00  -5.6303550073E-03   5.4101879265E-05   1.2757358857E-01  -6.3722048435E-02
                   10                 11                 12                 13                 14        
    0     -5.2133194906E-04  -1.1193705138E-01   2.1283462905E-05   9.9980278932E-05   6.6185228959E-02
    1     -1.1936488991E-01   4.9704113836E-04   6.0418405581E-04   7.1359461165E-02  -6.2222763778E-05
    2      1.4743702327E-02  -1.4621157948E-04  -1.0659095397E-01   4.1071758022E-03  -3.2371166327E-05
    3      1.0135072864E-03   3.1001550813E-01  -8.5564890944E-05  -1.1487062648E-03  -7.3931357635E-01
    4      2.9615196465E-01  -1.4813141071E-03  -2.4587240927E-01   1.5598578335E-01  -2.5968493963E-04
    5     -7.4786550464E-01   3.4893162834E-03   4.5487609947E-01  -2.7609920992E-01   8.0211923099E-04
    6      2.1638095219E-02   2.2218208286E-01  -1.9394740163E-01  -3.8372179667E-01  -7.0050635667E-02
    7      2.0516789704E-01   4.0583870123E-02   1.0360573264E-01  -5.3538920103E-01  -3.5825148422E-01
    8      3.5305133628E-01  -6.2910527393E-01   5.5942743310E-01   1.1692814997E-01  -3.0152395056E-01
    9     -1.9627354383E-02   2.2346525490E-01   1.9411302587E-01   3.8372784077E-01  -7.0602534088E-02
   10      2.0531678222E-01  -4.2521988527E-02   1.0380765775E-01  -5.3463202246E-01   3.5945949919E-01
   11      3.5879223649E-01   6.2672487893E-01   5.5810682606E-01   1.1700631488E-01   3.0111105312E-01
   12      6.0411727404E-06  -2.5966433525E-03   7.3559860496E-06   1.9442426134E-06   1.5376349431E-03
   13      1.1665919677E-03   1.1822867134E-05  -5.1144973142E-04   1.3886458858E-03  -1.0406033084E-06
   14      3.2945724658E-03  -3.3463341787E-05  -4.6122546479E-03   3.5051226254E-04  -4.8891448337E-06
   15      2.4416908848E-05   4.9810780610E-03  -3.7516510461E-06  -6.7767048840E-07   4.9522227267E-04
   16      5.5101579308E-03  -2.1653143987E-05   3.2487280009E-04   2.9840615506E-04  -1.4877043324E-06
   17     -1.6025751697E-03   1.0040119734E-05  -1.7108122899E-03  -1.0629044516E-04   7.0416455366E-07
                   15                 16                 17        
     0      7.9809083277E-03   8.7324824501E-02   1.6352057019E-03
     1     -8.5462533549E-02   8.0494833486E-03  -1.0643548218E-02
     2      1.7868517129E-03   7.6924309118E-04  -4.9495046290E-02
     3      5.1848077566E-03   5.5654262127E-02   1.1046712501E-03
     4      6.1918446641E-01  -6.9418233282E-02   6.3418906290E-01
     5      3.2657000444E-01  -3.5739464027E-02   2.9025472307E-01
     6     -4.6949850460E-01  -5.1844135911E-01   3.9897963397E-01
     7      2.3282893825E-01   3.4279336988E-01  -2.4626486089E-01
     8     -1.9945934121E-01  -2.3666749381E-01   1.4933109672E-01
     9      3.6913538841E-01  -5.7867060969E-01  -4.1959014571E-01
    10      1.6762618317E-01  -3.6943876478E-01  -2.5974635588E-01
    11     -1.5421833135E-01   2.6357252240E-01   1.5916719706E-01
    12      1.9845651187E-06   3.2473684647E-05   1.4449803142E-06
    13     -2.3725719579E-04   2.7319495540E-05  -2.4090971613E-04
    14      1.2342835363E-05   8.7262834506E-06  -5.1741699570E-04
    15      3.4154619651E-07   2.4741228369E-06  -4.7440506297E-08
    16      2.5226147590E-05  -2.9095592924E-06   2.5320658323E-05
    17      4.4351176943E-05  -3.9405026242E-06   6.0823332288E-06

#
# The atoms: label  mass x y z (in bohrs)
#
$atoms
6
 C     12.01100      0.000107436261    -0.048349342353     2.552281297501
 H      1.00800      0.000175403892     1.730361644446     3.583371088935
 H      1.00800      1.633113527497    -1.017993967222     3.349540895029
 H      1.00800     -1.631736533146    -1.017532302670     3.351234950602
 F     18.99800     -0.000702273954     0.112669921761     7.331546709297
 I    126.90000      0.000082636456    -0.009867401735    -1.420855753803

$actual_temperature
  0.000000

$frequency_scale_factor
  1.000000


$end

