
$orca_hessian_file

$act_atom
  0

$act_coord
  0

$act_energy
      -12.413869

$multiplicity
  1

$hessian
18
                    0                  1                  2                  3                  4        
    0      4.7344255410E-01   1.3076780000E-04  -1.6043920000E-04  -4.0309234600E-02  -1.6174300000E-05
    1      1.3076780000E-04   4.3672052900E-01   3.4091038100E-02  -3.0875100000E-05  -1.9769174480E-01
    2     -1.6043920000E-04   3.4091038100E-02   2.8351865570E-01  -2.4746800000E-05  -1.1053549040E-01
    3     -4.0309234600E-02  -3.0875100000E-05  -2.4746800000E-05   4.8536318800E-02   2.5651900000E-05
    4     -1.6174300000E-05  -1.9769174480E-01  -1.1053549040E-01   2.5651900000E-05   2.3333684700E-01
    5     -1.6564100000E-05  -1.2170205790E-01  -9.9205303500E-02   1.1307200000E-05   1.2318760270E-01
    6     -2.0847078650E-01   1.0540013690E-01  -4.9652648500E-02  -2.9017608000E-03   3.6970989000E-03
    7      1.1028075650E-01  -1.1101834850E-01   3.0320614800E-02   2.5364007700E-02  -1.9291423400E-02
    8     -5.7531575500E-02   3.5983813600E-02  -5.2064585800E-02   1.2126727900E-02  -9.2775264000E-03
    9     -2.0847827780E-01  -1.0549379900E-01   4.9843615600E-02  -2.9121388000E-03  -3.7068743000E-03
   10     -1.1039398560E-01  -1.1113273990E-01   3.0469694400E-02  -2.5357738200E-02  -1.9310871400E-02
   11      5.7729319600E-02   3.6140029200E-02  -5.2164072300E-02  -1.2121598200E-02  -9.2824929000E-03
   12      1.0230398000E-03  -4.7466000000E-06   4.9640000000E-07  -2.8006610000E-03  -4.5410000000E-07
   13     -2.5730000000E-06   1.8325970000E-03   7.6164577000E-03   2.3894000000E-06  -2.4538017000E-03
   14      1.3195000000E-06   7.5500730000E-04  -2.0145599000E-03   1.5928000000E-06   7.7123480000E-04
   15     -1.7207294900E-02  -1.4840000000E-06  -6.2774000000E-06   3.8747640000E-04   7.5180000000E-07
   16      1.2086000000E-06  -1.8710292700E-02   8.0376854000E-03  -3.4358000000E-06   5.4109944000E-03
   17     -2.2060200000E-05   1.4732169500E-02  -7.8070134300E-02   6.7171000000E-06   5.1366721000E-03
                    5                  6                  7                  8                  9        
    0     -1.6564100000E-05  -2.0847078650E-01   1.1028075650E-01  -5.7531575500E-02  -2.0847827780E-01
    1     -1.2170205790E-01   1.0540013690E-01  -1.1101834850E-01   3.5983813600E-02  -1.0549379900E-01
    2     -9.9205303500E-02  -4.9652648500E-02   3.0320614800E-02  -5.2064585800E-02   4.9843615600E-02
    3      1.1307200000E-05  -2.9017608000E-03   2.5364007700E-02   1.2126727900E-02  -2.9121388000E-03
    4      1.2318760270E-01   3.6970989000E-03  -1.9291423400E-02  -9.2775264000E-03  -3.7068743000E-03
    5      1.0557833840E-01   2.7188320000E-04   4.4496122000E-03   5.8146822000E-03  -2.6776790000E-04
    6      2.7188320000E-04   2.3599301490E-01  -1.2136609760E-01   5.3504838000E-02  -2.6692483300E-02
    7      4.4496122000E-03  -1.2136609760E-01   1.2097102610E-01  -3.3037626200E-02  -1.4239005500E-02
    8      5.8146822000E-03   5.3504838000E-02  -3.3037626200E-02   6.1646017200E-02   4.7752283000E-03
    9     -2.6776790000E-04  -2.6692483300E-02  -1.4239005500E-02   4.7752283000E-03   2.3601008800E-01
   10      4.4628069000E-03   1.4228562100E-02   9.5164359000E-03  -3.9861248000E-03   1.2147221650E-01
   11      5.8234683000E-03  -4.7547210000E-03  -3.9791316000E-03   3.0748305000E-03  -5.3709107700E-02
   12      1.8348000000E-06  -2.0300000000E-07  -9.7041220000E-04   1.1875290000E-04  -6.8218000000E-06
   13     -4.8218676000E-03  -8.6591530000E-04   2.8784810000E-04   3.0938860000E-04   8.6589350000E-04
   14     -3.7170982000E-03  -3.0874960000E-04   9.3904000000E-05  -9.0232980000E-04   3.1068350000E-04
   15     -6.9320000000E-07   2.0722187000E-03   9.3075110000E-04  -1.2993971600E-02   2.0796337000E-03
   16     -5.5760965000E-03  -1.0937850000E-03  -4.6553820000E-04   1.0008075100E-02   1.1015688000E-03
   17     -1.4294087200E-02   9.3939790000E-04   2.1526266000E-03  -1.7568614300E-02  -9.5265190000E-04
                   10                 11                 12                 13                 14        
    0     -1.1039398560E-01   5.7729319600E-02   1.0230398000E-03  -2.5730000000E-06   1.3195000000E-06
    1     -1.1113273990E-01   3.6140029200E-02  -4.7466000000E-06   1.8325970000E-03   7.5500730000E-04
    2      3.0469694400E-02  -5.2164072300E-02   4.9640000000E-07   7.6164577000E-03  -2.0145599000E-03
    3     -2.5357738200E-02  -1.2121598200E-02  -2.8006610000E-03   2.3894000000E-06   1.5928000000E-06
    4     -1.9310871400E-02  -9.2824929000E-03  -4.5410000000E-07  -2.4538017000E-03   7.7123480000E-04
    5      4.4628069000E-03   5.8234683000E-03   1.8348000000E-06  -4.8218676000E-03  -3.7170982000E-03
    6      1.4228562100E-02  -4.7547210000E-03  -2.0300000000E-07  -8.6591530000E-04  -3.0874960000E-04
    7      9.5164359000E-03  -3.9791316000E-03  -9.7041220000E-04   2.8784810000E-04   9.3904000000E-05
    8     -3.9861248000E-03   3.0748305000E-03   1.1875290000E-04   3.0938860000E-04  -9.0232980000E-04
    9      1.2147221650E-01  -5.3709107700E-02  -6.8218000000E-06   8.6589350000E-04   3.1068350000E-04
   10      1.2110450530E-01  -3.3188914900E-02   9.7384470000E-04   2.8600000000E-04   9.7264100000E-05
   11     -3.3188914900E-02   6.1715360100E-02  -1.1140510000E-04   3.1319950000E-04  -9.0508420000E-04
   12      9.7384470000E-04  -1.1140510000E-04   1.2326816000E-03  -7.9340000000E-07  -4.1993000000E-06
   13      2.8600000000E-04   3.1319950000E-04  -7.9340000000E-07  -8.7406090000E-04  -3.3262740000E-04
   14      9.7264100000E-05  -9.0508420000E-04  -4.1993000000E-06  -3.3262740000E-04   1.3756733500E-02
   15     -9.2289940000E-04   1.2967512400E-02   5.5196440000E-04   9.9880000000E-07  -6.4690000000E-07
   16     -4.6332980000E-04   9.9973107000E-03   2.5616000000E-06   9.2141750000E-04  -1.3847829000E-03
   17      2.1452744000E-03  -1.7544502400E-02  -5.4797000000E-06  -3.0845508000E-03  -6.2176614000E-03
                   15                 16                 17        
     0     -1.7207294900E-02   1.2086000000E-06  -2.2060200000E-05
     1     -1.4840000000E-06  -1.8710292700E-02   1.4732169500E-02
     2     -6.2774000000E-06   8.0376854000E-03  -7.8070134300E-02
     3      3.8747640000E-04  -3.4358000000E-06   6.7171000000E-06
     4      7.5180000000E-07   5.4109944000E-03   5.1366721000E-03
     5     -6.9320000000E-07  -5.5760965000E-03  -1.4294087200E-02
     6      2.0722187000E-03  -1.0937850000E-03   9.3939790000E-04
     7      9.3075110000E-04  -4.6553820000E-04   2.1526266000E-03
     8     -1.2993971600E-02   1.0008075100E-02  -1.7568614300E-02
     9      2.0796337000E-03   1.1015688000E-03  -9.5265190000E-04
    10     -9.2289940000E-04  -4.6332980000E-04   2.1452744000E-03
    11      1.2967512400E-02   9.9973107000E-03  -1.7544502400E-02
    12      5.5196440000E-04   2.5616000000E-06  -5.4797000000E-06
    13      9.9880000000E-07   9.2141750000E-04  -3.0845508000E-03
    14     -6.4690000000E-07  -1.3847829000E-03  -6.2176614000E-03
    15      1.2116001700E-02  -8.1183000000E-06   3.4076800000E-05
    16     -8.1183000000E-06   1.3306748700E-02  -2.1082191900E-02
    17      3.4076800000E-05  -2.1082191900E-02   1.3369499950E-01

$vibrational_frequencies
18
    0        0.0000000000000000
    1        0.0000000000000000
    2        0.0000000000000000
    3        0.0000000000000000
    4        0.0000000000000000
    5        0.0000000000000000
    6     -114.8662000184374818
    7      127.1179920830027896
    8      145.9177405725651226
    9      511.1065850435184075
   10      715.3878044169688337
   11      908.4929601444388254
   12     1322.9711887190217112
   13     1460.2877062190232209
   14     1477.1688471430677509
   15     2941.9931144939919250
   16     3033.9313215910942745
   17     3040.0474978146421563

$normal_modes
18 18
                    0                  1                  2                  3                  4        
    0      0.0000000000E+00   0.0000000000E+00   0.0000000000E+00   0.0000000000E+00   0.0000000000E+00
    1      0.0000000000E+00   0.0000000000E+00   0.0000000000E+00   0.0000000000E+00   0.0000000000E+00
    2      0.0000000000E+00   0.0000000000E+00   0.0000000000E+00   0.0000000000E+00   0.0000000000E+00
    3      0.0000000000E+00   0.0000000000E+00   0.0000000000E+00   0.0000000000E+00   0.0000000000E+00
    4      0.0000000000E+00   0.0000000000E+00   0.0000000000E+00   0.0000000000E+00   0.0000000000E+00
    5      0.0000000000E+00   0.0000000000E+00   0.0000000000E+00   0.0000000000E+00   0.0000000000E+00
    6      0.0000000000E+00   0.0000000000E+00   0.0000000000E+00   0.0000000000E+00   0.0000000000E+00
    7      0.0000000000E+00   0.0000000000E+00   0.0000000000E+00   0.0000000000E+00   0.0000000000E+00
    8      0.0000000000E+00   0.0000000000E+00   0.0000000000E+00   0.0000000000E+00   0.0000000000E+00
    9      0.0000000000E+00   0.0000000000E+00   0.0000000000E+00   0.0000000000E+00   0.0000000000E+00
   10      0.0000000000E+00   0.0000000000E+00   0.0000000000E+00   0.0000000000E+00   0.0000000000E+00
   11      0.0000000000E+00   0.0000000000E+00   0.0000000000E+00   0.0000000000E+00   0.0000000000E+00
   12      0.0000000000E+00   0.0000000000E+00   0.0000000000E+00   0.0000000000E+00   0.0000000000E+00
   13      0.0000000000E+00   0.0000000000E+00   0.0000000000E+00   0.0000000000E+00   0.0000000000E+00
   14      0.0000000000E+00   0.0000000000E+00   0.0000000000E+00   0.0000000000E+00   0.0000000000E+00
   15      0.0000000000E+00   0.0000000000E+00   0.0000000000E+00   0.0000000000E+00   0.0000000000E+00
   16      0.0000000000E+00   0.0000000000E+00   0.0000000000E+00   0.0000000000E+00   0.0000000000E+00
   17      0.0000000000E+00   0.0000000000E+00   0.0000000000E+00   0.0000000000E+00   0.0000000000E+00
                    5                  6                  7                  8                  9        
    0      0.0000000000E+00  -3.5237012172E-05  -2.4217008037E-01   2.0964997876E-03   2.6965139071E-05
    1      0.0000000000E+00   3.6870331925E-01   3.6344545042E-04   1.3761899929E-01  -1.0666437147E-01
    2      0.0000000000E+00   8.2687971519E-02  -1.6189873848E-05  -5.6832866658E-02   5.7546230307E-01
    3      0.0000000000E+00   1.2321864166E-03  -7.2478232372E-01   6.7407051969E-03  -2.9697310037E-05
    4      0.0000000000E+00   5.5033821374E-01   3.6527960026E-04   1.3711989042E-01  -7.2988772388E-02
    5      0.0000000000E+00  -2.0970631077E-01   5.3313839404E-05  -4.9338376758E-02   5.0553883181E-01
    6      0.0000000000E+00  -3.5564063067E-04  -1.4369204011E-02  -1.1479961336E-03   2.6346826375E-02
    7      0.0000000000E+00   4.4130837366E-01   4.2781545043E-01   1.3918632358E-01  -1.1800593291E-01
    8      0.0000000000E+00   2.1323433511E-01   1.4309435979E-01  -3.8290527650E-02   4.2560251848E-01
    9      0.0000000000E+00  -1.0017944995E-03  -1.4379595878E-02   9.1122432514E-04  -2.5929900234E-02
   10      0.0000000000E+00   4.4373162611E-01  -4.2696719583E-01   1.4744563495E-01  -1.1859007893E-01
   11      0.0000000000E+00   2.1373690504E-01  -1.4312330593E-01  -3.5618216308E-02   4.2605248480E-01
   12      0.0000000000E+00   1.5012824703E-05   9.5548615744E-02  -9.2386274606E-04   2.4253760827E-05
   13      0.0000000000E+00  -1.5732130533E-01  -9.9331370618E-05  -8.0154031259E-03   1.2133154218E-02
   14      0.0000000000E+00  -4.7882683997E-02   7.8000069442E-04   9.4557882472E-01  -2.0776633045E-02
   15      0.0000000000E+00   2.0824965543E-06   1.4602297920E-02  -1.1178470729E-04  -9.2590850728E-06
   16      0.0000000000E+00  -2.2746782098E-02  -2.9168545271E-05  -1.5191544804E-02   1.0738389002E-02
   17      0.0000000000E+00  -2.3837119320E-03  -1.1543387915E-04  -1.3520294604E-01  -6.2137231154E-02
                   10                 11                 12                 13                 14        
    0      1.1756491074E-04   1.0562523588E-01   1.4116678182E-05  -7.4080184585E-05   6.6248447537E-02
    1      1.2749521669E-01  -1.0987682795E-04   2.9723343068E-03   7.5224942972E-02   9.6636909961E-05
    2      1.2797468336E-03   7.1535440789E-05  -1.0514732606E-01   4.9016151436E-03   1.3741934391E-05
    3      4.0191629246E-05  -3.2304109358E-01  -2.0500431928E-04   7.4566092062E-04  -7.4968305177E-01
    4     -3.7440489765E-01   4.8722101743E-04  -2.6568938541E-01   1.5271214794E-01   1.9188385503E-04
    5      7.7307425254E-01  -8.0785102191E-04   3.8934599579E-01  -2.0181642382E-01  -3.1104371243E-05
    6     -3.3058842926E-02  -1.8391579864E-01  -1.3666772651E-01  -3.9189954679E-01  -7.6355341137E-02
    7     -1.1122532638E-01  -1.2759437623E-01   6.6720570008E-02  -5.5271684426E-01  -3.0495839202E-01
    8     -3.3017994539E-01   6.2624714701E-01   6.0039488345E-01   7.5038177541E-02  -3.4422682793E-01
    9      3.2440233100E-02  -1.8473020622E-01   1.3692871462E-01   3.9232650262E-01  -7.5289329059E-02
   10     -1.1093084942E-01   1.2782825631E-01   6.7136955204E-02  -5.5333945969E-01   3.0363651970E-01
   11     -3.3156614560E-01  -6.2586059663E-01   5.9990163662E-01   7.3811423136E-02   3.4408953094E-01
   12     -4.3515948076E-06   2.3706903616E-03   4.5316081674E-06  -4.7653684625E-06   1.7101032828E-03
   13     -7.5432282571E-03  -1.8311534633E-06  -1.0824417619E-03   7.7063246702E-04  -4.9075559889E-07
   14     -6.9474678808E-03   6.9127614510E-06  -1.9374708094E-03   6.0395669479E-04  -3.5293510608E-07
   15     -5.8814421006E-06  -4.8580180330E-03  -2.4592480257E-06  -1.5893468631E-06   6.3309454848E-04
   16     -6.1994108372E-03   4.9460120124E-06   9.2789626723E-04   3.3730215614E-04  -9.7353657387E-08
   17      3.4658540118E-05  -4.4591786703E-06  -2.3847679454E-03  -1.3362262450E-04   8.9828715775E-08
                   15                 16                 17        
     0     -2.1319112060E-05   8.6529887285E-03  -9.0107219205E-02
     1      7.0803645243E-02  -4.9150965320E-02  -4.9903264378E-03
     2      3.7676074241E-02   2.8130651718E-02   2.8658216750E-03
     3     -1.2954139454E-04   4.7526183434E-03  -4.9491125944E-02
     4     -8.4615017772E-01  -1.1076632395E-01  -1.0882819748E-02
     5     -5.1743036392E-01  -3.8519754511E-02  -3.6956751629E-03
     6      6.2468900272E-02  -6.3925718331E-01   5.0316237934E-01
     7     -2.9766021005E-03   3.8433956379E-01  -3.4765629386E-01
     8      3.2329633861E-02  -1.6891919095E-01   1.4948517690E-01
     9     -6.2086992091E-02   5.3130652312E-01   6.2089074463E-01
    10     -2.7081716355E-03   3.1109080065E-01   4.1790221796E-01
    11      3.2308217108E-02  -1.3776032990E-01  -1.8092930458E-01
    12      2.0971330883E-07  -1.2250953066E-05   1.2413276553E-04
    13      7.8709833339E-04   2.5674288708E-04   2.5358380687E-05
    14      1.8530685543E-04   1.0136908341E-04   1.0552221269E-05
    15     -1.8171782412E-08   2.5636104564E-06  -2.5523707086E-05
    16     -5.3004303229E-05  -3.0470525855E-05  -3.0020240620E-06
    17      2.8925587613E-06   6.4285279237E-05   6.2968166469E-06

#
# The atoms: label  mass x y z (in bohrs)
#
$atoms
6
 C     12.01100      0.000866927104    -0.520157784426     2.586269101824
 H      1.00800      0.001024519254     1.149936801300     3.798757646429
 H      1.00800      1.675434888096    -1.587026830604     3.109254863316
 H      1.00800     -1.672782085955    -1.587294937629     3.110758471953
 F     18.99800     -0.000825675429     0.391833728496     7.460027021292
 I    126.90000      0.000012346575     0.006651993865    -1.441199311915

$actual_temperature
  0.000000

$frequency_scale_factor
  1.000000


$end

