
$orca_hessian_file

$act_atom
  0

$act_coord
  0

$act_energy
      -12.415656

$multiplicity
  1

$hessian
18
                    0                  1                  2                  3                  4        
    0      4.8736645840E-01   9.8950520000E-04  -5.0856467000E-03  -3.8937718200E-02   8.1259445000E-03
    1      9.8950520000E-04   4.5187339170E-01   6.8437997000E-02   8.1783411000E-03  -1.8683757250E-01
    2     -5.0856467000E-03   6.8437997000E-02   2.4520229070E-01   6.2233532000E-03  -1.1582275050E-01
    3     -3.8937718200E-02   8.1783411000E-03   6.2233532000E-03   4.6579963500E-02  -9.0462696000E-03
    4      8.1259445000E-03  -1.8683757250E-01  -1.1582275050E-01  -9.0462696000E-03   2.1439657450E-01
    5      6.6705614000E-03  -1.2383943850E-01  -1.0187858460E-01  -6.8328396000E-03   1.2639761570E-01
    6     -2.2958619090E-01   1.1106383530E-01  -2.8584659000E-02  -3.1443011000E-03   2.5631280000E-03
    7      1.1755667620E-01  -1.1034493370E-01   1.4370159500E-02   2.2107138500E-02  -1.3266052200E-02
    8     -3.3070516500E-02   1.7318355500E-02  -4.0190241200E-02   1.4017523600E-02  -8.7872930000E-03
    9     -2.0311963090E-01  -1.2055121620E-01   2.8311212400E-02  -7.5907930000E-04  -1.3119958000E-03
   10     -1.2690809380E-01  -1.3550814600E-01   1.8479645200E-02  -2.0901069100E-02  -1.6109594000E-02
   11      3.2488016400E-02   2.1856135600E-02  -4.0747323700E-02  -1.2990579700E-02  -1.0360756800E-02
   12     -6.1138500000E-05  -3.4361300000E-05  -2.5009040000E-04  -3.2337240000E-03  -2.8498700000E-05
   13     -6.5374800000E-05   9.3047220000E-04   6.0729112000E-03   1.4825500000E-05  -3.1078589000E-03
   14      1.7021200000E-04  -2.2054054000E-03  -1.4783295300E-02  -1.4269050000E-04   2.6094039000E-03
   15     -1.5661779800E-02   3.5389590000E-04  -6.1416960000E-04  -5.0514080000E-04  -3.0230840000E-04
   16      3.0134270000E-04  -2.0113211800E-02   8.4620376000E-03  -3.5296640000E-04   4.9245031000E-03
   17     -1.1726266000E-03   1.8432355800E-02  -4.7602845800E-02  -2.7476700000E-04   5.9637807000E-03
                    5                  6                  7                  8                  9        
    0      6.6705614000E-03  -2.2958619090E-01   1.1755667620E-01  -3.3070516500E-02  -2.0311963090E-01
    1     -1.2383943850E-01   1.1106383530E-01  -1.1034493370E-01   1.7318355500E-02  -1.2055121620E-01
    2     -1.0187858460E-01  -2.8584659000E-02   1.4370159500E-02  -4.0190241200E-02   2.8311212400E-02
    3     -6.8328396000E-03  -3.1443011000E-03   2.2107138500E-02   1.4017523600E-02  -7.5907930000E-04
    4      1.2639761570E-01   2.5631280000E-03  -1.3266052200E-02  -8.7872930000E-03  -1.3119958000E-03
    5      1.1404509180E-01   4.9583900000E-05   3.3598092000E-03   5.2476015000E-03  -3.6763480000E-04
    6      4.9583900000E-05   2.5719251310E-01  -1.2501102210E-01   3.0165871000E-02  -2.6735528000E-02
    7      3.3598092000E-03  -1.2501102210E-01   1.1603010580E-01  -1.7881865200E-02  -1.6609120200E-02
    8      5.2476015000E-03   3.0165871000E-02  -1.7881865200E-02   4.8353837200E-02   2.5919168000E-03
    9     -3.6763480000E-04  -2.6735528000E-02  -1.6609120200E-02   2.5919168000E-03   2.2825420330E-01
   10      3.3311506000E-03   1.2704926300E-02   9.4499180000E-03  -2.5766095000E-03   1.3658648280E-01
   11      5.2970988000E-03  -2.1098655000E-03  -2.7398246000E-03   2.0029447000E-03  -2.9607346400E-02
   12      3.5908220000E-04   6.4959490000E-04  -9.6822330000E-04  -9.5693600000E-05   4.2337170000E-04
   13     -6.7084903000E-03  -6.7632470000E-04   5.4142650000E-04   4.0454220000E-04   6.6666350000E-04
   14     -3.7756919000E-03   3.0751050000E-04  -1.0946507000E-03  -7.4661140000E-04  -1.8861670000E-04
   15      1.2124680000E-04   1.6239120000E-03   2.9245509000E-03  -1.3609101300E-02   1.9366631000E-03
   16     -2.5406467000E-03  -6.4454280000E-04  -2.4104645000E-03   1.1522870000E-02   1.2191860000E-03
   17     -1.8935515600E-02   1.7155900000E-04   3.9863718000E-03  -1.4667530800E-02  -7.3953140000E-04
                   10                 11                 12                 13                 14        
    0     -1.2690809380E-01   3.2488016400E-02  -6.1138500000E-05  -6.5374800000E-05   1.7021200000E-04
    1     -1.3550814600E-01   2.1856135600E-02  -3.4361300000E-05   9.3047220000E-04  -2.2054054000E-03
    2      1.8479645200E-02  -4.0747323700E-02  -2.5009040000E-04   6.0729112000E-03  -1.4783295300E-02
    3     -2.0901069100E-02  -1.2990579700E-02  -3.2337240000E-03   1.4825500000E-05  -1.4269050000E-04
    4     -1.6109594000E-02  -1.0360756800E-02  -2.8498700000E-05  -3.1078589000E-03   2.6094039000E-03
    5      3.3311506000E-03   5.2970988000E-03   3.5908220000E-04  -6.7084903000E-03  -3.7756919000E-03
    6      1.2704926300E-02  -2.1098655000E-03   6.4959490000E-04  -6.7632470000E-04   3.0751050000E-04
    7      9.4499180000E-03  -2.7398246000E-03  -9.6822330000E-04   5.4142650000E-04  -1.0946507000E-03
    8     -2.5766095000E-03   2.0029447000E-03  -9.5693600000E-05   4.0454220000E-04  -7.4661140000E-04
    9      1.3658648280E-01  -2.9607346400E-02   4.2337170000E-04   6.6666350000E-04  -1.8861670000E-04
   10      1.4403571990E-01  -2.2032627600E-02   9.5736830000E-04   6.9781580000E-04  -1.0742215000E-03
   11     -2.2032627600E-02   4.8861854100E-02   3.8838800000E-05   4.1811250000E-04  -7.3862890000E-04
   12      9.5736830000E-04   3.8838800000E-05   1.4399932000E-03   8.7786100000E-05  -2.4525650000E-04
   13      6.9781580000E-04   4.1811250000E-04   8.7786100000E-05  -2.7738680000E-04   3.8887734000E-03
   14     -1.0742215000E-03  -7.3862890000E-04  -2.4525650000E-04   3.8887734000E-03   2.3985677200E-02
   15     -2.4396145000E-03   1.2180936300E-02   7.8190270000E-04  -2.7575500000E-05   9.8841200000E-05
   16     -2.5657137000E-03   1.2858960800E-02  -1.4071100000E-05   1.2155311000E-03  -2.1238997000E-03
   17      3.8726628000E-03  -1.4675944900E-02   1.9311950000E-04  -4.0758490000E-03  -3.9414497000E-03
                   15                 16                 17        
     0     -1.5661779800E-02   3.0134270000E-04  -1.1726266000E-03
     1      3.5389590000E-04  -2.0113211800E-02   1.8432355800E-02
     2     -6.1416960000E-04   8.4620376000E-03  -4.7602845800E-02
     3     -5.0514080000E-04  -3.5296640000E-04  -2.7476700000E-04
     4     -3.0230840000E-04   4.9245031000E-03   5.9637807000E-03
     5      1.2124680000E-04  -2.5406467000E-03  -1.8935515600E-02
     6      1.6239120000E-03  -6.4454280000E-04   1.7155900000E-04
     7      2.9245509000E-03  -2.4104645000E-03   3.9863718000E-03
     8     -1.3609101300E-02   1.1522870000E-02  -1.4667530800E-02
     9      1.9366631000E-03   1.2191860000E-03  -7.3953140000E-04
    10     -2.4396145000E-03  -2.5657137000E-03   3.8726628000E-03
    11      1.2180936300E-02   1.2858960800E-02  -1.4675944900E-02
    12      7.8190270000E-04  -1.4071100000E-05   1.9311950000E-04
    13     -2.7575500000E-05   1.2155311000E-03  -4.0758490000E-03
    14      9.8841200000E-05  -2.1238997000E-03  -3.9414497000E-03
    15      1.1824442900E-02  -5.0894840000E-04   1.8222466000E-03
    16     -5.0894840000E-04   1.8949355800E-02  -2.8179322000E-02
    17      1.8222466000E-03  -2.8179322000E-02   9.9823286900E-02

$vibrational_frequencies
18
    0        0.0000000000000000
    1        0.0000000000000000
    2        0.0000000000000000
    3        0.0000000000000000
    4        0.0000000000000000
    5        0.0000000000000000
    6     -121.7896394352704732
    7      182.7249096926390450
    8      185.6350898307379111
    9      471.7902075714436023
   10      726.4191371807875157
   11      916.8917873943947825
   12     1258.4332323168061976
   13     1416.7621288011459910
   14     1443.1160706242540073
   15     2906.7446118853713415
   16     3062.7136813607185104
   17     3073.1661566159036738

$normal_modes
18 18
                    0                  1                  2                  3                  4        
    0      0.0000000000E+00   0.0000000000E+00   0.0000000000E+00   0.0000000000E+00   0.0000000000E+00
    1      0.0000000000E+00   0.0000000000E+00   0.0000000000E+00   0.0000000000E+00   0.0000000000E+00
    2      0.0000000000E+00   0.0000000000E+00   0.0000000000E+00   0.0000000000E+00   0.0000000000E+00
    3      0.0000000000E+00   0.0000000000E+00   0.0000000000E+00   0.0000000000E+00   0.0000000000E+00
    4      0.0000000000E+00   0.0000000000E+00   0.0000000000E+00   0.0000000000E+00   0.0000000000E+00
    5      0.0000000000E+00   0.0000000000E+00   0.0000000000E+00   0.0000000000E+00   0.0000000000E+00
    6      0.0000000000E+00   0.0000000000E+00   0.0000000000E+00   0.0000000000E+00   0.0000000000E+00
    7      0.0000000000E+00   0.0000000000E+00   0.0000000000E+00   0.0000000000E+00   0.0000000000E+00
    8      0.0000000000E+00   0.0000000000E+00   0.0000000000E+00   0.0000000000E+00   0.0000000000E+00
    9      0.0000000000E+00   0.0000000000E+00   0.0000000000E+00   0.0000000000E+00   0.0000000000E+00
   10      0.0000000000E+00   0.0000000000E+00   0.0000000000E+00   0.0000000000E+00   0.0000000000E+00
   11      0.0000000000E+00   0.0000000000E+00   0.0000000000E+00   0.0000000000E+00   0.0000000000E+00
   12      0.0000000000E+00   0.0000000000E+00   0.0000000000E+00   0.0000000000E+00   0.0000000000E+00
   13      0.0000000000E+00   0.0000000000E+00   0.0000000000E+00   0.0000000000E+00   0.0000000000E+00
   14      0.0000000000E+00   0.0000000000E+00   0.0000000000E+00   0.0000000000E+00   0.0000000000E+00
   15      0.0000000000E+00   0.0000000000E+00   0.0000000000E+00   0.0000000000E+00   0.0000000000E+00
   16      0.0000000000E+00   0.0000000000E+00   0.0000000000E+00   0.0000000000E+00   0.0000000000E+00
   17      0.0000000000E+00   0.0000000000E+00   0.0000000000E+00   0.0000000000E+00   0.0000000000E+00
                    5                  6                  7                  8                  9        
    0      0.0000000000E+00   2.0252186072E-02   1.4777190373E-01   9.8591843194E-02  -1.2335444824E-02
    1      0.0000000000E+00  -3.5467875773E-01   1.5741826543E-02  -1.0820531453E-01   2.1256464386E-01
    2      0.0000000000E+00  -1.2317850381E-01   1.2673834581E-03  -1.3750192605E-02  -5.8398080512E-01
    3      0.0000000000E+00   2.6306268083E-02   6.6228958147E-01   4.2336851225E-01   1.3352930964E-03
    4      0.0000000000E+00  -5.6254561710E-01   5.4011450652E-02  -2.0383130452E-01   2.1596089385E-02
    5      0.0000000000E+00   1.8792556430E-01  -1.3057824999E-02   1.4681287088E-01  -2.9077804332E-01
    6      0.0000000000E+00   1.9904328912E-02  -1.1051429327E-01  -5.8929501139E-02  -4.4521547867E-02
    7      0.0000000000E+00  -4.0435994131E-01  -4.6157135505E-01  -4.2690117981E-01   1.6322040289E-01
    8      0.0000000000E+00  -2.6379950453E-01  -1.6524354977E-01  -2.1734969458E-01  -4.7945869985E-01
    9      0.0000000000E+00   3.1640935687E-02  -1.5868418938E-01  -9.0665983500E-02   1.9499030353E-02
   10      0.0000000000E+00  -4.1394284413E-01   4.6678047020E-01   1.4599671058E-01   1.7510192256E-01
   11      0.0000000000E+00  -2.6599817121E-01   1.8373942687E-01  -1.0811032923E-03  -4.8029950547E-01
   12      0.0000000000E+00  -9.0211291052E-03  -6.0825126510E-02  -4.2543471366E-02   2.5438588649E-04
   13      0.0000000000E+00   1.5655293130E-01  -1.0264474911E-02   8.9671625463E-02  -9.8887788974E-03
   14      0.0000000000E+00  -6.2875986901E-02  -5.3627082472E-02   6.7369797085E-01   6.9361301571E-02
   15      0.0000000000E+00  -1.1847119079E-03  -8.0029031510E-03  -5.1371865361E-03   1.3176117172E-03
   16      0.0000000000E+00   2.1101254216E-02  -4.2367938987E-04   6.6734556461E-04  -2.1497593995E-02
   17      0.0000000000E+00   2.3787408169E-02   7.8652735505E-03  -9.8987940239E-02   5.4822757932E-02
                   10                 11                 12                 13                 14        
    0     -5.5581030227E-03   9.9516687888E-02   1.0781705336E-03   6.7398531494E-02  -7.5191785535E-03
    1      1.1432725197E-01   4.9633187470E-03  -7.7723571824E-03   7.4445324532E-03   7.6331106490E-02
    2      4.1473917314E-02  -1.3050050012E-04   1.0108559524E-01  -1.4628654715E-04   8.3338573053E-03
    3      2.3156180042E-02  -3.0638338693E-01  -1.9354348243E-02  -7.6021440863E-01   2.9421488648E-02
    4     -4.1669326885E-01  -1.4778938416E-02   2.7435639015E-01  -3.4817563299E-02   1.5626170789E-01
    5      7.9358003237E-01  -3.2997124424E-03  -3.5226640222E-01  -5.3516870708E-03  -1.5892990832E-01
    6     -3.9674290486E-02  -1.4741056701E-01   9.3887050055E-02  -9.4063839212E-02  -3.6019284363E-01
    7     -6.0700320613E-02  -2.1951079148E-01   2.2634605167E-03  -2.8841392918E-01  -5.6811363872E-01
    8     -2.8995189745E-01   6.1653913206E-01  -6.2306028703E-01  -3.6162461850E-01   4.1209705710E-02
    9      4.0420518929E-02  -1.7461259512E-01  -9.8691479994E-02  -7.9288772674E-02   4.2957274654E-01
   10     -5.2878488571E-02   2.0145309511E-01  -7.0299292729E-03   2.2390631226E-01  -5.5206189211E-01
   11     -2.9525363684E-01  -6.1223986572E-01  -6.1899479565E-01   3.7014432602E-01   2.9261218729E-03
   12      5.9652688991E-04   1.8791058854E-03  -4.4515171285E-05   2.0126363888E-03  -1.3074915393E-04
   13     -1.0446027147E-02   9.8505344280E-05   1.2860762973E-03   1.0693217398E-04   3.7613567109E-04
   14     -1.2466574673E-02   4.9730286135E-05   1.3849501336E-03   6.5386962494E-05   1.1551660277E-03
   15      2.4690252008E-04  -4.7089077256E-03   9.6515692297E-05   7.3503332382E-04  -5.3545915338E-05
   16     -5.0450492120E-03  -2.2369186873E-04  -1.5983115536E-03   6.8337312223E-05   3.7562165474E-04
   17     -3.7143004672E-03  -3.0329771436E-06   2.8890913297E-03  -2.1107473722E-05  -4.9892599688E-05
                   15                 16                 17        
     0     -2.6807469936E-03  -9.8289048728E-03   9.1340529845E-02
     1      5.7749177545E-02  -6.5044785388E-02  -5.2745131877E-03
     2      4.4707249920E-02   8.9106243930E-03   7.7214470196E-04
     3      4.4282149301E-02  -9.4747043875E-03   4.2316890594E-02
     4     -8.1939937779E-01   5.1956320836E-02   1.4134506955E-02
     5     -5.5305920159E-01   6.1400764707E-02   1.1700376903E-02
     6     -6.8972861687E-02  -5.2285587293E-01  -6.7621394259E-01
     7      5.8803973089E-02   2.7234758521E-01   4.1856015525E-01
     8      3.9152092478E-03  -7.0302506149E-02  -9.7993273131E-02
     9      5.7046306546E-02   6.4913625735E-01  -4.5293807967E-01
    10      6.2457852616E-02   4.5274897513E-01  -3.6937388974E-01
    11      4.6191284449E-03  -1.0089807892E-01   7.6488442519E-02
    12     -5.7323629528E-05   2.3865254651E-05  -2.2332813614E-04
    13      1.1103856818E-03   8.8842249926E-05  -1.7323541072E-06
    14     -1.6705055064E-04  -1.5258323135E-04  -2.4350950434E-05
    15      5.3037631299E-06  -1.0917348733E-06   2.1130785555E-05
    16     -8.6665296886E-05  -2.9190007909E-05  -3.4850234861E-06
    17      1.1880150017E-04   5.1627151829E-05   8.4419123644E-06

#
# The atoms: label  mass x y z (in bohrs)
#
$atoms
6
 C     12.01100      0.067354955200    -1.031106843066     2.601010575100
 H      1.00800     -0.020336762270     0.567258414875     3.893770404743
 H      1.00800      1.804621876609    -2.073986780106     2.877465564736
 H      1.00800     -1.547333988126    -2.252814146772     2.892671715974
 F     18.99800     -0.024970964884     0.559500125411     7.299947643337
 I    126.90000     -0.004518902374     0.043694718373    -1.415810577562

$actual_temperature
  0.000000

$frequency_scale_factor
  1.000000


$end

