
$orca_hessian_file

$act_atom
  0

$act_coord
  0

$act_energy
      -12.423577

$multiplicity
  1

$hessian
18
                    0                  1                  2                  3                  4        
    0      5.5983859400E-01   4.1040000000E-07  -2.5251000000E-06  -4.1279342900E-02  -1.6609000000E-06
    1      4.1040000000E-07   5.5984815280E-01   6.5594000000E-06  -1.7388000000E-06  -3.1646063190E-01
    2     -2.5251000000E-06   6.5594000000E-06   5.4604255200E-02  -6.7900000000E-08  -5.9168935400E-02
    3     -4.1279342900E-02  -1.7388000000E-06  -6.7900000000E-08   4.2771557900E-02   1.8325000000E-06
    4     -1.6609000000E-06  -3.1646063190E-01  -5.9168935400E-02   1.8325000000E-06   3.4522817800E-01
    5     -2.8930000000E-07  -6.4474531000E-02  -2.5698947700E-02   3.6300000000E-07   6.1481969700E-02
    6     -2.4765450660E-01   1.1915388560E-01  -5.1235471800E-02  -7.4797060000E-04   7.9819910000E-04
    7      1.1915336780E-01  -1.1007028720E-01   2.9580403800E-02   2.5126026300E-02  -1.5718350400E-02
    8     -5.5831703400E-02   3.2233791700E-02  -2.5699051800E-02   4.9425072000E-03  -2.1249081000E-03
    9     -2.4765678950E-01  -1.1915255370E-01   5.1237863700E-02  -7.4828280000E-04  -7.9838480000E-04
   10     -1.1915212100E-01  -1.1006799810E-01   2.9580790100E-02  -2.5126109400E-02  -1.5718073300E-02
   11      5.5833653400E-02   3.2234050800E-02  -2.5699794800E-02  -4.9425176000E-03  -2.1248484000E-03
   12     -8.3689146000E-03   5.3000000000E-09   1.1770000000E-07  -8.7698000000E-06   3.4000000000E-09
   13      3.1000000000E-09  -8.3692372000E-03   1.6543000000E-06   1.7900000000E-08   9.4018890000E-04
   14      3.9510000000E-07   5.4140000000E-07   2.8058884000E-02  -1.0610000000E-07   3.7442950000E-04
   15     -1.4879040400E-02  -8.7000000000E-09   8.3500000000E-08   1.2808100000E-05   1.0700000000E-08
   16      7.0000000000E-10  -1.4879998400E-02  -4.7220000000E-07  -2.8400000000E-08   1.7286887000E-03
   17      4.6940000000E-07  -4.1230000000E-07  -5.5653449000E-03  -1.7850000000E-07   1.5622927000E-03
                    5                  6                  7                  8                  9        
    0     -2.8930000000E-07  -2.4765450660E-01   1.1915336780E-01  -5.5831703400E-02  -2.4765678950E-01
    1     -6.4474531000E-02   1.1915388560E-01  -1.1007028720E-01   3.2233791700E-02  -1.1915255370E-01
    2     -2.5698947700E-02  -5.1235471800E-02   2.9580403800E-02  -2.5699051800E-02   5.1237863700E-02
    3      3.6300000000E-07  -7.4797060000E-04   2.5126026300E-02   4.9425072000E-03  -7.4828280000E-04
    4      6.1481969700E-02   7.9819910000E-04  -1.5718350400E-02  -2.1249081000E-03  -7.9838480000E-04
    5      5.1531022000E-02   6.3087650000E-04   5.3419225000E-03   1.6551301000E-03  -6.3080580000E-04
    6      6.3087650000E-04   2.6960434060E-01  -1.3096243150E-01   5.3239042600E-02  -2.3203192200E-02
    7      5.3419225000E-03  -1.3096243150E-01   1.1838448820E-01  -3.0737587600E-02  -1.2164253700E-02
    8      1.6551301000E-03   5.3239042600E-02  -3.0737587600E-02   5.1529484300E-02   4.3110386000E-03
    9     -6.3080580000E-04  -2.3203192200E-02  -1.2164253700E-02   4.3110386000E-03   2.6960686690E-01
   10      5.3421015000E-03   1.2164549400E-02   6.7352638000E-03  -3.2172893000E-03   1.3096098480E-01
   11      1.6551617000E-03  -4.3109046000E-03  -3.2171623000E-03   1.6540962000E-03  -5.3240949300E-02
   12     -1.5500000000E-08   7.0238280000E-04  -4.1039030000E-04   3.5294431000E-03   7.0237670000E-04
   13      4.0747211000E-03  -4.1124050000E-04   2.2777420000E-04  -2.0377527000E-03   4.1122010000E-04
   14     -1.0315920000E-02   3.2400610000E-04  -1.8702120000E-04  -1.0314112100E-02  -3.2425610000E-04
   15     -1.2880000000E-07   1.2989459000E-03  -7.4231860000E-04  -1.0190328100E-02   1.2990208000E-03
   16     -1.1766183900E-02  -7.4296210000E-04   4.4111140000E-04   5.8837461000E-03   7.4298720000E-04
   17     -1.8826446200E-02   1.3524512000E-03  -7.8055520000E-04  -1.8825546700E-02  -1.3528912000E-03
                   10                 11                 12                 13                 14        
    0     -1.1915212100E-01   5.5833653400E-02  -8.3689146000E-03   3.1000000000E-09   3.9510000000E-07
    1     -1.1006799810E-01   3.2234050800E-02   5.3000000000E-09  -8.3692372000E-03   5.4140000000E-07
    2      2.9580790100E-02  -2.5699794800E-02   1.1770000000E-07   1.6543000000E-06   2.8058884000E-02
    3     -2.5126109400E-02  -4.9425176000E-03  -8.7698000000E-06   1.7900000000E-08  -1.0610000000E-07
    4     -1.5718073300E-02  -2.1248484000E-03   3.4000000000E-09   9.4018890000E-04   3.7442950000E-04
    5      5.3421015000E-03   1.6551617000E-03  -1.5500000000E-08   4.0747211000E-03  -1.0315920000E-02
    6      1.2164549400E-02  -4.3109046000E-03   7.0238280000E-04  -4.1124050000E-04   3.2400610000E-04
    7      6.7352638000E-03  -3.2171623000E-03  -4.1039030000E-04   2.2777420000E-04  -1.8702120000E-04
    8     -3.2172893000E-03   1.6540962000E-03   3.5294431000E-03  -2.0377527000E-03  -1.0314112100E-02
    9      1.3096098480E-01  -5.3240949300E-02   7.0237670000E-04   4.1122010000E-04  -3.2425610000E-04
   10      1.1838194470E-01  -3.0737991300E-02   4.1038730000E-04   2.2777020000E-04  -1.8703630000E-04
   11     -3.0737991300E-02   5.1530161900E-02  -3.5295251000E-03  -2.0376947000E-03  -1.0314040300E-02
   12      4.1038730000E-04  -3.5295251000E-03   4.8938193000E-03  -4.9000000000E-09   3.9100000000E-08
   13      2.2777020000E-04  -2.0376947000E-03  -4.9000000000E-09   4.8939448000E-03  -7.5840000000E-07
   14     -1.8703630000E-04  -1.0314040300E-02   3.9100000000E-08  -7.5840000000E-07   1.8917384500E-02
   15      7.4230890000E-04   1.0190243200E-02   2.0791055000E-03   4.3000000000E-09  -7.8200000000E-08
   16      4.4109270000E-04   5.8836459000E-03  -8.0000000000E-10   2.0795590000E-03  -1.5500000000E-07
   17     -7.8057480000E-04  -1.8825584700E-02  -5.9300000000E-08  -1.6950000000E-07  -1.6032196100E-02
                   15                 16                 17        
     0     -1.4879040400E-02   7.0000000000E-10   4.6940000000E-07
     1     -8.7000000000E-09  -1.4879998400E-02  -4.1230000000E-07
     2      8.3500000000E-08  -4.7220000000E-07  -5.5653449000E-03
     3      1.2808100000E-05  -2.8400000000E-08  -1.7850000000E-07
     4      1.0700000000E-08   1.7286887000E-03   1.5622927000E-03
     5     -1.2880000000E-07  -1.1766183900E-02  -1.8826446200E-02
     6      1.2989459000E-03  -7.4296210000E-04   1.3524512000E-03
     7     -7.4231860000E-04   4.4111140000E-04  -7.8055520000E-04
     8     -1.0190328100E-02   5.8837461000E-03  -1.8825546700E-02
     9      1.2990208000E-03   7.4298720000E-04  -1.3528912000E-03
    10      7.4230890000E-04   4.4109270000E-04  -7.8057480000E-04
    11      1.0190243200E-02   5.8836459000E-03  -1.8825584700E-02
    12      2.0791055000E-03  -8.0000000000E-10  -5.9300000000E-08
    13      4.3000000000E-09   2.0795590000E-03  -1.6950000000E-07
    14     -7.8200000000E-08  -1.5500000000E-07  -1.6032196100E-02
    15      1.0189160100E-02   3.4000000000E-09   2.0840000000E-07
    16      3.4000000000E-09   1.0189546700E-02  -5.8090000000E-07
    17      2.0840000000E-07  -5.8090000000E-07   7.8075118700E-02

$vibrational_frequencies
18
    0        0.0000000000000000
    1        0.0000000000000000
    2        0.0000000000000000
    3        0.0000000000000000
    4        0.0000000000000000
    5        0.0000000000000000
    6     -112.9674607865115661
    7      185.9838358056787229
    8      185.9897892039454632
    9      239.1866502873676552
   10      933.7014032097849849
   11      933.7159810189152722
   12     1102.4758296272073039
   13     1394.5703202207507729
   14     1394.5817949999932353
   15     3136.6612289753188634
   16     3194.4229249139398235
   17     3194.4709334903322997

$normal_modes
18 18
                    0                  1                  2                  3                  4        
    0      0.0000000000E+00   0.0000000000E+00   0.0000000000E+00   0.0000000000E+00   0.0000000000E+00
    1      0.0000000000E+00   0.0000000000E+00   0.0000000000E+00   0.0000000000E+00   0.0000000000E+00
    2      0.0000000000E+00   0.0000000000E+00   0.0000000000E+00   0.0000000000E+00   0.0000000000E+00
    3      0.0000000000E+00   0.0000000000E+00   0.0000000000E+00   0.0000000000E+00   0.0000000000E+00
    4      0.0000000000E+00   0.0000000000E+00   0.0000000000E+00   0.0000000000E+00   0.0000000000E+00
    5      0.0000000000E+00   0.0000000000E+00   0.0000000000E+00   0.0000000000E+00   0.0000000000E+00
    6      0.0000000000E+00   0.0000000000E+00   0.0000000000E+00   0.0000000000E+00   0.0000000000E+00
    7      0.0000000000E+00   0.0000000000E+00   0.0000000000E+00   0.0000000000E+00   0.0000000000E+00
    8      0.0000000000E+00   0.0000000000E+00   0.0000000000E+00   0.0000000000E+00   0.0000000000E+00
    9      0.0000000000E+00   0.0000000000E+00   0.0000000000E+00   0.0000000000E+00   0.0000000000E+00
   10      0.0000000000E+00   0.0000000000E+00   0.0000000000E+00   0.0000000000E+00   0.0000000000E+00
   11      0.0000000000E+00   0.0000000000E+00   0.0000000000E+00   0.0000000000E+00   0.0000000000E+00
   12      0.0000000000E+00   0.0000000000E+00   0.0000000000E+00   0.0000000000E+00   0.0000000000E+00
   13      0.0000000000E+00   0.0000000000E+00   0.0000000000E+00   0.0000000000E+00   0.0000000000E+00
   14      0.0000000000E+00   0.0000000000E+00   0.0000000000E+00   0.0000000000E+00   0.0000000000E+00
   15      0.0000000000E+00   0.0000000000E+00   0.0000000000E+00   0.0000000000E+00   0.0000000000E+00
   16      0.0000000000E+00   0.0000000000E+00   0.0000000000E+00   0.0000000000E+00   0.0000000000E+00
   17      0.0000000000E+00   0.0000000000E+00   0.0000000000E+00   0.0000000000E+00   0.0000000000E+00
                    5                  6                  7                  8                  9        
    0      0.0000000000E+00   3.8567383842E-06   4.6175164338E-01  -3.7352564068E-03  -2.1717777725E-06
    1      0.0000000000E+00   8.0544942700E-05   3.7352216168E-03   4.6175379130E-01   7.1386943324E-05
    2      0.0000000000E+00   7.4930483885E-01  -2.0807994772E-06  -1.3444346907E-05  -6.5486774790E-01
    3      0.0000000000E+00  -1.7239086437E-06   4.9666850822E-01  -4.0187538690E-03   1.3405706604E-06
    4      0.0000000000E+00   1.0104942087E-01   3.9686279550E-03   4.9061733474E-01  -5.9426597268E-02
    5      0.0000000000E+00   1.3809539767E-01  -8.6899022209E-04  -1.0712370597E-01  -3.0325089279E-01
    6      0.0000000000E+00   8.7424292655E-02   4.9206525223E-01  -1.4147779116E-03  -5.1524794966E-02
    7      0.0000000000E+00  -5.0367443359E-02   6.4862413859E-03   4.9504766096E-01   2.9813259236E-02
    8      0.0000000000E+00   1.3820755299E-01  -9.2333035447E-02   5.4321022789E-02  -3.0325722824E-01
    9      0.0000000000E+00  -8.7424291956E-02   4.9202445230E-01  -6.5446287673E-03   5.1525400068E-02
   10      0.0000000000E+00  -5.0365450614E-02   1.5232741164E-03   4.9508667071E-01   2.9812058950E-02
   11      0.0000000000E+00   1.3820567589E-01   9.3196963231E-02   5.2819930977E-02  -3.0325417951E-01
   12      0.0000000000E+00  -1.2351175698E-06  -1.9470093713E-01   1.5749960687E-03   6.1532109847E-07
   13      0.0000000000E+00  -4.2969994253E-05  -1.5749962320E-03  -1.9470169071E-01  -2.6318998830E-05
   14      0.0000000000E+00  -5.9202311166E-01   1.1077583476E-06   5.8161008953E-05  -5.1314250934E-01
   15      0.0000000000E+00  -1.6644228711E-07  -2.6318162832E-02   2.1289499780E-04   9.7983564558E-08
   16      0.0000000000E+00  -3.7048106430E-06  -2.1289154475E-04  -2.6318201316E-02  -4.3950427242E-06
   17      0.0000000000E+00   1.4417099766E-02   7.1317787930E-08  -7.5716987741E-06   1.4603103476E-01
                   10                 11                 12                 13                 14        
    0     -6.0713704971E-04   6.7480749122E-02   2.3784578002E-08   8.3574953168E-02   1.9170511478E-03
    1     -6.7479741519E-02  -6.0711977779E-04  -1.4181304246E-06  -1.9170345186E-03   8.3575559514E-02
    2     -5.6405121196E-06  -4.9129891955E-07   4.8997750002E-02  -5.8276629879E-07   1.0056071236E-06
    3      1.8569727058E-03  -2.0660567840E-01  -1.3251133818E-06  -7.6911385485E-01  -1.7637768536E-02
    4      1.0879804936E-01   9.7976305918E-04   1.1157166860E-01  -2.1450791733E-03   9.3715171607E-02
    5     -7.8040552233E-01  -7.0185313761E-03  -5.6560078632E-01   5.6819702723E-03  -2.4764957294E-01
    6      4.3543425725E-02  -1.3286215720E-01   9.6623207722E-02  -1.1341964461E-01  -3.7641493041E-01
    7      1.8251209334E-01  -4.0720983657E-02  -5.5775307561E-02  -3.6092630260E-01  -5.6198273957E-01
    8      3.8412086459E-01   6.7935054030E-01  -5.6561326903E-01  -2.1732644230E-01   1.1889516855E-01
    9     -4.1143950688E-02  -1.3362843331E-01  -9.6626323178E-02  -1.3054998512E-01   3.7081480918E-01
   10      1.8175324908E-01   4.3998427423E-02  -5.5775576388E-02   3.8630996049E-01  -5.4484987722E-01
   11      3.9627632018E-01  -6.7233501363E-01  -5.6560930074E-01   2.1164812061E-01   1.2872959251E-01
   12     -5.8496987606E-05   6.5088971245E-03   8.3703999085E-08  -1.4861292959E-03  -3.4039622022E-05
   13     -6.5084001398E-03  -5.8516986898E-05   6.4678153750E-07   3.4073154603E-05  -1.4849947338E-03
   14      2.2849881540E-06   1.0610377960E-07   2.2122961761E-02   6.5859021477E-08   4.9952959549E-07
   15      3.2412526008E-05  -3.6035166762E-03   2.0490217391E-08   3.5936071172E-04   8.2330676264E-06
   16      3.6036080561E-03   3.2407855699E-05  -1.2770147043E-07  -8.2451342497E-06   3.5940322593E-04
   17      2.5801613718E-07   5.4483674927E-08   5.5287150523E-03   1.6317124752E-08   2.7123395974E-08
                   15                 16                 17        
     0      2.3049603376E-06  -9.5803178282E-02   1.9468585881E-03
     1     -4.2648437516E-05   1.9468433778E-03   9.5802516161E-02
     2      2.4623350936E-02   1.2820359162E-06   1.2806357461E-05
     3      5.8446638677E-07  -3.9378615504E-02   7.9541908133E-04
     4     -5.6748216534E-01  -1.6159647150E-02  -7.9471571693E-01
     5     -1.0332676679E-01  -3.3779599822E-03  -1.6614718964E-01
     6     -4.9193862759E-01   5.9330061735E-01   3.4891332661E-01
     7      2.8400209931E-01  -3.6448539715E-01  -1.6159701248E-01
     8     -1.0343325989E-01   1.4551976800E-01   8.0069665208E-02
     9      4.9191090822E-01   5.7866725069E-01  -3.7272465489E-01
    10      2.8398542049E-01   3.5762974361E-01  -1.7626332887E-01
    11     -1.0342986890E-01  -1.4215670679E-01   8.5916529168E-02
    12      2.5969637515E-08   4.0060999711E-04  -8.1498022772E-06
    13      2.0319545764E-07  -8.1075003354E-06  -4.0070594621E-04
    14      4.6094505291E-04  -3.3166962022E-09   2.6125565290E-07
    15     -6.5111841039E-09   1.1278322031E-05  -2.2736078095E-07
    16     -7.9370723798E-09  -2.3708763448E-07  -1.1306093753E-05
    17      6.4328703961E-05  -2.5024335196E-09   2.7602317750E-08

#
# The atoms: label  mass x y z (in bohrs)
#
$atoms
6
 C     12.01100     -0.000000583217    -0.000071848624     2.962511948783
 H      1.00800     -0.000000299987     1.980815603727     3.375623267681
 H      1.00800      1.715501902164    -0.990531087100     3.375593638090
 H      1.00800     -1.715502530968    -0.990531103666     3.375592917648
 F     18.99800      0.000000422554     0.000031195506     7.188256196847
 I    126.90000     -0.000000000681     0.000004088899    -1.436982242289

$actual_temperature
  0.000000

$frequency_scale_factor
  1.000000


$end

