*************************************************
******************* ORCA 6.1.0 ******************
*************************************************
$Calculation_Status
   &GeometryIndex 0
   &version [&Type "String"] "6.1.0"
   &progName [&Type "String"] "orca"
   &Status [&Type "String"] "NORMAL TERMINATION"
$End
$Geometry
   &GeometryIndex 1
   &NAtoms [&Type "Integer"] 6
   &NCorelessECP [&Type "Integer"] 0
   &NGhostAtoms [&Type "Integer"] 0
   &CartesianCoordinates [&Type "Coordinates", &Dim(6,4), &Units "Bohr"] 
              C      0.000000000000    0.000000000000    0.663369462052
              H      0.000000000000    2.050352855305    0.000000000000
              H      1.775658485025   -1.025176427652    0.000000000000
              H     -1.775658485025   -1.025176427652    0.000000000000
              F      0.000000000000    0.000000000000    4.262163911491
              I      0.000000000000    0.000000000000   -4.593848642517
$End
$Single_Point_Data
   &GeometryIndex 1
   &FinalEnergy [&Type "Double"]      -1.2408315654450000e+01  "Final single point energy"
   &Converged [&Type "Boolean"] true
$End
$Hessian
   &GeometryIndex 1
   &HESSIAN [&Type "ArrayOfDoubles", &Dim (18,18)] "The Hessian"
                                                         0                           1                           2                           3                           4                           5                           6                           7

0                                      3.8754178060000000e-01         5.3000000000000003e-09        -1.0336999999999999e-06        -5.0581932099999997e-02        -5.7970000000000004e-07         3.1740000000000002e-07        -1.5240259380000001e-01         5.8787041599999999e-02
1                                      5.3000000000000003e-09         3.8754016499999999e-01        -2.2892999999999998e-06        -5.2280000000000000e-07        -1.8634916100000001e-01         5.2688841600000001e-02         5.8788771500000003e-02        -8.4518683799999994e-02
2                                     -1.0336999999999999e-06        -2.2892999999999998e-06         8.1852198400000006e-02         2.7700000000000001e-07         3.8231884000000001e-02        -3.9311019400000001e-02         3.3108915000000003e-02        -1.9115732800000000e-02
3                                     -5.0581932099999997e-02        -5.2280000000000000e-07         2.7700000000000001e-07         4.7758985200000000e-02         7.3430000000000000e-07        -1.8830000000000001e-07         1.4263951000000000e-03         2.6750084899999999e-02
4                                     -5.7970000000000004e-07        -1.8634916100000001e-01         3.8231884000000001e-02         7.3430000000000000e-07         2.1254115830000000e-01        -4.1845829799999998e-02         7.7435250000000002e-04        -1.4466599700000001e-02
5                                      3.1740000000000002e-07         5.2688841600000001e-02        -3.9311019400000001e-02        -1.8830000000000001e-07        -4.1845829799999998e-02         5.5455791300000001e-02         8.5119670000000005e-04        -5.8204333000000004e-03
6                                     -1.5240259380000001e-01         5.8788771500000003e-02         3.3108915000000003e-02         1.4263951000000000e-03         7.7435250000000002e-04         8.5119670000000005e-04         1.7134094840000000e-01        -7.1350917099999994e-02
7                                      5.8787041599999999e-02        -8.4518683799999994e-02        -1.9115732800000000e-02         2.6750084899999999e-02        -1.4466599700000001e-02        -5.8204333000000004e-03        -7.1350917099999994e-02         8.8952047399999998e-02
8                                      4.5629146099999997e-02        -2.6343257700000001e-02        -3.9311016499999997e-02        -4.6151641000000002e-03         3.6473223999999999e-03         2.1729867999999999e-03        -3.6238461600000001e-02         2.0921882400000001e-02
9                                     -1.5240437079999999e-01        -5.8788253200000001e-02        -3.3108331700000000e-02         1.4261027000000001e-03        -7.7449859999999997e-04        -8.5125800000000003e-04        -2.2412079200000001e-02        -1.2987110600000001e-02
10                                    -5.8786461900000003e-02        -8.4517462299999999e-02        -1.9115022499999999e-02        -2.6750309600000001e-02        -1.4466334700000000e-02        -5.8202454999999997e-03         1.2987441000000001e-02         9.3703708999999993e-03
11                                    -4.5628628200000000e-02        -2.6342397399999998e-02        -3.9310490800000000e-02         4.6152138000000002e-03         3.6472854999999998e-03         2.1729615999999999e-03         5.4661348000000004e-03         2.1726037000000002e-03
12                                    -2.7410288500000001e-02         4.6999999999999999e-09         1.8530000000000000e-07         1.9228658000000000e-03         3.2000000000000001e-09         2.3600000000000000e-08         4.1161217000000002e-03        -1.2662629000000001e-03
13                                    -3.2000000000000001e-09        -2.7411254800000000e-02         7.7370000000000000e-07         4.3800000000000002e-08         4.8479693000000003e-03         8.8031371000000004e-03        -1.2666361000000001e-03         2.6538375000000002e-03
14                                     1.9490000000000000e-07        -4.0870000000000000e-07         3.4634105999999998e-02        -6.6199999999999997e-08        -1.6624079000000000e-03        -4.3349310999999998e-03        -1.4397494000000001e-03         8.3191799999999996e-04
15                                    -4.7425953999999998e-03        -5.5999999999999997e-09        -1.1900000000000001e-08        -1.9524167000000000e-03        -1.1700000000000001e-08        -9.1399999999999998e-08        -2.0687921999999999e-03         6.7164100000000003e-05
16                                    -2.1999999999999998e-09        -4.7436031000000003e-03         3.8700000000000001e-07        -3.0600000000000003e-08        -2.1070321000000000e-03        -8.0054700000000006e-03         6.6988200000000003e-05        -1.9909723999999998e-03
17                                     3.6000000000000000e-09        -4.8859999999999997e-07         1.4462222999999999e-03        -7.2300000000000006e-08        -2.0182541000000002e-03        -1.6155789100000002e-02        -1.7480355000000000e-03         1.0097622000000001e-03
                                                         8                           9                          10                          11                          12                          13                          14                          15

0                                      4.5629146099999997e-02        -1.5240437079999999e-01        -5.8786461900000003e-02        -4.5628628200000000e-02        -2.7410288500000001e-02        -3.2000000000000001e-09         1.9490000000000000e-07        -4.7425953999999998e-03
1                                     -2.6343257700000001e-02        -5.8788253200000001e-02        -8.4517462299999999e-02        -2.6342397399999998e-02         4.6999999999999999e-09        -2.7411254800000000e-02        -4.0870000000000000e-07        -5.5999999999999997e-09
2                                     -3.9311016499999997e-02        -3.3108331700000000e-02        -1.9115022499999999e-02        -3.9310490800000000e-02         1.8530000000000000e-07         7.7370000000000000e-07         3.4634105999999998e-02        -1.1900000000000001e-08
3                                     -4.6151641000000002e-03         1.4261027000000001e-03        -2.6750309600000001e-02         4.6152138000000002e-03         1.9228658000000000e-03         4.3800000000000002e-08        -6.6199999999999997e-08        -1.9524167000000000e-03
4                                      3.6473223999999999e-03        -7.7449859999999997e-04        -1.4466334700000000e-02         3.6472854999999998e-03         3.2000000000000001e-09         4.8479693000000003e-03        -1.6624079000000000e-03        -1.1700000000000001e-08
5                                      2.1729867999999999e-03        -8.5125800000000003e-04        -5.8202454999999997e-03         2.1729615999999999e-03         2.3600000000000000e-08         8.8031371000000004e-03        -4.3349310999999998e-03        -9.1399999999999998e-08
6                                     -3.6238461600000001e-02        -2.2412079200000001e-02         1.2987441000000001e-02         5.4661348000000004e-03         4.1161217000000002e-03        -1.2666361000000001e-03        -1.4397494000000001e-03        -2.0687921999999999e-03
7                                      2.0921882400000001e-02        -1.2987110600000001e-02         9.3703708999999993e-03         2.1726037000000002e-03        -1.2662629000000001e-03         2.6538375000000002e-03         8.3191799999999996e-04         6.7164100000000003e-05
8                                      5.5455620499999997e-02        -5.4659427000000003e-03         2.1725653000000001e-03         2.1730413999999998e-03         7.6235282000000001e-03        -4.4015186999999999e-03        -4.3349030000000002e-03        -6.9331059999999996e-03
9                                     -5.4659427000000003e-03         1.7134295790000001e-01         7.1350223300000001e-02         3.6237858800000002e-02         4.1161158999999999e-03         1.2665955999999999e-03         1.4397117000000000e-03        -2.0687264000000000e-03
10                                     2.1725653000000001e-03         7.1350223300000001e-02         8.8950576399999995e-02         2.0920993700000001e-02         1.2662597000000001e-03         2.6538168000000001e-03         8.3194249999999997e-04        -6.7152500000000005e-05
11                                     2.1730413999999998e-03         3.6237858800000002e-02         2.0920993700000001e-02         5.5455122900000001e-02        -7.6236328999999999e-03        -4.4014318000000002e-03        -4.3348503000000000e-03         6.9330538000000001e-03
12                                     7.6235282000000001e-03         4.1161158999999999e-03         1.2662597000000001e-03        -7.6236328999999999e-03         1.4061023500000000e-02        -3.0000000000000000e-09        -3.7499999999999998e-08         3.1941616999999999e-03
13                                    -4.4015186999999999e-03         1.2665955999999999e-03         2.6538168000000001e-03        -4.4014318000000002e-03        -3.0000000000000000e-09         1.4061370100000000e-02        -5.0610000000000001e-07         2.8999999999999999e-09
14                                    -4.3349030000000002e-03         1.4397117000000000e-03         8.3194249999999997e-04        -4.3348503000000000e-03        -3.7499999999999998e-08        -5.0610000000000001e-07        -3.2456600000000000e-03        -5.3500000000000003e-08
15                                    -6.9331059999999996e-03        -2.0687264000000000e-03        -6.7152500000000005e-05         6.9330538000000001e-03         3.1941616999999999e-03         2.8999999999999999e-09        -5.3500000000000003e-08         7.6383691000000004e-03
16                                     4.0030062999999996e-03        -6.6956499999999995e-05        -1.9909671000000002e-03         4.0029463000000000e-03        -1.6999999999999999e-09         3.1942612000000000e-03        -5.3779999999999996e-07         2.7999999999999998e-09
17                                    -1.6155729200000000e-02         1.7479619000000000e-03         1.0097665000000000e-03        -1.6155784699999998e-02        -6.6699999999999995e-08        -4.5419999999999998e-07        -1.8383761600000000e-02         2.0900000000000001e-07
                                                        16                          17

0                                     -2.1999999999999998e-09         3.6000000000000000e-09
1                                     -4.7436031000000003e-03        -4.8859999999999997e-07
2                                      3.8700000000000001e-07         1.4462222999999999e-03
3                                     -3.0600000000000003e-08        -7.2300000000000006e-08
4                                     -2.1070321000000000e-03        -2.0182541000000002e-03
5                                     -8.0054700000000006e-03        -1.6155789100000002e-02
6                                      6.6988200000000003e-05        -1.7480355000000000e-03
7                                     -1.9909723999999998e-03         1.0097622000000001e-03
8                                      4.0030062999999996e-03        -1.6155729200000000e-02
9                                     -6.6956499999999995e-05         1.7479619000000000e-03
10                                    -1.9909671000000002e-03         1.0097665000000000e-03
11                                     4.0029463000000000e-03        -1.6155784699999998e-02
12                                    -1.6999999999999999e-09        -6.6699999999999995e-08
13                                     3.1942612000000000e-03        -4.5419999999999998e-07
14                                    -5.3779999999999996e-07        -1.8383761600000000e-02
15                                     2.7999999999999998e-09         2.0900000000000001e-07
16                                     7.6383134999999996e-03        -3.3169999999999999e-07
17                                    -3.3169999999999999e-07         6.5404842199999993e-02
   &MODES [&Type "ArrayOfDoubles", &Dim (18,18)] "The modes of vibrations"
                                                         0                           1                           2                           3                           4                           5                           6                           7

0                                      0.0000000000000000e+00         0.0000000000000000e+00         0.0000000000000000e+00         0.0000000000000000e+00         0.0000000000000000e+00         0.0000000000000000e+00        -5.0393389557162154e-07         8.3417339560181727e-07
1                                      0.0000000000000000e+00         0.0000000000000000e+00         0.0000000000000000e+00         0.0000000000000000e+00         0.0000000000000000e+00         0.0000000000000000e+00        -6.9630468052970438e-06        -3.8061310562717734e-05
2                                      0.0000000000000000e+00         0.0000000000000000e+00         0.0000000000000000e+00         0.0000000000000000e+00         0.0000000000000000e+00         0.0000000000000000e+00        -1.8960684528579011e-01        -1.8370052736027215e-01
3                                      0.0000000000000000e+00         0.0000000000000000e+00         0.0000000000000000e+00         0.0000000000000000e+00         0.0000000000000000e+00         0.0000000000000000e+00         2.0990049917602637e-08         1.1626069808835932e-06
4                                      0.0000000000000000e+00         0.0000000000000000e+00         0.0000000000000000e+00         0.0000000000000000e+00         0.0000000000000000e+00         0.0000000000000000e+00         1.7562989026772977e-02         1.2602171921319317e-02
5                                      0.0000000000000000e+00         0.0000000000000000e+00         0.0000000000000000e+00         0.0000000000000000e+00         0.0000000000000000e+00         0.0000000000000000e+00        -1.0053426703734131e-01        -1.1632653719214786e-01
6                                      0.0000000000000000e+00         0.0000000000000000e+00         0.0000000000000000e+00         0.0000000000000000e+00         0.0000000000000000e+00         0.0000000000000000e+00         1.5215891406935860e-02         1.0950382046500878e-02
7                                      0.0000000000000000e+00         0.0000000000000000e+00         0.0000000000000000e+00         0.0000000000000000e+00         0.0000000000000000e+00         0.0000000000000000e+00        -8.7959446012830581e-03        -6.3642996242489723e-03
8                                      0.0000000000000000e+00         0.0000000000000000e+00         0.0000000000000000e+00         0.0000000000000000e+00         0.0000000000000000e+00         0.0000000000000000e+00        -1.0053124139883744e-01        -1.1631601701005677e-01
9                                      0.0000000000000000e+00         0.0000000000000000e+00         0.0000000000000000e+00         0.0000000000000000e+00         0.0000000000000000e+00         0.0000000000000000e+00        -1.5216117232366884e-02        -1.0948134278407828e-02
10                                     0.0000000000000000e+00         0.0000000000000000e+00         0.0000000000000000e+00         0.0000000000000000e+00         0.0000000000000000e+00         0.0000000000000000e+00        -8.7960992188064972e-03        -6.3643443376213337e-03
11                                     0.0000000000000000e+00         0.0000000000000000e+00         0.0000000000000000e+00         0.0000000000000000e+00         0.0000000000000000e+00         0.0000000000000000e+00        -1.0053146377648660e-01        -1.1631605960069057e-01
12                                     0.0000000000000000e+00         0.0000000000000000e+00         0.0000000000000000e+00         0.0000000000000000e+00         0.0000000000000000e+00         0.0000000000000000e+00         1.9713431218224948e-07        -4.0648248940771163e-07
13                                     0.0000000000000000e+00         0.0000000000000000e+00         0.0000000000000000e+00         0.0000000000000000e+00         0.0000000000000000e+00         0.0000000000000000e+00         3.3771597153159303e-06         1.7636638219870218e-05
14                                     0.0000000000000000e+00         0.0000000000000000e+00         0.0000000000000000e+00         0.0000000000000000e+00         0.0000000000000000e+00         0.0000000000000000e+00         1.6762861334988241e-01        -1.3503463762306339e-01
15                                     0.0000000000000000e+00         0.0000000000000000e+00         0.0000000000000000e+00         0.0000000000000000e+00         0.0000000000000000e+00         0.0000000000000000e+00         1.9811398116877430e-08        -4.5189601223915805e-08
16                                     0.0000000000000000e+00         0.0000000000000000e+00         0.0000000000000000e+00         0.0000000000000000e+00         0.0000000000000000e+00         0.0000000000000000e+00         3.8424827872324651e-07         1.9667247056195905e-06
17                                     0.0000000000000000e+00         0.0000000000000000e+00         0.0000000000000000e+00         0.0000000000000000e+00         0.0000000000000000e+00         0.0000000000000000e+00        -4.7535920386373356e-03         4.0374825550831391e-02
                                                         8                           9                          10                          11                          12                          13                          14                          15

0                                      2.2342309758188109e-01         1.7036867741867755e-03        -2.0173844425448511e-03        -5.4221861256966694e-02        -2.3775859438560885e-07         8.5793821746481050e-07        -8.4535526479536396e-02        -3.6391077388959877e-07
1                                     -1.7036766465544310e-03         2.2342270225743882e-01         5.4224493868679377e-02        -2.0174500584416795e-03        -1.8831349072768632e-06         8.4535962993774083e-02         8.3777880929447931e-07         7.3679417476539284e-05
2                                      7.2565949430937986e-07        -3.7849934006490540e-05         1.8918194428501344e-06         1.2611335009965958e-07        -8.0886005381580001e-02        -9.5945669520615429e-07         2.7974107971213330e-07         2.8355969733593878e-02
3                                      2.4391981216985109e-01         1.8600089275022176e-03         7.3555347409760092e-03         1.9772503714471326e-01         1.3731165203273596e-06        -2.7890600513537745e-06         7.3967501849905626e-01        -5.1380069966862743e-07
4                                     -1.8493944595009131e-03         2.4251757221811604e-01        -1.6832407319446466e-01         6.2627089096491586e-03         1.2659489205389382e-01         8.4989549940835796e-02        -3.5349745746351810e-06         5.5990402243078696e-01
5                                     -3.0335349970248026e-04         3.9795294020755122e-02        -7.5149428026444653e-01         2.7963937039413637e-02         5.3620395636031037e-01         2.2421496806693944e-01        -1.1130597644067346e-06        -1.1516472480744681e-01
6                                      2.4285962214778264e-01         2.4632428096885844e-03        -6.2014158896942333e-03         1.7614916408044159e-01         1.0964695429851107e-01        -3.5708349882631285e-01         1.2117428388662795e-01         4.8572667494621269e-01
7                                     -1.2478038450135843e-03         2.4357215149450245e-01        -1.8990842923510876e-01         1.9815454069723404e-02        -6.3289342854730132e-02        -5.3351028932683620e-01         3.5708780055269684e-01        -2.8038282731197262e-01
8                                      3.4632124017313595e-02        -1.9668242940207702e-02         3.9995153428960162e-01         6.3682704782957855e-01         5.3623222984858798e-01        -1.1208535366877699e-01        -1.9415185711619071e-01        -1.1542058381123878e-01
9                                      2.4286886679807007e-01         1.2405148581548901e-03         1.9274988313629286e-02         1.7519636742118233e-01        -1.0964340782628670e-01         3.5707635755482298e-01         1.2117552165960184e-01        -4.8572212672275283e-01
10                                    -2.4666678662253086e-03         2.4356276367543298e-01        -1.9085383816277468e-01        -5.6483037416708579e-03        -6.3288880836636807e-02        -5.3351119181229045e-01        -3.5709428399757304e-01        -2.8037960810948598e-01
11                                    -3.4328533854261024e-02        -2.0193531021827655e-02         3.5151588870654549e-01        -6.6479136199203559e-01         5.3623318668166831e-01        -1.1208981143609346e-01         1.9415060314305160e-01        -1.1541539939665087e-01
12                                    -1.0320098164387294e-01        -7.8695080200690123e-04         7.1015325634482193e-04         1.9085108270218743e-02        -5.6346546988583107e-08        -1.2591658156326149e-09         5.6807681716235735e-04        -2.9612778026794300e-08
13                                     7.8694684812136888e-04        -1.0320089356234342e-01        -1.9085574502325890e-02         7.1015196391926332e-04        -1.0519183520878408e-07        -5.6776742465640992e-04        -4.4662951494463585e-08        -9.1555381901442238e-07
14                                     9.7543557782630563e-07        -1.7555033230205785e-05        -8.3620999138172449e-08        -8.1015947653480819e-08        -9.4680028445920557e-03        -6.6095927710026613e-07        -2.9790764899323047e-08        -7.0431674013352228e-05
15                                    -1.1492577331050448e-02        -8.7634099577137017e-05        -7.7645603206169875e-05        -2.0865503905098280e-03        -8.1383394625918972e-09        -2.1355406173404519e-09         1.1570419649812471e-04         6.8307148926607765e-09
16                                     8.7634523887007107e-05        -1.1492586353064226e-02         2.0864962951581286e-03        -7.7645173130011690e-05         6.1584384788085933e-08        -1.1573537696391251e-04         6.9701519340826886e-09        -1.8041743574447625e-08
17                                    -2.1659399488210241e-07         6.7386750155230785e-06         4.6793655316078756e-08         3.1878136583125521e-09        -3.7048368730809673e-03        -1.2640226204184294e-07        -3.2154136342788051e-09         7.5045091821662724e-05
                                                        16                          17

0                                      8.8619430828455151e-02         2.1435912049919049e-05
1                                     -2.1452421502418432e-05         8.8618359696559484e-02
2                                     -1.5857195137396916e-07        -2.3890619278796520e-05
3                                      5.6452103307747310e-02         9.8141861115428584e-06
4                                      1.7894686820936405e-04        -7.4514667037087534e-01
5                                     -4.8844442330354556e-05         2.0318097163561388e-01
6                                     -5.4447245563688018e-01         3.4636849085395732e-01
7                                      3.4693466954810376e-01        -1.4350589450747792e-01
8                                      1.7590122111770762e-01        -1.0140284468945342e-01
9                                     -5.4431791626279702e-01        -3.4662827701949273e-01
10                                    -3.4686369625285440e-01        -1.4366721449106096e-01
11                                    -1.7585040214669703e-01        -1.0148377517711114e-01
12                                    -1.1048813071658687e-03        -3.0422115549834820e-07
13                                     2.6066743973467566e-07        -1.1050090781552261e-03
14                                    -3.0057210658226782e-09        -1.0484521064088055e-08
15                                    -2.2225956393788792e-05         2.2427828198656147e-09
16                                     6.2517720964212416e-09        -2.2252310829105808e-05
17                                    -2.2548867478799080e-10        -7.5312609242862033e-08
$End
$THERMOCHEMISTRY_Energies
   &GeometryIndex 1
   &temperature [&Type "Double"]       2.9814999999999998e+02
   &pressure [&Type "Double"]       1.0000000000000000e+00
   &totalMass [&Type "Double"]       1.6093299999999999e+02
   &spinDegeneracy [&Type "Integer"] 1
   &elEnergy [&Type "Double"]      -1.2408315654450000e+01
   &transEnergy [&Type "Double"]       1.4162714244859817e-03
   &rotEnergy [&Type "Double"]       1.4162714244859817e-03
   &vibEnergy [&Type "Double"]       1.5895584953538129e-03
   &numOfFreqs [&Type "Integer"] 18
   &freqScalingFactor [&Type "Double"]       1.0000000000000000e+00
   &FREQ [&Type "ArrayOfDoubles", &Units "cm^-1", &Dim (18,1)] 
                                                         0

0                                      0.0000000000000000e+00
1                                      0.0000000000000000e+00
2                                      0.0000000000000000e+00
3                                      0.0000000000000000e+00
4                                      0.0000000000000000e+00
5                                      0.0000000000000000e+00
6                                     -2.1944832523046915e+02
7                                      2.3180511201248021e+02
8                                      2.4951725327559112e+02
9                                      2.4951873201788044e+02
10                                     9.9061969504649460e+02
11                                     9.9061997932071893e+02
12                                     1.2305436729844291e+03
13                                     1.4684451203712144e+03
14                                     1.4684753951972461e+03
15                                     2.4946167500300076e+03
16                                     2.5125520816323606e+03
17                                     2.5125786434199822e+03
   &zpe [&Type "Double"]       3.2804001914363189e-02
   &innerEnergyU [&Type "Double"]      -1.2371089551191313e+01
   &enthalpyH [&Type "Double"]      -1.2370145342149053e+01
   &qEl [&Type "Double"]       0.0000000000000000e+00
   &qRot [&Type "Double"]       1.0786895836252201e-02
   &qVib [&Type "Double"]       2.6641092951676230e-03
   &qTrans [&Type "Double"]       1.9545129475932437e-02
   &entropyS [&Type "Double"]       3.2996134607352262e-02
   &freeEnergyG [&Type "Double"]      -1.2403141476756405e+01
   &isLinear [&Type "Boolean"] false
$End
$Geometry
   &GeometryIndex 2
   &NAtoms [&Type "Integer"] 6
   &NCorelessECP [&Type "Integer"] 0
   &NGhostAtoms [&Type "Integer"] 0
   &CartesianCoordinates [&Type "Coordinates", &Dim(6,4), &Units "Bohr"] 
              C     -0.000000585606   -0.000004068284    0.539820259495
              H     -0.000000254630    2.022040251527    0.037553334169
              H      1.751141386626   -1.011027533983    0.037555537363
              H     -1.751141788330   -1.011027471886    0.037555853868
              F      0.000000624632    0.000009521811    4.254772486330
              I      0.000000617307    0.000009300816   -4.575572740198
$End
$Single_Point_Data
   &GeometryIndex 2
   &FinalEnergy [&Type "Double"]      -1.2414743247620001e+01  "Final single point energy"
   &Converged [&Type "Boolean"] true
$End
$Geometry
   &GeometryIndex 3
   &NAtoms [&Type "Integer"] 6
   &NCorelessECP [&Type "Integer"] 0
   &NGhostAtoms [&Type "Integer"] 0
   &CartesianCoordinates [&Type "Coordinates", &Dim(6,4), &Units "Bohr"] 
              C     -0.000000723530   -0.000005248935    0.412419223480
              H     -0.000000249325    2.022469997127    0.087889856658
              H      1.751515445012   -1.011245514937    0.087892977096
              H     -1.751516213029   -1.011245670457    0.087891917587
              F      0.000001169054    0.000013463636    4.228291810508
              I      0.000000571819    0.000012973565   -4.572701054304
$End
$Single_Point_Data
   &GeometryIndex 3
   &FinalEnergy [&Type "Double"]      -1.2418534498360000e+01  "Final single point energy"
   &Converged [&Type "Boolean"] true
$End
$Geometry
   &GeometryIndex 4
   &NAtoms [&Type "Integer"] 6
   &NCorelessECP [&Type "Integer"] 0
   &NGhostAtoms [&Type "Integer"] 0
   &CartesianCoordinates [&Type "Coordinates", &Dim(6,4), &Units "Bohr"] 
              C     -0.000000724899   -0.000005429170    0.325866968060
              H     -0.000000249901    2.026340182959    0.125478906426
              H      1.754866816027   -1.013180827695    0.125482459959
              H     -1.754867596284   -1.013180989615    0.125480860823
              F      0.000001282653    0.000013686391    4.198523064001
              I      0.000000472405    0.000013377128   -4.569147528243
$End
$Single_Point_Data
   &GeometryIndex 4
   &FinalEnergy [&Type "Double"]      -1.2420585727260001e+01  "Final single point energy"
   &Converged [&Type "Boolean"] true
$End
$Geometry
   &GeometryIndex 5
   &NAtoms [&Type "Integer"] 6
   &NCorelessECP [&Type "Integer"] 0
   &NGhostAtoms [&Type "Integer"] 0
   &CartesianCoordinates [&Type "Coordinates", &Dim(6,4), &Units "Bohr"] 
              C     -0.000000658654   -0.000005141950    0.267172202657
              H     -0.000000226853    2.026640315867    0.152316175981
              H      1.755126420024   -1.013330464063    0.152319562760
              H     -1.755127206625   -1.013330656260    0.152317829950
              F      0.000001261621    0.000013071699    4.173268163892
              I      0.000000410486    0.000012874707   -4.565709204214
$End
$Single_Point_Data
   &GeometryIndex 5
   &FinalEnergy [&Type "Double"]      -1.2421879572110001e+01  "Final single point energy"
   &Converged [&Type "Boolean"] true
$End
$Geometry
   &GeometryIndex 6
   &NAtoms [&Type "Integer"] 6
   &NCorelessECP [&Type "Integer"] 0
   &NGhostAtoms [&Type "Integer"] 0
   &CartesianCoordinates [&Type "Coordinates", &Dim(6,4), &Units "Bohr"] 
              C     -0.000000591491   -0.000004830195    0.222610370625
              H     -0.000000203789    2.025935563952    0.172983037630
              H      1.754515687565   -1.012977509745    0.172986302292
              H     -1.754516428364   -1.012977702129    0.172984567200
              F      0.000001185995    0.000012254137    4.152464132449
              I      0.000000350084    0.000012223979   -4.562343679170
$End
$Single_Point_Data
   &GeometryIndex 6
   &FinalEnergy [&Type "Double"]      -1.2422752306130000e+01  "Final single point energy"
   &Converged [&Type "Boolean"] true
$End
$Hessian
   &GeometryIndex 6
   &HESSIAN [&Type "ArrayOfDoubles", &Dim (18,18)] "The Hessian"
                                                         0                           1                           2                           3                           4                           5                           6                           7

0                                      5.7815596049999995e-01         2.1790000000000001e-07        -1.7200000000000000e-06        -4.2384163699999998e-02        -1.5300000000000000e-06         1.4359999999999999e-07        -2.5430716580000001e-01         1.2235549360000000e-01
1                                      2.1790000000000001e-07         5.7815877179999997e-01        -1.9672000000000000e-06        -1.5291999999999999e-06        -3.2496091770000002e-01         7.6514876000000004e-03         1.2235604180000000e-01        -1.1302240400000001e-01
2                                     -1.7200000000000000e-06        -1.9672000000000000e-06        -1.9235404899999999e-02         1.0470000000000000e-07         4.2166468000000004e-03        -8.0255377999999995e-03         3.6514097999999998e-03        -2.1078752000000000e-03
3                                     -4.2384163699999998e-02        -1.5291999999999999e-06         1.0470000000000000e-07         4.1672704999999997e-02         1.6576000000000000e-06        -2.3099999999999998e-08         2.0606549999999999e-04         2.3940790300000001e-02
4                                     -1.5300000000000000e-06        -3.2496091770000002e-01         4.2166468000000004e-03         1.6576000000000000e-06         3.4994407709999997e-01        -4.7447575000000002e-03        -1.1843190000000000e-04        -1.3549836700000000e-02
5                                      1.4359999999999999e-07         7.6514876000000004e-03        -8.0255377999999995e-03        -2.3099999999999998e-08        -4.7447575000000002e-03         3.8083881200000003e-02         6.9674560000000001e-04         3.4027020000000001e-04
6                                     -2.5430716580000001e-01         1.2235604180000000e-01         3.6514097999999998e-03         2.0606549999999999e-04        -1.1843190000000000e-04         6.9674560000000001e-04         2.7286695589999999e-01        -1.3348052860000001e-01
7                                      1.2235549360000000e-01        -1.1302240400000001e-01        -2.1078752000000000e-03         2.3940790300000001e-02        -1.3549836700000000e-02         3.4027020000000001e-04        -1.3348052860000001e-01         1.1873752910000000e-01
8                                      6.6259761000000000e-03        -3.8252253999999999e-03        -8.0261332000000005e-03         6.4302520000000005e-04         4.3328609999999999e-04        -3.9272569999999999e-04        -4.1085608999999997e-03         2.3719164000000001e-03
9                                     -2.5430993239999999e-01        -1.2235473110000000e-01        -3.6499271999999999e-03         2.0578940000000001e-04         1.1829630000000000e-04        -6.9674570000000005e-04        -2.0427232800000000e-02        -1.2029626700000001e-02
10                                    -1.2235418540000000e-01        -1.1301997090000000e-01        -2.1070635999999999e-03        -2.3940918900000000e-02        -1.3549577599999999e-02         3.4042879999999999e-04         1.2029895299999999e-02         7.0814802999999999e-03
11                                    -6.6245571999999997e-03        -3.8244630000000002e-03        -8.0260695999999996e-03        -6.4301870000000000e-04         4.3329339999999999e-04        -3.9272160000000000e-04         5.3693100000000003e-05        -7.7365550000000000e-04
12                                    -1.5379394399999999e-02         7.4000000000000001e-09         1.1310000000000000e-07         6.6308580000000005e-04         5.3000000000000003e-09         1.0999999999999999e-09         1.5130030000000000e-03        -4.9063039999999996e-04
13                                     3.1000000000000000e-09        -1.5379841999999999e-02         3.9270000000000002e-07         3.0199999999999999e-08         1.7968303000000000e-03         6.9517906000000004e-03        -4.9111629999999999e-04         9.4622369999999996e-04
14                                     1.4429999999999999e-07         2.8500000000000002e-07         3.2949035299999999e-02        -3.1300000000000002e-08        -1.0148000000000000e-04        -9.3110150000000006e-03        -8.7951100000000006e-05         5.0740800000000000e-05
15                                    -1.1775304300000001e-02        -6.6999999999999996e-09         1.9700000000000001e-08        -3.6348199999999999e-04         2.7000000000000002e-09        -1.2150000000000000e-07         1.4837410000000001e-04        -2.9549820000000001e-04
16                                     8.0000000000000003e-10        -1.1775637100000000e-02        -1.3350000000000000e-07        -2.9999999999999997e-08         3.1942460000000000e-04        -1.0539219700000000e-02        -2.9586009999999998e-04        -1.9299240000000001e-04
17                                     1.3200000000000001e-08        -1.1689999999999999e-07         1.0364110300000000e-02        -5.6799999999999999e-08        -2.3698879999999999e-04        -1.9961881099999999e-02        -2.0533640000000000e-04         1.1860320000000000e-04
                                                         8                           9                          10                          11                          12                          13                          14                          15

0                                      6.6259761000000000e-03        -2.5430993239999999e-01        -1.2235418540000000e-01        -6.6245571999999997e-03        -1.5379394399999999e-02         3.1000000000000000e-09         1.4429999999999999e-07        -1.1775304300000001e-02
1                                     -3.8252253999999999e-03        -1.2235473110000000e-01        -1.1301997090000000e-01        -3.8244630000000002e-03         7.4000000000000001e-09        -1.5379841999999999e-02         2.8500000000000002e-07        -6.6999999999999996e-09
2                                     -8.0261332000000005e-03        -3.6499271999999999e-03        -2.1070635999999999e-03        -8.0260695999999996e-03         1.1310000000000000e-07         3.9270000000000002e-07         3.2949035299999999e-02         1.9700000000000001e-08
3                                      6.4302520000000005e-04         2.0578940000000001e-04        -2.3940918900000000e-02        -6.4301870000000000e-04         6.6308580000000005e-04         3.0199999999999999e-08        -3.1300000000000002e-08        -3.6348199999999999e-04
4                                      4.3328609999999999e-04         1.1829630000000000e-04        -1.3549577599999999e-02         4.3329339999999999e-04         5.3000000000000003e-09         1.7968303000000000e-03        -1.0148000000000000e-04         2.7000000000000002e-09
5                                     -3.9272569999999999e-04        -6.9674570000000005e-04         3.4042879999999999e-04        -3.9272160000000000e-04         1.0999999999999999e-09         6.9517906000000004e-03        -9.3110150000000006e-03        -1.2150000000000000e-07
