
$orca_hessian_file

$act_atom
  0

$act_coord
  0

$act_energy
      -12.421927

$multiplicity
  1

$hessian
18
                    0                  1                  2                  3                  4        
    0      5.3453901460E-01   4.1840000000E-07  -1.7959000000E-06  -4.0877914700E-02  -1.6626000000E-06
    1      4.1840000000E-07   5.3454528100E-01   1.0089500000E-05  -1.7559000000E-06  -3.0118043710E-01
    2     -1.7959000000E-06   1.0089500000E-05   1.2610513320E-01  -2.8860000000E-07  -7.5975328800E-02
    3     -4.0877914700E-02  -1.7559000000E-06  -2.8860000000E-07   4.3941643200E-02   1.8448000000E-06
    4     -1.6626000000E-06  -3.0118043710E-01  -7.5975328800E-02   1.8448000000E-06   3.3311854150E-01
    5     -4.6190000000E-07  -8.4168332300E-02  -4.0702361800E-02   5.0310000000E-07   7.9917086900E-02
    6     -2.3609752110E-01   1.1271287760E-01  -6.5788012800E-02  -1.4092883000E-03   1.6808878000E-03
    7      1.1271270570E-01  -1.0595084620E-01   3.7982106100E-02   2.6183301800E-02  -1.7499703000E-02
    8     -7.2884801600E-02   4.2079551600E-02  -4.0700337000E-02   6.1815048000E-03  -3.0647161000E-03
    9     -2.3609938770E-01  -1.1271153490E-01   6.5790171300E-02  -1.4096179000E-03  -1.6810895000E-03
   10     -1.1271146650E-01  -1.0594869950E-01   3.7982307600E-02  -2.6183378700E-02  -1.7499389000E-02
   11      7.2886694600E-02   4.2079617200E-02  -4.0701328600E-02  -6.1815071000E-03  -3.0646359000E-03
   12     -5.4167417000E-03   4.9000000000E-09   1.1000000000E-09  -4.0220280000E-04   4.3000000000E-09
   13      3.9000000000E-09  -5.4170062000E-03   1.4486000000E-06   1.3000000000E-08   6.8221170000E-04
   14      1.8710000000E-07  -7.8100000000E-08   2.1710660300E-02  -6.8800000000E-08   1.3408990000E-04
   15     -1.6047449400E-02  -1.0200000000E-08  -7.5000000000E-08   1.5738060000E-04   1.5100000000E-08
   16      1.0000000000E-09  -1.6048292000E-02  -6.2300000000E-07  -2.4900000000E-08   2.3787760000E-03
   17      1.7770000000E-07  -8.4790000000E-07  -2.5711766200E-02  -1.4350000000E-07   2.0535040000E-03
                    5                  6                  7                  8                  9        
    0     -4.6190000000E-07  -2.3609752110E-01   1.1271270570E-01  -7.2884801600E-02  -2.3609938770E-01
    1     -8.4168332300E-02   1.1271287760E-01  -1.0595084620E-01   4.2079551600E-02  -1.1271153490E-01
    2     -4.0702361800E-02  -6.5788012800E-02   3.7982106100E-02  -4.0700337000E-02   6.5790171300E-02
    3      5.0310000000E-07  -1.4092883000E-03   2.6183301800E-02   6.1815048000E-03  -1.4096179000E-03
    4      7.9917086900E-02   1.6808878000E-03  -1.7499703000E-02  -3.0647161000E-03  -1.6810895000E-03
    5      6.2212139500E-02   4.3649060000E-04   6.8843097000E-03   2.9844270000E-03  -4.3638370000E-04
    6      4.3649060000E-04   2.6081800550E-01  -1.2521402080E-01   6.9201997400E-02  -2.5544279400E-02
    7      6.8843097000E-03  -1.2521402080E-01   1.1623605300E-01  -3.9953788500E-02  -1.2251748900E-02
    8      2.9844270000E-03   6.9201997400E-02  -3.9953788500E-02   6.2208645500E-02   5.7440198000E-03
    9     -4.3638370000E-04  -2.5544279400E-02  -1.2251748900E-02   5.7440198000E-03   2.6082012070E-01
   10      6.8844955000E-03   1.2252062900E-02   6.6344932000E-03  -3.8202622000E-03   1.2521256250E-01
   11      2.9844631000E-03  -5.7438595000E-03  -3.8201211000E-03   2.9836091000E-03  -6.9203897700E-02
   12     -1.7800000000E-08   4.1054510000E-04  -4.6909180000E-04   2.2028641000E-03   4.1055000000E-04
   13      2.5431093000E-03  -4.7000890000E-04  -1.3190860000E-04  -1.2719612000E-03   4.6999180000E-04
   14     -8.9734227000E-03   1.1577940000E-04  -6.6689500000E-05  -8.9715193000E-03  -1.1594230000E-04
   15     -1.3040000000E-07   1.8225382000E-03  -9.6114590000E-04  -1.0445584500E-02   1.8226143000E-03
   16     -1.2060669200E-02  -9.6179860000E-04   7.1191160000E-04   6.0311764000E-03   9.6181900000E-04
   17     -1.8505245200E-02   1.7776048000E-03  -1.0258167000E-03  -1.8504825400E-02  -1.7779674000E-03
                   10                 11                 12                 13                 14        
    0     -1.1271146650E-01   7.2886694600E-02  -5.4167417000E-03   3.9000000000E-09   1.8710000000E-07
    1     -1.0594869950E-01   4.2079617200E-02   4.9000000000E-09  -5.4170062000E-03  -7.8100000000E-08
    2      3.7982307600E-02  -4.0701328600E-02   1.1000000000E-09   1.4486000000E-06   2.1710660300E-02
    3     -2.6183378700E-02  -6.1815071000E-03  -4.0220280000E-04   1.3000000000E-08  -6.8800000000E-08
    4     -1.7499389000E-02  -3.0646359000E-03   4.3000000000E-09   6.8221170000E-04   1.3408990000E-04
    5      6.8844955000E-03   2.9844631000E-03  -1.7800000000E-08   2.5431093000E-03  -8.9734227000E-03
    6      1.2252062900E-02  -5.7438595000E-03   4.1054510000E-04  -4.7000890000E-04   1.1577940000E-04
    7      6.6344932000E-03  -3.8201211000E-03  -4.6909180000E-04  -1.3190860000E-04  -6.6689500000E-05
    8     -3.8202622000E-03   2.9836091000E-03   2.2028641000E-03  -1.2719612000E-03  -8.9715193000E-03
    9      1.2521256250E-01  -6.9203897700E-02   4.1055000000E-04   4.6999180000E-04  -1.1594230000E-04
   10      1.1623362210E-01  -3.9954016000E-02   4.6908740000E-04  -1.3191430000E-04  -6.6701700000E-05
   11     -3.9954016000E-02   6.2209564300E-02  -2.2029317000E-03  -1.2719195000E-03  -8.9714582000E-03
   12      4.6908740000E-04  -2.2029317000E-03   3.3003753000E-03  -3.9000000000E-09   8.1800000000E-08
   13     -1.3191430000E-04  -1.2719195000E-03  -3.9000000000E-09   3.3006737000E-03  -5.8500000000E-07
   14     -6.6701700000E-05  -8.9714582000E-03   8.1800000000E-08  -5.8500000000E-07   2.0307011000E-02
   15      9.6113240000E-04   1.0445501300E-02   1.6974741000E-03   4.0000000000E-09  -3.7200000000E-08
   16      7.1188740000E-04   6.0310754000E-03  -1.1000000000E-09   1.6979437000E-03  -3.5600000000E-08
   17     -1.0258231000E-03  -1.8504849700E-02   2.5000000000E-09  -9.2200000000E-08  -1.5101271100E-02
                   15                 16                 17        
     0     -1.6047449400E-02   1.0000000000E-09   1.7770000000E-07
     1     -1.0200000000E-08  -1.6048292000E-02  -8.4790000000E-07
     2     -7.5000000000E-08  -6.2300000000E-07  -2.5711766200E-02
     3      1.5738060000E-04  -2.4900000000E-08  -1.4350000000E-07
     4      1.5100000000E-08   2.3787760000E-03   2.0535040000E-03
     5     -1.3040000000E-07  -1.2060669200E-02  -1.8505245200E-02
     6      1.8225382000E-03  -9.6179860000E-04   1.7776048000E-03
     7     -9.6114590000E-04   7.1191160000E-04  -1.0258167000E-03
     8     -1.0445584500E-02   6.0311764000E-03  -1.8504825400E-02
     9      1.8226143000E-03   9.6181900000E-04  -1.7779674000E-03
    10      9.6113240000E-04   7.1188740000E-04  -1.0258231000E-03
    11      1.0445501300E-02   6.0310754000E-03  -1.8504849700E-02
    12      1.6974741000E-03  -1.1000000000E-09   2.5000000000E-09
    13      4.0000000000E-09   1.6979437000E-03  -9.2200000000E-08
    14     -3.7200000000E-08  -3.5600000000E-08  -1.5101271100E-02
    15      1.0547442300E-02   4.6000000000E-09   3.2580000000E-07
    16      4.6000000000E-09   1.0547773300E-02  -9.2400000000E-07
    17      3.2580000000E-07  -9.2400000000E-07   9.6327957700E-02

$vibrational_frequencies
18
    0        0.0000000000000000
    1        0.0000000000000000
    2        0.0000000000000000
    3        0.0000000000000000
    4        0.0000000000000000
    5        0.0000000000000000
    6      141.1723559663049912
    7      160.1932129494441028
    8      160.2021177352108623
    9      324.1262883616612385
   10      893.1182561197058476
   11      893.1280776439075453
   12     1179.6891165398465091
   13     1428.0424765244633818
   14     1428.0577928144111866
   15     3140.6998833290772382
   16     3172.6207718284672410
   17     3172.6608796616692416

$normal_modes
18 18
                    0                  1                  2                  3                  4        
    0      0.0000000000E+00   0.0000000000E+00   0.0000000000E+00   0.0000000000E+00   0.0000000000E+00
    1      0.0000000000E+00   0.0000000000E+00   0.0000000000E+00   0.0000000000E+00   0.0000000000E+00
    2      0.0000000000E+00   0.0000000000E+00   0.0000000000E+00   0.0000000000E+00   0.0000000000E+00
    3      0.0000000000E+00   0.0000000000E+00   0.0000000000E+00   0.0000000000E+00   0.0000000000E+00
    4      0.0000000000E+00   0.0000000000E+00   0.0000000000E+00   0.0000000000E+00   0.0000000000E+00
    5      0.0000000000E+00   0.0000000000E+00   0.0000000000E+00   0.0000000000E+00   0.0000000000E+00
    6      0.0000000000E+00   0.0000000000E+00   0.0000000000E+00   0.0000000000E+00   0.0000000000E+00
    7      0.0000000000E+00   0.0000000000E+00   0.0000000000E+00   0.0000000000E+00   0.0000000000E+00
    8      0.0000000000E+00   0.0000000000E+00   0.0000000000E+00   0.0000000000E+00   0.0000000000E+00
    9      0.0000000000E+00   0.0000000000E+00   0.0000000000E+00   0.0000000000E+00   0.0000000000E+00
   10      0.0000000000E+00   0.0000000000E+00   0.0000000000E+00   0.0000000000E+00   0.0000000000E+00
   11      0.0000000000E+00   0.0000000000E+00   0.0000000000E+00   0.0000000000E+00   0.0000000000E+00
   12      0.0000000000E+00   0.0000000000E+00   0.0000000000E+00   0.0000000000E+00   0.0000000000E+00
   13      0.0000000000E+00   0.0000000000E+00   0.0000000000E+00   0.0000000000E+00   0.0000000000E+00
   14      0.0000000000E+00   0.0000000000E+00   0.0000000000E+00   0.0000000000E+00   0.0000000000E+00
   15      0.0000000000E+00   0.0000000000E+00   0.0000000000E+00   0.0000000000E+00   0.0000000000E+00
   16      0.0000000000E+00   0.0000000000E+00   0.0000000000E+00   0.0000000000E+00   0.0000000000E+00
   17      0.0000000000E+00   0.0000000000E+00   0.0000000000E+00   0.0000000000E+00   0.0000000000E+00
                    5                  6                  7                  8                  9        
    0      0.0000000000E+00  -2.6603009494E-05   4.4717852027E-01  -3.1778249159E-03   5.1268082712E-06
    1      0.0000000000E+00   5.5473234122E-04   3.1777874695E-03   4.4718171182E-01  -4.3051111818E-05
    2      0.0000000000E+00   3.9711091282E-01   1.3381502946E-06  -8.0520572800E-05   7.4206199805E-01
    3      0.0000000000E+00  -3.1857386442E-05   4.9359618056E-01  -3.5091343896E-03   2.1436318149E-06
    4      0.0000000000E+00   7.1530649197E-02   3.5164198863E-03   4.9472953611E-01   8.4970213604E-02
    5      0.0000000000E+00   6.8666249778E-02  -1.0446636388E-03  -1.4665172184E-01   3.6390976036E-01
    6      0.0000000000E+00   6.1365437856E-02   4.9435976728E-01  -4.0782046169E-03   7.3615514383E-02
    7      0.0000000000E+00  -3.4810897894E-02   2.8660860145E-03   4.9379873060E-01  -4.2522323541E-02
    8      0.0000000000E+00   6.9033822423E-02  -1.2647162945E-01   7.4220159908E-02   3.6395501945E-01
    9      0.0000000000E+00  -6.1428062590E-02   4.9436745884E-01  -2.9464013852E-03  -7.3609604155E-02
   10      0.0000000000E+00  -3.4810298218E-02   4.1512539588E-03   4.9378783243E-01  -4.2521382165E-02
   11      0.0000000000E+00   6.9018036551E-02   1.2751130275E-01   7.2414596449E-02   3.6395448932E-01
   12      0.0000000000E+00   1.1182930958E-05  -1.8603614202E-01   1.3220453344E-03  -1.8779546004E-06
   13      0.0000000000E+00  -2.4025700181E-04  -1.3220446674E-03  -1.8603708360E-01   1.0911731692E-05
   14      0.0000000000E+00  -8.9663426294E-01  -1.0437805312E-05   2.4657533599E-04   1.4237018475E-01
   15      0.0000000000E+00   1.5942742480E-06  -2.6248452126E-02   1.8652993000E-04  -2.6807725100E-07
   16      0.0000000000E+00  -3.1703832456E-05  -1.8652664022E-04  -2.6248555195E-02   3.0249477080E-06
   17      0.0000000000E+00   9.5005411346E-02   1.4756120290E-06  -2.9158427315E-05  -1.0022229513E-01
                   10                 11                 12                 13                 14        
    0     -6.1624290697E-04   8.5336603646E-02  -1.2093815461E-07  -7.7464887993E-02  -1.4560749899E-03
    1     -8.5334691871E-02  -6.1622126606E-04   9.4143926654E-07   1.4560641485E-03  -7.7466183701E-02
    2     -6.5336726308E-06  -4.8492148654E-07  -6.5560876542E-02   4.1953846795E-07  -1.7784445227E-06
    3      1.7037070650E-03  -2.3617485495E-01   1.1941945463E-06   7.5574951380E-01   1.4201231281E-02
    4      1.4890230677E-01   1.0760443063E-03  -1.5292749220E-01   2.1289201947E-03  -1.1351257056E-01
    5     -7.6409244693E-01  -5.5139632700E-03   5.5533072666E-01  -5.2631755970E-03   2.7995910623E-01
    6      3.9018955772E-02  -1.7043282442E-01  -1.3243797144E-01   9.6725389208E-02   3.7835224502E-01
    7      2.1459985896E-01  -3.6256420815E-02   7.6453016859E-02   3.6628340896E-01   5.4551848813E-01
    8      3.7725370948E-01   6.6446323578E-01   5.5536262699E-01   2.4510160853E-01  -1.3540951022E-01
    9     -3.6551811909E-02  -1.7098273831E-01   1.3244116376E-01   1.1086558055E-01  -3.7444633633E-01
   10      2.1405721822E-01   3.9352093794E-02   7.6453481204E-02  -3.8652013131E-01   5.3137562909E-01
   11      3.8680456421E-01  -6.5894984825E-01   5.5536041918E-01  -2.3984124593E-01  -1.4451897213E-01
   12     -3.0792120489E-05   4.2729191695E-03  -7.1234724956E-08   6.2569040198E-04   1.1710019153E-05
   13     -4.2727314570E-03  -3.0814846498E-05  -6.1798416311E-07  -1.1746856875E-05   6.2455646188E-04
   14      3.2134588260E-06   4.6783041172E-08  -1.6694417641E-02  -3.6010756611E-08  -4.6744319652E-07
   15      2.9806655047E-05  -4.1287921495E-03  -1.2732118704E-08  -4.1373762016E-04  -7.7663304244E-06
   16      4.1288296081E-03   2.9801127319E-05   1.7017281258E-07   7.7781314329E-06  -4.1377139692E-04
   17      4.0877288031E-07   4.3466938648E-08  -4.5293141727E-03  -1.1973533448E-08  -4.9448065394E-09
                   15                 16                 17        
     0      3.7155747680E-06  -9.3592944791E-02   2.1893159715E-03
     1     -6.5300620628E-05   2.1892858476E-03   9.3592102219E-02
     2      3.3182502121E-02   2.3605891495E-06   2.6431879631E-05
     3      1.1174334943E-06  -4.1327824264E-02   9.6182090613E-04
     4     -5.5960529398E-01  -1.8288017609E-02  -7.8100578407E-01
     5     -1.3840245751E-01  -5.2081962668E-03  -2.2246065280E-01
     6     -4.8537762252E-01   5.8340086535E-01   3.4208865328E-01
     7      2.8020385671E-01  -3.5972861928E-01  -1.5561156275E-01
     8     -1.3862926002E-01   1.9514379636E-01   1.0656120257E-01
     9      4.8533260322E-01   5.6681381614E-01  -3.6898946625E-01
    10      2.8017657434E-01   3.5207844849E-01  -1.7225390518E-01
    11     -1.3861771914E-01  -1.8996427153E-01   1.1556990429E-01
    12      2.4882490161E-08   3.0112759504E-04  -7.0479463722E-06
    13      2.4491326403E-07  -7.0071746611E-06  -3.0123344339E-04
    14      5.9729365523E-04   2.4073420894E-08   4.8278754967E-07
    15     -6.6777036786E-09   5.2489026657E-06  -1.2193262330E-07
    16     -1.3122764681E-08  -1.3156898056E-07  -5.2772637539E-06
    17      7.1491050595E-05   7.1251556659E-10   4.3632773388E-08

#
# The atoms: label  mass x y z (in bohrs)
#
$atoms
6
 C     12.01100     -0.000000893402    -0.000073415113     2.822617184245
 H      1.00800     -0.000000422808     1.947133992991     3.388520623847
 H      1.00800      1.686339777123    -0.973696659130     3.388471040547
 H      1.00800     -1.686341002631    -0.973696878402     3.388470309454
 F     18.99800      0.000000507587     0.000041081113     7.185963012739
 I    126.90000      0.000000021663     0.000002860133    -1.423705011707

$actual_temperature
  0.000000

$frequency_scale_factor
  1.000000


$end

