
$orca_hessian_file

$act_atom
  0

$act_coord
  0

$act_energy
      -12.416277

$multiplicity
  1

$hessian
18
                    0                  1                  2                  3                  4        
    0      4.7903707540E-01  -4.4000000000E-09  -8.2230000000E-07  -4.0399501100E-02  -1.6217000000E-06
    1     -4.4000000000E-09   4.7903951900E-01   2.1830500000E-05  -1.6975000000E-06  -2.6681083250E-01
    2     -8.2230000000E-07   2.1830500000E-05   2.5908355240E-01  -5.3950000000E-07  -9.0463919200E-02
    3     -4.0399501100E-02  -1.6975000000E-06  -5.3950000000E-07   4.6285846200E-02   1.8157000000E-06
    4     -1.6217000000E-06  -2.6681083250E-01  -9.0463919200E-02   1.8157000000E-06   3.0500796750E-01
    5     -6.7470000000E-07  -1.0276659250E-01  -6.4941609600E-02   6.6610000000E-07   9.6704646100E-02
    6     -2.1021317880E-01   9.8048968200E-02  -7.8326562400E-02  -2.5486912000E-03   3.5566764000E-03
    7      9.8048553400E-02  -9.7009383800E-02   4.5214082900E-02   2.8193845700E-02  -2.0884485700E-02
    8     -8.8978458700E-02   5.1373509000E-02  -6.4928196700E-02   7.4115027000E-03  -4.3348724000E-03
    9     -2.1021358200E-01  -9.8047244900E-02   7.8328398200E-02  -2.5490694000E-03  -3.5569129000E-03
   10     -9.8046922600E-02  -9.7007320900E-02   4.5214125200E-02  -2.8193944000E-02  -2.0884123100E-02
   11      8.8980227200E-02   5.1373402400E-02  -6.4929614000E-02  -7.4114801000E-03  -4.3347632000E-03
   12     -6.1685640000E-04  -3.9000000000E-09  -1.2930000000E-07  -1.2901663000E-03   1.2600000000E-08
   13     -2.7000000000E-09  -6.1724580000E-04   9.0275000000E-06   1.2700000000E-08  -2.2662500000E-05
   14      1.0200000000E-08  -1.1805000000E-06   1.0960564700E-02  -3.9500000000E-08  -1.4292000000E-04
   15     -1.7593957200E-02  -1.7600000000E-08  -3.4480000000E-07   5.0158180000E-04   2.9800000000E-08
   16     -2.1000000000E-09  -1.7594735900E-02   4.8530000000E-06  -3.2600000000E-08   3.5941363000E-03
   17     -2.8180000000E-07  -9.6890000000E-07  -7.5244696800E-02  -1.0970000000E-07   2.5718287000E-03
                    5                  6                  7                  8                  9        
    0     -6.7470000000E-07  -2.1021317880E-01   9.8048553400E-02  -8.8978458700E-02  -2.1021358200E-01
    1     -1.0276659250E-01   9.8048968200E-02  -9.7009383800E-02   5.1373509000E-02  -9.8047244900E-02
    2     -6.4941609600E-02  -7.8326562400E-02   4.5214082900E-02  -6.4928196700E-02   7.8328398200E-02
    3      6.6610000000E-07  -2.5486912000E-03   2.8193845700E-02   7.4115027000E-03  -2.5490694000E-03
    4      9.6704646100E-02   3.5566764000E-03  -2.0884485700E-02  -4.3348724000E-03  -3.5569129000E-03
    5      7.8652651500E-02  -4.8256300000E-05   8.5821776000E-03   5.0327390000E-03   4.8422600000E-05
    6     -4.8256300000E-05   2.4033147310E-01  -1.1203904570E-01   8.3726796900E-02  -3.0047045800E-02
    7      8.5821776000E-03  -1.1203904570E-01   1.1097664190E-01  -4.8341574500E-02  -1.2318459900E-02
    8      5.0327390000E-03   8.3726796900E-02  -4.8341574500E-02   7.8637420700E-02   7.4571598000E-03
    9      4.8422600000E-05  -3.0047045800E-02  -1.2318459900E-02   7.4571598000E-03   2.4033217400E-01
   10      8.5824232000E-03   1.2318802300E-02   6.6202966000E-03  -4.2504319000E-03   1.1203720530E-01
   11      5.0327966000E-03  -7.4568966000E-03  -4.2502501000E-03   5.0316844000E-03  -8.3728667300E-02
   12     -1.3400000000E-08  -3.4096190000E-04  -5.4778760000E-04   5.1069650000E-04  -3.4097960000E-04
   13      5.8867730000E-04  -5.4777260000E-04  -9.7516820000E-04  -2.9502240000E-04   5.4775590000E-04
   14     -6.6899984000E-03  -1.2338470000E-04   7.4086600000E-05  -6.6858920000E-03   1.2328760000E-04
   15     -1.4430000000E-07   2.8184046000E-03  -1.3371059000E-03  -1.0127697200E-02   2.8185030000E-03
   16     -1.1691331600E-02  -1.3376286000E-03   1.2720993000E-03   5.8483922000E-03   1.3376565000E-03
   17     -1.7086579000E-02   2.2283030000E-03  -1.2785224000E-03  -1.7087755300E-02  -2.2286009000E-03
                   10                 11                 12                 13                 14        
    0     -9.8046922600E-02   8.8980227200E-02  -6.1685640000E-04  -2.7000000000E-09   1.0200000000E-08
    1     -9.7007320900E-02   5.1373402400E-02  -3.9000000000E-09  -6.1724580000E-04  -1.1805000000E-06
    2      4.5214125200E-02  -6.4929614000E-02  -1.2930000000E-07   9.0275000000E-06   1.0960564700E-02
    3     -2.8193944000E-02  -7.4114801000E-03  -1.2901663000E-03   1.2700000000E-08  -3.9500000000E-08
    4     -2.0884123100E-02  -4.3347632000E-03   1.2600000000E-08  -2.2662500000E-05  -1.4292000000E-04
    5      8.5824232000E-03   5.0327966000E-03  -1.3400000000E-08   5.8867730000E-04  -6.6899984000E-03
    6      1.2318802300E-02  -7.4568966000E-03  -3.4096190000E-04  -5.4777260000E-04  -1.2338470000E-04
    7      6.6202966000E-03  -4.2502501000E-03  -5.4778760000E-04  -9.7516820000E-04   7.4086600000E-05
    8     -4.2504319000E-03   5.0316844000E-03   5.1069650000E-04  -2.9502240000E-04  -6.6858920000E-03
    9      1.1203720530E-01  -8.3728667300E-02  -3.4097960000E-04   5.4775590000E-04   1.2328760000E-04
   10      1.1097427420E-01  -4.8341669000E-02   5.4777740000E-04  -9.7519530000E-04   7.4073600000E-05
   11     -4.8341669000E-02   7.8638825300E-02  -5.1073900000E-04  -2.9500460000E-04  -6.6859404000E-03
   12      5.4777740000E-04  -5.1073900000E-04   1.5928488000E-03   3.0000000000E-10   1.2710000000E-07
   13     -9.7519530000E-04  -2.9500460000E-04   3.0000000000E-10   1.5933222000E-03  -2.6274000000E-06
   14      7.4073600000E-05  -6.6859404000E-03   1.2710000000E-07  -2.6274000000E-06   2.1942300300E-02
   15      1.3370817000E-03   1.0127555700E-02   9.9611540000E-04   6.5000000000E-09  -7.0000000000E-10
   16      1.2720685000E-03   5.8482846000E-03   1.2000000000E-09   9.9694950000E-04  -1.4323000000E-06
   17     -1.2785211000E-03  -1.7087752000E-02   5.8100000000E-08  -5.0504000000E-06  -1.2841034200E-02
                   15                 16                 17        
     0     -1.7593957200E-02  -2.1000000000E-09  -2.8180000000E-07
     1     -1.7600000000E-08  -1.7594735900E-02  -9.6890000000E-07
     2     -3.4480000000E-07   4.8530000000E-06  -7.5244696800E-02
     3      5.0158180000E-04  -3.2600000000E-08  -1.0970000000E-07
     4      2.9800000000E-08   3.5941363000E-03   2.5718287000E-03
     5     -1.4430000000E-07  -1.1691331600E-02  -1.7086579000E-02
     6      2.8184046000E-03  -1.3376286000E-03   2.2283030000E-03
     7     -1.3371059000E-03   1.2720993000E-03  -1.2785224000E-03
     8     -1.0127697200E-02   5.8483922000E-03  -1.7087755300E-02
     9      2.8185030000E-03   1.3376565000E-03  -2.2286009000E-03
    10      1.3370817000E-03   1.2720685000E-03  -1.2785211000E-03
    11      1.0127555700E-02   5.8482846000E-03  -1.7087752000E-02
    12      9.9611540000E-04   1.2000000000E-09   5.8100000000E-08
    13      6.5000000000E-09   9.9694950000E-04  -5.0504000000E-06
    14     -7.0000000000E-10  -1.4323000000E-06  -1.2841034200E-02
    15      1.0459352500E-02   5.6000000000E-09   6.3130000000E-07
    16      5.6000000000E-09   1.0459482300E-02  -8.7659000000E-06
    17      6.3130000000E-07  -8.7659000000E-06   1.3934781720E-01

$vibrational_frequencies
18
    0        0.0000000000000000
    1        0.0000000000000000
    2        0.0000000000000000
    3        0.0000000000000000
    4        0.0000000000000000
    5        0.0000000000000000
    6      116.0177376681145347
    7      116.0348008305584244
    8      177.4246487291083270
    9      487.2440752096318306
   10      837.9794019264396638
   11      838.0187885028275332
   12     1313.1650827104192558
   13     1481.1365046611019807
   14     1481.1526083121602824
   15     3088.6895189098863739
   16     3088.7098731007122296
   17     3109.1231269893105491

$normal_modes
18 18
                    0                  1                  2                  3                  4        
    0      0.0000000000E+00   0.0000000000E+00   0.0000000000E+00   0.0000000000E+00   0.0000000000E+00
    1      0.0000000000E+00   0.0000000000E+00   0.0000000000E+00   0.0000000000E+00   0.0000000000E+00
    2      0.0000000000E+00   0.0000000000E+00   0.0000000000E+00   0.0000000000E+00   0.0000000000E+00
    3      0.0000000000E+00   0.0000000000E+00   0.0000000000E+00   0.0000000000E+00   0.0000000000E+00
    4      0.0000000000E+00   0.0000000000E+00   0.0000000000E+00   0.0000000000E+00   0.0000000000E+00
    5      0.0000000000E+00   0.0000000000E+00   0.0000000000E+00   0.0000000000E+00   0.0000000000E+00
    6      0.0000000000E+00   0.0000000000E+00   0.0000000000E+00   0.0000000000E+00   0.0000000000E+00
    7      0.0000000000E+00   0.0000000000E+00   0.0000000000E+00   0.0000000000E+00   0.0000000000E+00
    8      0.0000000000E+00   0.0000000000E+00   0.0000000000E+00   0.0000000000E+00   0.0000000000E+00
    9      0.0000000000E+00   0.0000000000E+00   0.0000000000E+00   0.0000000000E+00   0.0000000000E+00
   10      0.0000000000E+00   0.0000000000E+00   0.0000000000E+00   0.0000000000E+00   0.0000000000E+00
   11      0.0000000000E+00   0.0000000000E+00   0.0000000000E+00   0.0000000000E+00   0.0000000000E+00
   12      0.0000000000E+00   0.0000000000E+00   0.0000000000E+00   0.0000000000E+00   0.0000000000E+00
   13      0.0000000000E+00   0.0000000000E+00   0.0000000000E+00   0.0000000000E+00   0.0000000000E+00
   14      0.0000000000E+00   0.0000000000E+00   0.0000000000E+00   0.0000000000E+00   0.0000000000E+00
   15      0.0000000000E+00   0.0000000000E+00   0.0000000000E+00   0.0000000000E+00   0.0000000000E+00
   16      0.0000000000E+00   0.0000000000E+00   0.0000000000E+00   0.0000000000E+00   0.0000000000E+00
   17      0.0000000000E+00   0.0000000000E+00   0.0000000000E+00   0.0000000000E+00   0.0000000000E+00
                    5                  6                  7                  8                  9        
    0      0.0000000000E+00   4.2737918831E-01  -8.4195509870E-04   1.4070602829E-05   4.2281504303E-06
    1      0.0000000000E+00  -8.4200684754E-04  -4.2737902185E-01  -6.5514797560E-04  -1.4532004300E-04
    2      0.0000000000E+00  -4.1867469194E-06  -1.3002824338E-04   1.3477782435E-01   6.3804289550E-01
    3      0.0000000000E+00   4.8787887659E-01  -9.6502918695E-04   1.5113150507E-05   2.7562083290E-06
    4      0.0000000000E+00  -9.9116774303E-04  -5.0299076571E-01   2.9007480798E-02   5.9600340025E-02
    5      0.0000000000E+00   3.5575306292E-04   1.8264235545E-01   2.1443923195E-02   4.3855435831E-01
    6      0.0000000000E+00   4.9896803707E-01   5.6623684635E-03   2.5775254005E-02   5.1727916856E-02
    7      0.0000000000E+00  -7.8700093581E-03  -4.9137773441E-01  -1.5531047252E-02  -2.9843343268E-02
    8      0.0000000000E+00  -1.5839669677E-01  -9.1105730331E-02   2.1212502075E-02   4.3872599344E-01
    9      0.0000000000E+00   4.9894384721E-01  -7.6248366265E-03  -2.5744405051E-02  -5.1721896262E-02
   10      0.0000000000E+00   5.9340955466E-03  -4.9141241816E-01  -1.5530675758E-02  -2.9843044564E-02
   11      0.0000000000E+00   1.5803123942E-01  -9.1727970256E-02   2.1221002713E-02   4.3872608212E-01
   12      0.0000000000E+00  -1.7482711337E-01   3.4441849543E-04  -5.4225789979E-06  -1.3815237318E-06
   13      0.0000000000E+00   3.4441620164E-04   1.7482706638E-01   2.4304196718E-04   3.3508226553E-05
   14      0.0000000000E+00   6.1008504507E-06   2.5503062666E-04  -9.7980715253E-01  -6.2878754634E-03
   15      0.0000000000E+00  -2.6080086824E-02   5.1382012947E-05  -8.8505638764E-07  -2.6308229576E-07
   16      0.0000000000E+00   5.1383951569E-05   2.6079999922E-02   4.1941270227E-05   9.4214809927E-06
   17      0.0000000000E+00  -4.3999229601E-07  -2.4353244431E-05   1.3342136634E-01  -6.9902369150E-02
                   10                 11                 12                 13                 14        
    0      4.0215624446E-04   1.0561638852E-01   3.2276411561E-07  -7.1078200772E-02   3.8655182242E-04
    1      1.0561616283E-01  -4.0210032743E-04  -9.4969792592E-06   3.8652395770E-04   7.1078866089E-02
    2      2.9719215847E-05  -6.7952895951E-07   9.1158103813E-02   4.1398582783E-07   2.3703667306E-05
    3     -9.8215222691E-04  -2.5846991998E-01  -1.5827229716E-06   7.4402678705E-01  -4.0421882369E-03
    4     -2.0431590835E-01   7.7848733743E-04   2.0810219940E-01   7.3909391702E-04   1.3680313510E-01
    5      7.4213216375E-01  -2.8212494061E-03  -5.3583910356E-01  -1.6417713543E-03  -3.0166896752E-01
    6     -2.4298481331E-02  -2.1770806000E-01   1.8025229809E-01   8.1345162900E-02  -3.8184455384E-01
    7     -2.4494823350E-01  -2.2566521188E-02  -1.0398980068E-01   3.7853865681E-01  -5.2592027497E-01
    8     -3.6855684893E-01   6.4406912696E-01  -5.3598149587E-01   2.6208239408E-01   1.4932359397E-01
    9      2.2637745189E-02  -2.1789217591E-01  -1.8025658378E-01   8.5483142466E-02   3.8093360626E-01
   10     -2.4477242581E-01   2.4431213339E-02  -1.0399044786E-01  -3.8423122396E-01  -5.2177935963E-01
   11     -3.7344463933E-01  -6.4124638630E-01  -5.3597969843E-01  -2.6044430487E-01   1.5215887369E-01
   12      8.2177225780E-06   2.1740808476E-03   4.5858519470E-08  -7.1358846610E-04   3.9232435064E-06
   13      2.1732230567E-03  -8.2369277419E-06   1.8084743485E-06   3.8904433533E-06   7.1487985592E-04
   14     -1.0270673802E-05   1.2797179574E-07   9.5469763927E-03  -1.3970419935E-09  -2.7406781468E-07
   15     -1.8300925690E-05  -4.8088172838E-03   9.1994981980E-09  -4.0082671401E-04   2.1698438585E-06
   16     -4.8089343036E-03   1.8296195911E-05  -3.4054885935E-07   2.1800718812E-06   4.0089931754E-04
   17     -2.3132871209E-06   3.3313073258E-08   2.7138633399E-03  -9.7260541176E-09  -7.2108865080E-07
                   15                 16                 17        
     0      8.9510894158E-02   1.1119611764E-03  -1.9257241936E-06
     1      1.1119489435E-03  -8.9510600414E-02  -5.2583086749E-05
     2     -1.6081318532E-06   2.3721882548E-05  -4.4501137596E-02
     3      4.7547325297E-02   5.9578793208E-04  -7.7647472911E-08
     4     -9.3928521725E-03   7.5665658452E-01   5.4765875103E-01
     5     -3.6371880078E-03   2.9294178441E-01   1.8254408605E-01
     6     -5.5154585686E-01  -3.5561855561E-01   4.7368028522E-01
     7      3.4649581573E-01   1.5811443078E-01  -2.7352948703E-01
     8     -2.5191051350E-01  -1.4976973237E-01   1.8222903154E-01
     9     -5.6023396873E-01   3.4180217946E-01  -4.7365751136E-01
    10     -3.5032360688E-01   1.4944994870E-01  -2.7351624769E-01
    11      2.5556709234E-01  -1.4346588865E-01   1.8222350315E-01
    12     -5.5188848541E-05  -6.8822754843E-07  -3.3753393557E-08
    13     -7.2906077195E-07   5.5281946505E-05   2.2857666436E-07
    14     -1.4799132650E-08   2.6245358442E-07  -6.3234453939E-04
    15     -1.0405923535E-05  -1.2874564824E-07   7.0397368590E-09
    16     -1.2103694170E-07   1.0455819009E-05   7.3384745566E-08
    17      3.9761873529E-10   4.9469435244E-08  -3.8267521506E-05

#
# The atoms: label  mass x y z (in bohrs)
#
$atoms
6
 C     12.01100      0.000002353677    -0.000175053767     2.647702144431
 H      1.00800      0.000003465870     1.887783884684     3.428133608013
 H      1.00800      1.635075097294    -0.944231419892     3.427936416684
 H      1.00800     -1.635068777835    -0.944231773053     3.427939834708
 F     18.99800     -0.000001793113     0.000127384748     7.200060970575
 I    126.90000     -0.000000032057     0.000002894075    -1.410201660473

$actual_temperature
  0.000000

$frequency_scale_factor
  1.000000


$end

