
$orca_hessian_file

$act_atom
  0

$act_coord
  0

$act_energy
      -12.412793

$multiplicity
  1

$hessian
18
                    0                  1                  2                  3                  4        
    0      5.0182884540E-01  -2.8461379200E-02  -9.3370128000E-03  -4.0267885800E-02   4.4526144000E-03
    1     -2.8461379200E-02   4.3883998170E-01   8.4036384000E-03   4.6830547000E-03  -2.3618082290E-01
    2     -9.3370128000E-03   8.4036384000E-03   2.9343980090E-01   1.4400893000E-03  -9.4920369900E-02
    3     -4.0267885800E-02   4.6830547000E-03   1.4400893000E-03   4.9386950700E-02  -1.7330191000E-03
    4      4.4526144000E-03  -2.3618082290E-01  -9.4920369900E-02  -1.7330191000E-03   2.7754296590E-01
    5      9.2287560000E-04  -1.0721830760E-01  -7.8088480400E-02  -2.1841414000E-03   1.0364940710E-01
    6     -2.3949951180E-01   1.1093902810E-01  -6.9331169900E-02  -2.6913095000E-03   3.5587332000E-03
    7      1.1042069630E-01  -1.0117978960E-01   3.8766051600E-02   2.7859313300E-02  -1.9334522900E-02
    8     -7.9290442900E-02   4.4657848200E-02  -5.6936466100E-02   9.1370293000E-03  -5.6776504000E-03
    9     -2.0580779670E-01  -8.7332280600E-02   8.1578522900E-02  -5.1780291000E-03  -6.2932665000E-03
   10     -8.6614713600E-02  -8.5634777900E-02   4.3982720800E-02  -3.0622219100E-02  -2.5718194700E-02
   11      9.1739226200E-02   5.0672954700E-02  -7.3334458300E-02  -7.7962597000E-03  -5.7797439000E-03
   12      1.1620095000E-03  -1.9964990000E-04  -1.3026063000E-03  -1.8613198000E-03   7.4446000000E-05
   13     -1.7893050000E-04   9.4690010000E-04   1.2313489000E-03   4.5987580000E-04  -9.4491780000E-04
   14     -5.0717230000E-04   4.9244550000E-04   8.5045228000E-03  -9.6017100000E-05  -3.9350750000E-04
   15     -1.7415660600E-02   3.7122700000E-04  -3.0478232000E-03   6.1159350000E-04  -5.9508100000E-05
   16      3.8171250000E-04  -1.6791491300E-02   2.5366101000E-03  -6.4700560000E-04   4.6354925000E-03
   17     -3.5274738000E-03   2.9914208000E-03  -9.3584918800E-02  -5.0070030000E-04   3.1218646000E-03
                    5                  6                  7                  8                  9        
    0      9.2287560000E-04  -2.3949951180E-01   1.1042069630E-01  -7.9290442900E-02  -2.0580779670E-01
    1     -1.0721830760E-01   1.1093902810E-01  -1.0117978960E-01   4.4657848200E-02  -8.7332280600E-02
    2     -7.8088480400E-02  -6.9331169900E-02   3.8766051600E-02  -5.6936466100E-02   8.1578522900E-02
    3     -2.1841414000E-03  -2.6913095000E-03   2.7859313300E-02   9.1370293000E-03  -5.1780291000E-03
    4      1.0364940710E-01   3.5587332000E-03  -1.9334522900E-02  -5.6776504000E-03  -6.2932665000E-03
    5      8.5307745400E-02   6.3698060000E-04   6.7330686000E-03   4.9776580000E-03   7.2497690000E-04
    6      6.3698060000E-04   2.6529324620E-01  -1.2515958880E-01   7.4806139600E-02  -2.5252625300E-02
    7      6.7330686000E-03  -1.2515958880E-01   1.1268725540E-01  -4.1331297900E-02  -1.1601306300E-02
    8      4.9776580000E-03   7.4806139600E-02  -4.1331297900E-02   7.0180728500E-02   8.4674193000E-03
    9      7.2497690000E-04  -2.5252625300E-02  -1.1601306300E-02   8.4674193000E-03   2.3383593660E-01
   10      8.3610496000E-03   1.2270515400E-02   7.5362291000E-03  -5.2208411000E-03   1.0321254610E-01
   11      6.8642773000E-03  -5.8892275000E-03  -4.4097581000E-03   4.5098667000E-03  -8.8549782100E-02
   12     -3.9333360000E-04   6.4639350000E-04  -9.0407560000E-04  -1.5766610000E-04  -1.0389563000E-03
   13     -1.0714714000E-03  -8.1873840000E-04  -1.7155390000E-04   3.6684610000E-04   3.9678690000E-04
   14     -4.4198184000E-03  -7.6318580000E-04   4.1317430000E-04  -2.2099396000E-03   4.5161110000E-04
   15      2.9264200000E-04   1.5038069000E-03  -6.1503880000E-04  -1.2962479200E-02   3.4414707000E-03
   16     -1.0453746300E-02  -7.8994950000E-04   4.6238180000E-04   7.2050952000E-03   1.6175204000E-03
   17     -1.4641381900E-02   5.4046300000E-04  -1.7123850000E-04  -2.0521847400E-02  -2.6727482000E-03
                   10                 11                 12                 13                 14        
    0     -8.6614713600E-02   9.1739226200E-02   1.1620095000E-03  -1.7893050000E-04  -5.0717230000E-04
    1     -8.5634777900E-02   5.0672954700E-02  -1.9964990000E-04   9.4690010000E-04   4.9244550000E-04
    2      4.3982720800E-02  -7.3334458300E-02  -1.3026063000E-03   1.2313489000E-03   8.5045228000E-03
    3     -3.0622219100E-02  -7.7962597000E-03  -1.8613198000E-03   4.5987580000E-04  -9.6017100000E-05
    4     -2.5718194700E-02  -5.7797439000E-03   7.4446000000E-05  -9.4491780000E-04  -3.9350750000E-04
    5      8.3610496000E-03   6.8642773000E-03  -3.9333360000E-04  -1.0714714000E-03  -4.4198184000E-03
    6      1.2270515400E-02  -5.8892275000E-03   6.4639350000E-04  -8.1873840000E-04  -7.6318580000E-04
    7      7.5362291000E-03  -4.4097581000E-03  -9.0407560000E-04  -1.7155390000E-04   4.1317430000E-04
    8     -5.2208411000E-03   4.5098667000E-03  -1.5766610000E-04   3.6684610000E-04  -2.2099396000E-03
    9      1.0321254610E-01  -8.8549782100E-02  -1.0389563000E-03   3.9678690000E-04   4.5161110000E-04
   10      1.0393510300E-01  -4.6691691200E-02   8.7818640000E-04  -1.0106889000E-03   3.5044620000E-04
   11     -4.6691691200E-02   8.2470833500E-02   2.3743090000E-04   8.5481610000E-04  -4.0855376000E-03
   12      8.7818640000E-04   2.3743090000E-04   6.5205120000E-04  -3.0700600000E-05   6.4283690000E-04
   13     -1.0106889000E-03   8.5481610000E-04  -3.0700600000E-05   3.8308830000E-04  -5.5991100000E-04
   14      3.5044620000E-04  -4.0855376000E-03   6.4283690000E-04  -5.5991100000E-04   1.1382395600E-02
   15      8.7568480000E-04   1.0258612200E-02   4.3982190000E-04   1.7170670000E-04   2.7192710000E-04
   16      8.9232940000E-04   5.3534225000E-03   1.8179380000E-04   7.9717220000E-04  -3.0264750000E-04
   17     -7.8168430000E-04  -1.6424981700E-02   9.7333810000E-04  -8.2162870000E-04  -9.1716228000E-03
                   15                 16                 17        
     0     -1.7415660600E-02   3.8171250000E-04  -3.5274738000E-03
     1      3.7122700000E-04  -1.6791491300E-02   2.9914208000E-03
     2     -3.0478232000E-03   2.5366101000E-03  -9.3584918800E-02
     3      6.1159350000E-04  -6.4700560000E-04  -5.0070030000E-04
     4     -5.9508100000E-05   4.6354925000E-03   3.1218646000E-03
     5      2.9264200000E-04  -1.0453746300E-02  -1.4641381900E-02
     6      1.5038069000E-03  -7.8994950000E-04   5.4046300000E-04
     7     -6.1503880000E-04   4.6238180000E-04  -1.7123850000E-04
     8     -1.2962479200E-02   7.2050952000E-03  -2.0521847400E-02
     9      3.4414707000E-03   1.6175204000E-03  -2.6727482000E-03
    10      8.7568480000E-04   8.9232940000E-04  -7.8168430000E-04
    11      1.0258612200E-02   5.3534225000E-03  -1.6424981700E-02
    12      4.3982190000E-04   1.8179380000E-04   9.7333810000E-04
    13      1.7170670000E-04   7.9717220000E-04  -8.2162870000E-04
    14      2.7192710000E-04  -3.0264750000E-04  -9.1716228000E-03
    15      1.1418967600E-02  -7.4407170000E-04   5.1871212000E-03
    16     -7.4407170000E-04   1.0004115400E-02  -4.3387340000E-03
    17      5.1871212000E-03  -4.3387340000E-03   1.5434475270E-01

$vibrational_frequencies
18
    0        0.0000000000000000
    1        0.0000000000000000
    2        0.0000000000000000
    3        0.0000000000000000
    4        0.0000000000000000
    5        0.0000000000000000
    6       50.5876118445284106
    7       69.7245044528759479
    8      134.2754542096067780
    9      524.4676182675260634
   10      770.2817948067879570
   11      867.6686767527130542
   12     1330.1009053121667876
   13     1436.4738840481911666
   14     1525.9934153642759611
   15     2995.9190883671612937
   16     3066.1212291623755846
   17     3186.8781801753489162

$normal_modes
18 18
                    0                  1                  2                  3                  4        
    0      0.0000000000E+00   0.0000000000E+00   0.0000000000E+00   0.0000000000E+00   0.0000000000E+00
    1      0.0000000000E+00   0.0000000000E+00   0.0000000000E+00   0.0000000000E+00   0.0000000000E+00
    2      0.0000000000E+00   0.0000000000E+00   0.0000000000E+00   0.0000000000E+00   0.0000000000E+00
    3      0.0000000000E+00   0.0000000000E+00   0.0000000000E+00   0.0000000000E+00   0.0000000000E+00
    4      0.0000000000E+00   0.0000000000E+00   0.0000000000E+00   0.0000000000E+00   0.0000000000E+00
    5      0.0000000000E+00   0.0000000000E+00   0.0000000000E+00   0.0000000000E+00   0.0000000000E+00
    6      0.0000000000E+00   0.0000000000E+00   0.0000000000E+00   0.0000000000E+00   0.0000000000E+00
    7      0.0000000000E+00   0.0000000000E+00   0.0000000000E+00   0.0000000000E+00   0.0000000000E+00
    8      0.0000000000E+00   0.0000000000E+00   0.0000000000E+00   0.0000000000E+00   0.0000000000E+00
    9      0.0000000000E+00   0.0000000000E+00   0.0000000000E+00   0.0000000000E+00   0.0000000000E+00
   10      0.0000000000E+00   0.0000000000E+00   0.0000000000E+00   0.0000000000E+00   0.0000000000E+00
   11      0.0000000000E+00   0.0000000000E+00   0.0000000000E+00   0.0000000000E+00   0.0000000000E+00
   12      0.0000000000E+00   0.0000000000E+00   0.0000000000E+00   0.0000000000E+00   0.0000000000E+00
   13      0.0000000000E+00   0.0000000000E+00   0.0000000000E+00   0.0000000000E+00   0.0000000000E+00
   14      0.0000000000E+00   0.0000000000E+00   0.0000000000E+00   0.0000000000E+00   0.0000000000E+00
   15      0.0000000000E+00   0.0000000000E+00   0.0000000000E+00   0.0000000000E+00   0.0000000000E+00
   16      0.0000000000E+00   0.0000000000E+00   0.0000000000E+00   0.0000000000E+00   0.0000000000E+00
   17      0.0000000000E+00   0.0000000000E+00   0.0000000000E+00   0.0000000000E+00   0.0000000000E+00
                    5                  6                  7                  8                  9        
    0      0.0000000000E+00  -8.3744399375E-02   3.8972223557E-01  -1.9226775284E-01  -2.0998303141E-02
    1      0.0000000000E+00   3.8803626131E-01   8.7674864122E-02   1.5119425452E-01   1.2283014835E-02
    2      0.0000000000E+00   3.0385292220E-02  -2.4617796339E-02  -1.0934553289E-01  -5.9385445655E-01
    3      0.0000000000E+00   2.3804444249E-02   6.0065885232E-01  -2.1216425621E-01  -3.0862994375E-02
    4      0.0000000000E+00   4.9431101475E-01   1.1960003141E-01   1.6251797295E-01  -7.6553245147E-03
    5      0.0000000000E+00  -1.9021256916E-01  -7.9577748924E-02  -1.1178512427E-01  -5.2082532490E-01
    6      0.0000000000E+00  -1.5474011463E-01   3.7771621180E-01  -2.2174620534E-01  -6.2304924631E-02
    7      0.0000000000E+00   3.5007900091E-01  -2.8447954754E-02   1.7501925888E-01   4.7511472700E-02
    8      0.0000000000E+00   1.6181735939E-01  -1.6363295141E-01   2.6302144023E-02  -3.8316797620E-01
    9      0.0000000000E+00  -1.4109485766E-01   4.0303382019E-01  -2.0207942093E-01   7.4123875974E-03
   10      0.0000000000E+00   5.6884414516E-01   2.5087428952E-01   1.7015545411E-01   4.9561104126E-02
   11      0.0000000000E+00   1.0414978394E-01   1.7820765914E-01  -8.7105530862E-02  -4.6303474849E-01
   12      0.0000000000E+00   3.3637155813E-02  -1.5658208550E-01   6.4640537516E-02   4.9530311815E-03
   13      0.0000000000E+00  -1.5724290330E-01  -3.5356764172E-02  -4.9979097746E-02  -3.8511481944E-03
   14      0.0000000000E+00  -8.2584012576E-02   6.7522838349E-02   8.1683567446E-01  -2.7472536844E-03
   15      0.0000000000E+00   5.0513953273E-03  -2.4418183344E-02   1.3572615044E-02   1.9271434854E-03
   16      0.0000000000E+00  -2.4412473537E-02  -5.7219666220E-03  -1.0860878798E-02  -1.2962944690E-03
   17      0.0000000000E+00   8.8858370000E-03  -7.2623440946E-03  -1.1056679061E-01   6.7477876100E-02
                   10                 11                 12                 13                 14        
    0     -4.2897665982E-02   1.0059579565E-01   6.3010977402E-03  -2.5758475751E-02   6.3350108138E-02
    1     -1.1076226252E-01  -3.9690829533E-02  -8.6590112282E-03  -6.6730095844E-02  -2.4028369583E-02
    2      6.6772465598E-03   7.0127093597E-03   1.0048388890E-01  -8.4844365841E-03  -1.1691729844E-02
    3      6.9541940134E-02  -2.5287486554E-01  -4.9882348076E-02   2.8437405252E-01  -6.9272849350E-01
    4      2.3403260842E-01   9.0130863628E-02   2.1591906837E-01  -1.4796774848E-01  -8.0870672047E-02
    5     -6.8860910578E-01  -2.6763042515E-01  -4.6681443493E-01   3.0003860975E-01   1.6317115388E-01
    6      1.0253270642E-01  -1.4039501334E-01   1.8915589834E-01   3.6127964261E-01   3.5723447336E-02
    7      2.2067242173E-01   3.0174007691E-02  -5.7327922989E-02   6.3151539122E-01  -1.4988053285E-01
    8      1.0886475539E-01   7.3797531043E-01  -5.9580309750E-01  -2.7941995116E-03  -2.5847700640E-01
    9      8.5893569512E-02  -2.2749646882E-01  -2.4138504271E-01  -3.1261218793E-01  -1.7370551261E-01
   10      1.9891990586E-01   1.2100583298E-01  -2.7940503433E-02   3.7820786929E-01   5.4654414212E-01
   11      5.7794048944E-01  -4.6140803560E-01  -5.1926858303E-01  -1.7864551617E-01   2.5059414939E-01
   12      4.6115222668E-04   1.2873799743E-03   4.3031893714E-04  -2.6092445613E-04   1.3335704452E-03
   13      1.6640370158E-03  -3.4771868435E-04  -3.8701591835E-04  -7.9837193352E-04  -5.7988040143E-04
   14      1.1899568526E-03   2.8006352935E-03   4.7284855152E-03  -4.5752468613E-04  -7.1771814016E-04
   15      1.9420877408E-03  -4.7831463181E-03   1.5028132596E-04  -1.6835101816E-04   4.0285991402E-04
   16      5.0425391999E-03   1.8919726017E-03  -1.6028317419E-04  -4.0966828175E-04  -1.4734409612E-04
   17     -7.9581494786E-04  -1.1540147038E-03   2.3467095902E-03  -7.0520594332E-05  -1.9432835776E-05
                   15                 16                 17        
     0     -2.6529319568E-02  -5.2281929792E-02  -6.8052481844E-02
     1     -7.9435920387E-02   1.1326482350E-03   3.3862965701E-02
     2     -1.2750122778E-02   3.9891673295E-02  -2.0742382237E-02
     3     -2.6785642572E-02  -3.1405733928E-02  -3.2074306525E-02
     4      8.0167667614E-01  -4.4183235763E-01   3.0448039817E-02
     5      3.6082340863E-01  -1.7247596614E-01   2.0654186188E-04
     6     -4.6066721844E-02  -5.0874436025E-02   8.3174708231E-01
     7     -2.2342922639E-02   1.8951392986E-02  -4.6843398687E-01
     8     -1.7206365657E-02   3.8560068275E-03   2.8060375532E-01
     9      3.8933654951E-01   7.0629002429E-01   1.1468689426E-02
    10      1.6857545663E-01   4.0935889333E-01   3.4454889018E-02
    11     -1.9054908755E-01  -3.1676664418E-01  -2.3349792894E-02
    12     -5.2625345408E-05  -7.6773793769E-05   1.2769263957E-04
    13     -2.1482881915E-04   4.1916921075E-05  -7.8455418990E-05
    14     -1.4972312855E-04   4.5943764926E-04  -2.0166607002E-04
    15      4.9438539480E-06   3.2692994143E-06  -2.1104352072E-05
    16      2.1226744428E-05  -6.0703524957E-06   1.1991501263E-05
    17      1.3346458773E-05   1.1051315321E-05  -5.1632649966E-05

#
# The atoms: label  mass x y z (in bohrs)
#
$atoms
6
 C     12.01100      0.090162499256    -0.072123942078     2.582371335654
 H      1.00800      0.051966853350     1.765423580288     3.511790956381
 H      1.00800      1.777106968220    -1.009093340629     3.196635272474
 H      1.00800     -1.559019153818    -0.944427602386     3.435853297947
 F     18.99800     -0.097843662195     0.087134557951     7.394859218531
 I    126.90000      0.003969085979    -0.004724188511    -1.432071168709

$actual_temperature
  0.000000

$frequency_scale_factor
  1.000000


$end

