
$orca_hessian_file

$act_atom
  0

$act_coord
  0

$act_energy
      -12.424113

$multiplicity
  1

$hessian
18
                    0                  1                  2                  3                  4        
    0      5.7934639970E-01   4.3680000000E-07  -1.8386000000E-06  -4.2302064100E-02  -1.5937000000E-06
    1      4.3680000000E-07   5.7934618600E-01   7.0150000000E-06  -1.6116000000E-06  -3.2614752690E-01
    2     -1.8386000000E-06   7.0150000000E-06  -1.6966492100E-02   3.1500000000E-08  -1.1906207300E-02
    3     -4.2302064100E-02  -1.6116000000E-06   3.1500000000E-08   4.1673207700E-02   1.7202000000E-06
    4     -1.5937000000E-06  -3.2614752690E-01  -1.1906207300E-02   1.7202000000E-06   3.5119626020E-01
    5      4.6600000000E-08  -1.0729413500E-02  -8.4591629000E-03   6.3100000000E-08   1.1716527600E-02
    6     -2.5517969620E-01   1.2290832150E-01  -1.0278220300E-02   1.7184330000E-04  -1.0769480000E-04
    7      1.2290628220E-01  -1.1325889730E-01   5.9417246000E-03   2.3960853700E-02  -1.3599941400E-02
    8     -9.2911654000E-03   5.3639660000E-03  -8.4588712000E-03   1.6967771000E-03  -1.5812370000E-04
    9     -2.5518260320E-01  -1.2290714780E-01   1.0279932400E-02   1.7155000000E-04   1.0755430000E-04
   10     -1.2290513150E-01  -1.1325655470E-01   5.9424611000E-03  -2.3960961000E-02  -1.3599688500E-02
   11      9.2928075000E-03   5.3646345000E-03  -8.4589535000E-03  -1.6967775000E-03  -1.5810490000E-04
   12     -1.4035094400E-02   7.5000000000E-09   8.1800000000E-08   5.2236890000E-04   7.0000000000E-09
   13      4.1000000000E-09  -1.4035775500E-02   8.2807000000E-06   2.9100000000E-08   1.4802853000E-03
   14      1.4130000000E-07  -2.6428000000E-06   3.2995229200E-02  -3.7200000000E-08   2.7059220000E-04
   15     -1.2646941900E-02  -6.5000000000E-09   1.3200000000E-08  -2.3690580000E-04   6.9000000000E-09
   16      2.1000000000E-09  -1.2647431500E-02   6.7259000000E-06  -3.0500000000E-08   6.7061130000E-04
   17      8.7000000000E-09  -3.5592000000E-06   9.3482505000E-03  -5.7000000000E-08   2.3531620000E-04
                    5                  6                  7                  8                  9        
    0      4.6600000000E-08  -2.5517969620E-01   1.2290628220E-01  -9.2911654000E-03  -2.5518260320E-01
    1     -1.0729413500E-02   1.2290832150E-01  -1.1325889730E-01   5.3639660000E-03  -1.2290714780E-01
    2     -8.4591629000E-03  -1.0278220300E-02   5.9417246000E-03  -8.4588712000E-03   1.0279932400E-02
    3      6.3100000000E-08   1.7184330000E-04   2.3960853700E-02   1.6967771000E-03   1.7155000000E-04
    4      1.1716527600E-02  -1.0769480000E-04  -1.3599941400E-02  -1.5812370000E-04   1.0755430000E-04
    5      3.9065973700E-02   7.0957430000E-04   1.5490801000E-03  -1.9428770000E-04  -7.0955990000E-04
    6      7.0957430000E-04   2.7382291500E-01  -1.3403033600E-01   1.0144738500E-02  -2.0494297700E-02
    7      1.5490801000E-03  -1.3403033600E-01   1.1905446140E-01  -5.8574932000E-03  -1.2032111400E-02
    8     -1.9428770000E-04   1.0144738500E-02  -5.8574932000E-03   3.9065876800E-02   9.8713570000E-04
    9     -7.0955990000E-04  -2.0494297700E-02  -1.2032111400E-02   9.8713570000E-04   2.7382608220E-01
   10      1.5492457000E-03   1.2032379800E-02   7.0566408000E-03  -1.3898473000E-03   1.3402903640E-01
   11     -1.9427730000E-04  -9.8701400000E-04  -1.3897532000E-03  -1.9428580000E-04  -1.0146328800E-02
   12     -1.9000000000E-09   1.2379053000E-03  -4.1308510000E-04   5.9277496000E-03   1.2378761000E-03
   13      6.8444024000E-03  -4.1203100000E-04   7.5961120000E-04  -3.4229150000E-03   4.1200170000E-04
   14     -1.0503953000E-02   2.2239070000E-04  -1.3118310000E-04  -1.0504048500E-02  -2.2249410000E-04
   15     -1.2220000000E-07   4.4133020000E-04  -3.9160340000E-04  -9.4652355000E-03   4.4139260000E-04
   16     -1.0929842300E-02  -3.9063960000E-04  -1.1874600000E-05   5.4644132000E-03   3.9066680000E-04
   17     -1.9714292700E-02   1.8853070000E-04  -1.1237510000E-04  -1.9714383600E-02  -1.8868530000E-04
                   10                 11                 12                 13                 14        
    0     -1.2290513150E-01   9.2928075000E-03  -1.4035094400E-02   4.1000000000E-09   1.4130000000E-07
    1     -1.1325655470E-01   5.3646345000E-03   7.5000000000E-09  -1.4035775500E-02  -2.6428000000E-06
    2      5.9424611000E-03  -8.4589535000E-03   8.1800000000E-08   8.2807000000E-06   3.2995229200E-02
    3     -2.3960961000E-02  -1.6967775000E-03   5.2236890000E-04   2.9100000000E-08  -3.7200000000E-08
    4     -1.3599688500E-02  -1.5810490000E-04   7.0000000000E-09   1.4802853000E-03   2.7059220000E-04
    5      1.5492457000E-03  -1.9427730000E-04  -1.9000000000E-09   6.8444024000E-03  -1.0503953000E-02
    6      1.2032379800E-02  -9.8701400000E-04   1.2379053000E-03  -4.1203100000E-04   2.2239070000E-04
    7      7.0566408000E-03  -1.3897532000E-03  -4.1308510000E-04   7.5961120000E-04  -1.3118310000E-04
    8     -1.3898473000E-03  -1.9428580000E-04   5.9277496000E-03  -3.4229150000E-03  -1.0504048500E-02
    9      1.3402903640E-01  -1.0146328800E-02   1.2378761000E-03   4.1200170000E-04  -2.2249410000E-04
   10      1.1905187330E-01  -5.8582699000E-03   4.1307970000E-04   7.5961130000E-04  -1.3119510000E-04
   11     -5.8582699000E-03   3.9065925700E-02  -5.9278403000E-03  -3.4228269000E-03  -1.0503955300E-02
   12      4.1307970000E-04  -5.9278403000E-03   8.3626907000E-03  -7.9000000000E-09   3.8100000000E-08
   13      7.5961130000E-04  -3.4228269000E-03  -7.9000000000E-09   8.3623207000E-03  -3.0446000000E-06
   14     -1.3119510000E-04  -1.0503955300E-02   3.8100000000E-08  -3.0446000000E-06   1.5595681600E-02
   15      3.9159660000E-04   9.4651531000E-03   2.6742534000E-03   4.0000000000E-09  -3.8800000000E-08
   16     -1.1882200000E-05   5.4643205000E-03  -1.2000000000E-09   2.6739470000E-03  -2.5265000000E-06
   17     -1.1239450000E-04  -1.9714453800E-02  -2.7400000000E-08  -3.8966000000E-06  -1.7078954000E-02
                   15                 16                 17        
     0     -1.2646941900E-02   2.1000000000E-09   8.7000000000E-09
     1     -6.5000000000E-09  -1.2647431500E-02  -3.5592000000E-06
     2      1.3200000000E-08   6.7259000000E-06   9.3482505000E-03
     3     -2.3690580000E-04  -3.0500000000E-08  -5.7000000000E-08
     4      6.9000000000E-09   6.7061130000E-04   2.3531620000E-04
     5     -1.2220000000E-07  -1.0929842300E-02  -1.9714292700E-02
     6      4.4133020000E-04  -3.9063960000E-04   1.8853070000E-04
     7     -3.9160340000E-04  -1.1874600000E-05  -1.1237510000E-04
     8     -9.4652355000E-03   5.4644132000E-03  -1.9714383600E-02
     9      4.4139260000E-04   3.9066680000E-04  -1.8868530000E-04
    10      3.9159660000E-04  -1.1882200000E-05  -1.1239450000E-04
    11      9.4651531000E-03   5.4643205000E-03  -1.9714453800E-02
    12      2.6742534000E-03  -1.2000000000E-09  -2.7400000000E-08
    13      4.0000000000E-09   2.6739470000E-03  -3.8966000000E-06
    14     -3.8800000000E-08  -2.5265000000E-06  -1.7078954000E-02
    15      9.3268714000E-03   2.3000000000E-09   2.3020000000E-07
    16      2.3000000000E-09   9.3266300000E-03  -3.0908000000E-06
    17      2.3020000000E-07  -3.0908000000E-06   6.6873833700E-02

$vibrational_frequencies
18
    0        0.0000000000000000
    1        0.0000000000000000
    2        0.0000000000000000
    3        0.0000000000000000
    4        0.0000000000000000
    5        0.0000000000000000
    6     -276.4728712859844109
    7      205.4762271673941143
    8      221.3498884077061177
    9      221.3558884676354239
   10     1006.6639584202569040
   11     1006.6647809169360244
   12     1016.5268974432609639
   13     1348.8916693799658333
   14     1348.9042895092447907
   15     3093.7988881767319072
   16     3178.8205059860497386
   17     3178.8438585027897716

$normal_modes
18 18
                    0                  1                  2                  3                  4        
    0      0.0000000000E+00   0.0000000000E+00   0.0000000000E+00   0.0000000000E+00   0.0000000000E+00
    1      0.0000000000E+00   0.0000000000E+00   0.0000000000E+00   0.0000000000E+00   0.0000000000E+00
    2      0.0000000000E+00   0.0000000000E+00   0.0000000000E+00   0.0000000000E+00   0.0000000000E+00
    3      0.0000000000E+00   0.0000000000E+00   0.0000000000E+00   0.0000000000E+00   0.0000000000E+00
    4      0.0000000000E+00   0.0000000000E+00   0.0000000000E+00   0.0000000000E+00   0.0000000000E+00
    5      0.0000000000E+00   0.0000000000E+00   0.0000000000E+00   0.0000000000E+00   0.0000000000E+00
    6      0.0000000000E+00   0.0000000000E+00   0.0000000000E+00   0.0000000000E+00   0.0000000000E+00
    7      0.0000000000E+00   0.0000000000E+00   0.0000000000E+00   0.0000000000E+00   0.0000000000E+00
    8      0.0000000000E+00   0.0000000000E+00   0.0000000000E+00   0.0000000000E+00   0.0000000000E+00
    9      0.0000000000E+00   0.0000000000E+00   0.0000000000E+00   0.0000000000E+00   0.0000000000E+00
   10      0.0000000000E+00   0.0000000000E+00   0.0000000000E+00   0.0000000000E+00   0.0000000000E+00
   11      0.0000000000E+00   0.0000000000E+00   0.0000000000E+00   0.0000000000E+00   0.0000000000E+00
   12      0.0000000000E+00   0.0000000000E+00   0.0000000000E+00   0.0000000000E+00   0.0000000000E+00
   13      0.0000000000E+00   0.0000000000E+00   0.0000000000E+00   0.0000000000E+00   0.0000000000E+00
   14      0.0000000000E+00   0.0000000000E+00   0.0000000000E+00   0.0000000000E+00   0.0000000000E+00
   15      0.0000000000E+00   0.0000000000E+00   0.0000000000E+00   0.0000000000E+00   0.0000000000E+00
   16      0.0000000000E+00   0.0000000000E+00   0.0000000000E+00   0.0000000000E+00   0.0000000000E+00
   17      0.0000000000E+00   0.0000000000E+00   0.0000000000E+00   0.0000000000E+00   0.0000000000E+00
                    5                  6                  7                  8                  9        
    0      0.0000000000E+00  -1.1359018528E-06   1.0904562433E-05   3.1082150217E-03  -4.7674563655E-01
    1      0.0000000000E+00  -2.3274388124E-04  -9.3778381083E-04   4.7674781050E-01   3.1082043265E-03
    2      0.0000000000E+00  -9.0704932819E-01  -4.7880281296E-01  -3.7913992607E-04  -4.9554402078E-06
    3      0.0000000000E+00   1.4088428352E-06   1.2138389441E-05   3.2558309569E-03  -4.9962458747E-01
    4      0.0000000000E+00  -2.7997508710E-02  -8.8269621949E-03   4.8555838380E-01   3.1656358512E-03
    5      0.0000000000E+00  -6.2248675044E-02  -2.3465123704E-01  -2.6463953492E-02  -1.7221512440E-04
    6      0.0000000000E+00  -2.3913825056E-02  -6.7872661146E-03   9.2735391867E-03  -4.8902730658E-01
    7      0.0000000000E+00   1.3687036214E-02   2.9725380404E-03   4.9613959873E-01  -2.8523606722E-03
    8      0.0000000000E+00  -6.2271577376E-02  -2.3473050913E-01   1.2868586014E-02   2.2879150810E-02
    9      0.0000000000E+00   2.3917057464E-02   6.8112503648E-03  -2.8949236511E-03  -4.8910651827E-01
   10      0.0000000000E+00   1.3687277964E-02   2.9723791477E-03   4.9605801423E-01   9.3211162153E-03
   11      0.0000000000E+00  -6.2271326003E-02  -2.3472711278E-01   1.3166279837E-02  -2.2709690897E-02
   12      0.0000000000E+00   3.4209367747E-07  -4.8440479146E-06  -1.3502433564E-03   2.0710295385E-01
   13      0.0000000000E+00   9.8576109389E-05   4.0677628241E-04  -2.0710363219E-01  -1.3502272742E-03
   14      0.0000000000E+00   4.0323867397E-01  -7.6036927328E-01  -3.1099394993E-04  -6.7095807124E-06
   15      0.0000000000E+00   1.9431369664E-08  -5.9384631915E-07  -1.6857659106E-04   2.5856819566E-02
   16      0.0000000000E+00   1.2221575413E-05   5.0755609973E-05  -2.5856904588E-02  -1.6857754875E-04
   17      0.0000000000E+00   2.6967116342E-02   1.6474497849E-01   8.5852112328E-05   1.4953952710E-06
                   10                 11                 12                 13                 14        
    0     -2.1301253116E-02  -7.4570834143E-03  -9.8241665465E-07  -2.5170592112E-03  -9.6664003932E-02
    1     -7.4572319689E-03   2.1301610601E-02  -2.9594333376E-06   9.6663482416E-02  -2.5170434267E-03
    2     -2.1696721013E-06   2.2263982280E-06   3.0412069567E-02  -1.3265600426E-05   6.1276426323E-07
    3      6.7004584200E-02   2.3458528640E-02   1.9046838256E-06   2.0971888068E-02   8.0522847680E-01
    4      4.0635140136E-03  -1.1611747480E-02   2.1295652759E-02   5.8529733675E-02  -1.5287956300E-03
    5     -2.6859922941E-01   7.6732822692E-01  -5.7657892785E-01  -9.0334011544E-02   2.3502134472E-03
    6      3.3856333446E-02  -1.5071187974E-02   1.8420240112E-02  -3.6990825092E-01   1.6715278894E-01
    7      4.2595431047E-02  -4.4764729012E-02  -1.0662563810E-02  -5.7955380447E-01   3.8936546143E-01
    8     -5.3020282797E-01  -6.1640226643E-01  -5.7646084998E-01   4.7243453331E-02   7.7071027346E-02
    9      1.7069909265E-02   3.2897591750E-02  -1.8421161927E-02   3.7810178744E-01   1.4766681725E-01
   10     -5.3727633327E-03  -6.1560348450E-02  -1.0665295350E-02  -5.9903975624E-01  -3.5867106545E-01
   11      7.9894536294E-01  -1.5109207104E-01  -5.7639375185E-01   4.3164712202E-02  -7.9426010379E-02
   12     -1.0406335940E-02  -3.6430830757E-03  -4.0619524712E-07   5.5838922914E-05   2.1430297810E-03
   13     -3.6430683955E-03   1.0406375912E-02   1.0927396575E-07  -2.1424905530E-03   5.5766764594E-05
   14     -2.1700763668E-06   2.6895056031E-06   2.6216569532E-02   2.0031337600E-06  -7.0768324017E-08
   15      2.6373100697E-03   9.2327115276E-04   1.4598874514E-07  -1.7902100774E-06  -6.8482239602E-05
   16      9.2327309200E-04  -2.6373022455E-03   5.1957303909E-07   6.8575932863E-05  -1.7822974609E-06
   17     -6.0807688078E-07   7.0609094778E-07   6.9340208227E-03   3.6666958368E-07  -9.5170372042E-09
                   15                 16                 17        
     0     -1.4762165810E-06   9.8281463940E-02  -4.2729134453E-03
     1     -3.5141368996E-05  -4.2728938966E-03  -9.8280987611E-02
     2     -4.8280577148E-03  -5.9364931108E-07  -4.4328402724E-06
     3     -4.0063755311E-07   3.8265713157E-02  -1.6589613269E-03
     4      5.7724908684E-01   3.5224288952E-02   8.1008378193E-01
     5      2.0281624342E-02   1.3269168714E-03   3.0519411538E-02
     6      4.9958177718E-01  -6.1412389246E-01  -3.4161733958E-01
     7     -2.8843292920E-01   3.7499740379E-01   1.5799987231E-01
     8      2.0265770125E-02  -2.7095239107E-02  -1.4113539875E-02
     9     -4.9956420128E-01  -5.8218186861E-01   3.9362373137E-01
    10     -2.8842231904E-01  -3.5987521943E-01   1.8994161606E-01
    11      2.0268195273E-02   2.5772657590E-02  -1.6414103516E-02
    12     -2.4150607011E-08  -4.7645304410E-04   2.0734716688E-05
    13      7.3646213141E-07   2.0699683935E-05   4.7669584029E-04
    14     -5.0053430037E-05   6.4751561096E-08   1.4068816760E-06
    15      6.9108583864E-09  -3.2329709667E-05   1.4013817293E-06
    16      8.7489099719E-08   1.4123790004E-06   3.2365659238E-05
    17     -1.8608338709E-05   1.2057797505E-08   2.7433107629E-07

#
# The atoms: label  mass x y z (in bohrs)
#
$atoms
6
 C     12.01100     -0.000000940880    -0.000003717615     3.236389351305
 H      1.00800     -0.000000583096     2.024275832112     3.302197933226
 H      1.00800      1.753077251458    -1.012143358004     3.302197691877
 H      1.00800     -1.753078452941    -1.012143378386     3.302196633378
 F     18.99800      0.000000585930     0.000000778339     7.200897267953
 I    126.90000      0.000000015510     0.000000321961    -1.463047784016

$actual_temperature
  0.000000

$frequency_scale_factor
  1.000000


$end

