
$orca_hessian_file

$act_atom
  0

$act_coord
  0

$act_energy
      -12.413553

$multiplicity
  1

$hessian
18
                    0                  1                  2                  3                  4        
    0      4.9932730170E-01  -1.7850350300E-02  -1.5708887800E-02  -4.0684811200E-02   2.8097990000E-03
    1     -1.7850350300E-02   4.4499428540E-01   2.4533400700E-02   2.8559133000E-03  -2.2149528890E-01
    2     -1.5708887800E-02   2.4533400700E-02   2.7635385280E-01   8.3214330000E-04  -1.0533646420E-01
    3     -4.0684811200E-02   2.8559133000E-03   8.3214330000E-04   4.8803905000E-02  -5.6754540000E-04
    4      2.8097990000E-03  -2.2149528890E-01  -1.0533646420E-01  -5.6754540000E-04   2.5940343490E-01
    5      3.1721710000E-04  -1.1669567930E-01  -8.8784753700E-02  -9.6447750000E-04   1.1634669790E-01
    6     -2.3479582300E-01   1.1265551080E-01  -5.0376763900E-02  -2.2607377000E-03   2.9780047000E-03
    7      1.1452331020E-01  -1.0751384670E-01   2.8737994900E-02   2.6222316200E-02  -1.7978394600E-02
    8     -5.8645190300E-02   3.4140841600E-02  -4.7580705800E-02   1.0971788100E-02  -7.2401348000E-03
    9     -2.0778016800E-01  -9.8197200500E-02   7.0124634300E-02  -4.1455806000E-03  -5.1876322000E-03
   10     -9.9669637200E-02  -9.9633405000E-02   4.1161675600E-02  -2.8181591900E-02  -2.3394394300E-02
   11      7.8812728200E-02   4.7457017400E-02  -6.3910642500E-02  -9.9492843000E-03  -7.9493367000E-03
   12      9.4738120000E-04  -1.9586160000E-04  -1.0028415000E-03  -2.1398329000E-03   1.1227000000E-06
   13     -3.9007620000E-04   9.1321070000E-04   4.6802103000E-03   4.5236860000E-04  -1.5445648000E-03
   14     -3.1653940000E-04   1.1237136000E-03   5.3998328000E-03  -2.4155620000E-04  -2.0602890000E-04
   15     -1.7013880700E-02   7.3198840000E-04  -3.8682844000E-03   4.2705740000E-04  -3.3748800000E-05
   16      5.7695450000E-04  -1.7264955600E-02   6.2231826000E-03  -7.8146070000E-04   5.0092077000E-03
   17     -4.4593279000E-03   9.4407060000E-03  -8.1477583600E-02  -6.4861350000E-04   4.3852667000E-03
                    5                  6                  7                  8                  9        
    0      3.1721710000E-04  -2.3479582300E-01   1.1452331020E-01  -5.8645190300E-02  -2.0778016800E-01
    1     -1.1669567930E-01   1.1265551080E-01  -1.0751384670E-01   3.4140841600E-02  -9.8197200500E-02
    2     -8.8784753700E-02  -5.0376763900E-02   2.8737994900E-02  -4.7580705800E-02   7.0124634300E-02
    3     -9.6447750000E-04  -2.2607377000E-03   2.6222316200E-02   1.0971788100E-02  -4.1455806000E-03
    4      1.1634669790E-01   2.9780047000E-03  -1.7978394600E-02  -7.2401348000E-03  -5.1876322000E-03
    5      9.5546557400E-02   7.6202220000E-04   4.9323680000E-03   4.8898399000E-03   2.3754290000E-04
    6      7.6202220000E-04   2.5995463130E-01  -1.2718420080E-01   5.4665680100E-02  -2.4600119300E-02
    7      4.9323680000E-03  -1.2718420080E-01   1.1660930520E-01  -3.1364875800E-02  -1.3065312500E-02
    8      4.8898399000E-03   5.4665680100E-02  -3.1364875800E-02   5.9210057400E-02   7.2013574000E-03
    9      2.3754290000E-04  -2.4600119300E-02  -1.3065312500E-02   7.2013574000E-03   2.3433565690E-01
   10      6.4538824000E-03   1.2906210300E-02   8.6210729000E-03  -4.9885784000E-03   1.1418520120E-01
   11      6.8069278000E-03  -4.3325132000E-03  -3.9472526000E-03   3.4540766000E-03  -7.5749193400E-02
   12     -2.8761030000E-04   6.8852570000E-04  -9.3624640000E-04  -8.1359500000E-05  -7.4759510000E-04
   13     -2.7392524000E-03  -8.6292640000E-04   4.1877130000E-04   3.9347300000E-04   5.7557370000E-04
   14     -3.6964786000E-03  -5.0411390000E-04   1.7433730000E-04  -7.4697920000E-04   5.5596440000E-04
   15     -6.4694500000E-05   1.0135230000E-03   4.4013340000E-04  -1.4112275900E-02   2.9378060000E-03
   16     -8.2980167000E-03  -4.9259860000E-04  -1.5690810000E-04   9.0592744000E-03   1.6893703000E-03
   17     -1.4762092700E-02  -2.1431130000E-04   1.4674281000E-03  -1.9226288800E-02  -2.3703056000E-03
                   10                 11                 12                 13                 14        
    0     -9.9669637200E-02   7.8812728200E-02   9.4738120000E-04  -3.9007620000E-04  -3.1653940000E-04
    1     -9.9633405000E-02   4.7457017400E-02  -1.9586160000E-04   9.1321070000E-04   1.1237136000E-03
    2      4.1161675600E-02  -6.3910642500E-02  -1.0028415000E-03   4.6802103000E-03   5.3998328000E-03
    3     -2.8181591900E-02  -9.9492843000E-03  -2.1398329000E-03   4.5236860000E-04  -2.4155620000E-04
    4     -2.3394394300E-02  -7.9493367000E-03   1.1227000000E-06  -1.5445648000E-03  -2.0602890000E-04
    5      6.4538824000E-03   6.8069278000E-03  -2.8761030000E-04  -2.7392524000E-03  -3.6964786000E-03
    6      1.2906210300E-02  -4.3325132000E-03   6.8852570000E-04  -8.6292640000E-04  -5.0411390000E-04
    7      8.6210729000E-03  -3.9472526000E-03  -9.3624640000E-04   4.1877130000E-04   1.7433730000E-04
    8     -4.9885784000E-03   3.4540766000E-03  -8.1359500000E-05   3.9347300000E-04  -7.4697920000E-04
    9      1.1418520120E-01  -7.5749193400E-02  -7.4759510000E-04   5.7557370000E-04   5.5596440000E-04
   10      1.1454262670E-01  -4.3921301500E-02   8.9811230000E-04  -2.8858360000E-04   5.4560610000E-04
   11     -4.3921301500E-02   7.3382063900E-02   7.3965200000E-05   6.1906690000E-04  -2.1877812000E-03
   12      8.9811230000E-04   7.3965200000E-05   7.8272710000E-04   8.3293700000E-05   3.7374160000E-04
   13     -2.8858360000E-04   6.1906690000E-04   8.3293700000E-05  -3.7422440000E-04  -9.0475150000E-04
   14      5.4560610000E-04  -2.1877812000E-03   3.7374160000E-04  -9.0475150000E-04   8.2220483000E-03
   15     -1.3829470000E-04   1.1144297500E-02   4.6879400000E-04   1.4176660000E-04   1.3250340000E-04
   16      1.5268320000E-04   7.7418065000E-03   1.4957930000E-04   8.7539080000E-04  -7.3287660000E-04
   17      7.4871580000E-04  -1.7544644600E-02   9.2410440000E-04  -2.0487463000E-03  -6.9906421000E-03
                   15                 16                 17        
     0     -1.7013880700E-02   5.7695450000E-04  -4.4593279000E-03
     1      7.3198840000E-04  -1.7264955600E-02   9.4407060000E-03
     2     -3.8682844000E-03   6.2231826000E-03  -8.1477583600E-02
     3      4.2705740000E-04  -7.8146070000E-04  -6.4861350000E-04
     4     -3.3748800000E-05   5.0092077000E-03   4.3852667000E-03
     5     -6.4694500000E-05  -8.2980167000E-03  -1.4762092700E-02
     6      1.0135230000E-03  -4.9259860000E-04  -2.1431130000E-04
     7      4.4013340000E-04  -1.5690810000E-04   1.4674281000E-03
     8     -1.4112275900E-02   9.0592744000E-03  -1.9226288800E-02
     9      2.9378060000E-03   1.6893703000E-03  -2.3703056000E-03
    10     -1.3829470000E-04   1.5268320000E-04   7.4871580000E-04
    11      1.1144297500E-02   7.7418065000E-03  -1.7544644600E-02
    12      4.6879400000E-04   1.4957930000E-04   9.2410440000E-04
    13      1.4176660000E-04   8.7539080000E-04  -2.0487463000E-03
    14      1.3250340000E-04  -7.3287660000E-04  -6.9906421000E-03
    15      1.2166700300E-02  -1.1418449000E-03   6.7684538000E-03
    16     -1.1418449000E-03   1.1384581900E-02  -1.3993370300E-02
    17      6.7684538000E-03  -1.3993370300E-02   1.4000125190E-01

$vibrational_frequencies
18
    0        0.0000000000000000
    1        0.0000000000000000
    2        0.0000000000000000
    3        0.0000000000000000
    4        0.0000000000000000
    5        0.0000000000000000
    6      -83.1807378996251572
    7       88.8546483207304902
    8      118.5570501195295492
    9      504.8842034913988073
   10      750.9316487308227579
   11      894.3163447765322189
   12     1311.8734305846276129
   13     1435.1179386624419294
   14     1499.6681616971202402
   15     2992.0048057192366286
   16     3064.0200439716054461
   17     3131.4040850525111637

$normal_modes
18 18
                    0                  1                  2                  3                  4        
    0      0.0000000000E+00   0.0000000000E+00   0.0000000000E+00   0.0000000000E+00   0.0000000000E+00
    1      0.0000000000E+00   0.0000000000E+00   0.0000000000E+00   0.0000000000E+00   0.0000000000E+00
    2      0.0000000000E+00   0.0000000000E+00   0.0000000000E+00   0.0000000000E+00   0.0000000000E+00
    3      0.0000000000E+00   0.0000000000E+00   0.0000000000E+00   0.0000000000E+00   0.0000000000E+00
    4      0.0000000000E+00   0.0000000000E+00   0.0000000000E+00   0.0000000000E+00   0.0000000000E+00
    5      0.0000000000E+00   0.0000000000E+00   0.0000000000E+00   0.0000000000E+00   0.0000000000E+00
    6      0.0000000000E+00   0.0000000000E+00   0.0000000000E+00   0.0000000000E+00   0.0000000000E+00
    7      0.0000000000E+00   0.0000000000E+00   0.0000000000E+00   0.0000000000E+00   0.0000000000E+00
    8      0.0000000000E+00   0.0000000000E+00   0.0000000000E+00   0.0000000000E+00   0.0000000000E+00
    9      0.0000000000E+00   0.0000000000E+00   0.0000000000E+00   0.0000000000E+00   0.0000000000E+00
   10      0.0000000000E+00   0.0000000000E+00   0.0000000000E+00   0.0000000000E+00   0.0000000000E+00
   11      0.0000000000E+00   0.0000000000E+00   0.0000000000E+00   0.0000000000E+00   0.0000000000E+00
   12      0.0000000000E+00   0.0000000000E+00   0.0000000000E+00   0.0000000000E+00   0.0000000000E+00
   13      0.0000000000E+00   0.0000000000E+00   0.0000000000E+00   0.0000000000E+00   0.0000000000E+00
   14      0.0000000000E+00   0.0000000000E+00   0.0000000000E+00   0.0000000000E+00   0.0000000000E+00
   15      0.0000000000E+00   0.0000000000E+00   0.0000000000E+00   0.0000000000E+00   0.0000000000E+00
   16      0.0000000000E+00   0.0000000000E+00   0.0000000000E+00   0.0000000000E+00   0.0000000000E+00
   17      0.0000000000E+00   0.0000000000E+00   0.0000000000E+00   0.0000000000E+00   0.0000000000E+00
                    5                  6                  7                  8                  9        
    0      0.0000000000E+00   5.3674779062E-02   3.0169109169E-01   1.7614256054E-01  -3.3938360287E-02
    1      0.0000000000E+00  -3.6218183879E-01   3.0395110210E-02  -2.0607774432E-01   6.7603465685E-02
    2      0.0000000000E+00  -6.8474282149E-02  -2.2493769894E-02   7.1426766769E-02  -5.8849715482E-01
    3      0.0000000000E+00  -9.9652885562E-02   7.3107611851E-01   2.7875876679E-01  -3.2833058435E-02
    4      0.0000000000E+00  -5.0404876610E-01   6.1401564847E-02  -2.4081243127E-01   4.4757936753E-02
    5      0.0000000000E+00   1.9025481386E-01  -6.7031426763E-02   1.2415989965E-01  -5.2189680298E-01
    6      0.0000000000E+00   1.3793095898E-01   1.3947498068E-01   1.4957837095E-01  -6.1721446864E-02
    7      0.0000000000E+00  -2.8139052243E-01  -3.1202019372E-01  -3.1072630605E-01   8.8033200097E-02
    8      0.0000000000E+00  -1.8878077054E-01  -1.5479977036E-01  -5.9668393677E-02  -3.9473132071E-01
    9      0.0000000000E+00   1.3376237636E-01   1.6049050508E-01   1.4699686954E-01  -1.6381972472E-03
   10      0.0000000000E+00  -5.8564459264E-01   3.9488127645E-01  -1.5475747534E-01   9.5958256306E-02
   11      0.0000000000E+00  -1.8058542739E-01   1.5368575289E-01   6.3457676318E-02  -4.3736123790E-01
   12      0.0000000000E+00  -2.2238037559E-02  -1.2038621704E-01  -5.6580003351E-02   4.3198701344E-03
   13      0.0000000000E+00   1.5105937186E-01  -1.1676780508E-02   5.7307978312E-02  -1.0011555148E-02
   14      0.0000000000E+00   9.9270642824E-02   6.0909520127E-02  -7.6158570200E-01  -1.5063779113E-03
   15      0.0000000000E+00  -3.1176225937E-03  -1.8721862002E-02  -1.2771300791E-02   3.3296059635E-03
   16      0.0000000000E+00   2.2556285827E-02  -2.2746803892E-03   1.6535929057E-02  -6.7168249799E-03
   17      0.0000000000E+00  -6.9578786000E-03  -6.4483513426E-03   1.0623897159E-01   6.6681471793E-02
                   10                 11                 12                 13                 14        
    0      2.3298919981E-02   1.0319308726E-01   7.3680666017E-03  -2.3229562189E-02  -6.3959068018E-02
    1      1.2048160582E-01  -1.9972559091E-02  -7.0187563015E-03  -6.9381445135E-02   2.3598166298E-02
    2     -4.4944497311E-03   9.6376472433E-05   1.0205745056E-01  -6.2971730938E-03   9.9456030090E-03
    3     -1.3283709563E-02  -2.8314170603E-01  -5.0593816065E-02   2.6970217085E-01   7.0197215561E-01
    4     -3.0393436890E-01   5.8904117478E-02   2.4386146366E-01  -1.4832690694E-01   7.5665587518E-02
    5      7.4458139726E-01  -1.4500681564E-01  -4.3260980328E-01   2.3777579235E-01  -1.2964257381E-01
    6     -8.7801815670E-02  -1.3386204586E-01   1.3865220147E-01   3.7490170592E-01  -3.0346166410E-02
    7     -1.8700997701E-01  -6.7886641884E-02  -5.3090067763E-02   6.2886165037E-01   1.2998229859E-01
    8     -2.2310035495E-01   7.0333396394E-01  -6.1124363186E-01   1.1211888824E-02   2.9005585443E-01
    9     -4.0078226542E-02  -2.2420976847E-01  -2.0542336941E-01  -3.3800400045E-01   1.7992767732E-01
   10     -1.3378105126E-01   1.1744955348E-01  -4.3004499409E-02   4.0530234440E-01  -5.1048520486E-01
   11     -4.7532990068E-01  -5.5043922424E-01  -5.4824820095E-01  -1.6931630121E-01  -2.9160838480E-01
   12     -4.4041390277E-04   1.5570140714E-03   3.3291006287E-04  -2.5377444583E-04  -1.4358930144E-03
   13     -4.6044922902E-03  -3.5665222151E-05   3.3766454797E-04  -5.7800691230E-04   5.6477901592E-04
   14     -3.6656463324E-03   2.1411095236E-03   2.8667849107E-03  -4.7659485154E-04   4.1888199617E-04
   15     -1.0179927721E-03  -4.9069274700E-03   1.8503885378E-04  -1.9874859692E-04  -4.9546599211E-04
   16     -5.7518142056E-03   1.0341466496E-03  -5.5998188188E-04  -3.8299662483E-04   1.0330000115E-04
   17      6.0758419214E-04  -3.9231996839E-04   2.5576298721E-03   3.4522805451E-05   3.8062309746E-05
                   15                 16                 17        
     0      1.6168281838E-02   4.9626979288E-02  -7.3858023267E-02
     1      7.6704470372E-02   2.2306121763E-02   3.4411814079E-02
     2      2.6997639356E-02  -3.4947938555E-02  -1.1946351924E-02
     3      1.3512922615E-02   3.0600768849E-02  -3.5429082650E-02
     4     -8.4755762708E-01   2.6379912699E-01  -4.0240229455E-03
     5     -4.4608012616E-01   1.1381140330E-01  -1.4079722238E-02
     6      2.4156221184E-02   1.4049543538E-01   8.3141084212E-01
     7      2.6669321727E-02  -6.1275004980E-02  -4.8941614022E-01
     8      1.4743553598E-02   1.9888788681E-02   2.1115411776E-01
     9     -2.3102455606E-01  -7.6393484698E-01   8.4865025604E-02
    10     -9.7532120674E-02  -4.6743262157E-01   8.3468242201E-02
    11      1.0585311751E-01   2.9387042789E-01  -4.7129426204E-02
    12      2.4214397116E-05   4.5047377840E-05   1.4696613468E-04
    13      4.1702001053E-04  -1.6743173592E-04  -1.1496838730E-04
    14      2.5125899436E-04  -3.0859655906E-04  -5.7781815454E-05
    15      1.9306327160E-06   5.1685860875E-06  -2.8186796860E-05
    16     -2.7203706528E-05   1.8044185845E-05   1.6671133589E-05
    17     -7.5235774970E-06  -4.2307150659E-05  -5.1687605848E-05

#
# The atoms: label  mass x y z (in bohrs)
#
$atoms
6
 C     12.01100      0.167793586040    -0.324948101674     2.585019447193
 H      1.00800      0.143149038784     1.440627085447     3.644506162972
 H      1.00800      1.878163838599    -1.322601445409     3.053003657821
 H      1.00800     -1.483161982134    -1.301968334672     3.306398078110
 F     18.99800     -0.123450236304     0.246062035397     7.510716439166
 I    126.90000     -0.001674683018     0.003322926217    -1.448551604835

$actual_temperature
  0.000000

$frequency_scale_factor
  1.000000


$end

