
$orca_hessian_file

$act_atom
  0

$act_coord
  0

$act_energy
      -12.418960

$multiplicity
  1

$hessian
18
                    0                  1                  2                  3                  4        
    0      5.1634579150E-01   2.3640000000E-07  -1.4906000000E-06  -4.5710708300E-02  -1.1543000000E-06
    1      2.3640000000E-07   5.1634632970E-01  -3.1596000000E-06  -1.1454000000E-06  -2.7928397710E-01
    2     -1.4906000000E-06  -3.1596000000E-06   1.6867828600E-02   2.4230000000E-07   3.2941878000E-02
    3     -4.5710708300E-02  -1.1454000000E-06   2.4230000000E-07   4.3878835100E-02   1.2948000000E-06
    4     -1.1543000000E-06  -2.7928397710E-01   3.2941878000E-02   1.2948000000E-06   3.0427794480E-01
    5      3.0530000000E-07   4.1635472300E-02  -1.9058776800E-02  -1.7160000000E-07  -3.4746027800E-02
    6     -2.2088313350E-01   1.0113807230E-01   2.8528008100E-02   7.7952330000E-04   3.7218900000E-05
    7      1.0113720510E-01  -1.0409854190E-01  -1.6469609800E-02   2.4883395000E-02  -1.3610309100E-02
    8      3.6056724200E-02  -2.0816728800E-02  -1.9059076700E-02  -1.8408030000E-03   1.8585261000E-03
    9     -2.2088590220E-01  -1.0113716360E-01  -2.8526945700E-02   7.7924580000E-04  -3.7355800000E-05
   10     -1.0113628680E-01  -1.0409655950E-01  -1.6468678800E-02  -2.4883550000E-02  -1.3610048500E-02
   11     -3.6055716200E-02  -2.0815772300E-02  -1.9058660200E-02   1.8408281000E-03   1.8585091000E-03
   12     -1.9445754400E-02   5.8000000000E-09   1.4480000000E-07   1.0509876000E-03   2.1000000000E-09
   13     -2.0000000000E-10  -1.9446438900E-02  -6.1000000000E-09   3.7400000000E-08   2.7471557000E-03
   14      1.4640000000E-07   2.9740000000E-07   3.1209348200E-02  -3.0400000000E-08  -7.6848750000E-04
   15     -9.4202931000E-03  -5.6000000000E-09   4.1000000000E-08  -7.7788360000E-04  -5.7000000000E-09
   16     -3.0000000000E-10  -9.4208123000E-03  -4.2380000000E-07  -3.1800000000E-08  -5.2076570000E-04
   17      3.0900000000E-08  -1.0900000000E-07   9.0993369000E-03  -6.5400000000E-08  -1.1443980000E-03
                    5                  6                  7                  8                  9        
    0      3.0530000000E-07  -2.2088313350E-01   1.0113720510E-01   3.6056724200E-02  -2.2088590220E-01
    1      4.1635472300E-02   1.0113807230E-01  -1.0409854190E-01  -2.0816728800E-02  -1.0113716360E-01
    2     -1.9058776800E-02   2.8528008100E-02  -1.6469609800E-02  -1.9059076700E-02  -2.8526945700E-02
    3     -1.7160000000E-07   7.7952330000E-04   2.4883395000E-02  -1.8408030000E-03   7.7924580000E-04
    4     -3.4746027800E-02   3.7218900000E-05  -1.3610309100E-02   1.8585261000E-03  -3.7355800000E-05
    5      4.5068671400E-02   6.8915860000E-04  -2.5233663000E-03   1.1744040000E-04  -6.8919090000E-04
    6      6.8915860000E-04   2.3917075910E-01  -1.1275249580E-01  -3.0090030500E-02  -2.0804295500E-02
    7     -2.5233663000E-03  -1.1275249580E-01   1.0897594250E-01   1.7372117500E-02  -1.2422889300E-02
    8      1.1744040000E-04  -3.0090030500E-02   1.7372117500E-02   4.5068443100E-02  -2.5296402000E-03
    9     -6.8919090000E-04  -2.0804295500E-02  -1.2422889300E-02  -2.5296402000E-03   2.3917375240E-01
   10     -2.5231999000E-03   1.2423181500E-02   7.9719613000E-03   6.6435350000E-04   1.1275143580E-01
   11      1.1743170000E-04   2.5297859000E-03   6.6441740000E-04   1.1750520000E-04   3.0089016900E-02
   12      1.4000000000E-08   2.3226014000E-03  -7.3411420000E-04   6.8805060000E-03   2.3225855000E-03
   13      7.9451207000E-03  -7.3453160000E-04   1.4747293000E-03  -3.9724978000E-03   7.3449700000E-04
   14     -6.8766796000E-03  -6.6568600000E-04   3.8411980000E-04  -6.8765293000E-03   6.6563070000E-04
   15     -1.1520000000E-07  -5.8545470000E-04  -1.1110100000E-04  -8.4767564000E-03  -5.8538610000E-04
   16     -9.7879991000E-03  -1.1144530000E-04  -7.1378220000E-04   4.8942295000E-03   1.1147590000E-04
   17     -1.9368087000E-02  -9.9123620000E-04   5.7232140000E-04  -1.9367782700E-02   9.9112930000E-04
                   10                 11                 12                 13                 14        
    0     -1.0113628680E-01  -3.6055716200E-02  -1.9445754400E-02  -2.0000000000E-10   1.4640000000E-07
    1     -1.0409655950E-01  -2.0815772300E-02   5.8000000000E-09  -1.9446438900E-02   2.9740000000E-07
    2     -1.6468678800E-02  -1.9058660200E-02   1.4480000000E-07  -6.1000000000E-09   3.1209348200E-02
    3     -2.4883550000E-02   1.8408281000E-03   1.0509876000E-03   3.7400000000E-08  -3.0400000000E-08
    4     -1.3610048500E-02   1.8585091000E-03   2.1000000000E-09   2.7471557000E-03  -7.6848750000E-04
    5     -2.5231999000E-03   1.1743170000E-04   1.4000000000E-08   7.9451207000E-03  -6.8766796000E-03
    6      1.2423181500E-02   2.5297859000E-03   2.3226014000E-03  -7.3453160000E-04  -6.6568600000E-04
    7      7.9719613000E-03   6.6441740000E-04  -7.3411420000E-04   1.4747293000E-03   3.8411980000E-04
    8      6.6435350000E-04   1.1750520000E-04   6.8805060000E-03  -3.9724978000E-03  -6.8765293000E-03
    9      1.1275143580E-01   3.0089016900E-02   2.3225855000E-03   7.3449700000E-04   6.6563070000E-04
   10      1.0897370410E-01   1.7371101700E-02   7.3411370000E-04   1.4747242000E-03   3.8410900000E-04
   11      1.7371101700E-02   4.5068023200E-02  -6.8805932000E-03  -3.9724063000E-03  -6.8764410000E-03
   12      7.3411370000E-04  -6.8805932000E-03   1.0771810100E-02  -6.2000000000E-09  -1.1100000000E-08
   13      1.4747242000E-03  -3.9724063000E-03  -6.2000000000E-09   1.0771994800E-02  -6.2400000000E-08
   14      3.8410900000E-04  -6.8764410000E-03  -1.1100000000E-08  -6.2400000000E-08   6.5304511000E-03
   15      1.1110590000E-04   8.4766784000E-03   2.9777699000E-03   3.6000000000E-09  -4.9600000000E-08
   16     -7.1378170000E-04   4.8941503000E-03  -1.2000000000E-09   2.9778348000E-03   2.3700000000E-08
   17      5.7231450000E-04  -1.9367858800E-02  -6.0500000000E-08  -1.4820000000E-07  -1.7110149400E-02
                   15                 16                 17        
     0     -9.4202931000E-03  -3.0000000000E-10   3.0900000000E-08
     1     -5.6000000000E-09  -9.4208123000E-03  -1.0900000000E-07
     2      4.1000000000E-08  -4.2380000000E-07   9.0993369000E-03
     3     -7.7788360000E-04  -3.1800000000E-08  -6.5400000000E-08
     4     -5.7000000000E-09  -5.2076570000E-04  -1.1443980000E-03
     5     -1.1520000000E-07  -9.7879991000E-03  -1.9368087000E-02
     6     -5.8545470000E-04  -1.1144530000E-04  -9.9123620000E-04
     7     -1.1110100000E-04  -7.1378220000E-04   5.7232140000E-04
     8     -8.4767564000E-03   4.8942295000E-03  -1.9367782700E-02
     9     -5.8538610000E-04   1.1147590000E-04   9.9112930000E-04
    10      1.1110590000E-04  -7.1378170000E-04   5.7231450000E-04
    11      8.4766784000E-03   4.8941503000E-03  -1.9367858800E-02
    12      2.9777699000E-03  -1.2000000000E-09  -6.0500000000E-08
    13      3.6000000000E-09   2.9778348000E-03  -1.4820000000E-07
    14     -4.9600000000E-08   2.3700000000E-08  -1.7110149400E-02
    15      8.3912476000E-03   2.9000000000E-09   2.0190000000E-07
    16      2.9000000000E-09   8.3913070000E-03   1.9300000000E-08
    17      2.0190000000E-07   1.9300000000E-08   6.6114541100E-02

$vibrational_frequencies
18
    0        0.0000000000000000
    1        0.0000000000000000
    2        0.0000000000000000
    3        0.0000000000000000
    4        0.0000000000000000
    5        0.0000000000000000
    6     -230.8573448421864498
    7      203.2022114602365832
    8      235.7093473714671745
    9      235.7111756881836584
   10     1010.4528312993419377
   11     1010.4561691701161408
   12     1069.1938000362390540
   13     1389.0958204357593786
   14     1389.1156551757039779
   15     2907.1204825006525425
   16     2974.4610462361806640
   17     2974.4921158063793882

$normal_modes
18 18
                    0                  1                  2                  3                  4        
    0      0.0000000000E+00   0.0000000000E+00   0.0000000000E+00   0.0000000000E+00   0.0000000000E+00
    1      0.0000000000E+00   0.0000000000E+00   0.0000000000E+00   0.0000000000E+00   0.0000000000E+00
    2      0.0000000000E+00   0.0000000000E+00   0.0000000000E+00   0.0000000000E+00   0.0000000000E+00
    3      0.0000000000E+00   0.0000000000E+00   0.0000000000E+00   0.0000000000E+00   0.0000000000E+00
    4      0.0000000000E+00   0.0000000000E+00   0.0000000000E+00   0.0000000000E+00   0.0000000000E+00
    5      0.0000000000E+00   0.0000000000E+00   0.0000000000E+00   0.0000000000E+00   0.0000000000E+00
    6      0.0000000000E+00   0.0000000000E+00   0.0000000000E+00   0.0000000000E+00   0.0000000000E+00
    7      0.0000000000E+00   0.0000000000E+00   0.0000000000E+00   0.0000000000E+00   0.0000000000E+00
    8      0.0000000000E+00   0.0000000000E+00   0.0000000000E+00   0.0000000000E+00   0.0000000000E+00
    9      0.0000000000E+00   0.0000000000E+00   0.0000000000E+00   0.0000000000E+00   0.0000000000E+00
   10      0.0000000000E+00   0.0000000000E+00   0.0000000000E+00   0.0000000000E+00   0.0000000000E+00
   11      0.0000000000E+00   0.0000000000E+00   0.0000000000E+00   0.0000000000E+00   0.0000000000E+00
   12      0.0000000000E+00   0.0000000000E+00   0.0000000000E+00   0.0000000000E+00   0.0000000000E+00
   13      0.0000000000E+00   0.0000000000E+00   0.0000000000E+00   0.0000000000E+00   0.0000000000E+00
   14      0.0000000000E+00   0.0000000000E+00   0.0000000000E+00   0.0000000000E+00   0.0000000000E+00
   15      0.0000000000E+00   0.0000000000E+00   0.0000000000E+00   0.0000000000E+00   0.0000000000E+00
   16      0.0000000000E+00   0.0000000000E+00   0.0000000000E+00   0.0000000000E+00   0.0000000000E+00
   17      0.0000000000E+00   0.0000000000E+00   0.0000000000E+00   0.0000000000E+00   0.0000000000E+00
                    5                  6                  7                  8                  9        
    0      0.0000000000E+00   2.1903093310E-06   5.2658138432E-07   4.7286337306E-01  -2.4240829155E-03
    1      0.0000000000E+00  -2.4438612147E-06   1.2006936119E-05   2.4240950708E-03   4.7286383954E-01
    2      0.0000000000E+00   7.9941100564E-01  -5.7363129000E-01  -7.5247576304E-07   6.1304534817E-06
    3      0.0000000000E+00   4.5639715718E-07   1.3220387979E-06   4.9967310122E-01  -2.5627244688E-03
    4      0.0000000000E+00  -6.3285271233E-02   3.3213045865E-02   2.4961536327E-03   4.8694937926E-01
    5      0.0000000000E+00   2.0808033149E-01  -2.5995087084E-01   1.3769180763E-04   2.7112984802E-02
    6      0.0000000000E+00  -5.4805855494E-02   2.8754353269E-02   4.9014806607E-01   2.9911563186E-03
    7      0.0000000000E+00   3.1627696573E-02  -1.6583944582E-02   8.0415534839E-03   4.9645412647E-01
    8      0.0000000000E+00   2.0809272144E-01  -2.5995773611E-01   2.3403006549E-02  -1.3668657791E-02
    9      0.0000000000E+00   5.4806497786E-02  -2.8751628823E-02   4.9009149037E-01  -8.0152024162E-03
   10      0.0000000000E+00   3.1627540570E-02  -1.6583898223E-02  -2.9511217533E-03   4.9650860640E-01
   11      0.0000000000E+00   2.0809307956E-01  -2.5995572744E-01  -2.3544575301E-02  -1.3427155030E-02
   12      0.0000000000E+00  -8.9194642827E-07  -3.3094939124E-07  -2.1090670164E-01   1.0811859732E-03
   13      0.0000000000E+00   9.7578594886E-07  -5.1455562329E-06  -1.0811934212E-03  -2.1090681552E-01
   14      0.0000000000E+00  -4.6788286631E-01  -6.6287153937E-01   9.7472547280E-07   3.3575340118E-06
   15      0.0000000000E+00  -8.2506589393E-08  -3.2436951894E-08  -2.4937024546E-02   1.2783887714E-04
   16      0.0000000000E+00   3.2379510213E-07  -7.2517507185E-07  -1.2783744150E-04  -2.4937047317E-02
   17      0.0000000000E+00  -1.0576415729E-02   1.5972594309E-01  -4.3907709774E-08  -1.2192960173E-06
                   10                 11                 12                 13                 14        
    0     -2.5502734990E-02   1.1573351641E-03  -2.5107087071E-07  -9.0291352670E-04   9.5427544980E-02
    1     -1.1572793807E-03  -2.5503221170E-02  -2.2747265582E-06   9.5428083123E-02   9.0292635653E-04
    2      2.8415618005E-07  -4.7669427288E-07  -5.2264629393E-02  -2.1605576842E-06  -2.7286341077E-07
    3      1.2323369797E-01  -5.5914018655E-03   1.9786984279E-06   7.5531188513E-03  -7.9778274605E-01
    4      4.3257431329E-03   9.5329313138E-02   7.0903252922E-02   6.9148255460E-02   6.5891215530E-04
    5      3.6319325531E-02   8.0029272459E-01   5.7206643025E-01   1.3892495728E-01   1.3173242272E-03
    6      1.0285286619E-01   7.4424741014E-03   6.1417015491E-02  -3.7399168960E-01  -1.5113658787E-01
    7      1.7360710606E-02   1.1570815040E-01  -3.5444127750E-02  -5.7749815462E-01  -3.8089404307E-01
    8      6.7489666822E-01  -4.3157650637E-01   5.7210991046E-01  -7.0580415482E-02   1.1964274829E-01
    9      1.0175181940E-01  -1.6728888004E-02  -6.1412618800E-02   3.7677985067E-01  -1.4402588272E-01
   10     -6.8085924499E-03   1.1680315741E-01  -3.5443874097E-02  -5.8461020667E-01   3.6989392182E-01
   11     -7.1122222432E-01  -3.6866585880E-01   5.7210398317E-01  -6.8304960516E-02  -1.2095708522E-01
   12      1.4673350553E-02  -6.6596100201E-04  -2.9327225618E-08   8.0785088775E-06  -8.5263190170E-04
   13      6.6593870500E-04   1.4673461192E-02  -1.8049797133E-07  -8.5237791934E-04  -8.0326094563E-06
   14     -4.7374111412E-08  -7.6447200862E-07  -1.6545486093E-02  -7.3578661120E-08   3.1039975978E-09
   15     -2.3870138256E-03   1.0833737395E-04  -2.2487167484E-08   2.1072395355E-06  -2.2295637121E-04
   16     -1.0833967735E-04  -2.3870021448E-03   1.2118011760E-07  -2.2292706068E-04  -2.1158879842E-06
   17      2.9688180795E-08  -2.4045142507E-07  -6.2090540429E-03  -9.8893815252E-08   1.6327543928E-09
                   15                 16                 17        
     0     -9.9382836339E-07   9.7210294215E-02   1.7903062046E-03
     1      2.8140585114E-05  -1.7902951022E-03   9.7209403034E-02
     2      1.5797570756E-02  -2.6936812058E-08  -5.3110870277E-06
     3     -5.7204964702E-07   4.2570799201E-02   7.7961470901E-04
     4      5.7333386672E-01   1.4800739012E-02  -8.0352926174E-01
     5     -6.5287781677E-02  -2.0978310958E-03   1.1389169467E-01
     6      4.9684261724E-01  -5.9859870878E-01   3.5523715177E-01
     7     -2.8683591120E-01   3.6939996243E-01  -1.6206564016E-01
     8     -6.5338948221E-02   9.9662506660E-02  -5.5098101992E-02
     9     -4.9683059059E-01  -5.8513223813E-01  -3.7703354873E-01
    10     -2.8682830714E-01  -3.6318442906E-01  -1.7555027587E-01
    11     -6.5333691501E-02  -9.7564515354E-02  -5.8727059423E-02
    12     -2.5825307607E-08  -5.9462006399E-04  -1.0982559855E-05
    13     -1.8104902758E-07   1.0938690208E-05  -5.9471519085E-04
    14      8.5233772897E-05   2.5502098272E-09  -3.7520195773E-08
    15      6.9445613310E-09  -4.7335090218E-05  -8.6528480258E-07
    16     -1.2313346884E-08   8.7485167786E-07  -4.7355409421E-05
    17      4.8575344397E-05   8.9517907535E-10  -2.0183174873E-08

#
# The atoms: label  mass x y z (in bohrs)
#
$atoms
6
 C     12.01100     -0.000000739238    -0.000008256766     3.490446948362
 H      1.00800     -0.000000373041     2.037933524452     3.174137574816
 H      1.00800      1.764909226601    -1.018980170273     3.174138301915
 H      1.00800     -1.764910065967    -1.018980224131     3.174137300909
 F     18.99800      0.000000516869     0.000001477320     7.291296446300
 I    126.90000      0.000000002219     0.000000773765    -1.497576049383

$actual_temperature
  0.000000

$frequency_scale_factor
  1.000000


$end

