
$orca_hessian_file

$act_atom
  0

$act_coord
  0

$act_energy
      -12.411727

$multiplicity
  1

$hessian
18
                    0                  1                  2                  3                  4        
    0      4.8884981180E-01  -3.2718401200E-02  -1.6607823000E-03  -4.0359573600E-02   6.1587528000E-03
    1     -3.2718401200E-02   4.3513873990E-01  -8.5241835000E-03   6.8619978000E-03  -2.3400056140E-01
    2     -1.6607823000E-03  -8.5241835000E-03   3.1692856440E-01   2.0194483000E-03  -8.7727140500E-02
    3     -4.0359573600E-02   6.8619978000E-03   2.0194483000E-03   4.8480189100E-02  -3.6191628000E-03
    4      6.1587528000E-03  -2.3400056140E-01  -8.7727140500E-02  -3.6191628000E-03   2.7622609810E-01
    5      1.6664658000E-03  -1.0069410190E-01  -7.4023166600E-02  -3.0264534000E-03   9.5375199700E-02
    6     -2.3247705460E-01   1.1095673460E-01  -8.3039780600E-02  -2.3391259000E-03   3.7200038000E-03
    7      1.0999662980E-01  -1.0170724530E-01   4.7723401300E-02   2.7972475700E-02  -1.9659118700E-02
    8     -9.4443569000E-02   5.4157205500E-02  -6.7548669500E-02   8.5738026000E-03  -5.1243124000E-03
    9     -2.0007968070E-01  -8.5332896500E-02   8.5028855200E-02  -4.5606885000E-03  -6.1763030000E-03
   10     -8.3663483800E-02  -8.3672311100E-02   4.6287246300E-02  -3.1156550800E-02  -2.6307505200E-02
   11      9.6499012000E-02   5.3155850300E-02  -7.8610638700E-02  -7.2204166000E-03  -5.0447442000E-03
   12      1.6652760000E-03  -9.6170800000E-05  -6.7644990000E-04  -1.8882180000E-03   3.2196200000E-05
   13     -1.1711280000E-04   1.4692306000E-03  -6.1444900000E-05   4.0200940000E-04  -7.5216180000E-04
   14     -3.5461060000E-04   2.4063560000E-04   7.5414703000E-03  -4.7090500000E-05  -3.1704480000E-04
   15     -1.7598778900E-02   3.2873610000E-04  -1.6712907000E-03   6.6741690000E-04  -1.1548700000E-04
   16      3.4361520000E-04  -1.7227852600E-02   2.3021212000E-03  -4.6076940000E-04   4.4932490000E-03
   17     -1.7065158000E-03   1.6645940000E-03  -1.0428755990E-01  -2.9929050000E-04   2.8380421000E-03
                    5                  6                  7                  8                  9        
    0      1.6664658000E-03  -2.3247705460E-01   1.0999662980E-01  -9.4443569000E-02  -2.0007968070E-01
    1     -1.0069410190E-01   1.1095673460E-01  -1.0170724530E-01   5.4157205500E-02  -8.5332896500E-02
    2     -7.4023166600E-02  -8.3039780600E-02   4.7723401300E-02  -6.7548669500E-02   8.5028855200E-02
    3     -3.0264534000E-03  -2.3391259000E-03   2.7972475700E-02   8.5738026000E-03  -4.5606885000E-03
    4      9.5375199700E-02   3.7200038000E-03  -1.9659118700E-02  -5.1243124000E-03  -6.1763030000E-03
    5      8.3133562000E-02   3.9042090000E-04   7.9891102000E-03   5.2457189000E-03   8.3947160000E-04
    6      3.9042090000E-04   2.6183080850E-01  -1.2493509850E-01   8.8545275500E-02  -2.9386613700E-02
    7      7.9891102000E-03  -1.2493509850E-01   1.1498878730E-01  -5.0989352500E-02  -1.1262492700E-02
    8      5.2457189000E-03   8.8545275500E-02  -5.0989352500E-02   8.0385859600E-02   8.9685742000E-03
    9      8.3947160000E-04  -2.9386613700E-02  -1.1262492700E-02   8.9685742000E-03   2.3144600780E-01
   10      9.0084451000E-03   1.2167902300E-02   6.2734622000E-03  -4.8566100000E-03   1.0064041830E-01
   11      6.7172951000E-03  -6.7246680000E-03  -4.2953479000E-03   5.3199096000E-03  -9.2450600000E-02
   12     -4.8377410000E-04   2.3856450000E-04  -8.0893180000E-04  -4.9162360000E-04  -1.2217533000E-03
   13     -3.1941280000E-04  -7.8560980000E-04  -6.4647370000E-04   2.6567020000E-04   4.1401070000E-04
   14     -5.0778768000E-03  -6.1736100000E-04   3.4907970000E-04  -3.8215792000E-03   2.1980930000E-04
   15      6.1386920000E-04   2.1334212000E-03  -9.6258250000E-04  -1.1152459700E-02   3.8027283000E-03
   16     -1.1359240300E-02  -1.1239323000E-03   7.5058810000E-04   6.5473992000E-03   1.7172633000E-03
   17     -1.5995532600E-02   1.4461133000E-03  -7.7689080000E-04  -1.9581239400E-02  -2.6061104000E-03
                   10                 11                 12                 13                 14        
    0     -8.3663483800E-02   9.6499012000E-02   1.6652760000E-03  -1.1711280000E-04  -3.5461060000E-04
    1     -8.3672311100E-02   5.3155850300E-02  -9.6170800000E-05   1.4692306000E-03   2.4063560000E-04
    2      4.6287246300E-02  -7.8610638700E-02  -6.7644990000E-04  -6.1444900000E-05   7.5414703000E-03
    3     -3.1156550800E-02  -7.2204166000E-03  -1.8882180000E-03   4.0200940000E-04  -4.7090500000E-05
    4     -2.6307505200E-02  -5.0447442000E-03   3.2196200000E-05  -7.5216180000E-04  -3.1704480000E-04
    5      9.0084451000E-03   6.7172951000E-03  -4.8377410000E-04  -3.1941280000E-04  -5.0778768000E-03
    6      1.2167902300E-02  -6.7246680000E-03   2.3856450000E-04  -7.8560980000E-04  -6.1736100000E-04
    7      6.2734622000E-03  -4.2953479000E-03  -8.0893180000E-04  -6.4647370000E-04   3.4907970000E-04
    8     -4.8566100000E-03   5.3199096000E-03  -4.9162360000E-04   2.6567020000E-04  -3.8215792000E-03
    9      1.0064041830E-01  -9.2450600000E-02  -1.2217533000E-03   4.1401070000E-04   2.1980930000E-04
   10      1.0376075820E-01  -4.9443546200E-02   7.9615220000E-04  -1.3579891000E-03   1.6169290000E-04
   11     -4.9443546200E-02   8.6264580800E-02   4.7635350000E-04   8.0579950000E-04  -4.9627740000E-03
   12      7.9615220000E-04   4.7635350000E-04   6.7094570000E-04  -7.3753300000E-05   5.0082600000E-04
   13     -1.3579891000E-03   8.0579950000E-04  -7.3753300000E-05   6.8192730000E-04  -3.0144280000E-04
   14      1.6169290000E-04  -4.9627740000E-03   5.0082600000E-04  -3.0144280000E-04   1.6826340000E-02
   15      1.2155619000E-03   9.4203191000E-03   5.3518500000E-04   1.6045590000E-04   2.9842670000E-04
   16      1.3035851000E-03   4.8219885000E-03   1.5050760000E-04   6.0546670000E-04  -1.3292070000E-04
   17     -1.1572282000E-03  -1.4728372800E-02   6.7466820000E-04  -3.8916920000E-04  -1.0505580400E-02
                   15                 16                 17        
     0     -1.7598778900E-02   3.4361520000E-04  -1.7065158000E-03
     1      3.2873610000E-04  -1.7227852600E-02   1.6645940000E-03
     2     -1.6712907000E-03   2.3021212000E-03  -1.0428755990E-01
     3      6.6741690000E-04  -4.6076940000E-04  -2.9929050000E-04
     4     -1.1548700000E-04   4.4932490000E-03   2.8380421000E-03
     5      6.1386920000E-04  -1.1359240300E-02  -1.5995532600E-02
     6      2.1334212000E-03  -1.1239323000E-03   1.4461133000E-03
     7     -9.6258250000E-04   7.5058810000E-04  -7.7689080000E-04
     8     -1.1152459700E-02   6.5473992000E-03  -1.9581239400E-02
     9      3.8027283000E-03   1.7172633000E-03  -2.6061104000E-03
    10      1.2155619000E-03   1.3035851000E-03  -1.1572282000E-03
    11      9.4203191000E-03   4.8219885000E-03  -1.4728372800E-02
    12      5.3518500000E-04   1.5050760000E-04   6.7466820000E-04
    13      1.6045590000E-04   6.0546670000E-04  -3.8916920000E-04
    14      2.9842670000E-04  -1.3292070000E-04  -1.0505580400E-02
    15      1.0460027500E-02  -6.2668430000E-04   2.4911353000E-03
    16     -6.2668430000E-04   1.0074963800E-02  -2.1793479000E-03
    17      2.4911353000E-03  -2.1793479000E-03   1.6509828510E-01

$vibrational_frequencies
18
    0        0.0000000000000000
    1        0.0000000000000000
    2        0.0000000000000000
    3        0.0000000000000000
    4        0.0000000000000000
    5        0.0000000000000000
    6       71.0118120952208187
    7       76.3213365252648259
    8      159.4693110110861198
    9      548.1316201358828266
   10      778.6257377409286846
   11      839.8092445166308835
   12     1354.8329430646667788
   13     1452.3144395570002416
   14     1532.7805467402099566
   15     2965.9247909471655475
   16     3063.0639980016612753
   17     3224.6436527087435024

$normal_modes
18 18
                    0                  1                  2                  3                  4        
    0      0.0000000000E+00   0.0000000000E+00   0.0000000000E+00   0.0000000000E+00   0.0000000000E+00
    1      0.0000000000E+00   0.0000000000E+00   0.0000000000E+00   0.0000000000E+00   0.0000000000E+00
    2      0.0000000000E+00   0.0000000000E+00   0.0000000000E+00   0.0000000000E+00   0.0000000000E+00
    3      0.0000000000E+00   0.0000000000E+00   0.0000000000E+00   0.0000000000E+00   0.0000000000E+00
    4      0.0000000000E+00   0.0000000000E+00   0.0000000000E+00   0.0000000000E+00   0.0000000000E+00
    5      0.0000000000E+00   0.0000000000E+00   0.0000000000E+00   0.0000000000E+00   0.0000000000E+00
    6      0.0000000000E+00   0.0000000000E+00   0.0000000000E+00   0.0000000000E+00   0.0000000000E+00
    7      0.0000000000E+00   0.0000000000E+00   0.0000000000E+00   0.0000000000E+00   0.0000000000E+00
    8      0.0000000000E+00   0.0000000000E+00   0.0000000000E+00   0.0000000000E+00   0.0000000000E+00
    9      0.0000000000E+00   0.0000000000E+00   0.0000000000E+00   0.0000000000E+00   0.0000000000E+00
   10      0.0000000000E+00   0.0000000000E+00   0.0000000000E+00   0.0000000000E+00   0.0000000000E+00
   11      0.0000000000E+00   0.0000000000E+00   0.0000000000E+00   0.0000000000E+00   0.0000000000E+00
   12      0.0000000000E+00   0.0000000000E+00   0.0000000000E+00   0.0000000000E+00   0.0000000000E+00
   13      0.0000000000E+00   0.0000000000E+00   0.0000000000E+00   0.0000000000E+00   0.0000000000E+00
   14      0.0000000000E+00   0.0000000000E+00   0.0000000000E+00   0.0000000000E+00   0.0000000000E+00
   15      0.0000000000E+00   0.0000000000E+00   0.0000000000E+00   0.0000000000E+00   0.0000000000E+00
   16      0.0000000000E+00   0.0000000000E+00   0.0000000000E+00   0.0000000000E+00   0.0000000000E+00
   17      0.0000000000E+00   0.0000000000E+00   0.0000000000E+00   0.0000000000E+00   0.0000000000E+00
                    5                  6                  7                  8                  9        
    0      0.0000000000E+00   3.7089209306E-01  -1.7341084700E-01   1.0677562990E-01   6.3815780438E-04
    1      0.0000000000E+00   1.6920991173E-01   3.8019039543E-01  -5.8610455488E-02  -7.5511034992E-03
    2      0.0000000000E+00  -7.1638482318E-03   1.4482741180E-02   1.1989986047E-01   5.8939051586E-01
    3      0.0000000000E+00   5.0917913385E-01  -1.8123124349E-01   1.2324709303E-01   2.2701093336E-02
    4      0.0000000000E+00   2.1380345146E-01   4.6375740552E-01  -4.8103114764E-02   2.7176127298E-02
    5      0.0000000000E+00  -9.4719238213E-02  -1.6960992609E-01   6.7987255531E-02   4.7944073042E-01
    6      0.0000000000E+00   4.0086872433E-01  -2.1630221618E-01   1.2703497849E-01   5.9069027383E-02
    7      0.0000000000E+00   1.2958241743E-01   4.3176363707E-01  -8.1947545508E-02  -3.4874613326E-02
    8      0.0000000000E+00  -1.2444695599E-01   1.7638054757E-01   1.9025740266E-02   3.8584905535E-01
    9      0.0000000000E+00   4.2225337081E-01  -2.0335604408E-01   9.6477862713E-02  -1.0906502254E-02
   10      0.0000000000E+00   2.8112360817E-01   4.5923926583E-01  -6.2365220185E-02  -3.2872897446E-02
   11      0.0000000000E+00   2.0193667057E-01   3.6882026654E-02   6.9547407952E-02   5.1213741268E-01
   12      0.0000000000E+00  -1.5014234852E-01   6.9676930059E-02  -3.4201073666E-02  -2.9495343298E-03
   13      0.0000000000E+00  -6.8794287018E-02  -1.5337641898E-01   1.9033903794E-02   1.6155904802E-03
   14      0.0000000000E+00   2.8070457695E-02  -3.8506829994E-02  -9.4301034303E-01  -6.9584514913E-03
   15      0.0000000000E+00  -2.3209930901E-02   1.0755019589E-02  -7.7404578957E-03  -1.8171936646E-04
   16      0.0000000000E+00  -1.0677162631E-02  -2.3784239737E-02   4.2263142954E-03   7.9510851637E-04
   17      0.0000000000E+00  -3.3874721383E-03   4.0472709425E-03   1.2858455781E-01  -6.5684944370E-02
                   10                 11                 12                 13                 14        
    0     -7.2530254945E-02  -8.6609268104E-02   6.5810545661E-03  -3.3507774595E-02   6.0116239265E-02
    1     -9.2694530941E-02   6.9532100424E-02  -5.5804238439E-03  -6.1419739338E-02  -3.1280456331E-02
    2     -6.4520352595E-03  -8.2486777308E-03   1.0146866813E-01  -4.7730175713E-04  -1.0956718577E-02
    3      1.4402889976E-01   2.0150951808E-01  -6.2272583346E-02   3.5934507383E-01  -6.5021155891E-01
    4      1.7941873625E-01  -1.3753225779E-01   2.2320961662E-01  -1.2194618499E-01  -9.7100593148E-02
    5     -5.6707800175E-01   4.4113776469E-01  -5.1968864107E-01   2.7753135521E-01   2.0030465847E-01
    6      1.4778586992E-01   1.3688330219E-01   1.9536265860E-01   3.6993345962E-01   8.6366690215E-02
    7      2.1281815583E-01  -1.2788956796E-01  -1.0278775681E-01   6.3540654916E-01  -8.6706186331E-02
    8     -1.0325218994E-01  -7.4566696327E-01  -5.6447157535E-01  -1.6560573067E-02  -2.5640576879E-01
    9      1.5360630063E-01   1.9983388953E-01  -2.3011747859E-01  -2.9795691255E-01  -2.1788871853E-01
   10      1.9435170399E-01  -1.8087736880E-01  -5.0004183090E-02   2.8758441973E-01   5.9526788783E-01
   11      6.8731627170E-01   2.6396417157E-01  -4.9294903627E-01  -2.4845580928E-01   2.0104391837E-01
   12      2.5621226144E-04  -9.9070741405E-04   5.5894063978E-04  -5.3404647016E-04   1.3567231040E-03
   13      1.1967869523E-04   9.3450281840E-04  -5.3546542473E-04  -8.9648132554E-04  -6.6399888007E-04
   14     -4.8384777295E-04  -1.6499320185E-03   5.9101286049E-03  -8.1909362156E-05  -6.6922307004E-04
   15      3.2884864675E-03   4.0705504742E-03   6.4143592479E-05  -1.7466113771E-04   3.1644035125E-04
   16      4.0961312091E-03  -3.1759980664E-03   4.9000983425E-05  -4.1536092012E-04  -2.0826308521E-04
   17      5.4819201607E-04   1.3499592115E-03   2.0386550871E-03  -4.1970899714E-05  -1.4084348317E-05
                   15                 16                 17        
     0     -1.8782785249E-02  -6.0606919413E-02  -6.1204847021E-02
     1     -7.7958454010E-02  -6.9402944524E-03   3.5774653501E-02
     2     -1.6767949509E-02   3.6623365223E-02  -2.7509756108E-02
     3     -2.9539061584E-02  -3.4576385986E-02  -2.6870700323E-02
     4      8.6654498480E-01  -3.1985937325E-01   3.9236084793E-02
     5      3.6278125434E-01  -1.1102161264E-01   1.5260176932E-03
     6     -2.2503811676E-02   7.0792074744E-03   8.1408499649E-01
     7     -3.7832243695E-02  -2.6326610115E-02  -4.6552488808E-01
     8     -1.1607910307E-02   2.9983740757E-02   3.3037717703E-01
     9      2.7602553699E-01   7.5004832104E-01  -5.7649731084E-02
    10      1.0048263376E-01   4.2886674205E-01  -1.1308362941E-04
    11     -1.4678602705E-01  -3.6189007522E-01   5.7483914354E-03
    12     -6.3371984156E-05  -1.1191441264E-04   5.9607533750E-05
    13     -1.5690916573E-04  -4.2549393042E-05  -3.3323532626E-05
    14     -2.2252201001E-04   4.2578316389E-04  -2.9019001137E-04
    15      8.1122895243E-06   1.3745527293E-05  -1.1048762544E-05
    16      2.1363385229E-05   6.5092614613E-06   5.9639029580E-06
    17     -3.1134816246E-06  -1.1827403919E-05  -3.4831271858E-05

#
# The atoms: label  mass x y z (in bohrs)
#
$atoms
6
 C     12.01100      0.019192718025    -0.044265431426     2.572201549794
 H      1.00800     -0.036773639091     1.819111587596     3.465810026185
 H      1.00800      1.651531404578    -0.979950980612     3.304436864025
 H      1.00800     -1.602390183976    -0.909975716108     3.484058708481
 F     18.99800     -0.060546674407     0.031935396467     7.289943539542
 I    126.90000      0.007149530828    -0.000028801696    -1.416275809474

$actual_temperature
  0.000000

$frequency_scale_factor
  1.000000


$end

