
$orca_hessian_file

$act_atom
  0

$act_coord
  0

$act_energy
      -12.424251

$multiplicity
  1

$hessian
18
                    0                  1                  2                  3                  4        
    0      5.7937885320E-01   2.1910000000E-07  -1.9700000000E-06  -4.1303237300E-02  -1.6783000000E-06
    1      2.1910000000E-07   5.7938152800E-01   8.7888000000E-06  -1.6934000000E-06  -3.2840888620E-01
    2     -1.9700000000E-06   8.7888000000E-06   8.6277370000E-03  -7.5300000000E-08  -4.0237997400E-02
    3     -4.1303237300E-02  -1.6934000000E-06  -7.5300000000E-08   4.1843053300E-02   1.8100000000E-06
    4     -1.6783000000E-06  -3.2840888620E-01  -4.0237997400E-02   1.8100000000E-06   3.5519875260E-01
    5     -1.4040000000E-07  -4.2747577800E-02  -1.4746472400E-02   2.3290000000E-07   4.1246367400E-02
    6     -2.5662519080E-01   1.2431987870E-01  -3.4853320700E-02  -3.5311360000E-04   2.7390680000E-04
    7      1.2431765480E-01  -1.1307657210E-01   2.0106265200E-02   2.4362004000E-02  -1.4581507900E-02
    8     -3.7019283000E-02   2.1372622000E-02  -1.4746079900E-02   3.5802969000E-03  -1.2415885000E-03
    9     -2.5662754090E-01  -1.2431840350E-01   3.4855291900E-02  -3.5340720000E-04  -2.7406230000E-04
   10     -1.2431620460E-01  -1.1307408930E-01   2.0106760400E-02  -2.4362112000E-02  -1.4581241600E-02
   11      3.7021069400E-02   2.1373006800E-02  -1.4746542200E-02  -3.5803079000E-03  -1.2415480000E-03
   12     -1.0986604300E-02   6.7000000000E-09   7.5000000000E-08   2.7038700000E-04   9.8000000000E-09
   13      5.5000000000E-09  -1.0986088300E-02   9.2640000000E-06   2.1900000000E-08   1.1508021000E-03
   14      2.1820000000E-07  -2.5523000000E-06   3.1735785100E-02  -5.7600000000E-08   4.6901460000E-04
   15     -1.3836279900E-02  -7.7000000000E-09  -9.0000000000E-10  -1.0368230000E-04   1.3900000000E-08
   16      3.4000000000E-09  -1.3835892100E-02   6.9190000000E-06  -3.0500000000E-08   1.2220810000E-03
   17      1.0580000000E-07  -4.2875000000E-06   3.8755724000E-03  -8.9000000000E-08   1.0057519000E-03
                    5                  6                  7                  8                  9        
    0     -1.4040000000E-07  -2.5662519080E-01   1.2431765480E-01  -3.7019283000E-02  -2.5662754090E-01
    1     -4.2747577800E-02   1.2431987870E-01  -1.1307657210E-01   2.1372622000E-02  -1.2431840350E-01
    2     -1.4746472400E-02  -3.4853320700E-02   2.0106265200E-02  -1.4746079900E-02   3.4855291900E-02
    3      2.3290000000E-07  -3.5311360000E-04   2.4362004000E-02   3.5802969000E-03  -3.5340720000E-04
    4      4.1246367400E-02   2.7390680000E-04  -1.4581507900E-02  -1.2415885000E-03  -2.7406230000E-04
    5      4.3777007800E-02   7.1500030000E-04   3.7217221000E-03   5.9555740000E-04  -7.1495770000E-04
    6      7.1500030000E-04   2.7685108120E-01  -1.3568412370E-01   3.5719900600E-02  -2.1690595400E-02
    7      3.7217221000E-03  -1.3568412370E-01   1.2018323430E-01  -2.0622084700E-02  -1.2042287000E-02
    8      5.9555740000E-04   3.5719900600E-02  -2.0622084700E-02   4.3776794500E-02   2.8649655000E-03
    9     -7.1495770000E-04  -2.1690595400E-02  -1.2042287000E-02   2.8649655000E-03   2.7685369130E-01
   10      3.7218908000E-03   1.2042564000E-02   6.7614133000E-03  -2.4791476000E-03   1.3568252710E-01
   11      5.9558100000E-04  -2.8648484000E-03  -2.4790369000E-03   5.9557060000E-04  -3.5721629700E-02
   12     -1.0900000000E-08   9.2876870000E-04  -3.8008350000E-04   4.6816707000E-03   9.2874350000E-04
   13      5.4056673000E-03  -3.7957860000E-04   4.8777160000E-04  -2.7034879000E-03   3.7955400000E-04
   14     -1.0988937900E-02   4.0855260000E-04  -2.3043110000E-04  -1.0989024900E-02  -4.0871420000E-04
   15     -1.2420000000E-07   8.8904970000E-04  -5.7316470000E-04  -9.8275506000E-03   8.8910870000E-04
   16     -1.1348069800E-02  -5.7264720000E-04   2.2566070000E-04   5.6736866000E-03   5.7267150000E-04
   17     -1.9232735900E-02   8.7471560000E-04  -4.9643460000E-04  -1.9232817700E-02  -8.7495570000E-04
                   10                 11                 12                 13                 14        
    0     -1.2431620460E-01   3.7021069400E-02  -1.0986604300E-02   5.5000000000E-09   2.1820000000E-07
    1     -1.1307408930E-01   2.1373006800E-02   6.7000000000E-09  -1.0986088300E-02  -2.5523000000E-06
    2      2.0106760400E-02  -1.4746542200E-02   7.5000000000E-08   9.2640000000E-06   3.1735785100E-02
    3     -2.4362112000E-02  -3.5803079000E-03   2.7038700000E-04   2.1900000000E-08  -5.7600000000E-08
    4     -1.4581241600E-02  -1.2415480000E-03   9.8000000000E-09   1.1508021000E-03   4.6901460000E-04
    5      3.7218908000E-03   5.9558100000E-04  -1.0900000000E-08   5.4056673000E-03  -1.0988937900E-02
    6      1.2042564000E-02  -2.8648484000E-03   9.2876870000E-04  -3.7957860000E-04   4.0855260000E-04
    7      6.7614133000E-03  -2.4790369000E-03  -3.8008350000E-04   4.8777160000E-04  -2.3043110000E-04
    8     -2.4791476000E-03   5.9557060000E-04   4.6816707000E-03  -2.7034879000E-03  -1.0989024900E-02
    9      1.3568252710E-01  -3.5721629700E-02   9.2874350000E-04   3.7955400000E-04  -4.0871420000E-04
   10      1.2018050060E-01  -2.0622601900E-02   3.8007500000E-04   4.8777030000E-04  -2.3044930000E-04
   11     -2.0622601900E-02   4.3777224500E-02  -4.6817656000E-03  -2.7034178000E-03  -1.0988939400E-02
   12      3.8007500000E-04  -4.6817656000E-03   6.4684896000E-03  -6.1000000000E-09   4.8100000000E-08
   13      4.8777030000E-04  -2.7034178000E-03  -6.1000000000E-09   6.4691180000E-03  -3.1366000000E-06
   14     -2.3044930000E-04  -1.0988939400E-02   4.8100000000E-08  -3.1366000000E-06   1.7855627400E-02
   15      5.7315040000E-04   9.8274821000E-03   2.3902155000E-03   3.2000000000E-09  -4.7000000000E-08
   16      2.2564660000E-04   5.6735979000E-03  -2.0000000000E-09   2.3906262000E-03  -2.4453000000E-06
   17     -4.9645230000E-04  -1.9232894500E-02  -1.7300000000E-08  -4.8891000000E-06  -1.6624510300E-02
                   15                 16                 17        
     0     -1.3836279900E-02   3.4000000000E-09   1.0580000000E-07
     1     -7.7000000000E-09  -1.3835892100E-02  -4.2875000000E-06
     2     -9.0000000000E-10   6.9190000000E-06   3.8755724000E-03
     3     -1.0368230000E-04  -3.0500000000E-08  -8.9000000000E-08
     4      1.3900000000E-08   1.2220810000E-03   1.0057519000E-03
     5     -1.2420000000E-07  -1.1348069800E-02  -1.9232735900E-02
     6      8.8904970000E-04  -5.7264720000E-04   8.7471560000E-04
     7     -5.7316470000E-04   2.2566070000E-04  -4.9643460000E-04
     8     -9.8275506000E-03   5.6736866000E-03  -1.9232817700E-02
     9      8.8910870000E-04   5.7267150000E-04  -8.7495570000E-04
    10      5.7315040000E-04   2.2564660000E-04  -4.9645230000E-04
    11      9.8274821000E-03   5.6735979000E-03  -1.9232894500E-02
    12      2.3902155000E-03  -2.0000000000E-09  -1.7300000000E-08
    13      3.2000000000E-09   2.3906262000E-03  -4.8891000000E-06
    14     -4.7000000000E-08  -2.4453000000E-06  -1.6624510300E-02
    15      9.7715883000E-03   4.8000000000E-09   2.4060000000E-07
    16      4.8000000000E-09   9.7718777000E-03  -3.6883000000E-06
    17      2.4060000000E-07  -3.6883000000E-06   7.0447386000E-02

$vibrational_frequencies
18
    0        0.0000000000000000
    1        0.0000000000000000
    2        0.0000000000000000
    3        0.0000000000000000
    4        0.0000000000000000
    5        0.0000000000000000
    6     -230.6133047638205369
    7      204.5972971721010651
    8      204.6088237098324782
    9      215.3535588752244792
   10      968.1377645567749823
   11      968.1414960402277075
   12     1046.0019291466405775
   13     1365.5211067392190216
   14     1365.5359765137009163
   15     3139.4362091204993703
   16     3214.5194131582652517
   17     3214.5532397421438873

$normal_modes
18 18
                    0                  1                  2                  3                  4        
    0      0.0000000000E+00   0.0000000000E+00   0.0000000000E+00   0.0000000000E+00   0.0000000000E+00
    1      0.0000000000E+00   0.0000000000E+00   0.0000000000E+00   0.0000000000E+00   0.0000000000E+00
    2      0.0000000000E+00   0.0000000000E+00   0.0000000000E+00   0.0000000000E+00   0.0000000000E+00
    3      0.0000000000E+00   0.0000000000E+00   0.0000000000E+00   0.0000000000E+00   0.0000000000E+00
    4      0.0000000000E+00   0.0000000000E+00   0.0000000000E+00   0.0000000000E+00   0.0000000000E+00
    5      0.0000000000E+00   0.0000000000E+00   0.0000000000E+00   0.0000000000E+00   0.0000000000E+00
    6      0.0000000000E+00   0.0000000000E+00   0.0000000000E+00   0.0000000000E+00   0.0000000000E+00
    7      0.0000000000E+00   0.0000000000E+00   0.0000000000E+00   0.0000000000E+00   0.0000000000E+00
    8      0.0000000000E+00   0.0000000000E+00   0.0000000000E+00   0.0000000000E+00   0.0000000000E+00
    9      0.0000000000E+00   0.0000000000E+00   0.0000000000E+00   0.0000000000E+00   0.0000000000E+00
   10      0.0000000000E+00   0.0000000000E+00   0.0000000000E+00   0.0000000000E+00   0.0000000000E+00
   11      0.0000000000E+00   0.0000000000E+00   0.0000000000E+00   0.0000000000E+00   0.0000000000E+00
   12      0.0000000000E+00   0.0000000000E+00   0.0000000000E+00   0.0000000000E+00   0.0000000000E+00
   13      0.0000000000E+00   0.0000000000E+00   0.0000000000E+00   0.0000000000E+00   0.0000000000E+00
   14      0.0000000000E+00   0.0000000000E+00   0.0000000000E+00   0.0000000000E+00   0.0000000000E+00
   15      0.0000000000E+00   0.0000000000E+00   0.0000000000E+00   0.0000000000E+00   0.0000000000E+00
   16      0.0000000000E+00   0.0000000000E+00   0.0000000000E+00   0.0000000000E+00   0.0000000000E+00
   17      0.0000000000E+00   0.0000000000E+00   0.0000000000E+00   0.0000000000E+00   0.0000000000E+00
                    5                  6                  7                  8                  9        
    0      0.0000000000E+00  -8.8580597421E-07  -4.7129772030E-01   1.8777512543E-03  -2.4863728212E-05
    1      0.0000000000E+00  -3.0988576352E-04  -1.8777371870E-03  -4.7130859448E-01   2.3880749999E-03
    2      0.0000000000E+00  -8.6875802048E-01   5.3339454257E-06  -4.9522170322E-04  -5.2642774940E-01
    3      0.0000000000E+00   2.6282552903E-06  -4.9852207960E-01   1.9874375745E-03  -2.4979529995E-05
    4      0.0000000000E+00  -8.5364592848E-02  -1.9426387932E-03  -4.8767607298E-01  -2.7241613658E-02
    5      0.0000000000E+00  -9.0978754770E-02   2.7934403672E-04   6.8754104425E-02  -2.6009545257E-01
    6      0.0000000000E+00  -7.3742117821E-02  -4.9036953366E-01  -2.7654978767E-03  -2.5764795113E-02
    7      0.0000000000E+00   4.1987915813E-02  -6.6741661645E-03  -4.9575023483E-01   1.7293574889E-02
    8      0.0000000000E+00  -9.1112997361E-02   5.9676963713E-02  -3.5072457788E-02  -2.5959426466E-01
    9      0.0000000000E+00   7.3746475113E-02  -4.9033269039E-01   6.6715361244E-03   2.5715444805E-02
   10      0.0000000000E+00   4.1987399261E-02   2.7234596925E-03  -4.9578616040E-01   1.7293905890E-02
   11      0.0000000000E+00  -9.1112911342E-02  -5.9945263778E-02  -3.4595945740E-02  -2.5959827186E-01
   12      0.0000000000E+00   1.5806413630E-07   2.0140570480E-01  -8.0244048233E-04   1.0466929273E-05
   13      0.0000000000E+00   1.4611369295E-04   8.0244217020E-04   2.0140887451E-01  -1.0154135978E-03
   14      0.0000000000E+00   4.4539385803E-01   5.3738738473E-06  -1.0408288226E-03  -7.0131846608E-01
   15      0.0000000000E+00   4.6893764831E-09   2.6205748123E-02  -1.0440921719E-04   1.3767690606E-06
   16      0.0000000000E+00   1.8491426035E-05   1.0440659599E-04   2.6206208813E-02  -1.3236387195E-04
   17      0.0000000000E+00   1.7718285027E-02  -1.3970937493E-06   2.0995577105E-04   1.6100941064E-01
                   10                 11                 12                 13                 14        
    0      4.9090580101E-02  -6.1460626851E-04  -1.4453337169E-08  -8.9824631404E-02  -9.8977282177E-04
    1      6.1460718938E-04   4.9087329227E-02   7.3624276404E-06   9.8974544404E-04  -8.9822434301E-02
    2     -5.4593429189E-08   6.1857217657E-06  -3.5796533934E-02   6.5345913636E-07  -2.6836708534E-05
    3     -1.6231273025E-01   2.0338987104E-03   1.3243254567E-06   7.8523100388E-01   8.6481185951E-03
    4     -8.5124528413E-04  -6.8053868731E-02  -7.1836191543E-02   8.2798437567E-04  -7.5559387670E-02
    5      9.9720332614E-03   7.9625133451E-01   5.7218575147E-01  -2.1753151952E-03   1.9728289252E-01
    6     -9.2121081163E-02  -3.9673274250E-02  -6.2256365732E-02   1.3552625137E-01   3.7427504838E-01
    7     -4.2556616464E-02  -1.3822274742E-01   3.5893006087E-02   3.6645958739E-01   5.7414078930E-01
    8      6.8453736648E-01  -4.0667789196E-01   5.7232852932E-01   1.7190358754E-01  -9.6683613013E-02
    9     -9.1102962923E-02   4.1965435748E-02   6.2259502086E-02   1.4373154535E-01  -3.7119386352E-01
   10      3.9082611851E-02  -1.3924797012E-01   3.5893287655E-02  -3.7901726090E-01   5.6593378009E-01
   11     -6.9451018716E-01  -3.8940609647E-01   5.7232499196E-01  -1.6973313254E-01  -1.0044354494E-01
   12      8.5800854714E-03  -1.0748797580E-04  -9.3805256830E-08   2.0792730553E-03   2.2867312020E-05
   13      1.0747302002E-04   8.5808491967E-03  -2.7887765429E-06  -2.2905943164E-05   2.0775273795E-03
   14     -5.1472643645E-08  -4.6789902092E-06  -2.6012940549E-02  -7.1161884317E-08   3.1147915282E-06
   15     -3.1862123944E-03   3.9900896492E-05  -2.0020915723E-08  -2.6495738933E-04  -2.9110299808E-06
   16     -3.9905181165E-05  -3.1861158504E-03   1.1700584147E-07   2.9224683003E-06  -2.6511355348E-04
   17      1.9127841682E-08  -1.2142640006E-06  -6.3548303649E-03  -1.2590131444E-08   8.3672536723E-07
                   15                 16                 17        
     0      8.3174989828E-07   9.7344480518E-02   1.3926376749E-03
     1     -2.0002964175E-05  -1.3926364983E-03   9.7343841645E-02
     2      1.6150254757E-02  -5.2660826226E-07   3.4077539965E-06
     3      4.8039947370E-08   3.8328691312E-02   5.4364834686E-04
     4     -5.7310884451E-01   1.1509404337E-02  -8.0446623368E-01
     5     -6.7842239898E-02   1.5530419744E-03  -1.0856342544E-01
     6     -4.9654157076E-01  -5.9888242218E-01   3.5628752706E-01
     7      2.8668253292E-01   3.6735012306E-01  -1.6705197487E-01
     8     -6.7876939562E-02  -9.4781589320E-02   5.2914376552E-02
     9      4.9653191131E-01  -5.8846066267E-01  -3.7326939479E-01
    10      2.8667690057E-01  -3.6242170502E-01  -1.7748435273E-01
    11     -6.7878601630E-02   9.3234561009E-02   5.5605489366E-02
    12      2.8682565527E-08  -4.4723359759E-04  -6.4122103390E-06
    13     -3.0671046791E-07   6.3683295633E-06  -4.4732753606E-04
    14      2.7480333811E-04   7.3029326622E-09   7.3753473959E-08
    15     -6.6725900364E-09  -1.9712395087E-05  -2.7917095120E-07
    16     -5.1309723194E-08   2.8878247436E-07  -1.9731849605E-05
    17      4.7479429759E-05   9.8169974813E-10   1.2421593635E-08

#
# The atoms: label  mass x y z (in bohrs)
#
$atoms
6
 C     12.01100     -0.000000613360    -0.000008095603     3.087677039839
 H      1.00800     -0.000000433976     2.002242401159     3.351139490963
 H      1.00800      1.733999422205    -1.001134664172     3.351139781976
 H      1.00800     -1.734000452793    -1.001134758074     3.351138517895
 F     18.99800      0.000000594609     0.000000863424     7.187086880305
 I    126.90000     -0.000000019330     0.000000851617    -1.448071005600

$actual_temperature
  0.000000

$frequency_scale_factor
  1.000000


$end

