
$orca_hessian_file

$act_atom
  0

$act_coord
  0

$act_energy
      -12.415663

$multiplicity
  1

$hessian
18
                    0                  1                  2                  3                  4        
    0      4.8599439700E-01   1.2591000000E-05  -2.7121100000E-05  -3.8467734600E-02   5.0200100000E-05
    1      1.2591000000E-05   4.5194493690E-01   6.9750161300E-02   5.0074400000E-05  -1.8603937690E-01
    2     -2.7121100000E-05   6.9750161300E-02   2.4355036770E-01   4.0007700000E-05  -1.1490827840E-01
    3     -3.8467734600E-02   5.0074400000E-05   4.0007700000E-05   4.5995729200E-02  -5.6975500000E-05
    4      5.0200100000E-05  -1.8603937690E-01  -1.1490827840E-01  -5.6975500000E-05   2.1303114590E-01
    5      4.1457500000E-05  -1.2284599220E-01  -1.0109546400E-01  -4.1994900000E-05   1.2519556180E-01
    6     -2.1602775370E-01   1.1658468410E-01  -2.7338532000E-02  -1.8097105000E-03   1.8780690000E-03
    7      1.2318278230E-01  -1.2321576150E-01   1.5641374900E-02   2.1334590100E-02  -1.4355120400E-02
    8     -3.1467579400E-02   1.8606169500E-02  -4.0195167900E-02   1.3517451700E-02  -9.4703839000E-03
    9     -2.1585985860E-01  -1.1664883530E-01   2.7331331900E-02  -1.7933781000E-03  -1.8694771000E-03
   10     -1.2324700770E-01  -1.2338266000E-01   1.5662582100E-02  -2.1325605100E-02  -1.4371272100E-02
   11      3.1457793500E-02   1.8630480400E-02  -4.0199185400E-02  -1.3510430800E-02  -9.4798623000E-03
   12     -7.4933900000E-05  -3.4330000000E-07  -1.8314000000E-06  -3.3358129000E-03   4.3200000000E-08
   13     -1.3410000000E-07   8.6784540000E-04   5.5796349000E-03  -2.6400000000E-07  -3.2129169000E-03
   14      1.4096000000E-06  -2.6800732000E-03  -1.5768708900E-02  -1.7016000000E-06   2.8010293000E-03
   15     -1.5564116100E-02   1.8292000000E-06  -3.8551000000E-06  -5.8909310000E-04  -1.8597000000E-06
   16      1.5685000000E-06  -2.0174983900E-02   8.2745252000E-03  -1.8199000000E-06   4.9475405000E-03
   17     -5.9600000000E-06   1.8539254200E-02  -4.6291841600E-02  -3.3321000000E-06   5.8619335000E-03
                    5                  6                  7                  8                  9        
    0      4.1457500000E-05  -2.1602775370E-01   1.2318278230E-01  -3.1467579400E-02  -2.1585985860E-01
    1     -1.2284599220E-01   1.1658468410E-01  -1.2321576150E-01   1.8606169500E-02  -1.1664883530E-01
    2     -1.0109546400E-01  -2.7338532000E-02   1.5641374900E-02  -4.0195167900E-02   2.7331331900E-02
    3     -4.1994900000E-05  -1.8097105000E-03   2.1334590100E-02   1.3517451700E-02  -1.7933781000E-03
    4      1.2519556180E-01   1.8780690000E-03  -1.4355120400E-02  -9.4703839000E-03  -1.8694771000E-03
    5      1.1324265380E-01   1.7967960000E-04   3.3877063000E-03   5.2964261000E-03  -1.8160680000E-04
    6      1.7967960000E-04   2.4252931430E-01  -1.3157819860E-01   2.8679469800E-02  -2.7058092600E-02
    7      3.3877063000E-03  -1.3157819860E-01   1.3003870570E-01  -1.9227783900E-02  -1.4708302500E-02
    8      5.2964261000E-03   2.8679469800E-02  -1.9227783900E-02   4.8130738300E-02   2.2472075000E-03
    9     -1.8160680000E-04  -2.7058092600E-02  -1.4708302500E-02   2.2472075000E-03   2.4234503300E-01
   10      3.3877091000E-03   1.4682836800E-02   9.5284489000E-03  -2.5893053000E-03   1.3165594470E-01
   11      5.2955480000E-03  -2.2447777000E-03  -2.5904576000E-03   1.9876775000E-03  -2.8669805000E-02
   12      2.1634000000E-06   5.6492440000E-04  -9.7834300000E-04  -7.5156300000E-05   5.6357840000E-04
   13     -6.7158200000E-03  -6.5315980000E-04   5.9278720000E-04   3.8696970000E-04   6.5307920000E-04
   14     -3.5121247000E-03   2.8887450000E-04  -1.1930876000E-03  -7.6491200000E-04  -2.8835520000E-04
   15      3.0120000000E-07   1.8013182000E-03   2.7474718000E-03  -1.2901393200E-02   1.8027180000E-03
   16     -2.4091651000E-03  -9.1423160000E-04  -2.5890599000E-03   1.2294333900E-02   9.1759110000E-04
   17     -1.9227039200E-02   4.3528570000E-04   3.9822478000E-03  -1.4454761900E-02  -4.3877240000E-04
                   10                 11                 12                 13                 14        
    0     -1.2324700770E-01   3.1457793500E-02  -7.4933900000E-05  -1.3410000000E-07   1.4096000000E-06
    1     -1.2338266000E-01   1.8630480400E-02  -3.4330000000E-07   8.6784540000E-04  -2.6800732000E-03
    2      1.5662582100E-02  -4.0199185400E-02  -1.8314000000E-06   5.5796349000E-03  -1.5768708900E-02
    3     -2.1325605100E-02  -1.3510430800E-02  -3.3358129000E-03  -2.6400000000E-07  -1.7016000000E-06
    4     -1.4371272100E-02  -9.4798623000E-03   4.3200000000E-08  -3.2129169000E-03   2.8010293000E-03
    5      3.3877091000E-03   5.2955480000E-03   2.1634000000E-06  -6.7158200000E-03  -3.5121247000E-03
    6      1.4682836800E-02  -2.2447777000E-03   5.6492440000E-04  -6.5315980000E-04   2.8887450000E-04
    7      9.5284489000E-03  -2.5904576000E-03  -9.7834300000E-04   5.9278720000E-04  -1.1930876000E-03
    8     -2.5893053000E-03   1.9876775000E-03  -7.5156300000E-05   3.8696970000E-04  -7.6491200000E-04
    9      1.3165594470E-01  -2.8669805000E-02   5.6357840000E-04   6.5307920000E-04  -2.8835520000E-04
   10      1.3022188980E-01  -1.9250239800E-02   9.7818110000E-04   5.9397200000E-04  -1.1930776000E-03
   11     -1.9250239800E-02   4.8131609300E-02   7.4786600000E-05   3.8735750000E-04  -7.6365220000E-04
   12      9.7818110000E-04   7.4786600000E-05   1.4862671000E-03   5.6720000000E-07  -1.2819000000E-06
   13      5.9397200000E-04   3.8735750000E-04   5.6720000000E-07  -2.8129100000E-05   4.4671439000E-03
   14     -1.1930776000E-03  -7.6365220000E-04  -1.2819000000E-06   4.4671439000E-03   2.4475623800E-02
   15     -2.7443499000E-03   1.2892433400E-02   7.9597690000E-04  -8.8500000000E-08   1.0546000000E-06
   16     -2.5903786000E-03   1.2302721800E-02  -1.0510000000E-07   1.1864414000E-03  -2.2019348000E-03
   17      3.9823316000E-03  -1.4451997200E-02   1.3196000000E-06  -4.1052860000E-03  -3.6662259000E-03
                   15                 16                 17        
     0     -1.5564116100E-02   1.5685000000E-06  -5.9600000000E-06
     1      1.8292000000E-06  -2.0174983900E-02   1.8539254200E-02
     2     -3.8551000000E-06   8.2745252000E-03  -4.6291841600E-02
     3     -5.8909310000E-04  -1.8199000000E-06  -3.3321000000E-06
     4     -1.8597000000E-06   4.9475405000E-03   5.8619335000E-03
     5      3.0120000000E-07  -2.4091651000E-03  -1.9227039200E-02
     6      1.8013182000E-03  -9.1423160000E-04   4.3528570000E-04
     7      2.7474718000E-03  -2.5890599000E-03   3.9822478000E-03
     8     -1.2901393200E-02   1.2294333900E-02  -1.4454761900E-02
     9      1.8027180000E-03   9.1759110000E-04  -4.3877240000E-04
    10     -2.7443499000E-03  -2.5903786000E-03   3.9823316000E-03
    11      1.2892433400E-02   1.2302721800E-02  -1.4451997200E-02
    12      7.9597690000E-04  -1.0510000000E-07   1.3196000000E-06
    13     -8.8500000000E-08   1.1864414000E-03  -4.1052860000E-03
    14      1.0546000000E-06  -2.2019348000E-03  -3.6662259000E-03
    15      1.1753196200E-02  -3.0029000000E-06   1.1459200000E-05
    16     -3.0029000000E-06   1.9220440500E-02  -2.8260481100E-02
    17      1.1459200000E-05  -2.8260481100E-02   9.8091865700E-02

$vibrational_frequencies
18
    0        0.0000000000000000
    1        0.0000000000000000
    2        0.0000000000000000
    3        0.0000000000000000
    4        0.0000000000000000
    5        0.0000000000000000
    6     -116.9016320355897278
    7      188.5363320183298015
    8      188.6561368078205305
    9      470.0039476424522604
   10      731.0405761531837925
   11      917.9185686222753020
   12     1256.6011347148144068
   13     1412.8749807227711699
   14     1444.0884859064842658
   15     2893.0818961980653512
   16     3061.0452136200979112
   17     3069.6022060732907448

$normal_modes
18 18
                    0                  1                  2                  3                  4        
    0      0.0000000000E+00   0.0000000000E+00   0.0000000000E+00   0.0000000000E+00   0.0000000000E+00
    1      0.0000000000E+00   0.0000000000E+00   0.0000000000E+00   0.0000000000E+00   0.0000000000E+00
    2      0.0000000000E+00   0.0000000000E+00   0.0000000000E+00   0.0000000000E+00   0.0000000000E+00
    3      0.0000000000E+00   0.0000000000E+00   0.0000000000E+00   0.0000000000E+00   0.0000000000E+00
    4      0.0000000000E+00   0.0000000000E+00   0.0000000000E+00   0.0000000000E+00   0.0000000000E+00
    5      0.0000000000E+00   0.0000000000E+00   0.0000000000E+00   0.0000000000E+00   0.0000000000E+00
    6      0.0000000000E+00   0.0000000000E+00   0.0000000000E+00   0.0000000000E+00   0.0000000000E+00
    7      0.0000000000E+00   0.0000000000E+00   0.0000000000E+00   0.0000000000E+00   0.0000000000E+00
    8      0.0000000000E+00   0.0000000000E+00   0.0000000000E+00   0.0000000000E+00   0.0000000000E+00
    9      0.0000000000E+00   0.0000000000E+00   0.0000000000E+00   0.0000000000E+00   0.0000000000E+00
   10      0.0000000000E+00   0.0000000000E+00   0.0000000000E+00   0.0000000000E+00   0.0000000000E+00
   11      0.0000000000E+00   0.0000000000E+00   0.0000000000E+00   0.0000000000E+00   0.0000000000E+00
   12      0.0000000000E+00   0.0000000000E+00   0.0000000000E+00   0.0000000000E+00   0.0000000000E+00
   13      0.0000000000E+00   0.0000000000E+00   0.0000000000E+00   0.0000000000E+00   0.0000000000E+00
   14      0.0000000000E+00   0.0000000000E+00   0.0000000000E+00   0.0000000000E+00   0.0000000000E+00
   15      0.0000000000E+00   0.0000000000E+00   0.0000000000E+00   0.0000000000E+00   0.0000000000E+00
   16      0.0000000000E+00   0.0000000000E+00   0.0000000000E+00   0.0000000000E+00   0.0000000000E+00
   17      0.0000000000E+00   0.0000000000E+00   0.0000000000E+00   0.0000000000E+00   0.0000000000E+00
                    5                  6                  7                  8                  9        
    0      0.0000000000E+00  -1.2253344608E-04  -8.6342066007E-04   1.4484875632E-01   7.4663844159E-05
    1      0.0000000000E+00   3.5717562172E-01   1.6876168802E-01   1.2503563595E-04  -2.1289884723E-01
    2      0.0000000000E+00   1.2400744305E-01   1.8635173369E-02   8.4224887837E-06   5.8345984161E-01
    3      0.0000000000E+00  -1.8476605309E-04  -3.7882207748E-03   6.6140034446E-01  -6.3673172905E-06
    4      0.0000000000E+00   5.6152397226E-01   3.1847718182E-01   3.7699969498E-04  -1.8681755845E-02
    5      0.0000000000E+00  -1.8290457885E-01  -1.9313078866E-01  -9.8993189522E-05   2.8632050310E-01
    6      0.0000000000E+00   5.4006825160E-03  -6.1524469383E-04  -1.4165666403E-01   3.1945802874E-02
    7      0.0000000000E+00   4.0985004403E-01   2.0086069836E-01  -4.6680929581E-01  -1.6915290160E-01
    8      0.0000000000E+00   2.6519666180E-01   1.4872851984E-01  -1.7571554842E-01   4.8154624984E-01
    9      0.0000000000E+00  -5.6917207097E-03   2.0517002158E-03  -1.4197837397E-01  -3.1809179687E-02
   10      0.0000000000E+00   4.0986623658E-01   1.9568142962E-01   4.6688786541E-01  -1.6919319809E-01
   11      0.0000000000E+00   2.6520671810E-01   1.4678734601E-01   1.7585509672E-01   4.8160858707E-01
   12      0.0000000000E+00   5.4534676497E-05   3.7298344511E-04  -5.9895733916E-02  -2.4941702965E-06
   13      0.0000000000E+00  -1.5670975052E-01  -1.2912223590E-01  -7.9634801780E-05   7.9344152121E-03
   14      0.0000000000E+00   7.6832459297E-02  -8.2392865241E-01  -3.8287428579E-04  -7.3063498234E-02
   15      0.0000000000E+00   7.2128456854E-06   4.4564109004E-05  -7.7436303241E-03  -7.7281410706E-06
   16      0.0000000000E+00  -2.1317216131E-02  -2.3220792867E-03  -3.5312443743E-06   2.1798850372E-02
   17      0.0000000000E+00  -2.5999962582E-02   1.2077198829E-01   5.6200186101E-05  -5.4210771953E-02
                   10                 11                 12                 13                 14        
    0      3.8972260910E-05   9.9180698287E-02  -1.7367863204E-06  -6.7850744931E-02  -2.5111284498E-05
    1     -1.1291437274E-01   3.5182231115E-05   7.9724444184E-03  -2.0532292137E-05   7.6786378892E-02
    2     -4.1756904306E-02   4.1609861509E-06  -1.0125083944E-01   1.0562079753E-06   8.3177879173E-03
    3     -1.4866196620E-04  -3.0625174537E-01   7.7099090116E-05   7.6307402645E-01  -7.2258885658E-05
    4      4.1771756278E-01  -1.1422041836E-04  -2.7603781162E-01   2.5230506003E-04   1.5400146786E-01
    5     -7.9351748015E-01   1.8967945237E-05   3.5266620049E-01   1.1820760671E-05  -1.5640699163E-01
    6      4.0392244465E-02  -1.6010080317E-01  -9.4001389961E-02   8.9214007355E-02  -3.9584114041E-01
    7      5.4910373215E-02  -2.1357763697E-01  -1.7898729091E-04   2.5322678960E-01  -5.6197393968E-01
    8      2.9307366389E-01   6.1394462316E-01   6.2104502221E-01   3.6670879444E-01   2.0718137480E-02
    9     -4.0424921694E-02  -1.6025963807E-01   9.4006840842E-02   8.9406139325E-02   3.9622872687E-01
   10      5.4876566669E-02   2.1346332384E-01  -9.5653521348E-05  -2.5319256604E-01  -5.6168716488E-01
   11      2.9303884792E-01  -6.1393966746E-01   6.2107133581E-01  -3.6667576391E-01   2.0726364877E-02
   12     -3.1815758648E-06   1.9120107901E-03   4.4992719173E-07  -2.0859116172E-03  -2.8444327095E-08
   13      1.0254128452E-02   4.2616788123E-07  -1.2578814538E-03  -9.4965599002E-07   3.6090851945E-04
   14      1.2184876351E-02  -9.7280397039E-07  -1.2949774088E-03  -8.7406495715E-07   1.1696543590E-03
   15     -1.7719648441E-06  -4.6962857684E-03  -5.5868831588E-07  -7.4581781120E-04  -1.2370509657E-07
   16      4.9620335691E-03  -1.5784736288E-06   1.6285512529E-03  -1.9043279711E-07   3.8045056625E-04
   17      3.7755563814E-03  -4.3822936616E-07  -2.8905831806E-03  -3.2538003499E-07  -4.9202955077E-05
                   15                 16                 17        
     0     -2.0098863227E-05   2.2088404485E-05  -9.1955633554E-02
     1      5.7621916424E-02  -6.5556097298E-02  -3.1876714944E-05
     2      4.4758205649E-02   8.2230406643E-03   8.4089741158E-07
     3      2.7850091347E-04  -1.7865249694E-05  -4.3109033713E-02
     4     -8.2029498355E-01   5.6767198860E-02  -1.3219952602E-05
     5     -5.5268232444E-01   6.4285277245E-02   1.9557099947E-06
     6     -6.5782086027E-02  -5.9620227340E-01   5.6863971157E-01
     7      6.1842312187E-02   3.6308577966E-01  -4.0529731793E-01
     8      3.8198818415E-03  -8.2754297134E-02   8.5029078936E-02
     9      6.5740260202E-02   5.9595052902E-01   5.6835092985E-01
    10      6.1892202995E-02   3.6350454486E-01   4.0568987931E-01
    11      3.8205039184E-03  -8.2766754463E-02  -8.5039271680E-02
    12     -2.0300837378E-07   1.3760412179E-07   2.3224614253E-04
    13      1.1313024984E-03   7.7133830614E-05   1.0230598341E-07
    14     -2.3417689818E-04  -1.6462424569E-04  -3.4237311197E-08
    15      5.2763677574E-08   3.0326837148E-08  -2.0218740560E-05
    16     -9.0278730664E-05  -2.9121256398E-05  -1.1414894172E-08
    17      1.2813521547E-04   5.0482667831E-05  -9.0358426595E-09

#
# The atoms: label  mass x y z (in bohrs)
#
$atoms
6
 C     12.01100      0.000390387934    -1.059777754874     2.602819600609
 H      1.00800     -0.000167139869     0.540906814265     3.897678316108
 H      1.00800      1.677819825418    -2.198604413527     2.875738399341
 H      1.00800     -1.676230640309    -2.199789308562     2.875759008537
 F     18.99800     -0.000167530718     0.600816297501     7.283513632339
 I    126.90000     -0.000023164874     0.041001019677    -1.413404470763

$actual_temperature
  0.000000

$frequency_scale_factor
  1.000000


$end

