
$orca_hessian_file

$act_atom
  0

$act_coord
  0

$act_energy
      -12.408316

$multiplicity
  1

$hessian
18
                    0                  1                  2                  3                  4        
    0      3.8754178060E-01   5.3000000000E-09  -1.0337000000E-06  -5.0581932100E-02  -5.7970000000E-07
    1      5.3000000000E-09   3.8754016500E-01  -2.2893000000E-06  -5.2280000000E-07  -1.8634916100E-01
    2     -1.0337000000E-06  -2.2893000000E-06   8.1852198400E-02   2.7700000000E-07   3.8231884000E-02
    3     -5.0581932100E-02  -5.2280000000E-07   2.7700000000E-07   4.7758985200E-02   7.3430000000E-07
    4     -5.7970000000E-07  -1.8634916100E-01   3.8231884000E-02   7.3430000000E-07   2.1254115830E-01
    5      3.1740000000E-07   5.2688841600E-02  -3.9311019400E-02  -1.8830000000E-07  -4.1845829800E-02
    6     -1.5240259380E-01   5.8788771500E-02   3.3108915000E-02   1.4263951000E-03   7.7435250000E-04
    7      5.8787041600E-02  -8.4518683800E-02  -1.9115732800E-02   2.6750084900E-02  -1.4466599700E-02
    8      4.5629146100E-02  -2.6343257700E-02  -3.9311016500E-02  -4.6151641000E-03   3.6473224000E-03
    9     -1.5240437080E-01  -5.8788253200E-02  -3.3108331700E-02   1.4261027000E-03  -7.7449860000E-04
   10     -5.8786461900E-02  -8.4517462300E-02  -1.9115022500E-02  -2.6750309600E-02  -1.4466334700E-02
   11     -4.5628628200E-02  -2.6342397400E-02  -3.9310490800E-02   4.6152138000E-03   3.6472855000E-03
   12     -2.7410288500E-02   4.7000000000E-09   1.8530000000E-07   1.9228658000E-03   3.2000000000E-09
   13     -3.2000000000E-09  -2.7411254800E-02   7.7370000000E-07   4.3800000000E-08   4.8479693000E-03
   14      1.9490000000E-07  -4.0870000000E-07   3.4634106000E-02  -6.6200000000E-08  -1.6624079000E-03
   15     -4.7425954000E-03  -5.6000000000E-09  -1.1900000000E-08  -1.9524167000E-03  -1.1700000000E-08
   16     -2.2000000000E-09  -4.7436031000E-03   3.8700000000E-07  -3.0600000000E-08  -2.1070321000E-03
   17      3.6000000000E-09  -4.8860000000E-07   1.4462223000E-03  -7.2300000000E-08  -2.0182541000E-03
                    5                  6                  7                  8                  9        
    0      3.1740000000E-07  -1.5240259380E-01   5.8787041600E-02   4.5629146100E-02  -1.5240437080E-01
    1      5.2688841600E-02   5.8788771500E-02  -8.4518683800E-02  -2.6343257700E-02  -5.8788253200E-02
    2     -3.9311019400E-02   3.3108915000E-02  -1.9115732800E-02  -3.9311016500E-02  -3.3108331700E-02
    3     -1.8830000000E-07   1.4263951000E-03   2.6750084900E-02  -4.6151641000E-03   1.4261027000E-03
    4     -4.1845829800E-02   7.7435250000E-04  -1.4466599700E-02   3.6473224000E-03  -7.7449860000E-04
    5      5.5455791300E-02   8.5119670000E-04  -5.8204333000E-03   2.1729868000E-03  -8.5125800000E-04
    6      8.5119670000E-04   1.7134094840E-01  -7.1350917100E-02  -3.6238461600E-02  -2.2412079200E-02
    7     -5.8204333000E-03  -7.1350917100E-02   8.8952047400E-02   2.0921882400E-02  -1.2987110600E-02
    8      2.1729868000E-03  -3.6238461600E-02   2.0921882400E-02   5.5455620500E-02  -5.4659427000E-03
    9     -8.5125800000E-04  -2.2412079200E-02  -1.2987110600E-02  -5.4659427000E-03   1.7134295790E-01
   10     -5.8202455000E-03   1.2987441000E-02   9.3703709000E-03   2.1725653000E-03   7.1350223300E-02
   11      2.1729616000E-03   5.4661348000E-03   2.1726037000E-03   2.1730414000E-03   3.6237858800E-02
   12      2.3600000000E-08   4.1161217000E-03  -1.2662629000E-03   7.6235282000E-03   4.1161159000E-03
   13      8.8031371000E-03  -1.2666361000E-03   2.6538375000E-03  -4.4015187000E-03   1.2665956000E-03
   14     -4.3349311000E-03  -1.4397494000E-03   8.3191800000E-04  -4.3349030000E-03   1.4397117000E-03
   15     -9.1400000000E-08  -2.0687922000E-03   6.7164100000E-05  -6.9331060000E-03  -2.0687264000E-03
   16     -8.0054700000E-03   6.6988200000E-05  -1.9909724000E-03   4.0030063000E-03  -6.6956500000E-05
   17     -1.6155789100E-02  -1.7480355000E-03   1.0097622000E-03  -1.6155729200E-02   1.7479619000E-03
                   10                 11                 12                 13                 14        
    0     -5.8786461900E-02  -4.5628628200E-02  -2.7410288500E-02  -3.2000000000E-09   1.9490000000E-07
    1     -8.4517462300E-02  -2.6342397400E-02   4.7000000000E-09  -2.7411254800E-02  -4.0870000000E-07
    2     -1.9115022500E-02  -3.9310490800E-02   1.8530000000E-07   7.7370000000E-07   3.4634106000E-02
    3     -2.6750309600E-02   4.6152138000E-03   1.9228658000E-03   4.3800000000E-08  -6.6200000000E-08
    4     -1.4466334700E-02   3.6472855000E-03   3.2000000000E-09   4.8479693000E-03  -1.6624079000E-03
    5     -5.8202455000E-03   2.1729616000E-03   2.3600000000E-08   8.8031371000E-03  -4.3349311000E-03
    6      1.2987441000E-02   5.4661348000E-03   4.1161217000E-03  -1.2666361000E-03  -1.4397494000E-03
    7      9.3703709000E-03   2.1726037000E-03  -1.2662629000E-03   2.6538375000E-03   8.3191800000E-04
    8      2.1725653000E-03   2.1730414000E-03   7.6235282000E-03  -4.4015187000E-03  -4.3349030000E-03
    9      7.1350223300E-02   3.6237858800E-02   4.1161159000E-03   1.2665956000E-03   1.4397117000E-03
   10      8.8950576400E-02   2.0920993700E-02   1.2662597000E-03   2.6538168000E-03   8.3194250000E-04
   11      2.0920993700E-02   5.5455122900E-02  -7.6236329000E-03  -4.4014318000E-03  -4.3348503000E-03
   12      1.2662597000E-03  -7.6236329000E-03   1.4061023500E-02  -3.0000000000E-09  -3.7500000000E-08
   13      2.6538168000E-03  -4.4014318000E-03  -3.0000000000E-09   1.4061370100E-02  -5.0610000000E-07
   14      8.3194250000E-04  -4.3348503000E-03  -3.7500000000E-08  -5.0610000000E-07  -3.2456600000E-03
   15     -6.7152500000E-05   6.9330538000E-03   3.1941617000E-03   2.9000000000E-09  -5.3500000000E-08
   16     -1.9909671000E-03   4.0029463000E-03  -1.7000000000E-09   3.1942612000E-03  -5.3780000000E-07
   17      1.0097665000E-03  -1.6155784700E-02  -6.6700000000E-08  -4.5420000000E-07  -1.8383761600E-02
                   15                 16                 17        
     0     -4.7425954000E-03  -2.2000000000E-09   3.6000000000E-09
     1     -5.6000000000E-09  -4.7436031000E-03  -4.8860000000E-07
     2     -1.1900000000E-08   3.8700000000E-07   1.4462223000E-03
     3     -1.9524167000E-03  -3.0600000000E-08  -7.2300000000E-08
     4     -1.1700000000E-08  -2.1070321000E-03  -2.0182541000E-03
     5     -9.1400000000E-08  -8.0054700000E-03  -1.6155789100E-02
     6     -2.0687922000E-03   6.6988200000E-05  -1.7480355000E-03
     7      6.7164100000E-05  -1.9909724000E-03   1.0097622000E-03
     8     -6.9331060000E-03   4.0030063000E-03  -1.6155729200E-02
     9     -2.0687264000E-03  -6.6956500000E-05   1.7479619000E-03
    10     -6.7152500000E-05  -1.9909671000E-03   1.0097665000E-03
    11      6.9330538000E-03   4.0029463000E-03  -1.6155784700E-02
    12      3.1941617000E-03  -1.7000000000E-09  -6.6700000000E-08
    13      2.9000000000E-09   3.1942612000E-03  -4.5420000000E-07
    14     -5.3500000000E-08  -5.3780000000E-07  -1.8383761600E-02
    15      7.6383691000E-03   2.8000000000E-09   2.0900000000E-07
    16      2.8000000000E-09   7.6383135000E-03  -3.3170000000E-07
    17      2.0900000000E-07  -3.3170000000E-07   6.5404842200E-02

$vibrational_frequencies
18
    0        0.0000000000000000
    1        0.0000000000000000
    2        0.0000000000000000
    3        0.0000000000000000
    4        0.0000000000000000
    5        0.0000000000000000
    6     -219.4483252304691518
    7      231.8051120124802083
    8      249.5172532755911163
    9      249.5187320178804384
   10      990.6196950464945985
   11      990.6199793207189259
   12     1230.5436729844291222
   13     1468.4451203712144434
   14     1468.4753951972461437
   15     2494.6167500300075517
   16     2512.5520816323605686
   17     2512.5786434199821997

$normal_modes
18 18
                    0                  1                  2                  3                  4        
    0      0.0000000000E+00   0.0000000000E+00   0.0000000000E+00   0.0000000000E+00   0.0000000000E+00
    1      0.0000000000E+00   0.0000000000E+00   0.0000000000E+00   0.0000000000E+00   0.0000000000E+00
    2      0.0000000000E+00   0.0000000000E+00   0.0000000000E+00   0.0000000000E+00   0.0000000000E+00
    3      0.0000000000E+00   0.0000000000E+00   0.0000000000E+00   0.0000000000E+00   0.0000000000E+00
    4      0.0000000000E+00   0.0000000000E+00   0.0000000000E+00   0.0000000000E+00   0.0000000000E+00
    5      0.0000000000E+00   0.0000000000E+00   0.0000000000E+00   0.0000000000E+00   0.0000000000E+00
    6      0.0000000000E+00   0.0000000000E+00   0.0000000000E+00   0.0000000000E+00   0.0000000000E+00
    7      0.0000000000E+00   0.0000000000E+00   0.0000000000E+00   0.0000000000E+00   0.0000000000E+00
    8      0.0000000000E+00   0.0000000000E+00   0.0000000000E+00   0.0000000000E+00   0.0000000000E+00
    9      0.0000000000E+00   0.0000000000E+00   0.0000000000E+00   0.0000000000E+00   0.0000000000E+00
   10      0.0000000000E+00   0.0000000000E+00   0.0000000000E+00   0.0000000000E+00   0.0000000000E+00
   11      0.0000000000E+00   0.0000000000E+00   0.0000000000E+00   0.0000000000E+00   0.0000000000E+00
   12      0.0000000000E+00   0.0000000000E+00   0.0000000000E+00   0.0000000000E+00   0.0000000000E+00
   13      0.0000000000E+00   0.0000000000E+00   0.0000000000E+00   0.0000000000E+00   0.0000000000E+00
   14      0.0000000000E+00   0.0000000000E+00   0.0000000000E+00   0.0000000000E+00   0.0000000000E+00
   15      0.0000000000E+00   0.0000000000E+00   0.0000000000E+00   0.0000000000E+00   0.0000000000E+00
   16      0.0000000000E+00   0.0000000000E+00   0.0000000000E+00   0.0000000000E+00   0.0000000000E+00
   17      0.0000000000E+00   0.0000000000E+00   0.0000000000E+00   0.0000000000E+00   0.0000000000E+00
                    5                  6                  7                  8                  9        
    0      0.0000000000E+00  -1.6322375840E-06   2.7109760520E-06   4.5553325234E-01   3.4735998091E-03
    1      0.0000000000E+00  -2.2553249135E-05  -1.2369526766E-04  -3.4735950407E-03   4.5553036372E-01
    2      0.0000000000E+00  -6.1413495257E-01  -5.9700744839E-01   1.4795338222E-06  -7.7171182833E-05
    3      0.0000000000E+00   6.7986592420E-08   3.7783507598E-06   4.9732362746E-01   3.7923207208E-03
    4      0.0000000000E+00   5.6886371463E-02   4.0955737095E-02  -3.7706964146E-03   4.9446236558E-01
    5      0.0000000000E+00  -3.2562963233E-01  -3.7804904617E-01  -6.1850188196E-04   8.1137523522E-02
    6      0.0000000000E+00   4.9284142318E-02   3.5587593233E-02   4.9516202548E-01   5.0222375869E-03
    7      0.0000000000E+00  -2.8489989443E-02  -2.0683306325E-02  -2.5441243540E-03   4.9661251807E-01
    8      0.0000000000E+00  -3.2561983232E-01  -3.7801485668E-01   7.0610801925E-02  -4.0101036152E-02
    9      0.0000000000E+00  -4.9284873764E-02  -3.5580288223E-02   4.9518087423E-01   2.5292514092E-03
   10      0.0000000000E+00  -2.8490490248E-02  -2.0683451639E-02  -5.0292438324E-03   4.9659337751E-01
   11      0.0000000000E+00  -3.2562055260E-01  -3.7801499509E-01  -6.9991817515E-02  -4.1172031482E-02
   12      0.0000000000E+00   6.3851635356E-07  -1.3210254609E-06  -2.1041458704E-01  -1.6044922089E-03
   13      0.0000000000E+00   1.0938591476E-05   5.7317224578E-05   1.6044914828E-03  -2.1041344548E-01
   14      0.0000000000E+00   5.4294764703E-01  -4.3884841056E-01   1.9887976938E-06  -3.5792471364E-05
   15      0.0000000000E+00   6.4168949304E-08  -1.4686146473E-07  -2.3432004954E-02  -1.7867474009E-04
   16      0.0000000000E+00   1.2445768932E-06   6.3916490336E-06   1.7867642207E-04  -2.3431916223E-02
   17      0.0000000000E+00  -1.5396844016E-02   1.3121394874E-01  -4.4160952020E-07   1.3739297976E-05
                   10                 11                 12                 13                 14        
    0     -2.0666741463E-03  -5.5546536575E-02  -2.4824053770E-07   8.9736940836E-07  -8.8420775098E-02
    1      5.5549332695E-02  -2.0667376748E-03  -1.9661557268E-06   8.8421270381E-02   8.7628308196E-07
    2      1.9380412823E-06   1.2919438122E-07  -8.4451985933E-02  -1.0035537168E-06   2.9259796591E-07
    3      7.5352486916E-03   2.0255558834E-01   1.4336524163E-06  -2.9172463905E-06   7.7367044579E-01
    4     -1.7243664764E-01   6.4157109595E-03   1.3217601725E-01   8.8895704370E-02  -3.6974418314E-06
    5     -7.6985514875E-01   2.8647114200E-02   5.5984330993E-01   2.3451997958E-01  -1.1642159362E-06
    6     -6.3529318554E-03   1.8045260267E-01   1.1448090431E-01  -3.7349520228E-01   1.2674344799E-01
    7     -1.9454836301E-01   2.0299558494E-02  -6.6079548215E-02  -5.5803064013E-01   3.7349953822E-01
    8      4.0972334189E-01   6.5238514659E-01   5.5987282990E-01  -1.1723684230E-01  -2.0307506687E-01
    9      1.9745924068E-02   1.7947652857E-01  -1.1447720149E-01   3.7348773279E-01   1.2674474265E-01
   10     -1.9551687062E-01  -5.7862954738E-03  -6.6079065828E-02  -5.5803158410E-01  -3.7350631964E-01
   11      3.6010429340E-01  -6.8103264712E-01   5.5987382891E-01  -1.1724150495E-01   2.0307375527E-01
   12      7.2750406112E-04   1.9551369872E-02  -5.8830668806E-08  -1.3170375908E-09   5.9418559960E-04
   13     -1.9551882407E-02   7.2750143804E-04  -1.0982937463E-07  -5.9386224740E-04  -4.6715658538E-08
   14     -8.5664067473E-08  -8.2995219920E-08  -9.8854139140E-03  -6.9133723544E-07  -3.1159946982E-08
   15     -7.9542677803E-05  -2.1375261729E-03  -8.4971303327E-09  -2.2336909364E-09   1.2102195565E-04
   16      2.1374745728E-03  -7.9542095184E-05   6.4299424521E-08  -1.2105462216E-04   7.2904997725E-09
   17      4.7936940333E-08   3.2656940183E-09  -3.8681701490E-03  -1.3221176163E-07  -3.3631938860E-09
                   15                 16                 17        
     0     -3.6699068056E-07   9.3086998528E-02   2.2516534197E-05
     1      7.4302992665E-05  -2.2533901540E-05   9.3085767563E-02
     2      2.8595956419E-02  -1.6656603260E-07  -2.5094987548E-05
     3     -5.1814917824E-07   5.9298020856E-02   1.0308936549E-05
     4      5.6464268986E-01   1.8796810927E-04  -7.8271082873E-01
     5     -1.1613940495E-01  -5.1306835181E-05   2.1342368290E-01
     6      4.8983755303E-01  -5.7192092301E-01   3.6382953760E-01
     7     -2.8275580718E-01   3.6442467269E-01  -1.5074027985E-01
     8     -1.1639742938E-01   1.8476892210E-01  -1.0651474100E-01
     9     -4.8983296632E-01  -5.7175859285E-01  -3.6410242004E-01
    10     -2.8275256073E-01  -3.6435012142E-01  -1.5090973225E-01
    11     -1.1639220109E-01  -1.8471554119E-01  -1.0659975134E-01
    12     -2.9863401529E-08  -1.1605816428E-03  -3.1955748070E-07
    13     -9.2330247752E-07   2.7380845659E-07  -1.1607145354E-03
    14     -7.1027762390E-05  -3.1572483575E-09  -1.1013064269E-08
    15      6.8885256690E-09  -2.3346432614E-05   2.3558454589E-09
    16     -1.8194437285E-08   6.5669424244E-09  -2.3374089079E-05
    17      7.5680225199E-05  -2.3685622602E-10  -7.9109250753E-08

#
# The atoms: label  mass x y z (in bohrs)
#
$atoms
6
 C     12.01100      0.000000000000    -0.000000000000     3.733088364553
 H      1.00800      0.000000000000     2.050352855305     3.069718902501
 H      1.00800      1.775658485025    -1.025176427652     3.069718902501
 H      1.00800     -1.775658485025    -1.025176427652     3.069718902501
 F     18.99800      0.000000000000    -0.000000000000     7.331882813992
 I    126.90000      0.000000000000    -0.000000000000    -1.524129740016

$actual_temperature
  0.000000

$frequency_scale_factor
  1.000000


$end

