
$orca_hessian_file

$act_atom
  0

$act_coord
  0

$act_energy
      -12.412429

$multiplicity
  1

$hessian
18
                    0                  1                  2                  3                  4        
    0      4.5234704020E-01  -8.2100000000E-08  -2.9114000000E-06  -4.0265270100E-02  -2.7099000000E-06
    1     -8.2100000000E-08   4.5232934740E-01   1.4172210000E-04  -3.3089000000E-06  -2.5021017780E-01
    2     -2.9114000000E-06   1.4172210000E-04   3.1722206160E-01  -1.0042000000E-06  -9.2217446200E-02
    3     -4.0265270100E-02  -3.3089000000E-06  -1.0042000000E-06   4.7321655600E-02   3.1346000000E-06
    4     -2.7099000000E-06  -2.5021017780E-01  -9.2217446200E-02   3.1346000000E-06   2.9117491920E-01
    5     -1.4337000000E-06  -1.0588194230E-01  -7.3675656400E-02   1.2054000000E-06   9.9354176500E-02
    6     -1.9788099650E-01   9.1062623300E-02  -7.9612823500E-02  -2.9968405000E-03   4.4565337000E-03
    7      9.1087910700E-02  -9.2894155100E-02   4.5985620500E-02   2.9037153000E-02  -2.2342518900E-02
    8     -9.1460012800E-02   5.2838232800E-02  -7.3478550300E-02   7.7268336000E-03  -4.7807620000E-03
    9     -1.9787593950E-01  -9.1059131200E-02   7.9618847600E-02  -2.9975002000E-03  -4.4570806000E-03
   10     -9.1085017400E-02  -9.2892114900E-02   4.5988588200E-02  -2.9036889300E-02  -2.2342274300E-02
   11      9.1465617600E-02   5.2841226200E-02  -7.3483709000E-02  -7.7265669000E-03  -4.7806074000E-03
   12      1.5829158000E-03  -5.7200000000E-08  -9.6870000000E-07  -1.7242871000E-03   6.9400000000E-08
   13     -5.3400000000E-08   1.5841714000E-03   5.5856800000E-05   6.5100000000E-08  -3.9005610000E-04
   14      1.9300000000E-08   1.2642000000E-06   7.1863415000E-03  -9.8500000000E-08  -2.4163940000E-04
   15     -1.7907749900E-02  -4.4000000000E-08  -1.1398000000E-06   6.6224240000E-04   5.2900000000E-08
   16     -4.7900000000E-08  -1.7917071000E-02   4.5658700000E-05  -1.5450000000E-07   4.1101079000E-03
   17     -1.2789000000E-06   5.9497000000E-05  -1.0377048740E-01  -3.6950000000E-07   2.6662785000E-03
                    5                  6                  7                  8                  9        
    0     -1.4337000000E-06  -1.9788099650E-01   9.1087910700E-02  -9.1460012800E-02  -1.9787593950E-01
    1     -1.0588194230E-01   9.1062623300E-02  -9.2894155100E-02   5.2838232800E-02  -9.1059131200E-02
    2     -7.3675656400E-02  -7.9612823500E-02   4.5985620500E-02  -7.3478550300E-02   7.9618847600E-02
    3      1.2054000000E-06  -2.9968405000E-03   2.9037153000E-02   7.7268336000E-03  -2.9975002000E-03
    4      9.9354176500E-02   4.4565337000E-03  -2.2342518900E-02  -4.7807620000E-03  -4.4570806000E-03
    5      8.4221253300E-02  -2.6789290000E-04   9.0274772000E-03   5.8075334000E-03   2.6837340000E-04
    6     -2.6789290000E-04   2.3035887760E-01  -1.0575885420E-01   8.5774264900E-02  -3.2001210000E-02
    7      9.0274772000E-03  -1.0575885420E-01   1.0841325510E-01  -4.9550295400E-02  -1.2306888700E-02
    8      5.8075334000E-03   8.5774264900E-02  -4.9550295400E-02   8.4002249100E-02   7.9637410000E-03
    9      2.6837340000E-04  -3.2001210000E-02  -1.2306888700E-02   7.9637410000E-03   2.3035440760E-01
   10      9.0284622000E-03   1.2307179300E-02   6.6877180000E-03  -4.2927382000E-03   1.0575541960E-01
   11      5.8079185000E-03  -7.9625170000E-03  -4.2922555000E-03   5.7988045000E-03  -8.5780635300E-02
   12      4.7400000000E-08  -7.1353740000E-04  -5.8096820000E-04  -7.9524300000E-05  -7.1386200000E-04
   13     -1.0819090000E-04  -5.8140600000E-04  -1.3805251000E-03   4.1410400000E-05   5.8137840000E-04
   14     -5.6746602000E-03  -2.1672760000E-04   1.3014160000E-04  -5.6260987000E-03   2.1641880000E-04
   15     -2.9960000000E-07   3.2337068000E-03  -1.4783526000E-03  -9.9253024000E-03   3.2341041000E-03
   16     -1.1419982700E-02  -1.4860760000E-03   1.5162261000E-03   5.7441523000E-03   1.4863025000E-03
   17     -1.6486388700E-02   2.2856961000E-03  -1.3006885000E-03  -1.6503938000E-02  -2.2867456000E-03
                   10                 11                 12                 13                 14        
    0     -9.1085017400E-02   9.1465617600E-02   1.5829158000E-03  -5.3400000000E-08   1.9300000000E-08
    1     -9.2892114900E-02   5.2841226200E-02  -5.7200000000E-08   1.5841714000E-03   1.2642000000E-06
    2      4.5988588200E-02  -7.3483709000E-02  -9.6870000000E-07   5.5856800000E-05   7.1863415000E-03
    3     -2.9036889300E-02  -7.7265669000E-03  -1.7242871000E-03   6.5100000000E-08  -9.8500000000E-08
    4     -2.2342274300E-02  -4.7806074000E-03   6.9400000000E-08  -3.9005610000E-04  -2.4163940000E-04
    5      9.0284622000E-03   5.8079185000E-03   4.7400000000E-08  -1.0819090000E-04  -5.6746602000E-03
    6      1.2307179300E-02  -7.9625170000E-03  -7.1353740000E-04  -5.8140600000E-04  -2.1672760000E-04
    7      6.6877180000E-03  -4.2922555000E-03  -5.8096820000E-04  -1.3805251000E-03   1.3014160000E-04
    8     -4.2927382000E-03   5.7988045000E-03  -7.9524300000E-05   4.1410400000E-05  -5.6260987000E-03
    9      1.0575541960E-01  -8.5780635300E-02  -7.1386200000E-04   5.8137840000E-04   2.1641880000E-04
   10      1.0841113150E-01  -4.9553564700E-02   5.8093560000E-04  -1.3807041000E-03   1.3007230000E-04
   11     -4.9553564700E-02   8.4007614200E-02   7.9868100000E-05   4.1540700000E-05  -5.6270317000E-03
   12      5.8093560000E-04   7.9868100000E-05   1.0097980000E-03  -2.5400000000E-08   2.9730000000E-07
   13     -1.3807041000E-03   4.1540700000E-05  -2.5400000000E-08   1.0060275000E-03  -1.2721200000E-05
   14      1.3007230000E-04  -5.6270317000E-03   2.9730000000E-07  -1.2721200000E-05   2.1450041600E-02
   15      1.4783722000E-03   9.9242334000E-03   5.5897270000E-04   4.1300000000E-08   9.0600000000E-08
   16      1.5162438000E-03   5.7436607000E-03   4.5900000000E-08   5.6108640000E-04  -7.1174000000E-06
   17     -1.3008198000E-03  -1.6503596600E-02   2.8010000000E-07  -1.7895800000E-05  -1.1708592400E-02
                   15                 16                 17        
     0     -1.7907749900E-02  -4.7900000000E-08  -1.2789000000E-06
     1     -4.4000000000E-08  -1.7917071000E-02   5.9497000000E-05
     2     -1.1398000000E-06   4.5658700000E-05  -1.0377048740E-01
     3      6.6224240000E-04  -1.5450000000E-07  -3.6950000000E-07
     4      5.2900000000E-08   4.1101079000E-03   2.6662785000E-03
     5     -2.9960000000E-07  -1.1419982700E-02  -1.6486388700E-02
     6      3.2337068000E-03  -1.4860760000E-03   2.2856961000E-03
     7     -1.4783526000E-03   1.5162261000E-03  -1.3006885000E-03
     8     -9.9253024000E-03   5.7441523000E-03  -1.6503938000E-02
     9      3.2341041000E-03   1.4863025000E-03  -2.2867456000E-03
    10      1.4783722000E-03   1.5162438000E-03  -1.3008198000E-03
    11      9.9242334000E-03   5.7436607000E-03  -1.6503596600E-02
    12      5.5897270000E-04   4.5900000000E-08   2.8010000000E-07
    13      4.1300000000E-08   5.6108640000E-04  -1.7895800000E-05
    14      9.0600000000E-08  -7.1174000000E-06  -1.1708592400E-02
    15      1.0218723900E-02  -6.9900000000E-08   2.4177000000E-06
    16     -6.9900000000E-08   1.0213406800E-02  -1.0637140000E-04
    17      2.4177000000E-06  -1.0637140000E-04   1.6497300310E-01

$vibrational_frequencies
18
    0        0.0000000000000000
    1        0.0000000000000000
    2        0.0000000000000000
    3        0.0000000000000000
    4        0.0000000000000000
    5        0.0000000000000000
    6       91.5742622470298784
    7       91.7226382039928723
    8      178.1530924760907624
    9      550.1548897707378956
   10      821.5659054828090575
   11      822.0616873617240117
   12     1368.3586515934341605
   13     1501.2615445228896078
   14     1501.2633606454960500
   15     3036.0207415437757845
   16     3036.1123653051449764
   17     3080.5110997264528123

$normal_modes
18 18
                    0                  1                  2                  3                  4        
    0      0.0000000000E+00   0.0000000000E+00   0.0000000000E+00   0.0000000000E+00   0.0000000000E+00
    1      0.0000000000E+00   0.0000000000E+00   0.0000000000E+00   0.0000000000E+00   0.0000000000E+00
    2      0.0000000000E+00   0.0000000000E+00   0.0000000000E+00   0.0000000000E+00   0.0000000000E+00
    3      0.0000000000E+00   0.0000000000E+00   0.0000000000E+00   0.0000000000E+00   0.0000000000E+00
    4      0.0000000000E+00   0.0000000000E+00   0.0000000000E+00   0.0000000000E+00   0.0000000000E+00
    5      0.0000000000E+00   0.0000000000E+00   0.0000000000E+00   0.0000000000E+00   0.0000000000E+00
    6      0.0000000000E+00   0.0000000000E+00   0.0000000000E+00   0.0000000000E+00   0.0000000000E+00
    7      0.0000000000E+00   0.0000000000E+00   0.0000000000E+00   0.0000000000E+00   0.0000000000E+00
    8      0.0000000000E+00   0.0000000000E+00   0.0000000000E+00   0.0000000000E+00   0.0000000000E+00
    9      0.0000000000E+00   0.0000000000E+00   0.0000000000E+00   0.0000000000E+00   0.0000000000E+00
   10      0.0000000000E+00   0.0000000000E+00   0.0000000000E+00   0.0000000000E+00   0.0000000000E+00
   11      0.0000000000E+00   0.0000000000E+00   0.0000000000E+00   0.0000000000E+00   0.0000000000E+00
   12      0.0000000000E+00   0.0000000000E+00   0.0000000000E+00   0.0000000000E+00   0.0000000000E+00
   13      0.0000000000E+00   0.0000000000E+00   0.0000000000E+00   0.0000000000E+00   0.0000000000E+00
   14      0.0000000000E+00   0.0000000000E+00   0.0000000000E+00   0.0000000000E+00   0.0000000000E+00
   15      0.0000000000E+00   0.0000000000E+00   0.0000000000E+00   0.0000000000E+00   0.0000000000E+00
   16      0.0000000000E+00   0.0000000000E+00   0.0000000000E+00   0.0000000000E+00   0.0000000000E+00
   17      0.0000000000E+00   0.0000000000E+00   0.0000000000E+00   0.0000000000E+00   0.0000000000E+00
                    5                  6                  7                  8                  9        
    0      0.0000000000E+00   2.0823929455E-03  -4.2184921675E-01  -5.3405934012E-05  -1.5086603070E-05
    1      0.0000000000E+00   4.2173633223E-01   2.0835516265E-03   2.9734765054E-03   7.5918918871E-04
    2      0.0000000000E+00   6.1986278666E-04   1.5430198864E-05  -1.1320115161E-01  -5.9609418410E-01
    3      0.0000000000E+00   2.4825465181E-03  -4.8900000896E-01  -5.3215740956E-05  -6.2447965859E-06
    4      0.0000000000E+00   5.0680203376E-01   2.5033360696E-03  -1.8497171748E-02  -4.4304965325E-02
    5      0.0000000000E+00  -1.9002687153E-01  -9.2537079731E-04  -3.2882801101E-02  -4.5906444891E-01
    6      0.0000000000E+00  -6.8403529341E-03  -4.9921474289E-01  -1.8681690861E-02  -3.8620914318E-02
    7      0.0000000000E+00   4.9016581432E-01   1.5097868320E-02   1.3695577641E-02   2.2545185593E-02
    8      0.0000000000E+00   9.4856509359E-02   1.6526748137E-01  -3.2685827498E-02  -4.6017923540E-01
    9      0.0000000000E+00   1.1704861670E-02  -4.9913077121E-01   1.8574276026E-02   3.8608458643E-02
   10      0.0000000000E+00   4.9041167792E-01  -1.0258227498E-02   1.3694955553E-02   2.2545149218E-02
   11      0.0000000000E+00   9.6486246825E-02  -1.6430694470E-01  -3.2692160293E-02  -4.6015840504E-01
   12      0.0000000000E+00  -8.4422138018E-04   1.7098640199E-01   1.6631231567E-05   2.4691812118E-06
   13      0.0000000000E+00  -1.7095797424E-01  -8.4438280290E-04  -9.1355515909E-04  -1.0149957942E-04
   14      0.0000000000E+00  -1.1077449291E-03  -2.5482625564E-05   9.8192853246E-01   1.4115319081E-02
   15      0.0000000000E+00  -1.2906962635E-04   2.6144015482E-02   3.8409310968E-06   1.2068223769E-06
   16      0.0000000000E+00  -2.6137857005E-02  -1.2912273288E-04  -2.1531295296E-04  -6.2899801238E-05
   17      0.0000000000E+00   9.6716741540E-05   2.0751741836E-06  -1.3550805636E-01   6.5263685732E-02
                   10                 11                 12                 13                 14        
    0      1.5951181461E-03   1.1159201357E-01  -2.7261537146E-07   8.0976117540E-04  -6.9263283682E-02
    1      1.1162657183E-01  -1.5946912088E-03   5.5397318038E-06   6.9294105300E-02   8.0949859736E-04
    2      1.8228371422E-04  -6.0884008570E-06  -1.0080227848E-01   2.9334527938E-07  -6.3974502317E-08
    3     -3.7634207359E-03  -2.6416971285E-01  -3.3527319033E-06  -8.6619379708E-03   7.4101539813E-01
    4     -2.2469612743E-01   3.2132760377E-03  -2.2678342953E-01   1.4306978972E-01   1.6645761400E-03
    5      7.3408426515E-01  -1.0488028681E-02   5.2740311973E-01  -3.0584141774E-01  -3.5813897936E-03
    6     -2.0696102829E-02  -2.3356590615E-01  -1.9580329657E-01  -3.8380467410E-01   7.3516528726E-02
    7     -2.5364773768E-01  -1.4123160392E-02   1.1322796783E-01  -5.2457900456E-01   3.7640639567E-01
    8     -3.5760602570E-01   6.4066659625E-01   5.2815134305E-01   1.4987771655E-01   2.6751368945E-01
    9      1.4005040335E-02  -2.3409070616E-01   1.9581543479E-01   3.8198287059E-01   8.2452474013E-02
   10     -2.5315071989E-01   2.1366364705E-02   1.1323885008E-01  -5.1564740223E-01  -3.8855433929E-01
   11     -3.7576217118E-01  -6.3019760439E-01   5.2813738458E-01   1.5606861551E-01  -2.6392794178E-01
   12      2.5714248904E-05   1.8200420239E-03   1.4425831373E-07   1.4336541269E-05  -1.2262090839E-03
   13      1.8000502386E-03  -2.5885254865E-05  -1.1357901210E-05   1.2235219482E-03   1.4341298894E-05
   14     -9.0288857827E-05   2.8129412147E-06  -7.1474685166E-03   6.3460552155E-06   1.7315992774E-07
   15     -7.1783800295E-05  -5.0214964348E-03  -6.5579257660E-08   4.4854556658E-06  -3.8568522932E-04
   16     -5.0244095111E-03   7.1753128340E-05   3.6909707750E-06   3.8453822908E-04   4.5066254170E-06
   17     -9.4239462719E-06   3.0635656243E-07  -1.9687754801E-03  -1.8111849146E-06  -5.4484132094E-08
                   15                 16                 17        
     0      6.8904925187E-04  -8.7716020600E-02  -1.2354883933E-06
     1      8.7714780126E-02   6.8903602657E-04   6.0977567187E-05
     2      9.0413576687E-05   2.6089157453E-06  -4.8292161707E-02
     3      3.9415355996E-04  -5.1406249180E-02   3.4144604623E-06
     4     -7.4761080555E-01  -5.8704639973E-03   5.4206570165E-01
     5     -3.1641999491E-01  -2.4835742832E-03   1.9632367252E-01
     6      3.4166499603E-01   5.5071879442E-01   4.6977803066E-01
     7     -1.4576668976E-01  -3.4746220905E-01  -2.7139150427E-01
     8      1.5552525139E-01   2.7431186659E-01   1.9571034582E-01
     9     -3.5026491172E-01   5.4528339101E-01  -4.6976728180E-01
    10     -1.5119869795E-01   3.4512732044E-01  -2.7138923744E-01
    11      1.5982611749E-01  -2.7185872331E-01   1.9572581015E-01
    12      5.8296343307E-07  -7.1459727771E-05   6.9275657319E-09
    13      7.3296702123E-05   6.0459978031E-07  -2.3504108393E-06
    14      2.1431235175E-06   4.7360759862E-08  -5.9822064614E-04
    15     -1.2480280927E-07   1.5461084234E-05   3.3979897439E-09
    16     -1.5775508564E-05  -1.3004310488E-07   2.6014131989E-07
    17     -3.9005122541E-07  -1.2300924743E-08  -8.3511190885E-06

#
# The atoms: label  mass x y z (in bohrs)
#
$atoms
6
 C     12.01100      0.000039990790    -0.002292308812     2.581494090859
 H      1.00800      0.000052755697     1.860924933111     3.442032762792
 H      1.00800      1.614486879036    -0.935098986068     3.439125325513
 H      1.00800     -1.614377646472    -0.935096828337     3.439182693478
 F     18.99800     -0.000030866879     0.001794970430     7.216036579412
 I    126.90000     -0.000000450785     0.000021884328    -1.406615381947

$actual_temperature
  0.000000

$frequency_scale_factor
  1.000000


$end

