
$orca_hessian_file

$act_atom
  0

$act_coord
  0

$act_energy
      -12.415663

$multiplicity
  1

$hessian
18
                    0                  1                  2                  3                  4        
    0      4.8587418170E-01   2.0149545000E-03  -4.2578367000E-03  -3.8901969200E-02   7.9719587000E-03
    1      2.0149545000E-03   4.5155319180E-01   7.0378986100E-02   7.9686631000E-03  -1.8473682430E-01
    2     -4.2578367000E-03   7.0378986100E-02   2.4406029080E-01   6.2249855000E-03  -1.1504364110E-01
    3     -3.8901969200E-02   7.9686631000E-03   6.2249855000E-03   4.6485829200E-02  -9.0362667000E-03
    4      7.9719587000E-03  -1.8473682430E-01  -1.1504364110E-01  -9.0362667000E-03   2.1162729440E-01
    5      6.7548134000E-03  -1.2296683510E-01  -1.0196139790E-01  -6.9114003000E-03   1.2536700060E-01
    6     -2.2906541930E-01   1.1086596150E-01  -2.7451456300E-02  -3.1037023000E-03   2.4853712000E-03
    7      1.1747641890E-01  -1.1038869830E-01   1.3649725300E-02   2.1914257500E-02  -1.3020306200E-02
    8     -3.1717218300E-02   1.6408779100E-02  -3.9984634000E-02   1.4107525200E-02  -8.7789233000E-03
    9     -2.0225840810E-01  -1.2107851320E-01   2.6268108500E-02  -5.7913720000E-04  -1.1188527000E-03
   10     -1.2769391160E-01  -1.3702535260E-01   1.7033095000E-02  -2.0511464800E-02  -1.5586141200E-02
   11      3.0192090000E-02   2.0193537500E-02  -4.0163021700E-02  -1.3033314100E-02  -1.0283031300E-02
   12     -6.8652100000E-05  -5.8393700000E-05  -2.9330810000E-04  -3.3323490000E-03  -4.0958000000E-06
   13     -4.4724800000E-05   8.5355650000E-04   5.6294674000E-03  -8.0576000000E-06  -3.2000544000E-03
   14      1.1910180000E-04  -2.6180281000E-03  -1.5757429800E-02  -1.2165250000E-04   2.7983242000E-03
   15     -1.5579733000E-02   2.8732780000E-04  -4.9049290000E-04  -5.6867150000E-04  -2.9811470000E-04
   16      2.7530430000E-04  -2.0255873100E-02   8.3523674000E-03  -3.2713160000E-04   4.9160318000E-03
   17     -1.0909503000E-03   1.8603560500E-02  -4.6193807300E-02  -2.6614380000E-04   5.9402708000E-03
                    5                  6                  7                  8                  9        
    0      6.7548134000E-03  -2.2906541930E-01   1.1747641890E-01  -3.1717218300E-02  -2.0225840810E-01
    1     -1.2296683510E-01   1.1086596150E-01  -1.1038869830E-01   1.6408779100E-02  -1.2107851320E-01
    2     -1.0196139790E-01  -2.7451456300E-02   1.3649725300E-02  -3.9984634000E-02   2.6268108500E-02
    3     -6.9114003000E-03  -3.1037023000E-03   2.1914257500E-02   1.4107525200E-02  -5.7913720000E-04
    4      1.2536700060E-01   2.4853712000E-03  -1.3020306200E-02  -8.7789233000E-03  -1.1188527000E-03
    5      1.1415404140E-01   1.6856200000E-05   3.2858468000E-03   5.2557383000E-03  -3.6108210000E-04
    6      1.6856200000E-05   2.5679362800E-01  -1.2471043520E-01   2.8912071700E-02  -2.6944112500E-02
    7      3.2858468000E-03  -1.2471043520E-01   1.1600055100E-01  -1.7169851900E-02  -1.6738145400E-02
    8      5.2557383000E-03   2.8912071700E-02  -1.7169851900E-02   4.7911095800E-02   2.3737711000E-03
    9     -3.6108210000E-04  -2.6944112500E-02  -1.6738145400E-02   2.3737711000E-03   2.2739430410E-01
   10      3.3383231000E-03   1.2668355600E-02   9.4352355000E-03  -2.4555491000E-03   1.3709516290E-01
   11      5.2916747000E-03  -2.0037404000E-03  -2.6584461000E-03   1.9694906000E-03  -2.7369710700E-02
   12      3.9041780000E-04   6.5399240000E-04  -9.7851190000E-04  -1.0068950000E-04   4.7613250000E-04
   13     -6.7045134000E-03  -6.5113470000E-04   5.0728750000E-04   3.8777370000E-04   6.4826790000E-04
   14     -3.5263059000E-03   3.4741180000E-04  -1.1627808000E-03  -7.6934650000E-04  -2.2357680000E-04
   15      1.1039500000E-04   1.6656137000E-03   3.0364161000E-03  -1.3575460300E-02   1.9112211000E-03
   16     -2.3198220000E-03  -6.5811840000E-04  -2.5340695000E-03   1.1607771500E-02   1.1920806000E-03
   17     -1.9213750500E-02   1.7885700000E-04   4.0555067000E-03  -1.4382344100E-02  -6.8751000000E-04
                   10                 11                 12                 13                 14        
    0     -1.2769391160E-01   3.0192090000E-02  -6.8652100000E-05  -4.4724800000E-05   1.1910180000E-04
    1     -1.3702535260E-01   2.0193537500E-02  -5.8393700000E-05   8.5355650000E-04  -2.6180281000E-03
    2      1.7033095000E-02  -4.0163021700E-02  -2.9330810000E-04   5.6294674000E-03  -1.5757429800E-02
    3     -2.0511464800E-02  -1.3033314100E-02  -3.3323490000E-03  -8.0576000000E-06  -1.2165250000E-04
    4     -1.5586141200E-02  -1.0283031300E-02  -4.0958000000E-06  -3.2000544000E-03   2.7983242000E-03
    5      3.3383231000E-03   5.2916747000E-03   3.9041780000E-04  -6.7045134000E-03  -3.5263059000E-03
    6      1.2668355600E-02  -2.0037404000E-03   6.5399240000E-04  -6.5113470000E-04   3.4741180000E-04
    7      9.4352355000E-03  -2.6584461000E-03  -9.7851190000E-04   5.0728750000E-04  -1.1627808000E-03
    8     -2.4555491000E-03   1.9694906000E-03  -1.0068950000E-04   3.8777370000E-04  -7.6934650000E-04
    9      1.3709516290E-01  -2.7369710700E-02   4.7613250000E-04   6.4826790000E-04  -2.2357680000E-04
   10      1.4522197780E-01  -2.0682018800E-02   9.7213730000E-04   6.8604300000E-04  -1.2100789000E-03
   11     -2.0682018800E-02   4.8073580500E-02   5.6370700000E-05   3.9522640000E-04  -7.6524020000E-04
   12      9.7213730000E-04   5.6370700000E-05   1.4771770000E-03   8.7087100000E-05  -2.2774210000E-04
   13      6.8604300000E-04   3.9522640000E-04   8.7087100000E-05  -5.4520500000E-05   4.3731963000E-03
   14     -1.2100789000E-03  -7.6524020000E-04  -2.2774210000E-04   4.3731963000E-03   2.4507184800E-02
   15     -2.5302794000E-03   1.2158304600E-02   7.9369910000E-04  -3.1437900000E-05   1.0645780000E-04
   16     -2.7317625000E-03   1.3034732300E-02  -1.8223100000E-05   1.2076878000E-03  -2.1806326000E-03
   17      3.9762288000E-03  -1.4406483900E-02   1.7495120000E-04  -4.0811503000E-03  -3.6888623000E-03
                   15                 16                 17        
     0     -1.5579733000E-02   2.7530430000E-04  -1.0909503000E-03
     1      2.8732780000E-04  -2.0255873100E-02   1.8603560500E-02
     2     -4.9049290000E-04   8.3523674000E-03  -4.6193807300E-02
     3     -5.6867150000E-04  -3.2713160000E-04  -2.6614380000E-04
     4     -2.9811470000E-04   4.9160318000E-03   5.9402708000E-03
     5      1.1039500000E-04  -2.3198220000E-03  -1.9213750500E-02
     6      1.6656137000E-03  -6.5811840000E-04   1.7885700000E-04
     7      3.0364161000E-03  -2.5340695000E-03   4.0555067000E-03
     8     -1.3575460300E-02   1.1607771500E-02  -1.4382344100E-02
     9      1.9112211000E-03   1.1920806000E-03  -6.8751000000E-04
    10     -2.5302794000E-03  -2.7317625000E-03   3.9762288000E-03
    11      1.2158304600E-02   1.3034732300E-02  -1.4406483900E-02
    12      7.9369910000E-04  -1.8223100000E-05   1.7495120000E-04
    13     -3.1437900000E-05   1.2076878000E-03  -4.0811503000E-03
    14      1.0645780000E-04  -2.1806326000E-03  -3.6888623000E-03
    15      1.1777870700E-02  -4.6391180000E-04   1.6907958000E-03
    16     -4.6391180000E-04   1.9397985400E-02  -2.8494416600E-02
    17      1.6907958000E-03  -2.8494416600E-02   9.7885248200E-02

$vibrational_frequencies
18
    0        0.0000000000000000
    1        0.0000000000000000
    2        0.0000000000000000
    3        0.0000000000000000
    4        0.0000000000000000
    5        0.0000000000000000
    6     -116.8843365707946020
    7      188.3067567550889407
    8      188.5924784800893690
    9      469.9991833482372385
   10      731.0078299820166876
   11      917.9133663946197430
   12     1256.5941890710757889
   13     1412.8656188120755814
   14     1444.0902434826823537
   15     2893.0906882351027889
   16     3061.0507795244634508
   17     3069.6010678975644623

$normal_modes
18 18
                    0                  1                  2                  3                  4        
    0      0.0000000000E+00   0.0000000000E+00   0.0000000000E+00   0.0000000000E+00   0.0000000000E+00
    1      0.0000000000E+00   0.0000000000E+00   0.0000000000E+00   0.0000000000E+00   0.0000000000E+00
    2      0.0000000000E+00   0.0000000000E+00   0.0000000000E+00   0.0000000000E+00   0.0000000000E+00
    3      0.0000000000E+00   0.0000000000E+00   0.0000000000E+00   0.0000000000E+00   0.0000000000E+00
    4      0.0000000000E+00   0.0000000000E+00   0.0000000000E+00   0.0000000000E+00   0.0000000000E+00
    5      0.0000000000E+00   0.0000000000E+00   0.0000000000E+00   0.0000000000E+00   0.0000000000E+00
    6      0.0000000000E+00   0.0000000000E+00   0.0000000000E+00   0.0000000000E+00   0.0000000000E+00
    7      0.0000000000E+00   0.0000000000E+00   0.0000000000E+00   0.0000000000E+00   0.0000000000E+00
    8      0.0000000000E+00   0.0000000000E+00   0.0000000000E+00   0.0000000000E+00   0.0000000000E+00
    9      0.0000000000E+00   0.0000000000E+00   0.0000000000E+00   0.0000000000E+00   0.0000000000E+00
   10      0.0000000000E+00   0.0000000000E+00   0.0000000000E+00   0.0000000000E+00   0.0000000000E+00
   11      0.0000000000E+00   0.0000000000E+00   0.0000000000E+00   0.0000000000E+00   0.0000000000E+00
   12      0.0000000000E+00   0.0000000000E+00   0.0000000000E+00   0.0000000000E+00   0.0000000000E+00
   13      0.0000000000E+00   0.0000000000E+00   0.0000000000E+00   0.0000000000E+00   0.0000000000E+00
   14      0.0000000000E+00   0.0000000000E+00   0.0000000000E+00   0.0000000000E+00   0.0000000000E+00
   15      0.0000000000E+00   0.0000000000E+00   0.0000000000E+00   0.0000000000E+00   0.0000000000E+00
   16      0.0000000000E+00   0.0000000000E+00   0.0000000000E+00   0.0000000000E+00   0.0000000000E+00
   17      0.0000000000E+00   0.0000000000E+00   0.0000000000E+00   0.0000000000E+00   0.0000000000E+00
                    5                  6                  7                  8                  9        
    0      0.0000000000E+00  -1.9520006781E-02   1.4189518192E-01  -1.2933628664E-01  -1.2024435273E-02
    1      0.0000000000E+00   3.5618690285E-01   3.1390235552E-02   7.8827330807E-02   2.1463257548E-01
    2      0.0000000000E+00   1.2527068202E-01   3.0031647462E-03   9.5104868260E-03  -5.8269445053E-01
    3      0.0000000000E+00  -3.0860001076E-02   6.5139476650E-01  -5.7788817018E-01   1.4471411982E-04
    4      0.0000000000E+00   5.6133897392E-01   8.0636225958E-02   1.3065642264E-01   1.9749457163E-02
    5      0.0000000000E+00  -1.8090664712E-01  -2.6983493643E-02  -9.7495258644E-02  -2.8630832050E-01
    6      0.0000000000E+00  -1.6894793526E-02  -1.1648524928E-01   9.3720894250E-02  -4.2700655971E-02
    7      0.0000000000E+00   4.0819243024E-01  -4.4129212636E-01   5.0828544100E-01   1.6637678805E-01
    8      0.0000000000E+00   2.6649171143E-01  -1.5448915152E-01   2.2790999355E-01  -4.8115168617E-01
    9      0.0000000000E+00  -2.8013789517E-02  -1.6688434538E-01   1.3924033876E-01   2.0693674690E-02
   10      0.0000000000E+00   4.0836839296E-01   4.8052034262E-01  -2.9357600846E-01   1.7469720316E-01
   11      0.0000000000E+00   2.6684961314E-01   1.9696427868E-01  -7.7758240897E-02  -4.8074803599E-01
   12      0.0000000000E+00   8.7795270838E-03  -5.8399027390E-02   5.4467334871E-02   3.2204347471E-04
   13      0.0000000000E+00  -1.5673745304E-01  -2.0940232911E-02  -6.1169873536E-02  -8.1783014942E-03
   14      0.0000000000E+00   7.6285124955E-02  -1.1581124899E-01  -4.1858730670E-01   7.3037089302E-02
   15      0.0000000000E+00   1.1350360812E-03  -7.6107776272E-03   6.8272187833E-03   1.2635498458E-03
   16      0.0000000000E+00  -2.1192953135E-02  -7.8825005618E-04  -1.0466398337E-03  -2.1956584147E-02
   17      0.0000000000E+00  -2.6076793700E-02   1.6930618833E-02   6.1347623715E-02   5.4132215365E-02
                   10                 11                 12                 13                 14        
    0     -6.4199642593E-03  -9.9023231945E-02   6.3256785751E-04   6.7746146428E-02  -4.2746791227E-03
    1      1.1259116222E-01  -5.5715612831E-03  -8.3179023905E-03   3.8154985070E-03   7.6636367349E-02
    2      4.2154590178E-02  -5.3131739881E-05   1.0122146061E-01  -2.4467156916E-05   8.6011274270E-03
    3      2.4669436558E-02   3.0576209369E-01  -1.6128842419E-02  -7.6187255980E-01  -8.5351994524E-03
    4     -4.1988083178E-01   1.7376404240E-02   2.7683588041E-01  -4.2624081989E-02   1.5434078944E-01
    5      7.9199627638E-01  -1.1782472273E-03  -3.5163172579E-01   1.4590123142E-03  -1.5586464079E-01
    6     -3.7547979210E-02   1.4706869463E-01   9.2824889060E-02  -7.5879727011E-02  -3.6414968377E-01
    7     -5.5376228712E-02   2.2436168043E-01   7.4830111716E-03  -2.5671919508E-01  -5.8294852736E-01
    8     -2.9352552616E-01  -6.1316977830E-01  -6.2142643534E-01  -3.6727559006E-01   1.9348921595E-02
    9      4.3224181616E-02   1.7277598687E-01  -9.4932092271E-02  -1.0245595899E-01   4.2670292285E-01
   10     -5.2114324749E-02  -2.0637820048E-01  -2.7671487360E-03   2.4633396175E-01  -5.3910902997E-01
   11     -2.9296421056E-01   6.1315235549E-01  -6.2069655953E-01   3.6795485661E-01   1.7971257602E-02
   12      5.8623646124E-04  -1.9097591142E-03  -7.1024581649E-05   2.0822369349E-03  -1.9734323528E-05
   13     -1.0195874221E-02  -9.5180898735E-05   1.2507855925E-03   1.0989548730E-04   3.5595771942E-04
   14     -1.2221224082E-02   3.9535308770E-05   1.2992078452E-03  -2.5010121697E-05   1.1706388685E-03
   15      2.7883740231E-04   4.6890308365E-03   9.5614550518E-05   7.4446500979E-04  -2.1529553387E-05
   16     -4.9412204461E-03   2.6072108765E-04  -1.6364086357E-03   4.3480242743E-05   3.7995751811E-04
   17     -3.7926758037E-03   8.6076353599E-06   2.8845661493E-03  -1.0924884011E-05  -4.7715693164E-05
                   15                 16                 17        
     0     -3.1454449874E-03   3.4153040002E-03  -9.1823332819E-02
     1      5.7370272139E-02  -6.5498514154E-02  -4.9402974996E-03
     2      4.4966968117E-02   7.9850232342E-03   1.1126430803E-04
     3      4.4714278797E-02  -3.1773690629E-03  -4.3052435083E-02
     4     -8.1705544753E-01   5.6456176883E-02  -2.4212962514E-03
     5     -5.5566110239E-01   6.4500456651E-02  -7.2639578031E-06
     6     -6.8999265121E-02  -6.1392913848E-01   5.9197134619E-01
     7      5.8061348479E-02   3.2892841895E-01  -3.7449052560E-01
     8      4.1535619035E-03  -8.0358263969E-02   8.2949305814E-02
     9      6.2326459967E-02   5.7625462447E-01   5.4337269570E-01
    10      6.5481577935E-02   3.9728639618E-01   4.3565580650E-01
    11      3.9297354388E-03  -8.2526138434E-02  -8.4148340871E-02
    12     -6.4232371196E-05  -3.1488318091E-06   2.3222826704E-04
    13      1.1305645290E-03   7.7771695699E-05   1.2328555940E-05
    14     -2.2988359487E-04  -1.6435602346E-04  -1.2238568014E-06
    15      5.1569810838E-06   1.7123978903E-06  -2.0108445867E-05
    16     -9.0560932292E-05  -2.9213657410E-05  -8.6872472609E-07
    17      1.2787629608E-04   5.0317880108E-05  -7.6592091920E-07

#
# The atoms: label  mass x y z (in bohrs)
#
$atoms
6
 C     12.01100      0.063160695751    -1.067354991996     2.598952170422
 H      1.00800     -0.023651227427     0.526254134448     3.899611537124
 H      1.00800      1.801350017528    -2.112784799867     2.865323148068
 H      1.00800     -1.547514911381    -2.299161863104     2.870163828915
 F     18.99800     -0.021418157802     0.574039714115     7.285654252695
 I    126.90000     -0.004600049681     0.045950925050    -1.413247071031

$actual_temperature
  0.000000

$frequency_scale_factor
  1.000000


$end

