
$orca_hessian_file

$act_atom
  0

$act_coord
  0

$act_energy
      -12.414886

$multiplicity
  1

$hessian
18
                    0                  1                  2                  3                  4        
    0      4.9624242590E-01  -7.3469325000E-03  -1.3461301000E-02  -4.0023110800E-02   4.8009884000E-03
    1     -7.3469325000E-03   4.5002943260E-01   4.4389936600E-02   4.8781461000E-03  -2.0370658920E-01
    2     -1.3461301000E-02   4.4389936600E-02   2.5831968850E-01   2.4691758000E-03  -1.1384818780E-01
    3     -4.0023110800E-02   4.8781461000E-03   2.4691758000E-03   4.7744326000E-02  -3.9200962000E-03
    4      4.8009884000E-03  -2.0370658920E-01  -1.1384818780E-01  -3.9200962000E-03   2.3701573400E-01
    5      2.4342721000E-03  -1.2352321590E-01  -9.7457115000E-02  -2.5866272000E-03   1.2565706720E-01
    6     -2.3202494570E-01   1.1297843740E-01  -3.7554382100E-02  -2.5868052000E-03   2.7668103000E-03
    7      1.1742612730E-01  -1.1069901690E-01   2.0652687500E-02   2.4166668500E-02  -1.5891056300E-02
    8     -4.4099067100E-02   2.5156542700E-02  -4.2500169000E-02   1.2786431400E-02  -8.4879626000E-03
    9     -2.0811367360E-01  -1.1128305260E-01   5.1138516600E-02  -2.5094050000E-03  -3.4167272000E-03
   10     -1.1509768330E-01  -1.1792843120E-01   3.2677212000E-02  -2.4778043600E-02  -2.0201325700E-02
   11      5.7856085800E-02   3.7918002400E-02  -5.0849913100E-02  -1.1963173700E-02  -9.8460303000E-03
   12      3.7461250000E-04  -5.8069400000E-05  -1.7658340000E-04  -2.6378330000E-03  -1.1332200000E-04
   13     -3.5432100000E-04   1.0653057000E-03   7.3131591000E-03   2.9847190000E-04  -2.3094728000E-03
   14      2.0166610000E-04   7.3782370000E-04  -3.0634813000E-03  -2.5183590000E-04   9.1633760000E-04
   15     -1.6455308300E-02   8.3147090000E-04  -2.4154259000E-03   1.2828100000E-05  -1.1765320000E-04
   16      5.7182110000E-04  -1.8760701000E-02   8.8151926000E-03  -6.4514670000E-04   5.0927100000E-03
   17     -2.9316559000E-03   1.5320910400E-02  -6.4449010200E-02  -4.5397030000E-04   5.6087759000E-03
                    5                  6                  7                  8                  9        
    0      2.4342721000E-03  -2.3202494570E-01   1.1742612730E-01  -4.4099067100E-02  -2.0811367360E-01
    1     -1.2352321590E-01   1.1297843740E-01  -1.1069901690E-01   2.5156542700E-02  -1.1128305260E-01
    2     -9.7457115000E-02  -3.7554382100E-02   2.0652687500E-02  -4.2500169000E-02   5.1138516600E-02
    3     -2.5866272000E-03  -2.5868052000E-03   2.4166668500E-02   1.2786431400E-02  -2.5094050000E-03
    4      1.2565706720E-01   2.7668103000E-03  -1.5891056300E-02  -8.4879626000E-03  -3.4167272000E-03
    5      1.0674421440E-01   5.0781090000E-04   3.8214832000E-03   4.9883579000E-03  -2.0858920000E-04
    6      5.0781090000E-04   2.5822859920E-01  -1.2752845010E-01   4.0310067500E-02  -2.5373424600E-02
    7      3.8214832000E-03  -1.2752845010E-01   1.1787191170E-01  -2.3752519400E-02  -1.4913771200E-02
    8      4.9883579000E-03   4.0310067500E-02  -2.3752519400E-02   5.2617888200E-02   5.1054342000E-03
    9     -2.0858920000E-04  -2.5373424600E-02  -1.4913771200E-02   5.1054342000E-03   2.3375792530E-01
   10      4.3954143000E-03   1.3052806800E-02   9.2608842000E-03  -3.9519136000E-03   1.2726577120E-01
   11      6.0586443000E-03  -3.0080527000E-03  -3.3268746000E-03   2.5462610000E-03  -5.4705334700E-02
   12     -8.9203900000E-05   6.2294980000E-04  -9.1018550000E-04  -4.6266700000E-05  -1.9477430000E-04
   13     -4.9793124000E-03  -8.1661360000E-04   6.8342810000E-04   4.4573430000E-04   7.5214310000E-04
   14     -3.8754508000E-03  -1.0028610000E-04  -4.1457560000E-04  -5.4433900000E-04   2.6381370000E-04
   15     -5.7662800000E-05   1.1336265000E-03   1.7596110000E-03  -1.4056599300E-02   2.4333522000E-03
   16     -5.3714364000E-03  -4.5299080000E-04  -1.2261508000E-03   1.0590118500E-02   1.5956368000E-03
   17     -1.6458650800E-02  -1.5515760000E-04   3.0197988000E-03  -1.7107999100E-02  -1.5938406000E-03
                   10                 11                 12                 13                 14        
    0     -1.1509768330E-01   5.7856085800E-02   3.7461250000E-04  -3.5432100000E-04   2.0166610000E-04
    1     -1.1792843120E-01   3.7918002400E-02  -5.8069400000E-05   1.0653057000E-03   7.3782370000E-04
    2      3.2677212000E-02  -5.0849913100E-02  -1.7658340000E-04   7.3131591000E-03  -3.0634813000E-03
    3     -2.4778043600E-02  -1.1963173700E-02  -2.6378330000E-03   2.9847190000E-04  -2.5183590000E-04
    4     -2.0201325700E-02  -9.8460303000E-03  -1.1332200000E-04  -2.3094728000E-03   9.1633760000E-04
    5      4.3954143000E-03   6.0586443000E-03  -8.9203900000E-05  -4.9793124000E-03  -3.8754508000E-03
    6      1.3052806800E-02  -3.0080527000E-03   6.2294980000E-04  -8.1661360000E-04  -1.0028610000E-04
    7      9.2608842000E-03  -3.3268746000E-03  -9.1018550000E-04   6.8342810000E-04  -4.1457560000E-04
    8     -3.9519136000E-03   2.5462610000E-03  -4.6266700000E-05   4.4573430000E-04  -5.4433900000E-04
    9      1.2726577120E-01  -5.4705334700E-02  -1.9477430000E-04   7.5214310000E-04   2.6381370000E-04
   10      1.2944204340E-01  -3.5734496100E-02   9.1953940000E-04   4.4435510000E-04   1.2311520000E-04
   11     -3.5734496100E-02   6.0060294100E-02  -3.3287800000E-05   4.6923010000E-04  -1.0599270000E-03
   12      9.1953940000E-04  -3.3287800000E-05   1.1679761000E-03   8.2913900000E-05  -1.9340340000E-04
   13      4.4435510000E-04   4.6923010000E-04   8.2913900000E-05  -9.9309160000E-04   2.8862800000E-05
   14      1.2311520000E-04  -1.0599270000E-03  -1.9340340000E-04   2.8862800000E-05   1.4149300100E-02
   15     -1.3623904000E-03   1.1853763100E-02   6.6706900000E-04   3.7405600000E-05   8.0045600000E-05
   16     -1.0175259000E-03   1.0520168500E-02   7.9123600000E-05   1.1094756000E-03  -1.3915638000E-03
   17      2.4906683000E-03  -1.6755359200E-02   5.3874500000E-04  -3.2776739000E-03  -5.6061020000E-03
                   15                 16                 17        
     0     -1.6455308300E-02   5.7182110000E-04  -2.9316559000E-03
     1      8.3147090000E-04  -1.8760701000E-02   1.5320910400E-02
     2     -2.4154259000E-03   8.8151926000E-03  -6.4449010200E-02
     3      1.2828100000E-05  -6.4514670000E-04  -4.5397030000E-04
     4     -1.1765320000E-04   5.0927100000E-03   5.6087759000E-03
     5     -5.7662800000E-05  -5.3714364000E-03  -1.6458650800E-02
     6      1.1336265000E-03  -4.5299080000E-04  -1.5515760000E-04
     7      1.7596110000E-03  -1.2261508000E-03   3.0197988000E-03
     8     -1.4056599300E-02   1.0590118500E-02  -1.7107999100E-02
     9      2.4333522000E-03   1.5956368000E-03  -1.5938406000E-03
    10     -1.3623904000E-03  -1.0175259000E-03   2.4906683000E-03
    11      1.1853763100E-02   1.0520168500E-02  -1.6755359200E-02
    12      6.6706900000E-04   7.9123600000E-05   5.3874500000E-04
    13      3.7405600000E-05   1.1094756000E-03  -3.2776739000E-03
    14      8.0045600000E-05  -1.3915638000E-03  -5.6061020000E-03
    15      1.2208432500E-02  -1.1484439000E-03   4.5958793000E-03
    16     -1.1484439000E-03   1.4802192200E-02  -2.3162479400E-02
    17      4.5958793000E-03  -2.3162479400E-02   1.2037712120E-01

$vibrational_frequencies
18
    0        0.0000000000000000
    1        0.0000000000000000
    2        0.0000000000000000
    3        0.0000000000000000
    4        0.0000000000000000
    5        0.0000000000000000
    6     -124.0459791225997606
    7      134.7290086845636949
    8      147.2046470735197374
    9      487.6394427264348224
   10      723.5489267113127880
   11      908.4614458881339942
   12     1284.8195035954825016
   13     1435.2591519164964211
   14     1463.7007640034341875
   15     2967.8943561843398129
   16     3066.5344340050396568
   17     3101.9813840762089967

$normal_modes
18 18
                    0                  1                  2                  3                  4        
    0      0.0000000000E+00   0.0000000000E+00   0.0000000000E+00   0.0000000000E+00   0.0000000000E+00
    1      0.0000000000E+00   0.0000000000E+00   0.0000000000E+00   0.0000000000E+00   0.0000000000E+00
    2      0.0000000000E+00   0.0000000000E+00   0.0000000000E+00   0.0000000000E+00   0.0000000000E+00
    3      0.0000000000E+00   0.0000000000E+00   0.0000000000E+00   0.0000000000E+00   0.0000000000E+00
    4      0.0000000000E+00   0.0000000000E+00   0.0000000000E+00   0.0000000000E+00   0.0000000000E+00
    5      0.0000000000E+00   0.0000000000E+00   0.0000000000E+00   0.0000000000E+00   0.0000000000E+00
    6      0.0000000000E+00   0.0000000000E+00   0.0000000000E+00   0.0000000000E+00   0.0000000000E+00
    7      0.0000000000E+00   0.0000000000E+00   0.0000000000E+00   0.0000000000E+00   0.0000000000E+00
    8      0.0000000000E+00   0.0000000000E+00   0.0000000000E+00   0.0000000000E+00   0.0000000000E+00
    9      0.0000000000E+00   0.0000000000E+00   0.0000000000E+00   0.0000000000E+00   0.0000000000E+00
   10      0.0000000000E+00   0.0000000000E+00   0.0000000000E+00   0.0000000000E+00   0.0000000000E+00
   11      0.0000000000E+00   0.0000000000E+00   0.0000000000E+00   0.0000000000E+00   0.0000000000E+00
   12      0.0000000000E+00   0.0000000000E+00   0.0000000000E+00   0.0000000000E+00   0.0000000000E+00
   13      0.0000000000E+00   0.0000000000E+00   0.0000000000E+00   0.0000000000E+00   0.0000000000E+00
   14      0.0000000000E+00   0.0000000000E+00   0.0000000000E+00   0.0000000000E+00   0.0000000000E+00
   15      0.0000000000E+00   0.0000000000E+00   0.0000000000E+00   0.0000000000E+00   0.0000000000E+00
   16      0.0000000000E+00   0.0000000000E+00   0.0000000000E+00   0.0000000000E+00   0.0000000000E+00
   17      0.0000000000E+00   0.0000000000E+00   0.0000000000E+00   0.0000000000E+00   0.0000000000E+00
                    5                  6                  7                  8                  9        
    0      0.0000000000E+00  -2.9892152247E-02   2.0684655456E-01  -1.3599135637E-01  -2.3597776339E-02
    1      0.0000000000E+00   3.5354911358E-01  -1.7370758045E-02  -6.1043598845E-02   1.4864485525E-01
    2      0.0000000000E+00   9.8543209143E-02  -4.3857271913E-03   4.0491390612E-02  -5.9036049009E-01
    3      0.0000000000E+00   7.2348782612E-02   7.0903119522E-01  -5.0652590738E-01  -8.7104180084E-03
    4      0.0000000000E+00   5.4200707666E-01   1.1167841917E-02  -6.8419890281E-02   6.4097500391E-02
    5      0.0000000000E+00  -2.0268795914E-01  -2.8252385478E-02   3.2117321435E-02  -4.3475554665E-01
    6      0.0000000000E+00  -8.2230436144E-02  -2.7609153159E-02   3.4880398469E-02  -5.7802796906E-02
    7      0.0000000000E+00   3.1770927780E-01  -4.6219725515E-01   2.6246944898E-01   1.2550595272E-01
    8      0.0000000000E+00   2.1867823299E-01  -1.5212383989E-01   1.4676905508E-01  -4.2970810947E-01
    9      0.0000000000E+00  -9.2152828945E-02  -3.7191935030E-02   4.2181058248E-02   2.1667449783E-03
   10      0.0000000000E+00   5.2447626095E-01   4.2099216752E-01  -3.8025736574E-01   1.5311748067E-01
   11      0.0000000000E+00   2.4488025140E-01   1.5587578933E-01  -7.8149994071E-02  -4.5103435532E-01
   12      0.0000000000E+00   1.2450807833E-02  -8.2220159345E-02   6.2070002793E-02   1.1448080879E-03
   13      0.0000000000E+00  -1.5345134544E-01   1.9140463003E-03  -9.1848565664E-03  -1.4870794279E-02
   14      0.0000000000E+00  -3.2328505389E-02  -7.5747314185E-02  -6.7554116842E-01   2.5596976635E-02
   15      0.0000000000E+00   1.7757679414E-03  -1.2386125512E-02   6.9904368366E-03   2.5732471966E-03
   16      0.0000000000E+00  -2.1485231669E-02   1.5961754684E-03   8.6318836900E-03  -1.4565175004E-02
   17      0.0000000000E+00  -6.5593619313E-03   1.1949731156E-02   9.6501550445E-02   6.2494487627E-02
                   10                 11                 12                 13                 14        
    0      8.6695671969E-03   1.0215872003E-01   5.0014304233E-03   2.6893838699E-02  -6.2474582696E-02
    1      1.2346432543E-01  -5.8460231646E-03  -5.8276170108E-03   6.9193786175E-02   2.9996119961E-02
    2      1.6145887716E-02  -2.0262386588E-03   1.0149950981E-01   4.7085989104E-03   6.8137350934E-03
    3      1.3809156437E-02  -2.9895927186E-01  -3.6621356226E-02  -3.2881884055E-01   6.8205078038E-01
    4     -3.6947663992E-01   2.4520322495E-02   2.6275990675E-01   1.3183952489E-01   8.9946413209E-02
    5      7.7914209376E-01  -6.3597413636E-02  -3.8843844774E-01  -1.7450278215E-01  -1.0346321347E-01
    6     -6.8878393649E-02  -1.3939917607E-01   1.0534373333E-01  -3.7178767673E-01  -7.3925424327E-02
    7     -1.2913293794E-01  -1.5298187877E-01  -3.4413778634E-02  -6.3766165614E-01   3.3342515710E-02
    8     -2.7047915026E-01   6.6127905022E-01  -6.1975903755E-01  -7.7367932871E-02   3.2004763804E-01
    9      4.9718452696E-04  -2.0283706437E-01  -1.5008833937E-01   3.3498340315E-01   2.3755839541E-01
   10     -7.2645073080E-02   1.5306063966E-01  -4.2178645520E-02  -3.7241211425E-01  -5.0201310971E-01
   11     -3.7501527499E-01  -5.9226575450E-01  -5.8963381040E-01   1.9178607041E-01  -3.0610630846E-01
   12     -1.0360424664E-04   1.7711244372E-03   1.8770888837E-04   5.4844524395E-04  -1.5695217038E-03
   13     -8.3153308914E-03   9.3646284898E-05   1.0492672353E-03   3.8826909040E-04   4.2344022993E-04
   14     -7.4691820470E-03   1.1674561312E-03   2.0025129085E-03   7.5318339502E-04   2.9156490094E-04
   15     -3.7157816405E-04  -4.8412224740E-03   1.4482754679E-04   2.7664964287E-04  -5.6933991632E-04
   16     -5.9033149590E-03   3.4390556390E-04  -1.0842812725E-03   3.6877239986E-04   1.0580031440E-04
   17     -1.4715964278E-03  -2.6015667346E-05   2.7853395862E-03  -8.1155538871E-05   2.2530628588E-05
                   15                 16                 17        
     0      4.7761868464E-03  -4.2131114133E-02   8.0653886986E-02
     1      6.6482157864E-02  -4.7481739211E-02  -3.0075884887E-02
     2      3.9460535948E-02   2.1858953611E-02   4.9890073239E-03
     3      2.0681774022E-02  -2.3448991653E-02   3.7929939056E-02
     4     -8.4886123173E-01  -6.2908683740E-02   3.1257950065E-02
     5     -5.1630801327E-01  -1.3160489167E-02   2.9360234830E-02
     6     -3.0840976071E-02  -2.5050493059E-01  -8.1326687930E-01
     7      4.7684600916E-02   1.1574805614E-01   4.8920867193E-01
     8      7.5270287782E-03  -3.7769419283E-02  -1.5493269237E-01
     9     -4.7409794940E-02   7.7655406662E-01  -1.8603051127E-01
    10      8.1720019505E-04   5.1258850967E-01  -1.6153252829E-01
    11      3.0040725765E-02  -2.1783475018E-01   6.2091159741E-02
    12      4.0756157765E-06   1.8092609423E-05  -1.6389085809E-04
    13      7.7918198780E-04   1.9295190143E-04   7.4492391373E-05
    14      1.7121309257E-04   5.7070860194E-05  -4.1678962973E-05
    15      4.6126099591E-06  -7.3117184754E-06   2.7093404689E-05
    16     -5.1676843472E-05  -2.6113756327E-05  -1.5597474639E-05
    17      4.2214162274E-05   5.7388903702E-05   3.8282097338E-05

#
# The atoms: label  mass x y z (in bohrs)
#
$atoms
6
 C     12.01100      0.141604112486    -0.677733325463     2.598105683021
 H      1.00800      0.093360074067     0.997392266173     3.792174388664
 H      1.00800      1.864826955672    -1.708822984293     2.955434124454
 H      1.00800     -1.500529634432    -1.783061573655     3.118489847341
 F     18.99800     -0.089170845395     0.414220513517     7.450592694809
 I    126.90000     -0.003688399754     0.021949108640    -1.439694519481

$actual_temperature
  0.000000

$frequency_scale_factor
  1.000000


$end

