
$orca_hessian_file

$act_atom
  0

$act_coord
  0

$act_energy
      -12.543361

$multiplicity
  1

$hessian
18
                    0                  1                  2                  3                  4        
    0      5.8731705206E-01  -1.5856054587E-03   8.3409344901E-05  -4.1116119443E-02   1.8387082787E-04
    1     -1.5856054587E-03   5.9048669815E-01   8.3711709329E-05  -1.8859369093E-04  -3.3367928888E-01
    2      8.3409344901E-05   8.3711709329E-05  -4.9367580538E-02  -4.8563323948E-06  -9.0111246139E-03
    3     -4.1116119443E-02  -1.8859369093E-04  -4.8563323948E-06   4.0745244733E-02   1.6288325845E-04
    4      1.8387082787E-04  -3.3367928888E-01  -9.0111246139E-03   1.6288325845E-04   3.5576777031E-01
    5      3.8698651311E-06  -1.0587271061E-02  -3.4603297221E-03   5.2966359644E-06   9.5234650991E-03
    6     -2.6199011097E-01   1.2568356715E-01  -7.8114660119E-03   7.5991017853E-04  -3.6327445813E-04
    7      1.4873841680E-01  -1.1427627606E-01   4.5433759131E-03   3.0923315583E-03  -1.3547506255E-02
    8     -9.2496013473E-03   5.2532632357E-03  -3.4603595134E-03   1.9184852290E-04  -2.2526265587E-04
    9     -2.6196577810E-01  -1.2704952374E-01   7.8922596138E-03   7.4924504692E-04   3.6322149723E-04
   10     -1.4733616921E-01  -1.1427627675E-01   4.5433754056E-03  -3.0668897944E-03  -1.3547506281E-02
   11      9.1653123950E-03   5.2532627315E-03  -3.4603589158E-03  -1.9192826889E-04  -2.2526265503E-04
   12     -1.1268901512E-02   3.0035489127E-06   2.0828762134E-05  -4.7495838705E-05   1.3851591237E-07
   13     -1.5250822851E-06  -1.2573928246E-02   2.0849409845E-05   6.2132573891E-08   8.7109559965E-04
   14     -4.7279033642E-06  -4.7057887040E-06   2.7312041490E-02   1.7973408526E-07   6.6081020046E-04
   15     -1.0976142038E-02   3.1371521918E-03  -1.8017537654E-04  -1.0907846770E-03  -3.4683964133E-04
   16      1.0121220143E-06  -1.5680928218E-02  -1.8018782412E-04   2.0653601184E-07   4.1354355051E-03
   17      1.7376456315E-06   1.7391733215E-06   3.2436587199E-02  -5.4029166677E-07  -7.2262537482E-04
                    5                  6                  7                  8                  9        
    0      3.8698651311E-06  -2.6199011097E-01   1.4873841680E-01  -9.2496013473E-03  -2.6196577810E-01
    1     -1.0587271061E-02   1.2568356715E-01  -1.1427627606E-01   5.2532632357E-03  -1.2704952374E-01
    2     -3.4603297221E-03  -7.8114660119E-03   4.5433759131E-03  -3.4603595134E-03   7.8922596138E-03
    3      5.2966359644E-06   7.5991017853E-04   3.0923315583E-03   1.9184852290E-04   7.4924504692E-04
    4      9.5234650991E-03  -3.6327445813E-04  -1.3547506255E-02  -2.2526265587E-04   3.6322149723E-04
    5      4.0424263206E-02   2.0488013956E-04   8.0670783274E-04  -4.9488549361E-04  -2.0469072922E-04
    6      2.0488013956E-04   2.7753247458E-01  -1.3737900723E-01   8.2552803891E-03  -2.0253602010E-02
    7      8.0670783274E-04  -1.3737900723E-01   1.2030511934E-01  -4.7992630485E-03  -1.1991262423E-02
    8     -4.9488549361E-04   8.2552803891E-03  -4.7992630485E-03   4.0424255247E-02   5.9657997919E-04
    9     -2.0469072922E-04  -2.0253602010E-02  -1.1991262423E-02   5.9657997919E-04   2.8118819762E-01
   10      8.0670777000E-04   1.1972688505E-02   6.5831504096E-03  -5.8069571669E-04   1.3876010395E-01
   11     -4.9488557916E-04  -5.9519641971E-04  -5.8069574289E-04  -4.9488132502E-04  -8.3359686493E-03
   12     -5.9679951705E-06   1.0488798385E-03  -5.2966035018E-04   4.0222912655E-03   1.0421275829E-03
   13      9.0272011135E-03  -2.1556387060E-04   4.9573769897E-04  -4.5183111602E-03   2.1711241525E-04
   14     -1.8106041405E-02   5.7184539559E-04  -3.2717192557E-04  -1.8106021480E-02  -5.6555406333E-04
   15     -3.3879162630E-06   2.9024483820E-03  -1.9308183533E-03  -3.8163988094E-03  -7.6019013590E-04
   16     -9.5768107542E-03   3.0158990629E-04   4.3977486458E-04   4.8702693456E-03  -2.9965170033E-04
   17     -1.7868121006E-02  -6.2534349269E-04   3.5704697115E-04  -1.7868107435E-02   6.1737384891E-04
                   10                 11                 12                 13                 14        
    0     -1.4733616921E-01   9.1653123950E-03  -1.1268901512E-02  -1.5250822851E-06  -4.7279033642E-06
    1     -1.1427627675E-01   5.2532627315E-03   3.0035489127E-06  -1.2573928246E-02  -4.7057887040E-06
    2      4.5433754056E-03  -3.4603589158E-03   2.0828762134E-05   2.0849409845E-05   2.7312041490E-02
    3     -3.0668897944E-03  -1.9192826889E-04  -4.7495838705E-05   6.2132573891E-08   1.7973408526E-07
    4     -1.3547506281E-02  -2.2526265503E-04   1.3851591237E-07   8.7109559965E-04   6.6081020046E-04
    5      8.0670777000E-04  -4.9488557916E-04  -5.9679951705E-06   9.0272011135E-03  -1.8106041405E-02
    6      1.1972688505E-02  -5.9519641971E-04   1.0488798385E-03  -2.1556387060E-04   5.7184539559E-04
    7      6.5831504096E-03  -5.8069574289E-04  -5.2966035018E-04   4.9573769897E-04  -3.2717192557E-04
    8     -5.8069571669E-04  -4.9488132502E-04   4.0222912655E-03  -4.5183111602E-03  -1.8106021480E-02
    9      1.3876010395E-01  -8.3359686493E-03   1.0421275829E-03   2.1711241525E-04  -5.6555406333E-04
   10      1.2030511997E-01  -4.7992625571E-03   5.3063429085E-04   4.9573773456E-04  -3.2717188986E-04
   11     -4.7992625571E-03   4.0424255426E-02  -4.0257351873E-03  -4.5183112286E-03  -1.8106021735E-02
   12      5.3063429085E-04  -4.0257351873E-03   8.6000927673E-03  -3.9527676550E-06  -4.0072357333E-06
   13      4.9573773456E-04  -4.5183112286E-03  -3.9527676550E-06   8.6045218616E-03  -4.0121082183E-06
   14     -3.2717188986E-04  -1.8106021735E-02  -4.0072357333E-06  -4.0121082183E-06   5.2592879834E-02
   15     -8.6036774383E-04   3.9835161302E-03   6.2529716201E-04   3.8671727151E-06   2.2640727519E-06
   16      4.3977492173E-04   4.8702694521E-03  -1.6323783890E-07   2.1068353512E-03   2.2515119124E-06
   17      3.5704698801E-04  -1.7868107871E-02  -7.4096094298E-06  -7.4160263468E-06  -2.5586836704E-02
                   15                 16                 17        
     0     -1.0976142038E-02   1.0121220143E-06   1.7376456315E-06
     1      3.1371521918E-03  -1.5680928218E-02   1.7391733215E-06
     2     -1.8017537654E-04  -1.8018782412E-04   3.2436587199E-02
     3     -1.0907846770E-03   2.0653601184E-07  -5.4029166677E-07
     4     -3.4683964133E-04   4.1354355051E-03  -7.2262537482E-04
     5     -3.3879162630E-06  -9.5768107542E-03  -1.7868121006E-02
     6      2.9024483820E-03   3.0158990629E-04  -6.2534349269E-04
     7     -1.9308183533E-03   4.3977486458E-04   3.5704697115E-04
     8     -3.8163988094E-03   4.8702693456E-03  -1.7868107435E-02
     9     -7.6019013590E-04  -2.9965170033E-04   6.1737384891E-04
    10     -8.6036774383E-04   4.3977492173E-04   3.5704698801E-04
    11      3.9835161302E-03   4.8702694521E-03  -1.7868107871E-02
    12      6.2529716201E-04  -1.6323783890E-07  -7.4096094298E-06
    13      3.8671727151E-06   2.1068353512E-03  -7.4160263468E-06
    14      2.2640727519E-06   2.2515119124E-06  -2.5586836704E-02
    15      9.2993713069E-03  -2.9936261012E-06   1.4181899248E-05
    16     -2.9936261012E-06   8.5591075754E-03   1.4208268696E-05
    17      1.4181899248E-05   1.4208268696E-05   4.6754585817E-02

$vibrational_frequencies
18
    0        0.0000000000000000
    1        0.0000000000000000
    2        0.0000000000000000
    3        0.0000000000000000
    4        0.0000000000000000
    5        0.0000000000000000
    6     -352.5419857055960051
    7      196.1674601373925100
    8      200.4744519193942267
    9      206.8609568889672801
   10     1026.9064920981409159
   11     1027.5618146828201134
   12     1031.8124679691629808
   13     1055.5848716923592292
   14     1330.6542340190178493
   15     3118.9515721922853118
   16     3206.3956714285241105
   17     3226.8197287742900699

$normal_modes
18 18
                    0                  1                  2                  3                  4        
    0      0.0000000000E+00   0.0000000000E+00   0.0000000000E+00   0.0000000000E+00   0.0000000000E+00
    1      0.0000000000E+00   0.0000000000E+00   0.0000000000E+00   0.0000000000E+00   0.0000000000E+00
    2      0.0000000000E+00   0.0000000000E+00   0.0000000000E+00   0.0000000000E+00   0.0000000000E+00
    3      0.0000000000E+00   0.0000000000E+00   0.0000000000E+00   0.0000000000E+00   0.0000000000E+00
    4      0.0000000000E+00   0.0000000000E+00   0.0000000000E+00   0.0000000000E+00   0.0000000000E+00
    5      0.0000000000E+00   0.0000000000E+00   0.0000000000E+00   0.0000000000E+00   0.0000000000E+00
    6      0.0000000000E+00   0.0000000000E+00   0.0000000000E+00   0.0000000000E+00   0.0000000000E+00
    7      0.0000000000E+00   0.0000000000E+00   0.0000000000E+00   0.0000000000E+00   0.0000000000E+00
    8      0.0000000000E+00   0.0000000000E+00   0.0000000000E+00   0.0000000000E+00   0.0000000000E+00
    9      0.0000000000E+00   0.0000000000E+00   0.0000000000E+00   0.0000000000E+00   0.0000000000E+00
   10      0.0000000000E+00   0.0000000000E+00   0.0000000000E+00   0.0000000000E+00   0.0000000000E+00
   11      0.0000000000E+00   0.0000000000E+00   0.0000000000E+00   0.0000000000E+00   0.0000000000E+00
   12      0.0000000000E+00   0.0000000000E+00   0.0000000000E+00   0.0000000000E+00   0.0000000000E+00
   13      0.0000000000E+00   0.0000000000E+00   0.0000000000E+00   0.0000000000E+00   0.0000000000E+00
   14      0.0000000000E+00   0.0000000000E+00   0.0000000000E+00   0.0000000000E+00   0.0000000000E+00
   15      0.0000000000E+00   0.0000000000E+00   0.0000000000E+00   0.0000000000E+00   0.0000000000E+00
   16      0.0000000000E+00   0.0000000000E+00   0.0000000000E+00   0.0000000000E+00   0.0000000000E+00
   17      0.0000000000E+00   0.0000000000E+00   0.0000000000E+00   0.0000000000E+00   0.0000000000E+00
                    5                  6                  7                  8                  9        
    0      0.0000000000E+00   1.5562773984E-04   2.3887101951E-01   1.3734817888E-03  -5.0947789481E-03
    1      0.0000000000E+00   1.5209190864E-04  -4.7239270498E-03  -9.9880431665E-04  -2.3799919510E-01
    2      0.0000000000E+00  -2.7400527955E-01   5.7209484140E-05   1.8729488852E-02  -2.4548331254E-04
    3      0.0000000000E+00   1.6840778159E-04   2.4438094318E-01   1.3999502215E-03  -5.1843729676E-03
    4      0.0000000000E+00  -6.6111093697E-03  -5.2601343169E-03  -1.8398146850E-03  -2.4357714896E-01
    5      0.0000000000E+00   5.3329030979E-03  -1.2992879151E-04   3.6499582053E-02  -1.6829342564E-03
    6      0.0000000000E+00  -5.6876675749E-03   2.4319915780E-01   6.7438188606E-04  -9.5419436039E-03
    7      0.0000000000E+00   3.5414069646E-03  -6.2284250430E-03  -6.4852828794E-04  -2.4806441402E-01
    8      0.0000000000E+00   5.3332888490E-03   3.0379323419E-03   3.6526167653E-02   3.8650394802E-04
    9      0.0000000000E+00   5.9870731669E-03   2.4206355927E-01   2.1055332194E-03  -8.1089144458E-04
   10      0.0000000000E+00   3.5198091187E-03  -8.2474727083E-03  -6.6006016164E-04  -2.4805530723E-01
   11      0.0000000000E+00   5.3301515457E-03  -3.2350879683E-03   3.6489476429E-02   5.2255349639E-04
   12      0.0000000000E+00  -3.3949632800E-05  -5.2271702137E-02  -3.0032382011E-04   1.1144978162E-03
   13      0.0000000000E+00  -3.3078598680E-05   1.1126812795E-03   2.2012540788E-04   5.2290425008E-02
   14      0.0000000000E+00   3.8298613692E-02  -8.2204539885E-04   1.3621934588E-01  -5.2839286847E-04
   15      0.0000000000E+00  -1.4232594894E-05  -2.1919549048E-02  -1.2594259851E-04   4.6736676532E-04
   16      0.0000000000E+00  -1.3864179260E-05   4.6539572862E-04   9.2191776237E-05   2.1907013012E-02
   17      0.0000000000E+00   2.3994397337E-02   3.6028202133E-04  -6.4639996347E-02   2.8112240625E-04
                   10                 11                 12                 13                 14        
    0     -3.9797542373E-02  -4.0143417341E-04  -1.7724047435E-05   7.9435271173E-02   1.2088166726E-04
    1      1.6387523184E-04   3.5403436966E-05   1.0936215845E-02  -2.4225038983E-04  -9.3431738204E-02
    2     -1.4163349971E-04   1.2057779471E-02  -3.0361579183E-06  -1.0219830877E-05   1.1615108706E-06
    3      3.1356042840E-01   3.3886728473E-03  -1.3299499613E-04  -7.0293629434E-01   2.5787046320E-03
    4     -3.1639942874E-04   1.5999731370E-02  -1.7109591934E-02   1.2118127896E-04  -5.6571059466E-02
    5      9.8177684508E-03  -5.6664333541E-01   8.0975815598E-01   1.7575802771E-03   5.6529405642E-02
    6      6.8142023788E-02   1.4584445233E-02  -1.4706940947E-02  -1.1384002081E-01   3.5756720906E-01
    7      1.4062470690E-01  -6.4647618485E-03  -4.2268572223E-02  -3.3834608775E-01   5.6029071806E-01
    8     -6.3614127563E-01  -5.7478536017E-01  -4.0170515417E-01  -2.8785409252E-01  -2.8273418290E-02
    9      6.9384863512E-02  -1.2940059248E-02   1.4383724414E-02  -1.1550819107E-01  -3.5410649158E-01
   10     -1.4204229979E-01  -9.4282748570E-03  -4.2301614206E-02   3.4092068142E-01   5.5931113507E-01
   11      6.4654054428E-01  -5.5923350005E-01  -4.0762066406E-01   2.8700999958E-01  -2.8279830106E-02
   12     -7.0439607893E-03  -9.3051493782E-05   4.3457213268E-05  -3.2924079475E-03  -1.1026360231E-04
   13      2.7468773843E-05  -5.3243691375E-06   7.5748635525E-03   1.6561304652E-05   1.0806954727E-03
   14     -2.6921314238E-04   2.2658739301E-02  -5.9155618351E-06  -1.2287092731E-05   8.4331482452E-07
   15      3.4172942313E-03   3.8138387513E-05  -1.0862876431E-05   1.2812450459E-03  -4.5437693488E-05
   16     -1.4947329008E-05  -4.3055575012E-06  -3.7223192672E-03  -4.9414223319E-06   1.5468924860E-04
   17     -1.1430788358E-04   9.5885008702E-03  -2.3730255493E-06  -4.5360518224E-06  -2.4800314871E-07
                   15                 16                 17        
     0      5.6790794060E-03   2.3066183848E-02  -9.3436791774E-02
     1      6.6490251329E-03  -9.0840008631E-02  -2.1533738463E-02
     2      3.5139919243E-03   1.7958808639E-04   2.3632482527E-04
     3      7.4033332427E-04   2.7552753191E-03  -8.7258510763E-03
     4     -6.2342861939E-01   7.1550262065E-01   1.3863486072E-01
     5     -1.7368264039E-02   2.2494621946E-02   4.4690181180E-03
     6     -5.0362130965E-01  -4.9793171218E-01   4.3997980665E-01
     7      2.9405744712E-01   2.5462654894E-01  -2.6844936294E-01
     8     -1.6108260765E-02  -1.7332843275E-02   1.6337723801E-02
     9      4.4178700152E-01   2.2920319243E-01   6.7085081479E-01
    10      2.5750252460E-01   9.6294521535E-02   3.8296486148E-01
    11     -1.3832942510E-02  -7.5620456145E-03  -2.3960240493E-02
    12     -9.6830744719E-05  -1.3264090112E-04   1.7625995748E-04
    13     -1.0893414228E-04   2.5269543907E-04   5.4660456011E-05
    14     -1.3822614432E-05  -5.6583973549E-07  -6.9562529505E-07
    15     -3.9996943056E-05  -5.3121225872E-05   6.3814182719E-05
    16     -4.4503152317E-05   8.9680245417E-05   1.9127576954E-05
    17      7.4736410502E-05   3.5356356590E-06   4.5668471860E-06

#
# The atoms: label  mass x y z (in bohrs)
#
$atoms
6
 C     12.01100      0.000000007867    -0.000000131664     0.001112829743
 H      1.00800      0.000000009858     2.017881361562     0.061652038769
 H      1.00800      1.747536566158    -1.008941028670     0.061652512239
 H      1.00800     -1.747536547907    -1.008941029508     0.061652504572
 Cl    35.45300     -0.000000022231     0.000001126297     4.256629251511
 Br    79.90000     -0.000000013745    -0.000000298016    -4.482685741828

$actual_temperature
  0.000000

$frequency_scale_factor
  1.000000

$dipole_derivatives
18
    2.0000000000E-01    0.0000000000E+00    0.0000000000E+00
    0.0000000000E+00    2.0000000000E-01    0.0000000000E+00
    0.0000000000E+00    0.0000000000E+00    3.2000000000E+00
    0.0000000000E+00    0.0000000000E+00    0.0000000000E+00
    0.0000000000E+00    0.0000000000E+00    0.0000000000E+00
    0.0000000000E+00    0.0000000000E+00   -2.0000000000E-01
    0.0000000000E+00    0.0000000000E+00    0.0000000000E+00
    0.0000000000E+00    0.0000000000E+00    0.0000000000E+00
   -0.0000000000E+00    0.0000000000E+00   -2.0000000000E-01
    0.0000000000E+00    0.0000000000E+00    0.0000000000E+00
   -0.0000000000E+00    0.0000000000E+00    0.0000000000E+00
    0.0000000000E+00    0.0000000000E+00   -2.0000000000E-01
   -6.0000000000E-01    0.0000000000E+00    0.0000000000E+00
    0.0000000000E+00   -6.0000000000E-01    0.0000000000E+00
    0.0000000000E+00    0.0000000000E+00   -2.2000000000E+00
    4.0000000000E-01   -0.0000000000E+00   -0.0000000000E+00
   -0.0000000000E+00    4.0000000000E-01   -0.0000000000E+00
   -0.0000000000E+00   -0.0000000000E+00   -4.0000000000E-01

#
# The IR spectrum
#  wavenumber T**2 TX TY TZ
#
$ir_spectrum
18
      0.00   0.00000000     0.000000     0.000000     0.000000
      0.00   0.00000000     0.000000     0.000000     0.000000
      0.00   0.00000000     0.000000     0.000000     0.000000
      0.00   0.00000000     0.000000     0.000000     0.000000
      0.00   0.00000000     0.000000     0.000000     0.000000
      0.00   0.00000000     0.000000     0.000000     0.000000
   -352.54   0.00000000     0.000000     0.000000     0.000000
    196.17   0.00152137     0.038982    -0.000790     0.001060
    200.47   0.01669580     0.000222    -0.000162    -0.129212
    206.86   0.00143530    -0.000810    -0.037876     0.000226
   1026.91   0.00000120    -0.000573     0.000002    -0.000934
   1027.56   0.00618928    -0.000002     0.000002     0.078672
   1031.81   0.00000086    -0.000008    -0.000929    -0.000020
   1055.58   0.00001926     0.004388    -0.000014    -0.000045
   1330.65   0.00001680     0.000015    -0.004099     0.000001
   3118.95   0.00000834     0.000164     0.000191     0.002877
   3206.40   0.00000671     0.000640    -0.002505     0.000144
   3226.82   0.00000696    -0.002563    -0.000592     0.000189


$end

