
$orca_hessian_file

$act_atom
  0

$act_coord
  0

$act_energy
      -13.148785

$multiplicity
  1

$hessian
18
                    0                  1                  2                  3                  4        
    0      5.2985211960E-01  -8.6000000000E-09  -1.8338000000E-06  -4.5307225000E-02  -1.3200000000E-06
    1     -8.6000000000E-09   5.2985597440E-01   1.5172500000E-05  -1.3358000000E-06  -2.8473756420E-01
    2     -1.8338000000E-06   1.5172500000E-05  -9.2068130000E-03   1.8600000000E-08  -2.0164368500E-02
    3     -4.5307225000E-02  -1.3358000000E-06   1.8600000000E-08   4.2325088500E-02   1.4632000000E-06
    4     -1.3200000000E-06  -2.8473756420E-01  -2.0164368500E-02   1.4632000000E-06   3.0899875580E-01
    5     -4.8000000000E-09  -2.2947770600E-02  -1.1990984400E-02   1.1840000000E-07   1.7217159300E-02
    6     -2.2488510110E-01   1.0368860970E-01  -1.7475588600E-02   9.6334460000E-04  -6.7100910000E-04
    7      1.0368046600E-01  -1.0517676470E-01   1.0059441500E-02   2.3880210000E-02  -1.2446943000E-02
    8     -1.9874897700E-02   1.1476691600E-02  -1.1990884600E-02   9.4297260000E-04  -8.8106490000E-04
    9     -2.2488701740E-01  -1.0368727190E-01   1.7477170400E-02   9.6308580000E-04   6.7086470000E-04
   10     -1.0367914480E-01  -1.0517458840E-01   1.0059967400E-02  -2.3880348500E-02  -1.2446706600E-02
   11      1.9876498300E-02   1.1477154700E-02  -1.1991108000E-02  -9.4299150000E-04  -8.8105850000E-04
   12     -1.4282919200E-02   1.5300000000E-08   6.3400000000E-08  -7.8401200000E-05   6.6000000000E-09
   13      4.0000000000E-09  -1.4279892800E-02   1.5043000000E-05   4.5700000000E-08  -1.3557664000E-03
   14      7.3600000000E-08  -2.2207700000E-05   1.2510088000E-02  -6.8400000000E-08   5.6827868000E-03
   15     -2.0489856900E-02  -8.6000000000E-09   1.7000000000E-07   1.1341073000E-03  -5.3000000000E-09
   16      3.4000000000E-09  -2.0487164200E-02   1.4744200000E-05  -3.4500000000E-08   1.9882244000E-03
   17      1.6450000000E-07   9.5960000000E-07   3.2669701900E-02  -4.9800000000E-08  -9.7345430000E-04
                    5                  6                  7                  8                  9        
    0     -4.8000000000E-09  -2.2488510110E-01   1.0368046600E-01  -1.9874897700E-02  -2.2488701740E-01
    1     -2.2947770600E-02   1.0368860970E-01  -1.0517676470E-01   1.1476691600E-02  -1.0368727190E-01
    2     -1.1990984400E-02  -1.7475588600E-02   1.0059441500E-02  -1.1990884600E-02   1.7477170400E-02
    3      1.1840000000E-07   9.6334460000E-04   2.3880210000E-02   9.4297260000E-04   9.6308580000E-04
    4      1.7217159300E-02  -6.7100910000E-04  -1.2446943000E-02  -8.8106490000E-04   6.7086470000E-04
    5      5.0674066500E-02  -2.9311800000E-04   1.2546994000E-03   1.5531340000E-04   2.9312750000E-04
    6     -2.9311800000E-04   2.4230367800E-01  -1.1549456140E-01   1.4908895500E-02  -1.9102034700E-02
    7      1.2546994000E-03  -1.1549456140E-01   1.0901482290E-01  -8.6123092000E-03  -1.2259882100E-02
    8      1.5531340000E-04   1.4908895500E-02  -8.6123092000E-03   5.0674024400E-02   1.2376110000E-03
    9      2.9312750000E-04  -1.9102034700E-02  -1.2259882100E-02   1.2376110000E-03   2.4230588380E-01
   10      1.2548651000E-03   1.2260153300E-02   7.6803854000E-03  -3.7907070000E-04   1.1549310900E-01
   11      1.5531930000E-04  -1.2374817000E-03  -3.7897380000E-04   1.5540450000E-04  -1.4910327700E-02
   12     -1.4900000000E-08  -1.0451582000E-03   5.5821170000E-04   1.2669634600E-02  -1.0452816000E-03
   13      1.4632092200E-02   5.7012480000E-04  -4.0837030000E-04  -7.3129665000E-03  -5.7016940000E-04
   14     -2.6154875500E-02   4.9410028000E-03  -2.8081502000E-03  -2.6155034500E-02  -4.9412008000E-03
   15     -1.0830000000E-07   1.7652714000E-03  -3.6444420000E-04  -9.8842159000E-03   1.7653642000E-03
   16     -1.1411045400E-02  -3.5331730000E-04   1.3368698000E-03   5.7087197000E-03   3.5334980000E-04
   17     -1.2838839400E-02  -8.4370990000E-04   4.8529240000E-04  -1.2838823300E-02   8.4361950000E-04
                   10                 11                 12                 13                 14        
    0     -1.0367914480E-01   1.9876498300E-02  -1.4282919200E-02   4.0000000000E-09   7.3600000000E-08
    1     -1.0517458840E-01   1.1477154700E-02   1.5300000000E-08  -1.4279892800E-02  -2.2207700000E-05
    2      1.0059967400E-02  -1.1991108000E-02   6.3400000000E-08   1.5043000000E-05   1.2510088000E-02
    3     -2.3880348500E-02  -9.4299150000E-04  -7.8401200000E-05   4.5700000000E-08  -6.8400000000E-08
    4     -1.2446706600E-02  -8.8105850000E-04   6.6000000000E-09  -1.3557664000E-03   5.6827868000E-03
    5      1.2548651000E-03   1.5531930000E-04  -1.4900000000E-08   1.4632092200E-02  -2.6154875500E-02
    6      1.2260153300E-02  -1.2374817000E-03  -1.0451582000E-03   5.7012480000E-04   4.9410028000E-03
    7      7.6803854000E-03  -3.7897380000E-04   5.5821170000E-04  -4.0837030000E-04  -2.8081502000E-03
    8     -3.7907070000E-04   1.5540450000E-04   1.2669634600E-02  -7.3129665000E-03  -2.6155034500E-02
    9      1.1549310900E-01  -1.4910327700E-02  -1.0452816000E-03  -5.7016940000E-04  -4.9412008000E-03
   10      1.0901241010E-01  -8.6129595000E-03  -5.5821810000E-04  -4.0836020000E-04  -2.8080825000E-03
   11     -8.6129595000E-03   5.0674222500E-02  -1.2669876700E-02  -7.3128030000E-03  -2.6154922400E-02
   12     -5.5821810000E-04  -1.2669876700E-02   1.3697065400E-02  -8.8000000000E-09   2.9320000000E-07
   13     -4.0836020000E-04  -7.3128030000E-03  -8.8000000000E-09   1.3697527300E-02  -2.2289400000E-05
   14     -2.8080825000E-03  -2.6154922400E-02   2.9320000000E-07  -2.2289400000E-05   9.4279085900E-02
   15      3.6444910000E-04   9.8841793000E-03   2.7546948000E-03   3.6000000000E-09  -1.0050000000E-07
   16      1.3368597000E-03   5.7086401000E-03  -6.8000000000E-09   2.7548624000E-03  -2.2057000000E-05
   17      4.8528010000E-04  -1.2838916100E-02  -9.9600000000E-08   9.2370000000E-07  -2.8324341600E-02
                   15                 16                 17        
     0     -2.0489856900E-02   3.4000000000E-09   1.6450000000E-07
     1     -8.6000000000E-09  -2.0487164200E-02   9.5960000000E-07
     2      1.7000000000E-07   1.4744200000E-05   3.2669701900E-02
     3      1.1341073000E-03  -3.4500000000E-08  -4.9800000000E-08
     4     -5.3000000000E-09   1.9882244000E-03  -9.7345430000E-04
     5     -1.0830000000E-07  -1.1411045400E-02  -1.2838839400E-02
     6      1.7652714000E-03  -3.5331730000E-04  -8.4370990000E-04
     7     -3.6444420000E-04   1.3368698000E-03   4.8529240000E-04
     8     -9.8842159000E-03   5.7087197000E-03  -1.2838823300E-02
     9      1.7653642000E-03   3.5334980000E-04   8.4361950000E-04
    10      3.6444910000E-04   1.3368597000E-03   4.8528010000E-04
    11      9.8841793000E-03   5.7086401000E-03  -1.2838916100E-02
    12      2.7546948000E-03  -6.8000000000E-09  -9.9600000000E-08
    13      3.6000000000E-09   2.7548624000E-03   9.2370000000E-07
    14     -1.0050000000E-07  -2.2057000000E-05  -2.8324341600E-02
    15      1.3070419300E-02   5.5000000000E-09   7.5300000000E-08
    16      5.5000000000E-09   1.3070347800E-02   9.9840000000E-07
    17      7.5300000000E-08   9.9840000000E-07   3.4171218400E-02

$vibrational_frequencies
18
    0        0.0000000000000000
    1        0.0000000000000000
    2        0.0000000000000000
    3        0.0000000000000000
    4        0.0000000000000000
    5        0.0000000000000000
    6     -255.9611068344295006
    7      270.5021407237256881
    8      270.5060831888376356
    9      306.3972974689493753
   10     1135.4981459456128050
   11     1135.4987564980835941
   12     1171.9741781454595184
   13     1362.8917341884011876
   14     1363.0690440009734630
   15     2903.1446936814741093
   16     2985.7387186849528007
   17     2985.8265472224907171

$normal_modes
18 18
                    0                  1                  2                  3                  4        
    0      0.0000000000E+00   0.0000000000E+00   0.0000000000E+00   0.0000000000E+00   0.0000000000E+00
    1      0.0000000000E+00   0.0000000000E+00   0.0000000000E+00   0.0000000000E+00   0.0000000000E+00
    2      0.0000000000E+00   0.0000000000E+00   0.0000000000E+00   0.0000000000E+00   0.0000000000E+00
    3      0.0000000000E+00   0.0000000000E+00   0.0000000000E+00   0.0000000000E+00   0.0000000000E+00
    4      0.0000000000E+00   0.0000000000E+00   0.0000000000E+00   0.0000000000E+00   0.0000000000E+00
    5      0.0000000000E+00   0.0000000000E+00   0.0000000000E+00   0.0000000000E+00   0.0000000000E+00
    6      0.0000000000E+00   0.0000000000E+00   0.0000000000E+00   0.0000000000E+00   0.0000000000E+00
    7      0.0000000000E+00   0.0000000000E+00   0.0000000000E+00   0.0000000000E+00   0.0000000000E+00
    8      0.0000000000E+00   0.0000000000E+00   0.0000000000E+00   0.0000000000E+00   0.0000000000E+00
    9      0.0000000000E+00   0.0000000000E+00   0.0000000000E+00   0.0000000000E+00   0.0000000000E+00
   10      0.0000000000E+00   0.0000000000E+00   0.0000000000E+00   0.0000000000E+00   0.0000000000E+00
   11      0.0000000000E+00   0.0000000000E+00   0.0000000000E+00   0.0000000000E+00   0.0000000000E+00
   12      0.0000000000E+00   0.0000000000E+00   0.0000000000E+00   0.0000000000E+00   0.0000000000E+00
   13      0.0000000000E+00   0.0000000000E+00   0.0000000000E+00   0.0000000000E+00   0.0000000000E+00
   14      0.0000000000E+00   0.0000000000E+00   0.0000000000E+00   0.0000000000E+00   0.0000000000E+00
   15      0.0000000000E+00   0.0000000000E+00   0.0000000000E+00   0.0000000000E+00   0.0000000000E+00
   16      0.0000000000E+00   0.0000000000E+00   0.0000000000E+00   0.0000000000E+00   0.0000000000E+00
   17      0.0000000000E+00   0.0000000000E+00   0.0000000000E+00   0.0000000000E+00   0.0000000000E+00
                    5                  6                  7                  8                  9        
    0      0.0000000000E+00  -2.6422485323E-06  -4.7120074835E-01   1.5831269863E-03   2.1322253833E-06
    1      0.0000000000E+00  -4.3011413674E-04  -1.5830996235E-03  -4.7120840310E-01  -3.4366472402E-03
    2      0.0000000000E+00  -9.1013829320E-01   1.0098425014E-06  -1.4044166819E-04   3.3012232605E-01
    3      0.0000000000E+00   5.0249181334E-07  -5.0686652543E-01   1.7030493789E-03   1.0339345200E-06
    4      0.0000000000E+00  -5.5979161922E-02  -1.6096677036E-03  -4.7916695410E-01   2.9833440343E-02
    5      0.0000000000E+00  -4.3755110011E-02  -3.1110865315E-05  -9.7626601243E-03  -8.1361342296E-03
    6      0.0000000000E+00  -4.8307197209E-02  -4.8607231702E-01  -1.0463334194E-02   2.8992722625E-02
    7      0.0000000000E+00   2.6900574141E-02  -1.3708575354E-02  -4.9983555535E-01  -1.9845602525E-02
    8      0.0000000000E+00  -4.3781749198E-02  -8.4202963738E-03   4.8930207278E-03  -7.9792760096E-03
    9      0.0000000000E+00   4.8308024785E-02  -4.8599077736E-01   1.3729069271E-02  -2.8990566820E-02
   10      0.0000000000E+00   2.6900471714E-02   1.0349574054E-02  -4.9991659432E-01  -1.9845551754E-02
   11      0.0000000000E+00  -4.3781148107E-02   8.4561648958E-03   4.8354482731E-03  -7.9771016981E-03
   12      0.0000000000E+00   3.9925744405E-07   9.5914825811E-02  -3.2224501875E-04  -3.9968359159E-07
   13      0.0000000000E+00   9.9492347434E-05   3.2224524265E-04   9.5915812992E-02   6.8610060449E-04
   14      0.0000000000E+00   1.0803988579E-01   1.7313304141E-06   7.0622136915E-04  -5.2889686210E-01
   15      0.0000000000E+00   8.5485127933E-07   1.9738314168E-01  -6.6317087664E-04  -7.7141988877E-07
   16      0.0000000000E+00   2.0182859768E-04   6.6314703366E-04   1.9738558102E-01   1.4154027223E-03
   17      0.0000000000E+00   3.8076121277E-01  -4.1217914192E-06  -1.2273058570E-03   7.7956450395E-01
                   10                 11                 12                 13                 14        
    0     -1.4751150222E-02   9.1425919171E-04   1.2781214043E-07  -3.4742798222E-06   9.8994582897E-02
    1     -9.1473085971E-04  -1.4758075902E-02   3.1271922952E-05  -9.8981014691E-02  -3.4891655586E-06
    2     -1.0276097376E-06  -1.7395885311E-05   3.1059281453E-02  -4.6762255959E-05  -3.5526335090E-07
    3      1.0986649392E-01  -6.8113626535E-03  -1.9630576856E-06   2.3884378414E-05  -8.0108378905E-01
    4      3.0354760808E-03   4.8981098018E-02   3.5117792865E-02  -6.4195959580E-02   2.2895211524E-06
    5     -4.9937464581E-02  -8.0563199091E-01  -5.7586669892E-01   1.1935697691E-01   6.4516305152E-06
    6      6.5844250678E-02   2.2429078149E-02   3.0281081992E-02   3.7485775296E-01  -1.5206799481E-01
    7      3.2229538506E-02   9.3064679550E-02  -1.7677078550E-02   5.8465636330E-01  -3.7468583703E-01
    8     -6.7283528456E-01   4.4626155312E-01  -5.7554175862E-01  -5.9926006002E-02  -1.0344252048E-01
    9      6.2575229691E-02  -3.0386926780E-02  -3.0284924691E-02  -3.7484268848E-01  -1.5208583455E-01
   10     -2.0490315099E-02   9.6335296102E-02  -1.7677030390E-02   5.8463748149E-01   3.7472240178E-01
   11      7.2279788970E-01   3.5975196424E-01  -5.7553960865E-01  -5.9929342343E-02   1.0344021309E-01
   12     -1.0221282999E-02   6.3357583180E-04   4.6963076282E-08   2.9496114285E-08  -1.6438060981E-03
   13     -6.3357176618E-04  -1.0221394443E-02  -4.1618017197E-06   1.6445106962E-03   6.9209100658E-08
   14     -9.8097266456E-08  -1.4856339818E-06   2.6016654604E-02   2.9441292970E-05   6.1156425992E-09
   15      1.5757392852E-02  -9.7673261085E-04   1.3959731785E-07   7.4923746116E-08  -8.7727961979E-04
   16      9.7673202966E-04   1.5756933603E-02   5.3415584093E-07   8.7480058180E-04   1.5243295228E-08
   17     -5.0116939344E-07  -6.4726020467E-06   2.3441528872E-02   1.0652546645E-06  -6.6921810352E-09
                   15                 16                 17        
     0      3.3368854834E-08  -5.9655023201E-06   9.7959406637E-02
     1     -3.6405243615E-05  -9.7968618504E-02  -5.9543022267E-06
     2      9.3940214816E-03  -2.3994968934E-06  -3.3862384635E-07
     3     -1.6230830502E-07   2.1179268793E-06   3.9906753219E-02
     4     -5.7615161621E-01   8.0967512481E-01   4.4887509206E-05
     5     -3.3289903438E-02   5.8133341465E-02   3.1049525685E-06
     6     -4.9916316485E-01  -3.6759580462E-01  -5.9717061220E-01
     7      2.8836142905E-01   1.7240114231E-01   3.6781854693E-01
     8     -3.3316522139E-02  -2.9048651270E-02  -5.0337646902E-02
     9      4.9916276757E-01   3.6766391588E-01  -5.9713334455E-01
    10      2.8836138709E-01   1.7243802077E-01  -3.6779317139E-01
    11     -3.3319970523E-02  -2.9056781717E-02   5.0338581659E-02
    12      2.5336815120E-08   1.9419241781E-08  -8.5409429840E-05
    13     -1.9973732899E-06   8.5218576417E-05  -1.6466934357E-08
    14     -6.3412726445E-04   1.0808058729E-07  -5.6055649062E-10
    15     -3.8687719841E-08   9.0619141081E-09  -5.2268825366E-04
    16     -3.5631788836E-06   5.2265609371E-04   6.7152917833E-08
    17      5.4615902521E-04  -1.6544743705E-07   7.9259281968E-10

#
# The atoms: label  mass x y z (in bohrs)
#
$atoms
6
 C     12.01100      0.000000000000    -0.000000000000    -1.083152536844
 H      1.00800      0.000000000000     2.050352855305    -0.908088307797
 H      1.00800      1.775658485025    -1.025176427652    -0.908088307797
 H      1.00800     -1.775658485025    -1.025176427652    -0.908088307797
 Cl    35.45300      0.000000000000    -0.000000000000     2.953302485212
 F     18.99800      0.000000000000    -0.000000000000    -4.681946986283

$actual_temperature
  0.000000

$frequency_scale_factor
  1.000000


$end

