
$orca_hessian_file

$act_atom
  0

$act_coord
  0

$act_energy
      -13.143097

$multiplicity
  1

$hessian
18
                    0                  1                  2                  3                  4        
    0      4.7681771100E-01   1.1127654300E-02  -4.1641327100E-02  -4.2468605000E-02   1.2132335100E-02
    1      1.1127654300E-02   4.8967775540E-01   2.4042447000E-02   1.6000737700E-02  -2.8954991620E-01
    2     -4.1641327100E-02   2.4042447000E-02   2.4153497960E-01  -8.9188680000E-04   4.3110700800E-02
    3     -4.2468605000E-02   1.6000737700E-02  -8.9188680000E-04   4.4219502900E-02  -1.3836963800E-02
    4      1.2132335100E-02  -2.8954991620E-01   4.3110700800E-02  -1.3836963800E-02   3.2348350020E-01
    5     -1.2479590000E-03   4.5578038800E-02  -4.3434180500E-02   3.4188985000E-03  -5.0875915800E-02
    6     -1.6743124520E-01   7.3685333100E-02   9.7627835600E-02  -1.6306781000E-03   2.2202047000E-03
    7      7.3672553700E-02  -8.2347774900E-02  -5.6429544100E-02   2.3352970900E-02  -1.6709694700E-02
    8      9.9088400700E-02  -5.7211805900E-02  -8.8347737200E-02  -2.9710493000E-03   1.3043465000E-03
    9     -2.3997804390E-01  -1.0188056260E-01  -3.7814588600E-02  -1.4670930000E-04  -1.2986443000E-03
   10     -9.8036267500E-02  -9.2071878100E-02  -2.0801351400E-02  -2.9238660500E-02  -1.7758036900E-02
   11     -4.0075708400E-02  -2.1700370600E-02  -4.3449545100E-02   3.7477783000E-03   1.0573237000E-03
   12     -2.7803308900E-02   1.7595313000E-03  -9.0345666000E-03   1.9879030000E-04   1.2050066000E-03
   13      1.7789622000E-03  -2.5767786300E-02   5.2675932000E-03   4.4220460000E-03  -7.9346720000E-04
   14     -1.6544547200E-02   9.5420462000E-03  -5.9799058100E-02  -3.5155035000E-03   5.5156699000E-03
   15      8.6349200000E-04  -6.9269380000E-04  -8.2454664000E-03  -1.7230070000E-04  -4.2193840000E-04
   16     -6.7523780000E-04   5.9600000000E-05   4.8101546000E-03  -7.0013030000E-04   1.3276148000E-03
   17      4.2114100000E-04  -2.5035550000E-04  -6.5044587000E-03   2.1176300000E-04  -1.1212510000E-04
                    5                  6                  7                  8                  9        
    0     -1.2479590000E-03  -1.6743124520E-01   7.3672553700E-02   9.9088400700E-02  -2.3997804390E-01
    1      4.5578038800E-02   7.3685333100E-02  -8.2347774900E-02  -5.7211805900E-02  -1.0188056260E-01
    2     -4.3434180500E-02   9.7627835600E-02  -5.6429544100E-02  -8.8347737200E-02  -3.7814588600E-02
    3      3.4188985000E-03  -1.6306781000E-03   2.3352970900E-02  -2.9710493000E-03  -1.4670930000E-04
    4     -5.0875915800E-02   2.2202047000E-03  -1.6709694700E-02   1.3043465000E-03  -1.2986443000E-03
    5      5.4909039800E-02   1.1309962000E-03  -1.4148918300E-02   4.9890709000E-03   9.5596770000E-04
    6      1.1309962000E-03   1.9057770280E-01  -8.3344234200E-02  -1.0698875590E-01  -2.4003952600E-02
    7     -1.4148918300E-02  -8.3344234200E-02   9.4378444600E-02   6.1769868300E-02  -1.0695939300E-02
    8      4.9890709000E-03  -1.0698875590E-01   6.1769868300E-02   1.0445963470E-01  -2.6133458000E-03
    9      9.5596770000E-04  -2.4003952600E-02  -1.0695939300E-02  -2.6133458000E-03   2.6568106750E-01
   10     -3.7759553000E-03   1.0433484400E-02   5.6838754000E-03   1.9194050000E-03   1.1403149130E-01
   11      2.2406873000E-03   1.2809645200E-02   6.0907449000E-03   4.9896471000E-03   4.5750718400E-02
   12     -4.0048247000E-03   5.1830578000E-03  -2.9359927000E-03   7.6115056000E-03  -2.9821390000E-03
   13      2.2784525200E-02  -2.9475618000E-03   1.7573692000E-03  -4.3938243000E-03  -6.5264940000E-04
   14     -1.7816257400E-02  -3.3902675000E-03   2.0279926000E-03  -2.0690557200E-02  -6.4801843000E-03
   15     -2.5307870000E-04  -2.6948847000E-03  -4.9358500000E-05   5.8732448000E-03   1.4297774000E-03
   16      4.3822530000E-04  -4.7226300000E-05  -2.7622196000E-03  -3.3879897000E-03   4.9630420000E-04
   17     -8.8836010000E-04  -1.1894536000E-03   6.8985660000E-04  -5.4000583000E-03   2.0143270000E-04
                   10                 11                 12                 13                 14        
    0     -9.8036267500E-02  -4.0075708400E-02  -2.7803308900E-02   1.7789622000E-03  -1.6544547200E-02
    1     -9.2071878100E-02  -2.1700370600E-02   1.7595313000E-03  -2.5767786300E-02   9.5420462000E-03
    2     -2.0801351400E-02  -4.3449545100E-02  -9.0345666000E-03   5.2675932000E-03  -5.9799058100E-02
    3     -2.9238660500E-02   3.7477783000E-03   1.9879030000E-04   4.4220460000E-03  -3.5155035000E-03
    4     -1.7758036900E-02   1.0573237000E-03   1.2050066000E-03  -7.9346720000E-04   5.5156699000E-03
    5     -3.7759553000E-03   2.2406873000E-03  -4.0048247000E-03   2.2784525200E-02  -1.7816257400E-02
    6      1.0433484400E-02   1.2809645200E-02   5.1830578000E-03  -2.9475618000E-03  -3.3902675000E-03
    7      5.6838754000E-03   6.0907449000E-03  -2.9359927000E-03   1.7573692000E-03   2.0279926000E-03
    8      1.9194050000E-03   4.9896471000E-03   7.6115056000E-03  -4.3938243000E-03  -2.0690557200E-02
    9      1.1403149130E-01   4.5750718400E-02  -2.9821390000E-03  -6.5264940000E-04  -6.4801843000E-03
   10      1.0206914620E-01   2.2469853400E-02   2.5844377000E-03   2.3711428000E-03   3.1266240000E-04
   11      2.2469853400E-02   5.4907536200E-02  -2.1731474200E-02  -7.9234191000E-03  -1.7804106800E-02
   12      2.5844377000E-03  -2.1731474200E-02   2.4026504800E-02  -2.4017611000E-03   2.5638599700E-02
   13      2.3711428000E-03  -7.9234191000E-03  -2.4017611000E-03   2.1276458900E-02  -1.4858332100E-02
   14      3.1266240000E-04  -1.7804106800E-02   2.5638599700E-02  -1.4858332100E-02   1.2594789030E-01
   15      2.2551450000E-04  -5.0095930000E-04   1.3770951000E-03  -1.9903600000E-04   4.2919028000E-03
   16     -2.9424930000E-04   5.8677000000E-06  -2.1122190000E-04   1.1562827000E-03  -2.5400390000E-03
   17     -1.2461420000E-04  -8.8421860000E-04   1.5207602000E-03  -8.7654290000E-04  -9.8379109000E-03
                   15                 16                 17        
     0      8.6349200000E-04  -6.7523780000E-04   4.2114100000E-04
     1     -6.9269380000E-04   5.9600000000E-05  -2.5035550000E-04
     2     -8.2454664000E-03   4.8101546000E-03  -6.5044587000E-03
     3     -1.7230070000E-04  -7.0013030000E-04   2.1176300000E-04
     4     -4.2193840000E-04   1.3276148000E-03  -1.1212510000E-04
     5     -2.5307870000E-04   4.3822530000E-04  -8.8836010000E-04
     6     -2.6948847000E-03  -4.7226300000E-05  -1.1894536000E-03
     7     -4.9358500000E-05  -2.7622196000E-03   6.8985660000E-04
     8      5.8732448000E-03  -3.3879897000E-03  -5.4000583000E-03
     9      1.4297774000E-03   4.9630420000E-04   2.0143270000E-04
    10      2.2551450000E-04  -2.9424930000E-04  -1.2461420000E-04
    11     -5.0095930000E-04   5.8677000000E-06  -8.8421860000E-04
    12      1.3770951000E-03  -2.1122190000E-04   1.5207602000E-03
    13     -1.9903600000E-04   1.1562827000E-03  -8.7654290000E-04
    14      4.2919028000E-03  -2.5400390000E-03  -9.8379109000E-03
    15     -8.0317910000E-04   1.1375122000E-03  -1.1656432000E-03
    16      1.1375122000E-03   5.1297130000E-04   6.7378110000E-04
    17     -1.1656432000E-03   6.7378110000E-04   2.3515006500E-02

$vibrational_frequencies
18
    0        0.0000000000000000
    1        0.0000000000000000
    2        0.0000000000000000
    3        0.0000000000000000
    4        0.0000000000000000
    5        0.0000000000000000
    6     -170.2421761275966219
    7      150.3539143039508872
    8      208.9990739410991125
    9      556.8365840332884318
   10      811.7689172790935572
   11      980.4497345565004025
   12     1268.3903605367579530
   13     1424.4809130709188594
   14     1435.4129289105048883
   15     2960.6217724727539462
   16     3057.7380224146459113
   17     3066.5547678134630587

$normal_modes
18 18
                    0                  1                  2                  3                  4        
    0      0.0000000000E+00   0.0000000000E+00   0.0000000000E+00   0.0000000000E+00   0.0000000000E+00
    1      0.0000000000E+00   0.0000000000E+00   0.0000000000E+00   0.0000000000E+00   0.0000000000E+00
    2      0.0000000000E+00   0.0000000000E+00   0.0000000000E+00   0.0000000000E+00   0.0000000000E+00
    3      0.0000000000E+00   0.0000000000E+00   0.0000000000E+00   0.0000000000E+00   0.0000000000E+00
    4      0.0000000000E+00   0.0000000000E+00   0.0000000000E+00   0.0000000000E+00   0.0000000000E+00
    5      0.0000000000E+00   0.0000000000E+00   0.0000000000E+00   0.0000000000E+00   0.0000000000E+00
    6      0.0000000000E+00   0.0000000000E+00   0.0000000000E+00   0.0000000000E+00   0.0000000000E+00
    7      0.0000000000E+00   0.0000000000E+00   0.0000000000E+00   0.0000000000E+00   0.0000000000E+00
    8      0.0000000000E+00   0.0000000000E+00   0.0000000000E+00   0.0000000000E+00   0.0000000000E+00
    9      0.0000000000E+00   0.0000000000E+00   0.0000000000E+00   0.0000000000E+00   0.0000000000E+00
   10      0.0000000000E+00   0.0000000000E+00   0.0000000000E+00   0.0000000000E+00   0.0000000000E+00
   11      0.0000000000E+00   0.0000000000E+00   0.0000000000E+00   0.0000000000E+00   0.0000000000E+00
   12      0.0000000000E+00   0.0000000000E+00   0.0000000000E+00   0.0000000000E+00   0.0000000000E+00
   13      0.0000000000E+00   0.0000000000E+00   0.0000000000E+00   0.0000000000E+00   0.0000000000E+00
   14      0.0000000000E+00   0.0000000000E+00   0.0000000000E+00   0.0000000000E+00   0.0000000000E+00
   15      0.0000000000E+00   0.0000000000E+00   0.0000000000E+00   0.0000000000E+00   0.0000000000E+00
   16      0.0000000000E+00   0.0000000000E+00   0.0000000000E+00   0.0000000000E+00   0.0000000000E+00
   17      0.0000000000E+00   0.0000000000E+00   0.0000000000E+00   0.0000000000E+00   0.0000000000E+00
                    5                  6                  7                  8                  9        
    0      0.0000000000E+00   2.8314651403E-01  -9.4968615068E-02  -5.7660811888E-02   1.7206009934E-01
    1      0.0000000000E+00  -1.6357043217E-01  -1.6408919142E-01   3.2358076248E-02  -1.0004272220E-01
    2      0.0000000000E+00  -1.1165367439E-01  -2.2432226363E-04  -2.4477384142E-01   6.2459098792E-01
    3      0.0000000000E+00   3.5085106057E-01   3.9084195139E-01  -5.2195498775E-02   1.4466442003E-01
    4      0.0000000000E+00  -1.9752094742E-01  -1.7758517609E-01   3.2786600602E-02  -1.2306794356E-01
    5      0.0000000000E+00  -2.7130888759E-01  -2.0819895196E-01  -2.4392452053E-01   3.7246622710E-01
    6      0.0000000000E+00   4.8048659752E-01  -3.5423710708E-01  -2.8836303060E-02   7.3934247867E-02
    7      0.0000000000E+00  -2.7793308658E-01  -6.1303548329E-01   1.3191926057E-02  -4.4406210198E-02
    8      0.0000000000E+00   2.7482845562E-01  -2.5931200262E-04  -1.8094222331E-01   3.9231254330E-01
    9      0.0000000000E+00   3.4594740675E-01  -3.4954444157E-01  -5.7414643240E-02   1.7667751424E-01
   10      0.0000000000E+00  -2.0449131596E-01   2.4996172774E-01   3.0868569987E-02  -6.1686613211E-02
   11      0.0000000000E+00  -2.7104490980E-01   2.0801724204E-01  -2.4220723766E-01   3.7371728882E-01
   12      0.0000000000E+00  -6.5547767525E-02   2.1430773841E-02   4.3837254987E-02  -6.0221409274E-02
   13      0.0000000000E+00   3.7864759282E-02   3.7023609805E-02  -2.5090120316E-02   3.4903264213E-02
   14      0.0000000000E+00   3.3736336960E-02   2.4873783319E-04  -3.3346690556E-01  -2.3163263122E-01
   15      0.0000000000E+00  -1.1915523335E-01   3.6652591043E-02  -3.8006325552E-02  -1.7371440242E-02
   16      0.0000000000E+00   6.8828827387E-02   6.3336216594E-02   2.2286835895E-02   1.0273805841E-02
   17      0.0000000000E+00   2.1827743626E-02  -2.9895871101E-04   8.1244296165E-01  -2.3028461361E-02
                   10                 11                 12                 13                 14        
    0     -1.1314808430E-01  -5.6010779498E-02   2.6498311086E-03  -3.3998618323E-02  -6.6207032261E-02
    1      6.5324470163E-02  -9.6971909288E-02  -1.5464353466E-03  -5.8760381141E-02   3.8268918809E-02
    2      2.0947161704E-02  -4.0756567132E-05  -9.6291288294E-02  -2.9034404087E-05   1.7877373550E-03
    3      7.8478004748E-02   2.3861797586E-01  -4.2513842674E-03   2.9663853196E-01   6.8199763137E-01
    4     -1.0797596337E-03   5.6848251667E-02   1.1486926691E-01  -6.5278636620E-02   6.4528725905E-02
    5     -2.9880649756E-01   6.3112783947E-01   6.1495434253E-01  -3.3679913350E-01   7.3974881142E-02
    6      3.1333002332E-01   1.3252820435E-01   2.2251706339E-01   3.8217110929E-01  -1.1452295008E-01
    7     -1.8081195253E-01   2.2942366247E-01  -1.2835592207E-01   6.6222933925E-01   6.5524396414E-02
    8      8.1237465735E-01   9.3830127328E-05   3.7588818354E-01  -3.3527181765E-04  -1.6365900027E-01
    9      4.0136755156E-02  -7.0144237640E-02  -1.0169044721E-01  -2.0450116889E-01   2.8542499257E-01
   10     -6.7469958390E-02   2.3498957585E-01  -5.3651726662E-02   2.2353020155E-01  -6.2314407344E-01
   11     -2.9864207413E-01  -6.3101001147E-01   6.1535071373E-01   3.3660167239E-01   7.3608320374E-02
   12      2.1672306932E-02   1.0645715752E-02  -4.9930657930E-03  -1.4513759155E-03  -1.5692529012E-03
   13     -1.2513817389E-02   1.8429986346E-02   2.8806742348E-03  -2.5249197553E-03   9.0857617596E-04
   14     -7.9561054239E-03   8.5450934539E-06  -1.1735109089E-02   2.2333227388E-05  -5.7529194153E-04
   15      8.1731235597E-03  -4.2567881444E-04   1.4572168831E-03  -9.6272792592E-04  -4.6717989572E-04
   16     -4.7164585375E-03  -7.4219840946E-04  -8.3581533962E-04  -1.6716408800E-03   2.7244677050E-04
   17     -9.7996656480E-03  -1.4092780714E-06  -2.4446415135E-03   4.9451053301E-06   7.9627944893E-04
                   15                 16                 17        
     0     -5.3680076018E-02  -5.2887923410E-02   4.6123031914E-02
     1      3.0991341808E-02   3.1533768033E-02   7.8679018579E-02
     2      3.9824740195E-02  -1.5074714961E-02   1.5463836524E-04
     3     -2.5976292474E-02   1.0077003155E-02   5.8389190133E-02
     4      6.1860860158E-02  -7.0035065004E-01  -6.8255924859E-01
     5      3.0323066598E-03   1.2415742675E-01   1.2559099167E-01
     6      7.4055547598E-01   2.7411998805E-02   2.2292075995E-02
     7     -4.2763016127E-01  -1.5300185785E-02   3.9194772129E-02
     8     -5.0424708822E-01  -4.0509734396E-02   3.8126166425E-04
     9     -6.6516946179E-02   5.9975548372E-01  -6.3223952201E-01
    10     -8.4342012406E-03   3.3589640671E-01  -2.9746017028E-01
    11      3.0146872776E-03   1.2171001741E-01  -1.2794513004E-01
    12      2.2370396462E-04  -2.7024556623E-04   1.1439390029E-04
    13     -1.2829049114E-04   1.5688165620E-04   1.9363877115E-04
    14      5.6829049726E-04  -7.4696206548E-04   3.9140365273E-06
    15     -8.6463411034E-04   1.3029911445E-04  -1.0888626878E-04
    16      5.0049514128E-04  -8.0089938204E-05  -1.8567868142E-04
    17      1.9492249490E-04   2.8628069026E-05  -3.9299004190E-07

#
# The atoms: label  mass x y z (in bohrs)
#
$atoms
6
 C     12.01100     -0.595038589672     0.343357055988    -0.379313504775
 H      1.00800     -0.709427584087     2.352510664318    -0.761554266780
 H      1.00800      0.869333494909    -0.502121832288    -1.548781676597
 H      1.00800     -2.392224259300    -0.562187049929    -0.761402975469
 Cl    35.45300      0.033110171190    -0.019099221522     2.942463106125
 F     18.99800      0.432852431656    -0.249786519382    -5.088267036815

$actual_temperature
  0.000000

$frequency_scale_factor
  1.000000


$end

