
$orca_hessian_file

$act_atom
  0

$act_coord
  0

$act_energy
      -13.136150

$multiplicity
  1

$hessian
18
                    0                  1                  2                  3                  4        
    0      3.9382127340E-01   4.7548663100E-02   1.3536296000E-02  -4.0929657000E-02  -1.8484082000E-03
    1      4.7548663100E-02   4.4875834060E-01  -7.8108692000E-03   5.3595600000E-04  -2.5918877650E-01
    2      1.3536296000E-02  -7.8108692000E-03   3.2884112670E-01  -1.2672120000E-04   7.0230896000E-02
    3     -4.0929657000E-02   5.3595600000E-04  -1.2672120000E-04   4.4453011400E-02  -1.4574195000E-03
    4     -1.8484082000E-03  -2.5918877650E-01   7.0230896000E-02  -1.4574195000E-03   2.9709030120E-01
    5     -7.5366530000E-04   7.8951719200E-02  -6.2629123300E-02  -1.1989642000E-03  -7.9293924500E-02
    6     -1.2672620090E-01   4.8465050200E-02   6.3605574000E-02  -3.1791655000E-03   5.2028419000E-03
    7      4.8473813400E-02  -7.0753112400E-02  -3.6725852900E-02   2.8271715400E-02  -2.3406201400E-02
    8      6.9688465500E-02  -4.0230515000E-02  -7.3394325500E-02  -3.0969468000E-03   1.8742431000E-03
    9     -2.0403727590E-01  -9.5991588100E-02  -6.1066490600E-02   3.3224660000E-04  -1.8447479000E-03
   10     -9.3636064300E-02  -9.6067830100E-02  -3.5081377900E-02  -2.8040098700E-02  -1.6896122100E-02
   11     -6.8779483700E-02  -3.8833521800E-02  -6.2676330600E-02   6.4266513000E-03   2.5805143000E-03
   12     -2.7289804600E-02   5.2783800000E-05  -8.2328666000E-03   9.9478990000E-04   4.1773300000E-04
   13      6.3647900000E-05  -2.7221124200E-02   4.8487315000E-03   1.6673564000E-03   1.9529196000E-03
   14     -1.2516019100E-02   7.2453420000E-03  -1.2086298990E-01  -1.6791263000E-03   4.5561191000E-03
   15      5.1616651000E-03  -6.1086500000E-04  -7.7157916000E-03  -1.6712254000E-03  -4.6999930000E-04
   16     -6.0165190000E-04   4.4725026000E-03   4.5384725000E-03  -9.7750950000E-04   4.4787910000E-04
   17     -1.1755932000E-03   6.7784480000E-04  -9.2783573000E-03  -3.2489280000E-04   5.2151900000E-05
                    5                  6                  7                  8                  9        
    0     -7.5366530000E-04  -1.2672620090E-01   4.8473813400E-02   6.9688465500E-02  -2.0403727590E-01
    1      7.8951719200E-02   4.8465050200E-02  -7.0753112400E-02  -4.0230515000E-02  -9.5991588100E-02
    2     -6.2629123300E-02   6.3605574000E-02  -3.6725852900E-02  -7.3394325500E-02  -6.1066490600E-02
    3     -1.1989642000E-03  -3.1791655000E-03   2.8271715400E-02  -3.0969468000E-03   3.3224660000E-04
    4     -7.9293924500E-02   5.2028419000E-03  -2.3406201400E-02   1.8742431000E-03  -1.8447479000E-03
    5      7.7391879800E-02   2.1307518000E-03  -1.3474604700E-02   6.2903601000E-03   9.7658550000E-04
    6      2.1307518000E-03   1.5995610940E-01  -6.1837415000E-02  -7.5403374100E-02  -3.2860574700E-02
    7     -1.3474604700E-02  -6.1837415000E-02   8.8557022800E-02   4.3536012300E-02  -1.1923543000E-02
    8      6.2903601000E-03  -7.5403374100E-02   4.3536012300E-02   7.8455172300E-02  -3.1731772000E-03
    9      9.7658550000E-04  -3.2860574700E-02  -1.1923543000E-02  -3.1731772000E-03   2.3521256770E-01
   10     -6.8610875000E-03   1.1136082500E-02   6.2642333000E-03   1.7470410000E-03   1.0868046970E-01
   11      3.5896437000E-03   1.2723729200E-02   4.8971820000E-03   6.3006847000E-03   6.8102030000E-02
   12     -6.0135520000E-04   7.1576111000E-03  -3.0106472000E-03   7.0883394000E-03   8.1161540000E-04
   13      2.0778327800E-02  -2.9986045000E-03   3.6681756000E-03  -4.0982206000E-03   2.8514780000E-04
   14     -2.1160700800E-02  -6.2229560000E-04   3.5944510000E-04  -9.0424689000E-03  -4.6439820000E-03
   15     -5.5335260000E-04  -4.3477793000E-03   2.6076300000E-05   4.8966933000E-03   5.4142100000E-04
   16     -1.0043040000E-04   3.2045000000E-05  -4.3301178000E-03  -2.8285608000E-03   7.9426140000E-04
   17     -3.4820595000E-03  -2.4343854000E-03   1.4078182000E-03  -8.6094228000E-03  -1.9496580000E-04
                   10                 11                 12                 13                 14        
    0     -9.3636064300E-02  -6.8779483700E-02  -2.7289804600E-02   6.3647900000E-05  -1.2516019100E-02
    1     -9.6067830100E-02  -3.8833521800E-02   5.2783800000E-05  -2.7221124200E-02   7.2453420000E-03
    2     -3.5081377900E-02  -6.2676330600E-02  -8.2328666000E-03   4.8487315000E-03  -1.2086298990E-01
    3     -2.8040098700E-02   6.4266513000E-03   9.9478990000E-04   1.6673564000E-03  -1.6791263000E-03
    4     -1.6896122100E-02   2.5805143000E-03   4.1773300000E-04   1.9529196000E-03   4.5561191000E-03
    5     -6.8610875000E-03   3.5896437000E-03  -6.0135520000E-04   2.0778327800E-02  -2.1160700800E-02
    6      1.1136082500E-02   1.2723729200E-02   7.1576111000E-03  -2.9986045000E-03  -6.2229560000E-04
    7      6.2642333000E-03   4.8971820000E-03  -3.0106472000E-03   3.6681756000E-03   3.5944510000E-04
    8      1.7470410000E-03   6.3006847000E-03   7.0883394000E-03  -4.0982206000E-03  -9.0424689000E-03
    9      1.0868046970E-01   6.8102030000E-02   8.1161540000E-04   2.8514780000E-04  -4.6439820000E-03
   10      1.0636487950E-01   4.0704011500E-02   1.5606051000E-03   2.1205683000E-03  -7.7035730000E-04
   11      4.0704011500E-02   7.7401065800E-02  -1.8284560600E-02  -9.8724841000E-03  -2.1130162600E-02
   12      1.5606051000E-03  -1.8284560600E-02   1.7850514200E-02   1.2738515000E-03   1.7080204800E-02
   13      2.1205683000E-03  -9.8724841000E-03   1.2738515000E-03   1.9337282100E-02  -9.9457786000E-03
   14     -7.7035730000E-04  -2.1130162600E-02   1.7080204800E-02  -9.9457786000E-03   1.8487817670E-01
   15      2.9900580000E-04  -1.8836630000E-04   4.7527400000E-04  -2.9139900000E-04   2.3812181000E-03
   16     -1.7857288000E-03   5.2429800000E-04  -2.9432620000E-04   1.4217860000E-04  -1.4447703000E-03
   17      2.6177010000E-04  -3.4849009000E-03   2.9502382000E-03  -1.7105759000E-03  -1.2681854500E-02
                   15                 16                 17        
     0      5.1616651000E-03  -6.0165190000E-04  -1.1755932000E-03
     1     -6.1086500000E-04   4.4725026000E-03   6.7784480000E-04
     2     -7.7157916000E-03   4.5384725000E-03  -9.2783573000E-03
     3     -1.6712254000E-03  -9.7750950000E-04  -3.2489280000E-04
     4     -4.6999930000E-04   4.4787910000E-04   5.2151900000E-05
     5     -5.5335260000E-04  -1.0043040000E-04  -3.4820595000E-03
     6     -4.3477793000E-03   3.2045000000E-05  -2.4343854000E-03
     7      2.6076300000E-05  -4.3301178000E-03   1.4078182000E-03
     8      4.8966933000E-03  -2.8285608000E-03  -8.6094228000E-03
     9      5.4142100000E-04   7.9426140000E-04  -1.9496580000E-04
    10      2.9900580000E-04  -1.7857288000E-03   2.6177010000E-04
    11     -1.8836630000E-04   5.2429800000E-04  -3.4849009000E-03
    12      4.7527400000E-04  -2.9432620000E-04   2.9502382000E-03
    13     -2.9139900000E-04   1.4217860000E-04  -1.7105759000E-03
    14      2.3812181000E-03  -1.4447703000E-03  -1.2681854500E-02
    15     -1.5935540000E-04   1.0471813000E-03   1.1795991000E-03
    16      1.0471813000E-03   1.0532862000E-03  -6.8900900000E-04
    17      1.1795991000E-03  -6.8900900000E-04   3.7536594900E-02

$vibrational_frequencies
18
    0        0.0000000000000000
    1        0.0000000000000000
    2        0.0000000000000000
    3        0.0000000000000000
    4        0.0000000000000000
    5        0.0000000000000000
    6     -124.2903652941688364
    7      126.1978278731304499
    8      263.0136818997714272
    9      671.3620641682121004
   10      773.0411794810690935
   11      983.5594777123179711
   12     1382.1481043528146984
   13     1436.1194361442996978
   14     1540.0635034046106284
   15     2600.0483314896314369
   16     3010.5276274414341060
   17     3013.2912260046355186

$normal_modes
18 18
                    0                  1                  2                  3                  4        
    0      0.0000000000E+00   0.0000000000E+00   0.0000000000E+00   0.0000000000E+00   0.0000000000E+00
    1      0.0000000000E+00   0.0000000000E+00   0.0000000000E+00   0.0000000000E+00   0.0000000000E+00
    2      0.0000000000E+00   0.0000000000E+00   0.0000000000E+00   0.0000000000E+00   0.0000000000E+00
    3      0.0000000000E+00   0.0000000000E+00   0.0000000000E+00   0.0000000000E+00   0.0000000000E+00
    4      0.0000000000E+00   0.0000000000E+00   0.0000000000E+00   0.0000000000E+00   0.0000000000E+00
    5      0.0000000000E+00   0.0000000000E+00   0.0000000000E+00   0.0000000000E+00   0.0000000000E+00
    6      0.0000000000E+00   0.0000000000E+00   0.0000000000E+00   0.0000000000E+00   0.0000000000E+00
    7      0.0000000000E+00   0.0000000000E+00   0.0000000000E+00   0.0000000000E+00   0.0000000000E+00
    8      0.0000000000E+00   0.0000000000E+00   0.0000000000E+00   0.0000000000E+00   0.0000000000E+00
    9      0.0000000000E+00   0.0000000000E+00   0.0000000000E+00   0.0000000000E+00   0.0000000000E+00
   10      0.0000000000E+00   0.0000000000E+00   0.0000000000E+00   0.0000000000E+00   0.0000000000E+00
   11      0.0000000000E+00   0.0000000000E+00   0.0000000000E+00   0.0000000000E+00   0.0000000000E+00
   12      0.0000000000E+00   0.0000000000E+00   0.0000000000E+00   0.0000000000E+00   0.0000000000E+00
   13      0.0000000000E+00   0.0000000000E+00   0.0000000000E+00   0.0000000000E+00   0.0000000000E+00
   14      0.0000000000E+00   0.0000000000E+00   0.0000000000E+00   0.0000000000E+00   0.0000000000E+00
   15      0.0000000000E+00   0.0000000000E+00   0.0000000000E+00   0.0000000000E+00   0.0000000000E+00
   16      0.0000000000E+00   0.0000000000E+00   0.0000000000E+00   0.0000000000E+00   0.0000000000E+00
   17      0.0000000000E+00   0.0000000000E+00   0.0000000000E+00   0.0000000000E+00   0.0000000000E+00
                    5                  6                  7                  8                  9        
    0      0.0000000000E+00   2.9801017264E-01  -1.6525799589E-01  -1.6271492580E-01   1.9918889400E-02
    1      0.0000000000E+00  -1.7214497112E-01  -2.8609154452E-01   9.4037692084E-02  -1.1068934817E-02
    2      0.0000000000E+00  -6.1297887793E-02  -3.2819771298E-04  -2.2017245219E-01  -4.4209067795E-01
    3      0.0000000000E+00   3.7532379646E-01   1.5055962132E-01  -1.5333301688E-01  -9.7520250000E-02
    4      0.0000000000E+00  -2.2607439026E-01  -3.5090561710E-01   1.0383320919E-01   7.3549292298E-02
    5      0.0000000000E+00  -2.0536408884E-01  -1.9120431985E-01  -1.8124155216E-01  -1.5965336488E-01
    6      0.0000000000E+00   4.7085220057E-01  -3.5523026478E-01  -1.2414345343E-01  -1.7940870756E-01
    7      0.0000000000E+00  -2.7193865386E-01  -6.1486644036E-01   7.1772879920E-02   1.0454704921E-01
    8      0.0000000000E+00   2.8883169666E-01  -4.4254126638E-04  -1.2492865832E-01  -8.0779713782E-01
    9      0.0000000000E+00   3.8331763857E-01  -3.7942984044E-01  -1.6642994720E-01  -1.1198589925E-01
   10      0.0000000000E+00  -2.1199216720E-01  -4.4876778260E-02   8.0830576791E-02   4.7662456785E-02
   11      0.0000000000E+00  -2.0531411360E-01   1.9096611088E-01  -1.8120982987E-01  -1.5993523773E-01
   12      0.0000000000E+00  -7.0741617522E-02   3.9008182130E-02   5.5257626488E-02   2.6935374096E-03
   13      0.0000000000E+00   4.0861513709E-02   6.7517663995E-02  -3.1930352414E-02  -1.6527990930E-03
   14      0.0000000000E+00  -9.8426976739E-03   1.1036665410E-04  -3.3620292509E-01   1.6170849889E-01
   15      0.0000000000E+00  -1.2163002433E-01   6.2676597292E-02   2.3306559153E-02   3.0153917932E-03
   16      0.0000000000E+00   7.0252408446E-02   1.0849962238E-01  -1.3472370498E-02  -1.8959472761E-03
   17      0.0000000000E+00   6.3586870657E-02   3.7653962086E-05   7.9246092785E-01   3.7546296876E-02
                   10                 11                 12                 13                 14        
    0     -1.2584232862E-01  -5.8419629854E-02   1.3700915580E-02   6.6540170934E-02   3.1068488243E-02
    1      7.2621977845E-02  -1.0128106360E-01  -7.9079126753E-03  -3.8393623340E-02   5.3830162473E-02
    2     -8.1844079678E-02   3.0873142838E-05  -1.0688327023E-01   7.6571995636E-03  -1.4918222137E-05
    3      1.1781932756E-01   1.7169260649E-01  -8.9593534280E-02  -6.6615871458E-01  -3.1962850126E-01
    4     -4.4366006935E-02   1.3311292367E-01   1.9666281625E-01  -7.3288858728E-02   1.1328809800E-01
    5     -3.7070180162E-01   6.2822664520E-01   5.7370393272E-01  -1.6717425476E-01   3.2155869544E-01
    6      2.9753704241E-01   1.5977432907E-01   2.0001545463E-01   7.2844212133E-02  -3.7392711201E-01
    7     -1.7152611979E-01   2.7718460289E-01  -1.1544077178E-01  -4.2254281885E-02  -6.4755232903E-01
    8      7.3830482119E-01  -3.9045007978E-04   4.2832160076E-01   1.8128402168E-01  -7.8080865408E-05
    9      9.7444903986E-02   2.9480748876E-02  -2.1516584206E-01  -2.6951077209E-01   2.5806421645E-01
   10     -7.9662325824E-02   2.1532512287E-01  -2.0750462655E-02   6.1345633237E-01  -2.2047638600E-01
   11     -3.7137815088E-01  -6.2801273507E-01   5.7349520683E-01  -1.6740637494E-01  -3.2152131643E-01
   12      2.4983367942E-02   1.0632185951E-02  -2.2924727143E-03   1.1971916207E-03   1.1726368328E-03
   13     -1.4419178115E-02   1.8435552627E-02   1.3248346826E-03  -6.9078912127E-04   2.0343585595E-03
   14      3.3546282997E-02  -1.1302582839E-05  -5.6875851502E-03   1.9122476155E-03   5.6270422706E-06
   15      5.7297179305E-03  -2.0581103413E-03   1.1735557001E-03   1.4775160078E-03   1.2758301964E-03
   16     -3.3235375311E-03  -3.5654502037E-03  -6.8127062443E-04  -8.5588696876E-04   2.2160409771E-03
   17     -1.0658058623E-02   1.0940384177E-05  -5.4062528255E-03  -2.7595314131E-04   1.0903620754E-06
                   15                 16                 17        
     0      5.8779964168E-02   3.6922620634E-02   4.6550912408E-02
     1     -3.3914984273E-02  -2.5807415305E-02   7.6571519804E-02
     2     -3.0772160406E-02   3.4502987490E-02   1.6057117275E-03
     3      5.9417040159E-02   1.2761735643E-02   2.4896824300E-02
     4      4.6672395633E-02   6.9858202217E-01  -6.3629623593E-01
     5     -4.8919279329E-02  -2.1564085830E-01   2.1048247219E-01
     6     -7.5700703928E-01   9.1459549480E-02   3.1876995658E-02
     7      4.3708870488E-01  -5.5543378875E-02   4.5252327855E-02
     8      4.6273102851E-01  -3.1481928263E-02  -1.4872142171E-03
     9     -1.0883885230E-02  -5.4762231038E-01  -6.1552186387E-01
    10     -7.4858792938E-02  -3.3328920017E-01  -3.2813873506E-01
    11     -4.8939822063E-02  -1.9668708510E-01  -2.2926671439E-01
    12     -4.3374663622E-04   1.9654169826E-04   1.3277165260E-04
    13      2.4827715634E-04  -1.2361486964E-04   2.1108341485E-04
    14      1.6532465325E-04   8.4099148438E-04   2.9082731410E-05
    15      1.2376642436E-03  -1.8409073604E-04  -3.2220974039E-05
    16     -7.1706600460E-04   1.1200887081E-04  -3.4106768970E-05
    17     -2.1306131353E-04   1.6471716974E-04   6.1245625166E-06

#
# The atoms: label  mass x y z (in bohrs)
#
$atoms
6
 C     12.01100     -0.213496608126     0.123249856178    -0.375194033687
 H      1.00800     -0.212013584967     2.066069570176    -1.062867298690
 H      1.00800      1.275236392996    -0.736205511260    -1.643664279905
 H      1.00800     -1.895213042261    -0.849390283775    -1.063130024633
 Cl    35.45300     -0.031494375272     0.018230037129     2.887355724031
 F     18.99800      0.237894725910    -0.137434524383    -4.951002634457

$actual_temperature
  0.000000

$frequency_scale_factor
  1.000000


$end

