*************************************************
******************* ORCA 6.1.0 ******************
*************************************************
$Calculation_Status
   &GeometryIndex 0
   &version [&Type "String"] "6.1.0"
   &progName [&Type "String"] "orca"
   &Status [&Type "String"] "NORMAL TERMINATION"
$End
$Geometry
   &GeometryIndex 1
   &NAtoms [&Type "Integer"] 6
   &NCorelessECP [&Type "Integer"] 0
   &NGhostAtoms [&Type "Integer"] 0
   &CartesianCoordinates [&Type "Coordinates", &Dim(6,4), &Units "Bohr"] 
              C      0.000000000000    0.000000000000   -0.175064229046
              H      0.000000000000    2.050352855305    0.000000000000
              H      1.775658485025   -1.025176427652    0.000000000000
              H     -1.775658485025   -1.025176427652    0.000000000000
              Cl     0.000000000000    0.000000000000    3.861390793009
              F      0.000000000000    0.000000000000   -3.773858678486
$End
$Single_Point_Data
   &GeometryIndex 1
   &FinalEnergy [&Type "Double"]      -1.3148785343960000e+01  "Final single point energy"
   &Converged [&Type "Boolean"] true
$End
$Hessian
   &GeometryIndex 1
   &HESSIAN [&Type "ArrayOfDoubles", &Dim (18,18)] "The Hessian"
                                                         0                           1                           2                           3                           4                           5                           6                           7

0                                      5.2985211960000000e-01        -8.5999999999999993e-09        -1.8337999999999999e-06        -4.5307225000000000e-02        -1.3200000000000001e-06        -4.8000000000000000e-09        -2.2488510110000001e-01         1.0368046600000000e-01
1                                     -8.5999999999999993e-09         5.2985597439999998e-01         1.5172500000000001e-05        -1.3358000000000000e-06        -2.8473756420000002e-01        -2.2947770600000000e-02         1.0368860970000000e-01        -1.0517676469999999e-01
2                                     -1.8337999999999999e-06         1.5172500000000001e-05        -9.2068129999999995e-03         1.8600000000000001e-08        -2.0164368500000002e-02        -1.1990984400000000e-02        -1.7475588600000001e-02         1.0059441500000000e-02
3                                     -4.5307225000000000e-02        -1.3358000000000000e-06         1.8600000000000001e-08         4.2325088499999997e-02         1.4632000000000000e-06         1.1840000000000000e-07         9.6334459999999997e-04         2.3880209999999999e-02
4                                     -1.3200000000000001e-06        -2.8473756420000002e-01        -2.0164368500000002e-02         1.4632000000000000e-06         3.0899875580000002e-01         1.7217159300000000e-02        -6.7100910000000001e-04        -1.2446943000000000e-02
5                                     -4.8000000000000000e-09        -2.2947770600000000e-02        -1.1990984400000000e-02         1.1840000000000000e-07         1.7217159300000000e-02         5.0674066500000003e-02        -2.9311799999999998e-04         1.2546994000000001e-03
6                                     -2.2488510110000001e-01         1.0368860970000000e-01        -1.7475588600000001e-02         9.6334459999999997e-04        -6.7100910000000001e-04        -2.9311799999999998e-04         2.4230367799999999e-01        -1.1549456140000000e-01
7                                      1.0368046600000000e-01        -1.0517676469999999e-01         1.0059441500000000e-02         2.3880209999999999e-02        -1.2446943000000000e-02         1.2546994000000001e-03        -1.1549456140000000e-01         1.0901482290000000e-01
8                                     -1.9874897700000001e-02         1.1476691600000000e-02        -1.1990884600000000e-02         9.4297260000000003e-04        -8.8106489999999996e-04         1.5531340000000000e-04         1.4908895500000000e-02        -8.6123091999999995e-03
9                                     -2.2488701740000000e-01        -1.0368727190000000e-01         1.7477170399999999e-02         9.6308579999999997e-04         6.7086469999999999e-04         2.9312750000000002e-04        -1.9102034699999999e-02        -1.2259882099999999e-02
10                                    -1.0367914480000000e-01        -1.0517458840000000e-01         1.0059967400000000e-02        -2.3880348499999999e-02        -1.2446706599999999e-02         1.2548651000000000e-03         1.2260153300000000e-02         7.6803853999999998e-03
11                                     1.9876498300000000e-02         1.1477154700000001e-02        -1.1991108000000000e-02        -9.4299149999999997e-04        -8.8105849999999995e-04         1.5531930000000000e-04        -1.2374816999999999e-03        -3.7897380000000001e-04
12                                    -1.4282919200000001e-02         1.5300000000000001e-08         6.3399999999999999e-08        -7.8401199999999997e-05         6.6000000000000004e-09        -1.4899999999999999e-08        -1.0451582000000001e-03         5.5821169999999999e-04
13                                     4.0000000000000002e-09        -1.4279892799999999e-02         1.5043000000000000e-05         4.5699999999999999e-08        -1.3557663999999999e-03         1.4632092200000000e-02         5.7012480000000003e-04        -4.0837030000000002e-04
14                                     7.3599999999999997e-08        -2.2207700000000001e-05         1.2510088000000001e-02        -6.8400000000000004e-08         5.6827867999999998e-03        -2.6154875500000001e-02         4.9410028000000002e-03        -2.8081502000000002e-03
15                                    -2.0489856899999999e-02        -8.5999999999999993e-09         1.6999999999999999e-07         1.1341073000000000e-03        -5.3000000000000003e-09        -1.0830000000000000e-07         1.7652714000000000e-03        -3.6444420000000002e-04
16                                     3.3999999999999998e-09        -2.0487164200000001e-02         1.4744200000000000e-05        -3.4499999999999998e-08         1.9882243999999999e-03        -1.1411045400000000e-02        -3.5331730000000001e-04         1.3368697999999999e-03
17                                     1.6450000000000000e-07         9.5960000000000010e-07         3.2669701900000001e-02        -4.9800000000000003e-08        -9.7345430000000000e-04        -1.2838839400000000e-02        -8.4370989999999998e-04         4.8529239999999999e-04
                                                         8                           9                          10                          11                          12                          13                          14                          15

0                                     -1.9874897700000001e-02        -2.2488701740000000e-01        -1.0367914480000000e-01         1.9876498300000000e-02        -1.4282919200000001e-02         4.0000000000000002e-09         7.3599999999999997e-08        -2.0489856899999999e-02
1                                      1.1476691600000000e-02        -1.0368727190000000e-01        -1.0517458840000000e-01         1.1477154700000001e-02         1.5300000000000001e-08        -1.4279892799999999e-02        -2.2207700000000001e-05        -8.5999999999999993e-09
2                                     -1.1990884600000000e-02         1.7477170399999999e-02         1.0059967400000000e-02        -1.1991108000000000e-02         6.3399999999999999e-08         1.5043000000000000e-05         1.2510088000000001e-02         1.6999999999999999e-07
3                                      9.4297260000000003e-04         9.6308579999999997e-04        -2.3880348499999999e-02        -9.4299149999999997e-04        -7.8401199999999997e-05         4.5699999999999999e-08        -6.8400000000000004e-08         1.1341073000000000e-03
4                                     -8.8106489999999996e-04         6.7086469999999999e-04        -1.2446706599999999e-02        -8.8105849999999995e-04         6.6000000000000004e-09        -1.3557663999999999e-03         5.6827867999999998e-03        -5.3000000000000003e-09
5                                      1.5531340000000000e-04         2.9312750000000002e-04         1.2548651000000000e-03         1.5531930000000000e-04        -1.4899999999999999e-08         1.4632092200000000e-02        -2.6154875500000001e-02        -1.0830000000000000e-07
6                                      1.4908895500000000e-02        -1.9102034699999999e-02         1.2260153300000000e-02        -1.2374816999999999e-03        -1.0451582000000001e-03         5.7012480000000003e-04         4.9410028000000002e-03         1.7652714000000000e-03
7                                     -8.6123091999999995e-03        -1.2259882099999999e-02         7.6803853999999998e-03        -3.7897380000000001e-04         5.5821169999999999e-04        -4.0837030000000002e-04        -2.8081502000000002e-03        -3.6444420000000002e-04
8                                      5.0674024400000003e-02         1.2376110000000000e-03        -3.7907069999999998e-04         1.5540450000000000e-04         1.2669634600000000e-02        -7.3129665000000003e-03        -2.6155034500000000e-02        -9.8842158999999999e-03
9                                      1.2376110000000000e-03         2.4230588380000001e-01         1.1549310900000000e-01        -1.4910327700000000e-02        -1.0452816000000001e-03        -5.7016939999999996e-04        -4.9412008000000000e-03         1.7653642000000000e-03
10                                    -3.7907069999999998e-04         1.1549310900000000e-01         1.0901241010000000e-01        -8.6129594999999996e-03        -5.5821810000000001e-04        -4.0836019999999999e-04        -2.8080825000000001e-03         3.6444910000000001e-04
11                                     1.5540450000000000e-04        -1.4910327700000000e-02        -8.6129594999999996e-03         5.0674222499999998e-02        -1.2669876700000001e-02        -7.3128029999999997e-03        -2.6154922399999999e-02         9.8841793000000004e-03
12                                     1.2669634600000000e-02        -1.0452816000000001e-03        -5.5821810000000001e-04        -1.2669876700000001e-02         1.3697065400000000e-02        -8.7999999999999994e-09         2.9320000000000000e-07         2.7546948000000001e-03
13                                    -7.3129665000000003e-03        -5.7016939999999996e-04        -4.0836019999999999e-04        -7.3128029999999997e-03        -8.7999999999999994e-09         1.3697527300000000e-02        -2.2289400000000000e-05         3.6000000000000000e-09
14                                    -2.6155034500000000e-02        -4.9412008000000000e-03        -2.8080825000000001e-03        -2.6154922399999999e-02         2.9320000000000000e-07        -2.2289400000000000e-05         9.4279085900000004e-02        -1.0050000000000001e-07
15                                    -9.8842158999999999e-03         1.7653642000000000e-03         3.6444910000000001e-04         9.8841793000000004e-03         2.7546948000000001e-03         3.6000000000000000e-09        -1.0050000000000001e-07         1.3070419300000000e-02
16                                     5.7087196999999999e-03         3.5334979999999998e-04         1.3368596999999999e-03         5.7086400999999997e-03        -6.7999999999999997e-09         2.7548624000000000e-03        -2.2056999999999999e-05         5.4999999999999996e-09
17                                    -1.2838823300000000e-02         8.4361950000000005e-04         4.8528010000000002e-04        -1.2838916100000000e-02        -9.9600000000000005e-08         9.2370000000000005e-07        -2.8324341600000000e-02         7.5300000000000006e-08
                                                        16                          17

0                                      3.3999999999999998e-09         1.6450000000000000e-07
1                                     -2.0487164200000001e-02         9.5960000000000010e-07
2                                      1.4744200000000000e-05         3.2669701900000001e-02
3                                     -3.4499999999999998e-08        -4.9800000000000003e-08
4                                      1.9882243999999999e-03        -9.7345430000000000e-04
5                                     -1.1411045400000000e-02        -1.2838839400000000e-02
6                                     -3.5331730000000001e-04        -8.4370989999999998e-04
7                                      1.3368697999999999e-03         4.8529239999999999e-04
8                                      5.7087196999999999e-03        -1.2838823300000000e-02
9                                      3.5334979999999998e-04         8.4361950000000005e-04
10                                     1.3368596999999999e-03         4.8528010000000002e-04
11                                     5.7086400999999997e-03        -1.2838916100000000e-02
12                                    -6.7999999999999997e-09        -9.9600000000000005e-08
13                                     2.7548624000000000e-03         9.2370000000000005e-07
14                                    -2.2056999999999999e-05        -2.8324341600000000e-02
15                                     5.4999999999999996e-09         7.5300000000000006e-08
16                                     1.3070347800000000e-02         9.9840000000000005e-07
17                                     9.9840000000000005e-07         3.4171218400000002e-02
   &MODES [&Type "ArrayOfDoubles", &Dim (18,18)] "The modes of vibrations"
                                                         0                           1                           2                           3                           4                           5                           6                           7

0                                      0.0000000000000000e+00         0.0000000000000000e+00         0.0000000000000000e+00         0.0000000000000000e+00         0.0000000000000000e+00         0.0000000000000000e+00        -7.2911897539415455e-07        -2.2289995072602514e-01
1                                      0.0000000000000000e+00         0.0000000000000000e+00         0.0000000000000000e+00         0.0000000000000000e+00         0.0000000000000000e+00         0.0000000000000000e+00        -1.1868844843735214e-04        -7.4888002470741401e-04
2                                      0.0000000000000000e+00         0.0000000000000000e+00         0.0000000000000000e+00         0.0000000000000000e+00         0.0000000000000000e+00         0.0000000000000000e+00        -2.5114938723331709e-01         4.7770264496212795e-07
3                                      0.0000000000000000e+00         0.0000000000000000e+00         0.0000000000000000e+00         0.0000000000000000e+00         0.0000000000000000e+00         0.0000000000000000e+00         1.3866080787212703e-07        -2.3977152824771111e-01
4                                      0.0000000000000000e+00         0.0000000000000000e+00         0.0000000000000000e+00         0.0000000000000000e+00         0.0000000000000000e+00         0.0000000000000000e+00        -1.5447248313354020e-02        -7.6144796686725320e-04
5                                      0.0000000000000000e+00         0.0000000000000000e+00         0.0000000000000000e+00         0.0000000000000000e+00         0.0000000000000000e+00         0.0000000000000000e+00        -1.2074065171860632e-02        -1.4716891622327524e-05
6                                      0.0000000000000000e+00         0.0000000000000000e+00         0.0000000000000000e+00         0.0000000000000000e+00         0.0000000000000000e+00         0.0000000000000000e+00        -1.3330197255385277e-02        -2.2993489694644831e-01
7                                      0.0000000000000000e+00         0.0000000000000000e+00         0.0000000000000000e+00         0.0000000000000000e+00         0.0000000000000000e+00         0.0000000000000000e+00         7.4231166429272223e-03        -6.4847960909341085e-03
8                                      0.0000000000000000e+00         0.0000000000000000e+00         0.0000000000000000e+00         0.0000000000000000e+00         0.0000000000000000e+00         0.0000000000000000e+00        -1.2081416159686723e-02        -3.9831932639884096e-03
9                                      0.0000000000000000e+00         0.0000000000000000e+00         0.0000000000000000e+00         0.0000000000000000e+00         0.0000000000000000e+00         0.0000000000000000e+00         1.3330425622003988e-02        -2.2989632487972306e-01
10                                     0.0000000000000000e+00         0.0000000000000000e+00         0.0000000000000000e+00         0.0000000000000000e+00         0.0000000000000000e+00         0.0000000000000000e+00         7.4230883787596508e-03         4.8958316700425065e-03
11                                     0.0000000000000000e+00         0.0000000000000000e+00         0.0000000000000000e+00         0.0000000000000000e+00         0.0000000000000000e+00         0.0000000000000000e+00        -1.2081250290802949e-02         4.0001607493162688e-03
12                                     0.0000000000000000e+00         0.0000000000000000e+00         0.0000000000000000e+00         0.0000000000000000e+00         0.0000000000000000e+00         0.0000000000000000e+00         1.1017365511463973e-07         4.5372190137741811e-02
13                                     0.0000000000000000e+00         0.0000000000000000e+00         0.0000000000000000e+00         0.0000000000000000e+00         0.0000000000000000e+00         0.0000000000000000e+00         2.7454555290329955e-05         1.5243704293714427e-04
14                                     0.0000000000000000e+00         0.0000000000000000e+00         0.0000000000000000e+00         0.0000000000000000e+00         0.0000000000000000e+00         0.0000000000000000e+00         2.9813217744060989e-02         8.1900010841229147e-07
15                                     0.0000000000000000e+00         0.0000000000000000e+00         0.0000000000000000e+00         0.0000000000000000e+00         0.0000000000000000e+00         0.0000000000000000e+00         2.3589313468386109e-07         9.3371440324844665e-02
16                                     0.0000000000000000e+00         0.0000000000000000e+00         0.0000000000000000e+00         0.0000000000000000e+00         0.0000000000000000e+00         0.0000000000000000e+00         5.5693875327584318e-05         3.1369950417786397e-04
17                                     0.0000000000000000e+00         0.0000000000000000e+00         0.0000000000000000e+00         0.0000000000000000e+00         0.0000000000000000e+00         0.0000000000000000e+00         1.0506968664356797e-01        -1.9497997561483759e-06
                                                         8                           9                          10                          11                          12                          13                          14                          15

0                                      7.4888059157493872e-04         4.4678499428855357e-07        -1.4616567491972056e-02         9.0591699322100012e-04         1.2462423442164084e-07        -3.2889023843936477e-06         9.3711282014851419e-02         3.3219862005233921e-08
1                                     -2.2289988782345591e-01        -7.2011262487958045e-04        -9.0638527482066222e-04        -1.4623415185088392e-02         3.0491934831955813e-05        -9.3699676448503882e-02        -3.3029502028235502e-06        -3.6242693229841948e-05
2                                     -6.6434367215137036e-05         6.9173598023551025e-02        -1.0182342975774870e-06        -1.7237155784833267e-05         3.0284597063219905e-02        -4.4267158374413120e-05        -3.3630308943339250e-07         9.3520769246769296e-03
3                                      8.0560854394471715e-04         2.1664990588943158e-07         1.0886412240951171e-01        -6.7492120732903669e-03        -1.9140948611187188e-06         2.2609977646466180e-05        -7.5833027097574679e-01        -1.6158359409703327e-07
4                                     -2.2666459175044301e-01         6.2512779267997944e-03         3.0077817890342834e-03         4.8534167819547877e-02         3.4241880588449035e-02        -6.0770650418975586e-02         2.1673303337994596e-06        -5.7357908384622447e-01
5                                     -4.6181176572210967e-03        -1.7048397949990916e-03        -4.9481858053893713e-02        -7.9828096612727162e-01        -5.6150336141207535e-01         1.1298843675051201e-01         6.1073096019363284e-06        -3.3141263129777936e-02
6                                     -4.9495637234920854e-03         6.0751145326189008e-03         6.5243517929132244e-02         2.2224423031694897e-02         2.9525807547849229e-02         3.5485643662002553e-01        -1.4395218737963328e-01        -4.9693438798663797e-01
7                                     -2.3644164341283710e-01        -4.1584334752873854e-03         3.1935490975786053e-02         9.2215506758665522e-02        -1.7236174698598741e-02         5.5346080504310902e-01        -3.5468900532811104e-01         2.8707388756019464e-01
8                                      2.3145889678307650e-03        -1.6719718348692223e-03        -6.6669664397037376e-01         4.4218961981112948e-01        -5.6118652581041173e-01        -5.6728529110133458e-02        -9.7921834971278460e-02        -3.3167762977909084e-02
9                                      6.4943833351173144e-03        -6.0746628065803448e-03         6.2004321990116809e-02        -3.0109659921012961e-02        -2.9529554402427893e-02        -3.5484217593805961e-01        -1.4396907502779743e-01         4.9693399247545805e-01
10                                    -2.3647997799580772e-01        -4.1584228369053403e-03        -2.0303370860503666e-02         9.5456280425827739e-02        -1.7236127739753547e-02         5.5344293070663053e-01         3.5472361863202490e-01         2.8707384579239098e-01
11                                     2.2873549592232123e-03        -1.6715162311628298e-03         7.1620341320802050e-01         3.5646939150339280e-01        -5.6118442947197444e-01        -5.6731687433882745e-02         9.7919650719971413e-02        -3.3171195964852969e-02
12                                    -1.5243441767876100e-04        -8.3749416261552953e-08        -1.0128028700316915e-02         6.2779474105481711e-04         4.5791717499630752e-08         2.7922287658818804e-08        -1.5560768310076763e-03         2.5223685563881394e-08
13                                     4.5371907241094300e-02         1.4376503397140852e-04        -6.2779134792674952e-04        -1.0128128876607464e-02        -4.0579975531630850e-06         1.5567644020307563e-03         6.5515438926206350e-08        -1.9884549648171409e-06
14                                     3.3407015437151639e-04        -1.1082467330605722e-01        -9.7202271981966318e-08        -1.4720782487100126e-06         2.5367744028888830e-02         2.7870391449206575e-05         5.7892532252594012e-09        -6.3129586926955069e-04
15                                    -3.1370559828697596e-04        -1.6164277627647552e-07         1.5613629625803822e-02        -9.6782037087509928e-04         1.3611546450505934e-07         7.0926033555563136e-08        -8.3045956102865135e-04        -3.8514978138536239e-08
16                                     9.3371051062920915e-02         2.9658248239374495e-04         9.6782077452188726e-04         1.5613158764416645e-02         5.2083286073175678e-07         8.2812377431167744e-04         1.4429766721718872e-08        -3.5472691947079524e-06
17                                    -5.8056336868638305e-04         1.6334939316468547e-01        -4.9659695371476430e-07        -6.4135425026571077e-06         2.2856847396856859e-02         1.0084157826402589e-06        -6.3350220379386286e-09         5.4372041057159314e-04
                                                        16                          17

0                                     -5.6530183767565331e-06         9.2828941045945884e-02
1                                     -9.2836842738762596e-02        -5.6424552714746432e-06
2                                     -2.2738068490255926e-06        -3.2088896970928869e-07
3                                      2.0069859882988603e-06         3.7816701520113349e-02
4                                      7.6726285803511896e-01         4.2536598462600576e-05
5                                      5.5088210509820816e-02         2.9423356962017341e-06
6                                     -3.4834046275072073e-01        -5.6589476659255333e-01
7                                      1.6337045454912080e-01         3.4855464503930234e-01
8                                     -2.7527029684410856e-02        -4.7701294006251477e-02
9                                      3.4840500621751475e-01        -5.6585945077180755e-01
10                                     1.6340540125299866e-01        -3.4853059850075124e-01
11                                    -2.7534734243962213e-02         4.7702179806398445e-02
12                                     1.8402026311036398e-08        -8.0936248999281086e-05
13                                     8.0754671220547276e-05        -1.5604505285240870e-08
14                                     1.0241912806951487e-07        -5.3119825044498755e-10
15                                     8.5872344411347155e-09        -4.9531330119396099e-04
16                                     4.9527840975677488e-04         6.3635892300785853e-08
17                                    -1.5678099711162546e-07         7.5108205181180191e-10
$End
$THERMOCHEMISTRY_Energies
   &GeometryIndex 1
   &temperature [&Type "Double"]       2.9814999999999998e+02
   &pressure [&Type "Double"]       1.0000000000000000e+00
   &totalMass [&Type "Double"]       6.9486000000000004e+01
   &spinDegeneracy [&Type "Integer"] 1
   &elEnergy [&Type "Double"]      -1.3148785343960000e+01
   &transEnergy [&Type "Double"]       1.4162714244859817e-03
   &rotEnergy [&Type "Double"]       1.4162714244859817e-03
   &vibEnergy [&Type "Double"]       1.4083993148107507e-03
   &numOfFreqs [&Type "Integer"] 18
   &freqScalingFactor [&Type "Double"]       1.0000000000000000e+00
   &FREQ [&Type "ArrayOfDoubles", &Units "cm^-1", &Dim (18,1)] 
                                                         0

0                                      0.0000000000000000e+00
1                                      0.0000000000000000e+00
2                                      0.0000000000000000e+00
3                                      0.0000000000000000e+00
4                                      0.0000000000000000e+00
5                                      0.0000000000000000e+00
6                                     -2.5596110683442950e+02
7                                      2.7050214072372569e+02
8                                      2.7050608318883764e+02
9                                      3.0639729746894938e+02
10                                     1.1354981459456128e+03
11                                     1.1354987564980836e+03
12                                     1.1719741781454595e+03
13                                     1.3628917341884012e+03
14                                     1.3630690440009735e+03
15                                     2.9031446936814741e+03
16                                     2.9857387186849528e+03
17                                     2.9858265472224907e+03
   &zpe [&Type "Double"]       3.6202469648863402e-02
   &innerEnergyU [&Type "Double"]      -1.3108341932147356e+01
   &enthalpyH [&Type "Double"]      -1.3107397723105096e+01
   &qEl [&Type "Double"]       0.0000000000000000e+00
   &qRot [&Type "Double"]       1.0119246895501578e-02
   &qVib [&Type "Double"]       2.2702872126813011e-03
   &qTrans [&Type "Double"]       1.8355655740999458e-02
   &entropyS [&Type "Double"]       3.0745189849182338e-02
   &freeEnergyG [&Type "Double"]      -1.3138142912954279e+01
   &isLinear [&Type "Boolean"] false
$End
$Geometry
   &GeometryIndex 2
   &NAtoms [&Type "Integer"] 6
   &NCorelessECP [&Type "Integer"] 0
   &NGhostAtoms [&Type "Integer"] 0
   &CartesianCoordinates [&Type "Coordinates", &Dim(6,4), &Units "Bohr"] 
              C      0.000000289482    0.000005498321   -0.127811981007
              H      0.000000143901    2.048377396380   -0.020325383508
              H      1.773949036319   -1.024166208795   -0.020327474527
              H     -1.773948842422   -1.024166263011   -0.020327423894
              Cl    -0.000000315182   -0.000024241631    3.868254809830
              F     -0.000000312098   -0.000026181263   -3.766994661417
$End
$Single_Point_Data
   &GeometryIndex 2
   &FinalEnergy [&Type "Double"]      -1.3149320161260000e+01  "Final single point energy"
   &Converged [&Type "Boolean"] true
$End
$Geometry
   &GeometryIndex 3
   &NAtoms [&Type "Integer"] 6
   &NCorelessECP [&Type "Integer"] 0
   &NGhostAtoms [&Type "Integer"] 0
   &CartesianCoordinates [&Type "Coordinates", &Dim(6,4), &Units "Bohr"] 
              C      0.000000266976    0.000003601991   -0.080142305055
              H      0.000000129251    2.045554122922   -0.043435990543
              H      1.771505477129   -1.022757594204   -0.043441215285
              H     -1.771505278491   -1.022757628768   -0.043441295625
              Cl    -0.000000269286   -0.000019694950    3.881792945246
              F     -0.000000325580   -0.000022806991   -3.758864253262
$End
$Single_Point_Data
   &GeometryIndex 3
   &FinalEnergy [&Type "Double"]      -1.3149936909310000e+01  "Final single point energy"
   &Converged [&Type "Boolean"] true
$End
$Geometry
   &GeometryIndex 4
   &NAtoms [&Type "Integer"] 6
   &NCorelessECP [&Type "Integer"] 0
   &NGhostAtoms [&Type "Integer"] 0
   &CartesianCoordinates [&Type "Coordinates", &Dim(6,4), &Units "Bohr"] 
              C      0.000000213047    0.000004584125   -0.032718247337
              H      0.000000084397    2.041388088636   -0.063692419876
              H      1.767897498382   -1.020670789398   -0.063697897826
              H     -1.767897342389   -1.020670796787   -0.063698018416
              Cl    -0.000000191098   -0.000023904563    3.893291567076
              F     -0.000000262338   -0.000027182014   -3.757017098144
$End
$Single_Point_Data
   &GeometryIndex 4
   &FinalEnergy [&Type "Double"]      -1.3150178417299999e+01  "Final single point energy"
   &Converged [&Type "Boolean"] true
$End
$Hessian
   &GeometryIndex 4
   &HESSIAN [&Type "ArrayOfDoubles", &Dim (18,18)] "The Hessian"
                                                         0                           1                           2                           3                           4                           5                           6                           7

0                                      5.5612562779999997e-01        -1.6520000000000000e-07        -2.0511000000000001e-06        -4.3839591200000000e-02        -1.3320999999999999e-06         1.5390000000000000e-07        -2.3948724769999999e-01         1.1295621690000000e-01
1                                     -1.6520000000000000e-07         5.5611838420000004e-01         2.4172000000000002e-05        -1.3185000000000000e-06        -3.0469243369999999e-01         4.5527032999999996e-03         1.1296665520000000e-01        -1.0906286560000000e-01
2                                     -2.0511000000000001e-06         2.4172000000000002e-05        -1.3749342499999999e-02         2.0550000000000001e-07         5.5036436000000001e-03        -8.5622592999999997e-03         4.7452828000000002e-03        -2.7892741000000000e-03
3                                     -4.3839591200000000e-02        -1.3185000000000000e-06         2.0550000000000001e-07         4.1581354899999999e-02         1.4696000000000001e-06        -2.2900000000000000e-08         6.6988260000000000e-04         2.3620134500000001e-02
4                                     -1.3320999999999999e-06        -3.0469243369999999e-01         5.5036436000000001e-03         1.4696000000000001e-06         3.2927808819999999e-01        -7.6812963000000003e-03        -5.9959379999999999e-04        -1.2631689700000000e-02
5                                      1.5390000000000000e-07         4.5527032999999996e-03        -8.5622592999999997e-03        -2.2900000000000000e-08        -7.6812963000000003e-03         4.7319105399999999e-02        -4.4888660000000000e-04        -6.4728539999999997e-04
6                                     -2.3948724769999999e-01         1.1296665520000000e-01         4.7452828000000002e-03         6.6988260000000000e-04        -5.9959379999999999e-04        -4.4888660000000000e-04         2.5733288199999999e-01        -1.2459721460000001e-01
7                                      1.1295621690000000e-01        -1.0906286560000000e-01        -2.7892741000000000e-03         2.3620134500000001e-02        -1.2631689700000000e-02        -6.4728539999999997e-04        -1.2459721460000001e-01         1.1352584320000000e-01
8                                      3.9433821999999997e-03        -2.2767224999999999e-03        -8.5614560999999999e-03        -7.8352619999999995e-04        -6.5408799999999996e-05        -8.0818399999999999e-05        -6.6532444999999997e-03         3.8421826000000002e-03
9                                     -2.3948948230000000e-01        -1.1296517609999999e-01        -4.7436390999999996e-03         6.6964320000000000e-04         5.9946109999999995e-04         4.4887220000000002e-04        -1.9234402899999999e-02        -1.2094264000000000e-02
10                                    -1.1295472110000000e-01        -1.0906041480000001e-01        -2.7884626000000000e-03        -2.3620297500000002e-02        -1.2631455300000000e-02        -6.4712340000000002e-04         1.2094540799999999e-02         7.3334578000000001e-03
11                                    -3.9417931999999999e-03        -2.2759491999999998e-03        -8.5613589999999993e-03         7.8351180000000003e-04        -6.5420700000000002e-05        -8.0825200000000000e-05         3.3605380000000000e-04         7.1170200000000004e-04
12                                    -1.6510365100000000e-02         1.4200000000000000e-08         5.4100000000000001e-08         2.5891530000000002e-04         5.4999999999999996e-09        -7.6999999999999995e-09        -2.9811520000000002e-04         3.2151050000000001e-04
13                                     1.3999999999999999e-09        -1.6507068800000000e-02         2.3561000000000000e-05         4.6600000000000000e-08        -4.7136489999999998e-04         1.4765029600000000e-02         3.3097399999999999e-04         6.4655999999999999e-05
14                                     1.0560000000000001e-07        -2.5347600000000001e-05         9.0841198000000001e-03        -8.6400000000000006e-08         4.2949813999999999e-03        -2.4091251300000002e-02         3.7418840000000000e-03        -2.1095185000000001e-03
15                                    -1.6798941500000001e-02        -9.5999999999999999e-09         1.4789999999999999e-07         6.5979519999999998e-04        -1.0200000000000000e-08        -1.0900000000000000e-07         1.0170012000000001e-03        -2.0638330000000000e-04
16                                     1.0000000000000000e-10        -1.6795601300000001e-02         2.6359999999999998e-05        -3.4599999999999999e-08         1.1488554000000000e-03        -1.0342027800000000e-02        -1.9536160000000000e-04         7.7059830000000005e-04
17                                     2.0260000000000000e-07         1.1440000000000000e-06         3.0350296999999998e-02        -8.1800000000000005e-08        -1.9864992000000001e-03        -1.4503951300000000e-02        -1.7210896000000001e-03         9.9219340000000007e-04
                                                         8                           9                          10                          11                          12                          13                          14                          15

0                                      3.9433821999999997e-03        -2.3948948230000000e-01        -1.1295472110000000e-01        -3.9417931999999999e-03        -1.6510365100000000e-02         1.3999999999999999e-09         1.0560000000000001e-07        -1.6798941500000001e-02
1                                     -2.2767224999999999e-03        -1.1296517609999999e-01        -1.0906041480000001e-01        -2.2759491999999998e-03         1.4200000000000000e-08        -1.6507068800000000e-02        -2.5347600000000001e-05        -9.5999999999999999e-09
2                                     -8.5614560999999999e-03        -4.7436390999999996e-03        -2.7884626000000000e-03        -8.5613589999999993e-03         5.4100000000000001e-08         2.3561000000000000e-05         9.0841198000000001e-03         1.4789999999999999e-07
3                                     -7.8352619999999995e-04         6.6964320000000000e-04        -2.3620297500000002e-02         7.8351180000000003e-04         2.5891530000000002e-04         4.6600000000000000e-08        -8.6400000000000006e-08         6.5979519999999998e-04
4                                     -6.5408799999999996e-05         5.9946109999999995e-04        -1.2631455300000000e-02        -6.5420700000000002e-05         5.4999999999999996e-09        -4.7136489999999998e-04         4.2949813999999999e-03        -1.0200000000000000e-08
5                                     -8.0818399999999999e-05         4.4887220000000002e-04        -6.4712340000000002e-04        -8.0825200000000000e-05        -7.6999999999999995e-09         1.4765029600000000e-02        -2.4091251300000002e-02        -1.0900000000000000e-07
6                                     -6.6532444999999997e-03        -1.9234402899999999e-02         1.2094540799999999e-02         3.3605380000000000e-04        -2.9811520000000002e-04         3.3097399999999999e-04         3.7418840000000000e-03         1.0170012000000001e-03
7                                      3.8421826000000002e-03        -1.2094264000000000e-02         7.3334578000000001e-03         7.1170200000000004e-04         3.2151050000000001e-04         6.4655999999999999e-05        -2.1095185000000001e-03        -2.0638330000000000e-04
8                                      4.7319748600000003e-02        -3.3591930000000000e-04         7.1162259999999996e-04        -8.0792199999999995e-05         1.2786356100000000e-02        -7.3824288999999998e-03        -2.4091635300000001e-02        -8.9570481999999996e-03
9                                     -3.3591930000000000e-04         2.5733537979999999e-01         1.2459560270000000e-01         6.6518202000000002e-03        -2.9822630000000001e-04        -3.3101860000000002e-04        -3.7420995999999998e-03         1.0170884999999999e-03
10                                     7.1162259999999996e-04         1.2459560270000000e-01         1.1352315890000000e-01         3.8412483999999999e-03        -3.2151690000000003e-04         6.4661999999999999e-05        -2.1094653000000001e-03         2.0639209999999999e-04
11                                    -8.0792199999999995e-05         6.6518202000000002e-03         3.8412483999999999e-03         4.7319684000000001e-02        -1.2786597000000000e-02        -7.3822703999999999e-03        -2.4091546700000001e-02         8.9570043999999994e-03
