
$orca_hessian_file

$act_atom
  0

$act_coord
  0

$act_energy
      -13.147322

$multiplicity
  1

$hessian
18
                    0                  1                  2                  3                  4        
    0      5.3135259960E-01  -2.8440000000E-07  -1.5728000000E-06  -4.1685912900E-02  -1.0179000000E-06
    1     -2.8440000000E-07   5.3133895300E-01   2.2801800000E-05  -9.7720000000E-07  -2.9321886120E-01
    2     -1.5728000000E-06   2.2801800000E-05   8.6888454000E-02   4.0230000000E-07   7.1000707400E-02
    3     -4.1685912900E-02  -9.7720000000E-07   4.0230000000E-07   4.3716563600E-02   1.1664000000E-06
    4     -1.0179000000E-06  -2.9321886120E-01   7.1000707400E-02   1.1664000000E-06   3.2453966410E-01
    5      4.1420000000E-07   7.5196878500E-02  -3.3920306400E-02  -3.1510000000E-07  -7.5898609400E-02
    6     -2.3034271520E-01   1.0892602170E-01   6.1574631300E-02  -1.1077667000E-03   1.3566193000E-03
    7      1.0892114840E-01  -1.0457063300E-01  -3.5530995800E-02   2.5879563600E-02  -1.6819904100E-02
    8      6.5136127400E-02  -3.7605594600E-02  -3.3922535500E-02  -5.1479523000E-03   2.4386353000E-03
    9     -2.3034561130E-01  -1.0892476690E-01  -6.1573584400E-02  -1.1080143000E-03  -1.3567684000E-03
   10     -1.0891984350E-01  -1.0456821380E-01  -3.5529567000E-02  -2.5879795000E-02  -1.6819638700E-02
   11     -6.5135092800E-02  -3.7604158400E-02  -3.3921615600E-02   5.1479998000E-03   2.4385948000E-03
   12     -2.2474922500E-02   1.5000000000E-08   1.9400000000E-08   7.6157510000E-04   5.1000000000E-09
   13      2.0000000000E-10  -2.2477126200E-02   1.5064900000E-05   5.2600000000E-08   1.8635083000E-03
   14      1.7700000000E-08  -1.5727800000E-05  -9.9039077000E-03  -7.9900000000E-08   1.6133098000E-03
   15     -6.5034377000E-03  -8.2000000000E-09   1.0410000000E-07  -5.7644480000E-04  -4.6000000000E-09
   16     -2.9000000000E-09  -6.5041188000E-03   2.1988700000E-05  -1.0300000000E-08   4.5523160000E-04
   17      1.0620000000E-07   5.8005000000E-06   2.4779911100E-02  -5.4900000000E-08  -1.5926378000E-03
                    5                  6                  7                  8                  9        
    0      4.1420000000E-07  -2.3034271520E-01   1.0892114840E-01   6.5136127400E-02  -2.3034561130E-01
    1      7.5196878500E-02   1.0892602170E-01  -1.0457063300E-01  -3.7605594600E-02  -1.0892476690E-01
    2     -3.3920306400E-02   6.1574631300E-02  -3.5530995800E-02  -3.3922535500E-02  -6.1573584400E-02
    3     -3.1510000000E-07  -1.1077667000E-03   2.5879563600E-02  -5.1479523000E-03  -1.1080143000E-03
    4     -7.5898609400E-02   1.3566193000E-03  -1.6819904100E-02   2.4386353000E-03  -1.3567684000E-03
    5      6.3818379400E-02  -4.6378080000E-04  -5.6805385000E-03   2.2571874000E-03   4.6374550000E-04
    6     -4.6378080000E-04   2.5440972370E-01  -1.2163815630E-01  -6.5755541300E-02  -2.4715388300E-02
    7     -5.6805385000E-03  -1.2163815630E-01   1.1394022660E-01   3.7962669100E-02  -1.2254756600E-02
    8      2.2571874000E-03  -6.5755541300E-02   3.7962669100E-02   6.3825693400E-02  -4.6838112000E-03
    9      4.6374550000E-04  -2.4715388300E-02  -1.2254756600E-02  -4.6838112000E-03   2.5441289920E-01
   10     -5.6803648000E-03   1.2255110400E-02   6.7536008000E-03   3.2393994000E-03   1.2163673120E-01
   11      2.2571548000E-03   4.6840296000E-03   3.2394330000E-03   2.2563404000E-03   6.5754552200E-02
   12      2.4000000000E-09   1.5723274000E-03  -4.6858660000E-04   1.3891064100E-02   1.5722514000E-03
   13      1.6038005100E-02  -4.6463860000E-04   1.0257089000E-03  -8.0198430000E-03   4.6459120000E-04
   14     -2.1923856500E-02   1.3210389000E-03  -7.8035740000E-04  -2.1923258000E-02  -1.3212053000E-03
   15     -6.6200000000E-08   1.8381900000E-04  -4.3921250000E-04  -3.4398868000E-03   1.8386330000E-04
   16     -3.9753709000E-03  -4.3495640000E-04  -3.2899920000E-04   1.9847339000E-03   4.3496960000E-04
   17     -1.2488558700E-02  -1.3603778000E-03   7.8978960000E-04  -1.2493427800E-02   1.3603033000E-03
                   10                 11                 12                 13                 14        
    0     -1.0891984350E-01  -6.5135092800E-02  -2.2474922500E-02   2.0000000000E-10   1.7700000000E-08
    1     -1.0456821380E-01  -3.7604158400E-02   1.5000000000E-08  -2.2477126200E-02  -1.5727800000E-05
    2     -3.5529567000E-02  -3.3921615600E-02   1.9400000000E-08   1.5064900000E-05  -9.9039077000E-03
    3     -2.5879795000E-02   5.1479998000E-03   7.6157510000E-04   5.2600000000E-08  -7.9900000000E-08
    4     -1.6819638700E-02   2.4385948000E-03   5.1000000000E-09   1.8635083000E-03   1.6133098000E-03
    5     -5.6803648000E-03   2.2571548000E-03   2.4000000000E-09   1.6038005100E-02  -2.1923856500E-02
    6      1.2255110400E-02   4.6840296000E-03   1.5723274000E-03  -4.6463860000E-04   1.3210389000E-03
    7      6.7536008000E-03   3.2394330000E-03  -4.6858660000E-04   1.0257089000E-03  -7.8035740000E-04
    8      3.2393994000E-03   2.2563404000E-03   1.3891064100E-02  -8.0198430000E-03  -2.1923258000E-02
    9      1.2163673120E-01   6.5754552200E-02   1.5722514000E-03   4.6459120000E-04  -1.3212053000E-03
   10      1.1393755230E-01   3.7961084100E-02   4.6858060000E-04   1.0257073000E-03  -7.8033290000E-04
   11      3.7961084100E-02   6.3824818000E-02  -1.3891313500E-02  -8.0196753000E-03  -2.1923190400E-02
   12      4.6858060000E-04  -1.3891313500E-02   1.6460491200E-02  -8.5000000000E-09   3.0280000000E-07
   13      1.0257073000E-03  -8.0196753000E-03  -8.5000000000E-09   1.6456922900E-02  -1.7328100000E-05
   14     -7.8033290000E-04  -2.1923190400E-02   3.0280000000E-07  -1.7328100000E-05   9.7890927500E-02
   15      4.3921650000E-04   3.4398247000E-03   2.1082775000E-03   3.2000000000E-09  -7.4300000000E-08
   16     -3.2900800000E-04   1.9847219000E-03  -5.7000000000E-09   2.1052789000E-03  -1.9563500000E-05
   17      7.8978130000E-04  -1.2493507300E-02  -7.5300000000E-08   3.7764000000E-06  -2.2216714900E-02
                   15                 16                 17        
     0     -6.5034377000E-03  -2.9000000000E-09   1.0620000000E-07
     1     -8.2000000000E-09  -6.5041188000E-03   5.8005000000E-06
     2      1.0410000000E-07   2.1988700000E-05   2.4779911100E-02
     3     -5.7644480000E-04  -1.0300000000E-08  -5.4900000000E-08
     4     -4.6000000000E-09   4.5523160000E-04  -1.5926378000E-03
     5     -6.6200000000E-08  -3.9753709000E-03  -1.2488558700E-02
     6      1.8381900000E-04  -4.3495640000E-04  -1.3603778000E-03
     7     -4.3921250000E-04  -3.2899920000E-04   7.8978960000E-04
     8     -3.4398868000E-03   1.9847339000E-03  -1.2493427800E-02
     9      1.8386330000E-04   4.3496960000E-04   1.3603033000E-03
    10      4.3921650000E-04  -3.2900800000E-04   7.8978130000E-04
    11      3.4398247000E-03   1.9847219000E-03  -1.2493507300E-02
    12      2.1082775000E-03  -5.7000000000E-09  -7.5300000000E-08
    13      3.2000000000E-09   2.1052789000E-03   3.7764000000E-06
    14     -7.4300000000E-08  -1.9563500000E-05  -2.2216714900E-02
    15      4.6039227000E-03   5.7000000000E-09   9.8500000000E-08
    16      5.7000000000E-09   4.6016154000E-03   3.4900000000E-06
    17      9.8500000000E-08   3.4900000000E-06   3.4912297500E-02

$vibrational_frequencies
18
    0        0.0000000000000000
    1        0.0000000000000000
    2        0.0000000000000000
    3        0.0000000000000000
    4        0.0000000000000000
    5        0.0000000000000000
    6      143.7812446336290577
    7      202.1564379285906341
    8      202.2179161804843375
    9      341.0759935529757740
   10      973.0993145473277082
   11      973.1013152761893252
   12     1185.4286210270288393
   13     1416.8759250077810066
   14     1416.9026422969784562
   15     3094.2345729894641408
   16     3127.7375861924820128
   17     3127.8727502923088650

$normal_modes
18 18
                    0                  1                  2                  3                  4        
    0      0.0000000000E+00   0.0000000000E+00   0.0000000000E+00   0.0000000000E+00   0.0000000000E+00
    1      0.0000000000E+00   0.0000000000E+00   0.0000000000E+00   0.0000000000E+00   0.0000000000E+00
    2      0.0000000000E+00   0.0000000000E+00   0.0000000000E+00   0.0000000000E+00   0.0000000000E+00
    3      0.0000000000E+00   0.0000000000E+00   0.0000000000E+00   0.0000000000E+00   0.0000000000E+00
    4      0.0000000000E+00   0.0000000000E+00   0.0000000000E+00   0.0000000000E+00   0.0000000000E+00
    5      0.0000000000E+00   0.0000000000E+00   0.0000000000E+00   0.0000000000E+00   0.0000000000E+00
    6      0.0000000000E+00   0.0000000000E+00   0.0000000000E+00   0.0000000000E+00   0.0000000000E+00
    7      0.0000000000E+00   0.0000000000E+00   0.0000000000E+00   0.0000000000E+00   0.0000000000E+00
    8      0.0000000000E+00   0.0000000000E+00   0.0000000000E+00   0.0000000000E+00   0.0000000000E+00
    9      0.0000000000E+00   0.0000000000E+00   0.0000000000E+00   0.0000000000E+00   0.0000000000E+00
   10      0.0000000000E+00   0.0000000000E+00   0.0000000000E+00   0.0000000000E+00   0.0000000000E+00
   11      0.0000000000E+00   0.0000000000E+00   0.0000000000E+00   0.0000000000E+00   0.0000000000E+00
   12      0.0000000000E+00   0.0000000000E+00   0.0000000000E+00   0.0000000000E+00   0.0000000000E+00
   13      0.0000000000E+00   0.0000000000E+00   0.0000000000E+00   0.0000000000E+00   0.0000000000E+00
   14      0.0000000000E+00   0.0000000000E+00   0.0000000000E+00   0.0000000000E+00   0.0000000000E+00
   15      0.0000000000E+00   0.0000000000E+00   0.0000000000E+00   0.0000000000E+00   0.0000000000E+00
   16      0.0000000000E+00   0.0000000000E+00   0.0000000000E+00   0.0000000000E+00   0.0000000000E+00
   17      0.0000000000E+00   0.0000000000E+00   0.0000000000E+00   0.0000000000E+00   0.0000000000E+00
                    5                  6                  7                  8                  9        
    0      0.0000000000E+00  -2.5593365658E-06   5.6635993445E-04   4.3317394405E-01   2.5261449610E-06
    1      0.0000000000E+00  -1.2869895690E-03  -4.3319236503E-01   5.6639518706E-04  -9.8551373179E-04
    2      0.0000000000E+00  -7.3011219763E-01   3.0213002928E-04  -2.0429830896E-06   6.7528762447E-01
    3      0.0000000000E+00  -6.9493685108E-07   6.4135727137E-04   4.9153486981E-01   5.7642480440E-07
    4      0.0000000000E+00   1.2264270789E-01  -4.9007916501E-01   6.4075281448E-04  -1.0312839657E-01
    5      0.0000000000E+00  -1.4590602754E-01  -1.8462625929E-01   2.4051324752E-04   1.6645609528E-01
    6      0.0000000000E+00   1.0762065965E-01  -1.5320861398E-04   4.9045146184E-01  -8.8749133231E-02
    7      0.0000000000E+00  -6.3545075902E-02  -4.9116919369E-01   1.5104026172E-03   4.9873415076E-02
    8      0.0000000000E+00  -1.4481504642E-01   9.2570473731E-02   1.5980412358E-01   1.6670614727E-01
    9      0.0000000000E+00  -1.0762233455E-01   1.4373387587E-03   4.9044825147E-01   8.8750515674E-02
   10      0.0000000000E+00  -6.3545249744E-02  -4.9117290970E-01  -2.2602689415E-04   4.9873536451E-02
   11      0.0000000000E+00  -1.4481220706E-01   9.2149788148E-02  -1.6004991704E-01   1.6670592190E-01
   12      0.0000000000E+00   4.3951125628E-07  -1.2718263758E-04  -9.7282828774E-02  -4.7276487313E-07
   13      0.0000000000E+00   2.8280815343E-04   9.7286143070E-02  -1.2719117294E-04   2.2620661062E-04
   14      0.0000000000E+00  -5.9062699458E-02   2.9548060177E-04   7.7005973581E-08  -4.8126476009E-01
   15      0.0000000000E+00   9.2362336863E-07  -2.2288843236E-04  -1.7044416114E-01  -8.1877740322E-07
   16      0.0000000000E+00   5.2188824861E-04   1.7044891592E-01  -2.2287575026E-04   3.8034525051E-04
   17      0.0000000000E+00   5.9492288856E-01  -7.4741089411E-04   1.4280783943E-06   4.4465379368E-01
                   10                 11                 12                 13                 14        
    0      8.6709578503E-02   1.3562293014E-03   3.1743183930E-08  -5.9354269983E-04   7.8572863830E-02
    1     -1.3562135505E-03   8.6706249999E-02   1.0344569025E-05  -7.8559353558E-02  -5.9348246386E-04
    2     -4.6669701265E-07   1.9039046940E-05   4.6354600988E-02   2.2046533759E-05  -1.1244694459E-07
    3     -2.2677278258E-01  -3.5480071641E-03  -1.3312908058E-06   5.7272081234E-03  -7.5882284851E-01
    4      2.2512126680E-03  -1.4391781304E-01  -1.4774775902E-01  -1.0983920747E-01  -8.2535048412E-04
    5      1.2000709090E-02  -7.6749246062E-01  -5.5727173934E-01  -2.7321718655E-01  -2.0599905990E-03
    6     -1.6410597246E-01  -3.8442968238E-02  -1.2795605363E-01   3.7689126263E-01  -1.0452673244E-01
    7     -3.2625959803E-02  -2.0666894772E-01   7.3864390494E-02   5.4452335619E-01  -3.7203646212E-01
    8     -6.7071710195E-01   3.7342234635E-01  -5.5718286356E-01   1.3484797227E-01   2.3762962859E-01
    9     -1.6522219713E-01   3.3292525501E-02   1.2795272493E-01  -3.7526412806E-01  -1.1020247053E-01
   10      3.9072739959E-02  -2.0554566368E-01   7.3864006312E-02   5.3884942699E-01   3.8021628715E-01
   11      6.5871424677E-01   3.9420877693E-01  -5.5718502221E-01   1.3842314381E-01  -2.3556661067E-01
   12     -1.6794646495E-02  -2.6263393036E-04   6.7729989511E-08  -1.1976369229E-05   1.5846620559E-03
   13      2.6264289892E-04  -1.6793558016E-02  -2.8201089706E-06  -1.5870399885E-03  -1.1952225304E-05
   14      1.9167332961E-07  -7.7687065501E-06   1.9574794041E-02  -1.1170867933E-05  -7.6442147940E-08
   15      6.0270351922E-03   9.4195604489E-05   1.0078806950E-07   7.3935227624E-06  -9.7795680813E-04
   16     -9.4198047528E-05   6.0287781576E-03  -2.5003574778E-07   9.7483313995E-04   7.3033881812E-06
   17      5.1235091441E-08  -4.8966206603E-06   2.2858324903E-02   4.0466839710E-06   5.3119651838E-08
                   15                 16                 17        
     0      2.1831203677E-06  -4.3877264871E-04  -9.3448636698E-02
     1     -7.0743155652E-04  -9.3452104466E-02   4.3877851783E-04
     2      3.1296693755E-02  -2.6294148208E-04   2.3027461185E-06
     3      4.6081858760E-07  -1.9444701992E-04  -4.2216212951E-02
     4      5.6615876397E-01   7.7747950053E-01  -3.6326791811E-03
     5     -1.3937368297E-01  -2.1685599777E-01   1.0138732046E-03
     6      4.8266043750E-01  -3.5808192475E-01   5.7765084767E-01
     7     -2.7892385183E-01   1.6442037071E-01  -3.5768210979E-01
     8     -1.3693673941E-01   1.0920547811E-01  -1.8930868775E-01
     9     -4.8268681702E-01   3.6348658922E-01   5.7424858044E-01
    10     -2.7893961574E-01   1.6776499810E-01   3.5610458372E-01
    11     -1.3694184597E-01   1.1097397608E-01   1.8826555495E-01
    12     -2.2288198922E-08  -3.3941893517E-07  -7.8599253532E-05
    13      9.1093458292E-07  -7.7638754066E-05   3.6906501751E-07
    14      8.9141710592E-04  -2.0495768951E-06   3.0915383256E-08
    15      3.6570731631E-08   1.5913526271E-06   3.4937750482E-04
    16      5.4219548963E-06   3.5075087870E-04  -1.6510341618E-06
    17      4.7638104797E-04  -6.2738328108E-06   3.8917140054E-08

#
# The atoms: label  mass x y z (in bohrs)
#
$atoms
6
 C     12.01100      0.000000796883     0.000088244500    -0.635490453521
 H      1.00800      0.000000448264     1.962152294250    -1.179950192321
 H      1.00800      1.699178697850    -0.980916864907    -1.180025913690
 H      1.00800     -1.699177484793    -0.980916682145    -1.180026487275
 Cl    35.45300     -0.000000078546    -0.000009252115     2.897210734899
 F     18.99800     -0.000000445378    -0.000055436710    -4.817013039957

$actual_temperature
  0.000000

$frequency_scale_factor
  1.000000


$end

