
$orca_hessian_file

$act_atom
  0

$act_coord
  0

$act_energy
      -13.144362

$multiplicity
  1

$hessian
18
                    0                  1                  2                  3                  4        
    0      4.9217259640E-01  -2.9140000000E-07  -1.1882000000E-06  -4.1270602700E-02  -8.2030000000E-07
    1     -2.9140000000E-07   4.9215957050E-01   1.0377000000E-05  -7.6100000000E-07  -2.6809743600E-01
    2     -1.1882000000E-06   1.0377000000E-05   1.7513822910E-01   3.7870000000E-07   8.3577339500E-02
    3     -4.1270602700E-02  -7.6100000000E-07   3.7870000000E-07   4.5708938800E-02   9.7630000000E-07
    4     -8.2030000000E-07  -2.6809743600E-01   8.3577339500E-02   9.7630000000E-07   3.0415063870E-01
    5      4.1700000000E-07   9.0805090000E-02  -5.2028790600E-02  -3.4070000000E-07  -8.9784421300E-02
    6     -2.1138301700E-01   9.8219600600E-02   7.2395582100E-02  -2.0389560000E-03   2.7904243000E-03
    7      9.8213216700E-02  -9.7964035700E-02  -4.1799138900E-02   2.7567881300E-02  -1.9568750100E-02
    8      7.8655790900E-02  -4.5410046200E-02  -5.2033049400E-02  -6.1449347000E-03   3.4262914000E-03
    9     -2.1138594470E-01  -9.8218562400E-02  -7.2394798100E-02  -2.0392377000E-03  -2.7905885000E-03
   10     -9.8212106900E-02  -9.7961848800E-02  -4.1797607400E-02  -2.7568149300E-02  -1.9568467500E-02
   11     -7.8655028500E-02  -4.5408489700E-02  -5.2031957400E-02   6.1450122000E-03   3.4262506000E-03
   12     -2.5167848200E-02   1.9000000000E-08  -2.5600000000E-08   1.0484620000E-03   1.0300000000E-08
   13      2.7000000000E-09  -2.5169031600E-02   2.1407000000E-06   5.6500000000E-08   3.3341634000E-03
   14     -4.8700000000E-08   1.6405000000E-06  -3.3726899300E-02  -7.2800000000E-08   7.7893000000E-04
   15     -2.9651839000E-03  -4.8000000000E-09   5.1100000000E-08  -1.4086045000E-03  -1.9000000000E-09
   16     -7.0000000000E-10  -2.9672185000E-03   6.8891000000E-06  -3.8000000000E-09  -2.5014850000E-04
   17      5.7500000000E-08   1.4283000000E-06   1.4682467700E-02  -4.2700000000E-08  -1.4243902000E-03
                    5                  6                  7                  8                  9        
    0      4.1700000000E-07  -2.1138301700E-01   9.8213216700E-02   7.8655790900E-02  -2.1138594470E-01
    1      9.0805090000E-02   9.8219600600E-02  -9.7964035700E-02  -4.5410046200E-02  -9.8218562400E-02
    2     -5.2028790600E-02   7.2395582100E-02  -4.1799138900E-02  -5.2033049400E-02  -7.2394798100E-02
    3     -3.4070000000E-07  -2.0389560000E-03   2.7567881300E-02  -6.1449347000E-03  -2.0392377000E-03
    4     -8.9784421300E-02   2.7904243000E-03  -1.9568750100E-02   3.4262914000E-03  -2.7905885000E-03
    5      7.5158436300E-02  -1.0534170000E-04  -7.0370953000E-03   3.8636115000E-03   1.0531160000E-04
    6     -1.0534170000E-04   2.3953388900E-01  -1.1190430420E-01  -7.7771425100E-02  -2.8331872200E-02
    7     -7.0370953000E-03  -1.1190430420E-01   1.1031386500E-01   4.4901071500E-02  -1.2386026200E-02
    8      3.8636115000E-03  -7.7771425100E-02   4.4901071500E-02   7.5170667400E-02  -6.0415926000E-03
    9      1.0531160000E-04  -2.8331872200E-02  -1.2386026200E-02  -6.0415926000E-03   2.3953712990E-01
   10     -7.0368977000E-03   1.2386423700E-02   6.7220333000E-03   3.6088464000E-03   1.1190307600E-01
   11      3.8635755000E-03   6.0418582000E-03   3.6088713000E-03   3.8634071000E-03   7.7770624100E-02
   12     -1.1000000000E-09   2.7616713000E-03  -9.8989950000E-04   1.3201680600E-02   2.7616079000E-03
   13      1.5246723400E-02  -9.9093910000E-04   1.6176499000E-03  -7.6216478000E-03   9.9088850000E-04
   14     -1.9484325400E-02   6.7414530000E-04  -3.8637220000E-04  -1.9485408400E-02  -6.7429950000E-04
   15     -4.5100000000E-08  -5.4171510000E-04  -5.0086810000E-04  -1.8995190000E-03  -5.4168310000E-04
   16     -2.1933992000E-03  -5.0120530000E-04  -1.1207623000E-03   1.0954846000E-03   5.0121270000E-04
   17     -1.1372507300E-02  -1.2348190000E-03   7.1266350000E-04  -1.1379228100E-02   1.2347546000E-03
                   10                 11                 12                 13                 14        
    0     -9.8212106900E-02  -7.8655028500E-02  -2.5167848200E-02   2.7000000000E-09  -4.8700000000E-08
    1     -9.7961848800E-02  -4.5408489700E-02   1.9000000000E-08  -2.5169031600E-02   1.6405000000E-06
    2     -4.1797607400E-02  -5.2031957400E-02  -2.5600000000E-08   2.1407000000E-06  -3.3726899300E-02
    3     -2.7568149300E-02   6.1450122000E-03   1.0484620000E-03   5.6500000000E-08  -7.2800000000E-08
    4     -1.9568467500E-02   3.4262506000E-03   1.0300000000E-08   3.3341634000E-03   7.7893000000E-04
    5     -7.0368977000E-03   3.8635755000E-03  -1.1000000000E-09   1.5246723400E-02  -1.9484325400E-02
    6      1.2386423700E-02   6.0418582000E-03   2.7616713000E-03  -9.9093910000E-04   6.7414530000E-04
    7      6.7220333000E-03   3.6088713000E-03  -9.8989950000E-04   1.6176499000E-03  -3.8637220000E-04
    8      3.6088464000E-03   3.8634071000E-03   1.3201680600E-02  -7.6216478000E-03  -1.9485408400E-02
    9      1.1190307600E-01   7.7770624100E-02   2.7616079000E-03   9.9088850000E-04  -6.7429950000E-04
   10      1.1031140570E-01   4.4899372000E-02   9.8988720000E-04   1.6176444000E-03  -3.8636310000E-04
   11      4.4899372000E-02   7.5169546000E-02  -1.3201927300E-02  -7.6214872000E-03  -1.9485318300E-02
   12      9.8988720000E-04  -1.3201927300E-02   1.6617235000E-02  -1.1100000000E-08   3.5110000000E-07
   13      1.6176444000E-03  -7.6214872000E-03  -1.1100000000E-08   1.6619468000E-02  -5.2059000000E-06
   14     -3.8636310000E-04  -1.9485318300E-02   3.5110000000E-07  -5.2059000000E-06   1.1314283550E-01
   15      5.0086930000E-04   1.8994613000E-03   1.9788720000E-03   2.6000000000E-09  -7.5500000000E-08
   16     -1.1207671000E-03   1.0954830000E-03  -5.9000000000E-09   1.9801059000E-03  -2.6293000000E-06
   17      7.1264980000E-04  -1.1379253000E-02  -7.7700000000E-08  -5.2320000000E-07  -2.0960884100E-02
                   15                 16                 17        
     0     -2.9651839000E-03  -7.0000000000E-10   5.7500000000E-08
     1     -4.8000000000E-09  -2.9672185000E-03   1.4283000000E-06
     2      5.1100000000E-08   6.8891000000E-06   1.4682467700E-02
     3     -1.4086045000E-03  -3.8000000000E-09  -4.2700000000E-08
     4     -1.9000000000E-09  -2.5014850000E-04  -1.4243902000E-03
     5     -4.5100000000E-08  -2.1933992000E-03  -1.1372507300E-02
     6     -5.4171510000E-04  -5.0120530000E-04  -1.2348190000E-03
     7     -5.0086810000E-04  -1.1207623000E-03   7.1266350000E-04
     8     -1.8995190000E-03   1.0954846000E-03  -1.1379228100E-02
     9     -5.4168310000E-04   5.0121270000E-04   1.2347546000E-03
    10      5.0086930000E-04  -1.1207671000E-03   7.1264980000E-04
    11      1.8994613000E-03   1.0954830000E-03  -1.1379253000E-02
    12      1.9788720000E-03  -5.9000000000E-09  -7.7700000000E-08
    13      2.6000000000E-09   1.9801059000E-03  -5.2320000000E-07
    14     -7.5500000000E-08  -2.6293000000E-06  -2.0960884100E-02
    15      3.4783145000E-03   2.9000000000E-09   1.2730000000E-07
    16      2.9000000000E-09   3.4787904000E-03  -1.8282000000E-06
    17      1.2730000000E-07  -1.8282000000E-06   4.0409404800E-02

$vibrational_frequencies
18
    0        0.0000000000000000
    1        0.0000000000000000
    2        0.0000000000000000
    3        0.0000000000000000
    4        0.0000000000000000
    5        0.0000000000000000
    6      182.3700957012929393
    7      182.3865433582133448
    8      251.7097726576840273
    9      437.0234206165174555
   10      921.6086699380706477
   11      921.6173123683303174
   12     1267.2098188697104888
   13     1459.7308020436046263
   14     1459.7816480368940120
   15     3066.9599506036215644
   16     3066.9638713824251681
   17     3074.3370708910265421

$normal_modes
18 18
                    0                  1                  2                  3                  4        
    0      0.0000000000E+00   0.0000000000E+00   0.0000000000E+00   0.0000000000E+00   0.0000000000E+00
    1      0.0000000000E+00   0.0000000000E+00   0.0000000000E+00   0.0000000000E+00   0.0000000000E+00
    2      0.0000000000E+00   0.0000000000E+00   0.0000000000E+00   0.0000000000E+00   0.0000000000E+00
    3      0.0000000000E+00   0.0000000000E+00   0.0000000000E+00   0.0000000000E+00   0.0000000000E+00
    4      0.0000000000E+00   0.0000000000E+00   0.0000000000E+00   0.0000000000E+00   0.0000000000E+00
    5      0.0000000000E+00   0.0000000000E+00   0.0000000000E+00   0.0000000000E+00   0.0000000000E+00
    6      0.0000000000E+00   0.0000000000E+00   0.0000000000E+00   0.0000000000E+00   0.0000000000E+00
    7      0.0000000000E+00   0.0000000000E+00   0.0000000000E+00   0.0000000000E+00   0.0000000000E+00
    8      0.0000000000E+00   0.0000000000E+00   0.0000000000E+00   0.0000000000E+00   0.0000000000E+00
    9      0.0000000000E+00   0.0000000000E+00   0.0000000000E+00   0.0000000000E+00   0.0000000000E+00
   10      0.0000000000E+00   0.0000000000E+00   0.0000000000E+00   0.0000000000E+00   0.0000000000E+00
   11      0.0000000000E+00   0.0000000000E+00   0.0000000000E+00   0.0000000000E+00   0.0000000000E+00
   12      0.0000000000E+00   0.0000000000E+00   0.0000000000E+00   0.0000000000E+00   0.0000000000E+00
   13      0.0000000000E+00   0.0000000000E+00   0.0000000000E+00   0.0000000000E+00   0.0000000000E+00
   14      0.0000000000E+00   0.0000000000E+00   0.0000000000E+00   0.0000000000E+00   0.0000000000E+00
   15      0.0000000000E+00   0.0000000000E+00   0.0000000000E+00   0.0000000000E+00   0.0000000000E+00
   16      0.0000000000E+00   0.0000000000E+00   0.0000000000E+00   0.0000000000E+00   0.0000000000E+00
   17      0.0000000000E+00   0.0000000000E+00   0.0000000000E+00   0.0000000000E+00   0.0000000000E+00
                    5                  6                  7                  8                  9        
    0      0.0000000000E+00  -4.1530192438E-01   1.2983118585E-03   1.7856323481E-06  -2.6160791685E-06
    1      0.0000000000E+00   1.2982662061E-03   4.1529677606E-01  -4.2441998242E-04   1.4704465342E-04
    2      0.0000000000E+00   2.0640924542E-06   1.6971042620E-04   4.4208345639E-01  -7.4215320041E-01
    3      0.0000000000E+00  -4.8513002021E-01   1.5169428301E-03   1.1391220997E-06  -1.0306121816E-06
    4      0.0000000000E+00   1.5539616938E-03   4.9710668277E-01  -7.7916871626E-02   1.0956070857E-01
    5      0.0000000000E+00   6.6555903019E-04   2.1267549074E-01   1.5709258434E-01  -3.1980215363E-01
    6      0.0000000000E+00  -4.9431520920E-01  -3.5901000655E-03  -6.7101494236E-02   9.4786423919E-02
    7      0.0000000000E+00   6.4440397482E-03   4.8828750577E-01   3.8288158498E-02  -5.4632015366E-02
    8      0.0000000000E+00  -1.8442605856E-01  -1.0566119044E-01   1.5718403692E-01  -3.1970944658E-01
    9      0.0000000000E+00  -4.9428189077E-01   6.6798930122E-03   6.7103683109E-02  -9.4788412604E-02
   10      0.0000000000E+00  -3.3909670435E-03   4.8831764385E-01   3.8288103826E-02  -5.4631969516E-02
   11      0.0000000000E+00   1.8376643108E-01  -1.0680961145E-01   1.5718215862E-01  -3.1970939245E-01
   12      0.0000000000E+00   9.5187405621E-02  -2.9758456117E-04  -3.6028579204E-07   5.2984398787E-07
   13      0.0000000000E+00  -2.9757363078E-04  -9.5185893535E-02   1.0453705733E-04  -3.7281859828E-05
   14      0.0000000000E+00  -2.9931720887E-07   2.2774659380E-05   2.6607314070E-01   3.1806949614E-01
   15      0.0000000000E+00   1.6312397407E-01  -5.0991409350E-04  -6.3315281516E-07   8.2538266777E-07
   16      0.0000000000E+00  -5.0992147297E-04  -1.6312272980E-01   1.4437784462E-04  -3.9135542561E-05
   17      0.0000000000E+00  -1.0611181398E-06  -1.6065629466E-04  -8.0104147289E-01  -7.3461469413E-02
                   10                 11                 12                 13                 14        
    0      6.1312557139E-04   1.0277237908E-01  -1.4225990023E-07   3.6081159244E-04   7.3696607149E-02
    1      1.0278308320E-01  -6.1320636883E-04   3.7324894578E-07   7.3686116542E-02  -3.6078903868E-04
    2      2.0242480334E-05  -4.5445483725E-07  -6.6917793289E-02  -3.1511332122E-07  -2.0749290011E-07
    3     -1.4549367947E-03  -2.4367703589E-01   1.2593857176E-06  -3.6667980017E-03  -7.4999461105E-01
    4     -1.8867019786E-01   1.1256429468E-03   1.8959260362E-01   1.2652537937E-01  -6.1514304514E-04
    5     -7.5120711256E-01   4.4782412631E-03   5.4381487398E-01   2.9080277378E-01  -1.4198193626E-03
    6     -2.5038210286E-02  -2.0232497916E-01   1.6422510341E-01  -3.7999254057E-01  -9.0744245158E-02
    7     -2.3014069153E-01  -2.2405721373E-02  -9.4806794108E-02  -5.3269883810E-01  -3.7696560069E-01
    8      3.7174518386E-01  -6.5282931220E-01   5.4378460528E-01  -1.4416399133E-01   2.5247085483E-01
    9      2.2623308167E-02  -2.0260388030E-01  -1.6422154164E-01   3.7908063129E-01  -9.4454370049E-02
   10     -2.2985493865E-01   2.5149350662E-02  -9.4806192343E-02  -5.2899106126E-01   3.8215935922E-01
   11      3.7950076166E-01   6.4835238613E-01   5.4378600531E-01  -1.4662964315E-01  -2.5104892199E-01
   12     -1.1195311034E-04  -1.8773807275E-02  -4.7183522898E-08   7.3185748234E-06   1.4940566101E-03
   13     -1.8774934672E-02   1.1197923648E-04   1.0693538875E-06   1.4961985815E-03  -7.2879260054E-06
   14     -3.0592605927E-06   9.0115664558E-08  -1.4064768180E-02  -1.0249492565E-06   9.4228376177E-09
   15      2.6614380884E-05   4.4732859655E-03  -7.7810413513E-08   1.1666213495E-06   2.3876379640E-04
   16      4.4718023610E-03  -2.6581986966E-05  -1.1500684617E-06   2.3987588462E-04  -1.2332050280E-06
   17     -9.1491782392E-06   4.9367220675E-08  -1.8004459784E-02   1.6270104879E-06   1.4601335451E-09
                   15                 16                 17        
     0      1.4073053274E-02   8.9193566423E-02   8.0640790875E-06
     1      8.9193403990E-02  -1.4073038421E-02  -1.0229883797E-04
     2     -4.4482363946E-05   1.0639180404E-05  -4.0020048974E-02
     3      7.4749561875E-03   4.7397964130E-02   5.0283962516E-06
     4     -7.5528170977E-01   1.1921917185E-01  -5.4975339470E-01
     5      2.7126558886E-01  -4.2816252234E-02   1.7172999465E-01
     6      2.5928313003E-01  -6.0875590837E-01  -4.7731227732E-01
     7     -9.7968935651E-02   3.7134622447E-01   2.7552003368E-01
     8     -9.8302662720E-02   2.5613367871E-01   1.7226216090E-01
     9     -4.3413354276E-01  -4.9945123316E-01   4.7721135777E-01
    10     -2.0754717281E-01  -3.2319140074E-01   2.7545596235E-01
    11     -1.7238989881E-01  -2.1345485387E-01   1.7221551494E-01
    12      3.1725845579E-06   2.0310746758E-05   2.6606783089E-08
    13      2.0180907864E-05  -3.1856087898E-06  -2.4324190971E-08
    14     -9.5718343818E-07   2.2900150475E-07  -7.9414285583E-04
    15     -2.2605554344E-05  -1.4361261164E-04  -6.0146197530E-08
    16     -1.4387031706E-04   2.2697984776E-05  -1.4782806008E-07
    17     -4.9472891733E-07   1.3795280446E-07  -6.0542041025E-04

#
# The atoms: label  mass x y z (in bohrs)
#
$atoms
6
 C     12.01100      0.000000123869     0.000136261267    -0.549039238986
 H      1.00800     -0.000000496454     1.916522031203    -1.270308607200
 H      1.00800      1.659596583927    -0.958005182692    -1.270449771967
 H      1.00800     -1.659596957970    -0.958004825143    -1.270449852858
 Cl    35.45300      0.000000028822    -0.000010977995     2.883161583224
 F     18.99800     -0.000000085911    -0.000092828234    -4.831062186161

$actual_temperature
  0.000000

$frequency_scale_factor
  1.000000


$end

