
$orca_hessian_file

$act_atom
  0

$act_coord
  0

$act_energy
      -13.143098

$multiplicity
  1

$hessian
18
                    0                  1                  2                  3                  4        
    0      4.7675247320E-01   1.1424639200E-02  -4.1860440100E-02  -4.2495227100E-02   1.2190765900E-02
    1      1.1424639200E-02   4.8995342330E-01   2.4151785600E-02   1.6003981900E-02  -2.8991462210E-01
    2     -4.1860440100E-02   2.4151785600E-02   2.3887405400E-01  -8.4827250000E-04   4.2797548100E-02
    3     -4.2495227100E-02   1.6003981900E-02  -8.4827250000E-04   4.4248460600E-02  -1.3863915000E-02
    4      1.2190765900E-02  -2.8991462210E-01   4.2797548100E-02  -1.3863915000E-02   3.2378462800E-01
    5     -1.2056647000E-03   4.5257359200E-02  -4.3210726300E-02   3.3841611000E-03  -5.0504362800E-02
    6     -1.6680370160E-01   7.3336471000E-02   9.7281539700E-02  -1.5925301000E-03   2.1991550000E-03
    7      7.3324830400E-02  -8.2309323000E-02  -5.6286914300E-02   2.3347541800E-02  -1.6633718100E-02
    8      9.8777284100E-02  -5.7091034000E-02  -8.8149196400E-02  -2.9424977000E-03   1.2813207000E-03
    9     -2.4044791060E-01  -1.0187417460E-01  -3.7486908300E-02  -1.7829150000E-04  -1.3101916000E-03
   10     -9.8086041400E-02  -9.2005813700E-02  -2.0629240100E-02  -2.9232958400E-02  -1.7761718000E-02
   11     -3.9747249000E-02  -2.1521565900E-02  -4.3207524500E-02   3.7222194000E-03   1.0427002000E-03
   12     -2.7792017600E-02   1.7764914000E-03  -8.7812540000E-03   1.8707530000E-04   1.2054712000E-03
   13      1.7948196000E-03  -2.5738200900E-02   5.1206375000E-03   4.4500204000E-03  -8.0783830000E-04
   14     -1.6294442900E-02   9.4024316000E-03  -5.8186948500E-02  -3.5204263000E-03   5.4819978000E-03
   15      7.8638360000E-04  -6.6740880000E-04  -8.3046648000E-03  -1.6948730000E-04  -4.2128550000E-04
   16     -6.4901360000E-04   1.4536400000E-05   4.8461833000E-03  -7.0467070000E-04   1.3332686000E-03
   17      3.3051260000E-04  -1.9897650000E-04  -6.1196584000E-03   2.0481600000E-04  -9.9204200000E-05
                    5                  6                  7                  8                  9        
    0     -1.2056647000E-03  -1.6680370160E-01   7.3324830400E-02   9.8777284100E-02  -2.4044791060E-01
    1      4.5257359200E-02   7.3336471000E-02  -8.2309323000E-02  -5.7091034000E-02  -1.0187417460E-01
    2     -4.3210726300E-02   9.7281539700E-02  -5.6286914300E-02  -8.8149196400E-02  -3.7486908300E-02
    3      3.3841611000E-03  -1.5925301000E-03   2.3347541800E-02  -2.9424977000E-03  -1.7829150000E-04
    4     -5.0504362800E-02   2.1991550000E-03  -1.6633718100E-02   1.2813207000E-03  -1.3101916000E-03
    5      5.4654369800E-02   1.1317527000E-03  -1.4181232200E-02   4.9734610000E-03   9.5364010000E-04
    6      1.1317527000E-03   1.8983092880E-01  -8.2997287100E-02  -1.0663195480E-01  -2.3925309600E-02
    7     -1.4181232200E-02  -8.2997287100E-02   9.4241143800E-02   6.1627407400E-02  -1.0670703400E-02
    8      4.9734610000E-03  -1.0663195480E-01   6.1627407400E-02   1.0440474480E-01  -2.5706945000E-03
    9      9.5364010000E-04  -2.3925309600E-02  -1.0670703400E-02  -2.5706945000E-03   2.6612525980E-01
   10     -3.7397072000E-03   1.0477405100E-02   5.7218368000E-03   1.9070468000E-03   1.1401571010E-01
   11      2.2312466000E-03   1.2843923200E-02   6.0971350000E-03   4.9711554000E-03   4.5378353800E-02
   12     -4.0155175000E-03   5.1747076000E-03  -2.9395663000E-03   7.5655904000E-03  -3.0107649000E-03
   13      2.2725578600E-02  -2.9522291000E-03   1.7501508000E-03  -4.3741949000E-03  -6.5832810000E-04
   14     -1.7758859900E-02  -3.4408392000E-03   2.0560461000E-03  -2.0760732000E-02  -6.4592389000E-03
   15     -2.4837170000E-04  -2.6840951000E-03  -6.4815400000E-05   5.8022725000E-03   1.4370169000E-03
   16      4.4236440000E-04  -6.3514900000E-05  -2.7700904000E-03  -3.3505461000E-03   4.9768760000E-04
   17     -8.8949120000E-04  -1.1844215000E-03   6.8755800000E-04  -5.4394328000E-03   1.8484780000E-04
                   10                 11                 12                 13                 14        
    0     -9.8086041400E-02  -3.9747249000E-02  -2.7792017600E-02   1.7948196000E-03  -1.6294442900E-02
    1     -9.2005813700E-02  -2.1521565900E-02   1.7764914000E-03  -2.5738200900E-02   9.4024316000E-03
    2     -2.0629240100E-02  -4.3207524500E-02  -8.7812540000E-03   5.1206375000E-03  -5.8186948500E-02
    3     -2.9232958400E-02   3.7222194000E-03   1.8707530000E-04   4.4500204000E-03  -3.5204263000E-03
    4     -1.7761718000E-02   1.0427002000E-03   1.2054712000E-03  -8.0783830000E-04   5.4819978000E-03
    5     -3.7397072000E-03   2.2312466000E-03  -4.0155175000E-03   2.2725578600E-02  -1.7758859900E-02
    6      1.0477405100E-02   1.2843923200E-02   5.1747076000E-03  -2.9522291000E-03  -3.4408392000E-03
    7      5.7218368000E-03   6.0971350000E-03  -2.9395663000E-03   1.7501508000E-03   2.0560461000E-03
    8      1.9070468000E-03   4.9711554000E-03   7.5655904000E-03  -4.3741949000E-03  -2.0760732000E-02
    9      1.1401571010E-01   4.5378353800E-02  -3.0107649000E-03  -6.5832810000E-04  -6.4592389000E-03
   10      1.0197025100E-01   2.2253199300E-02   2.6041671000E-03   2.3681795000E-03   3.3422650000E-04
   11      2.2253199300E-02   5.4633775000E-02  -2.1695036400E-02  -7.8715004000E-03  -1.7743255500E-02
   12      2.6041671000E-03  -2.1695036400E-02   2.4021062700E-02  -2.4250786000E-03   2.5449287600E-02
   13      2.3681795000E-03  -7.8715004000E-03  -2.4250786000E-03   2.1240894100E-02  -1.4747302900E-02
   14      3.3422650000E-04  -1.7743255500E-02   2.5449287600E-02  -1.4747302900E-02   1.2434070280E-01
   15      2.2171750000E-04  -5.0221100000E-04   1.4199368000E-03  -2.0920420000E-04   4.2656598000E-03
   16     -2.9273570000E-04   3.1800000000E-08  -2.2148480000E-04   1.1868148000E-03  -2.5273991000E-03
   17     -1.2552530000E-04  -8.8539690000E-04   1.4769299000E-03  -8.5321790000E-04  -9.8909070000E-03
                   15                 16                 17        
     0      7.8638360000E-04  -6.4901360000E-04   3.3051260000E-04
     1     -6.6740880000E-04   1.4536400000E-05  -1.9897650000E-04
     2     -8.3046648000E-03   4.8461833000E-03  -6.1196584000E-03
     3     -1.6948730000E-04  -7.0467070000E-04   2.0481600000E-04
     4     -4.2128550000E-04   1.3332686000E-03  -9.9204200000E-05
     5     -2.4837170000E-04   4.4236440000E-04  -8.8949120000E-04
     6     -2.6840951000E-03  -6.3514900000E-05  -1.1844215000E-03
     7     -6.4815400000E-05  -2.7700904000E-03   6.8755800000E-04
     8      5.8022725000E-03  -3.3505461000E-03  -5.4394328000E-03
     9      1.4370169000E-03   4.9768760000E-04   1.8484780000E-04
    10      2.2171750000E-04  -2.9273570000E-04  -1.2552530000E-04
    11     -5.0221100000E-04   3.1800000000E-08  -8.8539690000E-04
    12      1.4199368000E-03  -2.2148480000E-04   1.4769299000E-03
    13     -2.0920420000E-04   1.1868148000E-03  -8.5321790000E-04
    14      4.2656598000E-03  -2.5273991000E-03  -9.8909070000E-03
    15     -7.8975490000E-04   1.1409964000E-03  -1.0126847000E-03
    16      1.1409964000E-03   5.2820620000E-04   5.8936570000E-04
    17     -1.0126847000E-03   5.8936570000E-04   2.3224886200E-02

$vibrational_frequencies
18
    0        0.0000000000000000
    1        0.0000000000000000
    2        0.0000000000000000
    3        0.0000000000000000
    4        0.0000000000000000
    5        0.0000000000000000
    6     -169.2172433912926692
    7      151.1170717374130277
    8      207.8113233688368950
    9      552.3380794620610459
   10      812.6206238138003073
   11      979.8216337253593338
   12     1266.9732463657239805
   13     1424.5608151877313503
   14     1435.3026379866846582
   15     2955.8071029466445907
   16     3058.5134695401384306
   17     3067.2775274069144871

$normal_modes
18 18
                    0                  1                  2                  3                  4        
    0      0.0000000000E+00   0.0000000000E+00   0.0000000000E+00   0.0000000000E+00   0.0000000000E+00
    1      0.0000000000E+00   0.0000000000E+00   0.0000000000E+00   0.0000000000E+00   0.0000000000E+00
    2      0.0000000000E+00   0.0000000000E+00   0.0000000000E+00   0.0000000000E+00   0.0000000000E+00
    3      0.0000000000E+00   0.0000000000E+00   0.0000000000E+00   0.0000000000E+00   0.0000000000E+00
    4      0.0000000000E+00   0.0000000000E+00   0.0000000000E+00   0.0000000000E+00   0.0000000000E+00
    5      0.0000000000E+00   0.0000000000E+00   0.0000000000E+00   0.0000000000E+00   0.0000000000E+00
    6      0.0000000000E+00   0.0000000000E+00   0.0000000000E+00   0.0000000000E+00   0.0000000000E+00
    7      0.0000000000E+00   0.0000000000E+00   0.0000000000E+00   0.0000000000E+00   0.0000000000E+00
    8      0.0000000000E+00   0.0000000000E+00   0.0000000000E+00   0.0000000000E+00   0.0000000000E+00
    9      0.0000000000E+00   0.0000000000E+00   0.0000000000E+00   0.0000000000E+00   0.0000000000E+00
   10      0.0000000000E+00   0.0000000000E+00   0.0000000000E+00   0.0000000000E+00   0.0000000000E+00
   11      0.0000000000E+00   0.0000000000E+00   0.0000000000E+00   0.0000000000E+00   0.0000000000E+00
   12      0.0000000000E+00   0.0000000000E+00   0.0000000000E+00   0.0000000000E+00   0.0000000000E+00
   13      0.0000000000E+00   0.0000000000E+00   0.0000000000E+00   0.0000000000E+00   0.0000000000E+00
   14      0.0000000000E+00   0.0000000000E+00   0.0000000000E+00   0.0000000000E+00   0.0000000000E+00
   15      0.0000000000E+00   0.0000000000E+00   0.0000000000E+00   0.0000000000E+00   0.0000000000E+00
   16      0.0000000000E+00   0.0000000000E+00   0.0000000000E+00   0.0000000000E+00   0.0000000000E+00
   17      0.0000000000E+00   0.0000000000E+00   0.0000000000E+00   0.0000000000E+00   0.0000000000E+00
                    5                  6                  7                  8                  9        
    0      0.0000000000E+00  -2.8307427361E-01  -9.5515429358E-02   6.2043732216E-02   1.7493239383E-01
    1      0.0000000000E+00   1.6370312659E-01  -1.6488783499E-01  -3.4825562147E-02  -1.0171071783E-01
    2      0.0000000000E+00   1.1398846932E-01  -1.9014669472E-04   2.4440577156E-01   6.2536950197E-01
    3      0.0000000000E+00  -3.5030677026E-01   3.8910084789E-01   5.7344635292E-02   1.4680658816E-01
    4      0.0000000000E+00   1.9731422927E-01  -1.7824766811E-01  -3.5751128404E-02  -1.2484694702E-01
    5      0.0000000000E+00   2.7297511424E-01  -2.0928033988E-01   2.4080672291E-01   3.7048123806E-01
    6      0.0000000000E+00  -4.8039759771E-01  -3.5479967989E-01   3.5639478261E-02   7.5284500525E-02
    7      0.0000000000E+00   2.7810168245E-01  -6.1344573143E-01  -1.6882048901E-02  -4.5137781109E-02
    8      0.0000000000E+00  -2.7199085675E-01  -1.6866143298E-04   1.8493829242E-01   3.8966448232E-01
    9      0.0000000000E+00  -3.4530483702E-01  -3.4902245289E-01   6.2738313080E-02   1.7929424124E-01
   10      0.0000000000E+00   2.0449624411E-01   2.4844085986E-01  -3.3965886774E-02  -6.2761034452E-02
   11      0.0000000000E+00   2.7269407821E-01   2.0910728032E-01   2.3896686136E-01   3.7169349072E-01
   12      0.0000000000E+00   6.5420695323E-02   2.1562168530E-02  -4.3683279980E-02  -6.0980923914E-02
   13      0.0000000000E+00  -3.7832766252E-02   3.7218667018E-02   2.5056886454E-02   3.5344267892E-02
   14      0.0000000000E+00  -3.3553426486E-02   2.5088470080E-04   3.3344381649E-01  -2.3212390450E-01
   15      0.0000000000E+00   1.1927900135E-01   3.6847632187E-02   3.4031363904E-02  -1.8094151982E-02
   16      0.0000000000E+00  -6.8970662420E-02   6.3614745988E-02  -2.0147389826E-02   1.0695590640E-02
   17      0.0000000000E+00  -2.3971662185E-02  -3.2984043524E-04  -8.1204184230E-01  -2.2250669893E-02
                   10                 11                 12                 13                 14        
    0     -1.1261731235E-01  -5.5895617804E-02   2.3642027205E-03  -3.4142162682E-02  -6.6249029866E-02
    1      6.5083091844E-02  -9.6679174466E-02  -1.3936870661E-03  -5.8943231648E-02   3.8337233450E-02
    2      2.1488723563E-02  -3.2180665808E-05  -9.5939739562E-02  -2.0661465281E-05   2.0787637884E-03
    3      7.8054888807E-02   2.3891655808E-01  -1.9482574854E-03   2.9704676025E-01   6.8216719224E-01
    4     -9.4199512705E-04   5.6056720577E-02   1.1395709858E-01  -6.4840951328E-02   6.4070179751E-02
    5     -2.9953738824E-01   6.3153520667E-01   6.1494237485E-01  -3.3596549081E-01   7.1895858710E-02
    6      3.1384333693E-01   1.3166071951E-01   2.2265055427E-01   3.8267298818E-01  -1.1485643181E-01
    7     -1.8115759614E-01   2.2768347962E-01  -1.2850417608E-01   6.6253299113E-01   6.5668090145E-02
    8      8.1173925476E-01   8.8478924221E-05   3.7640614316E-01  -4.5436134628E-04  -1.6390298777E-01
    9      3.9707238807E-02  -7.0869612394E-02  -9.9715304979E-02  -2.0405076356E-01   2.8546254689E-01
   10     -6.7260044656E-02   2.3476190080E-01  -5.4994834266E-02   2.2422021458E-01  -6.2331946688E-01
   11     -2.9933006680E-01  -6.3143174806E-01   6.1540662493E-01   3.3575852575E-01   7.1567708888E-02
   12      2.1570343680E-02   1.0640216304E-02  -5.0169857576E-03  -1.4378504421E-03  -1.5589246693E-03
   13     -1.2468187470E-02   1.8403065805E-02   2.8949825941E-03  -2.4984635521E-03   9.0345682148E-04
   14     -8.0888705476E-03   6.1190958508E-06  -1.1843366747E-02   2.2792963292E-05  -5.5337534108E-04
   15      8.0458382923E-03  -4.1955204211E-04   1.4483561134E-03  -9.6940251805E-04  -4.5319716626E-04
   16     -4.6491132098E-03  -7.3062666047E-04  -8.3156097978E-04  -1.6813542885E-03   2.6482160723E-04
   17     -9.7852987315E-03  -1.2575725147E-06  -2.4946884358E-03   5.6165356308E-06   8.0291186667E-04
                   15                 16                 17        
     0     -5.3690758843E-02  -5.2953584321E-02   4.6087821165E-02
     1      3.1030402759E-02   3.1442231066E-02   7.8737100320E-02
     2      3.9803020591E-02  -1.4938297577E-02   1.1849357171E-04
     3     -2.6017277727E-02   1.0011537980E-02   5.8443573524E-02
     4      6.1338510345E-02  -6.9955526488E-01  -6.8384117537E-01
     5      3.2948540910E-03   1.2292208079E-01   1.2470613722E-01
     6      7.4011219555E-01   2.6753317623E-02   2.2243319956E-02
     7     -4.2783342334E-01  -1.5020925331E-02   3.8953950248E-02
     8     -5.0484461092E-01  -3.9981644593E-02   3.0317740382E-04
     9     -6.6082287876E-02   6.0116827775E-01  -6.3175778400E-01
    10     -8.0795815321E-03   3.3597414771E-01  -2.9653346089E-01
    11      3.2886353344E-03   1.2072287728E-01  -1.2652267715E-01
    12      2.2588399815E-04  -2.6901778531E-04   1.1276283320E-04
    13     -1.2958522377E-04   1.5579448835E-04   1.9153939149E-04
    14      5.7263493842E-04  -7.4356898609E-04   2.9649042781E-06
    15     -8.5931634449E-04   1.3298191394E-04  -1.0944010354E-04
    16      4.9790019353E-04  -8.1332797026E-05  -1.8685685274E-04
    17      2.0378480258E-04   2.5951335754E-05  -1.5115346827E-07

#
# The atoms: label  mass x y z (in bohrs)
#
$atoms
6
 C     12.01100     -0.592686098729     0.342292966419    -0.379129610288
 H      1.00800     -0.707446954069     2.351870919511    -0.758046269693
 H      1.00800      0.871613315589    -0.504078851483    -1.549932155585
 H      1.00800     -2.391194316211    -0.561800993035    -0.757483804917
 Cl    35.45300      0.040503784780    -0.022990698627     2.944965434744
 F     18.99800      0.417286884323    -0.241734423877    -5.093386034361

$actual_temperature
  0.000000

$frequency_scale_factor
  1.000000


$end

