
$orca_hessian_file

$act_atom
  0

$act_coord
  0

$act_energy
      -13.147253

$multiplicity
  1

$hessian
18
                    0                  1                  2                  3                  4        
    0      5.3180976330E-01   1.0000000000E-09  -1.4481000000E-06  -4.1283486300E-02  -1.0545000000E-06
    1      1.0000000000E-09   5.3179935140E-01   1.7560500000E-05  -1.0405000000E-06  -2.9402118880E-01
    2     -1.4481000000E-06   1.7560500000E-05   9.3176604300E-02   4.1810000000E-07   7.3496408200E-02
    3     -4.1283486300E-02  -1.0405000000E-06   4.1810000000E-07   4.3771784700E-02   1.2016000000E-06
    4     -1.0545000000E-06  -2.9402118880E-01   7.3496408200E-02   1.2016000000E-06   3.2591855130E-01
    5      4.3060000000E-07   7.8098974200E-02  -3.5806410200E-02  -3.3500000000E-07  -7.8552629000E-02
    6     -2.3084157700E-01   1.0944541890E-01   6.3741179300E-02  -1.2813023000E-03   1.5188397000E-03
    7      1.0944055780E-01  -1.0446882950E-01  -3.6777971900E-02   2.6011324000E-02  -1.7162101500E-02
    8      6.7641854900E-02  -3.9052322000E-02  -3.5807928000E-02  -5.2744205000E-03   2.5645483000E-03
    9     -2.3084481080E-01  -1.0944438650E-01  -6.3740245300E-02  -1.2815595000E-03  -1.5189883000E-03
   10     -1.0943950220E-01  -1.0446654950E-01  -3.6776581300E-02  -2.6011534900E-02  -1.7161823300E-02
   11     -6.7640947900E-02  -3.9050926900E-02  -3.5806997800E-02   5.2744742000E-03   2.5645073000E-03
   12     -2.2615961400E-02   1.4400000000E-08   6.7000000000E-09   7.2600920000E-04   5.4000000000E-09
   13     -5.0000000000E-10  -2.2618185300E-02   1.7590900000E-05   5.8400000000E-08   2.0113063000E-03
   14      1.3100000000E-08  -1.8246400000E-05  -9.8820223000E-03  -8.4500000000E-08   1.3716193000E-03
   15     -6.2239278000E-03  -7.1000000000E-09   8.9300000000E-08  -6.5144570000E-04  -4.0000000000E-09
   16     -1.6000000000E-09  -6.2245983000E-03   2.2993600000E-05  -8.6000000000E-09   4.1525600000E-04
   17      9.7400000000E-08   4.9606000000E-06   2.4126754000E-02  -5.2400000000E-08  -1.4444541000E-03
                    5                  6                  7                  8                  9        
    0      4.3060000000E-07  -2.3084157700E-01   1.0944055780E-01   6.7641854900E-02  -2.3084481080E-01
    1      7.8098974200E-02   1.0944541890E-01  -1.0446882950E-01  -3.9052322000E-02  -1.0944438650E-01
    2     -3.5806410200E-02   6.3741179300E-02  -3.6777971900E-02  -3.5807928000E-02  -6.3740245300E-02
    3     -3.3500000000E-07  -1.2813023000E-03   2.6011324000E-02  -5.2744205000E-03  -1.2815595000E-03
    4     -7.8552629000E-02   1.5188397000E-03  -1.7162101500E-02   2.5645483000E-03  -1.5189883000E-03
    5      6.4393312000E-02  -4.1904400000E-04  -5.8521850000E-03   2.4237866000E-03   4.1901020000E-04
    6     -4.1904400000E-04   2.5545889610E-01  -1.2221173950E-01  -6.8048093100E-02  -2.5143642600E-02
    7     -5.8521850000E-03  -1.2221173950E-01   1.1432570010E-01   3.9285593500E-02  -1.2239171400E-02
    8      2.4237866000E-03  -6.8048093100E-02   3.9285593500E-02   6.4396386000E-02  -4.8545455000E-03
    9      4.1901020000E-04  -2.5143642600E-02  -1.2239171400E-02  -4.8545455000E-03   2.5546242000E-01
   10     -5.8520080000E-03   1.2239526900E-02   6.6656513000E-03   3.2861900000E-03   1.2221053990E-01
   11      2.4237523000E-03   4.8547712000E-03   3.2862244000E-03   2.4235685000E-03   6.8047215200E-02
   12     -1.3000000000E-09   1.6730578000E-03  -5.4702790000E-04   1.3597983600E-02   1.6729802000E-03
   13      1.5698456800E-02  -5.4285730000E-04   1.0352266000E-03  -7.8511862000E-03   5.4280610000E-04
   14     -2.1429694900E-02   1.1036111000E-03  -6.5727410000E-04  -2.1428742400E-02  -1.1037814000E-03
   15     -6.0500000000E-08   1.3456800000E-04  -4.5394300000E-04  -3.0627794000E-03   1.3461280000E-04
   16     -3.5406090000E-03  -4.4918880000E-04  -3.9564700000E-04   1.7671764000E-03   4.4920020000E-04
   17     -1.2004745800E-02  -1.2324246000E-03   7.1561310000E-04  -1.2007070700E-02   1.2323469000E-03
                   10                 11                 12                 13                 14        
    0     -1.0943950220E-01  -6.7640947900E-02  -2.2615961400E-02  -5.0000000000E-10   1.3100000000E-08
    1     -1.0446654950E-01  -3.9050926900E-02   1.4400000000E-08  -2.2618185300E-02  -1.8246400000E-05
    2     -3.6776581300E-02  -3.5806997800E-02   6.7000000000E-09   1.7590900000E-05  -9.8820223000E-03
    3     -2.6011534900E-02   5.2744742000E-03   7.2600920000E-04   5.8400000000E-08  -8.4500000000E-08
    4     -1.7161823300E-02   2.5645073000E-03   5.4000000000E-09   2.0113063000E-03   1.3716193000E-03
    5     -5.8520080000E-03   2.4237523000E-03  -1.3000000000E-09   1.5698456800E-02  -2.1429694900E-02
    6      1.2239526900E-02   4.8547712000E-03   1.6730578000E-03  -5.4285730000E-04   1.1036111000E-03
    7      6.6656513000E-03   3.2862244000E-03  -5.4702790000E-04   1.0352266000E-03  -6.5727410000E-04
    8      3.2861900000E-03   2.4235685000E-03   1.3597983600E-02  -7.8511862000E-03  -2.1428742400E-02
    9      1.2221053990E-01   6.8047215200E-02   1.6729802000E-03   5.4280610000E-04  -1.1037814000E-03
   10      1.1432314690E-01   3.9284047500E-02   5.4702380000E-04   1.0352262000E-03  -6.5725100000E-04
   11      3.9284047500E-02   6.4395442900E-02  -1.3598222000E-02  -7.8510135000E-03  -2.1428647300E-02
   12      5.4702380000E-04  -1.3598222000E-02   1.6319932800E-02  -1.0800000000E-08   3.0580000000E-07
   13      1.0352262000E-03  -7.8510135000E-03  -1.0800000000E-08   1.6315746400E-02  -1.7741000000E-05
   14     -6.5725100000E-04  -2.1428647300E-02   3.0580000000E-07  -1.7741000000E-05   9.5809283600E-02
   15      4.5394650000E-04   3.0627093000E-03   2.2239815000E-03   4.1000000000E-09  -6.4100000000E-08
   16     -3.9565170000E-04   1.7671611000E-03  -4.8000000000E-09   2.2206799000E-03  -2.1106700000E-05
   17      7.1560270000E-04  -1.2007118600E-02  -7.2700000000E-08   3.8931000000E-06  -2.1640176800E-02
                   15                 16                 17        
     0     -6.2239278000E-03  -1.6000000000E-09   9.7400000000E-08
     1     -7.1000000000E-09  -6.2245983000E-03   4.9606000000E-06
     2      8.9300000000E-08   2.2993600000E-05   2.4126754000E-02
     3     -6.5144570000E-04  -8.6000000000E-09  -5.2400000000E-08
     4     -4.0000000000E-09   4.1525600000E-04  -1.4444541000E-03
     5     -6.0500000000E-08  -3.5406090000E-03  -1.2004745800E-02
     6      1.3456800000E-04  -4.4918880000E-04  -1.2324246000E-03
     7     -4.5394300000E-04  -3.9564700000E-04   7.1561310000E-04
     8     -3.0627794000E-03   1.7671764000E-03  -1.2007070700E-02
     9      1.3461280000E-04   4.4920020000E-04   1.2323469000E-03
    10      4.5394650000E-04  -3.9565170000E-04   7.1560270000E-04
    11      3.0627093000E-03   1.7671611000E-03  -1.2007118600E-02
    12      2.2239815000E-03  -4.8000000000E-09  -7.2700000000E-08
    13      4.1000000000E-09   2.2206799000E-03   3.8931000000E-06
    14     -6.4100000000E-08  -2.1106700000E-05  -2.1640176800E-02
    15      4.3822112000E-03   3.6000000000E-09   1.0540000000E-07
    16      3.6000000000E-09   4.3799610000E-03   4.3846000000E-06
    17      1.0540000000E-07   4.3846000000E-06   3.3532357900E-02

$vibrational_frequencies
18
    0        0.0000000000000000
    1        0.0000000000000000
    2        0.0000000000000000
    3        0.0000000000000000
    4        0.0000000000000000
    5        0.0000000000000000
    6      150.3930772532861511
    7      199.3513947772351287
    8      199.4151886046699076
    9      339.7670002719777358
   10      957.2490059289527835
   11      957.2623203320023322
   12     1184.5143529268111706
   13     1418.6963366589768611
   14     1418.7264121803402759
   15     3108.3809504544196898
   16     3138.5843720469042637
   17     3138.7017988525940382

$normal_modes
18 18
                    0                  1                  2                  3                  4        
    0      0.0000000000E+00   0.0000000000E+00   0.0000000000E+00   0.0000000000E+00   0.0000000000E+00
    1      0.0000000000E+00   0.0000000000E+00   0.0000000000E+00   0.0000000000E+00   0.0000000000E+00
    2      0.0000000000E+00   0.0000000000E+00   0.0000000000E+00   0.0000000000E+00   0.0000000000E+00
    3      0.0000000000E+00   0.0000000000E+00   0.0000000000E+00   0.0000000000E+00   0.0000000000E+00
    4      0.0000000000E+00   0.0000000000E+00   0.0000000000E+00   0.0000000000E+00   0.0000000000E+00
    5      0.0000000000E+00   0.0000000000E+00   0.0000000000E+00   0.0000000000E+00   0.0000000000E+00
    6      0.0000000000E+00   0.0000000000E+00   0.0000000000E+00   0.0000000000E+00   0.0000000000E+00
    7      0.0000000000E+00   0.0000000000E+00   0.0000000000E+00   0.0000000000E+00   0.0000000000E+00
    8      0.0000000000E+00   0.0000000000E+00   0.0000000000E+00   0.0000000000E+00   0.0000000000E+00
    9      0.0000000000E+00   0.0000000000E+00   0.0000000000E+00   0.0000000000E+00   0.0000000000E+00
   10      0.0000000000E+00   0.0000000000E+00   0.0000000000E+00   0.0000000000E+00   0.0000000000E+00
   11      0.0000000000E+00   0.0000000000E+00   0.0000000000E+00   0.0000000000E+00   0.0000000000E+00
   12      0.0000000000E+00   0.0000000000E+00   0.0000000000E+00   0.0000000000E+00   0.0000000000E+00
   13      0.0000000000E+00   0.0000000000E+00   0.0000000000E+00   0.0000000000E+00   0.0000000000E+00
   14      0.0000000000E+00   0.0000000000E+00   0.0000000000E+00   0.0000000000E+00   0.0000000000E+00
   15      0.0000000000E+00   0.0000000000E+00   0.0000000000E+00   0.0000000000E+00   0.0000000000E+00
   16      0.0000000000E+00   0.0000000000E+00   0.0000000000E+00   0.0000000000E+00   0.0000000000E+00
   17      0.0000000000E+00   0.0000000000E+00   0.0000000000E+00   0.0000000000E+00   0.0000000000E+00
                    5                  6                  7                  8                  9        
    0      0.0000000000E+00  -3.9826842626E-07   3.6128351638E-04  -4.3010953159E-01  -3.1260970286E-06
    1      0.0000000000E+00   1.4029219694E-03  -4.3013225797E-01  -3.6131486528E-04   1.0441591388E-03
    2      0.0000000000E+00   7.1251180090E-01   2.9796992401E-04   6.7297241509E-07  -6.8595093687E-01
    3      0.0000000000E+00  -2.6114136849E-06   4.1180806623E-04  -4.9042637331E-01  -1.1948140912E-06
    4      0.0000000000E+00  -1.1926012170E-01  -4.9060226581E-01  -4.1188488080E-04   1.0623400382E-01
    5      0.0000000000E+00   1.5943914817E-01  -1.9185649472E-01  -1.6058201724E-04  -1.8084138882E-01
    6      0.0000000000E+00  -1.0482155505E-01   3.5070765924E-04  -4.9051032377E-01   9.1409391234E-02
    7      0.0000000000E+00   6.2028794843E-02  -4.9041775414E-01  -4.8927092783E-04  -5.1295750600E-02
    8      0.0000000000E+00   1.5829812066E-01   9.6133691682E-02  -1.6612903003E-01  -1.8112530435E-01
    9      0.0000000000E+00   1.0481663253E-01   4.7378425364E-04  -4.9050945667E-01  -9.1412109465E-02
   10      0.0000000000E+00   6.2028967997E-02  -4.9041723451E-01  -3.3485827709E-04  -5.1295939332E-02
   11      0.0000000000E+00   1.5829793866E-01   9.5852046312E-02   1.6629435473E-01  -1.8112473362E-01
   12      0.0000000000E+00   1.7901787087E-07  -8.1331752260E-05   9.6838755702E-02   6.3565314296E-07
   13      0.0000000000E+00  -3.1205408988E-04   9.6843110699E-02   8.1338658868E-05  -2.4052509554E-04
   14      0.0000000000E+00   7.0136681190E-02   3.2735811826E-04  -4.6264660130E-07   4.7204400929E-01
   15      0.0000000000E+00   3.1745914101E-07  -1.4223139706E-04   1.6928302458E-01   9.9779396500E-07
   16      0.0000000000E+00  -5.5917803929E-04   1.6928879352E-01   1.4222315888E-04  -4.0454319394E-04
   17      0.0000000000E+00  -6.0661008990E-01  -8.0613861149E-04   1.8625722817E-07  -4.1841159072E-01
                   10                 11                 12                 13                 14        
    0     -8.8835594605E-02  -9.5688039517E-04   1.7329666188E-07  -5.4253395761E-05   7.8160990284E-02
    1     -9.5676845876E-04   8.8830306850E-02   1.1711920214E-05  -7.8147443870E-02  -5.4241449892E-05
    2      9.4336909476E-08   1.6584250124E-05   4.8729959863E-02   2.7590741820E-05  -2.7083130327E-07
    3      2.2603954555E-01   2.4337937256E-03  -1.9203645356E-06   5.2158216228E-04  -7.5867826834E-01
    4      1.5930366818E-03  -1.4793244386E-01  -1.5196241839E-01  -1.1120848969E-01  -7.2668704784E-05
    5      8.2629620769E-03  -7.6684847199E-01  -5.5606233748E-01  -2.7323489542E-01  -1.8573951848E-04
    6      1.6784116049E-01  -3.2016532410E-02  -1.3161440180E-01   3.7666954884E-01  -1.0605299291E-01
    7      3.6031849084E-02  -2.0618819081E-01   7.5953362216E-02   5.4150099878E-01  -3.7627231494E-01
    8      6.6001807237E-01   3.9063785859E-01  -5.5601076712E-01   1.3645542621E-01   2.3670225604E-01
    9      1.6710740672E-01   3.5625204067E-02   1.3161048628E-01  -3.7651695840E-01  -1.0656949398E-01
   10     -3.1581655842E-02  -2.0691496731E-01   7.5953319207E-02   5.4098687611E-01   3.7701909255E-01
   11     -6.6828479996E-01   3.7632338937E-01  -5.5601117060E-01   1.3678397360E-01  -2.3651337386E-01
   12      1.7102476309E-02   1.8426168377E-04   4.9165954172E-08  -1.0790539849E-06   1.5539204356E-03
   13      1.8422687091E-04  -1.7100697916E-02  -2.0902786760E-06  -1.5563026622E-03  -1.0483841309E-06
   14      4.2726735297E-08  -8.1757169112E-06   1.9135989733E-02  -1.2090214001E-05  -5.4909299492E-09
   15     -5.5166745689E-03  -5.9498060542E-05   1.0832848697E-07   5.4359680933E-07  -7.7964176401E-04
   16     -5.9544428886E-05   5.5192185719E-03  -5.4649766266E-07   7.7665682330E-04   4.8218938914E-07
   17      6.0414673049E-08  -1.2115968784E-06   2.1986796374E-02   4.8795414591E-06   1.4728840036E-08
                   15                 16                 17        
     0     -1.4454238502E-07  -3.8360124309E-05   9.3198379202E-02
     1     -7.7072875454E-04   9.3201144434E-02   3.8369235493E-05
     2      3.2251721345E-02   2.9490515581E-04  -9.6312345849E-08
     3     -5.6286581741E-07  -2.1400141598E-05   4.2523837111E-02
     4      5.6580105735E-01  -7.7545381509E-01  -3.2179094089E-04
     5     -1.4304139564E-01   2.2247458725E-01   9.2164814240E-05
     6      4.8167058657E-01   3.6080858460E-01  -5.7451368277E-01
     7     -2.7838119509E-01  -1.6581472161E-01   3.5626165024E-01
     8     -1.4029578353E-01  -1.1317167802E-01   1.9370533711E-01
     9     -4.8166830255E-01  -3.6033150958E-01  -5.7482229184E-01
    10     -2.7837922681E-01  -1.6551453428E-01  -3.5639542498E-01
    11     -1.4029142559E-01  -1.1300772077E-01  -1.9379655690E-01
    12     -2.4112961741E-08  -5.7209825654E-08   6.6575680647E-05
    13      1.0745892637E-06   6.5566823836E-05   2.2771712275E-08
    14      8.5127523868E-04   1.8654953574E-06   2.7291987939E-09
    15      4.5059661922E-08   1.8167391241E-07  -3.2105514198E-04
    16      5.5882265642E-06  -3.2246293581E-04  -1.2896135591E-07
    17      4.9804966218E-04   6.6431623748E-06   5.6564252066E-09

#
# The atoms: label  mass x y z (in bohrs)
#
$atoms
6
 C     12.01100     -0.000000069676     0.000046318430    -0.628368469559
 H      1.00800     -0.000000127425     1.955110456394    -1.190626548700
 H      1.00800      1.693137321034    -0.977465304771    -1.190649344053
 H      1.00800     -1.693137372321    -0.977465187171    -1.190649683062
 Cl    35.45300      0.000000092258    -0.000009743758     2.907155622834
 F     18.99800     -0.000000118633    -0.000020648983    -4.838380546796

$actual_temperature
  0.000000

$frequency_scale_factor
  1.000000


$end

