
$orca_hessian_file

$act_atom
  0

$act_coord
  0

$act_energy
      -13.138180

$multiplicity
  1

$hessian
18
                    0                  1                  2                  3                  4        
    0      4.0283955470E-01   5.3316377200E-02   1.0591325400E-02  -4.0752754900E-02   9.9376130000E-04
    1      5.3316377200E-02   4.5867905180E-01  -4.9009139000E-03   4.3732719000E-03  -2.7093582640E-01
    2      1.0591325400E-02  -4.9009139000E-03   3.0371373250E-01  -8.2981970000E-04   6.1340164400E-02
    3     -4.0752754900E-02   4.3732719000E-03  -8.2981970000E-04   4.3123263000E-02  -4.3272418000E-03
    4      9.9376130000E-04  -2.7093582640E-01   6.1340164400E-02  -4.3272418000E-03   3.0717416230E-01
    5     -1.4788458000E-03   6.7861787700E-02  -5.5846448000E-02   1.8732450000E-04  -6.9645530300E-02
    6     -1.1960645340E-01   4.4441209900E-02   6.3656069800E-02  -2.6304867000E-03   4.4753348000E-03
    7      4.4287250500E-02  -6.7932133400E-02  -3.6719297800E-02   2.6511324000E-02  -2.1487456300E-02
    8      6.8716871800E-02  -3.9634940100E-02  -7.6858403300E-02  -2.2383574000E-03   1.1938435000E-03
    9     -2.1943191930E-01  -1.0185627170E-01  -5.4938947700E-02   8.3045550000E-04  -1.2289382000E-03
   10     -9.8277389200E-02  -9.6523367800E-02  -3.0589945400E-02  -2.8160606900E-02  -1.6098583100E-02
   11     -6.0813532600E-02  -3.3233679200E-02  -5.5867107300E-02   5.6078638000E-03   1.8678442000E-03
   12     -2.7820599200E-02   4.6898950000E-04  -1.0907890900E-02   6.8659850000E-04   6.6877180000E-04
   13      4.4039570000E-04  -2.7207298400E-02   6.2806994000E-03   2.7385443000E-03   6.4088620000E-04
   14     -1.6724361300E-02   9.7293136000E-03  -1.0307300600E-01  -2.5457265000E-03   5.1806017000E-03
   15      4.7721721000E-03  -7.4357680000E-04  -7.5707370000E-03  -1.2570754000E-03  -5.8168780000E-04
   16     -7.6039560000E-04   3.9195741000E-03   4.5892932000E-03  -1.1352914000E-03   7.0681730000E-04
   17     -2.9145740000E-04   1.7843180000E-04  -1.2068768000E-02  -1.8128470000E-04   6.3076600000E-05
                    5                  6                  7                  8                  9        
    0     -1.4788458000E-03  -1.1960645340E-01   4.4287250500E-02   6.8716871800E-02  -2.1943191930E-01
    1      6.7861787700E-02   4.4441209900E-02  -6.7932133400E-02  -3.9634940100E-02  -1.0185627170E-01
    2     -5.5846448000E-02   6.3656069800E-02  -3.6719297800E-02  -7.6858403300E-02  -5.4938947700E-02
    3      1.8732450000E-04  -2.6304867000E-03   2.6511324000E-02  -2.2383574000E-03   8.3045550000E-04
    4     -6.9645530300E-02   4.4753348000E-03  -2.1487456300E-02   1.1938435000E-03  -1.2289382000E-03
    5      6.9787702400E-02   2.4809829000E-03  -1.4877832900E-02   5.7948337000E-03   1.1841287000E-03
    6      2.4809829000E-03   1.4991898460E-01  -5.6158176900E-02  -7.6692518300E-02  -3.0118007100E-02
    7     -1.4877832900E-02  -5.6158176900E-02   8.4902167800E-02   4.4224483900E-02  -1.1324326800E-02
    8      5.7948337000E-03  -7.6692518300E-02   4.4224483900E-02   7.8861179700E-02  -2.1562787000E-03
    9      1.1841287000E-03  -3.0118007100E-02  -1.1324326800E-02  -2.1562787000E-03   2.4858774970E-01
   10     -5.7765389000E-03   1.0545039800E-02   5.9752743000E-03   1.3700476000E-03   1.1393628510E-01
   11      2.9040409000E-03   1.4142057500E-02   5.2977399000E-03   5.7935448000E-03   6.1738889000E-02
   12     -1.6837673000E-03   7.2703254000E-03  -3.3114599000E-03   6.1737576000E-03  -8.6222050000E-04
   13      2.2049351600E-02  -3.3188160000E-03   3.3764054000E-03  -3.5576506000E-03  -2.2039450000E-04
   14     -2.0805653000E-02  -1.4180406000E-03   8.4195400000E-04  -8.6912018000E-03  -5.6889647000E-03
   15     -6.8982300000E-04  -4.8343628000E-03  -4.6109000000E-06   6.1965251000E-03   9.9394170000E-04
   16      3.8876280000E-04   1.5408400000E-05  -4.8342579000E-03  -3.5957843000E-03   6.9364610000E-04
   17     -1.8344760000E-03  -2.1685512000E-03   1.2329530000E-03  -4.8999531000E-03  -1.3882660000E-04
                   10                 11                 12                 13                 14        
    0     -9.8277389200E-02  -6.0813532600E-02  -2.7820599200E-02   4.4039570000E-04  -1.6724361300E-02
    1     -9.6523367800E-02  -3.3233679200E-02   4.6898950000E-04  -2.7207298400E-02   9.7293136000E-03
    2     -3.0589945400E-02  -5.5867107300E-02  -1.0907890900E-02   6.2806994000E-03  -1.0307300600E-01
    3     -2.8160606900E-02   5.6078638000E-03   6.8659850000E-04   2.7385443000E-03  -2.5457265000E-03
    4     -1.6098583100E-02   1.8678442000E-03   6.6877180000E-04   6.4088620000E-04   5.1806017000E-03
    5     -5.7765389000E-03   2.9040409000E-03  -1.6837673000E-03   2.2049351600E-02  -2.0805653000E-02
    6      1.0545039800E-02   1.4142057500E-02   7.2703254000E-03  -3.3188160000E-03  -1.4180406000E-03
    7      5.9752743000E-03   5.2977399000E-03  -3.3114599000E-03   3.3764054000E-03   8.4195400000E-04
    8      1.3700476000E-03   5.7935448000E-03   6.1737576000E-03  -3.5576506000E-03  -8.6912018000E-03
    9      1.1393628510E-01   6.1738889000E-02  -8.6222050000E-04  -2.2039450000E-04  -5.6889647000E-03
   10      1.0613728190E-01   3.5232344000E-02   1.8160912000E-03   2.0376007000E-03  -3.5567820000E-04
   11      3.5232344000E-02   6.9904461400E-02  -1.9887792100E-02  -9.4988359000E-03  -2.0883915700E-02
   12      1.8160912000E-03  -1.9887792100E-02   1.9975218500E-02   4.7642480000E-04   2.3345498300E-02
   13      2.0376007000E-03  -9.4988359000E-03   4.7642480000E-04   2.0543221100E-02  -1.3564980500E-02
   14     -3.5567820000E-04  -2.0883915700E-02   2.3345498300E-02  -1.3564980500E-02   1.6420665860E-01
   15      1.4058000000E-04  -7.8748560000E-04   7.5067740000E-04  -1.1615430000E-04   3.0315950000E-03
   16     -1.5282060000E-03   3.3458710000E-04  -1.1881730000E-04   6.0918490000E-04  -1.8312105000E-03
   17      1.1977100000E-04  -1.8510242000E-03   2.9601943000E-03  -1.7085840000E-03  -1.0752882200E-02
                   15                 16                 17        
     0      4.7721721000E-03  -7.6039560000E-04  -2.9145740000E-04
     1     -7.4357680000E-04   3.9195741000E-03   1.7843180000E-04
     2     -7.5707370000E-03   4.5892932000E-03  -1.2068768000E-02
     3     -1.2570754000E-03  -1.1352914000E-03  -1.8128470000E-04
     4     -5.8168780000E-04   7.0681730000E-04   6.3076600000E-05
     5     -6.8982300000E-04   3.8876280000E-04  -1.8344760000E-03
     6     -4.8343628000E-03   1.5408400000E-05  -2.1685512000E-03
     7     -4.6109000000E-06  -4.8342579000E-03   1.2329530000E-03
     8      6.1965251000E-03  -3.5957843000E-03  -4.8999531000E-03
     9      9.9394170000E-04   6.9364610000E-04  -1.3882660000E-04
    10      1.4058000000E-04  -1.5282060000E-03   1.1977100000E-04
    11     -7.8748560000E-04   3.3458710000E-04  -1.8510242000E-03
    12      7.5067740000E-04  -1.1881730000E-04   2.9601943000E-03
    13     -1.1615430000E-04   6.0918490000E-04  -1.7085840000E-03
    14      3.0315950000E-03  -1.8312105000E-03  -1.0752882200E-02
    15     -4.2535300000E-04   1.3054498000E-03  -1.8007440000E-04
    16      1.3054498000E-03   1.1268876000E-03   1.1435170000E-04
    17     -1.8007440000E-04   1.1435170000E-04   3.1407103400E-02

$vibrational_frequencies
18
    0        0.0000000000000000
    1        0.0000000000000000
    2        0.0000000000000000
    3        0.0000000000000000
    4        0.0000000000000000
    5        0.0000000000000000
    6     -153.5395549003808355
    7      148.0444839650629945
    8      241.1791172019913745
    9      627.1284789836911386
   10      748.1864129488843673
   11      991.6908585364845976
   12     1351.8906970530213130
   13     1419.8970963033079897
   14     1516.4518859914749100
   15     2553.7566627550309022
   16     3025.5739475993741507
   17     3052.1955661634533499

$normal_modes
18 18
                    0                  1                  2                  3                  4        
    0      0.0000000000E+00   0.0000000000E+00   0.0000000000E+00   0.0000000000E+00   0.0000000000E+00
    1      0.0000000000E+00   0.0000000000E+00   0.0000000000E+00   0.0000000000E+00   0.0000000000E+00
    2      0.0000000000E+00   0.0000000000E+00   0.0000000000E+00   0.0000000000E+00   0.0000000000E+00
    3      0.0000000000E+00   0.0000000000E+00   0.0000000000E+00   0.0000000000E+00   0.0000000000E+00
    4      0.0000000000E+00   0.0000000000E+00   0.0000000000E+00   0.0000000000E+00   0.0000000000E+00
    5      0.0000000000E+00   0.0000000000E+00   0.0000000000E+00   0.0000000000E+00   0.0000000000E+00
    6      0.0000000000E+00   0.0000000000E+00   0.0000000000E+00   0.0000000000E+00   0.0000000000E+00
    7      0.0000000000E+00   0.0000000000E+00   0.0000000000E+00   0.0000000000E+00   0.0000000000E+00
    8      0.0000000000E+00   0.0000000000E+00   0.0000000000E+00   0.0000000000E+00   0.0000000000E+00
    9      0.0000000000E+00   0.0000000000E+00   0.0000000000E+00   0.0000000000E+00   0.0000000000E+00
   10      0.0000000000E+00   0.0000000000E+00   0.0000000000E+00   0.0000000000E+00   0.0000000000E+00
   11      0.0000000000E+00   0.0000000000E+00   0.0000000000E+00   0.0000000000E+00   0.0000000000E+00
   12      0.0000000000E+00   0.0000000000E+00   0.0000000000E+00   0.0000000000E+00   0.0000000000E+00
   13      0.0000000000E+00   0.0000000000E+00   0.0000000000E+00   0.0000000000E+00   0.0000000000E+00
   14      0.0000000000E+00   0.0000000000E+00   0.0000000000E+00   0.0000000000E+00   0.0000000000E+00
   15      0.0000000000E+00   0.0000000000E+00   0.0000000000E+00   0.0000000000E+00   0.0000000000E+00
   16      0.0000000000E+00   0.0000000000E+00   0.0000000000E+00   0.0000000000E+00   0.0000000000E+00
   17      0.0000000000E+00   0.0000000000E+00   0.0000000000E+00   0.0000000000E+00   0.0000000000E+00
                    5                  6                  7                  8                  9        
    0      0.0000000000E+00   2.8579048653E-01  -1.3429048923E-01  -1.0474675407E-01  -2.5834770083E-02
    1      0.0000000000E+00  -1.6320269841E-01  -2.3622919871E-01   5.9301072355E-02   1.3771545559E-02
    2      0.0000000000E+00  -6.3821295153E-02  -8.5332843045E-04  -2.2265574162E-01   3.9341791604E-01
    3      0.0000000000E+00   3.5734619526E-01   2.8992347200E-01  -9.6510294970E-02   9.1854846086E-02
    4      0.0000000000E+00  -2.1329490362E-01  -2.8286823396E-01   6.1480916687E-02  -6.1474137338E-02
    5      0.0000000000E+00  -2.2536324717E-01  -1.8822275982E-01  -2.1432877371E-01   9.9896206261E-02
    6      0.0000000000E+00   4.8466229663E-01  -3.5709397669E-01  -7.6485034982E-02   2.2648859261E-01
    7      0.0000000000E+00  -2.7374292057E-01  -6.2352862444E-01   4.0915457525E-02  -1.3258242278E-01
    8      0.0000000000E+00   3.1084791225E-01   1.4866717007E-04  -1.6541818418E-01   8.4262203478E-01
    9      0.0000000000E+00   3.6916051389E-01  -3.8616813669E-01  -1.0474637749E-01   9.7905955668E-02
   10      0.0000000000E+00  -2.0565184002E-01   1.0774213587E-01   5.4151038481E-02  -4.7691686740E-02
   11      0.0000000000E+00  -2.2932188468E-01   1.8740237901E-01  -2.1267201191E-01   9.6304250768E-02
   12      0.0000000000E+00  -6.8279967003E-02   3.1244874538E-02   4.7842872374E-02  -3.9217506245E-03
   13      0.0000000000E+00   3.9005843392E-02   5.4990118337E-02  -2.7414142091E-02   2.5436806851E-03
   14      0.0000000000E+00   5.0518467609E-03   3.8234042271E-04  -3.4361397908E-01  -1.4495368321E-01
   15      0.0000000000E+00  -1.1752596175E-01   5.0647640784E-02  -8.3217417650E-03   1.5664732516E-03
   16      0.0000000000E+00   6.7143100659E-02   8.9105600622E-02   5.3610173435E-03  -6.2685083707E-04
   17      0.0000000000E+00   3.8553656712E-02  -1.3836719017E-04   8.1343419488E-01  -3.3342074459E-02
                   10                 11                 12                 13                 14        
    0     -1.3874202429E-01   5.7465426424E-02   1.4255524455E-02   6.7104510818E-02   3.1873386643E-02
    1      7.9909173624E-02   9.9820714177E-02  -8.9800666305E-03  -3.9428254876E-02   5.3111855269E-02
    2     -1.0607653330E-01  -1.6722068602E-04  -1.0864730914E-01   8.1061984402E-03  -5.1015920813E-04
    3      7.9159325381E-02  -1.8986991324E-01  -9.4443671100E-02  -6.6860049458E-01  -3.0914735956E-01
    4     -1.5497408105E-02  -1.0148014260E-01   1.6744254804E-01  -7.3289131187E-02   9.8723569427E-02
    5     -3.7981641577E-01  -6.2615507778E-01   5.8995046712E-01  -1.6520472841E-01   3.3599171867E-01
    6      3.1527902116E-01  -1.5860550637E-01   2.0913003486E-01   7.1067583412E-02  -3.7637959084E-01
    7     -1.8285204833E-01  -2.7830867211E-01  -1.1397708764E-01  -3.1583876729E-02  -6.5613468608E-01
    8      7.2384808794E-01   2.9757282601E-03   4.0186179089E-01   1.4857116107E-01   2.6765405765E-03
    9      5.2882753109E-02   7.0897177549E-03  -1.9514170398E-01  -2.7566004704E-01   2.3184287511E-01
   10     -6.1036131465E-02  -2.1791388043E-01   1.9641883335E-03   6.2141872298E-01  -2.0328863435E-01
   11     -3.8228481106E-01   6.3062828708E-01   5.8867994827E-01  -1.5461241057E-01  -3.3268533010E-01
   12      2.9364974191E-02  -1.0667204870E-02  -3.0764094891E-03   1.4256086126E-03   1.2833434242E-03
   13     -1.6887689384E-02  -1.8433976253E-02   1.8365583185E-03  -9.2107506475E-04   2.2552864295E-03
   14      4.0004696807E-02  -1.3371268536E-04  -6.7434644475E-03   2.2152794282E-03   8.8523600863E-07
   15      9.1827747806E-03   1.6888075032E-03   9.9714834868E-04   1.2445583901E-03   1.5256304084E-03
   16     -5.2431392820E-03   3.0043940839E-03  -6.9086260089E-04  -7.6062939283E-04   2.5740701965E-03
   17     -5.5606964107E-03  -3.9979238425E-05  -2.5843388141E-03  -1.7296059043E-04   3.4395934079E-06
                   15                 16                 17        
     0      5.6620310884E-02   1.5246633593E-02  -6.0762214637E-02
     1     -3.2837493084E-02  -5.9317905152E-02  -5.5665900173E-02
     2     -3.4774523118E-02   2.5373752477E-02  -1.4523573140E-02
     3      5.4326713205E-02  -8.9856954078E-03  -3.0685396408E-02
     4      2.7890463317E-02   9.2299508029E-01   2.4507914845E-01
     5     -4.1752269768E-02  -2.4512887920E-01  -7.2131908903E-02
     6     -7.4650192706E-01   4.7630452076E-02  -5.4369814042E-02
     7      4.3019228319E-01  -5.6385701991E-02  -1.9076339002E-02
     8      4.9133544799E-01  -1.8912638729E-02   9.8361960342E-03
     9      5.5351834255E-03  -2.2314039860E-01   8.1549586454E-01
    10     -5.9698306374E-02  -1.5362464023E-01   4.4215080157E-01
    11     -4.1170511334E-02  -6.5709256750E-02   2.5068323957E-01
    12     -4.8033021833E-04   1.5900133291E-04  -2.4681260281E-04
    13      2.7411284408E-04  -2.4372630355E-04  -1.3581952995E-04
    14      1.3784482502E-04   7.5995693857E-04  -4.2477844406E-04
    15      1.5315161526E-03  -1.4700406723E-04   1.2006673777E-04
    16     -8.8843609289E-04   1.2735927166E-04  -4.2374527387E-06
    17      5.8417537065E-05   3.5892543039E-05  -2.0650581416E-05

#
# The atoms: label  mass x y z (in bohrs)
#
$atoms
6
 C     12.01100     -0.341469335075     0.197392830147    -0.363764005700
 H      1.00800     -0.368871468722     2.170247854499    -0.944093509050
 H      1.00800      1.097509859545    -0.631828011977    -1.712555623999
 H      1.00800     -2.061368056568    -0.760897750474    -0.942557873770
 Cl    35.45300     -0.021200719266     0.012384609505     2.930855408739
 F     18.99800      0.326161111002    -0.189161970338    -5.048449661578

$actual_temperature
  0.000000

$frequency_scale_factor
  1.000000


$end

