
$orca_hessian_file

$act_atom
  0

$act_coord
  0

$act_energy
      -13.150178

$multiplicity
  1

$hessian
18
                    0                  1                  2                  3                  4        
    0      5.5612562780E-01  -1.6520000000E-07  -2.0511000000E-06  -4.3839591200E-02  -1.3321000000E-06
    1     -1.6520000000E-07   5.5611838420E-01   2.4172000000E-05  -1.3185000000E-06  -3.0469243370E-01
    2     -2.0511000000E-06   2.4172000000E-05  -1.3749342500E-02   2.0550000000E-07   5.5036436000E-03
    3     -4.3839591200E-02  -1.3185000000E-06   2.0550000000E-07   4.1581354900E-02   1.4696000000E-06
    4     -1.3321000000E-06  -3.0469243370E-01   5.5036436000E-03   1.4696000000E-06   3.2927808820E-01
    5      1.5390000000E-07   4.5527033000E-03  -8.5622593000E-03  -2.2900000000E-08  -7.6812963000E-03
    6     -2.3948724770E-01   1.1296665520E-01   4.7452828000E-03   6.6988260000E-04  -5.9959380000E-04
    7      1.1295621690E-01  -1.0906286560E-01  -2.7892741000E-03   2.3620134500E-02  -1.2631689700E-02
    8      3.9433822000E-03  -2.2767225000E-03  -8.5614561000E-03  -7.8352620000E-04  -6.5408800000E-05
    9     -2.3948948230E-01  -1.1296517610E-01  -4.7436391000E-03   6.6964320000E-04   5.9946110000E-04
   10     -1.1295472110E-01  -1.0906041480E-01  -2.7884626000E-03  -2.3620297500E-02  -1.2631455300E-02
   11     -3.9417932000E-03  -2.2759492000E-03  -8.5613590000E-03   7.8351180000E-04  -6.5420700000E-05
   12     -1.6510365100E-02   1.4200000000E-08   5.4100000000E-08   2.5891530000E-04   5.5000000000E-09
   13      1.4000000000E-09  -1.6507068800E-02   2.3561000000E-05   4.6600000000E-08  -4.7136490000E-04
   14      1.0560000000E-07  -2.5347600000E-05   9.0841198000E-03  -8.6400000000E-08   4.2949814000E-03
   15     -1.6798941500E-02  -9.6000000000E-09   1.4790000000E-07   6.5979520000E-04  -1.0200000000E-08
   16      1.0000000000E-10  -1.6795601300E-02   2.6360000000E-05  -3.4600000000E-08   1.1488554000E-03
   17      2.0260000000E-07   1.1440000000E-06   3.0350297000E-02  -8.1800000000E-08  -1.9864992000E-03
                    5                  6                  7                  8                  9        
    0      1.5390000000E-07  -2.3948724770E-01   1.1295621690E-01   3.9433822000E-03  -2.3948948230E-01
    1      4.5527033000E-03   1.1296665520E-01  -1.0906286560E-01  -2.2767225000E-03  -1.1296517610E-01
    2     -8.5622593000E-03   4.7452828000E-03  -2.7892741000E-03  -8.5614561000E-03  -4.7436391000E-03
    3     -2.2900000000E-08   6.6988260000E-04   2.3620134500E-02  -7.8352620000E-04   6.6964320000E-04
    4     -7.6812963000E-03  -5.9959380000E-04  -1.2631689700E-02  -6.5408800000E-05   5.9946110000E-04
    5      4.7319105400E-02  -4.4888660000E-04  -6.4728540000E-04  -8.0818400000E-05   4.4887220000E-04
    6     -4.4888660000E-04   2.5733288200E-01  -1.2459721460E-01  -6.6532445000E-03  -1.9234402900E-02
    7     -6.4728540000E-04  -1.2459721460E-01   1.1352584320E-01   3.8421826000E-03  -1.2094264000E-02
    8     -8.0818400000E-05  -6.6532445000E-03   3.8421826000E-03   4.7319748600E-02  -3.3591930000E-04
    9      4.4887220000E-04  -1.9234402900E-02  -1.2094264000E-02  -3.3591930000E-04   2.5733537980E-01
   10     -6.4712340000E-04   1.2094540800E-02   7.3334578000E-03   7.1162260000E-04   1.2459560270E-01
   11     -8.0825200000E-05   3.3605380000E-04   7.1170200000E-04  -8.0792200000E-05   6.6518202000E-03
   12     -7.7000000000E-09  -2.9811520000E-04   3.2151050000E-04   1.2786356100E-02  -2.9822630000E-04
   13      1.4765029600E-02   3.3097400000E-04   6.4656000000E-05  -7.3824289000E-03  -3.3101860000E-04
   14     -2.4091251300E-02   3.7418840000E-03  -2.1095185000E-03  -2.4091635300E-02  -3.7420996000E-03
   15     -1.0900000000E-07   1.0170012000E-03  -2.0638330000E-04  -8.9570482000E-03   1.0170885000E-03
   16     -1.0342027800E-02  -1.9536160000E-04   7.7059830000E-04   5.1707550000E-03   1.9539490000E-04
   17     -1.4503951300E-02  -1.7210896000E-03   9.9219340000E-04  -1.4505046600E-02   1.7209657000E-03
                   10                 11                 12                 13                 14        
    0     -1.1295472110E-01  -3.9417932000E-03  -1.6510365100E-02   1.4000000000E-09   1.0560000000E-07
    1     -1.0906041480E-01  -2.2759492000E-03   1.4200000000E-08  -1.6507068800E-02  -2.5347600000E-05
    2     -2.7884626000E-03  -8.5613590000E-03   5.4100000000E-08   2.3561000000E-05   9.0841198000E-03
    3     -2.3620297500E-02   7.8351180000E-04   2.5891530000E-04   4.6600000000E-08  -8.6400000000E-08
    4     -1.2631455300E-02  -6.5420700000E-05   5.5000000000E-09  -4.7136490000E-04   4.2949814000E-03
    5     -6.4712340000E-04  -8.0825200000E-05  -7.7000000000E-09   1.4765029600E-02  -2.4091251300E-02
    6      1.2094540800E-02   3.3605380000E-04  -2.9811520000E-04   3.3097400000E-04   3.7418840000E-03
    7      7.3334578000E-03   7.1170200000E-04   3.2151050000E-04   6.4656000000E-05  -2.1095185000E-03
    8      7.1162260000E-04  -8.0792200000E-05   1.2786356100E-02  -7.3824289000E-03  -2.4091635300E-02
    9      1.2459560270E-01   6.6518202000E-03  -2.9822630000E-04  -3.3101860000E-04  -3.7420996000E-03
   10      1.1352315890E-01   3.8412484000E-03  -3.2151690000E-04   6.4662000000E-05  -2.1094653000E-03
   11      3.8412484000E-03   4.7319684000E-02  -1.2786597000E-02  -7.3822704000E-03  -2.4091546700E-02
   12     -3.2151690000E-04  -1.2786597000E-02   1.4110034000E-02  -6.8000000000E-09   2.7920000000E-07
   13      6.4662000000E-05  -7.3822704000E-03  -6.8000000000E-09   1.4110750900E-02  -2.4486200000E-05
   14     -2.1094653000E-03  -2.4091546700E-02   2.7920000000E-07  -2.4486200000E-05   8.8089831500E-02
   15      2.0639210000E-04   8.9570044000E-03   2.7377574000E-03   3.5000000000E-09  -8.2800000000E-08
   16      7.7059140000E-04   5.1706901000E-03  -6.5000000000E-09   2.7383648000E-03  -2.6163800000E-05
   17      9.9218030000E-04  -1.4505160900E-02  -8.4600000000E-08   5.9500000000E-07  -2.4899518000E-02
                   15                 16                 17        
     0     -1.6798941500E-02   1.0000000000E-10   2.0260000000E-07
     1     -9.6000000000E-09  -1.6795601300E-02   1.1440000000E-06
     2      1.4790000000E-07   2.6360000000E-05   3.0350297000E-02
     3      6.5979520000E-04  -3.4600000000E-08  -8.1800000000E-08
     4     -1.0200000000E-08   1.1488554000E-03  -1.9864992000E-03
     5     -1.0900000000E-07  -1.0342027800E-02  -1.4503951300E-02
     6      1.0170012000E-03  -1.9536160000E-04  -1.7210896000E-03
     7     -2.0638330000E-04   7.7059830000E-04   9.9219340000E-04
     8     -8.9570482000E-03   5.1707550000E-03  -1.4505046600E-02
     9      1.0170885000E-03   1.9539490000E-04   1.7209657000E-03
    10      2.0639210000E-04   7.7059140000E-04   9.9218030000E-04
    11      8.9570044000E-03   5.1706901000E-03  -1.4505160900E-02
    12      2.7377574000E-03  -6.5000000000E-09  -8.4600000000E-08
    13      3.5000000000E-09   2.7383648000E-03   5.9500000000E-07
    14     -8.2800000000E-08  -2.6163800000E-05  -2.4899518000E-02
    15      1.1367299100E-02   7.6000000000E-09   8.7700000000E-08
    16      7.6000000000E-09   1.1367191400E-02   3.8650000000E-07
    17      8.7700000000E-08   3.8650000000E-07   3.8063379700E-02

$vibrational_frequencies
18
    0        0.0000000000000000
    1        0.0000000000000000
    2        0.0000000000000000
    3        0.0000000000000000
    4        0.0000000000000000
    5        0.0000000000000000
    6     -245.7206994801260294
    7      262.7181658659782215
    8      262.7275157884217833
    9      302.9270109110159410
   10     1116.5409441633692040
   11     1116.5481554947257337
   12     1134.4316880546505217
   13     1347.2754981731825410
   14     1347.4371926061166960
   15     2990.3338218352273543
   16     3078.3446092909143772
   17     3078.4294710288236274

$normal_modes
18 18
                    0                  1                  2                  3                  4        
    0      0.0000000000E+00   0.0000000000E+00   0.0000000000E+00   0.0000000000E+00   0.0000000000E+00
    1      0.0000000000E+00   0.0000000000E+00   0.0000000000E+00   0.0000000000E+00   0.0000000000E+00
    2      0.0000000000E+00   0.0000000000E+00   0.0000000000E+00   0.0000000000E+00   0.0000000000E+00
    3      0.0000000000E+00   0.0000000000E+00   0.0000000000E+00   0.0000000000E+00   0.0000000000E+00
    4      0.0000000000E+00   0.0000000000E+00   0.0000000000E+00   0.0000000000E+00   0.0000000000E+00
    5      0.0000000000E+00   0.0000000000E+00   0.0000000000E+00   0.0000000000E+00   0.0000000000E+00
    6      0.0000000000E+00   0.0000000000E+00   0.0000000000E+00   0.0000000000E+00   0.0000000000E+00
    7      0.0000000000E+00   0.0000000000E+00   0.0000000000E+00   0.0000000000E+00   0.0000000000E+00
    8      0.0000000000E+00   0.0000000000E+00   0.0000000000E+00   0.0000000000E+00   0.0000000000E+00
    9      0.0000000000E+00   0.0000000000E+00   0.0000000000E+00   0.0000000000E+00   0.0000000000E+00
   10      0.0000000000E+00   0.0000000000E+00   0.0000000000E+00   0.0000000000E+00   0.0000000000E+00
   11      0.0000000000E+00   0.0000000000E+00   0.0000000000E+00   0.0000000000E+00   0.0000000000E+00
   12      0.0000000000E+00   0.0000000000E+00   0.0000000000E+00   0.0000000000E+00   0.0000000000E+00
   13      0.0000000000E+00   0.0000000000E+00   0.0000000000E+00   0.0000000000E+00   0.0000000000E+00
   14      0.0000000000E+00   0.0000000000E+00   0.0000000000E+00   0.0000000000E+00   0.0000000000E+00
   15      0.0000000000E+00   0.0000000000E+00   0.0000000000E+00   0.0000000000E+00   0.0000000000E+00
   16      0.0000000000E+00   0.0000000000E+00   0.0000000000E+00   0.0000000000E+00   0.0000000000E+00
   17      0.0000000000E+00   0.0000000000E+00   0.0000000000E+00   0.0000000000E+00   0.0000000000E+00
                    5                  6                  7                  8                  9        
    0      0.0000000000E+00  -2.6265844934E-06   4.7140938421E-01  -7.8002861599E-04  -3.0123634674E-06
    1      0.0000000000E+00  -6.4080648849E-04  -7.7999788898E-04  -4.7142526270E-01   3.7430220525E-03
    2      0.0000000000E+00  -9.1839193274E-01  -1.5469197878E-06  -2.5183996601E-05  -3.2714114711E-01
    3      0.0000000000E+00   1.5221817379E-06   5.0549204179E-01  -8.3682810080E-04  -1.9020099779E-06
    4      0.0000000000E+00   1.5060500417E-02  -7.9400495983E-04  -4.7978779731E-01  -2.9631298962E-03
    5      0.0000000000E+00   6.9334901920E-03  -6.1859637077E-05  -3.6397147442E-02  -3.0936731279E-02
    6      0.0000000000E+00   1.3324222944E-02   4.8616321376E-01  -1.2030048429E-02  -6.0455953796E-03
    7      0.0000000000E+00  -9.1004049214E-03   1.0388331103E-02  -4.9904143264E-01   6.7869485646E-03
    8      0.0000000000E+00   7.0579247272E-03   3.1483063645E-02   1.8060528322E-02  -3.1348519556E-02
    9      0.0000000000E+00  -1.3322394600E-02   4.8619997410E-01   1.0421522983E-02   6.0416654995E-03
   10      0.0000000000E+00  -9.1011089770E-03  -1.2039489026E-02  -4.9900527255E-01   6.7868896203E-03
   11      0.0000000000E+00   7.0590767599E-03  -3.1426579875E-02   1.8163478792E-02  -3.1350455654E-02
   12      0.0000000000E+00   3.6131972984E-07  -9.7619914536E-02   1.6153641870E-04   5.8753290357E-07
   13      0.0000000000E+00   1.4660852619E-04   1.6152156250E-04   9.7622041586E-02  -7.6008440395E-04
   14      0.0000000000E+00   1.0705277207E-01   2.0632602313E-06   7.5193028523E-04   5.3121767964E-01
   15      0.0000000000E+00   8.0854340323E-07  -1.9427610039E-01   3.2144906988E-04   1.1174986177E-06
   16      0.0000000000E+00   2.9819750728E-04   3.2144725105E-04   1.9428107003E-01  -1.5109884964E-03
   17      0.0000000000E+00   3.7973706076E-01  -2.5871058935E-06  -1.3781015880E-03  -7.7953380809E-01
                   10                 11                 12                 13                 14        
    0     -1.6845193608E-04   1.6155160412E-02   4.7805071306E-09   7.2114000562E-05   9.9335627079E-02
    1      1.6169667270E-02   1.6856231844E-04   3.6740642791E-06   9.9319284745E-02  -7.2108346220E-05
    2      1.2785619534E-05   3.3506427048E-07   2.6116818121E-02   7.0830283369E-05  -4.8730907749E-07
    3      3.8397489132E-04  -3.6955847320E-02  -1.9502141645E-06  -5.8245194926E-04  -8.0870139580E-01
    4     -7.3437346908E-03  -7.6577326759E-05  -1.6094926734E-02   5.8669135117E-02  -3.8070689720E-05
    5     -8.1547416452E-01  -8.5105843287E-03  -5.7631528637E-01   5.1504197242E-02  -3.4088349544E-05
    6     -1.2724129021E-02  -1.4887869741E-02  -1.3965892626E-02  -3.7584632050E-01  -1.5785499881E-01
    7     -2.9491978981E-02  -1.3128421339E-02   8.0246825689E-03  -5.9203271999E-01  -3.7518303257E-01
    8      4.1490426259E-01  -7.0186488306E-01  -5.7660407469E-01  -2.5658392053E-02   4.4489012817E-02
    9      1.3032878182E-02  -1.4613795682E-02   1.3962059968E-02   3.7561200159E-01  -1.5839309738E-01
   10     -2.9757060827E-02   1.2510340979E-02   8.0247218300E-03  -5.9149534437E-01   3.7603771454E-01
   11      4.0017361017E-01   7.1035734491E-01  -5.7661621736E-01  -2.5725426821E-02  -4.4450469998E-02
   12      1.1505879299E-04  -1.1030955685E-02   1.5695637928E-07  -2.4188971800E-07  -3.5764254818E-04
   13     -1.1031348790E-02  -1.1504726166E-04   2.0293228875E-06  -3.5490681479E-04   2.7911729445E-07
   14      3.6551019873E-06   2.7910415230E-07   2.5013182462E-02  -2.9005508035E-05   2.8651305070E-08
   15     -1.4497152478E-04   1.3897779400E-02   1.0903355626E-08  -1.8044277996E-06  -2.4471853703E-03
   16      1.3896518147E-02   1.4498281443E-04  -3.6945076906E-06  -2.4467637162E-03   1.7398479007E-06
   17      6.1222069941E-06   2.2886233047E-07   2.8576187112E-02   2.9607509913E-06   1.8275014235E-08
                   15                 16                 17        
     0     -5.8586738074E-07   4.5576875411E-04   9.8223079707E-02
     1     -2.0415852440E-05   9.8230294474E-02  -4.5579294105E-04
     2     -2.4321920003E-03  -4.8819777480E-07  -3.6243839358E-07
     3     -2.0403419882E-07   1.7322391069E-04   3.8267332898E-02
     4     -5.7704728720E-01  -8.1144480534E-01   3.7570199748E-03
     5      1.5442792419E-02   2.0949241697E-02  -9.7115704849E-05
     6     -4.9979034891E-01   3.6503539008E-01  -6.0066783880E-01
     7      2.8870721260E-01  -1.7244646071E-01   3.6870964073E-01
     8      1.5451208825E-02  -1.0388948036E-02   1.8192888014E-02
     9      4.9979734194E-01  -3.7058948551E-01  -5.9725598316E-01
    10      2.8871148555E-01  -1.7585298909E-01  -3.6708530572E-01
    11      1.5447993208E-02  -1.0554619272E-02  -1.8091470713E-02
    12      2.4791959036E-08  -2.2214234256E-07  -4.3741398399E-05
    13     -1.7670349229E-06  -4.3727737456E-05   1.8610309601E-07
    14     -7.2095589271E-04  -2.4876298281E-08  -3.0021876795E-09
    15     -3.6077583993E-08  -2.2341509884E-06  -4.8809904147E-04
    16     -3.5014608496E-06  -4.8802917479E-04   2.2910455450E-06
    17      4.2427502750E-04   5.4000353120E-08   6.5099399492E-09

#
# The atoms: label  mass x y z (in bohrs)
#
$atoms
6
 C     12.01100      0.000000341960     0.000022745452    -0.983520699420
 H      1.00800      0.000000213311     2.041406249963    -1.014494871959
 H      1.00800      1.767897627295    -1.020652628071    -1.014500349909
 H      1.00800     -1.767897213476    -1.020652635459    -1.014500470499
 Cl    35.45300     -0.000000062185    -0.000005743236     2.942489114993
 F     18.99800     -0.000000133424    -0.000009020686    -4.707819550227

$actual_temperature
  0.000000

$frequency_scale_factor
  1.000000


$end

