
$orca_hessian_file

$act_atom
  0

$act_coord
  0

$act_energy
      -13.134957

$multiplicity
  1

$hessian
18
                    0                  1                  2                  3                  4        
    0      4.0161902940E-01   3.6476832100E-02   1.3296326700E-02  -4.0342176400E-02  -3.9073190000E-03
    1      3.6476832100E-02   4.4381093030E-01  -7.6814698000E-03  -3.8240431000E-03  -2.4771020860E-01
    2      1.3296326700E-02  -7.6814698000E-03   3.3579388700E-01   9.2127070000E-04   8.4717924000E-02
    3     -4.0342176400E-02  -3.8240431000E-03   9.2127070000E-04   4.6680222000E-02   1.6053066000E-03
    4     -3.9073190000E-03  -2.4771020860E-01   8.4717924000E-02   1.6053066000E-03   2.8919855530E-01
    5      6.5179100000E-04   9.5540994600E-02  -7.1637200600E-02  -2.3218050000E-03  -9.3698658500E-02
    6     -1.4501960270E-01   5.9336638200E-02   6.5354098900E-02  -3.6397161000E-03   5.8415102000E-03
    7      5.9342690700E-02  -7.6508355300E-02  -3.7730147600E-02   3.0307758900E-02  -2.5033300300E-02
    8      7.3951643800E-02  -4.2697809400E-02  -7.3729653800E-02  -4.9313130000E-03   3.1515863000E-03
    9     -1.9245634870E-01  -9.1725946900E-02  -7.2920681200E-02  -1.7001590000E-03  -3.5169373000E-03
   10     -9.1648644500E-02  -9.5522510700E-02  -4.3159079200E-02  -2.8217627700E-02  -2.0011762800E-02
   11     -8.2424576200E-02  -4.8342898800E-02  -7.1673282600E-02   7.0725586000E-03   3.7802373000E-03
   12     -2.7581074300E-02  -1.3159540000E-04  -2.9542552000E-03   1.2711864000E-03   1.3837080000E-04
   13     -1.3227560000E-04  -2.7712646500E-02   1.7095924000E-03   6.7910990000E-04   3.8960866000E-03
   14     -4.3241087000E-03   2.5155029000E-03  -1.1551824690E-01  -5.2596210000E-04   2.4256352000E-03
   15      3.7801727000E-03  -1.3188490000E-04  -3.6967599000E-03  -2.2693569000E-03  -1.6093120000E-04
   16     -1.3128370000E-04   3.6427908000E-03   2.1431802000E-03  -5.5050460000E-04  -3.3937020000E-04
   17     -1.1510766000E-03   6.6568050000E-04  -3.2355031000E-03  -2.1474920000E-04  -3.7672430000E-04
                    5                  6                  7                  8                  9        
    0      6.5179100000E-04  -1.4501960270E-01   5.9342690700E-02   7.3951643800E-02  -1.9245634870E-01
    1      9.5540994600E-02   5.9336638200E-02  -7.6508355300E-02  -4.2697809400E-02  -9.1725946900E-02
    2     -7.1637200600E-02   6.5354098900E-02  -3.7730147600E-02  -7.3729653800E-02  -7.2920681200E-02
    3     -2.3218050000E-03  -3.6397161000E-03   3.0307758900E-02  -4.9313130000E-03  -1.7001590000E-03
    4     -9.3698658500E-02   5.8415102000E-03  -2.5033300300E-02   3.1515863000E-03  -3.5169373000E-03
    5      8.6161573700E-02   1.3872605000E-03  -1.0740809700E-02   6.6526826000E-03   2.6268770000E-04
    6      1.3872605000E-03   1.8113260210E-01  -7.4664227700E-02  -7.5012271700E-02  -3.5348940100E-02
    7     -1.0740809700E-02  -7.4664227700E-02   9.4927620200E-02   4.3313848900E-02  -1.2465893000E-02
    8      6.6526826000E-03  -7.5012271700E-02   4.3313848900E-02   8.1854855500E-02  -5.1942160000E-03
    9      2.6268770000E-04  -3.5348940100E-02  -1.2465893000E-02  -5.1942160000E-03   2.2713357470E-01
   10     -8.0196998000E-03   1.2007405800E-02   6.6627569000E-03   2.6946062000E-03   1.0578556570E-01
   11      4.7688472000E-03   9.9918222000E-03   4.1659358000E-03   6.6593021000E-03   7.9996767600E-02
   12      4.2739920000E-04   6.1582536000E-03  -2.3755365000E-03   9.5295731000E-03   2.8903038000E-03
   13      1.6959024700E-02  -2.3745730000E-03   3.4095605000E-03  -5.5065808000E-03   1.0708354000E-03
   14     -1.9175530800E-02   2.3911070000E-04  -1.4296800000E-04  -1.1243069200E-02  -2.3634291000E-03
   15     -4.0733330000E-04  -3.2825967000E-03  -1.4479240000E-04   1.6565838000E-03  -5.1843060000E-04
   16     -4.0851200000E-05  -1.4675350000E-04  -3.4582820000E-03  -9.5565120000E-04   8.5237610000E-04
   17     -6.7703721000E-03  -1.9600206000E-03   1.1341406000E-03  -1.0194117300E-02   2.1887110000E-04
                   10                 11                 12                 13                 14        
    0     -9.1648644500E-02  -8.2424576200E-02  -2.7581074300E-02  -1.3227560000E-04  -4.3241087000E-03
    1     -9.5522510700E-02  -4.8342898800E-02  -1.3159540000E-04  -2.7712646500E-02   2.5155029000E-03
    2     -4.3159079200E-02  -7.1673282600E-02  -2.9542552000E-03   1.7095924000E-03  -1.1551824690E-01
    3     -2.8217627700E-02   7.0725586000E-03   1.2711864000E-03   6.7910990000E-04  -5.2596210000E-04
    4     -2.0011762800E-02   3.7802373000E-03   1.3837080000E-04   3.8960866000E-03   2.4256352000E-03
    5     -8.0196998000E-03   4.7688472000E-03   4.2739920000E-04   1.6959024700E-02  -1.9175530800E-02
    6      1.2007405800E-02   9.9918222000E-03   6.1582536000E-03  -2.3745730000E-03   2.3911070000E-04
    7      6.6627569000E-03   4.1659358000E-03  -2.3755365000E-03   3.4095605000E-03  -1.4296800000E-04
    8      2.6946062000E-03   6.6593021000E-03   9.5295731000E-03  -5.5065808000E-03  -1.1243069200E-02
    9      1.0578556570E-01   7.9996767600E-02   2.8903038000E-03   1.0708354000E-03  -2.3634291000E-03
   10      1.0869428470E-01   4.8872336700E-02   1.6127689000E-03   2.2805881000E-03  -7.6397530000E-04
   11      4.8872336700E-02   8.6161175800E-02  -1.4463858300E-02  -8.8480145000E-03  -1.9146322800E-02
   12      1.6127689000E-03  -1.4463858300E-02   1.6307626000E-02   1.0490365000E-03   5.8450728000E-03
   13      2.2805881000E-03  -8.8480145000E-03   1.0490365000E-03   1.7516302600E-02  -3.3786268000E-03
   14     -7.6397530000E-04  -1.9146322800E-02   5.8450728000E-03  -3.3786268000E-03   1.8037700540E-01
   15      4.6053180000E-04  -1.7271390000E-04   9.5370450000E-04  -2.9213320000E-04   1.1293163000E-03
   16     -2.1033561000E-03   3.7240340000E-04  -2.9304420000E-04   6.1010880000E-04  -6.5556810000E-04
   17      3.7581130000E-04  -6.7697197000E-03   1.6160684000E-03  -9.3539500000E-04  -1.5293835700E-02
                   15                 16                 17        
     0      3.7801727000E-03  -1.3128370000E-04  -1.1510766000E-03
     1     -1.3188490000E-04   3.6427908000E-03   6.6568050000E-04
     2     -3.6967599000E-03   2.1431802000E-03  -3.2355031000E-03
     3     -2.2693569000E-03  -5.5050460000E-04  -2.1474920000E-04
     4     -1.6093120000E-04  -3.3937020000E-04  -3.7672430000E-04
     5     -4.0733330000E-04  -4.0851200000E-05  -6.7703721000E-03
     6     -3.2825967000E-03  -1.4675350000E-04  -1.9600206000E-03
     7     -1.4479240000E-04  -3.4582820000E-03   1.1341406000E-03
     8      1.6565838000E-03  -9.5565120000E-04  -1.0194117300E-02
     9     -5.1843060000E-04   8.5237610000E-04   2.1887110000E-04
    10      4.6053180000E-04  -2.1033561000E-03   3.7581130000E-04
    11     -1.7271390000E-04   3.7240340000E-04  -6.7697197000E-03
    12      9.5370450000E-04  -2.9304420000E-04   1.6160684000E-03
    13     -2.9213320000E-04   6.1010880000E-04  -9.3539500000E-04
    14      1.1293163000E-03  -6.5556810000E-04  -1.5293835700E-02
    15      1.3365069000E-03   2.6920990000E-04   1.4909069000E-03
    16      2.6920990000E-04   1.6481087000E-03  -8.6351320000E-04
    17      1.4909069000E-03  -8.6351320000E-04   4.2263548000E-02

$vibrational_frequencies
18
    0        0.0000000000000000
    1        0.0000000000000000
    2        0.0000000000000000
    3        0.0000000000000000
    4        0.0000000000000000
    5        0.0000000000000000
    6       99.4242152779740422
    7      128.6061824293122982
    8      276.2563936454922668
    9      661.0816238967635172
   10      825.3252213224332081
   11      927.9954185852710680
   12     1403.7154705685113640
   13     1466.3272094171782101
   14     1549.9890958434184540
   15     2719.7294534221487083
   16     3015.7076522981119524
   17     3038.6889371456927620

$normal_modes
18 18
                    0                  1                  2                  3                  4        
    0      0.0000000000E+00   0.0000000000E+00   0.0000000000E+00   0.0000000000E+00   0.0000000000E+00
    1      0.0000000000E+00   0.0000000000E+00   0.0000000000E+00   0.0000000000E+00   0.0000000000E+00
    2      0.0000000000E+00   0.0000000000E+00   0.0000000000E+00   0.0000000000E+00   0.0000000000E+00
    3      0.0000000000E+00   0.0000000000E+00   0.0000000000E+00   0.0000000000E+00   0.0000000000E+00
    4      0.0000000000E+00   0.0000000000E+00   0.0000000000E+00   0.0000000000E+00   0.0000000000E+00
    5      0.0000000000E+00   0.0000000000E+00   0.0000000000E+00   0.0000000000E+00   0.0000000000E+00
    6      0.0000000000E+00   0.0000000000E+00   0.0000000000E+00   0.0000000000E+00   0.0000000000E+00
    7      0.0000000000E+00   0.0000000000E+00   0.0000000000E+00   0.0000000000E+00   0.0000000000E+00
    8      0.0000000000E+00   0.0000000000E+00   0.0000000000E+00   0.0000000000E+00   0.0000000000E+00
    9      0.0000000000E+00   0.0000000000E+00   0.0000000000E+00   0.0000000000E+00   0.0000000000E+00
   10      0.0000000000E+00   0.0000000000E+00   0.0000000000E+00   0.0000000000E+00   0.0000000000E+00
   11      0.0000000000E+00   0.0000000000E+00   0.0000000000E+00   0.0000000000E+00   0.0000000000E+00
   12      0.0000000000E+00   0.0000000000E+00   0.0000000000E+00   0.0000000000E+00   0.0000000000E+00
   13      0.0000000000E+00   0.0000000000E+00   0.0000000000E+00   0.0000000000E+00   0.0000000000E+00
   14      0.0000000000E+00   0.0000000000E+00   0.0000000000E+00   0.0000000000E+00   0.0000000000E+00
   15      0.0000000000E+00   0.0000000000E+00   0.0000000000E+00   0.0000000000E+00   0.0000000000E+00
   16      0.0000000000E+00   0.0000000000E+00   0.0000000000E+00   0.0000000000E+00   0.0000000000E+00
   17      0.0000000000E+00   0.0000000000E+00   0.0000000000E+00   0.0000000000E+00   0.0000000000E+00
                    5                  6                  7                  8                  9        
    0      0.0000000000E+00   3.2719623505E-01   1.9553111434E-01   1.3705359338E-01   2.9452556383E-04
    1      0.0000000000E+00  -1.8922303335E-01   3.3815922782E-01  -7.9292059877E-02  -2.7350354397E-04
    2      0.0000000000E+00  -3.7363961725E-02  -1.3307600844E-05   2.5058062490E-01  -5.6934134542E-01
    3      0.0000000000E+00   4.0132645660E-01   1.2124440108E-01   1.3409255341E-01  -5.5400459004E-02
    4      0.0000000000E+00  -2.4403085729E-01   4.2619320547E-01  -1.0772772103E-01   7.3819287424E-02
    5      0.0000000000E+00  -1.5892569381E-01   2.0549131907E-01   1.5794260448E-01  -3.3807572450E-01
    6      0.0000000000E+00   4.5242877129E-01   2.9134837379E-01   1.0573761109E-01  -4.4112441581E-02
    7      0.0000000000E+00  -2.6190289172E-01   5.0381669852E-01  -6.1330050918E-02   2.5697374408E-02
    8      0.0000000000E+00   2.3978301269E-01   2.2601720299E-04   1.4628204242E-01  -6.1745278529E-01
    9      0.0000000000E+00   4.1132195639E-01   3.0913639866E-01   1.6002112186E-01  -9.1510514475E-02
   10      0.0000000000E+00  -2.2538993242E-01   3.1773636388E-01  -6.2197105571E-02   1.1312247303E-02
   11      0.0000000000E+00  -1.5879163670E-01  -2.0576384392E-01   1.5797446917E-01  -3.3904542512E-01
   12      0.0000000000E+00  -7.7585173268E-02  -4.6344942581E-02  -3.9301372423E-02   2.1129678560E-03
   13      0.0000000000E+00   4.4866342695E-02  -8.0146524349E-02   2.2733577033E-02  -1.1885232539E-03
   14      0.0000000000E+00  -1.6025439123E-02   1.2323777700E-05   3.3443652613E-01   2.1078160226E-01
   15      0.0000000000E+00  -1.2919910691E-01  -7.5426885566E-02  -3.4522015487E-02   6.0060536074E-03
   16      0.0000000000E+00   7.4707110057E-02  -1.3043078196E-01   1.9976225980E-02  -3.4895133394E-03
   17      0.0000000000E+00   5.7663239809E-02  -1.2116937987E-05  -8.0705330853E-01   3.5290519060E-02
                   10                 11                 12                 13                 14        
    0     -1.0907523631E-01   5.9384419365E-02  -4.6684966625E-04  -6.4059960887E-02   3.2693174969E-02
    1      6.2790351256E-02   1.0311280834E-01   2.7753712934E-04   3.6916772890E-02   5.6717917507E-02
    2     -2.5577928996E-02  -1.2324542408E-04   1.0157300629E-01   6.1430898677E-03   1.1584276254E-05
    3      1.8537062027E-01  -1.4352030125E-01  -2.0110680270E-02   6.5528392265E-01  -3.5169884541E-01
    4     -9.3884634405E-02  -1.7750009432E-01  -2.3166727786E-01   4.8416364334E-02   1.2558596820E-01
    5     -3.6253938415E-01  -6.3249994376E-01  -5.5404771722E-01   1.1441517098E-01   2.8592091695E-01
    6      2.5387835605E-01  -1.4282888341E-01  -1.9431323415E-01  -1.1333154064E-01  -3.7182933189E-01
    7     -1.4619030899E-01  -2.4816797293E-01   1.1216209826E-01   6.6108673362E-02  -6.4377264903E-01
    8      7.3934189119E-01   8.4516034312E-04  -4.6623270798E-01  -2.9693110874E-01  -2.5326482684E-04
    9      1.7428374201E-01  -8.1655891655E-02   1.9060449892E-01   2.8531269181E-01   2.8503924673E-01
   10     -1.1319570587E-01  -2.1344723120E-01   1.3323585148E-01  -5.9134140893E-01  -2.4267811574E-01
   11     -3.6405580837E-01   6.3166012124E-01  -5.5383462411E-01   1.1483572847E-01  -2.8574774273E-01
   12      1.9756857828E-02  -1.0662079580E-02   8.8857585193E-04  -9.9211188555E-04   8.0692406910E-04
   13     -1.1372170943E-02  -1.8513082354E-02  -5.1515564061E-04   5.7256355439E-04   1.4019775685E-03
   14      1.2115683645E-02   4.5668466217E-05   5.4562902537E-03  -7.0479301900E-04  -1.4498802397E-06
   15     -4.6205902161E-04   1.8783852655E-03  -9.9240842245E-05  -1.5415128708E-03   1.0901799371E-03
   16      2.6842204306E-04   3.2679539184E-03   5.7363786205E-05   8.9085415964E-04   1.8953835685E-03
   17     -7.1149331160E-03  -7.5883705364E-06   9.1205775793E-03   1.0224247536E-03  -3.6871265903E-07
                   15                 16                 17        
     0      6.2353935608E-02  -4.4093778337E-02  -3.3673721501E-02
     1     -3.5988539600E-02  -7.6058477447E-02   1.9868140413E-02
     2     -2.5075475802E-02  -1.9044519077E-04  -4.1517612788E-02
     3      6.0568551260E-02  -1.8538201284E-02  -2.2463765470E-02
     4      7.5012858314E-02   6.4860645040E-01  -6.5695301808E-01
     5     -5.8080358464E-02  -2.6307207555E-01   2.4170593649E-01
     6     -7.7077081998E-01  -2.9592229969E-02  -1.2800439138E-01
     7      4.4504661088E-01  -4.9769830724E-02   7.4146127029E-02
     8      4.2031610452E-01   2.4409158444E-04   4.3824529691E-02
     9     -3.4806954120E-02   5.7572696348E-01   5.5295316953E-01
    10     -9.0036313962E-02   3.1124552227E-01   3.4534429830E-01
    11     -5.8143510606E-02   2.6522025103E-01   2.3960410756E-01
    12     -2.8069106806E-04  -4.5223603850E-05  -6.6990538958E-05
    13      1.6141529368E-04  -7.8381583924E-05   3.9178180015E-05
    14      9.6880174613E-06  -2.5136533557E-06  -6.4804097601E-04
    15      6.3098833959E-04  -3.1772841647E-05   5.9226852564E-05
    16     -3.6465142380E-04  -5.5035486522E-05  -3.4894463824E-05
    17     -2.9934218139E-04  -1.8344805364E-06  -4.0491664413E-04

#
# The atoms: label  mass x y z (in bohrs)
#
$atoms
6
 C     12.01100     -0.057472288183     0.032919154991    -0.405940089478
 H      1.00800     -0.030277888109     1.914811238522    -1.241273730458
 H      1.00800      1.505407673399    -0.869476529028    -1.515592219073
 H      1.00800     -1.673480511056    -0.931538905015    -1.241715341818
 Cl    35.45300     -0.025929407677     0.015110113779     2.861191768604
 F     18.99800      0.095247524755    -0.055047742147    -4.870592452675

$actual_temperature
  0.000000

$frequency_scale_factor
  1.000000


$end

