
$orca_hessian_file

$act_atom
  0

$act_coord
  0

$act_energy
      -13.149778

$multiplicity
  1

$hessian
18
                    0                  1                  2                  3                  4        
    0      5.6257712170E-01  -2.5870000000E-07  -2.9688000000E-06  -4.2765175800E-02  -1.3544000000E-06
    1     -2.5870000000E-07   5.6255313760E-01   3.5396100000E-05  -1.2361000000E-06  -3.1118406410E-01
    2     -2.9688000000E-06   3.5396100000E-05  -5.6463030000E-04   5.1400000000E-07   3.1535123700E-02
    3     -4.2765175800E-02  -1.2361000000E-06   5.1400000000E-07   4.1681682800E-02   1.4226000000E-06
    4     -1.3544000000E-06  -3.1118406410E-01   3.1535123700E-02   1.4226000000E-06   3.3724684960E-01
    5      3.0970000000E-07   3.2199776600E-02  -1.1543725100E-02  -1.5660000000E-07  -3.3773355700E-02
    6     -2.4409918680E-01   1.1624473130E-01   2.7451443900E-02   1.7117630000E-04  -1.7410100000E-04
    7      1.1623720250E-01  -1.0987816790E-01  -1.5817253400E-02   2.3965896500E-02  -1.3543317700E-02
    8      2.7890838900E-02  -1.6103084600E-02  -1.1542706500E-02  -2.4304179000E-03   7.3398280000E-04
    9     -2.4410156820E-01  -1.1624323920E-01  -2.7449528900E-02   1.7091260000E-04   1.7400520000E-04
   10     -1.1623558810E-01  -1.0987560210E-01  -1.5816167600E-02  -2.3966102300E-02  -1.3543079100E-02
   11     -2.7889296700E-02  -1.6102011800E-02  -1.1542283400E-02   2.4304077000E-03   7.3395800000E-04
   12     -1.8333923100E-02   1.2100000000E-08   2.4420000000E-07   4.6100620000E-04   2.3300000000E-08
   13      1.0000000000E-10  -1.8336198100E-02   2.8112800000E-05   4.7800000000E-08   2.5255720000E-04
   14      6.5320000000E-07  -3.0701800000E-05   4.8820237000E-03  -2.0750000000E-07   3.1432063000E-03
   15     -1.3277267800E-02  -9.3000000000E-09   2.9550000000E-07   2.8039780000E-04   4.3000000000E-09
   16     -1.5000000000E-09  -1.3279105500E-02   3.4788400000E-05  -2.8400000000E-08   7.7105410000E-04
   17      4.6370000000E-07   6.2540000000E-07   3.0311321600E-02  -1.3980000000E-07  -2.3729150000E-03
                    5                  6                  7                  8                  9        
    0      3.0970000000E-07  -2.4409918680E-01   1.1623720250E-01   2.7890838900E-02  -2.4410156820E-01
    1      3.2199776600E-02   1.1624473130E-01  -1.0987816790E-01  -1.6103084600E-02  -1.1624323920E-01
    2     -1.1543725100E-02   2.7451443900E-02  -1.5817253400E-02  -1.1542706500E-02  -2.7449528900E-02
    3     -1.5660000000E-07   1.7117630000E-04   2.3965896500E-02  -2.4304179000E-03   1.7091260000E-04
    4     -3.3773355700E-02  -1.7410100000E-04  -1.3543317700E-02   7.3398280000E-04   1.7400520000E-04
    5      4.8864117200E-02  -5.8369810000E-04  -2.4727597000E-03   2.2524160000E-04   5.8365860000E-04
    6     -5.8369810000E-04   2.6347370160E-01  -1.2804241790E-01  -2.9262583800E-02  -2.0464065600E-02
    7     -2.4727597000E-03  -1.2804241790E-01   1.1559730960E-01   1.6893550100E-02  -1.2057984100E-02
    8      2.2524160000E-04  -2.9262583800E-02   1.6893550100E-02   4.8866431500E-02  -1.8469421000E-03
    9      5.8365860000E-04  -2.0464065600E-02  -1.2057984100E-02  -1.8469421000E-03   2.6347642780E-01
   10     -2.4725972000E-03   1.2058261300E-02   7.0389861000E-03   1.7393019000E-03   1.2804076150E-01
   11      2.2522390000E-04   1.8470885000E-03   1.7393645000E-03   2.2492130000E-04   2.9261224100E-02
   12     -9.1000000000E-09   2.8702820000E-04   1.0018020000E-04   1.2991715200E-02   2.8689760000E-04
   13      1.4999438700E-02   1.0767620000E-04   3.9538370000E-04  -7.5012610000E-03  -1.0772190000E-04
   14     -2.2779858800E-02   2.5988542000E-03  -1.5282664000E-03  -2.2780255900E-02  -2.5992887000E-03
   15     -1.0450000000E-07   6.3134620000E-04  -2.0287710000E-04  -7.3426102000E-03   6.3139580000E-04
   16     -8.4805027000E-03  -1.9414980000E-04   3.8980610000E-04   4.2375107000E-03   1.9417850000E-04
   17     -1.4990998800E-02  -2.0511047000E-03   1.1853649000E-03  -1.4993632000E-02   2.0508770000E-03
                   10                 11                 12                 13                 14        
    0     -1.1623558810E-01  -2.7889296700E-02  -1.8333923100E-02   1.0000000000E-10   6.5320000000E-07
    1     -1.0987560210E-01  -1.6102011800E-02   1.2100000000E-08  -1.8336198100E-02  -3.0701800000E-05
    2     -1.5816167600E-02  -1.1542283400E-02   2.4420000000E-07   2.8112800000E-05   4.8820237000E-03
    3     -2.3966102300E-02   2.4304077000E-03   4.6100620000E-04   4.7800000000E-08  -2.0750000000E-07
    4     -1.3543079100E-02   7.3395800000E-04   2.3300000000E-08   2.5255720000E-04   3.1432063000E-03
    5     -2.4725972000E-03   2.2522390000E-04  -9.1000000000E-09   1.4999438700E-02  -2.2779858800E-02
    6      1.2058261300E-02   1.8470885000E-03   2.8702820000E-04   1.0767620000E-04   2.5988542000E-03
    7      7.0389861000E-03   1.7393645000E-03   1.0018020000E-04   3.9538370000E-04  -1.5282664000E-03
    8      1.7393019000E-03   2.2492130000E-04   1.2991715200E-02  -7.5012610000E-03  -2.2780255900E-02
    9      1.2804076150E-01   2.9261224100E-02   2.8689760000E-04  -1.0772190000E-04  -2.5992887000E-03
   10      1.1559450790E-01   1.6892333300E-02  -1.0020410000E-04   3.9538730000E-04  -1.5282222000E-03
   11      1.6892333300E-02   4.8866068700E-02  -1.2991970400E-02  -7.5011050000E-03  -2.2780186100E-02
   12     -1.0020410000E-04  -1.2991970400E-02   1.4684764300E-02  -5.6000000000E-09   1.5870000000E-07
   13      3.9538730000E-04  -7.5011050000E-03  -5.6000000000E-09   1.4681310100E-02  -2.6279500000E-05
   14     -1.5282222000E-03  -2.2780186100E-02   1.5870000000E-07  -2.6279500000E-05   8.6446136400E-02
   15      2.0287170000E-04   7.3425468000E-03   2.6142267000E-03   3.3000000000E-09  -1.7000000000E-07
   16      3.8979990000E-04   4.2374611000E-03  -5.9000000000E-09   2.6115597000E-03  -2.9736400000E-05
   17      1.1853518000E-03  -1.4993744400E-02  -1.3860000000E-07   1.0940000000E-06  -2.2987859400E-02
                   15                 16                 17        
     0     -1.3277267800E-02  -1.5000000000E-09   4.6370000000E-07
     1     -9.3000000000E-09  -1.3279105500E-02   6.2540000000E-07
     2      2.9550000000E-07   3.4788400000E-05   3.0311321600E-02
     3      2.8039780000E-04  -2.8400000000E-08  -1.3980000000E-07
     4      4.3000000000E-09   7.7105410000E-04  -2.3729150000E-03
     5     -1.0450000000E-07  -8.4805027000E-03  -1.4990998800E-02
     6      6.3134620000E-04  -1.9414980000E-04  -2.0511047000E-03
     7     -2.0287710000E-04   3.8980610000E-04   1.1853649000E-03
     8     -7.3426102000E-03   4.2375107000E-03  -1.4993632000E-02
     9      6.3139580000E-04   1.9417850000E-04   2.0508770000E-03
    10      2.0287170000E-04   3.8979990000E-04   1.1853518000E-03
    11      7.3425468000E-03   4.2374611000E-03  -1.4993744400E-02
    12      2.6142267000E-03  -5.9000000000E-09  -1.3860000000E-07
    13      3.3000000000E-09   2.6115597000E-03   1.0940000000E-06
    14     -1.7000000000E-07  -2.9736400000E-05  -2.2987859400E-02
    15      9.1199014000E-03   7.1000000000E-09   4.2400000000E-08
    16      7.1000000000E-09   9.1168857000E-03   4.7880000000E-07
    17      4.2400000000E-08   4.7880000000E-07   3.7654913000E-02

$vibrational_frequencies
18
    0        0.0000000000000000
    1        0.0000000000000000
    2        0.0000000000000000
    3        0.0000000000000000
    4        0.0000000000000000
    5        0.0000000000000000
    6     -226.0244990595215029
    7      248.9328599761169869
    8      248.9850836505251550
    9      303.0827170653812459
   10     1072.9717953926262908
   11     1072.9912601048720262
   12     1121.4650170772658839
   13     1358.0697888774509465
   14     1358.1331963276504666
   15     3049.7940505591586771
   16     3128.3543163832791834
   17     3128.5155704952453561

$normal_modes
18 18
                    0                  1                  2                  3                  4        
    0      0.0000000000E+00   0.0000000000E+00   0.0000000000E+00   0.0000000000E+00   0.0000000000E+00
    1      0.0000000000E+00   0.0000000000E+00   0.0000000000E+00   0.0000000000E+00   0.0000000000E+00
    2      0.0000000000E+00   0.0000000000E+00   0.0000000000E+00   0.0000000000E+00   0.0000000000E+00
    3      0.0000000000E+00   0.0000000000E+00   0.0000000000E+00   0.0000000000E+00   0.0000000000E+00
    4      0.0000000000E+00   0.0000000000E+00   0.0000000000E+00   0.0000000000E+00   0.0000000000E+00
    5      0.0000000000E+00   0.0000000000E+00   0.0000000000E+00   0.0000000000E+00   0.0000000000E+00
    6      0.0000000000E+00   0.0000000000E+00   0.0000000000E+00   0.0000000000E+00   0.0000000000E+00
    7      0.0000000000E+00   0.0000000000E+00   0.0000000000E+00   0.0000000000E+00   0.0000000000E+00
    8      0.0000000000E+00   0.0000000000E+00   0.0000000000E+00   0.0000000000E+00   0.0000000000E+00
    9      0.0000000000E+00   0.0000000000E+00   0.0000000000E+00   0.0000000000E+00   0.0000000000E+00
   10      0.0000000000E+00   0.0000000000E+00   0.0000000000E+00   0.0000000000E+00   0.0000000000E+00
   11      0.0000000000E+00   0.0000000000E+00   0.0000000000E+00   0.0000000000E+00   0.0000000000E+00
   12      0.0000000000E+00   0.0000000000E+00   0.0000000000E+00   0.0000000000E+00   0.0000000000E+00
   13      0.0000000000E+00   0.0000000000E+00   0.0000000000E+00   0.0000000000E+00   0.0000000000E+00
   14      0.0000000000E+00   0.0000000000E+00   0.0000000000E+00   0.0000000000E+00   0.0000000000E+00
   15      0.0000000000E+00   0.0000000000E+00   0.0000000000E+00   0.0000000000E+00   0.0000000000E+00
   16      0.0000000000E+00   0.0000000000E+00   0.0000000000E+00   0.0000000000E+00   0.0000000000E+00
   17      0.0000000000E+00   0.0000000000E+00   0.0000000000E+00   0.0000000000E+00   0.0000000000E+00
                    5                  6                  7                  8                  9        
    0      0.0000000000E+00  -8.3850733569E-06  -3.0967956525E-04  -4.6632712541E-01   5.3019926279E-06
    1      0.0000000000E+00  -8.5182310914E-04   4.6633806511E-01  -3.0967885213E-04   3.0655261949E-03
    2      0.0000000000E+00  -8.9851895250E-01  -4.7495295724E-05   3.5844407698E-06  -3.8031305461E-01
    3      0.0000000000E+00  -9.5395517992E-07  -3.3324732227E-04  -5.0280016469E-01   9.2402926360E-06
    4      0.0000000000E+00   8.2136082318E-02   4.8219499939E-01  -3.2035156592E-04   2.2116575817E-02
    5      0.0000000000E+00   6.8893414446E-03   7.8339668098E-02  -5.0724476493E-05  -6.0639078323E-02
    6      0.0000000000E+00   7.2344918237E-02   8.7161809350E-03  -4.8733147809E-01   1.6949584523E-02
    7      0.0000000000E+00  -4.2293963024E-02   4.9761552665E-01  -9.4114407373E-03  -6.0443445465E-03
    8      0.0000000000E+00   7.3323799571E-03  -3.9094757462E-02  -6.7748547221E-02  -6.1257682649E-02
    9      0.0000000000E+00  -7.2351925483E-02  -9.3641956015E-03  -4.8731836901E-01  -1.6934059700E-02
   10      0.0000000000E+00  -4.2296906923E-02   4.9762870310E-01   8.7506851447E-03  -6.0460394913E-03
   11      0.0000000000E+00   7.3336468396E-03  -3.9003247153E-02   6.7803865411E-02  -6.1262429367E-02
   12      0.0000000000E+00   1.5070183313E-06   6.5622098219E-05   9.8828523778E-02  -1.2132023738E-06
   13      0.0000000000E+00   1.7269677545E-04  -9.8830286188E-02   6.5626441894E-05  -6.5558062485E-04
   14      0.0000000000E+00   8.6647668937E-02  -6.3724186611E-04   1.2227250355E-06   5.3421355177E-01
   15      0.0000000000E+00   2.9113425506E-06   1.2539073033E-04   1.8878603336E-01  -2.4020321059E-06
   16      0.0000000000E+00   3.4651302841E-04  -1.8878908868E-01   1.2537395854E-04  -1.2466647304E-03
   17      0.0000000000E+00   4.0522494581E-01   1.2063904140E-03  -4.7916861191E-06  -7.4675800022E-01
                   10                 11                 12                 13                 14        
    0     -2.3375442471E-04   4.3934284304E-02   1.4644324547E-07   2.6356608212E-04   9.2739521459E-02
    1      4.3939539602E-02   2.3377487979E-04   3.8106005404E-08   9.2725085858E-02  -2.6354654070E-04
    2      1.0573796228E-05  -8.3169518629E-08  -2.5906225709E-02  -4.5082088883E-05  -6.1140249732E-07
    3      7.7056793571E-04  -1.4504249446E-01   1.4447298365E-06  -2.2405240368E-03  -7.9006427060E-01
    4     -5.9024696240E-02  -3.1397423350E-04   6.3912220113E-02   7.2290907642E-02  -2.0082278427E-04
    5     -8.0041873411E-01  -4.2657508980E-03   5.7313209945E-01   1.7757406199E-01  -5.0057736234E-04
    6     -3.6842543595E-02  -8.0743381658E-02   5.5363020645E-02  -3.7371125476E-01  -1.4230984182E-01
    7     -1.2339563996E-01  -3.7895320100E-02  -3.1957330983E-02  -5.7557990793E-01  -3.7173926769E-01
    8      4.0386213256E-01  -6.9104280860E-01   5.7318575693E-01  -8.8348402059E-02   1.5397727399E-01
    9      3.7700341252E-02  -8.0340373233E-02  -5.5359878936E-02   3.7289143194E-01  -1.4442544184E-01
   10     -1.2379005562E-01   3.6579561554E-02  -3.1957185639E-02  -5.7346597094E-01   3.7500039863E-01
   11      3.9647855261E-01   6.9529860782E-01   5.7319494917E-01  -8.9223700394E-02  -1.5347219929E-01
   12      6.5803326116E-05  -1.2357624735E-02  -1.4498959428E-07   2.0506654955E-06   7.1759987775E-04
   13     -1.2357101553E-02  -6.5781898184E-05   7.0625507702E-08   7.2012778104E-04  -2.0158254536E-06
   14     -9.0342882293E-07   2.2643907476E-07  -2.3741280842E-02   1.6689900641E-05   3.2229521437E-08
   15     -6.1411382445E-05   1.1527289204E-02  -6.5361829722E-08  -8.0832100339E-06  -2.8382729769E-03
   16      1.1527454793E-02   6.1431003080E-05  -3.4040179650E-08  -2.8362293643E-03   8.0078924061E-06
   17     -8.5794720696E-07   1.5803268745E-07  -3.0551089658E-02  -2.7477255703E-06   8.7777786600E-08
                   15                 16                 17        
     0     -1.2287111387E-06   3.6452484898E-04   9.7378001321E-02
     1      4.7230140025E-04   9.7383415731E-02  -3.6453843107E-04
     2     -1.3384732003E-02   9.2484011004E-05  -9.3913507762E-07
     3     -4.3016380068E-07   1.3990298322E-04   3.8477791542E-02
     4     -5.7774684950E-01  -8.0320034305E-01   2.9944149963E-03
     5      6.1737980434E-02   9.4544071217E-02  -3.5267933764E-04
     6     -4.9546700910E-01   3.6602418115E-01  -5.9636974291E-01
     7      2.8615111824E-01  -1.7278822190E-01   3.6637706218E-01
     8      6.1061269495E-02  -4.7437246950E-02   8.2336662101E-02
     9      4.9548206644E-01  -3.7047449540E-01  -5.9360759767E-01
    10      2.8616030878E-01  -1.7551889794E-01  -3.6506092165E-01
    11      6.1059941282E-02  -4.8048980241E-02  -8.1973920975E-02
    12      2.0959113178E-08   4.2887235611E-09   7.4365277382E-06
    13     -2.0252259526E-06   6.5822578485E-06  -3.6699768321E-08
    14     -7.6844205231E-04  -4.5338471687E-06   2.2291141009E-08
    15     -3.8383317149E-08  -1.7667886808E-06  -4.8211788919E-04
    16     -6.4273043300E-06  -4.8352692602E-04   1.8282050738E-06
    17      1.4093733161E-04  -2.0725928676E-08   1.8285147420E-08

#
# The atoms: label  mass x y z (in bohrs)
#
$atoms
6
 C     12.01100      0.000000479855     0.000051427037    -0.872105630422
 H      1.00800      0.000000240048     2.021991751324    -1.090525769627
 H      1.00800      1.751063903189    -1.010887165327    -1.090543956436
 H      1.00800     -1.751063357994    -1.010887127728    -1.090544181231
 Cl    35.45300     -0.000000073376    -0.000011454171     2.931134285486
 F     18.99800     -0.000000208110    -0.000022676248    -4.744965589945

$actual_temperature
  0.000000

$frequency_scale_factor
  1.000000


$end

