
$orca_hessian_file

$act_atom
  0

$act_coord
  0

$act_energy
      -13.143097

$multiplicity
  1

$hessian
18
                    0                  1                  2                  3                  4        
    0      4.7670014050E-01   1.1174078200E-02  -4.2385628600E-02  -4.2490105100E-02   1.2271566700E-02
    1      1.1174078200E-02   4.8960930130E-01   2.4469675800E-02   1.6144314100E-02  -2.8976153030E-01
    2     -4.2385628600E-02   2.4469675800E-02   2.4014959640E-01  -8.5705760000E-04   4.2579238100E-02
    3     -4.2490105100E-02   1.6144314100E-02  -8.5705760000E-04   4.4253751300E-02  -1.3962057300E-02
    4      1.2271566700E-02  -2.8976153030E-01   4.2579238100E-02  -1.3962057300E-02   3.2367341640E-01
    5     -1.2077126000E-03   4.5018675400E-02  -4.3217686400E-02   3.4090250000E-03  -5.0266387700E-02
    6     -1.6675249850E-01   7.3351160300E-02   9.7732365900E-02  -1.6052248000E-03   2.1990930000E-03
    7      7.3339239100E-02  -8.2226367000E-02  -5.6541464700E-02   2.3298077700E-02  -1.6639347200E-02
    8      9.9213339300E-02  -5.7337189900E-02  -8.8776676500E-02  -2.9218606000E-03   1.2702593000E-03
    9     -2.4041776700E-01  -1.0178910200E-01  -3.7321469900E-02  -1.6711260000E-04  -1.3109443000E-03
   10     -9.7941880800E-02  -9.1874938700E-02  -2.0523808700E-02  -2.9271451400E-02  -1.7774719700E-02
   11     -3.9560043500E-02  -2.1412018200E-02  -4.3220182100E-02   3.6992108000E-03   1.0284172000E-03
   12     -2.7840465400E-02   1.7949588000E-03  -8.8916344000E-03   1.7913660000E-04   1.2209661000E-03
   13      1.8136972000E-03  -2.5766565400E-02   5.1864206000E-03   4.4879431000E-03  -8.2636410000E-04
   14     -1.6447647800E-02   9.4936736000E-03  -5.8549116300E-02  -3.5410548000E-03   5.4984802000E-03
   15      8.0069550000E-04  -6.7540940000E-04  -8.2765754000E-03  -1.7044530000E-04  -4.1862420000E-04
   16     -6.5670040000E-04   2.0100100000E-05   4.8299388000E-03  -6.9682620000E-04   1.3285449000E-03
   17      3.8769310000E-04  -2.3281680000E-04  -6.3859351000E-03   2.1173720000E-04  -1.1000700000E-04
                    5                  6                  7                  8                  9        
    0     -1.2077126000E-03  -1.6675249850E-01   7.3339239100E-02   9.9213339300E-02  -2.4041776700E-01
    1      4.5018675400E-02   7.3351160300E-02  -8.2226367000E-02  -5.7337189900E-02  -1.0178910200E-01
    2     -4.3217686400E-02   9.7732365900E-02  -5.6541464700E-02  -8.8776676500E-02  -3.7321469900E-02
    3      3.4090250000E-03  -1.6052248000E-03   2.3298077700E-02  -2.9218606000E-03  -1.6711260000E-04
    4     -5.0266387700E-02   2.1990930000E-03  -1.6639347200E-02   1.2702593000E-03  -1.3109443000E-03
    5      5.4600589300E-02   1.1391099000E-03  -1.4231505900E-02   4.9742378000E-03   9.5441980000E-04
    6      1.1391099000E-03   1.8978381530E-01  -8.2977587800E-02  -1.0709913910E-01  -2.3913409000E-02
    7     -1.4231505900E-02  -8.2977587800E-02   9.4198310400E-02   6.1890724100E-02  -1.0656729900E-02
    8      4.9742378000E-03  -1.0709913910E-01   6.1890724100E-02   1.0494955060E-01  -2.5524797000E-03
    9      9.5441980000E-04  -2.3913409000E-02  -1.0656729900E-02  -2.5524797000E-03   2.6611783220E-01
   10     -3.7150581000E-03   1.0441467800E-02   5.6888737000E-03   1.8947800000E-03   1.1392078260E-01
   11      2.2252094000E-03   1.2891080400E-02   6.1160074000E-03   4.9728911000E-03   4.5203710100E-02
   12     -4.0440562000E-03   5.1772184000E-03  -2.9441380000E-03   7.5106548000E-03  -3.0481473000E-03
   13      2.2748803100E-02  -2.9560929000E-03   1.7480642000E-03  -4.3412301000E-03  -6.6022240000E-04
   14     -1.7700076900E-02  -3.4676440000E-03   2.0720977000E-03  -2.0748190500E-02  -6.4815085000E-03
   15     -2.5078590000E-04  -2.6899014000E-03  -5.8861100000E-05   5.8494853000E-03   1.4286038000E-03
   16      4.4547320000E-04  -5.8040400000E-05  -2.7695340000E-03  -3.3773433000E-03   4.9621600000E-04
   17     -8.8227320000E-04  -1.1957731000E-03   6.9414150000E-04  -5.3718126000E-03   1.9732820000E-04
                   10                 11                 12                 13                 14        
    0     -9.7941880800E-02  -3.9560043500E-02  -2.7840465400E-02   1.8136972000E-03  -1.6447647800E-02
    1     -9.1874938700E-02  -2.1412018200E-02   1.7949588000E-03  -2.5766565400E-02   9.4936736000E-03
    2     -2.0523808700E-02  -4.3220182100E-02  -8.8916344000E-03   5.1864206000E-03  -5.8549116300E-02
    3     -2.9271451400E-02   3.6992108000E-03   1.7913660000E-04   4.4879431000E-03  -3.5410548000E-03
    4     -1.7774719700E-02   1.0284172000E-03   1.2209661000E-03  -8.2636410000E-04   5.4984802000E-03
    5     -3.7150581000E-03   2.2252094000E-03  -4.0440562000E-03   2.2748803100E-02  -1.7700076900E-02
    6      1.0441467800E-02   1.2891080400E-02   5.1772184000E-03  -2.9560929000E-03  -3.4676440000E-03
    7      5.6888737000E-03   6.1160074000E-03  -2.9441380000E-03   1.7480642000E-03   2.0720977000E-03
    8      1.8947800000E-03   4.9728911000E-03   7.5106548000E-03  -4.3412301000E-03  -2.0748190500E-02
    9      1.1392078260E-01   4.5203710100E-02  -3.0481473000E-03  -6.6022240000E-04  -6.4815085000E-03
   10      1.0187004920E-01   2.2124728300E-02   2.6257911000E-03   2.3812931000E-03   3.4521950000E-04
   11      2.2124728300E-02   5.4587483100E-02  -2.1727798100E-02  -7.8575775000E-03  -1.7686649800E-02
   12      2.6257911000E-03  -2.1727798100E-02   2.4113444900E-02  -2.4748205000E-03   2.5668424700E-02
   13      2.3812931000E-03  -7.8575775000E-03  -2.4748205000E-03   2.1279336000E-02  -1.4878908600E-02
   14      3.4521950000E-04  -1.7686649800E-02   2.5668424700E-02  -1.4878908600E-02   1.2451855650E-01
   15      2.2529070000E-04  -5.0615970000E-04   1.4188128000E-03  -2.1050440000E-04   4.2694304000E-03
   16     -2.9055770000E-04   4.4280000000E-07  -2.2275750000E-04   1.1842363000E-03  -2.5305624000E-03
   17     -1.2586110000E-04  -8.7875180000E-04   1.4844092000E-03  -8.5750750000E-04  -9.8345231000E-03
                   15                 16                 17        
     0      8.0069550000E-04  -6.5670040000E-04   3.8769310000E-04
     1     -6.7540940000E-04   2.0100100000E-05  -2.3281680000E-04
     2     -8.2765754000E-03   4.8299388000E-03  -6.3859351000E-03
     3     -1.7044530000E-04  -6.9682620000E-04   2.1173720000E-04
     4     -4.1862420000E-04   1.3285449000E-03  -1.1000700000E-04
     5     -2.5078590000E-04   4.4547320000E-04  -8.8227320000E-04
     6     -2.6899014000E-03  -5.8040400000E-05  -1.1957731000E-03
     7     -5.8861100000E-05  -2.7695340000E-03   6.9414150000E-04
     8      5.8494853000E-03  -3.3773433000E-03  -5.3718126000E-03
     9      1.4286038000E-03   4.9621600000E-04   1.9732820000E-04
    10      2.2529070000E-04  -2.9055770000E-04  -1.2586110000E-04
    11     -5.0615970000E-04   4.4280000000E-07  -8.7875180000E-04
    12      1.4188128000E-03  -2.2275750000E-04   1.4844092000E-03
    13     -2.1050440000E-04   1.1842363000E-03  -8.5750750000E-04
    14      4.2694304000E-03  -2.5305624000E-03  -9.8345231000E-03
    15     -7.8776530000E-04   1.1381085000E-03  -1.0853946000E-03
    16      1.1381085000E-03   5.2721040000E-04   6.3205090000E-04
    17     -1.0853946000E-03   6.3205090000E-04   2.3353295800E-02

$vibrational_frequencies
18
    0        0.0000000000000000
    1        0.0000000000000000
    2        0.0000000000000000
    3        0.0000000000000000
    4        0.0000000000000000
    5        0.0000000000000000
    6     -169.5659097484922313
    7      151.4771634754461047
    8      208.2986411126816790
    9      553.6134566913365234
   10      811.5282547939331153
   11      979.8668340096155589
   12     1267.4042354480498034
   13     1424.0277203131768147
   14     1435.5596912362468629
   15     2958.5217539156997191
   16     3057.7570641792999595
   17     3066.3624750929225229

$normal_modes
18 18
                    0                  1                  2                  3                  4        
    0      0.0000000000E+00   0.0000000000E+00   0.0000000000E+00   0.0000000000E+00   0.0000000000E+00
    1      0.0000000000E+00   0.0000000000E+00   0.0000000000E+00   0.0000000000E+00   0.0000000000E+00
    2      0.0000000000E+00   0.0000000000E+00   0.0000000000E+00   0.0000000000E+00   0.0000000000E+00
    3      0.0000000000E+00   0.0000000000E+00   0.0000000000E+00   0.0000000000E+00   0.0000000000E+00
    4      0.0000000000E+00   0.0000000000E+00   0.0000000000E+00   0.0000000000E+00   0.0000000000E+00
    5      0.0000000000E+00   0.0000000000E+00   0.0000000000E+00   0.0000000000E+00   0.0000000000E+00
    6      0.0000000000E+00   0.0000000000E+00   0.0000000000E+00   0.0000000000E+00   0.0000000000E+00
    7      0.0000000000E+00   0.0000000000E+00   0.0000000000E+00   0.0000000000E+00   0.0000000000E+00
    8      0.0000000000E+00   0.0000000000E+00   0.0000000000E+00   0.0000000000E+00   0.0000000000E+00
    9      0.0000000000E+00   0.0000000000E+00   0.0000000000E+00   0.0000000000E+00   0.0000000000E+00
   10      0.0000000000E+00   0.0000000000E+00   0.0000000000E+00   0.0000000000E+00   0.0000000000E+00
   11      0.0000000000E+00   0.0000000000E+00   0.0000000000E+00   0.0000000000E+00   0.0000000000E+00
   12      0.0000000000E+00   0.0000000000E+00   0.0000000000E+00   0.0000000000E+00   0.0000000000E+00
   13      0.0000000000E+00   0.0000000000E+00   0.0000000000E+00   0.0000000000E+00   0.0000000000E+00
   14      0.0000000000E+00   0.0000000000E+00   0.0000000000E+00   0.0000000000E+00   0.0000000000E+00
   15      0.0000000000E+00   0.0000000000E+00   0.0000000000E+00   0.0000000000E+00   0.0000000000E+00
   16      0.0000000000E+00   0.0000000000E+00   0.0000000000E+00   0.0000000000E+00   0.0000000000E+00
   17      0.0000000000E+00   0.0000000000E+00   0.0000000000E+00   0.0000000000E+00   0.0000000000E+00
                    5                  6                  7                  8                  9        
    0      0.0000000000E+00  -2.8276136079E-01  -9.4908120901E-02   5.8390315843E-02   1.7496852644E-01
    1      0.0000000000E+00   1.6352321570E-01  -1.6390001357E-01  -3.2621678871E-02  -1.0176273970E-01
    2      0.0000000000E+00   1.1343184187E-01  -1.9554870515E-04   2.4455238742E-01   6.2431515988E-01
    3      0.0000000000E+00  -3.4972680174E-01   3.9058897101E-01   5.2833149817E-02   1.4671892469E-01
    4      0.0000000000E+00   1.9710516362E-01  -1.7690373037E-01  -3.3133327421E-02  -1.2448266388E-01
    5      0.0000000000E+00   2.7300711273E-01  -2.0953644921E-01   2.4346582613E-01   3.7124523929E-01
    6      0.0000000000E+00  -4.8106877987E-01  -3.5441054374E-01   3.0359108860E-02   7.5501373145E-02
    7      0.0000000000E+00   2.7831887111E-01  -6.1284817405E-01  -1.3432985842E-02  -4.5281069694E-02
    8      0.0000000000E+00  -2.7268189783E-01  -1.9664888157E-04   1.8228621299E-01   3.9041870596E-01
    9      0.0000000000E+00  -3.4499314591E-01  -3.4857569175E-01   5.8556928745E-02   1.7893567596E-01
   10      0.0000000000E+00   2.0435633541E-01   2.5034443709E-01  -3.1657993995E-02  -6.2910589864E-02
   11      0.0000000000E+00   2.7277811850E-01   2.0936346532E-01   2.4141778785E-01   3.7244841291E-01
   12      0.0000000000E+00   6.5386895944E-02   2.1404928208E-02  -4.2978996568E-02  -6.1149490570E-02
   13      0.0000000000E+00  -3.7813398173E-02   3.6963547013E-02   2.4635560637E-02   3.5453568599E-02
   14      0.0000000000E+00  -3.4214591193E-02   2.6965553064E-04   3.3354376194E-01  -2.3151525982E-01
   15      0.0000000000E+00   1.1913254658E-01   3.6633801609E-02   3.5768244069E-02  -1.7790257050E-02
   16      0.0000000000E+00  -6.8886069665E-02   6.3262299076E-02  -2.1198833804E-02   1.0520718867E-02
   17      0.0000000000E+00  -2.2355411684E-02  -3.5997327032E-04  -8.1245146347E-01  -2.2840516689E-02
                   10                 11                 12                 13                 14        
    0     -1.1284403032E-01  -5.5961740373E-02   2.3670493134E-03  -3.4095031828E-02  -6.6230366637E-02
    1      6.5196380260E-02  -9.6812168610E-02  -1.3927297241E-03  -5.8842528328E-02   3.8337303693E-02
    2      2.1541015193E-02  -3.8315804337E-05  -9.6175213580E-02  -2.0383878426E-05   2.0689192734E-03
    3      7.7356328064E-02   2.4017253984E-01  -2.0826831524E-03   2.9614722604E-01   6.8222929589E-01
    4     -5.0511684589E-04   5.5604132260E-02   1.1351897784E-01  -6.4565401220E-02   6.4224124769E-02
    5     -2.9894203508E-01   6.3088672014E-01   6.1523936594E-01  -3.3713865648E-01   7.1734141988E-02
    6      3.1516772906E-01   1.3214157809E-01   2.2321907478E-01   3.8252753610E-01  -1.1494183074E-01
    7     -1.8193621282E-01   2.2858775095E-01  -1.2882765020E-01   6.6238244204E-01   6.5578113433E-02
    8      8.1156130556E-01   3.2879836850E-05   3.7518619016E-01  -4.6803244911E-04  -1.6302573640E-01
    9      3.8960437866E-02  -7.1873242680E-02  -9.9442774280E-02  -2.0329658976E-01   2.8545050540E-01
   10     -6.6774229206E-02   2.3567618005E-01  -5.4693230925E-02   2.2334926388E-01  -6.2352002243E-01
   11     -2.9881218054E-01  -6.3073553406E-01   6.1569712747E-01   3.3695125551E-01   7.1266920005E-02
   12      2.1606381759E-02   1.0641876655E-02  -5.0394549889E-03  -1.4466766360E-03  -1.5614379896E-03
   13     -1.2485643667E-02   1.8409444542E-02   2.9085584577E-03  -2.5130764054E-03   9.0540424482E-04
   14     -8.1516194514E-03   7.7127118893E-06  -1.1774303555E-02   2.2477139870E-05  -5.5792055579E-04
   15      8.1283411261E-03  -4.1974900844E-04   1.4509949535E-03  -9.6729885747E-04  -4.5843139247E-04
   16     -4.6958056124E-03  -7.3092367264E-04  -8.3309441920E-04  -1.6781729443E-03   2.6839010175E-04
   17     -9.7508851321E-03   6.4948949722E-08  -2.4411406882E-03   5.7177393724E-06   7.9561216316E-04
                   15                 16                 17        
     0     -5.3512192969E-02  -5.3020489860E-02   4.6162024673E-02
     1      3.0919350089E-02   3.1650828188E-02   7.8663383162E-02
     2      3.9985879037E-02  -1.4770789728E-02   1.4841293505E-04
     3     -2.5931540936E-02   1.0289397372E-02   5.8732792243E-02
     4      6.2887270892E-02  -7.0066288037E-01  -6.8272449661E-01
     5      3.0245421640E-03   1.2264635854E-01   1.2395177140E-01
     6      7.3919010684E-01   2.8330846270E-02   2.2272302289E-02
     7     -4.2726000003E-01  -1.5845901603E-02   3.9068832218E-02
     8     -5.0632904161E-01  -4.1215625540E-02   3.6295766092E-04
     9     -6.7328271670E-02   6.0020825788E-01  -6.3297525757E-01
    10     -8.9020625505E-03   3.3535656767E-01  -2.9688638651E-01
    11      3.0285704865E-03   1.2010535058E-01  -1.2622573712E-01
    12      2.2714114412E-04  -2.6994923741E-04   1.1318202038E-04
    13     -1.3035202974E-04   1.5678950748E-04   1.9123223050E-04
    14      5.7269808560E-04  -7.4122707846E-04   4.1547508760E-06
    15     -8.6407105071E-04   1.2951281628E-04  -1.0942184281E-04
    16      5.0058146183E-04  -7.9762277615E-05  -1.8629666906E-04
    17      1.9496147274E-04   2.8545467448E-05  -1.8896862194E-07

#
# The atoms: label  mass x y z (in bohrs)
#
$atoms
6
 C     12.01100     -0.596986098672     0.344913587823    -0.378240610750
 H      1.00800     -0.712612048797     2.354857390614    -0.755859586664
 H      1.00800      0.864687441358    -0.499868206045    -1.552226980400
 H      1.00800     -2.396177435884    -0.558665405445    -0.755460838782
 Cl    35.45300      0.041155410431    -0.023378771008     2.944056695079
 F     18.99800      0.419695342921    -0.243215280775    -5.092353839869

$actual_temperature
  0.000000

$frequency_scale_factor
  1.000000


$end

