*************************************************
******************* ORCA 6.1.0 ******************
*************************************************
$Calculation_Status
   &GeometryIndex 0
   &version [&Type "String"] "6.1.0"
   &progName [&Type "String"] "orca"
   &Status [&Type "String"] "NORMAL TERMINATION"
$End
$Geometry
   &GeometryIndex 1
   &NAtoms [&Type "Integer"] 6
   &NCorelessECP [&Type "Integer"] 0
   &NGhostAtoms [&Type "Integer"] 0
   &CartesianCoordinates [&Type "Coordinates", &Dim(6,4), &Units "Bohr"] 
              C      0.000000000000    0.000000000000   -0.175064229046
              H      0.000000000000    2.050352855305    0.000000000000
              H      1.775658485025   -1.025176427652    0.000000000000
              H     -1.775658485025   -1.025176427652    0.000000000000
              Cl     0.000000000000    0.000000000000    3.861390793009
              F      0.000000000000    0.000000000000   -3.773858678486
$End
$Single_Point_Data
   &GeometryIndex 1
   &FinalEnergy [&Type "Double"]      -1.3148785343960000e+01  "Final single point energy"
   &Converged [&Type "Boolean"] true
$End
$Hessian
   &GeometryIndex 1
   &HESSIAN [&Type "ArrayOfDoubles", &Dim (18,18)] "The Hessian"
                                                         0                           1                           2                           3                           4                           5                           6                           7

0                                      5.2985211960000000e-01        -8.5999999999999993e-09        -1.8337999999999999e-06        -4.5307225000000000e-02        -1.3200000000000001e-06        -4.8000000000000000e-09        -2.2488510110000001e-01         1.0368046600000000e-01
1                                     -8.5999999999999993e-09         5.2985597439999998e-01         1.5172500000000001e-05        -1.3358000000000000e-06        -2.8473756420000002e-01        -2.2947770600000000e-02         1.0368860970000000e-01        -1.0517676469999999e-01
2                                     -1.8337999999999999e-06         1.5172500000000001e-05        -9.2068129999999995e-03         1.8600000000000001e-08        -2.0164368500000002e-02        -1.1990984400000000e-02        -1.7475588600000001e-02         1.0059441500000000e-02
3                                     -4.5307225000000000e-02        -1.3358000000000000e-06         1.8600000000000001e-08         4.2325088499999997e-02         1.4632000000000000e-06         1.1840000000000000e-07         9.6334459999999997e-04         2.3880209999999999e-02
4                                     -1.3200000000000001e-06        -2.8473756420000002e-01        -2.0164368500000002e-02         1.4632000000000000e-06         3.0899875580000002e-01         1.7217159300000000e-02        -6.7100910000000001e-04        -1.2446943000000000e-02
5                                     -4.8000000000000000e-09        -2.2947770600000000e-02        -1.1990984400000000e-02         1.1840000000000000e-07         1.7217159300000000e-02         5.0674066500000003e-02        -2.9311799999999998e-04         1.2546994000000001e-03
6                                     -2.2488510110000001e-01         1.0368860970000000e-01        -1.7475588600000001e-02         9.6334459999999997e-04        -6.7100910000000001e-04        -2.9311799999999998e-04         2.4230367799999999e-01        -1.1549456140000000e-01
7                                      1.0368046600000000e-01        -1.0517676469999999e-01         1.0059441500000000e-02         2.3880209999999999e-02        -1.2446943000000000e-02         1.2546994000000001e-03        -1.1549456140000000e-01         1.0901482290000000e-01
8                                     -1.9874897700000001e-02         1.1476691600000000e-02        -1.1990884600000000e-02         9.4297260000000003e-04        -8.8106489999999996e-04         1.5531340000000000e-04         1.4908895500000000e-02        -8.6123091999999995e-03
9                                     -2.2488701740000000e-01        -1.0368727190000000e-01         1.7477170399999999e-02         9.6308579999999997e-04         6.7086469999999999e-04         2.9312750000000002e-04        -1.9102034699999999e-02        -1.2259882099999999e-02
10                                    -1.0367914480000000e-01        -1.0517458840000000e-01         1.0059967400000000e-02        -2.3880348499999999e-02        -1.2446706599999999e-02         1.2548651000000000e-03         1.2260153300000000e-02         7.6803853999999998e-03
11                                     1.9876498300000000e-02         1.1477154700000001e-02        -1.1991108000000000e-02        -9.4299149999999997e-04        -8.8105849999999995e-04         1.5531930000000000e-04        -1.2374816999999999e-03        -3.7897380000000001e-04
12                                    -1.4282919200000001e-02         1.5300000000000001e-08         6.3399999999999999e-08        -7.8401199999999997e-05         6.6000000000000004e-09        -1.4899999999999999e-08        -1.0451582000000001e-03         5.5821169999999999e-04
13                                     4.0000000000000002e-09        -1.4279892799999999e-02         1.5043000000000000e-05         4.5699999999999999e-08        -1.3557663999999999e-03         1.4632092200000000e-02         5.7012480000000003e-04        -4.0837030000000002e-04
14                                     7.3599999999999997e-08        -2.2207700000000001e-05         1.2510088000000001e-02        -6.8400000000000004e-08         5.6827867999999998e-03        -2.6154875500000001e-02         4.9410028000000002e-03        -2.8081502000000002e-03
15                                    -2.0489856899999999e-02        -8.5999999999999993e-09         1.6999999999999999e-07         1.1341073000000000e-03        -5.3000000000000003e-09        -1.0830000000000000e-07         1.7652714000000000e-03        -3.6444420000000002e-04
16                                     3.3999999999999998e-09        -2.0487164200000001e-02         1.4744200000000000e-05        -3.4499999999999998e-08         1.9882243999999999e-03        -1.1411045400000000e-02        -3.5331730000000001e-04         1.3368697999999999e-03
17                                     1.6450000000000000e-07         9.5960000000000010e-07         3.2669701900000001e-02        -4.9800000000000003e-08        -9.7345430000000000e-04        -1.2838839400000000e-02        -8.4370989999999998e-04         4.8529239999999999e-04
                                                         8                           9                          10                          11                          12                          13                          14                          15

0                                     -1.9874897700000001e-02        -2.2488701740000000e-01        -1.0367914480000000e-01         1.9876498300000000e-02        -1.4282919200000001e-02         4.0000000000000002e-09         7.3599999999999997e-08        -2.0489856899999999e-02
1                                      1.1476691600000000e-02        -1.0368727190000000e-01        -1.0517458840000000e-01         1.1477154700000001e-02         1.5300000000000001e-08        -1.4279892799999999e-02        -2.2207700000000001e-05        -8.5999999999999993e-09
2                                     -1.1990884600000000e-02         1.7477170399999999e-02         1.0059967400000000e-02        -1.1991108000000000e-02         6.3399999999999999e-08         1.5043000000000000e-05         1.2510088000000001e-02         1.6999999999999999e-07
3                                      9.4297260000000003e-04         9.6308579999999997e-04        -2.3880348499999999e-02        -9.4299149999999997e-04        -7.8401199999999997e-05         4.5699999999999999e-08        -6.8400000000000004e-08         1.1341073000000000e-03
4                                     -8.8106489999999996e-04         6.7086469999999999e-04        -1.2446706599999999e-02        -8.8105849999999995e-04         6.6000000000000004e-09        -1.3557663999999999e-03         5.6827867999999998e-03        -5.3000000000000003e-09
5                                      1.5531340000000000e-04         2.9312750000000002e-04         1.2548651000000000e-03         1.5531930000000000e-04        -1.4899999999999999e-08         1.4632092200000000e-02        -2.6154875500000001e-02        -1.0830000000000000e-07
6                                      1.4908895500000000e-02        -1.9102034699999999e-02         1.2260153300000000e-02        -1.2374816999999999e-03        -1.0451582000000001e-03         5.7012480000000003e-04         4.9410028000000002e-03         1.7652714000000000e-03
7                                     -8.6123091999999995e-03        -1.2259882099999999e-02         7.6803853999999998e-03        -3.7897380000000001e-04         5.5821169999999999e-04        -4.0837030000000002e-04        -2.8081502000000002e-03        -3.6444420000000002e-04
8                                      5.0674024400000003e-02         1.2376110000000000e-03        -3.7907069999999998e-04         1.5540450000000000e-04         1.2669634600000000e-02        -7.3129665000000003e-03        -2.6155034500000000e-02        -9.8842158999999999e-03
9                                      1.2376110000000000e-03         2.4230588380000001e-01         1.1549310900000000e-01        -1.4910327700000000e-02        -1.0452816000000001e-03        -5.7016939999999996e-04        -4.9412008000000000e-03         1.7653642000000000e-03
10                                    -3.7907069999999998e-04         1.1549310900000000e-01         1.0901241010000000e-01        -8.6129594999999996e-03        -5.5821810000000001e-04        -4.0836019999999999e-04        -2.8080825000000001e-03         3.6444910000000001e-04
11                                     1.5540450000000000e-04        -1.4910327700000000e-02        -8.6129594999999996e-03         5.0674222499999998e-02        -1.2669876700000001e-02        -7.3128029999999997e-03        -2.6154922399999999e-02         9.8841793000000004e-03
12                                     1.2669634600000000e-02        -1.0452816000000001e-03        -5.5821810000000001e-04        -1.2669876700000001e-02         1.3697065400000000e-02        -8.7999999999999994e-09         2.9320000000000000e-07         2.7546948000000001e-03
13                                    -7.3129665000000003e-03        -5.7016939999999996e-04        -4.0836019999999999e-04        -7.3128029999999997e-03        -8.7999999999999994e-09         1.3697527300000000e-02        -2.2289400000000000e-05         3.6000000000000000e-09
14                                    -2.6155034500000000e-02        -4.9412008000000000e-03        -2.8080825000000001e-03        -2.6154922399999999e-02         2.9320000000000000e-07        -2.2289400000000000e-05         9.4279085900000004e-02        -1.0050000000000001e-07
15                                    -9.8842158999999999e-03         1.7653642000000000e-03         3.6444910000000001e-04         9.8841793000000004e-03         2.7546948000000001e-03         3.6000000000000000e-09        -1.0050000000000001e-07         1.3070419300000000e-02
16                                     5.7087196999999999e-03         3.5334979999999998e-04         1.3368596999999999e-03         5.7086400999999997e-03        -6.7999999999999997e-09         2.7548624000000000e-03        -2.2056999999999999e-05         5.4999999999999996e-09
17                                    -1.2838823300000000e-02         8.4361950000000005e-04         4.8528010000000002e-04        -1.2838916100000000e-02        -9.9600000000000005e-08         9.2370000000000005e-07        -2.8324341600000000e-02         7.5300000000000006e-08
                                                        16                          17

0                                      3.3999999999999998e-09         1.6450000000000000e-07
1                                     -2.0487164200000001e-02         9.5960000000000010e-07
2                                      1.4744200000000000e-05         3.2669701900000001e-02
3                                     -3.4499999999999998e-08        -4.9800000000000003e-08
4                                      1.9882243999999999e-03        -9.7345430000000000e-04
5                                     -1.1411045400000000e-02        -1.2838839400000000e-02
6                                     -3.5331730000000001e-04        -8.4370989999999998e-04
7                                      1.3368697999999999e-03         4.8529239999999999e-04
8                                      5.7087196999999999e-03        -1.2838823300000000e-02
9                                      3.5334979999999998e-04         8.4361950000000005e-04
10                                     1.3368596999999999e-03         4.8528010000000002e-04
11                                     5.7086400999999997e-03        -1.2838916100000000e-02
12                                    -6.7999999999999997e-09        -9.9600000000000005e-08
13                                     2.7548624000000000e-03         9.2370000000000005e-07
14                                    -2.2056999999999999e-05        -2.8324341600000000e-02
15                                     5.4999999999999996e-09         7.5300000000000006e-08
16                                     1.3070347800000000e-02         9.9840000000000005e-07
17                                     9.9840000000000005e-07         3.4171218400000002e-02
   &MODES [&Type "ArrayOfDoubles", &Dim (18,18)] "The modes of vibrations"
                                                         0                           1                           2                           3                           4                           5                           6                           7

0                                      0.0000000000000000e+00         0.0000000000000000e+00         0.0000000000000000e+00         0.0000000000000000e+00         0.0000000000000000e+00         0.0000000000000000e+00        -7.2911897539415455e-07        -2.2289995072602514e-01
1                                      0.0000000000000000e+00         0.0000000000000000e+00         0.0000000000000000e+00         0.0000000000000000e+00         0.0000000000000000e+00         0.0000000000000000e+00        -1.1868844843735214e-04        -7.4888002470741401e-04
2                                      0.0000000000000000e+00         0.0000000000000000e+00         0.0000000000000000e+00         0.0000000000000000e+00         0.0000000000000000e+00         0.0000000000000000e+00        -2.5114938723331709e-01         4.7770264496212795e-07
3                                      0.0000000000000000e+00         0.0000000000000000e+00         0.0000000000000000e+00         0.0000000000000000e+00         0.0000000000000000e+00         0.0000000000000000e+00         1.3866080787212703e-07        -2.3977152824771111e-01
4                                      0.0000000000000000e+00         0.0000000000000000e+00         0.0000000000000000e+00         0.0000000000000000e+00         0.0000000000000000e+00         0.0000000000000000e+00        -1.5447248313354020e-02        -7.6144796686725320e-04
5                                      0.0000000000000000e+00         0.0000000000000000e+00         0.0000000000000000e+00         0.0000000000000000e+00         0.0000000000000000e+00         0.0000000000000000e+00        -1.2074065171860632e-02        -1.4716891622327524e-05
6                                      0.0000000000000000e+00         0.0000000000000000e+00         0.0000000000000000e+00         0.0000000000000000e+00         0.0000000000000000e+00         0.0000000000000000e+00        -1.3330197255385277e-02        -2.2993489694644831e-01
7                                      0.0000000000000000e+00         0.0000000000000000e+00         0.0000000000000000e+00         0.0000000000000000e+00         0.0000000000000000e+00         0.0000000000000000e+00         7.4231166429272223e-03        -6.4847960909341085e-03
8                                      0.0000000000000000e+00         0.0000000000000000e+00         0.0000000000000000e+00         0.0000000000000000e+00         0.0000000000000000e+00         0.0000000000000000e+00        -1.2081416159686723e-02        -3.9831932639884096e-03
9                                      0.0000000000000000e+00         0.0000000000000000e+00         0.0000000000000000e+00         0.0000000000000000e+00         0.0000000000000000e+00         0.0000000000000000e+00         1.3330425622003988e-02        -2.2989632487972306e-01
10                                     0.0000000000000000e+00         0.0000000000000000e+00         0.0000000000000000e+00         0.0000000000000000e+00         0.0000000000000000e+00         0.0000000000000000e+00         7.4230883787596508e-03         4.8958316700425065e-03
11                                     0.0000000000000000e+00         0.0000000000000000e+00         0.0000000000000000e+00         0.0000000000000000e+00         0.0000000000000000e+00         0.0000000000000000e+00        -1.2081250290802949e-02         4.0001607493162688e-03
12                                     0.0000000000000000e+00         0.0000000000000000e+00         0.0000000000000000e+00         0.0000000000000000e+00         0.0000000000000000e+00         0.0000000000000000e+00         1.1017365511463973e-07         4.5372190137741811e-02
13                                     0.0000000000000000e+00         0.0000000000000000e+00         0.0000000000000000e+00         0.0000000000000000e+00         0.0000000000000000e+00         0.0000000000000000e+00         2.7454555290329955e-05         1.5243704293714427e-04
14                                     0.0000000000000000e+00         0.0000000000000000e+00         0.0000000000000000e+00         0.0000000000000000e+00         0.0000000000000000e+00         0.0000000000000000e+00         2.9813217744060989e-02         8.1900010841229147e-07
15                                     0.0000000000000000e+00         0.0000000000000000e+00         0.0000000000000000e+00         0.0000000000000000e+00         0.0000000000000000e+00         0.0000000000000000e+00         2.3589313468386109e-07         9.3371440324844665e-02
16                                     0.0000000000000000e+00         0.0000000000000000e+00         0.0000000000000000e+00         0.0000000000000000e+00         0.0000000000000000e+00         0.0000000000000000e+00         5.5693875327584318e-05         3.1369950417786397e-04
17                                     0.0000000000000000e+00         0.0000000000000000e+00         0.0000000000000000e+00         0.0000000000000000e+00         0.0000000000000000e+00         0.0000000000000000e+00         1.0506968664356797e-01        -1.9497997561483759e-06
                                                         8                           9                          10                          11                          12                          13                          14                          15

0                                      7.4888059157493872e-04         4.4678499428855357e-07        -1.4616567491972056e-02         9.0591699322100012e-04         1.2462423442164084e-07        -3.2889023843936477e-06         9.3711282014851419e-02         3.3219862005233921e-08
1                                     -2.2289988782345591e-01        -7.2011262487958045e-04        -9.0638527482066222e-04        -1.4623415185088392e-02         3.0491934831955813e-05        -9.3699676448503882e-02        -3.3029502028235502e-06        -3.6242693229841948e-05
2                                     -6.6434367215137036e-05         6.9173598023551025e-02        -1.0182342975774870e-06        -1.7237155784833267e-05         3.0284597063219905e-02        -4.4267158374413120e-05        -3.3630308943339250e-07         9.3520769246769296e-03
3                                      8.0560854394471715e-04         2.1664990588943158e-07         1.0886412240951171e-01        -6.7492120732903669e-03        -1.9140948611187188e-06         2.2609977646466180e-05        -7.5833027097574679e-01        -1.6158359409703327e-07
4                                     -2.2666459175044301e-01         6.2512779267997944e-03         3.0077817890342834e-03         4.8534167819547877e-02         3.4241880588449035e-02        -6.0770650418975586e-02         2.1673303337994596e-06        -5.7357908384622447e-01
5                                     -4.6181176572210967e-03        -1.7048397949990916e-03        -4.9481858053893713e-02        -7.9828096612727162e-01        -5.6150336141207535e-01         1.1298843675051201e-01         6.1073096019363284e-06        -3.3141263129777936e-02
6                                     -4.9495637234920854e-03         6.0751145326189008e-03         6.5243517929132244e-02         2.2224423031694897e-02         2.9525807547849229e-02         3.5485643662002553e-01        -1.4395218737963328e-01        -4.9693438798663797e-01
7                                     -2.3644164341283710e-01        -4.1584334752873854e-03         3.1935490975786053e-02         9.2215506758665522e-02        -1.7236174698598741e-02         5.5346080504310902e-01        -3.5468900532811104e-01         2.8707388756019464e-01
8                                      2.3145889678307650e-03        -1.6719718348692223e-03        -6.6669664397037376e-01         4.4218961981112948e-01        -5.6118652581041173e-01        -5.6728529110133458e-02        -9.7921834971278460e-02        -3.3167762977909084e-02
9                                      6.4943833351173144e-03        -6.0746628065803448e-03         6.2004321990116809e-02        -3.0109659921012961e-02        -2.9529554402427893e-02        -3.5484217593805961e-01        -1.4396907502779743e-01         4.9693399247545805e-01
10                                    -2.3647997799580772e-01        -4.1584228369053403e-03        -2.0303370860503666e-02         9.5456280425827739e-02        -1.7236127739753547e-02         5.5344293070663053e-01         3.5472361863202490e-01         2.8707384579239098e-01
11                                     2.2873549592232123e-03        -1.6715162311628298e-03         7.1620341320802050e-01         3.5646939150339280e-01        -5.6118442947197444e-01        -5.6731687433882745e-02         9.7919650719971413e-02        -3.3171195964852969e-02
12                                    -1.5243441767876100e-04        -8.3749416261552953e-08        -1.0128028700316915e-02         6.2779474105481711e-04         4.5791717499630752e-08         2.7922287658818804e-08        -1.5560768310076763e-03         2.5223685563881394e-08
13                                     4.5371907241094300e-02         1.4376503397140852e-04        -6.2779134792674952e-04        -1.0128128876607464e-02        -4.0579975531630850e-06         1.5567644020307563e-03         6.5515438926206350e-08        -1.9884549648171409e-06
14                                     3.3407015437151639e-04        -1.1082467330605722e-01        -9.7202271981966318e-08        -1.4720782487100126e-06         2.5367744028888830e-02         2.7870391449206575e-05         5.7892532252594012e-09        -6.3129586926955069e-04
15                                    -3.1370559828697596e-04        -1.6164277627647552e-07         1.5613629625803822e-02        -9.6782037087509928e-04         1.3611546450505934e-07         7.0926033555563136e-08        -8.3045956102865135e-04        -3.8514978138536239e-08
16                                     9.3371051062920915e-02         2.9658248239374495e-04         9.6782077452188726e-04         1.5613158764416645e-02         5.2083286073175678e-07         8.2812377431167744e-04         1.4429766721718872e-08        -3.5472691947079524e-06
17                                    -5.8056336868638305e-04         1.6334939316468547e-01        -4.9659695371476430e-07        -6.4135425026571077e-06         2.2856847396856859e-02         1.0084157826402589e-06        -6.3350220379386286e-09         5.4372041057159314e-04
                                                        16                          17

0                                     -5.6530183767565331e-06         9.2828941045945884e-02
1                                     -9.2836842738762596e-02        -5.6424552714746432e-06
2                                     -2.2738068490255926e-06        -3.2088896970928869e-07
3                                      2.0069859882988603e-06         3.7816701520113349e-02
4                                      7.6726285803511896e-01         4.2536598462600576e-05
5                                      5.5088210509820816e-02         2.9423356962017341e-06
6                                     -3.4834046275072073e-01        -5.6589476659255333e-01
7                                      1.6337045454912080e-01         3.4855464503930234e-01
8                                     -2.7527029684410856e-02        -4.7701294006251477e-02
9                                      3.4840500621751475e-01        -5.6585945077180755e-01
10                                     1.6340540125299866e-01        -3.4853059850075124e-01
11                                    -2.7534734243962213e-02         4.7702179806398445e-02
12                                     1.8402026311036398e-08        -8.0936248999281086e-05
13                                     8.0754671220547276e-05        -1.5604505285240870e-08
14                                     1.0241912806951487e-07        -5.3119825044498755e-10
15                                     8.5872344411347155e-09        -4.9531330119396099e-04
16                                     4.9527840975677488e-04         6.3635892300785853e-08
17                                    -1.5678099711162546e-07         7.5108205181180191e-10
$End
$THERMOCHEMISTRY_Energies
   &GeometryIndex 1
   &temperature [&Type "Double"]       2.9814999999999998e+02
   &pressure [&Type "Double"]       1.0000000000000000e+00
   &totalMass [&Type "Double"]       6.9486000000000004e+01
   &spinDegeneracy [&Type "Integer"] 1
   &elEnergy [&Type "Double"]      -1.3148785343960000e+01
   &transEnergy [&Type "Double"]       1.4162714244859817e-03
   &rotEnergy [&Type "Double"]       1.4162714244859817e-03
   &vibEnergy [&Type "Double"]       1.4083993148107507e-03
   &numOfFreqs [&Type "Integer"] 18
   &freqScalingFactor [&Type "Double"]       1.0000000000000000e+00
   &FREQ [&Type "ArrayOfDoubles", &Units "cm^-1", &Dim (18,1)] 
                                                         0

0                                      0.0000000000000000e+00
1                                      0.0000000000000000e+00
2                                      0.0000000000000000e+00
3                                      0.0000000000000000e+00
4                                      0.0000000000000000e+00
5                                      0.0000000000000000e+00
6                                     -2.5596110683442950e+02
7                                      2.7050214072372569e+02
8                                      2.7050608318883764e+02
9                                      3.0639729746894938e+02
10                                     1.1354981459456128e+03
11                                     1.1354987564980836e+03
12                                     1.1719741781454595e+03
13                                     1.3628917341884012e+03
14                                     1.3630690440009735e+03
15                                     2.9031446936814741e+03
16                                     2.9857387186849528e+03
17                                     2.9858265472224907e+03
   &zpe [&Type "Double"]       3.6202469648863402e-02
   &innerEnergyU [&Type "Double"]      -1.3108341932147356e+01
   &enthalpyH [&Type "Double"]      -1.3107397723105096e+01
   &qEl [&Type "Double"]       0.0000000000000000e+00
   &qRot [&Type "Double"]       1.0119246895501578e-02
   &qVib [&Type "Double"]       2.2702872126813011e-03
   &qTrans [&Type "Double"]       1.8355655740999458e-02
   &entropyS [&Type "Double"]       3.0745189849182338e-02
   &freeEnergyG [&Type "Double"]      -1.3138142912954279e+01
   &isLinear [&Type "Boolean"] false
$End
$Geometry
   &GeometryIndex 2
   &NAtoms [&Type "Integer"] 6
   &NCorelessECP [&Type "Integer"] 0
   &NGhostAtoms [&Type "Integer"] 0
   &CartesianCoordinates [&Type "Coordinates", &Dim(6,4), &Units "Bohr"] 
              C      0.000000870003    0.000016557155   -0.032171029355
              H      0.000000434203    2.037740896446   -0.062111984552
              H      1.764739720517   -1.018802873665   -0.062119145161
              H     -1.764739141733   -1.018803040878   -0.062119082922
              Cl    -0.000000925228   -0.000072606725    3.883119298360
              F     -0.000000957762   -0.000078932334   -3.752130170893
$End
$Single_Point_Data
   &GeometryIndex 2
   &FinalEnergy [&Type "Double"]      -1.3150093233160000e+01  "Final single point energy"
   &Converged [&Type "Boolean"] true
$End
$Geometry
   &GeometryIndex 3
   &NAtoms [&Type "Integer"] 6
   &NCorelessECP [&Type "Integer"] 0
   &NGhostAtoms [&Type "Integer"] 0
   &CartesianCoordinates [&Type "Coordinates", &Dim(6,4), &Units "Bohr"] 
              C      0.000000447057    0.000009587335    0.107365523525
              H      0.000000181331    2.016229463994   -0.116858796840
              H      1.746114048095   -1.008060621563   -0.116875561741
              H     -1.746113578953   -1.008060560072   -0.116876063587
              Cl    -0.000000408076   -0.000054544299    3.913984398575
              F     -0.000000689454   -0.000063325395   -3.758271614456
$End
$Single_Point_Data
   &GeometryIndex 3
   &FinalEnergy [&Type "Double"]      -1.3149991320070001e+01  "Final single point energy"
   &Converged [&Type "Boolean"] true
$End
$Geometry
   &GeometryIndex 4
   &NAtoms [&Type "Integer"] 6
   &NCorelessECP [&Type "Integer"] 0
   &NGhostAtoms [&Type "Integer"] 0
   &CartesianCoordinates [&Type "Coordinates", &Dim(6,4), &Units "Bohr"] 
              C      0.000000123268    0.000014760589    0.238487345091
              H     -0.000000012932    1.990457862244   -0.149747865468
              H      1.723787427985   -0.995170564734   -0.149763102570
              H     -1.723787233796   -0.995170437628   -0.149763610094
              Cl    -0.000000011340   -0.000061586188    3.924198203386
              F     -0.000000293184   -0.000070034283   -3.800943084870
$End
$Single_Point_Data
   &GeometryIndex 4
   &FinalEnergy [&Type "Double"]      -1.3148856179239999e+01  "Final single point energy"
   &Converged [&Type "Boolean"] true
$End
$Geometry
   &GeometryIndex 5
   &NAtoms [&Type "Integer"] 6
   &NCorelessECP [&Type "Integer"] 0
   &NGhostAtoms [&Type "Integer"] 0
   &CartesianCoordinates [&Type "Coordinates", &Dim(6,4), &Units "Bohr"] 
              C      0.000000025791    0.000015535907    0.322980491166
              H     -0.000000049190    1.970797900753   -0.167121062841
              H      1.706755134511   -0.985347322385   -0.167140719710
              H     -1.706755038873   -0.985347210301   -0.167141151776
              Cl     0.000000089577   -0.000054260947    3.918213248897
              F     -0.000000161815   -0.000064643027   -3.827322920259
$End
$Single_Point_Data
   &GeometryIndex 5
   &FinalEnergy [&Type "Double"]      -1.3147974015120001e+01  "Final single point energy"
   &Converged [&Type "Boolean"] true
$End
$Geometry
   &GeometryIndex 6
   &NAtoms [&Type "Integer"] 6
   &NCorelessECP [&Type "Integer"] 0
   &NGhostAtoms [&Type "Integer"] 0
   &CartesianCoordinates [&Type "Coordinates", &Dim(6,4), &Units "Bohr"] 
              C     -0.000000023882    0.000013670074    0.378962672910
              H     -0.000000081631    1.955077808037   -0.183295406231
              H      1.693137366828   -0.977497953128   -0.183318201584
              H     -1.693137326527   -0.977497835528   -0.183318540593
              Cl     0.000000138052   -0.000042392115    3.914486765303
              F     -0.000000072839   -0.000053297340   -3.831049404327
$End
$Single_Point_Data
   &GeometryIndex 6
   &FinalEnergy [&Type "Double"]      -1.3147252954830000e+01  "Final single point energy"
   &Converged [&Type "Boolean"] true
$End
$Hessian
   &GeometryIndex 6
   &HESSIAN [&Type "ArrayOfDoubles", &Dim (18,18)] "The Hessian"
                                                         0                           1                           2                           3                           4                           5                           6                           7

0                                      5.3180976329999996e-01         1.0000000000000001e-09        -1.4481000000000000e-06        -4.1283486299999998e-02        -1.0545000000000000e-06         4.3060000000000000e-07        -2.3084157699999999e-01         1.0944055780000000e-01
1                                      1.0000000000000001e-09         5.3179935140000001e-01         1.7560499999999999e-05        -1.0405000000000000e-06        -2.9402118880000000e-01         7.8098974200000004e-02         1.0944541889999999e-01        -1.0446882950000000e-01
2                                     -1.4481000000000000e-06         1.7560499999999999e-05         9.3176604299999993e-02         4.1810000000000002e-07         7.3496408200000002e-02        -3.5806410200000000e-02         6.3741179300000006e-02        -3.6777971899999998e-02
3                                     -4.1283486299999998e-02        -1.0405000000000000e-06         4.1810000000000002e-07         4.3771784699999997e-02         1.2016000000000001e-06        -3.3500000000000002e-07        -1.2813023000000001e-03         2.6011323999999999e-02
4                                     -1.0545000000000000e-06        -2.9402118880000000e-01         7.3496408200000002e-02         1.2016000000000001e-06         3.2591855130000003e-01        -7.8552628999999999e-02         1.5188396999999999e-03        -1.7162101499999999e-02
5                                      4.3060000000000000e-07         7.8098974200000004e-02        -3.5806410200000000e-02        -3.3500000000000002e-07        -7.8552628999999999e-02         6.4393311999999994e-02        -4.1904399999999998e-04        -5.8521850000000002e-03
6                                     -2.3084157699999999e-01         1.0944541889999999e-01         6.3741179300000006e-02        -1.2813023000000001e-03         1.5188396999999999e-03        -4.1904399999999998e-04         2.5545889610000000e-01        -1.2221173950000000e-01
7                                      1.0944055780000000e-01        -1.0446882950000000e-01        -3.6777971899999998e-02         2.6011323999999999e-02        -1.7162101499999999e-02        -5.8521850000000002e-03        -1.2221173950000000e-01         1.1432570010000000e-01
8                                      6.7641854900000006e-02        -3.9052322000000000e-02        -3.5807928000000003e-02        -5.2744204999999999e-03         2.5645482999999999e-03         2.4237866000000000e-03        -6.8048093099999998e-02         3.9285593500000000e-02
9                                     -2.3084481079999999e-01        -1.0944438650000000e-01        -6.3740245299999998e-02        -1.2815595000000000e-03        -1.5189883000000001e-03         4.1901020000000000e-04        -2.5143642599999998e-02        -1.2239171400000000e-02
10                                    -1.0943950220000000e-01        -1.0446654950000001e-01        -3.6776581300000000e-02        -2.6011534900000001e-02        -1.7161823300000000e-02        -5.8520079999999997e-03         1.2239526900000000e-02         6.6656513000000004e-03
11                                    -6.7640947899999998e-02        -3.9050926899999998e-02        -3.5806997799999997e-02         5.2744742000000004e-03         2.5645072999999998e-03         2.4237523000000000e-03         4.8547712000000000e-03         3.2862244000000001e-03
12                                    -2.2615961399999999e-02         1.4400000000000000e-08         6.6999999999999996e-09         7.2600919999999997e-04         5.4000000000000004e-09        -1.3000000000000001e-09         1.6730578000000000e-03        -5.4702790000000004e-04
13                                    -5.0000000000000003e-10        -2.2618185300000000e-02         1.7590900000000001e-05         5.8400000000000000e-08         2.0113063000000001e-03         1.5698456800000000e-02        -5.4285729999999999e-04         1.0352266000000000e-03
14                                     1.3100000000000000e-08        -1.8246399999999999e-05        -9.8820222999999995e-03        -8.4499999999999996e-08         1.3716193000000000e-03        -2.1429694900000001e-02         1.1036111000000000e-03        -6.5727410000000004e-04
15                                    -6.2239278000000000e-03        -7.0999999999999999e-09         8.9299999999999999e-08        -6.5144569999999998e-04        -4.0000000000000002e-09        -6.0500000000000006e-08         1.3456800000000000e-04        -4.5394300000000000e-04
16                                    -1.6000000000000001e-09        -6.2245983000000001e-03         2.2993600000000000e-05        -8.5999999999999993e-09         4.1525600000000002e-04        -3.5406090000000001e-03        -4.4918880000000000e-04        -3.9564700000000000e-04
17                                     9.7399999999999999e-08         4.9606000000000004e-06         2.4126754000000000e-02        -5.2399999999999999e-08        -1.4444541000000000e-03        -1.2004745799999999e-02        -1.2324246000000000e-03         7.1561309999999996e-04
                                                         8                           9                          10                          11                          12                          13                          14                          15

0                                      6.7641854900000006e-02        -2.3084481079999999e-01        -1.0943950220000000e-01        -6.7640947899999998e-02        -2.2615961399999999e-02        -5.0000000000000003e-10         1.3100000000000000e-08        -6.2239278000000000e-03
1                                     -3.9052322000000000e-02        -1.0944438650000000e-01        -1.0446654950000001e-01        -3.9050926899999998e-02         1.4400000000000000e-08        -2.2618185300000000e-02        -1.8246399999999999e-05        -7.0999999999999999e-09
2                                     -3.5807928000000003e-02        -6.3740245299999998e-02        -3.6776581300000000e-02        -3.5806997799999997e-02         6.6999999999999996e-09         1.7590900000000001e-05        -9.8820222999999995e-03         8.9299999999999999e-08
3                                     -5.2744204999999999e-03        -1.2815595000000000e-03        -2.6011534900000001e-02         5.2744742000000004e-03         7.2600919999999997e-04         5.8400000000000000e-08        -8.4499999999999996e-08        -6.5144569999999998e-04
4                                      2.5645482999999999e-03        -1.5189883000000001e-03        -1.7161823300000000e-02         2.5645072999999998e-03         5.4000000000000004e-09         2.0113063000000001e-03         1.3716193000000000e-03        -4.0000000000000002e-09
5                                      2.4237866000000000e-03         4.1901020000000000e-04        -5.8520079999999997e-03         2.4237523000000000e-03        -1.3000000000000001e-09         1.5698456800000000e-02        -2.1429694900000001e-02        -6.0500000000000006e-08
