
$orca_hessian_file

$act_atom
  0

$act_coord
  0

$act_energy
      -13.137954

$multiplicity
  1

$hessian
18
                    0                  1                  2                  3                  4        
    0      4.3850143010E-01  -3.2630000000E-07  -7.0790000000E-07  -4.1028848100E-02  -6.3340000000E-07
    1     -3.2630000000E-07   4.3849681020E-01   3.0232000000E-06  -5.5500000000E-07  -2.3358579420E-01
    2     -7.0790000000E-07   3.0232000000E-06   2.7938671280E-01   3.2480000000E-07   8.6069507600E-02
    3     -4.1028848100E-02  -5.5500000000E-07   3.2480000000E-07   4.8099688800E-02   8.0220000000E-07
    4     -6.3340000000E-07  -2.3358579420E-01   8.6069507600E-02   8.0220000000E-07   2.7552220020E-01
    5      3.8170000000E-07   9.6468755200E-02  -6.9335006300E-02  -3.3450000000E-07  -9.3862465000E-02
    6     -1.8543773510E-01   8.3375800500E-02   7.4551616300E-02  -3.0545079000E-03   4.7278988000E-03
    7      8.3372270700E-02  -8.9158520600E-02  -4.3042099300E-02   2.9534661400E-02  -2.2835674100E-02
    8      8.3556595000E-02  -4.8238934300E-02  -6.9340737400E-02  -6.7785477000E-03   4.3677753000E-03
    9     -1.8544034590E-01  -8.3374935200E-02  -7.4551075800E-02  -3.0548274000E-03  -4.7280819000E-03
   10     -8.3371314200E-02  -8.9156639600E-02  -4.3040601000E-02  -2.9534963300E-02  -2.2835351400E-02
   11     -8.3556092700E-02  -4.8237383500E-02  -6.9339547700E-02   6.7786525000E-03   4.3677387000E-03
   12     -2.7710031400E-02   2.0000000000E-08  -1.4920000000E-07   1.4717485000E-03   1.5500000000E-08
   13      4.1000000000E-09  -2.7710552300E-02   4.1404000000E-06   5.3000000000E-08   4.9356899000E-03
   14     -1.7680000000E-07   3.5993000000E-06  -7.3638547300E-02  -6.2200000000E-08   4.8914500000E-04
   15      1.1155303000E-03  -3.9000000000E-09  -8.2000000000E-09  -2.4332539000E-03  -1.1000000000E-09
   16     -8.0000000000E-10   1.1146966000E-03   6.0290000000E-06   1.7000000000E-09  -1.2010705000E-03
   17      7.0000000000E-10   9.4000000000E-07   2.2671259000E-03  -3.3000000000E-08  -1.4317017000E-03
                    5                  6                  7                  8                  9        
    0      3.8170000000E-07  -1.8543773510E-01   8.3372270700E-02   8.3556595000E-02  -1.8544034590E-01
    1      9.6468755200E-02   8.3375800500E-02  -8.9158520600E-02  -4.8238934300E-02  -8.3374935200E-02
    2     -6.9335006300E-02   7.4551616300E-02  -4.3042099300E-02  -6.9340737400E-02  -7.4551075800E-02
    3     -3.3450000000E-07  -3.0545079000E-03   2.9534661400E-02  -6.7785477000E-03  -3.0548274000E-03
    4     -9.3862465000E-02   4.7278988000E-03  -2.2835674100E-02   4.3677753000E-03  -4.7280819000E-03
    5      8.4414148400E-02   3.9340250000E-04  -8.0561896000E-03   5.6709579000E-03  -3.9342390000E-04
    6      3.9340250000E-04   2.1865985290E-01  -9.8472118600E-02  -8.1299891400E-02  -3.2725353000E-02
    7     -8.0561896000E-03  -9.8472118600E-02   1.0495156640E-01   4.6937358300E-02  -1.2401902700E-02
    8      5.6709579000E-03  -8.1299891400E-02   4.6937358300E-02   8.4425191400E-02  -7.1733251000E-03
    9     -3.9342390000E-04  -3.2725353000E-02  -1.2401902700E-02  -7.1733251000E-03   2.1866280530E-01
   10     -8.0559707000E-03   1.2402348400E-02   6.8348259000E-03   3.6869153000E-03   9.8471036800E-02
   11      5.6709207000E-03   7.1736309000E-03   3.6869295000E-03   5.6714755000E-03   8.1299254600E-02
   12      1.3000000000E-09   4.0690212000E-03  -1.5002626000E-03   1.2111237900E-02   4.0689804000E-03
   13      1.3987531800E-02  -1.5007057000E-03   2.3358451000E-03  -6.9923543000E-03   1.5006578000E-03
   14     -1.6395699200E-02   4.2233820000E-04  -2.4229860000E-04  -1.6395724700E-02  -4.2247990000E-04
   15     -2.7100000000E-08  -1.5112780000E-03  -5.3264830000E-04  -4.1606880000E-04  -1.5112593000E-03
   16     -4.8166170000E-04  -5.3322330000E-04  -2.1280428000E-03   2.3923960000E-04   5.3322520000E-04
   17     -1.0025321500E-02  -1.2410966000E-03   7.1629970000E-04  -1.0031162700E-02   1.2410502000E-03
                   10                 11                 12                 13                 14        
    0     -8.3371314200E-02  -8.3556092700E-02  -2.7710031400E-02   4.1000000000E-09  -1.7680000000E-07
    1     -8.9156639600E-02  -4.8237383500E-02   2.0000000000E-08  -2.7710552300E-02   3.5993000000E-06
    2     -4.3040601000E-02  -6.9339547700E-02  -1.4920000000E-07   4.1404000000E-06  -7.3638547300E-02
    3     -2.9534963300E-02   6.7786525000E-03   1.4717485000E-03   5.3000000000E-08  -6.2200000000E-08
    4     -2.2835351400E-02   4.3677387000E-03   1.5500000000E-08   4.9356899000E-03   4.8914500000E-04
    5     -8.0559707000E-03   5.6709207000E-03   1.3000000000E-09   1.3987531800E-02  -1.6395699200E-02
    6      1.2402348400E-02   7.1736309000E-03   4.0690212000E-03  -1.5007057000E-03   4.2233820000E-04
    7      6.8348259000E-03   3.6869295000E-03  -1.5002626000E-03   2.3358451000E-03  -2.4229860000E-04
    8      3.6869153000E-03   5.6714755000E-03   1.2111237900E-02  -6.9923543000E-03  -1.6395724700E-02
    9      9.8471036800E-02   8.1299254600E-02   4.0689804000E-03   1.5006578000E-03  -4.2247990000E-04
   10      1.0494937420E-01   4.6935671100E-02   1.5002439000E-03   2.3358364000E-03  -2.4229980000E-04
   11      4.6935671100E-02   8.4423963100E-02  -1.2111466100E-02  -6.9922086000E-03  -1.6395637500E-02
   12      1.5002439000E-03  -1.2111466100E-02   1.6446257000E-02  -1.1300000000E-08   4.4610000000E-07
   13      2.3358364000E-03  -6.9922086000E-03  -1.1300000000E-08   1.6448162200E-02  -6.3858000000E-06
   14     -2.4229980000E-04  -1.6395637500E-02   4.4610000000E-07  -6.3858000000E-06   1.4108133320E-01
   15      5.3264850000E-04   4.1602080000E-04   1.6540243000E-03   2.1000000000E-09  -6.5400000000E-08
   16     -2.1280456000E-03   2.3925280000E-04  -5.6000000000E-09   1.6550187000E-03  -1.7602000000E-06
   17      7.1628500000E-04  -1.0031174000E-02  -7.0000000000E-08  -7.2350000000E-07  -1.8255724400E-02
                   15                 16                 17        
     0      1.1155303000E-03  -8.0000000000E-10   7.0000000000E-10
     1     -3.9000000000E-09   1.1146966000E-03   9.4000000000E-07
     2     -8.2000000000E-09   6.0290000000E-06   2.2671259000E-03
     3     -2.4332539000E-03   1.7000000000E-09  -3.3000000000E-08
     4     -1.1000000000E-09  -1.2010705000E-03  -1.4317017000E-03
     5     -2.7100000000E-08  -4.8166170000E-04  -1.0025321500E-02
     6     -1.5112780000E-03  -5.3322330000E-04  -1.2410966000E-03
     7     -5.3264830000E-04  -2.1280428000E-03   7.1629970000E-04
     8     -4.1606880000E-04   2.3923960000E-04  -1.0031162700E-02
     9     -1.5112593000E-03   5.3322520000E-04   1.2410502000E-03
    10      5.3264850000E-04  -2.1280456000E-03   7.1628500000E-04
    11      4.1602080000E-04   2.3925280000E-04  -1.0031174000E-02
    12      1.6540243000E-03  -5.6000000000E-09  -7.0000000000E-08
    13      2.1000000000E-09   1.6550187000E-03  -7.2350000000E-07
    14     -6.5400000000E-08  -1.7602000000E-06  -1.8255724400E-02
    15      2.6862366000E-03   2.8000000000E-09   1.4870000000E-07
    16      2.8000000000E-09   2.6874436000E-03  -1.0996000000E-06
    17      1.4870000000E-07  -1.0996000000E-06   4.6076256800E-02

$vibrational_frequencies
18
    0        0.0000000000000000
    1        0.0000000000000000
    2        0.0000000000000000
    3        0.0000000000000000
    4        0.0000000000000000
    5        0.0000000000000000
    6      161.7940644303187412
    7      161.8265288230987267
    8      282.6799557333416715
    9      564.5866950168225458
   10      877.9838011322821103
   11      878.0123076293941722
   12     1372.1553320174805322
   13     1503.9100558135444317
   14     1503.9470688733510997
   15     2948.4882459876839675
   16     2948.4971441787033655
   17     3008.1171736295236769

$normal_modes
18 18
                    0                  1                  2                  3                  4        
    0      0.0000000000E+00   0.0000000000E+00   0.0000000000E+00   0.0000000000E+00   0.0000000000E+00
    1      0.0000000000E+00   0.0000000000E+00   0.0000000000E+00   0.0000000000E+00   0.0000000000E+00
    2      0.0000000000E+00   0.0000000000E+00   0.0000000000E+00   0.0000000000E+00   0.0000000000E+00
    3      0.0000000000E+00   0.0000000000E+00   0.0000000000E+00   0.0000000000E+00   0.0000000000E+00
    4      0.0000000000E+00   0.0000000000E+00   0.0000000000E+00   0.0000000000E+00   0.0000000000E+00
    5      0.0000000000E+00   0.0000000000E+00   0.0000000000E+00   0.0000000000E+00   0.0000000000E+00
    6      0.0000000000E+00   0.0000000000E+00   0.0000000000E+00   0.0000000000E+00   0.0000000000E+00
    7      0.0000000000E+00   0.0000000000E+00   0.0000000000E+00   0.0000000000E+00   0.0000000000E+00
    8      0.0000000000E+00   0.0000000000E+00   0.0000000000E+00   0.0000000000E+00   0.0000000000E+00
    9      0.0000000000E+00   0.0000000000E+00   0.0000000000E+00   0.0000000000E+00   0.0000000000E+00
   10      0.0000000000E+00   0.0000000000E+00   0.0000000000E+00   0.0000000000E+00   0.0000000000E+00
   11      0.0000000000E+00   0.0000000000E+00   0.0000000000E+00   0.0000000000E+00   0.0000000000E+00
   12      0.0000000000E+00   0.0000000000E+00   0.0000000000E+00   0.0000000000E+00   0.0000000000E+00
   13      0.0000000000E+00   0.0000000000E+00   0.0000000000E+00   0.0000000000E+00   0.0000000000E+00
   14      0.0000000000E+00   0.0000000000E+00   0.0000000000E+00   0.0000000000E+00   0.0000000000E+00
   15      0.0000000000E+00   0.0000000000E+00   0.0000000000E+00   0.0000000000E+00   0.0000000000E+00
   16      0.0000000000E+00   0.0000000000E+00   0.0000000000E+00   0.0000000000E+00   0.0000000000E+00
   17      0.0000000000E+00   0.0000000000E+00   0.0000000000E+00   0.0000000000E+00   0.0000000000E+00
                    5                  6                  7                  8                  9        
    0      0.0000000000E+00  -4.0041037393E-01  -8.2173226715E-04  -1.0380951545E-06   2.2441324714E-06
    1      0.0000000000E+00   8.2166045504E-04  -4.0042167863E-01   1.4891506471E-04  -7.6642892719E-05
    2      0.0000000000E+00   1.5307526367E-06  -5.9564747799E-05  -2.8119544694E-01   6.4395975855E-01
    3      0.0000000000E+00  -4.7916191292E-01  -9.8371976010E-04  -9.8786545497E-07   1.3612237606E-06
    4      0.0000000000E+00   1.0361646546E-03  -5.0500638561E-01   4.5793757265E-02  -6.8282948341E-02
    5      0.0000000000E+00   4.7154157675E-04  -2.2951165251E-01  -1.3799492204E-01   4.1442087051E-01
    6      0.0000000000E+00  -4.9873640958E-01   1.0092590199E-02   3.9555373488E-02  -5.9112642651E-02
    7      0.0000000000E+00   1.1907012918E-02  -4.8576165738E-01  -2.2694054870E-02   3.4094326988E-02
    8      0.0000000000E+00  -1.9896212867E-01   1.1429758608E-01  -1.3792655965E-01   4.1429578729E-01
    9      0.0000000000E+00  -4.9868960390E-01  -1.2138644448E-02  -3.9557241441E-02   5.9115260107E-02
   10      0.0000000000E+00  -9.9131726257E-03  -4.8580563951E-01  -2.2693990738E-02   3.4094262727E-02
   11      0.0000000000E+00   1.9849599490E-01   1.1511054007E-01  -1.3792485953E-01   4.1429579573E-01
   12      0.0000000000E+00   9.3442498079E-02   1.9177486453E-04   2.1572378143E-07  -4.8125756694E-07
   13      0.0000000000E+00  -1.9175962310E-04   9.3444435788E-02  -4.1235277776E-05   2.2045526298E-05
   14      0.0000000000E+00  -3.5848325867E-07  -5.4652811434E-06  -3.5196988629E-01  -2.3469136040E-01
   15      0.0000000000E+00   1.5711720953E-01   3.2239415674E-04   4.0526220121E-07  -7.3180124197E-07
   16      0.0000000000E+00  -3.2238945120E-04   1.5711998484E-01  -3.8723122932E-05   1.2321888423E-05
   17      0.0000000000E+00  -5.8572650458E-07   5.3350213897E-05   8.5656300683E-01  -3.5111296608E-02
                   10                 11                 12                 13                 14        
    0     -1.1549805058E-01   2.1100421051E-04   2.2754927544E-07  -5.4007060952E-04  -7.0777648550E-02
    1     -2.1096087283E-04  -1.1549714907E-01   4.1271893025E-07  -7.0770597324E-02   5.4004661552E-04
    2      3.5052141433E-07  -1.9507129577E-05   8.9376492437E-02   3.9513297618E-06   1.3438374630E-07
    3      2.5197765148E-01  -4.5899462788E-04  -1.0797506188E-06   5.6777658009E-03   7.4476521877E-01
    4      4.1839862357E-04   2.2898338300E-01  -2.2465618551E-01  -1.3567298310E-01   1.0309916883E-03
    5      1.3474223241E-03   7.3587543362E-01  -5.2926509748E-01  -3.0036894247E-01   2.2880735037E-03
    6      2.3478087550E-01   9.5213267120E-03  -1.9460383151E-01   3.8187874261E-01   8.1532661298E-02
    7      1.0371932007E-02   2.4625112981E-01   1.1232595423E-01   5.2756135434E-01   3.7725672187E-01
    8      6.3662770733E-01  -3.6912383610E-01  -5.2925126326E-01   1.4817632352E-01  -2.6122024339E-01
    9      2.3473949451E-01  -1.0380065413E-02   1.9460026916E-01  -3.8058484662E-01   8.7344367244E-02
   10     -9.4717337030E-03   2.4628503707E-01   1.1232514460E-01   5.2175188073E-01  -3.8525932738E-01
   11     -6.3797726730E-01  -3.6678843872E-01  -5.2925261316E-01   1.5214570905E-01   2.5893071001E-01
   12      2.0518414598E-02  -3.7531449900E-05   2.6510777140E-08  -9.3614454528E-06  -1.2264176650E-03
   13      3.7508449565E-05   2.0517966966E-02  -5.8912465076E-07  -1.2277598100E-03   9.3295888203E-06
   14     -7.0341497155E-08   2.6742085222E-06   7.9184466268E-03   5.9428740847E-07  -6.5311145885E-09
   15     -3.5510197358E-03   6.5536433546E-06   5.2965994060E-08  -1.0988297447E-05  -1.4401970253E-03
   16     -6.5839415864E-06  -3.5518965997E-03   1.1083509530E-06  -1.4420444771E-03   1.1060370467E-05
   17      2.3078721451E-08   9.2971552978E-06   1.2961226801E-02  -1.1181970107E-06   4.6860913379E-09
                   15                 16                 17        
     0      7.8562123387E-03   8.6155686470E-02   1.1796411099E-06
     1      8.6156532076E-02  -7.8562981739E-03  -2.7120455554E-06
     2      8.7112270633E-07   3.8658891557E-07  -4.7220918966E-02
     3      5.3090664279E-03   5.8258971570E-02   1.6483819859E-06
     4     -7.4255115030E-01   6.7715265744E-02  -5.4158971453E-01
     5      3.1859158335E-01  -2.9052973236E-02   1.9802812056E-01
     6      2.9726216276E-01  -5.7391660006E-01  -4.6908986457E-01
     7     -1.1029588386E-01   3.5966766123E-01   2.7082109017E-01
     8     -1.3414190249E-01   2.9046436085E-01   1.9809300685E-01
     9     -3.9616180166E-01  -5.1071098206E-01   4.6907415624E-01
    10     -1.7352352536E-01  -3.3379184623E-01   2.7081011773E-01
    11     -1.8446054212E-01  -2.6141645487E-01   1.9808095364E-01
    12     -8.4191362893E-06  -9.1961302693E-05   2.4874122578E-08
    13     -9.2002372435E-05   8.3898629639E-06  -2.0812743496E-08
    14     -9.7153426742E-08   1.8709383517E-08  -5.8728010131E-04
    15      1.4570706592E-05   1.5917008618E-04  -4.6220886547E-08
    16      1.5881552497E-04  -1.4488779901E-05  -4.4810353893E-07
    17      2.0683634830E-07  -1.0465991496E-08  -5.7713435951E-04

#
# The atoms: label  mass x y z (in bohrs)
#
$atoms
6
 C     12.01100      0.000000123654     0.000135665441    -0.471276592881
 H      1.00800     -0.000000547701     1.867068258513    -1.363775682589
 H      1.00800      1.616763895230    -0.933267875412    -1.363917539613
 H      1.00800     -1.616764413535    -0.933267541980    -1.363917702919
 Cl    35.45300      0.000000049656    -0.000011426209     2.871199245964
 F     18.99800     -0.000000114282    -0.000092719658    -4.843024523505

$actual_temperature
  0.000000

$frequency_scale_factor
  1.000000


$end

