
$orca_hessian_file

$act_atom
  0

$act_coord
  0

$act_energy
      -13.132840

$multiplicity
  1

$hessian
18
                    0                  1                  2                  3                  4        
    0      3.8658527940E-01   5.6724660500E-02   2.6092262100E-02  -3.9923269800E-02  -6.7325061000E-03
    1      5.6724660500E-02   4.4254083350E-01  -1.0494354100E-02  -7.2271397000E-03  -2.4764643960E-01
    2      2.6092262100E-02  -1.0494354100E-02   3.2657993970E-01   1.7079933000E-03   8.5655363000E-02
    3     -3.9923269800E-02  -7.2271397000E-03   1.7079933000E-03   4.6309525000E-02   3.8945304000E-03
    4     -6.7325061000E-03  -2.4764643960E-01   8.5655363000E-02   3.8945304000E-03   2.8895052310E-01
    5      1.6515580000E-03   9.6467837400E-02  -7.2614268100E-02  -4.1583359000E-03  -9.4096233300E-02
    6     -1.2674321260E-01   4.8431437700E-02   5.3859301600E-02  -3.6158781000E-03   6.1352230000E-03
    7      4.8080433800E-02  -7.0497461200E-02  -3.1100138300E-02   3.0882970100E-02  -2.5622638400E-02
    8      6.3131746700E-02  -3.6427268900E-02  -7.0606378700E-02  -4.4050182000E-03   2.7780173000E-03
    9     -1.9595684870E-01  -9.7389059000E-02  -7.7123316800E-02  -1.5069598000E-03  -3.3262638000E-03
   10     -9.7529386000E-02  -9.9813850400E-02  -4.6643126700E-02  -2.7284576400E-02  -1.9313590300E-02
   11     -8.6533317000E-02  -5.1988752500E-02  -7.3687708700E-02   7.3860213000E-03   3.8570900000E-03
   12     -2.7958890200E-02  -3.3865970000E-04  -1.5680759000E-03   1.1381687000E-03   1.4994160000E-04
   13     -3.5091840000E-04  -2.8316887400E-02   6.0949370000E-04   5.6418480000E-04   3.9045117000E-03
   14     -3.0424586000E-03   1.6959976000E-03  -1.0694277620E-01  -2.6818420000E-04   1.9837067000E-03
   15      3.9969419000E-03  -2.0123980000E-04  -2.9681643000E-03  -2.4015859000E-03  -1.2092500000E-04
   16     -1.9228370000E-04   3.7338050000E-03   1.9727625000E-03  -8.2996920000E-04  -2.7236650000E-04
   17     -1.2997912000E-03   7.4654040000E-04  -2.7288080000E-03  -2.6247630000E-04  -1.7794370000E-04
                    5                  6                  7                  8                  9        
    0      1.6515580000E-03  -1.2674321260E-01   4.8080433800E-02   6.3131746700E-02  -1.9595684870E-01
    1      9.6467837400E-02   4.8431437700E-02  -7.0497461200E-02  -3.6427268900E-02  -9.7389059000E-02
    2     -7.2614268100E-02   5.3859301600E-02  -3.1100138300E-02  -7.0606378700E-02  -7.7123316800E-02
    3     -4.1583359000E-03  -3.6158781000E-03   3.0882970100E-02  -4.4050182000E-03  -1.5069598000E-03
    4     -9.4096233300E-02   6.1352230000E-03  -2.5622638400E-02   2.7780173000E-03  -3.3262638000E-03
    5      8.7064054100E-02   1.7254035000E-03  -1.1033603800E-02   6.9680341000E-03   3.8104010000E-04
    6      1.7254035000E-03   1.6379455010E-01  -6.4000811200E-02  -6.4859523200E-02  -3.6352498600E-02
    7     -1.1033603800E-02  -6.4000811200E-02   8.9607549000E-02   3.7365704900E-02  -1.2410165600E-02
    8      6.9680341000E-03  -6.4859523200E-02   3.7365704900E-02   7.1886990800E-02  -4.5083370000E-03
    9      3.8104010000E-04  -3.6352498600E-02  -1.2410165600E-02  -4.5083370000E-03   2.3133459700E-01
   10     -8.2304059000E-03   1.1994099400E-02   6.5581990000E-03   2.4214434000E-03   1.1091546080E-01
   11      4.7315383000E-03   1.0519708300E-02   4.0410371000E-03   6.9297858000E-03   8.3138213700E-02
   12      1.1272716000E-03   6.8755311000E-03  -2.5034882000E-03   8.4387746000E-03   2.8028413000E-03
   13      1.6594576600E-02  -2.5448753000E-03   3.8989035000E-03  -4.8606240000E-03   1.1564074000E-03
   14     -1.9776476500E-02   3.6179700000E-04  -1.9299910000E-04  -7.6118744000E-03  -1.8966868000E-03
   15     -7.2693740000E-04  -3.9584919000E-03  -4.8938900000E-05   2.2023571000E-03  -3.2113120000E-04
   16      2.9782890000E-04  -1.5073600000E-05  -3.9445520000E-03  -1.2772729000E-03   1.0536203000E-03
   17     -6.3728820000E-03  -1.6066872000E-03   9.1999930000E-04  -7.5665577000E-03   9.0868000000E-06
                   10                 11                 12                 13                 14        
    0     -9.7529386000E-02  -8.6533317000E-02  -2.7958890200E-02  -3.5091840000E-04  -3.0424586000E-03
    1     -9.9813850400E-02  -5.1988752500E-02  -3.3865970000E-04  -2.8316887400E-02   1.6959976000E-03
    2     -4.6643126700E-02  -7.3687708700E-02  -1.5680759000E-03   6.0949370000E-04  -1.0694277620E-01
    3     -2.7284576400E-02   7.3860213000E-03   1.1381687000E-03   5.6418480000E-04  -2.6818420000E-04
    4     -1.9313590300E-02   3.8570900000E-03   1.4994160000E-04   3.9045117000E-03   1.9837067000E-03
    5     -8.2304059000E-03   4.7315383000E-03   1.1272716000E-03   1.6594576600E-02  -1.9776476500E-02
    6      1.1994099400E-02   1.0519708300E-02   6.8755311000E-03  -2.5448753000E-03   3.6179700000E-04
    7      6.5581990000E-03   4.0410371000E-03  -2.5034882000E-03   3.8989035000E-03  -1.9299910000E-04
    8      2.4214434000E-03   6.9297858000E-03   8.4387746000E-03  -4.8606240000E-03  -7.6118744000E-03
    9      1.1091546080E-01   8.3138213700E-02   2.8028413000E-03   1.1564074000E-03  -1.8966868000E-03
   10      1.1272043040E-01   5.2924898800E-02   1.5193812000E-03   2.0254967000E-03  -7.7402000000E-04
   11      5.2924898800E-02   8.8430432800E-02  -1.3657702000E-02  -9.1787837000E-03  -2.0010378600E-02
   12      1.5193812000E-03  -1.3657702000E-02   1.5857743200E-02   1.4897693000E-03   3.8399901000E-03
   13      2.0254967000E-03  -9.1787837000E-03   1.4897693000E-03   1.7625202200E-02  -2.1314003000E-03
   14     -7.7402000000E-04  -2.0010378600E-02   3.8399901000E-03  -2.1314003000E-03   1.6872143200E-01
   15      3.8502120000E-04  -8.5292420000E-04   1.2846059000E-03  -3.1456780000E-04   1.0055425000E-03
   16     -2.1766855000E-03   3.4451030000E-04  -3.1694420000E-04   8.6277330000E-04  -5.8128480000E-04
   17      3.0121030000E-04  -6.3936695000E-03   1.8197415000E-03  -1.0332623000E-03  -1.4379926300E-02
                   15                 16                 17        
     0      3.9969419000E-03  -1.9228370000E-04  -1.2997912000E-03
     1     -2.0123980000E-04   3.7338050000E-03   7.4654040000E-04
     2     -2.9681643000E-03   1.9727625000E-03  -2.7288080000E-03
     3     -2.4015859000E-03  -8.2996920000E-04  -2.6247630000E-04
     4     -1.2092500000E-04  -2.7236650000E-04  -1.7794370000E-04
     5     -7.2693740000E-04   2.9782890000E-04  -6.3728820000E-03
     6     -3.9584919000E-03  -1.5073600000E-05  -1.6066872000E-03
     7     -4.8938900000E-05  -3.9445520000E-03   9.1999930000E-04
     8      2.2023571000E-03  -1.2772729000E-03  -7.5665577000E-03
     9     -3.2113120000E-04   1.0536203000E-03   9.0868000000E-06
    10      3.8502120000E-04  -2.1766855000E-03   3.0121030000E-04
    11     -8.5292420000E-04   3.4451030000E-04  -6.3936695000E-03
    12      1.2846059000E-03  -3.1694420000E-04   1.8197415000E-03
    13     -3.1456780000E-04   8.6277330000E-04  -1.0332623000E-03
    14      1.0055425000E-03  -5.8128480000E-04  -1.4379926300E-02
    15      1.3996611000E-03   3.0065040000E-04   1.3401263000E-03
    16      3.0065040000E-04   1.7970256000E-03  -7.5654410000E-04
    17      1.3401263000E-03  -7.5654410000E-04   3.7441843500E-02

$vibrational_frequencies
18
    0        0.0000000000000000
    1        0.0000000000000000
    2        0.0000000000000000
    3        0.0000000000000000
    4        0.0000000000000000
    5        0.0000000000000000
    6      100.7866799588395139
    7      133.1912433600114412
    8      262.4867077942153628
    9      627.6750719937796248
   10      794.4853135372397901
   11      925.2712559675909461
   12     1401.9675774873353475
   13     1444.0470703542059709
   14     1565.8118596462627465
   15     2561.4600972006633128
   16     3027.1517574481704287
   17     3079.0575993563165866

$normal_modes
18 18
                    0                  1                  2                  3                  4        
    0      0.0000000000E+00   0.0000000000E+00   0.0000000000E+00   0.0000000000E+00   0.0000000000E+00
    1      0.0000000000E+00   0.0000000000E+00   0.0000000000E+00   0.0000000000E+00   0.0000000000E+00
    2      0.0000000000E+00   0.0000000000E+00   0.0000000000E+00   0.0000000000E+00   0.0000000000E+00
    3      0.0000000000E+00   0.0000000000E+00   0.0000000000E+00   0.0000000000E+00   0.0000000000E+00
    4      0.0000000000E+00   0.0000000000E+00   0.0000000000E+00   0.0000000000E+00   0.0000000000E+00
    5      0.0000000000E+00   0.0000000000E+00   0.0000000000E+00   0.0000000000E+00   0.0000000000E+00
    6      0.0000000000E+00   0.0000000000E+00   0.0000000000E+00   0.0000000000E+00   0.0000000000E+00
    7      0.0000000000E+00   0.0000000000E+00   0.0000000000E+00   0.0000000000E+00   0.0000000000E+00
    8      0.0000000000E+00   0.0000000000E+00   0.0000000000E+00   0.0000000000E+00   0.0000000000E+00
    9      0.0000000000E+00   0.0000000000E+00   0.0000000000E+00   0.0000000000E+00   0.0000000000E+00
   10      0.0000000000E+00   0.0000000000E+00   0.0000000000E+00   0.0000000000E+00   0.0000000000E+00
   11      0.0000000000E+00   0.0000000000E+00   0.0000000000E+00   0.0000000000E+00   0.0000000000E+00
   12      0.0000000000E+00   0.0000000000E+00   0.0000000000E+00   0.0000000000E+00   0.0000000000E+00
   13      0.0000000000E+00   0.0000000000E+00   0.0000000000E+00   0.0000000000E+00   0.0000000000E+00
   14      0.0000000000E+00   0.0000000000E+00   0.0000000000E+00   0.0000000000E+00   0.0000000000E+00
   15      0.0000000000E+00   0.0000000000E+00   0.0000000000E+00   0.0000000000E+00   0.0000000000E+00
   16      0.0000000000E+00   0.0000000000E+00   0.0000000000E+00   0.0000000000E+00   0.0000000000E+00
   17      0.0000000000E+00   0.0000000000E+00   0.0000000000E+00   0.0000000000E+00   0.0000000000E+00
                    5                  6                  7                  8                  9        
    0      0.0000000000E+00  -3.2833329337E-01   1.8662587081E-01  -1.3066080561E-01   4.5288677843E-02
    1      0.0000000000E+00   1.7474866047E-01   3.4969056976E-01   7.6099775869E-02  -2.4034912601E-02
    2      0.0000000000E+00   2.5314901123E-02   1.3752135440E-03  -2.5411896400E-01  -4.9510558784E-01
    3      0.0000000000E+00  -4.0506059408E-01   2.0920295857E-01  -1.3850325687E-01  -7.2202869603E-02
    4      0.0000000000E+00   2.2951321915E-01   4.4059071994E-01   1.0817772454E-01   7.7911493602E-02
    5      0.0000000000E+00   1.4609473725E-01   2.1551360825E-01  -1.5612006812E-01  -2.1609024273E-01
    6      0.0000000000E+00  -4.6192175968E-01   2.3265310576E-01  -1.2514892197E-01  -1.0127010908E-01
    7      0.0000000000E+00   2.4735953121E-01   4.3834384953E-01   7.2387337656E-02   5.6109383303E-02
    8      0.0000000000E+00  -2.6289216153E-01  -7.5636372547E-03  -2.0765846419E-01  -7.7010493324E-01
    9      0.0000000000E+00  -4.1951050568E-01   2.4974263260E-01  -1.6311468732E-01  -1.0627624530E-01
   10      0.0000000000E+00   2.0876272709E-01   4.1762579172E-01   6.6032389574E-02   2.0273258919E-02
   11      0.0000000000E+00   1.6279726429E-01  -2.0797613849E-01  -1.5464135774E-01  -2.0157722181E-01
   12      0.0000000000E+00   7.8186200152E-02  -4.4401967722E-02   3.7694797969E-02  -9.4892629257E-03
   13      0.0000000000E+00  -4.1606073806E-02  -8.3175554205E-02  -2.1876573418E-02   5.0586307421E-03
   14      0.0000000000E+00   2.0609879699E-02   6.9163335055E-04  -3.2437682424E-01   1.8557470885E-01
   15      0.0000000000E+00   1.2993265791E-01  -7.1823974056E-02   3.4906530415E-02   3.9187149543E-03
   16      0.0000000000E+00  -6.9216053664E-02  -1.3465856165E-01  -2.0371327612E-02  -2.4312448342E-03
   17      0.0000000000E+00  -5.6906368097E-02  -2.1587425108E-03   7.9350045665E-01   2.9729847324E-02
                   10                 11                 12                 13                 14        
    0      1.1200696702E-01   5.8749702444E-02  -4.5010815201E-03   6.6471170595E-02   3.3240502768E-02
    1     -6.2896097702E-02   1.0451444320E-01   3.3574199620E-03  -3.9391968158E-02   5.5080280188E-02
    2      6.6485386939E-02  -7.6622401459E-05   1.0399210782E-01  -5.9145543518E-03  -3.7890060963E-04
    3     -1.7339389652E-01  -1.2990146656E-01  -4.1030936064E-03  -6.5176627734E-01  -3.6472633669E-01
    4      8.6409271085E-02  -1.7570491833E-01  -2.3708269028E-01  -4.8761739679E-02   1.3016647770E-01
    5      3.7557711843E-01  -6.3080338333E-01  -5.5974493191E-01  -1.3330297755E-01   2.8446352125E-01
    6     -2.6118951571E-01  -1.4387657257E-01  -1.8030283857E-01   9.3547881877E-02  -3.6809267777E-01
    7      1.4877014081E-01  -2.5905145241E-01   9.8990007732E-02  -4.2106627566E-02  -6.4368795351E-01
    8     -7.2015439683E-01   1.2395860062E-02  -4.6650214981E-01   2.8301447270E-01   3.6702739072E-03
    9     -1.6453302934E-01  -8.3955017907E-02   2.0524816904E-01  -2.9393620064E-01   2.8573247592E-01
   10      1.0444360162E-01  -2.0876951389E-01   1.1868048058E-01   5.9812860549E-01  -2.3000445221E-01
   11      3.9030998963E-01   6.3316040055E-01  -5.5079852928E-01  -1.1943065871E-01  -2.8386494438E-01
   12     -2.0373728480E-02  -1.0617732453E-02   8.3121524084E-04   7.6351119862E-04   7.3943661149E-04
   13      1.1407511172E-02  -1.8793782309E-02  -6.1828746818E-04  -5.3753266793E-04   1.3244282723E-03
   14     -2.5260161494E-02  -2.8079190325E-04   5.4281102212E-03   1.3164587679E-03   1.3736640665E-05
   15     -1.0051853835E-03   1.6518956776E-03   1.8867467373E-04   1.7642825738E-03   1.3262609705E-03
   16      4.5660271081E-04   3.1396504197E-03   6.1147174862E-05  -1.0066451694E-03   2.1554866075E-03
   17      2.6789109380E-03  -2.1032073316E-04   7.7992408219E-03  -3.2402271378E-04  -1.2581929064E-05
                   15                 16                 17        
     0      5.8987376195E-02   1.4066797250E-02  -5.5104402944E-02
     1     -3.4452610792E-02   7.3353778190E-02  -2.8393128900E-02
     2     -2.4871147595E-02  -2.4763001537E-02  -3.3328667260E-02
     3      7.3942170885E-02  -1.0055583023E-02  -2.8852802666E-02
     4      4.9966678808E-02  -9.1509404368E-01  -1.4935366188E-01
     5     -5.7714577570E-02   3.5904977596E-01   4.2556660339E-02
     6     -7.7842689900E-01  -4.0264021838E-02  -9.3377424783E-02
     7      4.4770383997E-01   7.5822130942E-02   1.6678790784E-02
     8      4.0784704663E-01   1.9480103889E-02   2.3101819011E-02
     9      9.0632233140E-04  -1.1825224099E-01   7.8123757280E-01
    10     -8.6826778758E-02  -3.8134079325E-02   4.7256953334E-01
    11     -5.6146266153E-02  -6.4849732237E-02   3.5624534104E-01
    12     -4.5107272241E-04   5.6071195381E-06  -6.7190897019E-05
    13      2.6203052824E-04   7.8876952889E-05  -2.4226588728E-05
    14      1.5755708766E-04  -3.9634873296E-04  -5.2830959027E-04
    15      8.7912089619E-04   4.0284747734E-05  -2.0160793645E-06
    16     -5.0584009025E-04   3.0349802593E-05  -3.8164179337E-05
    17     -1.6826035352E-04  -2.4789060459E-04  -3.2836449008E-04

#
# The atoms: label  mass x y z (in bohrs)
#
$atoms
6
 C     12.01100      0.000505776614    -0.000747901307    -0.400684411127
 H      1.00800      0.050889162850     1.877036847383    -1.242573053266
 H      1.00800      1.564421985430    -0.903866274827    -1.574781236966
 H      1.00800     -1.592243211018    -0.978982296509    -1.239221080416
 Cl    35.45300     -0.048272432096     0.027632145379     2.889274593001
 F     18.99800      0.088539592138    -0.050784355711    -4.923244747342

$actual_temperature
  0.000000

$frequency_scale_factor
  1.000000


$end

