
$orca_hessian_file

$act_atom
  0

$act_coord
  0

$act_energy
      -13.141040

$multiplicity
  1

$hessian
18
                    0                  1                  2                  3                  4        
    0      4.3078864200E-01   3.1752706900E-02  -9.0138052000E-03  -4.1437486800E-02   5.7187354000E-03
    1      3.1752706900E-02   4.6748474360E-01   5.1228963000E-03   9.5633371000E-03  -2.7545678750E-01
    2     -9.0138052000E-03   5.1228963000E-03   2.9871062410E-01  -1.3732949000E-03   5.6647378700E-02
    3     -4.1437486800E-02   9.5633371000E-03  -1.3732949000E-03   4.3772499500E-02  -8.4321767000E-03
    4      5.7187354000E-03  -2.7545678750E-01   5.6647378700E-02  -8.4321767000E-03   3.1138863990E-01
    5     -2.0083223000E-03   6.2044449600E-02  -5.2707481700E-02   2.2038955000E-03  -6.5184285700E-02
    6     -1.4139960200E-01   5.7780657800E-02   8.1011795600E-02  -2.4090886000E-03   3.7241470000E-03
    7      5.7766500400E-02  -7.4673596900E-02  -4.6812148200E-02   2.5400926200E-02  -1.9981388500E-02
    8      8.4203843600E-02  -4.8618990000E-02  -8.5224993200E-02  -2.7649191000E-03   1.4612878000E-03
    9     -2.2354555870E-01  -9.9399864600E-02  -4.9822542900E-02   3.9571800000E-04  -1.3520770000E-03
   10     -9.5585134700E-02  -9.3318988700E-02  -2.7142290100E-02  -2.8983662400E-02  -1.7094993200E-02
   11     -5.4731798100E-02  -2.9279497600E-02  -5.2717126000E-02   4.9730063000E-03   1.6405469000E-03
   12     -2.8210617100E-02   1.1387614000E-03  -1.2799181000E-02   5.7410030000E-04   8.9851440000E-04
   13      1.1555730000E-03  -2.6890799100E-02   7.4815449000E-03   3.3635998000E-03   2.5961980000E-04
   14     -1.8767570300E-02   1.0911140400E-02  -9.6633471000E-02  -2.9774334000E-03   5.4523988000E-03
   15      3.8046226000E-03  -8.3559850000E-04  -8.0029715000E-03  -8.9574240000E-04  -5.5714310000E-04
   16     -8.0838090000E-04   2.8554287000E-03   4.7026182000E-03  -9.1202390000E-04   8.8490950000E-04
   17      3.1765220000E-04  -1.7999860000E-04  -1.1427552100E-02  -6.1254400000E-05  -1.7326500000E-05
                    5                  6                  7                  8                  9        
    0     -2.0083223000E-03  -1.4139960200E-01   5.7766500400E-02   8.4203843600E-02  -2.2354555870E-01
    1      6.2044449600E-02   5.7780657800E-02  -7.4673596900E-02  -4.8618990000E-02  -9.9399864600E-02
    2     -5.2707481700E-02   8.1011795600E-02  -4.6812148200E-02  -8.5224993200E-02  -4.9822542900E-02
    3      2.2038955000E-03  -2.4090886000E-03   2.5400926200E-02  -2.7649191000E-03   3.9571800000E-04
    4     -6.5184285700E-02   3.7241470000E-03  -1.9981388500E-02   1.4612878000E-03  -1.3520770000E-03
    5      6.5146060000E-02   1.9407816000E-03  -1.4638107100E-02   5.6386759000E-03   1.0653481000E-03
    6      1.9407816000E-03   1.6933738300E-01  -6.8818398800E-02  -9.2205937100E-02  -2.8191291900E-02
    7     -1.4638107100E-02  -6.8818398800E-02   8.9916494500E-02   5.3249836800E-02  -1.1159062100E-02
    8      5.6386759000E-03  -9.2205937100E-02   5.3249836800E-02   9.4491455800E-02  -2.6643312000E-03
    9      1.0653481000E-03  -2.8191291900E-02  -1.1159062100E-02  -2.6643312000E-03   2.5179439920E-01
   10     -5.1311328000E-03   1.0511769500E-02   5.8201836000E-03   1.6637463000E-03   1.1167471120E-01
   11      2.7550104000E-03   1.3642012500E-02   5.6327195000E-03   5.6397458000E-03   5.7555240700E-02
   12     -2.7333772000E-03   6.4525241000E-03  -3.1598735000E-03   7.1850248000E-03  -1.5162816000E-03
   13      2.2517835400E-02  -3.1695739000E-03   2.7654426000E-03  -4.1483928000E-03  -3.2815200000E-04
   14     -1.9336500600E-02  -2.3903499000E-03   1.4211947000E-03  -1.3672487400E-02  -6.1309505000E-03
   15     -4.6832570000E-04  -3.7899246000E-03  -3.0092200000E-05   6.2463189000E-03   1.0630150000E-03
   16      3.9124060000E-04  -2.8601600000E-05  -3.8471354000E-03  -3.6074882000E-03   5.6444440000E-04
   17     -1.4957640000E-03  -1.9983027000E-03   1.1465043000E-03  -6.8723968000E-03  -2.7642000000E-06
                   10                 11                 12                 13                 14        
    0     -9.5585134700E-02  -5.4731798100E-02  -2.8210617100E-02   1.1555730000E-03  -1.8767570300E-02
    1     -9.3318988700E-02  -2.9279497600E-02   1.1387614000E-03  -2.6890799100E-02   1.0911140400E-02
    2     -2.7142290100E-02  -5.2717126000E-02  -1.2799181000E-02   7.4815449000E-03  -9.6633471000E-02
    3     -2.8983662400E-02   4.9730063000E-03   5.7410030000E-04   3.3635998000E-03  -2.9774334000E-03
    4     -1.7094993200E-02   1.6405469000E-03   8.9851440000E-04   2.5961980000E-04   5.4523988000E-03
    5     -5.1311328000E-03   2.7550104000E-03  -2.7333772000E-03   2.2517835400E-02  -1.9336500600E-02
    6      1.0511769500E-02   1.3642012500E-02   6.4525241000E-03  -3.1695739000E-03  -2.3903499000E-03
    7      5.8201836000E-03   5.6327195000E-03  -3.1598735000E-03   2.7654426000E-03   1.4211947000E-03
    8      1.6637463000E-03   5.6397458000E-03   7.1850248000E-03  -4.1483928000E-03  -1.3672487400E-02
    9      1.1167471120E-01   5.7555240700E-02  -1.5162816000E-03  -3.2815200000E-04  -6.1309505000E-03
   10      1.0338059500E-01   3.0685000200E-02   2.1593097000E-03   2.3193016000E-03  -1.3674740000E-04
   11      3.0685000200E-02   6.5144883400E-02  -2.0866583900E-02  -8.8917175000E-03  -1.9329100100E-02
   12      2.1593097000E-03  -2.0866583900E-02   2.2007762100E-02  -9.1852330000E-04   2.6739105000E-02
   13      2.3193016000E-03  -8.8917175000E-03  -9.1852330000E-04   2.0968124200E-02  -1.5527485700E-02
   14     -1.3674740000E-04  -1.9329100100E-02   2.6739105000E-02  -1.5527485700E-02   1.5998503360E-01
   15      2.2300670000E-04  -5.7187750000E-04   6.9251220000E-04  -1.0292360000E-04   3.5271991000E-03
   16     -1.1060984000E-03   2.1294850000E-04  -1.1818880000E-04   5.7831090000E-04  -2.1205007000E-03
   17      6.1423700000E-05  -1.4934135000E-03   2.4750123000E-03  -1.4317844000E-03  -1.1013474500E-02
                   15                 16                 17        
     0      3.8046226000E-03  -8.0838090000E-04   3.1765220000E-04
     1     -8.3559850000E-04   2.8554287000E-03  -1.7999860000E-04
     2     -8.0029715000E-03   4.7026182000E-03  -1.1427552100E-02
     3     -8.9574240000E-04  -9.1202390000E-04  -6.1254400000E-05
     4     -5.5714310000E-04   8.8490950000E-04  -1.7326500000E-05
     5     -4.6832570000E-04   3.9124060000E-04  -1.4957640000E-03
     6     -3.7899246000E-03  -2.8601600000E-05  -1.9983027000E-03
     7     -3.0092200000E-05  -3.8471354000E-03   1.1465043000E-03
     8      6.2463189000E-03  -3.6074882000E-03  -6.8723968000E-03
     9      1.0630150000E-03   5.6444440000E-04  -2.7642000000E-06
    10      2.2300670000E-04  -1.1060984000E-03   6.1423700000E-05
    11     -5.7187750000E-04   2.1294850000E-04  -1.4934135000E-03
    12      6.9251220000E-04  -1.1818880000E-04   2.4750123000E-03
    13     -1.0292360000E-04   5.7831090000E-04  -1.4317844000E-03
    14      3.5271991000E-03  -2.1205007000E-03  -1.1013474500E-02
    15     -8.7448280000E-04   1.3027507000E-03  -7.3034330000E-04
    16      1.3027507000E-03   6.3458470000E-04   4.2118160000E-04
    17     -7.3034330000E-04   4.2118160000E-04   3.2302600800E-02

$vibrational_frequencies
18
    0        0.0000000000000000
    1        0.0000000000000000
    2        0.0000000000000000
    3        0.0000000000000000
    4        0.0000000000000000
    5        0.0000000000000000
    6     -168.8838138927982868
    7      140.1562323897152282
    8      242.3965620427763668
    9      638.8498720465714769
   10      779.2245588297258791
   11      986.1552719971690522
   12     1333.0153646619269239
   13     1435.8012356055605778
   14     1483.3204882958877988
   15     2763.9704327183012538
   16     3030.9316627882353714
   17     3039.2661910234814968

$normal_modes
18 18
                    0                  1                  2                  3                  4        
    0      0.0000000000E+00   0.0000000000E+00   0.0000000000E+00   0.0000000000E+00   0.0000000000E+00
    1      0.0000000000E+00   0.0000000000E+00   0.0000000000E+00   0.0000000000E+00   0.0000000000E+00
    2      0.0000000000E+00   0.0000000000E+00   0.0000000000E+00   0.0000000000E+00   0.0000000000E+00
    3      0.0000000000E+00   0.0000000000E+00   0.0000000000E+00   0.0000000000E+00   0.0000000000E+00
    4      0.0000000000E+00   0.0000000000E+00   0.0000000000E+00   0.0000000000E+00   0.0000000000E+00
    5      0.0000000000E+00   0.0000000000E+00   0.0000000000E+00   0.0000000000E+00   0.0000000000E+00
    6      0.0000000000E+00   0.0000000000E+00   0.0000000000E+00   0.0000000000E+00   0.0000000000E+00
    7      0.0000000000E+00   0.0000000000E+00   0.0000000000E+00   0.0000000000E+00   0.0000000000E+00
    8      0.0000000000E+00   0.0000000000E+00   0.0000000000E+00   0.0000000000E+00   0.0000000000E+00
    9      0.0000000000E+00   0.0000000000E+00   0.0000000000E+00   0.0000000000E+00   0.0000000000E+00
   10      0.0000000000E+00   0.0000000000E+00   0.0000000000E+00   0.0000000000E+00   0.0000000000E+00
   11      0.0000000000E+00   0.0000000000E+00   0.0000000000E+00   0.0000000000E+00   0.0000000000E+00
   12      0.0000000000E+00   0.0000000000E+00   0.0000000000E+00   0.0000000000E+00   0.0000000000E+00
   13      0.0000000000E+00   0.0000000000E+00   0.0000000000E+00   0.0000000000E+00   0.0000000000E+00
   14      0.0000000000E+00   0.0000000000E+00   0.0000000000E+00   0.0000000000E+00   0.0000000000E+00
   15      0.0000000000E+00   0.0000000000E+00   0.0000000000E+00   0.0000000000E+00   0.0000000000E+00
   16      0.0000000000E+00   0.0000000000E+00   0.0000000000E+00   0.0000000000E+00   0.0000000000E+00
   17      0.0000000000E+00   0.0000000000E+00   0.0000000000E+00   0.0000000000E+00   0.0000000000E+00
                    5                  6                  7                  8                  9        
    0      0.0000000000E+00   2.8504293968E-01  -1.1531455740E-01   9.4700827491E-02   7.0514474313E-02
    1      0.0000000000E+00  -1.6463709191E-01  -1.9953775291E-01  -5.3973639780E-02  -4.1286127396E-02
    2      0.0000000000E+00  -8.1673763501E-02  -3.0877836892E-04   2.2317934991E-01   5.4861865698E-01
    3      0.0000000000E+00   3.5893531582E-01   3.4589716387E-01   7.9980516582E-02   1.0791983703E-01
    4      0.0000000000E+00  -2.1073515633E-01  -2.3435811128E-01  -5.2114898649E-02  -8.4463088541E-02
    5      0.0000000000E+00  -2.4515541246E-01  -1.9322781916E-01   2.2926907256E-01   3.0706059508E-01
    6      0.0000000000E+00   4.8123528877E-01  -3.5808790398E-01   4.4353652411E-02   1.3213814749E-01
    7      0.0000000000E+00  -2.7798618994E-01  -6.1985219195E-01  -2.3576832080E-02  -7.8126645154E-02
    8      0.0000000000E+00   2.8929734740E-01  -3.4721525184E-04   1.2149869474E-01   6.3180725598E-01
    9      0.0000000000E+00   3.6166214004E-01  -3.7608745040E-01   8.7064858675E-02   1.2554430045E-01
   10      0.0000000000E+00  -2.0505532171E-01   1.8258399197E-01  -4.4114603678E-02  -5.0314284670E-02
   11      0.0000000000E+00  -2.4518110143E-01   1.9292142384E-01   2.2830818064E-01   3.0814641651E-01
   12      0.0000000000E+00  -6.7292209875E-02   2.6535998125E-02  -4.7893745277E-02  -3.1390192982E-02
   13      0.0000000000E+00   3.8863596202E-02   4.5907746416E-02   2.7489378997E-02   1.8246677310E-02
   14      0.0000000000E+00   1.5234296874E-02   2.2710970852E-04   3.4764160196E-01  -2.0132256090E-01
   15      0.0000000000E+00  -1.1840127584E-01   4.3986041868E-02   1.8287982548E-02  -5.4005654514E-03
   16      0.0000000000E+00   6.8373087486E-02   7.6117482799E-02  -1.0818969423E-02   3.3474826822E-03
   17      0.0000000000E+00   3.3873540696E-02  -1.9392273160E-04  -8.2057339939E-01  -3.7317629181E-02
                   10                 11                 12                 13                 14        
    0      1.2691438333E-01  -5.7858424559E-02  -6.6944725449E-03   6.5873327025E-02   3.1933429365E-02
    1     -7.3314513002E-02  -1.0013186991E-01   3.8760915525E-03  -3.7993320533E-02   5.5299385149E-02
    2      1.9301028447E-02   1.4607718350E-05   1.0547497922E-01   3.4563755279E-03  -1.7690755892E-05
    3     -8.9805129587E-02   2.1163190238E-01   5.0016158815E-02  -6.7677094313E-01  -2.9746845139E-01
    4      1.8516015459E-02   9.1236833549E-02  -1.5426364786E-01  -6.8304475651E-02   8.7861533858E-02
    5      3.3000565151E-01   6.2855806596E-01  -5.9657673989E-01  -1.2024150603E-01   3.3705706651E-01
    6     -3.1721064390E-01   1.4985911094E-01  -2.2653311626E-01   9.6908097247E-02  -3.7963615934E-01
    7      1.8324475460E-01   2.5947851722E-01   1.3065735492E-01  -5.6279375556E-02  -6.5733052361E-01
    8     -7.7981978798E-01   9.6701053146E-05  -3.9461307792E-01   1.6617929455E-01  -3.0495666995E-05
    9     -6.1109389330E-02  -2.6801800619E-02   1.5869401761E-01  -2.7907283474E-01   2.2502911852E-01
   10      6.8706294750E-02   2.2887463516E-01   3.3744229698E-02   6.2004900208E-01  -2.1420235105E-01
   11      3.2994215349E-01  -6.2854776477E-01  -5.9673623785E-01  -1.2057984518E-01  -3.3669870525E-01
   12     -2.5198351148E-02   1.0745379743E-02   3.4522797205E-03   1.5464456326E-03   1.3640935253E-03
   13      1.4554131907E-02   1.8597060340E-02  -1.9921232999E-03  -8.9243384229E-04   2.3782190887E-03
   14     -9.8823028774E-03  -3.9309104007E-06   7.7713695405E-03   1.3137992163E-03  -5.8292327807E-06
   15     -8.3767423326E-03  -1.2309262573E-03  -1.2643878222E-03   1.0409779008E-03   1.2516300814E-03
   16      4.8406240577E-03  -2.1509841326E-03   7.2912788020E-04  -6.0278145846E-04   2.1804819009E-03
   17      1.2599409942E-02  -7.5770611096E-06   3.0661714044E-03  -6.7656895311E-04   4.6667514805E-06
                   15                 16                 17        
     0      5.8423016801E-02   4.3531844854E-02   4.5340124913E-02
     1     -3.3743728630E-02  -2.5429938814E-02   7.8236482428E-02
     2     -3.7015423947E-02   2.6696321361E-02   8.4759807785E-05
     3      3.8144713183E-02  -1.7707596786E-03   4.4379970790E-02
     4      2.9980133004E-02   6.8629116834E-01  -6.7881584730E-01
     5     -2.9981015845E-02  -1.6324494937E-01   1.7044279931E-01
     6     -7.3930789849E-01   6.8922986438E-02   2.5166408663E-02
     7      4.2694881987E-01  -3.9992005366E-02   4.3263895552E-02
     8      5.0864758483E-01  -2.2212875521E-02   1.3712165876E-06
     9     -6.8151192966E-03  -5.9190223936E-01  -6.1345333445E-01
    10     -4.7933501417E-02  -3.3993989782E-01  -3.0300363389E-01
    11     -2.9922689766E-02  -1.6231631672E-01  -1.7137866105E-01
    12     -2.9515330356E-04   2.8023838237E-04   1.3221908002E-04
    13      1.6926027655E-04  -1.6008644153E-04   2.2813390073E-04
    14     -1.2039737241E-04   8.3296980876E-04  -1.4828659282E-06
    15      1.1784054272E-03  -2.0256170172E-04  -5.3142054170E-05
    16     -6.8282319581E-04   1.2129700109E-04  -9.0661717449E-05
    17     -1.8281530624E-04   1.9767357060E-05  -1.2375806999E-06

#
# The atoms: label  mass x y z (in bohrs)
#
$atoms
6
 C     12.01100     -0.449052752185     0.259119562288    -0.367828807863
 H      1.00800     -0.514846848759     2.243777439436    -0.896642266040
 H      1.00800      0.994635450713    -0.574410108313    -1.636469813392
 H      1.00800     -2.200717234442    -0.676216215856    -0.896683161934
 Cl    35.45300      0.005447558430    -0.003102331564     2.911981358238
 F     18.99800      0.365045603696    -0.210727151589    -5.019646788035

$actual_temperature
  0.000000

$frequency_scale_factor
  1.000000


$end

