
$orca_hessian_file

$act_atom
  0

$act_coord
  0

$act_energy
      -13.140057

$multiplicity
  1

$hessian
18
                    0                  1                  2                  3                  4        
    0      4.5594558090E-01   5.7600000000E-08  -5.7450000000E-07  -4.0727571400E-02  -7.0660000000E-07
    1      5.7600000000E-08   4.5594231130E-01   1.2670000000E-07  -6.6060000000E-07  -2.4512920490E-01
    2     -5.7450000000E-07   1.2670000000E-07   2.5130271030E-01   3.4640000000E-07   8.7826518000E-02
    3     -4.0727571400E-02  -6.6060000000E-07   3.4640000000E-07   4.7387963200E-02   8.6880000000E-07
    4     -7.0660000000E-07  -2.4512920490E-01   8.7826518000E-02   8.6880000000E-07   2.8577726850E-01
    5      3.9760000000E-07   9.7516512200E-02  -6.6144721700E-02  -3.5070000000E-07  -9.5267853100E-02
    6     -1.9401913660E-01   8.8505332700E-02   7.6067215100E-02  -2.8952859000E-03   4.2790626000E-03
    7      8.8501706200E-02  -9.1818188100E-02  -4.3917617500E-02   2.9031401800E-02  -2.2127242700E-02
    8      8.4458693800E-02  -4.8760343600E-02  -6.6148083800E-02  -6.6629587000E-03   4.1720195000E-03
    9     -1.9402239680E-01  -8.8504748300E-02  -7.6066849200E-02  -2.8956098000E-03  -4.2792382000E-03
   10     -8.8501062700E-02  -9.1816388500E-02  -4.3916213100E-02  -2.9031671900E-02  -2.2126933200E-02
   11     -8.4458381700E-02  -4.8758903500E-02  -6.6146983500E-02   6.6630674000E-03   4.1719851000E-03
   12     -2.7081106800E-02   1.9800000000E-08  -1.3540000000E-07   1.2906852000E-03   1.4800000000E-08
   13      3.5000000000E-09  -2.7081899200E-02   2.9786000000E-06   6.3400000000E-08   4.5237767000E-03
   14     -1.5030000000E-07   1.8842000000E-06  -5.8787042000E-02  -7.0400000000E-08   3.8144980000E-04
   15     -9.5369400000E-05  -1.2000000000E-09  -2.4000000000E-09  -2.1601813000E-03  -1.4000000000E-09
   16      2.1000000000E-09  -9.6630600000E-05   4.2073000000E-06  -1.5000000000E-09  -9.1766440000E-04
   17      1.5000000000E-08   7.2410000000E-07   5.9241206000E-03  -3.4000000000E-08  -1.2841193000E-03
                    5                  6                  7                  8                  9        
    0      3.9760000000E-07  -1.9401913660E-01   8.8501706200E-02   8.4458693800E-02  -1.9402239680E-01
    1      9.7516512200E-02   8.8505332700E-02  -9.1818188100E-02  -4.8760343600E-02  -8.8504748300E-02
    2     -6.6144721700E-02   7.6067215100E-02  -4.3917617500E-02  -6.6148083800E-02  -7.6066849200E-02
    3     -3.5070000000E-07  -2.8952859000E-03   2.9031401800E-02  -6.6629587000E-03  -2.8956098000E-03
    4     -9.5267853100E-02   4.2790626000E-03  -2.2127242700E-02   4.1720195000E-03  -4.2792382000E-03
    5      8.2580550900E-02   2.8156240000E-04  -7.8574544000E-03   5.2459971000E-03  -2.8158020000E-04
    6      2.8156240000E-04   2.2617159660E-01  -1.0322111750E-01  -8.2511434500E-02  -3.1741461600E-02
    7     -7.8574544000E-03  -1.0322111750E-01   1.0698130540E-01   4.7637235200E-02  -1.2374865300E-02
    8      5.2459971000E-03  -8.2511434500E-02   4.7637235200E-02   8.2588154000E-02  -6.9454403000E-03
    9     -2.8158020000E-04  -3.1741461600E-02  -1.2374865300E-02  -6.9454403000E-03   2.2617520950E-01
   10     -7.8572289000E-03   1.2375303700E-02   6.7194729000E-03   3.6845692000E-03   1.0322032100E-01
   11      5.2459539000E-03   6.9457571000E-03   3.6845931000E-03   5.2460492000E-03   8.2510989600E-02
   12     -2.3000000000E-09   3.7144293000E-03  -1.3999127000E-03   1.2222828900E-02   3.7143661000E-03
   13      1.4115090500E-02  -1.4007116000E-03   2.0966925000E-03  -7.0568811000E-03   1.4006553000E-03
   14     -1.6990667400E-02   3.2976350000E-04  -1.8895300000E-04  -1.6990992400E-02  -3.2992370000E-04
   15     -2.6900000000E-08  -1.2301418000E-03  -5.3721240000E-04  -5.6168920000E-04  -1.2301075000E-03
   16     -6.4906620000E-04  -5.3787000000E-04  -1.8520401000E-03   3.2340090000E-04   5.3787550000E-04
   17     -9.9371127000E-03  -1.1128636000E-03   6.4219670000E-04  -9.9411241000E-03   1.1128038000E-03
                   10                 11                 12                 13                 14        
    0     -8.8501062700E-02  -8.4458381700E-02  -2.7081106800E-02   3.5000000000E-09  -1.5030000000E-07
    1     -9.1816388500E-02  -4.8758903500E-02   1.9800000000E-08  -2.7081899200E-02   1.8842000000E-06
    2     -4.3916213100E-02  -6.6146983500E-02  -1.3540000000E-07   2.9786000000E-06  -5.8787042000E-02
    3     -2.9031671900E-02   6.6630674000E-03   1.2906852000E-03   6.3400000000E-08  -7.0400000000E-08
    4     -2.2126933200E-02   4.1719851000E-03   1.4800000000E-08   4.5237767000E-03   3.8144980000E-04
    5     -7.8572289000E-03   5.2459539000E-03  -2.3000000000E-09   1.4115090500E-02  -1.6990667400E-02
    6      1.2375303700E-02   6.9457571000E-03   3.7144293000E-03  -1.4007116000E-03   3.2976350000E-04
    7      6.7194729000E-03   3.6845931000E-03  -1.3999127000E-03   2.0966925000E-03  -1.8895300000E-04
    8      3.6845692000E-03   5.2460492000E-03   1.2222828900E-02  -7.0568811000E-03  -1.6990992400E-02
    9      1.0322032100E-01   8.2510989600E-02   3.7143661000E-03   1.4006553000E-03  -3.2992370000E-04
   10      1.0697919970E-01   4.7635652100E-02   1.3998967000E-03   2.0966835000E-03  -1.8895730000E-04
   11      4.7635652100E-02   8.2586965700E-02  -1.2223061700E-02  -7.0567311000E-03  -1.6990890900E-02
   12      1.3998967000E-03  -1.2223061700E-02   1.6444833000E-02  -1.2700000000E-08   4.3840000000E-07
   13      2.0966835000E-03  -7.0567311000E-03  -1.2700000000E-08   1.6446575800E-02  -4.1524000000E-06
   14     -1.8895730000E-04  -1.6990890900E-02   4.3840000000E-07  -4.1524000000E-06   1.2841368910E-01
   15      5.3721320000E-04   5.6162930000E-04   1.9167931000E-03   2.1000000000E-09  -5.7500000000E-08
   16     -1.8520345000E-03   3.2340440000E-04  -5.8000000000E-09   1.9181707000E-03  -1.2713000000E-06
   17      6.4217810000E-04  -9.9410943000E-03  -6.7800000000E-08  -3.0440000000E-07  -1.8654096400E-02
                   15                 16                 17        
     0     -9.5369400000E-05   2.1000000000E-09   1.5000000000E-08
     1     -1.2000000000E-09  -9.6630600000E-05   7.2410000000E-07
     2     -2.4000000000E-09   4.2073000000E-06   5.9241206000E-03
     3     -2.1601813000E-03  -1.5000000000E-09  -3.4000000000E-08
     4     -1.4000000000E-09  -9.1766440000E-04  -1.2841193000E-03
     5     -2.6900000000E-08  -6.4906620000E-04  -9.9371127000E-03
     6     -1.2301418000E-03  -5.3787000000E-04  -1.1128636000E-03
     7     -5.3721240000E-04  -1.8520401000E-03   6.4219670000E-04
     8     -5.6168920000E-04   3.2340090000E-04  -9.9411241000E-03
     9     -1.2301075000E-03   5.3787550000E-04   1.1128038000E-03
    10      5.3721320000E-04  -1.8520345000E-03   6.4217810000E-04
    11      5.6162930000E-04   3.2340440000E-04  -9.9410943000E-03
    12      1.9167931000E-03  -5.8000000000E-09  -6.7800000000E-08
    13      2.1000000000E-09   1.9181707000E-03  -3.0440000000E-07
    14     -5.7500000000E-08  -1.2713000000E-06  -1.8654096400E-02
    15      2.7990068000E-03  -3.0000000000E-10   1.4670000000E-07
    16     -3.0000000000E-10   2.8001989000E-03  -6.7520000000E-07
    17      1.4670000000E-07  -6.7520000000E-07   4.2549306900E-02

$vibrational_frequencies
18
    0        0.0000000000000000
    1        0.0000000000000000
    2        0.0000000000000000
    3        0.0000000000000000
    4        0.0000000000000000
    5        0.0000000000000000
    6      166.2459106933970077
    7      166.2794059176119674
    8      271.0542117100847577
    9      522.0028933014182257
   10      878.2891360467242521
   11      878.2929943548610936
   12     1341.0274067361115158
   13     1491.5619620549421143
   14     1491.6029110997390035
   15     2998.4065735811350351
   16     2998.4138662344912518
   17     3044.5441414285674000

$normal_modes
18 18
                    0                  1                  2                  3                  4        
    0      0.0000000000E+00   0.0000000000E+00   0.0000000000E+00   0.0000000000E+00   0.0000000000E+00
    1      0.0000000000E+00   0.0000000000E+00   0.0000000000E+00   0.0000000000E+00   0.0000000000E+00
    2      0.0000000000E+00   0.0000000000E+00   0.0000000000E+00   0.0000000000E+00   0.0000000000E+00
    3      0.0000000000E+00   0.0000000000E+00   0.0000000000E+00   0.0000000000E+00   0.0000000000E+00
    4      0.0000000000E+00   0.0000000000E+00   0.0000000000E+00   0.0000000000E+00   0.0000000000E+00
    5      0.0000000000E+00   0.0000000000E+00   0.0000000000E+00   0.0000000000E+00   0.0000000000E+00
    6      0.0000000000E+00   0.0000000000E+00   0.0000000000E+00   0.0000000000E+00   0.0000000000E+00
    7      0.0000000000E+00   0.0000000000E+00   0.0000000000E+00   0.0000000000E+00   0.0000000000E+00
    8      0.0000000000E+00   0.0000000000E+00   0.0000000000E+00   0.0000000000E+00   0.0000000000E+00
    9      0.0000000000E+00   0.0000000000E+00   0.0000000000E+00   0.0000000000E+00   0.0000000000E+00
   10      0.0000000000E+00   0.0000000000E+00   0.0000000000E+00   0.0000000000E+00   0.0000000000E+00
   11      0.0000000000E+00   0.0000000000E+00   0.0000000000E+00   0.0000000000E+00   0.0000000000E+00
   12      0.0000000000E+00   0.0000000000E+00   0.0000000000E+00   0.0000000000E+00   0.0000000000E+00
   13      0.0000000000E+00   0.0000000000E+00   0.0000000000E+00   0.0000000000E+00   0.0000000000E+00
   14      0.0000000000E+00   0.0000000000E+00   0.0000000000E+00   0.0000000000E+00   0.0000000000E+00
   15      0.0000000000E+00   0.0000000000E+00   0.0000000000E+00   0.0000000000E+00   0.0000000000E+00
   16      0.0000000000E+00   0.0000000000E+00   0.0000000000E+00   0.0000000000E+00   0.0000000000E+00
   17      0.0000000000E+00   0.0000000000E+00   0.0000000000E+00   0.0000000000E+00   0.0000000000E+00
                    5                  6                  7                  8                  9        
    0      0.0000000000E+00  -4.0115915885E-01  -2.9222269905E-04  -2.2531016113E-06   2.8063511495E-06
    1      0.0000000000E+00  -2.9225597207E-04   4.0116545583E-01   1.1416282836E-04  -5.9903345721E-05
    2      0.0000000000E+00   1.8011867410E-06   4.8754331089E-05  -3.0920264441E-01   6.6707911901E-01
    3      0.0000000000E+00  -4.7991567550E-01  -3.5081364315E-04  -2.1525357931E-06   1.6762917713E-06
    4      0.0000000000E+00  -3.6659726423E-04   5.0297163000E-01   4.9414636386E-02  -7.8661047834E-02
    5      0.0000000000E+00  -1.6785019113E-04   2.3143558549E-01  -1.4915599518E-01   3.9744729899E-01
    6      0.0000000000E+00  -4.9731957954E-01  -1.0294302490E-02   4.2707659383E-02  -6.8094449481E-02
    7      0.0000000000E+00   9.4248349775E-03   4.8579929520E-01  -2.4540721372E-02   3.9282780164E-02
    8      0.0000000000E+00  -2.0030789074E-01  -1.1582496220E-01  -1.4912579543E-01   3.9737431027E-01
    9      0.0000000000E+00  -4.9733275302E-01   9.5705813535E-03  -4.2711826377E-02   6.8097672537E-02
   10      0.0000000000E+00  -1.0132518554E-02   4.8578145016E-01  -2.4540640246E-02   3.9282702816E-02
   11      0.0000000000E+00   2.0048185480E-01  -1.1553049525E-01  -1.4912416812E-01   3.9737489489E-01
   12      0.0000000000E+00   9.3330082845E-02   6.7975607876E-05   5.4183339574E-07  -6.4491594268E-07
   13      0.0000000000E+00   6.7980718058E-05  -9.3330959724E-02  -3.0867694137E-05   1.7190947219E-05
   14      0.0000000000E+00  -3.2245620566E-07   3.5272035333E-06  -3.3635043371E-01  -2.4962520670E-01
   15      0.0000000000E+00   1.5769321939E-01   1.1491097325E-04   7.4862984703E-07  -8.3068857842E-07
   16      0.0000000000E+00   1.1490899941E-04  -1.5769473467E-01  -3.2255939471E-05   1.0862080556E-05
   17      0.0000000000E+00  -8.6139606518E-07  -4.1657399935E-05   8.4690231049E-01  -1.9163013034E-02
                   10                 11                 12                 13                 14        
    0     -1.1368586999E-01   4.7786539206E-03   2.6730715439E-07   9.9156106216E-05   7.1335723244E-02
    1     -4.7786628242E-03  -1.1368738363E-01  -3.6865788383E-07   7.1328793185E-02  -9.9157501350E-05
    2     -3.5351844717E-08  -1.3414584256E-05   8.4497973798E-02  -2.6139192971E-06  -1.7076672759E-07
    3      2.4801694365E-01  -1.0423780622E-02  -1.3933013034E-06  -1.0323220149E-03  -7.4640258399E-01
    4      9.2048632594E-03   2.1899063414E-01  -2.1761494493E-01   1.3427741354E-01  -1.8228918100E-04
    5      3.1093678674E-02   7.3966386333E-01  -5.3244213573E-01   2.9688349222E-01  -4.0879395732E-04
    6      2.2679447915E-01   3.0572398892E-03  -1.8849387781E-01  -3.8146010995E-01  -8.5365196040E-02
    7      2.2664388132E-02   2.4025977157E-01   1.0880768220E-01  -5.2675774596E-01  -3.8062707603E-01
    8      6.2502571385E-01  -3.9676459415E-01  -5.3244547070E-01  -1.4806576081E-01   2.5727468911E-01
    9      2.2573300163E-01  -2.2080011219E-02   1.8849000453E-01   3.8121614218E-01  -8.6418839821E-02
   10     -2.4218726467E-03   2.4131230420E-01   1.0880705504E-01  -5.2570654139E-01   3.8208553722E-01
   11     -6.5612258904E-01  -3.4290622309E-01  -5.3244606844E-01  -1.4878048266E-01  -2.5686382912E-01
   12      2.0321773874E-02  -8.5424402131E-04   2.4555823055E-08   1.7881805621E-06   1.2871622615E-03
   13      8.5422921073E-04   2.0321783534E-02  -2.7726561031E-07   1.2885355689E-03  -1.7565812204E-06
   14     -8.1693995701E-09   1.7019377559E-06   9.4861670568E-03  -6.1645546945E-07   1.9349856481E-09
   15     -3.2180042394E-03   1.3534189991E-04   6.4612526887E-08   1.6917437746E-06   1.2151267119E-03
   16     -1.3535250030E-04  -3.2180355013E-03   7.6151130611E-07   1.2169587497E-03  -1.7435811147E-06
   17      2.0719746663E-07   5.6739293147E-06   1.3627439747E-02   8.2662640823E-07  -5.2683327974E-09
                   15                 16                 17        
     0     -8.7383420053E-02  -4.7916280298E-03   1.4100888031E-06
     1      4.7916494901E-03  -8.7384048575E-02  -1.8983912710E-05
     2      1.6475359280E-06  -1.1876644078E-05   4.5805433323E-02
     3     -5.4941452590E-02  -3.0091913855E-03   1.6933435488E-08
     4     -4.1033478183E-02   7.4854025502E-01   5.4363054347E-01
     5      1.6990123597E-02  -3.0992198332E-01  -1.9309155935E-01
     6      5.6683728682E-01  -3.1802771579E-01   4.7058747565E-01
     7     -3.5596733153E-01   1.2693092508E-01  -2.7170140823E-01
     8     -2.7696848184E-01   1.4031817606E-01  -1.9301743113E-01
     9      5.2866105959E-01   3.7809524209E-01  -4.7060428679E-01
    10      3.3994250019E-01   1.6508429900E-01  -2.7171113340E-01
    11      2.5995765559E-01   1.6975493049E-01  -1.9302151424E-01
    12      6.4416502435E-05   3.5647612580E-06  -2.6046879551E-08
    13     -3.5380404874E-06   6.4513112040E-05   6.1173063556E-08
    14      1.6010400829E-08  -1.1524112404E-07   6.3021701135E-04
    15     -8.4369353034E-05  -4.6814825235E-06   4.8185681925E-08
    16      4.6167027379E-06  -8.4077211633E-05   3.2114729428E-07
    17      2.6955529716E-08  -2.9456809217E-07   5.9224157355E-04

#
# The atoms: label  mass x y z (in bohrs)
#
$atoms
6
 C     12.01100     -0.000001011897     0.000100384781    -0.490406650031
 H      1.00800     -0.000001579240     1.875567798122    -1.342412419431
 H      1.00800      1.624177832714    -0.937592911465    -1.342504383193
 H      1.00800     -1.624180191317    -0.937592449386    -1.342503533323
 Cl    35.45300      0.000000173017    -0.000012841579     2.885155645434
 F     18.99800      0.000000525807    -0.000059792919    -4.860380520339

$actual_temperature
  0.000000

$frequency_scale_factor
  1.000000


$end

