
$orca_hessian_file

$act_atom
  0

$act_coord
  0

$act_energy
      -13.143097

$multiplicity
  1

$hessian
18
                    0                  1                  2                  3                  4        
    0      4.7691594780E-01   1.1044982100E-02  -4.1778801300E-02  -4.2495779500E-02   1.2254515700E-02
    1      1.1044982100E-02   4.8968656620E-01   2.4132156100E-02   1.6121460800E-02  -2.8962690520E-01
    2     -4.1778801300E-02   2.4132156100E-02   2.3985529470E-01  -8.9487260000E-04   4.2957215200E-02
    3     -4.2495779500E-02   1.6121460800E-02  -8.9487260000E-04   4.4246603400E-02  -1.3934342700E-02
    4      1.2254515700E-02  -2.8962690520E-01   4.2957215200E-02  -1.3934342700E-02   3.2352068460E-01
    5     -1.2409493000E-03   4.5407032500E-02  -4.3346643400E-02   3.4208779000E-03  -5.0679580200E-02
    6     -1.6733600130E-01   7.3606562500E-02   9.7443537300E-02  -1.6106158000E-03   2.2036401000E-03
    7      7.3595322800E-02  -8.2326816600E-02  -5.6314428600E-02   2.3337737500E-02  -1.6647068400E-02
    8      9.8923073500E-02  -5.7109861500E-02  -8.8092271600E-02  -2.9727824000E-03   1.3052468000E-03
    9     -2.4013177740E-01  -1.0184362720E-01  -3.7696719200E-02  -1.6741620000E-04  -1.3053474000E-03
   10     -9.8001910600E-02  -9.2014187600E-02  -2.0731627300E-02  -2.9249218500E-02  -1.7790540800E-02
   11     -3.9939792200E-02  -2.1631491500E-02  -4.3367185700E-02   3.7333706000E-03   1.0545040000E-03
   12     -2.7774500400E-02   1.7565251000E-03  -8.8142282000E-03   1.9709100000E-04   1.2009754000E-03
   13      1.7759210000E-03  -2.5744598000E-02   5.1411933000E-03   4.4226390000E-03  -7.8459240000E-04
   14     -1.6371698100E-02   9.4457983000E-03  -5.8636105400E-02  -3.5011967000E-03   5.4766176000E-03
   15      8.2211080000E-04  -6.8590330000E-04  -8.2589160000E-03  -1.6988290000E-04  -4.1944120000E-04
   16     -6.6883100000E-04   2.5941100000E-05   4.8154911000E-03  -6.9827600000E-04   1.3284222000E-03
   17      4.0816740000E-04  -2.4363390000E-04  -6.4130887000E-03   2.1460320000E-04  -1.1400340000E-04
                    5                  6                  7                  8                  9        
    0     -1.2409493000E-03  -1.6733600130E-01   7.3595322800E-02   9.8923073500E-02  -2.4013177740E-01
    1      4.5407032500E-02   7.3606562500E-02  -8.2326816600E-02  -5.7109861500E-02  -1.0184362720E-01
    2     -4.3346643400E-02   9.7443537300E-02  -5.6314428600E-02  -8.8092271600E-02  -3.7696719200E-02
    3      3.4208779000E-03  -1.6106158000E-03   2.3337737500E-02  -2.9727824000E-03  -1.6741620000E-04
    4     -5.0679580200E-02   2.2036401000E-03  -1.6647068400E-02   1.3052468000E-03  -1.3053474000E-03
    5      5.4760360500E-02   1.1241005000E-03  -1.4138617200E-02   4.9874785000E-03   9.5139880000E-04
    6      1.1241005000E-03   1.9042225630E-01  -8.3254334600E-02  -1.0677913970E-01  -2.3941138000E-02
    7     -1.4138617200E-02  -8.3254334600E-02   9.4304820200E-02   6.1640140500E-02  -1.0688658600E-02
    8      4.9874785000E-03  -1.0677913970E-01   6.1640140500E-02   1.0420497690E-01  -2.6152766000E-03
    9      9.5139880000E-04  -2.3941138000E-02  -1.0688658600E-02  -2.6152766000E-03   2.6578442950E-01
   10     -3.7646987000E-03   1.0442511300E-02   5.6998092000E-03   1.9206332000E-03   1.1399077870E-01
   11      2.2414554000E-03   1.2796735600E-02   6.0915179000E-03   4.9890249000E-03   4.5598931100E-02
   12     -4.0069731000E-03   5.1680882000E-03  -2.9376628000E-03   7.5858994000E-03  -2.9734200000E-03
   13      2.2735347800E-02  -2.9476944000E-03   1.7424929000E-03  -4.3775397000E-03  -6.5039160000E-04
   14     -1.7759772100E-02  -3.3965111000E-03   2.0314954000E-03  -2.0733488500E-02  -6.4410442000E-03
   15     -2.4845480000E-04  -2.7025894000E-03  -5.2404200000E-05   5.8582258000E-03   1.4293220000E-03
   16      4.4051570000E-04  -5.0684900000E-05  -2.7732373000E-03  -3.3786193000E-03   4.9724600000E-04
   17     -8.8287890000E-04  -1.1887226000E-03   6.8989200000E-04  -5.3557203000E-03   2.0271000000E-04
                   10                 11                 12                 13                 14        
    0     -9.8001910600E-02  -3.9939792200E-02  -2.7774500400E-02   1.7759210000E-03  -1.6371698100E-02
    1     -9.2014187600E-02  -2.1631491500E-02   1.7565251000E-03  -2.5744598000E-02   9.4457983000E-03
    2     -2.0731627300E-02  -4.3367185700E-02  -8.8142282000E-03   5.1411933000E-03  -5.8636105400E-02
    3     -2.9249218500E-02   3.7333706000E-03   1.9709100000E-04   4.4226390000E-03  -3.5011967000E-03
    4     -1.7790540800E-02   1.0545040000E-03   1.2009754000E-03  -7.8459240000E-04   5.4766176000E-03
    5     -3.7646987000E-03   2.2414554000E-03  -4.0069731000E-03   2.2735347800E-02  -1.7759772100E-02
    6      1.0442511300E-02   1.2796735600E-02   5.1680882000E-03  -2.9476944000E-03  -3.3965111000E-03
    7      5.6998092000E-03   6.0915179000E-03  -2.9376628000E-03   1.7424929000E-03   2.0314954000E-03
    8      1.9206332000E-03   4.9890249000E-03   7.5858994000E-03  -4.3775397000E-03  -2.0733488500E-02
    9      1.1399077870E-01   4.5598931100E-02  -2.9734200000E-03  -6.5039160000E-04  -6.4410442000E-03
   10      1.0202365670E-01   2.2380839400E-02   2.5922036000E-03   2.3716156000E-03   3.2084120000E-04
   11      2.2380839400E-02   5.4767409300E-02  -2.1688970500E-02  -7.8961630000E-03  -1.7751316900E-02
   12      2.5922036000E-03  -2.1688970500E-02   2.3979066200E-02  -2.3983078000E-03   2.5409277000E-02
   13      2.3716156000E-03  -7.8961630000E-03  -2.3983078000E-03   2.1235779600E-02  -1.4729911200E-02
   14      3.2084120000E-04  -1.7751316900E-02   2.5409277000E-02  -1.4729911200E-02   1.2469540560E-01
   15      2.2563550000E-04  -5.0027460000E-04   1.4036750000E-03  -2.0216620000E-04   4.3011731000E-03
   16     -2.9035320000E-04   7.9330000000E-07  -2.1373350000E-04   1.1793023000E-03  -2.5448413000E-03
   17     -1.2598790000E-04  -8.7938700000E-04   1.5149954000E-03  -8.7292720000E-04  -9.8147227000E-03
                   15                 16                 17        
     0      8.2211080000E-04  -6.6883100000E-04   4.0816740000E-04
     1     -6.8590330000E-04   2.5941100000E-05  -2.4363390000E-04
     2     -8.2589160000E-03   4.8154911000E-03  -6.4130887000E-03
     3     -1.6988290000E-04  -6.9827600000E-04   2.1460320000E-04
     4     -4.1944120000E-04   1.3284222000E-03  -1.1400340000E-04
     5     -2.4845480000E-04   4.4051570000E-04  -8.8287890000E-04
     6     -2.7025894000E-03  -5.0684900000E-05  -1.1887226000E-03
     7     -5.2404200000E-05  -2.7732373000E-03   6.8989200000E-04
     8      5.8582258000E-03  -3.3786193000E-03  -5.3557203000E-03
     9      1.4293220000E-03   4.9724600000E-04   2.0271000000E-04
    10      2.2563550000E-04  -2.9035320000E-04  -1.2598790000E-04
    11     -5.0027460000E-04   7.9330000000E-07  -8.7938700000E-04
    12      1.4036750000E-03  -2.1373350000E-04   1.5149954000E-03
    13     -2.0216620000E-04   1.1793023000E-03  -8.7292720000E-04
    14      4.3011731000E-03  -2.5448413000E-03  -9.8147227000E-03
    15     -7.8263550000E-04   1.1342793000E-03  -1.1517534000E-03
    16      1.1342793000E-03   5.2992490000E-04   6.6666050000E-04
    17     -1.1517534000E-03   6.6666050000E-04   2.3345797600E-02

$vibrational_frequencies
18
    0        0.0000000000000000
    1        0.0000000000000000
    2        0.0000000000000000
    3        0.0000000000000000
    4        0.0000000000000000
    5        0.0000000000000000
    6     -169.5659571826199965
    7      151.4777131195486390
    8      208.3000163767418371
    9      553.6100224853101963
   10      811.5274688940772876
   11      979.8656189360676763
   12     1267.4031966654104053
   13     1424.0263636990880514
   14     1435.5592147652323547
   15     2958.5242602231191995
   16     3057.7571988674512795
   17     3066.3635167286138312

$normal_modes
18 18
                    0                  1                  2                  3                  4        
    0      0.0000000000E+00   0.0000000000E+00   0.0000000000E+00   0.0000000000E+00   0.0000000000E+00
    1      0.0000000000E+00   0.0000000000E+00   0.0000000000E+00   0.0000000000E+00   0.0000000000E+00
    2      0.0000000000E+00   0.0000000000E+00   0.0000000000E+00   0.0000000000E+00   0.0000000000E+00
    3      0.0000000000E+00   0.0000000000E+00   0.0000000000E+00   0.0000000000E+00   0.0000000000E+00
    4      0.0000000000E+00   0.0000000000E+00   0.0000000000E+00   0.0000000000E+00   0.0000000000E+00
    5      0.0000000000E+00   0.0000000000E+00   0.0000000000E+00   0.0000000000E+00   0.0000000000E+00
    6      0.0000000000E+00   0.0000000000E+00   0.0000000000E+00   0.0000000000E+00   0.0000000000E+00
    7      0.0000000000E+00   0.0000000000E+00   0.0000000000E+00   0.0000000000E+00   0.0000000000E+00
    8      0.0000000000E+00   0.0000000000E+00   0.0000000000E+00   0.0000000000E+00   0.0000000000E+00
    9      0.0000000000E+00   0.0000000000E+00   0.0000000000E+00   0.0000000000E+00   0.0000000000E+00
   10      0.0000000000E+00   0.0000000000E+00   0.0000000000E+00   0.0000000000E+00   0.0000000000E+00
   11      0.0000000000E+00   0.0000000000E+00   0.0000000000E+00   0.0000000000E+00   0.0000000000E+00
   12      0.0000000000E+00   0.0000000000E+00   0.0000000000E+00   0.0000000000E+00   0.0000000000E+00
   13      0.0000000000E+00   0.0000000000E+00   0.0000000000E+00   0.0000000000E+00   0.0000000000E+00
   14      0.0000000000E+00   0.0000000000E+00   0.0000000000E+00   0.0000000000E+00   0.0000000000E+00
   15      0.0000000000E+00   0.0000000000E+00   0.0000000000E+00   0.0000000000E+00   0.0000000000E+00
   16      0.0000000000E+00   0.0000000000E+00   0.0000000000E+00   0.0000000000E+00   0.0000000000E+00
   17      0.0000000000E+00   0.0000000000E+00   0.0000000000E+00   0.0000000000E+00   0.0000000000E+00
                    5                  6                  7                  8                  9        
    0      0.0000000000E+00   2.8312800141E-01  -9.4840480920E-02  -5.7747237812E-02   1.7334632165E-01
    1      0.0000000000E+00  -1.6356757553E-01  -1.6393855864E-01   3.2261621616E-02  -1.0081398398E-01
    2      0.0000000000E+00  -1.1244912158E-01  -2.1730290681E-04  -2.4475412713E-01   6.2492179345E-01
    3      0.0000000000E+00   3.5053033600E-01   3.9121833753E-01  -5.2209206549E-02   1.4577533419E-01
    4      0.0000000000E+00  -1.9734689295E-01  -1.7704030926E-01   3.2777015538E-02  -1.2390092315E-01
    5      0.0000000000E+00  -2.7179741084E-01  -2.0824492474E-01  -2.4364536637E-01   3.7180839570E-01
    6      0.0000000000E+00   4.8044984390E-01  -3.5416454417E-01  -2.9864442137E-02   7.4478031738E-02
    7      0.0000000000E+00  -2.7774105461E-01  -6.1299045757E-01   1.3186655962E-02  -4.4698473005E-02
    8      0.0000000000E+00   2.7435494868E-01  -2.8508547697E-04  -1.8238279733E-01   3.9068057542E-01
    9      0.0000000000E+00   3.4580291064E-01  -3.4923238203E-01  -5.7910901036E-02   1.7798119407E-01
   10      0.0000000000E+00  -2.0460203741E-01   2.5049778818E-01   3.1285120590E-02  -6.2332118654E-02
   11      0.0000000000E+00  -2.7156992376E-01   2.0807995994E-01  -2.4162679535E-01   3.7300615023E-01
   12      0.0000000000E+00  -6.5492867311E-02   2.1389096659E-02   4.3879033829E-02  -6.0546236672E-02
   13      0.0000000000E+00   3.7834807035E-02   3.6972503368E-02  -2.5087929080E-02   3.5103787059E-02
   14      0.0000000000E+00   3.3987668813E-02   2.7307580225E-04  -3.3339249748E-01  -2.3172728366E-01
   15      0.0000000000E+00  -1.1921934706E-01   3.6608979358E-02  -3.7948041207E-02  -1.7735413049E-02
   16      0.0000000000E+00   6.8869367339E-02   6.3276613767E-02   2.2322414466E-02   1.0481164645E-02
   17      0.0000000000E+00   2.1940523312E-02  -3.4833564179E-04   8.1232246725E-01  -2.2901745223E-02
                   10                 11                 12                 13                 14        
    0     -1.1292732463E-01  -5.5922661071E-02   2.6238021224E-03  -3.4073963537E-02  -6.6249586753E-02
    1      6.5180635446E-02  -9.6835016986E-02  -1.5272957484E-03  -5.8854605336E-02   3.8316538296E-02
    2      2.1148481034E-02  -5.1629102471E-05  -9.6166028811E-02  -2.7011604367E-05   1.8379708332E-03
    3      7.8156361984E-02   2.3846642077E-01  -3.7632450162E-03   2.9710413265E-01   6.8199526101E-01
    4     -8.9398663598E-04   5.6584895846E-02   1.1437950186E-01  -6.4918977515E-02   6.4602302703E-02
    5     -2.9873491323E-01   6.3144864517E-01   6.1506549262E-01  -3.3625965117E-01   7.3477019916E-02
    6      3.1307157079E-01   1.3205101011E-01   2.2227045185E-01   3.8225293223E-01  -1.1455134538E-01
    7     -1.8067041683E-01   2.2864137398E-01  -1.2820403007E-01   6.6254021279E-01   6.5271802971E-02
    8      8.1265482890E-01   6.7304263176E-05   3.7596096514E-01  -3.8928046049E-04  -1.6342688254E-01
    9      3.9783318198E-02  -7.0282571011E-02  -1.0106601788E-01  -2.0426824562E-01   2.8551749657E-01
   10     -6.7176676827E-02   2.3476184421E-01  -5.3870167761E-02   2.2371173757E-01  -6.2331524457E-01
   11     -2.9861112562E-01  -6.3125286021E-01   6.1551265045E-01   3.3609165338E-01   7.2884894567E-02
   12      2.1633046556E-02   1.0634376693E-02  -5.0092170318E-03  -1.4458881558E-03  -1.5601292683E-03
   13     -1.2488284952E-02   1.8413802384E-02   2.8900160695E-03  -2.5135598340E-03   9.0403924400E-04
   14     -8.0763971259E-03   1.0038002236E-05  -1.1791942754E-02   2.1989606858E-05  -5.6294209236E-04
   15      8.1563509617E-03  -4.1952908365E-04   1.4578674426E-03  -9.6673760318E-04  -4.6057764315E-04
   16     -4.7060973259E-03  -7.3098041047E-04  -8.3583203176E-04  -1.6784785316E-03   2.6938747274E-04
   17     -9.7227686478E-03  -5.0220132841E-08  -2.4361249901E-03   5.6098185361E-06   7.9395758090E-04
                   15                 16                 17        
     0     -5.3631933765E-02  -5.2990482329E-02   4.6132652210E-02
     1      3.0954020935E-02   3.1612130251E-02   7.8680555904E-02
     2      3.9799395292E-02  -1.4957203016E-02   1.6211930627E-04
     3     -2.5964250321E-02   1.0243987595E-02   5.8673263568E-02
     4      6.2871860361E-02  -7.0051909710E-01  -6.8249131318E-01
     5      2.8689178281E-03   1.2366280869E-01   1.2505987308E-01
     6      7.4071216187E-01   2.8436106997E-02   2.2255827184E-02
     7     -4.2767132309E-01  -1.5885610614E-02   3.9078366825E-02
     8     -5.0375336582E-01  -4.1110068496E-02   3.6828506226E-04
     9     -6.7322648409E-02   5.9972268704E-01  -6.3254753266E-01
    10     -8.9182774343E-03   3.3575118592E-01  -2.9733461477E-01
    11      2.8637971941E-03   1.2122992846E-01  -1.2750403696E-01
    12      2.2561659953E-04  -2.6801144127E-04   1.1309858778E-04
    13     -1.2944837874E-04   1.5566464539E-04   1.9127581901E-04
    14      5.7335357144E-04  -7.4217634160E-04   4.2175476092E-06
    15     -8.6484335736E-04   1.2951305396E-04  -1.0935785265E-04
    16      5.0047741867E-04  -7.9657076747E-05  -1.8633103294E-04
    17      1.9197678637E-04   2.8972168678E-05  -2.2391094183E-07

#
# The atoms: label  mass x y z (in bohrs)
#
$atoms
6
 C     12.01100     -0.596111757422     0.344143750314    -0.380319462208
 H      1.00800     -0.711529317455     2.353509111890    -0.761066782185
 H      1.00800      0.869028076929    -0.501696553292    -1.549211832518
 H      1.00800     -2.393929175427    -0.560686816898    -0.761072732731
 Cl    35.45300      0.033300672105    -0.019230348876     2.944186516549
 F     18.99800      0.433393591406    -0.250194324348    -5.090867741468

$actual_temperature
  0.000000

$frequency_scale_factor
  1.000000


$end

