
$orca_hessian_file

$act_atom
  0

$act_coord
  0

$act_energy
      -12.538915

$multiplicity
  1

$hessian
18
                    0                  1                  2                  3                  4        
    0      5.3548014530E-01  -4.7000000000E-09  -1.9570000000E-06  -4.4552484000E-02  -1.3645000000E-06
    1     -4.7000000000E-09   5.3548240650E-01  -2.5523000000E-06  -1.3596000000E-06  -2.9737984980E-01
    2     -1.9570000000E-06  -2.5523000000E-06  -3.1351842800E-02   8.4200000000E-08  -1.0478931800E-02
    3     -4.4552484000E-02  -1.3596000000E-06   8.4200000000E-08   4.2462485400E-02   1.5179000000E-06
    4     -1.3645000000E-06  -2.9737984980E-01  -1.0478931800E-02   1.5179000000E-06   3.2101124580E-01
    5      5.9600000000E-08  -1.0810629800E-02  -1.1085278200E-02   4.4700000000E-08   1.3157370600E-02
    6     -2.3417499280E-01   1.0948654300E-01  -9.0728022000E-03   9.5294030000E-04  -5.1142730000E-04
    7      1.0947984420E-01  -1.0776574820E-01   5.2424055000E-03   2.3965548500E-02  -1.2599430000E-02
    8     -9.3613627000E-03   5.4041747000E-03  -1.1085355900E-02   1.6171496000E-03  -4.7365370000E-04
    9     -2.3417715040E-01  -1.0948517680E-01   9.0744092000E-03   9.5265790000E-04   5.1128270000E-04
   10     -1.0947847990E-01  -1.0776345480E-01   5.2430459000E-03  -2.3965692100E-02  -1.2599199700E-02
   11      9.3629768000E-03   5.4048180000E-03  -1.1085466000E-02  -1.6171638000E-03  -4.7363700000E-04
   12     -1.0199934200E-02   3.4000000000E-09   1.2630000000E-07   3.2830170000E-04  -2.1000000000E-09
   13      2.3000000000E-09  -1.0198843100E-02  -1.9727000000E-06   2.1300000000E-08   1.2322644000E-03
   14      1.5210000000E-07  -3.2525000000E-06   3.2456283400E-02  -5.0100000000E-08  -3.3246010000E-04
   15     -1.2375583800E-02  -5.4000000000E-09   1.3950000000E-07  -1.4390130000E-04  -6.7000000000E-09
   16      2.7000000000E-09  -1.2374510600E-02  -1.9945000000E-06  -3.6100000000E-08   3.3496920000E-04
   17      1.3120000000E-07   7.4419000000E-06   3.2151659400E-02  -6.4600000000E-08  -1.3986880000E-03
                    5                  6                  7                  8                  9        
    0      5.9600000000E-08  -2.3417499280E-01   1.0947984420E-01  -9.3613627000E-03  -2.3417715040E-01
    1     -1.0810629800E-02   1.0948654300E-01  -1.0776574820E-01   5.4041747000E-03  -1.0948517680E-01
    2     -1.1085278200E-02  -9.0728022000E-03   5.2424055000E-03  -1.1085355900E-02   9.0744092000E-03
    3      4.4700000000E-08   9.5294030000E-04   2.3965548500E-02   1.6171496000E-03   9.5265790000E-04
    4      1.3157370600E-02  -5.1142730000E-04  -1.2599430000E-02  -4.7365370000E-04   5.1128270000E-04
    5      3.6074958100E-02   3.9896530000E-04   1.6383671000E-03   4.3889830000E-04  -3.9895030000E-04
    6      3.9896530000E-04   2.5135314770E-01  -1.2062830660E-01   1.1394955000E-02  -1.9337967200E-02
    7      1.6383671000E-03  -1.2062830660E-01   1.1211479140E-01  -6.5776130000E-03  -1.2226736700E-02
    8      4.3889830000E-04   1.1394955000E-02  -6.5776130000E-03   3.6074997300E-02   1.2183426000E-03
    9     -3.9895030000E-04  -1.9337967200E-02  -1.2226736700E-02   1.2183426000E-03   2.5135551410E-01
   10      1.6385416000E-03   1.2226998900E-02   7.7369388000E-03  -1.1627085000E-03   1.2062681510E-01
   11      4.3890970000E-04  -1.2182141000E-03  -1.1626151000E-03   4.3891330000E-04  -1.1396530000E-02
   12     -6.8000000000E-09   9.9895300000E-04  -3.8718880000E-04   4.3590176000E-03   9.9894220000E-04
   13      5.0327003000E-03  -3.7891640000E-04   5.4593980000E-04  -2.5174013000E-03   3.7889210000E-04
   14     -9.4853641000E-03  -2.8500080000E-04   1.7119940000E-04  -9.4853767000E-03   2.8492670000E-04
   15     -1.1240000000E-07   2.0791890000E-04  -2.0316060000E-04  -9.2281021000E-03   2.0800340000E-04
   16     -1.0656349900E-02  -1.9489160000E-04  -3.2491800000E-05   5.3272019000E-03   1.9492350000E-04
   17     -1.6382123800E-02  -1.2179031000E-03   6.8825610000E-04  -1.6382076300E-02   1.2178019000E-03
                   10                 11                 12                 13                 14        
    0     -1.0947847990E-01   9.3629768000E-03  -1.0199934200E-02   2.3000000000E-09   1.5210000000E-07
    1     -1.0776345480E-01   5.4048180000E-03   3.4000000000E-09  -1.0198843100E-02  -3.2525000000E-06
    2      5.2430459000E-03  -1.1085466000E-02   1.2630000000E-07  -1.9727000000E-06   3.2456283400E-02
    3     -2.3965692100E-02  -1.6171638000E-03   3.2830170000E-04   2.1300000000E-08  -5.0100000000E-08
    4     -1.2599199700E-02  -4.7363700000E-04  -2.1000000000E-09   1.2322644000E-03  -3.3246010000E-04
    5      1.6385416000E-03   4.3890970000E-04  -6.8000000000E-09   5.0327003000E-03  -9.4853641000E-03
    6      1.2226998900E-02  -1.2182141000E-03   9.9895300000E-04  -3.7891640000E-04  -2.8500080000E-04
    7      7.7369388000E-03  -1.1626151000E-03  -3.8718880000E-04   5.4593980000E-04   1.7119940000E-04
    8     -1.1627085000E-03   4.3891330000E-04   4.3590176000E-03  -2.5174013000E-03  -9.4853767000E-03
    9      1.2062681510E-01  -1.1396530000E-02   9.9894220000E-04   3.7889210000E-04   2.8492670000E-04
   10      1.1211227980E-01  -6.5783344000E-03   3.8719080000E-04   5.4593180000E-04   1.7120850000E-04
   11     -6.5783344000E-03   3.6075154400E-02  -4.3591136000E-03  -2.5173475000E-03  -9.4853460000E-03
   12      3.8719080000E-04  -4.3591136000E-03   5.5105886000E-03  -1.8000000000E-09   3.6300000000E-08
   13      5.4593180000E-04  -2.5173475000E-03  -1.8000000000E-09   5.5110698000E-03  -3.3345000000E-06
   14      1.7120850000E-04  -9.4853460000E-03   3.6300000000E-08  -3.3345000000E-06   1.4113413100E-02
   15      2.0316720000E-04   9.2280448000E-03   2.3631487000E-03   2.4000000000E-09  -6.4300000000E-08
   16     -3.2495900000E-05   5.3271160000E-03  -1.5000000000E-09   2.3636372000E-03  -3.3608000000E-06
   17      6.8824690000E-04  -1.6382165400E-02  -5.9800000000E-08   7.3558000000E-06  -1.8113609700E-02
                   15                 16                 17        
     0     -1.2375583800E-02   2.7000000000E-09   1.3120000000E-07
     1     -5.4000000000E-09  -1.2374510600E-02   7.4419000000E-06
     2      1.3950000000E-07  -1.9945000000E-06   3.2151659400E-02
     3     -1.4390130000E-04  -3.6100000000E-08  -6.4600000000E-08
     4     -6.7000000000E-09   3.3496920000E-04  -1.3986880000E-03
     5     -1.1240000000E-07  -1.0656349900E-02  -1.6382123800E-02
     6      2.0791890000E-04  -1.9489160000E-04  -1.2179031000E-03
     7     -2.0316060000E-04  -3.2491800000E-05   6.8825610000E-04
     8     -9.2281021000E-03   5.3272019000E-03  -1.6382076300E-02
     9      2.0800340000E-04   1.9492350000E-04   1.2178019000E-03
    10      2.0316720000E-04  -3.2495900000E-05   6.8824690000E-04
    11      9.2280448000E-03   5.3271160000E-03  -1.6382165400E-02
    12      2.3631487000E-03  -1.5000000000E-09  -5.9800000000E-08
    13      2.4000000000E-09   2.3636372000E-03   7.3558000000E-06
    14     -6.4300000000E-08  -3.3608000000E-06  -1.8113609700E-02
    15      9.7404141000E-03   3.1000000000E-09   9.4500000000E-08
    16      3.1000000000E-09   9.7408918000E-03   7.3873000000E-06
    17      9.4500000000E-08   7.3873000000E-06   3.5108315800E-02

$vibrational_frequencies
18
    0        0.0000000000000000
    1        0.0000000000000000
    2        0.0000000000000000
    3        0.0000000000000000
    4        0.0000000000000000
    5        0.0000000000000000
    6     -321.1895043837878347
    7      147.0285378254512807
    8      192.7389832718863829
    9      192.7503136847671215
   10      957.2860709999935125
   11      957.2866090768372942
   12      993.9105937695164812
   13     1360.6858542713978295
   14     1360.7917895303999103
   15     2955.9691796126244299
   16     3040.6742914159603970
   17     3040.7158707666949340

$normal_modes
18 18
                    0                  1                  2                  3                  4        
    0      0.0000000000E+00   0.0000000000E+00   0.0000000000E+00   0.0000000000E+00   0.0000000000E+00
    1      0.0000000000E+00   0.0000000000E+00   0.0000000000E+00   0.0000000000E+00   0.0000000000E+00
    2      0.0000000000E+00   0.0000000000E+00   0.0000000000E+00   0.0000000000E+00   0.0000000000E+00
    3      0.0000000000E+00   0.0000000000E+00   0.0000000000E+00   0.0000000000E+00   0.0000000000E+00
    4      0.0000000000E+00   0.0000000000E+00   0.0000000000E+00   0.0000000000E+00   0.0000000000E+00
    5      0.0000000000E+00   0.0000000000E+00   0.0000000000E+00   0.0000000000E+00   0.0000000000E+00
    6      0.0000000000E+00   0.0000000000E+00   0.0000000000E+00   0.0000000000E+00   0.0000000000E+00
    7      0.0000000000E+00   0.0000000000E+00   0.0000000000E+00   0.0000000000E+00   0.0000000000E+00
    8      0.0000000000E+00   0.0000000000E+00   0.0000000000E+00   0.0000000000E+00   0.0000000000E+00
    9      0.0000000000E+00   0.0000000000E+00   0.0000000000E+00   0.0000000000E+00   0.0000000000E+00
   10      0.0000000000E+00   0.0000000000E+00   0.0000000000E+00   0.0000000000E+00   0.0000000000E+00
   11      0.0000000000E+00   0.0000000000E+00   0.0000000000E+00   0.0000000000E+00   0.0000000000E+00
   12      0.0000000000E+00   0.0000000000E+00   0.0000000000E+00   0.0000000000E+00   0.0000000000E+00
   13      0.0000000000E+00   0.0000000000E+00   0.0000000000E+00   0.0000000000E+00   0.0000000000E+00
   14      0.0000000000E+00   0.0000000000E+00   0.0000000000E+00   0.0000000000E+00   0.0000000000E+00
   15      0.0000000000E+00   0.0000000000E+00   0.0000000000E+00   0.0000000000E+00   0.0000000000E+00
   16      0.0000000000E+00   0.0000000000E+00   0.0000000000E+00   0.0000000000E+00   0.0000000000E+00
   17      0.0000000000E+00   0.0000000000E+00   0.0000000000E+00   0.0000000000E+00   0.0000000000E+00
                    5                  6                  7                  8                  9        
    0      0.0000000000E+00  -2.7733117028E-06  -5.4967440093E-07   4.8300878690E-01  -3.2362108273E-04
    1      0.0000000000E+00   3.3762041436E-05  -1.5236137857E-03   3.2361480604E-04   4.8301635626E-01
    2      0.0000000000E+00  -9.3204097698E-01   2.5230983960E-01  -1.2336802442E-06   1.0925431297E-04
    3      0.0000000000E+00   1.8259063297E-07  -1.0063233230E-06   5.0271965750E-01  -3.3703606259E-04
    4      0.0000000000E+00  -2.2061628967E-02   1.4558123315E-03   3.3019962721E-04   4.9293838474E-01
    5      0.0000000000E+00  -1.7787099730E-01   1.0980453647E-01  -5.8545870249E-05  -8.4288143585E-02
    6      0.0000000000E+00  -1.9120516015E-02   2.5193687408E-03   4.9535382423E-01   3.9485982423E-03
    7      0.0000000000E+00   1.1118776286E-02  -3.2401161154E-03   4.5893772845E-03   5.0023501961E-01
    8      0.0000000000E+00  -1.7785942556E-01   1.0938433902E-01  -7.2975378578E-02   4.2204717333E-02
    9      0.0000000000E+00   1.9120391563E-02  -2.5215169660E-03   4.9534852965E-01  -4.6121795041E-03
   10      0.0000000000E+00   1.1118493596E-02  -3.2401943917E-03  -3.9190072226E-03   5.0024107651E-01
   11      0.0000000000E+00  -1.7785898247E-01   1.0938208729E-01   7.3029149310E-02   4.2106528637E-02
   12      0.0000000000E+00   4.5634207301E-07   1.4807402596E-07  -1.0198194479E-01   6.8331114450E-05
   13      0.0000000000E+00  -8.1556856408E-06   3.2627521653E-04  -6.8331912422E-05  -1.0198309308E-01
   14      0.0000000000E+00   1.7331196839E-01   8.5099288435E-01   5.9889266260E-07   2.7144116850E-04
   15      0.0000000000E+00   2.1367893542E-07   5.6724100692E-08  -4.6198023008E-02   3.0952341515E-05
   16      0.0000000000E+00  -3.6723203926E-06   1.4765186594E-04  -3.0950442940E-05  -4.6198556356E-02
   17      0.0000000000E+00   6.9939587982E-02  -4.1967388915E-01  -2.0043416514E-08  -1.3715825413E-04
                   10                 11                 12                 13                 14        
    0     -8.5807867154E-04   2.6169382244E-02  -1.4558065371E-07  -3.2152706850E-06  -9.6390599974E-02
    1      2.6169884144E-02   8.5812782899E-04   1.6225605704E-05  -9.6382365110E-02   3.2125911126E-06
    2     -5.6458578446E-06  -2.6386538685E-07  -3.9801108945E-02  -6.1753118940E-07   3.7121070470E-07
    3      1.6117900023E-03  -4.9108065288E-02   2.1041816610E-06   2.2487027295E-05   8.0744670605E-01
    4     -1.5240004596E-02  -4.9945206923E-04  -2.5306750382E-02  -5.7382458239E-02  -2.6722881166E-06
    5      8.1420918227E-01   2.6701156898E-02   5.7614117066E-01   7.2226155653E-02  -4.9391134657E-06
    6     -1.3903700655E-02  -2.4182583064E-02  -2.1976984479E-02   3.7460480475E-01   1.5877522933E-01
    7     -4.0160742483E-02  -1.5999973875E-02   1.2598687780E-02   5.9117883440E-01   3.7448824039E-01
    8     -4.3011810069E-01   6.9171586953E-01   5.7631549591E-01  -3.5984889111E-02   6.2469164016E-02
    9      1.5456523117E-02  -2.3224590863E-02   2.1980975364E-02  -3.7458983000E-01   1.5879199858E-01
   10     -4.1125354351E-02   1.3334577284E-02   1.2598562219E-02   5.9116151430E-01  -3.7452303302E-01
   11     -3.8387376180E-01  -7.1841135889E-01   5.7631382356E-01  -3.5985732823E-02  -6.2468520512E-02
   12     -1.5585297969E-04   4.7519926875E-03  -5.2987377363E-08   7.2068230598E-09   7.3419475553E-04
   13      4.7520540487E-03   1.5584887652E-04  -2.2361014621E-06   7.3370053594E-04  -3.5366134237E-08
   14     -2.3026396631E-06  -7.8448613830E-08  -1.3334515851E-02   2.4083756999E-06  -7.9857125186E-09
   15      1.5822164266E-04  -4.8248496340E-03  -3.1498085622E-08   7.5300172811E-09  -2.8735366885E-05
   16     -4.8248152741E-03  -1.5822423185E-04  -6.5492604106E-08  -2.9046950474E-05   5.4073190698E-09
   17     -8.7121972344E-07   2.9742857747E-09  -9.9098991749E-03  -4.1995615226E-06   1.9334226441E-09
                   15                 16                 17        
     0     -6.9040915454E-08  -4.6998923330E-06   9.8082880031E-02
     1      2.9026950045E-05  -9.8087712853E-02  -4.7072254731E-06
     2     -4.7314071554E-03  -1.0153205444E-06  -3.4037771140E-07
     3      1.4529824311E-07   2.6606186269E-06   3.8727164530E-02
     4      5.7666650059E-01   8.1089633990E-01   3.4697950625E-05
     5      2.3944169285E-02   3.7867142285E-02   1.4906417656E-06
     6      4.9959122958E-01  -3.6767001686E-01  -5.9839641376E-01
     7     -2.8855656886E-01   1.7358668491E-01   3.6784582160E-01
     8      2.3959376946E-02  -1.8923305014E-02  -3.2787936566E-02
     9     -4.9959052078E-01   3.6772288808E-01  -5.9836910391E-01
    10     -2.8855632741E-01   1.7361413790E-01  -3.6782500785E-01
    11      2.3962841302E-02  -1.8928659331E-02   3.2790506634E-02
    12     -1.9620566950E-08   2.2170166820E-08  -2.2211463281E-04
    13      1.4009827993E-06   2.2208627820E-04  -4.3525388787E-09
    14     -1.2024243357E-04  -3.6047912031E-08   4.2528365098E-10
    15      8.3094706776E-09  -3.9009842178E-09  -3.6247584712E-05
    16      6.4649698794E-07   3.6244733873E-05   9.2240746523E-09
    17     -1.4204546047E-04  -2.2857840583E-08  -2.5026240679E-10

#
# The atoms: label  mass x y z (in bohrs)
#
$atoms
6
 C     12.01100      0.000000000000     0.000000000000     1.480912466977
 H      1.00800      0.000000000000     2.050352855305     1.560885676964
 H      1.00800      1.775658485025    -1.025176427652     1.560885676964
 H      1.00800     -1.775658485025    -1.025176427652     1.560885676964
 Cl    35.45300      0.000000000000     0.000000000000     6.190109992709
 Br    79.90000      0.000000000000     0.000000000000    -3.028352033786

$actual_temperature
  0.000000

$frequency_scale_factor
  1.000000


$end

