
$orca_hessian_file

$act_atom
  0

$act_coord
  0

$act_energy
      -12.543029

$multiplicity
  1

$hessian
18
                    0                  1                  2                  3                  4        
    0      5.7212404510E-01  -3.0800000000E-08  -2.0856000000E-06  -4.2086500000E-02  -1.5031000000E-06
    1     -3.0800000000E-08   5.7212356250E-01  -1.7668000000E-06  -1.5049000000E-06  -3.2303735720E-01
    2     -2.0856000000E-06  -1.7668000000E-06  -4.4575081000E-02   7.6800000000E-08  -1.1839360500E-02
    3     -4.2086500000E-02  -1.5049000000E-06   7.6800000000E-08   4.1298030400E-02   1.6550000000E-06
    4     -1.5031000000E-06  -3.2303735720E-01  -1.1839360500E-02   1.6550000000E-06   3.4787192640E-01
    5      5.8200000000E-08  -1.2812398600E-02  -5.8986242000E-03   5.8800000000E-08   1.3146397900E-02
    6     -2.5280316660E-01   1.2166512730E-01  -1.0251462600E-02   1.6813910000E-04  -3.8297170000E-04
    7      1.2165810140E-01  -1.1233131010E-01   5.9215106000E-03   2.3746329700E-02  -1.3330326000E-02
    8     -1.1094368300E-02   6.4056919000E-03  -5.8981628000E-03   1.2402899000E-03  -3.7348370000E-04
    9     -2.5280554940E-01  -1.2166358960E-01   1.0253232500E-02   1.6786520000E-04   3.8282710000E-04
   10     -1.2165656850E-01  -1.1232874610E-01   5.9222290000E-03  -2.3746476100E-02  -1.3330096800E-02
   11      1.1096159900E-02   6.4063957000E-03  -5.8982964000E-03  -1.2403012000E-03  -3.7346980000E-04
   12     -1.1677011000E-02   5.3000000000E-09   1.0850000000E-07   3.3730400000E-04  -2.7000000000E-09
   13      7.0000000000E-10  -1.1675958200E-02  -1.5585000000E-06   2.9400000000E-08   1.0654309000E-03
   14      1.2320000000E-07  -7.3808000000E-06   2.9472450900E-02  -6.7800000000E-08   1.9313180000E-04
   15     -1.2751818100E-02  -7.3000000000E-09   1.3040000000E-07   1.1516140000E-04  -4.7000000000E-09
   16      3.0000000000E-10  -1.2750190900E-02  -1.0540000000E-06  -3.3200000000E-08   7.6042270000E-04
   17      1.1250000000E-07   9.4585000000E-06   3.2797713500E-02  -5.6500000000E-08  -7.5321570000E-04
                    5                  6                  7                  8                  9        
    0      5.8200000000E-08  -2.5280316660E-01   1.2165810140E-01  -1.1094368300E-02  -2.5280554940E-01
    1     -1.2812398600E-02   1.2166512730E-01  -1.1233131010E-01   6.4056919000E-03  -1.2166358960E-01
    2     -5.8986242000E-03  -1.0251462600E-02   5.9215106000E-03  -5.8981628000E-03   1.0253232500E-02
    3      5.8800000000E-08   1.6813910000E-04   2.3746329700E-02   1.2402899000E-03   1.6786520000E-04
    4      1.3146397900E-02  -3.8297170000E-04  -1.3330326000E-02  -3.7348370000E-04   3.8282710000E-04
    5      3.9051703800E-02   2.9690200000E-04   1.2616203000E-03  -2.0181860000E-04  -2.9688980000E-04
    6      2.9690200000E-04   2.7120653510E-01  -1.3276645210E-01   1.1384990400E-02  -2.0038516100E-02
    7      1.2616203000E-03  -1.3276645210E-01   1.1795763290E-01  -6.5730321000E-03  -1.2052136700E-02
    8     -2.0181860000E-04   1.1384990400E-02  -6.5730321000E-03   3.9051697900E-02   9.4375180000E-04
    9     -2.9688980000E-04  -2.0038516100E-02  -1.2052136700E-02   9.4375180000E-04   2.7120913730E-01
   10      1.2617920000E-03   1.2052402800E-02   6.9261003000E-03  -8.8732680000E-04   1.3276479210E-01
   11     -2.0180840000E-04  -9.4361930000E-04  -8.8723700000E-04  -2.0159990000E-04  -1.1386689300E-02
   12     -1.4200000000E-08   8.7547630000E-04  -3.1072790000E-04   6.4005461000E-03   8.7544870000E-04
   13      7.3908511000E-03  -3.0154480000E-04   5.1023900000E-04  -3.6956818000E-03   3.0151450000E-04
   14     -1.5040304200E-02   1.7376260000E-04  -8.5482100000E-05  -1.5040755600E-02  -1.7387140000E-04
   15     -1.1490000000E-07   5.9153220000E-04  -2.7511440000E-04  -8.8752098000E-03   5.9161420000E-04
   16     -1.0248262700E-02  -2.6656150000E-04   2.6766400000E-04   5.1238325000E-03   2.6659270000E-04
   17     -1.7709148400E-02  -6.6057300000E-04   3.6262040000E-04  -1.7709361000E-02   6.6046630000E-04
                   10                 11                 12                 13                 14        
    0     -1.2165656850E-01   1.1096159900E-02  -1.1677011000E-02   7.0000000000E-10   1.2320000000E-07
    1     -1.1232874610E-01   6.4063957000E-03   5.3000000000E-09  -1.1675958200E-02  -7.3808000000E-06
    2      5.9222290000E-03  -5.8982964000E-03   1.0850000000E-07  -1.5585000000E-06   2.9472450900E-02
    3     -2.3746476100E-02  -1.2403012000E-03   3.3730400000E-04   2.9400000000E-08  -6.7800000000E-08
    4     -1.3330096800E-02  -3.7346980000E-04  -2.7000000000E-09   1.0654309000E-03   1.9313180000E-04
    5      1.2617920000E-03  -2.0180840000E-04  -1.4200000000E-08   7.3908511000E-03  -1.5040304200E-02
    6      1.2052402800E-02  -9.4361930000E-04   8.7547630000E-04  -3.0154480000E-04   1.7376260000E-04
    7      6.9261003000E-03  -8.8723700000E-04  -3.1072790000E-04   5.1023900000E-04  -8.5482100000E-05
    8     -8.8732680000E-04  -2.0159990000E-04   6.4005461000E-03  -3.6956818000E-03  -1.5040755600E-02
    9      1.3276479210E-01  -1.1386689300E-02   8.7544870000E-04   3.0151450000E-04  -1.7387140000E-04
   10      1.1795485180E-01  -6.5738415000E-03   3.1073060000E-04   5.1023230000E-04  -8.5463200000E-05
   11     -6.5738415000E-03   3.9051858400E-02  -6.4006912000E-03  -3.6956010000E-03  -1.5040711400E-02
   12      3.1073060000E-04  -6.4006912000E-03   7.3454769000E-03  -3.1000000000E-09   1.2900000000E-07
   13      5.1023230000E-04  -3.6956010000E-03  -3.1000000000E-09   7.3462013000E-03  -7.5429000000E-06
   14     -8.5463200000E-05  -1.5040711400E-02   1.2900000000E-07  -7.5429000000E-06   3.9503601800E-02
   15      2.7511910000E-04   8.8751411000E-03   2.2433049000E-03   3.3000000000E-09  -7.5600000000E-08
   16      2.6765850000E-04   5.1237536000E-03  -2.3000000000E-09   2.2438547000E-03  -7.2628000000E-06
   17      3.6261040000E-04  -1.7709442300E-02  -7.8200000000E-08   9.5330000000E-06  -2.3854281500E-02
                   15                 16                 17        
     0     -1.2751818100E-02   3.0000000000E-10   1.1250000000E-07
     1     -7.3000000000E-09  -1.2750190900E-02   9.4585000000E-06
     2      1.3040000000E-07  -1.0540000000E-06   3.2797713500E-02
     3      1.1516140000E-04  -3.3200000000E-08  -5.6500000000E-08
     4     -4.7000000000E-09   7.6042270000E-04  -7.5321570000E-04
     5     -1.1490000000E-07  -1.0248262700E-02  -1.7709148400E-02
     6      5.9153220000E-04  -2.6656150000E-04  -6.6057300000E-04
     7     -2.7511440000E-04   2.6766400000E-04   3.6262040000E-04
     8     -8.8752098000E-03   5.1238325000E-03  -1.7709361000E-02
     9      5.9161420000E-04   2.6659270000E-04   6.6046630000E-04
    10      2.7511910000E-04   2.6765850000E-04   3.6261040000E-04
    11      8.8751411000E-03   5.1237536000E-03  -1.7709442300E-02
    12      2.2433049000E-03  -2.3000000000E-09  -7.8200000000E-08
    13      3.3000000000E-09   2.2438547000E-03   9.5330000000E-06
    14     -7.5600000000E-08  -7.2628000000E-06  -2.3854281500E-02
    15      9.2102055000E-03   4.0000000000E-09   1.2890000000E-07
    16      4.0000000000E-09   9.2105911000E-03   8.9934000000E-06
    17      1.2890000000E-07   8.9934000000E-06   4.4184519600E-02

$vibrational_frequencies
18
    0        0.0000000000000000
    1        0.0000000000000000
    2        0.0000000000000000
    3        0.0000000000000000
    4        0.0000000000000000
    5        0.0000000000000000
    6     -343.4364959069300767
    7      186.5352107762011542
    8      204.0261420241779149
    9      204.0391497071904325
   10     1005.6350872058281993
   11     1005.6364175029510761
   12     1013.4898054912106318
   13     1341.7754398235522331
   14     1341.9215360486098234
   15     3076.7623952301532881
   16     3165.4079510870806189
   17     3165.4691090413939492

$normal_modes
18 18
                    0                  1                  2                  3                  4        
    0      0.0000000000E+00   0.0000000000E+00   0.0000000000E+00   0.0000000000E+00   0.0000000000E+00
    1      0.0000000000E+00   0.0000000000E+00   0.0000000000E+00   0.0000000000E+00   0.0000000000E+00
    2      0.0000000000E+00   0.0000000000E+00   0.0000000000E+00   0.0000000000E+00   0.0000000000E+00
    3      0.0000000000E+00   0.0000000000E+00   0.0000000000E+00   0.0000000000E+00   0.0000000000E+00
    4      0.0000000000E+00   0.0000000000E+00   0.0000000000E+00   0.0000000000E+00   0.0000000000E+00
    5      0.0000000000E+00   0.0000000000E+00   0.0000000000E+00   0.0000000000E+00   0.0000000000E+00
    6      0.0000000000E+00   0.0000000000E+00   0.0000000000E+00   0.0000000000E+00   0.0000000000E+00
    7      0.0000000000E+00   0.0000000000E+00   0.0000000000E+00   0.0000000000E+00   0.0000000000E+00
    8      0.0000000000E+00   0.0000000000E+00   0.0000000000E+00   0.0000000000E+00   0.0000000000E+00
    9      0.0000000000E+00   0.0000000000E+00   0.0000000000E+00   0.0000000000E+00   0.0000000000E+00
   10      0.0000000000E+00   0.0000000000E+00   0.0000000000E+00   0.0000000000E+00   0.0000000000E+00
   11      0.0000000000E+00   0.0000000000E+00   0.0000000000E+00   0.0000000000E+00   0.0000000000E+00
   12      0.0000000000E+00   0.0000000000E+00   0.0000000000E+00   0.0000000000E+00   0.0000000000E+00
   13      0.0000000000E+00   0.0000000000E+00   0.0000000000E+00   0.0000000000E+00   0.0000000000E+00
   14      0.0000000000E+00   0.0000000000E+00   0.0000000000E+00   0.0000000000E+00   0.0000000000E+00
   15      0.0000000000E+00   0.0000000000E+00   0.0000000000E+00   0.0000000000E+00   0.0000000000E+00
   16      0.0000000000E+00   0.0000000000E+00   0.0000000000E+00   0.0000000000E+00   0.0000000000E+00
   17      0.0000000000E+00   0.0000000000E+00   0.0000000000E+00   0.0000000000E+00   0.0000000000E+00
                    5                  6                  7                  8                  9        
    0      0.0000000000E+00  -2.6428717637E-06   2.9561359475E-06   4.8549064911E-01  -1.1178439317E-04
    1      0.0000000000E+00   4.4681124581E-07  -5.5584292948E-03   1.1178078035E-04   4.8549902917E-01
    2      0.0000000000E+00  -9.8171110368E-01   1.4518711235E-01  -1.2545071357E-06   1.7809453811E-04
    3      0.0000000000E+00   8.1344402277E-07   3.4084181427E-06   5.0634505884E-01  -1.1670640317E-04
    4      0.0000000000E+00  -3.0394645005E-02  -8.1927249869E-03   1.1351447829E-04   4.9334131558E-01
    5      0.0000000000E+00  -3.9745381651E-02   1.7437423089E-01  -9.4494306941E-06  -3.2335301987E-02
    6      0.0000000000E+00  -2.6323326251E-02  -2.3870687584E-03   4.9657802399E-01   5.5614285295E-03
    7      0.0000000000E+00   1.5201365458E-02  -4.7446720036E-03   5.7855268821E-03   5.0307272750E-01
    8      0.0000000000E+00  -3.9732946778E-02   1.7378926502E-01  -2.8176553700E-02   1.6468490664E-02
    9      0.0000000000E+00   2.6324655241E-02   2.3933822669E-03   4.9657549744E-01  -5.7899572665E-03
   10      0.0000000000E+00   1.5201193696E-02  -4.7449629099E-03  -5.5537923653E-03   5.0307555616E-01
   11      0.0000000000E+00  -3.9732630977E-02   1.7378774211E-01   2.8180804777E-02   1.6455734907E-02
   12      0.0000000000E+00   4.1783508071E-07  -6.3967726325E-07  -1.0503687973E-01   2.4183175171E-05
   13      0.0000000000E+00  -8.0303298072E-07   1.2104839477E-03  -2.4186188641E-05  -1.0503811603E-01
   14      0.0000000000E+00   1.4742660751E-01   8.5046904221E-01  -7.1213377862E-08   1.0377342193E-03
   15      0.0000000000E+00   1.8486172382E-07  -2.8319615682E-07  -4.5292243533E-02   1.0428951919E-05
   16      0.0000000000E+00   1.8930933701E-07   5.2153724208E-04  -1.0427246482E-05  -4.5292841400E-02
   17      0.0000000000E+00   8.3664345400E-02  -4.0577782488E-01   2.8576412593E-07  -4.9466232472E-04
                   10                 11                 12                 13                 14        
    0     -1.8723597206E-02  -1.6338660331E-04   9.0941010701E-08  -2.1722116486E-05  -9.7207260883E-02
    1      1.6336944965E-04  -1.8726549880E-02  -1.8184389104E-06  -9.7197354728E-02   2.1712709953E-05
    2     -1.8488139019E-08   1.0553851300E-05   2.0132800996E-02  -7.5766692278E-07   3.5323304237E-07
    3      5.8833335603E-02   5.1180258876E-04  -2.0945893845E-06   1.7588504738E-04   8.0707845625E-01
    4     -1.7765769906E-04   2.0327103957E-02   2.2984676592E-02  -5.8651705424E-02   8.5481958601E-06
    5      7.1008079811E-03  -8.1419274170E-01  -5.7623275157E-01   7.4560083019E-02  -1.9162763570E-05
    6      2.9796554584E-02   1.6973429707E-02   1.9940256578E-02   3.7502150801E-01   1.5766632805E-01
    7      1.6248870525E-02   4.9367871020E-02  -1.1484968070E-02   5.9065527202E-01   3.7476238503E-01
    8     -7.0842336566E-01   4.0053823799E-01  -5.7683389973E-01  -3.7189081239E-02   6.4499745392E-02
    9      3.0092886061E-02  -1.6449163342E-02  -1.9944265022E-02  -3.7494661368E-01   1.5782562726E-01
   10     -1.7107902926E-02   4.9079586731E-02  -1.1484863675E-02   5.9049540918E-01  -3.7502167897E-01
   11      7.0133042773E-01   4.1283294420E-01  -5.7683280489E-01  -3.7214510567E-02  -6.4484860796E-02
   12     -6.4716243544E-03  -5.6433610173E-05   6.7492981064E-08   1.9318296708E-07   9.4499556685E-04
   13      5.6443938692E-05  -6.4718266888E-03   3.9157882991E-06   9.4472493257E-04  -2.2173078737E-07
   14     -8.2032363638E-08   1.0397151676E-05   1.9711305895E-02   6.9687934433E-06  -9.7265840929E-09
   15      4.1884238526E-03   3.6530910746E-05   3.3375925101E-08   1.5892488199E-08   3.1320497947E-05
   16     -3.6525078818E-05   4.1883041803E-03  -1.6514240140E-06   3.0852653591E-05  -2.2356048903E-09
   17     -6.0108449164E-08   4.1646991073E-06   1.0051297261E-02  -4.9525336535E-06   5.1883292143E-09
                   15                 16                 17        
     0     -3.3015753441E-10  -8.8252583478E-05   9.8228057756E-02
     1     -2.8531135920E-05  -9.8233681549E-02  -8.8266747080E-05
     2      4.8052217161E-03  -1.0438792427E-06  -3.3702934877E-07
     3     -1.3254114165E-07  -2.9905972941E-05   3.8281350136E-02
     4     -5.7673464498E-01   8.1101600743E-01   7.2407634615E-04
     5     -2.2269351795E-02   3.5403929391E-02   3.1482771069E-05
     6     -4.9964992307E-01  -3.6701775703E-01  -5.9891191447E-01
     7      2.8858664487E-01   1.7364449099E-01   3.6785189568E-01
     8     -2.2283705494E-02  -1.7666106322E-02  -3.0669420071E-02
     9      4.9965003922E-01   3.6808890768E-01  -5.9825866661E-01
    10      2.8858686497E-01   1.7429741147E-01  -3.6753466853E-01
    11     -2.2287228691E-02  -1.7723433880E-02   3.0641979991E-02
    12      2.0043208229E-08   1.9933681374E-07  -2.0863635387E-04
    13     -1.4247400594E-06   2.0859971307E-04   1.7214706528E-07
    14      6.3999500972E-05  -2.9041438659E-08  -1.3844225579E-10
    15     -8.6370904383E-09   4.2053240459E-08  -5.3317550164E-05
    16     -6.1548182414E-07   5.3312769556E-05   5.5504925020E-08
    17      9.2497070439E-05  -1.1722941352E-08  -2.7616471857E-10

#
# The atoms: label  mass x y z (in bohrs)
#
$atoms
6
 C     12.01100      0.000000002718     0.000012417660     1.538031822024
 H      1.00800     -0.000000052477     2.026244921322     1.619300375861
 H      1.00800      1.754771073692    -1.013099709302     1.619299067532
 H      1.00800     -1.754771120019    -1.013099675454     1.619299125060
 Cl    35.45300     -0.000000013140    -0.000000824801     5.936540803374
 Br    79.90000      0.000000006668    -0.000002075190    -2.926636333834

$actual_temperature
  0.000000

$frequency_scale_factor
  1.000000


$end

