
$orca_hessian_file

$act_atom
  0

$act_coord
  0

$act_energy
      -12.541549

$multiplicity
  1

$hessian
18
                    0                  1                  2                  3                  4        
    0      5.5570128990E-01  -3.1900000000E-08  -2.0370000000E-06  -4.3161600800E-02  -1.4416000000E-06
    1     -3.1900000000E-08   5.5570207810E-01  -2.0362000000E-06  -1.4379000000E-06  -3.1161089950E-01
    2     -2.0370000000E-06  -2.0362000000E-06  -3.9120340900E-02   7.8500000000E-08  -1.1583211800E-02
    3     -4.3161600800E-02  -1.4379000000E-06   7.8500000000E-08   4.1831368500E-02   1.5951000000E-06
    4     -1.4416000000E-06  -3.1161089950E-01  -1.1583211800E-02   1.5951000000E-06   3.3592872100E-01
    5      5.6700000000E-08  -1.2177455100E-02  -8.4059165000E-03   5.4300000000E-08   1.3747422000E-02
    6     -2.4450108950E-01   1.1625123940E-01  -1.0028847200E-02   5.1906050000E-04  -4.2859210000E-04
    7      1.1624427780E-01  -1.1028038030E-01   5.7941731000E-03   2.3851649600E-02  -1.3014643900E-02
    8     -1.0544818800E-02   6.0876461000E-03  -8.4057275000E-03   1.4869282000E-03  -4.3550250000E-04
    9     -2.4450335820E-01  -1.1624976850E-01   1.0030542400E-02   5.1878090000E-04   4.2844680000E-04
   10     -1.1624280980E-01  -1.1027793120E-01   5.7948510000E-03  -2.3851795900E-02  -1.3014415500E-02
   11      1.0546530000E-02   6.0883200000E-03  -8.4058534000E-03  -1.4869409000E-03  -4.3548630000E-04
   12     -1.0894061300E-02   4.6000000000E-09   1.2360000000E-07   3.3179260000E-04  -2.3000000000E-09
   13      2.6000000000E-09  -1.0892865900E-02  -2.0135000000E-06   2.4500000000E-08   1.1992683000E-03
   14      1.4390000000E-07  -4.9963000000E-06   3.1749445700E-02  -5.9300000000E-08  -1.2600160000E-04
   15     -1.2641180200E-02  -5.7000000000E-09   1.3960000000E-07  -3.9401700000E-05  -6.0000000000E-09
   16      2.9000000000E-09  -1.2640001000E-02  -1.7627000000E-06  -3.5400000000E-08   5.1196950000E-04
   17      1.2520000000E-07   8.5215000000E-06   3.2588392600E-02  -6.0800000000E-08  -1.1672198000E-03
                    5                  6                  7                  8                  9        
    0      5.6700000000E-08  -2.4450108950E-01   1.1624427780E-01  -1.0544818800E-02  -2.4450335820E-01
    1     -1.2177455100E-02   1.1625123940E-01  -1.1028038030E-01   6.0876461000E-03  -1.1624976850E-01
    2     -8.4059165000E-03  -1.0028847200E-02   5.7941731000E-03  -8.4057275000E-03   1.0030542400E-02
    3      5.4300000000E-08   5.1906050000E-04   2.3851649600E-02   1.4869282000E-03   5.1878090000E-04
    4      1.3747422000E-02  -4.2859210000E-04  -1.3014643900E-02  -4.3550250000E-04   4.2844680000E-04
    5      3.7308146300E-02   3.6672140000E-04   1.5063586000E-03   1.1930370000E-04  -3.6670670000E-04
    6      3.6672140000E-04   2.6238269950E-01  -1.2736224470E-01   1.1905533900E-02  -1.9742163700E-02
    7      1.5063586000E-03  -1.2736224470E-01   1.1537097680E-01  -6.8728365000E-03  -1.2127921000E-02
    8      1.1930370000E-04   1.1905533900E-02  -6.8728365000E-03   3.7308305800E-02   1.1204792000E-03
    9     -3.6670670000E-04  -1.9742163700E-02  -1.2127921000E-02   1.1204792000E-03   2.6238518050E-01
   10      1.5065318000E-03   1.2128184700E-02   7.2941255000E-03  -1.0693342000E-03   1.2736065120E-01
   11      1.1931480000E-04  -1.1203486000E-03  -1.0692426000E-03   1.1926790000E-04  -1.1907180800E-02
   12     -1.0800000000E-08   9.7484510000E-04  -3.7126630000E-04   5.1608211000E-03   9.7482840000E-04
   13      5.9587345000E-03  -3.6252500000E-04   5.3999210000E-04  -2.9800849000E-03   3.6249790000E-04
   14     -1.1922683300E-02  -1.0470400000E-04   7.0561100000E-05  -1.1922821100E-02   1.0461410000E-04
   15     -1.1500000000E-07   3.6664810000E-04  -2.3449530000E-04  -9.1289435000E-03   3.6673210000E-04
   16     -1.0541591800E-02  -2.2606230000E-04   8.9929800000E-05   5.2701120000E-03   2.2609360000E-04
   17     -1.7218165000E-02  -1.0183555000E-03   5.7098640000E-04  -1.7218328800E-02   1.0182518000E-03
                   10                 11                 12                 13                 14        
    0     -1.1624280980E-01   1.0546530000E-02  -1.0894061300E-02   2.6000000000E-09   1.4390000000E-07
    1     -1.1027793120E-01   6.0883200000E-03   4.6000000000E-09  -1.0892865900E-02  -4.9963000000E-06
    2      5.7948510000E-03  -8.4058534000E-03   1.2360000000E-07  -2.0135000000E-06   3.1749445700E-02
    3     -2.3851795900E-02  -1.4869409000E-03   3.3179260000E-04   2.4500000000E-08  -5.9300000000E-08
    4     -1.3014415500E-02  -4.3548630000E-04  -2.3000000000E-09   1.1992683000E-03  -1.2600160000E-04
    5      1.5065318000E-03   1.1931480000E-04  -1.0800000000E-08   5.9587345000E-03  -1.1922683300E-02
    6      1.2128184700E-02  -1.1203486000E-03   9.7484510000E-04  -3.6252500000E-04  -1.0470400000E-04
    7      7.2941255000E-03  -1.0692426000E-03  -3.7126630000E-04   5.3999210000E-04   7.0561100000E-05
    8     -1.0693342000E-03   1.1926790000E-04   5.1608211000E-03  -2.9800849000E-03  -1.1922821100E-02
    9      1.2736065120E-01  -1.1907180800E-02   9.7482840000E-04   3.6249790000E-04   1.0461410000E-04
   10      1.1536831210E-01  -6.8735995000E-03   3.7126850000E-04   5.3998420000E-04   7.0575400000E-05
   11     -6.8735995000E-03   3.7308473700E-02  -5.1609393000E-03  -2.9800205000E-03  -1.1922785400E-02
   12      3.7126850000E-04  -5.1609393000E-03   6.2626064000E-03  -2.5000000000E-09   7.7100000000E-08
   13      5.3998420000E-04  -2.9800205000E-03  -2.5000000000E-09   6.2631040000E-03  -5.1032000000E-06
   14      7.0575400000E-05  -1.1922785400E-02   7.7100000000E-08  -5.1032000000E-06   2.5246406400E-02
   15      2.3450120000E-04   9.1288796000E-03   2.3499887000E-03   2.6000000000E-09  -7.1600000000E-08
   16      8.9925000000E-05   5.2700289000E-03  -2.1000000000E-09   2.3505174000E-03  -5.0353000000E-06
   17      5.7097550000E-04  -1.7218417600E-02  -7.1700000000E-08   8.4875000000E-06  -2.1227562300E-02
                   15                 16                 17        
     0     -1.2641180200E-02   2.9000000000E-09   1.2520000000E-07
     1     -5.7000000000E-09  -1.2640001000E-02   8.5215000000E-06
     2      1.3960000000E-07  -1.7627000000E-06   3.2588392600E-02
     3     -3.9401700000E-05  -3.5400000000E-08  -6.0800000000E-08
     4     -6.0000000000E-09   5.1196950000E-04  -1.1672198000E-03
     5     -1.1500000000E-07  -1.0541591800E-02  -1.7218165000E-02
     6      3.6664810000E-04  -2.2606230000E-04  -1.0183555000E-03
     7     -2.3449530000E-04   8.9929800000E-05   5.7098640000E-04
     8     -9.1289435000E-03   5.2701120000E-03  -1.7218328800E-02
     9      3.6673210000E-04   2.2609360000E-04   1.0182518000E-03
    10      2.3450120000E-04   8.9925000000E-05   5.7097550000E-04
    11      9.1288796000E-03   5.2700289000E-03  -1.7218417600E-02
    12      2.3499887000E-03  -2.1000000000E-09  -7.1700000000E-08
    13      2.6000000000E-09   2.3505174000E-03   8.4875000000E-06
    14     -7.1600000000E-08  -5.0353000000E-06  -2.1227562300E-02
    15      9.5972128000E-03   3.3000000000E-09   1.1090000000E-07
    16      3.3000000000E-09   9.5976594000E-03   8.2488000000E-06
    17      1.1090000000E-07   8.2488000000E-06   4.0294081100E-02

$vibrational_frequencies
18
    0        0.0000000000000000
    1        0.0000000000000000
    2        0.0000000000000000
    3        0.0000000000000000
    4        0.0000000000000000
    5        0.0000000000000000
    6     -334.5028030539683073
    7      167.2352083569413708
    8      198.5193169306334084
    9      198.5308051805017726
   10      977.4740748724940431
   11      977.4773474232572426
   12      998.8208551606461469
   13     1350.5282851042991297
   14     1350.6565191145482459
   15     3023.9930742685887708
   16     3110.7037028718073088
   17     3110.7532042956718215

$normal_modes
18 18
                    0                  1                  2                  3                  4        
    0      0.0000000000E+00   0.0000000000E+00   0.0000000000E+00   0.0000000000E+00   0.0000000000E+00
    1      0.0000000000E+00   0.0000000000E+00   0.0000000000E+00   0.0000000000E+00   0.0000000000E+00
    2      0.0000000000E+00   0.0000000000E+00   0.0000000000E+00   0.0000000000E+00   0.0000000000E+00
    3      0.0000000000E+00   0.0000000000E+00   0.0000000000E+00   0.0000000000E+00   0.0000000000E+00
    4      0.0000000000E+00   0.0000000000E+00   0.0000000000E+00   0.0000000000E+00   0.0000000000E+00
    5      0.0000000000E+00   0.0000000000E+00   0.0000000000E+00   0.0000000000E+00   0.0000000000E+00
    6      0.0000000000E+00   0.0000000000E+00   0.0000000000E+00   0.0000000000E+00   0.0000000000E+00
    7      0.0000000000E+00   0.0000000000E+00   0.0000000000E+00   0.0000000000E+00   0.0000000000E+00
    8      0.0000000000E+00   0.0000000000E+00   0.0000000000E+00   0.0000000000E+00   0.0000000000E+00
    9      0.0000000000E+00   0.0000000000E+00   0.0000000000E+00   0.0000000000E+00   0.0000000000E+00
   10      0.0000000000E+00   0.0000000000E+00   0.0000000000E+00   0.0000000000E+00   0.0000000000E+00
   11      0.0000000000E+00   0.0000000000E+00   0.0000000000E+00   0.0000000000E+00   0.0000000000E+00
   12      0.0000000000E+00   0.0000000000E+00   0.0000000000E+00   0.0000000000E+00   0.0000000000E+00
   13      0.0000000000E+00   0.0000000000E+00   0.0000000000E+00   0.0000000000E+00   0.0000000000E+00
   14      0.0000000000E+00   0.0000000000E+00   0.0000000000E+00   0.0000000000E+00   0.0000000000E+00
   15      0.0000000000E+00   0.0000000000E+00   0.0000000000E+00   0.0000000000E+00   0.0000000000E+00
   16      0.0000000000E+00   0.0000000000E+00   0.0000000000E+00   0.0000000000E+00   0.0000000000E+00
   17      0.0000000000E+00   0.0000000000E+00   0.0000000000E+00   0.0000000000E+00   0.0000000000E+00
                    5                  6                  7                  8                  9        
    0      0.0000000000E+00  -2.8221492473E-06   5.5085171030E-07   4.8414280479E-01  -4.4950084696E-04
    1      0.0000000000E+00   2.0068762286E-05  -2.6489462908E-03   4.4949299231E-04   4.8415034230E-01
    2      0.0000000000E+00  -9.6480723436E-01   2.0036266982E-01  -1.2290644892E-06   1.2926308436E-04
    3      0.0000000000E+00   4.3699444274E-07   4.9511923725E-07   5.0449528976E-01  -4.6854088808E-04
    4      0.0000000000E+00  -2.7443639078E-02  -1.9381502316E-03   4.5793526725E-04   4.9331747977E-01
    5      0.0000000000E+00  -1.0750676698E-01   1.3045254928E-01  -6.0966968154E-05  -6.3474665690E-02
    6      0.0000000000E+00  -2.3774206673E-02   5.3702254555E-04   4.9609170521E-01   4.4269761093E-03
    7      0.0000000000E+00   1.3776665234E-02  -3.3286794993E-03   5.3357939106E-03   5.0166769282E-01
    8      0.0000000000E+00  -1.0749522511E-01   1.2990288734E-01  -5.4984694627E-02   3.1861307537E-02
    9      0.0000000000E+00   2.3774651182E-02  -5.3635158324E-04   4.9608293172E-01  -5.3480148333E-03
   10      0.0000000000E+00   1.3776417413E-02  -3.3288644925E-03  -4.4042014508E-03   5.0167709814E-01
   11      0.0000000000E+00  -1.0749481775E-01   1.2990101446E-01   5.5040807173E-02   3.1759031277E-02
   12      0.0000000000E+00   4.5769845308E-07  -9.9023238169E-08  -1.0337892909E-01   9.5982544185E-05
   13      0.0000000000E+00  -5.2868512766E-06   5.7187474102E-04  -9.5983351721E-05  -1.0338008284E-01
   14      0.0000000000E+00   1.6203367217E-01   8.5801919683E-01   6.3497059277E-07   4.8160265267E-04
   15      0.0000000000E+00   2.1003123446E-07  -5.3579715081E-08  -4.5789603773E-02   4.2512913427E-05
   16      0.0000000000E+00  -2.0516931528E-06   2.5289459929E-04  -4.2510719786E-05  -4.5790128327E-02
   17      0.0000000000E+00   7.7206466793E-02  -4.1576081496E-01  -3.5745448465E-08  -2.3496465909E-04
                   10                 11                 12                 13                 14        
    0     -1.7474584960E-04   2.3526642427E-02  -1.2160078629E-07   2.1257472924E-05   9.6652811173E-02
    1      2.3528195049E-02   1.7479583124E-04   1.1326437601E-05   9.6644028222E-02  -2.1251256203E-05
    2     -7.4243466078E-06  -1.4818929319E-07  -2.9461883748E-02   8.7172779685E-08  -3.6307776497E-07
    3      4.0921078195E-04  -5.4881980537E-02   2.1181276376E-06  -1.7305202438E-04  -8.0709522337E-01
    4     -1.8113909830E-02  -1.3427845430E-04  -2.5061303148E-02   5.8143057865E-02  -8.2210189630E-06
    5      8.1430534261E-01   6.0523757368E-03   5.7625481293E-01  -7.5255092120E-02   1.9045543895E-05
    6     -1.5741273547E-02  -2.7416519217E-02  -2.1755296705E-02  -3.7480824825E-01  -1.5805056666E-01
    7     -4.5576229068E-02  -1.6263205839E-02   1.2489678249E-02  -5.9079565933E-01  -3.7455298939E-01
    8     -4.1220184884E-01   7.0207454944E-01   5.7654541817E-01   3.7503228719E-02  -6.5100560431E-02
    9      1.6145174036E-02  -2.7184345613E-02   2.1759311367E-02   3.7473430076E-01  -1.5820715402E-01
   10     -4.5815542145E-02   1.5584321259E-02   1.2489550289E-02  -5.9063851951E-01   3.7480817962E-01
   11     -4.0172034388E-01  -7.0812462461E-01   5.7654446929E-01   3.7528500239E-02   6.5085832151E-02
   12     -4.0512587671E-05   5.4491572051E-03  -6.2357437921E-08  -1.6453053687E-07  -8.2851319668E-04
   13      5.4491938912E-03   4.0505744657E-05  -2.5411491087E-06  -8.2810074511E-04   1.9289827573E-07
   14     -4.4733583001E-06  -4.3267528277E-08  -1.6240801013E-02  -4.2002321046E-06   9.6861823331E-09
   15      3.3986846178E-05  -4.5733262135E-03  -3.1421114125E-08  -6.4442915160E-09   1.0214405095E-05
   16     -4.5732878006E-03  -3.3990670282E-05   4.6033446746E-07   1.0571748344E-05  -6.6951879358E-09
   17     -1.7327570739E-06   1.2451678635E-08  -1.0181822953E-02   4.6685089379E-06  -4.1837208015E-09
                   15                 16                 17        
     0      4.9662175856E-09   1.0748459744E-04  -9.8151192590E-02
     1     -2.9738187781E-05   9.8156315787E-02   1.0749882619E-04
     2      4.9235874852E-03   1.2005836266E-06   3.3744314423E-07
     3     -1.5324623140E-07   3.7614861915E-05  -3.8454162286E-02
     4     -5.7665570076E-01  -8.1090579984E-01  -8.8345393979E-04
     5     -2.3993994544E-02  -3.7953754285E-02  -4.1222559140E-05
     6     -4.9959369215E-01   3.6691952344E-01   5.9885274726E-01
     7      2.8855438963E-01  -1.7340639637E-01  -3.6791019682E-01
     8     -2.4009201634E-02   1.8931220220E-02   3.2881823313E-02
     9      4.9959375424E-01  -3.6822579449E-01   5.9805492220E-01
    10      2.8855460242E-01  -1.7420397253E-01   3.6752493442E-01
    11     -2.4012712410E-02   1.9005409571E-02  -3.2844633488E-02
    12      1.9947377063E-08  -2.5095397600E-07   2.1852411085E-04
    13     -1.3989089605E-06  -2.1848411405E-04  -2.2409532216E-07
    14      1.0048304862E-04   3.5027148889E-08  -2.0502006943E-10
    15     -8.4475069919E-09  -4.1238933853E-08   4.2872386341E-05
    16     -6.2749336892E-07  -4.2869756344E-05  -5.4536680780E-08
    17      1.2380977534E-04   2.0018297509E-08   2.4074024794E-10

#
# The atoms: label  mass x y z (in bohrs)
#
$atoms
6
 C     12.01100      0.000000030017     0.000006610778     1.502653989960
 H      1.00800     -0.000000014803     2.036657807117     1.585629823915
 H      1.00800      1.763794125848    -1.018316199826     1.585626716259
 H      1.00800     -1.763794114262    -1.018316176043     1.585626729662
 Cl    35.45300     -0.000000006266     0.000000166879     6.059486125445
 Br    79.90000     -0.000000001691    -0.000001388650    -2.974596708571

$actual_temperature
  0.000000

$frequency_scale_factor
  1.000000


$end

