
$orca_hessian_file

$act_atom
  0

$act_coord
  0

$act_energy
      -12.543361

$multiplicity
  1

$hessian
18
                    0                  1                  2                  3                  4        
    0      5.8736937570E-01  -4.8000000000E-09  -2.1537000000E-06  -4.1132777900E-02  -1.5670000000E-06
    1     -4.8000000000E-09   5.8737252770E-01  -9.8680000000E-07  -1.5668000000E-06  -3.3369061170E-01
    2     -2.1537000000E-06  -9.8680000000E-07  -4.9196139500E-02   9.6600000000E-08  -9.1709744000E-03
    3     -4.1132777900E-02  -1.5668000000E-06   9.6600000000E-08   4.0752351400E-02   1.7054000000E-06
    4     -1.5670000000E-06  -3.3369061170E-01  -9.1709744000E-03   1.7054000000E-06   3.5896179410E-01
    5      7.6400000000E-08  -1.0313861000E-02  -3.4404031000E-03   4.7400000000E-08   9.3758753000E-03
    6     -2.6055427330E-01   1.2669112930E-01  -7.9418460000E-03  -1.3321910000E-04  -3.3696290000E-04
    7      1.2668458200E-01  -1.1428109950E-01   4.5857266000E-03   2.3605302400E-02  -1.3576901800E-02
    8     -8.9306838000E-03   5.1569617000E-03  -3.4404472000E-03   8.0097140000E-04  -2.3285840000E-04
    9     -2.6055680560E-01  -1.2668956030E-01   7.9436754000E-03  -1.3348010000E-04   3.3682270000E-04
   10     -1.2668301620E-01  -1.1427844690E-01   4.5865049000E-03  -2.3605443700E-02  -1.3576664100E-02
   11      8.9325293000E-03   5.1577151000E-03  -3.4405452000E-03  -8.0098000000E-04  -2.3284760000E-04
   12     -1.2567983700E-02   8.7000000000E-09   9.9900000000E-08   3.7190840000E-04   1.0000000000E-09
   13      3.1000000000E-09  -1.2566794900E-02  -1.3450000000E-07   3.3700000000E-08   8.8604550000E-04
   14      1.0970000000E-07  -9.9029000000E-06   2.7176267800E-02  -7.0300000000E-08   6.3930900000E-04
   15     -1.2557535300E-02  -6.1000000000E-09   1.2790000000E-07   2.7521730000E-04   8.0000000000E-10
   16      2.9000000000E-09  -1.2555574700E-02  -1.3580000000E-07  -3.1100000000E-08   9.9633810000E-04
   17      1.2210000000E-07   1.0073900000E-05   3.2341267200E-02  -6.5100000000E-08  -3.7850380000E-04
                    5                  6                  7                  8                  9        
    0      7.6400000000E-08  -2.6055427330E-01   1.2668458200E-01  -8.9306838000E-03  -2.6055680560E-01
    1     -1.0313861000E-02   1.2669112930E-01  -1.1428109950E-01   5.1569617000E-03  -1.2668956030E-01
    2     -3.4404031000E-03  -7.9418460000E-03   4.5857266000E-03  -3.4404472000E-03   7.9436754000E-03
    3      4.7400000000E-08  -1.3321910000E-04   2.3605302400E-02   8.0097140000E-04  -1.3348010000E-04
    4      9.3758753000E-03  -3.3696290000E-04  -1.3576901800E-02  -2.3285840000E-04   3.3682270000E-04
    5      4.0406970200E-02   1.9858190000E-04   8.1030370000E-04  -4.9235080000E-04  -1.9857440000E-04
    6      1.9858190000E-04   2.7938676680E-01  -1.3780536720E-01   8.1196756000E-03  -2.0256605800E-02
    7      8.1030370000E-04  -1.3780536720E-01   1.2032300850E-01  -4.6880931000E-03  -1.1959004300E-02
    8     -4.9235080000E-04   8.1196756000E-03  -4.6880931000E-03   4.0404606500E-02   6.0227150000E-04
    9     -1.9857440000E-04  -2.0256605800E-02  -1.1959004300E-02   6.0227150000E-04   2.7938953710E-01
   10      8.1047200000E-04   1.1959275300E-02   6.5983314000E-03  -5.7746210000E-04   1.3780367350E-01
   11     -4.9234450000E-04  -6.0213630000E-04  -5.7737630000E-04  -4.9000190000E-04  -8.1213972000E-03
   12     -1.7000000000E-08   7.4905190000E-04  -2.1771430000E-04   7.8075553000E-03   7.4900480000E-04
   13      9.0170425000E-03  -2.0869190000E-04   4.9043410000E-04  -4.5085353000E-03   2.0865720000E-04
   14     -1.8120139200E-02   5.6240930000E-04  -3.0476080000E-04  -1.8120407700E-02  -5.6253990000E-04
   15     -1.1430000000E-07   8.0827940000E-04  -3.0779870000E-04  -8.3997900000E-03   8.0834960000E-04
   16     -9.6998324000E-03  -2.9938260000E-04   4.4622730000E-04   4.8499872000E-03   2.9941110000E-04
   17     -1.7861732600E-02  -3.3668450000E-04   1.7419990000E-04  -1.7861399000E-02   3.3656460000E-04
                   10                 11                 12                 13                 14        
    0     -1.2668301620E-01   8.9325293000E-03  -1.2567983700E-02   3.1000000000E-09   1.0970000000E-07
    1     -1.1427844690E-01   5.1577151000E-03   8.7000000000E-09  -1.2566794900E-02  -9.9029000000E-06
    2      4.5865049000E-03  -3.4405452000E-03   9.9900000000E-08  -1.3450000000E-07   2.7176267800E-02
    3     -2.3605443700E-02  -8.0098000000E-04   3.7190840000E-04   3.3700000000E-08  -7.0300000000E-08
    4     -1.3576664100E-02  -2.3284760000E-04   1.0000000000E-09   8.8604550000E-04   6.3930900000E-04
    5      8.1047200000E-04  -4.9234450000E-04  -1.7000000000E-08   9.0170425000E-03  -1.8120139200E-02
    6      1.1959275300E-02  -6.0213630000E-04   7.4905190000E-04  -2.0869190000E-04   5.6240930000E-04
    7      6.5983314000E-03  -5.7737630000E-04  -2.1771430000E-04   4.9043410000E-04  -3.0476080000E-04
    8     -5.7746210000E-04  -4.9000190000E-04   7.8075553000E-03  -4.5085353000E-03  -1.8120407700E-02
    9      1.3780367350E-01  -8.1213972000E-03   7.4900480000E-04   2.0865720000E-04  -5.6253990000E-04
   10      1.2032012870E-01  -4.6889704000E-03   2.1771330000E-04   4.9042980000E-04  -3.0474330000E-04
   11     -4.6889704000E-03   4.0404716600E-02  -7.8077292000E-03  -4.5084357000E-03  -1.8120353500E-02
   12      2.1771330000E-04  -7.8077292000E-03   8.5982520000E-03  -5.0000000000E-09   1.7260000000E-07
   13      4.9042980000E-04  -4.5084357000E-03  -5.0000000000E-09   8.5997615000E-03  -1.0285200000E-05
   14     -3.0474330000E-04  -1.8120353500E-02   1.7260000000E-07  -1.0285200000E-05   5.2889959400E-02
   15      3.0779780000E-04   8.3997134000E-03   2.0997666000E-03   2.8000000000E-09  -8.1400000000E-08
   16      4.4622110000E-04   4.8499150000E-03  -3.8000000000E-09   2.1001240000E-03  -9.6168000000E-06
   17      1.7419900000E-04  -1.7861471500E-02  -8.1500000000E-08   1.0348200000E-05  -2.5705326700E-02
                   15                 16                 17        
     0     -1.2557535300E-02   2.9000000000E-09   1.2210000000E-07
     1     -6.1000000000E-09  -1.2555574700E-02   1.0073900000E-05
     2      1.2790000000E-07  -1.3580000000E-07   3.2341267200E-02
     3      2.7521730000E-04  -3.1100000000E-08  -6.5100000000E-08
     4      8.0000000000E-10   9.9633810000E-04  -3.7850380000E-04
     5     -1.1430000000E-07  -9.6998324000E-03  -1.7861732600E-02
     6      8.0827940000E-04  -2.9938260000E-04  -3.3668450000E-04
     7     -3.0779870000E-04   4.4622730000E-04   1.7419990000E-04
     8     -8.3997900000E-03   4.8499872000E-03  -1.7861399000E-02
     9      8.0834960000E-04   2.9941110000E-04   3.3656460000E-04
    10      3.0779780000E-04   4.4622110000E-04   1.7419900000E-04
    11      8.3997134000E-03   4.8499150000E-03  -1.7861471500E-02
    12      2.0997666000E-03  -3.8000000000E-09  -8.1500000000E-08
    13      2.8000000000E-09   2.1001240000E-03   1.0348200000E-05
    14     -8.1400000000E-08  -9.6168000000E-06  -2.5705326700E-02
    15      8.5659225000E-03   3.4000000000E-09   1.4450000000E-07
    16      3.4000000000E-09   8.5666642000E-03   9.6827000000E-06
    17      1.4450000000E-07   9.6827000000E-06   4.6948662500E-02

$vibrational_frequencies
18
    0        0.0000000000000000
    1        0.0000000000000000
    2        0.0000000000000000
    3        0.0000000000000000
    4        0.0000000000000000
    5        0.0000000000000000
    6     -351.9548010292716640
    7      200.9791068989970313
    8      207.3965325379628837
    9      207.4142685656460969
   10     1027.5621825753942176
   11     1031.6864974295929187
   12     1031.7451599752689617
   13     1332.2413682022086050
   14     1332.3713067592018433
   15     3123.8362969773070290
   16     3214.5236665845523021
   17     3214.5891138642864462

$normal_modes
18 18
                    0                  1                  2                  3                  4        
    0      0.0000000000E+00   0.0000000000E+00   0.0000000000E+00   0.0000000000E+00   0.0000000000E+00
    1      0.0000000000E+00   0.0000000000E+00   0.0000000000E+00   0.0000000000E+00   0.0000000000E+00
    2      0.0000000000E+00   0.0000000000E+00   0.0000000000E+00   0.0000000000E+00   0.0000000000E+00
    3      0.0000000000E+00   0.0000000000E+00   0.0000000000E+00   0.0000000000E+00   0.0000000000E+00
    4      0.0000000000E+00   0.0000000000E+00   0.0000000000E+00   0.0000000000E+00   0.0000000000E+00
    5      0.0000000000E+00   0.0000000000E+00   0.0000000000E+00   0.0000000000E+00   0.0000000000E+00
    6      0.0000000000E+00   0.0000000000E+00   0.0000000000E+00   0.0000000000E+00   0.0000000000E+00
    7      0.0000000000E+00   0.0000000000E+00   0.0000000000E+00   0.0000000000E+00   0.0000000000E+00
    8      0.0000000000E+00   0.0000000000E+00   0.0000000000E+00   0.0000000000E+00   0.0000000000E+00
    9      0.0000000000E+00   0.0000000000E+00   0.0000000000E+00   0.0000000000E+00   0.0000000000E+00
   10      0.0000000000E+00   0.0000000000E+00   0.0000000000E+00   0.0000000000E+00   0.0000000000E+00
   11      0.0000000000E+00   0.0000000000E+00   0.0000000000E+00   0.0000000000E+00   0.0000000000E+00
   12      0.0000000000E+00   0.0000000000E+00   0.0000000000E+00   0.0000000000E+00   0.0000000000E+00
   13      0.0000000000E+00   0.0000000000E+00   0.0000000000E+00   0.0000000000E+00   0.0000000000E+00
   14      0.0000000000E+00   0.0000000000E+00   0.0000000000E+00   0.0000000000E+00   0.0000000000E+00
   15      0.0000000000E+00   0.0000000000E+00   0.0000000000E+00   0.0000000000E+00   0.0000000000E+00
   16      0.0000000000E+00   0.0000000000E+00   0.0000000000E+00   0.0000000000E+00   0.0000000000E+00
   17      0.0000000000E+00   0.0000000000E+00   0.0000000000E+00   0.0000000000E+00   0.0000000000E+00
                    5                  6                  7                  8                  9        
    0      0.0000000000E+00  -2.6375188893E-06   7.6765545976E-06  -4.8599183827E-01   4.3800394354E-04
    1      0.0000000000E+00  -2.2475007674E-05  -1.7187500335E-02  -4.3796959654E-04  -4.8600183312E-01
    2      0.0000000000E+00  -9.8523760369E-01   1.1278163278E-01   1.0067985184E-06  -4.3391045171E-04
    3      0.0000000000E+00   1.0429114095E-06   8.4945954868E-06  -5.0773353169E-01   4.5764603337E-04
    4      0.0000000000E+00  -2.4620186010E-02  -2.1809831174E-02  -4.4372553634E-04  -4.9246477133E-01
    5      0.0000000000E+00   1.9540508770E-02   2.2184932142E-01  -1.0072608313E-06  -3.5380026077E-03
    6      0.0000000000E+00  -2.1315693208E-02  -4.1775045663E-03  -4.9626935557E-01  -6.1763228290E-03
    7      0.0000000000E+00   1.2251700493E-02  -1.5929798786E-02  -7.0752371841E-03  -5.0387892533E-01
    8      0.0000000000E+00   1.9538337959E-02   2.2197373833E-01  -2.2836786690E-03   4.4769827523E-04
    9      0.0000000000E+00   2.1317476447E-02   4.1939465207E-03  -4.9625724444E-01   7.0707917091E-03
   10      0.0000000000E+00   1.2251525781E-02  -1.5930118583E-02   6.1669977708E-03  -5.0389105507E-01
   11      0.0000000000E+00   1.9538709674E-02   2.2197187851E-01   2.2886912656E-03   4.4298250673E-04
   12      0.0000000000E+00   4.1359846776E-07  -1.6930780829E-06   1.0662845568E-01  -9.6096251806E-05
   13      0.0000000000E+00   5.6647776138E-06   3.7802925148E-03   9.6091811984E-05   1.0662966259E-01
   14      0.0000000000E+00   1.3741338882E-01   8.2717712876E-01  -1.7349808719E-06  -3.3088439274E-03
   15      0.0000000000E+00   1.7731130319E-07  -7.1732718771E-07   4.4670983015E-02  -4.0261536713E-05
   16      0.0000000000E+00   2.3405428136E-06   1.5834225598E-03   4.0256451602E-05   4.4671629782E-02
   17      0.0000000000E+00   8.6394061166E-02  -3.9238613561E-01   5.6796297050E-07   1.5668165531E-03
                   10                 11                 12                 13                 14        
    0      1.2521303728E-07   1.0855813001E-02   9.3101454299E-07   3.3271742658E-06   9.8164686844E-02
    1     -4.9200487675E-06   9.7611644986E-07  -1.0856699090E-02   9.8152981656E-02  -3.3233134206E-06
    2      1.2213230192E-02  -1.3527660060E-07  -1.5555891212E-06   2.4262889532E-06  -3.5498398283E-07
    3     -2.3836812178E-06  -5.0321599789E-02  -5.8701527242E-06  -2.2919611307E-05  -8.0830468777E-01
    4      1.5801593367E-02  -1.2913946874E-06   1.6827966993E-02   5.8382838887E-02   2.5849403395E-06
    5     -5.7699961563E-01   7.7600608146E-05  -8.1462707199E-01  -5.8970307184E-02   4.5295966811E-06
    6      1.3696046080E-02  -2.5200047463E-02   1.4518857636E-02  -3.7540895777E-01  -1.5824489343E-01
    7     -7.8830924265E-03  -1.4506762994E-02   4.1968987939E-02  -5.9157102360E-01  -3.7528949767E-01
    8     -5.7686028945E-01   7.0551120026E-01   4.0747334086E-01   2.9452534890E-02  -5.1023693031E-02
    9     -1.3700382150E-02  -2.5202099331E-02  -1.4521552322E-02   3.7539381437E-01  -1.5826212545E-01
   10     -7.8828434235E-03   1.4499698001E-02   4.1974211431E-02  -5.9155330123E-01   3.7532497886E-01
   11     -5.7686862611E-01  -7.0557834124E-01   4.0734517953E-01   2.9452708209E-02   5.1023275315E-02
   12      1.2483658355E-07   7.6247172266E-03   6.9343638329E-07  -1.6564218860E-08  -1.0134125932E-03
   13     -5.5577770431E-07   6.8370223558E-07  -7.6252450116E-03  -1.0127278097E-03   4.5987401041E-08
   14      2.3077992174E-02  -1.5851972912E-07  -1.4598728048E-06  -1.0429395742E-05   5.9497491174E-09
   15      1.0560005139E-08  -3.7444146838E-03  -3.3959271636E-07  -1.2614904224E-08  -1.1661247452E-04
   16      5.3636941038E-07  -3.4468323878E-07   3.7441838357E-03  -1.1604262584E-04  -1.0603840820E-09
   17      9.7584129543E-03  -4.1282905392E-08  -1.5336537610E-06   5.0838023420E-06  -1.1514334708E-09
                   15                 16                 17        
     0      2.8831657616E-08   1.8027920941E-06   9.8333853660E-02
     1     -2.8291675205E-05  -9.8339954843E-02   1.7950482634E-06
     2      3.5767693173E-03  -6.7598699974E-07  -3.3847231050E-07
     3     -7.8447598929E-08   5.1907880639E-06   3.8034436621E-02
     4     -5.7696230663E-01   8.1141111703E-01  -1.9241014341E-05
     5     -1.5482344499E-02   2.4795170691E-02  -7.1410203352E-07
     6     -4.9984390021E-01  -3.6763252724E-01  -5.9893333013E-01
     7      2.8869897753E-01   1.7426803292E-01   3.6775867190E-01
     8     -1.5493327847E-02  -1.2392396256E-02  -2.1467245493E-02
     9      4.9984367594E-01   3.6760612410E-01  -5.9895443872E-01
    10      2.8869893864E-01   1.7424679642E-01  -3.6776067024E-01
    11     -1.5496824194E-02  -1.2393932874E-02   2.1472004076E-02
    12      1.9353899432E-08   8.9974676726E-09  -1.8870214403E-04
    13     -1.4398684988E-06   1.8870258476E-04  -1.8319744657E-08
    14     -1.2977245067E-05  -1.6112158059E-08  -9.2276840465E-11
    15     -9.1027838820E-09  -7.3875998894E-09  -6.5903633342E-05
    16     -6.0369768391E-07   6.5904517421E-05   6.2382393118E-09
    17      5.4365237945E-05  -2.7758397898E-09  -1.0230921513E-10

#
# The atoms: label  mass x y z (in bohrs)
#
$atoms
6
 C     12.01100      0.000000021393    -0.000000237774     1.589115644481
 H      1.00800      0.000000023384     2.017881255452     1.649654853508
 H      1.00800      1.747536579684    -1.008941134780     1.649655326978
 H      1.00800     -1.747536534381    -1.008941135618     1.649655319311
 Cl    35.45300     -0.000000008706     0.000001020187     5.844632066250
 Br    79.90000     -0.000000000219    -0.000000404126    -2.894682927089

$actual_temperature
  0.000000

$frequency_scale_factor
  1.000000


$end

