*************************************************
******************* ORCA 6.1.0 ******************
*************************************************
$Calculation_Status
   &GeometryIndex 0
   &version [&Type "String"] "6.1.0"
   &progName [&Type "String"] "orca"
   &Status [&Type "String"] "NORMAL TERMINATION"
$End
$Geometry
   &GeometryIndex 1
   &NAtoms [&Type "Integer"] 6
   &NCorelessECP [&Type "Integer"] 0
   &NGhostAtoms [&Type "Integer"] 0
   &CartesianCoordinates [&Type "Coordinates", &Dim(6,4), &Units "Bohr"] 
              C      0.000000000000    0.000000000000   -0.079973209988
              H      0.000000000000    2.050352855305    0.000000000000
              H      1.775658485025   -1.025176427652    0.000000000000
              H     -1.775658485025   -1.025176427652    0.000000000000
              Cl     0.000000000000    0.000000000000    4.629224315744
              Br     0.000000000000    0.000000000000   -4.589237710750
$End
$Single_Point_Data
   &GeometryIndex 1
   &FinalEnergy [&Type "Double"]      -1.2538914668240000e+01  "Final single point energy"
   &Converged [&Type "Boolean"] true
$End
$Hessian
   &GeometryIndex 1
   &HESSIAN [&Type "ArrayOfDoubles", &Dim (18,18)] "The Hessian"
                                                         0                           1                           2                           3                           4                           5                           6                           7

0                                      5.3548014529999999e-01        -4.6999999999999999e-09        -1.9570000000000001e-06        -4.4552484000000003e-02        -1.3645000000000000e-06         5.9599999999999998e-08        -2.3417499280000001e-01         1.0947984420000000e-01
1                                     -4.6999999999999999e-09         5.3548240650000001e-01        -2.5523000000000001e-06        -1.3596000000000001e-06        -2.9737984979999998e-01        -1.0810629800000001e-02         1.0948654300000001e-01        -1.0776574820000000e-01
2                                     -1.9570000000000001e-06        -2.5523000000000001e-06        -3.1351842800000002e-02         8.4200000000000000e-08        -1.0478931800000001e-02        -1.1085278200000000e-02        -9.0728022000000005e-03         5.2424055000000001e-03
3                                     -4.4552484000000003e-02        -1.3596000000000001e-06         8.4200000000000000e-08         4.2462485400000000e-02         1.5178999999999999e-06         4.4700000000000003e-08         9.5294029999999999e-04         2.3965548499999999e-02
4                                     -1.3645000000000000e-06        -2.9737984979999998e-01        -1.0478931800000001e-02         1.5178999999999999e-06         3.2101124580000001e-01         1.3157370599999999e-02        -5.1142729999999995e-04        -1.2599430000000000e-02
5                                      5.9599999999999998e-08        -1.0810629800000001e-02        -1.1085278200000000e-02         4.4700000000000003e-08         1.3157370599999999e-02         3.6074958099999999e-02         3.9896529999999998e-04         1.6383671000000000e-03
6                                     -2.3417499280000001e-01         1.0948654300000001e-01        -9.0728022000000005e-03         9.5294029999999999e-04        -5.1142729999999995e-04         3.9896529999999998e-04         2.5135314770000000e-01        -1.2062830660000000e-01
7                                      1.0947984420000000e-01        -1.0776574820000000e-01         5.2424055000000001e-03         2.3965548499999999e-02        -1.2599430000000000e-02         1.6383671000000000e-03        -1.2062830660000000e-01         1.1211479140000000e-01
8                                     -9.3613627000000005e-03         5.4041747000000001e-03        -1.1085355900000000e-02         1.6171496000000000e-03        -4.7365370000000001e-04         4.3889830000000001e-04         1.1394955000000000e-02        -6.5776130000000004e-03
9                                     -2.3417715040000001e-01        -1.0948517680000000e-01         9.0744091999999995e-03         9.5265789999999996e-04         5.1128269999999997e-04        -3.9895030000000001e-04        -1.9337967200000000e-02        -1.2226736699999999e-02
10                                    -1.0947847989999999e-01        -1.0776345480000001e-01         5.2430458999999999e-03        -2.3965692100000002e-02        -1.2599199700000001e-02         1.6385416000000001e-03         1.2226998899999999e-02         7.7369387999999999e-03
11                                     9.3629768000000006e-03         5.4048179999999996e-03        -1.1085466000000000e-02        -1.6171638000000001e-03        -4.7363700000000001e-04         4.3890969999999999e-04        -1.2182141000000000e-03        -1.1626150999999999e-03
12                                    -1.0199934200000000e-02         3.3999999999999998e-09         1.2630000000000001e-07         3.2830169999999999e-04        -2.1000000000000002e-09        -6.7999999999999997e-09         9.9895299999999991e-04        -3.8718880000000001e-04
13                                     2.2999999999999999e-09        -1.0198843100000000e-02        -1.9727000000000002e-06         2.1299999999999999e-08         1.2322644000000000e-03         5.0327002999999999e-03        -3.7891640000000000e-04         5.4593980000000001e-04
14                                     1.5209999999999999e-07        -3.2525000000000002e-06         3.2456283400000001e-02        -5.0099999999999999e-08        -3.3246010000000001e-04        -9.4853640999999992e-03        -2.8500079999999999e-04         1.7119940000000000e-04
15                                    -1.2375583799999999e-02        -5.4000000000000004e-09         1.3950000000000000e-07        -1.4390130000000001e-04        -6.6999999999999996e-09        -1.1240000000000000e-07         2.0791890000000001e-04        -2.0316059999999999e-04
16                                     2.7000000000000002e-09        -1.2374510599999999e-02        -1.9945000000000001e-06        -3.6099999999999999e-08         3.3496920000000003e-04        -1.0656349900000001e-02        -1.9489160000000000e-04        -3.2491800000000000e-05
17                                     1.3120000000000001e-07         7.4418999999999998e-06         3.2151659399999998e-02        -6.4599999999999996e-08        -1.3986879999999999e-03        -1.6382123799999999e-02        -1.2179031000000000e-03         6.8825609999999997e-04
                                                         8                           9                          10                          11                          12                          13                          14                          15

0                                     -9.3613627000000005e-03        -2.3417715040000001e-01        -1.0947847989999999e-01         9.3629768000000006e-03        -1.0199934200000000e-02         2.2999999999999999e-09         1.5209999999999999e-07        -1.2375583799999999e-02
1                                      5.4041747000000001e-03        -1.0948517680000000e-01        -1.0776345480000001e-01         5.4048179999999996e-03         3.3999999999999998e-09        -1.0198843100000000e-02        -3.2525000000000002e-06        -5.4000000000000004e-09
2                                     -1.1085355900000000e-02         9.0744091999999995e-03         5.2430458999999999e-03        -1.1085466000000000e-02         1.2630000000000001e-07        -1.9727000000000002e-06         3.2456283400000001e-02         1.3950000000000000e-07
3                                      1.6171496000000000e-03         9.5265789999999996e-04        -2.3965692100000002e-02        -1.6171638000000001e-03         3.2830169999999999e-04         2.1299999999999999e-08        -5.0099999999999999e-08        -1.4390130000000001e-04
4                                     -4.7365370000000001e-04         5.1128269999999997e-04        -1.2599199700000001e-02        -4.7363700000000001e-04        -2.1000000000000002e-09         1.2322644000000000e-03        -3.3246010000000001e-04        -6.6999999999999996e-09
5                                      4.3889830000000001e-04        -3.9895030000000001e-04         1.6385416000000001e-03         4.3890969999999999e-04        -6.7999999999999997e-09         5.0327002999999999e-03        -9.4853640999999992e-03        -1.1240000000000000e-07
6                                      1.1394955000000000e-02        -1.9337967200000000e-02         1.2226998899999999e-02        -1.2182141000000000e-03         9.9895299999999991e-04        -3.7891640000000000e-04        -2.8500079999999999e-04         2.0791890000000001e-04
7                                     -6.5776130000000004e-03        -1.2226736699999999e-02         7.7369387999999999e-03        -1.1626150999999999e-03        -3.8718880000000001e-04         5.4593980000000001e-04         1.7119940000000000e-04        -2.0316059999999999e-04
8                                      3.6074997300000002e-02         1.2183426000000001e-03        -1.1627085000000001e-03         4.3891330000000002e-04         4.3590176000000000e-03        -2.5174012999999999e-03        -9.4853766999999992e-03        -9.2281020999999998e-03
9                                      1.2183426000000001e-03         2.5135551410000001e-01         1.2062681510000001e-01        -1.1396530000000000e-02         9.9894219999999991e-04         3.7889210000000001e-04         2.8492669999999998e-04         2.0800340000000001e-04
10                                    -1.1627085000000001e-03         1.2062681510000001e-01         1.1211227980000001e-01        -6.5783344000000001e-03         3.8719079999999999e-04         5.4593179999999999e-04         1.7120850000000001e-04         2.0316719999999999e-04
11                                     4.3891330000000002e-04        -1.1396530000000000e-02        -6.5783344000000001e-03         3.6075154399999997e-02        -4.3591135999999997e-03        -2.5173474999999998e-03        -9.4853460000000004e-03         9.2280447999999998e-03
12                                     4.3590176000000000e-03         9.9894219999999991e-04         3.8719079999999999e-04        -4.3591135999999997e-03         5.5105885999999996e-03        -1.8000000000000000e-09         3.6300000000000001e-08         2.3631487000000000e-03
13                                    -2.5174012999999999e-03         3.7889210000000001e-04         5.4593179999999999e-04        -2.5173474999999998e-03        -1.8000000000000000e-09         5.5110697999999998e-03        -3.3345000000000000e-06         2.4000000000000000e-09
14                                    -9.4853766999999992e-03         2.8492669999999998e-04         1.7120850000000001e-04        -9.4853460000000004e-03         3.6300000000000001e-08        -3.3345000000000000e-06         1.4113413100000000e-02        -6.4300000000000000e-08
15                                    -9.2281020999999998e-03         2.0800340000000001e-04         2.0316719999999999e-04         9.2280447999999998e-03         2.3631487000000000e-03         2.4000000000000000e-09        -6.4300000000000000e-08         9.7404141000000007e-03
16                                     5.3272019000000000e-03         1.9492350000000001e-04        -3.2495900000000002e-05         5.3271159999999998e-03        -1.5000000000000000e-09         2.3636372000000001e-03        -3.3608000000000001e-06         3.1000000000000000e-09
17                                    -1.6382076299999999e-02         1.2178019000000000e-03         6.8824689999999998e-04        -1.6382165399999999e-02        -5.9800000000000006e-08         7.3557999999999999e-06        -1.8113609700000002e-02         9.4500000000000006e-08
                                                        16                          17

0                                      2.7000000000000002e-09         1.3120000000000001e-07
1                                     -1.2374510599999999e-02         7.4418999999999998e-06
2                                     -1.9945000000000001e-06         3.2151659399999998e-02
3                                     -3.6099999999999999e-08        -6.4599999999999996e-08
4                                      3.3496920000000003e-04        -1.3986879999999999e-03
5                                     -1.0656349900000001e-02        -1.6382123799999999e-02
6                                     -1.9489160000000000e-04        -1.2179031000000000e-03
7                                     -3.2491800000000000e-05         6.8825609999999997e-04
8                                      5.3272019000000000e-03        -1.6382076299999999e-02
9                                      1.9492350000000001e-04         1.2178019000000000e-03
10                                    -3.2495900000000002e-05         6.8824689999999998e-04
11                                     5.3271159999999998e-03        -1.6382165399999999e-02
12                                    -1.5000000000000000e-09        -5.9800000000000006e-08
13                                     2.3636372000000001e-03         7.3557999999999999e-06
14                                    -3.3608000000000001e-06        -1.8113609700000002e-02
15                                     3.1000000000000000e-09         9.4500000000000006e-08
16                                     9.7408918000000001e-03         7.3873000000000004e-06
17                                     7.3873000000000004e-06         3.5108315799999998e-02
   &MODES [&Type "ArrayOfDoubles", &Dim (18,18)] "The modes of vibrations"
                                                         0                           1                           2                           3                           4                           5                           6                           7

0                                      0.0000000000000000e+00         0.0000000000000000e+00         0.0000000000000000e+00         0.0000000000000000e+00         0.0000000000000000e+00         0.0000000000000000e+00        -8.0102547988835749e-07        -8.6321736031913375e-08
1                                      0.0000000000000000e+00         0.0000000000000000e+00         0.0000000000000000e+00         0.0000000000000000e+00         0.0000000000000000e+00         0.0000000000000000e+00         9.7516104721376274e-06        -2.3927071516868955e-04
2                                      0.0000000000000000e+00         0.0000000000000000e+00         0.0000000000000000e+00         0.0000000000000000e+00         0.0000000000000000e+00         0.0000000000000000e+00        -2.6920470934314278e-01         3.9623135688677730e-02
3                                      0.0000000000000000e+00         0.0000000000000000e+00         0.0000000000000000e+00         0.0000000000000000e+00         0.0000000000000000e+00         0.0000000000000000e+00         5.2738301738133930e-08        -1.5803460395332938e-07
4                                      0.0000000000000000e+00         0.0000000000000000e+00         0.0000000000000000e+00         0.0000000000000000e+00         0.0000000000000000e+00         0.0000000000000000e+00        -6.3721387367591678e-03         2.2862306773310494e-04
5                                      0.0000000000000000e+00         0.0000000000000000e+00         0.0000000000000000e+00         0.0000000000000000e+00         0.0000000000000000e+00         0.0000000000000000e+00        -5.1375112588475921e-02         1.7243877823117638e-02
6                                      0.0000000000000000e+00         0.0000000000000000e+00         0.0000000000000000e+00         0.0000000000000000e+00         0.0000000000000000e+00         0.0000000000000000e+00        -5.5226466253850042e-03         3.9564564593911700e-04
7                                      0.0000000000000000e+00         0.0000000000000000e+00         0.0000000000000000e+00         0.0000000000000000e+00         0.0000000000000000e+00         0.0000000000000000e+00         3.2114756885192781e-03        -5.0883295193929895e-04
8                                      0.0000000000000000e+00         0.0000000000000000e+00         0.0000000000000000e+00         0.0000000000000000e+00         0.0000000000000000e+00         0.0000000000000000e+00        -5.1371770280252263e-02         1.7177889352762772e-02
9                                      0.0000000000000000e+00         0.0000000000000000e+00         0.0000000000000000e+00         0.0000000000000000e+00         0.0000000000000000e+00         0.0000000000000000e+00         5.5226106796619967e-03        -3.9598300660898862e-04
10                                     0.0000000000000000e+00         0.0000000000000000e+00         0.0000000000000000e+00         0.0000000000000000e+00         0.0000000000000000e+00         0.0000000000000000e+00         3.2113940383389776e-03        -5.0884524456488035e-04
11                                     0.0000000000000000e+00         0.0000000000000000e+00         0.0000000000000000e+00         0.0000000000000000e+00         0.0000000000000000e+00         0.0000000000000000e+00        -5.1371642300482127e-02         1.7177535737646705e-02
12                                     0.0000000000000000e+00         0.0000000000000000e+00         0.0000000000000000e+00         0.0000000000000000e+00         0.0000000000000000e+00         0.0000000000000000e+00         1.3180690351688735e-07         2.3253778892954084e-08
13                                     0.0000000000000000e+00         0.0000000000000000e+00         0.0000000000000000e+00         0.0000000000000000e+00         0.0000000000000000e+00         0.0000000000000000e+00        -2.3556356819574972e-06         5.1238775295639089e-05
14                                     0.0000000000000000e+00         0.0000000000000000e+00         0.0000000000000000e+00         0.0000000000000000e+00         0.0000000000000000e+00         0.0000000000000000e+00         5.0058312057415094e-02         1.3364126654553082e-01
15                                     0.0000000000000000e+00         0.0000000000000000e+00         0.0000000000000000e+00         0.0000000000000000e+00         0.0000000000000000e+00         0.0000000000000000e+00         6.1717646673281486e-08         8.9080423580059773e-09
16                                     0.0000000000000000e+00         0.0000000000000000e+00         0.0000000000000000e+00         0.0000000000000000e+00         0.0000000000000000e+00         0.0000000000000000e+00        -1.0606893562990244e-06         2.3187482216972231e-05
17                                     0.0000000000000000e+00         0.0000000000000000e+00         0.0000000000000000e+00         0.0000000000000000e+00         0.0000000000000000e+00         0.0000000000000000e+00         2.0200899873836217e-02        -6.5906250349590065e-02
                                                         8                           9                          10                          11                          12                          13                          14                          15

0                                      2.3849484334620016e-01        -1.5979222942089281e-04        -8.5039151571330120e-04         2.5934945662416217e-02        -1.4280147145856841e-07        -3.0514814935027128e-06        -9.1479643287248433e-02        -6.8757925866340777e-08
1                                      1.5979101118775117e-04         2.3849577339975872e-01         2.5935439466265881e-02         8.5044035080797289e-04         1.5915853589830237e-05        -9.1472548424305911e-02         3.0489144075230716e-06         2.8907972412794184e-05
2                                     -6.0915325881187238e-07         5.3945775401027884e-05        -5.5952790451084038e-06        -2.6150156721862018e-07        -3.9041292770343176e-02        -5.8607351626537283e-07         3.5229807532530523e-07        -4.7120137427847852e-03
3                                      2.4822746337922477e-01        -1.6641605479393988e-04         1.5973506725005021e-03        -4.8668134117270834e-02         2.0640121455590277e-06         2.1341515025577136e-05         7.6630850583912458e-01         1.4470268481053180e-07
4                                      1.6304239280840130e-04         2.4339490740243921e-01        -1.5103475983467665e-02        -4.9497776277200015e-04        -2.4823636248629787e-02        -5.4459336870847731e-02        -2.5361390398778065e-06         5.7430282082197726e-01
5                                     -2.8908145218973922e-05        -4.1618396006641981e-02         8.0691503422599198e-01         2.6461956450265296e-02         5.6514244746541176e-01         6.8546881091062314e-02        -4.6874730328121488e-06         2.3846025299332295e-02
6                                      2.4459044207012157e-01         1.9496730896084388e-03        -1.3779143411956912e-02        -2.3965945084016966e-02        -2.1557436664114287e-02         3.5552205118675179e-01         1.5068586921848923e-01         4.9754347116103620e-01
7                                      2.2660929701933700e-03         2.4699771826850803e-01        -3.9800959754214847e-02        -1.5856639226859710e-02         1.2358174713828036e-02         5.6106357729631207e-01         3.5540862547981911e-01        -2.8737381362480291e-01
8                                     -3.6032991436456711e-02         2.0839142548730361e-02        -4.2626485858763474e-01         6.8551918126000644e-01         5.6531344478865353e-01        -3.4151781894525980e-02         5.9286453680695989e-02         2.3861170626435654e-02
9                                      2.4458782776945878e-01        -2.2773251953710485e-03         1.5318054809348312e-02        -2.3016534988991012e-02         2.1561351362368752e-02        -3.5550783927267332e-01         1.5070178410963367e-01        -4.9754276526566232e-01
10                                    -1.9350849073366335e-03         2.4700070894372039e-01        -4.0756930081700747e-02         1.3215120405713715e-02         1.2358051550040614e-02         5.6104713949748408e-01        -3.5544164548085261e-01        -2.8737357316429862e-01
11                                     3.6059541765758256e-02         2.0790660569150313e-02        -3.8043480273210323e-01        -7.1197552094242034e-01         5.6531180436518891e-01        -3.4152582627364543e-02        -5.9285842962671510e-02         2.3864620782339006e-02
12                                    -5.0355539290131292e-02         3.3739399870347097e-05        -1.5445676022732133e-04         4.7094222931302315e-03        -5.1975831016078192e-08         6.8397000899972439e-09         6.9678863247284910e-04        -1.9540144839474754e-08
13                                    -3.3740191049483293e-05        -5.0355513518605337e-02         4.7094824510236881e-03         1.5445271525565792e-04        -2.1934135545539886e-06         6.9632507695939158e-04        -3.3564282671725555e-08         1.3952403559972093e-06
14                                     2.9571472739623496e-07         1.3402770025242196e-04        -2.2820113098633910e-06        -7.7745837405270144e-08        -1.3079955586064654e-02         2.2856905678130036e-06        -7.5788524274476829e-09        -1.1974957572706294e-04
15                                    -2.2811159049596276e-02         1.5283131787383279e-05         1.5680420336821829e-04        -4.7816265557675385e-03        -3.0896776875346886e-08         7.1464304656924507e-09        -2.7271342985031544e-05         8.2754112555189781e-09
16                                    -1.5282374235409619e-05        -2.2811153877609167e-02        -4.7815918400441063e-03        -1.5680679112545733e-04        -6.4242328894043050e-08        -2.7567268979156760e-05         5.1318242627853952e-09         6.4384708223138694e-07
17                                    -9.8968209510276123e-09        -6.7723718817515170e-05        -8.6341484261042098e-07         2.9476408434431136e-09        -9.7207159616378679e-03        -3.9856315447055747e-06         1.8349176564774274e-09        -1.4146323490528404e-04
                                                        16                          17

0                                     -4.4531964323484742e-06         9.2934975030947123e-02
1                                     -9.2939119022402691e-02        -4.4601655423170858e-06
2                                     -9.6202668185419225e-07        -3.2251290031647939e-07
3                                      2.5209635748195729e-06         3.6694559411866945e-02
4                                      7.6833264082727182e-01         3.2876819827259595e-05
5                                      3.5879507651970684e-02         1.4124050519088012e-06
6                                     -3.4837113094009869e-01        -5.6698942520427453e-01
7                                      1.6447517329960645e-01         3.4853933973899498e-01
8                                     -1.7930026563342895e-02        -3.1067053344079588e-02
9                                      3.4842122696904820e-01        -5.6696354871554988e-01
10                                     1.6450118528531416e-01        -3.4851961840592938e-01
11                                    -1.7935099834373028e-02         3.1069488521059445e-02
12                                     2.1006461593858344e-08        -2.1045688959683270e-04
13                                     2.1042903787799039e-04        -4.1240947644208375e-09
14                                    -3.4155768233887923e-08         4.0296252997249182e-10
15                                    -3.6962227580022436e-09        -3.4345120973830817e-05
16                                     3.4342258957460832e-05         8.7399467390869015e-09
17                                    -2.1658039572687718e-08        -2.3712732047542381e-10
$End
$THERMOCHEMISTRY_Energies
   &GeometryIndex 1
   &temperature [&Type "Double"]       2.9814999999999998e+02
   &pressure [&Type "Double"]       1.0000000000000000e+00
   &totalMass [&Type "Double"]       1.3038800000000001e+02
   &spinDegeneracy [&Type "Integer"] 1
   &elEnergy [&Type "Double"]      -1.2538914668240000e+01
   &transEnergy [&Type "Double"]       1.4162714244859817e-03
   &rotEnergy [&Type "Double"]       1.4162714244859817e-03
   &vibEnergy [&Type "Double"]       1.9350253983742383e-03
   &numOfFreqs [&Type "Integer"] 18
   &freqScalingFactor [&Type "Double"]       1.0000000000000000e+00
   &FREQ [&Type "ArrayOfDoubles", &Units "cm^-1", &Dim (18,1)] 
                                                         0

0                                      0.0000000000000000e+00
1                                      0.0000000000000000e+00
2                                      0.0000000000000000e+00
3                                      0.0000000000000000e+00
4                                      0.0000000000000000e+00
5                                      0.0000000000000000e+00
6                                     -3.2118950438378783e+02
7                                      1.4702853782545128e+02
8                                      1.9273898327188638e+02
9                                      1.9275031368476712e+02
10                                     9.5728607099999351e+02
11                                     9.5728660907683729e+02
12                                     9.9391059376951648e+02
13                                     1.3606858542713978e+03
14                                     1.3607917895303999e+03
15                                     2.9559691796126244e+03
16                                     3.0406742914159604e+03
17                                     3.0407158707666949e+03
   &zpe [&Type "Double"]       3.4627779120474912e-02
   &innerEnergyU [&Type "Double"]      -1.2499519320872180e+01
   &enthalpyH [&Type "Double"]      -1.2498575111829920e+01
   &qEl [&Type "Double"]       0.0000000000000000e+00
   &qRot [&Type "Double"]       1.1107109440825637e-02
   &qVib [&Type "Double"]       3.5310971299982474e-03
   &qTrans [&Type "Double"]       1.9247041860113716e-02
   &entropyS [&Type "Double"]       3.3885248430937598e-02
   &freeEnergyG [&Type "Double"]      -1.2532460360260858e+01
   &isLinear [&Type "Boolean"] false
$End
$Geometry
   &GeometryIndex 2
   &NAtoms [&Type "Integer"] 6
   &NCorelessECP [&Type "Integer"] 0
   &NGhostAtoms [&Type "Integer"] 0
   &CartesianCoordinates [&Type "Coordinates", &Dim(6,4), &Units "Bohr"] 
              C      0.000000017517    0.000001135252   -0.073392503926
              H     -0.000000015510    2.044960472759    0.006624908662
              H      1.770989248955   -1.022475835371    0.006622809393
              H     -1.770989263321   -1.022475825756    0.006622875190
              Cl    -0.000000006369   -0.000004482422    4.584744451615
              Br     0.000000018728   -0.000005464462   -4.571209145927
$End
$Single_Point_Data
   &GeometryIndex 2
   &FinalEnergy [&Type "Double"]      -1.2539914383370000e+01  "Final single point energy"
   &Converged [&Type "Boolean"] true
$End
$Geometry
   &GeometryIndex 3
   &NAtoms [&Type "Integer"] 6
   &NCorelessECP [&Type "Integer"] 0
   &NGhostAtoms [&Type "Integer"] 0
   &CartesianCoordinates [&Type "Coordinates", &Dim(6,4), &Units "Bohr"] 
              C      0.000000020272    0.000001658288   -0.067661641380
              H     -0.000000019829    2.040479773873    0.013829599981
              H      1.767108684839   -1.020234178227    0.013826677273
              H     -1.767108688465   -1.020234157424    0.013826722673
              Cl    -0.000000006961   -0.000005846243    4.540048280118
              Br     0.000000010145   -0.000007250266   -4.553856243660
$End
$Single_Point_Data
   &GeometryIndex 3
   &FinalEnergy [&Type "Double"]      -1.2540800121489999e+01  "Final single point energy"
   &Converged [&Type "Boolean"] true
$End
$Geometry
   &GeometryIndex 4
   &NAtoms [&Type "Integer"] 6
   &NCorelessECP [&Type "Integer"] 0
   &NGhostAtoms [&Type "Integer"] 0
   &CartesianCoordinates [&Type "Coordinates", &Dim(6,4), &Units "Bohr"] 
              C      0.000000026877    0.000001474068   -0.061414890318
              H     -0.000000017944    2.036652670407    0.021560943638
              H      1.763794122708   -1.018321336535    0.021557835981
              H     -1.763794117402   -1.018321312752    0.021557849385
              Cl    -0.000000009407   -0.000004969830    4.495417245167
              Br    -0.000000004832   -0.000006525359   -4.538665588848
$End
$Single_Point_Data
   &GeometryIndex 4
   &FinalEnergy [&Type "Double"]      -1.2541548800770000e+01  "Final single point energy"
   &Converged [&Type "Boolean"] true
$End
$Hessian
   &GeometryIndex 4
   &HESSIAN [&Type "ArrayOfDoubles", &Dim (18,18)] "The Hessian"
                                                         0                           1                           2                           3                           4                           5                           6                           7

0                                      5.5570128990000001e-01        -3.1900000000000001e-08        -2.0370000000000001e-06        -4.3161600799999998e-02        -1.4416000000000001e-06         5.6699999999999998e-08        -2.4450108949999999e-01         1.1624427780000000e-01
1                                     -3.1900000000000001e-08         5.5570207810000005e-01        -2.0362000000000001e-06        -1.4379000000000000e-06        -3.1161089949999998e-01        -1.2177455100000000e-02         1.1625123940000000e-01        -1.1028038029999999e-01
2                                     -2.0370000000000001e-06        -2.0362000000000001e-06        -3.9120340900000002e-02         7.8499999999999995e-08        -1.1583211800000000e-02        -8.4059165000000009e-03        -1.0028847200000000e-02         5.7941731000000002e-03
3                                     -4.3161600799999998e-02        -1.4379000000000000e-06         7.8499999999999995e-08         4.1831368500000000e-02         1.5951000000000000e-06         5.4300000000000003e-08         5.1906049999999996e-04         2.3851649600000000e-02
4                                     -1.4416000000000001e-06        -3.1161089949999998e-01        -1.1583211800000000e-02         1.5951000000000000e-06         3.3592872099999999e-01         1.3747422000000000e-02        -4.2859210000000003e-04        -1.3014643899999999e-02
5                                      5.6699999999999998e-08        -1.2177455100000000e-02        -8.4059165000000009e-03         5.4300000000000003e-08         1.3747422000000000e-02         3.7308146299999997e-02         3.6672140000000000e-04         1.5063585999999999e-03
6                                     -2.4450108949999999e-01         1.1625123940000000e-01        -1.0028847200000000e-02         5.1906049999999996e-04        -4.2859210000000003e-04         3.6672140000000000e-04         2.6238269949999998e-01        -1.2736224469999999e-01
7                                      1.1624427780000000e-01        -1.1028038029999999e-01         5.7941731000000002e-03         2.3851649600000000e-02        -1.3014643899999999e-02         1.5063585999999999e-03        -1.2736224469999999e-01         1.1537097680000000e-01
8                                     -1.0544818799999999e-02         6.0876461000000000e-03        -8.4057274999999997e-03         1.4869282000000001e-03        -4.3550250000000000e-04         1.1930370000000000e-04         1.1905533899999999e-02        -6.8728365000000000e-03
9                                     -2.4450335819999999e-01        -1.1624976850000000e-01         1.0030542400000000e-02         5.1878090000000003e-04         4.2844680000000003e-04        -3.6670669999999998e-04        -1.9742163699999999e-02        -1.2127921000000000e-02
10                                    -1.1624280980000000e-01        -1.1027793120000000e-01         5.7948510000000002e-03        -2.3851795900000000e-02        -1.3014415499999999e-02         1.5065318000000000e-03         1.2128184700000001e-02         7.2941255000000000e-03
11                                     1.0546530000000000e-02         6.0883200000000004e-03        -8.4058533999999997e-03        -1.4869409000000001e-03        -4.3548630000000000e-04         1.1931480000000000e-04        -1.1203485999999999e-03        -1.0692426000000000e-03
12                                    -1.0894061300000001e-02         4.5999999999999998e-09         1.2360000000000000e-07         3.3179260000000001e-04        -2.2999999999999999e-09        -1.0800000000000001e-08         9.7484510000000004e-04        -3.7126630000000003e-04
13                                     2.6000000000000001e-09        -1.0892865900000000e-02        -2.0134999999999999e-06         2.4500000000000001e-08         1.1992683000000000e-03         5.9587345000000000e-03        -3.6252499999999999e-04         5.3999210000000002e-04
14                                     1.4390000000000001e-07        -4.9962999999999999e-06         3.1749445699999997e-02        -5.9300000000000002e-08        -1.2600160000000000e-04        -1.1922683300000000e-02        -1.0470400000000001e-04         7.0561099999999998e-05
15                                    -1.2641180199999999e-02        -5.6999999999999998e-09         1.3960000000000001e-07        -3.9401699999999999e-05        -6.0000000000000000e-09        -1.1500000000000000e-07         3.6664810000000000e-04        -2.3449530000000000e-04
16                                     2.8999999999999999e-09        -1.2640001000000000e-02        -1.7627000000000001e-06        -3.5399999999999999e-08         5.1196949999999998e-04        -1.0541591800000000e-02        -2.2606230000000001e-04         8.9929800000000001e-05
17                                     1.2520000000000001e-07         8.5214999999999996e-06         3.2588392600000002e-02        -6.0800000000000002e-08        -1.1672198000000000e-03        -1.7218165000000001e-02        -1.0183555000000000e-03         5.7098640000000003e-04
                                                         8                           9                          10                          11                          12                          13                          14                          15

0                                     -1.0544818799999999e-02        -2.4450335819999999e-01        -1.1624280980000000e-01         1.0546530000000000e-02        -1.0894061300000001e-02         2.6000000000000001e-09         1.4390000000000001e-07        -1.2641180199999999e-02
1                                      6.0876461000000000e-03        -1.1624976850000000e-01        -1.1027793120000000e-01         6.0883200000000004e-03         4.5999999999999998e-09        -1.0892865900000000e-02        -4.9962999999999999e-06        -5.6999999999999998e-09
2                                     -8.4057274999999997e-03         1.0030542400000000e-02         5.7948510000000002e-03        -8.4058533999999997e-03         1.2360000000000000e-07        -2.0134999999999999e-06         3.1749445699999997e-02         1.3960000000000001e-07
3                                      1.4869282000000001e-03         5.1878090000000003e-04        -2.3851795900000000e-02        -1.4869409000000001e-03         3.3179260000000001e-04         2.4500000000000001e-08        -5.9300000000000002e-08        -3.9401699999999999e-05
4                                     -4.3550250000000000e-04         4.2844680000000003e-04        -1.3014415499999999e-02        -4.3548630000000000e-04        -2.2999999999999999e-09         1.1992683000000000e-03        -1.2600160000000000e-04        -6.0000000000000000e-09
5                                      1.1930370000000000e-04        -3.6670669999999998e-04         1.5065318000000000e-03         1.1931480000000000e-04        -1.0800000000000001e-08         5.9587345000000000e-03        -1.1922683300000000e-02        -1.1500000000000000e-07
6                                      1.1905533899999999e-02        -1.9742163699999999e-02         1.2128184700000001e-02        -1.1203485999999999e-03         9.7484510000000004e-04        -3.6252499999999999e-04        -1.0470400000000001e-04         3.6664810000000000e-04
7                                     -6.8728365000000000e-03        -1.2127921000000000e-02         7.2941255000000000e-03        -1.0692426000000000e-03        -3.7126630000000003e-04         5.3999210000000002e-04         7.0561099999999998e-05        -2.3449530000000000e-04
8                                      3.7308305799999997e-02         1.1204792000000000e-03        -1.0693342000000000e-03         1.1926790000000000e-04         5.1608210999999999e-03        -2.9800848999999999e-03        -1.1922821100000000e-02        -9.1289435000000002e-03
9                                      1.1204792000000000e-03         2.6238518049999998e-01         1.2736065120000001e-01        -1.1907180800000000e-02         9.7482839999999999e-04         3.6249790000000002e-04         1.0461410000000001e-04         3.6673210000000002e-04
10                                    -1.0693342000000000e-03         1.2736065120000001e-01         1.1536831210000000e-01        -6.8735994999999999e-03         3.7126850000000002e-04         5.3998420000000004e-04         7.0575399999999995e-05         2.3450120000000001e-04
11                                     1.1926790000000000e-04        -1.1907180800000000e-02        -6.8735994999999999e-03         3.7308473699999997e-02        -5.1609393000000003e-03        -2.9800205000000001e-03        -1.1922785400000000e-02         9.1288796000000005e-03
