
$orca_hessian_file

$act_atom
  0

$act_coord
  0

$act_energy
      -12.543361

$multiplicity
  1

$hessian
18
                    0                  1                  2                  3                  4        
    0      5.8741971360E-01  -1.2900000000E-08  -2.1334000000E-06  -4.1132697200E-02  -1.5639000000E-06
    1     -1.2900000000E-08   5.8742212590E-01  -1.3090000000E-06  -1.5643000000E-06  -3.3371940270E-01
    2     -2.1334000000E-06  -1.3090000000E-06  -4.9213591400E-02   9.3900000000E-08  -9.1334286000E-03
    3     -4.1132697200E-02  -1.5643000000E-06   9.3900000000E-08   4.0752184400E-02   1.7067000000E-06
    4     -1.5639000000E-06  -3.3371940270E-01  -9.1334286000E-03   1.7067000000E-06   3.5898697550E-01
    5      7.5500000000E-08  -1.0276345900E-02  -3.4300759000E-03   4.7100000000E-08   9.3314295000E-03
    6     -2.6057577220E-01   1.2670395530E-01  -7.9096129000E-03  -1.3355870000E-04  -3.3738020000E-04
    7      1.2669698950E-01  -1.1428767820E-01   4.5671182000E-03   2.3605400100E-02  -1.3576387700E-02
    8     -8.8983975000E-03   5.1383666000E-03  -3.4300391000E-03   7.9709730000E-04  -2.3154880000E-04
    9     -2.6057830100E-01  -1.2670238060E-01   7.9114310000E-03  -1.3382510000E-04   3.3723880000E-04
   10     -1.2669541870E-01  -1.1428502120E-01   4.5678938000E-03  -2.3605545300E-02  -1.3576154600E-02
   11      8.9002370000E-03   5.1391181000E-03  -3.4301333000E-03  -7.9710650000E-04  -2.3153680000E-04
   12     -1.2576516600E-02   8.6000000000E-09   9.6100000000E-08   3.7198890000E-04  -8.0000000000E-10
   13      3.1000000000E-09  -1.2575475300E-02  -1.7650000000E-07   3.3800000000E-08   8.8644810000E-04
   14      1.1020000000E-07  -9.9242000000E-06   2.7168421600E-02  -7.4200000000E-08   6.4217410000E-04
   15     -1.2556426600E-02  -6.2000000000E-09   1.2540000000E-07   2.7590770000E-04  -5.0000000000E-10
   16      2.9000000000E-09  -1.2554548500E-02  -9.7900000000E-08  -3.1000000000E-08   9.9852130000E-04
   17      1.0820000000E-07   1.0094300000E-05   3.2335418100E-02  -5.7600000000E-08  -3.7708930000E-04
                    5                  6                  7                  8                  9        
    0      7.5500000000E-08  -2.6057577220E-01   1.2669698950E-01  -8.8983975000E-03  -2.6057830100E-01
    1     -1.0276345900E-02   1.2670395530E-01  -1.1428767820E-01   5.1383666000E-03  -1.2670238060E-01
    2     -3.4300759000E-03  -7.9096129000E-03   4.5671182000E-03  -3.4300391000E-03   7.9114310000E-03
    3      4.7100000000E-08  -1.3355870000E-04   2.3605400100E-02   7.9709730000E-04  -1.3382510000E-04
    4      9.3314295000E-03  -3.3738020000E-04  -1.3576387700E-02  -2.3154880000E-04   3.3723880000E-04
    5      4.0416873500E-02   1.9790810000E-04   8.0653540000E-04  -4.9366030000E-04  -1.9790010000E-04
    6      1.9790810000E-04   2.7940531640E-01  -1.3781709360E-01   8.0814382000E-03  -2.0255701700E-02
    7      8.0653540000E-04  -1.3781709360E-01   1.2032856850E-01  -4.6661827000E-03  -1.1958836900E-02
    8     -4.9366030000E-04   8.0814382000E-03  -4.6661827000E-03   4.0414574100E-02   5.9934980000E-04
    9     -1.9790010000E-04  -2.0255701700E-02  -1.1958836900E-02   5.9934980000E-04   2.7940808280E-01
   10      8.0670410000E-04   1.1959105000E-02   6.5971458000E-03  -5.7484010000E-04   1.3781539840E-01
   11     -4.9365440000E-04  -5.9921320000E-04  -5.7475570000E-04  -4.9131960000E-04  -8.0831565000E-03
   12     -1.6600000000E-08   7.4952270000E-04  -2.1794770000E-04   7.8174444000E-03   7.4947900000E-04
   13      9.0283269000E-03  -2.0863710000E-04   4.9091100000E-04  -4.5141721000E-03   2.0860250000E-04
   14     -1.8137564300E-02   5.6492400000E-04  -3.0618680000E-04  -1.8137965300E-02  -5.6505210000E-04
   15     -1.1390000000E-07   8.1019360000E-04  -3.0851140000E-04  -8.3969323000E-03   8.1026600000E-04
   16     -9.6966501000E-03  -2.9994940000E-04   4.4744050000E-04   4.8483770000E-03   2.9997780000E-04
   17     -1.7861918500E-02  -3.3544420000E-04   1.7347150000E-04  -1.7861589700E-02   3.3532790000E-04
                   10                 11                 12                 13                 14        
    0     -1.2669541870E-01   8.9002370000E-03  -1.2576516600E-02   3.1000000000E-09   1.1020000000E-07
    1     -1.1428502120E-01   5.1391181000E-03   8.6000000000E-09  -1.2575475300E-02  -9.9242000000E-06
    2      4.5678938000E-03  -3.4301333000E-03   9.6100000000E-08  -1.7650000000E-07   2.7168421600E-02
    3     -2.3605545300E-02  -7.9710650000E-04   3.7198890000E-04   3.3800000000E-08  -7.4200000000E-08
    4     -1.3576154600E-02  -2.3153680000E-04  -8.0000000000E-10   8.8644810000E-04   6.4217410000E-04
    5      8.0670410000E-04  -4.9365440000E-04  -1.6600000000E-08   9.0283269000E-03  -1.8137564300E-02
    6      1.1959105000E-02  -5.9921320000E-04   7.4952270000E-04  -2.0863710000E-04   5.6492400000E-04
    7      6.5971458000E-03  -5.7475570000E-04  -2.1794770000E-04   4.9091100000E-04  -3.0618680000E-04
    8     -5.7484010000E-04  -4.9131960000E-04   7.8174444000E-03  -4.5141721000E-03  -1.8137965300E-02
    9      1.3781539840E-01  -8.0831565000E-03   7.4947900000E-04   2.0860250000E-04  -5.6505210000E-04
   10      1.2032568920E-01  -4.6670584000E-03   2.1794880000E-04   4.9090670000E-04  -3.0616340000E-04
   11     -4.6670584000E-03   4.0414683800E-02  -7.8176175000E-03  -4.5140723000E-03  -1.8137913100E-02
   12      2.1794880000E-04  -7.8176175000E-03   8.6070123000E-03  -5.1000000000E-09   1.7370000000E-07
   13      4.9090670000E-04  -4.5140723000E-03  -5.1000000000E-09   8.6083772000E-03  -1.0267500000E-05
   14     -3.0616340000E-04  -1.8137913100E-02   1.7370000000E-07  -1.0267500000E-05   5.2960533300E-02
   15      3.0851180000E-04   8.3968568000E-03   2.0985138000E-03   2.8000000000E-09  -8.1600000000E-08
   16      4.4743410000E-04   4.8483051000E-03  -3.8000000000E-09   2.0988322000E-03  -9.6321000000E-06
   17      1.7346410000E-04  -1.7861663400E-02  -8.0000000000E-08   1.0361500000E-05  -2.5715512200E-02
                   15                 16                 17        
     0     -1.2556426600E-02   2.9000000000E-09   1.0820000000E-07
     1     -6.2000000000E-09  -1.2554548500E-02   1.0094300000E-05
     2      1.2540000000E-07  -9.7900000000E-08   3.2335418100E-02
     3      2.7590770000E-04  -3.1000000000E-08  -5.7600000000E-08
     4     -5.0000000000E-10   9.9852130000E-04  -3.7708930000E-04
     5     -1.1390000000E-07  -9.6966501000E-03  -1.7861918500E-02
     6      8.1019360000E-04  -2.9994940000E-04  -3.3544420000E-04
     7     -3.0851140000E-04   4.4744050000E-04   1.7347150000E-04
     8     -8.3969323000E-03   4.8483770000E-03  -1.7861589700E-02
     9      8.1026600000E-04   2.9997780000E-04   3.3532790000E-04
    10      3.0851180000E-04   4.4743410000E-04   1.7346410000E-04
    11      8.3968568000E-03   4.8483051000E-03  -1.7861663400E-02
    12      2.0985138000E-03  -3.8000000000E-09  -8.0000000000E-08
    13      2.8000000000E-09   2.0988322000E-03   1.0361500000E-05
    14     -8.1600000000E-08  -9.6321000000E-06  -2.5715512200E-02
    15      8.5615455000E-03   3.5000000000E-09   1.4570000000E-07
    16      3.5000000000E-09   8.5623203000E-03   9.6980000000E-06
    17      1.4570000000E-07   9.6980000000E-06   4.6965265700E-02

$vibrational_frequencies
18
    0        0.0000000000000000
    1        0.0000000000000000
    2        0.0000000000000000
    3        0.0000000000000000
    4        0.0000000000000000
    5        0.0000000000000000
    6     -351.9797271084947283
    7      201.0500871706107091
    8      207.4107261078192437
    9      207.4271490467877754
   10     1027.6943542169367447
   11     1031.8777148390415732
   12     1031.9350540963282583
   13     1332.2084607643982963
   14     1332.3612700292910631
   15     3123.9255881208523533
   16     3214.6337039385657590
   17     3214.7011512807225699

$normal_modes
18 18
                    0                  1                  2                  3                  4        
    0      0.0000000000E+00   0.0000000000E+00   0.0000000000E+00   0.0000000000E+00   0.0000000000E+00
    1      0.0000000000E+00   0.0000000000E+00   0.0000000000E+00   0.0000000000E+00   0.0000000000E+00
    2      0.0000000000E+00   0.0000000000E+00   0.0000000000E+00   0.0000000000E+00   0.0000000000E+00
    3      0.0000000000E+00   0.0000000000E+00   0.0000000000E+00   0.0000000000E+00   0.0000000000E+00
    4      0.0000000000E+00   0.0000000000E+00   0.0000000000E+00   0.0000000000E+00   0.0000000000E+00
    5      0.0000000000E+00   0.0000000000E+00   0.0000000000E+00   0.0000000000E+00   0.0000000000E+00
    6      0.0000000000E+00   0.0000000000E+00   0.0000000000E+00   0.0000000000E+00   0.0000000000E+00
    7      0.0000000000E+00   0.0000000000E+00   0.0000000000E+00   0.0000000000E+00   0.0000000000E+00
    8      0.0000000000E+00   0.0000000000E+00   0.0000000000E+00   0.0000000000E+00   0.0000000000E+00
    9      0.0000000000E+00   0.0000000000E+00   0.0000000000E+00   0.0000000000E+00   0.0000000000E+00
   10      0.0000000000E+00   0.0000000000E+00   0.0000000000E+00   0.0000000000E+00   0.0000000000E+00
   11      0.0000000000E+00   0.0000000000E+00   0.0000000000E+00   0.0000000000E+00   0.0000000000E+00
   12      0.0000000000E+00   0.0000000000E+00   0.0000000000E+00   0.0000000000E+00   0.0000000000E+00
   13      0.0000000000E+00   0.0000000000E+00   0.0000000000E+00   0.0000000000E+00   0.0000000000E+00
   14      0.0000000000E+00   0.0000000000E+00   0.0000000000E+00   0.0000000000E+00   0.0000000000E+00
   15      0.0000000000E+00   0.0000000000E+00   0.0000000000E+00   0.0000000000E+00   0.0000000000E+00
   16      0.0000000000E+00   0.0000000000E+00   0.0000000000E+00   0.0000000000E+00   0.0000000000E+00
   17      0.0000000000E+00   0.0000000000E+00   0.0000000000E+00   0.0000000000E+00   0.0000000000E+00
                    5                  6                  7                  8                  9        
    0      0.0000000000E+00  -2.5609287292E-06   7.6329614225E-06  -4.8599009904E-01  -4.8042362167E-04
    1      0.0000000000E+00  -2.2382972539E-05  -1.7348097356E-02  -4.8038279062E-04   4.8599759593E-01
    2      0.0000000000E+00  -9.8523450910E-01   1.1269379357E-01   9.1949876406E-07   4.3809145262E-04
    3      0.0000000000E+00   1.0668939009E-06   8.5618974241E-06  -5.0773218747E-01  -5.0195496941E-04
    4      0.0000000000E+00  -2.4524697933E-02  -2.1971396834E-02  -4.8669692019E-04   4.9245885326E-01
    5      0.0000000000E+00   1.9769607601E-02   2.2209446604E-01  -1.5622872373E-06   3.7746376154E-03
    6      0.0000000000E+00  -2.1233741688E-02  -4.1791769945E-03  -4.9626953347E-01   6.1378384265E-03
    7      0.0000000000E+00   1.2204867819E-02  -1.6097228523E-02  -7.1238720020E-03   5.0388126320E-01
    8      0.0000000000E+00   1.9769935071E-02   2.2223464363E-01  -2.4835481543E-03  -5.5199163506E-04
    9      0.0000000000E+00   2.1235619949E-02   4.1955882995E-03  -4.9625626329E-01  -7.1189484499E-03
   10      0.0000000000E+00   1.2204720313E-02  -1.6097644763E-02   6.1276651758E-03   5.0389456760E-01
   11      0.0000000000E+00   1.9770375439E-02   2.2223280741E-01   2.4888126260E-03  -5.4647426841E-04
   12      0.0000000000E+00   3.9786678020E-07  -1.6853010780E-06   1.0663814022E-01   1.0541316089E-04
   13      0.0000000000E+00   5.5168869636E-06   3.8157981902E-03   1.0540751066E-04  -1.0663898283E-01
   14      0.0000000000E+00   1.3738524721E-01   8.2700645563E-01  -2.0539254517E-06   3.3403204611E-03
   15      0.0000000000E+00   1.7127694638E-07  -7.1468721641E-07   4.4666397279E-02   4.4156255812E-05
   16      0.0000000000E+00   2.3689908490E-06   1.5980738971E-03   4.4150590726E-05  -4.4666856422E-02
   17      0.0000000000E+00   8.6397348210E-02  -3.9230687658E-01   7.2643200815E-07  -1.5817757050E-03
                   10                 11                 12                 13                 14        
    0      1.2783376968E-07   1.0787868330E-02  -2.3004648415E-07   7.3539969252E-06   9.8171368134E-02
    1     -5.3651852799E-06   2.7688769864E-07   1.0791328615E-02   9.8160110199E-02  -7.3490387169E-06
    2      1.2183551288E-02  -1.3781535214E-07   2.0214618323E-06   2.3908295655E-06  -3.4951562477E-07
    3     -2.3880371042E-06  -5.0173176700E-02   2.6225681131E-06  -5.6070241128E-05  -8.0831972796E-01
    4      1.5726713985E-02  -2.0357483967E-07  -1.6767526205E-02   5.8379505844E-02   1.9848565614E-07
    5     -5.7704481907E-01   2.5169573307E-05   8.1460718685E-01  -5.8781265821E-02   6.9353748359E-06
    6      1.3631214179E-02  -2.5119596869E-02  -1.4488098027E-02  -3.7541977650E-01  -1.5823841086E-01
    7     -7.8438006066E-03  -1.4464350255E-02  -4.1856594292E-02  -5.9159730321E-01  -3.7526875664E-01
    8     -5.7684080684E-01   7.0554681495E-01  -4.0746270208E-01   2.9356832393E-02  -5.0845434458E-02
    9     -1.3635535796E-02  -2.5123515178E-02   1.4487547890E-02   3.7539164582E-01  -1.5828646027E-01
   10     -7.8435382203E-03   1.4462685728E-02  -4.1859938956E-02  -5.9154879639E-01   3.7535275351E-01
   11     -5.7684909149E-01  -7.0556157752E-01  -4.0742532255E-01   2.9361174068E-02   5.0842639485E-02
   12      1.2395410222E-07   7.6324921863E-03  -2.0318830264E-07  -5.8123986761E-08  -1.0130871731E-03
   13     -9.7225752581E-07   1.9318417435E-07   7.6328625168E-03  -1.0127742304E-03   8.7450789978E-08
   14      2.3094637408E-02  -1.5673289412E-07   2.7227165928E-06  -1.0464215128E-05   8.3500065686E-09
   15      1.0430227063E-08  -3.7415295736E-03   9.8594648825E-08  -1.7442538825E-08  -1.1734627306E-04
   16      7.4118306368E-07  -1.0377483990E-07  -3.7413590848E-03  -1.1677687483E-04   3.7546104138E-09
   17      9.7555667159E-03  -4.1030075119E-08   2.0309917189E-06   5.0818147813E-06  -3.3983225274E-09
                   15                 16                 17        
     0      2.7142265897E-08  -2.1294865121E-05  -9.8335369158E-02
     1     -2.8114940326E-05  -9.8341686838E-02   2.1304425408E-05
     2      3.5618726123E-03  -6.0462261114E-07   3.3643815539E-07
     3     -9.3908887275E-08  -3.7487113769E-06  -3.8033736611E-02
     4     -5.7696567138E-01   8.1141355736E-01  -1.7133506628E-04
     5     -1.5408946491E-02   2.4679360393E-02  -5.0831835819E-06
     6     -4.9984502092E-01  -3.6749293266E-01   5.9902247728E-01
     7      2.8869960584E-01   1.7418540975E-01  -3.6780066052E-01
     8     -1.5420348374E-02  -1.2329897376E-02   2.1370862887E-02
     9      4.9984481698E-01   3.6774790423E-01   5.9887086520E-01
    10      2.8869959654E-01   1.7433693924E-01   3.6772077764E-01
    11     -1.5423844521E-02  -1.2341472845E-02  -2.1369810361E-02
    12      1.9619513935E-08   5.3341531491E-08   1.8872307706E-04
    13     -1.4407030989E-06   1.8870346215E-04  -2.6009285808E-08
    14     -1.3634779654E-05  -1.6005424034E-08   3.5331109570E-10
    15     -9.0281551440E-09   8.1210844757E-09   6.6043016079E-05
    16     -6.0367281655E-07   6.6038838250E-05  -2.1747849468E-08
    17      5.4128991212E-05  -2.8101470829E-09   1.1788057706E-10

#
# The atoms: label  mass x y z (in bohrs)
#
$atoms
6
 C     12.01100      0.000000030110     0.000001716033     1.589510122733
 H      1.00800      0.000000020136     2.017871766813     1.649793555106
 H      1.00800      1.747526752188    -1.008933029803     1.649796013291
 H      1.00800     -1.747526704302    -1.008933025398     1.649795979222
 Cl    35.45300     -0.000000002257     0.000000036372     5.844147914760
 Br    79.90000     -0.000000004383    -0.000000346158    -2.894532700102

$actual_temperature
  0.000000

$frequency_scale_factor
  1.000000


$end

