
$orca_hessian_file

$act_atom
  0

$act_coord
  0

$act_energy
      -12.738790

$multiplicity
  1

$hessian
18
                    0                  1                  2                  3                  4        
    0      5.1514693980E-01  -2.7957200000E-05   1.3785592000E-03  -4.3371207400E-02  -9.0742980000E-04
    1     -2.7957200000E-05   5.1510793630E-01  -8.1723960000E-04  -9.4798340000E-04  -2.6931235220E-01
    2      1.3785592000E-03  -8.1723960000E-04   4.1541462800E-01  -3.3169000000E-04  -6.7260722400E-02
    3     -4.3371207400E-02  -9.4798340000E-04  -3.3169000000E-04   4.4992419100E-02   9.6368660000E-04
    4     -9.0742980000E-04  -2.6931235220E-01  -6.7260722400E-02   9.6368660000E-04   3.0328454620E-01
    5     -3.0588740000E-04  -6.3800900600E-02  -5.8657251300E-02   1.9890170000E-04   8.2244212600E-02
    6     -2.0895512400E-01   9.7369676100E-02  -6.2218280700E-02  -1.3464683000E-03   1.9049173000E-03
    7      9.7367590400E-02  -1.0061460490E-01   3.6564365900E-02   2.6652361300E-02  -1.8349003200E-02
    8     -5.9229991500E-02   3.4829433000E-02  -6.1851309400E-02   5.8094597000E-03  -3.2187176000E-03
    9     -2.1511757850E-01  -9.6413663500E-02   5.8695661600E-02  -1.6428032000E-03  -2.0830179000E-03
   10     -9.6451702600E-02  -9.7510294300E-02   3.2999814600E-02  -2.7110058500E-02  -1.7884354900E-02
   11      5.5672663100E-02   3.1311068000E-02  -5.8705659900E-02  -6.0030203000E-03  -3.1777128000E-03
   12     -1.2642111000E-03  -8.3400000000E-08  -1.5956900000E-05  -3.6104170000E-04   1.4944000000E-05
   13     -2.0510000000E-07  -1.2621293000E-03   1.7457900000E-05   5.0904000000E-06   4.3262030000E-04
   14     -1.3405000000E-05   6.5499000000E-06  -1.1897130000E-04   4.5382000000E-06  -6.4340150000E-04
   15     -4.6438818800E-02   2.0011500000E-05   2.4917067000E-03   1.7291015000E-03   1.0689980000E-04
   16      1.9704400000E-05  -4.6408555500E-02  -1.5036764000E-03   4.3690360000E-04   1.8285439000E-03
   17      2.4980617000E-03  -1.5289107000E-03  -2.3608143610E-01   3.2181060000E-04  -7.9436583000E-03
                    5                  6                  7                  8                  9        
    0     -3.0588740000E-04  -2.0895512400E-01   9.7367590400E-02  -5.9229991500E-02  -2.1511757850E-01
    1     -6.3800900600E-02   9.7369676100E-02  -1.0061460490E-01   3.4829433000E-02  -9.6413663500E-02
    2     -5.8657251300E-02  -6.2218280700E-02   3.6564365900E-02  -6.1851309400E-02   5.8695661600E-02
    3      1.9890170000E-04  -1.3464683000E-03   2.6652361300E-02   5.8094597000E-03  -1.6428032000E-03
    4      8.2244212600E-02   1.9049173000E-03  -1.8349003200E-02  -3.2187176000E-03  -2.0830179000E-03
    5      7.9354669200E-02   1.0845350000E-04   7.5159878000E-03   3.9402726000E-03  -1.3775870000E-04
    6      1.0845350000E-04   2.3402345580E-01  -1.1115560240E-01   7.5379067900E-02  -2.6454345200E-02
    7      7.5159878000E-03  -1.1115560240E-01   1.1035201250E-01  -4.4319384400E-02  -1.2054725500E-02
    8      3.9402726000E-03   7.5379067900E-02  -4.4319384400E-02   8.3339957800E-02   5.6465215000E-03
    9     -1.3775870000E-04  -2.6454345200E-02  -1.2054725500E-02   5.6465215000E-03   2.4140375590E-01
   10      6.8031663000E-03   1.2678853100E-02   6.7738353000E-03  -3.5169482000E-03   1.1018783300E-01
   11      3.7799648000E-03  -6.5133906000E-03  -3.7484223000E-03   3.9429641000E-03  -7.1852094000E-02
   12      1.0832700000E-05   2.3400260000E-04  -3.5035530000E-04   9.6308700000E-05   2.3344870000E-04
   13      7.9247300000E-05  -3.4842930000E-04  -1.5866310000E-04  -5.6978300000E-05   3.4358350000E-04
   14     -1.1007846000E-03  -5.2290460000E-04   3.1123620000E-04  -1.1179648000E-03   5.6223920000E-04
   15      1.2545810000E-04   2.4984791000E-03  -4.5926850000E-04  -2.7701366200E-02   1.5775223000E-03
   16     -3.2841713400E-02  -4.4941470000E-04   1.9964235000E-03   1.6282595600E-02   1.9990400000E-05
   17     -2.7316870700E-02  -6.2329455000E-03   3.6762169000E-03  -2.8253920300E-02   7.0854305000E-03
                   10                 11                 12                 13                 14        
    0     -9.6451702600E-02   5.5672663100E-02  -1.2642111000E-03  -2.0510000000E-07  -1.3405000000E-05
    1     -9.7510294300E-02   3.1311068000E-02  -8.3400000000E-08  -1.2621293000E-03   6.5499000000E-06
    2      3.2999814600E-02  -5.8705659900E-02  -1.5956900000E-05   1.7457900000E-05  -1.1897130000E-04
    3     -2.7110058500E-02  -6.0030203000E-03  -3.6104170000E-04   5.0904000000E-06   4.5382000000E-06
    4     -1.7884354900E-02  -3.1777128000E-03   1.4944000000E-05   4.3262030000E-04  -6.4340150000E-04
    5      6.8031663000E-03   3.7799648000E-03   1.0832700000E-05   7.9247300000E-05  -1.1007846000E-03
    6      1.2678853100E-02  -6.5133906000E-03   2.3400260000E-04  -3.4842930000E-04  -5.2290460000E-04
    7      6.7738353000E-03  -3.7484223000E-03  -3.5035530000E-04  -1.5866310000E-04   3.1123620000E-04
    8     -3.5169482000E-03   3.9429641000E-03   9.6308700000E-05  -5.6978300000E-05  -1.1179648000E-03
    9      1.1018783300E-01  -7.1852094000E-02   2.3344870000E-04   3.4358350000E-04   5.6223920000E-04
   10      1.0680439640E-01  -4.0180107900E-02   3.3562120000E-04  -1.6889680000E-04   3.1118090000E-04
   11     -4.0180107900E-02   7.9415408300E-02  -6.3334600000E-05  -4.7943900000E-05  -1.1001966000E-03
   12      3.3562120000E-04  -6.3334600000E-05   3.6894190000E-04  -4.4410000000E-07  -9.9038000000E-05
   13     -1.6889680000E-04  -4.7943900000E-05  -4.4410000000E-07   3.6877470000E-04   5.8657400000E-05
   14      3.1118090000E-04  -1.1001966000E-03  -9.9038000000E-05   5.8657400000E-05   7.9341454000E-03
   15      3.5945380000E-04   2.8759176500E-02   7.8885970000E-04   4.0460000000E-07   6.8570300000E-05
   16      1.9853144000E-03   1.5843119000E-02   3.1760000000E-07   7.8829430000E-04  -4.4222900000E-05
   17      3.5828944000E-03  -2.7332480800E-02   7.1188100000E-05  -5.0440400000E-05  -4.4962281000E-03
                   15                 16                 17        
     0     -4.6438818800E-02   1.9704400000E-05   2.4980617000E-03
     1      2.0011500000E-05  -4.6408555500E-02  -1.5289107000E-03
     2      2.4917067000E-03  -1.5036764000E-03  -2.3608143610E-01
     3      1.7291015000E-03   4.3690360000E-04   3.2181060000E-04
     4      1.0689980000E-04   1.8285439000E-03  -7.9436583000E-03
     5      1.2545810000E-04  -3.2841713400E-02  -2.7316870700E-02
     6      2.4984791000E-03  -4.4941470000E-04  -6.2329455000E-03
     7     -4.5926850000E-04   1.9964235000E-03   3.6762169000E-03
     8     -2.7701366200E-02   1.6282595600E-02  -2.8253920300E-02
     9      1.5775223000E-03   1.9990400000E-05   7.0854305000E-03
    10      3.5945380000E-04   1.9853144000E-03   3.5828944000E-03
    11      2.8759176500E-02   1.5843119000E-02  -2.7332480800E-02
    12      7.8885970000E-04   3.1760000000E-07   7.1188100000E-05
    13      4.0460000000E-07   7.8829430000E-04  -5.0440400000E-05
    14      6.8570300000E-05  -4.4222900000E-05  -4.4962281000E-03
    15      3.9844856100E-02  -2.7501200000E-05  -3.7435455000E-03
    16     -2.7501200000E-05   3.9809979600E-02   2.2638981000E-03
    17     -3.7435455000E-03   2.2638981000E-03   3.2348093590E-01

$vibrational_frequencies
18
    0        0.0000000000000000
    1        0.0000000000000000
    2        0.0000000000000000
    3        0.0000000000000000
    4        0.0000000000000000
    5        0.0000000000000000
    6       90.6417055816377513
    7       90.7556942915959866
    8       93.5641047953294844
    9     1000.9879937585642438
   10     1102.5605018807261786
   11     1102.6405396924878914
   12     1386.6806612565217165
   13     1450.9763734610526171
   14     1451.0022618476416483
   15     3038.8842503581504388
   16     3045.3366807271463585
   17     3045.6345863256251505

$normal_modes
18 18
                    0                  1                  2                  3                  4        
    0      0.0000000000E+00   0.0000000000E+00   0.0000000000E+00   0.0000000000E+00   0.0000000000E+00
    1      0.0000000000E+00   0.0000000000E+00   0.0000000000E+00   0.0000000000E+00   0.0000000000E+00
    2      0.0000000000E+00   0.0000000000E+00   0.0000000000E+00   0.0000000000E+00   0.0000000000E+00
    3      0.0000000000E+00   0.0000000000E+00   0.0000000000E+00   0.0000000000E+00   0.0000000000E+00
    4      0.0000000000E+00   0.0000000000E+00   0.0000000000E+00   0.0000000000E+00   0.0000000000E+00
    5      0.0000000000E+00   0.0000000000E+00   0.0000000000E+00   0.0000000000E+00   0.0000000000E+00
    6      0.0000000000E+00   0.0000000000E+00   0.0000000000E+00   0.0000000000E+00   0.0000000000E+00
    7      0.0000000000E+00   0.0000000000E+00   0.0000000000E+00   0.0000000000E+00   0.0000000000E+00
    8      0.0000000000E+00   0.0000000000E+00   0.0000000000E+00   0.0000000000E+00   0.0000000000E+00
    9      0.0000000000E+00   0.0000000000E+00   0.0000000000E+00   0.0000000000E+00   0.0000000000E+00
   10      0.0000000000E+00   0.0000000000E+00   0.0000000000E+00   0.0000000000E+00   0.0000000000E+00
   11      0.0000000000E+00   0.0000000000E+00   0.0000000000E+00   0.0000000000E+00   0.0000000000E+00
   12      0.0000000000E+00   0.0000000000E+00   0.0000000000E+00   0.0000000000E+00   0.0000000000E+00
   13      0.0000000000E+00   0.0000000000E+00   0.0000000000E+00   0.0000000000E+00   0.0000000000E+00
   14      0.0000000000E+00   0.0000000000E+00   0.0000000000E+00   0.0000000000E+00   0.0000000000E+00
   15      0.0000000000E+00   0.0000000000E+00   0.0000000000E+00   0.0000000000E+00   0.0000000000E+00
   16      0.0000000000E+00   0.0000000000E+00   0.0000000000E+00   0.0000000000E+00   0.0000000000E+00
   17      0.0000000000E+00   0.0000000000E+00   0.0000000000E+00   0.0000000000E+00   0.0000000000E+00
                    5                  6                  7                  8                  9        
    0      0.0000000000E+00   3.0607829045E-01   1.2414127673E-01   1.2779062547E-02   7.3546188468E-03
    1      0.0000000000E+00  -1.2417394623E-01   3.0619524244E-01   3.1418350092E-03  -4.2683501737E-03
    2      0.0000000000E+00   6.6393606471E-03   2.7885492551E-03  -4.4370255794E-01  -5.5629276573E-01
    3      0.0000000000E+00   4.1921577691E-01   1.7491950625E-01   1.5407253573E-02   5.3418300540E-03
    4      0.0000000000E+00  -1.7260128558E-01   4.2568206094E-01   5.3332404694E-03  -1.4205101768E-02
    5      0.0000000000E+00   1.5135565526E-01  -3.5790385248E-01  -4.4425880243E-01  -4.1380684407E-01
    6      0.0000000000E+00   4.3292655162E-01   1.6945609292E-01   1.5015938683E-02  -4.2007227162E-03
    7      0.0000000000E+00  -1.7785372956E-01   4.2287911498E-01   5.8661914745E-03   1.7837025434E-03
    8      0.0000000000E+00  -3.7474971617E-01   5.8851256698E-02  -4.3953492982E-01  -4.1466478379E-01
    9      0.0000000000E+00   4.2219242352E-01   1.7249246796E-01   1.5794396464E-02   1.5149171988E-02
   10      0.0000000000E+00  -1.6651323791E-01   4.2605756238E-01   6.0776274971E-03   1.6230755706E-03
   11      0.0000000000E+00   2.4915472475E-01   3.0620705141E-01  -4.2538575105E-01  -4.1453195332E-01
   12      0.0000000000E+00  -2.1261079113E-02  -8.6096464292E-03  -2.9230280678E-03   2.4904220149E-06
   13      0.0000000000E+00   8.6237621585E-03  -2.1285734700E-02   1.0256008651E-03  -3.9450108338E-06
   14      0.0000000000E+00  -1.0367574687E-03  -1.4607761535E-03   1.8824858671E-01  -1.3861343410E-04
   15      0.0000000000E+00  -1.7170626148E-01  -6.9699607155E-02   1.7619377272E-03  -5.5245769685E-03
   16      0.0000000000E+00   6.9666210693E-02  -1.7169157504E-01  -7.2164104290E-03   3.2880866694E-03
   17      0.0000000000E+00  -1.2040840161E-03   4.0010031737E-03  -4.4173585302E-01   4.1823640554E-01
                   10                 11                 12                 13                 14        
    0      1.0975535648E-01   7.9846894134E-02   1.4802844286E-03  -2.0626261238E-02   6.0646669526E-02
    1     -7.9833331514E-02   1.0976146104E-01  -8.4599685949E-04  -6.0643926467E-02  -2.0635943154E-02
    2      2.0269845685E-03   2.3587438394E-04  -1.1453166429E-01   7.8704023212E-05   9.0689262524E-04
    3     -2.1170062327E-01  -1.6508602245E-01  -8.5491623947E-03   2.2643897346E-01  -7.0058088694E-01
    4      8.2977276704E-02  -1.1240598257E-01  -1.9367048028E-01  -1.2012408921E-01  -3.3639342930E-02
    5     -4.3852825496E-01   6.0718422255E-01   5.3940265465E-01   3.1283205334E-01   9.3342289550E-02
    6     -1.2169785922E-01  -1.4857466467E-01  -1.7824646219E-01   3.8845148424E-01   3.5928120022E-02
    7      1.0197051253E-01  -2.2247192659E-01   1.0431364545E-01   6.0811360519E-01  -1.9399300584E-01
    8      7.4210621827E-01   7.2564484318E-02   5.3509419529E-01  -6.5014331231E-02  -3.1590202933E-01
    9     -1.6866814646E-01  -5.1685710902E-02   1.6566059752E-01  -3.2057552576E-01  -2.0044389763E-01
   10      1.8027963513E-01  -1.6738253308E-01   1.0142932341E-01   3.7718702529E-01   5.2195543162E-01
   11     -3.1288916885E-01  -6.8022541245E-01   5.3989071921E-01  -2.4961211442E-01   2.0938944142E-01
   12     -1.3965529787E-05  -9.7992271710E-06   2.9316997944E-06  -1.8380795717E-05   5.3979828435E-05
   13      9.7788380372E-06  -1.2911380405E-05  -2.1556406987E-06  -5.4237693646E-05  -1.8449107723E-05
   14     -9.2760600733E-07  -6.3322073484E-07  -2.3116654797E-04   6.8686663215E-07   1.2712980229E-06
   15     -4.2692524416E-02  -3.1055317296E-02   1.7318497714E-04  -2.4980946464E-03   7.3311560105E-03
   16      3.1053140957E-02  -4.2690533925E-02  -9.6618829146E-05  -7.3360438512E-03  -2.4921186749E-03
   17     -7.8357199454E-04  -1.2116926336E-04  -1.2274589049E-02   4.2559889306E-05   1.2008615146E-04
                   15                 16                 17        
     0     -3.0791881401E-03   4.9422576134E-02  -7.4803027996E-02
     1      1.5125188398E-03   7.4878020517E-02   4.9394332939E-02
     2      3.7966611656E-02   2.3958383750E-04  -2.6708387031E-03
     3     -3.5321484470E-03   2.2243193841E-02  -3.9224950251E-02
     4     -5.6245571876E-01  -6.4936659688E-01  -4.0031132575E-01
     5     -1.6929865809E-01  -2.1519798981E-01  -1.3414935637E-01
     6     -4.5180710538E-01  -1.3599982497E-02   6.7470448541E-01
     7      2.6554344409E-01   6.0279229652E-02  -3.9399715011E-01
     8     -1.7015519302E-01  -1.5074470610E-02   2.7944596419E-01
     9      4.9326733179E-01  -6.0635810785E-01   2.6916146801E-01
    10      2.7824612794E-01  -3.1648914244E-01   1.9694958162E-01
    11     -1.7081703282E-01   2.2712662142E-01  -1.1129188089E-01
    12     -3.5717128054E-08  -1.3198798831E-05   1.9951746032E-05
    13     -8.1878383676E-08  -2.0027671351E-05  -1.3176515545E-05
    14      5.7029934800E-05   2.8412647413E-07  -1.6289924801E-06
    15     -6.5507950069E-05   5.2303599107E-04  -7.9024668137E-04
    16      3.4485429904E-05   7.9279020193E-04   5.2190946682E-04
    17      2.8307920104E-03   1.4246896063E-05  -1.0880958968E-04

#
# The atoms: label  mass x y z (in bohrs)
#
$atoms
6
 C     12.01100      0.049743718249    -0.030471416029    -3.877044606856
 H      1.00800      0.056835769608     1.922199791168    -3.240828517552
 H      1.00800      1.719584761666    -1.012300344283    -3.195123249853
 H      1.00800     -1.653171202148    -0.985543880951    -3.240116218462
 Br    79.90000     -0.029057689134     0.017755543027     2.247386216222
 F     18.99800      0.084219509326    -0.051396258576    -6.487288102611

$actual_temperature
  0.000000

$frequency_scale_factor
  1.000000


$end

