*************************************************
******************* ORCA 6.1.0 ******************
*************************************************
$Calculation_Status
   &GeometryIndex 0
   &version [&Type "String"] "6.1.0"
   &progName [&Type "String"] "orca"
   &Status [&Type "String"] "NORMAL TERMINATION"
$End
$Geometry
   &GeometryIndex 1
   &NAtoms [&Type "Integer"] 6
   &NCorelessECP [&Type "Integer"] 0
   &NGhostAtoms [&Type "Integer"] 0
   &CartesianCoordinates [&Type "Coordinates", &Dim(6,4), &Units "Bohr"] 
              C     -0.672254954333    0.374182782052    0.573599911786
              H     -0.881122604463    2.415446054652    0.476165632321
              H      0.539439332463   -0.300887864221   -1.016719903203
              H     -2.517888108372   -0.523427682930    0.476530349465
              Br     0.635703871451   -0.353966491871    3.948320084896
              F      1.189340716358   -0.662218618836   -4.059500232259
$End
$Single_Point_Data
   &GeometryIndex 1
   &FinalEnergy [&Type "Double"]      -1.2689105482150000e+01  "Final single point energy"
   &Converged [&Type "Boolean"] true
$End
$Geometry
   &GeometryIndex 2
   &NAtoms [&Type "Integer"] 6
   &NCorelessECP [&Type "Integer"] 0
   &NGhostAtoms [&Type "Integer"] 0
   &CartesianCoordinates [&Type "Coordinates", &Dim(6,4), &Units "Bohr"] 
              C     -0.678737092450    0.377725731272    0.569209931053
              H     -0.888045626634    2.419723585933    0.476626847622
              H      0.531926203076   -0.296737822676   -1.020404745015
              H     -2.524925776135   -0.519761854691    0.476974625257
              Br     0.652427278718   -0.363318996708    3.930734441607
              F      1.200573266529   -0.668502464285   -4.034745257519
$End
$Single_Point_Data
   &GeometryIndex 2
   &FinalEnergy [&Type "Double"]      -1.2689153104860001e+01  "Final single point energy"
   &Converged [&Type "Boolean"] true
$End
$Geometry
   &GeometryIndex 3
   &NAtoms [&Type "Integer"] 6
   &NCorelessECP [&Type "Integer"] 0
   &NGhostAtoms [&Type "Integer"] 0
   &CartesianCoordinates [&Type "Coordinates", &Dim(6,4), &Units "Bohr"] 
              C     -0.698361173284    0.388528961842    0.564675802110
              H     -0.909231542425    2.431671174196    0.487739438506
              H      0.510459436903   -0.284817077925   -1.032476786139
              H     -2.545999522467   -0.507990208501    0.488054971415
              Br     0.692578527317   -0.385690475461    3.890584827347
              F      1.243772527059   -0.692574195306   -4.000182410233
$End
$Single_Point_Data
   &GeometryIndex 3
   &FinalEnergy [&Type "Double"]      -1.2689220459470000e+01  "Final single point energy"
   &Converged [&Type "Boolean"] true
$End
$Geometry
   &GeometryIndex 4
   &NAtoms [&Type "Integer"] 6
   &NCorelessECP [&Type "Integer"] 0
   &NGhostAtoms [&Type "Integer"] 0
   &CartesianCoordinates [&Type "Coordinates", &Dim(6,4), &Units "Bohr"] 
              C     -0.713984965213    0.397187948200    0.563492137284
              H     -0.925681288714    2.440463018121    0.501429577107
              H      0.489272723161   -0.272992284950   -1.045577396335
              H     -2.562250203642   -0.498627957913    0.501737005817
              Br     0.721457895783   -0.401724468522    3.860934666078
              F      1.284404091729   -0.715178076090   -3.983620146945
$End
$Single_Point_Data
   &GeometryIndex 4
   &FinalEnergy [&Type "Double"]      -1.2689256824359999e+01  "Final single point energy"
   &Converged [&Type "Boolean"] true
$End
$Geometry
   &GeometryIndex 5
   &NAtoms [&Type "Integer"] 6
   &NCorelessECP [&Type "Integer"] 0
   &NGhostAtoms [&Type "Integer"] 0
   &CartesianCoordinates [&Type "Coordinates", &Dim(6,4), &Units "Bohr"] 
              C     -0.726327721244    0.404077346659    0.563091629555
              H     -0.938163636464    2.447256477931    0.516223389233
              H      0.465364457650   -0.259616210315   -1.062503657723
              H     -2.574816212031   -0.491617093109    0.516536907398
              Br     0.743995871968   -0.414226562979    3.837037673384
              F      1.323165493225   -0.736745779343   -3.971990098841
$End
$Single_Point_Data
   &GeometryIndex 5
   &FinalEnergy [&Type "Double"]      -1.2689287466290001e+01  "Final single point energy"
   &Converged [&Type "Boolean"] true
$End
$Geometry
   &GeometryIndex 6
   &NAtoms [&Type "Integer"] 6
   &NCorelessECP [&Type "Integer"] 0
   &NGhostAtoms [&Type "Integer"] 0
   &CartesianCoordinates [&Type "Coordinates", &Dim(6,4), &Units "Bohr"] 
              C     -0.732491863502    0.407565558394    0.562875657688
              H     -0.944032832228    2.450884035749    0.527960984694
              H      0.443283143028   -0.247252271647   -1.080766324069
              H     -2.581101868268   -0.488580411769    0.528276299318
              Br     0.756569244135   -0.421226030402    3.823873600437
              F      1.350992429939   -0.752262701479   -3.963824375061
$End
$Single_Point_Data
   &GeometryIndex 6
   &FinalEnergy [&Type "Double"]      -1.2689311556280000e+01  "Final single point energy"
   &Converged [&Type "Boolean"] true
$End
$Geometry
   &GeometryIndex 7
   &NAtoms [&Type "Integer"] 6
   &NCorelessECP [&Type "Integer"] 0
   &NGhostAtoms [&Type "Integer"] 0
   &CartesianCoordinates [&Type "Coordinates", &Dim(6,4), &Units "Bohr"] 
              C     -0.730465114608    0.406482918743    0.563045791591
              H     -0.941995814533    2.450215293949    0.530409358650
              H      0.435237458624   -0.242745348295   -1.089911845565
              H     -2.579365097684   -0.489990514004    0.530703380030
              Br     0.755056305813   -0.420427591594    3.826627221521
              F      1.354750515491   -0.754406579953   -3.962478063221
$End
$Single_Point_Data
   &GeometryIndex 7
   &FinalEnergy [&Type "Double"]      -1.2689321479340000e+01  "Final single point energy"
   &Converged [&Type "Boolean"] true
$End
$Geometry
   &GeometryIndex 8
   &NAtoms [&Type "Integer"] 6
   &NCorelessECP [&Type "Integer"] 0
   &NGhostAtoms [&Type "Integer"] 0
   &CartesianCoordinates [&Type "Coordinates", &Dim(6,4), &Units "Bohr"] 
              C     -0.727399096672    0.404785704508    0.563286217847
              H     -0.939347453569    2.448780438036    0.528470217494
              H      0.436391556154   -0.243391741467   -1.091000170660
              H     -2.576639638423   -0.491492936736    0.528737577920
              Br     0.750976991466   -0.418185500598    3.831839337997
              F      1.349235894147   -0.751367784900   -3.962937337591
$End
$Single_Point_Data
   &GeometryIndex 8
   &FinalEnergy [&Type "Double"]      -1.2689323215040000e+01  "Final single point energy"
   &Converged [&Type "Boolean"] true
$End
$Geometry
   &GeometryIndex 9
   &NAtoms [&Type "Integer"] 6
   &NCorelessECP [&Type "Integer"] 0
   &NGhostAtoms [&Type "Integer"] 0
   &CartesianCoordinates [&Type "Coordinates", &Dim(6,4), &Units "Bohr"] 
              C     -0.726455159188    0.404258066560    0.563448180349
              H     -0.938808431969    2.448315054810    0.527469153410
              H      0.437529249914   -0.244028735672   -1.090873133968
              H     -2.575924824555   -0.491705523393    0.527720290748
              Br     0.749930179174   -0.417607731683    3.833210973981
              F      1.346947239726   -0.750102951777   -3.962579621516
$End
$Single_Point_Data
   &GeometryIndex 9
   &FinalEnergy [&Type "Double"]      -1.2689323425350000e+01  "Final single point energy"
   &Converged [&Type "Boolean"] true
$End
$Hessian
   &GeometryIndex 9
   &HESSIAN [&Type "ArrayOfDoubles", &Dim (18,18)] "The Hessian"
                                                         0                           1                           2                           3                           4                           5                           6                           7

0                                      4.0795664339999999e-01         3.7605710600000002e-02        -5.2642525900000001e-02        -4.2595122700000002e-02         2.0956265000000002e-02         7.8434309999999999e-04        -8.9452302100000006e-02         2.8101363399999999e-02
1                                      3.7605710600000002e-02         4.5458009290000001e-01         2.9300298200000002e-02         2.9390070800000001e-02        -2.8838091850000003e-01        -2.8120270000000000e-04         2.8106109300000001e-02        -5.4648007399999997e-02
2                                     -5.2642525900000001e-02         2.9300298200000002e-02         2.9380066980000002e-01         1.1857343000000000e-03         1.5678282999999999e-03        -3.8209497600000003e-02         6.6603280700000003e-02        -3.7087690000000000e-02
3                                     -4.2595122700000002e-02         2.9390070800000001e-02         1.1857343000000000e-03         4.5406081700000003e-02        -2.3947987699999999e-02         3.9214842999999999e-03        -3.7172589999999998e-04         1.5073428700000000e-02
4                                      2.0956265000000002e-02        -2.8838091850000003e-01         1.5678282999999999e-03        -2.3947987699999999e-02         3.2133032459999999e-01        -4.6127855000000001e-03         5.4266299999999999e-05        -1.0528903500000001e-02
5                                      7.8434309999999999e-04        -2.8120270000000000e-04        -3.8209497600000003e-02         3.9214842999999999e-03        -4.6127855000000001e-03         4.6976538499999998e-02         1.1155363000000000e-03        -1.8381109800000000e-02
6                                     -8.9452302100000006e-02         2.8106109300000001e-02         6.6603280700000003e-02        -3.7172589999999998e-04         5.4266299999999999e-05         1.1155363000000000e-03         1.0563727430000000e-01        -3.1216487500000001e-02
7                                      2.8101363399999999e-02        -5.4648007399999997e-02        -3.7087690000000000e-02         1.5073428700000000e-02        -1.0528903500000001e-02        -1.8381109800000000e-02        -3.1216487500000001e-02         6.6989528399999998e-02
8                                      7.0600975400000002e-02        -3.9319891000000003e-02        -1.2243297060000000e-01        -7.6543569999999999e-04         4.4342310000000001e-04         3.5181979000000001e-03        -7.1940049500000006e-02         4.0077626900000003e-02
9                                     -2.4275858559999999e-01        -1.0301613640000000e-01        -7.1042169999999995e-04         1.2175695999999999e-03        -9.9250709999999993e-04         1.2267539000000000e-03        -1.4475934700000000e-02        -8.6808405000000002e-03
10                                    -9.4599067900000000e-02        -8.8217295099999996e-02        -1.8236445000000001e-03        -3.0937350799999999e-02        -1.8543863000000001e-02         6.3866300000000003e-04         6.3341122000000003e-03         3.5866626999999998e-03
11                                     6.7577990000000003e-04        -5.0899539999999996e-04        -3.8220124699999997e-02         1.0993680000000000e-04        -1.3797251999999999e-03         1.0302910000000000e-03         1.6213081300000001e-02         8.7322414999999997e-03
12                                    -3.1980649999999999e-02         6.0403599999999998e-03        -2.2499011199999999e-02        -2.9596470000000001e-03         3.3201264000000002e-03        -7.4841374999999998e-03         4.2795016999999996e-03        -2.5990573000000002e-03
13                                     6.0505257999999996e-03        -2.4492627499999999e-02         1.2533319100000001e-02         1.0480222200000000e-02        -4.5213170000000004e-03         2.2606848499999999e-02        -2.5972977000000000e-03         1.0659341000000000e-03
14                                    -3.0845037299999999e-02         1.7172314200000000e-02        -6.7490203700000001e-02        -5.9846531000000000e-03         5.6932711000000002e-03        -1.1589073599999999e-02        -6.7164319000000000e-03         3.7300570000000002e-03
15                                    -1.1699830000000001e-03         1.8738858000000001e-03         8.0629438999999994e-03        -6.9715570000000000e-04         6.0983710000000004e-04         4.3601989999999998e-04        -5.6168132000000001e-03        -6.7840689999999998e-04
16                                     1.8852031000000000e-03         1.1587555000000000e-03        -4.4901111000000002e-03        -5.8383200000000000e-05         6.4467750000000003e-04         2.9586499999999999e-05        -6.8070269999999996e-04        -6.4652143000000000e-03
17                                     1.1426464799999999e-02        -6.3625234000000003e-03        -2.7447873300000002e-02         1.5329334999999999e-03        -1.7120118000000001e-03        -1.7264562000000000e-03        -5.2754168999999997e-03         2.9288744999999999e-03
                                                         8                           9                          10                          11                          12                          13                          14                          15

0                                      7.0600975400000002e-02        -2.4275858559999999e-01        -9.4599067900000000e-02         6.7577990000000003e-04        -3.1980649999999999e-02         6.0505257999999996e-03        -3.0845037299999999e-02        -1.1699830000000001e-03
1                                     -3.9319891000000003e-02        -1.0301613640000000e-01        -8.8217295099999996e-02        -5.0899539999999996e-04         6.0403599999999998e-03        -2.4492627499999999e-02         1.7172314200000000e-02         1.8738858000000001e-03
2                                     -1.2243297060000000e-01        -7.1042169999999995e-04        -1.8236445000000001e-03        -3.8220124699999997e-02        -2.2499011199999999e-02         1.2533319100000001e-02        -6.7490203700000001e-02         8.0629438999999994e-03
3                                     -7.6543569999999999e-04         1.2175695999999999e-03        -3.0937350799999999e-02         1.0993680000000000e-04        -2.9596470000000001e-03         1.0480222200000000e-02        -5.9846531000000000e-03        -6.9715570000000000e-04
4                                      4.4342310000000001e-04        -9.9250709999999993e-04        -1.8543863000000001e-02        -1.3797251999999999e-03         3.3201264000000002e-03        -4.5213170000000004e-03         5.6932711000000002e-03         6.0983710000000004e-04
5                                      3.5181979000000001e-03         1.2267539000000000e-03         6.3866300000000003e-04         1.0302910000000000e-03        -7.4841374999999998e-03         2.2606848499999999e-02        -1.1589073599999999e-02         4.3601989999999998e-04
6                                     -7.1940049500000006e-02        -1.4475934700000000e-02         6.3341122000000003e-03         1.6213081300000001e-02         4.2795016999999996e-03        -2.5972977000000000e-03        -6.7164319000000000e-03        -5.6168132000000001e-03
7                                      4.0077626900000003e-02        -8.6808405000000002e-03         3.5866626999999998e-03         8.7322414999999997e-03        -2.5990573000000002e-03         1.0659341000000000e-03         3.7300570000000002e-03        -6.7840689999999998e-04
8                                      1.2823832609999999e-01        -7.9478619999999998e-04         4.1412730000000002e-04         3.5139325000000002e-03         2.2878526000000001e-03        -1.2723717000000000e-03        -1.4034054200000000e-02         6.1144330000000003e-04
9                                     -7.9478619999999998e-04         2.6625965000000001e-01         1.1286591429999999e-01         5.9499467000000000e-03        -1.0256924799999999e-02        -1.2269291999999999e-03        -7.9403618999999998e-03         1.4225600000000000e-05
10                                     4.1412730000000002e-04         1.1286591429999999e-01         1.0048254960000000e-01        -9.1728790000000001e-04         5.9483898000000004e-03         2.7763237000000001e-03         2.0878778000000000e-03         3.8800240000000000e-04
11                                     3.5139325000000002e-03         5.9499467000000000e-03        -9.1728790000000001e-04         4.6975854999999997e-02        -2.3153663200000001e-02        -5.5435132999999996e-03        -1.1579134600000001e-02         2.0491859999999999e-04
12                                     2.2878526000000001e-03        -1.0256924799999999e-02         5.9483898000000004e-03        -2.3153663200000001e-02         4.0408519400000002e-02        -1.2816530000000000e-02         4.9061127099999997e-02         5.0920090000000000e-04
13                                    -1.2723717000000000e-03        -1.2269291999999999e-03         2.7763237000000001e-03        -5.5435132999999996e-03        -1.2816530000000000e-02         2.4531078899999999e-02        -2.7327964999999999e-02         1.1000890000000000e-04
14                                    -1.4034054200000000e-02        -7.9403618999999998e-03         2.0878778000000000e-03        -1.1579134600000001e-02         4.9061127099999997e-02        -2.7327964999999999e-02         1.0646318970000000e-01         2.4253571000000000e-03
15                                     6.1144330000000003e-04         1.4225600000000000e-05         3.8800240000000000e-04         2.0491859999999999e-04         5.0920090000000000e-04         1.1000890000000000e-04         2.4253571000000000e-03         6.9605255000000001e-03
16                                    -3.4291459999999998e-04         1.0504990000000001e-03        -8.4377799999999997e-05        -3.8271959999999999e-04         1.0671100000000000e-04         6.4060780000000002e-04        -1.3555550000000000e-03        -2.3033272000000000e-03
17                                     1.1965681999999999e-03         2.2688691999999998e-03        -3.9973569999999999e-04        -1.7208192000000000e-03         1.7878322999999999e-03        -9.9631749999999999e-04        -1.7707236000000001e-03        -1.1740682800000001e-02
                                                        16                          17

0                                      1.8852031000000000e-03         1.1426464799999999e-02
1                                      1.1587555000000000e-03        -6.3625234000000003e-03
2                                     -4.4901111000000002e-03        -2.7447873300000002e-02
3                                     -5.8383200000000000e-05         1.5329334999999999e-03
4                                      6.4467750000000003e-04        -1.7120118000000001e-03
5                                      2.9586499999999999e-05        -1.7264562000000000e-03
6                                     -6.8070269999999996e-04        -5.2754168999999997e-03
7                                     -6.4652143000000000e-03         2.9288744999999999e-03
8                                     -3.4291459999999998e-04         1.1965681999999999e-03
9                                      1.0504990000000001e-03         2.2688691999999998e-03
10                                    -8.4377799999999997e-05        -3.9973569999999999e-04
11                                    -3.8271959999999999e-04        -1.7208192000000000e-03
12                                     1.0671100000000000e-04         1.7878322999999999e-03
13                                     6.4060780000000002e-04        -9.9631749999999999e-04
14                                    -1.3555550000000000e-03        -1.7707236000000001e-03
15                                    -2.3033272000000000e-03        -1.1740682800000001e-02
16                                     4.1055511999999999e-03         6.5417137999999996e-03
17                                     6.5417137999999996e-03         3.1469304099999998e-02
   &MODES [&Type "ArrayOfDoubles", &Dim (18,18)] "The modes of vibrations"
                                                         0                           1                           2                           3                           4                           5                           6                           7

0                                      0.0000000000000000e+00         0.0000000000000000e+00         0.0000000000000000e+00         0.0000000000000000e+00         0.0000000000000000e+00         0.0000000000000000e+00        -1.2475093692113021e-01        -1.3225442470719723e-01
1                                      0.0000000000000000e+00         0.0000000000000000e+00         0.0000000000000000e+00         0.0000000000000000e+00         0.0000000000000000e+00         0.0000000000000000e+00         6.9498967167171771e-02         7.3578513196765172e-02
2                                      0.0000000000000000e+00         0.0000000000000000e+00         0.0000000000000000e+00         0.0000000000000000e+00         0.0000000000000000e+00         0.0000000000000000e+00         5.1000849557657199e-02         5.7094968581161344e-02
3                                      0.0000000000000000e+00         0.0000000000000000e+00         0.0000000000000000e+00         0.0000000000000000e+00         0.0000000000000000e+00         0.0000000000000000e+00        -1.2399601072885759e-01        -1.2725390879987100e-01
4                                      0.0000000000000000e+00         0.0000000000000000e+00         0.0000000000000000e+00         0.0000000000000000e+00         0.0000000000000000e+00         0.0000000000000000e+00         7.0645546850755706e-02         7.3444316047092617e-02
5                                      0.0000000000000000e+00         0.0000000000000000e+00         0.0000000000000000e+00         0.0000000000000000e+00         0.0000000000000000e+00         0.0000000000000000e+00         9.9271614851411158e-02         1.2127302250279030e-01
6                                      0.0000000000000000e+00         0.0000000000000000e+00         0.0000000000000000e+00         0.0000000000000000e+00         0.0000000000000000e+00         0.0000000000000000e+00        -1.5693114138357667e-01        -1.8063575645457922e-01
7                                      0.0000000000000000e+00         0.0000000000000000e+00         0.0000000000000000e+00         0.0000000000000000e+00         0.0000000000000000e+00         0.0000000000000000e+00         8.7602150904896231e-02         1.0021412328208974e-01
8                                      0.0000000000000000e+00         0.0000000000000000e+00         0.0000000000000000e+00         0.0000000000000000e+00         0.0000000000000000e+00         0.0000000000000000e+00         9.0037320039575465e-03         1.2038255263054640e-02
9                                      0.0000000000000000e+00         0.0000000000000000e+00         0.0000000000000000e+00         0.0000000000000000e+00         0.0000000000000000e+00         0.0000000000000000e+00        -1.2511771977152628e-01        -1.2971947032444511e-01
10                                     0.0000000000000000e+00         0.0000000000000000e+00         0.0000000000000000e+00         0.0000000000000000e+00         0.0000000000000000e+00         0.0000000000000000e+00         6.7845807397379901e-02         6.9843789319772781e-02
11                                     0.0000000000000000e+00         0.0000000000000000e+00         0.0000000000000000e+00         0.0000000000000000e+00         0.0000000000000000e+00         0.0000000000000000e+00         9.9097695898576865e-02         1.2157397478436011e-01
12                                     0.0000000000000000e+00         0.0000000000000000e+00         0.0000000000000000e+00         0.0000000000000000e+00         0.0000000000000000e+00         0.0000000000000000e+00         1.3822308625074942e-02         8.9868920314015825e-03
13                                     0.0000000000000000e+00         0.0000000000000000e+00         0.0000000000000000e+00         0.0000000000000000e+00         0.0000000000000000e+00         0.0000000000000000e+00        -7.6990513406106128e-03        -4.9992706664235649e-03
14                                     0.0000000000000000e+00         0.0000000000000000e+00         0.0000000000000000e+00         0.0000000000000000e+00         0.0000000000000000e+00         0.0000000000000000e+00        -4.4969721091636237e-02         2.2740327940421284e-02
15                                     0.0000000000000000e+00         0.0000000000000000e+00         0.0000000000000000e+00         0.0000000000000000e+00         0.0000000000000000e+00         0.0000000000000000e+00         4.2282044166503767e-02         6.9037016028670684e-02
16                                     0.0000000000000000e+00         0.0000000000000000e+00         0.0000000000000000e+00         0.0000000000000000e+00         0.0000000000000000e+00         0.0000000000000000e+00        -2.3555118734833565e-02        -3.8412466693191406e-02
17                                     0.0000000000000000e+00         0.0000000000000000e+00         0.0000000000000000e+00         0.0000000000000000e+00         0.0000000000000000e+00         0.0000000000000000e+00         1.4588259206699319e-01        -1.4525972232017034e-01
                                                         8                           9                          10                          11                          12                          13                          14                          15

0                                      4.6542273337877672e-02         8.3791513802005183e-02         7.8549313300039891e-02         4.7531426473893343e-02        -2.2405327729069179e-02        -2.8188067910566352e-02         6.1226231984732517e-02        -4.3670574590571762e-02
1                                      8.3602608858063310e-02        -4.6629367684993574e-02        -4.3787902291413723e-02         8.5329977802842780e-02         1.2462193973136967e-02        -5.0639089339829552e-02        -3.4069094564659577e-02         2.4335352606724561e-02
2                                      2.3837955519057865e-05         2.2889291252937558e-01        -2.8340683883794529e-02        -7.9890792150328306e-05        -9.7916313636987357e-02         5.7918808143617665e-06        -1.0301340809736137e-02         5.7916336207533912e-02
3                                     -4.7668516606376005e-01         6.7272274628347464e-02        -3.7257243063358973e-02        -3.2795594206742379e-01         7.0002370125894997e-02         1.5226844340693202e-01        -6.6625810142364705e-01        -1.4979644409431777e-02
4                                      3.2846462957977461e-02        -4.4533497216274018e-02        -3.1417339135756027e-02         2.2184999892636701e-02         2.1022390795137201e-02        -9.7822436775931894e-03        -7.0105879037156038e-02         4.2781285571993087e-02
5                                      2.4265591871288972e-01         1.6092387467482600e-01         3.9637348738655748e-01        -5.2382579233285254e-01         5.2177953342519279e-01        -3.9956900957112257e-01         2.3206149475927217e-03         9.1797708756194141e-03
6                                      2.5559835588098972e-01         6.6019802612984360e-02        -4.2562805610917487e-01        -1.6013698720642397e-01         3.7782291944546248e-01         3.7237664484775135e-01         1.3655755531876329e-01         5.8208777241544007e-01
7                                      4.5909954108239703e-01        -3.6936719479424146e-02         2.3706547768373576e-01        -2.8726340958503038e-01        -2.1047265865480103e-01         6.6840954995327795e-01        -7.6282141502777290e-02        -3.2426361042316509e-01
8                                     -4.9304191603634137e-05         2.1571473345902434e-01        -5.6986638410382984e-01        -1.6049745797310850e-04         3.5609473477862907e-01         5.3793393170099904e-06         1.0083242768079149e-01        -6.8846446689729501e-01
9                                      2.7886842125039052e-01         7.3367919782313495e-02         6.9308400716273210e-03         1.9161615608302954e-01         1.9021650184238900e-02        -8.8638023592865767e-02        -2.9122536220013417e-01        -4.4323818189901061e-02
10                                    -3.8797256128764990e-01        -3.3755212892238609e-02         4.8492723950975689e-02        -2.6709008534276607e-01        -7.0460033500922115e-02         1.2463620549117799e-01         6.0319876244237458e-01        -9.8522135795362491e-03
11                                    -2.4242902063089888e-01         1.6117358638740797e-01         3.9610288830997992e-01         5.2408410690955975e-01         5.2162609528007819e-01         3.9969194909276823e-01         2.1066942832276615e-03         9.1748096571530741e-03
12                                    -3.1740573270924084e-03        -1.7100188186776610e-02        -6.6943339161700897e-03        -3.8000995210591255e-03        -2.0949980375952280e-03        -7.9220560473613870e-04         1.1859016927097535e-03         1.3020746982280953e-04
13                                    -5.6931524485459824e-03         9.5180771174023446e-03         3.7312396927941128e-03        -6.8262803798417237e-03         1.1675458300433356e-03        -1.4222639568322059e-03        -6.6034186799978289e-04        -7.2586455376938631e-05
14                                     2.6971762844807288e-05        -3.4326291819513674e-02         3.6941423269464273e-04         7.7208169336795315e-06        -2.6511015923055036e-03        -1.5199447872893517e-06         4.5467133060980274e-04         1.6211517049424524e-04
15                                    -1.9141800641263619e-02         7.9783075506754779e-03         2.6857338998275988e-03         1.6620999963699282e-03        -1.7939246613292161e-03        -1.9807879612002456e-03        -1.3940951914273735e-04        -6.7601272376675836e-04
16                                    -3.4428533774614217e-02        -4.4363508470022855e-03        -1.4929753885159812e-03         2.9975408966654384e-03         1.0011190725160489e-03        -3.5616711048221789e-03         7.8954744270341053e-05         3.7756355213194312e-04
17                                    -1.3792905445572228e-04        -2.8880763663997059e-02         4.5527363622752384e-03         1.2847424772755048e-05        -1.2001529672968833e-03        -4.0776978527885887e-06        -9.8434833439768675e-04        -1.7430966867955304e-03
                                                        16                          17

0                                      5.2330000436406704e-02        -4.2722647290763589e-02
1                                     -2.9406932283529127e-02        -7.6395116867184074e-02
2                                     -1.1367505865175452e-03         7.1839390985183351e-06
3                                     -3.3451708045826090e-02        -8.1939976853269675e-02
4                                      6.8937261291102891e-01         6.6376901360676943e-01
5                                     -1.3857553849510887e-02        -6.3268592399078156e-03
6                                     -5.2913905500366109e-03        -1.7450202071571993e-02
7                                      2.8194424441472252e-03        -3.1436423530503771e-02
8                                      2.7763898082411274e-02        -1.3428764505520152e-04
9                                     -6.0050136292984668e-01         6.1053928845538652e-01
10                                    -3.3310913805151654e-01         2.8166755843550378e-01
11                                    -1.3738428633809873e-02         6.3022462624487720e-03
12                                     1.8999459343154872e-04        -4.8165091695355936e-05
13                                    -1.0559791907870612e-04        -8.6368940517155365e-05
14                                     2.2469941872480241e-04         6.2450955655035082e-07
15                                     3.3804293138930444e-05         9.2209970998587021e-05
16                                    -1.6404003065172337e-05         1.6688479519974607e-04
17                                    -2.3524745685507456e-04         1.2626182447470414e-06
$End
$THERMOCHEMISTRY_Energies
   &GeometryIndex 9
   &temperature [&Type "Double"]       2.9814999999999998e+02
   &pressure [&Type "Double"]       1.0000000000000000e+00
   &totalMass [&Type "Double"]       1.1393300000000001e+02
   &spinDegeneracy [&Type "Integer"] 1
   &elEnergy [&Type "Double"]      -1.2689323425350000e+01
   &transEnergy [&Type "Double"]       1.4162714244859817e-03
   &rotEnergy [&Type "Double"]       1.4162714244859817e-03
   &vibEnergy [&Type "Double"]       1.8583893444340850e-03
   &numOfFreqs [&Type "Integer"] 18
   &freqScalingFactor [&Type "Double"]       1.0000000000000000e+00
   &FREQ [&Type "ArrayOfDoubles", &Units "cm^-1", &Dim (18,1)] 
                                                         0

0                                      0.0000000000000000e+00
1                                      0.0000000000000000e+00
2                                      0.0000000000000000e+00
3                                      0.0000000000000000e+00
4                                      0.0000000000000000e+00
5                                      0.0000000000000000e+00
6                                      9.3458642240226283e+01
7                                      2.9355359626577911e+02
8                                      3.2317309113937182e+02
9                                      5.5663531855082442e+02
10                                     9.4524389549013188e+02
11                                     1.0103882096483554e+03
12                                     1.3173607154783899e+03
13                                     1.3947641768230558e+03
14                                     1.4371639736557054e+03
15                                     2.4228711259841180e+03
16                                     3.0130326687853208e+03
17                                     3.0198519705572562e+03
   &zpe [&Type "Double"]       3.6057692198226708e-02
   &innerEnergyU [&Type "Double"]      -1.2648574800958368e+01
   &enthalpyH [&Type "Double"]      -1.2647630591916109e+01
   &qEl [&Type "Double"]       0.0000000000000000e+00
   &qRot [&Type "Double"]       1.2195142642650807e-02
   &qVib [&Type "Double"]       3.2127112238863696e-03
   &qTrans [&Type "Double"]       1.9055981088661803e-02
   &entropyS [&Type "Double"]       3.4463834955198981e-02
   &freeEnergyG [&Type "Double"]      -1.2682094426871307e+01
   &isLinear [&Type "Boolean"] false
$End
$Calculation_Info
   &GeometryIndex 9
   &Mult [&Type "Integer"] 1
   &Charge [&Type "Integer"] -1
   &NumOfAtoms [&Type "Integer"] 6
   &NumOfElectrons [&Type "Integer"] 0
   &NumOfBasisFuncts [&Type "Integer"] 0
   &NumOfAuxCBasisFuncts [&Type "Integer"] 0
   &NumOfAuxJBasisFuncts [&Type "Integer"] 0
   &NumOfAuxJKBasisFuncts [&Type "Integer"] 0
   &NumOfCABSBasisFuncts [&Type "Integer"] 0
$End
$Calculation_Timings
   &GeometryIndex 9
   &GSTEP [&Type "Double"]       3.7152999999999992e-02
   &XTB [&Type "Double"]       1.3660699999999997e+00
   &XTBGRAD [&Type "Double"]       3.5420000000003782e-03
   &SUM [&Type "Double"]       1.4067650000000000e+00
$End
