
$orca_hessian_file

$act_atom
  0

$act_coord
  0

$act_energy
      -12.689323

$multiplicity
  1

$hessian
18
                    0                  1                  2                  3                  4        
    0      4.0795664340E-01   3.7605710600E-02  -5.2642525900E-02  -4.2595122700E-02   2.0956265000E-02
    1      3.7605710600E-02   4.5458009290E-01   2.9300298200E-02   2.9390070800E-02  -2.8838091850E-01
    2     -5.2642525900E-02   2.9300298200E-02   2.9380066980E-01   1.1857343000E-03   1.5678283000E-03
    3     -4.2595122700E-02   2.9390070800E-02   1.1857343000E-03   4.5406081700E-02  -2.3947987700E-02
    4      2.0956265000E-02  -2.8838091850E-01   1.5678283000E-03  -2.3947987700E-02   3.2133032460E-01
    5      7.8434310000E-04  -2.8120270000E-04  -3.8209497600E-02   3.9214843000E-03  -4.6127855000E-03
    6     -8.9452302100E-02   2.8106109300E-02   6.6603280700E-02  -3.7172590000E-04   5.4266300000E-05
    7      2.8101363400E-02  -5.4648007400E-02  -3.7087690000E-02   1.5073428700E-02  -1.0528903500E-02
    8      7.0600975400E-02  -3.9319891000E-02  -1.2243297060E-01  -7.6543570000E-04   4.4342310000E-04
    9     -2.4275858560E-01  -1.0301613640E-01  -7.1042170000E-04   1.2175696000E-03  -9.9250710000E-04
   10     -9.4599067900E-02  -8.8217295100E-02  -1.8236445000E-03  -3.0937350800E-02  -1.8543863000E-02
   11      6.7577990000E-04  -5.0899540000E-04  -3.8220124700E-02   1.0993680000E-04  -1.3797252000E-03
   12     -3.1980650000E-02   6.0403600000E-03  -2.2499011200E-02  -2.9596470000E-03   3.3201264000E-03
   13      6.0505258000E-03  -2.4492627500E-02   1.2533319100E-02   1.0480222200E-02  -4.5213170000E-03
   14     -3.0845037300E-02   1.7172314200E-02  -6.7490203700E-02  -5.9846531000E-03   5.6932711000E-03
   15     -1.1699830000E-03   1.8738858000E-03   8.0629439000E-03  -6.9715570000E-04   6.0983710000E-04
   16      1.8852031000E-03   1.1587555000E-03  -4.4901111000E-03  -5.8383200000E-05   6.4467750000E-04
   17      1.1426464800E-02  -6.3625234000E-03  -2.7447873300E-02   1.5329335000E-03  -1.7120118000E-03
                    5                  6                  7                  8                  9        
    0      7.8434310000E-04  -8.9452302100E-02   2.8101363400E-02   7.0600975400E-02  -2.4275858560E-01
    1     -2.8120270000E-04   2.8106109300E-02  -5.4648007400E-02  -3.9319891000E-02  -1.0301613640E-01
    2     -3.8209497600E-02   6.6603280700E-02  -3.7087690000E-02  -1.2243297060E-01  -7.1042170000E-04
    3      3.9214843000E-03  -3.7172590000E-04   1.5073428700E-02  -7.6543570000E-04   1.2175696000E-03
    4     -4.6127855000E-03   5.4266300000E-05  -1.0528903500E-02   4.4342310000E-04  -9.9250710000E-04
    5      4.6976538500E-02   1.1155363000E-03  -1.8381109800E-02   3.5181979000E-03   1.2267539000E-03
    6      1.1155363000E-03   1.0563727430E-01  -3.1216487500E-02  -7.1940049500E-02  -1.4475934700E-02
    7     -1.8381109800E-02  -3.1216487500E-02   6.6989528400E-02   4.0077626900E-02  -8.6808405000E-03
    8      3.5181979000E-03  -7.1940049500E-02   4.0077626900E-02   1.2823832610E-01  -7.9478620000E-04
    9      1.2267539000E-03  -1.4475934700E-02  -8.6808405000E-03  -7.9478620000E-04   2.6625965000E-01
   10      6.3866300000E-04   6.3341122000E-03   3.5866627000E-03   4.1412730000E-04   1.1286591430E-01
   11      1.0302910000E-03   1.6213081300E-02   8.7322415000E-03   3.5139325000E-03   5.9499467000E-03
   12     -7.4841375000E-03   4.2795017000E-03  -2.5990573000E-03   2.2878526000E-03  -1.0256924800E-02
   13      2.2606848500E-02  -2.5972977000E-03   1.0659341000E-03  -1.2723717000E-03  -1.2269292000E-03
   14     -1.1589073600E-02  -6.7164319000E-03   3.7300570000E-03  -1.4034054200E-02  -7.9403619000E-03
   15      4.3601990000E-04  -5.6168132000E-03  -6.7840690000E-04   6.1144330000E-04   1.4225600000E-05
   16      2.9586500000E-05  -6.8070270000E-04  -6.4652143000E-03  -3.4291460000E-04   1.0504990000E-03
   17     -1.7264562000E-03  -5.2754169000E-03   2.9288745000E-03   1.1965682000E-03   2.2688692000E-03
                   10                 11                 12                 13                 14        
    0     -9.4599067900E-02   6.7577990000E-04  -3.1980650000E-02   6.0505258000E-03  -3.0845037300E-02
    1     -8.8217295100E-02  -5.0899540000E-04   6.0403600000E-03  -2.4492627500E-02   1.7172314200E-02
    2     -1.8236445000E-03  -3.8220124700E-02  -2.2499011200E-02   1.2533319100E-02  -6.7490203700E-02
    3     -3.0937350800E-02   1.0993680000E-04  -2.9596470000E-03   1.0480222200E-02  -5.9846531000E-03
    4     -1.8543863000E-02  -1.3797252000E-03   3.3201264000E-03  -4.5213170000E-03   5.6932711000E-03
    5      6.3866300000E-04   1.0302910000E-03  -7.4841375000E-03   2.2606848500E-02  -1.1589073600E-02
    6      6.3341122000E-03   1.6213081300E-02   4.2795017000E-03  -2.5972977000E-03  -6.7164319000E-03
    7      3.5866627000E-03   8.7322415000E-03  -2.5990573000E-03   1.0659341000E-03   3.7300570000E-03
    8      4.1412730000E-04   3.5139325000E-03   2.2878526000E-03  -1.2723717000E-03  -1.4034054200E-02
    9      1.1286591430E-01   5.9499467000E-03  -1.0256924800E-02  -1.2269292000E-03  -7.9403619000E-03
   10      1.0048254960E-01  -9.1728790000E-04   5.9483898000E-03   2.7763237000E-03   2.0878778000E-03
   11     -9.1728790000E-04   4.6975855000E-02  -2.3153663200E-02  -5.5435133000E-03  -1.1579134600E-02
   12      5.9483898000E-03  -2.3153663200E-02   4.0408519400E-02  -1.2816530000E-02   4.9061127100E-02
   13      2.7763237000E-03  -5.5435133000E-03  -1.2816530000E-02   2.4531078900E-02  -2.7327965000E-02
   14      2.0878778000E-03  -1.1579134600E-02   4.9061127100E-02  -2.7327965000E-02   1.0646318970E-01
   15      3.8800240000E-04   2.0491860000E-04   5.0920090000E-04   1.1000890000E-04   2.4253571000E-03
   16     -8.4377800000E-05  -3.8271960000E-04   1.0671100000E-04   6.4060780000E-04  -1.3555550000E-03
   17     -3.9973570000E-04  -1.7208192000E-03   1.7878323000E-03  -9.9631750000E-04  -1.7707236000E-03
                   15                 16                 17        
     0     -1.1699830000E-03   1.8852031000E-03   1.1426464800E-02
     1      1.8738858000E-03   1.1587555000E-03  -6.3625234000E-03
     2      8.0629439000E-03  -4.4901111000E-03  -2.7447873300E-02
     3     -6.9715570000E-04  -5.8383200000E-05   1.5329335000E-03
     4      6.0983710000E-04   6.4467750000E-04  -1.7120118000E-03
     5      4.3601990000E-04   2.9586500000E-05  -1.7264562000E-03
     6     -5.6168132000E-03  -6.8070270000E-04  -5.2754169000E-03
     7     -6.7840690000E-04  -6.4652143000E-03   2.9288745000E-03
     8      6.1144330000E-04  -3.4291460000E-04   1.1965682000E-03
     9      1.4225600000E-05   1.0504990000E-03   2.2688692000E-03
    10      3.8800240000E-04  -8.4377800000E-05  -3.9973570000E-04
    11      2.0491860000E-04  -3.8271960000E-04  -1.7208192000E-03
    12      5.0920090000E-04   1.0671100000E-04   1.7878323000E-03
    13      1.1000890000E-04   6.4060780000E-04  -9.9631750000E-04
    14      2.4253571000E-03  -1.3555550000E-03  -1.7707236000E-03
    15      6.9605255000E-03  -2.3033272000E-03  -1.1740682800E-02
    16     -2.3033272000E-03   4.1055512000E-03   6.5417138000E-03
    17     -1.1740682800E-02   6.5417138000E-03   3.1469304100E-02

$vibrational_frequencies
18
    0        0.0000000000000000
    1        0.0000000000000000
    2        0.0000000000000000
    3        0.0000000000000000
    4        0.0000000000000000
    5        0.0000000000000000
    6       93.4586422402262826
    7      293.5535962657791060
    8      323.1730911393718202
    9      556.6353185508244223
   10      945.2438954901318766
   11     1010.3882096483554278
   12     1317.3607154783899205
   13     1394.7641768230557773
   14     1437.1639736557053766
   15     2422.8711259841179526
   16     3013.0326687853207659
   17     3019.8519705572562088

$normal_modes
18 18
                    0                  1                  2                  3                  4        
    0      0.0000000000E+00   0.0000000000E+00   0.0000000000E+00   0.0000000000E+00   0.0000000000E+00
    1      0.0000000000E+00   0.0000000000E+00   0.0000000000E+00   0.0000000000E+00   0.0000000000E+00
    2      0.0000000000E+00   0.0000000000E+00   0.0000000000E+00   0.0000000000E+00   0.0000000000E+00
    3      0.0000000000E+00   0.0000000000E+00   0.0000000000E+00   0.0000000000E+00   0.0000000000E+00
    4      0.0000000000E+00   0.0000000000E+00   0.0000000000E+00   0.0000000000E+00   0.0000000000E+00
    5      0.0000000000E+00   0.0000000000E+00   0.0000000000E+00   0.0000000000E+00   0.0000000000E+00
    6      0.0000000000E+00   0.0000000000E+00   0.0000000000E+00   0.0000000000E+00   0.0000000000E+00
    7      0.0000000000E+00   0.0000000000E+00   0.0000000000E+00   0.0000000000E+00   0.0000000000E+00
    8      0.0000000000E+00   0.0000000000E+00   0.0000000000E+00   0.0000000000E+00   0.0000000000E+00
    9      0.0000000000E+00   0.0000000000E+00   0.0000000000E+00   0.0000000000E+00   0.0000000000E+00
   10      0.0000000000E+00   0.0000000000E+00   0.0000000000E+00   0.0000000000E+00   0.0000000000E+00
   11      0.0000000000E+00   0.0000000000E+00   0.0000000000E+00   0.0000000000E+00   0.0000000000E+00
   12      0.0000000000E+00   0.0000000000E+00   0.0000000000E+00   0.0000000000E+00   0.0000000000E+00
   13      0.0000000000E+00   0.0000000000E+00   0.0000000000E+00   0.0000000000E+00   0.0000000000E+00
   14      0.0000000000E+00   0.0000000000E+00   0.0000000000E+00   0.0000000000E+00   0.0000000000E+00
   15      0.0000000000E+00   0.0000000000E+00   0.0000000000E+00   0.0000000000E+00   0.0000000000E+00
   16      0.0000000000E+00   0.0000000000E+00   0.0000000000E+00   0.0000000000E+00   0.0000000000E+00
   17      0.0000000000E+00   0.0000000000E+00   0.0000000000E+00   0.0000000000E+00   0.0000000000E+00
                    5                  6                  7                  8                  9        
    0      0.0000000000E+00  -3.3155461281E-01  -3.2102184352E-01   5.0155629901E-02   1.9682916634E-01
    1      0.0000000000E+00   1.8470966005E-01   1.7859750252E-01   9.0093182131E-02  -1.0953399875E-01
    2      0.0000000000E+00   1.3554661268E-01   1.3858691012E-01   2.5688639356E-05   5.3767737460E-01
    3      0.0000000000E+00  -3.2954822097E-01  -3.0888406560E-01  -5.1369310207E-01   1.5802490171E-01
    4      0.0000000000E+00   1.8775696208E-01   1.7827176509E-01   3.5396531401E-02  -1.0461072648E-01
    5      0.0000000000E+00   2.6383739182E-01   2.9436662961E-01   2.6149475690E-01   3.7801575195E-01
    6      0.0000000000E+00  -4.1708098635E-01  -4.3845809825E-01   2.7544199330E-01   1.5508280159E-01
    7      0.0000000000E+00   2.3282307886E-01   2.4325025551E-01   4.9474219927E-01  -8.6765632611E-02
    8      0.0000000000E+00   2.3929510688E-02   2.9220518753E-02  -5.3131972490E-05   5.0672137580E-01
    9      0.0000000000E+00  -3.3252942349E-01  -3.1486873574E-01   3.0051865378E-01   1.7234378318E-01
   10      0.0000000000E+00   1.8031600369E-01   1.6953218809E-01  -4.1809320431E-01  -7.9292163511E-02
   11      0.0000000000E+00   2.6337516178E-01   2.9509713263E-01  -2.6125024336E-01   3.7860233340E-01
   12      0.0000000000E+00   3.6735998121E-02   2.1813929128E-02  -3.4204784847E-03  -4.0168933969E-02
   13      0.0000000000E+00  -2.0462018557E-02  -1.2134755333E-02  -6.1351461091E-03   2.2358292614E-02
   14      0.0000000000E+00  -1.1951748686E-01   5.5197714661E-02   2.9065742990E-05  -8.0633647679E-02
   15      0.0000000000E+00   1.1237436069E-01   1.6757390315E-01  -2.0627893735E-02   1.8741320603E-02
   16      0.0000000000E+00  -6.2603203347E-02  -9.3238777449E-02  -3.7101427889E-02  -1.0421141703E-02
   17      0.0000000000E+00   3.8771689834E-01  -3.5258966913E-01  -1.4863731639E-04  -6.7841913546E-02
                   10                 11                 12                 13                 14        
    0      8.3268151527E-02   5.0584353426E-02  -2.3895946390E-02  -2.8846124137E-02   6.3246389077E-02
    1     -4.6418453961E-02   9.0810692530E-02   1.3291299404E-02  -5.1821269266E-02  -3.5193202986E-02
    2     -3.0043246222E-02  -8.5022149880E-05  -1.0443065193E-01   5.9270934598E-06  -1.0641233141E-02
    3     -3.9495466358E-02  -3.4902043790E-01   7.4659603463E-02   1.5582318145E-01  -6.8824126101E-01
    4     -3.3304731077E-02   2.3609934702E-02   2.2421003143E-02  -1.0010612162E-02  -7.2419019731E-02
    5      4.2018556525E-01  -5.5747094036E-01   5.5649334431E-01  -4.0889703004E-01   2.3971835456E-03
    6     -4.5119759781E-01  -1.7042253007E-01   4.0295934687E-01   3.8106985399E-01   1.4106326643E-01
    7      2.5130715073E-01  -3.0571423824E-01  -2.2447533143E-01   6.8401370797E-01  -7.8799067731E-02
    8     -6.0410102174E-01  -1.7080615375E-04   3.7978559363E-01   5.5049210966E-06   1.0415938963E-01
    9      7.3472092505E-03   2.0392359499E-01   2.0287153955E-02  -9.0707296432E-02  -3.0083433146E-01
   10      5.1405917076E-02  -2.8424518841E-01  -7.5147715023E-02   1.2754586327E-01   6.2310128165E-01
   11      4.1989870998E-01   5.5774584640E-01   5.5632969797E-01   4.0902283961E-01   2.1762045774E-03
   12     -7.0964950231E-03  -4.0441785886E-03  -2.2343775284E-03  -8.1069980704E-04   1.2250304720E-03
   13      3.9553933583E-03  -7.2647299889E-03   1.2452222480E-03  -1.4554670006E-03  -6.8212982170E-04
   14      3.9160673737E-04   8.2167223138E-06  -2.8274784592E-03  -1.5554282101E-06   4.6967319310E-04
   15      2.8470789614E-03   1.7688560997E-03  -1.9132738451E-03  -2.0270298624E-03  -1.4400933069E-04
   16     -1.5826656613E-03   3.1900719035E-03   1.0677231762E-03  -3.6448190472E-03   8.1559852921E-05
   17      4.8262413171E-03   1.3672610387E-05  -1.2799987268E-03  -4.1728925454E-06  -1.0168268686E-03
                   15                 16                 17        
     0     -4.5330643478E-02   5.3613049764E-02  -4.4824130112E-02
     1      2.5260423140E-02  -3.0127944024E-02  -8.0152913631E-02
     2      6.0117935539E-02  -1.1646219235E-03   7.5373096306E-06
     3     -1.5549072265E-02  -3.4271891328E-02  -8.5970519543E-02
     4      4.4407549523E-02   7.0627494542E-01   6.9641912468E-01
     5      9.5287255704E-03  -1.4197319280E-02  -6.6380709004E-03
     6      6.0421493264E-01  -5.4211271262E-03  -1.8308559458E-02
     7     -3.3658998662E-01   2.8885707396E-03  -3.2982748681E-02
     8     -7.1463537151E-01   2.8444625208E-02  -1.4089311539E-04
     9     -4.6008719116E-02  -6.1522471213E-01   6.4057108442E-01
    10     -1.0226730137E-02  -3.4127645034E-01   2.9552249423E-01
    11      9.5235757590E-03  -1.4075273302E-02   6.6122472361E-03
    12      1.3515710402E-04   1.9465296212E-04  -5.0534282726E-05
    13     -7.5345716444E-05  -1.0818701401E-04  -9.0617339348E-05
    14      1.6827772625E-04   2.3020869516E-04   6.5522853555E-07
    15     -7.0171029475E-04   3.4633121253E-05   9.6745684076E-05
    16      3.9191604261E-04  -1.6806203427E-05   1.7509368562E-04
    17     -1.8093577929E-03  -2.4101535460E-04   1.3247251300E-06

#
# The atoms: label  mass x y z (in bohrs)
#
$atoms
6
 C     12.01100     -1.373163754772     0.764430172621    -1.523077023993
 H      1.00800     -1.585517027553     2.808487160871    -1.559056050933
 H      1.00800     -0.209179345670     0.116143370388    -3.177398338311
 H      1.00800     -3.222633420139    -0.131533417333    -1.558804913594
 Br    79.90000      0.103221583590    -0.057435625623     1.746685769638
 F     18.99800      0.700238644142    -0.389930845717    -6.049104825859

$actual_temperature
  0.000000

$frequency_scale_factor
  1.000000


$end

