
$orca_hessian_file

$act_atom
  0

$act_coord
  0

$act_energy
      -12.738790

$multiplicity
  1

$hessian
18
                    0                  1                  2                  3                  4        
    0      5.1509345960E-01   4.2850900000E-05   1.9882451000E-03  -4.3477377100E-02   4.9737151000E-03
    1      4.2850900000E-05   5.1513602690E-01  -1.0914767000E-03   4.9063818000E-03  -2.6964213100E-01
    2      1.9882451000E-03  -1.0914767000E-03   4.1546801440E-01   1.3728789000E-03  -6.6556437400E-02
    3     -4.3477377100E-02   4.9063818000E-03   1.3728789000E-03   4.5117439100E-02  -5.7997274000E-03
    4      4.9737151000E-03  -2.6964213100E-01  -6.6556437400E-02  -5.7997274000E-03   3.0369555560E-01
    5      1.3145244000E-03  -6.3095997600E-02  -5.8223867300E-02  -1.9818763000E-03   8.1486612100E-02
    6     -2.1285178430E-01   9.4202067500E-02  -6.4265490700E-02  -2.0851039000E-03   2.3185129000E-03
    7      9.4199773100E-02  -9.5723310700E-02   3.5697511800E-02   2.7023187500E-02  -1.7633016300E-02
    8     -6.1234675700E-02   3.4036503500E-02  -6.2799073200E-02   5.7647200000E-03  -2.9947997000E-03
    9     -2.1102291640E-01  -9.9189270600E-02   5.7261106300E-02  -9.0103610000E-04  -1.6494881000E-03
   10     -9.9253605000E-02  -1.0208936500E-01   3.3959757500E-02  -2.6749861900E-02  -1.8564731900E-02
   11      5.4278670300E-02   3.2198470200E-02  -5.8227115500E-02  -5.8685999000E-03  -3.2625909000E-03
   12     -1.2643995000E-03  -6.6450000000E-07  -2.8063500000E-05  -3.6085500000E-04   5.8460000000E-07
   13     -8.9210000000E-07  -1.2629949000E-03   2.3912700000E-05  -1.4672100000E-05   4.3184410000E-04
   14     -2.2832200000E-05   1.0805800000E-05  -1.2385890000E-04   2.4778700000E-05  -6.4849840000E-04
   15     -4.6476982300E-02   3.8634900000E-05   3.6713238000E-03   1.7069331000E-03   1.5640290000E-04
   16      3.8157900000E-05  -4.6418225400E-02  -2.0332678000E-03   6.3469210000E-04   1.7124796000E-03
   17      3.6760682000E-03  -2.0583052000E-03  -2.3609409960E-01   6.8809860000E-04  -8.0242857000E-03
                    5                  6                  7                  8                  9        
    0      1.3145244000E-03  -2.1285178430E-01   9.4199773100E-02  -6.1234675700E-02  -2.1102291640E-01
    1     -6.3095997600E-02   9.4202067500E-02  -9.5723310700E-02   3.4036503500E-02  -9.9189270600E-02
    2     -5.8223867300E-02  -6.4265490700E-02   3.5697511800E-02  -6.2799073200E-02   5.7261106300E-02
    3     -1.9818763000E-03  -2.0851039000E-03   2.7023187500E-02   5.7647200000E-03  -9.0103610000E-04
    4      8.1486612100E-02   2.3185129000E-03  -1.7633016300E-02  -2.9947997000E-03  -1.6494881000E-03
    5      7.8822839000E-02  -1.1830020000E-04   7.7461922000E-03   3.9594323000E-03  -3.2677040000E-04
    6     -1.1830020000E-04   2.3840303790E-01  -1.0750259940E-01   7.7681762800E-02  -2.6447297900E-02
    7      7.7461922000E-03  -1.0750259940E-01   1.0474842940E-01  -4.3174853700E-02  -1.2823919100E-02
    8      3.9594323000E-03   7.7681762800E-02  -4.3174853700E-02   8.4532531400E-02   5.5863346000E-03
    9     -3.2677040000E-04  -2.6447297900E-02  -1.2823919100E-02   5.5863346000E-03   2.3680512130E-01
   10      6.7059078000E-03   1.1870868900E-02   6.7463387000E-03  -3.3152569000E-03   1.1337551440E-01
   11      3.7307441000E-03  -6.6403833000E-03  -3.9909289000E-03   3.9593808000E-03  -7.0253134000E-02
   12      1.5094900000E-05   2.5467660000E-04  -3.4223680000E-04   1.0949900000E-04   2.1364500000E-04
   13      7.6772600000E-05  -3.3993760000E-04  -1.7358540000E-04  -6.1185300000E-05   3.5559840000E-04
   14     -1.1047794000E-03  -5.2001980000E-04   2.9292520000E-04  -1.1228826000E-03   5.6214580000E-04
   15      1.0973276000E-03   2.7264716000E-03  -5.5420540000E-04  -2.7907640800E-02   1.3524841000E-03
   16     -3.2919487200E-02  -5.4891230000E-04   2.0351442000E-03   1.5509592300E-02  -6.8435100000E-05
   17     -2.7184368700E-02  -6.1375688000E-03   3.4291534000E-03  -2.8529388700E-02   7.1703177000E-03
                   10                 11                 12                 13                 14        
    0     -9.9253605000E-02   5.4278670300E-02  -1.2643995000E-03  -8.9210000000E-07  -2.2832200000E-05
    1     -1.0208936500E-01   3.2198470200E-02  -6.6450000000E-07  -1.2629949000E-03   1.0805800000E-05
    2      3.3959757500E-02  -5.8227115500E-02  -2.8063500000E-05   2.3912700000E-05  -1.2385890000E-04
    3     -2.6749861900E-02  -5.8685999000E-03  -3.6085500000E-04  -1.4672100000E-05   2.4778700000E-05
    4     -1.8564731900E-02  -3.2625909000E-03   5.8460000000E-07   4.3184410000E-04  -6.4849840000E-04
    5      6.7059078000E-03   3.7307441000E-03   1.5094900000E-05   7.6772600000E-05  -1.1047794000E-03
    6      1.1870868900E-02  -6.6403833000E-03   2.5467660000E-04  -3.3993760000E-04  -5.2001980000E-04
    7      6.7463387000E-03  -3.9909289000E-03  -3.4223680000E-04  -1.7358540000E-04   2.9292520000E-04
    8     -3.3152569000E-03   3.9593808000E-03   1.0949900000E-04  -6.1185300000E-05  -1.1228826000E-03
    9      1.1337551440E-01  -7.0253134000E-02   2.1364500000E-04   3.5559840000E-04   5.6214580000E-04
   10      1.1200009950E-01  -4.1340576500E-02   3.4251380000E-04  -1.5041870000E-04   3.2431440000E-04
   11     -4.1340576500E-02   7.8826965600E-02  -5.5914200000E-05  -5.2986000000E-05  -1.1046358000E-03
   12      3.4251380000E-04  -5.5914200000E-05   3.7064430000E-04  -1.0643000000E-06  -1.4761560000E-04
   13     -1.5041870000E-04  -5.2986000000E-05  -1.0643000000E-06   3.6938900000E-04   8.0488100000E-05
   14      3.2431440000E-04  -1.1046358000E-03  -1.4761560000E-04   8.0488100000E-05   7.9575084000E-03
   15      4.1456970000E-04   2.8539361100E-02   7.8628860000E-04   9.6760000000E-07   1.0354320000E-04
   16      2.0580773000E-03   1.6448612100E-02   8.6720000000E-07   7.8576590000E-04  -6.0035200000E-05
   17      3.6658538000E-03  -2.7185339100E-02   1.0699930000E-04  -6.7002200000E-05  -4.5013517000E-03
                   15                 16                 17        
     0     -4.6476982300E-02   3.8157900000E-05   3.6760682000E-03
     1      3.8634900000E-05  -4.6418225400E-02  -2.0583052000E-03
     2      3.6713238000E-03  -2.0332678000E-03  -2.3609409960E-01
     3      1.7069331000E-03   6.3469210000E-04   6.8809860000E-04
     4      1.5640290000E-04   1.7124796000E-03  -8.0242857000E-03
     5      1.0973276000E-03  -3.2919487200E-02  -2.7184368700E-02
     6      2.7264716000E-03  -5.4891230000E-04  -6.1375688000E-03
     7     -5.5420540000E-04   2.0351442000E-03   3.4291534000E-03
     8     -2.7907640800E-02   1.5509592300E-02  -2.8529388700E-02
     9      1.3524841000E-03  -6.8435100000E-05   7.1703177000E-03
    10      4.1456970000E-04   2.0580773000E-03   3.6658538000E-03
    11      2.8539361100E-02   1.6448612100E-02  -2.7185339100E-02
    12      7.8628860000E-04   8.6720000000E-07   1.0699930000E-04
    13      9.6760000000E-07   7.8576590000E-04  -6.7002200000E-05
    14      1.0354320000E-04  -6.0035200000E-05  -4.5013517000E-03
    15      3.9904804900E-02  -5.6369700000E-05  -5.5039150000E-03
    16     -5.6369700000E-05   3.9826758300E-02   3.0545858000E-03
    17     -5.5039150000E-03   3.0545858000E-03   3.2349454770E-01

$vibrational_frequencies
18
    0        0.0000000000000000
    1        0.0000000000000000
    2        0.0000000000000000
    3        0.0000000000000000
    4        0.0000000000000000
    5        0.0000000000000000
    6       90.6318718714818772
    7       90.7866649342425944
    8       93.7125810671461892
    9     1001.1189756347882849
   10     1102.6679909782869800
   11     1102.7380645783409818
   12     1386.6952099453446863
   13     1450.9262221833189415
   14     1451.0451278098291823
   15     3038.8158733227523953
   16     3045.3919125188795078
   17     3045.4740302972168138

$normal_modes
18 18
                    0                  1                  2                  3                  4        
    0      0.0000000000E+00   0.0000000000E+00   0.0000000000E+00   0.0000000000E+00   0.0000000000E+00
    1      0.0000000000E+00   0.0000000000E+00   0.0000000000E+00   0.0000000000E+00   0.0000000000E+00
    2      0.0000000000E+00   0.0000000000E+00   0.0000000000E+00   0.0000000000E+00   0.0000000000E+00
    3      0.0000000000E+00   0.0000000000E+00   0.0000000000E+00   0.0000000000E+00   0.0000000000E+00
    4      0.0000000000E+00   0.0000000000E+00   0.0000000000E+00   0.0000000000E+00   0.0000000000E+00
    5      0.0000000000E+00   0.0000000000E+00   0.0000000000E+00   0.0000000000E+00   0.0000000000E+00
    6      0.0000000000E+00   0.0000000000E+00   0.0000000000E+00   0.0000000000E+00   0.0000000000E+00
    7      0.0000000000E+00   0.0000000000E+00   0.0000000000E+00   0.0000000000E+00   0.0000000000E+00
    8      0.0000000000E+00   0.0000000000E+00   0.0000000000E+00   0.0000000000E+00   0.0000000000E+00
    9      0.0000000000E+00   0.0000000000E+00   0.0000000000E+00   0.0000000000E+00   0.0000000000E+00
   10      0.0000000000E+00   0.0000000000E+00   0.0000000000E+00   0.0000000000E+00   0.0000000000E+00
   11      0.0000000000E+00   0.0000000000E+00   0.0000000000E+00   0.0000000000E+00   0.0000000000E+00
   12      0.0000000000E+00   0.0000000000E+00   0.0000000000E+00   0.0000000000E+00   0.0000000000E+00
   13      0.0000000000E+00   0.0000000000E+00   0.0000000000E+00   0.0000000000E+00   0.0000000000E+00
   14      0.0000000000E+00   0.0000000000E+00   0.0000000000E+00   0.0000000000E+00   0.0000000000E+00
   15      0.0000000000E+00   0.0000000000E+00   0.0000000000E+00   0.0000000000E+00   0.0000000000E+00
   16      0.0000000000E+00   0.0000000000E+00   0.0000000000E+00   0.0000000000E+00   0.0000000000E+00
   17      0.0000000000E+00   0.0000000000E+00   0.0000000000E+00   0.0000000000E+00   0.0000000000E+00
                    5                  6                  7                  8                  9        
    0      0.0000000000E+00  -2.9496945217E-01   1.4874425586E-01   8.2114523618E-03  -1.0827166531E-02
    1      0.0000000000E+00   1.4875176759E-01   2.9504953093E-01   5.0522358421E-03   5.8260192133E-03
    2      0.0000000000E+00  -5.3564701750E-03   3.2237037155E-03  -4.4380766518E-01   5.5629382293E-01
    3      0.0000000000E+00  -4.0237966699E-01   2.1130685936E-01   8.1390097124E-03  -8.0985599250E-03
    4      0.0000000000E+00   2.0634823272E-01   4.0913740766E-01   8.4730972525E-03   1.5363482959E-02
    5      0.0000000000E+00  -1.8827581167E-01  -3.4005387405E-01  -4.4808238339E-01   4.1374006433E-01
    6      0.0000000000E+00  -4.2019465324E-01   2.0406373192E-01   7.2580934195E-03   1.7877168245E-03
    7      0.0000000000E+00   2.1263620371E-01   4.0611713082E-01   9.1582960229E-03  -3.9904582904E-04
    8      0.0000000000E+00   3.7879528836E-01   1.8534537788E-02  -4.3048259779E-01   4.1448800254E-01
    9      0.0000000000E+00  -4.0537760985E-01   2.0392049002E-01   8.3106310332E-03  -1.7567901107E-02
   10      0.0000000000E+00   2.0022386193E-01   4.1287570919E-01   9.1654698647E-03  -7.5771328894E-04
   11      0.0000000000E+00  -2.1528953945E-01   3.3057916375E-01  -4.3101127425E-01   4.1448966345E-01
   12      0.0000000000E+00   2.0512018212E-02  -1.0312550057E-02  -3.6341429912E-03  -4.1939560303E-06
   13      0.0000000000E+00  -1.0344526678E-02  -2.0516677526E-02   1.3547445400E-03   4.8917928573E-06
   14      0.0000000000E+00  -3.1947623187E-04  -1.4626070189E-03   1.8823882699E-01   1.3675300510E-04
   15      0.0000000000E+00   1.6537232237E-01  -8.3526682677E-02   8.8347654828E-03   8.1298014768E-03
   16      0.0000000000E+00  -8.3392555200E-02  -1.6541281563E-01  -1.0313597826E-02  -4.4577086352E-03
   17      0.0000000000E+00   6.0443697997E-03   3.6324923350E-03  -4.4160730312E-01  -4.1821408277E-01
                   10                 11                 12                 13                 14        
    0      1.1006592039E-01   7.9387994064E-02   2.2309221543E-03  -5.4729689131E-02  -3.3261851011E-02
    1     -7.9376859098E-02   1.1007023369E-01  -1.1848104986E-03   3.3260851475E-02  -5.4747153808E-02
    2      2.9566637149E-03   4.1792442176E-04  -1.1450055903E-01  -1.3947750985E-03  -1.7920353267E-04
    3     -2.0770020094E-01  -1.7020828225E-01  -7.4956666645E-03   6.2499919583E-01   3.8883683611E-01
    4      7.8755353391E-02  -1.1290350229E-01  -1.9215566661E-01   7.6057207292E-02  -9.8215181212E-02
    5     -4.5225571917E-01   5.9753517190E-01   5.4002689249E-01  -1.6196215646E-01   2.8392592059E-01
    6     -1.2563951334E-01  -1.4609983036E-01  -1.8387688264E-01  -1.3115862773E-01   3.5278384208E-01
    7      1.0582092037E-01  -2.2365109290E-01   1.0153152513E-01   4.0254208756E-02   6.4573331594E-01
    8      7.3935141908E-01   8.7390397452E-02   5.3356185589E-01   3.2174150368E-01   1.2874340707E-02
    9     -1.7026858478E-01  -4.6951162089E-02   1.5971885971E-01   2.8693603767E-01  -2.6710075316E-01
   10      1.7863870938E-01  -1.6711254538E-01   1.0744648760E-01  -5.9080501423E-01   2.3346722002E-01
   11     -3.0064097604E-01  -6.8621863577E-01   5.4061152489E-01  -1.3954391383E-01  -2.9485359299E-01
   12     -1.3705422612E-05  -9.3762521677E-06   4.7414644987E-06  -4.8563538758E-05  -2.9468601124E-05
   13      9.3928939986E-06  -1.2278293964E-05  -3.0522109684E-06   2.9632730438E-05  -4.8634684953E-05
   14     -2.6616797163E-07  -4.9388794401E-07  -2.3234321848E-04  -1.6751664118E-06   3.6115688733E-07
   15     -4.2808166180E-02  -3.0877707403E-02   2.4910359509E-04  -6.6209230300E-03  -4.0242894365E-03
   16      3.0872947647E-02  -4.2813773208E-02  -1.3066082383E-04   4.0228342319E-03  -6.6206580621E-03
   17     -1.1494674554E-03  -1.9353708996E-04  -1.2279368238E-02  -1.8479983950E-04   8.4911856374E-06
                   15                 16                 17        
     0     -2.2489621900E-03   5.3205083675E-02  -7.2185147004E-02
     1      1.0877724913E-03   7.2246530097E-02   5.3184346902E-02
     2      3.7975675349E-02   4.1193511830E-04  -2.7183766997E-03
     3      1.1597145415E-02   4.1282264349E-02  -2.5496162588E-02
     4     -5.5892290182E-01  -6.1525920205E-01  -4.5725925912E-01
     5     -1.6614733353E-01  -2.0170888643E-01  -1.5109417883E-01
     6     -4.6599803169E-01  -6.5031959274E-02   6.7296421250E-01
     7      2.5895887537E-01   8.7360396590E-02  -3.6746136950E-01
     8     -1.7741797247E-01  -3.6265065955E-02   2.8031331584E-01
     9      4.8261476142E-01  -6.1970919739E-01   2.2552260009E-01
    10      2.8628806561E-01  -3.4584912023E-01   1.8152055118E-01
    11     -1.6685462958E-01   2.3278046769E-01  -9.5354610222E-02
    12     -7.4903451864E-07  -1.4248139416E-05   1.9288863180E-05
    13      2.4969014273E-07  -1.9403902995E-05  -1.4236708876E-05
    14      5.7131475551E-05   1.7070128341E-07  -5.6236469959E-07
    15     -7.1978809538E-05   5.6315031993E-04  -7.6323585130E-04
    16      3.6855610861E-05   7.6509148062E-04   5.6248028519E-04
    17      2.8325430864E-03   1.4403665658E-05  -7.5802059651E-05

#
# The atoms: label  mass x y z (in bohrs)
#
$atoms
6
 C     12.01100      0.075460860461    -0.042012992802    -3.875634763529
 H      1.00800      0.031428806618     1.912258207595    -3.245861907308
 H      1.00800      1.764611005669    -0.980832517717    -3.180699342329
 H      1.00800     -1.607451729335    -1.036430043769    -3.245818098795
 Br    79.90000     -0.043729262264     0.024344350056     2.246694056369
 F     18.99800      0.126198066760    -0.070252190978    -6.485464131799

$actual_temperature
  0.000000

$frequency_scale_factor
  1.000000


$end

