*************************************************
******************* ORCA 6.1.0 ******************
*************************************************
$Calculation_Status
   &GeometryIndex 0
   &version [&Type "String"] "6.1.0"
   &progName [&Type "String"] "orca"
   &Status [&Type "String"] "NORMAL TERMINATION"
$End
$Geometry
   &GeometryIndex 1
   &NAtoms [&Type "Integer"] 6
   &NCorelessECP [&Type "Integer"] 0
   &NGhostAtoms [&Type "Integer"] 0
   &CartesianCoordinates [&Type "Coordinates", &Dim(6,4), &Units "Bohr"] 
              C     -0.665737288898    0.391405746036    0.582305880085
              H     -0.855698229058    2.434791181085    0.504728842835
              H      0.528535612670   -0.283868990659   -1.021642639782
              H     -2.518472033747   -0.488911835094    0.491207852347
              Br     0.650589244208   -0.372805171700    3.947677578010
              F      1.152073427271   -0.663161592177   -4.076451075680
$End
$Single_Point_Data
   &GeometryIndex 1
   &FinalEnergy [&Type "Double"]      -1.2689092588570000e+01  "Final single point energy"
   &Converged [&Type "Boolean"] true
$End
$Geometry
   &GeometryIndex 2
   &NAtoms [&Type "Integer"] 6
   &NCorelessECP [&Type "Integer"] 0
   &NGhostAtoms [&Type "Integer"] 0
   &CartesianCoordinates [&Type "Coordinates", &Dim(6,4), &Units "Bohr"] 
              C     -0.672007701911    0.394527574212    0.576384364976
              H     -0.861756750713    2.439114929706    0.502153167049
              H      0.521194375623   -0.280139216717   -1.025179990537
              H     -2.526641861942   -0.485469361694    0.489509743356
              Br     0.669469183576   -0.383193655404    3.926918653601
              F      1.161033487815   -0.667390932613   -4.041959500630
$End
$Single_Point_Data
   &GeometryIndex 2
   &FinalEnergy [&Type "Double"]      -1.2689155085810000e+01  "Final single point energy"
   &Converged [&Type "Boolean"] true
$End
$Geometry
   &GeometryIndex 3
   &NAtoms [&Type "Integer"] 6
   &NCorelessECP [&Type "Integer"] 0
   &NGhostAtoms [&Type "Integer"] 0
   &CartesianCoordinates [&Type "Coordinates", &Dim(6,4), &Units "Bohr"] 
              C     -0.685921066042    0.401668545010    0.573725759536
              H     -0.876064326140    2.447370950481    0.508097093352
              H      0.507075648931   -0.272989946344   -1.033035425880
              H     -2.543006394673   -0.476545851480    0.497052581864
              Br     0.698380643121   -0.399105821664    3.897805861741
              F      1.190826227250   -0.682948538512   -4.015819432797
$End
$Single_Point_Data
   &GeometryIndex 3
   &FinalEnergy [&Type "Double"]      -1.2689208599110000e+01  "Final single point energy"
   &Converged [&Type "Boolean"] true
$End
$Geometry
   &GeometryIndex 4
   &NAtoms [&Type "Integer"] 6
   &NCorelessECP [&Type "Integer"] 0
   &NGhostAtoms [&Type "Integer"] 0
   &CartesianCoordinates [&Type "Coordinates", &Dim(6,4), &Units "Bohr"] 
              C     -0.704329579242    0.411231506313    0.573042582553
              H     -0.894786054947    2.457234092413    0.521343428912
              H      0.484374346864   -0.261369153512   -1.046023899206
              H     -2.563034122927   -0.464403897559    0.512356960791
              Br     0.732544877932   -0.417992704616    3.862381146667
              F      1.236521264767   -0.707250505549   -3.995273781902
$End
$Single_Point_Data
   &GeometryIndex 4
   &FinalEnergy [&Type "Double"]      -1.2689253026090000e+01  "Final single point energy"
   &Converged [&Type "Boolean"] true
$End
$Geometry
   &GeometryIndex 5
   &NAtoms [&Type "Integer"] 6
   &NCorelessECP [&Type "Integer"] 0
   &NGhostAtoms [&Type "Integer"] 0
   &CartesianCoordinates [&Type "Coordinates", &Dim(6,4), &Units "Bohr"] 
              C     -0.715577802516    0.417186870841    0.573111236430
              H     -0.905775700977    2.463019321315    0.533080363113
              H      0.464202075321   -0.250917955336   -1.059008206300
              H     -2.574503157483   -0.457242238789    0.525363220426
              Br     0.752702310727   -0.429211620062    3.840599173617
              F      1.270243007375   -0.725385040479   -3.985319349471
$End
$Single_Point_Data
   &GeometryIndex 5
   &FinalEnergy [&Type "Double"]      -1.2689279838359999e+01  "Final single point energy"
   &Converged [&Type "Boolean"] true
$End
$Geometry
   &GeometryIndex 6
   &NAtoms [&Type "Integer"] 6
   &NCorelessECP [&Type "Integer"] 0
   &NGhostAtoms [&Type "Integer"] 0
   &CartesianCoordinates [&Type "Coordinates", &Dim(6,4), &Units "Bohr"] 
              C     -0.724696780056    0.422185096979    0.572819736654
              H     -0.914148048766    2.467947684719    0.546717407997
              H      0.438093999629   -0.237263248566   -1.078285672739
              H     -2.583465679630   -0.452002146246    0.540040505892
              Br     0.770085019967   -0.438963492789    3.821667349472
              F      1.305422221302   -0.744454556606   -3.975132889460
$End
$Single_Point_Data
   &GeometryIndex 6
   &FinalEnergy [&Type "Double"]      -1.2689307597799999e+01  "Final single point energy"
   &Converged [&Type "Boolean"] true
$End
$Geometry
   &GeometryIndex 7
   &NAtoms [&Type "Integer"] 6
   &NCorelessECP [&Type "Integer"] 0
   &NGhostAtoms [&Type "Integer"] 0
   &CartesianCoordinates [&Type "Coordinates", &Dim(6,4), &Units "Bohr"] 
              C     -0.724638284571    0.422359950337    0.572410667605
              H     -0.913746472935    2.468430382614    0.551494086820
              H      0.426036333640   -0.230929500884   -1.089606084619
              H     -2.583456046554   -0.452555474825    0.544836778894
              Br     0.771979083042   -0.440069561528    3.820604128816
              F      1.315116119824   -0.749786458223   -3.971913139701
$End
$Single_Point_Data
   &GeometryIndex 7
   &FinalEnergy [&Type "Double"]      -1.2689319915810000e+01  "Final single point energy"
   &Converged [&Type "Boolean"] true
$End
$Geometry
   &GeometryIndex 8
   &NAtoms [&Type "Integer"] 6
   &NCorelessECP [&Type "Integer"] 0
   &NGhostAtoms [&Type "Integer"] 0
   &CartesianCoordinates [&Type "Coordinates", &Dim(6,4), &Units "Bohr"] 
              C     -0.721387489226    0.420728236189    0.572265280841
              H     -0.910784567346    2.467125503850    0.550354646944
              H      0.425692902191   -0.230811918385   -1.092275022765
              H     -2.580552643467   -0.454574530453    0.543387309449
              Br     0.767805759223   -0.437733351409    3.826285979853
              F      1.310516771072   -0.747284602303   -3.972191756506
$End
$Single_Point_Data
   &GeometryIndex 8
   &FinalEnergy [&Type "Double"]      -1.2689322779519999e+01  "Final single point energy"
   &Converged [&Type "Boolean"] true
$End
$Geometry
   &GeometryIndex 9
   &NAtoms [&Type "Integer"] 6
   &NCorelessECP [&Type "Integer"] 0
   &NGhostAtoms [&Type "Integer"] 0
   &CartesianCoordinates [&Type "Coordinates", &Dim(6,4), &Units "Bohr"] 
              C     -0.720120688268    0.420054718065    0.572301106983
              H     -0.909891393372    2.466553566525    0.549237605875
              H      0.427023420736   -0.231599306601   -1.092330269379
              H     -2.579564418464   -0.455087299271    0.542184181139
              Br     0.766257142576   -0.436843084711    3.828359177585
              F      1.307586669239   -0.745629256515   -3.971925364388
$End
$Single_Point_Data
   &GeometryIndex 9
   &FinalEnergy [&Type "Double"]      -1.2689323092170000e+01  "Final single point energy"
   &Converged [&Type "Boolean"] true
$End
$Hessian
   &GeometryIndex 9
   &HESSIAN [&Type "ArrayOfDoubles", &Dim (18,18)] "The Hessian"
                                                         0                           1                           2                           3                           4                           5                           6                           7

0                                      4.0828715920000003e-01         3.8613717499999999e-02        -5.2737981199999999e-02        -4.2046403599999997e-02         1.8209325600000000e-02         9.1137620000000005e-04        -8.8080691399999994e-02         2.7839294399999999e-02
1                                      3.8613717499999999e-02         4.5336568929999999e-01         3.0627675900000002e-02         2.6620365199999999e-02        -2.8884985190000001e-01        -1.8940402999999999e-03         2.7883895900000000e-02        -5.4808582600000003e-02
2                                     -5.2737981199999999e-02         3.0627675900000002e-02         2.9482589700000000e-01         1.3690779999999999e-03         8.9052999999999993e-06        -3.8223162599999999e-02         6.6228628299999995e-02        -3.7530631900000000e-02
3                                     -4.2046403599999997e-02         2.6620365199999999e-02         1.3690779999999999e-03         4.4954071800000002e-02        -2.0913166200000000e-02         3.7613778000000000e-03        -2.2039000000000000e-04         1.4855204600000000e-02
4                                      1.8209325600000000e-02        -2.8884985190000001e-01         8.9052999999999993e-06        -2.0913166200000000e-02         3.2181954709999999e-01        -2.9496917999999998e-03        -6.6133899999999994e-05        -1.0584016200000001e-02
5                                      9.1137620000000005e-04        -1.8940402999999999e-03        -3.8223162599999999e-02         3.7613778000000000e-03        -2.9496917999999998e-03         4.6894189300000000e-02         9.2986779999999997e-04        -1.8549987099999998e-02
6                                     -8.8080691399999994e-02         2.7883895900000000e-02         6.6228628299999995e-02        -2.2039000000000000e-04        -6.6133899999999994e-05         9.2986779999999997e-04         1.0418826480000000e-01        -3.0967798599999999e-02
7                                      2.7839294399999999e-02        -5.4808582600000003e-02        -3.7530631900000000e-02         1.4855204600000000e-02        -1.0584016200000001e-02        -1.8549987099999998e-02        -3.0967798599999999e-02         6.7167327999999998e-02
8                                      7.0175094899999998e-02        -3.9842383900000000e-02        -1.2372050079999999e-01        -6.5340240000000000e-04         3.7385450000000002e-04         3.4091166000000000e-03        -7.1615974900000004e-02         4.0600629600000000e-02
9                                     -2.4500391450000000e-01        -1.0130708880000000e-01        -1.1921790000000000e-04         8.6812089999999998e-04        -1.2232765999999999e-03         1.2277542000000000e-03        -1.4416078800000001e-02        -8.4344095999999997e-03
10                                    -9.2901824100000002e-02        -8.6045207799999995e-02        -1.5636476000000000e-03        -3.1147499299999999e-02        -1.8184057199999999e-02         6.9662890000000001e-04         6.4310855000000002e-03         3.5686705000000001e-03
11                                     1.3133540999999999e-03        -2.1107430000000000e-04        -3.8231558300000003e-02        -8.1576199999999993e-05        -1.4830981000000000e-03         1.0184956999999999e-03         1.6459999300000000e-02         8.6066061000000006e-03
12                                    -3.2169626999999999e-02         6.3575706999999997e-03        -2.2552958700000000e-02        -2.8826121000000001e-03         3.3776202000000001e-03        -7.2647179999999999e-03         4.1947905999999997e-03        -2.6290686999999998e-03
13                                     6.3833357000000002e-03        -2.4801702500000002e-02         1.2999514100000000e-02         1.0628181299999999e-02        -4.8401115000000000e-03         2.2670460300000000e-02        -2.5908887000000002e-03         1.1065643000000001e-03
14                                    -3.0830404799999999e-02         1.7740542500000001e-02        -6.7048451199999998e-02        -5.9106109999999996e-03         5.7806486000000004e-03        -1.1346748000000000e-02        -6.8037573999999998e-03         3.9038694000000001e-03
15                                    -9.8652269999999990e-04         1.8315396000000001e-03         7.8124516000000000e-03        -6.7278699999999999e-04         6.1563090000000002e-04         4.3434200000000000e-04        -5.6658951999999999e-03        -6.6322219999999995e-04
16                                     1.8561507000000000e-03         1.1396554000000000e-03        -4.5418157999999997e-03        -4.3085600000000000e-05         6.3848959999999999e-04         2.6629900000000001e-05        -6.9016019999999995e-04        -6.4499639000000003e-03
17                                     1.1168560800000000e-02        -6.4207199000000000e-03        -2.7602224099999999e-02         1.5151337999999999e-03        -1.7306184000000001e-03        -1.7518911000000000e-03        -5.1987630999999999e-03         2.9695138999999999e-03
                                                         8                           9                          10                          11                          12                          13                          14                          15

0                                      7.0175094899999998e-02        -2.4500391450000000e-01        -9.2901824100000002e-02         1.3133540999999999e-03        -3.2169626999999999e-02         6.3833357000000002e-03        -3.0830404799999999e-02        -9.8652269999999990e-04
1                                     -3.9842383900000000e-02        -1.0130708880000000e-01        -8.6045207799999995e-02        -2.1107430000000000e-04         6.3575706999999997e-03        -2.4801702500000002e-02         1.7740542500000001e-02         1.8315396000000001e-03
2                                     -1.2372050079999999e-01        -1.1921790000000000e-04        -1.5636476000000000e-03        -3.8231558300000003e-02        -2.2552958700000000e-02         1.2999514100000000e-02        -6.7048451199999998e-02         7.8124516000000000e-03
3                                     -6.5340240000000000e-04         8.6812089999999998e-04        -3.1147499299999999e-02        -8.1576199999999993e-05        -2.8826121000000001e-03         1.0628181299999999e-02        -5.9106109999999996e-03        -6.7278699999999999e-04
4                                      3.7385450000000002e-04        -1.2232765999999999e-03        -1.8184057199999999e-02        -1.4830981000000000e-03         3.3776202000000001e-03        -4.8401115000000000e-03         5.7806486000000004e-03         6.1563090000000002e-04
5                                      3.4091166000000000e-03         1.2277542000000000e-03         6.9662890000000001e-04         1.0184956999999999e-03        -7.2647179999999999e-03         2.2670460300000000e-02        -1.1346748000000000e-02         4.3434200000000000e-04
6                                     -7.1615974900000004e-02        -1.4416078800000001e-02         6.4310855000000002e-03         1.6459999300000000e-02         4.1947905999999997e-03        -2.5908887000000002e-03        -6.8037573999999998e-03        -5.6658951999999999e-03
7                                      4.0600629600000000e-02        -8.4344095999999997e-03         3.5686705000000001e-03         8.6066061000000006e-03        -2.6290686999999998e-03         1.1065643000000001e-03         3.9038694000000001e-03        -6.6322219999999995e-04
8                                      1.2958433910000000e-01        -7.2821970000000002e-04         3.8719779999999999e-04         3.4758136000000001e-03         2.1591815999999998e-03        -1.1884654000000000e-03        -1.3998353200000001e-02         6.6332049999999997e-04
9                                     -7.2821970000000002e-04         2.6888061619999998e-01         1.1099103120000001e-01         5.3055780000000000e-03        -1.0382822300000000e-02        -1.0669218000000000e-03        -7.9290356999999999e-03         5.4078400000000000e-05
10                                     3.8719779999999999e-04         1.1099103120000001e-01         9.8024297499999996e-02        -1.3279734000000000e-03         6.2417254000000002e-03         2.7393131999999998e-03         2.2242602000000001e-03         3.8548130000000001e-04
11                                     3.4758136000000001e-03         5.3055780000000000e-03        -1.3279734000000000e-03         4.6888454900000001e-02        -2.3182075600000001e-02        -5.1964634000000003e-03        -1.1416872999999999e-02         1.8472040000000001e-04
12                                     2.1591815999999998e-03        -1.0382822300000000e-02         6.2417254000000002e-03        -2.3182075600000001e-02         4.0702430900000003e-02        -1.3443275399999999e-02         4.9082532900000003e-02         5.3784000000000004e-04
13                                    -1.1884654000000000e-03        -1.0669218000000000e-03         2.7393131999999998e-03        -5.1964634000000003e-03        -1.3443275399999999e-02         2.5147732300000000e-02        -2.8273336999999999e-02         8.9568799999999995e-05
14                                    -1.3998353200000001e-02        -7.9290356999999999e-03         2.2242602000000001e-03        -1.1416872999999999e-02         4.9082532900000003e-02        -2.8273336999999999e-02         1.0561488049999999e-01         2.3912759999999999e-03
15                                     6.6332049999999997e-04         5.4078400000000000e-05         3.8548130000000001e-04         1.8472040000000001e-04         5.3784000000000004e-04         8.9568799999999995e-05         2.3912759999999999e-03         6.7332866000000000e-03
16                                    -3.3083260000000002e-04         1.0406656000000001e-03        -1.0301630000000000e-04        -3.8799700000000001e-04         9.5427900000000002e-05         6.4820410000000002e-04        -1.3759836999999999e-03        -2.2589984000000000e-03
17                                     1.2495847000000000e-03         2.2431411000000002e-03        -4.1646590000000001e-04        -1.7343329000000000e-03         1.7580378999999999e-03        -1.0117087000000001e-03        -1.8044552000000000e-03        -1.1486110500000001e-02
                                                        16                          17

0                                      1.8561507000000000e-03         1.1168560800000000e-02
1                                      1.1396554000000000e-03        -6.4207199000000000e-03
2                                     -4.5418157999999997e-03        -2.7602224099999999e-02
3                                     -4.3085600000000000e-05         1.5151337999999999e-03
4                                      6.3848959999999999e-04        -1.7306184000000001e-03
5                                      2.6629900000000001e-05        -1.7518911000000000e-03
6                                     -6.9016019999999995e-04        -5.1987630999999999e-03
7                                     -6.4499639000000003e-03         2.9695138999999999e-03
8                                     -3.3083260000000002e-04         1.2495847000000000e-03
9                                      1.0406656000000001e-03         2.2431411000000002e-03
10                                    -1.0301630000000000e-04        -4.1646590000000001e-04
11                                    -3.8799700000000001e-04        -1.7343329000000000e-03
12                                     9.5427900000000002e-05         1.7580378999999999e-03
13                                     6.4820410000000002e-04        -1.0117087000000001e-03
14                                    -1.3759836999999999e-03        -1.8044552000000000e-03
15                                    -2.2589984000000000e-03        -1.1486110500000001e-02
16                                     4.1266311000000000e-03         6.6099990999999997e-03
17                                     6.6099990999999997e-03         3.1643318599999998e-02
   &MODES [&Type "ArrayOfDoubles", &Dim (18,18)] "The modes of vibrations"
                                                         0                           1                           2                           3                           4                           5                           6                           7

0                                      0.0000000000000000e+00         0.0000000000000000e+00         0.0000000000000000e+00         0.0000000000000000e+00         0.0000000000000000e+00         0.0000000000000000e+00        -1.2339936132820170e-01        -1.3120901076721914e-01
1                                      0.0000000000000000e+00         0.0000000000000000e+00         0.0000000000000000e+00         0.0000000000000000e+00         0.0000000000000000e+00         0.0000000000000000e+00         7.0952537166095675e-02         7.4550358871441083e-02
2                                      0.0000000000000000e+00         0.0000000000000000e+00         0.0000000000000000e+00         0.0000000000000000e+00         0.0000000000000000e+00         0.0000000000000000e+00         5.2095514150265303e-02         5.8377649900813400e-02
3                                      0.0000000000000000e+00         0.0000000000000000e+00         0.0000000000000000e+00         0.0000000000000000e+00         0.0000000000000000e+00         0.0000000000000000e+00        -1.2165327842849730e-01        -1.2132857949115936e-01
4                                      0.0000000000000000e+00         0.0000000000000000e+00         0.0000000000000000e+00         0.0000000000000000e+00         0.0000000000000000e+00         0.0000000000000000e+00         7.1870867595401997e-02         7.4386216859226140e-02
5                                      0.0000000000000000e+00         0.0000000000000000e+00         0.0000000000000000e+00         0.0000000000000000e+00         0.0000000000000000e+00         0.0000000000000000e+00         1.0029148865661174e-01         1.2063714975679059e-01
6                                      0.0000000000000000e+00         0.0000000000000000e+00         0.0000000000000000e+00         0.0000000000000000e+00         0.0000000000000000e+00         0.0000000000000000e+00        -1.5587826351781350e-01        -1.8131029387487602e-01
7                                      0.0000000000000000e+00         0.0000000000000000e+00         0.0000000000000000e+00         0.0000000000000000e+00         0.0000000000000000e+00         0.0000000000000000e+00         8.9155068171631713e-02         9.8862937160185627e-02
8                                      0.0000000000000000e+00         0.0000000000000000e+00         0.0000000000000000e+00         0.0000000000000000e+00         0.0000000000000000e+00         0.0000000000000000e+00         1.0420901582657181e-02         1.3792446774737023e-02
9                                      0.0000000000000000e+00         0.0000000000000000e+00         0.0000000000000000e+00         0.0000000000000000e+00         0.0000000000000000e+00         0.0000000000000000e+00        -1.2381037925565001e-01        -1.3030184372838896e-01
10                                     0.0000000000000000e+00         0.0000000000000000e+00         0.0000000000000000e+00         0.0000000000000000e+00         0.0000000000000000e+00         0.0000000000000000e+00         6.9656533548594413e-02         7.4500451509034629e-02
11                                     0.0000000000000000e+00         0.0000000000000000e+00         0.0000000000000000e+00         0.0000000000000000e+00         0.0000000000000000e+00         0.0000000000000000e+00         1.0022204620365531e-01         1.2465053335415004e-01
12                                     0.0000000000000000e+00         0.0000000000000000e+00         0.0000000000000000e+00         0.0000000000000000e+00         0.0000000000000000e+00         0.0000000000000000e+00         1.3415822398403124e-02         9.0860566208209106e-03
13                                     0.0000000000000000e+00         0.0000000000000000e+00         0.0000000000000000e+00         0.0000000000000000e+00         0.0000000000000000e+00         0.0000000000000000e+00        -7.7013181104510975e-03        -5.1730928728110298e-03
14                                     0.0000000000000000e+00         0.0000000000000000e+00         0.0000000000000000e+00         0.0000000000000000e+00         0.0000000000000000e+00         0.0000000000000000e+00        -4.5101646529256065e-02         2.2627632719149526e-02
15                                     0.0000000000000000e+00         0.0000000000000000e+00         0.0000000000000000e+00         0.0000000000000000e+00         0.0000000000000000e+00         0.0000000000000000e+00         4.2887576368680728e-02         6.7711324726426825e-02
16                                     0.0000000000000000e+00         0.0000000000000000e+00         0.0000000000000000e+00         0.0000000000000000e+00         0.0000000000000000e+00         0.0000000000000000e+00        -2.4708050107752691e-02        -3.8521204455203274e-02
17                                     0.0000000000000000e+00         0.0000000000000000e+00         0.0000000000000000e+00         0.0000000000000000e+00         0.0000000000000000e+00         0.0000000000000000e+00         1.4555639674145990e-01        -1.4581927456276869e-01
                                                         8                           9                          10                          11                          12                          13                          14                          15

0                                      4.6378565417572772e-02         8.4673410596344936e-02         7.8247242781203735e-02         4.8012675062359268e-02        -2.2893340358458809e-02        -2.8629617970234618e-02         6.0778953762470639e-02        -4.3083903761624069e-02
1                                      8.3655236813303224e-02        -4.8834446823208796e-02        -4.3839983342308854e-02         8.5066049825297016e-02         1.3195618701618004e-02        -5.0392929998271919e-02        -3.4683788904645518e-02         2.4442646923419561e-02
2                                      5.7657939549291611e-04         2.2810664471085124e-01        -2.9071402069858095e-02         3.9069526630453066e-04        -9.7705341382022221e-02        -2.0287122019873579e-05        -1.0849698777620716e-02         5.8315699045377381e-02
3                                     -4.7580114183141659e-01         6.7758958859266777e-02        -3.7748281119522283e-02        -3.3052291937885364e-01         7.3430199757972492e-02         1.4971050602676425e-01        -6.6700282626764706e-01        -1.4454350768104132e-02
4                                      3.7297871898264078e-02        -4.6160069798760479e-02        -3.3038928089540689e-02         2.9037252007669691e-02         1.7213692674274025e-02        -9.2473317925901403e-03        -6.2696114740859482e-02         4.2953115396299091e-02
5                                      2.4635798839846765e-01         1.6037580188750794e-01         3.9362790936737191e-01        -5.2439292927005954e-01         5.2044987119660513e-01        -4.0120917588903787e-01         5.7752509618240883e-03         9.4163120892496663e-03
6                                      2.5932167178669663e-01         6.7051763459824318e-02        -4.2737450685593359e-01        -1.6056172216213380e-01         3.7826478541872105e-01         3.7830828454236870e-01         1.3635056547686805e-01         5.7482718557822710e-01
7                                      4.5701009828495326e-01        -3.8659010495724205e-02         2.4297154094186915e-01        -2.8699458515208259e-01        -2.1564927948206619e-01         6.6506832665861471e-01        -7.8312645459967897e-02        -3.2597590472165472e-01
8                                      1.6664181142953666e-03         2.1509732759024527e-01        -5.6590542573520086e-01         2.4771335699338638e-03         3.5275554819303834e-01         1.0489249577385995e-03         9.9618188297693575e-02        -6.9372943137521115e-01
9                                      2.7213959296768353e-01         7.4012602131803606e-02         1.1143537606561974e-02         1.9161523533577848e-01         2.1109178970679324e-02        -8.4936307699377822e-02        -2.8444876904611766e-01        -4.4325961699204296e-02
10                                    -3.8917726028375965e-01        -3.5464337576936886e-02         4.4200995552712896e-02        -2.7252964827331350e-01        -7.3534819359467388e-02         1.2344204727181367e-01         6.0634956441122312e-01        -9.3849770111447146e-03
11                                    -2.4558759705414490e-01         1.6038621851245949e-01         3.9929052161429518e-01         5.1874003221522402e-01         5.2195652823218974e-01         4.0020102853183592e-01         7.2138345928642331e-03         9.4641921469407492e-03
12                                    -3.1532047830348468e-03        -1.7195031947048703e-02        -6.6774208217871287e-03        -3.8376205733427313e-03        -2.0975454480804678e-03        -8.0696432641153872e-04         1.1815203598196486e-03         1.2998318596703780e-04
13                                    -5.7004709893868234e-03         9.9118670537571320e-03         3.7527326917731500e-03        -6.8058562651475158e-03         1.2030004833562483e-03        -1.4138190725690883e-03        -6.7621801266469397e-04        -7.4929235160711108e-05
14                                     1.6872876632120798e-04        -3.4180346640872612e-02         4.3159915306844725e-04        -1.0817744479416528e-05        -2.6318972673049067e-03        -1.5204353787682168e-06         4.4383510376424200e-04         1.6081408943145972e-04
15                                    -1.9013437781468013e-02         7.7048535029998200e-03         2.7007777127907471e-03         1.6744291552235962e-03        -1.7907571909397716e-03        -2.0149674498338402e-03        -1.4726035977644198e-04        -6.8850071448076566e-04
16                                    -3.4492429355260083e-02        -4.4300427196147371e-03        -1.5500568175852495e-03         2.9892866829514496e-03         1.0282058412095789e-03        -3.5405579728090652e-03         8.1760032715400569e-05         3.7652606376147886e-04
17                                    -1.2034439142339704e-03        -2.8893853868325398e-02         4.5195667250478369e-03        -3.3010499362957083e-05        -1.1841139175532607e-03         1.7056931677193728e-05        -9.8193624676078833e-04        -1.7386666187739989e-03
                                                        16                          17

0                                      4.9847574342069358e-02        -4.6007854506009450e-02
1                                     -3.3576705653094195e-02        -7.4393517972332374e-02
2                                     -1.6160232422588908e-03        -1.0715216784168274e-04
3                                     -2.9397588615573986e-02        -7.3237158335745234e-02
4                                      7.2079716924080561e-01         6.3088064473132455e-01
5                                     -9.8202053357538694e-03        -1.5949842412609058e-03
6                                     -5.9521757814520078e-03        -1.7596826507406571e-02
7                                      1.2197710927739944e-03        -3.1300907459033474e-02
8                                      2.7773509691402909e-02        -1.4726167061183855e-03
9                                     -5.7416671277946751e-01         6.4189204465813166e-01
10                                    -3.1281784676701491e-01         2.9013048481965070e-01
11                                    -1.1922557242323972e-02         4.9369307254319627e-03
12                                     1.8750532095343077e-04        -5.8066684724765151e-05
13                                    -1.1303918397708067e-04        -8.0575412979056910e-05
14                                     2.2270610371491660e-04        -1.0169951559422160e-05
15                                     3.6410065645404577e-05         9.3343735534727367e-05
16                                    -7.9505166866891021e-06         1.6583935119666377e-04
17                                    -2.3492765629445014e-04         1.1332740355153630e-05
$End
$THERMOCHEMISTRY_Energies
   &GeometryIndex 9
   &temperature [&Type "Double"]       2.9814999999999998e+02
   &pressure [&Type "Double"]       1.0000000000000000e+00
   &totalMass [&Type "Double"]       1.1393300000000001e+02
   &spinDegeneracy [&Type "Integer"] 1
   &elEnergy [&Type "Double"]      -1.2689323092170000e+01
   &transEnergy [&Type "Double"]       1.4162714244859817e-03
   &rotEnergy [&Type "Double"]       1.4162714244859817e-03
   &vibEnergy [&Type "Double"]       1.8583239263341769e-03
   &numOfFreqs [&Type "Integer"] 18
   &freqScalingFactor [&Type "Double"]       1.0000000000000000e+00
   &FREQ [&Type "ArrayOfDoubles", &Units "cm^-1", &Dim (18,1)] 
                                                         0

0                                      0.0000000000000000e+00
1                                      0.0000000000000000e+00
2                                      0.0000000000000000e+00
3                                      0.0000000000000000e+00
4                                      0.0000000000000000e+00
5                                      0.0000000000000000e+00
6                                      9.3466045306004929e+01
7                                      2.9351207688532617e+02
8                                      3.2320828731372472e+02
9                                      5.5670527536128691e+02
10                                     9.4535281337488743e+02
11                                     1.0103770638099840e+03
12                                     1.3173760957587110e+03
13                                     1.3947697768547605e+03
14                                     1.4371613721289941e+03
15                                     2.4232512510019415e+03
16                                     3.0130897228526678e+03
17                                     3.0199419118850624e+03
   &zpe [&Type "Double"]       3.6059319511395765e-02
   &innerEnergyU [&Type "Double"]      -1.2648572905883299e+01
   &enthalpyH [&Type "Double"]      -1.2647628696841039e+01
   &qEl [&Type "Double"]       0.0000000000000000e+00
   &qRot [&Type "Double"]       1.2195317382460822e-02
   &qVib [&Type "Double"]       3.2126212197620125e-03
   &qTrans [&Type "Double"]       1.9055981088661803e-02
   &entropyS [&Type "Double"]       3.4463919690884637e-02
   &freeEnergyG [&Type "Double"]      -1.2682092616531923e+01
   &isLinear [&Type "Boolean"] false
$End
$Calculation_Info
   &GeometryIndex 9
   &Mult [&Type "Integer"] 1
   &Charge [&Type "Integer"] -1
   &NumOfAtoms [&Type "Integer"] 6
   &NumOfElectrons [&Type "Integer"] 0
   &NumOfBasisFuncts [&Type "Integer"] 0
   &NumOfAuxCBasisFuncts [&Type "Integer"] 0
   &NumOfAuxJBasisFuncts [&Type "Integer"] 0
   &NumOfAuxJKBasisFuncts [&Type "Integer"] 0
   &NumOfCABSBasisFuncts [&Type "Integer"] 0
$End
$Calculation_Timings
   &GeometryIndex 9
   &GSTEP [&Type "Double"]       1.5993999999999564e-02
   &XTB [&Type "Double"]       1.3249879999999998e+00
   &XTBGRAD [&Type "Double"]       3.2419999999999671e-03
   &SUM [&Type "Double"]       1.3442239999999994e+00
$End
