*************************************************
******************* ORCA 6.1.0 ******************
*************************************************
$Calculation_Status
   &GeometryIndex 0
   &version [&Type "String"] "6.1.0"
   &progName [&Type "String"] "orca"
   &Status [&Type "String"] "NORMAL TERMINATION"
$End
$Geometry
   &GeometryIndex 1
   &NAtoms [&Type "Integer"] 6
   &NCorelessECP [&Type "Integer"] 0
   &NGhostAtoms [&Type "Integer"] 0
   &CartesianCoordinates [&Type "Coordinates", &Dim(6,4), &Units "Bohr"] 
              C      0.000018897261   -0.000066140415    0.818177716669
              H      0.000000000000    1.942959719114    0.176594907215
              H      1.682508214706   -0.971328681466    0.176604355846
              H     -1.682521442789   -0.971341909549    0.176602466119
              Cl    -0.000001889726    0.000013228083    4.190720925272
              I     -0.000005669178    0.000020786987   -5.284352682126
$End
$Single_Point_Data
   &GeometryIndex 1
   &FinalEnergy [&Type "Double"]      -1.2286173632660001e+01  "Final single point energy"
   &Converged [&Type "Boolean"] true
$End
$Geometry
   &GeometryIndex 2
   &NAtoms [&Type "Integer"] 6
   &NCorelessECP [&Type "Integer"] 0
   &NGhostAtoms [&Type "Integer"] 0
   &CartesianCoordinates [&Type "Coordinates", &Dim(6,4), &Units "Bohr"] 
              C      0.000008761164   -0.000004933070    0.825315176357
              H     -0.000006745386    1.942397131333    0.183346395003
              H      1.682161846340   -0.971100042284    0.183294781267
              H     -1.682158744168   -0.971096052021    0.183302469485
              Cl    -0.000002562011    0.000036205224    4.198715029105
              I     -0.000004445665    0.000024693571   -5.319626162222
$End
$Single_Point_Data
   &GeometryIndex 2
   &FinalEnergy [&Type "Double"]      -1.2286224821699999e+01  "Final single point energy"
   &Converged [&Type "Boolean"] true
$End
$Geometry
   &GeometryIndex 3
   &NAtoms [&Type "Integer"] 6
   &NCorelessECP [&Type "Integer"] 0
   &NGhostAtoms [&Type "Integer"] 0
   &CartesianCoordinates [&Type "Coordinates", &Dim(6,4), &Units "Bohr"] 
              C     -0.000001533535    0.000055839311    0.835382755271
              H     -0.000005312073    1.942823620206    0.193135804737
              H      1.682516147165   -0.971329702017    0.193091233759
              H     -1.682514455021   -0.971328181965    0.193097561448
              Cl     0.000004337029    0.000016189079    4.207216956121
              I     -0.000001073292    0.000019238140   -5.367576622341
$End
$Single_Point_Data
   &GeometryIndex 3
   &FinalEnergy [&Type "Double"]      -1.2286254484230000e+01  "Final single point energy"
   &Converged [&Type "Boolean"] true
$End
$Geometry
   &GeometryIndex 4
   &NAtoms [&Type "Integer"] 6
   &NCorelessECP [&Type "Integer"] 0
   &NGhostAtoms [&Type "Integer"] 0
   &CartesianCoordinates [&Type "Coordinates", &Dim(6,4), &Units "Bohr"] 
              C     -0.000001870327    0.000057536682    0.837467924413
              H     -0.000003144884    1.943003143106    0.195195558278
              H      1.682640822955   -0.971416955514    0.195165845328
              H     -1.682642140927   -0.971419676266    0.195169959141
              Cl     0.000005433926    0.000011879541    4.207651820967
              I     -0.000000990469    0.000021075205   -5.376303419132
$End
$Single_Point_Data
   &GeometryIndex 4
   &FinalEnergy [&Type "Double"]      -1.2286255736279999e+01  "Final single point energy"
   &Converged [&Type "Boolean"] true
$End
$Geometry
   &GeometryIndex 5
   &NAtoms [&Type "Integer"] 6
   &NCorelessECP [&Type "Integer"] 0
   &NGhostAtoms [&Type "Integer"] 0
   &CartesianCoordinates [&Type "Coordinates", &Dim(6,4), &Units "Bohr"] 
              C     -0.000001099904    0.000052764422    0.838045439330
              H     -0.000002462099    1.943024146466    0.195612373719
              H      1.682655245462   -0.971429314882    0.195586789736
              H     -1.682656574248   -0.971432830357    0.195590486884
              Cl     0.000004616571    0.000016807701    4.207278423159
              I     -0.000001615509    0.000025429404   -5.377765823833
$End
$Single_Point_Data
   &GeometryIndex 5
   &FinalEnergy [&Type "Double"]      -1.2286255883640001e+01  "Final single point energy"
   &Converged [&Type "Boolean"] true
$End
$Hessian
   &GeometryIndex 5
   &HESSIAN [&Type "ArrayOfDoubles", &Dim (18,18)] "The Hessian"
                                                         0                           1                           2                           3                           4                           5                           6                           7

0                                      5.0693674730000005e-01         2.8669999999999999e-07        -1.0274999999999999e-06        -4.2593095400000003e-02        -8.1350000000000003e-07         3.0950000000000001e-07        -2.1799960870000001e-01         1.0127270519999999e-01
1                                      2.8669999999999999e-07         5.0693654880000005e-01        -1.0449999999999999e-06        -8.1829999999999996e-07        -2.7647955060000001e-01         7.7238792500000000e-02         1.0127542750000000e-01        -1.0105741779999999e-01
2                                     -1.0274999999999999e-06        -1.0449999999999999e-06         2.6630235870000002e-01         2.9130000000000002e-07         7.2442541299999996e-02        -5.6029763500000003e-02         6.2738394099999997e-02        -3.6222829300000002e-02
3                                     -4.2593095400000003e-02        -8.1829999999999996e-07         2.9130000000000002e-07         4.4436107699999998e-02         8.8749999999999997e-07        -2.6430000000000000e-07        -1.3432358000000000e-03         2.6430766500000001e-02
4                                     -8.1350000000000003e-07        -2.7647955060000001e-01         7.2442541299999996e-02         8.8749999999999997e-07         3.0895578350000003e-01        -8.3439288299999997e-02         2.0491061999999998e-03        -1.7787230300000002e-02
5                                      3.0950000000000001e-07         7.7238792500000000e-02        -5.6029763500000003e-02        -2.6430000000000000e-07        -8.3439288299999997e-02         7.2781547599999996e-02        -1.7968850000000001e-04        -6.9721039000000002e-03
6                                     -2.1799960870000001e-01         1.0127542750000000e-01         6.2738394099999997e-02        -1.3432358000000000e-03         2.0491061999999998e-03        -1.7968850000000001e-04         2.4281865799999999e-01        -1.1453839070000001e-01
7                                      1.0127270519999999e-01        -1.0105741779999999e-01        -3.6222829300000002e-02         2.6430766500000001e-02        -1.7787230300000002e-02        -6.9721039000000002e-03        -1.1453839070000001e-01         1.1056411750000000e-01
8                                      6.6892010299999999e-02        -3.8619568299999997e-02        -5.6032185499999998e-02        -6.1277194000000004e-03         3.3303568999999999e-03         3.8983518999999999e-03        -7.2261951099999999e-02         4.1720412800000002e-02
9                                     -2.1800261979999999e-01        -1.0127492150000000e-01        -6.2737280199999995e-02        -1.3434194999999999e-03        -2.0492087000000001e-03         1.7968360000000000e-04        -2.6008132400000002e-02        -1.2189958500000000e-02
10                                    -1.0127218270000000e-01        -1.0105584510000000e-01        -3.6221417100000000e-02        -2.6430937299999999e-02        -1.7786921399999999e-02        -6.9718541000000000e-03         1.2190263700000000e-02         6.8765329999999998e-03
11                                    -6.6890928700000005e-02        -3.8618206099999997e-02        -5.6031049300000003e-02         6.1278030000000002e-03         3.3303181000000001e-03         3.8982984999999999e-03         5.9481445000000004e-03         3.6413478999999999e-03
12                                    -2.6972176099999998e-02         2.8200000000000001e-08        -3.9950000000000000e-07         1.1938827000000001e-03         2.3400000000000001e-08        -2.4100000000000001e-08         2.3547505999999998e-03        -6.7037460000000004e-04
13                                     1.0999999999999999e-09        -2.6973327400000000e-02         2.2073999999999998e-06         1.0349999999999999e-07         2.7433156999999999e-03         2.0499658099999998e-02        -6.7121510000000000e-04         1.5791170000000001e-03
14                                    -3.7749999999999999e-07        -2.5080000000000000e-07        -1.0146170780000000e-01        -1.0480000000000000e-07         3.4289866000000000e-03        -2.1781126899999999e-02         2.9695199999999998e-03        -1.7129644999999999e-03
15                                    -1.3692474000000000e-03        -2.6000000000000001e-09         2.1800000000000000e-08        -3.5023969999999999e-04         5.1000000000000002e-09        -1.6099999999999999e-08         1.7756830000000001e-04        -3.0474799999999998e-04
16                                     3.2000000000000001e-09        -1.3704079000000000e-03         5.4270000000000001e-07        -1.9000000000000001e-09         3.5460299999999999e-04        -3.5520430000000002e-04        -3.0519169999999998e-04        -1.7511940000000000e-04
17                                     1.3900000000000000e-08         2.7780000000000001e-07         3.2523474000000002e-03        -5.7999999999999998e-09         9.0708539999999999e-04        -2.7673075999999999e-03         7.8558109999999997e-04        -4.5386299999999999e-04
                                                         8                           9                          10                          11                          12                          13                          14                          15

0                                      6.6892010299999999e-02        -2.1800261979999999e-01        -1.0127218270000000e-01        -6.6890928700000005e-02        -2.6972176099999998e-02         1.0999999999999999e-09        -3.7749999999999999e-07        -1.3692474000000000e-03
1                                     -3.8619568299999997e-02        -1.0127492150000000e-01        -1.0105584510000000e-01        -3.8618206099999997e-02         2.8200000000000001e-08        -2.6973327400000000e-02        -2.5080000000000000e-07        -2.6000000000000001e-09
2                                     -5.6032185499999998e-02        -6.2737280199999995e-02        -3.6221417100000000e-02        -5.6031049300000003e-02        -3.9950000000000000e-07         2.2073999999999998e-06        -1.0146170780000000e-01         2.1800000000000000e-08
3                                     -6.1277194000000004e-03        -1.3434194999999999e-03        -2.6430937299999999e-02         6.1278030000000002e-03         1.1938827000000001e-03         1.0349999999999999e-07        -1.0480000000000000e-07        -3.5023969999999999e-04
4                                      3.3303568999999999e-03        -2.0492087000000001e-03        -1.7786921399999999e-02         3.3303181000000001e-03         2.3400000000000001e-08         2.7433156999999999e-03         3.4289866000000000e-03         5.1000000000000002e-09
5                                      3.8983518999999999e-03         1.7968360000000000e-04        -6.9718541000000000e-03         3.8982984999999999e-03        -2.4100000000000001e-08         2.0499658099999998e-02        -2.1781126899999999e-02        -1.6099999999999999e-08
6                                     -7.2261951099999999e-02        -2.6008132400000002e-02         1.2190263700000000e-02         5.9481445000000004e-03         2.3547505999999998e-03        -6.7121510000000000e-04         2.9695199999999998e-03         1.7756830000000001e-04
7                                      4.1720412800000002e-02        -1.2189958500000000e-02         6.8765329999999998e-03         3.6413478999999999e-03        -6.7037460000000004e-04         1.5791170000000001e-03        -1.7129644999999999e-03        -3.0474799999999998e-04
8                                      7.2783789000000002e-02        -5.9478341000000004e-03         3.6412831000000000e-03         3.8986210000000001e-03         1.7753038100000000e-02        -1.0250043800000001e-02        -2.1780962599999999e-02        -3.0754360000000001e-04
9                                     -5.9478341000000004e-03         2.4282203720000001e-01         1.1453775680000000e-01         7.2260808199999998e-02         2.3545648999999998e-03         6.7113190000000003e-04        -2.9697717000000002e-03         1.7756970000000000e-04
10                                     3.6412831000000000e-03         1.1453775680000000e-01         1.1056220329999999e-01         4.1718781300000000e-02         6.7035730000000000e-04         1.5791421000000000e-03        -1.7129364999999999e-03         3.0474220000000000e-04
11                                     3.8986210000000001e-03         7.2260808199999998e-02         4.1718781300000000e-02         7.2782411300000002e-02        -1.7753340499999999e-02        -1.0249824899999999e-02        -2.1780696600000000e-02         3.0751349999999999e-04
12                                     1.7753038100000000e-02         2.3545648999999998e-03         6.7035730000000000e-04        -1.7753340499999999e-02         2.0291854799999998e-02        -2.3300000000000000e-08         7.6030000000000005e-07         7.7712319999999997e-04
13                                    -1.0250043800000001e-02         6.7113190000000003e-04         1.5791421000000000e-03        -1.0249824899999999e-02        -2.3300000000000000e-08         2.0293596699999999e-02        -2.2166000000000001e-06         1.8000000000000000e-09
14                                    -2.1780962599999999e-02        -2.9697717000000002e-03        -1.7129364999999999e-03        -2.1780696600000000e-02         7.6030000000000005e-07        -2.2166000000000001e-06         1.7394271450000001e-01        -2.6300000000000001e-08
15                                    -3.0754360000000001e-04         1.7756970000000000e-04         3.0474220000000000e-04         3.0751349999999999e-04         7.7712319999999997e-04         1.8000000000000000e-09        -2.6300000000000001e-08         5.8722590000000001e-04
16                                     1.7755940000000001e-04         3.0519999999999999e-04        -1.7511189999999999e-04         1.7758370000000001e-04        -1.0999999999999999e-08         7.7815580000000005e-04        -6.1819999999999996e-07         1.5000000000000000e-09
17                                    -2.7676138000000002e-03        -7.8560559999999997e-04        -4.5385670000000001e-04        -2.7675848999999999e-03        -3.4399999999999997e-08         2.1980000000000000e-07        -7.1382205000000004e-03         5.0799999999999998e-08
                                                        16                          17

0                                      3.2000000000000001e-09         1.3900000000000000e-08
1                                     -1.3704079000000000e-03         2.7780000000000001e-07
2                                      5.4270000000000001e-07         3.2523474000000002e-03
3                                     -1.9000000000000001e-09        -5.7999999999999998e-09
4                                      3.5460299999999999e-04         9.0708539999999999e-04
5                                     -3.5520430000000002e-04        -2.7673075999999999e-03
6                                     -3.0519169999999998e-04         7.8558109999999997e-04
7                                     -1.7511940000000000e-04        -4.5386299999999999e-04
8                                      1.7755940000000001e-04        -2.7676138000000002e-03
9                                      3.0519999999999999e-04        -7.8560559999999997e-04
10                                    -1.7511189999999999e-04        -4.5385670000000001e-04
11                                     1.7758370000000001e-04        -2.7675848999999999e-03
12                                    -1.0999999999999999e-08        -3.4399999999999997e-08
13                                     7.7815580000000005e-04         2.1980000000000000e-07
14                                    -6.1819999999999996e-07        -7.1382205000000004e-03
15                                     1.5000000000000000e-09         5.0799999999999998e-08
16                                     5.8788039999999996e-04         1.3670000000000000e-07
17                                     1.3670000000000000e-07         1.2188379399999999e-02
   &MODES [&Type "ArrayOfDoubles", &Dim (18,18)] "The modes of vibrations"
                                                         0                           1                           2                           3                           4                           5                           6                           7

0                                      0.0000000000000000e+00         0.0000000000000000e+00         0.0000000000000000e+00         0.0000000000000000e+00         0.0000000000000000e+00         0.0000000000000000e+00         2.2159917773944310e-01        -3.5648975991978311e-04
1                                      0.0000000000000000e+00         0.0000000000000000e+00         0.0000000000000000e+00         0.0000000000000000e+00         0.0000000000000000e+00         0.0000000000000000e+00        -4.2872146862202543e-04         2.4693964057133061e-02
2                                      0.0000000000000000e+00         0.0000000000000000e+00         0.0000000000000000e+00         0.0000000000000000e+00         0.0000000000000000e+00         0.0000000000000000e+00        -2.2195994429706993e-04        -1.1960823406179415e-01
3                                      0.0000000000000000e+00         0.0000000000000000e+00         0.0000000000000000e+00         0.0000000000000000e+00         0.0000000000000000e+00         0.0000000000000000e+00         2.7214727931907279e-01        -4.3795263232231666e-04
4                                      0.0000000000000000e+00         0.0000000000000000e+00         0.0000000000000000e+00         0.0000000000000000e+00         0.0000000000000000e+00         0.0000000000000000e+00        -5.3056115454211546e-04         3.1745740472365606e-02
5                                      0.0000000000000000e+00         0.0000000000000000e+00         0.0000000000000000e+00         0.0000000000000000e+00         0.0000000000000000e+00         0.0000000000000000e+00        -5.1687601307138923e-04        -9.5252462753285555e-02
6                                      0.0000000000000000e+00         0.0000000000000000e+00         0.0000000000000000e+00         0.0000000000000000e+00         0.0000000000000000e+00         0.0000000000000000e+00         2.7450058267190564e-01         3.3769776805949060e-04
7                                      0.0000000000000000e+00         0.0000000000000000e+00         0.0000000000000000e+00         0.0000000000000000e+00         0.0000000000000000e+00         0.0000000000000000e+00        -1.8509637702395158e-03         2.9881179099785580e-02
8                                      0.0000000000000000e+00         0.0000000000000000e+00         0.0000000000000000e+00         0.0000000000000000e+00         0.0000000000000000e+00         0.0000000000000000e+00         1.3765924162331919e-01        -1.2205447417971069e-01
9                                      0.0000000000000000e+00         0.0000000000000000e+00         0.0000000000000000e+00         0.0000000000000000e+00         0.0000000000000000e+00         0.0000000000000000e+00         2.7449072599273755e-01        -1.2205937576094538e-03
10                                     0.0000000000000000e+00         0.0000000000000000e+00         0.0000000000000000e+00         0.0000000000000000e+00         0.0000000000000000e+00         0.0000000000000000e+00         7.9291795883118478e-04         2.9876474567437781e-02
11                                     0.0000000000000000e+00         0.0000000000000000e+00         0.0000000000000000e+00         0.0000000000000000e+00         0.0000000000000000e+00         0.0000000000000000e+00        -1.3777220516987690e-01        -1.2161134731576886e-01
12                                     0.0000000000000000e+00         0.0000000000000000e+00         0.0000000000000000e+00         0.0000000000000000e+00         0.0000000000000000e+00         0.0000000000000000e+00        -6.0885802391837593e-02         9.7866017308702771e-05
13                                     0.0000000000000000e+00         0.0000000000000000e+00         0.0000000000000000e+00         0.0000000000000000e+00         0.0000000000000000e+00         0.0000000000000000e+00         1.1780114695226967e-04        -6.7848581376132033e-03
14                                     0.0000000000000000e+00         0.0000000000000000e+00         0.0000000000000000e+00         0.0000000000000000e+00         0.0000000000000000e+00         0.0000000000000000e+00        -2.1802956752965243e-04        -1.1829247923456716e-01
15                                     0.0000000000000000e+00         0.0000000000000000e+00         0.0000000000000000e+00         0.0000000000000000e+00         0.0000000000000000e+00         0.0000000000000000e+00        -1.0486612043484764e-02         1.6891804614644055e-05
16                                     0.0000000000000000e+00         0.0000000000000000e+00         0.0000000000000000e+00         0.0000000000000000e+00         0.0000000000000000e+00         0.0000000000000000e+00         2.0285936315194655e-05        -1.1685661783304160e-03
17                                     0.0000000000000000e+00         0.0000000000000000e+00         0.0000000000000000e+00         0.0000000000000000e+00         0.0000000000000000e+00         0.0000000000000000e+00         8.6923888295405556e-05         4.7061208795445814e-02
                                                         8                           9                          10                          11                          12                          13                          14                          15

0                                     -4.7141398266403072e-04        -1.3077628361279692e-06        -8.4475378855671350e-03         1.0396847988870438e-01         5.4266844116142646e-07         5.5672122816319443e-04         6.9799002881630906e-02        -1.7550288089144193e-06
1                                     -2.2022030441861773e-01         4.1561563952083257e-06        -1.0397013260551244e-01        -8.4478185221737705e-03        -2.9607599094041192e-07        -6.9793175048042638e-02         5.5673671063953252e-04         7.6724933937628791e-05
2                                     -1.3415182852909489e-02        -2.3050530181830300e-01        -2.4017871132809525e-06        -9.2177826409878388e-07         9.3107733427645945e-02         8.7329946553514370e-07        -3.7506479795619703e-07         3.6493331380475821e-02
3                                     -5.7720194918433503e-04        -7.7310800288414482e-07         1.7959321294559186e-02        -2.2101454638280391e-01        -2.9350702888652398e-06        -5.7961150639782473e-03        -7.2609587447972401e-01        -1.9329836023703257e-06
4                                     -2.7342643722320759e-01         1.5673974710205232e-02         1.4381315103438594e-01         1.1685450781804368e-02        -1.7447864737454002e-01        -1.1832292976507257e-01         9.4781616597319101e-04         5.4706571560286144e-01
5                                     -1.7070246060717220e-01        -1.4914435460183539e-01         7.0170663821953161e-01         5.7012551844643634e-02        -5.1426696957578244e-01        -2.8517450451635101e-01         2.2792437482756539e-03        -1.5913029517645930e-01
6                                      8.5385886794135907e-04         1.3567453808247618e-02         4.6693386355961403e-02        -1.6040183848748918e-01        -1.5112405126193337e-01         3.6489959193184257e-01        -9.5702271734151190e-02         4.7464687489677299e-01
7                                     -2.7129373002742074e-01        -7.8345403887121971e-03         2.0444852799303956e-01        -1.7029808099112139e-02         8.7236724067781601e-02         5.1207025927333893e-01        -3.6975507764154364e-01        -2.7400114814937720e-01
8                                      6.6052472345982480e-02        -1.4914878866522738e-01        -3.0146488396704790e-01        -6.3619831080573352e-01        -5.1429582797547946e-01         1.4453653301697886e-01         2.4579617196724962e-01        -1.5946235773489878e-01
9                                     -2.0231749995661273e-03        -1.3569039373527644e-02        -2.0188835870049559e-02        -1.6583048827142283e-01         1.5111874810051915e-01        -3.6637526215334759e-01        -8.9865371274654188e-02        -4.7462427991010275e-01
10                                    -2.7129528964967803e-01        -7.8346079903857061e-03         1.9901674573653136e-01         4.9811482047331740e-02         8.7237553622739009e-02         5.1791043211855714e-01         3.6153549344988967e-01        -2.7398744718483281e-01
11                                     6.6636735207655048e-02        -1.4914938091914998e-01        -4.0021128376708237e-01         5.7919183491422133e-01        -5.1429638413396184e-01         1.4059787822787975e-01        -2.4806995189804115e-01        -1.5944896293074837e-01
12                                     1.2951915048709927e-04         3.8393626898138846e-07         1.6137012869798261e-03        -1.9860974974687043e-02         2.5045552739237113e-08         1.7571573049842785e-05         2.2020065255165516e-03        -1.6847409504664182e-08
13                                     6.0506709048636725e-02        -1.3092508009319577e-06         1.9860761537392857e-02         1.6137015709014565e-03         2.6719601949875293e-07        -2.2033774277478886e-03         1.7590242012131122e-05         2.3129676211327469e-07
14                                    -1.3262615228708923e-02         9.1034878329681809e-02        -2.3696327003768460e-08         1.3551374000866154e-07         1.0564211727661151e-02         9.5483367298934286e-07        -2.5429025870561756e-08         9.9549718173760210e-04
15                                     2.2307337502081365e-05         3.5251296687979361e-08        -4.4661697278474985e-06         5.5087328299462922e-05         7.0780687835229048e-09         1.5930588623246882e-07         1.9962684539249198e-05         6.6953754194672402e-09
16                                     1.0421318369000834e-02        -6.5939066773854787e-08        -5.5121893005895172e-05        -4.4655260142192295e-06        -1.1915604891473350e-08        -2.0085565578036704e-05         1.5248769376512217e-07         4.0931723196639312e-09
17                                     5.2769631050250286e-03        -6.1767509084885704e-05        -8.0873001239266571e-09         1.1233203261719719e-09         4.9134807374688605e-04        -3.0944841802106871e-08        -7.9660741963225513e-10         6.5021150305794720e-05
                                                        16                          17

0                                     -8.7126267429064347e-02        -1.7617034039664500e-03
1                                      1.7616678145225093e-03        -8.7126532620618383e-02
2                                     -1.0448068276009695e-06         3.1698356572110821e-05
3                                     -4.1017563124392704e-02        -8.2629309445672280e-04
4                                     -1.4895735615937059e-02         7.3626349233523969e-01
5                                      4.8646468452380855e-03        -2.4045502089655044e-01
6                                      5.4835596704713196e-01        -3.2499340402058774e-01
7                                     -3.3945001078060716e-01         1.4613608557757357e-01
8                                     -2.1055047460411544e-01         1.1581356869606090e-01
9                                      5.3479875324318815e-01         3.4689198240820773e-01
10                                     3.3327403485792634e-01         1.5973354937392034e-01
11                                     2.0569990223902090e-01         1.2422522926552972e-01
12                                    -1.6476852062431650e-04        -3.3116941134966443e-06
13                                     3.3331057488069958e-06        -1.6465368169148853e-04
14                                    -3.7952471902607946e-08         9.0924609586397958e-07
15                                     1.4506556571555001e-05         2.8656817130181281e-07
16                                    -2.9373906552800384e-07         1.4531583752776371e-05
17                                    -2.3039573835977632e-09         5.1916909497764062e-08
$End
$THERMOCHEMISTRY_Energies
   &GeometryIndex 5
   &temperature [&Type "Double"]       2.9814999999999998e+02
   &pressure [&Type "Double"]       1.0000000000000000e+00
   &totalMass [&Type "Double"]       1.7738800000000001e+02
   &spinDegeneracy [&Type "Integer"] 1
   &elEnergy [&Type "Double"]      -1.2286255883640001e+01
   &transEnergy [&Type "Double"]       1.4162714244859817e-03
   &rotEnergy [&Type "Double"]       1.4162714244859817e-03
   &vibEnergy [&Type "Double"]       2.4865590174205469e-03
   &numOfFreqs [&Type "Integer"] 18
   &freqScalingFactor [&Type "Double"]       1.0000000000000000e+00
   &FREQ [&Type "ArrayOfDoubles", &Units "cm^-1", &Dim (18,1)] 
                                                         0

0                                      0.0000000000000000e+00
1                                      0.0000000000000000e+00
2                                      0.0000000000000000e+00
3                                      0.0000000000000000e+00
4                                      0.0000000000000000e+00
5                                      0.0000000000000000e+00
6                                      9.3326308301524776e+01
7                                      9.3359641080956209e+01
8                                      9.3377890574137027e+01
9                                      6.3422834796584300e+02
10                                     9.8343560169814020e+02
11                                     9.8343873374287330e+02
12                                     1.3066025037408779e+03
13                                     1.4387915671514766e+03
14                                     1.4388284484693154e+03
15                                     3.0611631828688774e+03
16                                     3.0752174911215930e+03
17                                     3.0752375392397744e+03
   &zpe [&Type "Double"]       3.7081751036263877e-02
   &innerEnergyU [&Type "Double"]      -1.2243855030737347e+01
   &enthalpyH [&Type "Double"]      -1.2242910821695087e+01
   &qEl [&Type "Double"]       0.0000000000000000e+00
   &qRot [&Type "Double"]       1.1304509659160144e-02
   &qVib [&Type "Double"]       4.8858882105301026e-03
   &qTrans [&Type "Double"]       1.9683005332529695e-02
   &entropyS [&Type "Double"]       3.5873403202219940e-02
   &freeEnergyG [&Type "Double"]      -1.2278784224897308e+01
   &isLinear [&Type "Boolean"] false
$End
$Calculation_Info
   &GeometryIndex 5
   &Mult [&Type "Integer"] 1
   &Charge [&Type "Integer"] -1
   &NumOfAtoms [&Type "Integer"] 6
   &NumOfElectrons [&Type "Integer"] 0
   &NumOfBasisFuncts [&Type "Integer"] 0
   &NumOfAuxCBasisFuncts [&Type "Integer"] 0
   &NumOfAuxJBasisFuncts [&Type "Integer"] 0
   &NumOfAuxJKBasisFuncts [&Type "Integer"] 0
   &NumOfCABSBasisFuncts [&Type "Integer"] 0
$End
$Calculation_Timings
   &GeometryIndex 5
   &GSTEP [&Type "Double"]       1.1812000000000378e-02
   &XTB [&Type "Double"]       1.6662739999999998e+00
   &XTBGRAD [&Type "Double"]       1.7519999999999758e-03
   &SUM [&Type "Double"]       1.6798380000000002e+00
$End
