
$orca_hessian_file

$act_atom
  0

$act_coord
  0

$act_energy
      -12.286256

$multiplicity
  1

$hessian
18
                    0                  1                  2                  3                  4        
    0      5.0693674730E-01   2.8670000000E-07  -1.0275000000E-06  -4.2593095400E-02  -8.1350000000E-07
    1      2.8670000000E-07   5.0693654880E-01  -1.0450000000E-06  -8.1830000000E-07  -2.7647955060E-01
    2     -1.0275000000E-06  -1.0450000000E-06   2.6630235870E-01   2.9130000000E-07   7.2442541300E-02
    3     -4.2593095400E-02  -8.1830000000E-07   2.9130000000E-07   4.4436107700E-02   8.8750000000E-07
    4     -8.1350000000E-07  -2.7647955060E-01   7.2442541300E-02   8.8750000000E-07   3.0895578350E-01
    5      3.0950000000E-07   7.7238792500E-02  -5.6029763500E-02  -2.6430000000E-07  -8.3439288300E-02
    6     -2.1799960870E-01   1.0127542750E-01   6.2738394100E-02  -1.3432358000E-03   2.0491062000E-03
    7      1.0127270520E-01  -1.0105741780E-01  -3.6222829300E-02   2.6430766500E-02  -1.7787230300E-02
    8      6.6892010300E-02  -3.8619568300E-02  -5.6032185500E-02  -6.1277194000E-03   3.3303569000E-03
    9     -2.1800261980E-01  -1.0127492150E-01  -6.2737280200E-02  -1.3434195000E-03  -2.0492087000E-03
   10     -1.0127218270E-01  -1.0105584510E-01  -3.6221417100E-02  -2.6430937300E-02  -1.7786921400E-02
   11     -6.6890928700E-02  -3.8618206100E-02  -5.6031049300E-02   6.1278030000E-03   3.3303181000E-03
   12     -2.6972176100E-02   2.8200000000E-08  -3.9950000000E-07   1.1938827000E-03   2.3400000000E-08
   13      1.1000000000E-09  -2.6973327400E-02   2.2074000000E-06   1.0350000000E-07   2.7433157000E-03
   14     -3.7750000000E-07  -2.5080000000E-07  -1.0146170780E-01  -1.0480000000E-07   3.4289866000E-03
   15     -1.3692474000E-03  -2.6000000000E-09   2.1800000000E-08  -3.5023970000E-04   5.1000000000E-09
   16      3.2000000000E-09  -1.3704079000E-03   5.4270000000E-07  -1.9000000000E-09   3.5460300000E-04
   17      1.3900000000E-08   2.7780000000E-07   3.2523474000E-03  -5.8000000000E-09   9.0708540000E-04
                    5                  6                  7                  8                  9        
    0      3.0950000000E-07  -2.1799960870E-01   1.0127270520E-01   6.6892010300E-02  -2.1800261980E-01
    1      7.7238792500E-02   1.0127542750E-01  -1.0105741780E-01  -3.8619568300E-02  -1.0127492150E-01
    2     -5.6029763500E-02   6.2738394100E-02  -3.6222829300E-02  -5.6032185500E-02  -6.2737280200E-02
    3     -2.6430000000E-07  -1.3432358000E-03   2.6430766500E-02  -6.1277194000E-03  -1.3434195000E-03
    4     -8.3439288300E-02   2.0491062000E-03  -1.7787230300E-02   3.3303569000E-03  -2.0492087000E-03
    5      7.2781547600E-02  -1.7968850000E-04  -6.9721039000E-03   3.8983519000E-03   1.7968360000E-04
    6     -1.7968850000E-04   2.4281865800E-01  -1.1453839070E-01  -7.2261951100E-02  -2.6008132400E-02
    7     -6.9721039000E-03  -1.1453839070E-01   1.1056411750E-01   4.1720412800E-02  -1.2189958500E-02
    8      3.8983519000E-03  -7.2261951100E-02   4.1720412800E-02   7.2783789000E-02  -5.9478341000E-03
    9      1.7968360000E-04  -2.6008132400E-02  -1.2189958500E-02  -5.9478341000E-03   2.4282203720E-01
   10     -6.9718541000E-03   1.2190263700E-02   6.8765330000E-03   3.6412831000E-03   1.1453775680E-01
   11      3.8982985000E-03   5.9481445000E-03   3.6413479000E-03   3.8986210000E-03   7.2260808200E-02
   12     -2.4100000000E-08   2.3547506000E-03  -6.7037460000E-04   1.7753038100E-02   2.3545649000E-03
   13      2.0499658100E-02  -6.7121510000E-04   1.5791170000E-03  -1.0250043800E-02   6.7113190000E-04
   14     -2.1781126900E-02   2.9695200000E-03  -1.7129645000E-03  -2.1780962600E-02  -2.9697717000E-03
   15     -1.6100000000E-08   1.7756830000E-04  -3.0474800000E-04  -3.0754360000E-04   1.7756970000E-04
   16     -3.5520430000E-04  -3.0519170000E-04  -1.7511940000E-04   1.7755940000E-04   3.0520000000E-04
   17     -2.7673076000E-03   7.8558110000E-04  -4.5386300000E-04  -2.7676138000E-03  -7.8560560000E-04
                   10                 11                 12                 13                 14        
    0     -1.0127218270E-01  -6.6890928700E-02  -2.6972176100E-02   1.1000000000E-09  -3.7750000000E-07
    1     -1.0105584510E-01  -3.8618206100E-02   2.8200000000E-08  -2.6973327400E-02  -2.5080000000E-07
    2     -3.6221417100E-02  -5.6031049300E-02  -3.9950000000E-07   2.2074000000E-06  -1.0146170780E-01
    3     -2.6430937300E-02   6.1278030000E-03   1.1938827000E-03   1.0350000000E-07  -1.0480000000E-07
    4     -1.7786921400E-02   3.3303181000E-03   2.3400000000E-08   2.7433157000E-03   3.4289866000E-03
    5     -6.9718541000E-03   3.8982985000E-03  -2.4100000000E-08   2.0499658100E-02  -2.1781126900E-02
    6      1.2190263700E-02   5.9481445000E-03   2.3547506000E-03  -6.7121510000E-04   2.9695200000E-03
    7      6.8765330000E-03   3.6413479000E-03  -6.7037460000E-04   1.5791170000E-03  -1.7129645000E-03
    8      3.6412831000E-03   3.8986210000E-03   1.7753038100E-02  -1.0250043800E-02  -2.1780962600E-02
    9      1.1453775680E-01   7.2260808200E-02   2.3545649000E-03   6.7113190000E-04  -2.9697717000E-03
   10      1.1056220330E-01   4.1718781300E-02   6.7035730000E-04   1.5791421000E-03  -1.7129365000E-03
   11      4.1718781300E-02   7.2782411300E-02  -1.7753340500E-02  -1.0249824900E-02  -2.1780696600E-02
   12      6.7035730000E-04  -1.7753340500E-02   2.0291854800E-02  -2.3300000000E-08   7.6030000000E-07
   13      1.5791421000E-03  -1.0249824900E-02  -2.3300000000E-08   2.0293596700E-02  -2.2166000000E-06
   14     -1.7129365000E-03  -2.1780696600E-02   7.6030000000E-07  -2.2166000000E-06   1.7394271450E-01
   15      3.0474220000E-04   3.0751350000E-04   7.7712320000E-04   1.8000000000E-09  -2.6300000000E-08
   16     -1.7511190000E-04   1.7758370000E-04  -1.1000000000E-08   7.7815580000E-04  -6.1820000000E-07
   17     -4.5385670000E-04  -2.7675849000E-03  -3.4400000000E-08   2.1980000000E-07  -7.1382205000E-03
                   15                 16                 17        
     0     -1.3692474000E-03   3.2000000000E-09   1.3900000000E-08
     1     -2.6000000000E-09  -1.3704079000E-03   2.7780000000E-07
     2      2.1800000000E-08   5.4270000000E-07   3.2523474000E-03
     3     -3.5023970000E-04  -1.9000000000E-09  -5.8000000000E-09
     4      5.1000000000E-09   3.5460300000E-04   9.0708540000E-04
     5     -1.6100000000E-08  -3.5520430000E-04  -2.7673076000E-03
     6      1.7756830000E-04  -3.0519170000E-04   7.8558110000E-04
     7     -3.0474800000E-04  -1.7511940000E-04  -4.5386300000E-04
     8     -3.0754360000E-04   1.7755940000E-04  -2.7676138000E-03
     9      1.7756970000E-04   3.0520000000E-04  -7.8560560000E-04
    10      3.0474220000E-04  -1.7511190000E-04  -4.5385670000E-04
    11      3.0751350000E-04   1.7758370000E-04  -2.7675849000E-03
    12      7.7712320000E-04  -1.1000000000E-08  -3.4400000000E-08
    13      1.8000000000E-09   7.7815580000E-04   2.1980000000E-07
    14     -2.6300000000E-08  -6.1820000000E-07  -7.1382205000E-03
    15      5.8722590000E-04   1.5000000000E-09   5.0800000000E-08
    16      1.5000000000E-09   5.8788040000E-04   1.3670000000E-07
    17      5.0800000000E-08   1.3670000000E-07   1.2188379400E-02

$vibrational_frequencies
18
    0        0.0000000000000000
    1        0.0000000000000000
    2        0.0000000000000000
    3        0.0000000000000000
    4        0.0000000000000000
    5        0.0000000000000000
    6       93.3263083015247759
    7       93.3596410809562087
    8       93.3778905741370266
    9      634.2283479658429997
   10      983.4356016981402036
   11      983.4387337428732963
   12     1306.6025037408778644
   13     1438.7915671514765563
   14     1438.8284484693153900
   15     3061.1631828688773567
   16     3075.2174911215929569
   17     3075.2375392397743781

$normal_modes
18 18
                    0                  1                  2                  3                  4        
    0      0.0000000000E+00   0.0000000000E+00   0.0000000000E+00   0.0000000000E+00   0.0000000000E+00
    1      0.0000000000E+00   0.0000000000E+00   0.0000000000E+00   0.0000000000E+00   0.0000000000E+00
    2      0.0000000000E+00   0.0000000000E+00   0.0000000000E+00   0.0000000000E+00   0.0000000000E+00
    3      0.0000000000E+00   0.0000000000E+00   0.0000000000E+00   0.0000000000E+00   0.0000000000E+00
    4      0.0000000000E+00   0.0000000000E+00   0.0000000000E+00   0.0000000000E+00   0.0000000000E+00
    5      0.0000000000E+00   0.0000000000E+00   0.0000000000E+00   0.0000000000E+00   0.0000000000E+00
    6      0.0000000000E+00   0.0000000000E+00   0.0000000000E+00   0.0000000000E+00   0.0000000000E+00
    7      0.0000000000E+00   0.0000000000E+00   0.0000000000E+00   0.0000000000E+00   0.0000000000E+00
    8      0.0000000000E+00   0.0000000000E+00   0.0000000000E+00   0.0000000000E+00   0.0000000000E+00
    9      0.0000000000E+00   0.0000000000E+00   0.0000000000E+00   0.0000000000E+00   0.0000000000E+00
   10      0.0000000000E+00   0.0000000000E+00   0.0000000000E+00   0.0000000000E+00   0.0000000000E+00
   11      0.0000000000E+00   0.0000000000E+00   0.0000000000E+00   0.0000000000E+00   0.0000000000E+00
   12      0.0000000000E+00   0.0000000000E+00   0.0000000000E+00   0.0000000000E+00   0.0000000000E+00
   13      0.0000000000E+00   0.0000000000E+00   0.0000000000E+00   0.0000000000E+00   0.0000000000E+00
   14      0.0000000000E+00   0.0000000000E+00   0.0000000000E+00   0.0000000000E+00   0.0000000000E+00
   15      0.0000000000E+00   0.0000000000E+00   0.0000000000E+00   0.0000000000E+00   0.0000000000E+00
   16      0.0000000000E+00   0.0000000000E+00   0.0000000000E+00   0.0000000000E+00   0.0000000000E+00
   17      0.0000000000E+00   0.0000000000E+00   0.0000000000E+00   0.0000000000E+00   0.0000000000E+00
                    5                  6                  7                  8                  9        
    0      0.0000000000E+00   3.9444494051E-01  -1.3219105326E-03  -8.4320745346E-04  -3.6426434264E-06
    1      0.0000000000E+00  -7.6312112668E-04   9.1568439960E-02  -3.9390304259E-01   1.1576560638E-05
    2      0.0000000000E+00  -3.9508710239E-04  -4.4352293435E-01  -2.3995432013E-02  -6.4204961268E-01
    3      0.0000000000E+00   4.8442019730E-01  -1.6239854900E-03  -1.0324279797E-03  -2.1534155175E-06
    4      0.0000000000E+00  -9.4439503421E-04   1.1771734679E-01  -4.8907164046E-01   4.3658299017E-02
    5      0.0000000000E+00  -9.2003558095E-04  -3.5320855722E-01  -3.0533160322E-01  -4.1542677912E-01
    6      0.0000000000E+00   4.8860906032E-01   1.2522273754E-03   1.5272779089E-03   3.7790794372E-02
    7      0.0000000000E+00  -3.2947021812E-03   1.1080330999E-01  -4.8525691568E-01  -2.1822333727E-02
    8      0.0000000000E+00   2.4503245873E-01  -4.5259391181E-01   1.1814655282E-01  -4.1543912977E-01
    9      0.0000000000E+00   4.8859151550E-01  -4.5261208752E-03  -3.6188070401E-03  -3.7795210806E-02
   10      0.0000000000E+00   1.4113882565E-03   1.1078586497E-01  -4.8525970534E-01  -2.1822522025E-02
   11      0.0000000000E+00  -2.4523353303E-01  -4.5095073960E-01   1.1919161049E-01  -4.1544077943E-01
   12      0.0000000000E+00  -1.0837628978E-01   3.6289995844E-04   2.3166795444E-04   1.0694163251E-06
   13      0.0000000000E+00   2.0968519322E-04  -2.5159139034E-02   1.0822697232E-01  -3.6467880045E-06
   14      0.0000000000E+00  -3.8809106005E-04  -4.3864394382E-01  -2.3722537779E-02   2.5356860736E-01
   15      0.0000000000E+00  -1.8666093917E-02   6.2637014984E-05   3.9900626499E-05   9.8188983968E-08
   16      0.0000000000E+00   3.6108820550E-05  -4.3331958244E-03   1.8640374802E-02  -1.8366671807E-07
   17      0.0000000000E+00   1.5472389518E-04   1.7450910117E-01   9.4387837133E-03  -1.7204725866E-04
                   10                 11                 12                 13                 14        
    0     -9.1106973775E-03   1.1213012491E-01   5.7407036990E-07   5.7460455556E-04   7.2041460402E-02
    1     -1.1213212977E-01  -9.1109819742E-03  -3.1320865697E-07  -7.2035112550E-02   5.7462318999E-04
    2     -2.5903352966E-06  -9.9413891602E-07   9.8495484379E-02   9.0135210565E-07  -3.8711463881E-07
    3      1.9369187050E-02  -2.3836444200E-01  -3.1049103994E-06  -5.9823012880E-03  -7.4942341623E-01
    4      1.5510295612E-01   1.2602772083E-02  -1.8457498915E-01  -1.2212376865E-01   9.7826699480E-04
    5      7.5679291590E-01   6.1488102614E-02  -5.4402542521E-01  -2.9433504802E-01   2.3524698270E-03
    6      5.0358970671E-02  -1.7299356695E-01  -1.5986896128E-01   3.7662111168E-01  -9.8776932833E-02
    7      2.2049840948E-01  -1.8366667585E-02   9.2284744525E-02   5.2851928193E-01  -3.8163433121E-01
    8     -3.2513086830E-01  -6.8614060855E-01  -5.4405595352E-01   1.4917942071E-01   2.5369295346E-01
    9     -2.1773725848E-02  -1.7884837197E-01   1.5986335125E-01  -3.7814418425E-01  -9.2752508186E-02
   10      2.1464021446E-01   5.3721740571E-02   9.2285622083E-02   5.3454705625E-01   3.7315067350E-01
   11     -4.3162918508E-01   6.2465905886E-01  -5.4405654186E-01   1.4511424613E-01  -2.5603978393E-01
   12      1.7403821424E-03  -2.1420084310E-02   2.6494833004E-08   1.8136017475E-05   2.2727511764E-03
   13      2.1419896602E-02   1.7403789967E-03   2.8265752366E-07  -2.2741556160E-03   1.8155370006E-05
   14     -2.5556566566E-08   1.4615172417E-07   1.1175518004E-02   9.8550540297E-07  -2.6245993276E-08
   15     -4.8167787322E-06   5.9411746811E-05   7.4876467038E-09   1.6442320380E-07   2.0604032842E-05
   16     -5.9449142798E-05  -4.8160749327E-06  -1.2605110577E-08  -2.0730765953E-05   1.5738672042E-07
   17     -8.7221797674E-09   1.2115022613E-09   5.1978030976E-04  -3.1938870248E-08  -8.2220031100E-10
                   15                 16                 17        
     0     -1.7751197544E-06  -9.1374929849E-02  -1.8476123831E-03
     1      7.7603253688E-05   1.8475745343E-03  -9.1375233881E-02
     2      3.6911094056E-02  -1.0957562328E-06   3.3244118161E-05
     3     -1.9551117110E-06  -4.3017761046E-02  -8.6658704862E-04
     4      5.5332832931E-01  -1.5622117613E-02   7.7216717785E-01
     5     -1.6095196219E-01   5.1018685563E-03  -2.5218074347E-01
     6      4.8008046348E-01   5.7509623102E-01  -3.4084161746E-01
     7     -2.7713781582E-01  -3.5600309571E-01   1.5326237136E-01
     8     -1.6128782608E-01  -2.2081784764E-01   1.2146118533E-01
     9     -4.8005760983E-01   5.6087790747E-01   3.6380807396E-01
    10     -2.7712395802E-01   3.4952595187E-01   1.6752291172E-01
    11     -1.6127427794E-01   2.1573073990E-01   1.3028303820E-01
    12     -1.7040272656E-08  -1.7280336295E-04  -3.4731879608E-06
    13      2.3394456517E-07   3.4956427374E-06  -1.7268297293E-04
    14      1.0068932793E-03  -3.9803202410E-08   9.5358523019E-07
    15      6.7720216955E-09   1.5213960476E-05   3.0054258890E-07
    16      4.1400295003E-09  -3.0806308245E-07   1.5240212414E-05
    17      6.5765489305E-05  -2.4163085429E-09   5.4448623227E-08

#
# The atoms: label  mass x y z (in bohrs)
#
$atoms
6
 C     12.01100     -0.000000770857     0.000026720239     3.784245821367
 H      1.00800     -0.000002133053     1.942998102284     3.141812755756
 H      1.00800      1.682655574509    -0.971455359065     3.141787171773
 H      1.00800     -1.682656245201    -0.971458874540     3.141790868921
 Cl    35.45300      0.000004945618    -0.000009236481     7.153478805196
 I    126.90000     -0.000001286462    -0.000000614779    -2.431565441796

$actual_temperature
  0.000000

$frequency_scale_factor
  1.000000


$end

