*************************************************
******************* ORCA 6.1.0 ******************
*************************************************
$Calculation_Status
   &GeometryIndex 0
   &version [&Type "String"] "6.1.0"
   &progName [&Type "String"] "orca"
   &Status [&Type "String"] "NORMAL TERMINATION"
$End
$Geometry
   &GeometryIndex 1
   &NAtoms [&Type "Integer"] 6
   &NCorelessECP [&Type "Integer"] 0
   &NGhostAtoms [&Type "Integer"] 0
   &CartesianCoordinates [&Type "Coordinates", &Dim(6,4), &Units "Bohr"] 
              C     -0.000234326041   -0.000168185626    0.815915714486
              H     -0.000124721925    1.942761297870    0.174542664634
              H      1.682462861279   -0.971559228055    0.174518098194
              H     -1.682619708548   -0.971500646544    0.174591797513
              Cl    -0.000092596581   -0.000120942473    4.188952141611
              I      0.000013228083    0.000007558905   -5.275212076816
$End
$Single_Point_Data
   &GeometryIndex 1
   &FinalEnergy [&Type "Double"]      -1.2286155312140000e+01  "Final single point energy"
   &Converged [&Type "Boolean"] true
$End
$Geometry
   &GeometryIndex 2
   &NAtoms [&Type "Integer"] 6
   &NCorelessECP [&Type "Integer"] 0
   &NGhostAtoms [&Type "Integer"] 0
   &CartesianCoordinates [&Type "Coordinates", &Dim(6,4), &Units "Bohr"] 
              C     -0.000172842390   -0.000139378308    0.823876852720
              H     -0.000086453506    1.942195974969    0.182048635800
              H      1.681977331152   -0.971238679943    0.182030673935
              H     -1.682240147400   -0.971285469211    0.182034581769
              Cl    -0.000081340997   -0.000117155215    4.197849089537
              I      0.000008189409    0.000004561785   -5.314531494141
$End
$Single_Point_Data
   &GeometryIndex 2
   &FinalEnergy [&Type "Double"]      -1.2286218613959999e+01  "Final single point energy"
   &Converged [&Type "Boolean"] true
$End
$Geometry
   &GeometryIndex 3
   &NAtoms [&Type "Integer"] 6
   &NCorelessECP [&Type "Integer"] 0
   &NGhostAtoms [&Type "Integer"] 0
   &CartesianCoordinates [&Type "Coordinates", &Dim(6,4), &Units "Bohr"] 
              C     -0.000111514619   -0.000110435668    0.834717681441
              H     -0.000099889061    1.942676248734    0.192591255047
              H      1.682387913928   -0.971488877439    0.192573067300
              H     -1.682642672124   -0.971515498932    0.192568989300
              Cl    -0.000117102485   -0.000135657257    4.206918992030
              I     -0.000011999371   -0.000005925361   -5.366061645497
$End
$Single_Point_Data
   &GeometryIndex 3
   &FinalEnergy [&Type "Double"]      -1.2286254033990000e+01  "Final single point energy"
   &Converged [&Type "Boolean"] true
$End
$Geometry
   &GeometryIndex 4
   &NAtoms [&Type "Integer"] 6
   &NCorelessECP [&Type "Integer"] 0
   &NGhostAtoms [&Type "Integer"] 0
   &CartesianCoordinates [&Type "Coordinates", &Dim(6,4), &Units "Bohr"] 
              C     -0.000107373786   -0.000108366018    0.837145163664
              H     -0.000112447269    1.942863379049    0.194986094973
              H      1.682547019194   -0.971593498623    0.194966552202
              H     -1.682778815680   -0.971592361768    0.194969697172
              Cl    -0.000127206446   -0.000140846818    4.207500096456
              I     -0.000016439745   -0.000008451745   -5.376259264845
$End
$Single_Point_Data
   &GeometryIndex 4
   &FinalEnergy [&Type "Double"]      -1.2286255686860001e+01  "Final single point energy"
   &Converged [&Type "Boolean"] true
$End
$Geometry
   &GeometryIndex 5
   &NAtoms [&Type "Integer"] 6
   &NCorelessECP [&Type "Integer"] 0
   &NGhostAtoms [&Type "Integer"] 0
   &CartesianCoordinates [&Type "Coordinates", &Dim(6,4), &Units "Bohr"] 
              C     -0.000110483225   -0.000109722928    0.837803269535
              H     -0.000114542280    1.942882799947    0.195463419782
              H      1.682563282669   -0.971604880017    0.195443577273
              H     -1.682790532921   -0.971598699237    0.195444544174
              Cl    -0.000126249644   -0.000140691501    4.207128244321
              I     -0.000016738331   -0.000008952187   -5.377974715464
$End
$Single_Point_Data
   &GeometryIndex 5
   &FinalEnergy [&Type "Double"]      -1.2286255865399999e+01  "Final single point energy"
   &Converged [&Type "Boolean"] true
$End
$Hessian
   &GeometryIndex 5
   &HESSIAN [&Type "ArrayOfDoubles", &Dim (18,18)] "The Hessian"
                                                         0                           1                           2                           3                           4                           5                           6                           7

0                                      5.0696467400000000e-01        -2.0719999999999998e-06        -1.2504999999999999e-06        -4.2592633999999997e-02        -4.9230000000000003e-07         1.8000000000000000e-07        -2.1801303159999999e-01         1.0128105229999999e-01
1                                     -2.0719999999999998e-06         5.0696232029999999e-01        -1.1236999999999999e-06        -1.9640000000000001e-07        -2.7649621930000001e-01         7.7232639899999997e-02         1.0128373060000000e-01        -1.0106202400000000e-01
2                                     -1.2504999999999999e-06        -1.1236999999999999e-06         2.6622703139999998e-01         2.1080000000000001e-07         7.2438053700000005e-02        -5.6019826000000002e-02         6.2734404800000004e-02        -3.6220624799999997e-02
3                                     -4.2592633999999997e-02        -1.9640000000000001e-07         2.1080000000000001e-07         4.4434902300000002e-02         7.2129999999999998e-07        -2.7659999999999998e-07        -1.3428231000000000e-03         2.6429655000000000e-02
4                                     -4.9230000000000003e-07        -2.7649621930000001e-01         7.2438053700000005e-02         7.2129999999999998e-07         3.0897004909999998e-01        -8.3433570900000004e-02         2.0483491000000001e-03        -1.7785723600000001e-02
5                                      1.8000000000000000e-07         7.7232639899999997e-02        -5.6019826000000002e-02        -2.7659999999999998e-07        -8.3433570900000004e-02         7.2773034299999997e-02        -1.7988689999999999e-04        -6.9714696000000003e-03
6                                     -2.1801303159999999e-01         1.0128373060000000e-01         6.2734404800000004e-02        -1.3428231000000000e-03         2.0483491000000001e-03        -1.7988689999999999e-04         2.4282987160000000e-01        -1.1454610190000000e-01
7                                      1.0128105229999999e-01        -1.0106202400000000e-01        -3.6220624799999997e-02         2.6429655000000000e-02        -1.7785723600000001e-02        -6.9714696000000003e-03        -1.1454610190000000e-01         1.1056724179999999e-01
8                                      6.6886411500000006e-02        -3.8616680700000003e-02        -5.6022251699999998e-02        -6.1273541999999999e-03         3.3299456000000002e-03         3.8981305999999999e-03        -7.2256836599999999e-02         4.1717538999999998e-02
9                                     -2.1801564579999999e-01        -1.0128149220000000e-01        -6.2733107499999996e-02        -1.3431936999999999e-03        -2.0485663000000000e-03         1.7981879999999999e-04        -2.6006035000000000e-02        -1.2189734299999999e-02
10                                    -1.0127852390000000e-01        -1.0105844529999999e-01        -3.6218614300000000e-02        -2.6430176999999999e-02        -1.7785711900000001e-02        -6.9713613000000002e-03         1.2190216800000001e-02         6.8764391999999999e-03
11                                    -6.6885031799999994e-02        -3.8614460699999999e-02        -5.6021333999999999e-02         6.1274023000000002e-03         3.3298944000000000e-03         3.8981036999999998e-03         5.9474903999999999e-03         3.6411922000000002e-03
12                                    -2.6971783100000001e-02         1.6499999999999999e-08         2.2799999999999999e-08         1.1936056999999999e-03         2.2999999999999999e-09         9.7399999999999999e-08         2.3540865000000002e-03        -6.7014180000000002e-04
13                                     2.4699999999999999e-08        -2.6972829800000001e-02         1.9754000000000002e-06         8.0000000000000003e-10         2.7426485000000000e-03         2.0498847899999999e-02        -6.7098460000000000e-04         1.5787688000000000e-03
14                                    -1.8600000000000000e-07        -4.6930000000000000e-07        -1.0142067920000000e-01         1.7500000000000001e-08         3.4284646000000002e-03        -2.1781690800000000e-02         2.9691870999999999e-03        -1.7127494000000001e-03
15                                    -1.3715794999999999e-03         1.3500000000000000e-08        -2.8040000000000000e-07        -3.4985719999999998e-04        -1.4000000000000000e-08         6.7399999999999995e-08         1.7793160000000000e-04        -3.0472939999999998e-04
16                                     1.1300000000000000e-08        -1.3728020000000000e-03         3.3369999999999998e-07        -3.7000000000000000e-09         3.5495710000000002e-04        -3.5508609999999999e-04        -3.0520990000000001e-04        -1.7470229999999999e-04
17                                    -1.2319999999999999e-07         9.4500000000000006e-08         3.2570595999999999e-03         2.0000000000000001e-10         9.0721270000000004e-04        -2.7677518000000000e-03         7.8564119999999997e-04        -4.5388740000000001e-04
                                                         8                           9                          10                          11                          12                          13                          14                          15

0                                      6.6886411500000006e-02        -2.1801564579999999e-01        -1.0127852390000000e-01        -6.6885031799999994e-02        -2.6971783100000001e-02         2.4699999999999999e-08        -1.8600000000000000e-07        -1.3715794999999999e-03
1                                     -3.8616680700000003e-02        -1.0128149220000000e-01        -1.0105844529999999e-01        -3.8614460699999999e-02         1.6499999999999999e-08        -2.6972829800000001e-02        -4.6930000000000000e-07         1.3500000000000000e-08
2                                     -5.6022251699999998e-02        -6.2733107499999996e-02        -3.6218614300000000e-02        -5.6021333999999999e-02         2.2799999999999999e-08         1.9754000000000002e-06        -1.0142067920000000e-01        -2.8040000000000000e-07
3                                     -6.1273541999999999e-03        -1.3431936999999999e-03        -2.6430176999999999e-02         6.1274023000000002e-03         1.1936056999999999e-03         8.0000000000000003e-10         1.7500000000000001e-08        -3.4985719999999998e-04
4                                      3.3299456000000002e-03        -2.0485663000000000e-03        -1.7785711900000001e-02         3.3298944000000000e-03         2.2999999999999999e-09         2.7426485000000000e-03         3.4284646000000002e-03        -1.4000000000000000e-08
5                                      3.8981305999999999e-03         1.7981879999999999e-04        -6.9713613000000002e-03         3.8981036999999998e-03         9.7399999999999999e-08         2.0498847899999999e-02        -2.1781690800000000e-02         6.7399999999999995e-08
6                                     -7.2256836599999999e-02        -2.6006035000000000e-02         1.2190216800000001e-02         5.9474903999999999e-03         2.3540865000000002e-03        -6.7098460000000000e-04         2.9691870999999999e-03         1.7793160000000000e-04
7                                      4.1717538999999998e-02        -1.2189734299999999e-02         6.8764391999999999e-03         3.6411922000000002e-03        -6.7014180000000002e-04         1.5787688000000000e-03        -1.7127494000000001e-03        -3.0472939999999998e-04
8                                      7.2774873800000001e-02        -5.9473191000000000e-03         3.6412261000000000e-03         3.8981705000000000e-03         1.7752535800000000e-02        -1.0249610899999999e-02        -2.1781114599999998e-02        -3.0743740000000001e-04
9                                     -5.9473191000000000e-03         2.4283285730000001e-01         1.1454367300000000e-01         7.2255579599999994e-02         2.3540012000000002e-03         6.7091350000000004e-04        -2.9693866999999999e-03         1.7801589999999999e-04
10                                     3.6412261000000000e-03         1.1454367300000000e-01         1.1056370700000000e-01         4.1715399500000000e-02         6.7007310000000001e-04         1.5786890999999999e-03        -1.7128136000000001e-03         3.0473810000000002e-04
11                                     3.8981705000000000e-03         7.2255579599999994e-02         4.1715399500000000e-02         7.2774296200000005e-02        -1.7753001599999998e-02        -1.0249583499999999e-02        -2.1781678799999999e-02         3.0756099999999998e-04
12                                     1.7752535800000000e-02         2.3540012000000002e-03         6.7007310000000001e-04        -1.7753001599999998e-02         2.0292147999999999e-02         4.9899999999999997e-08         2.4190000000000002e-07         7.7794170000000001e-04
13                                    -1.0249610899999999e-02         6.7091350000000004e-04         1.5786890999999999e-03        -1.0249583499999999e-02         4.9899999999999997e-08         2.0293701800000001e-02        -1.9811000000000000e-06        -4.2000000000000004e-09
14                                    -2.1781114599999998e-02        -2.9693866999999999e-03        -1.7128136000000001e-03        -2.1781678799999999e-02         2.4190000000000002e-07        -1.9811000000000000e-06         1.7390575670000000e-01         1.2620000000000001e-07
15                                    -3.0743740000000001e-04         1.7801589999999999e-04         3.0473810000000002e-04         3.0756099999999998e-04         7.7794170000000001e-04        -4.2000000000000004e-09         1.2620000000000001e-07         5.8754749999999996e-04
16                                     1.7758110000000001e-04         3.0520630000000003e-04        -1.7467810000000000e-04         1.7755810000000000e-04         0.0000000000000000e+00         7.7902150000000003e-04        -4.5110000000000001e-07        -4.0000000000000002e-09
17                                    -2.7678085999999998e-03        -7.8558519999999995e-04        -4.5383640000000002e-04        -2.7675576000000001e-03         1.0370000000000000e-07         3.5219999999999999e-07        -7.1405933999999999e-03        -3.6699999999999998e-08
                                                        16                          17

0                                      1.1300000000000000e-08        -1.2319999999999999e-07
1                                     -1.3728020000000000e-03         9.4500000000000006e-08
2                                      3.3369999999999998e-07         3.2570595999999999e-03
3                                     -3.7000000000000000e-09         2.0000000000000001e-10
4                                      3.5495710000000002e-04         9.0721270000000004e-04
5                                     -3.5508609999999999e-04        -2.7677518000000000e-03
6                                     -3.0520990000000001e-04         7.8564119999999997e-04
7                                     -1.7470229999999999e-04        -4.5388740000000001e-04
8                                      1.7758110000000001e-04        -2.7678085999999998e-03
9                                      3.0520630000000003e-04        -7.8558519999999995e-04
10                                    -1.7467810000000000e-04        -4.5383640000000002e-04
11                                     1.7755810000000000e-04        -2.7675576000000001e-03
12                                     0.0000000000000000e+00         1.0370000000000000e-07
13                                     7.7902150000000003e-04         3.5219999999999999e-07
14                                    -4.5110000000000001e-07        -7.1405933999999999e-03
15                                    -4.0000000000000002e-09        -3.6699999999999998e-08
16                                     5.8820379999999998e-04         6.4399999999999994e-08
17                                     6.4399999999999994e-08         1.2186651800000000e-02
   &MODES [&Type "ArrayOfDoubles", &Dim (18,18)] "The modes of vibrations"
                                                         0                           1                           2                           3                           4                           5                           6                           7

0                                      0.0000000000000000e+00         0.0000000000000000e+00         0.0000000000000000e+00         0.0000000000000000e+00         0.0000000000000000e+00         0.0000000000000000e+00        -1.8241799361281727e-01        -1.2581585943891341e-01
1                                      0.0000000000000000e+00         0.0000000000000000e+00         0.0000000000000000e+00         0.0000000000000000e+00         0.0000000000000000e+00         0.0000000000000000e+00        -1.0014876334927111e-02         1.2791605341858043e-02
2                                      0.0000000000000000e+00         0.0000000000000000e+00         0.0000000000000000e+00         0.0000000000000000e+00         0.0000000000000000e+00         0.0000000000000000e+00         6.8122625802411227e-02        -9.8837204802084411e-02
3                                      0.0000000000000000e+00         0.0000000000000000e+00         0.0000000000000000e+00         0.0000000000000000e+00         0.0000000000000000e+00         0.0000000000000000e+00        -2.2405144539813937e-01        -1.5453262358424169e-01
4                                      0.0000000000000000e+00         0.0000000000000000e+00         0.0000000000000000e+00         0.0000000000000000e+00         0.0000000000000000e+00         0.0000000000000000e+00        -1.3050652046549963e-02         1.6774871443060682e-02
5                                      0.0000000000000000e+00         0.0000000000000000e+00         0.0000000000000000e+00         0.0000000000000000e+00         0.0000000000000000e+00         0.0000000000000000e+00         5.7154212200064419e-02        -8.4173108767302773e-02
6                                      0.0000000000000000e+00         0.0000000000000000e+00         0.0000000000000000e+00         0.0000000000000000e+00         0.0000000000000000e+00         0.0000000000000000e+00        -2.2641433414693934e-01        -1.5514659393200428e-01
7                                      0.0000000000000000e+00         0.0000000000000000e+00         0.0000000000000000e+00         0.0000000000000000e+00         0.0000000000000000e+00         0.0000000000000000e+00        -1.0921356512129787e-02         1.6077197816288715e-02
8                                      0.0000000000000000e+00         0.0000000000000000e+00         0.0000000000000000e+00         0.0000000000000000e+00         0.0000000000000000e+00         0.0000000000000000e+00        -4.5433212310973824e-02        -1.7613301741784779e-01
9                                      0.0000000000000000e+00         0.0000000000000000e+00         0.0000000000000000e+00         0.0000000000000000e+00         0.0000000000000000e+00         0.0000000000000000e+00        -2.2547627580199281e-01        -1.5652684367040220e-01
10                                     0.0000000000000000e+00         0.0000000000000000e+00         0.0000000000000000e+00         0.0000000000000000e+00         0.0000000000000000e+00         0.0000000000000000e+00        -1.3137224806218813e-02         1.4546436625667748e-02
11                                     0.0000000000000000e+00         0.0000000000000000e+00         0.0000000000000000e+00         0.0000000000000000e+00         0.0000000000000000e+00         0.0000000000000000e+00         1.8130339068620704e-01        -1.9748826133885244e-02
12                                     0.0000000000000000e+00         0.0000000000000000e+00         0.0000000000000000e+00         0.0000000000000000e+00         0.0000000000000000e+00         0.0000000000000000e+00         5.0118868459341062e-02         3.4569836195532958e-02
13                                     0.0000000000000000e+00         0.0000000000000000e+00         0.0000000000000000e+00         0.0000000000000000e+00         0.0000000000000000e+00         0.0000000000000000e+00         2.7503852264557315e-03        -3.5127598468974470e-03
14                                     0.0000000000000000e+00         0.0000000000000000e+00         0.0000000000000000e+00         0.0000000000000000e+00         0.0000000000000000e+00         0.0000000000000000e+00         6.7369694959721602e-02        -9.7745606297426180e-02
15                                     0.0000000000000000e+00         0.0000000000000000e+00         0.0000000000000000e+00         0.0000000000000000e+00         0.0000000000000000e+00         0.0000000000000000e+00         8.6328437319493755e-03         5.9535507861047986e-03
16                                     0.0000000000000000e+00         0.0000000000000000e+00         0.0000000000000000e+00         0.0000000000000000e+00         0.0000000000000000e+00         0.0000000000000000e+00         4.7427406979584034e-04        -6.0582971505988219e-04
17                                     0.0000000000000000e+00         0.0000000000000000e+00         0.0000000000000000e+00         0.0000000000000000e+00         0.0000000000000000e+00         0.0000000000000000e+00        -2.6802578720407182e-02         3.8887344672010042e-02
                                                         8                           9                          10                          11                          12                          13                          14                          15

0                                      9.8414665636403862e-04         1.6335194555911557e-07         1.8271712692529390e-02         1.0269340692243152e-01         9.3466869899578674e-07         3.2170136028929390e-03         6.9730553179216725e-02         2.0562504373494695e-05
1                                     -2.2100535056400331e-01        -3.1787113234644640e-06        -1.0269511836197717e-01         1.8272511679752811e-02         1.0615449721302290e-07         6.9725004601879970e-02        -3.2172238867456625e-03         7.6024955984106170e-05
2                                     -8.8098401281949523e-03         2.3050834995402272e-01        -1.6368121803098879e-06         1.5635622096134729e-06        -9.3097000126043106e-02        -9.6474272284072406e-07         4.7835551554034036e-07         3.6488410463373748e-02
3                                      1.2244297064947960e-03         9.3397879223950917e-07        -3.8839668666431952e-02        -2.1829326765642929e-01        -5.7728506195781838e-06        -3.3460503080297528e-02        -7.2535488681272220e-01         8.7380319737485712e-06
4                                     -2.7443745496461747e-01        -1.5679421659544727e-02         1.4203133352653585e-01        -2.5272765103307029e-02         1.7445643494643992e-01         1.1818915194865362e-01        -5.4501673897553605e-03         5.4707785475143167e-01
5                                     -1.6692015224454965e-01         1.4911433113414446e-01         6.9314985276523133e-01        -1.2333724549487823e-01         5.1427982655474080e-01         2.8486134829721577e-01        -1.3140014926203833e-02        -1.5911324621556555e-01
6                                      2.6169259407123058e-03        -1.3572836841281960e-02         4.3700831313788144e-03        -1.6698169127637758e-01         1.5110212242355314e-01        -3.6953727994137148e-01        -7.5850663725816420e-02         4.7451209459996707e-01
7                                     -2.7225811554678697e-01         7.8383591277445767e-03         1.9337384649192974e-01        -6.8467670292742547e-02        -8.7228082560349446e-02        -5.3131607220570520e-01        -3.4153060850658484e-01        -2.7391831548055628e-01
8                                      7.1590510053018128e-02         1.4912262066357201e-01        -4.5337116988867660e-01        -5.3862386737897494e-01         5.1430630884327588e-01        -1.3102673172598667e-01         2.5322694485791947e-01        -1.5938821760705882e-01
9                                     -1.9460345350872890e-04         1.3574085576002466e-02        -6.1695155927140290e-02        -1.5521663559136992e-01        -1.5110334682941917e-01         3.6097756811112180e-01        -1.0954626406030493e-01        -4.7476681741111804e-01
10                                    -2.7221824028765756e-01         7.8379607789838268e-03         2.0511541319896776e-01        -2.4363667089350323e-03        -8.7221663551117851e-02        -4.9762129391172816e-01         3.8900157927434853e-01        -2.7407402240296502e-01
11                                     7.0365690419706348e-02         1.4911876229800253e-01        -2.3974794126523621e-01         6.6194423392383328e-01         5.1431572251749946e-01        -1.5379153231825421e-01        -2.4009655110842468e-01        -1.5948219744435851e-01
12                                    -2.7025386902908115e-04         9.4604888771406057e-08        -3.4906780595505577e-03        -1.9618273740539389e-02        -1.5181672709772055e-07         1.0154545513011249e-04         2.1995277764683204e-03         2.5124241572928974e-08
13                                     6.0721863560951404e-02         1.0140704219709652e-06         1.9618107194466324e-02        -3.4906103310053810e-03        -2.9522880058756242e-07         2.2008701471782984e-03        -1.0145843478328333e-04         2.3544809547852240e-07
14                                    -8.7086607804628402e-03        -9.1036216604374831e-02        -1.4824828198964773e-07        -2.0506275960202167e-07        -1.0568533871832531e-02        -9.6509330147657677e-07         1.2849583810552194e-07         9.9550491565696337e-04
15                                    -4.6613091269881724e-05        -5.9229492203542512e-08         9.6731874638770195e-06         5.4307924810001888e-05         9.5294501114236919e-09         9.1989932825963950e-07         1.9892014349342320e-05         6.7523754103003501e-10
16                                     1.0458535524690995e-02         4.2192512804238622e-08        -5.4329753214183232e-05         9.6744428798061122e-06         1.9301649714918380e-08         2.0013556194152681e-05        -9.2898197760900046e-07         2.4894365029308847e-09
17                                     3.4651442381047949e-03         6.2542444197396583e-05        -4.7848280299436407e-08         4.3373726842920795e-08        -4.9149545237870903e-04         1.8708043046900732e-08        -4.7513390290710554e-09         6.5024402732471605e-05
                                                        16                          17

0                                      8.5767616423875148e-02         1.5437781048978952e-02
1                                      1.5437521169808986e-02        -8.5767790796200269e-02
2                                     -1.4320849765200036e-05         2.9426523442049825e-05
3                                      4.0373623940130055e-02         7.2693295581080951e-03
4                                     -1.3058471833638258e-01         7.2474831348015623e-01
5                                      4.2637068961827125e-02        -2.3666240944786832e-01
6                                     -4.7370783171768888e-01        -4.2668329845118319e-01
7                                      3.0407793777445896e-01         2.1016679549649292e-01
8                                      1.8362299246686295e-01         1.5501151545680533e-01
9                                     -5.9254899257812987e-01         2.3475993417151877e-01
10                                    -3.5814325966292587e-01         9.0962754275013089e-02
11                                    -2.2607293034812009e-01         8.1264026209474413e-02
12                                     1.6215762090970984e-04         2.9203127875585766e-05
13                                     2.9170190657034448e-05        -1.6203761110573708e-04
14                                    -3.7113961439031903e-07         8.4564054995828355e-07
15                                    -1.4291166609465611e-05        -2.5788784281399346e-06
16                                    -2.5768084577724408e-06         1.4316536816526630e-05
17                                    -2.7284396656994189e-08         5.1538663208640485e-08
$End
$THERMOCHEMISTRY_Energies
   &GeometryIndex 5
   &temperature [&Type "Double"]       2.9814999999999998e+02
   &pressure [&Type "Double"]       1.0000000000000000e+00
   &totalMass [&Type "Double"]       1.7738800000000001e+02
   &spinDegeneracy [&Type "Integer"] 1
   &elEnergy [&Type "Double"]      -1.2286255865399999e+01
   &transEnergy [&Type "Double"]       1.4162714244859817e-03
   &rotEnergy [&Type "Double"]       1.4162714244859817e-03
   &vibEnergy [&Type "Double"]       2.4865309626601168e-03
   &numOfFreqs [&Type "Integer"] 18
   &freqScalingFactor [&Type "Double"]       1.0000000000000000e+00
   &FREQ [&Type "ArrayOfDoubles", &Units "cm^-1", &Dim (18,1)] 
                                                         0

0                                      0.0000000000000000e+00
1                                      0.0000000000000000e+00
2                                      0.0000000000000000e+00
3                                      0.0000000000000000e+00
4                                      0.0000000000000000e+00
5                                      0.0000000000000000e+00
6                                      9.3350411132653193e+01
7                                      9.3353098500145279e+01
8                                      9.3403114716822813e+01
9                                      6.3413415192622710e+02
10                                     9.8341926113972329e+02
11                                     9.8342955522334103e+02
12                                     1.3065385060161655e+03
13                                     1.4387610503667090e+03
14                                     1.4388010836188766e+03
15                                     3.0611905628090199e+03
16                                     3.0752686954062888e+03
17                                     3.0752878656989410e+03
   &zpe [&Type "Double"]       3.7081591793712385e-02
   &innerEnergyU [&Type "Double"]      -1.2243855199794657e+01
   &enthalpyH [&Type "Double"]      -1.2242910990752398e+01
   &qEl [&Type "Double"]       0.0000000000000000e+00
   &qRot [&Type "Double"]       1.1304529871707349e-02
   &qVib [&Type "Double"]       4.8858016960778208e-03
   &qTrans [&Type "Double"]       1.9683005332529695e-02
   &entropyS [&Type "Double"]       3.5873336900314863e-02
   &freeEnergyG [&Type "Double"]      -1.2278784327652712e+01
   &isLinear [&Type "Boolean"] false
$End
$Calculation_Info
   &GeometryIndex 5
   &Mult [&Type "Integer"] 1
   &Charge [&Type "Integer"] -1
   &NumOfAtoms [&Type "Integer"] 6
   &NumOfElectrons [&Type "Integer"] 0
   &NumOfBasisFuncts [&Type "Integer"] 0
   &NumOfAuxCBasisFuncts [&Type "Integer"] 0
   &NumOfAuxJBasisFuncts [&Type "Integer"] 0
   &NumOfAuxJKBasisFuncts [&Type "Integer"] 0
   &NumOfCABSBasisFuncts [&Type "Integer"] 0
$End
$Calculation_Timings
   &GeometryIndex 5
   &GSTEP [&Type "Double"]       1.4325999999999839e-02
   &XTB [&Type "Double"]       9.8812800000000001e-01
   &XTBGRAD [&Type "Double"]       3.9109999999999978e-03
   &SUM [&Type "Double"]       1.0063649999999997e+00
$End
