*************************************************
******************* ORCA 6.1.0 ******************
*************************************************
$Calculation_Status
   &GeometryIndex 0
   &version [&Type "String"] "6.1.0"
   &progName [&Type "String"] "orca"
   &Status [&Type "String"] "NORMAL TERMINATION"
$End
$Geometry
   &GeometryIndex 1
   &NAtoms [&Type "Integer"] 6
   &NCorelessECP [&Type "Integer"] 0
   &NGhostAtoms [&Type "Integer"] 0
   &CartesianCoordinates [&Type "Coordinates", &Dim(6,4), &Units "Bohr"] 
              C      0.000039684249   -0.000616050720   -0.524134440504
              H      0.000000000000    1.938866572308    0.101744744776
              H      1.678702306272   -0.969238644362    0.101527426271
              H     -1.678738211069   -0.969259431350    0.101542544080
              Cl     0.000001889726   -0.000009448631    4.732734064730
              I     -0.000003779452    0.000003779452   -4.629432185619
$End
$Single_Point_Data
   &GeometryIndex 1
   &FinalEnergy [&Type "Double"]      -1.2280328343170000e+01  "Final single point energy"
   &Converged [&Type "Boolean"] true
$End
$Geometry
   &GeometryIndex 2
   &NAtoms [&Type "Integer"] 6
   &NCorelessECP [&Type "Integer"] 0
   &NGhostAtoms [&Type "Integer"] 0
   &CartesianCoordinates [&Type "Coordinates", &Dim(6,4), &Units "Bohr"] 
              C      0.000018059536   -0.000308370834   -0.531056578478
              H     -0.000013357862    1.937911740043    0.094964853702
              H      1.678557271142   -0.968977635486    0.095031860294
              H     -1.678552586194   -0.968959563901    0.095025158105
              Cl     0.000001529588   -0.000001729644    4.767599864969
              I     -0.000009026484    0.000082336521   -4.637583004858
$End
$Single_Point_Data
   &GeometryIndex 2
   &FinalEnergy [&Type "Double"]      -1.2280374201940001e+01  "Final single point energy"
   &Converged [&Type "Boolean"] true
$End
$Geometry
   &GeometryIndex 3
   &NAtoms [&Type "Integer"] 6
   &NCorelessECP [&Type "Integer"] 0
   &NGhostAtoms [&Type "Integer"] 0
   &CartesianCoordinates [&Type "Coordinates", &Dim(6,4), &Units "Bohr"] 
              C     -0.000003148095   -0.000005753655   -0.540853464575
              H     -0.000010121872    1.938193496950    0.085345905973
              H      1.678850189150   -0.969197510732    0.085426597580
              H     -1.678838174393   -0.969178944174    0.085419422368
              Cl     0.000005554294   -0.000057044385    4.807110400988
              I     -0.000002409360   -0.000007467306   -4.638466708600
$End
$Single_Point_Data
   &GeometryIndex 3
   &FinalEnergy [&Type "Double"]      -1.2280396940659999e+01  "Final single point energy"
   &Converged [&Type "Boolean"] true
$End
$Geometry
   &GeometryIndex 4
   &NAtoms [&Type "Integer"] 6
   &NCorelessECP [&Type "Integer"] 0
   &NGhostAtoms [&Type "Integer"] 0
   &CartesianCoordinates [&Type "Coordinates", &Dim(6,4), &Units "Bohr"] 
              C     -0.000002247072   -0.000017836671   -0.542665144427
              H     -0.000001869341    1.938379840238    0.084618736484
              H      1.678730425715   -0.969241133578    0.084588379922
              H     -1.678732205689   -0.969240060678    0.084590033696
              Cl     0.000006370281   -0.000070748765    4.812999217922
              I      0.000001415832   -0.000063283848   -4.640149069863
$End
$Single_Point_Data
   &GeometryIndex 4
   &FinalEnergy [&Type "Double"]      -1.2280397700849999e+01  "Final single point energy"
   &Converged [&Type "Boolean"] true
$End
$Geometry
   &GeometryIndex 5
   &NAtoms [&Type "Integer"] 6
   &NCorelessECP [&Type "Integer"] 0
   &NGhostAtoms [&Type "Integer"] 0
   &CartesianCoordinates [&Type "Coordinates", &Dim(6,4), &Units "Bohr"] 
              C     -0.000001009652   -0.000034255975   -0.543746286492
              H      0.000001265734    1.938207267534    0.084528510910
              H      1.678512838024   -0.969156958072    0.084480409113
              H     -1.678516848524   -0.969160792994    0.084483667396
              Cl     0.000005098273   -0.000055601580    4.814780568454
              I      0.000000545871   -0.000052882215   -4.640544715647
$End
$Single_Point_Data
   &GeometryIndex 5
   &FinalEnergy [&Type "Double"]      -1.2280397965310000e+01  "Final single point energy"
   &Converged [&Type "Boolean"] true
$End
$Hessian
   &GeometryIndex 5
   &HESSIAN [&Type "ArrayOfDoubles", &Dim (18,18)] "The Hessian"
                                                         0                           1                           2                           3                           4                           5                           6                           7

0                                      5.1190700879999995e-01        -1.8748000000000000e-06         3.1850000000000000e-07        -4.1350107800000001e-02        -1.8204000000000000e-06        -5.5049999999999996e-07        -2.2553537779999999e-01         1.0634431860000000e-01
1                                     -1.8748000000000000e-06         5.1185330590000000e-01        -2.3810499999999998e-05        -1.7294999999999999e-06        -2.8687776490000000e-01        -8.4781446600000004e-02         1.0635412950000001e-01        -1.0274458509999999e-01
2                                      3.1850000000000000e-07        -2.3810499999999998e-05         2.2927196710000000e-01        -5.3809999999999998e-07        -7.8807032700000001e-02        -5.5047587900000000e-02        -6.8255379399999996e-02         3.9424269200000001e-02
3                                     -4.1350107800000001e-02        -1.7294999999999999e-06        -5.3809999999999998e-07         4.4070080499999997e-02         1.9416000000000002e-06         5.9250000000000004e-07        -1.2544412000000001e-03         2.6168903000000000e-02
4                                     -1.8204000000000000e-06        -2.8687776490000000e-01        -7.8807032700000001e-02         1.9416000000000002e-06         3.1877005530000002e-01         8.4817285300000003e-02         1.8904576000000001e-03        -1.7465906300000000e-02
5                                     -5.5049999999999996e-07        -8.4781446600000004e-02        -5.5047587900000000e-02         5.9250000000000004e-07         8.4817285300000003e-02         6.9372281499999994e-02         4.5882449999999999e-04         7.4642485999999999e-03
6                                     -2.2553537779999999e-01         1.0635412950000001e-01        -6.8255379399999996e-02        -1.2544412000000001e-03         1.8904576000000001e-03         4.5882449999999999e-04         2.5012338220000002e-01        -1.1898246820000000e-01
7                                      1.0634431860000000e-01        -1.0274458509999999e-01         3.9424269200000001e-02         2.6168903000000000e-02        -1.7465906300000000e-02         7.4642485999999999e-03        -1.1898246820000000e-01         1.1276907770000000e-01
8                                     -7.3438672299999994e-02         4.2402464600000002e-02        -5.5045325999999999e-02         6.6992511000000003e-03        -3.3355370000000000e-03         4.1071898999999997e-03         7.3465262500000003e-02        -4.2420409200000002e-02
9                                     -2.2553293010000000e-01        -1.0635051580000000e-01         6.8255681400000004e-02        -1.2546159000000000e-03        -1.8906087000000000e-03        -4.5870820000000001e-04        -2.5550389199999999e-02        -1.2128898300000000e-02
10                                    -1.0634063060000000e-01        -1.0274154670000001e-01         3.9423637599999999e-02        -2.6169087200000000e-02        -1.7465374700000001e-02         7.4644591999999997e-03         1.2129135500000001e-02         6.8502692000000000e-03
11                                     7.3439042999999996e-02         4.2401742100000001e-02        -5.5046464300000000e-02        -6.6992257000000003e-03        -3.3354163000000000e-03         4.1072419000000001e-03        -6.2400269000000000e-03        -4.1364777999999998e-03
12                                    -1.8004163000000001e-03         1.6000000000000001e-09         1.4959999999999999e-07        -4.7446730000000000e-04         5.6999999999999998e-09        -3.3999999999999998e-09         2.7231370000000001e-04        -4.3116820000000002e-04
13                                     3.3999999999999998e-09        -1.8008149000000001e-03        -9.8996999999999994e-06         2.1699999999999999e-08         5.2693330000000004e-04         2.6719109999999999e-04        -4.2523499999999999e-04        -2.2901019999999999e-04
14                                     4.3299999999999997e-08        -8.0940000000000003e-07         7.3483812999999999e-03        -2.0800000000000001e-08        -7.0844460000000001e-04        -3.3899121000000002e-03        -6.1285599999999995e-04         3.5553199999999998e-04
15                                    -1.7688176800000000e-02        -1.0999999999999999e-08        -2.3200000000000001e-07         2.6355180000000000e-04         2.4200000000000002e-08        -1.5489999999999999e-07         1.9445122000000001e-03        -9.7068689999999999e-04
16                                     3.8000000000000001e-09        -1.7688594299999999e-02        -7.1640000000000004e-06        -4.9600000000000001e-08         2.5120572999999999e-03        -1.5231737600000000e-02        -9.6601939999999996e-04         8.2015470000000004e-04
17                                    -1.8199999999999999e-07         1.8597000000000000e-06        -7.1480970199999994e-02        -5.9100000000000000e-08         1.3691453000000001e-03        -1.9149213299999999e-02         1.1841752000000001e-03        -6.8716280000000001e-04
                                                         8                           9                          10                          11                          12                          13                          14                          15

0                                     -7.3438672299999994e-02        -2.2553293010000000e-01        -1.0634063060000000e-01         7.3439042999999996e-02        -1.8004163000000001e-03         3.3999999999999998e-09         4.3299999999999997e-08        -1.7688176800000000e-02
1                                      4.2402464600000002e-02        -1.0635051580000000e-01        -1.0274154670000001e-01         4.2401742100000001e-02         1.6000000000000001e-09        -1.8008149000000001e-03        -8.0940000000000003e-07        -1.0999999999999999e-08
2                                     -5.5045325999999999e-02         6.8255681400000004e-02         3.9423637599999999e-02        -5.5046464300000000e-02         1.4959999999999999e-07        -9.8996999999999994e-06         7.3483812999999999e-03        -2.3200000000000001e-07
3                                      6.6992511000000003e-03        -1.2546159000000000e-03        -2.6169087200000000e-02        -6.6992257000000003e-03        -4.7446730000000000e-04         2.1699999999999999e-08        -2.0800000000000001e-08         2.6355180000000000e-04
4                                     -3.3355370000000000e-03        -1.8906087000000000e-03        -1.7465374700000001e-02        -3.3354163000000000e-03         5.6999999999999998e-09         5.2693330000000004e-04        -7.0844460000000001e-04         2.4200000000000002e-08
5                                      4.1071898999999997e-03        -4.5870820000000001e-04         7.4644591999999997e-03         4.1072419000000001e-03        -3.3999999999999998e-09         2.6719109999999999e-04        -3.3899121000000002e-03        -1.5489999999999999e-07
6                                      7.3465262500000003e-02        -2.5550389199999999e-02         1.2129135500000001e-02        -6.2400269000000000e-03         2.7231370000000001e-04        -4.2523499999999999e-04        -6.1285599999999995e-04         1.9445122000000001e-03
7                                     -4.2420409200000002e-02        -1.2128898300000000e-02         6.8502692000000000e-03        -4.1364777999999998e-03        -4.3116820000000002e-04        -2.2901019999999999e-04         3.5553199999999998e-04        -9.7068689999999999e-04
8                                      6.9371680899999996e-02         6.2402524000000001e-03        -4.1366420999999999e-03         4.1075811000000004e-03         2.2689659999999999e-04        -1.2905590000000000e-04        -3.3899370000000000e-03        -1.3192990400000000e-02
9                                      6.2402524000000001e-03         2.5012100790000003e-01         1.1897875060000000e-01        -7.3465724800000007e-02         2.7227259999999999e-04         4.2520859999999999e-04         6.1281930000000001e-04         1.9446546999999999e-03
10                                    -4.1366420999999999e-03         1.1897875060000000e-01         1.1276553000000000e-01        -4.2419823099999997e-02         4.3116409999999997e-04        -2.2904290000000000e-04         3.5552199999999999e-04         9.7066760000000002e-04
11                                     4.1075811000000004e-03        -7.3465724800000007e-02        -4.2419823099999997e-02         6.9372689299999998e-02        -2.2703790000000001e-04        -1.2911530000000001e-04        -3.3899160999999998e-03         1.3192972300000000e-02
12                                     2.2689659999999999e-04         2.7227259999999999e-04         4.3116409999999997e-04        -2.2703790000000001e-04         8.2562830000000001e-04         1.1300000000000000e-08         5.5199999999999998e-08         9.0466899999999998e-04
13                                    -1.2905590000000000e-04         4.2520859999999999e-04        -2.2904290000000000e-04        -1.2911530000000001e-04         1.1300000000000000e-08         8.2706559999999997e-04        -9.3269999999999998e-07        -9.8999999999999993e-09
14                                    -3.3899370000000000e-03         6.1281930000000001e-04         3.5552199999999999e-04        -3.3899160999999998e-03         5.5199999999999998e-08        -9.3269999999999998e-07         1.4157984199999999e-02        -4.1099999999999997e-08
15                                    -1.3192990400000000e-02         1.9446546999999999e-03         9.7066760000000002e-04         1.3192972300000000e-02         9.0466899999999998e-04        -9.8999999999999993e-09        -4.1099999999999997e-08         1.2630789100000000e-02
16                                     7.6191795000000000e-03         9.6606369999999999e-04         8.2016510000000001e-04         7.6190904000000004e-03        -1.4500000000000001e-08         9.0486920000000005e-04        -8.6730000000000004e-07         1.6000000000000001e-08
17                                    -1.9151188900000001e-02        -1.1843202000000001e-03        -6.8715349999999998e-04        -1.9151131900000000e-02        -6.0199999999999996e-08         1.8124000000000000e-06        -1.1336600400000001e-02         4.4620000000000001e-07
                                                        16                          17

0                                      3.8000000000000001e-09        -1.8199999999999999e-07
1                                     -1.7688594299999999e-02         1.8597000000000000e-06
2                                     -7.1640000000000004e-06        -7.1480970199999994e-02
3                                     -4.9600000000000001e-08        -5.9100000000000000e-08
4                                      2.5120572999999999e-03         1.3691453000000001e-03
5                                     -1.5231737600000000e-02        -1.9149213299999999e-02
6                                     -9.6601939999999996e-04         1.1841752000000001e-03
7                                      8.2015470000000004e-04        -6.8716280000000001e-04
8                                      7.6191795000000000e-03        -1.9151188900000001e-02
9                                      9.6606369999999999e-04        -1.1843202000000001e-03
10                                     8.2016510000000001e-04        -6.8715349999999998e-04
11                                     7.6190904000000004e-03        -1.9151131900000000e-02
12                                    -1.4500000000000001e-08        -6.0199999999999996e-08
13                                     9.0486920000000005e-04         1.8124000000000000e-06
14                                    -8.6730000000000004e-07        -1.1336600400000001e-02
15                                     1.6000000000000001e-08         4.4620000000000001e-07
16                                     1.2631348000000001e-02         1.4989000000000000e-06
17                                     1.4989000000000000e-06         1.4026910470000001e-01
   &MODES [&Type "ArrayOfDoubles", &Dim (18,18)] "The modes of vibrations"
                                                         0                           1                           2                           3                           4                           5                           6                           7

0                                      0.0000000000000000e+00         0.0000000000000000e+00         0.0000000000000000e+00         0.0000000000000000e+00         0.0000000000000000e+00         0.0000000000000000e+00         2.3299740275378189e-01         1.8363788966211619e-03
1                                      0.0000000000000000e+00         0.0000000000000000e+00         0.0000000000000000e+00         0.0000000000000000e+00         0.0000000000000000e+00         0.0000000000000000e+00        -1.8363119951225492e-03         2.3300118054361141e-01
2                                      0.0000000000000000e+00         0.0000000000000000e+00         0.0000000000000000e+00         0.0000000000000000e+00         0.0000000000000000e+00         0.0000000000000000e+00        -3.0580876315887180e-07         2.1825774754046568e-07
3                                      0.0000000000000000e+00         0.0000000000000000e+00         0.0000000000000000e+00         0.0000000000000000e+00         0.0000000000000000e+00         0.0000000000000000e+00         2.6785578093034146e-01         2.1086117940040936e-03
4                                      0.0000000000000000e+00         0.0000000000000000e+00         0.0000000000000000e+00         0.0000000000000000e+00         0.0000000000000000e+00         0.0000000000000000e+00        -2.1407666565018612e-03         2.7162562143885749e-01
5                                      0.0000000000000000e+00         0.0000000000000000e+00         0.0000000000000000e+00         0.0000000000000000e+00         0.0000000000000000e+00         0.0000000000000000e+00         9.1108427922170884e-04        -1.1573258128348195e-01
6                                      0.0000000000000000e+00         0.0000000000000000e+00         0.0000000000000000e+00         0.0000000000000000e+00         0.0000000000000000e+00         0.0000000000000000e+00         2.7070302643263477e-01         5.1484375763079173e-04
7                                      0.0000000000000000e+00         0.0000000000000000e+00         0.0000000000000000e+00         0.0000000000000000e+00         0.0000000000000000e+00         0.0000000000000000e+00        -3.7347147828721470e-03         2.6878447504093200e-01
8                                      0.0000000000000000e+00         0.0000000000000000e+00         0.0000000000000000e+00         0.0000000000000000e+00         0.0000000000000000e+00         0.0000000000000000e+00        -1.0072650793931576e-01         5.7102279654583234e-02
9                                      0.0000000000000000e+00         0.0000000000000000e+00         0.0000000000000000e+00         0.0000000000000000e+00         0.0000000000000000e+00         0.0000000000000000e+00         2.7067802600312230e-01         3.7542359897787211e-03
10                                     0.0000000000000000e+00         0.0000000000000000e+00         0.0000000000000000e+00         0.0000000000000000e+00         0.0000000000000000e+00         0.0000000000000000e+00        -5.0247728686337938e-04         2.6880636471064240e-01
11                                     0.0000000000000000e+00         0.0000000000000000e+00         0.0000000000000000e+00         0.0000000000000000e+00         0.0000000000000000e+00         0.0000000000000000e+00         9.9812076484125295e-02         5.8680998289882283e-02
12                                     0.0000000000000000e+00         0.0000000000000000e+00         0.0000000000000000e+00         0.0000000000000000e+00         0.0000000000000000e+00         0.0000000000000000e+00        -4.6711427063320779e-02        -3.6814514113170415e-04
13                                     0.0000000000000000e+00         0.0000000000000000e+00         0.0000000000000000e+00         0.0000000000000000e+00         0.0000000000000000e+00         0.0000000000000000e+00         3.6814337233913384e-04        -4.6711449501605842e-02
14                                     0.0000000000000000e+00         0.0000000000000000e+00         0.0000000000000000e+00         0.0000000000000000e+00         0.0000000000000000e+00         0.0000000000000000e+00         1.3239382256361774e-07        -5.7194207439561041e-05
15                                     0.0000000000000000e+00         0.0000000000000000e+00         0.0000000000000000e+00         0.0000000000000000e+00         0.0000000000000000e+00         0.0000000000000000e+00        -1.5430908659044819e-02        -1.2162025462978150e-04
16                                     0.0000000000000000e+00         0.0000000000000000e+00         0.0000000000000000e+00         0.0000000000000000e+00         0.0000000000000000e+00         0.0000000000000000e+00         1.2161653892769897e-04        -1.5431098134033396e-02
17                                     0.0000000000000000e+00         0.0000000000000000e+00         0.0000000000000000e+00         0.0000000000000000e+00         0.0000000000000000e+00         0.0000000000000000e+00         1.8544241445674212e-08         1.5555417716922903e-05
                                                         8                           9                          10                          11                          12                          13                          14                          15

0                                      5.1871936449374868e-07        -3.7906616155585348e-07        -9.6621597639999862e-02        -2.6117799056478630e-03         7.8995992410584741e-07        -3.3414321236448994e-04        -7.0098098132606437e-02        -4.0924603615660185e-05
1                                      8.8894727354135383e-05        -1.6933548035241759e-05         2.6117492246713774e-03        -9.6617007137543440e-02         5.0906764759300105e-06        -7.0090846428641801e-02         3.3428117676342613e-04         5.1327564963433373e-04
2                                     -4.1368832528705712e-02        -2.5786456744056629e-01         2.4744434589703339e-07         1.5769804287163602e-06         8.9492130974228298e-02         1.2258624868840211e-05         3.6945649977891120e-07         3.7486642084544046e-02
3                                      6.0668195635801322e-07        -5.7451586281367849e-07         2.3120227446641195e-01         6.2493060478342483e-03        -4.1340615906655262e-06         3.4551557140868011e-03         7.2566248458568872e-01        -1.9024384967534561e-05
4                                     -2.1522658899609656e-03        -2.0012651524996192e-02        -3.9954923547380139e-03         1.4781338012365963e-01         1.7117032291754816e-01        -1.1945231398793964e-01         5.6485032548347458e-04        -5.5296615685964723e-01
5                                     -2.9960996198439942e-02        -1.7596373727217096e-01         1.9287204956328487e-02        -7.1378311046203691e-01        -5.1885293431635104e-01         2.8534351077513431e-01        -1.3613096424276044e-03        -1.5665204000772920e-01
6                                     -1.9548615175166849e-03        -1.7318225142432003e-02         1.6767765864355536e-01         4.0701265503563760e-02         1.4815363900067688e-01         3.6647862759791078e-01         9.0047068853844170e-02        -4.7285207743493352e-01
7                                      1.2278826260001883e-03         1.0004991555373603e-02         3.0422061841157290e-02         2.1137625977410496e-01        -8.5612530487557195e-02         5.1606009232063299e-01         3.6352895186251571e-01         2.7329868035527266e-01
8                                     -2.9895354833321557e-02        -1.7592770660514284e-01        -6.2787684773930330e-01         3.4028003709266696e-01        -5.1868126758576572e-01        -1.4157954585205884e-01         2.4779597145743801e-01        -1.5447848865188404e-01
9                                      1.9560716162439246e-03         1.7317087732574760e-02         1.6963346649144778e-01        -3.1580845782878605e-02        -1.4815977162777322e-01        -3.6559946769791135e-01         9.3528290789139476e-02         4.7335904114187943e-01
10                                     1.2278777840324263e-03         1.0004999298511867e-02        -4.1795654252174609e-02         2.0942639018767439e-01        -8.5611302522350663e-02         5.1257620675913795e-01        -3.6842950606092861e-01         2.7361336101375355e-01
11                                    -2.9895136886826882e-02        -1.7593028492761992e-01         6.0857240325705864e-01         3.7369665141349717e-01        -5.1868649788427312e-01        -1.4393233210389286e-01        -2.4643903753172955e-01        -1.5467267256068420e-01
12                                    -2.8058352432301064e-08         1.0887127031992892e-07        -1.3519071850059513e-04        -3.6631168643034245e-06         6.0851165706896359e-08        -6.5260763571027806e-07        -1.3443957766662708e-04         5.0133694557729201e-08
13                                    -1.7818915373321011e-05         2.1265805665126452e-06         3.6489359909607986e-06        -1.3736564940104479e-04        -1.0123216124182787e-06        -1.3407809953460445e-04         6.5112232644026802e-07        -1.3484356270689221e-06
14                                     1.5020182496170933e-01        -1.3062758102581095e-03         3.6888432703609244e-08         2.7464758148122660e-08         2.5778131450183645e-03         8.7566143120895900e-07        -5.3527997820358323e-09         2.3415518066069181e-04
15                                    -5.5688734808675283e-08         1.9060454260001623e-08         4.6670876201640099e-03         1.2614084597524887e-04        -1.0218619619582586e-08        -2.6198511960614926e-06        -5.5001736772853878e-04        -1.6349979512287092e-08
16                                    -5.8463596513192822e-06         1.0297647053286596e-06        -1.2613907187812473e-04         4.6664455379915341e-03         2.2603543002984139e-07        -5.5037690823758333e-04         2.6182352243361133e-06        -1.1504590169847277e-07
17                                    -3.7334552821459893e-02         2.8964279105319887e-02         1.0321183987758815e-07        -1.6945743773059362e-06         3.1709162397390838e-03        -6.7526002808075982e-08         1.2841075234274913e-09         8.6493815072010550e-05
                                                        16                          17

0                                     -3.4326314982462748e-03         8.7855007964344076e-02
1                                     -8.7854299320780635e-02        -3.4323813450619308e-03
2                                      2.1996412201331588e-04         2.5830929374204732e-05
3                                     -1.4926684475385704e-03         3.8328966121304181e-02
4                                      7.3335980991203853e-01         2.8390570632224416e-02
5                                      2.3363382769202071e-01         9.0536868265179669e-03
6                                     -3.1712745166457124e-01        -5.5629670165239564e-01
7                                      1.4390159717604464e-01         3.4182503353427918e-01
8                                     -1.1024686014129198e-01        -2.0781111343066908e-01
9                                      3.5954319299569620e-01        -5.2942060359801391e-01
10                                     1.7011641101530842e-01        -3.2929566629996704e-01
11                                    -1.2612000129208739e-01         1.9843633291855312e-01
12                                     2.5504150736251490e-06        -6.5241283086482838e-05
13                                     6.5225016010782028e-05         2.5267239030579564e-06
14                                     1.3570020109521838e-06         1.6243267391493258e-07
15                                    -8.7896301673839670e-07         2.2489711518262814e-05
16                                    -2.2468668234461552e-05        -8.7111880587082413e-07
17                                     5.1063159569192203e-07         6.0271211827818635e-08
$End
$THERMOCHEMISTRY_Energies
   &GeometryIndex 5
   &temperature [&Type "Double"]       2.9814999999999998e+02
   &pressure [&Type "Double"]       1.0000000000000000e+00
   &totalMass [&Type "Double"]       1.7738800000000001e+02
   &spinDegeneracy [&Type "Integer"] 1
   &elEnergy [&Type "Double"]      -1.2280397965310000e+01
   &transEnergy [&Type "Double"]       1.4162714244859817e-03
   &rotEnergy [&Type "Double"]       1.4162714244859817e-03
   &vibEnergy [&Type "Double"]       2.5871078166504542e-03
   &numOfFreqs [&Type "Integer"] 18
   &freqScalingFactor [&Type "Double"]       1.0000000000000000e+00
   &FREQ [&Type "ArrayOfDoubles", &Units "cm^-1", &Dim (18,1)] 
                                                         0

0                                      0.0000000000000000e+00
1                                      0.0000000000000000e+00
2                                      0.0000000000000000e+00
3                                      0.0000000000000000e+00
4                                      0.0000000000000000e+00
5                                      0.0000000000000000e+00
6                                      8.8945911131516027e+01
7                                      8.9022889097884345e+01
8                                      1.1259604085546478e+02
9                                      4.8364142922288579e+02
10                                     9.1408322494904098e+02
11                                     9.1413125909724613e+02
12                                     1.2690419912045325e+03
13                                     1.4362943951750742e+03
14                                     1.4364061634476334e+03
15                                     3.1019703765819854e+03
16                                     3.1227530449130008e+03
17                                     3.1229250990236824e+03
   &zpe [&Type "Double"]       3.6659844799639497e-02
   &innerEnergyU [&Type "Double"]      -1.2238318469844739e+01
   &enthalpyH [&Type "Double"]      -1.2237374260802479e+01
   &qEl [&Type "Double"]       0.0000000000000000e+00
   &qRot [&Type "Double"]       1.1222691645148979e-02
   &qVib [&Type "Double"]       5.0147796553584225e-03
   &qTrans [&Type "Double"]       1.9683005332529695e-02
   &entropyS [&Type "Double"]       3.5920476633037095e-02
   &freeEnergyG [&Type "Double"]      -1.2273294737435517e+01
   &isLinear [&Type "Boolean"] false
$End
$Calculation_Info
   &GeometryIndex 5
   &Mult [&Type "Integer"] 1
   &Charge [&Type "Integer"] -1
   &NumOfAtoms [&Type "Integer"] 6
   &NumOfElectrons [&Type "Integer"] 0
   &NumOfBasisFuncts [&Type "Integer"] 0
   &NumOfAuxCBasisFuncts [&Type "Integer"] 0
   &NumOfAuxJBasisFuncts [&Type "Integer"] 0
   &NumOfAuxJKBasisFuncts [&Type "Integer"] 0
   &NumOfCABSBasisFuncts [&Type "Integer"] 0
$End
$Calculation_Timings
   &GeometryIndex 5
   &GSTEP [&Type "Double"]       7.9629999999999646e-02
   &XTB [&Type "Double"]       2.2822500000000008e+00
   &XTBGRAD [&Type "Double"]       1.9370000000002996e-03
   &SUM [&Type "Double"]       2.3638170000000005e+00
$End
