
$orca_hessian_file

$act_atom
  0

$act_coord
  0

$act_energy
      -12.286256

$multiplicity
  1

$hessian
18
                    0                  1                  2                  3                  4        
    0      5.0696467400E-01  -2.0720000000E-06  -1.2505000000E-06  -4.2592634000E-02  -4.9230000000E-07
    1     -2.0720000000E-06   5.0696232030E-01  -1.1237000000E-06  -1.9640000000E-07  -2.7649621930E-01
    2     -1.2505000000E-06  -1.1237000000E-06   2.6622703140E-01   2.1080000000E-07   7.2438053700E-02
    3     -4.2592634000E-02  -1.9640000000E-07   2.1080000000E-07   4.4434902300E-02   7.2130000000E-07
    4     -4.9230000000E-07  -2.7649621930E-01   7.2438053700E-02   7.2130000000E-07   3.0897004910E-01
    5      1.8000000000E-07   7.7232639900E-02  -5.6019826000E-02  -2.7660000000E-07  -8.3433570900E-02
    6     -2.1801303160E-01   1.0128373060E-01   6.2734404800E-02  -1.3428231000E-03   2.0483491000E-03
    7      1.0128105230E-01  -1.0106202400E-01  -3.6220624800E-02   2.6429655000E-02  -1.7785723600E-02
    8      6.6886411500E-02  -3.8616680700E-02  -5.6022251700E-02  -6.1273542000E-03   3.3299456000E-03
    9     -2.1801564580E-01  -1.0128149220E-01  -6.2733107500E-02  -1.3431937000E-03  -2.0485663000E-03
   10     -1.0127852390E-01  -1.0105844530E-01  -3.6218614300E-02  -2.6430177000E-02  -1.7785711900E-02
   11     -6.6885031800E-02  -3.8614460700E-02  -5.6021334000E-02   6.1274023000E-03   3.3298944000E-03
   12     -2.6971783100E-02   1.6500000000E-08   2.2800000000E-08   1.1936057000E-03   2.3000000000E-09
   13      2.4700000000E-08  -2.6972829800E-02   1.9754000000E-06   8.0000000000E-10   2.7426485000E-03
   14     -1.8600000000E-07  -4.6930000000E-07  -1.0142067920E-01   1.7500000000E-08   3.4284646000E-03
   15     -1.3715795000E-03   1.3500000000E-08  -2.8040000000E-07  -3.4985720000E-04  -1.4000000000E-08
   16      1.1300000000E-08  -1.3728020000E-03   3.3370000000E-07  -3.7000000000E-09   3.5495710000E-04
   17     -1.2320000000E-07   9.4500000000E-08   3.2570596000E-03   2.0000000000E-10   9.0721270000E-04
                    5                  6                  7                  8                  9        
    0      1.8000000000E-07  -2.1801303160E-01   1.0128105230E-01   6.6886411500E-02  -2.1801564580E-01
    1      7.7232639900E-02   1.0128373060E-01  -1.0106202400E-01  -3.8616680700E-02  -1.0128149220E-01
    2     -5.6019826000E-02   6.2734404800E-02  -3.6220624800E-02  -5.6022251700E-02  -6.2733107500E-02
    3     -2.7660000000E-07  -1.3428231000E-03   2.6429655000E-02  -6.1273542000E-03  -1.3431937000E-03
    4     -8.3433570900E-02   2.0483491000E-03  -1.7785723600E-02   3.3299456000E-03  -2.0485663000E-03
    5      7.2773034300E-02  -1.7988690000E-04  -6.9714696000E-03   3.8981306000E-03   1.7981880000E-04
    6     -1.7988690000E-04   2.4282987160E-01  -1.1454610190E-01  -7.2256836600E-02  -2.6006035000E-02
    7     -6.9714696000E-03  -1.1454610190E-01   1.1056724180E-01   4.1717539000E-02  -1.2189734300E-02
    8      3.8981306000E-03  -7.2256836600E-02   4.1717539000E-02   7.2774873800E-02  -5.9473191000E-03
    9      1.7981880000E-04  -2.6006035000E-02  -1.2189734300E-02  -5.9473191000E-03   2.4283285730E-01
   10     -6.9713613000E-03   1.2190216800E-02   6.8764392000E-03   3.6412261000E-03   1.1454367300E-01
   11      3.8981037000E-03   5.9474904000E-03   3.6411922000E-03   3.8981705000E-03   7.2255579600E-02
   12      9.7400000000E-08   2.3540865000E-03  -6.7014180000E-04   1.7752535800E-02   2.3540012000E-03
   13      2.0498847900E-02  -6.7098460000E-04   1.5787688000E-03  -1.0249610900E-02   6.7091350000E-04
   14     -2.1781690800E-02   2.9691871000E-03  -1.7127494000E-03  -2.1781114600E-02  -2.9693867000E-03
   15      6.7400000000E-08   1.7793160000E-04  -3.0472940000E-04  -3.0743740000E-04   1.7801590000E-04
   16     -3.5508610000E-04  -3.0520990000E-04  -1.7470230000E-04   1.7758110000E-04   3.0520630000E-04
   17     -2.7677518000E-03   7.8564120000E-04  -4.5388740000E-04  -2.7678086000E-03  -7.8558520000E-04
                   10                 11                 12                 13                 14        
    0     -1.0127852390E-01  -6.6885031800E-02  -2.6971783100E-02   2.4700000000E-08  -1.8600000000E-07
    1     -1.0105844530E-01  -3.8614460700E-02   1.6500000000E-08  -2.6972829800E-02  -4.6930000000E-07
    2     -3.6218614300E-02  -5.6021334000E-02   2.2800000000E-08   1.9754000000E-06  -1.0142067920E-01
    3     -2.6430177000E-02   6.1274023000E-03   1.1936057000E-03   8.0000000000E-10   1.7500000000E-08
    4     -1.7785711900E-02   3.3298944000E-03   2.3000000000E-09   2.7426485000E-03   3.4284646000E-03
    5     -6.9713613000E-03   3.8981037000E-03   9.7400000000E-08   2.0498847900E-02  -2.1781690800E-02
    6      1.2190216800E-02   5.9474904000E-03   2.3540865000E-03  -6.7098460000E-04   2.9691871000E-03
    7      6.8764392000E-03   3.6411922000E-03  -6.7014180000E-04   1.5787688000E-03  -1.7127494000E-03
    8      3.6412261000E-03   3.8981705000E-03   1.7752535800E-02  -1.0249610900E-02  -2.1781114600E-02
    9      1.1454367300E-01   7.2255579600E-02   2.3540012000E-03   6.7091350000E-04  -2.9693867000E-03
   10      1.1056370700E-01   4.1715399500E-02   6.7007310000E-04   1.5786891000E-03  -1.7128136000E-03
   11      4.1715399500E-02   7.2774296200E-02  -1.7753001600E-02  -1.0249583500E-02  -2.1781678800E-02
   12      6.7007310000E-04  -1.7753001600E-02   2.0292148000E-02   4.9900000000E-08   2.4190000000E-07
   13      1.5786891000E-03  -1.0249583500E-02   4.9900000000E-08   2.0293701800E-02  -1.9811000000E-06
   14     -1.7128136000E-03  -2.1781678800E-02   2.4190000000E-07  -1.9811000000E-06   1.7390575670E-01
   15      3.0473810000E-04   3.0756100000E-04   7.7794170000E-04  -4.2000000000E-09   1.2620000000E-07
   16     -1.7467810000E-04   1.7755810000E-04   0.0000000000E+00   7.7902150000E-04  -4.5110000000E-07
   17     -4.5383640000E-04  -2.7675576000E-03   1.0370000000E-07   3.5220000000E-07  -7.1405934000E-03
                   15                 16                 17        
     0     -1.3715795000E-03   1.1300000000E-08  -1.2320000000E-07
     1      1.3500000000E-08  -1.3728020000E-03   9.4500000000E-08
     2     -2.8040000000E-07   3.3370000000E-07   3.2570596000E-03
     3     -3.4985720000E-04  -3.7000000000E-09   2.0000000000E-10
     4     -1.4000000000E-08   3.5495710000E-04   9.0721270000E-04
     5      6.7400000000E-08  -3.5508610000E-04  -2.7677518000E-03
     6      1.7793160000E-04  -3.0520990000E-04   7.8564120000E-04
     7     -3.0472940000E-04  -1.7470230000E-04  -4.5388740000E-04
     8     -3.0743740000E-04   1.7758110000E-04  -2.7678086000E-03
     9      1.7801590000E-04   3.0520630000E-04  -7.8558520000E-04
    10      3.0473810000E-04  -1.7467810000E-04  -4.5383640000E-04
    11      3.0756100000E-04   1.7755810000E-04  -2.7675576000E-03
    12      7.7794170000E-04   0.0000000000E+00   1.0370000000E-07
    13     -4.2000000000E-09   7.7902150000E-04   3.5220000000E-07
    14      1.2620000000E-07  -4.5110000000E-07  -7.1405934000E-03
    15      5.8754750000E-04  -4.0000000000E-09  -3.6700000000E-08
    16     -4.0000000000E-09   5.8820380000E-04   6.4400000000E-08
    17     -3.6700000000E-08   6.4400000000E-08   1.2186651800E-02

$vibrational_frequencies
18
    0        0.0000000000000000
    1        0.0000000000000000
    2        0.0000000000000000
    3        0.0000000000000000
    4        0.0000000000000000
    5        0.0000000000000000
    6       93.3504111326531927
    7       93.3530985001452791
    8       93.4031147168228131
    9      634.1341519262271049
   10      983.4192611397232895
   11      983.4295552233410262
   12     1306.5385060161654565
   13     1438.7610503667090143
   14     1438.8010836188766461
   15     3061.1905628090198661
   16     3075.2686954062887708
   17     3075.2878656989410047

$normal_modes
18 18
                    0                  1                  2                  3                  4        
    0      0.0000000000E+00   0.0000000000E+00   0.0000000000E+00   0.0000000000E+00   0.0000000000E+00
    1      0.0000000000E+00   0.0000000000E+00   0.0000000000E+00   0.0000000000E+00   0.0000000000E+00
    2      0.0000000000E+00   0.0000000000E+00   0.0000000000E+00   0.0000000000E+00   0.0000000000E+00
    3      0.0000000000E+00   0.0000000000E+00   0.0000000000E+00   0.0000000000E+00   0.0000000000E+00
    4      0.0000000000E+00   0.0000000000E+00   0.0000000000E+00   0.0000000000E+00   0.0000000000E+00
    5      0.0000000000E+00   0.0000000000E+00   0.0000000000E+00   0.0000000000E+00   0.0000000000E+00
    6      0.0000000000E+00   0.0000000000E+00   0.0000000000E+00   0.0000000000E+00   0.0000000000E+00
    7      0.0000000000E+00   0.0000000000E+00   0.0000000000E+00   0.0000000000E+00   0.0000000000E+00
    8      0.0000000000E+00   0.0000000000E+00   0.0000000000E+00   0.0000000000E+00   0.0000000000E+00
    9      0.0000000000E+00   0.0000000000E+00   0.0000000000E+00   0.0000000000E+00   0.0000000000E+00
   10      0.0000000000E+00   0.0000000000E+00   0.0000000000E+00   0.0000000000E+00   0.0000000000E+00
   11      0.0000000000E+00   0.0000000000E+00   0.0000000000E+00   0.0000000000E+00   0.0000000000E+00
   12      0.0000000000E+00   0.0000000000E+00   0.0000000000E+00   0.0000000000E+00   0.0000000000E+00
   13      0.0000000000E+00   0.0000000000E+00   0.0000000000E+00   0.0000000000E+00   0.0000000000E+00
   14      0.0000000000E+00   0.0000000000E+00   0.0000000000E+00   0.0000000000E+00   0.0000000000E+00
   15      0.0000000000E+00   0.0000000000E+00   0.0000000000E+00   0.0000000000E+00   0.0000000000E+00
   16      0.0000000000E+00   0.0000000000E+00   0.0000000000E+00   0.0000000000E+00   0.0000000000E+00
   17      0.0000000000E+00   0.0000000000E+00   0.0000000000E+00   0.0000000000E+00   0.0000000000E+00
                    5                  6                  7                  8                  9        
    0      0.0000000000E+00  -3.7483934791E-01  -3.2510168092E-01   1.7554555170E-03   4.5504240925E-07
    1      0.0000000000E+00  -2.0578944217E-02   3.3052847367E-02  -3.9421468277E-01  -8.8547978660E-06
    2      0.0000000000E+00   1.3998093131E-01  -2.5539023111E-01  -1.5714408373E-02   6.4211708380E-01
    3      0.0000000000E+00  -4.6038932908E-01  -3.9930431592E-01   2.1840564814E-03   2.6017440953E-06
    4      0.0000000000E+00  -2.6816970223E-02   4.3345401190E-02  -4.8952332589E-01  -4.3677482892E-02
    5      0.0000000000E+00   1.1744262288E-01  -2.1749896452E-01  -2.9774109403E-01   4.1538130606E-01
    6      0.0000000000E+00  -4.6524468167E-01  -4.0089078357E-01   4.6678988853E-03  -3.7809261197E-02
    7      0.0000000000E+00  -2.2441613748E-02   4.1542648581E-02  -4.8563596482E-01   2.1834976069E-02
    8      0.0000000000E+00  -9.3357871878E-02  -4.5511861767E-01   1.2769840249E-01   4.1540439784E-01
    9      0.0000000000E+00  -4.6331712413E-01  -4.0445727759E-01  -3.4712073031E-04   3.7812739743E-02
   10      0.0000000000E+00  -2.6994863183E-02   3.7587240746E-02  -4.8556483798E-01   2.1833866406E-02
   11      0.0000000000E+00   3.7254901993E-01  -5.1029946471E-02   1.2551365049E-01   4.1539364976E-01
   12      0.0000000000E+00   1.0298613420E-01   8.9326670791E-02  -4.8206092284E-04   2.6353672352E-07
   13      0.0000000000E+00   5.6515949132E-03  -9.0767899690E-03   1.0831163191E-01   2.8248518644E-06
   14      0.0000000000E+00   1.3843378072E-01  -2.5256959696E-01  -1.5533931365E-02  -2.5359562870E-01
   15      0.0000000000E+00   1.7739091693E-02   1.5383667660E-02  -8.3145339879E-05  -1.6499302006E-07
   16      0.0000000000E+00   9.7455618018E-04  -1.5654326855E-03   1.8655241846E-02   1.1753384763E-07
   17      0.0000000000E+00  -5.5074945902E-02   1.0048288964E-01   6.1808944131E-03   1.7422176633E-04
                   10                 11                 12                 13                 14        
    0      1.9705976684E-02   1.1075425819E-01   9.8874369294E-07   3.3203625438E-03   7.1971015334E-02
    1     -1.1075631727E-01   1.9706800437E-02   1.1229603571E-07   7.1964971935E-02  -3.3205941890E-03
    2     -1.7652960729E-06   1.6862929944E-06  -9.8483100809E-02  -9.9573579622E-07   4.9372521189E-07
    3     -4.1888443522E-02  -2.3542805378E-01  -6.1068372638E-06  -3.4535446485E-02  -7.4866074197E-01
    4      1.5318028441E-01  -2.7256534138E-02   1.8454956278E-01   1.2198606585E-01  -5.6252827906E-03
    5      7.4755963315E-01  -1.3301852127E-01   5.4403334086E-01   2.9401272976E-01  -1.3562207277E-02
    6      4.7131190023E-03  -1.8008880904E-01   1.5984409310E-01  -3.8140893832E-01  -7.8287766742E-02
    7      2.0855300072E-01  -7.3841994932E-02  -9.2274638673E-02  -5.4838499392E-01  -3.5250408237E-01
    8     -4.8895918262E-01  -5.8090279274E-01   5.4406135527E-01  -1.3523606237E-01   2.6136319734E-01
    9     -6.6538004658E-02  -1.6740026307E-01  -1.5984538834E-01   3.7257423942E-01  -1.1306601613E-01
   10      2.2121623835E-01  -2.6276077075E-03  -9.2267848293E-02  -5.1360774596E-01   4.0150030869E-01
   11     -2.5856729581E-01   7.1390311015E-01   5.4407131357E-01  -1.5873219902E-01  -2.4781092037E-01
   12     -3.7646837826E-03  -2.1158197204E-02  -1.6060004102E-07   1.0480767797E-04   2.2701992184E-03
   13      2.1158058332E-02  -3.7646034876E-03  -3.1230917957E-07   2.2715747282E-03  -1.0471832264E-04
   14     -1.5988524106E-07  -2.2115902572E-07  -1.1179973418E-02  -9.9609763745E-07   1.3262444528E-07
   15      1.0432498028E-05   5.8570789563E-05   1.0080773760E-08   9.4945177443E-07   2.0531150328E-05
   16     -5.8594444217E-05   1.0433831895E-05   2.0418341215E-08   2.0656506486E-05  -9.5883042808E-07
   17     -5.1604198897E-08   4.6778318936E-08  -5.1993078314E-04   1.9309052764E-08  -4.9040008795E-09
                   15                 16                 17        
     0      2.0797854947E-05   8.9950193105E-02   1.6190629578E-02
     1      7.6895108600E-05   1.6190353285E-02  -8.9950396765E-02
     2      3.6906042876E-02  -1.5019225851E-05   3.0861555771E-05
     3      8.8380441510E-06   4.2342499666E-02   7.6238302502E-03
     4      5.5333949897E-01  -1.3695286310E-01   7.6009184505E-01
     5     -1.6093439567E-01   4.4716324721E-02  -2.4820363719E-01
     6      4.7994317884E-01  -4.9680885065E-01  -4.4749120424E-01
     7     -2.7705347992E-01   3.1890671984E-01   2.2041592148E-01
     8     -1.6121251428E-01   1.9257762218E-01   1.6257090440E-01
     9     -4.8020081711E-01  -6.2144546542E-01   2.4620838461E-01
    10     -2.7721096901E-01  -3.7560861208E-01   9.5398701097E-02
    11     -1.6130756978E-01  -2.3709769011E-01   8.5226998765E-02
    12      2.5411804048E-08   1.7006546203E-04   3.0627265956E-05
    13      2.3814294447E-07   3.0592715432E-05  -1.6993963905E-04
    14      1.0068990848E-03  -3.8923875205E-07   8.8687958828E-07
    15      6.8296605208E-10  -1.4988095155E-05  -2.7046416337E-06
    16      2.5179296425E-09  -2.7024700934E-06   1.5014706045E-05
    17      6.5768647216E-05  -2.8614958074E-08   5.4052030037E-08

#
# The atoms: label  mass x y z (in bohrs)
#
$atoms
6
 C     12.01100     -0.000063853443    -0.000065947724     3.784201990545
 H      1.00800     -0.000067912498     1.942926575151     3.141862140792
 H      1.00800      1.682609912451    -0.971561104813     3.141842298283
 H      1.00800     -1.682743903139    -0.971554924033     3.141843265185
 Cl    35.45300     -0.000079619862    -0.000096916297     7.153526965331
 I    126.90000      0.000029891451     0.000034823017    -2.431575994454

$actual_temperature
  0.000000

$frequency_scale_factor
  1.000000


$end

