
$orca_hessian_file

$act_atom
  0

$act_coord
  0

$act_energy
      -22.057154

$multiplicity
  1

$hessian
48
                    0                  1                  2                  3                  4        
    0      8.1779338590E-01  -2.6647713000E-03  -2.5397666000E-03  -5.2889060540E-01   3.7954020900E-02
    1     -2.6647713000E-03   5.6911431970E-01   1.2468194000E-02   2.0483887700E-02  -8.3797565000E-02
    2     -2.5397666000E-03   1.2468194000E-02   9.2938614100E-02   2.2548102000E-03  -1.4961373000E-03
    3     -5.2889060540E-01   2.0483887700E-02   2.2548102000E-03   8.1498866750E-01  -3.4563094800E-02
    4      3.7954020900E-02  -8.3797565000E-02  -1.4961373000E-03  -3.4563094800E-02   5.5944001720E-01
    5      2.9295182000E-03  -1.3566126000E-03  -3.1714779300E-02  -2.8017902000E-03   1.2492579500E-02
    6     -5.3174561700E-02  -2.6944281500E-02  -4.1614350000E-04  -9.7311585600E-02  -7.4173326700E-02
    7     -2.3241224600E-02  -1.8597380000E-04   7.9647600000E-05  -7.4139866900E-02  -2.0526740050E-01
    8     -7.3697820000E-04   8.7538800000E-05   6.1269260000E-04  -1.4530765000E-03  -3.5177529000E-03
    9      1.1050307600E-02  -3.3086947000E-03  -1.4846440000E-04  -5.3301607900E-02  -2.3282447400E-02
   10     -3.3137570000E-03  -4.0043878000E-03  -8.6278900000E-05  -2.7020292200E-02  -2.4281340000E-04
   11      3.1721700000E-05  -1.7680800000E-04   1.3764972000E-03  -1.1413609000E-03  -2.4557970000E-04
   12     -1.3625280000E-04  -2.2684580000E-04   1.5279340000E-04  -2.0697600000E-05  -4.7246100000E-05
   13     -4.4158760000E-04   1.9974000000E-06   4.5106670000E-04   2.6521970000E-04   6.5890510000E-04
   14      1.3632320000E-04   6.3365000000E-06  -2.9476000000E-05  -3.3872400000E-04  -3.3751250000E-04
   15     -1.5421500000E-05  -8.4765600000E-05  -5.4857100000E-05   1.4513420000E-04  -6.8614900000E-05
   16     -2.2510300000E-05   6.4024400000E-05  -8.2222500000E-05  -4.5245000000E-05   8.8608700000E-05
   17     -1.6340300000E-05   1.0699950000E-04  -3.7731300000E-04   2.8271300000E-05  -1.6872100000E-05
   18     -1.2465940100E-01  -1.2076248910E-01  -2.8375859000E-03  -2.1622294700E-02  -2.7215740000E-02
   19     -1.2328382360E-01  -2.2938590580E-01  -4.8266475000E-03  -1.7124783000E-03  -1.0314670000E-03
   20     -2.9378519000E-03  -4.9682094000E-03  -3.0773245600E-02  -3.1681200000E-05   1.1635190000E-04
   21     -1.0267246870E-01   1.0751797470E-01   3.0398622000E-03  -1.9176804700E-02   2.9343991700E-02
   22      1.0858203380E-01  -2.4831099100E-01  -5.9027952000E-03   6.6210016000E-03  -4.6908096000E-03
   23      3.0296659000E-03  -5.8121256000E-03  -3.2017594000E-02   3.3698450000E-04  -2.8976380000E-04
   24     -2.0062126200E-02   2.9013487600E-02   8.4125820000E-04  -9.6565734100E-02   1.0041861940E-01
   25      4.8176509000E-03  -4.3073153000E-03  -1.3991920000E-04   1.0240110880E-01  -2.3968382130E-01
   26      2.5629720000E-04  -2.0710960000E-04   3.6138390000E-04   2.9474475000E-03  -6.1478061000E-03
   27      1.1305998000E-03  -1.8674244000E-03  -5.3119300000E-05   6.1061100000E-03  -1.1968144700E-02
   28      1.5491762000E-03   9.8532020000E-04   3.1135000000E-05   9.8325429000E-03  -2.7233258800E-02
   29      8.1550700000E-05   2.4290300000E-05  -7.8456210000E-04   5.4172100000E-05  -7.7254660000E-04
   30     -7.6403000000E-04  -1.4193107000E-03  -3.6166500000E-05  -5.0210375000E-03   1.2871986000E-03
   31     -7.8498300000E-05   1.1184800000E-04  -6.1346000000E-06  -2.3416760000E-04   9.3713310000E-04
   32     -4.1634400000E-05  -5.4530200000E-05   3.2802740000E-04  -1.5190930000E-04  -2.4171740000E-04
   33      2.3883520000E-04  -7.7466300000E-05  -2.5480000000E-06   9.8170350000E-04   2.2466005000E-03
   34     -2.9605090000E-04  -2.0256910000E-04  -2.7690000000E-07  -1.6576876000E-03   1.5623724000E-03
   35      2.2512900000E-05   8.4159000000E-06  -4.0859700000E-05   1.1087800000E-05   1.5828160000E-04
   36      1.1413850000E-04   4.9895300000E-05  -6.3221200000E-05  -1.2926200000E-04   1.7100420000E-04
   37     -4.3495300000E-05   8.4906500000E-05   3.2924200000E-05   1.3774710000E-04  -1.0509670000E-04
   38     -9.1091300000E-05  -1.3906710000E-04   9.1871000000E-05   1.7504220000E-04  -6.6160900000E-05
   39      1.6818200000E-05   1.4591610000E-04   1.4082400000E-05   7.8983700000E-05  -7.2286100000E-05
   40      1.2812430000E-04  -7.6237000000E-05  -3.6284800000E-05  -3.9076600000E-05  -7.7795800000E-05
   41     -7.0740500000E-05   2.3050300000E-05   1.9388000000E-05   1.3532800000E-05   1.6753450000E-04
   42     -1.1839500000E-05   4.7167000000E-05  -5.2008000000E-05  -1.8335780000E-04  -3.3226000000E-06
   43     -6.6516000000E-06  -4.8279000000E-05  -3.1099300000E-05  -2.6808300000E-05   8.5244500000E-05
   44     -7.0182000000E-06  -7.4600000000E-07   3.1633100000E-05   3.7423000000E-06  -1.0208600000E-05
   45      4.2621500000E-05   9.7720900000E-05  -9.8925800000E-05  -7.7611700000E-05  -2.7211800000E-05
   46      3.6136430000E-04  -4.3192300000E-05  -4.5517140000E-04  -3.0279050000E-04  -6.4225270000E-04
   47     -4.6168500000E-05  -9.6169000000E-06  -2.2277700000E-05   9.3451500000E-05   2.0731050000E-04
                    5                  6                  7                  8                  9        
    0      2.9295182000E-03  -5.3174561700E-02  -2.3241224600E-02  -7.3697820000E-04   1.1050307600E-02
    1     -1.3566126000E-03  -2.6944281500E-02  -1.8597380000E-04   8.7538800000E-05  -3.3086947000E-03
    2     -3.1714779300E-02  -4.1614350000E-04   7.9647600000E-05   6.1269260000E-04  -1.4846440000E-04
    3     -2.8017902000E-03  -9.7311585600E-02  -7.4139866900E-02  -1.4530765000E-03  -5.3301607900E-02
    4      1.2492579500E-02  -7.4173326700E-02  -2.0526740050E-01  -3.5177529000E-03  -2.3282447400E-02
    5      1.1365277800E-01  -2.1586655000E-03  -3.9156635000E-03  -5.4212357500E-02  -6.7573910000E-04
    6     -2.1586655000E-03   8.1480708070E-01  -3.6460481600E-02   4.8785448000E-03  -5.2879816240E-01
    7     -3.9156635000E-03  -3.6460481600E-02   5.6256527240E-01   9.1661573000E-03   3.8249059800E-02
    8     -5.4212357500E-02   4.8785448000E-03   9.1661573000E-03   1.1389193960E-01  -4.0910588000E-03
    9     -6.7573910000E-04  -5.2879816240E-01   3.8249059800E-02  -4.0910588000E-03   8.1731463880E-01
   10     -2.8487530000E-04   2.1068543000E-02  -8.3851163300E-02  -1.0289637000E-03  -1.4604804000E-03
   11      5.7982360000E-04  -4.4434948000E-03  -8.0866100000E-04  -3.1951912500E-02   7.3355411000E-03
   12     -2.3360800000E-04   5.8098390000E-04  -2.5757200000E-05   1.6702850000E-04  -2.2353400000E-05
   13      1.8933030000E-04  -4.0679900000E-05   1.1107014000E-03  -3.1696290000E-04  -2.7186470000E-04
   14     -5.6079160000E-04  -1.3735170000E-04  -9.4361100000E-05   4.9601500000E-05   3.7599900000E-04
   15     -1.2539620000E-04  -2.2373130000E-04  -2.4877980000E-04   2.3875850000E-04   5.6107800000E-05
   16      3.9611500000E-05  -5.9137800000E-05  -1.0087930000E-04   1.6081020000E-04   4.9942400000E-05
   17     -2.1872350000E-04   1.1202020000E-04  -3.5090800000E-05  -6.4612600000E-04  -2.0632630000E-04
   18     -6.3673530000E-04  -4.9563816000E-03   1.3808556000E-03   1.0643690000E-04  -7.9894870000E-04
   19     -3.6507000000E-05  -2.7231560000E-04   1.0011894000E-03  -3.0820430000E-04  -1.0535420000E-04
   20      2.5143690000E-04   7.1571100000E-05  -3.1657340000E-04   1.3063584600E-02   3.1162100000E-05
   21      8.3826560000E-04   9.6786380000E-04   2.1926744000E-03   2.4899400000E-05   2.2431340000E-04
   22     -1.5137510000E-04  -1.6584448000E-03   1.5466384000E-03   1.8561840000E-04  -2.8756860000E-04
   23      2.1078010000E-04  -7.1735500000E-05   1.7048480000E-04  -5.5740066000E-03  -2.1399500000E-05
   24      2.9703981000E-03   6.0973095000E-03  -1.1959004700E-02  -3.4333120000E-04   1.1661658000E-03
   25     -5.9509766000E-03   1.0001184100E-02  -2.7641393100E-02  -7.8678250000E-04   1.5998399000E-03
   26     -3.7295053100E-02   3.6642380000E-04  -6.4800000000E-04   1.8114046000E-03   2.6098000000E-06
   27     -2.0028920000E-04  -9.6583212700E-02   1.0141462120E-01   1.8161069000E-03  -1.9881641800E-02
   28     -5.7438500000E-04   1.0345452390E-01  -2.4236718980E-01  -3.6735161000E-03   4.7739443000E-03
   29      1.7663137000E-03   2.1773062000E-03  -3.8568201000E-03  -3.7233021900E-02  -1.9144380000E-04
   30     -1.5280510000E-04  -2.1503270300E-02  -2.7011903000E-02  -7.9891190000E-04  -1.2464951360E-01
   31     -2.6625480000E-04  -1.6925870000E-03  -8.6763790000E-04  -3.1694300000E-05  -1.2383562790E-01
   32      1.3072515000E-02  -2.2088890000E-04  -3.1302220000E-04   2.8773800000E-04  -3.7540290000E-03
   33      1.2864740000E-04  -1.9357897400E-02   2.9538560900E-02   4.3337330000E-04  -1.0236121870E-01
   34      1.2527860000E-04   6.6996633000E-03  -4.9170652000E-03  -6.6652300000E-05   1.0773658210E-01
   35     -5.5947009000E-03  -4.2448900000E-05   2.9891340000E-04   2.8475010000E-04   1.3862424000E-03
   36      8.7590400000E-05  -1.8556710000E-04   1.3948200000E-05  -5.2908600000E-05  -1.9424000000E-05
   37     -4.5289700000E-05  -9.0954000000E-06   1.0882850000E-04  -1.0338000000E-05  -1.5414700000E-05
   38     -3.7100800000E-05   1.6189000000E-05   7.9103000000E-06   9.4180500000E-05   3.5991900000E-05
   39     -1.5903300000E-05  -7.2431000000E-06   1.2070100000E-05  -1.7493000000E-06  -1.7619500000E-05
   40      2.0546900000E-05   2.8596800000E-05  -2.3897320000E-04   3.1517200000E-05  -1.5376700000E-05
   41     -1.0659400000E-05   7.4704400000E-05   6.2408900000E-05   4.7449000000E-06  -1.9259800000E-05
   42      6.7483000000E-05  -1.5798660000E-04   1.7207920000E-04  -8.2279300000E-05   9.1305100000E-05
   43      1.9401200000E-05   9.1616700000E-05  -1.1445770000E-04   5.8577400000E-05  -5.3740900000E-05
   44      7.5428800000E-05  -1.6818030000E-04   2.1856600000E-05  -7.8280400000E-05   5.8988700000E-05
   45     -2.0970800000E-05  -1.9363810000E-04   1.1314850000E-04  -1.0485450000E-04  -5.2348700000E-05
   46     -3.0480830000E-04  -3.3777400000E-05  -7.8049630000E-04   5.0647600000E-05   2.2720190000E-04
   47      3.5090200000E-05  -3.7850200000E-05   1.8081320000E-04  -4.0493140000E-04  -1.1881440000E-04
                   10                 11                 12                 13                 14        
    0     -3.3137570000E-03   3.1721700000E-05  -1.3625280000E-04  -4.4158760000E-04   1.3632320000E-04
    1     -4.0043878000E-03  -1.7680800000E-04  -2.2684580000E-04   1.9974000000E-06   6.3365000000E-06
    2     -8.6278900000E-05   1.3764972000E-03   1.5279340000E-04   4.5106670000E-04  -2.9476000000E-05
    3     -2.7020292200E-02  -1.1413609000E-03  -2.0697600000E-05   2.6521970000E-04  -3.3872400000E-04
    4     -2.4281340000E-04  -2.4557970000E-04  -4.7246100000E-05   6.5890510000E-04  -3.3751250000E-04
    5     -2.8487530000E-04   5.7982360000E-04  -2.3360800000E-04   1.8933030000E-04  -5.6079160000E-04
    6      2.1068543000E-02  -4.4434948000E-03   5.8098390000E-04  -4.0679900000E-05  -1.3735170000E-04
    7     -8.3851163300E-02  -8.0866100000E-04  -2.5757200000E-05   1.1107014000E-03  -9.4361100000E-05
    8     -1.0289637000E-03  -3.1951912500E-02   1.6702850000E-04  -3.1696290000E-04   4.9601500000E-05
    9     -1.4604804000E-03   7.3355411000E-03  -2.2353400000E-05  -2.7186470000E-04   3.7599900000E-04
   10      5.6867021070E-01   9.8211934000E-03  -7.9418000000E-06   4.5271360000E-04  -5.6545600000E-05
   11      9.8211934000E-03   9.3505284700E-02  -3.2944770000E-04  -1.3584080000E-04  -4.0186100000E-05
   12     -7.9418000000E-06  -3.2944770000E-04   8.1135865090E-01   1.4202896410E-01  -1.2223134000E-02
   13      4.5271360000E-04  -1.3584080000E-04   1.4202896410E-01   5.8180286270E-01  -2.4025052000E-03
   14     -5.6545600000E-05  -4.0186100000E-05  -1.2223134000E-02  -2.4025052000E-03   9.7040465100E-02
   15     -5.5482900000E-05   1.1010500000E-04  -4.6074386190E-01  -2.1693885470E-01   7.5383505000E-03
   16     -7.8604800000E-05   3.8284700000E-05  -2.1303076060E-01  -1.9756081360E-01   3.7461614000E-03
   17      2.6834900000E-05  -1.0146860000E-04   7.6783659000E-03   3.2926636000E-03  -2.8826162200E-02
   18     -1.4409104000E-03  -3.5658800000E-05  -1.0148260000E-04  -2.6120940000E-04   5.5338000000E-05
   19      7.9267400000E-05  -7.6489000000E-06   4.5548900000E-05  -2.9282420000E-04   8.2455900000E-05
   20      3.9103800000E-05   3.5107700000E-04  -5.6371200000E-05  -1.0514830000E-04  -1.9632600000E-05
   21     -7.5818100000E-05  -3.7520000000E-07  -1.3693220000E-04   2.4687320000E-04  -8.0346000000E-05
   22     -2.1837260000E-04  -9.6003000000E-06   4.5075200000E-05  -8.3012800000E-05   2.6088900000E-05
   23     -1.9065400000E-05  -4.0596000000E-05  -1.1958740000E-04  -1.5673500000E-04  -1.0839300000E-05
   24     -1.8966580000E-03  -2.0836500000E-05   5.0863600000E-05   1.4533920000E-04   7.3053000000E-06
   25      1.0000070000E-03   6.6135900000E-05   4.2759600000E-05  -6.7129750000E-04   1.1275660000E-04
   26      5.6947600000E-05  -7.8653800000E-04  -3.7127900000E-05  -1.6859130000E-04   1.0535000000E-06
   27      2.8730037800E-02   4.0506630000E-04  -5.7452700000E-05   5.6717810000E-04  -2.1480850000E-04
   28     -4.1487379000E-03  -4.8551000000E-05   2.0342180000E-04  -5.8794510000E-04   2.6240280000E-04
   29      2.1768460000E-04   3.4824240000E-04  -1.3471190000E-04   2.7628740000E-04  -1.7026700000E-04
   30     -1.2121831400E-01  -3.5953951000E-03  -1.9148470000E-04  -5.3996850000E-04   9.5280400000E-05
   31     -2.3046892880E-01  -5.4488305000E-03  -1.7380150000E-04  -3.2172270000E-04   8.7926900000E-05
   32     -5.4702815000E-03  -3.0982196400E-02   1.2285320000E-04   7.5940100000E-05  -3.0872500000E-05
   33      1.0669981350E-01   1.3307857000E-03  -1.7119750000E-04   3.5350250000E-04  -8.4340400000E-05
   34     -2.4685009610E-01  -3.1663876000E-03   1.6987720000E-04  -5.7566100000E-04   1.1172750000E-04
   35     -3.3324219000E-03  -3.2061229700E-02   1.0201880000E-04   8.2648700000E-05   1.3500500000E-05
   36      3.9793200000E-05   4.5416200000E-05  -3.1853421900E-02   1.1228633800E-02   5.3950130000E-04
   37     -7.6140100000E-05   2.7693500000E-05  -1.2862696700E-02   8.1266701000E-03   1.4514050000E-04
   38     -1.0921000000E-06   6.6521700000E-05   5.1001060000E-04  -1.8510350000E-04   1.9698994000E-03
   39     -9.4016000000E-05  -1.2847800000E-05  -8.1918400000E-04  -2.4160922500E-02  -6.7801500000E-05
   40      1.6507000000E-06  -4.0640300000E-05  -3.2039730000E-04  -2.0618695500E-02   3.7206500000E-05
   41     -1.8413000000E-05  -2.9789200000E-05  -4.2700600000E-05   4.9329100000E-04  -4.8349555000E-03
   42      7.4357900000E-05   1.0980110000E-04  -2.6460811140E-01   8.7292047200E-02   3.9315451000E-03
   43      8.0354300000E-05  -3.3240000000E-06   8.8291517000E-02  -7.0643307600E-02  -1.5398943000E-03
   44      1.1956840000E-04   1.9706900000E-05   4.0317920000E-03  -1.6515221000E-03  -3.3160639500E-02
   45     -2.8874700000E-05   2.1097970000E-04  -5.3128065600E-02   5.2732950000E-04   4.6686340000E-04
   46     -3.4495900000E-04   1.3856460000E-04  -4.1317167000E-03  -3.0079857040E-01  -1.8738480000E-04
   47      1.6605000000E-05  -2.5323700000E-04   4.1182630000E-04   2.6118150000E-04  -3.1390697700E-02
                   15                 16                 17                 18                 19        
    0     -1.5421500000E-05  -2.2510300000E-05  -1.6340300000E-05  -1.2465940100E-01  -1.2328382360E-01
    1     -8.4765600000E-05   6.4024400000E-05   1.0699950000E-04  -1.2076248910E-01  -2.2938590580E-01
    2     -5.4857100000E-05  -8.2222500000E-05  -3.7731300000E-04  -2.8375859000E-03  -4.8266475000E-03
    3      1.4513420000E-04  -4.5245000000E-05   2.8271300000E-05  -2.1622294700E-02  -1.7124783000E-03
    4     -6.8614900000E-05   8.8608700000E-05  -1.6872100000E-05  -2.7215740000E-02  -1.0314670000E-03
    5     -1.2539620000E-04   3.9611500000E-05  -2.1872350000E-04  -6.3673530000E-04  -3.6507000000E-05
    6     -2.2373130000E-04  -5.9137800000E-05   1.1202020000E-04  -4.9563816000E-03  -2.7231560000E-04
    7     -2.4877980000E-04  -1.0087930000E-04  -3.5090800000E-05   1.3808556000E-03   1.0011894000E-03
    8      2.3875850000E-04   1.6081020000E-04  -6.4612600000E-04   1.0643690000E-04  -3.0820430000E-04
    9      5.6107800000E-05   4.9942400000E-05  -2.0632630000E-04  -7.9894870000E-04  -1.0535420000E-04
   10     -5.5482900000E-05  -7.8604800000E-05   2.6834900000E-05  -1.4409104000E-03   7.9267400000E-05
   11      1.1010500000E-04   3.8284700000E-05  -1.0146860000E-04  -3.5658800000E-05  -7.6489000000E-06
   12     -4.6074386190E-01  -2.1303076060E-01   7.6783659000E-03  -1.0148260000E-04   4.5548900000E-05
   13     -2.1693885470E-01  -1.9756081360E-01   3.2926636000E-03  -2.6120940000E-04  -2.9282420000E-04
   14      7.5383505000E-03   3.7461614000E-03  -2.8826162200E-02   5.5338000000E-05   8.2455900000E-05
   15      7.8356529470E-01   1.2528432310E-01  -1.1166888100E-02   6.6846100000E-05   4.9465800000E-05
   16      1.2528432310E-01   6.6894155890E-01  -2.6049391000E-03  -3.7610000000E-05   1.8910500000E-05
   17     -1.1166888100E-02  -2.6049391000E-03   8.6896335000E-02   6.4552300000E-05   1.7178300000E-05
   18      6.6846100000E-05  -3.7610000000E-05   6.4552300000E-05   1.4500241160E-01   1.3790444070E-01
   19      4.9465800000E-05   1.8910500000E-05   1.7178300000E-05   1.3790444070E-01   2.5073407980E-01
   20      5.3679500000E-05   4.2920700000E-05   5.2011800000E-05   3.1969094000E-03   5.6074956000E-03
   21     -5.2460100000E-05   2.4589200000E-05   5.2480700000E-05   6.5353298000E-03  -1.3540771700E-02
   22      7.8103700000E-05  -1.1020910000E-04  -6.0609500000E-05   1.0765193100E-02  -2.3503703700E-02
   23      8.9133000000E-06   2.7842400000E-05   7.5978200000E-05   2.6680040000E-04  -6.5511520000E-04
   24     -1.0213510000E-04   1.0860860000E-04  -2.2198200000E-05   9.1233690000E-04   9.0796700000E-04
   25      1.5252730000E-04   2.2973000000E-06   6.8072400000E-05  -8.8476730000E-04   1.3619128000E-03
   26      5.1999300000E-05  -1.5527000000E-05   2.8800900000E-05  -4.8436300000E-05   1.5973940000E-04
   27      2.3719200000E-05  -8.5594600000E-05   3.1509700000E-05  -7.2553800000E-05   2.7479860000E-04
   28      4.8602500000E-05  -5.5267800000E-05  -4.2482300000E-05   3.1791790000E-04   6.3857820000E-04
   29     -1.0165100000E-05  -3.5062300000E-05   4.3476600000E-05   9.8578000000E-06   1.9613700000E-05
   30      7.2949900000E-05   5.0734900000E-05   5.5294800000E-05  -4.8562370000E-04  -3.2681300000E-05
   31      8.8685100000E-05  -2.6381100000E-05   2.1782400000E-05  -2.0274000000E-05   6.0385500000E-05
   32     -1.7323900000E-05  -1.5373100000E-05   1.8481300000E-05  -2.4428800000E-05   5.3736500000E-05
   33     -5.3753000000E-05  -2.3749100000E-05  -1.1577000000E-05   1.2158130000E-04  -1.4302140000E-04
   34      1.7031600000E-05   1.0660000000E-04   1.7012800000E-05  -5.3058100000E-05   6.7624400000E-05
   35     -2.3163000000E-05   3.4400700000E-05   2.5429300000E-05   5.2279000000E-06  -1.4456100000E-05
   36     -2.5426612280E-01   1.1327287180E-01   2.8516479000E-03   1.3643300000E-05  -4.4178700000E-05
   37      1.1581174370E-01  -1.0572193920E-01  -1.5067124000E-03  -2.2801300000E-05  -1.1392390000E-04
   38      2.7361889000E-03  -1.3724420000E-03  -3.1840223800E-02  -1.5086900000E-05   5.3772000000E-06
   39     -4.1761593200E-02   5.4574952000E-03   1.5074590000E-04  -5.8867200000E-05  -5.0924500000E-05
   40      2.1232285000E-03  -3.2183431300E-01  -3.2155040000E-04   3.0133700000E-05   1.0100520000E-04
   41      1.7693470000E-04  -5.3336960000E-04  -2.7607945300E-02  -8.1184000000E-05  -3.4417300000E-05
   42     -2.7678749600E-02   8.0213441000E-03   3.7722840000E-04   4.0479700000E-05   1.4666200000E-05
   43     -1.2310331800E-02   5.3270626000E-03   1.9878990000E-04   8.2918000000E-06   2.8648200000E-05
   44      4.8203520000E-04  -1.5459160000E-04  -4.7035810000E-04   3.2260800000E-05   1.3744400000E-05
   45      9.6777670000E-04  -3.8965301900E-02   2.1212700000E-05   6.2924500000E-05  -1.1337700000E-05
   46     -1.3946881600E-02  -4.9060654700E-02   8.3892280000E-04   2.9202700000E-04   2.3622340000E-04
   47      8.2850000000E-07   7.2349570000E-04   2.9478073000E-03  -5.8267300000E-05  -7.6344700000E-05
                   20                 21                 22                 23                 24        
    0     -2.9378519000E-03  -1.0267246870E-01   1.0858203380E-01   3.0296659000E-03  -2.0062126200E-02
    1     -4.9682094000E-03   1.0751797470E-01  -2.4831099100E-01  -5.8121256000E-03   2.9013487600E-02
    2     -3.0773245600E-02   3.0398622000E-03  -5.9027952000E-03  -3.2017594000E-02   8.4125820000E-04
    3     -3.1681200000E-05  -1.9176804700E-02   6.6210016000E-03   3.3698450000E-04  -9.6565734100E-02
    4      1.1635190000E-04   2.9343991700E-02  -4.6908096000E-03  -2.8976380000E-04   1.0041861940E-01
    5      2.5143690000E-04   8.3826560000E-04  -1.5137510000E-04   2.1078010000E-04   2.9703981000E-03
    6      7.1571100000E-05   9.6786380000E-04  -1.6584448000E-03  -7.1735500000E-05   6.0973095000E-03
    7     -3.1657340000E-04   2.1926744000E-03   1.5466384000E-03   1.7048480000E-04  -1.1959004700E-02
    8      1.3063584600E-02   2.4899400000E-05   1.8561840000E-04  -5.5740066000E-03  -3.4333120000E-04
    9      3.1162100000E-05   2.2431340000E-04  -2.8756860000E-04  -2.1399500000E-05   1.1661658000E-03
   10      3.9103800000E-05  -7.5818100000E-05  -2.1837260000E-04  -1.9065400000E-05  -1.8966580000E-03
   11      3.5107700000E-04  -3.7520000000E-07  -9.6003000000E-06  -4.0596000000E-05  -2.0836500000E-05
   12     -5.6371200000E-05  -1.3693220000E-04   4.5075200000E-05  -1.1958740000E-04   5.0863600000E-05
   13     -1.0514830000E-04   2.4687320000E-04  -8.3012800000E-05  -1.5673500000E-04   1.4533920000E-04
   14     -1.9632600000E-05  -8.0346000000E-05   2.6088900000E-05  -1.0839300000E-05   7.3053000000E-06
   15      5.3679500000E-05  -5.2460100000E-05   7.8103700000E-05   8.9133000000E-06  -1.0213510000E-04
   16      4.2920700000E-05   2.4589200000E-05  -1.1020910000E-04   2.7842400000E-05   1.0860860000E-04
   17      5.2011800000E-05   5.2480700000E-05  -6.0609500000E-05   7.5978200000E-05  -2.2198200000E-05
   18      3.1969094000E-03   6.5353298000E-03   1.0765193100E-02   2.6680040000E-04   9.1233690000E-04
   19      5.6074956000E-03  -1.3540771700E-02  -2.3503703700E-02  -6.5511520000E-04   9.0796700000E-04
   20      2.1064363700E-02  -3.5841980000E-04  -7.1431360000E-04   2.7482751000E-03   3.7863000000E-06
   21     -3.5841980000E-04   1.1942075760E-01  -1.2432257960E-01  -3.6156581000E-03  -5.4416514000E-03
   22     -7.1431360000E-04  -1.2432257960E-01   2.7360435620E-01   6.8841734000E-03   5.4407870000E-04
   23      2.7482751000E-03  -3.6156581000E-03   6.8841734000E-03   2.1685158000E-02   1.0759640000E-04
   24      3.7863000000E-06  -5.4416514000E-03   5.4407870000E-04   1.0759640000E-04   1.1603376500E-01
   25      1.8083710000E-04   2.7442960000E-04   1.1286139000E-03  -3.3159330000E-04  -1.1453837130E-01
   26     -5.0388903000E-03   4.9577000000E-05  -2.8202690000E-04   1.2492500400E-02  -3.4796606000E-03
   27      1.0188200000E-05  -3.9164070000E-04   4.9111600000E-05  -1.9383000000E-06  -1.7066266000E-03
   28     -4.6625000000E-06  -1.0402221000E-03   4.7104820000E-04   3.0667900000E-05  -2.8186925000E-03
   29     -9.4204000000E-05  -1.2341700000E-05   3.5259000000E-06   1.7409550000E-04  -6.7259800000E-05
   30      3.7009800000E-05   1.2223300000E-04  -6.1066400000E-05  -9.5095000000E-06  -7.2922200000E-05
   31      4.4937000000E-05  -1.3893160000E-04   6.2361300000E-05  -5.7978000000E-06   2.6708190000E-04
   32     -2.0015226000E-03  -2.4352000000E-06  -1.0824100000E-05   4.5245070000E-04   9.2020000000E-07
   33     -6.0336000000E-06   3.4963430000E-04  -1.9834250000E-04  -9.3169000000E-06  -3.5608090000E-04
   34     -7.7523000000E-06  -2.0672010000E-04  -1.0379670000E-04  -3.0349000000E-06   7.6312100000E-05
   35      4.4887610000E-04   1.4430000000E-06  -2.4991000000E-06  -4.3151600000E-05  -3.2165000000E-06
   36     -1.1086400000E-05   1.2690200000E-04  -3.9058600000E-05  -3.5686700000E-05  -3.3955200000E-05
   37     -3.5931900000E-05  -2.8452600000E-05   8.6719600000E-05   5.6507500000E-05  -1.0499000000E-05
   38     -2.7042700000E-05  -7.9281100000E-05   1.2537280000E-04  -1.3197860000E-04  -5.3308500000E-05
   39     -6.1210700000E-05  -2.8142400000E-05  -2.7449700000E-05   4.2661800000E-05   4.8463100000E-05
   40     -1.7433200000E-05  -5.5569500000E-05  -2.5547000000E-06  -2.5704000000E-05  -5.8575800000E-05
   41     -3.1479400000E-05   4.1237400000E-05  -6.5025300000E-05  -2.7660400000E-05   8.6504300000E-05
   42      1.7400300000E-05   7.1520100000E-05  -6.6196800000E-05   3.4256700000E-05   3.5727000000E-05
   43      1.0421500000E-05   1.4465900000E-05  -3.6445600000E-05   2.6372000000E-06  -3.9245500000E-05
   44     -5.5933000000E-06   2.1227100000E-05  -6.4970000000E-07  -1.7469300000E-05  -4.8836400000E-05
   45      4.0948000000E-05   8.1546100000E-05  -2.3890800000E-05   5.7952900000E-05  -3.3993000000E-06
   46      1.2795700000E-04  -2.0593310000E-04   1.6015810000E-04   1.2662180000E-04  -1.6044760000E-04
   47      1.1985200000E-05   7.9864800000E-05  -2.5060700000E-05   2.4057900000E-05   2.0878900000E-05
                   25                 26                 27                 28                 29        
    0      4.8176509000E-03   2.5629720000E-04   1.1305998000E-03   1.5491762000E-03   8.1550700000E-05
    1     -4.3073153000E-03  -2.0710960000E-04  -1.8674244000E-03   9.8532020000E-04   2.4290300000E-05
    2     -1.3991920000E-04   3.6138390000E-04  -5.3119300000E-05   3.1135000000E-05  -7.8456210000E-04
    3      1.0240110880E-01   2.9474475000E-03   6.1061100000E-03   9.8325429000E-03   5.4172100000E-05
    4     -2.3968382130E-01  -6.1478061000E-03  -1.1968144700E-02  -2.7233258800E-02  -7.7254660000E-04
    5     -5.9509766000E-03  -3.7295053100E-02  -2.0028920000E-04  -5.7438500000E-04   1.7663137000E-03
    6      1.0001184100E-02   3.6642380000E-04  -9.6583212700E-02   1.0345452390E-01   2.1773062000E-03
    7     -2.7641393100E-02  -6.4800000000E-04   1.0141462120E-01  -2.4236718980E-01  -3.8568201000E-03
    8     -7.8678250000E-04   1.8114046000E-03   1.8161069000E-03  -3.6735161000E-03  -3.7233021900E-02
    9      1.5998399000E-03   2.6098000000E-06  -1.9881641800E-02   4.7739443000E-03  -1.9144380000E-04
   10      1.0000070000E-03   5.6947600000E-05   2.8730037800E-02  -4.1487379000E-03   2.1768460000E-04
   11      6.6135900000E-05  -7.8653800000E-04   4.0506630000E-04  -4.8551000000E-05   3.4824240000E-04
   12      4.2759600000E-05  -3.7127900000E-05  -5.7452700000E-05   2.0342180000E-04  -1.3471190000E-04
   13     -6.7129750000E-04  -1.6859130000E-04   5.6717810000E-04  -5.8794510000E-04   2.7628740000E-04
   14      1.1275660000E-04   1.0535000000E-06  -2.1480850000E-04   2.6240280000E-04  -1.7026700000E-04
   15      1.5252730000E-04   5.1999300000E-05   2.3719200000E-05   4.8602500000E-05  -1.0165100000E-05
   16      2.2973000000E-06  -1.5527000000E-05  -8.5594600000E-05  -5.5267800000E-05  -3.5062300000E-05
   17      6.8072400000E-05   2.8800900000E-05   3.1509700000E-05  -4.2482300000E-05   4.3476600000E-05
   18     -8.8476730000E-04  -4.8436300000E-05  -7.2553800000E-05   3.1791790000E-04   9.8578000000E-06
   19      1.3619128000E-03   1.5973940000E-04   2.7479860000E-04   6.3857820000E-04   1.9613700000E-05
   20      1.8083710000E-04  -5.0388903000E-03   1.0188200000E-05  -4.6625000000E-06  -9.4204000000E-05
   21      2.7442960000E-04   4.9577000000E-05  -3.9164070000E-04  -1.0402221000E-03  -1.2341700000E-05
   22      1.1286139000E-03  -2.8202690000E-04   4.9111600000E-05   4.7104820000E-04   3.5259000000E-06
   23     -3.3159330000E-04   1.2492500400E-02  -1.9383000000E-06   3.0667900000E-05   1.7409550000E-04
   24     -1.1453837130E-01  -3.4796606000E-03  -1.7066266000E-03  -2.8186925000E-03  -6.7259800000E-05
   25      2.7074875250E-01   7.1179761000E-03  -2.8827436000E-03  -3.7348830000E-03  -1.7955770000E-04
   26      7.1179761000E-03   2.5490320600E-02  -7.9435700000E-05  -1.1360110000E-04   3.0248852000E-03
   27     -2.8827436000E-03  -7.9435700000E-05   1.1601392360E-01  -1.1533047680E-01  -1.8779941000E-03
   28     -3.7348830000E-03  -1.1360110000E-04  -1.1533047680E-01   2.7295686920E-01   4.5203982000E-03
   29     -1.7955770000E-04   3.0248852000E-03  -1.8779941000E-03   4.5203982000E-03   2.5404496700E-02
   30      3.1867620000E-04   8.7510000000E-06   8.5409900000E-04  -9.1387530000E-04   3.4844000000E-05
   31      6.3909230000E-04   1.8034500000E-05   9.3849610000E-04   1.3275161000E-03   1.3531810000E-04
   32      3.7485400000E-05  -1.0480830000E-04   7.1845200000E-05   1.2057600000E-04  -5.0208278000E-03
   33     -1.0775819000E-03  -3.6326000000E-05  -5.4210145000E-03   1.8857370000E-04  -2.2308150000E-04
   34      5.1613710000E-04   8.9816000000E-06   6.1499090000E-04   1.1511374000E-03  -1.9782930000E-04
   35     -2.5759600000E-05   1.7862150000E-04  -1.8847890000E-04  -2.4691550000E-04   1.2498091400E-02
   36     -6.0225000000E-05  -3.9945900000E-05   4.9623500000E-05  -1.2668150000E-04   3.9720200000E-05
   37     -1.3617400000E-05   6.5738700000E-05  -3.5134400000E-05   1.8052700000E-05   3.5484800000E-05
   38      3.2946900000E-05  -2.7442000000E-05   3.1064400000E-05   5.5386900000E-05  -3.7949700000E-05
   39      1.9784600000E-05   6.5180100000E-05  -5.7155000000E-05   8.8169000000E-06   7.3031000000E-06
   40      1.9240930000E-04  -1.8977200000E-05  -2.0427200000E-05   7.9864400000E-05  -5.8329400000E-05
   41     -4.2329400000E-05  -1.2432120000E-04   6.0729000000E-06  -9.2746100000E-05  -1.8324400000E-05
   42     -1.3086950000E-04  -3.9855500000E-05  -1.9322500000E-05  -6.1302600000E-05   4.1932400000E-05
   43      1.8992600000E-05  -3.7011200000E-05  -1.5257900000E-05  -2.4584200000E-05  -5.2536200000E-05
   44     -5.0344000000E-06  -2.6380000000E-05   6.1572300000E-05  -3.8015000000E-05  -3.0669000000E-05
   45     -5.3402300000E-05   1.2502600000E-05   1.2545300000E-05  -8.6269300000E-05   7.0311400000E-05
   46      4.4411270000E-04   2.1123250000E-04  -3.8403070000E-04   5.2348030000E-04  -7.9921400000E-05
   47     -1.5425760000E-04   1.4462200000E-05   1.8263810000E-04  -1.8569200000E-04   1.3022440000E-04
                   30                 31                 32                 33                 34        
    0     -7.6403000000E-04  -7.8498300000E-05  -4.1634400000E-05   2.3883520000E-04  -2.9605090000E-04
    1     -1.4193107000E-03   1.1184800000E-04  -5.4530200000E-05  -7.7466300000E-05  -2.0256910000E-04
    2     -3.6166500000E-05  -6.1346000000E-06   3.2802740000E-04  -2.5480000000E-06  -2.7690000000E-07
    3     -5.0210375000E-03  -2.3416760000E-04  -1.5190930000E-04   9.8170350000E-04  -1.6576876000E-03
    4      1.2871986000E-03   9.3713310000E-04  -2.4171740000E-04   2.2466005000E-03   1.5623724000E-03
    5     -1.5280510000E-04  -2.6625480000E-04   1.3072515000E-02   1.2864740000E-04   1.2527860000E-04
    6     -2.1503270300E-02  -1.6925870000E-03  -2.2088890000E-04  -1.9357897400E-02   6.6996633000E-03
    7     -2.7011903000E-02  -8.6763790000E-04  -3.1302220000E-04   2.9538560900E-02  -4.9170652000E-03
    8     -7.9891190000E-04  -3.1694300000E-05   2.8773800000E-04   4.3337330000E-04  -6.6652300000E-05
    9     -1.2464951360E-01  -1.2383562790E-01  -3.7540290000E-03  -1.0236121870E-01   1.0773658210E-01
   10     -1.2121831400E-01  -2.3046892880E-01  -5.4702815000E-03   1.0669981350E-01  -2.4685009610E-01
   11     -3.5953951000E-03  -5.4488305000E-03  -3.0982196400E-02   1.3307857000E-03  -3.1663876000E-03
   12     -1.9148470000E-04  -1.7380150000E-04   1.2285320000E-04  -1.7119750000E-04   1.6987720000E-04
   13     -5.3996850000E-04  -3.2172270000E-04   7.5940100000E-05   3.5350250000E-04  -5.7566100000E-04
   14      9.5280400000E-05   8.7926900000E-05  -3.0872500000E-05  -8.4340400000E-05   1.1172750000E-04
   15      7.2949900000E-05   8.8685100000E-05  -1.7323900000E-05  -5.3753000000E-05   1.7031600000E-05
   16      5.0734900000E-05  -2.6381100000E-05  -1.5373100000E-05  -2.3749100000E-05   1.0660000000E-04
   17      5.5294800000E-05   2.1782400000E-05   1.8481300000E-05  -1.1577000000E-05   1.7012800000E-05
   18     -4.8562370000E-04  -2.0274000000E-05  -2.4428800000E-05   1.2158130000E-04  -5.3058100000E-05
   19     -3.2681300000E-05   6.0385500000E-05   5.3736500000E-05  -1.4302140000E-04   6.7624400000E-05
   20      3.7009800000E-05   4.4937000000E-05  -2.0015226000E-03  -6.0336000000E-06  -7.7523000000E-06
   21      1.2223300000E-04  -1.3893160000E-04  -2.4352000000E-06   3.4963430000E-04  -2.0672010000E-04
   22     -6.1066400000E-05   6.2361300000E-05  -1.0824100000E-05  -1.9834250000E-04  -1.0379670000E-04
   23     -9.5095000000E-06  -5.7978000000E-06   4.5245070000E-04  -9.3169000000E-06  -3.0349000000E-06
   24     -7.2922200000E-05   2.6708190000E-04   9.2020000000E-07  -3.5608090000E-04   7.6312100000E-05
   25      3.1867620000E-04   6.3909230000E-04   3.7485400000E-05  -1.0775819000E-03   5.1613710000E-04
   26      8.7510000000E-06   1.8034500000E-05  -1.0480830000E-04  -3.6326000000E-05   8.9816000000E-06
   27      8.5409900000E-04   9.3849610000E-04   7.1845200000E-05  -5.4210145000E-03   6.1499090000E-04
   28     -9.1387530000E-04   1.3275161000E-03   1.2057600000E-04   1.8857370000E-04   1.1511374000E-03
   29      3.4844000000E-05   1.3531810000E-04  -5.0208278000E-03  -2.2308150000E-04  -1.9782930000E-04
   30      1.4494144830E-01   1.3820685980E-01   4.3211807000E-03   6.5364358000E-03   1.0861926700E-02
   31      1.3820685980E-01   2.5174174740E-01   6.1932491000E-03  -1.3408966700E-02  -2.3493282900E-02
   32      4.3211807000E-03   6.1932491000E-03   2.1181746000E-02  -2.0061760000E-04  -3.7414790000E-04
   33      6.5364358000E-03  -1.3408966700E-02  -2.0061760000E-04   1.1922268310E-01  -1.2378216960E-01
   34      1.0861926700E-02  -2.3493282900E-02  -3.7414790000E-04  -1.2378216960E-01   2.7232133170E-01
   35      2.4669420000E-04  -6.5597640000E-04   2.7811360000E-03  -1.4409188000E-03   3.7948434000E-03
   36      2.8626200000E-05   1.2131000000E-05  -1.5521900000E-05   6.7557900000E-05  -6.7273600000E-05
   37     -1.5327700000E-05   2.6382900000E-05  -1.1743700000E-05  -5.2799000000E-06  -2.7027300000E-05
   38     -2.9017000000E-05  -4.8092000000E-06  -5.0970000000E-06  -2.5199500000E-05  -9.6650000000E-07
   39      6.7978000000E-06   3.5697000000E-05  -1.0630300000E-05  -2.6431400000E-05   1.0361800000E-05
   40      4.7588400000E-05   4.0384900000E-05   2.0419000000E-06  -6.9299600000E-05   6.2405100000E-05
   41     -5.0443900000E-05  -5.2150800000E-05  -1.7474500000E-05   9.6304000000E-06   1.8904000000E-05
   42      2.7951300000E-05  -2.8883800000E-05   5.9246000000E-06   1.4291510000E-04  -7.4155600000E-05
   43      2.3197900000E-05  -9.8003400000E-05   3.5081700000E-05  -1.0565200000E-05   7.7344500000E-05
   44      2.0872600000E-05   2.0547400000E-05  -2.7812400000E-05   5.6109000000E-05  -1.1486140000E-04
   45      9.7340700000E-05   6.2787500000E-05  -8.3304600000E-05   8.6247200000E-05  -4.9630200000E-05
   46      4.1626460000E-04   3.2910520000E-04  -2.6470500000E-05  -2.3060910000E-04   3.0454570000E-04
   47     -1.4767870000E-04  -5.0147000000E-05   6.8516800000E-05   8.1413600000E-05  -1.4483890000E-04
                   35                 36                 37                 38                 39        
    0      2.2512900000E-05   1.1413850000E-04  -4.3495300000E-05  -9.1091300000E-05   1.6818200000E-05
    1      8.4159000000E-06   4.9895300000E-05   8.4906500000E-05  -1.3906710000E-04   1.4591610000E-04
    2     -4.0859700000E-05  -6.3221200000E-05   3.2924200000E-05   9.1871000000E-05   1.4082400000E-05
    3      1.1087800000E-05  -1.2926200000E-04   1.3774710000E-04   1.7504220000E-04   7.8983700000E-05
    4      1.5828160000E-04   1.7100420000E-04  -1.0509670000E-04  -6.6160900000E-05  -7.2286100000E-05
    5     -5.5947009000E-03   8.7590400000E-05  -4.5289700000E-05  -3.7100800000E-05  -1.5903300000E-05
    6     -4.2448900000E-05  -1.8556710000E-04  -9.0954000000E-06   1.6189000000E-05  -7.2431000000E-06
    7      2.9891340000E-04   1.3948200000E-05   1.0882850000E-04   7.9103000000E-06   1.2070100000E-05
    8      2.8475010000E-04  -5.2908600000E-05  -1.0338000000E-05   9.4180500000E-05  -1.7493000000E-06
    9      1.3862424000E-03  -1.9424000000E-05  -1.5414700000E-05   3.5991900000E-05  -1.7619500000E-05
   10     -3.3324219000E-03   3.9793200000E-05  -7.6140100000E-05  -1.0921000000E-06  -9.4016000000E-05
   11     -3.2061229700E-02   4.5416200000E-05   2.7693500000E-05   6.6521700000E-05  -1.2847800000E-05
   12      1.0201880000E-04  -3.1853421900E-02  -1.2862696700E-02   5.1001060000E-04  -8.1918400000E-04
   13      8.2648700000E-05   1.1228633800E-02   8.1266701000E-03  -1.8510350000E-04  -2.4160922500E-02
   14      1.3500500000E-05   5.3950130000E-04   1.4514050000E-04   1.9698994000E-03  -6.7801500000E-05
   15     -2.3163000000E-05  -2.5426612280E-01   1.1581174370E-01   2.7361889000E-03  -4.1761593200E-02
   16      3.4400700000E-05   1.1327287180E-01  -1.0572193920E-01  -1.3724420000E-03   5.4574952000E-03
   17      2.5429300000E-05   2.8516479000E-03  -1.5067124000E-03  -3.1840223800E-02   1.5074590000E-04
   18      5.2279000000E-06   1.3643300000E-05  -2.2801300000E-05  -1.5086900000E-05  -5.8867200000E-05
   19     -1.4456100000E-05  -4.4178700000E-05  -1.1392390000E-04   5.3772000000E-06  -5.0924500000E-05
   20      4.4887610000E-04  -1.1086400000E-05  -3.5931900000E-05  -2.7042700000E-05  -6.1210700000E-05
   21      1.4430000000E-06   1.2690200000E-04  -2.8452600000E-05  -7.9281100000E-05  -2.8142400000E-05
   22     -2.4991000000E-06  -3.9058600000E-05   8.6719600000E-05   1.2537280000E-04  -2.7449700000E-05
   23     -4.3151600000E-05  -3.5686700000E-05   5.6507500000E-05  -1.3197860000E-04   4.2661800000E-05
   24     -3.2165000000E-06  -3.3955200000E-05  -1.0499000000E-05  -5.3308500000E-05   4.8463100000E-05
   25     -2.5759600000E-05  -6.0225000000E-05  -1.3617400000E-05   3.2946900000E-05   1.9784600000E-05
   26      1.7862150000E-04  -3.9945900000E-05   6.5738700000E-05  -2.7442000000E-05   6.5180100000E-05
   27     -1.8847890000E-04   4.9623500000E-05  -3.5134400000E-05   3.1064400000E-05  -5.7155000000E-05
   28     -2.4691550000E-04  -1.2668150000E-04   1.8052700000E-05   5.5386900000E-05   8.8169000000E-06
   29      1.2498091400E-02   3.9720200000E-05   3.5484800000E-05  -3.7949700000E-05   7.3031000000E-06
   30      2.4669420000E-04   2.8626200000E-05  -1.5327700000E-05  -2.9017000000E-05   6.7978000000E-06
   31     -6.5597640000E-04   1.2131000000E-05   2.6382900000E-05  -4.8092000000E-06   3.5697000000E-05
   32      2.7811360000E-03  -1.5521900000E-05  -1.1743700000E-05  -5.0970000000E-06  -1.0630300000E-05
   33     -1.4409188000E-03   6.7557900000E-05  -5.2799000000E-06  -2.5199500000E-05  -2.6431400000E-05
   34      3.7948434000E-03  -6.7273600000E-05  -2.7027300000E-05  -9.6650000000E-07   1.0361800000E-05
   35      2.1595570500E-02  -3.4874000000E-05   7.4013000000E-06  -1.7378600000E-05   1.9800400000E-05
   36     -3.4874000000E-05   2.8633343980E-01  -1.2478799410E-01  -3.4007573000E-03  -5.9576680000E-04
   37      7.4013000000E-06  -1.2478799410E-01   1.1123553960E-01   1.5011983000E-03   2.4307723600E-02
   38     -1.7378600000E-05  -3.4007573000E-03   1.5011983000E-03   2.2223151800E-02   2.6410300000E-05
