
$orca_hessian_file

$act_atom
  0

$act_coord
  0

$act_energy
      -22.073308

$multiplicity
  1

$hessian
48
                    0                  1                  2                  3                  4        
    0      5.2909384000E-01   7.0593363000E-03  -4.9587526200E-02  -1.4289436240E-01   3.1156060500E-02
    1      7.0593363000E-03   5.5228608490E-01  -1.8300838600E-02   1.5046921100E-02  -6.2969614900E-02
    2     -4.9587526200E-02  -1.8300838600E-02   3.2233816980E-01   1.0088803900E-01  -1.1037618000E-03
    3     -1.4289436240E-01   1.5046921100E-02   1.0088803900E-01   4.8550559120E-01   7.2081713000E-02
    4      3.1156060500E-02  -6.2969614900E-02  -1.1037618000E-03   7.2081713000E-02   6.4233044830E-01
    5      9.9259367200E-02  -4.5236280000E-04  -1.0582577280E-01  -1.1320419480E-01   1.1658955500E-02
    6     -3.9967658800E-02  -2.8666362400E-02   1.2866739400E-02  -1.8873332220E-01  -1.6249778500E-01
    7     -2.3798207700E-02  -1.6044162000E-03   3.2449075000E-03  -1.6160601070E-01  -3.1468884190E-01
    8      5.3933578000E-03   3.4106102000E-03  -1.2833673000E-02  -9.1086045000E-03  -1.0476234900E-02
    9     -1.8430079000E-03  -8.1375150000E-04  -4.8076097000E-03  -4.0778306200E-02  -2.4173770200E-02
   10     -1.0044790000E-03  -2.5601264000E-03  -6.3802990000E-04  -2.8606978500E-02  -1.0883616000E-03
   11      4.9078799000E-03   1.2570530000E-04   2.1367721000E-03  -1.3239090200E-02  -2.4288115000E-03
   12     -9.6752998000E-03  -7.7011704000E-03  -8.9563228000E-03  -8.4911038000E-03  -3.3777184000E-03
   13     -6.3374100000E-05   1.5779891000E-03  -6.4867543000E-03  -3.3672445000E-03   3.7715700000E-05
   14     -1.3328043500E-02  -1.1506957100E-02   8.5263090000E-04   2.7449660000E-04   4.3902964000E-03
   15     -8.2434330200E-02   2.0487816000E-03  -2.6260237000E-02   7.1485413000E-03  -2.9411039000E-03
   16      7.5264200000E-05  -6.6076358200E-02   7.4912448000E-03   1.2018652000E-03   3.9641370000E-03
   17     -4.7739576000E-02   7.1000902000E-03  -9.0083122200E-02   2.2283939000E-02   5.1536312000E-03
   18     -1.4033886370E-01  -1.1352431240E-01   1.2434266000E-03  -1.2456010100E-02  -1.4187275600E-02
   19     -1.1382159460E-01  -1.7966865930E-01   4.5027480000E-04  -2.6430290000E-04   1.3923395000E-03
   20      6.4831890000E-04   1.8993452000E-03  -4.0469087700E-02   1.3088416700E-02   1.5212861500E-02
   21     -9.4222705600E-02   9.6312804500E-02  -5.0782706000E-03  -1.0344312100E-02   1.9015531000E-02
   22      9.5184170700E-02  -2.3250216720E-01   1.4510039800E-02   6.4316237000E-03  -5.8622666000E-03
   23     -6.6655711000E-03   1.2685328000E-02  -3.8250291100E-02   1.1933988800E-02  -1.9221042800E-02
   24     -1.5187742600E-02   2.4137570300E-02   1.9173450000E-04  -9.1632626000E-02   9.8334555600E-02
   25      4.1986640000E-03  -4.3897870000E-03  -1.0423000000E-03   9.4977070900E-02  -2.3494531430E-01
   26      9.0114311000E-03  -1.0116681200E-02  -4.1274314000E-03  -2.6570300000E-04  -5.5864840000E-04
   27      1.9573702000E-03  -2.0706657000E-03   4.1472830000E-04   9.9688947000E-03  -1.3784246300E-02
   28      5.1307450000E-04   1.9720190000E-04  -1.2399983000E-03   9.0166674000E-03  -2.9465169800E-02
   29     -1.7252032000E-03   9.9158940000E-04  -1.5353626000E-03  -3.9088045000E-03  -6.8527825000E-03
   30     -5.0359200000E-04  -7.6179120000E-04  -1.5235780000E-03  -7.0336036000E-03  -6.9216380000E-04
   31     -3.9947840000E-04  -6.7375500000E-05  -6.1881420000E-04  -1.4884017000E-03   8.2972770000E-04
   32     -1.1094352000E-03  -1.2124244000E-03  -4.9714860000E-04  -6.0521126000E-03  -6.1666100000E-05
   33     -7.7447000000E-06   5.9928100000E-05  -1.3433830000E-04   1.1338830000E-04   3.7266640000E-04
   34      8.6248700000E-05  -8.3156000000E-05   2.9289370000E-04  -2.0262910000E-03   7.5403870000E-04
   35      1.9845600000E-05   1.2349540000E-04  -1.6815240000E-04   6.6557170000E-04   9.6249380000E-04
   36      5.5974393000E-03  -3.1947967000E-03  -1.1795864500E-02  -3.3919410000E-04   7.4680330000E-04
   37     -1.6049940000E-04   1.5465510000E-03   1.4425760000E-03   4.3342030000E-04   1.2644600000E-04
   38      8.9936116000E-03  -7.1636537000E-03  -2.2996452200E-02  -4.0344570000E-04   1.8742756000E-03
   39     -6.4227992000E-03   1.4272249600E-02  -6.5588469000E-03  -8.7037600000E-05  -3.6719730000E-04
   40      3.0726667000E-03  -3.9348618000E-03   2.3493323000E-03  -1.8303570000E-04   1.7553090000E-04
   41     -9.1115886000E-03   2.2403213700E-02  -7.3787468000E-03  -1.3663583000E-03   1.3337614000E-03
   42     -3.3271977000E-03  -2.4214168000E-03  -4.3559130000E-04  -4.1440340000E-04  -2.2674330000E-04
   43     -1.9100053000E-03  -7.3530530000E-04  -9.4384960000E-04  -9.2537940000E-04  -9.5094900000E-05
   44      8.7620960000E-04  -2.4037200000E-04  -1.7377606000E-03  -1.6272357000E-03   5.8579230000E-04
   45      1.7665520000E-04   2.1667570000E-04  -4.6648250000E-04   4.6786610000E-04   5.4067410000E-04
   46     -1.8784730000E-04  -1.0159990000E-03   5.9307800000E-04  -7.2163710000E-04  -4.9572000000E-04
   47      1.5692210000E-04   2.5391230000E-04   5.7542870000E-04   4.1097700000E-05  -4.6911980000E-04
                    5                  6                  7                  8                  9        
    0      9.9259367200E-02  -3.9967658800E-02  -2.3798207700E-02   5.3933578000E-03  -1.8430079000E-03
    1     -4.5236280000E-04  -2.8666362400E-02  -1.6044162000E-03   3.4106102000E-03  -8.1375150000E-04
    2     -1.0582577280E-01   1.2866739400E-02   3.2449075000E-03  -1.2833673000E-02  -4.8076097000E-03
    3     -1.1320419480E-01  -1.8873332220E-01  -1.6160601070E-01  -9.1086045000E-03  -4.0778306200E-02
    4      1.1658955500E-02  -1.6249778500E-01  -3.1468884190E-01  -1.0476234900E-02  -2.4173770200E-02
    5      2.2137586280E-01   6.7005513000E-03   3.2063615000E-03  -8.3546120000E-04  -5.3490427000E-03
    6      6.7005513000E-03   4.8848480920E-01   6.5911106200E-02   1.1169663630E-01  -1.4648488600E-01
    7      3.2063615000E-03   6.5911106200E-02   6.4964211050E-01   5.4575300000E-05   3.4371202500E-02
    8     -8.3546120000E-04   1.1169663630E-01   5.4575300000E-05   2.2118856030E-01  -9.7205260000E-02
    9     -5.3490427000E-03  -1.4648488600E-01   3.4371202500E-02  -9.7205260000E-02   5.2440925180E-01
   10     -2.1528344000E-03   1.7351665900E-02  -6.3952541500E-02  -1.7338890000E-04   3.3709137000E-03
   11     -1.1577138100E-02  -9.8547518200E-02   1.2202264000E-03  -1.0428272250E-01   5.3095060700E-02
   12     -1.0515989000E-02   8.4829888000E-03  -3.6861170000E-03  -3.1552445000E-03  -7.6453660000E-02
   13     -2.3293682000E-03   3.6037010000E-04   5.6372737000E-03   4.6989021000E-03  -8.0927276000E-03
   14     -1.0834977200E-02  -2.4740123700E-02  -3.3251075000E-03  -4.7451335700E-02   3.9342436800E-02
   15      4.3358032000E-03  -7.9151122000E-03  -3.5516009000E-03   7.7092831000E-03  -8.0254649000E-03
   16     -3.2492652000E-03  -2.7725639000E-03  -2.9336520000E-04   1.8650658000E-03  -1.2134774000E-03
   17     -4.5256788100E-02  -7.5547470000E-04  -3.2752136000E-03  -1.0804807100E-02   1.2428566500E-02
   18      5.8017924000E-03  -7.1606302000E-03  -7.6440130000E-04   4.2073180000E-04  -5.3767270000E-04
   19      2.4780562000E-03  -1.8010576000E-03   9.9811190000E-04  -4.5608210000E-04  -4.1371360000E-04
   20     -3.6254329000E-03   5.9650050000E-03   1.0115350000E-04   1.8413964000E-03   1.1049030000E-03
   21     -3.4542400000E-05  -7.8662000000E-06   6.5516840000E-04   5.1231940000E-04   3.7620000000E-06
   22     -3.6852610000E-03  -2.1115738000E-03   7.5313670000E-04   5.6558740000E-04   4.5643300000E-05
   23     -6.4630510000E-04  -6.0024850000E-04  -9.9738290000E-04  -4.6551770000E-04  -5.1015600000E-05
   24      9.6849572000E-03   1.0088182800E-02  -1.3745683100E-02  -2.7546466000E-03   2.1265223000E-03
   25     -3.3703095000E-03   9.3132228000E-03  -3.0830442100E-02   4.5952270000E-04   4.8459250000E-04
   26     -3.0372449500E-02   3.7333174000E-03   6.4661945000E-03  -4.1616307000E-03   1.7034688000E-03
   27      1.9615887000E-03  -9.1952422400E-02   1.0045520660E-01  -5.2645956000E-03  -1.5239043000E-02
   28     -1.0338955000E-03   9.7465039000E-02  -2.4061302760E-01  -4.2350774000E-03   4.1159549000E-03
   29     -4.6252470000E-03   4.5108194000E-03  -7.4839909000E-03  -3.0850105700E-02  -9.2055424000E-03
   30     -2.3105070000E-04  -1.2304261700E-02  -1.4370700800E-02  -6.0153076000E-03  -1.3405029660E-01
   31      5.4850190000E-04  -9.6430700000E-05   1.9267559000E-03  -1.9404942000E-03  -1.1426572590E-01
   32      1.8680977000E-03  -1.2458410100E-02  -1.4950701000E-02  -4.1947012000E-03  -4.7768431000E-03
   33     -6.4431730000E-04  -1.0833145900E-02   1.9273046200E-02   8.0851680000E-04  -9.8125738200E-02
   34     -3.4773440000E-04   6.9142917000E-03  -6.2917638000E-03   3.7123958000E-03   9.7942551900E-02
   35     -4.2562920000E-04  -1.1753548400E-02   1.8592117400E-02   5.5001700000E-04   1.1135331700E-02
   36     -1.4358003000E-03  -3.4187080000E-04  -1.4823290000E-04  -1.6975610000E-03  -3.0946015000E-03
   37     -7.4365400000E-04  -1.3410273000E-03  -3.8237260000E-04   4.7215930000E-04  -1.7550695000E-03
   38     -5.1358244000E-03   1.5532486000E-03  -1.9142300000E-04  -2.4801497000E-03  -5.9123370000E-04
   39      9.2307710000E-04   2.4745900000E-05   7.9432200000E-05  -2.2069000000E-04  -3.1823390000E-04
   40     -2.4827670000E-04  -4.0903000000E-06  -1.2909840000E-04   1.7107880000E-04  -1.8531010000E-04
   41     -3.8284590000E-04   4.5601270000E-04  -1.3860330000E-04  -4.5151590000E-04   1.6900640000E-04
   42      1.5027382000E-03  -2.2403640000E-04   6.0658140000E-04   1.4578970000E-03   5.2593596000E-03
   43      2.1600190000E-04  -9.5678100000E-05   5.8250670000E-04   3.0679440000E-04   1.4405367000E-03
   44     -2.7536787000E-03   1.3931440000E-04  -1.6647305000E-03  -5.2007992000E-03  -9.7015479000E-03
   45      1.2450620000E-03  -1.1555138000E-03   3.1921070000E-04  -2.5768323000E-03  -6.8479850000E-03
   46     -4.9491530000E-04   2.0708733000E-03  -7.5402610000E-04   1.5645855000E-03   9.1421501000E-03
   47     -9.4641060000E-04   1.2336791000E-03  -8.5838340000E-04   4.3244600000E-04   1.2709321300E-02
                   10                 11                 12                 13                 14        
    0     -1.0044790000E-03   4.9078799000E-03  -9.6752998000E-03  -6.3374100000E-05  -1.3328043500E-02
    1     -2.5601264000E-03   1.2570530000E-04  -7.7011704000E-03   1.5779891000E-03  -1.1506957100E-02
    2     -6.3802990000E-04   2.1367721000E-03  -8.9563228000E-03  -6.4867543000E-03   8.5263090000E-04
    3     -2.8606978500E-02  -1.3239090200E-02  -8.4911038000E-03  -3.3672445000E-03   2.7449660000E-04
    4     -1.0883616000E-03  -2.4288115000E-03  -3.3777184000E-03   3.7715700000E-05   4.3902964000E-03
    5     -2.1528344000E-03  -1.1577138100E-02  -1.0515989000E-02  -2.3293682000E-03  -1.0834977200E-02
    6      1.7351665900E-02  -9.8547518200E-02   8.4829888000E-03   3.6037010000E-04  -2.4740123700E-02
    7     -6.3952541500E-02   1.2202264000E-03  -3.6861170000E-03   5.6372737000E-03  -3.3251075000E-03
    8     -1.7338890000E-04  -1.0428272250E-01  -3.1552445000E-03   4.6989021000E-03  -4.7451335700E-02
    9      3.3709137000E-03   5.3095060700E-02  -7.6453660000E-02  -8.0927276000E-03   3.9342436800E-02
   10      5.5535686250E-01   2.9852145500E-02  -4.6453131000E-03  -5.9426424100E-02   3.7486030000E-03
   11      2.9852145500E-02   3.1635247560E-01   1.7925458100E-02   1.5011827000E-03  -8.0925109300E-02
   12     -4.6453131000E-03   1.7925458100E-02   4.1949769370E-01  -1.2440242600E-02   6.6129352300E-02
   13     -5.9426424100E-02   1.5011827000E-03  -1.2440242600E-02   4.1013663550E-01  -1.9614526400E-02
   14      3.7486030000E-03  -8.0925109300E-02   6.6129352300E-02  -1.9614526400E-02   4.3588309650E-01
   15     -7.6521079000E-03   8.1240636000E-03  -1.2575417560E-01  -3.6086736000E-02  -4.8427033000E-03
   16      4.6336890000E-04   3.5439917000E-03  -3.5514103400E-02  -8.3041309600E-02   4.3670760000E-04
   17      1.0133601600E-02   8.3731740000E-04   5.4301678000E-03   3.6828978000E-03  -6.4509742600E-02
   18     -8.4204180000E-04   1.5005783000E-03  -3.7780700000E-04   6.4762390000E-04  -2.6947395000E-03
   19     -1.3808400000E-04   6.6723830000E-04   6.6136470000E-04   4.0579910000E-04  -1.2180000000E-05
   20      1.2255188000E-03  -4.5731910000E-04  -1.9539936000E-03   8.6026780000E-04  -3.4640129000E-03
   21     -1.1396000000E-06  -3.6461000000E-06  -4.9055910000E-04   1.0346776000E-03  -3.6482100000E-05
   22     -2.8225300000E-05  -3.2663890000E-04   1.0079720000E-04  -1.9777100000E-05  -1.7012120000E-04
   23     -1.1119040000E-04  -1.8087370000E-04  -2.2523830000E-04   4.0326930000E-04   2.3529580000E-04
   24     -2.0376611000E-03  -7.2023760000E-04  -3.4258000000E-04   4.1950630000E-04   1.3161770000E-04
   25      3.5212640000E-04   1.4749740000E-03   4.6830380000E-04  -1.1195432000E-03  -7.4813000000E-06
   26     -8.6109660000E-04  -1.9569168000E-03   4.3770900000E-05   1.4732430000E-04  -2.0172620000E-04
   27      2.3750157100E-02   1.2287890000E-04   4.0448140000E-04   1.0698250000E-03  -1.3647800000E-04
   28     -4.2193438000E-03   1.3126575000E-03   8.8012490000E-04  -1.0274311000E-03   3.2334720000E-04
   29      9.8684080000E-03  -3.1372130000E-03  -1.1976683000E-03   2.9384100000E-04   6.7436080000E-04
   30     -1.1367055530E-01  -5.5082859000E-03  -1.2715810700E-02  -1.3633347100E-02   4.5214296000E-03
   31     -1.8699228480E-01  -6.4315567000E-03  -2.8363634000E-03  -3.0285015000E-03   1.1698963000E-03
   32     -8.3074180000E-03  -4.1487623500E-02   1.6740739900E-02   1.8011367700E-02  -2.7529362000E-03
   33      9.9617002700E-02   9.3583612000E-03  -8.1334010000E-03   1.2994304600E-02   3.7119231000E-03
   34     -2.2297274580E-01  -2.1762011600E-02   1.8038842000E-03  -3.0399329000E-03  -1.1441078000E-03
   35     -1.9346577300E-02  -3.9406426300E-02   1.1697279600E-02  -1.7902928800E-02  -4.3815158000E-03
   36     -2.5499601000E-03   4.4884040000E-04  -1.9196911500E-02   4.3178915000E-03   1.9809507300E-02
   37     -1.7243584000E-03   1.0776501000E-03  -1.0387525200E-02   3.5448491000E-03   1.0485113800E-02
   38      1.9621190000E-04  -1.7176601000E-03   3.0328019000E-03  -1.6756565000E-03  -1.2199544000E-03
   39     -2.2952170000E-04  -3.7552300000E-05   2.8636823000E-03  -2.1119640200E-02   2.7691222000E-03
   40     -1.7494500000E-04   2.8963200000E-05   2.4971458000E-03  -1.9786027800E-02   2.2641824000E-03
   41      1.4191010000E-04  -1.1666650000E-04  -1.2885627000E-03   3.2666913000E-03  -2.9437700000E-05
   42     -2.9243998000E-03   1.0794689000E-02  -1.1115234190E-01   3.3543620700E-02  -9.7362888100E-02
   43      8.9275350000E-04   1.9646378000E-03   3.3146478800E-02  -5.2949357900E-02   4.5666393500E-02
   44      6.5016458000E-03  -2.2610941100E-02  -1.0059062110E-01   4.7347920900E-02  -1.6629934760E-01
   45      2.0074418500E-02   1.1778520000E-02  -5.8465195700E-02   4.0415492400E-02   6.4515727000E-03
   46     -1.3787670800E-02  -1.1820353700E-02   4.1030454100E-02  -1.9790195690E-01  -3.2704058900E-02
   47     -3.0077509200E-02  -1.1469955200E-02   6.8840699000E-03  -3.2204430600E-02  -5.5575288600E-02
                   15                 16                 17                 18                 19        
    0     -8.2434330200E-02   7.5264200000E-05  -4.7739576000E-02  -1.4033886370E-01  -1.1382159460E-01
    1      2.0487816000E-03  -6.6076358200E-02   7.1000902000E-03  -1.1352431240E-01  -1.7966865930E-01
    2     -2.6260237000E-02   7.4912448000E-03  -9.0083122200E-02   1.2434266000E-03   4.5027480000E-04
    3      7.1485413000E-03   1.2018652000E-03   2.2283939000E-02  -1.2456010100E-02  -2.6430290000E-04
    4     -2.9411039000E-03   3.9641370000E-03   5.1536312000E-03  -1.4187275600E-02   1.3923395000E-03
    5      4.3358032000E-03  -3.2492652000E-03  -4.5256788100E-02   5.8017924000E-03   2.4780562000E-03
    6     -7.9151122000E-03  -2.7725639000E-03  -7.5547470000E-04  -7.1606302000E-03  -1.8010576000E-03
    7     -3.5516009000E-03  -2.9336520000E-04  -3.2752136000E-03  -7.6440130000E-04   9.9811190000E-04
    8      7.7092831000E-03   1.8650658000E-03  -1.0804807100E-02   4.2073180000E-04  -4.5608210000E-04
    9     -8.0254649000E-03  -1.2134774000E-03   1.2428566500E-02  -5.3767270000E-04  -4.1371360000E-04
   10     -7.6521079000E-03   4.6336890000E-04   1.0133601600E-02  -8.4204180000E-04  -1.3808400000E-04
   11      8.1240636000E-03   3.5439917000E-03   8.3731740000E-04   1.5005783000E-03   6.6723830000E-04
   12     -1.2575417560E-01  -3.5514103400E-02   5.4301678000E-03  -3.7780700000E-04   6.6136470000E-04
   13     -3.6086736000E-02  -8.3041309600E-02   3.6828978000E-03   6.4762390000E-04   4.0579910000E-04
   14     -4.8427033000E-03   4.3670760000E-04  -6.4509742600E-02  -2.6947395000E-03  -1.2180000000E-05
   15      4.1882204740E-01  -4.2737076100E-02  -5.8388180200E-02  -1.2486916200E-02  -9.6967760000E-04
   16     -4.2737076100E-02   5.1005583080E-01   1.4679833100E-02  -1.2240290800E-02  -1.2278727000E-03
   17     -5.8388180200E-02   1.4679833100E-02   4.4271914720E-01  -4.5135024000E-03  -7.4259130000E-04
   18     -1.2486916200E-02  -1.2240290800E-02  -4.5135024000E-03   1.6548475320E-01   1.3296464260E-01
   19     -9.6967760000E-04  -1.2278727000E-03  -7.4259130000E-04   1.3296464260E-01   2.0187645160E-01
   20     -1.7085373200E-02  -1.6217105900E-02  -3.6020619000E-03  -1.3339066000E-03  -3.1001506000E-03
   21     -8.2346197000E-03   1.3735206500E-02  -4.4810235000E-03   8.3128855000E-03  -1.7357738100E-02
   22      2.6031138000E-03  -2.7268268000E-03   2.1971099000E-03   9.1044141000E-03  -2.5755831100E-02
   23     -1.3049846900E-02   2.0466144100E-02  -6.1670343000E-03  -6.4004100000E-05   5.8994380000E-04
   24      6.6245670000E-04   1.4366100000E-04  -3.7048240000E-04   3.4228310000E-04   4.7852120000E-04
   25      1.6715770000E-04   1.2902960000E-04   7.9620300000E-05  -3.1977060000E-04   4.8552550000E-04
   26      1.3756547000E-03  -5.6830770000E-04   4.8346820000E-04  -1.7149290000E-04  -8.9020000000E-07
   27     -1.7647770000E-04   2.2663170000E-04   6.5629100000E-05   1.5607770000E-04  -5.2172300000E-05
   28      3.0078190000E-04  -1.7012130000E-04  -3.0884000000E-05   3.0259880000E-04   5.0794060000E-04
   29     -3.9888600000E-05  -5.8950700000E-05  -1.4086170000E-04  -7.2103700000E-05   8.3092000000E-06
   30     -2.4909370000E-04   2.7110710000E-04   2.6026121000E-03  -2.6389820000E-04  -7.9961000000E-06
   31      4.7714410000E-04   2.5209110000E-04   2.4957870000E-04  -4.4890000000E-07   5.8514400000E-05
   32      1.9145214000E-03  -4.8888200000E-04  -3.2780273000E-03  -4.2948910000E-04  -1.3466570000E-04
   33      3.1528500000E-05   1.1440490000E-04   1.3269370000E-04   1.0961220000E-04  -3.5331100000E-05
   34     -9.0202400000E-05   4.8476800000E-05   1.7943770000E-04  -6.6932700000E-05   3.7986900000E-05
   35     -5.2657500000E-05  -8.1939500000E-05  -7.9499600000E-05   1.5234400000E-05  -5.0358500000E-05
   36     -1.1259630080E-01   4.2273851000E-02   1.0263072800E-01  -1.2028980000E-04  -1.1946400000E-04
   37      4.2596661500E-02  -6.6244544600E-02  -5.8281537500E-02  -9.0549500000E-05  -1.9452660000E-04
   38      1.0524923590E-01  -5.8507155500E-02  -1.7522575840E-01  -2.6079820000E-04  -2.9136670000E-04
   39     -5.6897139100E-02   5.9316068200E-02  -6.9045650000E-03  -8.4612300000E-05   7.3224510000E-04
   40      5.8506965900E-02  -2.5573107480E-01   3.3745067600E-02  -4.2148160000E-04   9.9929350000E-04
   41     -8.3954642000E-03   3.5246944600E-02  -4.6685191300E-02   3.8665550000E-04   5.9423720000E-04
   42     -1.8027047500E-02   2.7759282000E-03  -1.9126949400E-02  -6.4293790000E-04  -6.5931900000E-05
   43     -9.3272097000E-03   2.0428149000E-03  -8.1972037000E-03  -2.6307190000E-04  -1.4375000000E-06
   44     -8.4110350000E-04   1.9084583000E-03  -1.3660610000E-04   1.8687800000E-04   5.7089000000E-05
   45      6.1321037000E-03  -2.5656476600E-02  -3.2945826000E-03   6.4026400000E-05   7.2206200000E-05
   46     -3.3448921000E-03  -4.1444275800E-02  -6.6734381000E-03  -2.9870250000E-04   2.2444800000E-04
   47      2.4689260000E-04  -6.4667834000E-03   1.9295678000E-03  -1.5260300000E-05  -5.6863300000E-05
                   20                 21                 22                 23                 24        
    0      6.4831890000E-04  -9.4222705600E-02   9.5184170700E-02  -6.6655711000E-03  -1.5187742600E-02
    1      1.8993452000E-03   9.6312804500E-02  -2.3250216720E-01   1.2685328000E-02   2.4137570300E-02
    2     -4.0469087700E-02  -5.0782706000E-03   1.4510039800E-02  -3.8250291100E-02   1.9173450000E-04
    3      1.3088416700E-02  -1.0344312100E-02   6.4316237000E-03   1.1933988800E-02  -9.1632626000E-02
    4      1.5212861500E-02   1.9015531000E-02  -5.8622666000E-03  -1.9221042800E-02   9.8334555600E-02
    5     -3.6254329000E-03  -3.4542400000E-05  -3.6852610000E-03  -6.4630510000E-04   9.6849572000E-03
    6      5.9650050000E-03  -7.8662000000E-06  -2.1115738000E-03  -6.0024850000E-04   1.0088182800E-02
    7      1.0115350000E-04   6.5516840000E-04   7.5313670000E-04  -9.9738290000E-04  -1.3745683100E-02
    8      1.8413964000E-03   5.1231940000E-04   5.6558740000E-04  -4.6551770000E-04  -2.7546466000E-03
    9      1.1049030000E-03   3.7620000000E-06   4.5643300000E-05  -5.1015600000E-05   2.1265223000E-03
   10      1.2255188000E-03  -1.1396000000E-06  -2.8225300000E-05  -1.1119040000E-04  -2.0376611000E-03
   11     -4.5731910000E-04  -3.6461000000E-06  -3.2663890000E-04  -1.8087370000E-04  -7.2023760000E-04
   12     -1.9539936000E-03  -4.9055910000E-04   1.0079720000E-04  -2.2523830000E-04  -3.4258000000E-04
   13      8.6026780000E-04   1.0346776000E-03  -1.9777100000E-05   4.0326930000E-04   4.1950630000E-04
   14     -3.4640129000E-03  -3.6482100000E-05  -1.7012120000E-04   2.3529580000E-04   1.3161770000E-04
   15     -1.7085373200E-02  -8.2346197000E-03   2.6031138000E-03  -1.3049846900E-02   6.6245670000E-04
   16     -1.6217105900E-02   1.3735206500E-02  -2.7268268000E-03   2.0466144100E-02   1.4366100000E-04
   17     -3.6020619000E-03  -4.4810235000E-03   2.1971099000E-03  -6.1670343000E-03  -3.7048240000E-04
   18     -1.3339066000E-03   8.3128855000E-03   9.1044141000E-03  -6.4004100000E-05   3.4228310000E-04
   19     -3.1001506000E-03  -1.7357738100E-02  -2.5755831100E-02   5.8994380000E-04   4.7852120000E-04
   20      4.7192664900E-02   9.3256520000E-04   1.4110429000E-03   1.3366945000E-03  -6.9481020000E-04
   21      9.3256520000E-04   1.0884134350E-01  -1.1232884600E-01   6.9063978000E-03  -3.3808483000E-03
   22      1.4110429000E-03  -1.1232884600E-01   2.6392192810E-01  -1.5577986800E-02   1.5494777000E-03
   23      1.3366945000E-03   6.9063978000E-03  -1.5577986800E-02   4.8466427400E-02   4.9806721000E-03
   24     -6.9481020000E-04  -3.3808483000E-03   1.5494777000E-03   4.9806721000E-03   1.0028007370E-01
   25      2.5844770000E-04   3.4914520000E-04   3.8088560000E-04  -4.7042970000E-04  -1.0578658700E-01
   26     -7.3802800000E-05   2.3469603000E-03   1.4333090000E-04  -7.2895560000E-04  -1.4396702000E-02
   27     -5.6600100000E-05  -5.9395840000E-04  -3.6960320000E-04   2.2659460000E-04  -3.0878518000E-03
   28     -2.0908830000E-04  -1.0999112000E-03   3.5845730000E-04   4.7263400000E-04  -2.4806917000E-03
   29     -7.9899900000E-05   2.8584950000E-04   5.7125150000E-04   1.4380730000E-04   3.9046046000E-03
   30      4.3986440000E-04   9.7859000000E-05  -8.3926700000E-05  -4.8565900000E-05   1.3915200000E-04
   31      9.8782300000E-05  -1.9418100000E-05   8.5233000000E-06   6.0326900000E-05  -3.8637700000E-05
   32      4.8998420000E-04   7.9254800000E-05  -1.1270500000E-05  -1.0892640000E-04   8.4116200000E-05
   33     -7.7820900000E-05   2.5879120000E-04  -1.8012310000E-04  -6.2922500000E-05  -3.9765920000E-04
   34     -1.2052500000E-05  -1.9965670000E-04  -5.9330700000E-05   8.2102800000E-05  -2.5738580000E-04
   35     -9.9602500000E-05   6.7042200000E-05  -6.1170700000E-05  -1.0418310000E-04  -8.8551600000E-05
   36     -1.3813200000E-05   6.6439620000E-04  -2.8464730000E-04  -3.1540960000E-04   4.4788900000E-05
   37     -4.0966400000E-05  -1.6752370000E-04   4.7752470000E-04   7.4463470000E-04  -3.0892610000E-04
   38     -1.5799470000E-04   7.0096870000E-04  -8.3103100000E-05   6.1904590000E-04  -3.1488680000E-04
   39     -1.5441780000E-04  -1.5606089000E-03   5.1691950000E-04  -3.4462940000E-03   2.8174490000E-04
   40     -5.6735110000E-04   5.8021000000E-04   7.3773460000E-04   1.0038093000E-03  -2.4486850000E-04
   41      9.9459420000E-04  -2.5596374000E-03   5.2487420000E-04  -4.2238708000E-03   3.5584650000E-04
   42     -8.8587240000E-04   1.5810380000E-04  -9.3277900000E-05   1.0949720000E-04   9.8872000000E-06
   43     -4.0692640000E-04  -6.7839700000E-05  -6.7262000000E-05  -9.6901500000E-05  -7.0229200000E-05
   44      9.7902500000E-05   2.4735510000E-04  -1.1894910000E-04   1.0589070000E-04  -4.8785200000E-05
   45      7.7534900000E-05   4.9833700000E-04  -8.4162000000E-05   3.7196630000E-04   5.4216300000E-05
   46     -5.1377860000E-04  -4.4067010000E-04   3.8349650000E-04  -3.3258800000E-05  -9.2621900000E-05
   47      7.5977900000E-05   1.1488910000E-04   1.1126460000E-04  -3.1203700000E-05   5.5553700000E-05
                   25                 26                 27                 28                 29        
    0      4.1986640000E-03   9.0114311000E-03   1.9573702000E-03   5.1307450000E-04  -1.7252032000E-03
    1     -4.3897870000E-03  -1.0116681200E-02  -2.0706657000E-03   1.9720190000E-04   9.9158940000E-04
    2     -1.0423000000E-03  -4.1274314000E-03   4.1472830000E-04  -1.2399983000E-03  -1.5353626000E-03
    3      9.4977070900E-02  -2.6570300000E-04   9.9688947000E-03   9.0166674000E-03  -3.9088045000E-03
    4     -2.3494531430E-01  -5.5864840000E-04  -1.3784246300E-02  -2.9465169800E-02  -6.8527825000E-03
    5     -3.3703095000E-03  -3.0372449500E-02   1.9615887000E-03  -1.0338955000E-03  -4.6252470000E-03
    6      9.3132228000E-03   3.7333174000E-03  -9.1952422400E-02   9.7465039000E-02   4.5108194000E-03
    7     -3.0830442100E-02   6.4661945000E-03   1.0045520660E-01  -2.4061302760E-01  -7.4839909000E-03
    8      4.5952270000E-04  -4.1616307000E-03  -5.2645956000E-03  -4.2350774000E-03  -3.0850105700E-02
    9      4.8459250000E-04   1.7034688000E-03  -1.5239043000E-02   4.1159549000E-03  -9.2055424000E-03
   10      3.5212640000E-04  -8.6109660000E-04   2.3750157100E-02  -4.2193438000E-03   9.8684080000E-03
   11      1.4749740000E-03  -1.9569168000E-03   1.2287890000E-04   1.3126575000E-03  -3.1372130000E-03
   12      4.6830380000E-04   4.3770900000E-05   4.0448140000E-04   8.8012490000E-04  -1.1976683000E-03
   13     -1.1195432000E-03   1.4732430000E-04   1.0698250000E-03  -1.0274311000E-03   2.9384100000E-04
   14     -7.4813000000E-06  -2.0172620000E-04  -1.3647800000E-04   3.2334720000E-04   6.7436080000E-04
   15      1.6715770000E-04   1.3756547000E-03  -1.7647770000E-04   3.0078190000E-04  -3.9888600000E-05
   16      1.2902960000E-04  -5.6830770000E-04   2.2663170000E-04  -1.7012130000E-04  -5.8950700000E-05
   17      7.9620300000E-05   4.8346820000E-04   6.5629100000E-05  -3.0884000000E-05  -1.4086170000E-04
   18     -3.1977060000E-04  -1.7149290000E-04   1.5607770000E-04   3.0259880000E-04  -7.2103700000E-05
   19      4.8552550000E-04  -8.9020000000E-07  -5.2172300000E-05   5.0794060000E-04   8.3092000000E-06
   20      2.5844770000E-04  -7.3802800000E-05  -5.6600100000E-05  -2.0908830000E-04  -7.9899900000E-05
   21      3.4914520000E-04   2.3469603000E-03  -5.9395840000E-04  -1.0999112000E-03   2.8584950000E-04
   22      3.8088560000E-04   1.4333090000E-04  -3.6960320000E-04   3.5845730000E-04   5.7125150000E-04
   23     -4.7042970000E-04  -7.2895560000E-04   2.2659460000E-04   4.7263400000E-04   1.4380730000E-04
   24     -1.0578658700E-01  -1.4396702000E-02  -3.0878518000E-03  -2.4806917000E-03   3.9046046000E-03
   25      2.7189169020E-01   4.7752219000E-03  -2.4646415000E-03  -4.0822880000E-03  -1.8302618000E-03
   26      4.7752219000E-03   3.0121281500E-02  -3.6366598000E-03   1.3637008000E-03   1.1313030700E-02
   27     -2.4646415000E-03  -3.6366598000E-03   1.0168637700E-01  -1.0808447280E-01   9.8949748000E-03
   28     -4.0822880000E-03   1.3637008000E-03  -1.0808447280E-01   2.7641432340E-01   4.1837468000E-03
   29     -1.8302618000E-03   1.1313030700E-02   9.8949748000E-03   4.1837468000E-03   2.9559355000E-02
   30      3.1126300000E-04   3.6179700000E-05   2.9190220000E-04  -3.9789370000E-04   5.2323800000E-05
   31      4.6534690000E-04  -3.9164000000E-06   5.6204430000E-04   4.8711380000E-04   6.1603700000E-05
   32      2.2404590000E-04  -5.0595300000E-05   7.2365830000E-04  -2.7320110000E-04  -9.4455200000E-05
   33     -1.1207794000E-03  -1.4702290000E-04  -3.4567040000E-03   2.3722950000E-04  -2.3820019000E-03
   34      4.1993290000E-04  -5.9624930000E-04   1.7741462000E-03   4.9908220000E-04   6.5327500000E-05
   35     -4.7654380000E-04   1.4160130000E-04  -4.9647838000E-03   3.8344130000E-04  -6.6267870000E-04
   36     -1.8749250000E-04   5.6401400000E-05  -1.1834200000E-05  -8.2455300000E-05  -3.6157600000E-05
   37      1.4925200000E-04  -7.7245000000E-05  -7.1443000000E-05   3.7247700000E-05   1.8947910000E-04
   38      1.6509490000E-04   2.1471620000E-04   6.8157300000E-05  -1.0678470000E-04  -1.6091200000E-05
   39     -4.3218800000E-05   2.8395870000E-04  -1.6905930000E-04  -5.2687500000E-05  -5.3127800000E-05
   40      4.3904740000E-04  -6.0905600000E-05  -7.1182200000E-05   2.3868110000E-04  -5.5539800000E-05
   41     -2.6617700000E-04  -7.6612480000E-04   1.9800000000E-07  -2.8850750000E-04  -9.2115700000E-05
   42     -9.7103500000E-05   3.7966500000E-05   6.5437300000E-05  -1.4801660000E-04   4.2527900000E-05
   43      7.7736500000E-05  -8.6516100000E-05  -1.5342280000E-04  -8.3935600000E-05  -2.6191900000E-05
   44      9.0787300000E-05  -1.2815600000E-05   3.0147820000E-04  -2.4163130000E-04   3.6544600000E-04
   45     -2.4982680000E-04  -1.1528700000E-05   1.5681030000E-04  -4.8534210000E-04  -7.0602000000E-05
   46      5.7680170000E-04   3.4684000000E-05  -7.1616110000E-04   9.2126900000E-04   7.4161300000E-05
   47     -6.4211400000E-05   1.7835070000E-04   2.7923110000E-04  -3.8045960000E-04  -8.2196920000E-04
                   30                 31                 32                 33                 34        
    0     -5.0359200000E-04  -3.9947840000E-04  -1.1094352000E-03  -7.7447000000E-06   8.6248700000E-05
    1     -7.6179120000E-04  -6.7375500000E-05  -1.2124244000E-03   5.9928100000E-05  -8.3156000000E-05
    2     -1.5235780000E-03  -6.1881420000E-04  -4.9714860000E-04  -1.3433830000E-04   2.9289370000E-04
    3     -7.0336036000E-03  -1.4884017000E-03  -6.0521126000E-03   1.1338830000E-04  -2.0262910000E-03
    4     -6.9216380000E-04   8.2972770000E-04  -6.1666100000E-05   3.7266640000E-04   7.5403870000E-04
    5     -2.3105070000E-04   5.4850190000E-04   1.8680977000E-03  -6.4431730000E-04  -3.4773440000E-04
    6     -1.2304261700E-02  -9.6430700000E-05  -1.2458410100E-02  -1.0833145900E-02   6.9142917000E-03
    7     -1.4370700800E-02   1.9267559000E-03  -1.4950701000E-02   1.9273046200E-02  -6.2917638000E-03
    8     -6.0153076000E-03  -1.9404942000E-03  -4.1947012000E-03   8.0851680000E-04   3.7123958000E-03
    9     -1.3405029660E-01  -1.1426572590E-01  -4.7768431000E-03  -9.8125738200E-02   9.7942551900E-02
   10     -1.1367055530E-01  -1.8699228480E-01  -8.3074180000E-03   9.9617002700E-02  -2.2297274580E-01
   11     -5.5082859000E-03  -6.4315567000E-03  -4.1487623500E-02   9.3583612000E-03  -2.1762011600E-02
   12     -1.2715810700E-02  -2.8363634000E-03   1.6740739900E-02  -8.1334010000E-03   1.8038842000E-03
   13     -1.3633347100E-02  -3.0285015000E-03   1.8011367700E-02   1.2994304600E-02  -3.0399329000E-03
   14      4.5214296000E-03   1.1698963000E-03  -2.7529362000E-03   3.7119231000E-03  -1.1441078000E-03
   15     -2.4909370000E-04   4.7714410000E-04   1.9145214000E-03   3.1528500000E-05  -9.0202400000E-05
   16      2.7110710000E-04   2.5209110000E-04  -4.8888200000E-04   1.1440490000E-04   4.8476800000E-05
   17      2.6026121000E-03   2.4957870000E-04  -3.2780273000E-03   1.3269370000E-04   1.7943770000E-04
   18     -2.6389820000E-04  -4.4890000000E-07  -4.2948910000E-04   1.0961220000E-04  -6.6932700000E-05
   19     -7.9961000000E-06   5.8514400000E-05  -1.3466570000E-04  -3.5331100000E-05   3.7986900000E-05
   20      4.3986440000E-04   9.8782300000E-05   4.8998420000E-04  -7.7820900000E-05  -1.2052500000E-05
   21      9.7859000000E-05  -1.9418100000E-05   7.9254800000E-05   2.5879120000E-04  -1.9965670000E-04
   22     -8.3926700000E-05   8.5233000000E-06  -1.1270500000E-05  -1.8012310000E-04  -5.9330700000E-05
   23     -4.8565900000E-05   6.0326900000E-05  -1.0892640000E-04  -6.2922500000E-05   8.2102800000E-05
   24      1.3915200000E-04  -3.8637700000E-05   8.4116200000E-05  -3.9765920000E-04  -2.5738580000E-04
   25      3.1126300000E-04   4.6534690000E-04   2.2404590000E-04  -1.1207794000E-03   4.1993290000E-04
   26      3.6179700000E-05  -3.9164000000E-06  -5.0595300000E-05  -1.4702290000E-04  -5.9624930000E-04
   27      2.9190220000E-04   5.6204430000E-04   7.2365830000E-04  -3.4567040000E-03   1.7741462000E-03
   28     -3.9789370000E-04   4.8711380000E-04  -2.7320110000E-04   2.3722950000E-04   4.9908220000E-04
   29      5.2323800000E-05   6.1603700000E-05  -9.4455200000E-05  -2.3820019000E-03   6.5327500000E-05
   30      1.5760897880E-01   1.3328432150E-01   6.9723904000E-03   8.7144763000E-03   1.0279929300E-02
   31      1.3328432150E-01   2.1027684590E-01   8.7130164000E-03  -1.5961464700E-02  -2.5055806000E-02
   32      6.9723904000E-03   8.7130164000E-03   4.7416899300E-02  -1.6420848000E-03  -2.7562257000E-03
   33      8.7144763000E-03  -1.5961464700E-02  -1.6420848000E-03   1.1288448680E-01  -1.1625214930E-01
   34      1.0279929300E-02  -2.5055806000E-02  -2.7562257000E-03  -1.1625214930E-01   2.5448833190E-01
   35      3.1975620000E-04  -1.2682124000E-03   1.1171944000E-03  -1.1585769000E-02   2.3226893000E-02
   36     -5.9684350000E-04  -8.5744000000E-05   8.8764860000E-04   2.0084020000E-04  -9.1334400000E-05
   37     -4.4398770000E-04   3.8855000000E-06   5.1686770000E-04  -5.6656600000E-05  -1.2112900000E-05
   38     -1.6172150000E-04  -1.2518900000E-04   6.1412400000E-05  -1.4693620000E-04   7.1020400000E-05
   39     -4.1152300000E-05   1.1277220000E-04   1.1058000000E-06  -1.6221750000E-04  -7.2238400000E-05
   40      6.9583400000E-05   1.7018430000E-04  -4.1846800000E-05  -2.6655640000E-04   1.6570530000E-04
   41     -5.3672000000E-06  -1.0658770000E-04  -6.5641700000E-05   2.3184730000E-04  -5.1970000000E-07
   42     -8.0161900000E-05  -5.2564600000E-05   1.2243070000E-04   5.5332210000E-04  -2.9742580000E-04
   43     -7.7966100000E-05  -1.8609580000E-04   1.1301220000E-04   5.9394700000E-05   3.8089440000E-04
   44     -4.1450000000E-07   2.1969550000E-04  -6.3469000000E-06  -6.2549580000E-04   1.0717100000E-05
   45      9.8634590000E-04   8.0839600000E-04  -1.0574911000E-03  -1.7498350000E-03   5.5256450000E-04
   46     -7.5875800000E-05   8.5107460000E-04   6.5999150000E-04   1.1450835000E-03   7.2039890000E-04
   47     -1.4502648000E-03  -6.2663130000E-04   1.5828142000E-03   3.2053675000E-03  -1.0218870000E-03
                   35                 36                 37                 38                 39        
    0      1.9845600000E-05   5.5974393000E-03  -1.6049940000E-04   8.9936116000E-03  -6.4227992000E-03
    1      1.2349540000E-04  -3.1947967000E-03   1.5465510000E-03  -7.1636537000E-03   1.4272249600E-02
    2     -1.6815240000E-04  -1.1795864500E-02   1.4425760000E-03  -2.2996452200E-02  -6.5588469000E-03
    3      6.6557170000E-04  -3.3919410000E-04   4.3342030000E-04  -4.0344570000E-04  -8.7037600000E-05
    4      9.6249380000E-04   7.4680330000E-04   1.2644600000E-04   1.8742756000E-03  -3.6719730000E-04
    5     -4.2562920000E-04  -1.4358003000E-03  -7.4365400000E-04  -5.1358244000E-03   9.2307710000E-04
    6     -1.1753548400E-02  -3.4187080000E-04  -1.3410273000E-03   1.5532486000E-03   2.4745900000E-05
    7      1.8592117400E-02  -1.4823290000E-04  -3.8237260000E-04  -1.9142300000E-04   7.9432200000E-05
    8      5.5001700000E-04  -1.6975610000E-03   4.7215930000E-04  -2.4801497000E-03  -2.2069000000E-04
    9      1.1135331700E-02  -3.0946015000E-03  -1.7550695000E-03  -5.9123370000E-04  -3.1823390000E-04
   10     -1.9346577300E-02  -2.5499601000E-03  -1.7243584000E-03   1.9621190000E-04  -2.2952170000E-04
   11     -3.9406426300E-02   4.4884040000E-04   1.0776501000E-03  -1.7176601000E-03  -3.7552300000E-05
   12      1.1697279600E-02  -1.9196911500E-02  -1.0387525200E-02   3.0328019000E-03   2.8636823000E-03
   13     -1.7902928800E-02   4.3178915000E-03   3.5448491000E-03  -1.6756565000E-03  -2.1119640200E-02
   14     -4.3815158000E-03   1.9809507300E-02   1.0485113800E-02  -1.2199544000E-03   2.7691222000E-03
   15     -5.2657500000E-05  -1.1259630080E-01   4.2596661500E-02   1.0524923590E-01  -5.6897139100E-02
   16     -8.1939500000E-05   4.2273851000E-02  -6.6244544600E-02  -5.8507155500E-02   5.9316068200E-02
   17     -7.9499600000E-05   1.0263072800E-01  -5.8281537500E-02  -1.7522575840E-01  -6.9045650000E-03
   18      1.5234400000E-05  -1.2028980000E-04  -9.0549500000E-05  -2.6079820000E-04  -8.4612300000E-05
   19     -5.0358500000E-05  -1.1946400000E-04  -1.9452660000E-04  -2.9136670000E-04   7.3224510000E-04
   20     -9.9602500000E-05  -1.3813200000E-05  -4.0966400000E-05  -1.5799470000E-04  -1.5441780000E-04
   21      6.7042200000E-05   6.6439620000E-04  -1.6752370000E-04   7.0096870000E-04  -1.5606089000E-03
   22     -6.1170700000E-05  -2.8464730000E-04   4.7752470000E-04  -8.3103100000E-05   5.1691950000E-04
   23     -1.0418310000E-04  -3.1540960000E-04   7.4463470000E-04   6.1904590000E-04  -3.4462940000E-03
   24     -8.8551600000E-05   4.4788900000E-05  -3.0892610000E-04  -3.1488680000E-04   2.8174490000E-04
   25     -4.7654380000E-04  -1.8749250000E-04   1.4925200000E-04   1.6509490000E-04  -4.3218800000E-05
   26      1.4160130000E-04   5.6401400000E-05  -7.7245000000E-05   2.1471620000E-04   2.8395870000E-04
   27     -4.9647838000E-03  -1.1834200000E-05  -7.1443000000E-05   6.8157300000E-05  -1.6905930000E-04
   28      3.8344130000E-04  -8.2455300000E-05   3.7247700000E-05  -1.0678470000E-04  -5.2687500000E-05
   29     -6.6267870000E-04  -3.6157600000E-05   1.8947910000E-04  -1.6091200000E-05  -5.3127800000E-05
   30      3.1975620000E-04  -5.9684350000E-04  -4.4398770000E-04  -1.6172150000E-04  -4.1152300000E-05
   31     -1.2682124000E-03  -8.5744000000E-05   3.8855000000E-06  -1.2518900000E-04   1.1277220000E-04
   32      1.1171944000E-03   8.8764860000E-04   5.1686770000E-04   6.1412400000E-05   1.1058000000E-06
   33     -1.1585769000E-02   2.0084020000E-04  -5.6656600000E-05  -1.4693620000E-04  -1.6221750000E-04
   34      2.3226893000E-02  -9.1334400000E-05  -1.2112900000E-05   7.1020400000E-05  -7.2238400000E-05
   35      4.8524959300E-02  -1.7069200000E-04  -8.2647000000E-06   4.6209500000E-05   1.4281150000E-04
   36     -1.7069200000E-04   1.3385614350E-01  -4.7821523600E-02  -1.1608614860E-01  -5.1744468000E-03
   37     -8.2647000000E-06  -4.7821523600E-02   7.5288172000E-02   6.6876379000E-02   1.9702424400E-02
   38      4.6209500000E-05  -1.1608614860E-01   6.6876379000E-02   2.0523919120E-01  -6.2386620000E-04
