*************************************************
******************* ORCA 6.1.0 ******************
*************************************************
$Calculation_Status
   &GeometryIndex 0
   &version [&Type "String"] "6.1.0"
   &progName [&Type "String"] "orca"
   &Status [&Type "String"] "NORMAL TERMINATION"
$End
$Geometry
   &GeometryIndex 1
   &NAtoms [&Type "Integer"] 16
   &NCorelessECP [&Type "Integer"] 0
   &NGhostAtoms [&Type "Integer"] 0
   &CartesianCoordinates [&Type "Coordinates", &Dim(16,4), &Units "Bohr"] 
              C      0.460758695151    0.261451169533    0.770046392038
              C      2.588350326727    0.103182826364   -1.030550808777
              C      3.999013878164    2.254072891446   -1.000831085869
              C      6.157404266271    2.025633347747    0.753235388350
              C      4.642648930200    1.757515224414    3.333004468704
              C      2.019463391919    0.420320445611    3.331706226850
              H     -0.789306480795   -1.372821785605    0.824708610188
              H     -0.640528342271    1.982009019945    0.536950563145
              H      3.568282931281   -1.697342564857   -1.094395206212
              H      3.022450655307    4.054717335414   -0.953759897599
              H      7.389738141903    3.669182968476    0.887507989070
              H      7.264383158809    0.315850715750    0.468502792848
              H      0.860050268344    1.435413294613    4.703269454850
              H      2.293605962167   -1.496470346000    4.033971921916
              H      5.873495591363    0.809078685334    4.709414844237
              F      4.322085237472    4.171927598870    4.280320400186
$End
$Single_Point_Data
   &GeometryIndex 1
   &FinalEnergy [&Type "Double"]      -2.2071498777359999e+01  "Final single point energy"
   &Converged [&Type "Boolean"] true
$End
$Geometry
   &GeometryIndex 2
   &NAtoms [&Type "Integer"] 16
   &NCorelessECP [&Type "Integer"] 0
   &NGhostAtoms [&Type "Integer"] 0
   &CartesianCoordinates [&Type "Coordinates", &Dim(16,4), &Units "Bohr"] 
              C      0.453357014871    0.288299549854    0.778716626366
              C      2.578456435830    0.108315423484   -1.021991384324
              C      4.010206735227    2.245375018755   -0.998176949496
              C      6.164478239902    2.006722533222    0.759378303476
              C      4.629202411804    1.779086424226    3.327347886766
              C      2.035272030050    0.390252967685    3.325450391534
              H     -0.821810470819   -1.326740398743    0.824998595718
              H     -0.621732316203    2.029628480847    0.568215057733
              H      3.544225497281   -1.700047126210   -1.067764241016
              H      3.048646287513    4.053731364125   -0.951146743192
              H      7.410678200612    3.640067849998    0.888650960448
              H      7.257667015861    0.283918124821    0.494093681603
              H      0.878663880678    1.330916563981    4.749432955418
              H      2.367611118288   -1.547600648475    3.939356689438
              H      5.857640154019    0.896612861015    4.746968917055
              F      4.239334377100    4.215181838471    4.189571306395
$End
$Single_Point_Data
   &GeometryIndex 2
   &FinalEnergy [&Type "Double"]      -2.2072140007049999e+01  "Final single point energy"
   &Converged [&Type "Boolean"] true
$End
$Geometry
   &GeometryIndex 3
   &NAtoms [&Type "Integer"] 16
   &NCorelessECP [&Type "Integer"] 0
   &NGhostAtoms [&Type "Integer"] 0
   &CartesianCoordinates [&Type "Coordinates", &Dim(16,4), &Units "Bohr"] 
              C      0.445068211820    0.322433903734    0.792880463250
              C      2.563695187056    0.118336274824   -1.016351152489
              C      4.026057758944    2.233508815634   -0.998233577256
              C      6.172635747580    1.979912622694    0.770108594808
              C      4.607537856833    1.811775388437    3.321332153957
              C      2.058983404772    0.350641987360    3.318133607987
              H     -0.862908587121   -1.267097888028    0.831510571202
              H     -0.597220713661    2.086958913545    0.614300758134
              H      3.507047017905   -1.702582242217   -1.045915515736
              H      3.088932185108    4.054580953767   -0.954519665556
              H      7.440075148277    3.597580291000    0.891444044782
              H      7.245686119578    0.239992578621    0.534298729089
              H      0.910236042187    1.188056417918    4.809333388550
              H      2.471072701808   -1.606462159191    3.813352833409
              H      5.825709643126    1.016523092558    4.799015162361
              F      4.129288887803    4.269561876399    4.072411657430
$End
$Single_Point_Data
   &GeometryIndex 3
   &FinalEnergy [&Type "Double"]      -2.2072794131889999e+01  "Final single point energy"
   &Converged [&Type "Boolean"] true
$End
$Geometry
   &GeometryIndex 4
   &NAtoms [&Type "Integer"] 16
   &NCorelessECP [&Type "Integer"] 0
   &NGhostAtoms [&Type "Integer"] 0
   &CartesianCoordinates [&Type "Coordinates", &Dim(16,4), &Units "Bohr"] 
              C      0.441701526945    0.343083548458    0.803346854454
              C      2.553927762560    0.125497495565   -1.015073512592
              C      4.035756466656    2.226558010810   -0.998700689998
              C      6.176349384057    1.962190821860    0.778713033162
              C      4.591757364736    1.835140917102    3.317574943554
              C      2.076334210090    0.324220205871    3.312304025635
              H     -0.888647964330   -1.228229252011    0.838109280838
              H     -0.577191282380    2.122756661673    0.646037438597
              H      3.481683234765   -1.704303389636   -1.040007501621
              H      3.115797635778    4.056725374184   -0.958188726112
              H      7.460669094163    3.567320097762    0.892834235052
              H      7.232375298666    0.209735460778    0.563153151340
              H      0.933447357873    1.090510406230    4.845381276629
              H      2.538927679538   -1.638551043349    3.736010501661
              H      5.800766692574    1.099127780500    4.833623493219
              F      4.058242150324    4.301937731258    3.997984250103
$End
$Single_Point_Data
   &GeometryIndex 4
   &FinalEnergy [&Type "Double"]      -2.2073088840299999e+01  "Final single point energy"
   &Converged [&Type "Boolean"] true
$End
$Geometry
   &GeometryIndex 5
   &NAtoms [&Type "Integer"] 16
   &NCorelessECP [&Type "Integer"] 0
   &NGhostAtoms [&Type "Integer"] 0
   &CartesianCoordinates [&Type "Coordinates", &Dim(16,4), &Units "Bohr"] 
              C      0.439524501459    0.372019933546    0.820318452908
              C      2.540474719938    0.135186632322   -1.013946831442
              C      4.048786262549    2.217710977155   -0.998463676857
              C      6.179772659928    1.936812172291    0.793163925842
              C      4.567125525434    1.870457748732    3.312077557464
              C      2.103751656174    0.285231306164    3.302221155530
              H     -0.925940921893   -1.169356868369    0.849864443013
              H     -0.539754675837    2.175863316472    0.693925813424
              H      3.445922288644   -1.706620614600   -1.038391837353
              H      3.152779845189    4.060081303434   -0.962798562130
              H      7.492813471417    3.519763219222    0.895037059185
              H      7.204710750208    0.163180415192    0.606911763962
              H      0.970408448750    0.941593062828    4.893052392906
              H      2.637894211540   -1.678272732186    3.628821208357
              H      5.761102493594    1.226329163652    4.882275079237
              F      3.952525374921    4.343741791199    3.889034109879
$End
$Single_Point_Data
   &GeometryIndex 5
   &FinalEnergy [&Type "Double"]      -2.2073283189070001e+01  "Final single point energy"
   &Converged [&Type "Boolean"] true
$End
$Geometry
   &GeometryIndex 6
   &NAtoms [&Type "Integer"] 16
   &NCorelessECP [&Type "Integer"] 0
   &NGhostAtoms [&Type "Integer"] 0
   &CartesianCoordinates [&Type "Coordinates", &Dim(16,4), &Units "Bohr"] 
              C      0.440943972420    0.372107430975    0.821087547110
              C      2.540622350706    0.134691936736   -1.015390801289
              C      4.048632666709    2.217872462560   -0.999067524086
              C      6.178716737873    1.936903753117    0.794133298480
              C      4.566113001678    1.872593955046    3.313060342263
              C      2.105057951809    0.283820288741    3.301813462934
              H     -0.928236734645   -1.165900939297    0.849797480193
              H     -0.532805059268    2.178976539774    0.695033882520
              H      3.445715854304   -1.707042645672   -1.044154338143
              H      3.152265926874    4.059989377765   -0.964460529846
              H      7.495642856939    3.516719894679    0.893478614207
              H      7.198543305280    0.160249951989    0.608429463413
              H      0.970022692459    0.932247291217    4.895349331020
              H      2.641485826889   -1.678811453274    3.630933944803
              H      5.760967155477    1.234129184262    4.885134312038
              F      3.948208106510    4.345173798437    3.887923568306
$End
$Single_Point_Data
   &GeometryIndex 6
   &FinalEnergy [&Type "Double"]      -2.2073298680659999e+01  "Final single point energy"
   &Converged [&Type "Boolean"] true
$End
$Geometry
   &GeometryIndex 7
   &NAtoms [&Type "Integer"] 16
   &NCorelessECP [&Type "Integer"] 0
   &NGhostAtoms [&Type "Integer"] 0
   &CartesianCoordinates [&Type "Coordinates", &Dim(16,4), &Units "Bohr"] 
              C      0.443505343550    0.370672150940    0.821209278159
              C      2.542058421803    0.132690904550   -1.017108346507
              C      4.047295901737    2.218697449781   -0.999233609995
              C      6.176690067379    1.938643095407    0.794790155037
              C      4.565540627132    1.874131040631    3.314154703159
              C      2.105715425181    0.284210694369    3.300907190549
              H     -0.929832616121   -1.163381259986    0.849469966551
              H     -0.523037902532    2.181402928499    0.693239204120
              H      3.448648912782   -1.707946693595   -1.051975434897
              H      3.147697009576    4.059293282410   -0.964784293471
              H      7.498295434695    3.514442058631    0.891123716041
              H      7.189532200314    0.157849488792    0.608273734414
              H      0.967197521224    0.926659172033    4.895330995893
              H      2.642185614974   -1.677471514880    3.639685873106
              H      5.762985895625    1.238097877799    4.885378167238
              F      3.947418754696    4.345730151671    3.892640754527
$End
$Single_Point_Data
   &GeometryIndex 7
   &FinalEnergy [&Type "Double"]      -2.2073308172019999e+01  "Final single point energy"
   &Converged [&Type "Boolean"] true
$End
$Geometry
   &GeometryIndex 8
   &NAtoms [&Type "Integer"] 16
   &NCorelessECP [&Type "Integer"] 0
   &NGhostAtoms [&Type "Integer"] 0
   &CartesianCoordinates [&Type "Coordinates", &Dim(16,4), &Units "Bohr"] 
              C      0.443664474941    0.370760907029    0.821266446878
              C      2.542151346029    0.132372555656   -1.017179717532
              C      4.047218958741    2.218595354867   -0.999092047491
              C      6.176598634694    1.938724153770    0.794925834588
              C      4.565306555511    1.874351261856    3.314126874129
              C      2.105915704494    0.284257016077    3.300791719097
              H     -0.930143177488   -1.162853899144    0.849798776807
              H     -0.522275364726    2.181837119912    0.692982384817
              H      3.448852946822   -1.708143875122   -1.052345052611
              H      3.147045695449    4.058920709028   -0.964273800237
              H      7.498583435611    3.514158005218    0.891310267290
              H      7.188883872543    0.157541267433    0.608555262847
              H      0.967276328008    0.926258143802    4.895363153824
              H      2.642977623087   -1.677442048479    3.639212532034
              H      5.762944019967    1.238270286619    4.885193156537
              F      3.946895558332    4.346113868530    3.892466262947
$End
$Single_Point_Data
   &GeometryIndex 8
   &FinalEnergy [&Type "Double"]      -2.2073308347249998e+01  "Final single point energy"
   &Converged [&Type "Boolean"] true
$End
$Hessian
   &GeometryIndex 8
   &HESSIAN [&Type "ArrayOfDoubles", &Dim (48,48)] "The Hessian"
                                                         0                           1                           2                           3                           4                           5                           6                           7

0                                      5.2909384000000004e-01         7.0593362999999999e-03        -4.9587526200000002e-02        -1.4289436240000000e-01         3.1156060499999999e-02         9.9259367200000004e-02        -3.9967658800000000e-02        -2.3798207700000001e-02
1                                      7.0593362999999999e-03         5.5228608489999997e-01        -1.8300838600000001e-02         1.5046921099999999e-02        -6.2969614899999998e-02        -4.5236279999999999e-04        -2.8666362399999999e-02        -1.6044162000000001e-03
2                                     -4.9587526200000002e-02        -1.8300838600000001e-02         3.2233816980000002e-01         1.0088803900000000e-01        -1.1037618000000000e-03        -1.0582577280000000e-01         1.2866739400000000e-02         3.2449075000000002e-03
3                                     -1.4289436240000000e-01         1.5046921099999999e-02         1.0088803900000000e-01         4.8550559119999998e-01         7.2081713000000006e-02        -1.1320419480000000e-01        -1.8873332220000000e-01        -1.6160601070000000e-01
4                                      3.1156060499999999e-02        -6.2969614899999998e-02        -1.1037618000000000e-03         7.2081713000000006e-02         6.4233044829999997e-01         1.1658955500000000e-02        -1.6249778500000001e-01        -3.1468884190000002e-01
5                                      9.9259367200000004e-02        -4.5236279999999999e-04        -1.0582577280000000e-01        -1.1320419480000000e-01         1.1658955500000000e-02         2.2137586279999999e-01         6.7005512999999996e-03         3.2063615000000002e-03
6                                     -3.9967658800000000e-02        -2.8666362399999999e-02         1.2866739400000000e-02        -1.8873332220000000e-01        -1.6249778500000001e-01         6.7005512999999996e-03         4.8848480919999998e-01         6.5911106200000000e-02
7                                     -2.3798207700000001e-02        -1.6044162000000001e-03         3.2449075000000002e-03        -1.6160601070000000e-01        -3.1468884190000002e-01         3.2063615000000002e-03         6.5911106200000000e-02         6.4964211049999998e-01
8                                      5.3933577999999999e-03         3.4106102000000002e-03        -1.2833673000000000e-02        -9.1086045000000008e-03        -1.0476234900000001e-02        -8.3546119999999998e-04         1.1169663630000000e-01         5.4575299999999999e-05
9                                     -1.8430078999999999e-03        -8.1375149999999999e-04        -4.8076096999999998e-03        -4.0778306200000003e-02        -2.4173770200000000e-02        -5.3490426999999998e-03        -1.4648488600000001e-01         3.4371202500000003e-02
10                                    -1.0044790000000000e-03        -2.5601263999999999e-03        -6.3802990000000001e-04        -2.8606978500000001e-02        -1.0883615999999999e-03        -2.1528343999999999e-03         1.7351665900000000e-02        -6.3952541500000001e-02
11                                     4.9078799000000003e-03         1.2570530000000001e-04         2.1367720999999999e-03        -1.3239090199999999e-02        -2.4288115000000001e-03        -1.1577138100000000e-02        -9.8547518200000003e-02         1.2202264000000000e-03
12                                    -9.6752998000000003e-03        -7.7011704000000004e-03        -8.9563227999999995e-03        -8.4911038000000001e-03        -3.3777184000000002e-03        -1.0515989000000000e-02         8.4829888000000006e-03        -3.6861170000000000e-03
13                                    -6.3374100000000000e-05         1.5779890999999999e-03        -6.4867542999999996e-03        -3.3672444999999999e-03         3.7715700000000002e-05        -2.3293682000000001e-03         3.6037009999999997e-04         5.6372736999999997e-03
14                                    -1.3328043499999999e-02        -1.1506957100000000e-02         8.5263090000000004e-04         2.7449659999999998e-04         4.3902964000000003e-03        -1.0834977200000000e-02        -2.4740123700000002e-02        -3.3251075000000001e-03
15                                    -8.2434330200000003e-02         2.0487816000000002e-03        -2.6260236999999999e-02         7.1485413000000001e-03        -2.9411038999999999e-03         4.3358032000000001e-03        -7.9151121999999994e-03        -3.5516009000000001e-03
16                                     7.5264200000000004e-05        -6.6076358200000004e-02         7.4912447999999996e-03         1.2018651999999999e-03         3.9641370000000004e-03        -3.2492651999999999e-03        -2.7725638999999999e-03        -2.9336519999999998e-04
17                                    -4.7739575999999999e-02         7.1000901999999999e-03        -9.0083122200000004e-02         2.2283938999999999e-02         5.1536311999999997e-03        -4.5256788100000001e-02        -7.5547470000000003e-04        -3.2752136000000001e-03
18                                    -1.4033886370000001e-01        -1.1352431239999999e-01         1.2434265999999999e-03        -1.2456010100000000e-02        -1.4187275600000000e-02         5.8017924000000002e-03        -7.1606302000000004e-03        -7.6440130000000005e-04
19                                    -1.1382159460000001e-01        -1.7966865930000001e-01         4.5027480000000002e-04        -2.6430289999999999e-04         1.3923395000000000e-03         2.4780561999999998e-03        -1.8010576000000000e-03         9.9811189999999997e-04
20                                     6.4831890000000003e-04         1.8993452000000001e-03        -4.0469087700000003e-02         1.3088416699999999e-02         1.5212861499999999e-02        -3.6254328999999999e-03         5.9650049999999998e-03         1.0115350000000001e-04
21                                    -9.4222705599999998e-02         9.6312804500000002e-02        -5.0782706000000004e-03        -1.0344312099999999e-02         1.9015530999999999e-02        -3.4542400000000003e-05        -7.8661999999999993e-06         6.5516839999999995e-04
22                                     9.5184170700000001e-02        -2.3250216720000000e-01         1.4510039799999999e-02         6.4316236999999998e-03        -5.8622665999999999e-03        -3.6852610000000000e-03        -2.1115738000000001e-03         7.5313669999999997e-04
23                                    -6.6655710999999999e-03         1.2685327999999999e-02        -3.8250291100000000e-02         1.1933988800000000e-02        -1.9221042800000001e-02        -6.4630510000000005e-04        -6.0024850000000001e-04        -9.9738290000000009e-04
24                                    -1.5187742600000000e-02         2.4137570300000001e-02         1.9173450000000000e-04        -9.1632625999999995e-02         9.8334555599999998e-02         9.6849572000000002e-03         1.0088182800000000e-02        -1.3745683099999999e-02
25                                     4.1986640000000004e-03        -4.3897870000000000e-03        -1.0422999999999999e-03         9.4977070900000002e-02        -2.3494531430000001e-01        -3.3703094999999999e-03         9.3132227999999997e-03        -3.0830442100000001e-02
26                                     9.0114310999999999e-03        -1.0116681200000000e-02        -4.1274314000000001e-03        -2.6570300000000000e-04        -5.5864840000000005e-04        -3.0372449499999999e-02         3.7333174000000000e-03         6.4661945000000004e-03
27                                     1.9573702000000000e-03        -2.0706657000000000e-03         4.1472830000000000e-04         9.9688946999999997e-03        -1.3784246300000001e-02         1.9615887000000000e-03        -9.1952422399999997e-02         1.0045520660000000e-01
28                                     5.1307450000000004e-04         1.9720189999999999e-04        -1.2399983000000001e-03         9.0166673999999992e-03        -2.9465169800000000e-02        -1.0338954999999999e-03         9.7465039000000003e-02        -2.4061302760000000e-01
29                                    -1.7252032000000001e-03         9.9158940000000011e-04        -1.5353626000000000e-03        -3.9088044999999998e-03        -6.8527824999999997e-03        -4.6252469999999999e-03         4.5108194000000002e-03        -7.4839909000000001e-03
30                                    -5.0359199999999997e-04        -7.6179120000000001e-04        -1.5235780000000000e-03        -7.0336035999999996e-03        -6.9216380000000004e-04        -2.3105070000000000e-04        -1.2304261699999999e-02        -1.4370700800000000e-02
31                                    -3.9947840000000001e-04        -6.7375500000000006e-05        -6.1881420000000004e-04        -1.4884016999999999e-03         8.2972769999999996e-04         5.4850190000000005e-04        -9.6430700000000005e-05         1.9267558999999999e-03
32                                    -1.1094352000000000e-03        -1.2124244000000001e-03        -4.9714859999999998e-04        -6.0521126000000003e-03        -6.1666099999999996e-05         1.8680977000000000e-03        -1.2458410099999999e-02        -1.4950701000000000e-02
33                                    -7.7447000000000006e-06         5.9928100000000000e-05        -1.3433830000000001e-04         1.1338830000000000e-04         3.7266639999999999e-04        -6.4431730000000004e-04        -1.0833145900000000e-02         1.9273046200000001e-02
34                                     8.6248700000000000e-05        -8.3156000000000001e-05         2.9289369999999998e-04        -2.0262909999999999e-03         7.5403869999999997e-04        -3.4773440000000002e-04         6.9142917000000002e-03        -6.2917638000000000e-03
35                                     1.9845599999999999e-05         1.2349540000000000e-04        -1.6815240000000000e-04         6.6557170000000002e-04         9.6249379999999998e-04        -4.2562919999999997e-04        -1.1753548399999999e-02         1.8592117400000000e-02
36                                     5.5974392999999997e-03        -3.1947967000000000e-03        -1.1795864499999999e-02        -3.3919410000000000e-04         7.4680329999999998e-04        -1.4358003000000000e-03        -3.4187079999999998e-04        -1.4823289999999999e-04
37                                    -1.6049940000000001e-04         1.5465510000000000e-03         1.4425760000000001e-03         4.3342030000000000e-04         1.2644600000000000e-04        -7.4365399999999995e-04        -1.3410272999999999e-03        -3.8237260000000001e-04
38                                     8.9936115999999997e-03        -7.1636536999999997e-03        -2.2996452200000000e-02        -4.0344570000000002e-04         1.8742756000000001e-03        -5.1358243999999999e-03         1.5532485999999999e-03        -1.9142300000000000e-04
39                                    -6.4227991999999999e-03         1.4272249600000000e-02        -6.5588469000000000e-03        -8.7037600000000002e-05        -3.6719729999999998e-04         9.2307710000000005e-04         2.4745900000000000e-05         7.9432199999999995e-05
40                                     3.0726667000000002e-03        -3.9348617999999998e-03         2.3493323000000001e-03        -1.8303570000000001e-04         1.7553090000000000e-04        -2.4827669999999999e-04        -4.0902999999999996e-06        -1.2909839999999999e-04
41                                    -9.1115885999999997e-03         2.2403213700000001e-02        -7.3787467999999997e-03        -1.3663582999999999e-03         1.3337614000000001e-03        -3.8284590000000002e-04         4.5601270000000002e-04        -1.3860329999999999e-04
42                                    -3.3271976999999999e-03        -2.4214167999999999e-03        -4.3559129999999998e-04        -4.1440340000000001e-04        -2.2674330000000000e-04         1.5027382000000001e-03        -2.2403640000000000e-04         6.0658140000000005e-04
43                                    -1.9100053000000001e-03        -7.3530530000000000e-04        -9.4384959999999996e-04        -9.2537939999999996e-04        -9.5094900000000003e-05         2.1600189999999999e-04        -9.5678099999999995e-05         5.8250670000000002e-04
44                                     8.7620959999999996e-04        -2.4037200000000001e-04        -1.7377606000000001e-03        -1.6272356999999999e-03         5.8579230000000001e-04        -2.7536787000000001e-03         1.3931440000000000e-04        -1.6647305000000001e-03
45                                     1.7665520000000000e-04         2.1667569999999999e-04        -4.6648250000000000e-04         4.6786609999999998e-04         5.4067410000000003e-04         1.2450619999999999e-03        -1.1555138000000000e-03         3.1921070000000002e-04
46                                    -1.8784730000000001e-04        -1.0159990000000001e-03         5.9307800000000003e-04        -7.2163710000000005e-04        -4.9571999999999995e-04        -4.9491529999999995e-04         2.0708733000000001e-03        -7.5402610000000001e-04
47                                     1.5692209999999999e-04         2.5391230000000001e-04         5.7542870000000003e-04         4.1097699999999998e-05        -4.6911979999999999e-04        -9.4641059999999995e-04         1.2336790999999999e-03        -8.5838340000000003e-04
                                                         8                           9                          10                          11                          12                          13                          14                          15

0                                      5.3933577999999999e-03        -1.8430078999999999e-03        -1.0044790000000000e-03         4.9078799000000003e-03        -9.6752998000000003e-03        -6.3374100000000000e-05        -1.3328043499999999e-02        -8.2434330200000003e-02
1                                      3.4106102000000002e-03        -8.1375149999999999e-04        -2.5601263999999999e-03         1.2570530000000001e-04        -7.7011704000000004e-03         1.5779890999999999e-03        -1.1506957100000000e-02         2.0487816000000002e-03
2                                     -1.2833673000000000e-02        -4.8076096999999998e-03        -6.3802990000000001e-04         2.1367720999999999e-03        -8.9563227999999995e-03        -6.4867542999999996e-03         8.5263090000000004e-04        -2.6260236999999999e-02
3                                     -9.1086045000000008e-03        -4.0778306200000003e-02        -2.8606978500000001e-02        -1.3239090199999999e-02        -8.4911038000000001e-03        -3.3672444999999999e-03         2.7449659999999998e-04         7.1485413000000001e-03
4                                     -1.0476234900000001e-02        -2.4173770200000000e-02        -1.0883615999999999e-03        -2.4288115000000001e-03        -3.3777184000000002e-03         3.7715700000000002e-05         4.3902964000000003e-03        -2.9411038999999999e-03
5                                     -8.3546119999999998e-04        -5.3490426999999998e-03        -2.1528343999999999e-03        -1.1577138100000000e-02        -1.0515989000000000e-02        -2.3293682000000001e-03        -1.0834977200000000e-02         4.3358032000000001e-03
6                                      1.1169663630000000e-01        -1.4648488600000001e-01         1.7351665900000000e-02        -9.8547518200000003e-02         8.4829888000000006e-03         3.6037009999999997e-04        -2.4740123700000002e-02        -7.9151121999999994e-03
7                                      5.4575299999999999e-05         3.4371202500000003e-02        -6.3952541500000001e-02         1.2202264000000000e-03        -3.6861170000000000e-03         5.6372736999999997e-03        -3.3251075000000001e-03        -3.5516009000000001e-03
8                                      2.2118856030000000e-01        -9.7205260000000002e-02        -1.7338890000000000e-04        -1.0428272249999999e-01        -3.1552444999999999e-03         4.6989021000000001e-03        -4.7451335700000000e-02         7.7092831000000004e-03
9                                     -9.7205260000000002e-02         5.2440925179999998e-01         3.3709136999999999e-03         5.3095060700000002e-02        -7.6453660000000007e-02        -8.0927276000000003e-03         3.9342436799999998e-02        -8.0254648999999994e-03
10                                    -1.7338890000000000e-04         3.3709136999999999e-03         5.5535686250000005e-01         2.9852145500000000e-02        -4.6453131000000003e-03        -5.9426424100000000e-02         3.7486030000000001e-03        -7.6521078999999999e-03
11                                    -1.0428272249999999e-01         5.3095060700000002e-02         2.9852145500000000e-02         3.1635247560000002e-01         1.7925458100000000e-02         1.5011827000000000e-03        -8.0925109300000006e-02         8.1240636000000001e-03
12                                    -3.1552444999999999e-03        -7.6453660000000007e-02        -4.6453131000000003e-03         1.7925458100000000e-02         4.1949769370000001e-01        -1.2440242600000000e-02         6.6129352299999999e-02        -1.2575417559999999e-01
13                                     4.6989021000000001e-03        -8.0927276000000003e-03        -5.9426424100000000e-02         1.5011827000000000e-03        -1.2440242600000000e-02         4.1013663550000001e-01        -1.9614526399999999e-02        -3.6086736000000001e-02
14                                    -4.7451335700000000e-02         3.9342436799999998e-02         3.7486030000000001e-03        -8.0925109300000006e-02         6.6129352299999999e-02        -1.9614526399999999e-02         4.3588309650000001e-01        -4.8427033000000000e-03
15                                     7.7092831000000004e-03        -8.0254648999999994e-03        -7.6521078999999999e-03         8.1240636000000001e-03        -1.2575417559999999e-01        -3.6086736000000001e-02        -4.8427033000000000e-03         4.1882204740000001e-01
16                                     1.8650658000000000e-03        -1.2134774000000001e-03         4.6336890000000001e-04         3.5439917000000000e-03        -3.5514103399999997e-02        -8.3041309600000002e-02         4.3670759999999998e-04        -4.2737076100000000e-02
17                                    -1.0804807099999999e-02         1.2428566500000000e-02         1.0133601600000000e-02         8.3731739999999999e-04         5.4301677999999999e-03         3.6828977999999999e-03        -6.4509742600000003e-02        -5.8388180200000001e-02
18                                     4.2073179999999998e-04        -5.3767270000000002e-04        -8.4204180000000003e-04         1.5005782999999999e-03        -3.7780700000000002e-04         6.4762390000000004e-04        -2.6947395000000000e-03        -1.2486916200000000e-02
19                                    -4.5608210000000000e-04        -4.1371360000000000e-04        -1.3808399999999999e-04         6.6723830000000000e-04         6.6136470000000003e-04         4.0579910000000002e-04        -1.2180000000000000e-05        -9.6967760000000005e-04
20                                     1.8413964000000001e-03         1.1049030000000000e-03         1.2255187999999999e-03        -4.5731910000000001e-04        -1.9539936000000000e-03         8.6026780000000001e-04        -3.4640129000000001e-03        -1.7085373200000000e-02
21                                     5.1231940000000004e-04         3.7620000000000001e-06        -1.1396000000000001e-06        -3.6461000000000001e-06        -4.9055910000000004e-04         1.0346775999999999e-03        -3.6482100000000001e-05        -8.2346196999999993e-03
22                                     5.6558740000000002e-04         4.5643299999999997e-05        -2.8225299999999999e-05        -3.2663890000000001e-04         1.0079720000000000e-04        -1.9777100000000001e-05        -1.7012120000000001e-04         2.6031138000000001e-03
23                                    -4.6551770000000000e-04        -5.1015600000000000e-05        -1.1119040000000000e-04        -1.8087370000000001e-04        -2.2523829999999999e-04         4.0326929999999998e-04         2.3529580000000000e-04        -1.3049846900000000e-02
24                                    -2.7546466000000001e-03         2.1265223000000001e-03        -2.0376611000000001e-03        -7.2023759999999997e-04        -3.4257999999999999e-04         4.1950629999999999e-04         1.3161769999999999e-04         6.6245669999999998e-04
25                                     4.5952269999999999e-04         4.8459250000000001e-04         3.5212640000000000e-04         1.4749740000000000e-03         4.6830379999999999e-04        -1.1195432000000000e-03        -7.4812999999999998e-06         1.6715769999999999e-04
26                                    -4.1616307000000002e-03         1.7034687999999999e-03        -8.6109659999999998e-04        -1.9569167999999998e-03         4.3770899999999998e-05         1.4732429999999999e-04        -2.0172620000000001e-04         1.3756547000000000e-03
27                                    -5.2645955999999997e-03        -1.5239043000000001e-02         2.3750157099999999e-02         1.2287889999999999e-04         4.0448140000000002e-04         1.0698249999999999e-03        -1.3647799999999999e-04        -1.7647769999999999e-04
28                                    -4.2350774000000004e-03         4.1159548999999997e-03        -4.2193437999999998e-03         1.3126575000000000e-03         8.8012490000000001e-04        -1.0274310999999999e-03         3.2334719999999999e-04         3.0078190000000000e-04
29                                    -3.0850105700000002e-02        -9.2055424000000007e-03         9.8684080000000004e-03        -3.1372129999999998e-03        -1.1976682999999999e-03         2.9384099999999998e-04         6.7436079999999999e-04        -3.9888600000000003e-05
30                                    -6.0153076000000003e-03        -1.3405029660000001e-01        -1.1367055530000000e-01        -5.5082858999999998e-03        -1.2715810700000000e-02        -1.3633347100000000e-02         4.5214295999999998e-03        -2.4909370000000000e-04
31                                    -1.9404941999999999e-03        -1.1426572590000000e-01        -1.8699228479999999e-01        -6.4315567000000004e-03        -2.8363633999999999e-03        -3.0285015000000000e-03         1.1698963000000000e-03         4.7714410000000002e-04
32                                    -4.1947012000000004e-03        -4.7768430999999998e-03        -8.3074180000000004e-03        -4.1487623500000001e-02         1.6740739899999999e-02         1.8011367699999999e-02        -2.7529362000000002e-03         1.9145213999999999e-03
33                                     8.0851679999999996e-04        -9.8125738200000007e-02         9.9617002699999999e-02         9.3583612000000000e-03        -8.1334010000000002e-03         1.2994304599999999e-02         3.7119230999999998e-03         3.1528500000000001e-05
34                                     3.7123958000000001e-03         9.7942551899999994e-02        -2.2297274580000001e-01        -2.1762011599999999e-02         1.8038842000000000e-03        -3.0399328999999998e-03        -1.1441077999999999e-03        -9.0202400000000002e-05
35                                     5.5001699999999998e-04         1.1135331700000001e-02        -1.9346577300000001e-02        -3.9406426299999998e-02         1.1697279600000001e-02        -1.7902928799999999e-02        -4.3815158000000002e-03        -5.2657500000000002e-05
36                                    -1.6975610000000000e-03        -3.0946014999999999e-03        -2.5499601000000000e-03         4.4884040000000002e-04        -1.9196911500000000e-02         4.3178914999999997e-03         1.9809507300000001e-02        -1.1259630079999999e-01
37                                     4.7215929999999998e-04        -1.7550694999999999e-03        -1.7243584000000000e-03         1.0776500999999999e-03        -1.0387525200000001e-02         3.5448491000000001e-03         1.0485113799999999e-02         4.2596661500000001e-02
38                                    -2.4801496999999999e-03        -5.9123369999999995e-04         1.9621189999999999e-04        -1.7176601000000000e-03         3.0328019000000002e-03        -1.6756564999999999e-03        -1.2199544000000000e-03         1.0524923590000000e-01
39                                    -2.2069000000000000e-04        -3.1823390000000000e-04        -2.2952169999999999e-04        -3.7552300000000003e-05         2.8636822999999999e-03        -2.1119640200000001e-02         2.7691221999999998e-03        -5.6897139100000001e-02
40                                     1.7107879999999999e-04        -1.8531010000000001e-04        -1.7494500000000000e-04         2.8963200000000001e-05         2.4971457999999999e-03        -1.9786027800000001e-02         2.2641824000000001e-03         5.8506965899999999e-02
41                                    -4.5151590000000003e-04         1.6900640000000000e-04         1.4191010000000001e-04        -1.1666650000000001e-04        -1.2885627000000001e-03         3.2666913000000001e-03        -2.9437700000000001e-05        -8.3954641999999993e-03
42                                     1.4578970000000001e-03         5.2593596000000001e-03        -2.9243998000000001e-03         1.0794689000000000e-02        -1.1115234190000001e-01         3.3543620699999999e-02        -9.7362888100000003e-02        -1.8027047500000001e-02
43                                     3.0679440000000002e-04         1.4405367000000001e-03         8.9275349999999999e-04         1.9646377999999998e-03         3.3146478799999997e-02        -5.2949357900000001e-02         4.5666393499999999e-02        -9.3272097000000002e-03
44                                    -5.2007991999999999e-03        -9.7015478999999995e-03         6.5016457999999997e-03        -2.2610941100000000e-02        -1.0059062110000000e-01         4.7347920900000000e-02        -1.6629934760000001e-01        -8.4110350000000001e-04
45                                    -2.5768322999999999e-03        -6.8479850000000000e-03         2.0074418500000000e-02         1.1778520000000001e-02        -5.8465195700000000e-02         4.0415492400000003e-02         6.4515726999999998e-03         6.1321036999999997e-03
46                                     1.5645855000000000e-03         9.1421500999999995e-03        -1.3787670800000000e-02        -1.1820353699999999e-02         4.1030454100000002e-02        -1.9790195690000001e-01        -3.2704058899999999e-02        -3.3448921000000000e-03
