
$orca_hessian_file

$act_atom
  0

$act_coord
  0

$act_energy
      -12.676272

$multiplicity
  1

$hessian
18
                    0                  1                  2                  3                  4        
    0      4.1411964080E-01  -5.3513724600E-02   1.5911836900E-02  -3.9261651000E-02   7.2073484000E-03
    1     -5.3513724600E-02   4.1054738980E-01   1.2018499000E-03   7.2228742000E-03  -2.2068358700E-01
    2      1.5911836900E-02   1.2018499000E-03   3.4110307010E-01   1.8463960000E-03  -8.6771269600E-02
    3     -3.9261651000E-02   7.2228742000E-03   1.8463960000E-03   4.8400981000E-02  -3.2834944000E-03
    4      7.2073484000E-03  -2.2068358700E-01  -8.6771269600E-02  -3.2834944000E-03   2.6652024390E-01
    5      1.7574315000E-03  -1.0070019210E-01  -7.9290084300E-02  -4.3419525000E-03   9.4675766700E-02
    6     -2.1040316830E-01   1.0310550140E-01  -8.1620862200E-02  -2.2816148000E-03   4.1784585000E-03
    7      1.0277411620E-01  -9.9307730900E-02   4.8059630400E-02   2.8195605800E-02  -2.0447741900E-02
    8     -9.3610328100E-02   5.4827065800E-02  -7.4473877500E-02   8.6308231000E-03  -5.1176818000E-03
    9     -1.4521508520E-01  -5.7122731000E-02   6.7738533900E-02  -5.3243663000E-03  -8.0686524000E-03
   10     -5.6833416400E-02  -7.1074497600E-02   3.8044496200E-02  -3.2275311200E-02  -2.9237761000E-02
   11      7.9482088900E-02   4.4897322700E-02  -7.8348098800E-02  -5.5411091000E-03  -4.0911432000E-03
   12      3.8777596000E-03  -6.4399200000E-05  -2.8272240000E-03  -2.6488636000E-03   1.5072790000E-04
   13     -1.0905000000E-05   3.5632535000E-03  -1.0041826000E-03   7.6006790000E-04  -1.2966007000E-03
   14     -8.9380310000E-04  -4.4541100000E-05  -3.6226607000E-03  -1.5729370000E-04   6.1213560000E-04
   15     -2.3117496000E-02   3.7247910000E-04  -1.0486807000E-03   1.1155147000E-03  -1.8438790000E-04
   16      3.7658150000E-04  -2.3044827800E-02   4.6947570000E-04  -6.1974230000E-04   5.1454468000E-03
   17     -2.6472261000E-03  -1.8150520000E-04  -1.0536834880E-01  -4.3686380000E-04   6.9219220000E-04
                    5                  6                  7                  8                  9        
    0      1.7574315000E-03  -2.1040316830E-01   1.0277411620E-01  -9.3610328100E-02  -1.4521508520E-01
    1     -1.0070019210E-01   1.0310550140E-01  -9.9307730900E-02   5.4827065800E-02  -5.7122731000E-02
    2     -7.9290084300E-02  -8.1620862200E-02   4.8059630400E-02  -7.4473877500E-02   6.7738533900E-02
    3     -4.3419525000E-03  -2.2816148000E-03   2.8195605800E-02   8.6308231000E-03  -5.3243663000E-03
    4      9.4675766700E-02   4.1784585000E-03  -2.0447741900E-02  -5.1176818000E-03  -8.0686524000E-03
    5      8.8660343700E-02   4.4832530000E-04   8.0240699000E-03   5.2824793000E-03   1.7953658000E-03
    6      4.4832530000E-04   2.4473738340E-01  -1.1748699810E-01   8.7191507500E-02  -3.4422994300E-02
    7      8.0240699000E-03  -1.1748699810E-01   1.1360885710E-01  -5.2739150100E-02  -1.1439736200E-02
    8      5.2824793000E-03   8.7191507500E-02  -5.2739150100E-02   9.0056134100E-02   1.0856721500E-02
    9      1.7953658000E-03  -3.4422994300E-02  -1.1439736200E-02   1.0856721500E-02   1.8240609590E-01
   10      1.0583530900E-02   1.2374463900E-02   6.3560969000E-03  -4.6971943000E-03   7.4184383500E-02
   11      8.1177485000E-03  -5.4054703000E-03  -3.2355630000E-03   6.3232427000E-03  -7.7592053400E-02
   12     -8.2027140000E-04  -7.7706300000E-05  -7.3807490000E-04  -5.2568600000E-04  -3.3756283000E-03
   13     -4.3720950000E-04  -1.0053056000E-03  -1.5827204000E-03  -1.0188330000E-04   9.9411800000E-05
   14     -7.6980418000E-03  -2.1645160000E-04  -3.0755100000E-05  -6.2626189000E-03  -1.5954155000E-03
   15      1.1611012000E-03   2.4481003000E-03  -1.3049127000E-03  -1.2543038100E-02   5.9319781000E-03
   16     -1.2145965900E-02  -1.1661201000E-03   1.3732391000E-03   7.8288436000E-03   2.3473243000E-03
   17     -1.5072445400E-02  -3.9704870000E-04  -7.8232100000E-05  -2.0925359800E-02  -1.2031524000E-03
                   10                 11                 12                 13                 14        
    0     -5.6833416400E-02   7.9482088900E-02   3.8777596000E-03  -1.0905000000E-05  -8.9380310000E-04
    1     -7.1074497600E-02   4.4897322700E-02  -6.4399200000E-05   3.5632535000E-03  -4.4541100000E-05
    2      3.8044496200E-02  -7.8348098800E-02  -2.8272240000E-03  -1.0041826000E-03  -3.6226607000E-03
    3     -3.2275311200E-02  -5.5411091000E-03  -2.6488636000E-03   7.6006790000E-04  -1.5729370000E-04
    4     -2.9237761000E-02  -4.0911432000E-03   1.5072790000E-04  -1.2966007000E-03   6.1213560000E-04
    5      1.0583530900E-02   8.1177485000E-03  -8.2027140000E-04  -4.3720950000E-04  -7.6980418000E-03
    6      1.2374463900E-02  -5.4054703000E-03  -7.7706300000E-05  -1.0053056000E-03  -2.1645160000E-04
    7      6.3560969000E-03  -3.2355630000E-03  -7.3807490000E-04  -1.5827204000E-03  -3.0755100000E-05
    8     -4.6971943000E-03   6.3232427000E-03  -5.2568600000E-04  -1.0188330000E-04  -6.2626189000E-03
    9      7.4184383500E-02  -7.7592053400E-02  -3.3756283000E-03   9.9411800000E-05  -1.5954155000E-03
   10      9.4232137100E-02  -4.2569526000E-02   4.8158490000E-04  -3.0941794000E-03  -8.6805130000E-04
   11     -4.2569526000E-02   8.2759152300E-02   1.3926593000E-03   1.3427510000E-03  -9.1557890000E-03
   12      4.8158490000E-04   1.3926593000E-03   1.4043732000E-03  -2.1194270000E-04   1.6128657000E-03
   13     -3.0941794000E-03   1.3427510000E-03  -2.1194270000E-04   1.5855382000E-03   1.0810820000E-04
   14     -8.6805130000E-04  -9.1557890000E-03   1.6128657000E-03   1.0810820000E-04   3.9989451000E-02
   15      2.0682953000E-03   7.6638846000E-03   8.2006530000E-04   3.6867350000E-04   1.2500983000E-03
   16      2.8182040000E-03   3.6561585000E-03   3.8210390000E-04   8.2470880000E-04   2.2310370000E-04
   17     -4.9325550000E-04  -9.6962557000E-03   1.1676564000E-03   9.2416100000E-05  -1.3250340600E-02
                   15                 16                 17        
     0     -2.3117496000E-02   3.7658150000E-04  -2.6472261000E-03
     1      3.7247910000E-04  -2.3044827800E-02  -1.8150520000E-04
     2     -1.0486807000E-03   4.6947570000E-04  -1.0536834880E-01
     3      1.1155147000E-03  -6.1974230000E-04  -4.3686380000E-04
     4     -1.8438790000E-04   5.1454468000E-03   6.9219220000E-04
     5      1.1611012000E-03  -1.2145965900E-02  -1.5072445400E-02
     6      2.4481003000E-03  -1.1661201000E-03  -3.9704870000E-04
     7     -1.3049127000E-03   1.3732391000E-03  -7.8232100000E-05
     8     -1.2543038100E-02   7.8288436000E-03  -2.0925359800E-02
     9      5.9319781000E-03   2.3473243000E-03  -1.2031524000E-03
    10      2.0682953000E-03   2.8182040000E-03  -4.9325550000E-04
    11      7.6638846000E-03   3.6561585000E-03  -9.6962557000E-03
    12      8.2006530000E-04   3.8210390000E-04   1.1676564000E-03
    13      3.6867350000E-04   8.2470880000E-04   9.2416100000E-05
    14      1.2500983000E-03   2.2310370000E-04  -1.3250340600E-02
    15      1.2801837600E-02  -1.3201474000E-03   3.5166347000E-03
    16     -1.3201474000E-03   1.2883229100E-02  -3.1615600000E-05
    17      3.5166347000E-03  -3.1615600000E-05   1.6431275030E-01

$vibrational_frequencies
18
    0        0.0000000000000000
    1        0.0000000000000000
    2        0.0000000000000000
    3        0.0000000000000000
    4        0.0000000000000000
    5        0.0000000000000000
    6       99.2323638705766342
    7      117.0713005657253660
    8      246.0376599304321985
    9      587.1019080447078977
   10      751.8445672656997658
   11      878.9501933715656605
   12     1423.2019752114058520
   13     1461.0681210281363747
   14     1570.7182773504680426
   15     2723.9289810810323615
   16     2947.9218664540162536
   17     3152.7070864024540242

$normal_modes
18 18
                    0                  1                  2                  3                  4        
    0      0.0000000000E+00   0.0000000000E+00   0.0000000000E+00   0.0000000000E+00   0.0000000000E+00
    1      0.0000000000E+00   0.0000000000E+00   0.0000000000E+00   0.0000000000E+00   0.0000000000E+00
    2      0.0000000000E+00   0.0000000000E+00   0.0000000000E+00   0.0000000000E+00   0.0000000000E+00
    3      0.0000000000E+00   0.0000000000E+00   0.0000000000E+00   0.0000000000E+00   0.0000000000E+00
    4      0.0000000000E+00   0.0000000000E+00   0.0000000000E+00   0.0000000000E+00   0.0000000000E+00
    5      0.0000000000E+00   0.0000000000E+00   0.0000000000E+00   0.0000000000E+00   0.0000000000E+00
    6      0.0000000000E+00   0.0000000000E+00   0.0000000000E+00   0.0000000000E+00   0.0000000000E+00
    7      0.0000000000E+00   0.0000000000E+00   0.0000000000E+00   0.0000000000E+00   0.0000000000E+00
    8      0.0000000000E+00   0.0000000000E+00   0.0000000000E+00   0.0000000000E+00   0.0000000000E+00
    9      0.0000000000E+00   0.0000000000E+00   0.0000000000E+00   0.0000000000E+00   0.0000000000E+00
   10      0.0000000000E+00   0.0000000000E+00   0.0000000000E+00   0.0000000000E+00   0.0000000000E+00
   11      0.0000000000E+00   0.0000000000E+00   0.0000000000E+00   0.0000000000E+00   0.0000000000E+00
   12      0.0000000000E+00   0.0000000000E+00   0.0000000000E+00   0.0000000000E+00   0.0000000000E+00
   13      0.0000000000E+00   0.0000000000E+00   0.0000000000E+00   0.0000000000E+00   0.0000000000E+00
   14      0.0000000000E+00   0.0000000000E+00   0.0000000000E+00   0.0000000000E+00   0.0000000000E+00
   15      0.0000000000E+00   0.0000000000E+00   0.0000000000E+00   0.0000000000E+00   0.0000000000E+00
   16      0.0000000000E+00   0.0000000000E+00   0.0000000000E+00   0.0000000000E+00   0.0000000000E+00
   17      0.0000000000E+00   0.0000000000E+00   0.0000000000E+00   0.0000000000E+00   0.0000000000E+00
                    5                  6                  7                  8                  9        
    0      0.0000000000E+00  -3.6968898091E-01  -1.5510821789E-01   1.5427399792E-01  -8.4323724607E-03
    1      0.0000000000E+00  -1.4726187224E-01   3.8461329044E-01   2.0418051868E-02  -3.7248607236E-03
    2      0.0000000000E+00   1.6653102636E-02   3.7295353493E-03   7.2772533175E-02   5.6901355273E-01
    3      0.0000000000E+00  -4.3827333025E-01  -1.5476345474E-01   1.3926277167E-01   5.1357725391E-02
    4      0.0000000000E+00  -1.9245796371E-01   4.7518692919E-01   4.1567286618E-02   5.0701619184E-02
    5      0.0000000000E+00   1.0293589316E-01  -1.8412113598E-01   3.7434602002E-04   4.2062437003E-01
    6      0.0000000000E+00  -4.4855393061E-01  -2.0132286265E-01   1.6533147892E-01   8.5360072907E-02
    7      0.0000000000E+00  -1.7354709367E-01   4.3537193625E-01   6.8545438139E-03  -1.1652356297E-02
    8      0.0000000000E+00   1.4339191926E-01   1.6015204630E-01   1.0999271477E-02   3.2317876685E-01
    9      0.0000000000E+00  -4.8170458895E-01  -1.8095548586E-01   1.1884287046E-01   3.7372663489E-02
   10      0.0000000000E+00  -2.0355930194E-01   4.7461718673E-01   3.0635168091E-03  -1.9123779851E-03
   11      0.0000000000E+00  -2.1488185234E-01   4.1886728958E-02  -3.2084878442E-02   6.0789669137E-01
   12      0.0000000000E+00   1.4858558840E-01   6.0866643788E-02  -4.0505103749E-02  -7.1333760070E-03
   13      0.0000000000E+00   5.9782852760E-02  -1.5224469458E-01  -5.9674219364E-03  -3.3331483548E-04
   14      0.0000000000E+00  -5.2335236514E-02  -1.3937993574E-02  -9.2768688229E-01  -5.6605364526E-02
   15      0.0000000000E+00   3.7509204579E-02   1.5619504932E-02  -1.8902298448E-02   7.6743326064E-04
   16      0.0000000000E+00   1.5107992302E-02  -3.9092653121E-02  -2.2999921034E-03   1.7068382245E-04
   17      0.0000000000E+00   9.5437657043E-03   2.5273788791E-03   2.0989989293E-01  -8.9130744599E-02
                   10                 11                 12                 13                 14        
    0      9.0404324305E-02   8.0729464175E-02   2.4878234837E-03  -5.1743378882E-02   4.6346659653E-02
    1      8.6521146518E-02  -8.4876902263E-02  -2.1195718876E-03  -5.1299571783E-02  -4.4321126264E-02
    2      2.5309668694E-02   1.5017575164E-02   1.0195345253E-01   6.8724478642E-03  -9.3141974966E-03
    3     -1.6484425426E-01  -1.9661151178E-01  -5.6862426590E-02   5.3517882005E-01  -5.0688193594E-01
    4     -1.6201747724E-01   1.7669022356E-01   2.3906780637E-01  -7.7101486612E-02  -1.3129569687E-01
    5      5.0179678093E-01  -5.1714828515E-01  -5.2241755506E-01   1.8545344350E-01   2.7716115323E-01
    6     -1.5218723238E-01  -1.2073199715E-01   2.0206905443E-01   3.4560807172E-01   1.9719846499E-01
    7     -1.6728067551E-01   1.6660454467E-01  -1.3598937560E-01   6.2949625953E-01   8.4191931904E-02
    8      2.0166611205E-01   6.9625650877E-01  -5.7945581256E-01   3.9533278558E-02  -2.8447549634E-01
    9     -2.2244387621E-01  -2.0982571312E-01  -2.1290775180E-01  -2.1761580607E-01  -3.0574032634E-01
   10     -2.0107657646E-01   2.2288132797E-01  -7.5190601788E-02   1.1086506664E-01   6.4078114134E-01
   11     -7.0471160940E-01  -1.6678916604E-01  -4.5840275228E-01  -3.0160360300E-01   1.1759745598E-01
   12     -7.5066293960E-05   2.4371251262E-03   5.4087136757E-04  -1.2662959129E-03   1.6250545352E-03
   13      4.7076165240E-04  -2.9178999432E-03  -3.8940832615E-04  -1.2268487977E-03  -1.4917392486E-03
   14      4.6372887958E-03   2.6464421632E-03   8.4497205082E-03   7.5992406309E-04  -8.9335138497E-04
   15     -6.7663212018E-03  -6.0645246748E-03   3.5151452879E-04  -2.8697923496E-04   4.1057162090E-04
   16     -6.4271751396E-03   6.3102031443E-03   5.9389558346E-05  -3.6419384397E-04  -4.7241158426E-04
   17     -4.8915511524E-03  -3.0421879044E-03   2.3487812297E-03  -2.4721142246E-04   2.2126831009E-04
                   15                 16                 17        
     0      5.8342241240E-02  -1.8156644392E-02  -5.7233228886E-02
     1      4.4529020406E-02   6.2614482335E-02   3.3979904061E-02
     2     -2.2515287068E-02   3.3552540900E-02  -3.1231449694E-02
     3      6.8357715391E-02   2.5878694174E-03  -2.7534697326E-02
     4     -1.8181161946E-01  -8.9075230001E-01   7.4775063609E-02
     5     -1.1390897260E-01  -3.7839510487E-01   1.5520333780E-02
     6     -6.2672055502E-04   5.7596426166E-02   7.9685607721E-01
     7      7.1704799406E-02  -4.5498859028E-03  -4.6850440223E-01
     8     -4.0956308931E-02   4.5526630446E-02   3.5439541533E-01
     9     -7.6300348546E-01   1.5686471139E-01  -8.5829345192E-02
    10     -4.2025902752E-01   1.4838256412E-01  -1.2281855851E-02
    11      4.2165265063E-01  -7.7200790056E-02   2.0352474026E-02
    12      5.8136331717E-04  -9.4428702830E-05   4.8222999991E-05
    13      4.1246589504E-04   1.4564134416E-04  -1.4559232969E-06
    14     -2.3457693076E-04   3.6868841077E-04  -3.2659569946E-04
    15     -1.3715556054E-04   1.3617187183E-05  -3.0635786922E-05
    16     -1.0094263858E-04  -2.4211048978E-05   1.4447008501E-05
    17      7.4667552540E-05   4.1876187871E-05  -1.5099826717E-04

#
# The atoms: label  mass x y z (in bohrs)
#
$atoms
6
 C     12.01100     -0.014670276263     0.002208678035     1.723953513696
 H      1.00800     -0.075942463187     1.841003171409     2.686904942308
 H      1.00800      1.589158991545    -0.951378982945     2.536343271922
 H      1.00800     -1.577802511459    -0.857364016098     2.865005109485
 F     18.99800     -0.102715762073    -0.008636749352     6.229676378597
 Br    79.90000      0.027443071427     0.001314571697    -1.842437507433

$actual_temperature
  0.000000

$frequency_scale_factor
  1.000000


$end

