
$orca_hessian_file

$act_atom
  0

$act_coord
  0

$act_energy
      -12.695141

$multiplicity
  1

$hessian
18
                    0                  1                  2                  3                  4        
    0      5.4155479960E-01   2.9660000000E-07  -2.1397000000E-06  -4.1891894900E-02  -1.6048000000E-06
    1      2.9660000000E-07   5.4155455890E-01   1.4300000000E-06  -1.6636000000E-06  -3.0155399120E-01
    2     -2.1397000000E-06   1.4300000000E-06   6.0715833700E-02  -2.1700000000E-07  -6.1330810800E-02
    3     -4.1891894900E-02  -1.6636000000E-06  -2.1700000000E-07   4.3102598400E-02   1.7744000000E-06
    4     -1.6048000000E-06  -3.0155399120E-01  -6.1330810800E-02   1.7744000000E-06   3.3088086490E-01
    5     -3.0660000000E-07  -6.5846411000E-02  -2.8421132900E-02   4.0170000000E-07   6.4617391100E-02
    6     -2.3663218630E-01   1.1243473640E-01  -5.3112860200E-02  -6.8805600000E-04   9.0649110000E-04
    7      1.1243435780E-01  -1.0680324920E-01   3.0664534700E-02   2.5282597200E-02  -1.5809916700E-02
    8     -5.7022426100E-02   3.2922266300E-02  -2.8421178400E-02   4.9757228000E-03  -2.0870012000E-03
    9     -2.3663411710E-01  -1.1243337110E-01   5.3114853500E-02  -6.8837450000E-04  -9.0666930000E-04
   10     -1.1243306910E-01  -1.0680105630E-01   3.0664823700E-02  -2.5282691900E-02  -1.5809632400E-02
   11      5.7024291900E-02   3.2922457500E-02  -2.8421908700E-02  -4.9757305000E-03  -2.0869424000E-03
   12     -8.2516916000E-03   1.0200000000E-08   1.8970000000E-07  -1.4165130000E-04   6.6000000000E-09
   13      1.0100000000E-08  -8.2520406000E-03   1.5940000000E-07   2.3100000000E-08   7.3283420000E-04
   14      2.8090000000E-07   4.5000000000E-09   2.5440872200E-02  -6.6000000000E-08   1.2079035000E-03
   15     -1.8144909800E-02  -8.6000000000E-09   1.7370000000E-07   3.0737820000E-04   2.0000000000E-09
   16      9.4000000000E-09  -1.8144221600E-02  -1.3700000000E-07  -3.9100000000E-08   1.5598412000E-03
   17      2.9970000000E-07   2.5270000000E-07  -8.9248590000E-04  -1.1100000000E-07  -3.2054010000E-04
                    5                  6                  7                  8                  9        
    0     -3.0660000000E-07  -2.3663218630E-01   1.1243435780E-01  -5.7022426100E-02  -2.3663411710E-01
    1     -6.5846411000E-02   1.1243473640E-01  -1.0680324920E-01   3.2922266300E-02  -1.1243337110E-01
    2     -2.8421132900E-02  -5.3112860200E-02   3.0664534700E-02  -2.8421178400E-02   5.3114853500E-02
    3      4.0170000000E-07  -6.8805600000E-04   2.5282597200E-02   4.9757228000E-03  -6.8837450000E-04
    4      6.4617391100E-02   9.0649110000E-04  -1.5809916700E-02  -2.0870012000E-03  -9.0666930000E-04
    5      5.8731584300E-02   6.8054370000E-04   5.3529004000E-03   1.7668788000E-03  -6.8046860000E-04
    6      6.8054370000E-04   2.5893032710E-01  -1.2460815290E-01   5.5959224200E-02  -2.3370406300E-02
    7      5.3529004000E-03  -1.2460815290E-01   1.1504545910E-01  -3.2308197600E-02  -1.2188118700E-02
    8      1.7668788000E-03   5.5959224200E-02  -3.2308197600E-02   5.8731400600E-02   4.2952273000E-03
    9     -6.8046860000E-04  -2.3370406300E-02  -1.2188118700E-02   4.2952273000E-03   2.5893249990E-01
   10      5.3530821000E-03   1.2188410100E-02   6.8714419000E-03  -3.2656274000E-03   1.2460667300E-01
   11      1.7669123000E-03  -4.2950919000E-03  -3.2654985000E-03   1.7670439000E-03  -5.5961026900E-02
   12     -2.1400000000E-08   5.1397340000E-04  -3.7851520000E-04   4.5085581000E-03   5.1395050000E-04
   13      5.2062903000E-03  -3.7899420000E-04   7.6564000000E-05  -2.6031890000E-03   3.7896510000E-04
   14     -1.2851597200E-02   1.0459437000E-03  -6.0379920000E-04  -1.2851641500E-02  -1.0460971000E-03
   15     -1.4890000000E-07   1.2463480000E-03  -5.4216820000E-04  -1.2716306300E-02   1.2464475000E-03
   16     -1.4683252900E-02  -5.4249060000E-04   6.1970070000E-04   7.3417488000E-03   5.4252100000E-04
   17     -2.0992645300E-02  -2.7775960000E-04   1.6006010000E-04  -2.0992503300E-02   2.7751170000E-04
                   10                 11                 12                 13                 14        
    0     -1.1243306910E-01   5.7024291900E-02  -8.2516916000E-03   1.0100000000E-08   2.8090000000E-07
    1     -1.0680105630E-01   3.2922457500E-02   1.0200000000E-08  -8.2520406000E-03   4.5000000000E-09
    2      3.0664823700E-02  -2.8421908700E-02   1.8970000000E-07   1.5940000000E-07   2.5440872200E-02
    3     -2.5282691900E-02  -4.9757305000E-03  -1.4165130000E-04   2.3100000000E-08  -6.6000000000E-08
    4     -1.5809632400E-02  -2.0869424000E-03   6.6000000000E-09   7.3283420000E-04   1.2079035000E-03
    5      5.3530821000E-03   1.7669123000E-03  -2.1400000000E-08   5.2062903000E-03  -1.2851597200E-02
    6      1.2188410100E-02  -4.2950919000E-03   5.1397340000E-04  -3.7899420000E-04   1.0459437000E-03
    7      6.8714419000E-03  -3.2654985000E-03  -3.7851520000E-04   7.6564000000E-05  -6.0379920000E-04
    8     -3.2656274000E-03   1.7670439000E-03   4.5085581000E-03  -2.6031890000E-03  -1.2851641500E-02
    9      1.2460667300E-01  -5.5961026900E-02   5.1395050000E-04   3.7896510000E-04  -1.0460971000E-03
   10      1.1504299910E-01  -3.2308528200E-02   3.7850930000E-04   7.6559400000E-05  -6.0378950000E-04
   11     -3.2308528200E-02   5.8732107900E-02  -4.5086666000E-03  -2.6031148000E-03  -1.2851570200E-02
   12      3.7850930000E-04  -4.5086666000E-03   5.4760215000E-03  -7.9000000000E-09   5.6900000000E-08
   13      7.6559400000E-05  -2.6031148000E-03  -7.9000000000E-09   5.4764368000E-03  -1.3200000000E-07
   14     -6.0378950000E-04  -1.2851570200E-02   5.6900000000E-08  -1.3200000000E-07   3.3195328000E-02
   15      5.4216850000E-04   1.2716224100E-02   1.8893974000E-03   3.9000000000E-09  -1.1840000000E-07
   16      6.1968830000E-04   7.3416265000E-03  -3.1000000000E-09   1.8896463000E-03  -1.8740000000E-07
   17      1.6003930000E-04  -2.0992585200E-02  -1.1670000000E-07  -1.3900000000E-08  -2.0081391300E-02
                   15                 16                 17        
     0     -1.8144909800E-02   9.4000000000E-09   2.9970000000E-07
     1     -8.6000000000E-09  -1.8144221600E-02   2.5270000000E-07
     2      1.7370000000E-07  -1.3700000000E-07  -8.9248590000E-04
     3      3.0737820000E-04  -3.9100000000E-08  -1.1100000000E-07
     4      2.0000000000E-09   1.5598412000E-03  -3.2054010000E-04
     5     -1.4890000000E-07  -1.4683252900E-02  -2.0992645300E-02
     6      1.2463480000E-03  -5.4249060000E-04  -2.7775960000E-04
     7     -5.4216820000E-04   6.1970070000E-04   1.6006010000E-04
     8     -1.2716306300E-02   7.3417488000E-03  -2.0992503300E-02
     9      1.2464475000E-03   5.4252100000E-04   2.7751170000E-04
    10      5.4216850000E-04   6.1968830000E-04   1.6003930000E-04
    11      1.2716224100E-02   7.3416265000E-03  -2.0992585200E-02
    12      1.8893974000E-03  -3.1000000000E-09  -1.1670000000E-07
    13      3.9000000000E-09   1.8896463000E-03  -1.3900000000E-08
    14     -1.1840000000E-07  -1.8740000000E-07  -2.0081391300E-02
    15      1.3455338700E-02   2.5000000000E-09   1.7590000000E-07
    16      2.5000000000E-09   1.3455345100E-02   2.0200000000E-07
    17      1.7590000000E-07   2.0200000000E-07   8.3951611100E-02

$vibrational_frequencies
18
    0        0.0000000000000000
    1        0.0000000000000000
    2        0.0000000000000000
    3        0.0000000000000000
    4        0.0000000000000000
    5        0.0000000000000000
    6       66.9218891994433420
    7      200.2266489804265461
    8      200.2342416623395138
    9      261.3091872509656923
   10      994.4756295395058032
   11      994.4811656144476046
   12     1168.8309573980764071
   13     1405.0579707385663824
   14     1405.0622531551075554
   15     3087.1273974344153430
   16     3135.9893570681683741
   17     3136.0152369512352379

$normal_modes
18 18
                    0                  1                  2                  3                  4        
    0      0.0000000000E+00   0.0000000000E+00   0.0000000000E+00   0.0000000000E+00   0.0000000000E+00
    1      0.0000000000E+00   0.0000000000E+00   0.0000000000E+00   0.0000000000E+00   0.0000000000E+00
    2      0.0000000000E+00   0.0000000000E+00   0.0000000000E+00   0.0000000000E+00   0.0000000000E+00
    3      0.0000000000E+00   0.0000000000E+00   0.0000000000E+00   0.0000000000E+00   0.0000000000E+00
    4      0.0000000000E+00   0.0000000000E+00   0.0000000000E+00   0.0000000000E+00   0.0000000000E+00
    5      0.0000000000E+00   0.0000000000E+00   0.0000000000E+00   0.0000000000E+00   0.0000000000E+00
    6      0.0000000000E+00   0.0000000000E+00   0.0000000000E+00   0.0000000000E+00   0.0000000000E+00
    7      0.0000000000E+00   0.0000000000E+00   0.0000000000E+00   0.0000000000E+00   0.0000000000E+00
    8      0.0000000000E+00   0.0000000000E+00   0.0000000000E+00   0.0000000000E+00   0.0000000000E+00
    9      0.0000000000E+00   0.0000000000E+00   0.0000000000E+00   0.0000000000E+00   0.0000000000E+00
   10      0.0000000000E+00   0.0000000000E+00   0.0000000000E+00   0.0000000000E+00   0.0000000000E+00
   11      0.0000000000E+00   0.0000000000E+00   0.0000000000E+00   0.0000000000E+00   0.0000000000E+00
   12      0.0000000000E+00   0.0000000000E+00   0.0000000000E+00   0.0000000000E+00   0.0000000000E+00
   13      0.0000000000E+00   0.0000000000E+00   0.0000000000E+00   0.0000000000E+00   0.0000000000E+00
   14      0.0000000000E+00   0.0000000000E+00   0.0000000000E+00   0.0000000000E+00   0.0000000000E+00
   15      0.0000000000E+00   0.0000000000E+00   0.0000000000E+00   0.0000000000E+00   0.0000000000E+00
   16      0.0000000000E+00   0.0000000000E+00   0.0000000000E+00   0.0000000000E+00   0.0000000000E+00
   17      0.0000000000E+00   0.0000000000E+00   0.0000000000E+00   0.0000000000E+00   0.0000000000E+00
                    5                  6                  7                  8                  9        
    0      0.0000000000E+00  -1.1330721272E-05  -4.5715549598E-01  -5.6810135667E-03   3.0250341448E-06
    1      0.0000000000E+00  -1.4080990821E-05  -5.6809595216E-03   4.5716050526E-01  -8.5457908004E-06
    2      0.0000000000E+00  -7.9819604737E-01   4.8379095205E-06  -1.0915158903E-05  -5.8827156888E-01
    3      0.0000000000E+00  -8.2767716709E-06  -4.9772049194E-01  -6.1870826053E-03   5.4971490352E-06
    4      0.0000000000E+00  -1.1736284246E-01  -6.0995869481E-03   4.9089452223E-01  -5.4859945587E-02
    5      0.0000000000E+00  -1.4426315338E-01   1.4811683023E-03  -1.1898508088E-01  -2.6982947404E-01
    6      0.0000000000E+00  -1.0163704056E-01  -4.9263568872E-01  -3.1691201279E-03  -4.7497297416E-02
    7      0.0000000000E+00   5.8655599181E-02  -9.1224546747E-03   4.9597578223E-01   2.7416969392E-02
    8      0.0000000000E+00  -1.4427275656E-01   1.0230841440E-01   6.0769045988E-02  -2.6983770337E-01
    9      0.0000000000E+00   1.0161924461E-01  -4.9256394991E-01  -9.0716881578E-03   4.7507569397E-02
   10      0.0000000000E+00   5.8654882159E-02  -3.2056543781E-03   4.9604665476E-01   2.7416552446E-02
   11      0.0000000000E+00  -1.4427566018E-01  -1.0378401071E-01   5.8207611909E-02  -2.6983323681E-01
   12      0.0000000000E+00   4.3971643347E-06   1.8629113699E-01   2.3150153839E-03  -1.3923257554E-06
   13      0.0000000000E+00   5.9416267739E-06   2.3150024040E-03  -1.8629248758E-01   3.4479005103E-06
   14      0.0000000000E+00   5.0902862565E-01  -5.0422799059E-06   2.3205655786E-06  -6.0624421112E-01
   15      0.0000000000E+00   9.8669926455E-07   4.3135408426E-02   5.3603636675E-04  -3.2262282001E-07
   16      0.0000000000E+00   1.3645527677E-06   5.3602886998E-04  -4.3135800307E-02   7.9819045671E-07
   17      0.0000000000E+00   4.4165326355E-03   4.0135833811E-07   1.1953220465E-06   2.4279266276E-01
                   10                 11                 12                 13                 14        
    0     -2.3210086466E-03   7.4410088954E-02   3.8184442415E-08  -8.0441399537E-02  -3.5682589614E-03
    1     -7.4410408056E-02  -2.3210167429E-03   1.4600159807E-07   3.5681391817E-03  -8.0439395972E-02
    2      9.0714129517E-08  -3.1159320124E-07  -4.5942174037E-02   3.8642294932E-07  -6.1511139549E-07
    3      7.2746321334E-03  -2.3328305506E-01   1.0417296590E-06   7.5832740038E-01   3.3633976842E-02
    4      1.2053071351E-01   3.7606283916E-03  -1.2432658770E-01   4.5242187346E-03  -1.0209668804E-01
    5     -7.7026956985E-01  -2.4023244724E-02   5.6297245795E-01  -1.2195224234E-02   2.7489872396E-01
    6      5.3468500869E-02  -1.4719493304E-01  -1.0767616109E-01   9.6485735425E-02   3.7758248849E-01
    7      2.0662977891E-01  -4.2424580699E-02   6.2160552833E-02   3.4848179844E-01   5.5974356753E-01
    8      3.6432197610E-01   6.7908268889E-01   5.6298870842E-01   2.4414532601E-01  -1.2688339724E-01
    9     -4.4188861810E-02  -1.5024546754E-01   1.0767915221E-01   1.2952912793E-01  -3.6755290750E-01
   10      2.0358770438E-01   5.5220175311E-02   6.2161076869E-02  -3.9666957158E-01   5.2669706489E-01
   11      4.0593100637E-01  -6.5506257227E-01   5.6298482402E-01  -2.3195360896E-01  -1.4799650154E-01
   12     -2.3452192081E-04   7.5208266949E-03  -9.2628709958E-08   1.7933647887E-03   7.9493712808E-05
   13     -7.5213384227E-03  -2.3455901143E-04  -7.7830795953E-08  -7.9544946553E-05   1.7930208730E-03
   14      3.8335652938E-07   7.5747504250E-08  -2.4396205525E-02  -4.2719123365E-08  -1.0168795089E-07
   15      1.9582449242E-04  -6.2784856156E-03  -3.4593052927E-08  -7.5226153016E-04  -3.3350806823E-05
   16      6.2783431307E-03   1.9580990501E-04   5.9107241862E-08   3.3380951537E-05  -7.5250214604E-04
   17      1.0447430506E-07   6.8293101485E-08  -8.6003378395E-03  -3.6859541637E-09  -1.2084867500E-07
                   15                 16                 17        
     0      1.8943027228E-06   9.4977935698E-02  -2.6071130115E-03
     1     -2.9427581419E-05  -2.6070959795E-03  -9.4977261965E-02
     2      2.6672534916E-02  -1.1490371488E-06  -8.9449260387E-06
     3      3.4048564299E-07   4.0429523450E-02  -1.1049427075E-03
     4     -5.6512224535E-01   2.1705923516E-02   7.9049168229E-01
     5     -1.1591892340E-01   5.0597772933E-03   1.8428264676E-01
     6     -4.8975242188E-01  -5.9247192142E-01  -3.4355993798E-01
     7      2.8274248509E-01   3.6429949970E-01   1.5727976468E-01
     8     -1.1601073259E-01  -1.6208485650E-01  -8.7702880465E-02
     9      4.8972969975E-01  -5.7275936035E-01   3.7554036855E-01
    10      2.8272897338E-01  -3.5513052858E-01   1.7701976704E-01
    11     -1.1600800398E-01   1.5703924986E-01  -9.6463454976E-02
    12      3.2095350914E-08  -4.3871412942E-04   1.2050432549E-05
    13      1.7618700624E-07   1.2003698962E-05   4.3876195168E-04
    14      4.5405776017E-04  -3.8701931690E-09  -1.3170104486E-07
    15     -1.0031453846E-08   1.6957168239E-05  -4.6797871781E-07
    16     -2.3771604950E-08  -4.5194316659E-07  -1.6936793704E-05
    17      2.7197941242E-04  -5.1240629492E-09  -9.1392260202E-08

#
# The atoms: label  mass x y z (in bohrs)
#
$atoms
6
 C     12.01100     -0.000001295578     0.000000689898     2.050664624140
 H      1.00800     -0.000000963396     1.983576553240     2.503164544368
 H      1.00800      1.717826155364    -0.991786445013     2.503165052133
 H      1.00800     -1.717828276568    -0.991786557256     2.503164629884
 F     18.99800      0.000000450682    -0.000000240046     6.157910777124
 Br    79.90000      0.000000126513    -0.000000091431    -1.867185130470

$actual_temperature
  0.000000

$frequency_scale_factor
  1.000000


$end

