
$orca_hessian_file

$act_atom
  0

$act_coord
  0

$act_energy
      -12.696488

$multiplicity
  1

$hessian
18
                    0                  1                  2                  3                  4        
    0      5.5671781370E-01   2.8030000000E-07  -2.5498000000E-06  -4.2578688700E-02  -1.5405000000E-06
    1      2.8030000000E-07   5.5671686890E-01  -1.4300000000E-07  -1.6068000000E-06  -3.0982922160E-01
    2     -2.5498000000E-06  -1.4300000000E-07   1.3707188500E-02  -2.5900000000E-08  -4.0781184400E-02
    3     -4.2578688700E-02  -1.6068000000E-06  -2.5900000000E-08   4.2185298200E-02   1.7196000000E-06
    4     -1.5405000000E-06  -3.0982922160E-01  -4.0781184400E-02   1.7196000000E-06   3.3647751500E-01
    5     -1.2200000000E-07  -4.2658677100E-02  -1.7012866500E-02   2.5670000000E-07   4.2750679400E-02
    6     -2.4301006430E-01   1.1572053800E-01  -3.5316769300E-02  -3.3355700000E-05   1.9889040000E-04
    7      1.1572018970E-01  -1.0938664390E-01   2.0390523800E-02   2.4374988000E-02  -1.4222539900E-02
    8     -3.6941532600E-02   2.1328829900E-02  -1.7012898400E-02   3.5258378000E-03  -1.1405261000E-03
    9     -2.4301237210E-01  -1.1571921320E-01   3.5318849700E-02  -3.3646000000E-05  -1.9906200000E-04
   10     -1.1571894400E-01  -1.0938437120E-01   2.0391015100E-02  -2.4375085600E-02  -1.4222281600E-02
   11      3.6943420100E-02   2.1329243400E-02  -1.7013335500E-02  -3.5258526000E-03  -1.1404874000E-03
   12     -1.1475449200E-02   9.9000000000E-09   2.5210000000E-07   2.6709020000E-04   1.5000000000E-09
   13      7.5000000000E-09  -1.1475998900E-02  -8.3500000000E-08   2.9300000000E-08   9.6486880000E-04
   14      3.6430000000E-07   2.4630000000E-07   2.8955904300E-02  -8.0800000000E-08   1.4510338000E-03
   15     -1.6641239400E-02  -8.3000000000E-09   2.4320000000E-07   1.9330210000E-04  -9.0000000000E-09
   16      7.1000000000E-09  -1.6640633300E-02  -1.2800000000E-07  -4.4500000000E-08   8.3165930000E-04
   17      4.2000000000E-07   5.0050000000E-07   8.3760075000E-03  -1.3530000000E-07  -1.1395154000E-03
                    5                  6                  7                  8                  9        
    0     -1.2200000000E-07  -2.4301006430E-01   1.1572018970E-01  -3.6941532600E-02  -2.4301237210E-01
    1     -4.2658677100E-02   1.1572053800E-01  -1.0938664390E-01   2.1328829900E-02  -1.1571921320E-01
    2     -1.7012866500E-02  -3.5316769300E-02   2.0390523800E-02  -1.7012898400E-02   3.5318849700E-02
    3      2.5670000000E-07  -3.3355700000E-05   2.4374988000E-02   3.5258378000E-03  -3.3646000000E-05
    4      4.2750679400E-02   1.9889040000E-04  -1.4222539900E-02  -1.1405261000E-03  -1.9906200000E-04
    5      5.1179872900E-02   7.7540680000E-04   3.6241035000E-03   6.6830830000E-04  -7.7536810000E-04
    6      7.7540680000E-04   2.6289816140E-01  -1.2742891470E-01   3.7022429600E-02  -2.1316509200E-02
    7      3.6241035000E-03  -1.2742891470E-01   1.1575641750E-01  -2.1375188000E-02  -1.2088078300E-02
    8      6.6830830000E-04   3.7022429600E-02  -2.1375188000E-02   5.1179641000E-02   2.7506852000E-03
    9     -7.7536810000E-04  -2.1316509200E-02  -1.2088078300E-02   2.7506852000E-03   2.6290068060E-01
   10      3.6242811000E-03   1.2088360100E-02   7.0595791000E-03  -2.4834341000E-03   1.2742747460E-01
   11      6.6833240000E-04  -2.7505672000E-03  -2.4833206000E-03   6.6858150000E-04  -3.7024191400E-02
   12     -1.7500000000E-08   7.9010290000E-04  -3.0194650000E-04   6.2271031000E-03   7.9007140000E-04
   13      7.1908000000E-03  -3.0231510000E-04   4.4112500000E-04  -3.5953806000E-03   3.0228180000E-04
   14     -1.3705327700E-02   1.2565173000E-03  -7.2557370000E-04  -1.3705382400E-02  -1.2567064000E-03
   15     -1.5580000000E-07   6.7166490000E-04  -2.7623810000E-04  -1.2584523200E-02   6.7177530000E-04
   16     -1.4531186900E-02  -2.7655870000E-04   3.5206210000E-04   7.2656990000E-03   2.7659710000E-04
   17     -2.1798319500E-02  -9.8701730000E-04   5.6945500000E-04  -2.1798250100E-02   9.8673100000E-04
                   10                 11                 12                 13                 14        
    0     -1.1571894400E-01   3.6943420100E-02  -1.1475449200E-02   7.5000000000E-09   3.6430000000E-07
    1     -1.0938437120E-01   2.1329243400E-02   9.9000000000E-09  -1.1475998900E-02   2.4630000000E-07
    2      2.0391015100E-02  -1.7013335500E-02   2.5210000000E-07  -8.3500000000E-08   2.8955904300E-02
    3     -2.4375085600E-02  -3.5258526000E-03   2.6709020000E-04   2.9300000000E-08  -8.0800000000E-08
    4     -1.4222281600E-02  -1.1404874000E-03   1.5000000000E-09   9.6486880000E-04   1.4510338000E-03
    5      3.6242811000E-03   6.6833240000E-04  -1.7500000000E-08   7.1908000000E-03  -1.3705327700E-02
    6      1.2088360100E-02  -2.7505672000E-03   7.9010290000E-04  -3.0231510000E-04   1.2565173000E-03
    7      7.0595791000E-03  -2.4833206000E-03  -3.0194650000E-04   4.4112500000E-04  -7.2557370000E-04
    8     -2.4834341000E-03   6.6858150000E-04   6.2271031000E-03  -3.5953806000E-03  -1.3705382400E-02
    9      1.2742747460E-01  -3.7024191400E-02   7.9007140000E-04   3.0228180000E-04  -1.2567064000E-03
   10      1.1575389510E-01  -2.1375724100E-02   3.0194580000E-04   4.4112190000E-04  -7.2556320000E-04
   11     -2.1375724100E-02   5.1180087000E-02  -6.2272354000E-03  -3.5952887000E-03  -1.3705318700E-02
   12      3.0194580000E-04  -6.2272354000E-03   7.5143503000E-03  -7.9000000000E-09   3.9500000000E-08
   13      4.4112190000E-04  -3.5952887000E-03  -7.9000000000E-09   7.5147989000E-03  -2.4700000000E-08
   14     -7.2556320000E-04  -1.3705318700E-02   3.9500000000E-08  -2.4700000000E-08   3.3046558000E-02
   15      2.7624900000E-04   1.2584426400E-02   2.1138343000E-03   4.4000000000E-09  -1.3400000000E-07
   16      3.5205680000E-04   7.2655773000E-03  -2.8000000000E-09   2.1140843000E-03  -1.1860000000E-07
   17      5.6942520000E-04  -2.1798346700E-02  -1.4170000000E-07  -2.2600000000E-08  -2.0886433600E-02
                   15                 16                 17        
     0     -1.6641239400E-02   7.1000000000E-09   4.2000000000E-07
     1     -8.3000000000E-09  -1.6640633300E-02   5.0050000000E-07
     2      2.4320000000E-07  -1.2800000000E-07   8.3760075000E-03
     3      1.9330210000E-04  -4.4500000000E-08  -1.3530000000E-07
     4     -9.0000000000E-09   8.3165930000E-04  -1.1395154000E-03
     5     -1.5580000000E-07  -1.4531186900E-02  -2.1798319500E-02
     6      6.7166490000E-04  -2.7655870000E-04  -9.8701730000E-04
     7     -2.7623810000E-04   3.5206210000E-04   5.6945500000E-04
     8     -1.2584523200E-02   7.2656990000E-03  -2.1798250100E-02
     9      6.7177530000E-04   2.7659710000E-04   9.8673100000E-04
    10      2.7624900000E-04   3.5205680000E-04   5.6942520000E-04
    11      1.2584426400E-02   7.2655773000E-03  -2.1798346700E-02
    12      2.1138343000E-03  -2.8000000000E-09  -1.4170000000E-07
    13      4.4000000000E-09   2.1140843000E-03  -2.2600000000E-08
    14     -1.3400000000E-07  -1.1860000000E-07  -2.0886433600E-02
    15      1.2990662700E-02   2.0000000000E-09   1.4330000000E-07
    16      2.0000000000E-09   1.2990770900E-02   1.5730000000E-07
    17      1.4330000000E-07   1.5730000000E-07   7.7905342300E-02

$vibrational_frequencies
18
    0        0.0000000000000000
    1        0.0000000000000000
    2        0.0000000000000000
    3        0.0000000000000000
    4        0.0000000000000000
    5        0.0000000000000000
    6     -196.0625675985476448
    7      221.3585018600161618
    8      221.3654222743928131
    9      247.5151912433780410
   10     1049.7955069787219600
   11     1049.7984984465167599
   12     1131.6990451141452922
   13     1374.9215847650427804
   14     1374.9237781392212128
   15     3062.2689861429435041
   16     3132.1869497139878149
   17     3132.2114786973961600

$normal_modes
18 18
                    0                  1                  2                  3                  4        
    0      0.0000000000E+00   0.0000000000E+00   0.0000000000E+00   0.0000000000E+00   0.0000000000E+00
    1      0.0000000000E+00   0.0000000000E+00   0.0000000000E+00   0.0000000000E+00   0.0000000000E+00
    2      0.0000000000E+00   0.0000000000E+00   0.0000000000E+00   0.0000000000E+00   0.0000000000E+00
    3      0.0000000000E+00   0.0000000000E+00   0.0000000000E+00   0.0000000000E+00   0.0000000000E+00
    4      0.0000000000E+00   0.0000000000E+00   0.0000000000E+00   0.0000000000E+00   0.0000000000E+00
    5      0.0000000000E+00   0.0000000000E+00   0.0000000000E+00   0.0000000000E+00   0.0000000000E+00
    6      0.0000000000E+00   0.0000000000E+00   0.0000000000E+00   0.0000000000E+00   0.0000000000E+00
    7      0.0000000000E+00   0.0000000000E+00   0.0000000000E+00   0.0000000000E+00   0.0000000000E+00
    8      0.0000000000E+00   0.0000000000E+00   0.0000000000E+00   0.0000000000E+00   0.0000000000E+00
    9      0.0000000000E+00   0.0000000000E+00   0.0000000000E+00   0.0000000000E+00   0.0000000000E+00
   10      0.0000000000E+00   0.0000000000E+00   0.0000000000E+00   0.0000000000E+00   0.0000000000E+00
   11      0.0000000000E+00   0.0000000000E+00   0.0000000000E+00   0.0000000000E+00   0.0000000000E+00
   12      0.0000000000E+00   0.0000000000E+00   0.0000000000E+00   0.0000000000E+00   0.0000000000E+00
   13      0.0000000000E+00   0.0000000000E+00   0.0000000000E+00   0.0000000000E+00   0.0000000000E+00
   14      0.0000000000E+00   0.0000000000E+00   0.0000000000E+00   0.0000000000E+00   0.0000000000E+00
   15      0.0000000000E+00   0.0000000000E+00   0.0000000000E+00   0.0000000000E+00   0.0000000000E+00
   16      0.0000000000E+00   0.0000000000E+00   0.0000000000E+00   0.0000000000E+00   0.0000000000E+00
   17      0.0000000000E+00   0.0000000000E+00   0.0000000000E+00   0.0000000000E+00   0.0000000000E+00
                    5                  6                  7                  8                  9        
    0      0.0000000000E+00  -8.4876118463E-06   4.6868020777E-01   4.2072179902E-03   7.5646026836E-06
    1      0.0000000000E+00   9.6090837845E-07   4.2071867433E-03  -4.6868445297E-01  -2.3737539803E-05
    2      0.0000000000E+00  -8.9260561722E-01  -3.1567747621E-06   3.7243589673E-06  -4.2921223605E-01
    3      0.0000000000E+00  -3.7251855350E-06   5.0117725698E-01   4.5003062359E-03   9.5615066053E-06
    4      0.0000000000E+00  -9.3829992820E-02   4.3696077109E-03  -4.8681706321E-01  -1.9650308213E-02
    5      0.0000000000E+00  -9.4638940959E-02  -6.7801359879E-04   7.5341143722E-02  -2.2860093095E-01
    6      0.0000000000E+00  -8.1266017807E-02   4.9046099361E-01  -1.8147496082E-03  -1.6987295074E-02
    7      0.0000000000E+00   4.6922275793E-02   1.0689712780E-02  -4.9752907876E-01   9.7904286700E-03
    8      0.0000000000E+00  -9.4638158037E-02  -6.4912739692E-02  -3.8253567361E-02  -2.2860898584E-01
    9      0.0000000000E+00   8.1256487931E-02   4.9035019676E-01   1.0617781768E-02   1.7005511078E-02
   10      0.0000000000E+00   4.6921075300E-02  -1.7561299256E-03  -4.9763912471E-01   9.7899050824E-03
   11      0.0000000000E+00  -9.4637552091E-02   6.5587117630E-02  -3.7082098955E-02  -2.2860426517E-01
   12      0.0000000000E+00   3.1668327623E-06  -1.9401306592E-01  -1.7416016507E-03  -3.2502968653E-06
   13      0.0000000000E+00  -8.3841291468E-07  -1.7415964962E-03   1.9401423564E-01   9.6390286071E-06
   14      0.0000000000E+00   3.8447895642E-01   4.9806108988E-06   9.1930642255E-06  -7.6956220644E-01
   15      0.0000000000E+00   6.9014166114E-07  -4.3020051366E-02  -3.8617912668E-04  -7.1475636402E-07
   16      0.0000000000E+00  -1.1362253539E-07  -3.8617379009E-04   4.3020371273E-02   2.1592438232E-06
   17      0.0000000000E+00   4.6344691146E-02  -6.6384077855E-07  -2.8148227149E-06   2.5615408837E-01
                   10                 11                 12                 13                 14        
    0      3.3304126256E-03  -5.4686802455E-02  -1.7691781764E-07   7.1209791218E-03  -8.7524596377E-02
    1      5.4689391385E-02   3.3305707254E-03   2.1222640048E-07  -8.7521666626E-02  -7.1208099221E-03
    2     -4.2590354595E-07   1.7818967362E-07   3.5361514948E-02   2.8846108423E-07   4.9139013192E-07
    3     -1.1688992059E-02   1.9197138637E-01  -9.0882023352E-07  -6.2940582992E-02   7.7355591310E-01
    4     -7.5469952049E-02  -4.5972489931E-03   8.1144505700E-02  -8.0843211000E-02  -6.5819626620E-03
    5      7.8712691349E-01   4.7934646132E-02  -5.7099776553E-01   2.2860801086E-01   1.8597914995E-02
    6     -5.6829454229E-02   1.0152267719E-01   7.0275510116E-02   3.5915932725E-01   1.6285930260E-01
    7     -1.6594225148E-01   4.0526220599E-02  -4.0571791811E-02   5.2984705880E-01   4.1552700353E-01
    8     -3.5204820974E-01  -7.0563933560E-01  -5.7100833651E-01  -1.3040854558E-01   1.8864844724E-01
    9      4.4087469249E-02   1.0767327202E-01  -7.0278321355E-02  -3.8075716229E-01   1.0264999671E-01
   10     -1.5980174063E-01  -6.0363809874E-02  -4.0572365459E-02   5.9005521573E-01  -3.2440656359E-01
   11     -4.3507045158E-01   6.5771351568E-01  -5.7100018379E-01  -9.8192923341E-02  -2.0724941440E-01
   12      5.9468140253E-04  -9.7659909164E-03   7.5552623208E-08  -2.2045164054E-04   2.7089275393E-03
   13      9.7663351246E-03   5.9471698392E-04  -1.3636422181E-08   2.7088445069E-03   2.2037932017E-04
   14     -8.6429087067E-08  -1.7309793800E-07   2.7769311611E-02  -1.2725225191E-07  -6.4605408910E-08
   15     -3.3382876692E-04   5.4818623960E-03   5.5562336677E-08   4.8470405673E-05  -5.9554458586E-04
   16     -5.4817454181E-03  -3.3381228121E-04  -3.3056368205E-08  -5.9588768629E-04  -4.8479392279E-05
   17     -1.9532966600E-08  -9.6978027581E-08   9.6923879613E-03  -9.5637589541E-08  -2.0001623576E-08
                   15                 16                 17        
     0     -1.4241572355E-06   9.6890901632E-02  -2.7521980532E-03
     1      2.1878697684E-05  -2.7521859813E-03  -9.6890231564E-02
     2     -1.7399569339E-02  -7.6640778767E-07  -4.1324112739E-06
     3     -2.9471169589E-07   3.8956108316E-02  -1.1018071736E-03
     4      5.7193740623E-01   2.2799155827E-02   8.0248818497E-01
     5      7.6829952371E-02   3.4329964080E-03   1.2084297408E-01
     6      4.9556763866E-01  -6.0235154927E-01  -3.4735614265E-01
     7     -2.8610371068E-01   3.6915612104E-01   1.6094713134E-01
     8      7.6874595939E-02  -1.0635074732E-01  -5.7421020866E-02
     9     -4.9555054181E-01  -5.8168504245E-01   3.8098418769E-01
    10     -2.8609349955E-01  -3.5942957314E-01   1.8163469151E-01
    11      7.6875036614E-02   1.0292686267E-01  -6.3366966578E-02
    12     -3.2699392133E-08  -5.0529778533E-04   1.4367068332E-05
    13     -1.2862306093E-07   1.4319059372E-05   5.0534823788E-04
    14     -1.7412821944E-04   7.7722655676E-09  -3.8088321620E-08
    15      9.8900744947E-09   1.0532551619E-06  -3.4324339920E-08
    16      1.9286138617E-08  -1.7985228470E-08  -1.0338221377E-06
    17     -2.5193875296E-04  -1.5892969399E-09  -6.3435942856E-08

#
# The atoms: label  mass x y z (in bohrs)
#
$atoms
6
 C     12.01100     -0.000000884634     0.000001452024     2.177383465578
 H      1.00800     -0.000000644037     2.013966767982     2.462899873139
 H      1.00800      1.744144771471    -1.006980212181     2.462900271202
 H      1.00800     -1.744146067204    -1.006980216604     2.462900092767
 F     18.99800      0.000000249402    -0.000000453881     6.139408525746
 Br    79.90000      0.000000098154    -0.000000190330    -1.880310961404

$actual_temperature
  0.000000

$frequency_scale_factor
  1.000000


$end

