
$orca_hessian_file

$act_atom
  0

$act_coord
  0

$act_energy
      -12.695692

$multiplicity
  1

$hessian
18
                    0                  1                  2                  3                  4        
    0      5.3800601450E-01   1.5430000000E-07  -1.8562000000E-06  -4.5012868100E-02  -1.2789000000E-06
    1      1.5430000000E-07   5.3800439230E-01  -1.7312000000E-06  -1.2727000000E-06  -2.9234764910E-01
    2     -1.8562000000E-06  -1.7312000000E-06  -3.0476797000E-03   1.5280000000E-07   1.0445371200E-02
    3     -4.5012868100E-02  -1.2727000000E-06   1.5280000000E-07   4.2327822100E-02   1.4311000000E-06
    4     -1.2789000000E-06  -2.9234764910E-01   1.0445371200E-02   1.4311000000E-06   3.1639856280E-01
    5      1.8720000000E-07   1.4266117700E-02  -1.2321860400E-02  -1.8800000000E-08  -8.8451115000E-03
    6     -2.3050641360E-01   1.0709769840E-01   9.0458761000E-03   8.7747770000E-04  -3.7581150000E-04
    7      1.0709599430E-01  -1.0683975630E-01  -5.2220735000E-03   2.3931368800E-02  -1.2723158300E-02
    8      1.2355990200E-02  -7.1326568000E-03  -1.2321973000E-02   5.9772900000E-05   6.9928230000E-04
    9     -2.3050898440E-01  -1.0709658080E-01  -9.0444525000E-03   8.7720130000E-04   3.7567830000E-04
   10     -1.0709487410E-01  -1.0683760140E-01  -5.2212386000E-03  -2.3931512900E-02  -1.2722920000E-02
   11     -1.2354567400E-02  -7.1318361000E-03  -1.2321757800E-02  -5.9769400000E-05   6.9928020000E-04
   12     -1.8201578300E-02   9.8000000000E-09   1.5860000000E-07   1.0917552000E-03   8.0000000000E-10
   13      2.1000000000E-09  -1.8202987100E-02  -1.3110000000E-07   4.0300000000E-08   2.0279221000E-03
   14      1.6240000000E-07   2.0140000000E-07   2.6623322700E-02  -4.5100000000E-08   4.7661500000E-04
   15     -1.3776170200E-02  -8.9000000000E-09   1.2130000000E-07  -1.6138830000E-04  -1.9800000000E-08
   16      2.4000000000E-09  -1.3776398500E-02  -1.9660000000E-07  -5.4500000000E-08  -6.3275760000E-04
   17      8.3700000000E-08  -9.5200000000E-08   1.3389948100E-02  -9.2400000000E-08  -3.4754370000E-03
                    5                  6                  7                  8                  9        
    0      1.8720000000E-07  -2.3050641360E-01   1.0709599430E-01   1.2355990200E-02  -2.3050898440E-01
    1      1.4266117700E-02   1.0709769840E-01  -1.0683975630E-01  -7.1326568000E-03  -1.0709658080E-01
    2     -1.2321860400E-02   9.0458761000E-03  -5.2220735000E-03  -1.2321973000E-02  -9.0444525000E-03
    3     -1.8800000000E-08   8.7747770000E-04   2.3931368800E-02   5.9772900000E-05   8.7720130000E-04
    4     -8.8451115000E-03  -3.7581150000E-04  -1.2723158300E-02   6.9928230000E-04   3.7567830000E-04
    5      4.9501983700E-02   6.3569200000E-04  -2.9746120000E-04  -2.7613520000E-04  -6.3569670000E-04
    6      6.3569200000E-04   2.4787386850E-01  -1.1867366470E-01  -7.6600088000E-03  -1.9522959600E-02
    7     -2.9746120000E-04  -1.1867366470E-01   1.1084220900E-01   4.4220713000E-03  -1.2152963700E-02
    8     -2.7613520000E-04  -7.6600088000E-03   4.4220713000E-03   4.9501603400E-02  -5.7555420000E-04
    9     -6.3569670000E-04  -1.9522959600E-02  -1.2152963700E-02  -5.7555420000E-04   2.4787664730E-01
   10     -2.9728840000E-04   1.2153233600E-02   7.6749072000E-03  -4.0198170000E-04   1.1867239850E-01
   11     -2.7613580000E-04   5.7568580000E-04  -4.0190150000E-04  -2.7573800000E-04   7.6586957000E-03
   12      4.5000000000E-09   1.7933741000E-03  -4.0504910000E-04   8.7034772000E-03   1.7933283000E-03
   13      1.0050472000E-02  -4.0542110000E-04   1.3255326000E-03  -5.0251984000E-03   4.0538110000E-04
   14     -1.1431002100E-02   4.1268500000E-04  -2.3850880000E-04  -1.1430973200E-02  -4.1277120000E-04
   15     -1.6820000000E-07  -5.1534710000E-04   2.0431450000E-04  -1.2883677400E-02  -5.1523300000E-04
   16     -1.4876728700E-02   2.0396540000E-04  -2.7973430000E-04   7.4384832000E-03  -2.0391350000E-04
   17     -2.5196850200E-02  -3.0099301000E-03   1.7378737000E-03  -2.5196784100E-02   3.0097790000E-03
                   10                 11                 12                 13                 14        
    0     -1.0709487410E-01  -1.2354567400E-02  -1.8201578300E-02   2.1000000000E-09   1.6240000000E-07
    1     -1.0683760140E-01  -7.1318361000E-03   9.8000000000E-09  -1.8202987100E-02   2.0140000000E-07
    2     -5.2212386000E-03  -1.2321757800E-02   1.5860000000E-07  -1.3110000000E-07   2.6623322700E-02
    3     -2.3931512900E-02  -5.9769400000E-05   1.0917552000E-03   4.0300000000E-08  -4.5100000000E-08
    4     -1.2722920000E-02   6.9928020000E-04   8.0000000000E-10   2.0279221000E-03   4.7661500000E-04
    5     -2.9728840000E-04  -2.7613580000E-04   4.5000000000E-09   1.0050472000E-02  -1.1431002100E-02
    6      1.2153233600E-02   5.7568580000E-04   1.7933741000E-03  -4.0542110000E-04   4.1268500000E-04
    7      7.6749072000E-03  -4.0190150000E-04  -4.0504910000E-04   1.3255326000E-03  -2.3850880000E-04
    8     -4.0198170000E-04  -2.7573800000E-04   8.7034772000E-03  -5.0251984000E-03  -1.1430973200E-02
    9      1.1867239850E-01   7.6586957000E-03   1.7933283000E-03   4.0538110000E-04  -4.1277120000E-04
   10      1.1083981230E-01   4.4211764000E-03   4.0504890000E-04   1.3255286000E-03  -2.3849790000E-04
   11      4.4211764000E-03   4.9501453300E-02  -8.7036184000E-03  -5.0250833000E-03  -1.1430918700E-02
   12      4.0504890000E-04  -8.7036184000E-03   1.1205905400E-02  -7.2000000000E-09   6.8500000000E-08
   13      1.3255286000E-03  -5.0250833000E-03  -7.2000000000E-09   1.1206546900E-02   1.3260000000E-07
   14     -2.3849790000E-04  -1.1430918700E-02   6.8500000000E-08   1.3260000000E-07   3.1821923100E-02
   15     -2.0429400000E-04   1.2883573700E-02   2.3172154000E-03   4.9000000000E-09  -9.9600000000E-08
   16     -2.7972680000E-04   7.4383643000E-03  -3.1000000000E-09   2.3174567000E-03   5.7600000000E-08
   17      1.7378301000E-03  -2.5196903000E-02  -9.0400000000E-08  -1.9190000000E-07  -2.4152351800E-02
                   15                 16                 17        
     0     -1.3776170200E-02   2.4000000000E-09   8.3700000000E-08
     1     -8.9000000000E-09  -1.3776398500E-02  -9.5200000000E-08
     2      1.2130000000E-07  -1.9660000000E-07   1.3389948100E-02
     3     -1.6138830000E-04  -5.4500000000E-08  -9.2400000000E-08
     4     -1.9800000000E-08  -6.3275760000E-04  -3.4754370000E-03
     5     -1.6820000000E-07  -1.4876728700E-02  -2.5196850200E-02
     6     -5.1534710000E-04   2.0396540000E-04  -3.0099301000E-03
     7      2.0431450000E-04  -2.7973430000E-04   1.7378737000E-03
     8     -1.2883677400E-02   7.4384832000E-03  -2.5196784100E-02
     9     -5.1523300000E-04  -2.0391350000E-04   3.0097790000E-03
    10     -2.0429400000E-04  -2.7972680000E-04   1.7378301000E-03
    11      1.2883573700E-02   7.4383643000E-03  -2.5196903000E-02
    12      2.3172154000E-03  -3.1000000000E-09  -9.0400000000E-08
    13      4.9000000000E-09   2.3174567000E-03  -1.9190000000E-07
    14     -9.9600000000E-08   5.7600000000E-08  -2.4152351800E-02
    15      1.2650923200E-02   3.3000000000E-09   2.5020000000E-07
    16      3.3000000000E-09   1.2651160400E-02   2.0200000000E-08
    17      2.5020000000E-07   2.0200000000E-08   8.6352941000E-02

$vibrational_frequencies
18
    0        0.0000000000000000
    1        0.0000000000000000
    2        0.0000000000000000
    3        0.0000000000000000
    4        0.0000000000000000
    5        0.0000000000000000
    6     -207.0027632161776410
    7      247.7242462922859829
    8      247.7311143623070109
    9      250.4419786308660036
   10     1140.8780893413857029
   11     1140.8885127856267445
   12     1149.7386299354054700
   13     1358.8073936965524808
   14     1358.8571418950725729
   15     2935.6837122182910207
   16     3016.4847704719782087
   17     3016.5104877780645438

$normal_modes
18 18
                    0                  1                  2                  3                  4        
    0      0.0000000000E+00   0.0000000000E+00   0.0000000000E+00   0.0000000000E+00   0.0000000000E+00
    1      0.0000000000E+00   0.0000000000E+00   0.0000000000E+00   0.0000000000E+00   0.0000000000E+00
    2      0.0000000000E+00   0.0000000000E+00   0.0000000000E+00   0.0000000000E+00   0.0000000000E+00
    3      0.0000000000E+00   0.0000000000E+00   0.0000000000E+00   0.0000000000E+00   0.0000000000E+00
    4      0.0000000000E+00   0.0000000000E+00   0.0000000000E+00   0.0000000000E+00   0.0000000000E+00
    5      0.0000000000E+00   0.0000000000E+00   0.0000000000E+00   0.0000000000E+00   0.0000000000E+00
    6      0.0000000000E+00   0.0000000000E+00   0.0000000000E+00   0.0000000000E+00   0.0000000000E+00
    7      0.0000000000E+00   0.0000000000E+00   0.0000000000E+00   0.0000000000E+00   0.0000000000E+00
    8      0.0000000000E+00   0.0000000000E+00   0.0000000000E+00   0.0000000000E+00   0.0000000000E+00
    9      0.0000000000E+00   0.0000000000E+00   0.0000000000E+00   0.0000000000E+00   0.0000000000E+00
   10      0.0000000000E+00   0.0000000000E+00   0.0000000000E+00   0.0000000000E+00   0.0000000000E+00
   11      0.0000000000E+00   0.0000000000E+00   0.0000000000E+00   0.0000000000E+00   0.0000000000E+00
   12      0.0000000000E+00   0.0000000000E+00   0.0000000000E+00   0.0000000000E+00   0.0000000000E+00
   13      0.0000000000E+00   0.0000000000E+00   0.0000000000E+00   0.0000000000E+00   0.0000000000E+00
   14      0.0000000000E+00   0.0000000000E+00   0.0000000000E+00   0.0000000000E+00   0.0000000000E+00
   15      0.0000000000E+00   0.0000000000E+00   0.0000000000E+00   0.0000000000E+00   0.0000000000E+00
   16      0.0000000000E+00   0.0000000000E+00   0.0000000000E+00   0.0000000000E+00   0.0000000000E+00
   17      0.0000000000E+00   0.0000000000E+00   0.0000000000E+00   0.0000000000E+00   0.0000000000E+00
                    5                  6                  7                  8                  9        
    0      0.0000000000E+00  -3.6228847629E-06   4.7384915086E-01  -1.8218659976E-03   1.7772340020E-06
    1      0.0000000000E+00   5.1481911163E-06   1.8218669775E-03   4.7384978130E-01   1.8822008209E-04
    2      0.0000000000E+00  -9.1398567304E-01  -1.4623043284E-06   3.6467217515E-05  -3.8905664310E-01
    3      0.0000000000E+00  -1.0675146063E-06   5.0542721841E-01  -1.9440943388E-03   2.4418310627E-06
    4      0.0000000000E+00   2.6541622451E-02   1.8542826181E-03   4.8231995204E-01   1.2947697584E-02
    5      0.0000000000E+00  -1.1058070363E-01  -6.5838029386E-05  -1.6643516089E-02  -1.6358461332E-01
    6      0.0000000000E+00   2.2980997133E-02   4.8813353338E-01   8.1265652201E-03   1.1052923488E-02
    7      0.0000000000E+00  -1.3255390161E-02   1.1927044491E-02   4.9961051725E-01  -6.1804721444E-03
    8      0.0000000000E+00  -1.1058305454E-01  -1.4401601447E-02   8.4006316281E-03  -1.6357550762E-01
    9      0.0000000000E+00  -2.2982900208E-02   4.8805654114E-01  -1.1879104603E-02  -1.1047891408E-02
   10      0.0000000000E+00  -1.3255256281E-02  -8.0847867335E-03   4.9968665173E-01  -6.1803873126E-03
   11      0.0000000000E+00  -1.1058177379E-01   1.4462616060E-02   8.2901168289E-03  -1.6357333515E-01
   12      0.0000000000E+00   1.3430184875E-06  -2.0289899318E-01   7.8010737382E-04  -8.2777043533E-07
   13      0.0000000000E+00  -2.5579617712E-06  -7.8011377849E-04  -2.0289909038E-01  -8.0563505766E-05
   14      0.0000000000E+00   3.4989144534E-01   1.8095575470E-06   6.8150499240E-05  -8.3576054428E-01
   15      0.0000000000E+00   2.6275541338E-07  -4.1679565831E-02   1.6025230789E-04  -1.6463176216E-07
   16      0.0000000000E+00  -5.5647788450E-07  -1.6024975471E-04  -4.1679635322E-02  -1.6541911834E-05
   17      0.0000000000E+00   5.8386029242E-02  -1.4958989521E-07  -2.2282117164E-05   2.6339671445E-01
                   10                 11                 12                 13                 14        
    0     -3.4445753915E-04  -3.7447422360E-06   9.2339238198E-08   2.1631727249E-04   9.9987335465E-02
    1     -3.8245768582E-06   3.4773184459E-04   2.0981455628E-06  -9.9987476416E-02   2.1632616064E-04
    2     -9.2017752305E-07  -1.0015705905E-06   3.5654980478E-02   1.2244655825E-06  -3.2027699732E-07
    3     -4.0321043817E-02  -4.3540850437E-04  -2.9551361009E-06  -1.7558543354E-03  -8.0946370669E-01
    4     -3.5804625345E-04   3.3099435100E-02  -1.6676871184E-02  -5.7857488302E-02   1.2982044639E-04
    5     -8.8117059733E-03   8.1471804553E-01  -5.7653541838E-01  -3.7615066617E-02   8.4150416683E-05
    6     -3.4937866584E-02   2.7355241210E-03  -1.4451644148E-02   3.7521493611E-01  -1.5978640923E-01
    7     -3.5459385234E-03   3.8456373122E-02   8.3306975476E-03   5.9182166012E-01  -3.7684703916E-01
    8     -7.0111895033E-01  -4.1497597978E-01  -5.7659713116E-01   1.8862191878E-02   3.2558475268E-02
    9     -3.4866182612E-02  -3.4929755827E-03   1.4445751020E-02  -3.7589831003E-01  -1.5815381179E-01
   10      2.7114269994E-03   3.8521808239E-02   8.3307074423E-03   5.9345471570E-01   3.7427812674E-01
   11      7.0997887211E-01  -3.9968580020E-01  -5.7655660650E-01   1.8723575021E-02  -3.2639107799E-02
   12     -1.3445207926E-02  -1.4569531472E-04  -2.5912672334E-07  -3.9741588854E-06  -1.8255249639E-03
   13     -1.4567605130E-04   1.3445443081E-02   2.8239962049E-07   1.8259042475E-03  -3.9203848655E-06
   14     -5.8243957805E-07  -7.9402949338E-07   2.2238693484E-02   6.4233133479E-08   1.6004763655E-08
   15      4.6379904060E-03   5.0254074266E-05   1.5935985814E-07  -8.0029543068E-07  -3.7350943527E-04
   16      5.0257682790E-05  -4.6379395774E-03  -1.8743342423E-07   3.7325171103E-04  -8.1613677780E-07
   17     -3.3146561819E-07  -3.7047368066E-07   1.1173767208E-02   1.7029736359E-07  -4.0553738567E-11
                   15                 16                 17        
     0     -6.2707584705E-07   9.8265880947E-02   1.5384610257E-03
     1      2.0695916638E-05  -1.5384666313E-03   9.8265435957E-02
     2      4.7605037434E-03  -2.8266498202E-07  -1.3624582312E-06
     3     -2.3381570089E-07   3.9906952722E-02   6.2031446497E-04
     4      5.7695765159E-01   1.2697046592E-02  -8.1101906912E-01
     5     -1.5555642454E-02  -4.8144403321E-04   3.0745032206E-02
     6      4.9989857562E-01  -6.0394272844E-01   3.5892169061E-01
     7     -2.8860324083E-01   3.7110614496E-01  -1.6695253645E-01
     8     -1.5565213621E-02   2.6863931794E-02  -1.4949934901E-02
     9     -4.9989109163E-01  -5.9242571772E-01  -3.7764785897E-01
    10     -2.8859864998E-01  -3.6569763915E-01  -1.7848044873E-01
    11     -1.5561440348E-02  -2.6379067275E-02  -1.5780721876E-02
    12     -3.3584044597E-08  -5.7050323701E-04  -8.9602262546E-06
    13     -1.3036602145E-07   8.9102704683E-06  -5.7060543651E-04
    14      2.4173252812E-04   3.3206036696E-09  -5.1685032991E-08
    15      1.0784243850E-08  -4.6556823171E-05  -7.2000349866E-07
    16      1.1409930204E-09   7.3652777428E-07  -4.6584711708E-05
    17     -1.8416883901E-04  -1.4498781759E-09   3.5744251277E-08

#
# The atoms: label  mass x y z (in bohrs)
#
$atoms
6
 C     12.01100     -0.000000479294    -0.000000336277     2.404538817788
 H      1.00800     -0.000000357232     2.050423682911     2.302199521506
 H      1.00800      1.775719460909    -1.025212025655     2.302199208755
 H      1.00800     -1.775720135895    -1.025212002862     2.302199120205
 F     18.99800      0.000000121083     0.000000222427     6.095322811577
 Br    79.90000      0.000000056282     0.000000002024    -1.897893731515

$actual_temperature
  0.000000

$frequency_scale_factor
  1.000000


$end

