*************************************************
******************* ORCA 6.1.0 ******************
*************************************************
$Calculation_Status
   &GeometryIndex 0
   &version [&Type "String"] "6.1.0"
   &progName [&Type "String"] "orca"
   &Status [&Type "String"] "NORMAL TERMINATION"
$End
$Geometry
   &GeometryIndex 1
   &NAtoms [&Type "Integer"] 6
   &NCorelessECP [&Type "Integer"] 0
   &NGhostAtoms [&Type "Integer"] 0
   &CartesianCoordinates [&Type "Coordinates", &Dim(6,4), &Units "Bohr"] 
              C      0.000000000000    0.000000000000    0.320195196132
              H      0.000000000000    2.050352855305    0.000000000000
              H      1.775658485025   -1.025176427652    0.000000000000
              H     -1.775658485025   -1.025176427652    0.000000000000
              F      0.000000000000    0.000000000000    3.918989645571
              Br     0.000000000000    0.000000000000   -4.079087243637
$End
$Single_Point_Data
   &GeometryIndex 1
   &FinalEnergy [&Type "Double"]      -1.2690604948110000e+01  "Final single point energy"
   &Converged [&Type "Boolean"] true
$End
$Hessian
   &GeometryIndex 1
   &HESSIAN [&Type "ArrayOfDoubles", &Dim (18,18)] "The Hessian"
                                                         0                           1                           2                           3                           4                           5                           6                           7

0                                      4.9870637620000002e-01         2.4000000000000000e-09        -1.6704999999999999e-06        -4.6619868400000000e-02        -1.0301999999999999e-06         3.0190000000000002e-07        -2.0940901379999999e-01         9.3987579500000001e-02
1                                      2.4000000000000000e-09         4.9870430259999998e-01        -2.4806999999999998e-06        -9.9270000000000004e-07        -2.6368149110000000e-01         3.9848511000000003e-02         9.3989785600000000e-02        -1.0087832800000000e-01
2                                     -1.6704999999999999e-06        -2.4806999999999998e-06         1.9425195400000001e-02         2.5750000000000002e-07         3.2301760200000001e-02        -1.9197130699999999e-02         2.7973671100000000e-02        -1.6150288700000001e-02
3                                     -4.6619868400000000e-02        -9.9270000000000004e-07         2.5750000000000002e-07         4.3560030000000000e-02         1.1871000000000000e-06        -1.1180000000000000e-07         9.2085850000000005e-04         2.4617712100000001e-02
4                                     -1.0301999999999999e-06        -2.6368149110000000e-01         3.2301760200000001e-02         1.1871000000000000e-06         2.8847617800000003e-01        -3.0004480399999998e-02        -1.3601790000000000e-04        -1.3214111200000000e-02
5                                      3.0190000000000002e-07         3.9848511000000003e-02        -1.9197130699999999e-02        -1.1180000000000000e-07        -3.0004480399999998e-02         5.5489669499999998e-02         6.2105999999999999e-04        -2.3760309000000002e-03
6                                     -2.0940901379999999e-01         9.3989785600000000e-02         2.7973671100000000e-02         9.2085850000000005e-04        -1.3601790000000000e-04         6.2105999999999999e-04         2.2724070709999999e-01        -1.0605012050000000e-01
7                                      9.3987579500000001e-02        -1.0087832800000000e-01        -1.6150288700000001e-02         2.4617712100000001e-02        -1.3214111200000000e-02        -2.3760309000000002e-03        -1.0605012050000000e-01         1.0478578049999999e-01
8                                      3.4510356700000001e-02        -1.9923486399999999e-02        -1.9197228199999999e-02        -1.7475860000000000e-03         1.7259981999999999e-03        -1.2972810000000000e-04        -2.5984103200000001e-02         1.5001594300000001e-02
9                                     -2.0941140740000000e-01        -9.3988791700000004e-02        -2.7972532700000000e-02         9.2059390000000002e-04         1.3588399999999999e-04        -6.2108740000000001e-04        -2.0281253900000001e-02        -1.2375991200000000e-02
10                                    -9.3986549300000000e-02        -1.0087636710000000e-01        -1.6149342899999999e-02        -2.4617885999999999e-02        -1.3213864600000000e-02        -2.3758540000000002e-03         1.2376282600000000e-02         7.9854152999999997e-03
11                                    -3.4509240900000002e-02        -1.9922512400000002e-02        -1.9196753399999999e-02         1.7476006000000000e-03         1.7259776000000001e-03        -1.2974079999999999e-04         2.3684982000000002e-03         6.4993699999999995e-04
12                                    -2.1608049200000000e-02         7.6999999999999995e-09         1.7149999999999999e-07         1.7118184000000001e-03         3.7000000000000000e-09         1.4899999999999999e-08         2.8687294000000001e-03        -6.6791799999999998e-04
13                                    -1.5000000000000000e-09        -2.1609465500000001e-02         2.7799999999999997e-07         4.1000000000000003e-08         3.2550758999999999e-03         1.0066022600000000e-02        -6.6837739999999997e-04         2.0971458000000002e-03
14                                     1.7170000000000001e-07         1.2370000000000000e-07         2.6309368900000001e-02        -4.4799999999999997e-08        -6.8586039999999997e-04        -8.5869261999999991e-03        -5.9391670000000002e-04         3.4285540000000001e-04
15                                    -1.1658037499999999e-02        -1.1400000000000000e-08         1.0310000000000000e-07        -4.9343249999999998e-04        -2.6600000000000000e-08        -1.7749999999999999e-07        -1.3400273000000000e-03         4.8873809999999999e-04
16                                    -8.9999999999999999e-10        -1.1658650899999999e-02         7.4099999999999995e-08        -6.1399999999999994e-08        -1.6217870000000000e-03        -1.5158168200000001e-02         4.8844769999999995e-04        -7.7590229999999997e-04
17                                     8.1100000000000005e-08        -1.5510000000000001e-07         1.1856548099999999e-02        -1.1550000000000000e-07        -5.0633950999999996e-03        -2.7446143700000002e-02        -4.3852094000000003e-03         2.5319328000000000e-03
                                                         8                           9                          10                          11                          12                          13                          14                          15

0                                      3.4510356700000001e-02        -2.0941140740000000e-01        -9.3986549300000000e-02        -3.4509240900000002e-02        -2.1608049200000000e-02        -1.5000000000000000e-09         1.7170000000000001e-07        -1.1658037499999999e-02
1                                     -1.9923486399999999e-02        -9.3988791700000004e-02        -1.0087636710000000e-01        -1.9922512400000002e-02         7.6999999999999995e-09        -2.1609465500000001e-02         1.2370000000000000e-07        -1.1400000000000000e-08
2                                     -1.9197228199999999e-02        -2.7972532700000000e-02        -1.6149342899999999e-02        -1.9196753399999999e-02         1.7149999999999999e-07         2.7799999999999997e-07         2.6309368900000001e-02         1.0310000000000000e-07
3                                     -1.7475860000000000e-03         9.2059390000000002e-04        -2.4617885999999999e-02         1.7476006000000000e-03         1.7118184000000001e-03         4.1000000000000003e-08        -4.4799999999999997e-08        -4.9343249999999998e-04
4                                      1.7259981999999999e-03         1.3588399999999999e-04        -1.3213864600000000e-02         1.7259776000000001e-03         3.7000000000000000e-09         3.2550758999999999e-03        -6.8586039999999997e-04        -2.6600000000000000e-08
5                                     -1.2972810000000000e-04        -6.2108740000000001e-04        -2.3758540000000002e-03        -1.2974079999999999e-04         1.4899999999999999e-08         1.0066022600000000e-02        -8.5869261999999991e-03        -1.7749999999999999e-07
6                                     -2.5984103200000001e-02        -2.0281253900000001e-02         1.2376282600000000e-02         2.3684982000000002e-03         2.8687294000000001e-03        -6.6837739999999997e-04        -5.9391670000000002e-04        -1.3400273000000000e-03
7                                      1.5001594300000001e-02        -1.2375991200000000e-02         7.9854152999999997e-03         6.4993699999999995e-04        -6.6791799999999998e-04         2.0971458000000002e-03         3.4285540000000001e-04         4.8873809999999999e-04
8                                      5.5489281500000001e-02        -2.3683513000000000e-03         6.4987260000000000e-04        -1.2936609999999999e-04         8.7170279000000003e-03        -5.0331031000000002e-03        -8.5869003999999999e-03        -1.3127344200000000e-02
9                                     -2.3683513000000000e-03         2.2724328720000000e-01         1.0604895010000000e-01         2.5983062200000000e-02         2.8686903999999998e-03         6.6833729999999996e-04         5.9384949999999998e-04        -1.3399102000000000e-03
10                                     6.4987260000000000e-04         1.0604895010000000e-01         1.0478356910000000e-01         1.5000580499999999e-02         6.6791419999999999e-04         2.0971361999999999e-03         3.4285600000000000e-04        -4.8871150000000003e-04
11                                    -1.2936609999999999e-04         2.5983062200000000e-02         1.5000580499999999e-02         5.5488919599999999e-02        -8.7171609999999993e-03        -5.0329937999999998e-03        -8.5868604999999997e-03         1.3127241000000000e-02
12                                     8.7170279000000003e-03         2.8686903999999998e-03         6.6791419999999999e-04        -8.7171609999999993e-03         1.1956746799999999e-02        -4.5999999999999998e-09         5.1499999999999998e-08         2.2020642000000002e-03
13                                    -5.0331031000000002e-03         6.6833729999999996e-04         2.0971361999999999e-03        -5.0329937999999998e-03        -4.5999999999999998e-09         1.1957623100000000e-02         4.5100000000000000e-08         5.3000000000000003e-09
14                                    -8.5869003999999999e-03         5.9384949999999998e-04         3.4285600000000000e-04        -8.5868604999999997e-03         5.1499999999999998e-08         4.5100000000000000e-08         2.6902610200000000e-02        -1.1120000000000000e-07
15                                    -1.3127344200000000e-02        -1.3399102000000000e-03        -4.8871150000000003e-04         1.3127241000000000e-02         2.2020642000000002e-03         5.3000000000000003e-09        -1.1120000000000000e-07         1.2629343300000000e-02
16                                     7.5791243999999997e-03        -4.8838850000000004e-04        -7.7588889999999995e-04         7.5790112000000001e-03        -3.0000000000000000e-09         2.2024844999999999e-03        -1.9700000000000001e-08         6.2000000000000001e-09
17                                    -2.7446058700000001e-02         4.3850597000000000e-03         2.5318878999999999e-03        -2.7446198799999998e-02        -1.0470000000000000e-07        -2.4880000000000000e-07        -2.7451291999999999e-02         2.8879999999999999e-07
                                                        16                          17

0                                     -8.9999999999999999e-10         8.1100000000000005e-08
1                                     -1.1658650899999999e-02        -1.5510000000000001e-07
2                                      7.4099999999999995e-08         1.1856548099999999e-02
3                                     -6.1399999999999994e-08        -1.1550000000000000e-07
4                                     -1.6217870000000000e-03        -5.0633950999999996e-03
5                                     -1.5158168200000001e-02        -2.7446143700000002e-02
6                                      4.8844769999999995e-04        -4.3852094000000003e-03
7                                     -7.7590229999999997e-04         2.5319328000000000e-03
8                                      7.5791243999999997e-03        -2.7446058700000001e-02
9                                     -4.8838850000000004e-04         4.3850597000000000e-03
10                                    -7.7588889999999995e-04         2.5318878999999999e-03
11                                     7.5790112000000001e-03        -2.7446198799999998e-02
12                                    -3.0000000000000000e-09        -1.0470000000000000e-07
13                                     2.2024844999999999e-03        -2.4880000000000000e-07
14                                    -1.9700000000000001e-08        -2.7451291999999999e-02
15                                     6.2000000000000001e-09         2.8879999999999999e-07
16                                     1.2629744500000000e-02        -2.1699999999999999e-08
17                                    -2.1699999999999999e-08         9.7933145099999994e-02
   &MODES [&Type "ArrayOfDoubles", &Dim (18,18)] "The modes of vibrations"
                                                         0                           1                           2                           3                           4                           5                           6                           7

0                                      0.0000000000000000e+00         0.0000000000000000e+00         0.0000000000000000e+00         0.0000000000000000e+00         0.0000000000000000e+00         0.0000000000000000e+00         1.0091569874714418e-06         2.2641748187413682e-01
1                                      0.0000000000000000e+00         0.0000000000000000e+00         0.0000000000000000e+00         0.0000000000000000e+00         0.0000000000000000e+00         0.0000000000000000e+00         1.4698686372012097e-06        -4.6261985520384934e-05
2                                      0.0000000000000000e+00         0.0000000000000000e+00         0.0000000000000000e+00         0.0000000000000000e+00         0.0000000000000000e+00         0.0000000000000000e+00         2.4686903172085506e-01        -5.1436476429790358e-07
3                                      0.0000000000000000e+00         0.0000000000000000e+00         0.0000000000000000e+00         0.0000000000000000e+00         0.0000000000000000e+00         0.0000000000000000e+00         3.5872608210166641e-07         2.4326147564722175e-01
4                                      0.0000000000000000e+00         0.0000000000000000e+00         0.0000000000000000e+00         0.0000000000000000e+00         0.0000000000000000e+00         0.0000000000000000e+00        -2.2390634445978965e-02        -4.7367489456991697e-05
5                                      0.0000000000000000e+00         0.0000000000000000e+00         0.0000000000000000e+00         0.0000000000000000e+00         0.0000000000000000e+00         0.0000000000000000e+00         5.0335207131575674e-02         1.6563103136620508e-07
6                                      0.0000000000000000e+00         0.0000000000000000e+00         0.0000000000000000e+00         0.0000000000000000e+00         0.0000000000000000e+00         0.0000000000000000e+00        -1.9391575335558162e-02         2.3433506970177168e-01
7                                      0.0000000000000000e+00         0.0000000000000000e+00         0.0000000000000000e+00         0.0000000000000000e+00         0.0000000000000000e+00         0.0000000000000000e+00         1.1196569406164220e-02         5.1040088831676451e-03
8                                      0.0000000000000000e+00         0.0000000000000000e+00         0.0000000000000000e+00         0.0000000000000000e+00         0.0000000000000000e+00         0.0000000000000000e+00         5.0336328377585483e-02        -4.1706614542166990e-03
9                                      0.0000000000000000e+00         0.0000000000000000e+00         0.0000000000000000e+00         0.0000000000000000e+00         0.0000000000000000e+00         0.0000000000000000e+00         1.9392279678248785e-02         2.3433714848311399e-01
10                                     0.0000000000000000e+00         0.0000000000000000e+00         0.0000000000000000e+00         0.0000000000000000e+00         0.0000000000000000e+00         0.0000000000000000e+00         1.1196561837409644e-02        -5.2021118909337449e-03
11                                     0.0000000000000000e+00         0.0000000000000000e+00         0.0000000000000000e+00         0.0000000000000000e+00         0.0000000000000000e+00         0.0000000000000000e+00         5.0336007096886334e-02         4.1682435623995612e-03
12                                     0.0000000000000000e+00         0.0000000000000000e+00         0.0000000000000000e+00         0.0000000000000000e+00         0.0000000000000000e+00         0.0000000000000000e+00        -3.7591694663504726e-07        -9.8100009361749702e-02
13                                     0.0000000000000000e+00         0.0000000000000000e+00         0.0000000000000000e+00         0.0000000000000000e+00         0.0000000000000000e+00         0.0000000000000000e+00        -5.9177694915782354e-07         2.0042769818618752e-05
14                                     0.0000000000000000e+00         0.0000000000000000e+00         0.0000000000000000e+00         0.0000000000000000e+00         0.0000000000000000e+00         0.0000000000000000e+00        -1.1415158231799767e-01         1.0698768819279293e-06
15                                     0.0000000000000000e+00         0.0000000000000000e+00         0.0000000000000000e+00         0.0000000000000000e+00         0.0000000000000000e+00         0.0000000000000000e+00        -7.5730760291087076e-08        -1.9692435047790988e-02
16                                     0.0000000000000000e+00         0.0000000000000000e+00         0.0000000000000000e+00         0.0000000000000000e+00         0.0000000000000000e+00         0.0000000000000000e+00        -1.1174950809765392e-07         4.0239603037809911e-06
17                                     0.0000000000000000e+00         0.0000000000000000e+00         0.0000000000000000e+00         0.0000000000000000e+00         0.0000000000000000e+00         0.0000000000000000e+00        -1.1873689387594071e-02        -1.4865090046142459e-07
                                                         8                           9                          10                          11                          12                          13                          14                          15

0                                     -4.6265546656743972e-05         7.5675219902452545e-07         2.7710148244259672e-02         7.7772983733551148e-05        -1.5633618077971121e-07        -2.0926030543318880e-07        -9.0799205524038362e-02        -1.1327171144481461e-08
1                                     -2.2641756211442571e-01         2.7736979891213716e-05        -7.7815521165909866e-05         2.7713678100264542e-02        -6.6069977150777793e-07        -9.0798178137463215e-02         1.9051562030738781e-07        -2.3750481869215744e-05
2                                     -1.1695554902425732e-05        -1.0720602000624734e-01        -9.6037700485810929e-08         1.1109500525546208e-06        -4.2162022051540612e-02         7.7493111117880672e-07         2.9962746244262204e-07        -1.6273914827595173e-02
3                                     -4.9603488511224148e-05         1.0167560700952277e-06        -1.8685364061283813e-01        -5.2511209592419274e-04         1.8757929271147850e-06        -2.9296526641505498e-06         7.4326432052686942e-01         1.7621861566589652e-07
4                                     -2.3136141787748174e-01         9.3525101121048441e-03         2.5596209934939138e-04        -9.1039563934806986e-02         6.5498854066807291e-02        -7.3527686729081249e-02        -4.1430810308502315e-06        -5.7059457858127505e-01
5                                      4.8082343674209632e-03        -3.2166561817357379e-02         2.1859433649385226e-03        -7.8004169415069313e-01         5.6078847444079805e-01        -1.9495026694497020e-01        -2.9204306073310160e-06         6.1830295156853982e-02
6                                     -5.1987351646282246e-03         8.0765807585013189e-03        -1.1487915609532895e-01        -4.1823372241358979e-02         5.6731987322105347e-02         3.5367502100132447e-01         1.3067478259825266e-01        -4.9441904359631877e-01
7                                     -2.4028685840487160e-01        -4.6325292387428864e-03        -4.1032164573001531e-02        -1.6303202679933199e-01        -3.2747435604011166e-02         5.3906296697644029e-01         3.5368077460139286e-01         2.8543689512499631e-01
8                                     -2.4085118549016988e-03        -3.2166040898536502e-02        -6.7661646693784538e-01         3.8810132473079578e-01         5.6083243735791743e-01         9.7461543861243671e-02        -1.6880338412336687e-01         6.1871419292914294e-02
9                                      5.1029356226448682e-03        -8.0745729915744531e-03        -1.1510648782916477e-01         4.1178969075189774e-02        -5.6727949406132169e-02        -3.5366984589007699e-01         1.3067022692587618e-01         4.9441917273126018e-01
10                                    -2.4028489112224929e-01        -4.6325441027418226e-03         4.1945522829904172e-02        -1.6279772602985385e-01        -3.2747270291316785e-02         5.3906933769685850e-01        -3.5367899597495006e-01         2.8543676620141917e-01
11                                    -2.4104591718685838e-03        -3.2165532931454431e-02         6.7443389684284905e-01         3.9188494878542468e-01         5.6083128974610275e-01         9.7463243366516086e-02         1.6880341046492930e-01         6.1867939470330285e-02
12                                     2.0046424257560999e-05        -3.5098844352214103e-07        -1.4271168359753575e-02        -3.9967496616540024e-05        -9.2141559784442222e-08        -8.0113934907252980e-09         4.1374688022126360e-04         3.6666654862257010e-08
13                                     9.8099968789013642e-02        -1.2022135440434104e-05         3.9994531926735024e-05        -1.4271451935684493e-02        -4.7266060013226796e-07         4.1302114108108547e-04        -4.2171588612434999e-08         1.7152382939375760e-07
14                                    -2.2110252779346825e-05        -1.7490465875682737e-01         2.0179055695041467e-08         6.0513073168234626e-07        -1.5420292561410552e-02         1.6547429780340457e-07        -1.2888624513669902e-08        -1.4864202633476761e-04
15                                     4.0227755642996503e-06        -6.8460468002335345e-08         4.4864964299177208e-03         1.2566240016109755e-05        -2.9195986872428429e-08         5.0338389225784330e-09         8.7713003288329445e-04        -1.0867820300375714e-08
16                                     1.9692450115726221e-02        -2.4141251709773108e-06        -1.2563814917677264e-05         4.4864121090107791e-03         1.5937314375183192e-07         8.7720759803555626e-04         1.1217308507671286e-08         8.6736034812441757e-09
17                                     7.1507940533063614e-06         5.8920654994865720e-02        -3.2917509154123167e-08         3.8828666866967280e-07        -1.1220889289292168e-02         1.6560921980070044e-07        -5.4659024487185362e-09         1.4062179047677459e-04
                                                        16                          17

0                                      9.2203808095566692e-02         8.6469141489146535e-06
1                                     -8.6645735567862298e-06         9.2203554445612790e-02
2                                     -3.1492581083704820e-07        -4.4705743520152476e-06
3                                      4.1655247130388248e-02        -1.2338840178437855e-07
4                                      6.7553469408863974e-05        -7.6241432932713837e-01
5                                     -9.4902459498255411e-06         1.0515840395986539e-01
6                                     -5.6131243810202414e-01         3.4792752358562129e-01
7                                      3.4812386678701546e-01        -1.5921639724228939e-01
8                                      9.1061600332767126e-02        -5.2546482070789734e-02
9                                     -5.6125525230848927e-01        -3.4802896417769508e-01
10                                    -3.4808990403129453e-01        -1.5927482149161112e-01
11                                    -9.1048391989998465e-02        -5.2560240685848789e-02
12                                    -6.6909796933386416e-04        -9.6562078530232057e-08
13                                     4.7152197412113045e-08        -6.6919890013192134e-04
14                                     1.1486091403540764e-09        -2.6547330798862027e-08
15                                    -6.4939586834554403e-05         4.4166814094542824e-09
16                                     1.0588743594768461e-08        -6.4964446758731230e-05
17                                     1.6159003916139388e-10         2.6354967207522172e-08
$End
$THERMOCHEMISTRY_Energies
   &GeometryIndex 1
   &temperature [&Type "Double"]       2.9814999999999998e+02
   &pressure [&Type "Double"]       1.0000000000000000e+00
   &totalMass [&Type "Double"]       1.1393300000000001e+02
   &spinDegeneracy [&Type "Integer"] 1
   &elEnergy [&Type "Double"]      -1.2690604948110000e+01
   &transEnergy [&Type "Double"]       1.4162714244859817e-03
   &rotEnergy [&Type "Double"]       1.4162714244859817e-03
   &vibEnergy [&Type "Double"]       1.5219155779073598e-03
   &numOfFreqs [&Type "Integer"] 18
   &freqScalingFactor [&Type "Double"]       1.0000000000000000e+00
   &FREQ [&Type "ArrayOfDoubles", &Units "cm^-1", &Dim (18,1)] 
                                                         0

0                                      0.0000000000000000e+00
1                                      0.0000000000000000e+00
2                                      0.0000000000000000e+00
3                                      0.0000000000000000e+00
4                                      0.0000000000000000e+00
5                                      0.0000000000000000e+00
6                                     -1.7451007108252594e+02
7                                      2.5054844815596155e+02
8                                      2.5055865974104009e+02
9                                      2.5743906464824323e+02
10                                     1.1454032793553140e+03
11                                     1.1454132415593674e+03
12                                     1.1937224389956232e+03
13                                     1.3908777218779928e+03
14                                     1.3909363556773469e+03
15                                     2.8287945536797088e+03
16                                     2.8933610442832269e+03
17                                     2.8933851472929377e+03
   &zpe [&Type "Double"]       3.5631544017813016e-02
   &innerEnergyU [&Type "Double"]      -1.2650618945665309e+01
   &enthalpyH [&Type "Double"]      -1.2649674736623050e+01
   &qEl [&Type "Double"]       0.0000000000000000e+00
   &qRot [&Type "Double"]       1.0474548784028738e-02
   &qVib [&Type "Double"]       2.5333802899629521e-03
   &qTrans [&Type "Double"]       1.9055981088661803e-02
   &entropyS [&Type "Double"]       3.2063910162653496e-02
   &freeEnergyG [&Type "Double"]      -1.2681738646785703e+01
   &isLinear [&Type "Boolean"] false
$End
$Geometry
   &GeometryIndex 2
   &NAtoms [&Type "Integer"] 6
   &NCorelessECP [&Type "Integer"] 0
   &NGhostAtoms [&Type "Integer"] 0
   &CartesianCoordinates [&Type "Coordinates", &Dim(6,4), &Units "Bohr"] 
              C     -0.000000320398   -0.000000385662    0.273902312281
              H     -0.000000210916    2.050809631828    0.023206505065
              H      1.776054056209   -1.025404867105    0.023206219973
              H     -1.776054351402   -1.025404793990    0.023206360625
              F      0.000000403126    0.000000282113    3.907326544665
              Br     0.000000423381    0.000000132815   -4.090750344543
$End
$Single_Point_Data
   &GeometryIndex 2
   &FinalEnergy [&Type "Double"]      -1.2692337825519999e+01  "Final single point energy"
   &Converged [&Type "Boolean"] true
$End
$Geometry
   &GeometryIndex 3
   &NAtoms [&Type "Integer"] 6
   &NCorelessECP [&Type "Integer"] 0
   &NGhostAtoms [&Type "Integer"] 0
   &CartesianCoordinates [&Type "Coordinates", &Dim(6,4), &Units "Bohr"] 
              C     -0.000000300842   -0.000000313196    0.227256468603
              H     -0.000000185448    2.051430888097    0.051275239338
              H      1.776591976571   -1.025715458516    0.051274895217
              H     -1.776592252613   -1.025715403751    0.051274859671
              F      0.000000406797    0.000000253070    3.886467865623
              Br     0.000000355535    0.000000034296   -4.107451730386
$End
$Single_Point_Data
   &GeometryIndex 3
   &FinalEnergy [&Type "Double"]      -1.2694311288630001e+01  "Final single point energy"
   &Converged [&Type "Boolean"] true
$End
$Geometry
   &GeometryIndex 4
   &NAtoms [&Type "Integer"] 6
   &NCorelessECP [&Type "Integer"] 0
   &NGhostAtoms [&Type "Integer"] 0
   &CartesianCoordinates [&Type "Coordinates", &Dim(6,4), &Units "Bohr"] 
              C     -0.000000256936   -0.000000260038    0.179794126079
              H     -0.000000134874    2.050423759149    0.077454829798
              H      1.775719683267   -1.025211949416    0.077454517046
              H     -1.775719913537   -1.025211926624    0.077454428497
              F      0.000000343440    0.000000298666    3.870578119869
              Br     0.000000278640    0.000000078263   -4.122638423224
$End
$Single_Point_Data
   &GeometryIndex 4
   &FinalEnergy [&Type "Double"]      -1.2695691560249999e+01  "Final single point energy"
   &Converged [&Type "Boolean"] true
$End
$Hessian
   &GeometryIndex 4
   &HESSIAN [&Type "ArrayOfDoubles", &Dim (18,18)] "The Hessian"
                                                         0                           1                           2                           3                           4                           5                           6                           7

0                                      5.3800601449999996e-01         1.5430000000000000e-07        -1.8561999999999999e-06        -4.5012868099999999e-02        -1.2788999999999999e-06         1.8720000000000001e-07        -2.3050641359999999e-01         1.0709599430000000e-01
1                                      1.5430000000000000e-07         5.3800439229999997e-01        -1.7312000000000000e-06        -1.2726999999999999e-06        -2.9234764910000000e-01         1.4266117700000001e-02         1.0709769840000000e-01        -1.0683975630000001e-01
2                                     -1.8561999999999999e-06        -1.7312000000000000e-06        -3.0476797000000000e-03         1.5279999999999999e-07         1.0445371199999999e-02        -1.2321860400000001e-02         9.0458760999999992e-03        -5.2220735000000004e-03
3                                     -4.5012868099999999e-02        -1.2726999999999999e-06         1.5279999999999999e-07         4.2327822100000002e-02         1.4310999999999999e-06        -1.8800000000000000e-08         8.7747770000000001e-04         2.3931368799999998e-02
4                                     -1.2788999999999999e-06        -2.9234764910000000e-01         1.0445371199999999e-02         1.4310999999999999e-06         3.1639856280000000e-01        -8.8451115000000007e-03        -3.7581149999999999e-04        -1.2723158300000001e-02
5                                      1.8720000000000001e-07         1.4266117700000001e-02        -1.2321860400000001e-02        -1.8800000000000000e-08        -8.8451115000000007e-03         4.9501983700000002e-02         6.3569199999999998e-04        -2.9746120000000002e-04
6                                     -2.3050641359999999e-01         1.0709769840000000e-01         9.0458760999999992e-03         8.7747770000000001e-04        -3.7581149999999999e-04         6.3569199999999998e-04         2.4787386850000001e-01        -1.1867366470000000e-01
7                                      1.0709599430000000e-01        -1.0683975630000001e-01        -5.2220735000000004e-03         2.3931368799999998e-02        -1.2723158300000001e-02        -2.9746120000000002e-04        -1.1867366470000000e-01         1.1084220900000000e-01
8                                      1.2355990200000000e-02        -7.1326567999999996e-03        -1.2321973000000000e-02         5.9772899999999998e-05         6.9928229999999996e-04        -2.7613520000000001e-04        -7.6600087999999997e-03         4.4220713000000002e-03
9                                     -2.3050898440000001e-01        -1.0709658079999999e-01        -9.0444524999999994e-03         8.7720129999999997e-04         3.7567830000000000e-04        -6.3569669999999996e-04        -1.9522959600000001e-02        -1.2152963700000000e-02
10                                    -1.0709487410000000e-01        -1.0683760140000000e-01        -5.2212385999999998e-03        -2.3931512900000000e-02        -1.2722920000000000e-02        -2.9728840000000002e-04         1.2153233600000000e-02         7.6749072000000000e-03
11                                    -1.2354567400000000e-02        -7.1318361000000004e-03        -1.2321757799999999e-02        -5.9769399999999997e-05         6.9928020000000000e-04        -2.7613580000000000e-04         5.7568579999999999e-04        -4.0190149999999998e-04
12                                    -1.8201578300000000e-02         9.8000000000000001e-09         1.5860000000000000e-07         1.0917552000000001e-03         8.0000000000000003e-10         4.4999999999999998e-09         1.7933741000000000e-03        -4.0504910000000002e-04
13                                     2.1000000000000002e-09        -1.8202987100000002e-02        -1.3110000000000000e-07         4.0299999999999997e-08         2.0279221000000002e-03         1.0050472000000000e-02        -4.0542109999999997e-04         1.3255325999999999e-03
14                                     1.6240000000000000e-07         2.0139999999999999e-07         2.6623322700000000e-02        -4.5100000000000000e-08         4.7661500000000000e-04        -1.1431002100000000e-02         4.1268499999999998e-04        -2.3850879999999999e-04
15                                    -1.3776170200000000e-02        -8.9000000000000003e-09         1.2130000000000001e-07        -1.6138829999999999e-04        -1.9799999999999999e-08        -1.6820000000000001e-07        -5.1534710000000002e-04         2.0431449999999999e-04
16                                     2.4000000000000000e-09        -1.3776398500000000e-02        -1.9660000000000000e-07        -5.4499999999999998e-08        -6.3275759999999995e-04        -1.4876728699999999e-02         2.0396539999999999e-04        -2.7973430000000001e-04
17                                     8.3700000000000002e-08        -9.5200000000000005e-08         1.3389948100000000e-02        -9.2399999999999994e-08        -3.4754370000000001e-03        -2.5196850199999999e-02        -3.0099301000000001e-03         1.7378737000000000e-03
                                                         8                           9                          10                          11                          12                          13                          14                          15

0                                      1.2355990200000000e-02        -2.3050898440000001e-01        -1.0709487410000000e-01        -1.2354567400000000e-02        -1.8201578300000000e-02         2.1000000000000002e-09         1.6240000000000000e-07        -1.3776170200000000e-02
1                                     -7.1326567999999996e-03        -1.0709658079999999e-01        -1.0683760140000000e-01        -7.1318361000000004e-03         9.8000000000000001e-09        -1.8202987100000002e-02         2.0139999999999999e-07        -8.9000000000000003e-09
2                                     -1.2321973000000000e-02        -9.0444524999999994e-03        -5.2212385999999998e-03        -1.2321757799999999e-02         1.5860000000000000e-07        -1.3110000000000000e-07         2.6623322700000000e-02         1.2130000000000001e-07
3                                      5.9772899999999998e-05         8.7720129999999997e-04        -2.3931512900000000e-02        -5.9769399999999997e-05         1.0917552000000001e-03         4.0299999999999997e-08        -4.5100000000000000e-08        -1.6138829999999999e-04
4                                      6.9928229999999996e-04         3.7567830000000000e-04        -1.2722920000000000e-02         6.9928020000000000e-04         8.0000000000000003e-10         2.0279221000000002e-03         4.7661500000000000e-04        -1.9799999999999999e-08
5                                     -2.7613520000000001e-04        -6.3569669999999996e-04        -2.9728840000000002e-04        -2.7613580000000000e-04         4.4999999999999998e-09         1.0050472000000000e-02        -1.1431002100000000e-02        -1.6820000000000001e-07
6                                     -7.6600087999999997e-03        -1.9522959600000001e-02         1.2153233600000000e-02         5.7568579999999999e-04         1.7933741000000000e-03        -4.0542109999999997e-04         4.1268499999999998e-04        -5.1534710000000002e-04
7                                      4.4220713000000002e-03        -1.2152963700000000e-02         7.6749072000000000e-03        -4.0190149999999998e-04        -4.0504910000000002e-04         1.3255325999999999e-03        -2.3850879999999999e-04         2.0431449999999999e-04
8                                      4.9501603399999997e-02        -5.7555420000000000e-04        -4.0198170000000001e-04        -2.7573799999999998e-04         8.7034772000000003e-03        -5.0251984000000000e-03        -1.1430973200000000e-02        -1.2883677400000000e-02
9                                     -5.7555420000000000e-04         2.4787664730000000e-01         1.1867239850000000e-01         7.6586956999999999e-03         1.7933283000000000e-03         4.0538109999999999e-04        -4.1277120000000000e-04        -5.1523300000000003e-04
10                                    -4.0198170000000001e-04         1.1867239850000000e-01         1.1083981230000001e-01         4.4211763999999999e-03         4.0504890000000001e-04         1.3255286000000001e-03        -2.3849790000000001e-04        -2.0429399999999999e-04
11                                    -2.7573799999999998e-04         7.6586956999999999e-03         4.4211763999999999e-03         4.9501453299999998e-02        -8.7036183999999999e-03        -5.0250833000000002e-03        -1.1430918700000001e-02         1.2883573700000000e-02
