
$orca_hessian_file

$act_atom
  0

$act_coord
  0

$act_energy
      -12.696960

$multiplicity
  1

$hessian
18
                    0                  1                  2                  3                  4        
    0      5.5654247060E-01   2.5590000000E-07  -1.9662000000E-06  -4.3639847800E-02  -1.4718000000E-06
    1      2.5590000000E-07   5.5654135780E-01  -6.9670000000E-07  -1.4834000000E-06  -3.0734554080E-01
    2     -1.9662000000E-06  -6.9670000000E-07  -6.6930454000E-03   9.1000000000E-09  -1.5736534300E-02
    3     -4.3639847800E-02  -1.4834000000E-06   9.1000000000E-09   4.1877694300E-02   1.6159000000E-06
    4     -1.4718000000E-06  -3.0734554080E-01  -1.5736534300E-02   1.6159000000E-06   3.3213105900E-01
    5      2.2300000000E-08  -1.4918832300E-02  -1.1275878100E-02   1.1350000000E-07   1.7134257700E-02
    6     -2.4141200300E-01   1.1418578960E-01  -1.3627765600E-02   5.2603070000E-04  -2.3853870000E-04
    7      1.1418498470E-01  -1.0956059400E-01   7.8686565000E-03   2.3874415600E-02  -1.3121357600E-02
    8     -1.2918413300E-02   7.4593131000E-03  -1.1275926700E-02   1.8580266000E-03  -2.3636340000E-04
    9     -2.4141449990E-01  -1.1418456460E-01   1.3629437900E-02   5.2574230000E-04   2.3839850000E-04
   10     -1.1418377910E-01  -1.0955834250E-01   7.8693261000E-03  -2.3874535100E-02  -1.3121112900E-02
   11      1.2920087400E-02   7.4599405000E-03  -1.1275999500E-02  -1.8580309000E-03  -2.3635600000E-04
   12     -1.4775225200E-02   1.0300000000E-08   1.5130000000E-07   6.4842190000E-04   7.6000000000E-09
   13      5.0000000000E-09  -1.4776235800E-02  -3.9200000000E-07   3.5700000000E-08   1.3200038000E-03
   14      1.7420000000E-07   1.7040000000E-07   2.8610471400E-02  -4.1200000000E-08   1.2704512000E-03
   15     -1.5300894700E-02  -7.9000000000E-09   1.3360000000E-07   6.1958700000E-05  -1.1600000000E-08
   16      5.2000000000E-09  -1.5300644700E-02  -3.5960000000E-07  -4.8800000000E-08   1.3694850000E-04
   17      9.5700000000E-08   1.0510000000E-07   1.1910378300E-02  -7.7100000000E-08  -2.1954551000E-03
                    5                  6                  7                  8                  9        
    0      2.2300000000E-08  -2.4141200300E-01   1.1418498470E-01  -1.2918413300E-02  -2.4141449990E-01
    1     -1.4918832300E-02   1.1418578960E-01  -1.0956059400E-01   7.4593131000E-03  -1.1418456460E-01
    2     -1.1275878100E-02  -1.3627765600E-02   7.8686565000E-03  -1.1275926700E-02   1.3629437900E-02
    3      1.1350000000E-07   5.2603070000E-04   2.3874415600E-02   1.8580266000E-03   5.2574230000E-04
    4      1.7134257700E-02  -2.3853870000E-04  -1.3121357600E-02  -2.3636340000E-04   2.3839850000E-04
    5      4.7800449900E-02   7.2462550000E-04   1.7277767000E-03  -3.1313200000E-05  -7.2459480000E-04
    6      7.2462550000E-04   2.5956097010E-01  -1.2568040630E-01   1.4838297900E-02  -1.9944367800E-02
    7      1.7277767000E-03  -1.2568040630E-01   1.1443849810E-01  -8.5673341000E-03  -1.2056237800E-02
    8     -3.1313200000E-05   1.4838297900E-02  -8.5673341000E-03   4.7800121700E-02   1.1338773000E-03
    9     -7.2459480000E-04  -1.9944367800E-02  -1.2056237800E-02   1.1338773000E-03   2.5956370340E-01
   10      1.7279572000E-03   1.2056503600E-02   7.3475020000E-03  -1.4913482000E-03   1.2567904810E-01
   11     -3.1300700000E-05  -1.1337512000E-03  -1.4912526000E-03  -3.0964100000E-05  -1.4839854300E-02
   12     -7.3000000000E-09   1.1516584000E-03  -2.9051870000E-04   7.7482156000E-03   1.1516038000E-03
   13      8.9472975000E-03  -2.9077210000E-04   8.1601400000E-04  -4.4736023000E-03   2.9073490000E-04
   14     -1.3266010100E-02   1.1001014000E-03  -6.3542010000E-04  -1.3266017600E-02  -1.1002142000E-03
   15     -1.5920000000E-07   1.1771170000E-04  -3.2237500000E-05  -1.2660004000E-02   1.1781820000E-04
   16     -1.4618456800E-02  -3.2576100000E-05   7.9937600000E-05   7.3093349000E-03   3.2620900000E-05
   17     -2.3195947800E-02  -1.9015081000E-03   1.0975735000E-03  -2.3195900100E-02   1.9013481000E-03
                   10                 11                 12                 13                 14        
    0     -1.1418377910E-01   1.2920087400E-02  -1.4775225200E-02   5.0000000000E-09   1.7420000000E-07
    1     -1.0955834250E-01   7.4599405000E-03   1.0300000000E-08  -1.4776235800E-02   1.7040000000E-07
    2      7.8693261000E-03  -1.1275999500E-02   1.5130000000E-07  -3.9200000000E-07   2.8610471400E-02
    3     -2.3874535100E-02  -1.8580309000E-03   6.4842190000E-04   3.5700000000E-08  -4.1200000000E-08
    4     -1.3121112900E-02  -2.3635600000E-04   7.6000000000E-09   1.3200038000E-03   1.2704512000E-03
    5      1.7279572000E-03  -3.1300700000E-05  -7.3000000000E-09   8.9472975000E-03  -1.3266010100E-02
    6      1.2056503600E-02  -1.1337512000E-03   1.1516584000E-03  -2.9077210000E-04   1.1001014000E-03
    7      7.3475020000E-03  -1.4912526000E-03  -2.9051870000E-04   8.1601400000E-04  -6.3542010000E-04
    8     -1.4913482000E-03  -3.0964100000E-05   7.7482156000E-03  -4.4736023000E-03  -1.3266017600E-02
    9      1.2567904810E-01  -1.4839854300E-02   1.1516038000E-03   2.9073490000E-04  -1.1002142000E-03
   10      1.1443600240E-01  -8.5680508000E-03   2.9051200000E-04   8.1601200000E-04  -6.3541460000E-04
   11     -8.5680508000E-03   4.7800253800E-02  -7.7483556000E-03  -4.4734941000E-03  -1.3265961400E-02
   12      2.9051200000E-04  -7.7483556000E-03   9.5615572000E-03  -8.3000000000E-09   7.4700000000E-08
   13      8.1601200000E-04  -4.4734941000E-03  -8.3000000000E-09   9.5620066000E-03   1.5580000000E-07
   14     -6.3541460000E-04  -1.3265961400E-02   7.4700000000E-08   1.5580000000E-07   3.3130791500E-02
   15      3.2250400000E-05   1.2659904600E-02   2.2619839000E-03   4.7000000000E-09  -9.4900000000E-08
   16      7.9939000000E-05   7.3092131000E-03  -2.9000000000E-09   2.2621993000E-03   5.7300000000E-08
   17      1.0975304000E-03  -2.3196028000E-02  -7.8700000000E-08   3.5100000000E-08  -2.1943273800E-02
                   15                 16                 17        
     0     -1.5300894700E-02   5.2000000000E-09   9.5700000000E-08
     1     -7.9000000000E-09  -1.5300644700E-02   1.0510000000E-07
     2      1.3360000000E-07  -3.5960000000E-07   1.1910378300E-02
     3      6.1958700000E-05  -4.8800000000E-08  -7.7100000000E-08
     4     -1.1600000000E-08   1.3694850000E-04  -2.1954551000E-03
     5     -1.5920000000E-07  -1.4618456800E-02  -2.3195947800E-02
     6      1.1771170000E-04  -3.2576100000E-05  -1.9015081000E-03
     7     -3.2237500000E-05   7.9937600000E-05   1.0975735000E-03
     8     -1.2660004000E-02   7.3093349000E-03  -2.3195900100E-02
     9      1.1781820000E-04   3.2620900000E-05   1.9013481000E-03
    10      3.2250400000E-05   7.9939000000E-05   1.0975304000E-03
    11      1.2659904600E-02   7.3092131000E-03  -2.3196028000E-02
    12      2.2619839000E-03  -2.9000000000E-09  -7.8700000000E-08
    13      4.7000000000E-09   2.2621993000E-03   3.5100000000E-08
    14     -9.4900000000E-08   5.7300000000E-08  -2.1943273800E-02
    15      1.2741422200E-02   1.8000000000E-09   2.2010000000E-07
    16      1.8000000000E-09   1.2741620300E-02   2.1100000000E-07
    17      2.2010000000E-07   2.1100000000E-07   7.9620771400E-02

$vibrational_frequencies
18
    0        0.0000000000000000
    1        0.0000000000000000
    2        0.0000000000000000
    3        0.0000000000000000
    4        0.0000000000000000
    5        0.0000000000000000
    6     -225.9178989507973085
    7      237.3782143669112372
    8      237.3841147095358508
    9      247.1147390086618429
   10     1104.5370149553345982
   11     1104.5391590723547779
   12     1126.7475232220940597
   13     1355.8364516689580341
   14     1355.8580619979782114
   15     3011.5318269132112619
   16     3093.1915824006619005
   17     3093.2164090238884455

$normal_modes
18 18
                    0                  1                  2                  3                  4        
    0      0.0000000000E+00   0.0000000000E+00   0.0000000000E+00   0.0000000000E+00   0.0000000000E+00
    1      0.0000000000E+00   0.0000000000E+00   0.0000000000E+00   0.0000000000E+00   0.0000000000E+00
    2      0.0000000000E+00   0.0000000000E+00   0.0000000000E+00   0.0000000000E+00   0.0000000000E+00
    3      0.0000000000E+00   0.0000000000E+00   0.0000000000E+00   0.0000000000E+00   0.0000000000E+00
    4      0.0000000000E+00   0.0000000000E+00   0.0000000000E+00   0.0000000000E+00   0.0000000000E+00
    5      0.0000000000E+00   0.0000000000E+00   0.0000000000E+00   0.0000000000E+00   0.0000000000E+00
    6      0.0000000000E+00   0.0000000000E+00   0.0000000000E+00   0.0000000000E+00   0.0000000000E+00
    7      0.0000000000E+00   0.0000000000E+00   0.0000000000E+00   0.0000000000E+00   0.0000000000E+00
    8      0.0000000000E+00   0.0000000000E+00   0.0000000000E+00   0.0000000000E+00   0.0000000000E+00
    9      0.0000000000E+00   0.0000000000E+00   0.0000000000E+00   0.0000000000E+00   0.0000000000E+00
   10      0.0000000000E+00   0.0000000000E+00   0.0000000000E+00   0.0000000000E+00   0.0000000000E+00
   11      0.0000000000E+00   0.0000000000E+00   0.0000000000E+00   0.0000000000E+00   0.0000000000E+00
   12      0.0000000000E+00   0.0000000000E+00   0.0000000000E+00   0.0000000000E+00   0.0000000000E+00
   13      0.0000000000E+00   0.0000000000E+00   0.0000000000E+00   0.0000000000E+00   0.0000000000E+00
   14      0.0000000000E+00   0.0000000000E+00   0.0000000000E+00   0.0000000000E+00   0.0000000000E+00
   15      0.0000000000E+00   0.0000000000E+00   0.0000000000E+00   0.0000000000E+00   0.0000000000E+00
   16      0.0000000000E+00   0.0000000000E+00   0.0000000000E+00   0.0000000000E+00   0.0000000000E+00
   17      0.0000000000E+00   0.0000000000E+00   0.0000000000E+00   0.0000000000E+00   0.0000000000E+00
                    5                  6                  7                  8                  9        
    0      0.0000000000E+00   3.7514461161E-06   4.7375006393E-01   3.7943507092E-03  -1.4447510387E-06
    1      0.0000000000E+00  -1.1370897520E-05   3.7943377517E-03  -4.7375228318E-01  -3.9583829220E-05
    2      0.0000000000E+00   9.2159765289E-01  -2.1882984513E-06  -1.2202160494E-06  -3.8585607507E-01
    3      0.0000000000E+00   1.0165488830E-06   5.0363577043E-01   4.0349124627E-03  -9.7745617508E-07
    4      0.0000000000E+00   3.9163472183E-02   3.8747408839E-03  -4.8380692689E-01  -3.3480664958E-03
    5      0.0000000000E+00   7.4625298048E-02  -3.1658910526E-04   3.9254112764E-02  -2.0015182805E-01
    6      0.0000000000E+00   3.3926046592E-02   4.8883030733E-01  -4.6711938936E-03  -2.8660300010E-03
    7      0.0000000000E+00  -1.9608468617E-02   1.2582792506E-02  -4.9860707723E-01   1.6130605034E-03
    8      0.0000000000E+00   7.4623737774E-02  -3.3841105117E-02  -1.9896716018E-02  -2.0015743741E-01
    9      0.0000000000E+00  -3.3924364315E-02   4.8869287323E-01   1.2499155296E-02   2.8643995898E-03
   10      0.0000000000E+00  -1.9608671085E-02  -4.5947707735E-03  -4.9874320067E-01   1.6132481547E-03
   11      0.0000000000E+00   7.4622082617E-02   3.4151983769E-02  -1.9352432920E-02  -2.0015532365E-01
   12      0.0000000000E+00  -1.3663100882E-06  -1.9952427045E-01  -1.5980229856E-03   5.4493520098E-07
   13      0.0000000000E+00   5.3521672512E-06  -1.5980245313E-03   1.9952488592E-01   1.6580054162E-05
   14      0.0000000000E+00  -3.5511452610E-01   2.3464561918E-07   1.8035347864E-05  -8.1465877732E-01
   15      0.0000000000E+00  -2.7311485220E-07  -4.2461303511E-02  -3.4008113322E-04   1.2051259301E-07
   16      0.0000000000E+00   1.1137951944E-06  -3.4007741435E-04   4.2461468747E-02   3.5442478612E-06
   17      0.0000000000E+00  -5.6927480970E-02   3.4520640594E-07  -4.1674976311E-06   2.5928251658E-01
                   10                 11                 12                 13                 14        
    0     -3.0655495894E-02  -2.8751632387E-03   4.4292787214E-07   7.7505897237E-04  -9.5821497183E-02
    1     -2.8757413765E-03   3.0661849686E-02  -3.7502161556E-07  -9.5818738148E-02  -7.7505596577E-04
    2     -3.5016728507E-07   3.0147569441E-07  -3.2151743069E-02   1.0441335721E-06   2.9371557479E-07
    3      1.0675173827E-01   1.0014025400E-02  -8.9519016383E-08  -6.4705946453E-03   7.9942901775E-01
    4      2.2491996612E-03  -2.3992997327E-02  -3.4037060442E-02  -6.2025862619E-02  -5.0635901345E-04
    5     -7.5499724464E-02   8.0505884331E-01   5.7581889413E-01   1.3258112134E-01   1.0703533851E-03
    6      4.8047813055E-02  -3.1668248268E-02  -2.9475575615E-02   3.7177494956E-01   1.5635721106E-01
    7      4.3908873878E-02  -8.2745307906E-02   1.7019553624E-02   5.8103886028E-01   3.7774877767E-01
    8     -6.5945059364E-01  -4.6793669086E-01   5.7580878285E-01  -6.7225843081E-02   1.1422947595E-01
    9      4.1326965174E-02   4.0048773191E-02   2.9477851437E-02  -3.7425139077E-01   1.5031420539E-01
   10     -2.7756814742E-02  -8.9470100190E-02   1.7020970936E-02   5.8708084769E-01  -3.6829546649E-01
   11      7.3498102945E-01  -3.3714841519E-01   5.7578489798E-01  -6.5364832737E-02  -1.1530315898E-01
   12     -1.1744476948E-02  -1.1015683208E-03   6.5186670699E-08  -2.3768518916E-05   2.9330282445E-03
   13     -1.1015531457E-03   1.1744536010E-02   3.3338776983E-07   2.9335909129E-03   2.3708636139E-05
   14     -4.7464813150E-07   4.6469297492E-07  -2.6982183908E-02  -1.2330723085E-07  -1.9119498179E-08
   15      4.9265232242E-03   4.6207101243E-04  -1.0966478412E-07   2.0141820875E-06  -2.4729543929E-04
   16      4.6206968045E-04  -4.9264593121E-03  -6.6597588525E-08  -2.4776085578E-04  -1.9993398953E-06
   17     -2.2195008918E-07   1.7551420155E-07  -1.0543801748E-02  -7.1037147080E-09   2.3992259830E-09
                   15                 16                 17        
     0      9.9242780885E-07   9.8075389230E-02   2.5334182457E-03
     1     -1.9934307555E-05  -2.5334122416E-03   9.8074826549E-02
     2      6.8566896732E-03  -4.4440896656E-07   1.3475847727E-06
     3      1.9369394721E-07   3.8621950509E-02   9.9301298418E-04
     4     -5.7625271174E-01   2.0926243430E-02  -8.1004413211E-01
     5     -3.2465280872E-02   1.2553835681E-03  -4.8602062258E-02
     6     -4.9928106018E-01  -6.0725733009E-01   3.5187393604E-01
     7      2.8824824542E-01   3.7190470605E-01  -1.6395289152E-01
     8     -3.2481679378E-02  -4.2711128579E-02   2.3203258267E-02
     9      4.9926928975E-01  -5.8829893004E-01  -3.8275223371E-01
    10      2.8824122614E-01  -3.6294613948E-01  -1.8292724282E-01
    11     -3.2484226451E-02   4.1461168647E-02   2.5379613633E-02
    12      3.1025396576E-08  -5.3378376951E-04  -1.3809296260E-05
    13      1.0177785833E-07   1.3760503400E-05  -5.3385657807E-04
    14     -1.0993967300E-04   5.0077212798E-09  -2.7937752662E-08
    15     -1.0514714312E-08  -2.0687007414E-05  -5.2779185467E-07
    16     -1.4474503628E-08   5.4447950319E-07  -2.0711812520E-05
    17      2.2457534966E-04  -2.8080741343E-09   4.6167735268E-08

#
# The atoms: label  mass x y z (in bohrs)
#
$atoms
6
 C     12.01100     -0.000000773109     0.000000422820     2.296671170758
 H      1.00800     -0.000000564770     2.037483245914     2.397772734521
 H      1.00800      1.764511730518    -1.018740252793     2.397772598336
 H      1.00800     -1.764512835268    -1.018740238481     2.397772466793
 F     18.99800      0.000000198391    -0.000000004895     6.115711924288
 Br    79.90000      0.000000090108    -0.000000097149    -1.890143640947

$actual_temperature
  0.000000

$frequency_scale_factor
  1.000000


$end

