
$orca_hessian_file

$act_atom
  0

$act_coord
  0

$act_energy
      -12.690605

$multiplicity
  1

$hessian
18
                    0                  1                  2                  3                  4        
    0      4.9870637620E-01   2.4000000000E-09  -1.6705000000E-06  -4.6619868400E-02  -1.0302000000E-06
    1      2.4000000000E-09   4.9870430260E-01  -2.4807000000E-06  -9.9270000000E-07  -2.6368149110E-01
    2     -1.6705000000E-06  -2.4807000000E-06   1.9425195400E-02   2.5750000000E-07   3.2301760200E-02
    3     -4.6619868400E-02  -9.9270000000E-07   2.5750000000E-07   4.3560030000E-02   1.1871000000E-06
    4     -1.0302000000E-06  -2.6368149110E-01   3.2301760200E-02   1.1871000000E-06   2.8847617800E-01
    5      3.0190000000E-07   3.9848511000E-02  -1.9197130700E-02  -1.1180000000E-07  -3.0004480400E-02
    6     -2.0940901380E-01   9.3989785600E-02   2.7973671100E-02   9.2085850000E-04  -1.3601790000E-04
    7      9.3987579500E-02  -1.0087832800E-01  -1.6150288700E-02   2.4617712100E-02  -1.3214111200E-02
    8      3.4510356700E-02  -1.9923486400E-02  -1.9197228200E-02  -1.7475860000E-03   1.7259982000E-03
    9     -2.0941140740E-01  -9.3988791700E-02  -2.7972532700E-02   9.2059390000E-04   1.3588400000E-04
   10     -9.3986549300E-02  -1.0087636710E-01  -1.6149342900E-02  -2.4617886000E-02  -1.3213864600E-02
   11     -3.4509240900E-02  -1.9922512400E-02  -1.9196753400E-02   1.7476006000E-03   1.7259776000E-03
   12     -2.1608049200E-02   7.7000000000E-09   1.7150000000E-07   1.7118184000E-03   3.7000000000E-09
   13     -1.5000000000E-09  -2.1609465500E-02   2.7800000000E-07   4.1000000000E-08   3.2550759000E-03
   14      1.7170000000E-07   1.2370000000E-07   2.6309368900E-02  -4.4800000000E-08  -6.8586040000E-04
   15     -1.1658037500E-02  -1.1400000000E-08   1.0310000000E-07  -4.9343250000E-04  -2.6600000000E-08
   16     -9.0000000000E-10  -1.1658650900E-02   7.4100000000E-08  -6.1400000000E-08  -1.6217870000E-03
   17      8.1100000000E-08  -1.5510000000E-07   1.1856548100E-02  -1.1550000000E-07  -5.0633951000E-03
                    5                  6                  7                  8                  9        
    0      3.0190000000E-07  -2.0940901380E-01   9.3987579500E-02   3.4510356700E-02  -2.0941140740E-01
    1      3.9848511000E-02   9.3989785600E-02  -1.0087832800E-01  -1.9923486400E-02  -9.3988791700E-02
    2     -1.9197130700E-02   2.7973671100E-02  -1.6150288700E-02  -1.9197228200E-02  -2.7972532700E-02
    3     -1.1180000000E-07   9.2085850000E-04   2.4617712100E-02  -1.7475860000E-03   9.2059390000E-04
    4     -3.0004480400E-02  -1.3601790000E-04  -1.3214111200E-02   1.7259982000E-03   1.3588400000E-04
    5      5.5489669500E-02   6.2106000000E-04  -2.3760309000E-03  -1.2972810000E-04  -6.2108740000E-04
    6      6.2106000000E-04   2.2724070710E-01  -1.0605012050E-01  -2.5984103200E-02  -2.0281253900E-02
    7     -2.3760309000E-03  -1.0605012050E-01   1.0478578050E-01   1.5001594300E-02  -1.2375991200E-02
    8     -1.2972810000E-04  -2.5984103200E-02   1.5001594300E-02   5.5489281500E-02  -2.3683513000E-03
    9     -6.2108740000E-04  -2.0281253900E-02  -1.2375991200E-02  -2.3683513000E-03   2.2724328720E-01
   10     -2.3758540000E-03   1.2376282600E-02   7.9854153000E-03   6.4987260000E-04   1.0604895010E-01
   11     -1.2974080000E-04   2.3684982000E-03   6.4993700000E-04  -1.2936610000E-04   2.5983062200E-02
   12      1.4900000000E-08   2.8687294000E-03  -6.6791800000E-04   8.7170279000E-03   2.8686904000E-03
   13      1.0066022600E-02  -6.6837740000E-04   2.0971458000E-03  -5.0331031000E-03   6.6833730000E-04
   14     -8.5869262000E-03  -5.9391670000E-04   3.4285540000E-04  -8.5869004000E-03   5.9384950000E-04
   15     -1.7750000000E-07  -1.3400273000E-03   4.8873810000E-04  -1.3127344200E-02  -1.3399102000E-03
   16     -1.5158168200E-02   4.8844770000E-04  -7.7590230000E-04   7.5791244000E-03  -4.8838850000E-04
   17     -2.7446143700E-02  -4.3852094000E-03   2.5319328000E-03  -2.7446058700E-02   4.3850597000E-03
                   10                 11                 12                 13                 14        
    0     -9.3986549300E-02  -3.4509240900E-02  -2.1608049200E-02  -1.5000000000E-09   1.7170000000E-07
    1     -1.0087636710E-01  -1.9922512400E-02   7.7000000000E-09  -2.1609465500E-02   1.2370000000E-07
    2     -1.6149342900E-02  -1.9196753400E-02   1.7150000000E-07   2.7800000000E-07   2.6309368900E-02
    3     -2.4617886000E-02   1.7476006000E-03   1.7118184000E-03   4.1000000000E-08  -4.4800000000E-08
    4     -1.3213864600E-02   1.7259776000E-03   3.7000000000E-09   3.2550759000E-03  -6.8586040000E-04
    5     -2.3758540000E-03  -1.2974080000E-04   1.4900000000E-08   1.0066022600E-02  -8.5869262000E-03
    6      1.2376282600E-02   2.3684982000E-03   2.8687294000E-03  -6.6837740000E-04  -5.9391670000E-04
    7      7.9854153000E-03   6.4993700000E-04  -6.6791800000E-04   2.0971458000E-03   3.4285540000E-04
    8      6.4987260000E-04  -1.2936610000E-04   8.7170279000E-03  -5.0331031000E-03  -8.5869004000E-03
    9      1.0604895010E-01   2.5983062200E-02   2.8686904000E-03   6.6833730000E-04   5.9384950000E-04
   10      1.0478356910E-01   1.5000580500E-02   6.6791420000E-04   2.0971362000E-03   3.4285600000E-04
   11      1.5000580500E-02   5.5488919600E-02  -8.7171610000E-03  -5.0329938000E-03  -8.5868605000E-03
   12      6.6791420000E-04  -8.7171610000E-03   1.1956746800E-02  -4.6000000000E-09   5.1500000000E-08
   13      2.0971362000E-03  -5.0329938000E-03  -4.6000000000E-09   1.1957623100E-02   4.5100000000E-08
   14      3.4285600000E-04  -8.5868605000E-03   5.1500000000E-08   4.5100000000E-08   2.6902610200E-02
   15     -4.8871150000E-04   1.3127241000E-02   2.2020642000E-03   5.3000000000E-09  -1.1120000000E-07
   16     -7.7588890000E-04   7.5790112000E-03  -3.0000000000E-09   2.2024845000E-03  -1.9700000000E-08
   17      2.5318879000E-03  -2.7446198800E-02  -1.0470000000E-07  -2.4880000000E-07  -2.7451292000E-02
                   15                 16                 17        
     0     -1.1658037500E-02  -9.0000000000E-10   8.1100000000E-08
     1     -1.1400000000E-08  -1.1658650900E-02  -1.5510000000E-07
     2      1.0310000000E-07   7.4100000000E-08   1.1856548100E-02
     3     -4.9343250000E-04  -6.1400000000E-08  -1.1550000000E-07
     4     -2.6600000000E-08  -1.6217870000E-03  -5.0633951000E-03
     5     -1.7750000000E-07  -1.5158168200E-02  -2.7446143700E-02
     6     -1.3400273000E-03   4.8844770000E-04  -4.3852094000E-03
     7      4.8873810000E-04  -7.7590230000E-04   2.5319328000E-03
     8     -1.3127344200E-02   7.5791244000E-03  -2.7446058700E-02
     9     -1.3399102000E-03  -4.8838850000E-04   4.3850597000E-03
    10     -4.8871150000E-04  -7.7588890000E-04   2.5318879000E-03
    11      1.3127241000E-02   7.5790112000E-03  -2.7446198800E-02
    12      2.2020642000E-03  -3.0000000000E-09  -1.0470000000E-07
    13      5.3000000000E-09   2.2024845000E-03  -2.4880000000E-07
    14     -1.1120000000E-07  -1.9700000000E-08  -2.7451292000E-02
    15      1.2629343300E-02   6.2000000000E-09   2.8880000000E-07
    16      6.2000000000E-09   1.2629744500E-02  -2.1700000000E-08
    17      2.8880000000E-07  -2.1700000000E-08   9.7933145100E-02

$vibrational_frequencies
18
    0        0.0000000000000000
    1        0.0000000000000000
    2        0.0000000000000000
    3        0.0000000000000000
    4        0.0000000000000000
    5        0.0000000000000000
    6     -174.5100710825259398
    7      250.5484481559615517
    8      250.5586597410400884
    9      257.4390646482432317
   10     1145.4032793553139982
   11     1145.4132415593674068
   12     1193.7224389956231789
   13     1390.8777218779928262
   14     1390.9363556773469099
   15     2828.7945536797087698
   16     2893.3610442832268745
   17     2893.3851472929377451

$normal_modes
18 18
                    0                  1                  2                  3                  4        
    0      0.0000000000E+00   0.0000000000E+00   0.0000000000E+00   0.0000000000E+00   0.0000000000E+00
    1      0.0000000000E+00   0.0000000000E+00   0.0000000000E+00   0.0000000000E+00   0.0000000000E+00
    2      0.0000000000E+00   0.0000000000E+00   0.0000000000E+00   0.0000000000E+00   0.0000000000E+00
    3      0.0000000000E+00   0.0000000000E+00   0.0000000000E+00   0.0000000000E+00   0.0000000000E+00
    4      0.0000000000E+00   0.0000000000E+00   0.0000000000E+00   0.0000000000E+00   0.0000000000E+00
    5      0.0000000000E+00   0.0000000000E+00   0.0000000000E+00   0.0000000000E+00   0.0000000000E+00
    6      0.0000000000E+00   0.0000000000E+00   0.0000000000E+00   0.0000000000E+00   0.0000000000E+00
    7      0.0000000000E+00   0.0000000000E+00   0.0000000000E+00   0.0000000000E+00   0.0000000000E+00
    8      0.0000000000E+00   0.0000000000E+00   0.0000000000E+00   0.0000000000E+00   0.0000000000E+00
    9      0.0000000000E+00   0.0000000000E+00   0.0000000000E+00   0.0000000000E+00   0.0000000000E+00
   10      0.0000000000E+00   0.0000000000E+00   0.0000000000E+00   0.0000000000E+00   0.0000000000E+00
   11      0.0000000000E+00   0.0000000000E+00   0.0000000000E+00   0.0000000000E+00   0.0000000000E+00
   12      0.0000000000E+00   0.0000000000E+00   0.0000000000E+00   0.0000000000E+00   0.0000000000E+00
   13      0.0000000000E+00   0.0000000000E+00   0.0000000000E+00   0.0000000000E+00   0.0000000000E+00
   14      0.0000000000E+00   0.0000000000E+00   0.0000000000E+00   0.0000000000E+00   0.0000000000E+00
   15      0.0000000000E+00   0.0000000000E+00   0.0000000000E+00   0.0000000000E+00   0.0000000000E+00
   16      0.0000000000E+00   0.0000000000E+00   0.0000000000E+00   0.0000000000E+00   0.0000000000E+00
   17      0.0000000000E+00   0.0000000000E+00   0.0000000000E+00   0.0000000000E+00   0.0000000000E+00
                    5                  6                  7                  8                  9        
    0      0.0000000000E+00   3.4981779749E-06   4.7173673257E-01  -9.6393496480E-05   3.4214102176E-06
    1      0.0000000000E+00   5.0952053610E-06  -9.6386010970E-05  -4.7173722249E-01   1.2540378016E-04
    2      0.0000000000E+00   8.5575566554E-01  -1.0716696929E-06  -2.4367493995E-05  -4.8469733251E-01
    3      0.0000000000E+00   1.2435009567E-06   5.0683088926E-01  -1.0334804278E-04   4.5969335953E-06
    4      0.0000000000E+00  -7.7615698286E-02  -9.8689308448E-05  -4.8203766369E-01   4.2284348429E-02
    5      0.0000000000E+00   1.7448376728E-01   3.4508926123E-07   1.0017876283E-02  -1.4543070163E-01
    6      0.0000000000E+00  -6.7219652224E-02   4.8823288376E-01  -1.0831478195E-02   3.6515646688E-02
    7      0.0000000000E+00   3.8812189755E-02   1.0634110289E-02  -5.0063367049E-01  -2.0944482079E-02
    8      0.0000000000E+00   1.7448765400E-01  -8.6894977844E-03  -5.0180943658E-03  -1.4542834647E-01
    9      0.0000000000E+00   6.7222093782E-02   4.8823721486E-01   1.0631881444E-02  -3.6506569220E-02
   10      0.0000000000E+00   3.8812163519E-02  -1.0838506133E-02  -5.0062957169E-01  -2.0944549282E-02
   11      0.0000000000E+00   1.7448654031E-01   8.6844601505E-03  -5.0221515683E-03  -1.4542604986E-01
   12      0.0000000000E+00  -1.3030919861E-06  -2.0438959703E-01   4.1766391316E-05  -1.5868806836E-06
   13      0.0000000000E+00  -2.0513568407E-06   4.1758748784E-05   2.0438965233E-01  -5.4354195582E-05
   14      0.0000000000E+00  -3.9569913900E-01   2.2290691530E-06  -4.6066343693E-05  -7.9077482344E-01
   15      0.0000000000E+00  -2.6251582356E-07  -4.1028832619E-02   8.3813859387E-06  -3.0952185540E-07
   16      0.0000000000E+00  -3.8737250278E-07   8.3838485880E-06   4.1028892082E-02  -1.0914685860E-05
   17      0.0000000000E+00  -4.1159382744E-02  -3.0971146529E-07   1.4898560402E-05   2.6639067754E-01
                   10                 11                 12                 13                 14        
    0      2.8013331453E-02   7.8624005348E-05  -1.5967964632E-07  -2.2033406849E-07  -9.5604280578E-02
    1     -7.8666918972E-05   2.8016931723E-02  -6.7482975031E-07  -9.5603090894E-02   2.0059766727E-07
    2     -9.7088471415E-08   1.1231064912E-06  -4.3063715231E-02   8.1593938313E-07   3.1548368538E-07
    3     -1.8889804997E-01  -5.3085807251E-04   1.9159093543E-06  -3.0846857909E-06   7.8259771364E-01
    4      2.5876264051E-04  -9.2035753523E-02   6.6899637690E-02  -7.7418669204E-02  -4.3623320165E-06
    5      2.2098602822E-03  -7.8857720751E-01   5.7278171191E-01  -2.0526676276E-01  -3.0749791871E-06
    6     -1.1613607579E-01  -4.2281019512E-02   5.7945279369E-02   3.7239100909E-01   1.3759006489E-01
    7     -4.1481107076E-02  -1.6481598534E-01  -3.3447784826E-02   5.6758942620E-01   3.7239748757E-01
    8     -6.8401948586E-01   3.9234807727E-01   5.7282661504E-01   1.0261907262E-01  -1.7773642407E-01
    9     -1.1636589482E-01   4.1629565041E-02  -5.7941155097E-02  -3.7238556011E-01   1.3758526813E-01
   10      4.2404458600E-02  -1.6457912076E-01  -3.3447615978E-02   5.6759613405E-01  -3.7239561482E-01
   11      6.8181303575E-01   3.9617310318E-01   5.7282544288E-01   1.0262086206E-01   1.7773645181E-01
   12     -1.4427312549E-02  -4.0404836189E-05  -9.4112134534E-08  -8.4353452436E-09   4.3564227899E-04
   13      4.0432121449E-05  -1.4427615599E-02  -4.8276910107E-07   4.3487764294E-04  -4.4403300303E-08
   14      2.0399839460E-08   6.1175230266E-07  -1.5750076854E-02   1.7423096650E-07  -1.3570687840E-08
   15      4.5355842360E-03   1.2703744601E-05  -2.9820383449E-08   5.3002226469E-09   9.2354757163E-04
   16     -1.2701278553E-05   4.5355041393E-03   1.6278155895E-07   9.2362819881E-04   1.1810926139E-08
   17     -3.3277667316E-08   3.9253544931E-07  -1.1460863533E-02   1.7437302838E-07  -5.7551568684E-09
                   15                 16                 17        
     0     -1.1389006876E-08   9.7231593374E-02   9.1184195154E-06
     1     -2.3880137227E-05  -9.1370444479E-06   9.7231298445E-02
     2     -1.6362755141E-02  -3.3209841345E-07  -4.7143491556E-06
     3      1.7718060405E-07   4.3926667830E-02  -1.3011661634E-07
     4     -5.7370948988E-01   7.1237095346E-05  -8.0398782497E-01
     5      6.2167830584E-02  -1.0007739965E-05   1.1089255963E-01
     6     -4.9711810791E-01  -5.9192026733E-01   3.6689957439E-01
     7      2.8699511289E-01   3.6710672757E-01  -1.6789826738E-01
     8      6.2209179219E-02   9.6027102117E-02  -5.5411775730E-02
     9      4.9711823775E-01  -5.9185996325E-01  -3.6700654641E-01
    10      2.8699498326E-01  -3.6707091285E-01  -1.6795987743E-01
    11      6.2205680400E-02  -9.6013173535E-02  -5.5426284585E-02
    12      3.6866820412E-08  -7.0558324027E-04  -1.0182748737E-07
    13      1.7246018865E-07   4.9723361542E-08  -7.0568947552E-04
    14     -1.4945347240E-04   1.2112416958E-09  -2.7994923399E-08
    15     -1.0927148407E-08  -6.8480680260E-05   4.6575174986E-09
    16      8.7209532222E-09   1.1166137634E-08  -6.8506876433E-05
    17      1.4138945358E-04   1.7040138911E-10   2.7792070463E-08

#
# The atoms: label  mass x y z (in bohrs)
#
$atoms
6
 C     12.01100      0.000000000000     0.000000000000     2.493579913284
 H      1.00800      0.000000000000     2.050352855305     2.173384717152
 H      1.00800      1.775658485025    -1.025176427652     2.173384717152
 H      1.00800     -1.775658485025    -1.025176427652     2.173384717152
 F     18.99800      0.000000000000     0.000000000000     6.092374362723
 Br    79.90000      0.000000000000     0.000000000000    -1.905702526485

$actual_temperature
  0.000000

$frequency_scale_factor
  1.000000


$end

