
$orca_hessian_file

$act_atom
  0

$act_coord
  0

$act_energy
      -12.687985

$multiplicity
  1

$hessian
18
                    0                  1                  2                  3                  4        
    0      4.6336272980E-01  -1.3660164100E-02  -5.6103983000E-02  -4.2456745500E-02  -1.5105031700E-02
    1     -1.3660164100E-02   4.7913613500E-01  -3.2391884700E-02  -2.0607293000E-02  -2.9236463520E-01
    2     -5.6103983000E-02  -3.2391884700E-02   2.3374617970E-01  -4.1343180000E-04  -3.3898605700E-02
    3     -4.2456745500E-02  -2.0607293000E-02  -4.1343180000E-04   4.4167366900E-02   1.6327201400E-02
    4     -1.5105031700E-02  -2.9236463520E-01  -3.3898605700E-02   1.6327201400E-02   3.2508552140E-01
    5     -9.1071770000E-04  -3.7525936000E-02  -4.1638272900E-02   3.1083466000E-03   3.9236222500E-02
    6     -2.4535014700E-01   1.0204043100E-01  -2.9579299200E-02   2.8054120000E-04   1.1772349000E-03
    7      9.6542782600E-02  -8.9481745000E-02   1.6588433500E-02   2.9985777000E-02  -1.7704247400E-02
    8     -3.2954445600E-02   1.7972865000E-02  -4.1651449800E-02   3.4681263000E-03  -6.7059510000E-04
    9     -1.5404728010E-01  -6.6680920400E-02   9.8249852000E-02  -1.3451169000E-03  -1.7275684000E-03
   10     -6.6688033700E-02  -7.7035583000E-02   5.6668867100E-02  -2.1637464700E-02  -1.5364816500E-02
   11      1.0276731000E-01   5.9330367000E-02  -9.4713408800E-02  -2.9775771000E-03  -1.3388034000E-03
   12      7.4496360000E-04   5.8904880000E-04  -6.5503906000E-03  -7.4393300000E-05   3.7674820000E-04
   13      5.9205680000E-04   6.0035700000E-05  -3.7491968000E-03   6.7816110000E-04   1.3600544000E-03
   14      1.5221770000E-03   8.7911870000E-04  -1.4351873100E-02   6.4149040000E-04   5.3109800000E-04
   15     -2.2253520900E-02  -1.6811024000E-03  -5.6027474000E-03  -5.7165230000E-04  -1.0485845000E-03
   16     -1.6816100000E-03  -2.0314207400E-02  -3.2176135000E-03  -4.7463819000E-03  -1.0118768000E-03
   17     -1.4320340700E-02  -8.2645299000E-03  -4.1391175100E-02  -3.8269543000E-03  -3.8593163000E-03
                    5                  6                  7                  8                  9        
    0     -9.1071770000E-04  -2.4535014700E-01   9.6542782600E-02  -3.2954445600E-02  -1.5404728010E-01
    1     -3.7525936000E-02   1.0204043100E-01  -8.9481745000E-02   1.7972865000E-02  -6.6680920400E-02
    2     -4.1638272900E-02  -2.9579299200E-02   1.6588433500E-02  -4.1651449800E-02   9.8249852000E-02
    3      3.1083466000E-03   2.8054120000E-04   2.9985777000E-02   3.4681263000E-03  -1.3451169000E-03
    4      3.9236222500E-02   1.1772349000E-03  -1.7704247400E-02  -6.7059510000E-04  -1.7275684000E-03
    5      5.0886605600E-02   1.1490685000E-03   3.3418045000E-03   1.9954348000E-03   1.3182213000E-03
    6      1.1490685000E-03   2.6898732980E-01  -1.1349122170E-01   3.5532263400E-02  -2.1971934500E-02
    7      3.3418045000E-03  -1.1349122170E-01   1.0026888700E-01  -1.6929876500E-02  -9.7263034000E-03
    8      1.9954348000E-03   3.5532263400E-02  -1.6929876500E-02   5.0885862900E-02   1.4320520100E-02
    9      1.3182213000E-03  -2.1971934500E-02  -9.7263034000E-03   1.4320520100E-02   1.7631656970E-01
   10      1.5774757900E-02   1.0188108000E-02   5.2648231000E-03  -6.7505976000E-03   7.5357676400E-02
   11      5.1451177000E-03  -2.6550537000E-03  -1.9118348000E-03   5.1422338000E-03  -1.0761779010E-01
   12     -3.1527980000E-04   1.4589052000E-03  -2.0610480000E-04  -4.6980900000E-04  -3.1882640000E-03
   13     -3.5998310000E-04  -5.0942040000E-04  -1.7283820000E-04  -9.1442000000E-05  -5.8484000000E-06
   14     -7.6852820000E-04   7.8536600000E-04   2.9266390000E-04  -7.6537860000E-04  -1.9715451000E-03
   15     -4.3496389000E-03  -3.4046947000E-03  -3.1049298000E-03  -1.9896655200E-02   4.2360258000E-03
   16     -2.0466865900E-02   5.9486810000E-04   1.8251205000E-03   6.4696461000E-03   2.7829641000E-03
   17     -1.5620357000E-02  -5.2323451000E-03  -1.3811906000E-03  -1.5606703100E-02  -4.2992583000E-03
                   10                 11                 12                 13                 14        
    0     -6.6688033700E-02   1.0276731000E-01   7.4496360000E-04   5.9205680000E-04   1.5221770000E-03
    1     -7.7035583000E-02   5.9330367000E-02   5.8904880000E-04   6.0035700000E-05   8.7911870000E-04
    2      5.6668867100E-02  -9.4713408800E-02  -6.5503906000E-03  -3.7491968000E-03  -1.4351873100E-02
    3     -2.1637464700E-02  -2.9775771000E-03  -7.4393300000E-05   6.7816110000E-04   6.4149040000E-04
    4     -1.5364816500E-02  -1.3388034000E-03   3.7674820000E-04   1.3600544000E-03   5.3109800000E-04
    5      1.5774757900E-02   5.1451177000E-03  -3.1527980000E-04  -3.5998310000E-04  -7.6852820000E-04
    6      1.0188108000E-02  -2.6550537000E-03   1.4589052000E-03  -5.0942040000E-04   7.8536600000E-04
    7      5.2648231000E-03  -1.9118348000E-03  -2.0610480000E-04  -1.7283820000E-04   2.9266390000E-04
    8     -6.7505976000E-03   5.1422338000E-03  -4.6980900000E-04  -9.1442000000E-05  -7.6537860000E-04
    9      7.5357676400E-02  -1.0761779010E-01  -3.1882640000E-03  -5.8484000000E-06  -1.9715451000E-03
   10      8.9295924000E-02  -6.2159448600E-02  -1.0884100000E-05  -3.1845229000E-03  -1.1101409000E-03
   11     -6.2159448600E-02   1.1014536140E-01   6.3374667000E-03   3.6757644000E-03  -5.3034588000E-03
   12     -1.0884100000E-05   6.3374667000E-03  -2.4527390000E-04  -9.5307440000E-04  -2.8988170000E-03
   13     -3.1845229000E-03   3.6757644000E-03  -9.5307440000E-04   8.6442670000E-04  -1.6909374000E-03
   14     -1.1101409000E-03  -5.3034588000E-03  -2.8988170000E-03  -1.6909374000E-03   2.6506903900E-02
   15      2.7905981000E-03   4.1456442000E-03   1.3040624000E-03   1.9812530000E-04   1.9213287000E-03
   16      1.0241753000E-03   2.4039554000E-03   2.0426640000E-04   1.0728443000E-03   1.0981977000E-03
   17     -2.4234381000E-03  -2.0415845400E-02   3.8968298000E-03   2.2157948000E-03  -5.3176652000E-03
                   15                 16                 17        
     0     -2.2253520900E-02  -1.6816100000E-03  -1.4320340700E-02
     1     -1.6811024000E-03  -2.0314207400E-02  -8.2645299000E-03
     2     -5.6027474000E-03  -3.2176135000E-03  -4.1391175100E-02
     3     -5.7165230000E-04  -4.7463819000E-03  -3.8269543000E-03
     4     -1.0485845000E-03  -1.0118768000E-03  -3.8593163000E-03
     5     -4.3496389000E-03  -2.0466865900E-02  -1.5620357000E-02
     6     -3.4046947000E-03   5.9486810000E-04  -5.2323451000E-03
     7     -3.1049298000E-03   1.8251205000E-03  -1.3811906000E-03
     8     -1.9896655200E-02   6.4696461000E-03  -1.5606703100E-02
     9      4.2360258000E-03   2.7829641000E-03  -4.2992583000E-03
    10      2.7905981000E-03   1.0241753000E-03  -2.4234381000E-03
    11      4.1456442000E-03   2.4039554000E-03  -2.0415845400E-02
    12      1.3040624000E-03   2.0426640000E-04   3.8968298000E-03
    13      1.9812530000E-04   1.0728443000E-03   2.2157948000E-03
    14      1.9213287000E-03   1.0981977000E-03  -5.3176652000E-03
    15      2.0689779600E-02   2.8458933000E-03   2.3782068600E-02
    16      2.8458933000E-03   1.7403944200E-02   1.3712680200E-02
    17      2.3782068600E-02   1.3712680200E-02   9.8351745800E-02

$vibrational_frequencies
18
    0        0.0000000000000000
    1        0.0000000000000000
    2        0.0000000000000000
    3        0.0000000000000000
    4        0.0000000000000000
    5        0.0000000000000000
    6     -147.5011760735771986
    7      175.6113038446751489
    8      198.0916197721574008
    9      476.0293521885861310
   10      765.2703211588928980
   11      954.0308295434174397
   12     1265.4426615954857880
   13     1413.8943422705699504
   14     1439.1319306176469581
   15     2906.0320973659790980
   16     3050.3039983659091376
   17     3058.9718230938715351

$normal_modes
18 18
                    0                  1                  2                  3                  4        
    0      0.0000000000E+00   0.0000000000E+00   0.0000000000E+00   0.0000000000E+00   0.0000000000E+00
    1      0.0000000000E+00   0.0000000000E+00   0.0000000000E+00   0.0000000000E+00   0.0000000000E+00
    2      0.0000000000E+00   0.0000000000E+00   0.0000000000E+00   0.0000000000E+00   0.0000000000E+00
    3      0.0000000000E+00   0.0000000000E+00   0.0000000000E+00   0.0000000000E+00   0.0000000000E+00
    4      0.0000000000E+00   0.0000000000E+00   0.0000000000E+00   0.0000000000E+00   0.0000000000E+00
    5      0.0000000000E+00   0.0000000000E+00   0.0000000000E+00   0.0000000000E+00   0.0000000000E+00
    6      0.0000000000E+00   0.0000000000E+00   0.0000000000E+00   0.0000000000E+00   0.0000000000E+00
    7      0.0000000000E+00   0.0000000000E+00   0.0000000000E+00   0.0000000000E+00   0.0000000000E+00
    8      0.0000000000E+00   0.0000000000E+00   0.0000000000E+00   0.0000000000E+00   0.0000000000E+00
    9      0.0000000000E+00   0.0000000000E+00   0.0000000000E+00   0.0000000000E+00   0.0000000000E+00
   10      0.0000000000E+00   0.0000000000E+00   0.0000000000E+00   0.0000000000E+00   0.0000000000E+00
   11      0.0000000000E+00   0.0000000000E+00   0.0000000000E+00   0.0000000000E+00   0.0000000000E+00
   12      0.0000000000E+00   0.0000000000E+00   0.0000000000E+00   0.0000000000E+00   0.0000000000E+00
   13      0.0000000000E+00   0.0000000000E+00   0.0000000000E+00   0.0000000000E+00   0.0000000000E+00
   14      0.0000000000E+00   0.0000000000E+00   0.0000000000E+00   0.0000000000E+00   0.0000000000E+00
   15      0.0000000000E+00   0.0000000000E+00   0.0000000000E+00   0.0000000000E+00   0.0000000000E+00
   16      0.0000000000E+00   0.0000000000E+00   0.0000000000E+00   0.0000000000E+00   0.0000000000E+00
   17      0.0000000000E+00   0.0000000000E+00   0.0000000000E+00   0.0000000000E+00   0.0000000000E+00
                    5                  6                  7                  8                  9        
    0      0.0000000000E+00   2.9487928772E-01   8.1069822751E-02  -6.8597767625E-02  -1.9796953227E-01
    1      0.0000000000E+00   1.7008487702E-01  -1.4059990425E-01  -4.3130201562E-02  -1.1367998460E-01
    2      0.0000000000E+00  -1.2467391915E-01  -3.7937181060E-04   5.2513482294E-02  -6.0161382750E-01
    3      0.0000000000E+00   3.5101027522E-01  -4.4469493753E-01  -1.0112339189E-01  -1.4367380537E-01
    4      0.0000000000E+00   1.9565009157E-01  -1.3449663826E-01  -5.7074608614E-02  -1.2120840036E-01
    5      0.0000000000E+00  -2.7437590485E-01   1.9072146863E-01   1.6628357729E-01  -4.5068951172E-01
    6      0.0000000000E+00   3.4550942707E-01   3.3862592482E-01  -8.7252826326E-02  -1.7894183208E-01
    7      0.0000000000E+00   2.0667577242E-01   3.1774039930E-01  -4.7047531136E-02  -6.6016459600E-02
    8      0.0000000000E+00  -2.7467459275E-01  -1.9122963081E-01   1.5916725249E-01  -4.5029401521E-01
    9      0.0000000000E+00   4.8914040746E-01   3.4072569514E-01  -1.7452027826E-01  -4.3299020630E-02
   10      0.0000000000E+00   2.8172131806E-01  -5.9053183887E-01  -1.1535302034E-01  -2.3626864249E-02
   11      0.0000000000E+00   2.2602341915E-01  -5.3870734416E-04  -1.3831885579E-01  -3.0219738431E-01
   12      0.0000000000E+00  -1.2747234335E-01  -3.2464313496E-02   8.1994275057E-02   1.3437059173E-02
   13      0.0000000000E+00  -7.3530414300E-02   5.6089137833E-02   4.8738106528E-02   7.5653468387E-03
   14      0.0000000000E+00  -2.9769133529E-02   1.2909551900E-03  -8.9516388444E-01   7.2426611730E-02
   15      0.0000000000E+00  -2.8976482307E-02  -7.4281170108E-03  -4.6057544700E-03   3.1181186199E-02
   16      0.0000000000E+00  -1.6714370546E-02   1.2937551838E-02  -2.3361543867E-03   1.7950217445E-02
   17      0.0000000000E+00   2.9895165667E-02  -2.3671698869E-04   2.0259017536E-01   8.8395860713E-02
                   10                 11                 12                 13                 14        
    0     -1.0534086727E-01  -5.3114563221E-02  -1.0445601293E-03  -3.3131451068E-02  -6.6017139822E-02
    1     -6.1009347468E-02   9.1901478458E-02  -6.2343777711E-04   5.7258178657E-02  -3.8152636486E-02
    2      3.8533885047E-02   1.1852757698E-04  -9.8537009958E-02   2.9959958973E-05   4.5421503391E-03
    3      7.0075980751E-02   2.6415322432E-01   1.8402000829E-02   2.7127353803E-01   6.8430455523E-01
    4     -8.0791111582E-03  -3.7073973019E-02  -9.0238554979E-02   5.3968585516E-02  -6.4275960720E-02
    5     -2.8385152494E-01   6.1527992871E-01   6.2360354346E-01  -3.6402174677E-01   4.8261914105E-02
    6      2.8606024414E-02  -9.9866546985E-02  -6.8802084205E-02  -1.8204566521E-01   2.8674546931E-01
    7      6.5479185512E-02  -2.4721293512E-01   6.1169206093E-02  -2.0709553046E-01   6.2497764943E-01
    8     -2.8338115409E-01  -6.1567300042E-01   6.2319471457E-01   3.6442336300E-01   4.7826773647E-02
    9      3.4689099931E-01   1.4920540159E-01   2.3106101465E-01   3.8016016809E-01  -1.2374796964E-01
   10      2.0039375636E-01  -2.5794546028E-01   1.3362761360E-01  -6.5821613764E-01  -7.0873969133E-02
   11      8.0735765423E-01   5.2367797762E-04   3.5326409221E-01   2.2274217278E-04  -1.5487376319E-01
   12      9.2778567729E-03  -7.4258756922E-04   1.2931544661E-03  -1.0268928715E-03  -3.4639962705E-04
   13      5.3890970292E-03   1.2959181384E-03   7.4944630210E-04   1.7851987183E-03  -2.0370358790E-04
   14     -1.3747305610E-02  -2.3711209821E-05  -1.8482195243E-03  -1.4577116432E-05   1.1519854609E-03
   15      8.0081457479E-03   4.2060911380E-03  -2.4296289807E-03  -6.9702597855E-04  -6.8294999788E-04
   16      4.6376098337E-03  -7.2825817670E-03  -1.4035619592E-03   1.2038878366E-03  -3.9580805670E-04
   17     -5.5532560240E-03  -1.3827537856E-05  -4.9339467825E-03  -8.9144715194E-06  -2.1509175805E-04
                   15                 16                 17        
     0     -5.0782465411E-02  -5.5766375870E-02  -4.5920230230E-02
     1     -2.9336890331E-02  -3.2420528255E-02   7.9235853382E-02
     2      4.2820935138E-02  -9.9060495836E-03  -1.8361331041E-05
     3     -2.2744315006E-02   1.5287198116E-02  -6.4888797941E-02
     4     -8.2164616482E-02   6.9823808666E-01  -6.9210918802E-01
     5      2.9022793585E-03   9.5626186262E-02  -9.7275658645E-02
     6     -8.2726985703E-02   6.0962904639E-01   6.3448908706E-01
     7      2.1492319151E-02  -3.3465758539E-01  -2.9139575904E-01
     8      2.8588937953E-03   9.5221607030E-02   9.7684894998E-02
     9      7.1996782933E-01   4.5444743487E-02  -2.1540478249E-02
    10      4.1570075504E-01   2.6135349589E-02   3.7821174923E-02
    11     -5.3756300238E-01  -5.8031052237E-02  -2.2265671754E-04
    12     -1.0206885056E-03   9.5036020390E-05   1.1802916523E-04
    13     -5.9036946892E-04   5.4970685994E-05  -2.0446445975E-04
    14      2.2152007421E-05   1.2510662338E-04   8.2161765962E-07
    15      1.2423944217E-04  -9.6613637602E-05  -3.9283130766E-05
    16      7.1496164820E-05  -5.6006832087E-05   6.7982767814E-05
    17      2.6674778582E-04  -2.1620136503E-04   2.1097098619E-07

#
# The atoms: label  mass x y z (in bohrs)
#
$atoms
6
 C     12.01100      0.778641130248     0.449527367062     1.740880318726
 H      1.00800      0.917010043852     2.472278851643     2.039512154900
 H      1.00800      2.599559448659    -0.442057347683     2.039505814890
 H      1.00800     -0.635269005196    -0.366770420409     2.997770108041
 F     18.99800     -0.463912643606    -0.267834653134     6.419895006649
 Br    79.90000     -0.043093831081    -0.024877461299    -1.877450328248

$actual_temperature
  0.000000

$frequency_scale_factor
  1.000000


$end

