
$orca_hessian_file

$act_atom
  0

$act_coord
  0

$act_energy
      -12.692821

$multiplicity
  1

$hessian
18
                    0                  1                  2                  3                  4        
    0      5.1069097110E-01   3.0580000000E-07  -1.6538000000E-06  -4.1374787000E-02  -1.5871000000E-06
    1      3.0580000000E-07   5.1069118340E-01   2.8950000000E-06  -1.6575000000E-06  -2.8248114140E-01
    2     -1.6538000000E-06   2.8950000000E-06   1.3520328150E-01  -3.8960000000E-07  -7.7488054400E-02
    3     -4.1374787000E-02  -1.6575000000E-06  -3.8960000000E-07   4.4647677800E-02   1.7650000000E-06
    4     -1.5871000000E-06  -2.8248114140E-01  -7.7488054400E-02   1.7650000000E-06   3.1573054120E-01
    5     -4.8080000000E-07  -8.5279221000E-02  -4.4511521500E-02   5.3500000000E-07   8.2188175200E-02
    6     -2.2219860150E-01   1.0440042550E-01  -6.7104712200E-02  -1.5106371000E-03   2.0009565000E-03
    7      1.0439960580E-01  -1.0164739050E-01   3.8742235700E-02   2.6649571900E-02  -1.8053831000E-02
    8     -7.3851244700E-02   4.2638151400E-02  -4.4511484700E-02   6.1715566000E-03  -3.1071835000E-03
    9     -2.2220009250E-01  -1.0439907350E-01   6.7106543700E-02  -1.5109810000E-03  -2.0011514000E-03
   10     -1.0439834570E-01  -1.0164537130E-01   3.8742337500E-02  -2.6649665100E-02  -1.8053504700E-02
   11      7.3853013300E-02   4.2638132600E-02  -4.4512473000E-02  -6.1715585000E-03  -3.1071036000E-03
   12     -4.9478659000E-03   9.4000000000E-09   1.2370000000E-07  -7.7117500000E-04   7.2000000000E-09
   13      1.1100000000E-08  -4.9482543000E-03   6.4430000000E-07   1.7000000000E-08   2.3775360000E-04
   14      1.8420000000E-07  -1.2230000000E-07   1.7612597500E-02  -5.1500000000E-08   1.0275243000E-03
   15     -1.9969624300E-02  -9.6000000000E-09   8.8300000000E-08   5.1990230000E-04   9.8000000000E-09
   16      1.0200000000E-08  -1.9969025900E-02  -5.8100000000E-08  -3.1300000000E-08   2.6201823000E-03
   17      1.8180000000E-07   1.6440000000E-07  -1.9280399700E-02  -9.1900000000E-08   4.8664200000E-04
                    5                  6                  7                  8                  9        
    0     -4.8080000000E-07  -2.2219860150E-01   1.0439960580E-01  -7.3851244700E-02  -2.2220009250E-01
    1     -8.5279221000E-02   1.0440042550E-01  -1.0164739050E-01   4.2638151400E-02  -1.0439907350E-01
    2     -4.4511521500E-02  -6.7104712200E-02   3.8742235700E-02  -4.4511484700E-02   6.7106543700E-02
    3      5.3500000000E-07  -1.5106371000E-03   2.6649571900E-02   6.1715566000E-03  -1.5109810000E-03
    4      8.2188175200E-02   2.0009565000E-03  -1.8053831000E-02  -3.1071835000E-03  -2.0011514000E-03
    5      6.9209519500E-02   3.9478080000E-04   6.8985825000E-03   3.1943496000E-03  -3.9467210000E-04
    6      3.9478080000E-04   2.4795421450E-01  -1.1737890470E-01   7.1175392000E-02  -2.6325086800E-02
    7      6.8985825000E-03  -1.1737890470E-01   1.1241671190E-01  -4.1093086100E-02  -1.2324217300E-02
    8      3.1943496000E-03   7.1175392000E-02  -4.1093086100E-02   6.9209246600E-02   5.7765835000E-03
    9     -3.9467210000E-04  -2.6325086800E-02  -1.2324217300E-02   5.7765835000E-03   2.4795596180E-01
   10      6.8987715000E-03   1.2324531900E-02   6.7594949000E-03  -3.7909232000E-03   1.1737743700E-01
   11      3.1943891000E-03  -5.7764212000E-03  -3.7907785000E-03   3.1943348000E-03  -7.1177159300E-02
   12     -2.2100000000E-08  -1.4640600000E-05  -4.3677490000E-04   2.9856040000E-03  -1.4649800000E-05
   13      3.4475126000E-03  -4.3735390000E-04  -5.1924060000E-04  -1.7239773000E-03   4.3732920000E-04
   14     -1.1804481300E-02   8.8969220000E-04  -5.1347250000E-04  -1.1804420700E-02  -8.8981100000E-04
   15     -1.4080000000E-07   2.0947515000E-03  -9.0928080000E-04  -1.2257891400E-02   2.0948482000E-03
   16     -1.4153820800E-02  -9.0965530000E-04   1.0442554000E-03   7.0770186000E-03   9.0967610000E-04
   17     -1.9282255500E-02   4.2126850000E-04  -2.4348110000E-04  -1.9282025500E-02  -4.2148490000E-04
                   10                 11                 12                 13                 14        
    0     -1.0439834570E-01   7.3853013300E-02  -4.9478659000E-03   1.1100000000E-08   1.8420000000E-07
    1     -1.0164537130E-01   4.2638132600E-02   9.4000000000E-09  -4.9482543000E-03  -1.2230000000E-07
    2      3.8742337500E-02  -4.4512473000E-02   1.2370000000E-07   6.4430000000E-07   1.7612597500E-02
    3     -2.6649665100E-02  -6.1715585000E-03  -7.7117500000E-04   1.7000000000E-08  -5.1500000000E-08
    4     -1.8053504700E-02  -3.1071036000E-03   7.2000000000E-09   2.3775360000E-04   1.0275243000E-03
    5      6.8987715000E-03   3.1943891000E-03  -2.2100000000E-08   3.4475126000E-03  -1.1804481300E-02
    6      1.2324531900E-02  -5.7764212000E-03  -1.4640600000E-05  -4.3735390000E-04   8.8969220000E-04
    7      6.7594949000E-03  -3.7907785000E-03  -4.3677490000E-04  -5.1924060000E-04  -5.1347250000E-04
    8     -3.7909232000E-03   3.1943348000E-03   2.9856040000E-03  -1.7239773000E-03  -1.1804420700E-02
    9      1.1737743700E-01  -7.1177159300E-02  -1.4649800000E-05   4.3732920000E-04  -8.8981100000E-04
   10      1.1241439590E-01  -4.1093231800E-02   4.3676840000E-04  -5.1924770000E-04  -5.1346300000E-04
   11     -4.1093231800E-02   6.9210194400E-02  -2.9856920000E-03  -1.7239221000E-03  -1.1804356100E-02
   12      4.3676840000E-04  -2.9856920000E-03   4.0351074000E-03  -6.6000000000E-09   8.6500000000E-08
   13     -5.1924770000E-04  -1.7239221000E-03  -6.6000000000E-09   4.0354806000E-03  -2.3240000000E-07
   14     -5.1346300000E-04  -1.1804356100E-02   8.6500000000E-08  -2.3240000000E-07   3.6587020400E-02
   15      9.0927360000E-04   1.2257817700E-02   1.7132239000E-03   3.1000000000E-09  -1.0030000000E-07
   16      1.0442330000E-03   7.0769034000E-03  -3.5000000000E-09   1.7135083000E-03  -2.3400000000E-07
   17     -2.4349100000E-04  -1.9282089200E-02  -1.0000000000E-07  -2.5100000000E-08  -1.8786359800E-02
                   15                 16                 17        
     0     -1.9969624300E-02   1.0200000000E-08   1.8180000000E-07
     1     -9.6000000000E-09  -1.9969025900E-02   1.6440000000E-07
     2      8.8300000000E-08  -5.8100000000E-08  -1.9280399700E-02
     3      5.1990230000E-04  -3.1300000000E-08  -9.1900000000E-08
     4      9.8000000000E-09   2.6201823000E-03   4.8664200000E-04
     5     -1.4080000000E-07  -1.4153820800E-02  -1.9282255500E-02
     6      2.0947515000E-03  -9.0965530000E-04   4.2126850000E-04
     7     -9.0928080000E-04   1.0442554000E-03  -2.4348110000E-04
     8     -1.2257891400E-02   7.0770186000E-03  -1.9282025500E-02
     9      2.0948482000E-03   9.0967610000E-04  -4.2148490000E-04
    10      9.0927360000E-04   1.0442330000E-03  -2.4349100000E-04
    11      1.2257817700E-02   7.0769034000E-03  -1.9282089200E-02
    12      1.7132239000E-03  -3.5000000000E-09  -1.0000000000E-07
    13      3.1000000000E-09   1.7135083000E-03  -2.5100000000E-08
    14     -1.0030000000E-07  -2.3400000000E-07  -1.8786359800E-02
    15      1.3546898400E-02   3.9000000000E-09   2.2650000000E-07
    16      3.9000000000E-09   1.3546846900E-02   1.9090000000E-07
    17      2.2650000000E-07   1.9090000000E-07   9.5913129700E-02

$vibrational_frequencies
18
    0        0.0000000000000000
    1        0.0000000000000000
    2        0.0000000000000000
    3        0.0000000000000000
    4        0.0000000000000000
    5        0.0000000000000000
    6      179.9216225509276512
    7      179.9298587274614647
    8      216.7922853957981033
    9      333.8427433020614785
   10      937.1990960123547438
   11      937.2087919718777584
   12     1235.5962367358079064
   13     1443.4865014998067636
   14     1443.4904075370325245
   15     3085.0550297000795581
   16     3101.6174672402412398
   17     3101.6457991989727816

$normal_modes
18 18
                    0                  1                  2                  3                  4        
    0      0.0000000000E+00   0.0000000000E+00   0.0000000000E+00   0.0000000000E+00   0.0000000000E+00
    1      0.0000000000E+00   0.0000000000E+00   0.0000000000E+00   0.0000000000E+00   0.0000000000E+00
    2      0.0000000000E+00   0.0000000000E+00   0.0000000000E+00   0.0000000000E+00   0.0000000000E+00
    3      0.0000000000E+00   0.0000000000E+00   0.0000000000E+00   0.0000000000E+00   0.0000000000E+00
    4      0.0000000000E+00   0.0000000000E+00   0.0000000000E+00   0.0000000000E+00   0.0000000000E+00
    5      0.0000000000E+00   0.0000000000E+00   0.0000000000E+00   0.0000000000E+00   0.0000000000E+00
    6      0.0000000000E+00   0.0000000000E+00   0.0000000000E+00   0.0000000000E+00   0.0000000000E+00
    7      0.0000000000E+00   0.0000000000E+00   0.0000000000E+00   0.0000000000E+00   0.0000000000E+00
    8      0.0000000000E+00   0.0000000000E+00   0.0000000000E+00   0.0000000000E+00   0.0000000000E+00
    9      0.0000000000E+00   0.0000000000E+00   0.0000000000E+00   0.0000000000E+00   0.0000000000E+00
   10      0.0000000000E+00   0.0000000000E+00   0.0000000000E+00   0.0000000000E+00   0.0000000000E+00
   11      0.0000000000E+00   0.0000000000E+00   0.0000000000E+00   0.0000000000E+00   0.0000000000E+00
   12      0.0000000000E+00   0.0000000000E+00   0.0000000000E+00   0.0000000000E+00   0.0000000000E+00
   13      0.0000000000E+00   0.0000000000E+00   0.0000000000E+00   0.0000000000E+00   0.0000000000E+00
   14      0.0000000000E+00   0.0000000000E+00   0.0000000000E+00   0.0000000000E+00   0.0000000000E+00
   15      0.0000000000E+00   0.0000000000E+00   0.0000000000E+00   0.0000000000E+00   0.0000000000E+00
   16      0.0000000000E+00   0.0000000000E+00   0.0000000000E+00   0.0000000000E+00   0.0000000000E+00
   17      0.0000000000E+00   0.0000000000E+00   0.0000000000E+00   0.0000000000E+00   0.0000000000E+00
                    5                  6                  7                  8                  9        
    0      0.0000000000E+00   4.4339843013E-01  -5.8997198336E-03  -7.2851941193E-06   3.6796614612E-07
    1      0.0000000000E+00   5.8996586818E-03   4.4340280747E-01  -9.5792814655E-05  -1.0853585524E-05
    2      0.0000000000E+00   1.9038243682E-06   2.3417682080E-05   3.8050610491E-01   7.6126212878E-01
    3      0.0000000000E+00   4.9338192434E-01  -6.5667863017E-03  -9.8971184507E-06  -2.3440069142E-06
    4      0.0000000000E+00   6.6075440272E-03   4.9656385295E-01   8.0509360603E-02   9.8120404056E-02
    5      0.0000000000E+00  -2.0154000710E-03  -1.5134445945E-01   4.3323306863E-02   3.4595367804E-01
    6      0.0000000000E+00   4.9574123742E-01  -7.9717300539E-03   6.9806303035E-02   8.4982156166E-02
    7      0.0000000000E+00   5.1958699945E-03   4.9418693110E-01  -4.0405060536E-02  -4.9070648402E-02
    8      0.0000000000E+00  -1.3006755152E-01   7.7421678433E-02   4.3289483519E-02   3.4596354740E-01
    9      0.0000000000E+00   4.9577791559E-01  -5.2188606545E-03  -6.9825597332E-02  -8.4986149849E-02
   10      0.0000000000E+00   7.9538389310E-03   4.9414749567E-01  -4.0404770757E-02  -4.9070247393E-02
   11      0.0000000000E+00   1.3208073759E-01   7.3932952504E-02   4.3285389036E-02   3.4596110816E-01
   12      0.0000000000E+00  -1.7900074819E-01   2.3817274048E-03   2.9939302014E-06   9.9784636318E-09
   13      0.0000000000E+00  -2.3817145834E-03  -1.7900190754E-01   3.7698959508E-05   3.5805068536E-06
   14      0.0000000000E+00  -3.6082065237E-06  -3.8060232385E-05  -8.9787428145E-01   9.8647206299E-02
   15      0.0000000000E+00  -4.2825814971E-02   5.6982370102E-04   7.5154851979E-07   2.2267574031E-08
   16      0.0000000000E+00  -5.6981599185E-04  -4.2826162040E-02   9.2269977276E-06   1.0387436639E-06
   17      0.0000000000E+00   5.9966945772E-07   5.4010720349E-06   1.5465105642E-01  -1.5098623798E-01
                   10                 11                 12                 13                 14        
    0      9.9159620216E-04  -9.0685107254E-02   9.1524099236E-08   7.4800778610E-02  -4.3533085285E-03
    1      9.0684765583E-02   9.9157925750E-04  -9.3351968674E-07  -4.3532092178E-03  -7.4799581920E-02
    2      5.8279591817E-07   3.6400982938E-07   6.2499660874E-02  -3.8913077539E-07  -1.7107785313E-06
    3     -2.7804010234E-03   2.5443886544E-01  -1.1407719642E-06  -7.4706054347E-01   4.3473645442E-02
    4     -1.6627188032E-01  -1.8189084250E-03   1.6736952874E-01  -7.0829140746E-03  -1.2178441323E-01
    5      7.5410181431E-01   8.2417520891E-03  -5.5122950219E-01   1.7242568069E-02   2.9625626126E-01
    6     -4.0240634001E-02   1.8789455706E-01   1.4495810292E-01  -7.3535614035E-02   3.8176762281E-01
    7     -2.3282046869E-01   3.5636044760E-02  -8.3678124478E-02  -3.4538729566E-01   5.5174378568E-01
    8     -3.6990131702E-01  -6.5718816200E-01  -5.5125360083E-01  -2.6516575727E-01  -1.3318234097E-01
    9      3.6120765466E-02   1.8873380315E-01  -1.4496131045E-01  -1.1731589675E-01  -3.7065638208E-01
   10     -2.3198902601E-01  -4.0718666714E-02  -8.3678659101E-02   4.0705545351E-01   5.0795985444E-01
   11     -3.8417731422E-01   6.4894656566E-01  -5.5125142387E-01   2.4792751053E-01  -1.6303763349E-01
   12      6.3955561144E-05  -5.8552348184E-03   8.1102872029E-08  -6.6476923867E-04   3.8631656560E-05
   13      5.8556871073E-03   6.3983977065E-05   2.2093584636E-07   3.8673539827E-05   6.6439477372E-04
   14     -7.8477590842E-07  -2.1575221519E-08   1.9802411643E-02   2.4511119504E-08  -1.8363473174E-07
   15     -7.7216746182E-05   7.0630889970E-03   2.1814715667E-08   7.4608867086E-04  -4.3403012996E-05
   16     -7.0629666716E-03  -7.7205049260E-05  -7.2990673119E-08  -4.3432412020E-05  -7.4627001480E-04
   17     -1.9348344153E-07  -5.1554905605E-08   6.7593837291E-03  -1.8486723473E-09  -1.5694915251E-07
                   15                 16                 17        
     0      4.7449928089E-06  -9.2297178377E-02  -2.2346685379E-03
     1     -8.2104466266E-05   2.2346406271E-03  -9.2296447831E-02
     2      3.5728752259E-02   3.0924411643E-06  -3.4346612186E-05
     3      1.6244083014E-06  -4.3973751954E-02  -1.0597399154E-03
     4     -5.5573417047E-01  -1.8779332925E-02   7.7457893909E-01
     5     -1.5241271351E-01  -5.9171349115E-03   2.4411290751E-01
     6     -4.8222699104E-01   5.7807464071E-01  -3.3996389315E-01
     7      2.7837168385E-01  -3.5807868169E-01   1.5168453034E-01
     8     -1.5275217051E-01   2.1422283565E-01  -1.1672109171E-01
     9      4.8216911986E-01   5.6100265639E-01   3.6753793433E-01
    10      2.7833639652E-01   3.5034443760E-01   1.6882844986E-01
    11     -1.5273433944E-01  -2.0834471816E-01  -1.2695226748E-01
    12      2.7380116118E-08   2.9585308278E-04   7.1652980055E-06
    13      3.4176759795E-07  -7.1200674962E-06   2.9590597835E-04
    14      6.3395753089E-04   4.1749264207E-08  -5.7819350317E-07
    15     -1.0206860334E-08  -1.1308897156E-05  -2.7457064846E-07
    16     -2.5498564719E-08   2.5887484207E-07  -1.1284624933E-05
    17      2.5507445178E-04   1.7435508557E-08  -2.4459358552E-07

#
# The atoms: label  mass x y z (in bohrs)
#
$atoms
6
 C     12.01100     -0.000001351104    -0.000002356067     1.941920672163
 H      1.00800     -0.000000832560     1.943551102024     2.566772901199
 H      1.00800      1.683166006488    -0.971779261579     2.566771634904
 H      1.00800     -1.683168200872    -0.971779567141     2.566771166711
 F     18.99800      0.000000479589     0.000001310910     6.169172638424
 Br    79.90000      0.000000127260     0.000000139957    -1.855923269168

$actual_temperature
  0.000000

$frequency_scale_factor
  1.000000


$end

