
$orca_hessian_file

$act_atom
  0

$act_coord
  0

$act_energy
      -12.687985

$multiplicity
  1

$hessian
18
                    0                  1                  2                  3                  4        
    0      4.6320477930E-01  -1.3638557400E-02  -5.6561376100E-02  -4.2451331100E-02  -1.5134529000E-02
    1     -1.3638557400E-02   4.7895665000E-01  -3.2655569100E-02  -2.0670884500E-02  -2.9232625740E-01
    2     -5.6561376100E-02  -3.2655569100E-02   2.3434007230E-01  -4.1039750000E-04  -3.3669356300E-02
    3     -4.2451331100E-02  -2.0670884500E-02  -4.1039750000E-04   4.4163050800E-02   1.6369066800E-02
    4     -1.5134529000E-02  -2.9232625740E-01  -3.3669356300E-02   1.6369066800E-02   3.2505553600E-01
    5     -8.9581300000E-04  -3.7262733900E-02  -4.1612493600E-02   3.1121856000E-03   3.8973365800E-02
    6     -2.4535888460E-01   1.0201915880E-01  -2.9378655500E-02   2.9134630000E-04   1.1729140000E-03
    7      9.6487682800E-02  -8.9427684200E-02   1.6476311700E-02   3.0001691500E-02  -1.7700077400E-02
    8     -3.2718359100E-02   1.7853829100E-02  -4.1625291100E-02   3.4427750000E-03  -6.5492620000E-04
    9     -1.5385472920E-01  -6.6602398100E-02   9.8443729500E-02  -1.3449612000E-03  -1.7179369000E-03
   10     -6.6609593000E-02  -7.6934943300E-02   5.6781965200E-02  -2.1586953200E-02  -1.5352162600E-02
   11      1.0297523740E-01   5.9450819500E-02  -9.5198225900E-02  -2.9556667000E-03  -1.3248873000E-03
   12      7.3908310000E-04   5.8634990000E-04  -6.4675977000E-03  -7.7742300000E-05   3.6999100000E-04
   13      5.8926850000E-04   5.7333800000E-05  -3.7020278000E-03   6.6848520000E-04   1.3519533000E-03
   14      1.5798699000E-03   9.1241770000E-04  -1.4533393300E-02   6.4939250000E-04   5.4236350000E-04
   15     -2.2278917400E-02  -1.6936686000E-03  -5.6257026000E-03  -5.8036250000E-04  -1.0595057000E-03
   16     -1.6942718000E-03  -2.0325098900E-02  -3.2313237000E-03  -4.7814058000E-03  -1.0289918000E-03
   17     -1.4379559100E-02  -8.2987634000E-03  -4.1370668300E-02  -3.8382889000E-03  -3.8665595000E-03
                    5                  6                  7                  8                  9        
    0     -8.9581300000E-04  -2.4535888460E-01   9.6487682800E-02  -3.2718359100E-02  -1.5385472920E-01
    1     -3.7262733900E-02   1.0201915880E-01  -8.9427684200E-02   1.7853829100E-02  -6.6602398100E-02
    2     -4.1612493600E-02  -2.9378655500E-02   1.6476311700E-02  -4.1625291100E-02   9.8443729500E-02
    3      3.1121856000E-03   2.9134630000E-04   3.0001691500E-02   3.4427750000E-03  -1.3449612000E-03
    4      3.8973365800E-02   1.1729140000E-03  -1.7700077400E-02  -6.5492620000E-04  -1.7179369000E-03
    5      5.0811666200E-02   1.1499353000E-03   3.3119266000E-03   1.9876251000E-03   1.3196788000E-03
    6      1.1499353000E-03   2.6899869380E-01  -1.1345853040E-01   3.5305723900E-02  -2.1936431700E-02
    7      3.3119266000E-03  -1.1345853040E-01   1.0022168890E-01  -1.6794740700E-02  -9.6963807000E-03
    8      1.9876251000E-03   3.5305723900E-02  -1.6794740700E-02   5.0810960800E-02   1.4352835100E-02
    9      1.3196788000E-03  -2.1936431700E-02  -9.6963807000E-03   1.4352835100E-02   1.7610034330E-01
   10      1.5811141100E-02   1.0177194000E-02   5.2421110000E-03  -6.7675286000E-03   7.5239827200E-02
   11      5.1429993000E-03  -2.6320633000E-03  -1.8996926000E-03   5.1402243000E-03  -1.0782826630E-01
   12     -3.1664090000E-04   1.4448337000E-03  -2.0960960000E-04  -4.7186430000E-04  -3.1972538000E-03
   13     -3.6164350000E-04  -5.0993990000E-04  -1.7024910000E-04  -9.1825500000E-05  -8.7502000000E-06
   14     -7.6864420000E-04   7.9912930000E-04   2.9376000000E-04  -7.6563790000E-04  -1.9844539000E-03
   15     -4.3693458000E-03  -3.4395575000E-03  -3.1248536000E-03  -1.9911110500E-02   4.2330327000E-03
   16     -2.0472056200E-02   5.9920350000E-04   1.8342108000E-03   6.4551918000E-03   2.7856388000E-03
   17     -1.5561152800E-02  -5.2440697000E-03  -1.3875649000E-03  -1.5547881200E-02  -4.3035232000E-03
                   10                 11                 12                 13                 14        
    0     -6.6609593000E-02   1.0297523740E-01   7.3908310000E-04   5.8926850000E-04   1.5798699000E-03
    1     -7.6934943300E-02   5.9450819500E-02   5.8634990000E-04   5.7333800000E-05   9.1241770000E-04
    2      5.6781965200E-02  -9.5198225900E-02  -6.4675977000E-03  -3.7020278000E-03  -1.4533393300E-02
    3     -2.1586953200E-02  -2.9556667000E-03  -7.7742300000E-05   6.6848520000E-04   6.4939250000E-04
    4     -1.5352162600E-02  -1.3248873000E-03   3.6999100000E-04   1.3519533000E-03   5.4236350000E-04
    5      1.5811141100E-02   5.1429993000E-03  -3.1664090000E-04  -3.6164350000E-04  -7.6864420000E-04
    6      1.0177194000E-02  -2.6320633000E-03   1.4448337000E-03  -5.0993990000E-04   7.9912930000E-04
    7      5.2421110000E-03  -1.8996926000E-03  -2.0960960000E-04  -1.7024910000E-04   2.9376000000E-04
    8     -6.7675286000E-03   5.1402243000E-03  -4.7186430000E-04  -9.1825500000E-05  -7.6563790000E-04
    9      7.5239827200E-02  -1.0782826630E-01  -3.1972538000E-03  -8.7502000000E-06  -1.9844539000E-03
   10      8.9217086800E-02  -6.2281402800E-02  -1.3751400000E-05  -3.1902137000E-03  -1.1178185000E-03
   11     -6.2281402800E-02   1.1053898170E-01   6.3445893000E-03   3.6797823000E-03  -5.1882485000E-03
   12     -1.3751400000E-05   6.3445893000E-03  -2.1569900000E-04  -9.3797180000E-04  -2.9750459000E-03
   13     -3.1902137000E-03   3.6797823000E-03  -9.3797180000E-04   8.7646890000E-04  -1.7346959000E-03
   14     -1.1178185000E-03  -5.1882485000E-03  -2.9750459000E-03  -1.7346959000E-03   2.6498696200E-02
   15      2.7932764000E-03   4.0961695000E-03   1.3067783000E-03   1.9890820000E-04   1.9311082000E-03
   16      1.0181218000E-03   2.3753809000E-03   2.0499200000E-04   1.0747068000E-03   1.1039732000E-03
   17     -2.4263564000E-03  -2.0435731000E-02   3.8865596000E-03   2.2104104000E-03  -5.2427723000E-03
                   15                 16                 17        
     0     -2.2278917400E-02  -1.6942718000E-03  -1.4379559100E-02
     1     -1.6936686000E-03  -2.0325098900E-02  -8.2987634000E-03
     2     -5.6257026000E-03  -3.2313237000E-03  -4.1370668300E-02
     3     -5.8036250000E-04  -4.7814058000E-03  -3.8382889000E-03
     4     -1.0595057000E-03  -1.0289918000E-03  -3.8665595000E-03
     5     -4.3693458000E-03  -2.0472056200E-02  -1.5561152800E-02
     6     -3.4395575000E-03   5.9920350000E-04  -5.2440697000E-03
     7     -3.1248536000E-03   1.8342108000E-03  -1.3875649000E-03
     8     -1.9911110500E-02   6.4551918000E-03  -1.5547881200E-02
     9      4.2330327000E-03   2.7856388000E-03  -4.3035232000E-03
    10      2.7932764000E-03   1.0181218000E-03  -2.4263564000E-03
    11      4.0961695000E-03   2.3753809000E-03  -2.0435731000E-02
    12      1.3067783000E-03   2.0499200000E-04   3.8865596000E-03
    13      1.9890820000E-04   1.0747068000E-03   2.2104104000E-03
    14      1.9311082000E-03   1.1039732000E-03  -5.2427723000E-03
    15      2.0759026500E-02   2.8858433000E-03   2.3878881200E-02
    16      2.8858433000E-03   1.7427051300E-02   1.3768833900E-02
    17      2.3878881200E-02   1.3768833900E-02   9.8158205600E-02

$vibrational_frequencies
18
    0        0.0000000000000000
    1        0.0000000000000000
    2        0.0000000000000000
    3        0.0000000000000000
    4        0.0000000000000000
    5        0.0000000000000000
    6     -146.6731878636946078
    7      176.5247605621975708
    8      198.2441980472928833
    9      476.1985387697218925
   10      764.7987633119986413
   11      953.9858780566480618
   12     1265.5280309529964597
   13     1413.4606455376213034
   14     1439.0825414904979880
   15     2906.7291402726573324
   16     3049.8556386357117844
   17     3058.5223406389504817

$normal_modes
18 18
                    0                  1                  2                  3                  4        
    0      0.0000000000E+00   0.0000000000E+00   0.0000000000E+00   0.0000000000E+00   0.0000000000E+00
    1      0.0000000000E+00   0.0000000000E+00   0.0000000000E+00   0.0000000000E+00   0.0000000000E+00
    2      0.0000000000E+00   0.0000000000E+00   0.0000000000E+00   0.0000000000E+00   0.0000000000E+00
    3      0.0000000000E+00   0.0000000000E+00   0.0000000000E+00   0.0000000000E+00   0.0000000000E+00
    4      0.0000000000E+00   0.0000000000E+00   0.0000000000E+00   0.0000000000E+00   0.0000000000E+00
    5      0.0000000000E+00   0.0000000000E+00   0.0000000000E+00   0.0000000000E+00   0.0000000000E+00
    6      0.0000000000E+00   0.0000000000E+00   0.0000000000E+00   0.0000000000E+00   0.0000000000E+00
    7      0.0000000000E+00   0.0000000000E+00   0.0000000000E+00   0.0000000000E+00   0.0000000000E+00
    8      0.0000000000E+00   0.0000000000E+00   0.0000000000E+00   0.0000000000E+00   0.0000000000E+00
    9      0.0000000000E+00   0.0000000000E+00   0.0000000000E+00   0.0000000000E+00   0.0000000000E+00
   10      0.0000000000E+00   0.0000000000E+00   0.0000000000E+00   0.0000000000E+00   0.0000000000E+00
   11      0.0000000000E+00   0.0000000000E+00   0.0000000000E+00   0.0000000000E+00   0.0000000000E+00
   12      0.0000000000E+00   0.0000000000E+00   0.0000000000E+00   0.0000000000E+00   0.0000000000E+00
   13      0.0000000000E+00   0.0000000000E+00   0.0000000000E+00   0.0000000000E+00   0.0000000000E+00
   14      0.0000000000E+00   0.0000000000E+00   0.0000000000E+00   0.0000000000E+00   0.0000000000E+00
   15      0.0000000000E+00   0.0000000000E+00   0.0000000000E+00   0.0000000000E+00   0.0000000000E+00
   16      0.0000000000E+00   0.0000000000E+00   0.0000000000E+00   0.0000000000E+00   0.0000000000E+00
   17      0.0000000000E+00   0.0000000000E+00   0.0000000000E+00   0.0000000000E+00   0.0000000000E+00
                    5                  6                  7                  8                  9        
    0      0.0000000000E+00   2.9492455198E-01   8.0603123194E-02  -7.3173605321E-02  -1.9785636134E-01
    1      0.0000000000E+00   1.7011720908E-01  -1.3975569746E-01  -4.5826291684E-02  -1.1362411783E-01
    2      0.0000000000E+00  -1.2455359542E-01  -3.7970346981E-04   5.3216250805E-02  -6.0104084489E-01
    3      0.0000000000E+00   3.5076887651E-01  -4.4564704039E-01  -1.0605531149E-01  -1.4362006057E-01
    4      0.0000000000E+00   1.9556413990E-01  -1.3341044428E-01  -5.9890066589E-02  -1.2098510563E-01
    5      0.0000000000E+00  -2.7458468562E-01   1.9118187605E-01   1.6871194252E-01  -4.5085269912E-01
    6      0.0000000000E+00   3.4529083332E-01   3.3819650352E-01  -9.1898965297E-02  -1.7869726346E-01
    7      0.0000000000E+00   2.0648826020E-01   3.1912836309E-01  -4.9600274995E-02  -6.6063039280E-02
    8      0.0000000000E+00  -2.7487030852E-01  -1.9171145523E-01   1.6141891762E-01  -4.5045406577E-01
    9      0.0000000000E+00   4.8938957643E-01   3.4032847658E-01  -1.8017622734E-01  -4.3376433727E-02
   10      0.0000000000E+00   2.8189385994E-01  -5.8978722399E-01  -1.1892245375E-01  -2.3691482712E-02
   11      0.0000000000E+00   2.2540364456E-01  -5.2626829404E-04  -1.3879972389E-01  -3.0315035251E-01
   12      0.0000000000E+00  -1.2739524184E-01  -3.2295820417E-02   8.3818018853E-02   1.3056711499E-02
   13      0.0000000000E+00  -7.3488462086E-02   5.5778368798E-02   4.9813298858E-02   7.3489968742E-03
   14      0.0000000000E+00  -3.1935380461E-02   1.3181140365E-03  -8.9078385457E-01   7.2806987186E-02
   15      0.0000000000E+00  -2.8998959572E-02  -7.3755829741E-03  -4.1593366771E-03   3.1251823015E-02
   16      0.0000000000E+00  -1.6727932737E-02   1.2843931056E-02  -2.0737592563E-03   1.7991847075E-02
   17      0.0000000000E+00   3.0405073254E-02  -2.4301148733E-04   2.0139010633E-01   8.8235384477E-02
                   10                 11                 12                 13                 14        
    0     -1.0534052742E-01  -5.3133824755E-02  -1.1187097160E-03  -3.3108026291E-02  -6.6014864566E-02
    1     -6.1007959975E-02   9.1935584549E-02  -6.6710961939E-04   5.7214505898E-02  -3.8152900277E-02
    2      3.8494501783E-02   1.1698987663E-04  -9.8683087162E-02   2.8886734513E-05   4.5985394242E-03
    3      6.9536482027E-02   2.6515705002E-01   1.8813336529E-02   2.7045140881E-01   6.8439841255E-01
    4     -8.3604129393E-03  -3.6540381719E-02  -8.9704418960E-02   5.3667799439E-02  -6.4252670459E-02
    5     -2.8388472760E-01   6.1477752210E-01   6.2368167077E-01  -3.6469151437E-01   4.7713566527E-02
    6      2.8091630989E-02  -1.0083274081E-01  -6.8129350985E-02  -1.8136409113E-01   2.8681929760E-01
    7      6.5151295204E-02  -2.4781396234E-01   6.1262000010E-02  -2.0651049648E-01   6.2505450988E-01
    8     -2.8342317678E-01  -6.1516569455E-01   6.2326891421E-01   3.6510578173E-01   4.7265722919E-02
    9      3.4797105270E-01   1.4941540526E-01   2.3164682682E-01   3.8015787866E-01  -1.2383820666E-01
   10      2.0101479519E-01  -2.5830939348E-01   1.3397574322E-01  -6.5820837277E-01  -7.0909317289E-02
   11      8.0680474216E-01   5.1870936596E-04   3.5266730723E-01   2.2134144698E-04  -1.5427378654E-01
   12      9.2884894382E-03  -7.4321875245E-04   1.2821054286E-03  -1.0268468040E-03  -3.4842026144E-04
   13      5.3950654234E-03   1.2969106274E-03   7.4298854185E-04   1.7851220909E-03  -2.0487328979E-04
   14     -1.3583884787E-02  -2.3349930729E-05  -1.7977814788E-03  -1.4475775326E-05   1.1418037223E-03
   15      8.0052364639E-03   4.2060126009E-03  -2.4369220951E-03  -6.9875617717E-04  -6.8378864950E-04
   16      4.6358326842E-03  -7.2825027119E-03  -1.4077626226E-03   1.2067872158E-03  -3.9630781380E-04
   17     -5.5782682130E-03  -1.3681409667E-05  -4.9183732530E-03  -8.9191672740E-06  -2.1472078943E-04
                   15                 16                 17        
     0     -5.0666812145E-02  -5.5858009543E-02  -4.5891415077E-02
     1     -2.9270620528E-02  -3.2422951467E-02   7.9249743269E-02
     2      4.2945222949E-02  -9.7548851918E-03  -1.2927730985E-05
     3     -2.2677484119E-02   1.5336956325E-02  -6.5023544553E-02
     4     -8.2980996357E-02   6.9791988790E-01  -6.9253835078E-01
     5      2.8173499174E-03   9.4988068026E-02  -9.6653210657E-02
     6     -8.3403721133E-02   6.0998304009E-01   6.3431862402E-01
     7      2.1959594079E-02  -3.3473331857E-01  -2.9115960021E-01
     8      2.7736358469E-03   9.4677259621E-02   9.6963678481E-02
     9      7.1917073231E-01   4.6207810102E-02  -2.1581281431E-02
    10      4.1524367306E-01   2.6600166633E-02   3.7846370930E-02
    11     -5.3874142766E-01  -5.8745622332E-02  -1.9672979846E-04
    12     -1.0223013633E-03   9.1928807869E-05   1.1762456477E-04
    13     -5.9130568143E-04   5.3052505483E-05  -2.0389042537E-04
    14      8.5462454321E-06   1.2609522000E-04   7.6631850840E-07
    15      1.2498771836E-04  -9.6820273327E-05  -3.9153359324E-05
    16      7.1927403623E-05  -5.6080742057E-05   6.7875301584E-05
    17      2.6831302910E-04  -2.1522770850E-04   3.2626442560E-07

#
# The atoms: label  mass x y z (in bohrs)
#
$atoms
6
 C     12.01100      0.783986984931     0.452611709169     1.739810626191
 H      1.00800      0.922759081905     2.475672603129     2.036707534580
 H      1.00800      2.605376668594    -0.438779968120     2.036697344551
 H      1.00800     -0.627855490308    -0.362498506667     2.999245972732
 F     18.99800     -0.466562767204    -0.269362030112     6.419233868578
 Br    79.90000     -0.043506767546    -0.025116003406    -1.877080131729

$actual_temperature
  0.000000

$frequency_scale_factor
  1.000000


$end

