
$orca_hessian_file

$act_atom
  0

$act_coord
  0

$act_energy
      -12.687720

$multiplicity
  1

$hessian
18
                    0                  1                  2                  3                  4        
    0      4.6678108120E-01   3.9090000000E-07  -1.2167000000E-06  -4.0676606500E-02  -1.5449000000E-06
    1      3.9090000000E-07   4.6678131330E-01   4.2813000000E-06  -1.6433000000E-06  -2.5490010730E-01
    2     -1.2167000000E-06   4.2813000000E-06   2.2338101240E-01  -5.4670000000E-07  -8.7227808800E-02
    3     -4.0676606500E-02  -1.6433000000E-06  -5.4670000000E-07   4.6618337600E-02   1.7397000000E-06
    4     -1.5449000000E-06  -2.5490010730E-01  -8.7227808800E-02   1.7397000000E-06   2.9373298180E-01
    5     -6.5180000000E-07  -9.8585653700E-02  -6.2050521600E-02   6.5460000000E-07   9.3199761800E-02
    6     -2.0133868930E-01   9.2761020800E-02  -7.5538431300E-02  -2.5917527000E-03   3.6481702000E-03
    7      9.2759247500E-02  -9.4228121900E-02   4.3610905500E-02   2.8411508500E-02  -2.1103630200E-02
    8     -8.5374118700E-02   4.9290695600E-02  -6.2050167900E-02   7.0090011000E-03  -4.1288634000E-03
    9     -2.0133968190E-01  -9.2759757700E-02   7.5540193800E-02  -2.5921334000E-03  -3.6483916000E-03
   10     -9.2758109400E-02  -9.4226380300E-02   4.3610972300E-02  -2.8411590200E-02  -2.1103244800E-02
   11      8.5375862800E-02   4.9290613400E-02  -6.2051389400E-02  -7.0089922000E-03  -4.1287637000E-03
   12     -1.4851267000E-03   4.2000000000E-09   1.3400000000E-08  -1.6184960000E-03   8.8000000000E-09
   13      8.2000000000E-09  -1.4859887000E-03   1.4562000000E-06   1.0400000000E-08  -5.6884950000E-04
   14      9.2400000000E-08  -1.6990000000E-07   7.3370622000E-03  -3.9500000000E-08   1.1262384000E-03
   15     -2.1940976900E-02  -1.5000000000E-08  -1.2500000000E-08   8.6065100000E-04   1.7900000000E-08
   16      7.7000000000E-09  -2.1940715100E-02   1.9350000000E-07  -2.5100000000E-08   3.9428499000E-03
   17      3.2100000000E-08   2.3330000000E-07  -4.4565995600E-02  -7.7300000000E-08   1.1594356000E-03
                    5                  6                  7                  8                  9        
    0     -6.5180000000E-07  -2.0133868930E-01   9.2759247500E-02  -8.5374118700E-02  -2.0133968190E-01
    1     -9.8585653700E-02   9.2761020800E-02  -9.4228121900E-02   4.9290695600E-02  -9.2759757700E-02
    2     -6.2050521600E-02  -7.5538431300E-02   4.3610905500E-02  -6.2050167900E-02   7.5540193800E-02
    3      6.5460000000E-07  -2.5917527000E-03   2.8411508500E-02   7.0090011000E-03  -2.5921334000E-03
    4      9.3199761800E-02   3.6481702000E-03  -2.1103630200E-02  -4.1288634000E-03  -3.6483916000E-03
    5      8.0120590300E-02  -7.1519400000E-05   8.1346345000E-03   4.8082976000E-03   7.1666100000E-05
    6     -7.1519400000E-05   2.3194912540E-01  -1.0700075200E-01   8.0710714800E-02  -3.0359173600E-02
    7      8.1346345000E-03  -1.0700075200E-01   1.0839508680E-01  -4.6598100600E-02  -1.2381180500E-02
    8      4.8082976000E-03   8.0710714800E-02  -4.6598100600E-02   8.0119862200E-02   7.0800127000E-03
    9      7.1666100000E-05  -3.0359173600E-02  -1.2381180500E-02   7.0800127000E-03   2.3195040340E-01
   10      8.1348531000E-03   1.2381527900E-02   6.6622815000E-03  -4.0050253000E-03   1.0699937060E-01
   11      4.8083432000E-03  -7.0797917000E-03  -4.0048575000E-03   4.8080196000E-03  -8.0712532800E-02
   12     -1.4400000000E-08  -8.3139610000E-04  -4.5441310000E-04   1.5750906000E-03  -8.3140170000E-04
   13      1.8184154000E-03  -4.5504800000E-04  -1.3561422000E-03  -9.0977070000E-04   4.5502680000E-04
   14     -1.0958685300E-02   9.7512180000E-04  -5.6274580000E-04  -1.0958336800E-02  -9.7522840000E-04
   15     -1.3500000000E-07   3.1718862000E-03  -1.3344104000E-03  -1.1000700400E-02   3.1719872000E-03
   16     -1.2702011100E-02  -1.3349190000E-03   1.6305260000E-03   6.3510644000E-03   1.3349324000E-03
   17     -1.6728024200E-02   1.0039059000E-03  -5.7983610000E-04  -1.6727674700E-02  -1.0041113000E-03
                   10                 11                 12                 13                 14        
    0     -9.2758109400E-02   8.5375862800E-02  -1.4851267000E-03   8.2000000000E-09   9.2400000000E-08
    1     -9.4226380300E-02   4.9290613400E-02   4.2000000000E-09  -1.4859887000E-03  -1.6990000000E-07
    2      4.3610972300E-02  -6.2051389400E-02   1.3400000000E-08   1.4562000000E-06   7.3370622000E-03
    3     -2.8411590200E-02  -7.0089922000E-03  -1.6184960000E-03   1.0400000000E-08  -3.9500000000E-08
    4     -2.1103244800E-02  -4.1287637000E-03   8.8000000000E-09  -5.6884950000E-04   1.1262384000E-03
    5      8.1348531000E-03   4.8083432000E-03  -1.4400000000E-08   1.8184154000E-03  -1.0958685300E-02
    6      1.2381527900E-02  -7.0797917000E-03  -8.3139610000E-04  -4.5504800000E-04   9.7512180000E-04
    7      6.6622815000E-03  -4.0048575000E-03  -4.5441310000E-04  -1.3561422000E-03  -5.6274580000E-04
    8     -4.0050253000E-03   4.8080196000E-03   1.5750906000E-03  -9.0977070000E-04  -1.0958336800E-02
    9      1.0699937060E-01  -8.0712532800E-02  -8.3140170000E-04   4.5502680000E-04  -9.7522840000E-04
   10      1.0839301210E-01  -4.6598214300E-02   4.5440380000E-04  -1.3561579000E-03  -5.6274130000E-04
   11     -4.6598214300E-02   8.0121121700E-02  -1.5751480000E-03  -9.0973520000E-04  -1.0958353600E-02
   12      4.5440380000E-04  -1.5751480000E-03   3.1718830000E-03  -2.2000000000E-09   1.3400000000E-07
   13     -1.3561579000E-03  -9.0973520000E-04  -2.2000000000E-09   3.1721957000E-03  -3.1420000000E-07
   14     -5.6274130000E-04  -1.0958353600E-02   1.3400000000E-07  -3.1420000000E-07   4.2551388900E-02
   15      1.3343973000E-03   1.1000601900E-02   1.5945375000E-03   4.8000000000E-09  -8.0300000000E-08
   16      1.6304895000E-03   6.3509573000E-03  -1.4000000000E-09   1.5949426000E-03  -2.6720000000E-07
   17     -5.7984450000E-04  -1.6727741400E-02  -7.5600000000E-08  -5.1500000000E-08  -1.7013075400E-02
                   15                 16                 17        
     0     -2.1940976900E-02   7.7000000000E-09   3.2100000000E-08
     1     -1.5000000000E-08  -2.1940715100E-02   2.3330000000E-07
     2     -1.2500000000E-08   1.9350000000E-07  -4.4565995600E-02
     3      8.6065100000E-04  -2.5100000000E-08  -7.7300000000E-08
     4      1.7900000000E-08   3.9428499000E-03   1.1594356000E-03
     5     -1.3500000000E-07  -1.2702011100E-02  -1.6728024200E-02
     6      3.1718862000E-03  -1.3349190000E-03   1.0039059000E-03
     7     -1.3344104000E-03   1.6305260000E-03  -5.7983610000E-04
     8     -1.1000700400E-02   6.3510644000E-03  -1.6727674700E-02
     9      3.1719872000E-03   1.3349324000E-03  -1.0041113000E-03
    10      1.3343973000E-03   1.6304895000E-03  -5.7984450000E-04
    11      1.1000601900E-02   6.3509573000E-03  -1.6727741400E-02
    12      1.5945375000E-03  -1.4000000000E-09  -7.5600000000E-08
    13      4.8000000000E-09   1.5949426000E-03  -5.1500000000E-08
    14     -8.0300000000E-08  -2.6720000000E-07  -1.7013075400E-02
    15      1.3141915100E-02   5.4000000000E-09   3.2630000000E-07
    16      5.4000000000E-09   1.3141907100E-02   6.3200000000E-08
    17      3.2630000000E-07   6.3200000000E-08   1.1176251120E-01

$vibrational_frequencies
18
    0        0.0000000000000000
    1        0.0000000000000000
    2        0.0000000000000000
    3        0.0000000000000000
    4        0.0000000000000000
    5        0.0000000000000000
    6      163.6829469555925129
    7      163.6915720917492081
    8      246.2880298176719123
    9      441.7577854624363454
   10      877.9030084933223179
   11      877.9211575968854504
   12     1322.8996847316536787
   13     1484.9414409598891780
   14     1484.9453480187009973
   15     3030.0256077444914808
   16     3030.0581484124863891
   17     3058.2855789353793625

$normal_modes
18 18
                    0                  1                  2                  3                  4        
    0      0.0000000000E+00   0.0000000000E+00   0.0000000000E+00   0.0000000000E+00   0.0000000000E+00
    1      0.0000000000E+00   0.0000000000E+00   0.0000000000E+00   0.0000000000E+00   0.0000000000E+00
    2      0.0000000000E+00   0.0000000000E+00   0.0000000000E+00   0.0000000000E+00   0.0000000000E+00
    3      0.0000000000E+00   0.0000000000E+00   0.0000000000E+00   0.0000000000E+00   0.0000000000E+00
    4      0.0000000000E+00   0.0000000000E+00   0.0000000000E+00   0.0000000000E+00   0.0000000000E+00
    5      0.0000000000E+00   0.0000000000E+00   0.0000000000E+00   0.0000000000E+00   0.0000000000E+00
    6      0.0000000000E+00   0.0000000000E+00   0.0000000000E+00   0.0000000000E+00   0.0000000000E+00
    7      0.0000000000E+00   0.0000000000E+00   0.0000000000E+00   0.0000000000E+00   0.0000000000E+00
    8      0.0000000000E+00   0.0000000000E+00   0.0000000000E+00   0.0000000000E+00   0.0000000000E+00
    9      0.0000000000E+00   0.0000000000E+00   0.0000000000E+00   0.0000000000E+00   0.0000000000E+00
   10      0.0000000000E+00   0.0000000000E+00   0.0000000000E+00   0.0000000000E+00   0.0000000000E+00
   11      0.0000000000E+00   0.0000000000E+00   0.0000000000E+00   0.0000000000E+00   0.0000000000E+00
   12      0.0000000000E+00   0.0000000000E+00   0.0000000000E+00   0.0000000000E+00   0.0000000000E+00
   13      0.0000000000E+00   0.0000000000E+00   0.0000000000E+00   0.0000000000E+00   0.0000000000E+00
   14      0.0000000000E+00   0.0000000000E+00   0.0000000000E+00   0.0000000000E+00   0.0000000000E+00
   15      0.0000000000E+00   0.0000000000E+00   0.0000000000E+00   0.0000000000E+00   0.0000000000E+00
   16      0.0000000000E+00   0.0000000000E+00   0.0000000000E+00   0.0000000000E+00   0.0000000000E+00
   17      0.0000000000E+00   0.0000000000E+00   0.0000000000E+00   0.0000000000E+00   0.0000000000E+00
                    5                  6                  7                  8                  9        
    0      0.0000000000E+00  -4.3090709787E-01  -1.7917593935E-03   1.4746552771E-06   2.4327690678E-06
    1      0.0000000000E+00  -1.7917179295E-03   4.3090819640E-01  -5.1634162140E-05  -1.3698604383E-05
    2      0.0000000000E+00   1.3880707350E-06   1.0732250827E-05   8.5924974506E-02   6.8853300667E-01
    3      0.0000000000E+00  -4.8904646794E-01  -2.0330753923E-03   8.9550642572E-07   3.0094112707E-07
    4      0.0000000000E+00  -2.0931314834E-03   5.0338280396E-01   4.1669036165E-02   8.2545619165E-02
    5      0.0000000000E+00   7.1177321889E-04  -1.7056385821E-01  -5.8571635740E-02   4.0441524525E-01
    6      0.0000000000E+00  -4.9975809980E-01  -8.2909476480E-03   3.6136299722E-02   7.1493661166E-02
    7      0.0000000000E+00   4.1747656177E-03   4.9264056730E-01  -2.0909820912E-02  -4.1277900610E-02
    8      0.0000000000E+00   1.4735787333E-01   8.5896595194E-02  -5.8581988546E-02   4.0444138377E-01
    9      0.0000000000E+00  -4.9981106220E-01   4.1344951268E-03  -3.6134522122E-02  -7.1492909259E-02
   10      0.0000000000E+00  -8.2713414608E-03   4.9259024967E-01  -2.0909828737E-02  -4.1277813824E-02
   11      0.0000000000E+00  -1.4806474362E-01   8.4667235267E-02  -5.8581744807E-02   4.0443868169E-01
   12      0.0000000000E+00   1.7337631389E-01   7.2091879705E-04  -4.5555223746E-07  -6.9713749048E-07
   13      0.0000000000E+00   7.2092003066E-04  -1.7337660411E-01   1.9090635784E-05   3.3846135762E-06
   14      0.0000000000E+00  -5.6863508232E-07  -1.9650070678E-05  -9.6402779753E-01  -6.3430308193E-02
   15      0.0000000000E+00   4.2332246511E-02   1.7601815902E-04  -1.4708378298E-07  -2.1322957246E-07
   16      0.0000000000E+00   1.7601389605E-04  -4.2332317298E-02   5.1228086913E-06   1.3818407897E-06
   17      0.0000000000E+00  -1.3531078769E-07   3.0592609541E-06   2.1851935520E-01  -1.0372869363E-01
                   10                 11                 12                 13                 14        
    0     -5.2982483781E-04   1.0371311682E-01  -1.8940705479E-07   6.4630133371E-03   7.0980113316E-02
    1     -1.0371396279E-01  -5.2982388204E-04   2.6854623247E-06  -7.0979228234E-02   6.4629756748E-03
    2     -1.9589260834E-06  -6.0288315223E-07  -8.0052379003E-02  -3.8247210186E-06   1.5018648287E-07
    3      1.3522469904E-03  -2.6503707228E-01   9.5935705062E-07  -6.7285762572E-02  -7.3892032463E-01
    4      2.1111224543E-01   1.0790890827E-03  -2.0665916537E-01  -1.3653178128E-01   1.2436834312E-02
    5     -7.3798469063E-01  -3.7658280827E-03   5.3700137383E-01   3.0529154416E-01  -2.7797231672E-02
    6      2.4503034512E-02  -2.2447188803E-01  -1.7899484116E-01   3.7157062837E-01  -1.1685405183E-01
    7      2.5167924020E-01  -2.2065515844E-02   1.0331405024E-01   4.8554315039E-01  -4.2643632507E-01
    8      3.6571423542E-01   6.4099000702E-01   5.3704080082E-01  -1.7668523568E-01  -2.5046473071E-01
    9     -2.2206687266E-02  -2.2471538485E-01   1.7899844824E-01  -3.8656043975E-01  -4.7813174198E-02
   10      2.5144395146E-01   2.4636105247E-02   1.0331502503E-01   5.5458377847E-01   3.3172313486E-01
   11      3.7223821509E-01  -6.3722317367E-01   5.3703910523E-01  -1.2853656298E-01   2.7825727762E-01
   12     -2.4699164422E-05   4.8472396970E-03  -5.3111608058E-08   4.2542162575E-05   4.6781365365E-04
   13     -4.8472692822E-03  -2.4718996625E-05  -4.3267542309E-07  -4.6806439234E-04   4.2622621442E-05
   14      1.5336027279E-06   9.2420069701E-08  -1.5515996452E-02  -4.2654512755E-07   5.2689450042E-08
   15      3.9489084644E-05  -7.7327655311E-03  -1.6507880902E-08   5.6299240886E-05   6.1810495920E-04
   16      7.7327598042E-03   3.9479977874E-05   7.8794801814E-08  -6.1827423171E-04   5.6295636503E-05
   17      3.3656213288E-07   5.5971565812E-08  -4.6018511303E-03  -2.0351984951E-07   2.3997006185E-08
                   15                 16                 17        
     0     -8.8900714760E-02  -2.3618838236E-03   2.8776954070E-06
     1      2.3618418820E-03  -8.8899961977E-02  -4.6549766584E-05
     2     -1.8939444898E-06   2.4035310324E-05  -4.4019161595E-02
     3     -5.0994507398E-02  -1.3495873772E-03   2.5444457837E-06
     4     -2.0028254307E-02   7.5478132533E-01   5.4700377175E-01
     5     -7.8778960853E-03   2.9684415403E-01   1.8428096585E-01
     6      5.6285771099E-01  -3.3460269764E-01   4.7318127923E-01
     7     -3.5305686265E-01   1.4139916970E-01  -2.7321246465E-01
     8      2.6111556892E-01  -1.4174091997E-01   1.8404096076E-01
     9      5.4426772696E-01   3.6401119986E-01  -4.7321809159E-01
    10      3.4502713461E-01   1.5993735771E-01  -2.7323665598E-01
    11     -2.5321349543E-01  -1.5540527619E-01   1.8406230979E-01
    12      6.3896711842E-05   1.6949629221E-06  -4.4594636674E-08
    13     -1.6525738892E-06   6.3972557321E-05  -9.7895097719E-08
    14     -3.7375458884E-08   3.9868328596E-07  -6.7743497850E-04
    15      2.4938638934E-05   6.6332343213E-07   1.0328790586E-08
    16     -6.7886156392E-07   2.4972429377E-05   2.3538531163E-08
    17     -1.1421817606E-08   1.0258051415E-07  -1.9047873146E-04

#
# The atoms: label  mass x y z (in bohrs)
#
$atoms
6
 C     12.01100      0.000000116315    -0.000008346367     1.857880541332
 H      1.00800      0.000001273194     1.892431082075     2.658035253403
 H      1.00800      1.638903327107    -0.946231184754     2.658028361232
 H      1.00800     -1.638901686567    -0.946231707723     2.658029259211
 F     18.99800     -0.000000432024     0.000005058524     6.176588750183
 Br    79.90000      0.000000048479     0.000000453207    -1.848507157381

$actual_temperature
  0.000000

$frequency_scale_factor
  1.000000


$end

