
$orca_hessian_file

$act_atom
  0

$act_coord
  0

$act_energy
      -12.683121

$multiplicity
  1

$hessian
18
                    0                  1                  2                  3                  4        
    0      4.1410725090E-01  -4.9062078800E-02  -3.0030744000E-03  -4.0520575300E-02  -3.3904263000E-03
    1     -4.9062078800E-02   4.4618436970E-01   2.1904757000E-03  -7.6214698000E-03  -2.6420385610E-01
    2     -3.0030744000E-03   2.1904757000E-03   2.9525770950E-01  -1.7783617000E-03  -6.4930747300E-02
    3     -4.0520575300E-02  -7.6214698000E-03  -1.7783617000E-03   4.3840861600E-02   6.9926026000E-03
    4     -3.3904263000E-03  -2.6420385610E-01  -6.4930747300E-02   6.9926026000E-03   3.0124300520E-01
    5     -2.5537240000E-03  -7.3477998200E-02  -5.9158344200E-02   7.8322990000E-04   7.1207510500E-02
    6     -2.2812494090E-01   1.0501712860E-01  -5.2152959100E-02   1.0413676000E-03   1.2118439000E-03
    7      1.0018175060E-01  -9.5916852400E-02   2.8567539900E-02   2.8796735600E-02  -1.6452665100E-02
    8     -5.9595101600E-02   3.2054162200E-02  -5.3730349900E-02   6.4367905000E-03  -2.3398353000E-03
    9     -1.2674079370E-01  -4.8327865500E-02   7.3662825300E-02  -3.4325389000E-03  -5.1085988000E-03
   10     -4.8228998900E-02  -6.7617106100E-02   4.2374796000E-02  -2.6491147600E-02  -2.2465042200E-02
   11      8.0887845600E-02   4.6828887600E-02  -8.2674757200E-02  -2.6969548000E-03  -1.5949934000E-03
   12      4.3031469000E-03   3.8156280000E-04  -7.6633486000E-03  -1.2347867000E-03   6.6070440000E-04
   13      6.9001090000E-04   3.3370159000E-03  -4.7989185000E-03   9.9730230000E-04   3.5467510000E-04
   14      4.6647850000E-04  -9.3905100000E-05  -1.3449183100E-02  -1.2868600000E-04  -1.1671750000E-04
   15     -2.3024087900E-02  -3.8727730000E-04  -9.0650814000E-03   3.0567170000E-04  -3.6612590000E-04
   16     -1.9025740000E-04  -2.1783571000E-02  -3.4031458000E-03  -2.6740231000E-03   1.5238831000E-03
   17     -1.6202424100E-02  -7.5016222000E-03  -8.6245075100E-02  -2.6160178000E-03  -2.2252170000E-03
                    5                  6                  7                  8                  9        
    0     -2.5537240000E-03  -2.2812494090E-01   1.0018175060E-01  -5.9595101600E-02  -1.2674079370E-01
    1     -7.3477998200E-02   1.0501712860E-01  -9.5916852400E-02   3.2054162200E-02  -4.8327865500E-02
    2     -5.9158344200E-02  -5.2152959100E-02   2.8567539900E-02  -5.3730349900E-02   7.3662825300E-02
    3      7.8322990000E-04   1.0413676000E-03   2.8796735600E-02   6.4367905000E-03  -3.4325389000E-03
    4      7.1207510500E-02   1.2118439000E-03  -1.6452665100E-02  -2.3398353000E-03  -5.1085988000E-03
    5      7.0718256400E-02   1.3823553000E-03   5.6492994000E-03   2.9864825000E-03   2.8741708000E-03
    6      1.3823553000E-03   2.5517971730E-01  -1.1697265070E-01   5.7552048100E-02  -2.8384621800E-02
    7      5.6492994000E-03  -1.1697265070E-01   1.0651929970E-01  -3.2003569400E-02  -1.0040242100E-02
    8      2.9864825000E-03   5.7552048100E-02  -3.2003569400E-02   6.6536183800E-02   1.4789487800E-02
    9      2.8741708000E-03  -2.8384621800E-02  -1.0040242100E-02   1.4789487800E-02   1.5679338740E-01
   10      1.5729623300E-02   1.1157991600E-02   5.6002638000E-03  -5.8976770000E-03   6.0606257800E-02
   11      6.0980021000E-03  -2.7019683000E-03  -1.8106033000E-03   5.4386533000E-03  -8.6251208300E-02
   12     -6.2957600000E-04   1.2023712000E-03  -3.0277390000E-04  -7.3683480000E-04  -4.3476809000E-03
   13     -1.8765140000E-04  -6.0394930000E-04  -1.1248346000E-03  -2.6928000000E-04  -8.3351200000E-05
   14     -1.7769504000E-03   4.7606300000E-05   6.5857600000E-05  -1.2241680000E-03  -2.2161507000E-03
   15     -1.8564560000E-03  -9.1389350000E-04  -1.6628195000E-03  -1.8446389900E-02   6.1122479000E-03
   16     -1.8920783600E-02   1.8963590000E-04   1.3747886000E-03   8.4561995000E-03   2.9537997000E-03
   17     -1.8867446300E-02  -4.1270822000E-03  -4.6852420000E-04  -2.0006801700E-02  -2.8591248000E-03
                   10                 11                 12                 13                 14        
    0     -4.8228998900E-02   8.0887845600E-02   4.3031469000E-03   6.9001090000E-04   4.6647850000E-04
    1     -6.7617106100E-02   4.6828887600E-02   3.8156280000E-04   3.3370159000E-03  -9.3905100000E-05
    2      4.2374796000E-02  -8.2674757200E-02  -7.6633486000E-03  -4.7989185000E-03  -1.3449183100E-02
    3     -2.6491147600E-02  -2.6969548000E-03  -1.2347867000E-03   9.9730230000E-04  -1.2868600000E-04
    4     -2.2465042200E-02  -1.5949934000E-03   6.6070440000E-04   3.5467510000E-04  -1.1671750000E-04
    5      1.5729623300E-02   6.0980021000E-03  -6.2957600000E-04  -1.8765140000E-04  -1.7769504000E-03
    6      1.1157991600E-02  -2.7019683000E-03   1.2023712000E-03  -6.0394930000E-04   4.7606300000E-05
    7      5.6002638000E-03  -1.8106033000E-03  -3.0277390000E-04  -1.1248346000E-03   6.5857600000E-05
    8     -5.8976770000E-03   5.4386533000E-03  -7.3683480000E-04  -2.6928000000E-04  -1.2241680000E-03
    9      6.0606257800E-02  -8.6251208300E-02  -4.3476809000E-03  -8.3351200000E-05  -2.2161507000E-03
   10      8.6351157900E-02  -4.9595263000E-02   2.7638650000E-04  -4.2173757000E-03  -1.1613591000E-03
   11     -4.9595263000E-02   8.9192545700E-02   6.0901133000E-03   3.6842153000E-03  -6.8052653000E-03
   12      2.7638650000E-04   6.0901133000E-03  -5.6626300000E-04  -1.2236357000E-03  -5.7376900000E-04
   13     -4.2173757000E-03   3.6842153000E-03  -1.2236357000E-03   1.0426084000E-03  -3.6665900000E-05
   14     -1.1613591000E-03  -6.8052653000E-03  -5.7376900000E-04  -3.6665900000E-05   3.1667386400E-02
   15      2.6795105000E-03   4.6721726000E-03   6.4321250000E-04   2.2362310000E-04   2.4045208000E-03
   16      2.3481023000E-03   2.4877569000E-03   2.0775590000E-04   6.0791090000E-04   1.3427900000E-03
   17     -1.4501202000E-03  -1.1249178600E-02   3.5134151000E-03   1.6083006000E-03  -8.4118196000E-03
                   15                 16                 17        
     0     -2.3024087900E-02  -1.9025740000E-04  -1.6202424100E-02
     1     -3.8727730000E-04  -2.1783571000E-02  -7.5016222000E-03
     2     -9.0650814000E-03  -3.4031458000E-03  -8.6245075100E-02
     3      3.0567170000E-04  -2.6740231000E-03  -2.6160178000E-03
     4     -3.6612590000E-04   1.5238831000E-03  -2.2252170000E-03
     5     -1.8564560000E-03  -1.8920783600E-02  -1.8867446300E-02
     6     -9.1389350000E-04   1.8963590000E-04  -4.1270822000E-03
     7     -1.6628195000E-03   1.3747886000E-03  -4.6852420000E-04
     8     -1.8446389900E-02   8.4561995000E-03  -2.0006801700E-02
     9      6.1122479000E-03   2.9537997000E-03  -2.8591248000E-03
    10      2.6795105000E-03   2.3481023000E-03  -1.4501202000E-03
    11      4.6721726000E-03   2.4877569000E-03  -1.1249178600E-02
    12      6.4321250000E-04   2.0775590000E-04   3.5134151000E-03
    13      2.2362310000E-04   6.0791090000E-04   1.6083006000E-03
    14      2.4045208000E-03   1.3427900000E-03  -8.4118196000E-03
    15      1.6876849300E-02  -4.8691100000E-04   2.2291234000E-02
    16     -4.8691100000E-04   1.5928886100E-02   1.0037183000E-02
    17      2.2291234000E-02   1.0037183000E-02   1.4478032130E-01

$vibrational_frequencies
18
    0        0.0000000000000000
    1        0.0000000000000000
    2        0.0000000000000000
    3        0.0000000000000000
    4        0.0000000000000000
    5        0.0000000000000000
    6     -148.0126196087731500
    7      140.8214864557354247
    8      216.4309520946941348
    9      568.5667567304841441
   10      703.1577160824384691
   11      957.0723461827415122
   12     1354.0200371956257186
   13     1431.6825010429747635
   14     1510.5233872086712381
   15     2657.0539841220788730
   16     3007.0598208737324057
   17     3072.2381066365933293

$normal_modes
18 18
                    0                  1                  2                  3                  4        
    0      0.0000000000E+00   0.0000000000E+00   0.0000000000E+00   0.0000000000E+00   0.0000000000E+00
    1      0.0000000000E+00   0.0000000000E+00   0.0000000000E+00   0.0000000000E+00   0.0000000000E+00
    2      0.0000000000E+00   0.0000000000E+00   0.0000000000E+00   0.0000000000E+00   0.0000000000E+00
    3      0.0000000000E+00   0.0000000000E+00   0.0000000000E+00   0.0000000000E+00   0.0000000000E+00
    4      0.0000000000E+00   0.0000000000E+00   0.0000000000E+00   0.0000000000E+00   0.0000000000E+00
    5      0.0000000000E+00   0.0000000000E+00   0.0000000000E+00   0.0000000000E+00   0.0000000000E+00
    6      0.0000000000E+00   0.0000000000E+00   0.0000000000E+00   0.0000000000E+00   0.0000000000E+00
    7      0.0000000000E+00   0.0000000000E+00   0.0000000000E+00   0.0000000000E+00   0.0000000000E+00
    8      0.0000000000E+00   0.0000000000E+00   0.0000000000E+00   0.0000000000E+00   0.0000000000E+00
    9      0.0000000000E+00   0.0000000000E+00   0.0000000000E+00   0.0000000000E+00   0.0000000000E+00
   10      0.0000000000E+00   0.0000000000E+00   0.0000000000E+00   0.0000000000E+00   0.0000000000E+00
   11      0.0000000000E+00   0.0000000000E+00   0.0000000000E+00   0.0000000000E+00   0.0000000000E+00
   12      0.0000000000E+00   0.0000000000E+00   0.0000000000E+00   0.0000000000E+00   0.0000000000E+00
   13      0.0000000000E+00   0.0000000000E+00   0.0000000000E+00   0.0000000000E+00   0.0000000000E+00
   14      0.0000000000E+00   0.0000000000E+00   0.0000000000E+00   0.0000000000E+00   0.0000000000E+00
   15      0.0000000000E+00   0.0000000000E+00   0.0000000000E+00   0.0000000000E+00   0.0000000000E+00
   16      0.0000000000E+00   0.0000000000E+00   0.0000000000E+00   0.0000000000E+00   0.0000000000E+00
   17      0.0000000000E+00   0.0000000000E+00   0.0000000000E+00   0.0000000000E+00   0.0000000000E+00
                    5                  6                  7                  8                  9        
    0      0.0000000000E+00  -3.0448400449E-01   1.2775001206E-01  -9.1946658207E-02   7.1586705848E-02
    1      0.0000000000E+00  -1.5765849943E-01  -2.2168140432E-01  -8.3352180738E-02   3.3495416014E-02
    2      0.0000000000E+00   7.1988735893E-02  -1.3663260424E-03  -3.6917752262E-02   5.5762537713E-01
    3      0.0000000000E+00  -4.1569042199E-01  -3.4148721939E-01  -1.2960498919E-01   9.9132412562E-02
    4      0.0000000000E+00  -2.0531979266E-01  -2.5730185152E-01  -7.3347501346E-02   7.3273725730E-02
    5      0.0000000000E+00   2.1790725026E-01   1.5561266062E-01  -6.1638160231E-02   3.8148488299E-01
    6      0.0000000000E+00  -3.5808024307E-01   3.8750359204E-01  -2.8638533504E-02   1.1444125748E-01
    7      0.0000000000E+00  -1.6401161269E-01   1.7085546789E-01  -7.9770518724E-03   3.1712545360E-02
    8      0.0000000000E+00   2.2045150802E-01  -1.5471967601E-01  -1.0914428737E-01   3.6000207620E-01
    9      0.0000000000E+00  -4.7545900263E-01   3.4646261580E-01   2.6589310790E-02   1.0491988202E-01
   10      0.0000000000E+00  -2.9614263911E-01  -6.2720954661E-01  -9.4598613010E-02   5.3757684688E-02
   11      0.0000000000E+00  -2.7184593614E-01  -1.6176006126E-02   1.1667397752E-01   5.9418922860E-01
   12      0.0000000000E+00   1.2854654580E-01  -4.8138103054E-02  -1.9423419118E-02  -6.4368295221E-03
   13      0.0000000000E+00   6.7212078891E-02   8.6303929847E-02   7.0056455437E-03  -3.6514596083E-03
   14      0.0000000000E+00  -3.3859865878E-02  -1.0605800310E-02   9.3463219760E-01  -6.1031170612E-02
   15      0.0000000000E+00   3.0966878671E-02  -1.2709593660E-02   2.0101187406E-02  -1.3248842768E-02
   16      0.0000000000E+00   1.6114380459E-02   2.1806989558E-02   1.3083608766E-02  -6.1696735861E-03
   17      0.0000000000E+00  -4.8714881050E-03   2.9199652324E-03  -2.1599727196E-01  -8.6164328194E-02
                   10                 11                 12                 13                 14        
    0      1.2324311298E-01   6.0239086798E-02   9.3789994682E-03  -6.1632818648E-02   3.8352167422E-02
    1      7.7427847920E-02  -9.4455529099E-02   1.0178903571E-02  -4.3531925989E-02  -4.7719734523E-02
    2      1.8429675950E-02   8.7320655443E-04  -1.0560422893E-01  -8.8506933666E-03  -4.1384296021E-03
    3     -7.7256807401E-02  -2.0819902945E-01  -7.4418203819E-02   6.3349738777E-01  -3.7075725174E-01
    4     -3.6607908218E-02   1.1196331485E-01  -1.6900018189E-01  -9.1146161617E-02  -9.9425922197E-02
    5      3.4861461118E-01  -5.9809486655E-01   5.7463754112E-01   1.9364652100E-01   3.5445617322E-01
    6     -7.0917618116E-02   1.8220994490E-02  -1.8382956632E-01   2.9577386968E-01   1.8748324722E-01
    7     -9.5207608702E-02   2.1194141734E-01  -9.5721201781E-03   6.3569210736E-01   1.3222976185E-01
    8      2.9345399217E-01   6.4018764288E-01   6.0529505610E-01   1.1759664355E-01  -3.4236711097E-01
    9     -3.3102646938E-01  -1.8401807102E-01   2.4102876008E-01  -1.3046717039E-01  -3.5272429293E-01
   10     -1.9624557043E-01   2.8959440293E-01   9.3746432723E-02   3.1595263841E-02   6.5388093552E-01
   11     -7.7511697767E-01  -3.0679494163E-02   3.9645307682E-01  -1.5382993400E-01   3.7632656889E-02
   12     -9.4523693418E-03   1.6739526381E-03   9.0077827251E-04  -9.9406628087E-04   1.6645398031E-03
   13     -5.1714812610E-03  -3.1540770584E-03   9.8869953787E-04  -8.1299895128E-04  -2.0412449831E-03
   14      1.5681521385E-02   9.8082682832E-04  -2.8265895241E-03   6.2131627209E-04  -1.8067595419E-04
   15     -1.0233572155E-02  -4.7352359063E-03  -1.4068508899E-03  -5.7618853286E-04   6.0094460245E-04
   16     -6.2709950479E-03   7.2092539143E-03  -6.9508946576E-04  -5.3120177882E-04  -1.0042171442E-03
   17     -4.8205709612E-03  -5.0846583771E-04  -3.3402355198E-03  -8.0313673222E-04   3.7793076777E-05
                   15                 16                 17        
     0     -5.6264051659E-02   4.0905487735E-03  -6.3741302189E-02
     1     -3.4993726462E-02   6.7291703922E-02   4.3544658068E-02
     2      3.6384196621E-02   2.4542202838E-02  -1.6813361383E-02
     3     -4.6851928698E-02  -2.5380440075E-02  -2.9379155335E-02
     4      4.9471950387E-02  -9.5068884487E-01  -7.3295812844E-02
     5      4.7700614468E-02  -2.6535211234E-01  -2.7405850699E-02
     6     -6.0907287993E-03  -7.6512973343E-02   8.4668984445E-01
     7     -4.6489347954E-02   7.3261129344E-02  -4.6061047997E-01
     8      3.3136534862E-02  -1.6760576974E-02   2.3393297438E-01
     9      7.3512430600E-01   5.2868621691E-02  -5.2873437422E-02
    10      4.2148296681E-01   7.0778903728E-02   1.2105517683E-02
    11     -5.1576505367E-01  -2.6084731966E-02   7.6922067238E-03
    12     -1.3220558737E-03  -1.6072433566E-04   1.6811898629E-04
    13     -7.9966255217E-04  -9.7253101911E-05   8.3096781116E-06
    14      1.4909327233E-04   3.8618504673E-05   4.2773081644E-06
    15      1.6601802592E-04   4.1787855719E-05  -1.0200117165E-04
    16      9.5623828534E-05   8.3966970081E-05   3.5074167853E-05
    17     -1.7969111788E-05   1.8964866097E-04  -1.7608337640E-04

#
# The atoms: label  mass x y z (in bohrs)
#
$atoms
6
 C     12.01100      0.412341540230     0.183578639239     1.715190877341
 H      1.00800      0.458694224059     2.148982155733     2.334535756881
 H      1.00800      2.147594724680    -0.768582774482     2.240438362596
 H      1.00800     -1.012087051199    -0.618991918412     3.060305949811
 F     18.99800     -0.384452404298    -0.171425792057     6.396586181586
 Br    79.90000      0.009314606063     0.003558015508    -1.875092167902

$actual_temperature
  0.000000

$frequency_scale_factor
  1.000000


$end

