
$orca_hessian_file

$act_atom
  0

$act_coord
  0

$act_energy
      -12.678292

$multiplicity
  1

$hessian
18
                    0                  1                  2                  3                  4        
    0      3.9765625920E-01  -6.2878052400E-02   1.2920073400E-02  -3.9971033600E-02   5.3297501000E-03
    1     -6.2878052400E-02   4.3145861340E-01   7.0420697000E-03   3.2390017000E-03  -2.4572544410E-01
    2      1.2920073400E-02   7.0420697000E-03   3.1479616810E-01   5.4272650000E-04  -7.7639575400E-02
    3     -3.9971033600E-02   3.2390017000E-03   5.4272650000E-04   4.5210875600E-02  -8.3994990000E-04
    4      5.3297501000E-03  -2.4572544410E-01  -7.7639575400E-02  -8.3994990000E-04   2.8579425610E-01
    5     -6.0311600000E-05  -8.9157822300E-02  -6.9199459500E-02  -3.4463325000E-03   8.4313571800E-02
    6     -2.1582160600E-01   1.0507748310E-01  -6.6043870100E-02   3.9249420000E-04   2.0452041000E-03
    7      1.0252195220E-01  -1.0040376970E-01   3.8294477700E-02   2.7550643500E-02  -1.6446958600E-02
    8     -7.6050851600E-02   4.3386038300E-02  -6.3070484200E-02   7.9190677000E-03  -3.4598433000E-03
    9     -1.2382722890E-01  -4.5909958500E-02   6.3318798800E-02  -4.3796265000E-03  -6.7458373000E-03
   10     -4.5724542600E-02  -6.6725006800E-02   3.6427903800E-02  -2.9772322500E-02  -2.6655516600E-02
   11      7.3017767000E-02   4.2227375800E-02  -7.4969586000E-02  -3.4056586000E-03  -2.1774113000E-03
   12      4.5267817000E-03   1.0224580000E-04  -6.8182077000E-03  -1.9443019000E-03   4.1637110000E-04
   13      2.8795390000E-04   3.8108336000E-03  -3.9254103000E-03   1.0398219000E-03  -1.5131490000E-04
   14     -9.5794570000E-04  -4.9157380000E-04  -6.3858710000E-03  -2.9119130000E-04  -2.7634130000E-04
   15     -2.2563172300E-02   3.6928030000E-04  -3.9195208000E-03   6.9159220000E-04  -2.0553810000E-04
   16      4.6293890000E-04  -2.2415226400E-02  -1.9946560000E-04  -1.2171948000E-03   3.1849782000E-03
   17     -8.8687315000E-03  -3.0060877000E-03  -1.0117076740E-01  -1.3186117000E-03  -7.6040050000E-04
                    5                  6                  7                  8                  9        
    0     -6.0311600000E-05  -2.1582160600E-01   1.0252195220E-01  -7.6050851600E-02  -1.2382722890E-01
    1     -8.9157822300E-02   1.0507748310E-01  -1.0040376970E-01   4.3386038300E-02  -4.5909958500E-02
    2     -6.9199459500E-02  -6.6043870100E-02   3.8294477700E-02  -6.3070484200E-02   6.3318798800E-02
    3     -3.4463325000E-03   3.9249420000E-04   2.7550643500E-02   7.9190677000E-03  -4.3796265000E-03
    4      8.4313571800E-02   2.0452041000E-03  -1.6446958600E-02  -3.4598433000E-03  -6.7458373000E-03
    5      8.2078823900E-02   1.2141617000E-03   7.3285788000E-03   3.9247751000E-03   2.6597367000E-03
    6      1.2141617000E-03   2.4621786250E-01  -1.1764847230E-01   7.0933875400E-02  -3.2662682500E-02
    7      7.3285788000E-03  -1.1764847230E-01   1.1116436740E-01  -4.3499656800E-02  -1.0835596400E-02
    8      3.9247751000E-03   7.0933875400E-02  -4.3499656800E-02   7.8540443000E-02   1.3304331300E-02
    9      2.6597367000E-03  -3.2662682500E-02  -1.0835596400E-02   1.3304331300E-02   1.5857655670E-01
   10      1.3779716300E-02   1.1967322300E-02   5.9754279000E-03  -5.1790598000E-03   6.0800150300E-02
   11      7.0715589000E-03  -3.3530469000E-03  -2.1994549000E-03   5.8843178000E-03  -7.5715170800E-02
   12     -7.8986490000E-04   8.3118470000E-04  -4.6301230000E-04  -4.5111430000E-04  -4.3220828000E-03
   13      1.2361280000E-04  -9.2801640000E-04  -1.4542841000E-03  -4.6108040000E-04  -8.0874200000E-05
   14     -4.3510594000E-03  -4.5695520000E-04   3.0038400000E-05  -3.1637496000E-03  -1.9524608000E-03
   15      4.2261060000E-04   1.0427471000E-03  -1.1255147000E-03  -1.5655308400E-02   6.6150640000E-03
   16     -1.6387657400E-02  -5.1352080000E-04   1.1652172000E-03   9.2136019000E-03   2.7721159000E-03
   17     -1.9524638900E-02  -2.2941649000E-03   4.6016700000E-05  -2.2115302100E-02  -1.6152352000E-03
                   10                 11                 12                 13                 14        
    0     -4.5724542600E-02   7.3017767000E-02   4.5267817000E-03   2.8795390000E-04  -9.5794570000E-04
    1     -6.6725006800E-02   4.2227375800E-02   1.0224580000E-04   3.8108336000E-03  -4.9157380000E-04
    2      3.6427903800E-02  -7.4969586000E-02  -6.8182077000E-03  -3.9254103000E-03  -6.3858710000E-03
    3     -2.9772322500E-02  -3.4056586000E-03  -1.9443019000E-03   1.0398219000E-03  -2.9119130000E-04
    4     -2.6655516600E-02  -2.1774113000E-03   4.1637110000E-04  -1.5131490000E-04  -2.7634130000E-04
    5      1.3779716300E-02   7.0715589000E-03  -7.8986490000E-04   1.2361280000E-04  -4.3510594000E-03
    6      1.1967322300E-02  -3.3530469000E-03   8.3118470000E-04  -9.2801640000E-04  -4.5695520000E-04
    7      5.9754279000E-03  -2.1994549000E-03  -4.6301230000E-04  -1.4542841000E-03   3.0038400000E-05
    8     -5.1790598000E-03   5.8843178000E-03  -4.5111430000E-04  -4.6108040000E-04  -3.1637496000E-03
    9      6.0800150300E-02  -7.5715170800E-02  -4.3220828000E-03  -8.0874200000E-05  -1.9524608000E-03
   10      8.8381266300E-02  -4.3168206200E-02   2.7730920000E-04  -4.0258828000E-03  -1.0866084000E-03
   11     -4.3168206200E-02   7.7903728600E-02   4.0924653000E-03   2.6326718000E-03  -7.9455361000E-03
   12      2.7730920000E-04   4.0924653000E-03   2.7164800000E-04  -7.6411260000E-04   1.4628707000E-03
   13     -4.0258828000E-03   2.6326718000E-03  -7.6411260000E-04   1.3655641000E-03   7.2071610000E-04
   14     -1.0866084000E-03  -7.9455361000E-03   1.4628707000E-03   7.2071610000E-04   3.2696720100E-02
   15      2.4520832000E-03   5.3636440000E-03   6.3677040000E-04   4.4522730000E-04   2.1956823000E-03
   16      3.0497121000E-03   2.6850247000E-03   4.3119880000E-04   4.5508410000E-04   1.1037691000E-03
   17     -7.7374570000E-04  -7.9444831000E-03   2.5038509000E-03   9.0949000000E-04  -1.0850504000E-02
                   15                 16                 17        
     0     -2.2563172300E-02   4.6293890000E-04  -8.8687315000E-03
     1      3.6928030000E-04  -2.2415226400E-02  -3.0060877000E-03
     2     -3.9195208000E-03  -1.9946560000E-04  -1.0117076740E-01
     3      6.9159220000E-04  -1.2171948000E-03  -1.3186117000E-03
     4     -2.0553810000E-04   3.1849782000E-03  -7.6040050000E-04
     5      4.2261060000E-04  -1.6387657400E-02  -1.9524638900E-02
     6      1.0427471000E-03  -5.1352080000E-04  -2.2941649000E-03
     7     -1.1255147000E-03   1.1652172000E-03   4.6016700000E-05
     8     -1.5655308400E-02   9.2136019000E-03  -2.2115302100E-02
     9      6.6150640000E-03   2.7721159000E-03  -1.6152352000E-03
    10      2.4520832000E-03   3.0497121000E-03  -7.7374570000E-04
    11      5.3636440000E-03   2.6850247000E-03  -7.9444831000E-03
    12      6.3677040000E-04   4.3119880000E-04   2.5038509000E-03
    13      4.4522730000E-04   4.5508410000E-04   9.0949000000E-04
    14      2.1956823000E-03   1.1037691000E-03  -1.0850504000E-02
    15      1.3576998800E-02  -1.9355380000E-03   1.1592892400E-02
    16     -1.9355380000E-03   1.4560234800E-02   3.5847273000E-03
    17      1.1592892400E-02   3.5847273000E-03   1.6160569560E-01

$vibrational_frequencies
18
    0        0.0000000000000000
    1        0.0000000000000000
    2        0.0000000000000000
    3        0.0000000000000000
    4        0.0000000000000000
    5        0.0000000000000000
    6      -84.2311110643782257
    7      119.0599734755893735
    8      225.6953942735848671
    9      579.3775317254238644
   10      708.2305888018122459
   11      943.2965587466063653
   12     1392.0621097070106771
   13     1430.4229242890585283
   14     1559.9733021656004439
   15     2590.2747137474520969
   16     2983.8024674555827005
   17     3095.9346241778630429

$normal_modes
18 18
                    0                  1                  2                  3                  4        
    0      0.0000000000E+00   0.0000000000E+00   0.0000000000E+00   0.0000000000E+00   0.0000000000E+00
    1      0.0000000000E+00   0.0000000000E+00   0.0000000000E+00   0.0000000000E+00   0.0000000000E+00
    2      0.0000000000E+00   0.0000000000E+00   0.0000000000E+00   0.0000000000E+00   0.0000000000E+00
    3      0.0000000000E+00   0.0000000000E+00   0.0000000000E+00   0.0000000000E+00   0.0000000000E+00
    4      0.0000000000E+00   0.0000000000E+00   0.0000000000E+00   0.0000000000E+00   0.0000000000E+00
    5      0.0000000000E+00   0.0000000000E+00   0.0000000000E+00   0.0000000000E+00   0.0000000000E+00
    6      0.0000000000E+00   0.0000000000E+00   0.0000000000E+00   0.0000000000E+00   0.0000000000E+00
    7      0.0000000000E+00   0.0000000000E+00   0.0000000000E+00   0.0000000000E+00   0.0000000000E+00
    8      0.0000000000E+00   0.0000000000E+00   0.0000000000E+00   0.0000000000E+00   0.0000000000E+00
    9      0.0000000000E+00   0.0000000000E+00   0.0000000000E+00   0.0000000000E+00   0.0000000000E+00
   10      0.0000000000E+00   0.0000000000E+00   0.0000000000E+00   0.0000000000E+00   0.0000000000E+00
   11      0.0000000000E+00   0.0000000000E+00   0.0000000000E+00   0.0000000000E+00   0.0000000000E+00
   12      0.0000000000E+00   0.0000000000E+00   0.0000000000E+00   0.0000000000E+00   0.0000000000E+00
   13      0.0000000000E+00   0.0000000000E+00   0.0000000000E+00   0.0000000000E+00   0.0000000000E+00
   14      0.0000000000E+00   0.0000000000E+00   0.0000000000E+00   0.0000000000E+00   0.0000000000E+00
   15      0.0000000000E+00   0.0000000000E+00   0.0000000000E+00   0.0000000000E+00   0.0000000000E+00
   16      0.0000000000E+00   0.0000000000E+00   0.0000000000E+00   0.0000000000E+00   0.0000000000E+00
   17      0.0000000000E+00   0.0000000000E+00   0.0000000000E+00   0.0000000000E+00   0.0000000000E+00
                    5                  6                  7                  8                  9        
    0      0.0000000000E+00   3.2781918887E-01  -1.7539446984E-01  -1.9190872953E-01  -3.0770311956E-04
    1      0.0000000000E+00   1.5875796270E-01   3.4358185224E-01  -9.9373354698E-02  -9.1874221874E-03
    2      0.0000000000E+00  -4.3797154747E-02   3.3923433234E-03  -6.2286541584E-02   5.1585536603E-01
    3      0.0000000000E+00   4.4141927525E-01   5.8991992206E-02  -1.9976719497E-01   8.0991844922E-02
    4      0.0000000000E+00   2.1062145842E-01   4.1284660570E-01  -1.0650454385E-01   6.8621440788E-02
    5      0.0000000000E+00  -1.6045076099E-01  -1.6475964110E-01  -2.9722326900E-02   2.8715023725E-01
    6      0.0000000000E+00   3.8638041303E-01  -3.3717826979E-01  -1.7328786683E-01   1.0325506325E-01
    7      0.0000000000E+00   1.6159374630E-01   1.7282724516E-01  -6.5728347455E-02   2.5165487251E-02
    8      0.0000000000E+00  -1.7757732798E-01   1.6140283625E-01  -4.7963607068E-02   2.6645421874E-01
    9      0.0000000000E+00   4.6598650897E-01  -3.0573225270E-01  -1.3683874643E-01   1.2488771662E-01
   10      0.0000000000E+00   2.7815507424E-01   6.0206151420E-01  -9.9364875515E-02   6.0169023375E-02
   11      0.0000000000E+00   2.6364159117E-01   2.6341661610E-02   3.6949864115E-02   7.2748752994E-01
   12      0.0000000000E+00  -1.3545036251E-01   6.7156122620E-02   3.6722475938E-02  -7.2411936932E-03
   13      0.0000000000E+00  -6.6223156681E-02  -1.3344224590E-01   2.4059197101E-02  -2.7069764362E-03
   14      0.0000000000E+00   7.2727906827E-02   1.7398496972E-03   8.8737270188E-01  -5.1250237725E-02
   15      0.0000000000E+00  -3.3395328877E-02   1.7764966687E-02   2.6549876236E-02  -2.1319609743E-03
   16      0.0000000000E+00  -1.6324250320E-02  -3.4904419119E-02   1.2644146254E-02   8.2473932446E-05
   17      0.0000000000E+00  -9.7704074899E-03  -1.2136149664E-03  -2.0111540652E-01  -8.1522246644E-02
                   10                 11                 12                 13                 14        
    0      1.1471844073E-01   6.3894375091E-02  -1.1169071459E-02   6.2072592787E-02   3.7937494689E-02
    1      7.6692611517E-02  -9.4091375411E-02  -1.1756967232E-02   4.3999431628E-02  -4.7694557506E-02
    2      5.9880772000E-02   4.2995847490E-03   1.0418428400E-01   6.9609977543E-03  -5.7428940748E-03
    3     -1.1803721907E-01  -1.7624484864E-01   6.4938344051E-02  -6.2437751481E-01  -3.9488954536E-01
    4     -7.6309005328E-02   1.5145934935E-01   2.1000680487E-01   8.7056252268E-02  -1.2932815794E-01
    5      4.0073349325E-01  -5.8926586174E-01  -5.4822055426E-01  -2.0612607017E-01   3.3420457545E-01
    6     -1.0932561956E-01  -4.1720947433E-02   2.2556320805E-01  -2.9392429636E-01   2.2222188194E-01
    7     -1.1624925149E-01   1.9392859161E-01  -1.1134302388E-02  -6.2805863561E-01   1.5188232664E-01
    8      3.0353015566E-01   6.5110383802E-01  -5.9146902360E-01  -1.3980489568E-01  -3.1461194911E-01
    9     -2.9900561038E-01  -1.9337254418E-01  -2.1830408411E-01   1.2152127330E-01  -3.4829843887E-01
   10     -1.9073596727E-01   2.8705613867E-01  -7.2828344966E-02  -3.0862256914E-02   6.4539947425E-01
   11     -7.4379992940E-01  -5.1302418726E-02  -4.3148433607E-01   1.9526960764E-01   5.1048053611E-02
   12     -5.5403997882E-03   2.2065899747E-03  -5.2723392969E-04   1.3786722262E-03   1.6042774929E-03
   13     -2.8162079744E-03  -3.8460466998E-03  -8.8163654008E-04   9.1815991228E-04  -1.8404415262E-03
   14      1.1139200016E-02   1.6131744595E-03   5.3883402327E-03  -1.9064548167E-04  -4.7053768560E-04
   15     -9.2871999986E-03  -4.9402639371E-03   8.9353015968E-04   3.9310206821E-04   4.8796644044E-04
   16     -6.0236803498E-03   7.0800384605E-03   3.8685548981E-04   3.8196723498E-04  -8.1943972183E-04
   17     -1.1151413062E-02  -1.1628190590E-03   2.8788258118E-03   8.9962437939E-04   8.3997125061E-05
                   15                 16                 17        
     0      5.6974972516E-02  -4.6220053282E-03  -6.0840438708E-02
     1      3.6682349618E-02   6.6948084270E-02   4.0077538894E-02
     2     -2.9746148274E-02   2.9205012536E-02  -2.3645456822E-02
     3      6.7452643956E-02   1.6473198609E-03  -2.3660588495E-02
     4     -7.6001300754E-02  -9.3185662100E-01  -8.0726294994E-03
     5     -7.0221390632E-02  -3.3041044408E-01  -1.3710830364E-02
     6      3.2929357905E-03  -1.9313761005E-02   8.2121278035E-01
     7      6.7643282105E-02   3.8865396681E-02  -4.7413949433E-01
     8     -4.5801295490E-02   2.2190094714E-03   2.9844274942E-01
     9     -7.5493748928E-01   7.3720508932E-02  -6.9507174309E-02
    10     -4.3193438938E-01   9.1931891201E-02   2.0289818445E-03
    11      4.6484656760E-01  -3.6583709601E-02   1.4762363702E-02
    12      1.1182469125E-03  -1.2818859789E-04   1.5549907125E-04
    13      6.8179562516E-04  -4.2174754477E-05   4.1389831302E-06
    14     -2.4635351851E-04   2.3989826878E-04  -1.5412026253E-04
    15     -1.9906639454E-04   1.8119307252E-05  -7.5957943900E-05
    16     -1.2177355762E-04   5.2010057635E-05   3.2223467677E-05
    17      1.2949610179E-04   1.5462268439E-04  -1.8719247043E-04

#
# The atoms: label  mass x y z (in bohrs)
#
$atoms
6
 C     12.01100      0.120911532496     0.029100871527     1.715631734080
 H      1.00800      0.085466863783     1.941708372562     2.499576754712
 H      1.00800      1.785174844726    -0.950801888554     2.386238850362
 H      1.00800     -1.368823330799    -0.807218349633     3.006305385966
 F     18.99800     -0.241157100567    -0.087340612196     6.334842039050
 Br    79.90000      0.032833557635     0.014075203293    -1.863717644241

$actual_temperature
  0.000000

$frequency_scale_factor
  1.000000


$end

