
$orca_hessian_file

$act_atom
  0

$act_coord
  0

$act_energy
      -12.682424

$multiplicity
  1

$hessian
18
                    0                  1                  2                  3                  4        
    0      4.1783792720E-01  -7.2850417900E-02   7.3572769000E-03  -3.7935447500E-02   3.4412330000E-03
    1     -7.2850417900E-02   5.0197358720E-01   4.3159194000E-03   2.0752065000E-03  -3.0763757220E-01
    2      7.3572769000E-03   4.3159194000E-03   2.8279136940E-01   2.9581370000E-04  -7.0333975800E-02
    3     -3.7935447500E-02   2.0752065000E-03   2.9581370000E-04   4.0953898500E-02  -1.8432990000E-04
    4      3.4412330000E-03  -3.0763757220E-01  -7.0333975800E-02  -1.8432990000E-04   3.4321957840E-01
    5     -6.1022650000E-04  -7.7854580100E-02  -5.3177759200E-02  -1.3153878000E-03   7.6686699800E-02
    6     -2.3781737200E-01   1.1882744320E-01  -6.0746133500E-02   8.4970960000E-04   9.9068740000E-04
    7      1.1747410720E-01  -1.0773985200E-01   3.5392394200E-02   2.5833568100E-02  -1.4634835700E-02
    8     -6.7731446600E-02   3.8399991600E-02  -5.3171632900E-02   6.2532147000E-03  -1.8344011000E-03
    9     -1.2394002420E-01  -4.7893779900E-02   6.8225636700E-02  -2.9753535000E-03  -4.5241409000E-03
   10     -4.7907456700E-02  -6.8609848100E-02   3.9364286200E-02  -2.6562358000E-02  -2.2146040300E-02
   11      7.5536284700E-02   4.3616294000E-02  -8.0131422800E-02  -2.4728505000E-03  -9.1075050000E-04
   12      3.4983127000E-03   3.0824220000E-04  -5.9756821000E-03  -8.2055150000E-04   6.0914880000E-04
   13      3.0779220000E-04   3.1339937000E-03  -3.4456899000E-03   1.3007955000E-03   1.0349947000E-03
   14     -2.6936840000E-04  -1.6432080000E-04  -8.0506934000E-03  -3.7012000000E-05  -3.6006560000E-04
   15     -2.1643396200E-02  -4.6669410000E-04  -9.1569117000E-03  -7.2255700000E-05  -3.3259840000E-04
   16     -4.6525780000E-04  -2.1120308600E-02  -5.2929341000E-03  -2.4628823000E-03   1.6387510000E-04
   17     -1.4282520100E-02  -8.3133041000E-03  -8.8259861100E-02  -2.7237781000E-03  -3.2475068000E-03
                    5                  6                  7                  8                  9        
    0     -6.1022650000E-04  -2.3781737200E-01   1.1747410720E-01  -6.7731446600E-02  -1.2394002420E-01
    1     -7.7854580100E-02   1.1882744320E-01  -1.0773985200E-01   3.8399991600E-02  -4.7893779900E-02
    2     -5.3177759200E-02  -6.0746133500E-02   3.5392394200E-02  -5.3171632900E-02   6.8225636700E-02
    3     -1.3153878000E-03   8.4970960000E-04   2.5833568100E-02   6.2532147000E-03  -2.9753535000E-03
    4      7.6686699800E-02   9.9068740000E-04  -1.4634835700E-02  -1.8344011000E-03  -4.5241409000E-03
    5      6.8459739700E-02   1.5392509000E-03   6.3305163000E-03   2.5666163000E-03   2.6365273000E-03
    6      1.5392509000E-03   2.6748131220E-01  -1.3096687150E-01   6.5750427500E-02  -3.0815282500E-02
    7      6.3305163000E-03  -1.3096687150E-01   1.1667132640E-01  -3.9479498300E-02  -1.0491363700E-02
    8      2.5666163000E-03   6.5750427500E-02  -3.9479498300E-02   6.8458191800E-02   1.4822383800E-02
    9      2.6365273000E-03  -3.0815282500E-02  -1.0491363700E-02   1.4822383800E-02   1.5579598560E-01
   10      1.5594436600E-02   1.1556474000E-02   5.6850171000E-03  -5.5142184000E-03   5.9740136800E-02
   11      5.4375292000E-03  -2.0176801000E-03  -1.6937504000E-03   5.4429371000E-03  -8.1810612600E-02
   12     -9.4731940000E-04   1.4022156000E-03   1.8102600000E-05  -1.3874957000E-03  -4.2215177000E-03
   13     -1.0582491000E-03  -6.7315540000E-04  -1.1809996000E-03  -2.9200810000E-04   6.9216900000E-05
   14     -1.4528071000E-03  -3.3606920000E-04   1.5567600000E-04  -1.4584395000E-03  -1.5143793000E-03
   15     -1.3028445000E-03  -1.1005829000E-03  -1.8675427000E-03  -1.7707083700E-02   6.1561923000E-03
   16     -1.9698823500E-02   2.6542220000E-04   1.1993438000E-03   8.7201344000E-03   3.0999308000E-03
   17     -2.1833318900E-02  -4.1897957000E-03  -7.0533790000E-04  -2.1837672900E-02  -2.3595559000E-03
                   10                 11                 12                 13                 14        
    0     -4.7907456700E-02   7.5536284700E-02   3.4983127000E-03   3.0779220000E-04  -2.6936840000E-04
    1     -6.8609848100E-02   4.3616294000E-02   3.0824220000E-04   3.1339937000E-03  -1.6432080000E-04
    2      3.9364286200E-02  -8.0131422800E-02  -5.9756821000E-03  -3.4456899000E-03  -8.0506934000E-03
    3     -2.6562358000E-02  -2.4728505000E-03  -8.2055150000E-04   1.3007955000E-03  -3.7012000000E-05
    4     -2.2146040300E-02  -9.1075050000E-04   6.0914880000E-04   1.0349947000E-03  -3.6006560000E-04
    5      1.5594436600E-02   5.4375292000E-03  -9.4731940000E-04  -1.0582491000E-03  -1.4528071000E-03
    6      1.1556474000E-02  -2.0176801000E-03   1.4022156000E-03  -6.7315540000E-04  -3.3606920000E-04
    7      5.6850171000E-03  -1.6937504000E-03   1.8102600000E-05  -1.1809996000E-03   1.5567600000E-04
    8     -5.5142184000E-03   5.4429371000E-03  -1.3874957000E-03  -2.9200810000E-04  -1.4584395000E-03
    9      5.9740136800E-02  -8.1810612600E-02  -4.2215177000E-03   6.9216900000E-05  -1.5143793000E-03
   10      8.6803633700E-02  -4.7240625000E-02   6.9967300000E-05  -4.3028394000E-03  -8.6541980000E-04
   11     -4.7240625000E-02   8.4427613200E-02   5.0938479000E-03   2.9476992000E-03  -4.6872861000E-03
   12      6.9967300000E-05   5.0938479000E-03  -6.0361090000E-04  -1.1275444000E-03   1.4347320000E-04
   13     -4.3028394000E-03   2.9476992000E-03  -1.1275444000E-03   7.0282660000E-04   7.7241300000E-05
   14     -8.6541980000E-04  -4.6872861000E-03   1.4347320000E-04   7.7241300000E-05   2.3527486800E-02
   15      3.1032366000E-03   5.6710107000E-03   7.4515160000E-04   1.2289520000E-04   2.0133558000E-03
   16      2.5700769000E-03   3.2811326000E-03   1.2208360000E-04   6.1202400000E-04   1.1568889000E-03
   17     -1.3384596000E-03  -1.0489370700E-02   3.0731762000E-03   1.7710067000E-03  -7.8782608000E-03
                   15                 16                 17        
     0     -2.1643396200E-02  -4.6525780000E-04  -1.4282520100E-02
     1     -4.6669410000E-04  -2.1120308600E-02  -8.3133041000E-03
     2     -9.1569117000E-03  -5.2929341000E-03  -8.8259861100E-02
     3     -7.2255700000E-05  -2.4628823000E-03  -2.7237781000E-03
     4     -3.3259840000E-04   1.6387510000E-04  -3.2475068000E-03
     5     -1.3028445000E-03  -1.9698823500E-02  -2.1833318900E-02
     6     -1.1005829000E-03   2.6542220000E-04  -4.1897957000E-03
     7     -1.8675427000E-03   1.1993438000E-03  -7.0533790000E-04
     8     -1.7707083700E-02   8.7201344000E-03  -2.1837672900E-02
     9      6.1561923000E-03   3.0999308000E-03  -2.3595559000E-03
    10      3.1032366000E-03   2.5700769000E-03  -1.3384596000E-03
    11      5.6710107000E-03   3.2811326000E-03  -1.0489370700E-02
    12      7.4515160000E-04   1.2208360000E-04   3.0731762000E-03
    13      1.2289520000E-04   6.1202400000E-04   1.7710067000E-03
    14      2.0133558000E-03   1.1568889000E-03  -7.8782608000E-03
    15      1.5914890800E-02  -5.5929660000E-04   2.0482473500E-02
    16     -5.5929660000E-04   1.6574988700E-02   1.1833601700E-02
    17      2.0482473500E-02   1.1833601700E-02   1.5029848430E-01

$vibrational_frequencies
18
    0        0.0000000000000000
    1        0.0000000000000000
    2        0.0000000000000000
    3        0.0000000000000000
    4        0.0000000000000000
    5        0.0000000000000000
    6     -143.0210936429416506
    7      119.1379481238146525
    8      192.6733280597142937
    9      556.7936947826166261
   10      714.9415223866668612
   11      952.1438268106443275
   12     1323.7665431204354718
   13     1380.5412225222305551
   14     1521.5490655035669079
   15     2622.1861701747543520
   16     3179.4647696842121150
   17     3213.4268872198149438

$normal_modes
18 18
                    0                  1                  2                  3                  4        
    0      0.0000000000E+00   0.0000000000E+00   0.0000000000E+00   0.0000000000E+00   0.0000000000E+00
    1      0.0000000000E+00   0.0000000000E+00   0.0000000000E+00   0.0000000000E+00   0.0000000000E+00
    2      0.0000000000E+00   0.0000000000E+00   0.0000000000E+00   0.0000000000E+00   0.0000000000E+00
    3      0.0000000000E+00   0.0000000000E+00   0.0000000000E+00   0.0000000000E+00   0.0000000000E+00
    4      0.0000000000E+00   0.0000000000E+00   0.0000000000E+00   0.0000000000E+00   0.0000000000E+00
    5      0.0000000000E+00   0.0000000000E+00   0.0000000000E+00   0.0000000000E+00   0.0000000000E+00
    6      0.0000000000E+00   0.0000000000E+00   0.0000000000E+00   0.0000000000E+00   0.0000000000E+00
    7      0.0000000000E+00   0.0000000000E+00   0.0000000000E+00   0.0000000000E+00   0.0000000000E+00
    8      0.0000000000E+00   0.0000000000E+00   0.0000000000E+00   0.0000000000E+00   0.0000000000E+00
    9      0.0000000000E+00   0.0000000000E+00   0.0000000000E+00   0.0000000000E+00   0.0000000000E+00
   10      0.0000000000E+00   0.0000000000E+00   0.0000000000E+00   0.0000000000E+00   0.0000000000E+00
   11      0.0000000000E+00   0.0000000000E+00   0.0000000000E+00   0.0000000000E+00   0.0000000000E+00
   12      0.0000000000E+00   0.0000000000E+00   0.0000000000E+00   0.0000000000E+00   0.0000000000E+00
   13      0.0000000000E+00   0.0000000000E+00   0.0000000000E+00   0.0000000000E+00   0.0000000000E+00
   14      0.0000000000E+00   0.0000000000E+00   0.0000000000E+00   0.0000000000E+00   0.0000000000E+00
   15      0.0000000000E+00   0.0000000000E+00   0.0000000000E+00   0.0000000000E+00   0.0000000000E+00
   16      0.0000000000E+00   0.0000000000E+00   0.0000000000E+00   0.0000000000E+00   0.0000000000E+00
   17      0.0000000000E+00   0.0000000000E+00   0.0000000000E+00   0.0000000000E+00   0.0000000000E+00
                    5                  6                  7                  8                  9        
    0      0.0000000000E+00   3.0273252731E-01  -1.3655001175E-01   1.1275895658E-01  -1.9696906751E-02
    1      0.0000000000E+00   1.7461985621E-01   2.3675621068E-01   6.4532661914E-02  -1.1235349574E-02
    2      0.0000000000E+00  -6.1807819990E-02   2.3840256140E-05   8.2259611292E-02  -5.1590854748E-01
    3      0.0000000000E+00   3.7652782940E-01   2.9674021837E-01   1.0304107831E-01  -9.2324851374E-02
    4      0.0000000000E+00   2.2072109115E-01   2.8483680029E-01   6.1541750946E-02  -7.6045211846E-02
    5      0.0000000000E+00  -2.1447071360E-01  -1.6904843579E-01   8.9615679342E-02  -2.4223345334E-01
    6      0.0000000000E+00   3.7982412011E-01  -3.9469189624E-01   1.0625300954E-01  -1.1224908297E-01
    7      0.0000000000E+00   2.1586635052E-01  -1.1433705667E-01   5.8903679101E-02  -4.2298648508E-02
    8      0.0000000000E+00  -2.1459729698E-01   1.6883133485E-01   8.8957025008E-02  -2.4251878951E-01
    9      0.0000000000E+00   4.7912787728E-01  -3.5969333524E-01   8.1031396926E-02  -1.5824387866E-01
   10      0.0000000000E+00   2.7622083248E-01   6.2362134678E-01   4.5338224483E-02  -9.1575783898E-02
   11      0.0000000000E+00   2.6643341970E-01   3.3049720338E-04   1.9468794408E-02  -7.3827392843E-01
   12      0.0000000000E+00  -1.2526624327E-01   5.2718515110E-02   2.3263101229E-03   2.7503081482E-03
   13      0.0000000000E+00  -7.2261682742E-02  -9.1411582832E-02   1.5611518498E-03   1.5667139941E-03
   14      0.0000000000E+00   3.9540901701E-02  -1.6181232489E-04  -9.3722202234E-01   4.0478123932E-02
   15      0.0000000000E+00  -3.1310087124E-02   1.3765482031E-02  -2.1166347383E-02   6.8842246345E-03
   16      0.0000000000E+00  -1.8060605564E-02  -2.3873787922E-02  -1.2163585593E-02   3.9647353277E-03
   17      0.0000000000E+00   1.9413184354E-03   3.3460097610E-05   2.0798120098E-01   8.3359005581E-02
                   10                 11                 12                 13                 14        
    0      1.3048451226E-01   5.5457644438E-02   5.0742879813E-03  -6.5879019209E-02   3.0840133963E-02
    1      7.5386348549E-02  -9.6063662474E-02   2.9199389867E-03  -3.8035993617E-02  -5.3406912960E-02
    2      5.6949509239E-02  -5.5470745428E-05  -1.0339768783E-01   3.2502145697E-03  -1.3350564047E-05
    3     -1.1400040625E-01  -1.9439836969E-01  -2.0922811158E-02   6.7242345310E-01  -3.0377765970E-01
    4     -2.4454891767E-02   9.1379937682E-02  -1.6592317956E-01  -4.8419317964E-02  -1.0539174993E-01
    5      3.6371758678E-01  -6.3133478139E-01   5.9522497300E-01   1.1440001218E-01   3.2987084596E-01
    6     -7.8296101725E-02   1.7995723181E-02  -1.5409439561E-01   2.9427635051E-01   2.4315114804E-01
    7     -8.6578028896E-02   2.1401488998E-01   6.4894533762E-02   6.0654525519E-01   2.1038285732E-01
    8      3.6378507031E-01   6.3133218919E-01   5.9509442749E-01   1.1442584681E-01  -3.3001522410E-01
    9     -3.1975042908E-01  -1.5667718200E-01   2.0977837420E-01  -1.0423936855E-01  -3.7810065493E-01
   10     -1.8456479233E-01   2.7135325326E-01   1.2121568283E-01  -6.0187167635E-02   6.5477500457E-01
   11     -7.3855618954E-01  -9.1824350563E-05   4.0767046372E-01  -2.1103810401E-01  -1.4079259137E-04
   12     -8.6976912783E-03   1.2433409851E-03   1.0614496255E-04  -9.6884008044E-04   1.4480577630E-03
   13     -5.0373996442E-03  -2.1488315181E-03   6.2059982214E-05  -5.5936905774E-04  -2.5082624350E-03
   14      7.6051842556E-03   3.3000846940E-06  -2.4950435338E-03   6.3605115859E-04   5.7572210648E-06
   15     -1.1087201818E-02  -4.4302664861E-03  -1.2265716110E-03  -7.4694862290E-04   5.5451731549E-04
   16     -6.4055371625E-03   7.6756205957E-03  -7.0837216565E-04  -4.3110221596E-04  -9.6022327348E-04
   17     -1.0229810829E-02   8.7451314493E-06  -4.0233206197E-03  -8.6423134070E-04   4.2356700355E-06
                   15                 16                 17        
     0     -5.6134400056E-02   4.2647514064E-02   4.6469490040E-02
     1     -3.2405131682E-02   2.4474809920E-02  -8.0627486827E-02
     2      3.5334705107E-02   2.8093963374E-02  -4.5909658066E-05
     3     -5.1906296676E-02   1.5691243033E-02   1.5514440674E-02
     4      1.6780600791E-02  -6.8206415778E-01   6.8078023665E-01
     5      3.9779528579E-02  -1.7113091877E-01   1.7997571486E-01
     6     -1.1431525741E-02  -5.8450596284E-01  -5.9561810010E-01
     7     -5.3348755566E-02   3.5550927662E-01   3.2591092056E-01
     8      3.9762418066E-02  -1.7162328284E-01  -1.7947923212E-01
     9      7.4286168084E-01   5.6829843388E-02   2.2568830482E-02
    10      4.2888317277E-01   3.2711074108E-02  -3.9307628150E-02
    11     -4.9964774458E-01  -1.6155010351E-02   2.4987858018E-06
    12     -1.2388487231E-03  -1.6120201279E-04  -4.1588331727E-05
    13     -7.1592011162E-04  -9.2241551522E-05   7.2051035772E-05
    14      9.3079410166E-05   9.8472661122E-05   8.6664954361E-07
    15      1.6027381503E-04   8.6407757744E-05   5.8074566145E-05
    16      9.2184590384E-05   4.9812522563E-05  -1.0105980730E-04
    17     -3.3877613891E-05   2.8126543122E-04   4.0028679978E-07

#
# The atoms: label  mass x y z (in bohrs)
#
$atoms
6
 C     12.01100      0.341368183834     0.197094214287     1.702808258187
 H      1.00800      0.328527184304     2.147790496337     2.243938209224
 H      1.00800      2.024309190313    -0.789355697770     2.243932248041
 H      1.00800     -1.105824603179    -0.638432232630     3.022472034538
 F     18.99800     -0.326016660590    -0.188226314061     6.466254802298
 Br    79.90000      0.010469379177     0.006043333170    -1.888219824216

$actual_temperature
  0.000000

$frequency_scale_factor
  1.000000


$end

