
$orca_hessian_file

$act_atom
  0

$act_coord
  0

$act_energy
      -12.687321

$multiplicity
  1

$hessian
18
                    0                  1                  2                  3                  4        
    0      4.4662670710E-01  -2.6142428500E-02  -3.5715314300E-02  -4.1906653800E-02  -1.2927707700E-02
    1     -2.6142428500E-02   4.6971886520E-01  -1.6452358800E-02  -1.7971034000E-02  -2.8361530060E-01
    2     -3.5715314300E-02  -1.6452358800E-02   2.5947624820E-01  -1.8870079000E-03  -4.7640994700E-02
    3     -4.1906653800E-02  -1.7971034000E-02  -1.8870079000E-03   4.4008200500E-02   1.5251979200E-02
    4     -1.2927707700E-02  -2.8361530060E-01  -4.7640994700E-02   1.5251979200E-02   3.1773005290E-01
    5     -2.5756749000E-03  -5.2904992900E-02  -4.7658215000E-02   3.4119183000E-03   5.3442287100E-02
    6     -2.3802752880E-01   1.0474471040E-01  -3.7849004400E-02   9.4362290000E-04   8.7911920000E-04
    7      9.9360511900E-02  -9.3611799400E-02   2.0922582800E-02   2.9424792000E-02  -1.7323313700E-02
    8     -4.2522912700E-02   2.2965464100E-02  -4.5511180800E-02   4.6409171000E-03  -1.3412732000E-03
    9     -1.4578878810E-01  -5.9823254000E-02   9.0794164500E-02  -2.3343971000E-03  -3.0128065000E-03
   10     -5.9755043400E-02  -7.2846199500E-02   5.1414575000E-02  -2.3434840100E-02  -1.7723224100E-02
   11      9.6067013200E-02   5.4562035400E-02  -9.2349797600E-02  -2.9442188000E-03  -1.4631351000E-03
   12      2.1829666000E-03   5.4265160000E-04  -6.7018624000E-03  -4.4576140000E-04   5.4827960000E-04
   13      6.9332450000E-04   1.3638121000E-03  -4.0359606000E-03   8.0910690000E-04   9.7139440000E-04
   14      1.6065477000E-03   6.3646350000E-04  -1.4872519700E-02   3.1654650000E-04   2.6788550000E-04
   15     -2.3086703000E-02  -1.3506455000E-03  -8.6409755000E-03  -2.6501110000E-04  -7.3886380000E-04
   16     -1.2286569000E-03  -2.1009377800E-02  -4.2078437000E-03  -4.0800039000E-03  -3.9609000000E-05
   17     -1.6859659000E-02  -8.8066113000E-03  -5.9084535000E-02  -3.5381552000E-03  -3.2647697000E-03
                    5                  6                  7                  8                  9        
    0     -2.5756749000E-03  -2.3802752880E-01   9.9360511900E-02  -4.2522912700E-02  -1.4578878810E-01
    1     -5.2904992900E-02   1.0474471040E-01  -9.3611799400E-02   2.2965464100E-02  -5.9823254000E-02
    2     -4.7658215000E-02  -3.7849004400E-02   2.0922582800E-02  -4.5511180800E-02   9.0794164500E-02
    3      3.4119183000E-03   9.4362290000E-04   2.9424792000E-02   4.6409171000E-03  -2.3343971000E-03
    4      5.3442287100E-02   8.7911920000E-04  -1.7323313700E-02  -1.3412732000E-03  -3.0128065000E-03
    5      5.7779485500E-02   1.2981336000E-03   4.0958422000E-03   2.2861297000E-03   2.1206205000E-03
    6      1.2981336000E-03   2.6250744270E-01  -1.1649417890E-01   4.3687435200E-02  -2.4113041300E-02
    7      4.0958422000E-03  -1.1649417890E-01   1.0437624600E-01  -2.2306337200E-02  -9.5632266000E-03
    8      2.2861297000E-03   4.3687435200E-02  -2.2306337200E-02   5.5938172000E-02   1.4534098500E-02
    9      2.1206205000E-03  -2.4113041300E-02  -9.5632266000E-03   1.4534098500E-02   1.7089328560E-01
   10      1.5929293200E-02   1.0764917400E-02   5.3509378000E-03  -6.5833709000E-03   6.9618504300E-02
   11      5.4944165000E-03  -2.7248335000E-03  -1.8776833000E-03   5.2652803000E-03  -1.0149861330E-01
   12     -4.7419870000E-04   1.3341415000E-03  -2.3569200000E-04  -6.2660620000E-04  -3.6309054000E-03
   13     -3.7029040000E-04  -4.9223730000E-04  -4.9506850000E-04  -1.6701690000E-04  -7.1538700000E-05
   14     -8.8745990000E-04   5.9129300000E-04   1.9576160000E-04  -7.9261020000E-04  -2.0252548000E-03
   15     -3.7807988000E-03  -2.6446370000E-03  -2.4922065000E-03  -1.9712931900E-02   4.9738463000E-03
   16     -2.0192139300E-02   5.9766920000E-04   1.7029978000E-03   7.4325340000E-03   2.8523214000E-03
   17     -1.7014356700E-02  -5.0030239000E-03  -1.0301660000E-03  -1.7185791000E-02  -3.9250154000E-03
                   10                 11                 12                 13                 14        
    0     -5.9755043400E-02   9.6067013200E-02   2.1829666000E-03   6.9332450000E-04   1.6065477000E-03
    1     -7.2846199500E-02   5.4562035400E-02   5.4265160000E-04   1.3638121000E-03   6.3646350000E-04
    2      5.1414575000E-02  -9.2349797600E-02  -6.7018624000E-03  -4.0359606000E-03  -1.4872519700E-02
    3     -2.3434840100E-02  -2.9442188000E-03  -4.4576140000E-04   8.0910690000E-04   3.1654650000E-04
    4     -1.7723224100E-02  -1.4631351000E-03   5.4827960000E-04   9.7139440000E-04   2.6788550000E-04
    5      1.5929293200E-02   5.4944165000E-03  -4.7419870000E-04  -3.7029040000E-04  -8.8745990000E-04
    6      1.0764917400E-02  -2.7248335000E-03   1.3341415000E-03  -4.9223730000E-04   5.9129300000E-04
    7      5.3509378000E-03  -1.8776833000E-03  -2.3569200000E-04  -4.9506850000E-04   1.9576160000E-04
    8     -6.5833709000E-03   5.2652803000E-03  -6.2660620000E-04  -1.6701690000E-04  -7.9261020000E-04
    9      6.9618504300E-02  -1.0149861330E-01  -3.6309054000E-03  -7.1538700000E-05  -2.0252548000E-03
   10      8.7388192700E-02  -5.7583765300E-02   1.0069340000E-04  -3.5780784000E-03  -1.0686470000E-03
   11     -5.7583765300E-02   1.0449672890E-01   6.4360716000E-03   3.7169313000E-03  -5.7722500000E-03
   12      1.0069340000E-04   6.4360716000E-03  -4.4498890000E-04  -1.0986169000E-03  -2.5785193000E-03
   13     -3.5780784000E-03   3.7169313000E-03  -1.0986169000E-03   8.5417320000E-04  -1.2058925000E-03
   14     -1.0686470000E-03  -5.7722500000E-03  -2.5785193000E-03  -1.2058925000E-03   2.8688836600E-02
   15      2.7057684000E-03   4.6645808000E-03   1.0045477000E-03   1.5996160000E-04   2.0893868000E-03
   16      1.4083715000E-03   2.6456170000E-03   1.4268430000E-04   8.8376710000E-04   1.1744290000E-03
   17     -2.1080851000E-03  -1.7134378000E-02   3.9451150000E-03   2.0622291000E-03  -6.3639967000E-03
                   15                 16                 17        
     0     -2.3086703000E-02  -1.2286569000E-03  -1.6859659000E-02
     1     -1.3506455000E-03  -2.1009377800E-02  -8.8066113000E-03
     2     -8.6409755000E-03  -4.2078437000E-03  -5.9084535000E-02
     3     -2.6501110000E-04  -4.0800039000E-03  -3.5381552000E-03
     4     -7.3886380000E-04  -3.9609000000E-05  -3.2647697000E-03
     5     -3.7807988000E-03  -2.0192139300E-02  -1.7014356700E-02
     6     -2.6446370000E-03   5.9766920000E-04  -5.0030239000E-03
     7     -2.4922065000E-03   1.7029978000E-03  -1.0301660000E-03
     8     -1.9712931900E-02   7.4325340000E-03  -1.7185791000E-02
     9      4.9738463000E-03   2.8523214000E-03  -3.9250154000E-03
    10      2.7057684000E-03   1.4083715000E-03  -2.1080851000E-03
    11      4.6645808000E-03   2.6456170000E-03  -1.7134378000E-02
    12      1.0045477000E-03   1.4268430000E-04   3.9451150000E-03
    13      1.5996160000E-04   8.8376710000E-04   2.0622291000E-03
    14      2.0893868000E-03   1.1744290000E-03  -6.3639967000E-03
    15      2.0017957100E-02   1.7159859000E-03   2.5380738500E-02
    16      1.7159859000E-03   1.7053850500E-02   1.3147403000E-02
    17      2.5380738500E-02   1.3147403000E-02   1.1678305740E-01

$vibrational_frequencies
18
    0        0.0000000000000000
    1        0.0000000000000000
    2        0.0000000000000000
    3        0.0000000000000000
    4        0.0000000000000000
    5        0.0000000000000000
    6     -151.7362096390878037
    7      163.9701089425053055
    8      205.2770661037175444
    9      519.2512972969772136
   10      746.1290591108522676
   11      957.2032223655468215
   12     1300.4969231069874240
   13     1435.1001402223062087
   14     1449.1938572307597042
   15     2830.9001791802547814
   16     3039.9038535415861588
   17     3061.9734194836955794

$normal_modes
18 18
                    0                  1                  2                  3                  4        
    0      0.0000000000E+00   0.0000000000E+00   0.0000000000E+00   0.0000000000E+00   0.0000000000E+00
    1      0.0000000000E+00   0.0000000000E+00   0.0000000000E+00   0.0000000000E+00   0.0000000000E+00
    2      0.0000000000E+00   0.0000000000E+00   0.0000000000E+00   0.0000000000E+00   0.0000000000E+00
    3      0.0000000000E+00   0.0000000000E+00   0.0000000000E+00   0.0000000000E+00   0.0000000000E+00
    4      0.0000000000E+00   0.0000000000E+00   0.0000000000E+00   0.0000000000E+00   0.0000000000E+00
    5      0.0000000000E+00   0.0000000000E+00   0.0000000000E+00   0.0000000000E+00   0.0000000000E+00
    6      0.0000000000E+00   0.0000000000E+00   0.0000000000E+00   0.0000000000E+00   0.0000000000E+00
    7      0.0000000000E+00   0.0000000000E+00   0.0000000000E+00   0.0000000000E+00   0.0000000000E+00
    8      0.0000000000E+00   0.0000000000E+00   0.0000000000E+00   0.0000000000E+00   0.0000000000E+00
    9      0.0000000000E+00   0.0000000000E+00   0.0000000000E+00   0.0000000000E+00   0.0000000000E+00
   10      0.0000000000E+00   0.0000000000E+00   0.0000000000E+00   0.0000000000E+00   0.0000000000E+00
   11      0.0000000000E+00   0.0000000000E+00   0.0000000000E+00   0.0000000000E+00   0.0000000000E+00
   12      0.0000000000E+00   0.0000000000E+00   0.0000000000E+00   0.0000000000E+00   0.0000000000E+00
   13      0.0000000000E+00   0.0000000000E+00   0.0000000000E+00   0.0000000000E+00   0.0000000000E+00
   14      0.0000000000E+00   0.0000000000E+00   0.0000000000E+00   0.0000000000E+00   0.0000000000E+00
   15      0.0000000000E+00   0.0000000000E+00   0.0000000000E+00   0.0000000000E+00   0.0000000000E+00
   16      0.0000000000E+00   0.0000000000E+00   0.0000000000E+00   0.0000000000E+00   0.0000000000E+00
   17      0.0000000000E+00   0.0000000000E+00   0.0000000000E+00   0.0000000000E+00   0.0000000000E+00
                    5                  6                  7                  8                  9        
    0      0.0000000000E+00   3.0049924678E-01   9.3306961278E-02  -3.3740167644E-02  -1.5649404723E-01
    1      0.0000000000E+00   1.6413322015E-01  -1.5769798586E-01   2.2676968175E-02  -8.4422690900E-02
    2      0.0000000000E+00  -1.0198752601E-01  -3.6829605999E-04   4.5195106280E-02  -5.9411035263E-01
    3      0.0000000000E+00   3.8937836180E-01  -4.2742736932E-01   3.6731798563E-02  -1.2856320906E-01
    4      0.0000000000E+00   1.9798965932E-01  -1.6329266777E-01   6.2200242156E-03  -9.8619766476E-02
    5      0.0000000000E+00  -2.5792795079E-01   1.7684250860E-01   1.0366663752E-01  -4.5144776769E-01
    6      0.0000000000E+00   3.4723379613E-01   3.6272754742E-01  -1.1353803436E-01  -1.4677667859E-01
    7      0.0000000000E+00   1.7962459004E-01   2.8814520574E-01  -7.8947609107E-02  -4.1290326471E-02
    8      0.0000000000E+00  -2.5149147293E-01  -1.7395971234E-01   1.7402081410E-01  -4.4277454588E-01
    9      0.0000000000E+00   4.8094211641E-01   3.3706120845E-01  -1.8769810134E-01  -4.8971569889E-02
   10      0.0000000000E+00   2.9338958103E-01  -6.0129324755E-01   4.8792481711E-02  -2.9756773854E-02
   11      0.0000000000E+00   2.4198393820E-01  -8.2495567998E-03  -1.3681026646E-01  -3.8650603982E-01
   12      0.0000000000E+00  -1.2783815010E-01  -3.5499758727E-02   7.3876906428E-02   9.2355949135E-03
   13      0.0000000000E+00  -7.0148637095E-02   6.2776467643E-02   2.2266591531E-02   5.6605148991E-03
   14      0.0000000000E+00  -1.0214700541E-02  -1.3697381420E-02  -9.1054465385E-01   6.6299758366E-02
   15      0.0000000000E+00  -3.0136695695E-02  -9.0215991648E-03  -9.1569454683E-03   2.5420502106E-02
   16      0.0000000000E+00  -1.6459226041E-02   1.4790180364E-02  -8.4013415101E-03   1.3485440301E-02
   17      0.0000000000E+00   2.1133992806E-02   3.3799267938E-03   2.0793097259E-01   8.9703013971E-02
                   10                 11                 12                 13                 14        
    0     -1.1300075295E-01  -5.5618436707E-02  -1.4456798308E-03   5.4656188218E-02   4.8389538905E-02
    1     -6.7454957807E-02   9.3687856044E-02  -2.6857759995E-03   5.1126558841E-02  -4.3246900501E-02
    2      2.5249229862E-02   3.9029606519E-04   1.0196097219E-01   1.2765275958E-04  -1.7847053634E-03
    3      7.1191063609E-02   2.4475970129E-01   1.2665273954E-02  -5.7825395736E-01  -4.5203670454E-01
    4      8.8629369660E-03  -6.8968175550E-02   1.2363509295E-01   8.9694631848E-02  -5.0655583005E-02
    5     -3.0799320023E-01   6.0922208664E-01  -6.0745769951E-01  -1.8096312809E-01   3.3247220377E-01
    6      4.8624151894E-02  -7.3996951415E-02   1.0734157749E-01  -3.3288478850E-01   1.1174910205E-01
    7      8.1746257154E-02  -2.3272202403E-01  -4.0565385477E-02  -6.5128927338E-01   2.7908917240E-02
    8     -2.8378943193E-01  -6.2691500087E-01  -6.1827909023E-01   1.4174298138E-02  -3.6235059109E-01
    9      3.4355630235E-01   1.6221823315E-01  -2.4182035024E-01   2.1445675972E-01  -3.2465907495E-01
   10      1.9507653041E-01  -2.7020583555E-01  -1.2204797822E-01  -1.2137350086E-01   6.5263173123E-01
   11      7.9744085222E-01   1.5881504412E-02  -3.6919470249E-01   1.5268108801E-01   4.9405174916E-02
   12      9.5474812115E-03  -1.0187896660E-03  -1.0629052150E-03   2.9367977721E-04   1.3544828071E-03
   13      5.3584567961E-03   1.9145158923E-03  -7.4046649367E-04   8.5560908420E-04  -1.7857463675E-03
   14     -1.4876725290E-02  -3.8170297992E-04   1.9660027779E-03  -9.6682056408E-04  -2.3135248517E-04
   15      8.8709700326E-03   4.4022925967E-03   2.0068227848E-03   5.0313688290E-04   7.9257865712E-04
   16      5.2619565167E-03  -7.3239750745E-03   1.0715436157E-03   7.2710798393E-04  -1.0207761524E-03
   17     -2.8528655649E-03   5.4939277474E-05   4.3265029592E-03   3.8867363785E-04   7.6950297153E-05
                   15                 16                 17        
     0     -5.5208737474E-02  -2.4427718897E-02   6.3350349284E-02
     1     -3.2616695649E-02  -5.9594609700E-02  -5.7657582771E-02
     2      4.1156671931E-02  -1.7729994362E-02   7.2587062559E-03
     3     -2.7910053849E-02   4.2080684613E-02   4.7212281869E-02
     4     -3.8167764942E-03   9.2422809779E-01   2.9475831191E-01
     5      1.8968392272E-02   1.7899677481E-01   6.1084972856E-02
     6     -3.1835577379E-02   2.6885474580E-01  -8.2963698522E-01
     7     -1.2993502507E-02  -1.7635421612E-01   4.2749604331E-01
     8      1.4366505986E-02   5.2227217020E-02  -1.6428775215E-01
     9      7.2922888312E-01  -1.6351945623E-02   2.3194934794E-02
    10      4.1256767577E-01  -3.3687667835E-02  -3.3359726261E-02
    11     -5.3820403613E-01  -3.9370148040E-03   8.6614804041E-03
    12     -1.1332618082E-03   1.2545431215E-04  -1.4331377580E-04
    13     -6.5772358315E-04   1.3402238432E-04   9.0897084050E-05
    14      7.1673015417E-05   7.0158226326E-05  -5.0877462122E-05
    15      1.2268755601E-04  -7.4120175419E-05   8.9176928246E-05
    16      6.6722254393E-05  -8.3291660775E-05  -4.5149213188E-05
    17      1.6537747758E-04  -2.1881322333E-04   1.1364053152E-04

#
# The atoms: label  mass x y z (in bohrs)
#
$atoms
6
 C     12.01100      0.669053042885     0.345037534946     1.727611148336
 H      1.00800      0.791641422016     2.349351370338     2.153374356632
 H      1.00800      2.454479044259    -0.585529747577     2.107439475540
 H      1.00800     -0.750337600449    -0.452360898956     3.017118882012
 F     18.99800     -0.477646867713    -0.243735192459     6.409317494852
 Br    79.90000     -0.018490738849    -0.010459537616    -1.875478190811

$actual_temperature
  0.000000

$frequency_scale_factor
  1.000000


$end

