
$orca_hessian_file

$act_atom
  0

$act_coord
  0

$act_energy
      -12.272091

$multiplicity
  1

$hessian
18
                    0                  1                  2                  3                  4        
    0      5.9288554880E-01  -1.6043322710E-03   9.8069415483E-05  -4.1232779775E-02   1.8679529164E-04
    1     -1.6043322710E-03   5.9609242110E-01   9.8433681526E-05  -1.9158146104E-04  -3.3781974146E-01
    2      9.8069415483E-05   9.8433681526E-05  -5.0223629292E-02  -5.8724792447E-06  -1.0608848965E-02
    3     -4.1232779775E-02  -1.9158146104E-04  -5.8724792447E-06   4.0949200060E-02   1.6540233999E-04
    4      1.8679529164E-04  -3.3781974146E-01  -1.0608848965E-02   1.6540233999E-04   3.5968067989E-01
    5      3.8108784245E-06  -1.2131048213E-02  -2.6007423966E-03   5.3957595407E-06   9.7393586783E-03
    6     -2.6494685397E-01   1.2740633287E-01  -9.1963327599E-03   7.3413004423E-04  -2.7405703905E-04
    7      1.5043396509E-01  -1.1541506515E-01   5.3475789000E-03   3.0955468545E-03  -1.3730881755E-02
    8     -1.0450130348E-02   6.0188293307E-03  -2.6007383766E-03   2.6901745166E-04  -2.6841592876E-04
    9     -2.6492274160E-01  -1.2878718018E-01   9.2888667385E-03   7.2319791032E-04   2.7407916940E-04
   10     -1.4901620999E-01  -1.1541506287E-01   5.3475788232E-03  -3.0699562746E-03  -1.3730881562E-02
   11      1.0353307831E-02   6.0188292872E-03  -2.6007396616E-03  -2.6912068532E-04  -2.6841591742E-04
   12     -1.1257348739E-02   2.9798837608E-06   2.0747341146E-05  -5.1800070204E-05   3.0589433055E-08
   13     -1.5295772432E-06  -1.2596011342E-02   2.0756611425E-05   8.3732324493E-08   9.5213783224E-04
   14     -6.7136225756E-06  -6.7016125625E-06   2.7714211284E-02   1.5075045674E-07   3.4645447085E-04
   15     -1.0525824713E-02   3.1737811574E-03  -2.0547825595E-04  -1.1219481690E-03  -3.5225035140E-04
   16      1.3114574202E-06  -1.4846540275E-02  -2.0549905106E-04   5.0480881347E-07   4.6486870552E-03
   17      1.6558456333E-06   1.6575260465E-06   3.0311638443E-02   4.2920290969E-07   1.0598676622E-03
                    5                  6                  7                  8                  9        
    0      3.8108784245E-06  -2.6494685397E-01   1.5043396509E-01  -1.0450130348E-02  -2.6492274160E-01
    1     -1.2131048213E-02   1.2740633287E-01  -1.1541506515E-01   6.0188293307E-03  -1.2878718018E-01
    2     -2.6007423966E-03  -9.1963327599E-03   5.3475789000E-03  -2.6007383766E-03   9.2888667385E-03
    3      5.3957595407E-06   7.3413004423E-04   3.0955468545E-03   2.6901745166E-04   7.2319791032E-04
    4      9.7393586783E-03  -2.7405703905E-04  -1.3730881755E-02  -2.6841592876E-04   2.7407916940E-04
    5      3.9789952311E-02   2.3668116511E-04   9.4845673610E-04  -6.6985731212E-04  -2.3644944614E-04
    6      2.3668116511E-04   2.8052459308E-01  -1.3899408494E-01   8.4431151442E-03  -2.0504779531E-02
    7      9.4845673610E-04  -1.3899408494E-01   1.2144240328E-01  -4.9125893853E-03  -1.2019587094E-02
    8     -6.6985731212E-04   8.4431151442E-03  -4.9125893853E-03   3.9789969648E-02   7.0354017097E-04
    9     -2.3644944614E-04  -2.0504779531E-02  -1.2019587094E-02   7.0354017097E-04   2.8421488269E-01
   10      9.4845673623E-04   1.2000881862E-02   6.6029236735E-03  -6.7909419355E-04   1.4039020738E-01
   11     -6.6985735201E-04  -7.0178153779E-04  -6.7909418520E-04  -6.6985941677E-04  -8.5347129211E-03
   12     -6.0725617471E-06   1.0456643909E-03  -5.1182566641E-04   4.0514357799E-03   1.0393979957E-03
   13      9.0577510422E-03  -2.3231825288E-04   5.4818182527E-04  -4.5337150091E-03   2.3376892658E-04
   14     -1.8333119033E-02   2.9968776680E-04  -1.7057832972E-04  -1.8333122775E-02  -2.9452974522E-04
   15     -3.3657951905E-06   3.1472459864E-03  -2.0040142396E-03  -3.0169781987E-03  -5.4995746176E-04
   16     -8.5629749799E-03   9.3245502093E-05   5.5243812301E-04   4.3749851860E-03  -9.1288205066E-05
   17     -1.7516376217E-02   9.1863022150E-04  -5.3377373584E-04  -1.7516391768E-02  -9.2671479690E-04
                   10                 11                 12                 13                 14        
    0     -1.4901620999E-01   1.0353307831E-02  -1.1257348739E-02  -1.5295772432E-06  -6.7136225756E-06
    1     -1.1541506287E-01   6.0188292872E-03   2.9798837608E-06  -1.2596011342E-02  -6.7016125625E-06
    2      5.3475788232E-03  -2.6007396616E-03   2.0747341146E-05   2.0756611425E-05   2.7714211284E-02
    3     -3.0699562746E-03  -2.6912068532E-04  -5.1800070204E-05   8.3732324493E-08   1.5075045674E-07
    4     -1.3730881562E-02  -2.6841591742E-04   3.0589433055E-08   9.5213783224E-04   3.4645447085E-04
    5      9.4845673623E-04  -6.6985735201E-04  -6.0725617471E-06   9.0577510422E-03  -1.8333119033E-02
    6      1.2000881862E-02  -7.0178153779E-04   1.0456643909E-03  -2.3231825288E-04   2.9968776680E-04
    7      6.6029236735E-03  -6.7909418520E-04  -5.1182566641E-04   5.4818182527E-04  -1.7057832972E-04
    8     -6.7909419355E-04  -6.6985941677E-04   4.0514357799E-03  -4.5337150091E-03  -1.8333122775E-02
    9      1.4039020738E-01  -8.5347129211E-03   1.0393979957E-03   2.3376892658E-04  -2.9452974522E-04
   10      1.2144240073E-01  -4.9125892559E-03   5.1296908565E-04   5.4818187659E-04  -1.7057835731E-04
   11     -4.9125892559E-03   3.9789971461E-02  -4.0550394983E-03  -4.5337151189E-03  -1.8333123250E-02
   12      5.1296908565E-04  -4.0550394983E-03   8.5992621840E-03  -3.9985976991E-06  -3.8985400470E-06
   13      5.4818187659E-04  -4.5337151189E-03  -3.9985976991E-06   8.6037247681E-03  -3.9000025403E-06
   14     -1.7057835731E-04  -1.8333123250E-02  -3.8985400470E-06  -3.9000025403E-06   5.2495298350E-02
   15     -8.1789206679E-04   3.2073468115E-03   6.2482423861E-04   3.9937689189E-06   5.3033905429E-06
   16      5.5243814868E-04   4.3749851902E-03  -1.5529473590E-07   1.9437850398E-03   5.3038313145E-06
   17     -5.3377375271E-04  -1.7516391781E-02  -7.1725209089E-06  -7.1775231164E-06  -2.5210144576E-02
                   15                 16                 17        
     0     -1.0525824713E-02   1.3114574202E-06   1.6558456333E-06
     1      3.1737811574E-03  -1.4846540275E-02   1.6575260465E-06
     2     -2.0547825595E-04  -2.0549905106E-04   3.0311638443E-02
     3     -1.1219481690E-03   5.0480881347E-07   4.2920290969E-07
     4     -3.5225035140E-04   4.6486870552E-03   1.0598676622E-03
     5     -3.3657951905E-06  -8.5629749799E-03  -1.7516376217E-02
     6      3.1472459864E-03   9.3245502093E-05   9.1863022150E-04
     7     -2.0040142396E-03   5.5243812301E-04  -5.3377373584E-04
     8     -3.0169781987E-03   4.3749851860E-03  -1.7516391768E-02
     9     -5.4995746176E-04  -9.1288205066E-05  -9.2671479690E-04
    10     -8.1789206679E-04   5.5243814868E-04  -5.3377375271E-04
    11      3.2073468115E-03   4.3749851902E-03  -1.7516391781E-02
    12      6.2482423861E-04  -1.5529473590E-07  -7.1725209089E-06
    13      3.9937689189E-06   1.9437850398E-03  -7.1775231164E-06
    14      5.3033905429E-06   5.3038313145E-06  -2.5210144576E-02
    15      8.4256601188E-03  -3.6182685268E-06   1.3172047782E-05
    16     -3.6182685268E-06   7.1491919083E-03   1.3199823433E-05
    17      1.3172047782E-05   1.3199823433E-05   4.7447665899E-02

$vibrational_frequencies
18
    0        0.0000000000000000
    1        0.0000000000000000
    2        0.0000000000000000
    3        0.0000000000000000
    4        0.0000000000000000
    5        0.0000000000000000
    6     -352.4868610151577286
    7      186.7386976604903168
    8      190.3774781873577524
    9      197.3731339805411835
   10     1013.5124906946235797
   11     1019.4521433790793026
   12     1024.7363453205812220
   13     1058.9945376441874032
   14     1334.3943301155679819
   15     3136.9419786594548896
   16     3224.0604094138875553
   17     3244.3084055119566074

$normal_modes
18 18
                    0                  1                  2                  3                  4        
    0      0.0000000000E+00   0.0000000000E+00   0.0000000000E+00   0.0000000000E+00   0.0000000000E+00
    1      0.0000000000E+00   0.0000000000E+00   0.0000000000E+00   0.0000000000E+00   0.0000000000E+00
    2      0.0000000000E+00   0.0000000000E+00   0.0000000000E+00   0.0000000000E+00   0.0000000000E+00
    3      0.0000000000E+00   0.0000000000E+00   0.0000000000E+00   0.0000000000E+00   0.0000000000E+00
    4      0.0000000000E+00   0.0000000000E+00   0.0000000000E+00   0.0000000000E+00   0.0000000000E+00
    5      0.0000000000E+00   0.0000000000E+00   0.0000000000E+00   0.0000000000E+00   0.0000000000E+00
    6      0.0000000000E+00   0.0000000000E+00   0.0000000000E+00   0.0000000000E+00   0.0000000000E+00
    7      0.0000000000E+00   0.0000000000E+00   0.0000000000E+00   0.0000000000E+00   0.0000000000E+00
    8      0.0000000000E+00   0.0000000000E+00   0.0000000000E+00   0.0000000000E+00   0.0000000000E+00
    9      0.0000000000E+00   0.0000000000E+00   0.0000000000E+00   0.0000000000E+00   0.0000000000E+00
   10      0.0000000000E+00   0.0000000000E+00   0.0000000000E+00   0.0000000000E+00   0.0000000000E+00
   11      0.0000000000E+00   0.0000000000E+00   0.0000000000E+00   0.0000000000E+00   0.0000000000E+00
   12      0.0000000000E+00   0.0000000000E+00   0.0000000000E+00   0.0000000000E+00   0.0000000000E+00
   13      0.0000000000E+00   0.0000000000E+00   0.0000000000E+00   0.0000000000E+00   0.0000000000E+00
   14      0.0000000000E+00   0.0000000000E+00   0.0000000000E+00   0.0000000000E+00   0.0000000000E+00
   15      0.0000000000E+00   0.0000000000E+00   0.0000000000E+00   0.0000000000E+00   0.0000000000E+00
   16      0.0000000000E+00   0.0000000000E+00   0.0000000000E+00   0.0000000000E+00   0.0000000000E+00
   17      0.0000000000E+00   0.0000000000E+00   0.0000000000E+00   0.0000000000E+00   0.0000000000E+00
                    5                  6                  7                  8                  9        
    0      0.0000000000E+00   1.7468261625E-04   1.7413859146E-03  -2.3987975388E-01   8.2069094911E-03
    1      0.0000000000E+00   1.7221395154E-04   5.5375604384E-04   7.8451707540E-03   2.3905172081E-01
    2      0.0000000000E+00  -2.7637555812E-01   3.3686837913E-02   5.6969013938E-05   1.0813105936E-04
    3      0.0000000000E+00   1.8690948566E-04   1.7739074204E-03  -2.4496256644E-01   8.3539249217E-03
    4      0.0000000000E+00  -7.8557344395E-03   2.2479017223E-04   8.4409262873E-03   2.4452148668E-01
    5      0.0000000000E+00   7.6386451582E-03   5.2237128104E-02   6.0763287714E-04   1.0750896101E-02
    6      0.0000000000E+00  -6.7626611094E-03   1.4863572140E-03  -2.4391443246E-01   1.2363262767E-02
    7      0.0000000000E+00   4.1918306783E-03   7.3023576347E-04   9.5161360623E-03   2.4849058549E-01
    8      0.0000000000E+00   7.6356162766E-03   5.2269461350E-02  -9.5435299084E-03  -5.0111563745E-03
    9      0.0000000000E+00   7.0947268930E-03   2.0427714884E-03  -2.4292355934E-01   4.2937141353E-03
   10      0.0000000000E+00   4.1677236199E-03   7.1943853738E-04   1.1299728723E-02   2.4846123204E-01
   11      0.0000000000E+00   7.6265951091E-03   5.2129902791E-02   9.6241534379E-03  -5.6719587905E-03
   12      0.0000000000E+00  -3.9445514043E-05  -3.9494174834E-04   5.4424277120E-02  -1.8615707818E-03
   13      0.0000000000E+00  -3.8776968640E-05  -1.2537985017E-04  -1.8615325922E-03  -5.4426599405E-02
   14      0.0000000000E+00   3.8643294725E-02   1.4323376935E-01   1.0591747321E-03  -3.9921893529E-04
   15      0.0000000000E+00  -9.6357617479E-06  -9.6606594386E-05   1.3312425452E-02  -4.5536572110E-04
   16      0.0000000000E+00  -9.4684974021E-06  -3.0685044943E-05  -4.5486427374E-04  -1.3310237042E-02
   17      0.0000000000E+00   1.5180788316E-02  -4.4448928440E-02  -3.0676862932E-04   1.0075983905E-04
                   10                 11                 12                 13                 14        
    0     -1.4742812658E-04  -3.7026056674E-02  -2.7652858326E-05   8.0618898126E-02  -1.1084908192E-04
    1     -5.5494950571E-05   1.7767395040E-04  -9.9857474250E-03  -2.4372348800E-04   9.3264000988E-02
    2     -9.2021553401E-03   1.9466405772E-05   4.2034851610E-06  -6.8836815509E-06  -8.2639736668E-07
    3      7.5778755103E-04   3.0303736796E-01   5.4812657647E-04  -7.0763579284E-01  -2.5770904972E-03
    4     -1.5949758384E-02  -1.1652864727E-04   1.9206634547E-02   1.2793237514E-04   5.6963871845E-02
    5      5.6715886573E-01   2.7901620360E-03  -8.0928922825E-01   1.4801835554E-03  -6.6023480569E-02
    6     -1.3623738219E-02   6.8235511892E-02   1.8768000153E-02  -1.1428594432E-01  -3.5745383157E-01
    7      8.2842404431E-03   1.3434117882E-01   5.1360584931E-02  -3.4081776231E-01  -5.5972605239E-01
    8      5.6650359285E-01  -6.4933158914E-01   4.0080206003E-01  -2.7692888887E-01   3.3092724530E-02
    9      1.3797612209E-02   6.9190519485E-02  -1.8237914035E-02  -1.1595345239E-01   3.5401119010E-01
   10      7.5096097008E-03  -1.3623299657E-01   5.1033711608E-02   3.4336100094E-01  -5.5873788792E-01
   11      5.6872905399E-01   6.4336524831E-01   4.0783719638E-01   2.7605325566E-01   3.2965909594E-02
   12      1.7323172159E-07  -7.1249891521E-03  -4.9892993575E-05  -3.1565107151E-03   1.1314977077E-04
   13      9.5352613118E-06   3.5097154551E-05  -7.6993561813E-03   1.5021835472E-05  -1.1504883250E-03
   14     -2.3632534545E-02   4.4097790784E-05   9.0430661281E-06  -8.5030605765E-06  -9.2452801945E-07
   15      6.5051442938E-06   1.9963364900E-03   7.9917760962E-06   7.0112198627E-04   2.6696606175E-05
   16      3.8270428518E-06  -1.0669251946E-05   2.1302627934E-03  -2.3463096527E-06  -7.4181121121E-05
   17     -6.0491671367E-03   1.1066810525E-05   2.2386109483E-06  -1.7750026584E-06   5.7276342011E-08
                   15                 16                 17        
     0      5.7177541165E-03  -2.3395096858E-02   9.3386652997E-02
     1      6.6906760953E-03   9.0859009456E-02   2.1873664228E-02
     2      4.0727351950E-03  -2.0850202166E-04  -2.7681899331E-04
     3      7.3587298558E-04  -2.7900065040E-03   8.7718544962E-03
     4     -6.2375844094E-01  -7.1467632587E-01  -1.4075390777E-01
     5     -1.7395697273E-02  -2.3078954575E-02  -4.6831840710E-03
     6     -5.0370498360E-01   4.9957732485E-01  -4.3789144207E-01
     7      2.9410289207E-01  -2.5569603834E-01   2.6737105687E-01
     8     -1.6093752831E-02   1.7830688596E-02  -1.6706762498E-02
     9      4.4129275269E-01  -2.2692680462E-01  -6.7184023630E-01
    10      2.5721946478E-01  -9.5059583413E-02  -3.8346159278E-01
    11     -1.3738943987E-02   7.6599491863E-03   2.4590256830E-02
    12     -9.7401292709E-05   1.3264508407E-04  -1.6847999100E-04
    13     -1.1049100774E-04  -2.5837426095E-04  -5.6841051060E-05
    14      2.9507655580E-05  -1.5609479213E-06  -2.0943264331E-06
    15     -2.4058375718E-05   3.3699325050E-05  -4.6701856261E-05
    16     -2.7020489555E-05  -6.4554899154E-05  -1.4264744104E-05
    17     -1.8577904634E-05   1.0140377951E-06   1.3649356971E-06

#
# The atoms: label  mass x y z (in bohrs)
#
$atoms
6
 C     12.01100      0.000000012589     0.000000167927     0.076467756550
 H      1.00800      0.000000007006     2.014241487463     0.144897346044
 H      1.00800      1.744384194123    -1.007120351844     0.144897855516
 H      1.00800     -1.744384179344    -1.007120351402     0.144897858067
 Cl    35.45300     -0.000000025034     0.000000517019     4.331271870149
 I    126.90000     -0.000000009340    -0.000001469162    -4.773268709826

$actual_temperature
  0.000000

$frequency_scale_factor
  1.000000

$dipole_derivatives
18
    2.0000000000E-01    0.0000000000E+00    0.0000000000E+00
    0.0000000000E+00    2.0000000000E-01    0.0000000000E+00
    0.0000000000E+00    0.0000000000E+00    3.6000000000E+00
    0.0000000000E+00    0.0000000000E+00    0.0000000000E+00
    0.0000000000E+00   -0.0000000000E+00    0.0000000000E+00
    0.0000000000E+00   -0.0000000000E+00   -2.0000000000E-01
    0.0000000000E+00    0.0000000000E+00    0.0000000000E+00
    0.0000000000E+00    0.0000000000E+00    0.0000000000E+00
   -0.0000000000E+00    0.0000000000E+00   -2.0000000000E-01
    0.0000000000E+00   -0.0000000000E+00    0.0000000000E+00
   -0.0000000000E+00    0.0000000000E+00    0.0000000000E+00
    0.0000000000E+00    0.0000000000E+00   -2.0000000000E-01
   -6.0000000000E-01    0.0000000000E+00    0.0000000000E+00
    0.0000000000E+00   -6.0000000000E-01    0.0000000000E+00
    0.0000000000E+00    0.0000000000E+00   -2.2000000000E+00
    4.0000000000E-01   -0.0000000000E+00   -0.0000000000E+00
   -0.0000000000E+00    4.0000000000E-01   -0.0000000000E+00
   -0.0000000000E+00   -0.0000000000E+00   -8.0000000000E-01

#
# The IR spectrum
#  wavenumber T**2 TX TY TZ
#
$ir_spectrum
18
      0.00   0.00000000     0.000000     0.000000     0.000000
      0.00   0.00000000     0.000000     0.000000     0.000000
      0.00   0.00000000     0.000000     0.000000     0.000000
      0.00   0.00000000     0.000000     0.000000     0.000000
      0.00   0.00000000     0.000000     0.000000     0.000000
      0.00   0.00000000     0.000000     0.000000     0.000000
   -352.49   0.00000000     0.000000     0.000000     0.000000
    186.74   0.01159006     0.000310     0.000099    -0.107657
    190.38   0.00179649    -0.042346     0.001408    -0.001134
    197.37   0.00172461     0.001423     0.041499     0.000648
   1013.51   0.00596029    -0.000007    -0.000004    -0.077203
   1019.45   0.00000034    -0.000567     0.000002     0.000146
   1024.74   0.00000071     0.000007     0.000842     0.000030
   1058.99   0.00001903     0.004363    -0.000014    -0.000030
   1334.39   0.00001683    -0.000017     0.004102    -0.000002
   3136.94   0.00001117     0.000165     0.000193     0.003333
   3224.06   0.00000670    -0.000648     0.002501    -0.000168
   3244.31   0.00000694     0.002555     0.000600    -0.000222


$end

