
$orca_hessian_file

$act_atom
  0

$act_coord
  0

$act_energy
      -12.415663

$multiplicity
  1

$hessian
18
                    0                  1                  2                  3                  4        
    0      4.8600039059E-01  -1.4025297736E-03  -2.6298103295E-04  -3.8465588798E-02   4.5294190063E-05
    1     -1.4025297736E-03   4.5272400810E-01  -6.9770190912E-02  -1.9804509295E-04  -1.8604933085E-01
    2     -2.6298103295E-04  -6.9770190912E-02   2.4419087809E-01   1.4677981900E-04   1.1386504616E-01
    3     -3.8465588798E-02  -1.9804509295E-04   1.4677981900E-04   4.5998546832E-02   1.8330181352E-04
    4      4.5294190063E-05  -1.8604933085E-01   1.1386504616E-01   1.8330181352E-04   2.1198227664E-01
    5     -5.1323651302E-06   1.2389994429E-01  -1.0119207291E-01  -1.4149753694E-04  -1.2503339932E-01
    6     -2.1582333262E-01   1.1570648570E-01   2.7252402008E-02  -1.7952415005E-03   1.8551264037E-03
    7      1.2423794822E-01  -1.2343103447E-01  -1.5829262667E-02   2.1359432376E-02  -1.4374038521E-02
    8      3.1497563763E-02  -1.8501061931E-02  -4.0223636109E-02  -1.3513389235E-02   9.4618863561E-03
    9     -2.1607330842E-01  -1.1682772879E-01  -2.7555414569E-02  -1.8125548187E-03  -1.8684084516E-03
   10     -1.2288231106E-01  -1.2318083864E-01  -1.5798164424E-02  -2.1350853274E-02  -1.4349829866E-02
   11     -3.1216412589E-02  -1.8466433314E-02  -4.0222551008E-02   1.3518317685E-02   9.4478458759E-03
   12     -1.5566123086E-02  -7.8072012472E-06  -1.0404551570E-05  -5.8913548601E-04   2.4228453713E-06
   13      5.7997337257E-06  -2.0169147121E-02  -8.3031843217E-03   4.9079489123E-06   4.9480111528E-03
   14     -9.1334175853E-07  -1.8462318602E-02  -4.6254118603E-02  -4.3572748782E-06  -5.8399853495E-03
   15     -7.2037661079E-05   2.7296251639E-03   4.2961832593E-04  -3.3360262292E-03  -2.1773680117E-04
   16     -4.2013163447E-06   1.0634298021E-04  -4.1642438326E-03   1.2562286266E-06  -2.1570885520E-03
   17     -1.2124433577E-05   1.3000604660E-03  -1.6298499464E-02  -5.8534571494E-06  -1.9013937198E-03
                    5                  6                  7                  8                  9        
    0     -5.1323651302E-06  -2.1582333262E-01   1.2423794822E-01   3.1497563763E-02  -2.1607330842E-01
    1      1.2389994429E-01   1.1570648570E-01  -1.2343103447E-01  -1.8501061931E-02  -1.1682772879E-01
    2     -1.0119207291E-01   2.7252402008E-02  -1.5829262667E-02  -4.0223636109E-02  -2.7555414569E-02
    3     -1.4149753694E-04  -1.7952415005E-03   2.1359432376E-02  -1.3513389235E-02  -1.8125548187E-03
    4     -1.2503339932E-01   1.8551264037E-03  -1.4374038521E-02   9.4618863561E-03  -1.8684084516E-03
    5      1.1373388474E-01  -1.9390005232E-04  -3.3795802017E-03   5.2835754599E-03   1.9282463060E-04
    6     -1.9390005232E-04   2.4093639178E-01  -1.3141589599E-01  -2.8425143743E-02  -2.7057744158E-02
    7     -3.3795802017E-03  -1.3141589599E-01   1.3042206951E-01   1.9245295590E-02  -1.4696470562E-02
    8      5.2835754599E-03  -2.8425143743E-02   1.9245295590E-02   4.8065007224E-02  -2.2465432324E-03
    9      1.9282463060E-04  -2.7057744158E-02  -1.4696470562E-02  -2.2465432324E-03   2.4394259854E-01
   10     -3.3793916100E-03   1.4715633515E-02   9.5369137638E-03   2.5963725945E-03   1.3252838425E-01
   11      5.2833221790E-03   2.2444002644E-03   2.5943018655E-03   1.9822870089E-03   2.8728969873E-02
   12     -4.7494587741E-06   1.8084023421E-03   2.7426491724E-03   1.2899876421E-02   1.8028275211E-03
   13      2.4254053299E-03  -9.0845430972E-04  -2.5906718260E-03  -1.2312166148E-02   9.0852388722E-04
   14     -1.9214628143E-02  -4.1293499360E-04  -3.9571980888E-03  -1.4444774810E-02   4.1495820072E-04
   15      1.5245478253E-04   1.9315241535E-03  -2.2276632240E-03  -2.1236397326E-04  -8.0181866280E-04
   16      5.4670215105E-03   4.7104679269E-05   4.3676153892E-04  -4.9032646219E-04  -4.4300334658E-05
   17     -3.8940813218E-03  -4.6482348407E-04   1.3264435019E-03  -6.6245877349E-04   4.6520509732E-04
                   10                 11                 12                 13                 14        
    0     -1.2288231106E-01  -3.1216412589E-02  -1.5566123086E-02   5.7997337257E-06  -9.1334175853E-07
    1     -1.2318083864E-01  -1.8466433314E-02  -7.8072012472E-06  -2.0169147121E-02  -1.8462318602E-02
    2     -1.5798164424E-02  -4.0222551008E-02  -1.0404551570E-05  -8.3031843217E-03  -4.6254118603E-02
    3     -2.1350853274E-02   1.3518317685E-02  -5.8913548601E-04   4.9079489123E-06  -4.3572748782E-06
    4     -1.4349829866E-02   9.4478458759E-03   2.4228453713E-06   4.9480111528E-03  -5.8399853495E-03
    5     -3.3793916100E-03   5.2833221790E-03  -4.7494587741E-06   2.4254053299E-03  -1.9214628143E-02
    6      1.4715633515E-02   2.2444002644E-03   1.8084023421E-03  -9.0845430972E-04  -4.1293499360E-04
    7      9.5369137638E-03   2.5943018655E-03   2.7426491724E-03  -2.5906718260E-03  -3.9571980888E-03
    8      2.5963725945E-03   1.9822870089E-03   1.2899876421E-02  -1.2312166148E-02  -1.4444774810E-02
    9      1.3252838425E-01   2.8728969873E-02   1.8028275211E-03   9.0852388722E-04   4.1495820072E-04
   10      1.3014523400E-01   1.9212815392E-02  -2.7454284423E-03  -2.5887572449E-03  -3.9575808879E-03
   11      1.9212815392E-02   4.8063959884E-02  -1.2913727975E-02  -1.2298733767E-02  -1.4444545170E-02
   12     -2.7454284423E-03  -1.2913727975E-02   1.1749942126E-02   6.7446640220E-06   2.7834025920E-05
   13     -2.5887572449E-03  -1.2298733767E-02   6.7446640220E-06   1.9216882948E-02   2.8087203780E-02
   14     -3.9575808879E-03  -1.4444545170E-02   2.7834025920E-05   2.8087203780E-02   9.7354239699E-02
   15     -2.6542499597E-04  -3.6154725771E-04   7.9408658318E-04  -1.7521924141E-05  -2.4586616466E-05
   16      4.3727798689E-04  -4.8979605230E-04   1.4189617349E-06   1.1836820910E-03   4.1298791475E-03
   17      1.3259489359E-03  -6.6247289346E-04   1.1715384878E-06   2.4014751269E-03  -2.9961729732E-03
                   15                 16                 17        
     0     -7.2037661079E-05  -4.2013163447E-06  -1.2124433577E-05
     1      2.7296251639E-03   1.0634298021E-04   1.3000604660E-03
     2      4.2961832593E-04  -4.1642438326E-03  -1.6298499464E-02
     3     -3.3360262292E-03   1.2562286266E-06  -5.8534571494E-06
     4     -2.1773680117E-04  -2.1570885520E-03  -1.9013937198E-03
     5      1.5245478253E-04   5.4670215105E-03  -3.8940813218E-03
     6      1.9315241535E-03   4.7104679269E-05  -4.6482348407E-04
     7     -2.2276632240E-03   4.3676153892E-04   1.3264435019E-03
     8     -2.1236397326E-04  -4.9032646219E-04  -6.6245877349E-04
     9     -8.0181866280E-04  -4.4300334658E-05   4.6520509732E-04
    10     -2.6542499597E-04   4.3727798689E-04   1.3259489359E-03
    11     -3.6154725771E-04  -4.8979605230E-04  -6.6247289346E-04
    12      7.9408658318E-04   1.4189617349E-06   1.1715384878E-06
    13     -1.7521924141E-05   1.1836820910E-03   2.4014751269E-03
    14     -2.4586616466E-05   4.1298791475E-03  -2.9961729732E-03
    15      1.4842718164E-03  -1.2782186234E-06   1.6424738982E-05
    16     -1.2782186234E-06  -6.9760450200E-06  -4.4525343109E-03
    17      1.6424738982E-05  -4.4525343109E-03   2.4513685426E-02

$vibrational_frequencies
18
    0        0.0000000000000000
    1        0.0000000000000000
    2        0.0000000000000000
    3        0.0000000000000000
    4        0.0000000000000000
    5        0.0000000000000000
    6     -110.6945047321843560
    7      179.0136064055567147
    8      188.3101168257077802
    9      471.8239453170164666
   10      731.5146160897040772
   11      917.2673466469962023
   12     1256.7764377717144271
   13     1412.4326085114366833
   14     1442.9742251326345013
   15     2890.1255155496583029
   16     3059.2099068844872818
   17     3074.1989709036588465

$normal_modes
18 18
                    0                  1                  2                  3                  4        
    0      0.0000000000E+00   0.0000000000E+00   0.0000000000E+00   0.0000000000E+00   0.0000000000E+00
    1      0.0000000000E+00   0.0000000000E+00   0.0000000000E+00   0.0000000000E+00   0.0000000000E+00
    2      0.0000000000E+00   0.0000000000E+00   0.0000000000E+00   0.0000000000E+00   0.0000000000E+00
    3      0.0000000000E+00   0.0000000000E+00   0.0000000000E+00   0.0000000000E+00   0.0000000000E+00
    4      0.0000000000E+00   0.0000000000E+00   0.0000000000E+00   0.0000000000E+00   0.0000000000E+00
    5      0.0000000000E+00   0.0000000000E+00   0.0000000000E+00   0.0000000000E+00   0.0000000000E+00
    6      0.0000000000E+00   0.0000000000E+00   0.0000000000E+00   0.0000000000E+00   0.0000000000E+00
    7      0.0000000000E+00   0.0000000000E+00   0.0000000000E+00   0.0000000000E+00   0.0000000000E+00
    8      0.0000000000E+00   0.0000000000E+00   0.0000000000E+00   0.0000000000E+00   0.0000000000E+00
    9      0.0000000000E+00   0.0000000000E+00   0.0000000000E+00   0.0000000000E+00   0.0000000000E+00
   10      0.0000000000E+00   0.0000000000E+00   0.0000000000E+00   0.0000000000E+00   0.0000000000E+00
   11      0.0000000000E+00   0.0000000000E+00   0.0000000000E+00   0.0000000000E+00   0.0000000000E+00
   12      0.0000000000E+00   0.0000000000E+00   0.0000000000E+00   0.0000000000E+00   0.0000000000E+00
   13      0.0000000000E+00   0.0000000000E+00   0.0000000000E+00   0.0000000000E+00   0.0000000000E+00
   14      0.0000000000E+00   0.0000000000E+00   0.0000000000E+00   0.0000000000E+00   0.0000000000E+00
   15      0.0000000000E+00   0.0000000000E+00   0.0000000000E+00   0.0000000000E+00   0.0000000000E+00
   16      0.0000000000E+00   0.0000000000E+00   0.0000000000E+00   0.0000000000E+00   0.0000000000E+00
   17      0.0000000000E+00   0.0000000000E+00   0.0000000000E+00   0.0000000000E+00   0.0000000000E+00
                    5                  6                  7                  8                  9        
    0      0.0000000000E+00   1.2194319927E-04  -1.2678322816E-01   1.1826267368E-03   7.2594700449E-05
    1      0.0000000000E+00   1.9745926072E-01  -3.9061999443E-04  -4.6172278336E-02   8.7295379074E-02
    2      0.0000000000E+00  -6.7742389182E-02   9.7411092904E-05   3.5445779237E-03   2.4294253026E-01
    3      0.0000000000E+00   2.6428601670E-04  -5.7636513024E-01   5.4240992202E-03   1.2147384408E-04
    4      0.0000000000E+00   3.0836135844E-01  -1.3131242167E-04  -8.2822305334E-02   8.0816527357E-03
    5      0.0000000000E+00   9.5545773641E-02  -5.1099633409E-04  -4.8423816704E-02   1.1974362245E-01
    6      0.0000000000E+00   4.0483860188E-03   1.2428889400E-01  -1.0297121115E-03  -1.2847898912E-02
    7      0.0000000000E+00   2.2652046645E-01   4.0780898402E-01  -5.7371201035E-02   6.9689387557E-02
    8      0.0000000000E+00  -1.4531934745E-01  -1.5257246927E-01   3.9031271740E-02   2.0124757252E-01
    9      0.0000000000E+00  -3.8464155637E-03   1.2468339913E-01  -1.3970154289E-03   1.2857220124E-02
   10      0.0000000000E+00   2.2665827611E-01  -4.0848998942E-01  -4.9603411223E-02   6.9813901225E-02
   11      0.0000000000E+00  -1.4535053650E-01   1.5319761550E-01   3.6127011975E-02   2.0109284078E-01
   12      0.0000000000E+00  -7.1691939844E-06   6.7700552332E-03  -6.3670993776E-05  -6.0280282140E-06
   13      0.0000000000E+00  -1.1822089909E-02   1.4700941770E-06   8.2179060534E-04  -9.0206194242E-03
   14      0.0000000000E+00   1.4722320323E-02   2.8729010444E-04   3.0489273324E-02  -2.2349789896E-02
   15      0.0000000000E+00  -5.3946498223E-05   5.2304733345E-02  -4.8142074319E-04  -1.2570774984E-05
   16      0.0000000000E+00  -8.6277102472E-02   2.8023992857E-04   3.3772254985E-02  -2.7662814072E-03
   17      0.0000000000E+00  -4.5158622454E-02  -1.9866397508E-03  -2.0731714143E-01  -3.2006269146E-02
                   10                 11                 12                 13                 14        
    0     -2.4244672451E-06  -9.3547387479E-02   1.0434038678E-04   6.5821112790E-02  -5.4260700879E-04
    1      1.0338048455E-01   8.9632154083E-05   7.5067944646E-03  -3.6403642935E-04  -7.4346845522E-02
    2     -3.7808545534E-02   2.1650828733E-05   9.5867471554E-02  -8.2909066716E-06   8.0590406165E-03
    3     -1.6603173426E-04   2.9083962139E-01  -4.9763344385E-04  -7.4203068321E-01   3.0613038111E-03
    4     -3.8755838383E-01   3.0374079885E-05  -2.6213165654E-01   1.9851770411E-04  -1.5072574590E-01
    5     -7.3043155854E-01   4.2842804940E-04  -3.3291095763E-01  -6.4308813573E-04  -1.5192075552E-01
    6     -3.7569702492E-02   1.5093577925E-01  -8.9363696167E-02  -8.5582883021E-02   3.8403930484E-01
    7     -5.1993584726E-02   2.0057675337E-01  -1.4171289643E-03  -2.4309569075E-01   5.4187213006E-01
    8      2.7216932299E-01   5.8015548407E-01  -5.8528228401E-01   3.5684951754E-01   1.8677696154E-02
    9      3.7605485511E-02   1.5141859230E-01   8.8838673384E-02  -8.8269867600E-02  -3.8079680975E-01
   10     -5.2418685987E-02  -2.0189695813E-01  -1.2804352469E-03   2.4759633002E-01   5.4100370791E-01
   11      2.7168494666E-01  -5.8084561429E-01  -5.8534612503E-01  -3.5612053482E-01   2.0574894878E-02
   12      7.8312003848E-07   4.4270118815E-03  -9.7419889670E-07   7.3369025230E-04   2.1028596971E-06
   13     -4.5369749890E-03   1.0238372438E-06   1.5432141741E-03  -2.3864574361E-06  -3.4121121691E-04
   14      3.4486375997E-03   9.2329010862E-07   2.7220735013E-03  -8.9555075064E-07  -3.9483897302E-05
   15      3.2126038158E-06  -1.9017623762E-03  -5.1989193012E-06   2.0806307276E-03  -5.4652812886E-06
   16     -8.9511766503E-03   4.9296020071E-06  -1.0027441045E-03  -3.2354580245E-06  -1.7515674378E-04
   17      1.0767251090E-02  -5.9699878416E-06   9.8285890406E-04   6.6662661340E-06   1.1465880370E-03
                   15                 16                 17        
     0      3.4565704113E-04   3.8992998256E-02   7.8376294382E-02
     1      5.6255775107E-02  -5.7108019984E-02   2.7967493946E-02
     2     -4.3249448873E-02  -7.2086753868E-03   3.7391007567E-03
     3     -6.9754392644E-04   1.8880384823E-02   3.6647196900E-02
     4     -7.9277181259E-01   4.9457948889E-02  -2.1489750641E-02
     5      5.3716470992E-01  -5.6388975981E-02   2.5742413818E-02
     6     -6.4842312515E-02  -7.5982589253E-01  -2.2603461507E-01
     7      6.0890533396E-02   4.8980762354E-01   1.8942844947E-01
     8     -3.4510508451E-03   1.0793122973E-01   3.6672817235E-02
     9      6.0908125419E-02   2.7782329814E-01  -7.4419036598E-01
    10      5.7957438597E-02   1.4529683751E-01  -5.0315083178E-01
    11     -4.1102788892E-03   3.5908157582E-02  -1.0776125951E-01
    12      1.7955419959E-06   5.9078789189E-06   2.1347714627E-05
    13     -1.1288869775E-04  -3.2334325913E-05   1.6057588040E-05
    14     -1.2516454552E-04  -4.3983671491E-05   2.1875773762E-05
    15      1.5224964225E-05  -1.1935070259E-04  -1.6003212851E-04
    16      9.4497801105E-04  -5.9244247873E-07  -3.2344295087E-06
    17      7.9603327342E-05   2.1133347502E-04  -1.0409402036E-04

#
# The atoms: label  mass x y z (in bohrs)
#
$atoms
6
 C     12.01100     -0.000177268686    -0.347214056475     0.362241308300
 H      1.00800      0.000645762459     1.253504011894    -0.932575862256
 H      1.00800      1.676250968599    -1.487500775240     0.089267147460
 H      1.00800     -1.677799239739    -1.485751218481     0.089298117723
 I    126.90000      0.000433931611     0.753460318854     4.378494060711
 F     18.99800      0.000645845756     1.313501719448    -4.318409502964

$actual_temperature
  0.000000

$frequency_scale_factor
  1.000000

$dipole_derivatives
18
    2.0000000000E-01    0.0000000000E+00    0.0000000000E+00
    0.0000000000E+00    2.0000000000E-01    0.0000000000E+00
    0.0000000000E+00    0.0000000000E+00    1.4000000000E+00
    2.0000000000E-01    0.0000000000E+00    0.0000000000E+00
    0.0000000000E+00    2.0000000000E-01    0.0000000000E+00
    0.0000000000E+00    0.0000000000E+00    2.0000000000E-01
    0.0000000000E+00    2.0000000000E-01    0.0000000000E+00
    2.0000000000E-01    0.0000000000E+00    0.0000000000E+00
    0.0000000000E+00    0.0000000000E+00    0.0000000000E+00
    0.0000000000E+00    0.0000000000E+00    0.0000000000E+00
    0.0000000000E+00    0.0000000000E+00    0.0000000000E+00
    0.0000000000E+00    0.0000000000E+00    0.0000000000E+00
   -4.0000000000E-01    0.0000000000E+00    0.0000000000E+00
    0.0000000000E+00   -4.0000000000E-01    0.0000000000E+00
    0.0000000000E+00    4.0000000000E-01   -1.0000000000E+00
   -0.0000000000E+00   -2.0000000000E-01   -0.0000000000E+00
   -2.0000000000E-01   -4.4408920985E-14   -0.0000000000E+00
   -0.0000000000E+00   -4.0000000000E-01   -6.0000000000E-01

#
# The IR spectrum
#  wavenumber T**2 TX TY TZ
#
$ir_spectrum
18
      0.00   0.00000000     0.000000     0.000000     0.000000
      0.00   0.00000000     0.000000     0.000000     0.000000
      0.00   0.00000000     0.000000     0.000000     0.000000
      0.00   0.00000000     0.000000     0.000000     0.000000
      0.00   0.00000000     0.000000     0.000000     0.000000
      0.00   0.00000000     0.000000     0.000000     0.000000
   -110.69   0.00000000     0.000000     0.000000     0.000000
    179.01   0.00136369    -0.035856     0.008815     0.000544
    188.31   0.00415046    -0.009545     0.038948     0.050422
    471.82   0.02109246     0.005191     0.008565     0.144887
    731.51   0.00395102    -0.002479    -0.018779    -0.059935
    917.27   0.00045869     0.019931     0.007838     0.000030
   1256.78   0.00042436    -0.000035    -0.015040     0.014077
   1412.43   0.00145856    -0.038018    -0.003627    -0.000030
   1442.97   0.00055242     0.022246     0.006425    -0.004034
   2890.13   0.00058421     0.001720    -0.023137     0.006778
   3059.21   0.00070918     0.015365    -0.021541    -0.003009
   3074.20   0.00011234     0.008520    -0.006134     0.001459


$end

