
$orca_hessian_file

$act_atom
  0

$act_coord
  0

$act_energy
      -11.819769

$multiplicity
  1

$hessian
18
                    0                  1                  2                  3                  4        
    0      5.9163891678E-01  -1.6050557940E-03   1.1509596421E-05  -4.0812481612E-02   1.8843149811E-04
    1     -1.6050557940E-03   5.9484499089E-01   1.1477257323E-05  -1.9225413481E-04  -3.3890316078E-01
    2      1.1509596421E-05   1.1477257323E-05  -3.4935566902E-02  -6.8444056821E-07  -8.9097310804E-04
    3     -4.0812481612E-02  -1.9225413481E-04  -6.8444056821E-07   4.1059513375E-02   1.6608858658E-04
    4      1.8843149811E-04  -3.3890316078E-01  -8.9097310804E-04   1.6608858658E-04   3.6108327112E-01
    5      1.4005566243E-06  -1.9514143182E-03  -3.8992996290E-03   1.5551838097E-06   2.8125249931E-03
    6     -2.6563256830E-01   1.2791478430E-01  -7.7294066744E-04   7.2221552831E-04  -8.0272782556E-05
    7      1.5092710502E-01  -1.1562286714E-01   4.5224915082E-04   3.1006978730E-03  -1.3924747485E-02
    8     -2.0752012813E-03   9.6897211444E-04  -3.8992970833E-03  -2.1957186767E-05  -8.9285092991E-05
    9     -2.6560955974E-01  -1.2929297776E-01   7.8713849742E-04   7.1080753146E-04   8.0963608370E-05
   10     -1.4951173521E-01  -1.1562286687E-01   4.5224803196E-04  -3.0752813986E-03  -1.3924747484E-02
   11      2.0603492020E-03   9.6897092991E-04  -3.8992972048E-03   2.1863771168E-05  -8.9285087637E-05
   12     -1.0063760788E-02   1.9590449496E-06   1.2860358175E-05   3.6305528776E-04  -3.5780281865E-07
   13      6.6171095162E-07  -1.0223624742E-02   1.2862027532E-05   4.7761062274E-07   1.3908448706E-03
   14     -3.3375090606E-06  -3.3057408636E-06   2.3029091587E-02  -5.1280524394E-07  -1.3885224784E-03
   15     -9.5205463354E-03   3.1735443404E-03  -3.7883343974E-05  -2.0431101102E-03  -3.5485310766E-04
   16      5.9277836354E-07  -1.4472471361E-02  -3.7863359611E-05   2.7146318891E-07   4.2785397608E-03
   17      5.2794352812E-06   5.2997574068E-06   2.3604369232E-02  -2.6452239906E-07  -3.5445922607E-04
                    5                  6                  7                  8                  9        
    0      1.4005566243E-06  -2.6563256830E-01   1.5092710502E-01  -2.0752012813E-03  -2.6560955974E-01
    1     -1.9514143182E-03   1.2791478430E-01  -1.1562286714E-01   9.6897211444E-04  -1.2929297776E-01
    2     -3.8992996290E-03  -7.7294066744E-04   4.5224915082E-04  -3.8992970833E-03   7.8713849742E-04
    3      1.5551838097E-06   7.2221552831E-04   3.1006978730E-03  -2.1957186767E-05   7.1080753146E-04
    4      2.8125249931E-03  -8.0272782556E-05  -1.3924747485E-02  -8.9285092991E-05   8.0963608370E-05
    5      3.8355695522E-02  -3.3726864466E-05   1.2018019264E-04  -7.3922823879E-04   3.3501686341E-05
    6     -3.3726864466E-05   2.8160394195E-01  -1.3954939136E-01   2.4373836439E-03  -2.0778443558E-02
    7      1.2018019264E-04  -1.3954939136E-01   1.2187041059E-01  -1.4132584790E-03  -1.1964988102E-02
    8     -7.3922823879E-04   2.4373836439E-03  -1.4132584790E-03   3.8355699130E-02   1.2086894730E-04
    9      3.3501686341E-05  -2.0778443558E-02  -1.1964988102E-02   1.2086894730E-04   2.8527906596E-01
   10      1.2018007032E-04   1.1946108967E-02   6.6483523404E-03  -3.1082510785E-05   1.4094251435E-01
   11     -7.3922816085E-04  -1.2092427815E-04  -3.1082559193E-05  -7.3922832962E-04  -2.4529655475E-03
   12     -4.5374859925E-06   1.3309236403E-03  -7.6377880244E-04   3.1369688152E-03   1.3243297940E-03
   13      7.7356974760E-03  -4.9276893750E-04   5.3546465755E-04  -3.8716239543E-03   4.9439936969E-04
   14     -1.6142130313E-02  -1.2032117895E-03   6.9775037271E-04  -1.6142131086E-02   1.2107217594E-03
   15      1.8069236840E-06   2.7539307366E-03  -1.7496446280E-03  -3.5980629383E-03  -9.2619999214E-04
   16     -8.8371684138E-03   2.6153981147E-04   4.9338703453E-04   4.4362779227E-03  -2.5991147298E-04
   17     -1.6835809180E-02  -3.0658004428E-04   1.7416132205E-04  -1.6835814392E-02   3.0073465705E-04
                   10                 11                 12                 13                 14        
    0     -1.4951173521E-01   2.0603492020E-03  -1.0063760788E-02   6.6171095162E-07  -3.3375090606E-06
    1     -1.1562286687E-01   9.6897092991E-04   1.9590449496E-06  -1.0223624742E-02  -3.3057408636E-06
    2      4.5224803196E-04  -3.8992972048E-03   1.2860358175E-05   1.2862027532E-05   2.3029091587E-02
    3     -3.0752813986E-03   2.1863771168E-05   3.6305528776E-04   4.7761062274E-07  -5.1280524394E-07
    4     -1.3924747484E-02  -8.9285087637E-05  -3.5780281865E-07   1.3908448706E-03  -1.3885224784E-03
    5      1.2018007032E-04  -7.3922816085E-04  -4.5374859925E-06   7.7356974760E-03  -1.6142130313E-02
    6      1.1946108967E-02  -1.2092427815E-04   1.3309236403E-03  -4.9276893750E-04  -1.2032117895E-03
    7      6.6483523404E-03  -3.1082559193E-05  -7.6377880244E-04   5.3546465755E-04   6.9775037271E-04
    8     -3.1082510785E-05  -7.3922832962E-04   3.1369688152E-03  -3.8716239543E-03  -1.6142131086E-02
    9      1.4094251435E-01  -2.4529655475E-03   1.3243297940E-03   4.9439936969E-04   1.2107217594E-03
   10      1.2187041039E-01  -1.4132573023E-03   7.6457495201E-04   5.3546461663E-04   6.9775036832E-04
   11     -1.4132573023E-03   3.8355698779E-02  -3.1399812077E-03  -3.8716238764E-03  -1.6142130651E-02
   12      7.6457495201E-04  -3.1399812077E-03   6.1590002016E-03  -2.2744869280E-06  -7.3612660308E-07
   13      5.3546461663E-04  -3.8716238764E-03  -2.2744869280E-06   6.1616431036E-03  -7.3675884280E-07
   14      6.9775036832E-04  -1.6142130651E-02  -7.3612660308E-07  -7.3675884280E-07   4.5767003151E-02
   15     -1.0661816626E-03   3.6316580602E-03   8.8645186437E-04  -4.9526683845E-07  -2.9235289762E-06
   16      4.9338701008E-04   4.4362778956E-03  -1.2290477079E-07   1.6002074936E-03  -2.9357629555E-06
   17      1.7416134244E-04  -1.6835814433E-02  -4.5743530956E-06  -4.5749139573E-06  -2.0369702688E-02
                   15                 16                 17        
     0     -9.5205463354E-03   5.9277836354E-07   5.2794352812E-06
     1      3.1735443404E-03  -1.4472471361E-02   5.2997574068E-06
     2     -3.7883343974E-05  -3.7863359611E-05   2.3604369232E-02
     3     -2.0431101102E-03   2.7146318891E-07  -2.6452239906E-07
     4     -3.5485310766E-04   4.2785397608E-03  -3.5445922607E-04
     5      1.8069236840E-06  -8.8371684138E-03  -1.6835809180E-02
     6      2.7539307366E-03   2.6153981147E-04  -3.0658004428E-04
     7     -1.7496446280E-03   4.9338703453E-04   1.7416132205E-04
     8     -3.5980629383E-03   4.4362779227E-03  -1.6835814392E-02
     9     -9.2619999214E-04  -2.5991147298E-04   3.0073465705E-04
    10     -1.0661816626E-03   4.9338701008E-04   1.7416134244E-04
    11      3.6316580602E-03   4.4362778956E-03  -1.6835814433E-02
    12      8.8645186437E-04  -1.2290477079E-07  -4.5743530956E-06
    13     -4.9526683845E-07   1.6002074936E-03  -4.5749139573E-06
    14     -2.9235289762E-06  -2.9357629555E-06  -2.0369702688E-02
    15      8.8494738368E-03  -2.3696752866E-06   5.4048274048E-06
    16     -2.3696752866E-06   7.6069500620E-03   5.4117180985E-06
    17      5.4048274048E-06   5.4117180985E-06   4.7272771461E-02

$vibrational_frequencies
18
    0        0.0000000000000000
    1        0.0000000000000000
    2        0.0000000000000000
    3        0.0000000000000000
    4        0.0000000000000000
    5        0.0000000000000000
    6     -290.4970507155735504
    7      133.9995491803232142
    8      177.4546381328183884
    9      178.1898773837678505
   10      990.4105246561335889
   11     1012.0100986679598236
   12     1012.8055524300071966
   13     1052.9960242254283003
   14     1333.7761738431461254
   15     3143.6650997344077041
   16     3227.9060003256981872
   17     3247.9676924946270447

$normal_modes
18 18
                    0                  1                  2                  3                  4        
    0      0.0000000000E+00   0.0000000000E+00   0.0000000000E+00   0.0000000000E+00   0.0000000000E+00
    1      0.0000000000E+00   0.0000000000E+00   0.0000000000E+00   0.0000000000E+00   0.0000000000E+00
    2      0.0000000000E+00   0.0000000000E+00   0.0000000000E+00   0.0000000000E+00   0.0000000000E+00
    3      0.0000000000E+00   0.0000000000E+00   0.0000000000E+00   0.0000000000E+00   0.0000000000E+00
    4      0.0000000000E+00   0.0000000000E+00   0.0000000000E+00   0.0000000000E+00   0.0000000000E+00
    5      0.0000000000E+00   0.0000000000E+00   0.0000000000E+00   0.0000000000E+00   0.0000000000E+00
    6      0.0000000000E+00   0.0000000000E+00   0.0000000000E+00   0.0000000000E+00   0.0000000000E+00
    7      0.0000000000E+00   0.0000000000E+00   0.0000000000E+00   0.0000000000E+00   0.0000000000E+00
    8      0.0000000000E+00   0.0000000000E+00   0.0000000000E+00   0.0000000000E+00   0.0000000000E+00
    9      0.0000000000E+00   0.0000000000E+00   0.0000000000E+00   0.0000000000E+00   0.0000000000E+00
   10      0.0000000000E+00   0.0000000000E+00   0.0000000000E+00   0.0000000000E+00   0.0000000000E+00
   11      0.0000000000E+00   0.0000000000E+00   0.0000000000E+00   0.0000000000E+00   0.0000000000E+00
   12      0.0000000000E+00   0.0000000000E+00   0.0000000000E+00   0.0000000000E+00   0.0000000000E+00
   13      0.0000000000E+00   0.0000000000E+00   0.0000000000E+00   0.0000000000E+00   0.0000000000E+00
   14      0.0000000000E+00   0.0000000000E+00   0.0000000000E+00   0.0000000000E+00   0.0000000000E+00
   15      0.0000000000E+00   0.0000000000E+00   0.0000000000E+00   0.0000000000E+00   0.0000000000E+00
   16      0.0000000000E+00   0.0000000000E+00   0.0000000000E+00   0.0000000000E+00   0.0000000000E+00
   17      0.0000000000E+00   0.0000000000E+00   0.0000000000E+00   0.0000000000E+00   0.0000000000E+00
                    5                  6                  7                  8                  9        
    0      0.0000000000E+00   7.0577613180E-05  -6.1488250054E-05   8.8849905156E-02  -2.3145222091E-01
    1      0.0000000000E+00   7.0771201181E-05  -6.0312751322E-05  -2.3025957153E-01  -8.8778428577E-02
    2      0.0000000000E+00  -2.7994323900E-01   1.2909501759E-02  -4.8078154942E-05  -1.0745136162E-04
    3      0.0000000000E+00   7.4383408696E-05  -5.7820972044E-05   8.9331802519E-02  -2.3263878721E-01
    4      0.0000000000E+00  -4.2754219759E-04  -2.7390234902E-04  -2.3584303927E-01  -9.0444864925E-02
    5      0.0000000000E+00  -1.2971789781E-02   1.6635553991E-02   9.7483498904E-03   3.7127287390E-03
    6      0.0000000000E+00  -3.5938092972E-04  -2.4509786462E-04   8.6829500719E-02  -2.3574263377E-01
    7      0.0000000000E+00   3.2590870195E-04   4.8229040059E-05  -2.3944257892E-01  -8.8907261195E-02
    8      0.0000000000E+00  -1.2969146891E-02   1.6632954177E-02  -6.4899757530E-03   2.3397913862E-03
    9      0.0000000000E+00   5.0570701082E-04   1.2316334522E-04   9.2750154680E-02  -2.3205789299E-01
   10      0.0000000000E+00   3.2449945365E-04   4.4596095839E-05  -2.3891375085E-01  -9.0363625670E-02
   11      0.0000000000E+00  -1.2967548286E-02   1.6630850134E-02  -3.2644615804E-03  -6.0673355288E-03
   12      0.0000000000E+00  -4.0409849014E-06   3.4740126412E-06  -5.0549506608E-03   1.3167786566E-02
   13      0.0000000000E+00  -4.0617568065E-06   3.4241609449E-06   1.3178538813E-02   5.0594558284E-03
   14      0.0000000000E+00   1.3827357753E-02  -5.6087179312E-02   1.0045643848E-05   2.2871889157E-05
   15      0.0000000000E+00  -6.9759936626E-06   5.9934505959E-06  -8.7204721094E-03   2.2716186966E-02
   16      0.0000000000E+00  -6.9993096909E-06   5.9125940306E-06   2.2693418051E-02   8.7127188838E-03
   17      0.0000000000E+00   2.0612344150E-02   8.6509492815E-02  -8.6506801348E-06  -1.9986364240E-05
                   10                 11                 12                 13                 14        
    0     -5.1395796625E-07   1.8777079786E-03   1.6948923160E-05   8.7581597613E-02  -1.6955093310E-04
    1     -6.9899731441E-06   1.1388202509E-05  -3.8296800581E-03  -2.9275229941E-04   9.3456916191E-02
    2      1.4633794818E-02   4.3047428282E-07  -4.2545396540E-07  -2.1842353794E-06  -7.0263775188E-07
    3     -6.3308258025E-05  -3.1103419147E-04   1.0464724527E-06  -7.7094373898E-01  -2.6677507927E-03
    4      4.5214722899E-03  -7.5256507006E-07   3.4317168501E-03   1.7319384897E-04   5.4497455837E-02
    5     -5.7072520795E-01   3.8452429513E-04  -8.1257547042E-01   7.2660520275E-05  -4.7939206995E-03
    6      3.8954194858E-03  -4.0876102798E-03  -8.1337412544E-04  -1.3328232835E-01  -3.5767449085E-01
    7     -2.2931491220E-03   2.1151259226E-03   2.0537054586E-03  -3.6605680740E-01  -5.6249044771E-01
    8     -5.7072078559E-01   7.0356543518E-01   4.0664044737E-01  -1.1812116636E-03   2.3369560707E-03
    9     -3.9036002209E-03  -4.0479780970E-03   8.2340863757E-04  -1.3521652325E-01   3.5411876719E-01
   10     -2.2247701833E-03  -2.2229252647E-03   2.0582939158E-03   3.6913446040E-01  -5.6146289239E-01
   11     -5.7069766768E-01  -7.0397820265E-01   4.0595782418E-01   1.2396756982E-03   2.4608559919E-03
   12      2.6210639111E-07   1.9961398452E-03   1.8360840924E-07  -1.0130613331E-05   3.1219190507E-05
   13      2.7612907071E-07   8.9102652237E-07  -1.9041051096E-03   9.4730600239E-07  -1.7050172363E-04
   14      5.9493288971E-03   8.3645781813E-08  -5.9883157679E-08  -6.6166550385E-07  -1.4160524472E-07
   15      5.6286299230E-07  -3.3460463247E-03  -2.9792622738E-06  -3.6281136324E-05   5.4418313214E-05
   16      5.6738898496E-07  -1.7576300824E-06   3.5046953647E-03   1.4916284090E-06  -2.8614293241E-04
   17      9.9512448550E-03   1.5874895380E-07  -1.2858873772E-07  -2.7501061073E-07   2.8143421340E-07
                   15                 16                 17        
     0      5.8698331307E-03   2.3589426994E-02  -9.3267719795E-02
     1      6.8982468910E-03  -9.0806672671E-02  -2.2019222618E-02
     2      3.5263138818E-04   1.9021357437E-05   2.5381714428E-05
     3      7.9719750969E-04   2.9062033738E-03  -9.0021099538E-03
     4     -6.2527906386E-01   7.1384272131E-01   1.4103335863E-01
     5     -4.9169160792E-03   6.2702426087E-03   1.2689470972E-03
     6     -5.0387350165E-01  -5.0143371355E-01   4.3635114445E-01
     7      2.9436787583E-01   2.5645621086E-01  -2.6675445775E-01
     8     -4.5581902046E-03  -4.8940843143E-03   4.6037635739E-03
     9      4.4006772259E-01   2.2670565710E-01   6.7330810709E-01
    10      2.5660906726E-01   9.4486097312E-02   3.8430235082E-01
    11     -3.8932001532E-03  -2.0687442404E-03  -6.7885987052E-03
    12     -2.6777914856E-05  -3.6929339588E-05   4.7514431286E-05
    13     -3.0524967279E-05   7.2532298123E-05   1.6106675407E-05
    14      5.5152996823E-05   2.8665281552E-06   3.7948698622E-06
    15     -4.4953668727E-05  -5.8195826451E-05   5.9406788561E-05
    16     -5.1122494608E-05   1.0226892502E-04   2.2265882875E-05
    17      2.8046082456E-05   1.3253903198E-06   1.7119697222E-06

#
# The atoms: label  mass x y z (in bohrs)
#
$atoms
6
 C     12.01100     -0.000000006153     0.000000034975    -0.057580826677
 H      1.00800     -0.000000008190     2.015674445989    -0.046993558900
 H      1.00800      1.745625234800    -1.007837168434    -0.046993339704
 H      1.00800     -1.745625248253    -1.007837166739    -0.046993355440
 I    126.90000      0.000000003670     0.000000324326     4.908083974648
 Br    79.90000      0.000000024125    -0.000000470118    -4.616926313364

$actual_temperature
  0.000000

$frequency_scale_factor
  1.000000

$dipole_derivatives
18
    2.0000000000E-01    0.0000000000E+00    0.0000000000E+00
    0.0000000000E+00    2.0000000000E-01    0.0000000000E+00
    0.0000000000E+00    0.0000000000E+00    2.8000000000E+00
    0.0000000000E+00   -0.0000000000E+00    0.0000000000E+00
    0.0000000000E+00   -0.0000000000E+00    0.0000000000E+00
    0.0000000000E+00    0.0000000000E+00   -4.0000000000E-01
    0.0000000000E+00    0.0000000000E+00    0.0000000000E+00
    0.0000000000E+00    0.0000000000E+00    0.0000000000E+00
    0.0000000000E+00   -0.0000000000E+00   -4.0000000000E-01
    0.0000000000E+00   -0.0000000000E+00   -2.0000000000E-01
    0.0000000000E+00    0.0000000000E+00    0.0000000000E+00
    0.0000000000E+00   -0.0000000000E+00   -4.0000000000E-01
   -6.0000000000E-01   -0.0000000000E+00    0.0000000000E+00
    0.0000000000E+00   -6.0000000000E-01    0.0000000000E+00
    0.0000000000E+00    0.0000000000E+00   -1.6000000000E+00
    4.0000000000E-01   -0.0000000000E+00    2.0000000000E-01
   -0.0000000000E+00    4.0000000000E-01   -0.0000000000E+00
   -0.0000000000E+00   -0.0000000000E+00   -0.0000000000E+00

#
# The IR spectrum
#  wavenumber T**2 TX TY TZ
#
$ir_spectrum
18
      0.00   0.00000000     0.000000     0.000000     0.000000
      0.00   0.00000000     0.000000     0.000000     0.000000
      0.00   0.00000000     0.000000     0.000000     0.000000
      0.00   0.00000000     0.000000     0.000000     0.000000
      0.00   0.00000000     0.000000     0.000000     0.000000
      0.00   0.00000000     0.000000     0.000000     0.000000
   -290.50   0.00000000     0.000000     0.000000     0.000000
    134.00   0.00503856    -0.000008    -0.000008     0.070983
    177.45   0.00092682     0.010085    -0.026141    -0.011907
    178.19   0.00165429    -0.026217    -0.010059     0.029424
    990.41   0.03125584    -0.000000    -0.000000     0.176793
   1012.01   0.00000028    -0.000527     0.000000     0.000037
   1012.81   0.00000019     0.000001     0.000434    -0.000043
   1053.00   0.00005913     0.004186    -0.000014     0.006451
   1333.78   0.00024210    -0.000007     0.003968    -0.015045
   3143.67   0.00012812     0.000162     0.000191    -0.011316
   3227.91   0.00004438     0.000644    -0.002481    -0.006149
   3247.97   0.00034070    -0.002540    -0.000600    -0.018273


$end

