
$orca_hessian_file

$act_atom
  0

$act_coord
  0

$act_energy
      -12.543361

$multiplicity
  1

$hessian
18
                    0                  1                  2                  3                  4        
    0      5.8731699910E-01  -1.5856085250E-03  -8.3408583419E-05  -4.1056586018E-02   1.8387127477E-04
    1     -1.5856085250E-03   5.9048669956E-01  -8.3711735718E-05  -1.8859329963E-04  -3.3367929015E-01
    2     -8.3408583419E-05  -8.3711735718E-05  -4.9161178823E-02   4.8562762267E-06   9.3762913513E-03
    3     -4.1056586018E-02  -1.8859329963E-04   4.8562762267E-06   4.0745227334E-02   1.6288282971E-04
    4      1.8387127477E-04  -3.3367929015E-01   9.3762913513E-03   1.6288282971E-04   3.5576777155E-01
    5     -3.8699254443E-06   1.0188863628E-02  -3.4807787092E-03  -5.2966172274E-06  -9.1695554513E-03
    6     -2.6206672177E-01   1.2568356823E-01   8.1277092816E-03   7.5990991892E-04  -3.6327447293E-04
    7      1.4881663884E-01  -1.1427627672E-01  -4.7259591342E-03   3.0923271821E-03  -1.3547506279E-02
    8      8.7607951048E-03  -5.0540594331E-03  -3.4808073755E-03  -1.8449684504E-04   2.2530659538E-04
    9     -2.6204148175E-01  -1.2704952220E-01  -8.2085034838E-03   7.4924480157E-04   3.6322149033E-04
   10     -1.4741438864E-01  -1.1427627622E-01  -4.7259588894E-03  -3.0668854716E-03  -1.3547506237E-02
   11     -8.6765067906E-03  -5.0540591810E-03  -3.4808076644E-03   1.8457660438E-04   2.2530659381E-04
   12     -1.2287818109E-02   2.4804313690E-06   1.7993679149E-05   4.0102675489E-04   1.1997996307E-07
   13      1.0121203274E-06  -1.2544327216E-02   1.7994944050E-05   2.0657838813E-07   9.7819963700E-04
   14     -1.7377154285E-06  -1.7391185852E-06   3.2393678947E-02   5.4020219394E-07   3.6611267090E-04
   15     -9.8643914568E-03   3.1376753639E-03   1.4135283023E-04  -1.5988227913E-03  -3.4682110183E-04
   16     -1.5250707302E-06  -1.5710529258E-02   1.4134346401E-04   6.2181012398E-08   4.0283314785E-03
   17      4.7279101052E-06   4.7058403618E-06   2.7209893625E-02  -1.7962053736E-07  -1.0234617601E-03
                    5                  6                  7                  8                  9        
    0     -3.8699254443E-06  -2.6206672177E-01   1.4881663884E-01   8.7607951048E-03  -2.6204148175E-01
    1      1.0188863628E-02   1.2568356823E-01  -1.1427627672E-01  -5.0540594331E-03  -1.2704952220E-01
    2     -3.4807787092E-03   8.1277092816E-03  -4.7259591342E-03  -3.4808073755E-03  -8.2085034838E-03
    3     -5.2966172274E-06   7.5990991892E-04   3.0923271821E-03  -1.8449684504E-04   7.4924480157E-04
    4     -9.1695554513E-03  -3.6327447293E-04  -1.3547506279E-02   2.2530659538E-04   3.6322149033E-04
    5      4.0374498619E-02  -2.0531067143E-04  -8.0754118863E-04  -4.9856451591E-04   2.0512126034E-04
    6     -2.0531067143E-04   2.7753247555E-01  -1.3737900832E-01  -7.9487853925E-03  -2.0253602037E-02
    7     -8.0754118863E-04  -1.3737900832E-01   1.2030511998E-01   4.6223080872E-03  -1.1991262411E-02
    8     -4.9856451591E-04  -7.9487853925E-03   4.6223080872E-03   4.0374490124E-02  -5.9708655192E-04
    9      2.0512126034E-04  -2.0253602037E-02  -1.1991262411E-02  -5.9708655192E-04   2.8118819545E-01
   10     -8.0754116845E-04   1.1972688525E-02   6.5831504141E-03   5.8148521936E-04   1.3876010241E-01
   11     -4.9856451769E-04   5.9570296435E-04   5.8148522804E-04  -4.9856039623E-04   8.0294741604E-03
   12     -5.4560732081E-06   1.1510618369E-03  -6.1293760431E-04   4.0657214608E-03   1.1436566832E-03
   13      9.7148274382E-03  -3.0403048071E-04   4.4898708868E-04  -4.8611453840E-03   3.0596869588E-04
   14     -1.7827365577E-02   3.1659451838E-04  -1.7879066925E-04  -1.7827352302E-02  -3.0862489987E-04
   15      1.4812026974E-05   2.8768764963E-03  -1.9257576885E-03  -4.0961477762E-03  -7.8601314538E-04
   16     -9.1190532579E-03   3.9005651155E-04   4.8652551589E-04   4.4861049152E-03  -3.8850798613E-04
   17     -1.8069225299E-02  -8.8591070040E-04   5.0849767689E-04  -1.8069205534E-02   8.7961951482E-04
                   10                 11                 12                 13                 14        
    0     -1.4741438864E-01  -8.6765067906E-03  -1.2287818109E-02   1.0121203274E-06  -1.7377154285E-06
    1     -1.1427627622E-01  -5.0540591810E-03   2.4804313690E-06  -1.2544327216E-02  -1.7391185852E-06
    2     -4.7259588894E-03  -3.4808076644E-03   1.7993679149E-05   1.7994944050E-05   3.2393678947E-02
    3     -3.0668854716E-03   1.8457660438E-04   4.0102675489E-04   2.0657838813E-07   5.4020219394E-07
    4     -1.3547506237E-02   2.2530659381E-04   1.1997996307E-07   9.7819963700E-04   3.6611267090E-04
    5     -8.0754116845E-04  -4.9856451769E-04  -5.4560732081E-06   9.7148274382E-03  -1.7827365577E-02
    6      1.1972688525E-02   5.9570296435E-04   1.1510618369E-03  -3.0403048071E-04   3.1659451838E-04
    7      6.5831504141E-03   5.8148522804E-04  -6.1293760431E-04   4.4898708868E-04  -1.7879066925E-04
    8      5.8148521936E-04  -4.9856039623E-04   4.0657214608E-03  -4.8611453840E-03  -1.7827352302E-02
    9      1.3876010241E-01   8.0294741604E-03   1.1436566832E-03   3.0596869588E-04  -3.0862489987E-04
   10      1.2030511943E-01   4.6223078482E-03   6.1380598381E-04   4.4898709650E-04  -1.7879067736E-04
   11      4.6223078482E-03   4.0374490436E-02  -4.0677383002E-03  -4.8611453979E-03  -1.7827352367E-02
   12      6.1380598381E-04  -4.0677383002E-03   8.5681372709E-03  -3.3165901341E-06  -4.2135895352E-06
   13      4.4898709650E-04  -4.8611453979E-03  -3.3165901341E-06   8.5724163988E-03  -4.2287344267E-06
   14     -1.7879067736E-04  -1.7827352367E-02  -4.2135895352E-06  -4.2287344267E-06   4.6734693057E-02
   15     -8.6532281481E-04   3.9344913616E-03   1.0239355631E-03   1.5967624499E-07  -2.5585156940E-06
   16      4.8652551582E-04   4.4861049089E-03  -1.5220069442E-07   2.0957369950E-03  -2.5634712790E-06
   17      5.0849766767E-04  -1.8069205491E-02  -6.3071770519E-06  -6.3028659223E-06  -2.5646301758E-02
                   15                 16                 17        
     0     -9.8643914568E-03  -1.5250707302E-06   4.7279101052E-06
     1      3.1376753639E-03  -1.5710529258E-02   4.7058403618E-06
     2      1.4135283023E-04   1.4134346401E-04   2.7209893625E-02
     3     -1.5988227913E-03   6.2181012398E-08  -1.7962053736E-07
     4     -3.4682110183E-04   4.0283314785E-03  -1.0234617601E-03
     5      1.4812026974E-05  -9.1190532579E-03  -1.8069225299E-02
     6      2.8768764963E-03   3.9005651155E-04  -8.8591070040E-04
     7     -1.9257576885E-03   4.8652551589E-04   5.0849767689E-04
     8     -4.0961477762E-03   4.4861049152E-03  -1.8069205534E-02
     9     -7.8601314538E-04  -3.8850798613E-04   8.7961951482E-04
    10     -8.6532281481E-04   4.8652551582E-04   5.0849766767E-04
    11      3.9344913616E-03   4.4861049089E-03  -1.8069205491E-02
    12      1.0239355631E-03  -1.5220069442E-07  -6.3071770519E-06
    13      1.5967624499E-07   2.0957369950E-03  -6.3028659223E-06
    14     -2.5585156940E-06  -2.5634712790E-06  -2.5646301758E-02
    15      8.3484153341E-03   6.6564993616E-08   8.0500730770E-06
    16      6.6564993616E-08   8.6134097528E-03   8.0634410848E-06
    17      8.0500730770E-06   8.0634410848E-06   5.2644044457E-02

$vibrational_frequencies
18
    0        0.0000000000000000
    1        0.0000000000000000
    2        0.0000000000000000
    3        0.0000000000000000
    4        0.0000000000000000
    5        0.0000000000000000
    6     -352.0393544272716895
    7      195.4728826950671987
    8      200.5895011695273524
    9      206.7722421219970101
   10     1027.0586214735487829
   11     1027.1205852111525019
   12     1031.5377780256631013
   13     1054.9416734505591648
   14     1330.6359053997273350
   15     3118.8929794663572466
   16     3206.3158285304980382
   17     3226.8295722274351647

$normal_modes
18 18
                    0                  1                  2                  3                  4        
    0      0.0000000000E+00   0.0000000000E+00   0.0000000000E+00   0.0000000000E+00   0.0000000000E+00
    1      0.0000000000E+00   0.0000000000E+00   0.0000000000E+00   0.0000000000E+00   0.0000000000E+00
    2      0.0000000000E+00   0.0000000000E+00   0.0000000000E+00   0.0000000000E+00   0.0000000000E+00
    3      0.0000000000E+00   0.0000000000E+00   0.0000000000E+00   0.0000000000E+00   0.0000000000E+00
    4      0.0000000000E+00   0.0000000000E+00   0.0000000000E+00   0.0000000000E+00   0.0000000000E+00
    5      0.0000000000E+00   0.0000000000E+00   0.0000000000E+00   0.0000000000E+00   0.0000000000E+00
    6      0.0000000000E+00   0.0000000000E+00   0.0000000000E+00   0.0000000000E+00   0.0000000000E+00
    7      0.0000000000E+00   0.0000000000E+00   0.0000000000E+00   0.0000000000E+00   0.0000000000E+00
    8      0.0000000000E+00   0.0000000000E+00   0.0000000000E+00   0.0000000000E+00   0.0000000000E+00
    9      0.0000000000E+00   0.0000000000E+00   0.0000000000E+00   0.0000000000E+00   0.0000000000E+00
   10      0.0000000000E+00   0.0000000000E+00   0.0000000000E+00   0.0000000000E+00   0.0000000000E+00
   11      0.0000000000E+00   0.0000000000E+00   0.0000000000E+00   0.0000000000E+00   0.0000000000E+00
   12      0.0000000000E+00   0.0000000000E+00   0.0000000000E+00   0.0000000000E+00   0.0000000000E+00
   13      0.0000000000E+00   0.0000000000E+00   0.0000000000E+00   0.0000000000E+00   0.0000000000E+00
   14      0.0000000000E+00   0.0000000000E+00   0.0000000000E+00   0.0000000000E+00   0.0000000000E+00
   15      0.0000000000E+00   0.0000000000E+00   0.0000000000E+00   0.0000000000E+00   0.0000000000E+00
   16      0.0000000000E+00   0.0000000000E+00   0.0000000000E+00   0.0000000000E+00   0.0000000000E+00
   17      0.0000000000E+00   0.0000000000E+00   0.0000000000E+00   0.0000000000E+00   0.0000000000E+00
                    5                  6                  7                  8                  9        
    0      0.0000000000E+00  -1.6070870694E-04  -2.3898462951E-01  -1.3862181288E-03   5.5146721282E-03
    1      0.0000000000E+00  -1.5675873246E-04   5.0969343574E-03   1.2393187846E-03   2.3794709541E-01
    2      0.0000000000E+00  -2.7400787357E-01   6.0152178461E-05   1.8614988876E-02  -2.6774074107E-04
    3      0.0000000000E+00  -1.7340213645E-04  -2.4317638177E-01  -1.4053658148E-03   5.5822245274E-03
    4      0.0000000000E+00   6.9250446216E-03   5.6975293844E-03   2.1087985377E-03   2.4381318252E-01
    5      0.0000000000E+00   5.1564852006E-03  -1.1884296393E-04   3.6502776238E-02  -1.4581652688E-03
    6      0.0000000000E+00   5.9574781908E-03  -2.4311652919E-01  -6.6307758614E-04   1.0091337541E-02
    7      0.0000000000E+00  -3.7049514874E-03   7.4996499605E-03   8.9481342873E-04   2.4815284684E-01
    8      0.0000000000E+00   5.1585815290E-03   1.9374681237E-03   3.6522731023E-02   1.9913353032E-04
    9      0.0000000000E+00  -6.2646978741E-03  -2.4185330372E-01  -2.1394991180E-03   1.1023883120E-03
   10      0.0000000000E+00  -3.6820981203E-03   8.2968849356E-03   8.9951474765E-04   2.4816978282E-01
   11      0.0000000000E+00   5.1624340559E-03  -2.0848345937E-03   3.6498101060E-02   3.0073562470E-04
   12      0.0000000000E+00   1.4664554859E-05   2.1913119266E-02   1.2701452884E-04  -5.0551725559E-04
   13      0.0000000000E+00   1.4262671792E-05  -5.0338600307E-04  -1.1436591366E-04  -2.1904606758E-02
   14      0.0000000000E+00   2.4023924095E-02   3.6463400275E-04  -6.4629656490E-02   3.4663416829E-04
   15      0.0000000000E+00   3.5061663053E-05   5.2282107017E-02   3.0302121540E-04  -1.2059926154E-03
   16      0.0000000000E+00   3.4099869840E-05  -1.2034173051E-03  -2.7309319798E-04  -5.2290677281E-02
   17      0.0000000000E+00   3.8247700152E-02  -8.3458115043E-04   1.3623459580E-01  -6.6325201035E-04
                   10                 11                 12                 13                 14        
    0      7.0077988720E-03  -3.7999733838E-02  -2.4174516917E-05  -7.9607909570E-02   1.7992311930E-04
    1      1.6014678994E-05   2.0599865821E-04  -1.0876309163E-02   2.3435548294E-04  -9.3501554014E-02
    2     -1.1937258148E-02  -2.1797260411E-03  -1.4611675742E-05  -9.3773624307E-06  -1.1389746480E-06
    3     -5.4498836436E-02   2.9723278397E-01   4.5725017577E-04   7.0831893672E-01   2.6403192731E-03
    4      1.5140469709E-02   2.6272923763E-03   1.6338842016E-02  -1.2847072051E-04  -5.6564808612E-02
    5      5.5753835632E-01   9.7712725872E-02   8.1031130958E-01   1.6387387323E-03  -5.6056653897E-02
    6      1.2383508689E-03   6.6959540258E-02   1.4964356487E-02   1.1567029447E-01   3.5761023203E-01
    7     -3.1975224263E-02   1.3170517475E-01   4.1798203216E-02   3.4044881956E-01   5.6026840385E-01
    8      4.4208147188E-01   7.3915576902E-01  -4.0058694977E-01  -2.7765868716E-01   2.8212939183E-02
    9     -2.4934303849E-02   6.3169325084E-02  -1.4505270171E-02   1.1733156585E-01  -3.5401971865E-01
   10      1.7273710271E-02  -1.3637954436E-01   4.1535271360E-02  -3.4292384860E-01   5.5929261190E-01
   11      6.7361505274E-01  -5.3169824471E-01  -4.0779230600E-01   2.7681511705E-01   2.7865766795E-02
   12     -6.2352619677E-04   3.3995340484E-03   1.4397307428E-05  -1.2718910671E-03  -5.0026640469E-05
   13     -4.7346962975E-06  -2.0207084896E-05   3.7303234300E-03   4.6135894304E-06   1.6207742428E-04
   14     -9.4273441345E-03  -1.7189601402E-03  -1.0705738065E-05  -3.8823316037E-06   2.5495253762E-07
   15      1.2543203284E-03  -6.9384399019E-03  -5.0310324204E-05   3.0728946689E-03  -1.2536618398E-04
   16     -7.2354226367E-06   3.3953404492E-05  -7.5561218465E-03  -1.5771352264E-05   1.0886808525E-03
   17     -2.2282953658E-02  -4.0641414692E-03  -2.5854538079E-05  -1.0681752712E-05  -8.1569911151E-07
                   15                 16                 17        
     0     -5.7198988243E-03  -2.3003298484E-02  -9.3474737772E-02
     1     -6.7011682260E-03   9.0908772626E-02  -2.1432373935E-02
     2      3.6530191689E-03   1.8685018844E-04  -2.4490291322E-04
     3     -7.8712792952E-04  -2.7940952900E-03  -8.7307132528E-03
     4      6.2340138844E-01  -7.1563239325E-01   1.3780112755E-01
     5     -1.6763016232E-02   2.1732213589E-02  -4.2917611776E-03
     6      5.0355134917E-01   4.9738195671E-01   4.4061161585E-01
     7     -2.9409713539E-01  -2.5427153666E-01  -2.6878457359E-01
     8     -1.5494912836E-02  -1.6749014545E-02  -1.5706718372E-02
     9     -4.4187058389E-01  -2.3008045699E-01   6.7057042061E-01
    10     -2.5757682735E-01  -9.6718572541E-02   3.8283815551E-01
    11     -1.3206355044E-02  -7.2977296614E-03   2.3029009773E-02
    12      4.4164683987E-05   5.8200803833E-05   6.8434205054E-05
    13      4.9132312641E-05  -9.6965929845E-05   2.0507465478E-05
    14      5.2889663143E-05   2.4647624079E-06  -3.1576055610E-06
    15      1.0696302364E-04   1.4156517656E-04   1.6885026977E-04
    16      1.2018206292E-04  -2.5391949209E-04   5.4047603592E-05
    17     -6.4149689386E-05  -3.0503840985E-06   3.9220125032E-06

#
# The atoms: label  mass x y z (in bohrs)
#
$atoms
6
 C     12.01100      0.000000001544    -0.000000131006    -0.001112829742
 H      1.00800      0.000000000299     2.017881361208    -0.061652038387
 H      1.00800      1.747536557190    -1.008941029824    -0.061652509961
 H      1.00800     -1.747536556471    -1.008941029758    -0.061652507224
 Br    79.90000     -0.000000000462    -0.000000298462     4.482685741819
 Cl    35.45300     -0.000000002101     0.000001127842    -4.256629251511

$actual_temperature
  0.000000

$frequency_scale_factor
  1.000000

$dipole_derivatives
18
    2.0000000000E-01    0.0000000000E+00    0.0000000000E+00
    0.0000000000E+00    2.0000000000E-01    0.0000000000E+00
    0.0000000000E+00    0.0000000000E+00    3.4000000000E+00
    0.0000000000E+00    0.0000000000E+00    0.0000000000E+00
    0.0000000000E+00    0.0000000000E+00    0.0000000000E+00
    0.0000000000E+00    0.0000000000E+00   -2.0000000000E-01
    0.0000000000E+00    0.0000000000E+00    0.0000000000E+00
    0.0000000000E+00    0.0000000000E+00    0.0000000000E+00
    0.0000000000E+00    0.0000000000E+00   -2.0000000000E-01
    0.0000000000E+00    0.0000000000E+00    0.0000000000E+00
   -0.0000000000E+00    0.0000000000E+00    0.0000000000E+00
   -0.0000000000E+00    0.0000000000E+00   -2.0000000000E-01
   -6.0000000000E-01    0.0000000000E+00    0.0000000000E+00
    0.0000000000E+00   -6.0000000000E-01    0.0000000000E+00
    0.0000000000E+00    0.0000000000E+00   -1.4000000000E+00
    4.0000000000E-01   -0.0000000000E+00   -0.0000000000E+00
   -0.0000000000E+00    4.0000000000E-01   -0.0000000000E+00
   -0.0000000000E+00   -0.0000000000E+00   -1.4000000000E+00

#
# The IR spectrum
#  wavenumber T**2 TX TY TZ
#
$ir_spectrum
18
      0.00   0.00000000     0.000000     0.000000     0.000000
      0.00   0.00000000     0.000000     0.000000     0.000000
      0.00   0.00000000     0.000000     0.000000     0.000000
      0.00   0.00000000     0.000000     0.000000     0.000000
      0.00   0.00000000     0.000000     0.000000     0.000000
      0.00   0.00000000     0.000000     0.000000     0.000000
   -352.04   0.00000000     0.000000     0.000000     0.000000
    195.47   0.00049401    -0.022216     0.000466     0.000508
    200.59   0.00103980    -0.000127     0.000114    -0.032245
    206.77   0.00046182     0.000498     0.021484    -0.000149
   1027.06   0.00641584     0.000551     0.000001    -0.080097
   1027.12   0.00022249    -0.003006     0.000016    -0.014610
   1031.54   0.00000324    -0.000008    -0.001796    -0.000093
   1054.94   0.00001107    -0.003327     0.000009    -0.000041
   1330.64   0.00001525     0.000003    -0.003906    -0.000002
   3118.89   0.00000900    -0.000157    -0.000184     0.002991
   3206.32   0.00000659    -0.000627     0.002485     0.000151
   3226.83   0.00000688    -0.002550    -0.000584    -0.000197


$end

