
$orca_hessian_file

$act_atom
  0

$act_coord
  0

$act_energy
      -13.146556

$multiplicity
  1

$hessian
18
                    0                  1                  2                  3                  4        
    0      4.0940783250E-01  -4.2992593000E-02  -4.1530840600E-02  -4.1778611500E-02  -1.4507137300E-02
    1     -4.2992593000E-02   4.5890942800E-01  -2.3936259000E-02  -2.1774450700E-02  -2.8684088880E-01
    2     -4.1530840600E-02  -2.3936259000E-02   3.2806399960E-01   2.4346947000E-03   8.0752673000E-03
    3     -4.1778611500E-02  -2.1774450700E-02   2.4346947000E-03   4.5366828100E-02   1.8727784800E-02
    4     -1.4507137300E-02  -2.8684088880E-01   8.0752673000E-03   1.8727784800E-02   3.2196638130E-01
    5      1.4428026000E-03   1.1363725200E-02  -3.8062166000E-02   4.1031658000E-03  -3.1627787000E-03
    6     -2.4173220880E-01   1.0029056700E-01   8.2305698000E-03   2.3445290000E-04   1.5363273000E-03
    7      9.3050043800E-02  -8.6908826800E-02  -1.9958752000E-03   3.0652554200E-02  -1.8234710400E-02
    8      1.0710327700E-02  -4.4628249000E-03  -3.8049348400E-02  -1.2301730000E-03   2.0060959000E-03
    9     -7.8602654300E-02  -2.2035604400E-02   6.1720529100E-02   2.4258610000E-04   4.2292080000E-04
   10     -2.2035522900E-02  -5.3326737200E-02   3.5765456000E-02  -1.3829566400E-02  -1.0166135000E-02
   11      5.9374003300E-02   3.4388303400E-02  -1.2924835600E-01  -1.6656740000E-04  -3.9841480000E-04
   12     -1.5074226000E-03  -2.5690884000E-03   9.4249393000E-03  -6.9721690000E-04  -7.0370380000E-04
   13     -2.5904782000E-03   1.4212569000E-03   5.4184568000E-03  -2.6567000000E-05   5.1981340000E-04
   14      1.2507405700E-02   7.2477826000E-03  -2.4646495900E-02   1.5137502000E-03   1.8252691000E-03
   15     -4.5786935400E-02  -1.0918830500E-02  -4.0279892300E-02  -3.3680386000E-03  -5.4761918000E-03
   16     -1.0924312300E-02  -3.3254232100E-02  -2.3327045900E-02  -1.3749754900E-02  -7.2444603000E-03
   17     -4.2503698700E-02  -2.4600727200E-02  -9.8057633200E-02  -6.6548703000E-03  -8.3454387000E-03
                    5                  6                  7                  8                  9        
    0      1.4428026000E-03  -2.4173220880E-01   9.3050043800E-02   1.0710327700E-02  -7.8602654300E-02
    1      1.1363725200E-02   1.0029056700E-01  -8.6908826800E-02  -4.4628249000E-03  -2.2035604400E-02
    2     -3.8062166000E-02   8.2305698000E-03  -1.9958752000E-03  -3.8049348400E-02   6.1720529100E-02
    3      4.1031658000E-03   2.3445290000E-04   3.0652554200E-02  -1.2301730000E-03   2.4258610000E-04
    4     -3.1627787000E-03   1.5363273000E-03  -1.8234710400E-02   2.0060959000E-03   4.2292080000E-04
    5      4.5962997800E-02   1.1335797000E-03  -2.0907557000E-03   1.0278416000E-03   3.6895710000E-04
    6      1.1335797000E-03   2.6955604620E-01  -1.1004951160E-01  -8.5011830000E-04  -1.3357670200E-02
    7     -2.0907557000E-03  -1.1004951160E-01   9.7813010800E-02   5.2036539000E-03  -6.0199687000E-03
    8      1.0278416000E-03  -8.5011830000E-04   5.2036539000E-03   4.5969008800E-02   1.6206958900E-02
    9      3.6895710000E-04  -1.3357670200E-02  -6.0199687000E-03   1.6206958900E-02   9.4136116600E-02
   10      1.8476013100E-02   8.2357275000E-03   3.4555703000E-03  -8.8871222000E-03   2.4836150500E-02
   11      2.8235850000E-03  -4.3038620000E-04   6.1894100000E-05   2.8095262000E-03  -6.1843231500E-02
   12      7.3203920000E-04  -1.3013600000E-04  -3.6363470000E-04   4.0378880000E-04  -6.1988629000E-03
   13      4.3272100000E-05  -1.0369483000E-03  -9.0444800000E-05   6.1441220000E-04   8.3827990000E-04
   14     -2.1697578000E-03   2.3528042000E-03   4.0190250000E-04  -2.1680147000E-03  -4.6713374000E-03
   15     -7.7805445000E-03  -1.4570484100E-02  -7.2694830000E-03  -2.5240784100E-02   3.7804847000E-03
   16     -2.4629475900E-02   1.0238381000E-03   3.9654009000E-03   5.5257851000E-03   1.9582219000E-03
   17     -9.5825006000E-03  -1.0436449200E-02  -1.5808196000E-03  -9.5890134000E-03  -1.1781876200E-02
                   10                 11                 12                 13                 14        
    0     -2.2035522900E-02   5.9374003300E-02  -1.5074226000E-03  -2.5904782000E-03   1.2507405700E-02
    1     -5.3326737200E-02   3.4388303400E-02  -2.5690884000E-03   1.4212569000E-03   7.2477826000E-03
    2      3.5765456000E-02  -1.2924835600E-01   9.4249393000E-03   5.4184568000E-03  -2.4646495900E-02
    3     -1.3829566400E-02  -1.6656740000E-04  -6.9721690000E-04  -2.6567000000E-05   1.5137502000E-03
    4     -1.0166135000E-02  -3.9841480000E-04  -7.0370380000E-04   5.1981340000E-04   1.8252691000E-03
    5      1.8476013100E-02   2.8235850000E-03   7.3203920000E-04   4.3272100000E-05  -2.1697578000E-03
    6      8.2357275000E-03  -4.3038620000E-04  -1.3013600000E-04  -1.0369483000E-03   2.3528042000E-03
    7      3.4555703000E-03   6.1894100000E-05  -3.6363470000E-04  -9.0444800000E-05   4.0190250000E-04
    8     -8.8871222000E-03   2.8095262000E-03   4.0378880000E-04   6.1441220000E-04  -2.1680147000E-03
    9      2.4836150500E-02  -6.1843231500E-02  -6.1988629000E-03   8.3827990000E-04  -4.6713374000E-03
   10      6.5658950500E-02  -3.5833133600E-02   8.4064610000E-04  -7.1619046000E-03  -2.7021661000E-03
   11     -3.5833133600E-02   1.3291894930E-01  -1.1205759000E-03  -6.4569180000E-04   7.4813530000E-04
   12      8.4064610000E-04  -1.1205759000E-03   7.9258433000E-03   2.8052669000E-03  -1.2402833200E-02
   13     -7.1619046000E-03  -6.4569180000E-04   2.8052669000E-03   4.6961215000E-03  -7.1828019000E-03
   14     -2.7021661000E-03   7.4813530000E-04  -1.2402833200E-02  -7.1828019000E-03   3.2231523600E-02
   15      1.9525652000E-03   4.1867576000E-03   6.0779510000E-04   1.0446900000E-05   7.0021050000E-04
   16      1.5402560000E-03   2.4270426000E-03  -9.4861000000E-06   6.1515770000E-04   4.1001390000E-04
   17     -6.8190472000E-03  -1.0051839800E-02   2.9626417000E-03   1.7523526000E-03  -3.9953905000E-03
                   15                 16                 17        
     0     -4.5786935400E-02  -1.0924312300E-02  -4.2503698700E-02
     1     -1.0918830500E-02  -3.3254232100E-02  -2.4600727200E-02
     2     -4.0279892300E-02  -2.3327045900E-02  -9.8057633200E-02
     3     -3.3680386000E-03  -1.3749754900E-02  -6.6548703000E-03
     4     -5.4761918000E-03  -7.2444603000E-03  -8.3454387000E-03
     5     -7.7805445000E-03  -2.4629475900E-02  -9.5825006000E-03
     6     -1.4570484100E-02   1.0238381000E-03  -1.0436449200E-02
     7     -7.2694830000E-03   3.9654009000E-03  -1.5808196000E-03
     8     -2.5240784100E-02   5.5257851000E-03  -9.5890134000E-03
     9      3.7804847000E-03   1.9582219000E-03  -1.1781876200E-02
    10      1.9525652000E-03   1.5402560000E-03  -6.8190472000E-03
    11      4.1867576000E-03   2.4270426000E-03  -1.0051839800E-02
    12      6.0779510000E-04  -9.4861000000E-06   2.9626417000E-03
    13      1.0446900000E-05   6.1515770000E-04   1.7523526000E-03
    14      7.0021050000E-04   4.1001390000E-04  -3.9953905000E-03
    15      5.9337178400E-02   2.1701493300E-02   6.8414252700E-02
    16      2.1701493300E-02   3.4377877900E-02   3.9593680100E-02
    17      6.8414252700E-02   3.9593680100E-02   1.3127637750E-01

$vibrational_frequencies
18
    0        0.0000000000000000
    1        0.0000000000000000
    2        0.0000000000000000
    3        0.0000000000000000
    4        0.0000000000000000
    5        0.0000000000000000
    6      113.4791241049263704
    7      320.1203601894448525
    8      349.1609437175778794
    9      681.5981981304429382
   10     1007.1457016754580991
   11     1045.8013340505258384
   12     1325.0495066458609017
   13     1394.2355718501721640
   14     1432.5492205387326976
   15     2339.1739460414219138
   16     3011.2556042358728519
   17     3017.3865432412731025

$normal_modes
18 18
                    0                  1                  2                  3                  4        
    0      0.0000000000E+00   0.0000000000E+00   0.0000000000E+00   0.0000000000E+00   0.0000000000E+00
    1      0.0000000000E+00   0.0000000000E+00   0.0000000000E+00   0.0000000000E+00   0.0000000000E+00
    2      0.0000000000E+00   0.0000000000E+00   0.0000000000E+00   0.0000000000E+00   0.0000000000E+00
    3      0.0000000000E+00   0.0000000000E+00   0.0000000000E+00   0.0000000000E+00   0.0000000000E+00
    4      0.0000000000E+00   0.0000000000E+00   0.0000000000E+00   0.0000000000E+00   0.0000000000E+00
    5      0.0000000000E+00   0.0000000000E+00   0.0000000000E+00   0.0000000000E+00   0.0000000000E+00
    6      0.0000000000E+00   0.0000000000E+00   0.0000000000E+00   0.0000000000E+00   0.0000000000E+00
    7      0.0000000000E+00   0.0000000000E+00   0.0000000000E+00   0.0000000000E+00   0.0000000000E+00
    8      0.0000000000E+00   0.0000000000E+00   0.0000000000E+00   0.0000000000E+00   0.0000000000E+00
    9      0.0000000000E+00   0.0000000000E+00   0.0000000000E+00   0.0000000000E+00   0.0000000000E+00
   10      0.0000000000E+00   0.0000000000E+00   0.0000000000E+00   0.0000000000E+00   0.0000000000E+00
   11      0.0000000000E+00   0.0000000000E+00   0.0000000000E+00   0.0000000000E+00   0.0000000000E+00
   12      0.0000000000E+00   0.0000000000E+00   0.0000000000E+00   0.0000000000E+00   0.0000000000E+00
   13      0.0000000000E+00   0.0000000000E+00   0.0000000000E+00   0.0000000000E+00   0.0000000000E+00
   14      0.0000000000E+00   0.0000000000E+00   0.0000000000E+00   0.0000000000E+00   0.0000000000E+00
   15      0.0000000000E+00   0.0000000000E+00   0.0000000000E+00   0.0000000000E+00   0.0000000000E+00
   16      0.0000000000E+00   0.0000000000E+00   0.0000000000E+00   0.0000000000E+00   0.0000000000E+00
   17      0.0000000000E+00   0.0000000000E+00   0.0000000000E+00   0.0000000000E+00   0.0000000000E+00
                    5                  6                  7                  8                  9        
    0      0.0000000000E+00  -3.2500161872E-01   2.7239663983E-01   4.8609901039E-02  -2.4112919860E-01
    1      0.0000000000E+00  -1.8827118422E-01   1.5833107093E-01  -8.2659216221E-02  -1.3958101284E-01
    2      0.0000000000E+00   8.4596361498E-02  -2.3815456915E-01  -7.0108467865E-05  -4.9838291697E-01
    3      0.0000000000E+00  -3.1318292479E-01   2.5985141117E-01  -4.9471313226E-01  -1.8885533029E-01
    4      0.0000000000E+00  -1.8691638179E-01   1.5325817607E-01  -3.1517925028E-02  -1.2116264892E-01
    5      0.0000000000E+00   2.5400628766E-01  -3.8037163097E-01   3.0699679607E-01  -2.8846452187E-01
    6      0.0000000000E+00  -3.1686535840E-01   2.5883421487E-01   2.7460131540E-01  -1.9824555551E-01
    7      0.0000000000E+00  -1.7669481403E-01   1.4392916520E-01   4.1403935633E-01  -1.0126695570E-01
    8      0.0000000000E+00   2.5285808500E-01  -3.7678030984E-01  -3.0766602821E-01  -2.9097190511E-01
    9      0.0000000000E+00  -4.3484749233E-01   3.9178466243E-01   2.7847276454E-01  -2.2972237104E-01
   10      0.0000000000E+00  -2.5287976607E-01   2.3056293991E-01  -4.7955200010E-01  -1.3523615386E-01
   11      0.0000000000E+00  -2.9281694607E-02  -1.4415147828E-01  -1.6285186825E-04  -5.3495741768E-01
   12      0.0000000000E+00   9.9555413366E-02  -1.6048989888E-01  -2.0330924639E-02  -5.7786494739E-03
   13      0.0000000000E+00   5.7596034413E-02  -9.3216445358E-02   3.4611636458E-02  -3.2082931389E-03
   14      0.0000000000E+00   3.5640978019E-01   3.3204204523E-01   2.9638621312E-04   2.9790221175E-02
   15      0.0000000000E+00   8.7035106789E-02  -3.2169999516E-02  -7.2330818364E-03   1.0232542888E-01
   16      0.0000000000E+00   5.0448160142E-02  -1.8694066721E-02   1.2215462441E-02   5.9176537467E-02
   17      0.0000000000E+00  -2.3322605256E-01  -7.1620071610E-02  -1.1141318893E-04   1.8456637208E-01
                   10                 11                 12                 13                 14        
    0     -8.1677383915E-02  -5.3610938020E-02   3.5216811511E-02   3.0682175835E-02   6.1000168304E-02
    1     -4.7333614412E-02   9.2654262752E-02   2.0354296394E-02  -5.3075952587E-02   3.5280712764E-02
    2      4.1182061936E-02   1.3248009166E-04   1.0094034285E-01  -4.5571175302E-05  -1.3922200844E-02
    3      1.9396828538E-02   3.7856279238E-01  -1.0134895428E-01  -1.4079446875E-01  -6.8829676360E-01
    4     -4.3969282138E-02   4.8174298196E-02   1.0131669661E-02  -3.1126383731E-03   5.7392197414E-02
    5     -4.6794428824E-01   5.4841407253E-01  -5.1315900065E-01   3.9303155740E-01   2.7007072268E-02
    6     -2.8444579936E-02  -2.3052439603E-01  -4.1906357380E-02   7.2852399038E-02  -2.9302958092E-01
    7      3.9220166729E-02  -3.0398849713E-01  -9.2699627880E-02   1.2115658794E-01  -6.2530795387E-01
    8     -4.6763945087E-01  -5.4869952569E-01  -5.1312689830E-01  -3.9300842748E-01   2.6568839234E-02
    9      4.3976716188E-01   1.5463162335E-01  -4.6757358432E-01  -4.0313796486E-01   1.4931274269E-01
   10      2.5440043538E-01  -2.6678153703E-01  -2.7038566236E-01   6.9637492803E-01   8.6705883761E-02
   11      5.3713113590E-01   1.3173039412E-04  -3.8601721786E-01   2.2408763878E-04   9.8257905493E-02
   12     -4.0968894134E-03  -1.6722509999E-03   2.7617432443E-03   2.4028218756E-03  -3.5714768788E-04
   13     -2.3680001956E-03   2.8963243700E-03   1.5927289479E-03  -4.1530060501E-03  -2.0892055328E-04
   14     -3.8820059323E-03  -1.0007310427E-05   2.1300337034E-03   1.7340196658E-06  -1.0292856906E-03
   15      1.7620359279E-02   1.0453248560E-02   3.9561900526E-03   1.7114560376E-03   3.1811632563E-03
   16      1.0206831012E-02  -1.8083609806E-02   2.2859315433E-03  -2.9486969554E-03   1.8410849109E-03
   17     -5.4289265143E-04  -3.5149266570E-05   4.8159733599E-03   7.4808106710E-06   9.5127172201E-04
                   15                 16                 17        
     0      4.0940586032E-02  -5.1281238436E-02  -4.6852272139E-02
     1      2.3725116299E-02  -3.1338460567E-02   7.8989608809E-02
     2     -6.7215139364E-02   4.8640058722E-03   9.5856985005E-05
     3      1.4058583611E-02   2.0881132005E-02  -7.2178074479E-02
     4      4.1698746621E-02   7.1602638802E-01  -6.8814247358E-01
     5     -6.9521302748E-03  -4.8363630440E-03   1.5355640630E-02
     6      4.3230806570E-02   6.1140762493E-01   6.5283499056E-01
     7     -8.5894269291E-03  -3.2966479433E-01  -2.9107195468E-01
     8     -6.9929443508E-03  -4.7963877101E-03  -1.5904461828E-02
     9     -5.5454237436E-01   2.8143000929E-03  -1.8740610657E-02
    10     -3.2129652026E-01   9.4124004845E-04   3.2543305042E-02
    11      7.6060148235E-01  -2.6077991905E-02  -4.6234687651E-04
    12      3.7976875681E-04  -4.1922845206E-05   8.7516338623E-05
    13      2.2166202536E-04  -1.7328287018E-05  -1.5736837254E-04
    14      1.6878333463E-03   2.5357362390E-04   5.8840166369E-06
    15      6.4276151153E-05  -6.6139611347E-04  -1.5038588010E-04
    16      3.7209577248E-05  -3.8546254890E-04   2.3947155766E-04
    17      6.3819484973E-04  -7.6841276162E-04  -6.8785540086E-06

#
# The atoms: label  mass x y z (in bohrs)
#
$atoms
6
 C     12.01100      1.339556440421     0.774905806424     0.187330407890
 H      1.00800      1.511494623104     2.822640424006     0.160546904783
 H      1.00800      3.200740847226    -0.096150909568     0.159397029615
 H      1.00800      0.256223637291     0.147269860578     1.924928008016
 F     18.99800     -0.751849849192    -0.436210281830     4.725863514053
 Cl    35.45300     -0.192197437493    -0.110484871711    -2.659713183288

$actual_temperature
  0.000000

$frequency_scale_factor
  1.000000


$end

