
$orca_hessian_file

$act_atom
  0

$act_coord
  0

$act_energy
      -13.191987

$multiplicity
  1

$hessian
18
                    0                  1                  2                  3                  4        
    0      5.1607527550E-01  -1.2149300000E-05   3.4612338000E-03  -4.3257869800E-02  -2.3067853000E-03
    1     -1.2149300000E-05   5.1607175400E-01   1.9970177000E-03  -2.1936585000E-03  -2.7169677620E-01
    2      3.4612338000E-03   1.9970177000E-03   4.1631106790E-01   5.1036340000E-04   6.6774412200E-02
    3     -4.3257869800E-02  -2.1936585000E-03   5.1036340000E-04   4.5202915700E-02   2.8090491000E-03
    4     -2.3067853000E-03  -2.7169677620E-01   6.6774412200E-02   2.8090491000E-03   3.0614769310E-01
    5      5.0627570000E-04   6.3066774800E-02  -5.7841396800E-02  -1.0958641000E-03  -8.1441065800E-02
    6     -2.1658068040E-01   9.7715684700E-02   5.8094623100E-02  -1.2927171000E-03   1.9280693000E-03
    7      9.7826695100E-02  -9.8382272300E-02  -3.2923861600E-02   2.7293750400E-02  -1.8165501700E-02
    8      5.4875298800E-02  -3.1083980600E-02  -5.7839696300E-02  -5.8154624000E-03   2.9526996000E-03
    9     -2.0841534850E-01  -9.5389333300E-02  -6.8317401000E-02  -1.7033800000E-03  -2.1325606000E-03
   10     -9.5388007800E-02  -9.8325035400E-02  -3.9440141400E-02  -2.6797877800E-02  -1.8158503900E-02
   11     -6.5113525100E-02  -3.7603220000E-02  -6.6191774300E-02   5.4555895000E-03   2.8110701000E-03
   12     -4.6457015200E-02  -1.2200580000E-04   6.2791598000E-03   1.5524668000E-03  -2.6743030000E-04
   13     -1.2152450000E-04  -4.6305321900E-02   3.6153291000E-03  -1.1029519000E-03   1.3374883000E-03
   14      6.3031222000E-03   3.6408141000E-03  -2.3399047970E-01   9.3832030000E-04   8.0146160000E-03
   15     -1.3643615000E-03   1.4622000000E-06  -2.7979000000E-05  -5.0141550000E-04  -3.0342200000E-05
   16      1.7719000000E-06  -1.3623482000E-03  -2.2755900000E-05  -8.3113000000E-06   5.3560040000E-04
   17     -3.2405400000E-05  -1.7405900000E-05  -4.4772090000E-04   7.0534000000E-06   8.8826800000E-04
                    5                  6                  7                  8                  9        
    0      5.0627570000E-04  -2.1658068040E-01   9.7826695100E-02   5.4875298800E-02  -2.0841534850E-01
    1      6.3066774800E-02   9.7715684700E-02  -9.8382272300E-02  -3.1083980600E-02  -9.5389333300E-02
    2     -5.7841396800E-02   5.8094623100E-02  -3.2923861600E-02  -5.7839696300E-02  -6.8317401000E-02
    3     -1.0958641000E-03  -1.2927171000E-03   2.7293750400E-02  -5.8154624000E-03  -1.7033800000E-03
    4     -8.1441065800E-02   1.9280693000E-03  -1.8165501700E-02   2.9526996000E-03  -2.1325606000E-03
    5      7.7305333700E-02  -3.4722620000E-04  -6.5090053000E-03   3.6472734000E-03  -1.8688500000E-05
    6     -3.4722620000E-04   2.4338204900E-01  -1.1156514740E-01  -7.1083930000E-02  -2.6558052200E-02
    7     -6.5090053000E-03  -1.1156514740E-01   1.0797032630E-01   3.9754593600E-02  -1.2445376100E-02
    8      3.6472734000E-03  -7.1083930000E-02   3.9754593600E-02   7.7305247400E-02  -7.2234599000E-03
    9     -1.8688500000E-05  -2.6558052200E-02  -1.2445376100E-02  -7.2234599000E-03   2.3324362030E-01
   10     -8.3291576000E-03   1.2209357200E-02   6.7218023000E-03   4.1506011000E-03   1.0862073180E-01
   11      4.0383462000E-03   5.1596793000E-03   3.3203688000E-03   4.0373542000E-03   8.1680162000E-02
   12      9.4764620000E-04   7.9419420000E-04  -6.6495170000E-04   2.8993650300E-02   3.1162978000E-03
   13      3.2925152100E-02   1.7643130000E-04   2.0869372000E-03  -1.5636507800E-02   8.7605560000E-04
   14     -2.6431956800E-02   7.4051513000E-03  -3.2020282000E-03  -2.6432634400E-02  -5.4195377000E-03
   15      7.8570000000E-06   2.5520660000E-04  -4.4497040000E-04   2.5390320000E-04   3.1686260000E-04
   16      2.8730180000E-04  -4.6439520000E-04  -2.3129170000E-04  -1.3740590000E-04   4.7048260000E-04
   17     -7.1759960000E-04   7.7170250000E-04  -4.4006730000E-04  -7.1754440000E-04  -7.0107490000E-04
                   10                 11                 12                 13                 14        
    0     -9.5388007800E-02  -6.5113525100E-02  -4.6457015200E-02  -1.2152450000E-04   6.3031222000E-03
    1     -9.8325035400E-02  -3.7603220000E-02  -1.2200580000E-04  -4.6305321900E-02   3.6408141000E-03
    2     -3.9440141400E-02  -6.6191774300E-02   6.2791598000E-03   3.6153291000E-03  -2.3399047970E-01
    3     -2.6797877800E-02   5.4555895000E-03   1.5524668000E-03  -1.1029519000E-03   9.3832030000E-04
    4     -1.8158503900E-02   2.8110701000E-03  -2.6743030000E-04   1.3374883000E-03   8.0146160000E-03
    5     -8.3291576000E-03   4.0383462000E-03   9.4764620000E-04   3.2925152100E-02  -2.6431956800E-02
    6      1.2209357200E-02   5.1596793000E-03   7.9419420000E-04   1.7643130000E-04   7.4051513000E-03
    7      6.7218023000E-03   3.3203688000E-03  -6.6495170000E-04   2.0869372000E-03  -3.2020282000E-03
    8      4.1506011000E-03   4.0373542000E-03   2.8993650300E-02  -1.5636507800E-02  -2.6432634400E-02
    9      1.0862073180E-01   8.1680162000E-02   3.1162978000E-03   8.7605560000E-04  -5.4195377000E-03
   10      1.0790073370E-01   4.7168164900E-02   8.8263240000E-04   2.0944526000E-03  -3.1417346000E-03
   11      4.7168164900E-02   8.7601371700E-02  -2.6993986700E-02  -1.5587863800E-02  -2.8706523300E-02
   12      8.8263240000E-04  -2.6993986700E-02   4.0013037200E-02   1.7566120000E-04  -9.4338744000E-03
   13      2.0944526000E-03  -1.5587863800E-02   1.7566120000E-04   3.9802725900E-02  -5.4376134000E-03
   14     -3.1417346000E-03  -2.8706523300E-02  -9.4338744000E-03  -5.4376134000E-03   3.2068757530E-01
   15      4.7316430000E-04  -1.8791900000E-04   9.8101920000E-04  -3.6718000000E-06   2.0681830000E-04
   16     -2.3344920000E-04  -1.0852010000E-04  -3.9058000000E-06   9.8371790000E-04   1.2594610000E-04
   17     -4.0773250000E-04  -7.7877450000E-04   2.0740490000E-04   1.2150380000E-04  -5.1259810000E-03
                   15                 16                 17        
     0     -1.3643615000E-03   1.7719000000E-06  -3.2405400000E-05
     1      1.4622000000E-06  -1.3623482000E-03  -1.7405900000E-05
     2     -2.7979000000E-05  -2.2755900000E-05  -4.4772090000E-04
     3     -5.0141550000E-04  -8.3113000000E-06   7.0534000000E-06
     4     -3.0342200000E-05   5.3560040000E-04   8.8826800000E-04
     5      7.8570000000E-06   2.8730180000E-04  -7.1759960000E-04
     6      2.5520660000E-04  -4.6439520000E-04   7.7170250000E-04
     7     -4.4497040000E-04  -2.3129170000E-04  -4.4006730000E-04
     8      2.5390320000E-04  -1.3740590000E-04  -7.1754440000E-04
     9      3.1686260000E-04   4.7048260000E-04  -7.0107490000E-04
    10      4.7316430000E-04  -2.3344920000E-04  -4.0773250000E-04
    11     -1.8791900000E-04  -1.0852010000E-04  -7.7877450000E-04
    12      9.8101920000E-04  -3.9058000000E-06   2.0740490000E-04
    13     -3.6718000000E-06   9.8371790000E-04   1.2150380000E-04
    14      2.0681830000E-04   1.2594610000E-04  -5.1259810000E-03
    15      3.1268860000E-04   4.3578000000E-06  -2.5268060000E-04
    16      4.3578000000E-06   3.0777080000E-04  -1.4456600000E-04
    17     -2.5268060000E-04  -1.4456600000E-04   7.7876203000E-03

$vibrational_frequencies
18
    0        0.0000000000000000
    1        0.0000000000000000
    2        0.0000000000000000
    3        0.0000000000000000
    4        0.0000000000000000
    5        0.0000000000000000
    6       78.3547482992380679
    7       78.5347404731789425
    8      108.8327120614972898
    9      996.4834322461330203
   10     1090.8138502620972758
   11     1091.0455712981256511
   12     1377.1581201317990235
   13     1452.3604100374261634
   14     1452.4032719375200031
   15     3049.0482945647195265
   16     3053.8515990560167666
   17     3054.2438531292996231

$normal_modes
18 18
                    0                  1                  2                  3                  4        
    0      0.0000000000E+00   0.0000000000E+00   0.0000000000E+00   0.0000000000E+00   0.0000000000E+00
    1      0.0000000000E+00   0.0000000000E+00   0.0000000000E+00   0.0000000000E+00   0.0000000000E+00
    2      0.0000000000E+00   0.0000000000E+00   0.0000000000E+00   0.0000000000E+00   0.0000000000E+00
    3      0.0000000000E+00   0.0000000000E+00   0.0000000000E+00   0.0000000000E+00   0.0000000000E+00
    4      0.0000000000E+00   0.0000000000E+00   0.0000000000E+00   0.0000000000E+00   0.0000000000E+00
    5      0.0000000000E+00   0.0000000000E+00   0.0000000000E+00   0.0000000000E+00   0.0000000000E+00
    6      0.0000000000E+00   0.0000000000E+00   0.0000000000E+00   0.0000000000E+00   0.0000000000E+00
    7      0.0000000000E+00   0.0000000000E+00   0.0000000000E+00   0.0000000000E+00   0.0000000000E+00
    8      0.0000000000E+00   0.0000000000E+00   0.0000000000E+00   0.0000000000E+00   0.0000000000E+00
    9      0.0000000000E+00   0.0000000000E+00   0.0000000000E+00   0.0000000000E+00   0.0000000000E+00
   10      0.0000000000E+00   0.0000000000E+00   0.0000000000E+00   0.0000000000E+00   0.0000000000E+00
   11      0.0000000000E+00   0.0000000000E+00   0.0000000000E+00   0.0000000000E+00   0.0000000000E+00
   12      0.0000000000E+00   0.0000000000E+00   0.0000000000E+00   0.0000000000E+00   0.0000000000E+00
   13      0.0000000000E+00   0.0000000000E+00   0.0000000000E+00   0.0000000000E+00   0.0000000000E+00
   14      0.0000000000E+00   0.0000000000E+00   0.0000000000E+00   0.0000000000E+00   0.0000000000E+00
   15      0.0000000000E+00   0.0000000000E+00   0.0000000000E+00   0.0000000000E+00   0.0000000000E+00
   16      0.0000000000E+00   0.0000000000E+00   0.0000000000E+00   0.0000000000E+00   0.0000000000E+00
   17      0.0000000000E+00   0.0000000000E+00   0.0000000000E+00   0.0000000000E+00   0.0000000000E+00
                    5                  6                  7                  8                  9        
    0      0.0000000000E+00   2.9377834814E-01  -1.4528639614E-01   1.3284190959E-02   1.8056923147E-02
    1      0.0000000000E+00   1.4515197028E-01   2.9402302962E-01   6.8109039245E-03   1.0311581524E-02
    2      0.0000000000E+00   1.2254181915E-02   5.3473871707E-04  -4.1398742023E-01  -5.4888312868E-01
    3      0.0000000000E+00   3.9857916020E-01  -2.1289575518E-01   1.2901942263E-02   1.4495490677E-02
    4      0.0000000000E+00   2.0161873090E-01   4.0839356972E-01   5.1468066204E-03   1.7594125556E-02
    5      0.0000000000E+00   1.9043516456E-01   3.5178421129E-01  -4.1081826169E-01  -4.1677729771E-01
    6      0.0000000000E+00   4.0264142282E-01  -1.9691182859E-01   1.1926036536E-02   2.2660861582E-02
    7      0.0000000000E+00   1.9221030418E-01   4.1678542293E-01   6.7984074396E-03   3.9907128312E-03
    8      0.0000000000E+00   2.3432699048E-01  -3.2470976929E-01  -4.0929261094E-01  -4.1706461019E-01
    9      0.0000000000E+00   4.2767086007E-01  -1.9789987963E-01   1.3670124158E-02   6.1343312940E-03
   10      0.0000000000E+00   2.1329560864E-01   4.0452334254E-01   6.7469327690E-03   3.8633685289E-03
   11      0.0000000000E+00  -3.7292201731E-01  -2.4399475362E-02  -4.0771215836E-01  -4.2088825291E-01
   12      0.0000000000E+00  -1.6117079683E-01   7.9727881629E-02   1.4345988145E-02  -1.3759907616E-02
   13      0.0000000000E+00  -7.9629293609E-02  -1.6131099086E-01   8.7534843072E-03  -7.9064465655E-03
   14      0.0000000000E+00  -7.2978921684E-03  -6.9606963984E-04  -4.1057943539E-01   4.1490696511E-01
   15      0.0000000000E+00  -4.8102319012E-02   2.3776090372E-02  -1.3282587882E-02   2.5160407965E-05
   16      0.0000000000E+00  -2.3766807772E-02  -4.8133144115E-02  -7.5295784816E-03   1.9814221393E-05
   17      0.0000000000E+00  -1.7147909175E-03   1.1578196273E-04   3.9517774612E-01  -7.0513813845E-04
                   10                 11                 12                 13                 14        
    0     -1.1874662101E-01   6.8558627584E-02   3.8345057494E-03   6.0280851145E-03   6.4293384672E-02
    1     -6.8494302961E-02  -1.1882458877E-01   2.1621540485E-03  -6.4305288159E-02   6.0381409984E-03
    2     -4.9467587841E-03   2.9224529596E-05  -1.1597862413E-01  -9.3306538799E-04   2.2799575349E-03
    3      2.1141763134E-01  -1.5125656103E-01  -1.7974606869E-02  -5.8242328050E-02  -7.3705954941E-01
    4      6.6537071079E-02   1.1571661411E-01   1.9104347154E-01  -1.1979540493E-01   1.1397963335E-02
    5      3.8355809426E-01   6.4774525404E-01   5.4024968875E-01  -3.2095063816E-01   4.9448511987E-03
    6      1.6326141569E-01  -2.4469591553E-02   1.5688938900E-01   3.5830884488E-01  -1.3319101404E-01
    7      1.4966268109E-01   1.8886268881E-01  -1.1071316254E-01   4.8218699174E-01  -4.2723557820E-01
    8      3.8406791623E-01  -6.4726482233E-01   5.4076057187E-01   2.0498072672E-01   2.4631772532E-01
    9      1.5372578839E-01  -1.2960017137E-01  -1.9277142501E-01  -3.8614822155E-01  -4.5087859090E-02
   10      8.8575803098E-02   2.2456570461E-01  -1.1072933466E-01   5.5334609894E-01   3.3008986281E-01
   11     -7.4431847401E-01  -2.9310085299E-04   5.2819287457E-01   1.2965299102E-01  -2.8358885493E-01
   12      4.6563468255E-02  -2.6873057459E-02   4.2052505307E-04   7.1221974760E-04   7.4550021861E-03
   13      2.6860590902E-02   4.6580213353E-02   2.3682354507E-04  -7.4660087286E-03   6.8903343808E-04
   14      1.8718244994E-03  -2.7161013480E-05  -1.1648057888E-02  -1.2691290555E-04   2.5735355495E-04
   15      2.5444450221E-04  -1.4538673051E-04   6.8291120107E-06   2.3588336258E-05   2.4830494172E-04
   16      1.4593425626E-04   2.5084125004E-04   4.8913176740E-06  -2.4972604095E-04   2.3111310191E-05
   17      1.0171245073E-05  -6.7245080326E-07  -2.1909858526E-04  -4.9193143630E-06   8.7754447677E-06
                   15                 16                 17        
     0     -5.4475531155E-03  -4.4084230719E-02  -7.7741501944E-02
     1     -2.9995473332E-03   7.7995446418E-02  -4.3944830025E-02
     2      3.8551259732E-02  -4.8314759126E-06  -5.6719944511E-03
     3      3.7251783559E-03  -2.9586734210E-02  -3.5085188126E-02
     4      5.7225545885E-01  -6.7302427633E-01   3.4830168975E-01
     5     -1.6827453531E-01   2.1715609595E-01  -1.1505096937E-01
     6      4.9912809039E-01   5.9092230390E-01   2.9505207255E-01
     7     -2.8369449676E-01  -3.0612341046E-01  -2.1013995182E-01
     8     -1.6887463219E-01  -2.1450212779E-01  -1.1900376410E-01
     9     -4.3529258785E-01  -2.8069828992E-02   6.8032776295E-01
    10     -2.5136774245E-01   3.5668930980E-02   3.9335952309E-01
    11     -1.7850975809E-01  -2.5451363389E-03   3.0537883208E-01
    12     -1.3666937689E-04  -4.7341981637E-04  -8.2885598430E-04
    13     -7.5827803252E-05   8.3798730347E-04  -4.6871346757E-04
    14      2.7210177384E-03  -2.4205730780E-06  -1.8770639898E-04
    15     -2.0918131776E-06   2.7017691318E-05   4.7465130785E-05
    16     -6.3819060731E-07  -4.7860656489E-05   2.6867705936E-05
    17      1.4247373584E-04  -1.6036925476E-07  -5.7067070794E-06

#
# The atoms: label  mass x y z (in bohrs)
#
$atoms
6
 C     12.01100     -0.077356238660    -0.044663729880     2.260901833541
 H      1.00800     -0.055973479676     1.911556425078     1.639715171236
 H      1.00800      1.627676840695    -1.003892380073     1.639717108012
 H      1.00800     -1.736903968584    -1.003040255209     1.526039261104
 F     18.99800     -0.164799013400    -0.095159742930     4.873347466909
 Cl    35.45300      0.119214161046     0.068835925751    -3.514045705911

$actual_temperature
  0.000000

$frequency_scale_factor
  1.000000


$end

