*************************************************
******************* ORCA 6.1.0 ******************
*************************************************
$Calculation_Status
   &GeometryIndex 0
   &version [&Type "String"] "6.1.0"
   &progName [&Type "String"] "orca"
   &Status [&Type "String"] "NORMAL TERMINATION"
$End
$Geometry
   &GeometryIndex 1
   &NAtoms [&Type "Integer"] 6
   &NCorelessECP [&Type "Integer"] 0
   &NGhostAtoms [&Type "Integer"] 0
   &CartesianCoordinates [&Type "Coordinates", &Dim(6,4), &Units "Bohr"] 
              C      0.610220914535    0.351610003382   -0.622999242653
              H      0.780984126901    2.397552237890   -0.550445097467
              H      2.469524347426   -0.519083202548   -0.552108056465
              H     -0.543341616930   -0.316869278136    1.035328036444
              F     -1.205792672080   -0.699527481898    4.033327525304
              Cl    -0.711591493537   -0.411945179386   -3.611771198801
$End
$Single_Point_Data
   &GeometryIndex 1
   &FinalEnergy [&Type "Double"]      -1.3146074257750000e+01  "Final single point energy"
   &Converged [&Type "Boolean"] true
$End
$Geometry
   &GeometryIndex 2
   &NAtoms [&Type "Integer"] 6
   &NCorelessECP [&Type "Integer"] 0
   &NGhostAtoms [&Type "Integer"] 0
   &CartesianCoordinates [&Type "Coordinates", &Dim(6,4), &Units "Bohr"] 
              C      0.620424233474    0.357559038125   -0.620883207721
              H      0.792399942177    2.404300093855   -0.560844075890
              H      2.480994522978   -0.512585244419   -0.562419556024
              H     -0.529740723023   -0.308953250714    1.042007843817
              F     -1.232452821997   -0.715020953209    4.024575049257
              Cl    -0.731621547294   -0.423562584334   -3.591104087077
$End
$Single_Point_Data
   &GeometryIndex 2
   &FinalEnergy [&Type "Double"]      -1.3146176646700001e+01  "Final single point energy"
   &Converged [&Type "Boolean"] true
$End
$Geometry
   &GeometryIndex 3
   &NAtoms [&Type "Integer"] 6
   &NCorelessECP [&Type "Integer"] 0
   &NGhostAtoms [&Type "Integer"] 0
   &CartesianCoordinates [&Type "Coordinates", &Dim(6,4), &Units "Bohr"] 
              C      0.677145229924    0.390597692927   -0.605898584622
              H      0.852178798369    2.437865732383   -0.620634077091
              H      2.539465731092   -0.477678114205   -0.621719287235
              H     -0.443594127137   -0.258848737895    1.091082892451
              F     -1.382159509209   -0.802017767468    3.950337983692
              Cl    -0.843032516723   -0.488181706439   -3.461836960833
$End
$Single_Point_Data
   &GeometryIndex 3
   &FinalEnergy [&Type "Double"]      -1.3146475082460000e+01  "Final single point energy"
   &Converged [&Type "Boolean"] true
$End
$Geometry
   &GeometryIndex 4
   &NAtoms [&Type "Integer"] 6
   &NCorelessECP [&Type "Integer"] 0
   &NGhostAtoms [&Type "Integer"] 0
   &CartesianCoordinates [&Type "Coordinates", &Dim(6,4), &Units "Bohr"] 
              C      0.680163106195    0.392333294454   -0.605618172749
              H      0.854007399418    2.439539762724   -0.626396096018
              H      2.541818986720   -0.476928047395   -0.627472349922
              H     -0.432367297954   -0.252328434801    1.101128291722
              F     -1.394771261113   -0.809330007775    3.944920094538
              Cl    -0.848847326951   -0.491549467903   -3.455229801210
$End
$Single_Point_Data
   &GeometryIndex 4
   &FinalEnergy [&Type "Double"]      -1.3146504381140000e+01  "Final single point energy"
   &Converged [&Type "Boolean"] true
$End
$Geometry
   &GeometryIndex 5
   &NAtoms [&Type "Integer"] 6
   &NCorelessECP [&Type "Integer"] 0
   &NGhostAtoms [&Type "Integer"] 0
   &CartesianCoordinates [&Type "Coordinates", &Dim(6,4), &Units "Bohr"] 
              C      0.681669084701    0.393136405548   -0.605378482126
              H      0.851521698863    2.440600221432   -0.636412136254
              H      2.541560052470   -0.479590062067   -0.637542355007
              H     -0.401844705254   -0.234605962379    1.131916473656
              F     -1.416969248891   -0.822167734548    3.927808226132
              Cl    -0.855933275572   -0.495635768683   -3.449059760040
$End
$Single_Point_Data
   &GeometryIndex 5
   &FinalEnergy [&Type "Double"]      -1.3146555132040000e+01  "Final single point energy"
   &Converged [&Type "Boolean"] true
$End
$Geometry
   &GeometryIndex 6
   &NAtoms [&Type "Integer"] 6
   &NCorelessECP [&Type "Integer"] 0
   &NGhostAtoms [&Type "Integer"] 0
   &CartesianCoordinates [&Type "Coordinates", &Dim(6,4), &Units "Bohr"] 
              C      0.679861725145    0.392088737491   -0.606545984575
              H      0.850592884191    2.439719371405   -0.634866688967
              H      2.540349360779   -0.479953871462   -0.636012928986
              H     -0.403959389600   -0.235830685886    1.130725467151
              F     -1.413665363482   -0.820248580216    3.931319365154
              Cl    -0.853175610717   -0.494037872028   -3.453287263415
$End
$Single_Point_Data
   &GeometryIndex 6
   &FinalEnergy [&Type "Double"]      -1.3146555929090001e+01  "Final single point energy"
   &Converged [&Type "Boolean"] true
$End
$Geometry
   &GeometryIndex 7
   &NAtoms [&Type "Integer"] 6
   &NCorelessECP [&Type "Integer"] 0
   &NGhostAtoms [&Type "Integer"] 0
   &CartesianCoordinates [&Type "Coordinates", &Dim(6,4), &Units "Bohr"] 
              C      0.678895664581    0.391533651658   -0.607173044561
              H      0.850833847264    2.439268269240   -0.633956547668
              H      2.540080071386   -0.479523064334   -0.635106422836
              H     -0.404437138549   -0.236102294188    1.130424555565
              F     -1.412510625032   -0.819582436596    3.931360061602
              Cl    -0.852858213333   -0.493857026477   -3.454216635739
$End
$Single_Point_Data
   &GeometryIndex 7
   &FinalEnergy [&Type "Double"]      -1.3146556335990001e+01  "Final single point energy"
   &Converged [&Type "Boolean"] true
$End
$Hessian
   &GeometryIndex 7
   &HESSIAN [&Type "ArrayOfDoubles", &Dim (18,18)] "The Hessian"
                                                         0                           1                           2                           3                           4                           5                           6                           7

0                                      4.0940783250000001e-01        -4.2992593000000003e-02        -4.1530840600000000e-02        -4.1778611500000000e-02        -1.4507137300000000e-02         1.4428026000000000e-03        -2.4173220879999999e-01         9.3050043799999996e-02
1                                     -4.2992593000000003e-02         4.5890942800000001e-01        -2.3936259000000001e-02        -2.1774450700000000e-02        -2.8684088880000003e-01         1.1363725200000001e-02         1.0029056700000000e-01        -8.6908826800000005e-02
2                                     -4.1530840600000000e-02        -2.3936259000000001e-02         3.2806399959999999e-01         2.4346947000000001e-03         8.0752672999999994e-03        -3.8062166000000001e-02         8.2305698000000004e-03        -1.9958751999999999e-03
3                                     -4.1778611500000000e-02        -2.1774450700000000e-02         2.4346947000000001e-03         4.5366828099999999e-02         1.8727784800000001e-02         4.1031658000000000e-03         2.3445289999999999e-04         3.0652554200000001e-02
4                                     -1.4507137300000000e-02        -2.8684088880000003e-01         8.0752672999999994e-03         1.8727784800000001e-02         3.2196638129999999e-01        -3.1627787000000000e-03         1.5363273000000000e-03        -1.8234710400000000e-02
5                                      1.4428026000000000e-03         1.1363725200000001e-02        -3.8062166000000001e-02         4.1031658000000000e-03        -3.1627787000000000e-03         4.5962997800000002e-02         1.1335797000000000e-03        -2.0907556999999999e-03
6                                     -2.4173220879999999e-01         1.0029056700000000e-01         8.2305698000000004e-03         2.3445289999999999e-04         1.5363273000000000e-03         1.1335797000000000e-03         2.6955604620000001e-01        -1.1004951160000000e-01
7                                      9.3050043799999996e-02        -8.6908826800000005e-02        -1.9958751999999999e-03         3.0652554200000001e-02        -1.8234710400000000e-02        -2.0907556999999999e-03        -1.1004951160000000e-01         9.7813010800000003e-02
8                                      1.0710327699999999e-02        -4.4628248999999997e-03        -3.8049348400000002e-02        -1.2301730000000000e-03         2.0060959000000001e-03         1.0278416000000000e-03        -8.5011829999999996e-04         5.2036538999999998e-03
9                                     -7.8602654300000005e-02        -2.2035604399999999e-02         6.1720529099999998e-02         2.4258609999999999e-04         4.2292080000000003e-04         3.6895709999999998e-04        -1.3357670200000000e-02        -6.0199687000000003e-03
10                                    -2.2035522900000000e-02        -5.3326737200000002e-02         3.5765456000000001e-02        -1.3829566400000000e-02        -1.0166135000000000e-02         1.8476013100000001e-02         8.2357274999999997e-03         3.4555702999999999e-03
11                                     5.9374003299999999e-02         3.4388303400000000e-02        -1.2924835600000001e-01        -1.6656740000000001e-04        -3.9841479999999999e-04         2.8235850000000000e-03        -4.3038620000000001e-04         6.1894099999999994e-05
12                                    -1.5074226000000000e-03        -2.5690883999999999e-03         9.4249393000000008e-03        -6.9721690000000005e-04        -7.0370380000000002e-04         7.3203920000000004e-04        -1.3013599999999999e-04        -3.6363470000000002e-04
13                                    -2.5904781999999999e-03         1.4212569000000000e-03         5.4184567999999997e-03        -2.6567000000000002e-05         5.1981339999999997e-04         4.3272100000000002e-05        -1.0369483000000001e-03        -9.0444800000000005e-05
14                                     1.2507405700000000e-02         7.2477825999999997e-03        -2.4646495899999999e-02         1.5137502000000000e-03         1.8252691000000001e-03        -2.1697577999999999e-03         2.3528042000000001e-03         4.0190250000000000e-04
15                                    -4.5786935399999999e-02        -1.0918830500000001e-02        -4.0279892300000002e-02        -3.3680386000000001e-03        -5.4761918000000003e-03        -7.7805445000000001e-03        -1.4570484099999999e-02        -7.2694830000000002e-03
16                                    -1.0924312300000001e-02        -3.3254232100000003e-02        -2.3327045899999999e-02        -1.3749754899999999e-02        -7.2444603000000000e-03        -2.4629475900000000e-02         1.0238381000000000e-03         3.9654008999999999e-03
17                                    -4.2503698700000002e-02        -2.4600727199999999e-02        -9.8057633199999994e-02        -6.6548702999999999e-03        -8.3454387000000008e-03        -9.5825006000000001e-03        -1.0436449200000000e-02        -1.5808196000000000e-03
                                                         8                           9                          10                          11                          12                          13                          14                          15

0                                      1.0710327699999999e-02        -7.8602654300000005e-02        -2.2035522900000000e-02         5.9374003299999999e-02        -1.5074226000000000e-03        -2.5904781999999999e-03         1.2507405700000000e-02        -4.5786935399999999e-02
1                                     -4.4628248999999997e-03        -2.2035604399999999e-02        -5.3326737200000002e-02         3.4388303400000000e-02        -2.5690883999999999e-03         1.4212569000000000e-03         7.2477825999999997e-03        -1.0918830500000001e-02
2                                     -3.8049348400000002e-02         6.1720529099999998e-02         3.5765456000000001e-02        -1.2924835600000001e-01         9.4249393000000008e-03         5.4184567999999997e-03        -2.4646495899999999e-02        -4.0279892300000002e-02
3                                     -1.2301730000000000e-03         2.4258609999999999e-04        -1.3829566400000000e-02        -1.6656740000000001e-04        -6.9721690000000005e-04        -2.6567000000000002e-05         1.5137502000000000e-03        -3.3680386000000001e-03
4                                      2.0060959000000001e-03         4.2292080000000003e-04        -1.0166135000000000e-02        -3.9841479999999999e-04        -7.0370380000000002e-04         5.1981339999999997e-04         1.8252691000000001e-03        -5.4761918000000003e-03
5                                      1.0278416000000000e-03         3.6895709999999998e-04         1.8476013100000001e-02         2.8235850000000000e-03         7.3203920000000004e-04         4.3272100000000002e-05        -2.1697577999999999e-03        -7.7805445000000001e-03
6                                     -8.5011829999999996e-04        -1.3357670200000000e-02         8.2357274999999997e-03        -4.3038620000000001e-04        -1.3013599999999999e-04        -1.0369483000000001e-03         2.3528042000000001e-03        -1.4570484099999999e-02
7                                      5.2036538999999998e-03        -6.0199687000000003e-03         3.4555702999999999e-03         6.1894099999999994e-05        -3.6363470000000002e-04        -9.0444800000000005e-05         4.0190250000000000e-04        -7.2694830000000002e-03
8                                      4.5969008800000002e-02         1.6206958899999999e-02        -8.8871222000000000e-03         2.8095262000000002e-03         4.0378879999999998e-04         6.1441220000000001e-04        -2.1680147000000000e-03        -2.5240784100000000e-02
9                                      1.6206958899999999e-02         9.4136116600000000e-02         2.4836150500000001e-02        -6.1843231499999998e-02        -6.1988629000000002e-03         8.3827990000000002e-04        -4.6713374000000004e-03         3.7804847000000000e-03
10                                    -8.8871222000000000e-03         2.4836150500000001e-02         6.5658950499999993e-02        -3.5833133599999997e-02         8.4064610000000005e-04        -7.1619046000000004e-03        -2.7021660999999998e-03         1.9525651999999999e-03
11                                     2.8095262000000002e-03        -6.1843231499999998e-02        -3.5833133599999997e-02         1.3291894930000001e-01        -1.1205759000000000e-03        -6.4569180000000005e-04         7.4813530000000003e-04         4.1867576000000004e-03
12                                     4.0378879999999998e-04        -6.1988629000000002e-03         8.4064610000000005e-04        -1.1205759000000000e-03         7.9258433000000007e-03         2.8052669000000001e-03        -1.2402833199999999e-02         6.0779509999999998e-04
13                                     6.1441220000000001e-04         8.3827990000000002e-04        -7.1619046000000004e-03        -6.4569180000000005e-04         2.8052669000000001e-03         4.6961214999999999e-03        -7.1828018999999998e-03         1.0446900000000000e-05
14                                    -2.1680147000000000e-03        -4.6713374000000004e-03        -2.7021660999999998e-03         7.4813530000000003e-04        -1.2402833199999999e-02        -7.1828018999999998e-03         3.2231523599999999e-02         7.0021050000000000e-04
15                                    -2.5240784100000000e-02         3.7804847000000000e-03         1.9525651999999999e-03         4.1867576000000004e-03         6.0779509999999998e-04         1.0446900000000000e-05         7.0021050000000000e-04         5.9337178400000003e-02
16                                     5.5257850999999997e-03         1.9582218999999999e-03         1.5402560000000000e-03         2.4270426000000001e-03        -9.4861000000000005e-06         6.1515769999999999e-04         4.1001390000000001e-04         2.1701493299999999e-02
17                                    -9.5890134000000005e-03        -1.1781876199999999e-02        -6.8190472000000000e-03        -1.0051839800000000e-02         2.9626417000000000e-03         1.7523526000000000e-03        -3.9953905000000003e-03         6.8414252699999997e-02
                                                        16                          17

0                                     -1.0924312300000001e-02        -4.2503698700000002e-02
1                                     -3.3254232100000003e-02        -2.4600727199999999e-02
2                                     -2.3327045899999999e-02        -9.8057633199999994e-02
3                                     -1.3749754899999999e-02        -6.6548702999999999e-03
4                                     -7.2444603000000000e-03        -8.3454387000000008e-03
5                                     -2.4629475900000000e-02        -9.5825006000000001e-03
6                                      1.0238381000000000e-03        -1.0436449200000000e-02
7                                      3.9654008999999999e-03        -1.5808196000000000e-03
8                                      5.5257850999999997e-03        -9.5890134000000005e-03
9                                      1.9582218999999999e-03        -1.1781876199999999e-02
10                                     1.5402560000000000e-03        -6.8190472000000000e-03
11                                     2.4270426000000001e-03        -1.0051839800000000e-02
12                                    -9.4861000000000005e-06         2.9626417000000000e-03
13                                     6.1515769999999999e-04         1.7523526000000000e-03
14                                     4.1001390000000001e-04        -3.9953905000000003e-03
15                                     2.1701493299999999e-02         6.8414252699999997e-02
16                                     3.4377877899999999e-02         3.9593680100000000e-02
17                                     3.9593680100000000e-02         1.3127637750000001e-01
   &MODES [&Type "ArrayOfDoubles", &Dim (18,18)] "The modes of vibrations"
                                                         0                           1                           2                           3                           4                           5                           6                           7

0                                      0.0000000000000000e+00         0.0000000000000000e+00         0.0000000000000000e+00         0.0000000000000000e+00         0.0000000000000000e+00         0.0000000000000000e+00        -1.1959928814929401e-01         1.1560712365052943e-01
1                                      0.0000000000000000e+00         0.0000000000000000e+00         0.0000000000000000e+00         0.0000000000000000e+00         0.0000000000000000e+00         0.0000000000000000e+00        -6.9283038346503026e-02         6.7196863024373235e-02
2                                      0.0000000000000000e+00         0.0000000000000000e+00         0.0000000000000000e+00         0.0000000000000000e+00         0.0000000000000000e+00         0.0000000000000000e+00         3.1131120685386284e-02        -1.0107453873296278e-01
3                                      0.0000000000000000e+00         0.0000000000000000e+00         0.0000000000000000e+00         0.0000000000000000e+00         0.0000000000000000e+00         0.0000000000000000e+00        -1.1525005633416349e-01         1.1028283697006225e-01
4                                      0.0000000000000000e+00         0.0000000000000000e+00         0.0000000000000000e+00         0.0000000000000000e+00         0.0000000000000000e+00         0.0000000000000000e+00        -6.8784476502085135e-02         6.5043889391289370e-02
5                                      0.0000000000000000e+00         0.0000000000000000e+00         0.0000000000000000e+00         0.0000000000000000e+00         0.0000000000000000e+00         0.0000000000000000e+00         9.3473291946810727e-02        -1.6143249858689532e-01
6                                      0.0000000000000000e+00         0.0000000000000000e+00         0.0000000000000000e+00         0.0000000000000000e+00         0.0000000000000000e+00         0.0000000000000000e+00        -1.1660517708705419e-01         1.0985113143365287e-01
7                                      0.0000000000000000e+00         0.0000000000000000e+00         0.0000000000000000e+00         0.0000000000000000e+00         0.0000000000000000e+00         0.0000000000000000e+00        -6.5022980690711982e-02         6.1084589031997316e-02
8                                      0.0000000000000000e+00         0.0000000000000000e+00         0.0000000000000000e+00         0.0000000000000000e+00         0.0000000000000000e+00         0.0000000000000000e+00         9.3050757987948179e-02        -1.5990831566594155e-01
9                                      0.0000000000000000e+00         0.0000000000000000e+00         0.0000000000000000e+00         0.0000000000000000e+00         0.0000000000000000e+00         0.0000000000000000e+00        -1.6002212770843224e-01         1.6627627250756735e-01
10                                     0.0000000000000000e+00         0.0000000000000000e+00         0.0000000000000000e+00         0.0000000000000000e+00         0.0000000000000000e+00         0.0000000000000000e+00        -9.3058736534541553e-02         9.7852595832942868e-02
11                                     0.0000000000000000e+00         0.0000000000000000e+00         0.0000000000000000e+00         0.0000000000000000e+00         0.0000000000000000e+00         0.0000000000000000e+00        -1.0775545810064225e-02        -6.1178940330083753e-02
12                                     0.0000000000000000e+00         0.0000000000000000e+00         0.0000000000000000e+00         0.0000000000000000e+00         0.0000000000000000e+00         0.0000000000000000e+00         3.6635991589760282e-02        -6.8113085374645832e-02
13                                     0.0000000000000000e+00         0.0000000000000000e+00         0.0000000000000000e+00         0.0000000000000000e+00         0.0000000000000000e+00         0.0000000000000000e+00         2.1195108945073784e-02        -3.9561740304682069e-02
14                                     0.0000000000000000e+00         0.0000000000000000e+00         0.0000000000000000e+00         0.0000000000000000e+00         0.0000000000000000e+00         0.0000000000000000e+00         1.3115736520998583e-01         1.4092106937850635e-01
15                                     0.0000000000000000e+00         0.0000000000000000e+00         0.0000000000000000e+00         0.0000000000000000e+00         0.0000000000000000e+00         0.0000000000000000e+00         3.2028569141048444e-02        -1.3653182778821507e-02
16                                     0.0000000000000000e+00         0.0000000000000000e+00         0.0000000000000000e+00         0.0000000000000000e+00         0.0000000000000000e+00         0.0000000000000000e+00         1.8564719970622888e-02        -7.9338984663547708e-03
17                                     0.0000000000000000e+00         0.0000000000000000e+00         0.0000000000000000e+00         0.0000000000000000e+00         0.0000000000000000e+00         0.0000000000000000e+00        -8.5826249033062865e-02        -3.0396081536447277e-02
                                                         8                           9                          10                          11                          12                          13                          14                          15

0                                      4.5425664565102108e-02        -9.6324647302952981e-02        -7.6508528160040140e-02        -5.0007415232341014e-02         3.2982174032664076e-02         2.9940330921623976e-02         5.9101324967147907e-02         3.9351125418813561e-02
1                                     -7.7244547901118649e-02        -5.5758870803675219e-02        -4.4338163118728076e-02         8.6426396582375803e-02         1.9062740695792994e-02        -5.1792662717011551e-02         3.4182477329022139e-02         2.2804022061113930e-02
2                                     -6.5515947911518686e-05        -1.9909060776305762e-01         3.8575904299251292e-02         1.2357528516477589e-04         9.4535303220703651e-02        -4.4469338692341165e-05        -1.3488823707213193e-02        -6.4605606209644825e-02
3                                     -4.6230649150934999e-01        -7.5442638996443961e-02         1.8169323395251562e-02         3.5311724527025284e-01        -9.4917986746417479e-02        -1.3739028838794545e-01        -6.6687112233581380e-01         1.3512778895585047e-02
4                                     -2.9453314232397297e-02        -4.8401228435312957e-02        -4.1186738597735917e-02         4.4936205602433339e-02         9.4887775939255948e-03        -3.0373798596507822e-03         5.5605664775384332e-02         4.0079851490260797e-02
5                                      2.8688668733956540e-01        -1.1523383932485105e-01        -4.3833099247962354e-01         5.1155177015974396e-01        -4.8059715629295041e-01         3.8352869609395535e-01         2.6166382797260829e-02        -6.6822236046743541e-03
6                                      2.5661330255372522e-01        -7.9193782105812932e-02        -2.6644498645149318e-02        -2.1502942532225522e-01        -3.9247243372553892e-02         7.1090946983573489e-02        -2.8390801154510070e-01         4.1552431368513602e-02
7                                      3.8691732579967253e-01        -4.0453432632542426e-02         3.6738165288885502e-02        -2.8355554973139047e-01        -8.6817492223872014e-02         1.1822721947353187e-01        -6.0584305935292604e-01        -8.2559545214724375e-03
8                                     -2.8751208081162810e-01        -1.1623547167895606e-01        -4.3804544637247017e-01        -5.1181803624863431e-01        -4.8056709095735445e-01        -3.8350612541671958e-01         2.5741791297196719e-02        -6.7214531316346663e-03
9                                      2.6023114884775128e-01        -9.1767925645587473e-02         4.1193702192811210e-01         1.4423787537414423e-01        -4.3790430392034335e-01        -3.9339074711834754e-01         1.4466486196397252e-01        -5.3301304741219779e-01
10                                    -4.4813850331733129e-01        -5.4023216178885357e-02         2.3830100746411473e-01        -2.4884949958369301e-01        -2.5322868792604142e-01         6.7953771932479501e-01         8.4006860229788469e-02        -3.0882263520634795e-01
11                                    -1.5218410617740653e-04        -2.1370113980083130e-01         5.0313943305953934e-01         1.2287597942793753e-04        -3.6152299179843694e-01         2.1866956557159905e-04         9.5199284929179243e-02         7.3107220063441969e-01
12                                    -1.8999128638816670e-02        -2.3084154705736906e-03        -3.8376226567549110e-03        -1.5598486654198919e-03         2.5865003789320223e-03         2.3447255659969028e-03        -3.4603021843352739e-04         3.6502476950186596e-04
13                                     3.2344369237744204e-02        -1.2816270565343222e-03        -2.2181441295370122e-03         2.7016444921074472e-03         1.4916643811285406e-03        -4.0525931448745396e-03        -2.0241717121900153e-04         2.1305630929948627e-04
14                                     2.7697116042737959e-04         1.1900394329575235e-02        -3.6363378202953767e-03        -9.3346571870184318e-06         1.9948751544442132e-03         1.6920939015980464e-06        -9.9724557772148210e-04         1.6223055929285028e-03
15                                    -6.7592721288033623e-03         4.0876264276296884e-02         1.6505275872609696e-02         9.7506210593342104e-03         3.7051551012989132e-03         1.6700758251337422e-03         3.0821384368506042e-03         6.1780720077788285e-05
16                                     1.1415277289530588e-02         2.3639439491938526e-02         9.5609038942679192e-03        -1.6868098523386502e-02         2.1408806974469348e-03        -2.8774022776586867e-03         1.7837747113775709e-03         3.5764967798185564e-05
17                                    -1.0411496506834292e-04         7.3729315228045267e-02        -5.0853633795280276e-04        -3.2786666926265550e-05         4.5103819646610871e-03         7.2999368838021049e-06         9.2166006648420370e-04         6.1341783319585150e-04
                                                        16                          17

0                                     -5.0092058099746629e-02        -4.4655487418941341e-02
1                                     -3.0611740966902390e-02         7.5285985531868799e-02
2                                      4.7512125716268122e-03         9.1362493054269136e-05
3                                      2.0396911414030671e-02        -6.8793826844992106e-02
4                                      6.9942217706345899e-01        -6.5587721082059236e-01
5                                     -4.7242107635690747e-03         1.4635653419464214e-02
6                                      5.9722945865631749e-01         6.2222520652001501e-01
7                                     -3.2202007077745221e-01        -2.7742432579434684e-01
8                                     -4.6851624331038814e-03        -1.5158741778028896e-02
9                                      2.7490382070254117e-03        -1.7861910751168681e-02
10                                     9.1941327141359613e-04         3.1017431652768053e-02
11                                    -2.5473259333077286e-02        -4.4066859907959275e-04
12                                    -4.0950680244443964e-05         8.3412918518302752e-05
13                                    -1.6926454713715341e-05        -1.4998976696924647e-04
14                                     2.4769340772743054e-04         5.6081299562098757e-06
15                                    -6.4605874493701130e-04        -1.4333466596201782e-04
16                                    -3.7652390978940383e-04         2.2824334108464831e-04
17                                    -7.5059374292237751e-04        -6.5560359822165930e-06
$End
$THERMOCHEMISTRY_Energies
   &GeometryIndex 7
   &temperature [&Type "Double"]       2.9814999999999998e+02
   &pressure [&Type "Double"]       1.0000000000000000e+00
   &totalMass [&Type "Double"]       6.9486000000000004e+01
   &spinDegeneracy [&Type "Integer"] 1
   &elEnergy [&Type "Double"]      -1.3146556335990001e+01
   &transEnergy [&Type "Double"]       1.4162714244859817e-03
   &rotEnergy [&Type "Double"]       1.4162714244859817e-03
   &vibEnergy [&Type "Double"]       1.6783526041061337e-03
   &numOfFreqs [&Type "Integer"] 18
   &freqScalingFactor [&Type "Double"]       1.0000000000000000e+00
   &FREQ [&Type "ArrayOfDoubles", &Units "cm^-1", &Dim (18,1)] 
                                                         0

0                                      0.0000000000000000e+00
1                                      0.0000000000000000e+00
2                                      0.0000000000000000e+00
3                                      0.0000000000000000e+00
4                                      0.0000000000000000e+00
5                                      0.0000000000000000e+00
6                                      1.1347912410492637e+02
7                                      3.2012036018944485e+02
8                                      3.4916094371757788e+02
9                                      6.8159819813044294e+02
10                                     1.0071457016754581e+03
11                                     1.0458013340505258e+03
12                                     1.3250495066458609e+03
13                                     1.3942355718501722e+03
14                                     1.4325492205387327e+03
15                                     2.3391739460414219e+03
16                                     3.0112556042358729e+03
17                                     3.0173865432412731e+03
   &zpe [&Type "Double"]       3.6534874159498278e-02
   &innerEnergyU [&Type "Double"]      -1.3105510566377426e+01
   &enthalpyH [&Type "Double"]      -1.3104566357335166e+01
   &qEl [&Type "Double"]       0.0000000000000000e+00
   &qRot [&Type "Double"]       1.1853961261123454e-02
   &qVib [&Type "Double"]       2.8844355974172674e-03
   &qTrans [&Type "Double"]       1.8355655740999458e-02
   &entropyS [&Type "Double"]       3.3094052599540180e-02
   &freeEnergyG [&Type "Double"]      -1.3137660409934707e+01
   &isLinear [&Type "Boolean"] false
$End
$Calculation_Info
   &GeometryIndex 7
   &Mult [&Type "Integer"] 1
   &Charge [&Type "Integer"] -1
   &NumOfAtoms [&Type "Integer"] 6
   &NumOfElectrons [&Type "Integer"] 0
   &NumOfBasisFuncts [&Type "Integer"] 0
   &NumOfAuxCBasisFuncts [&Type "Integer"] 0
   &NumOfAuxJBasisFuncts [&Type "Integer"] 0
   &NumOfAuxJKBasisFuncts [&Type "Integer"] 0
   &NumOfCABSBasisFuncts [&Type "Integer"] 0
$End
$Calculation_Timings
   &GeometryIndex 7
   &GSTEP [&Type "Double"]       1.1387999999999621e-02
   &XTB [&Type "Double"]       1.1501610000000002e+00
   &XTBGRAD [&Type "Double"]       1.8830000000000791e-03
   &SUM [&Type "Double"]       1.1634320000000000e+00
$End
