*************************************************
******************* ORCA 6.1.0 ******************
*************************************************
$Calculation_Status
   &GeometryIndex 0
   &version [&Type "String"] "6.1.0"
   &progName [&Type "String"] "orca"
   &Status [&Type "String"] "NORMAL TERMINATION"
$End
$Geometry
   &GeometryIndex 1
   &NAtoms [&Type "Integer"] 6
   &NCorelessECP [&Type "Integer"] 0
   &NGhostAtoms [&Type "Integer"] 0
   &CartesianCoordinates [&Type "Coordinates", &Dim(6,4), &Units "Bohr"] 
              C      0.613191564018    0.353964602145   -0.623855288591
              H      0.786203550483    2.399426846215   -0.543874519699
              H      2.470775346127   -0.519196586116   -0.543789482023
              H     -0.549313151513   -0.316914631563    1.024909976267
              F     -1.197587481207   -0.691203238278    4.032647223896
              Cl    -0.690008931362   -0.398244664915   -3.624390789924
$End
$Single_Point_Data
   &GeometryIndex 1
   &FinalEnergy [&Type "Double"]      -1.3146020340800000e+01  "Final single point energy"
   &Converged [&Type "Boolean"] true
$End
$Geometry
   &GeometryIndex 2
   &NAtoms [&Type "Integer"] 6
   &NCorelessECP [&Type "Integer"] 0
   &NGhostAtoms [&Type "Integer"] 0
   &CartesianCoordinates [&Type "Coordinates", &Dim(6,4), &Units "Bohr"] 
              C      0.623959587556    0.360217945044   -0.621906753472
              H      0.798221228479    2.406523381073   -0.554856234916
              H      2.483044531221   -0.512358173873   -0.554776605720
              H     -0.535240249481   -0.308772743762    1.032113069911
              F     -1.225757282682   -0.707454609291    4.024283263855
              Cl    -0.710966918546   -0.410323471704   -3.603209619732
$End
$Single_Point_Data
   &GeometryIndex 2
   &FinalEnergy [&Type "Double"]      -1.3146131974550000e+01  "Final single point energy"
   &Converged [&Type "Boolean"] true
$End
$Geometry
   &GeometryIndex 3
   &NAtoms [&Type "Integer"] 6
   &NCorelessECP [&Type "Integer"] 0
   &NGhostAtoms [&Type "Integer"] 0
   &CartesianCoordinates [&Type "Coordinates", &Dim(6,4), &Units "Bohr"] 
              C      0.684459020494    0.395270930599   -0.606145558721
              H      0.861872892631    2.442285269579   -0.617808153647
              H      2.545901111631   -0.475187362748   -0.617724548324
              H     -0.443816720354   -0.255976312559    1.085410341856
              F     -1.384932972948   -0.799365072648    3.943984484156
              Cl    -0.830222434908   -0.479195124736   -3.466069445393
$End
$Single_Point_Data
   &GeometryIndex 3
   &FinalEnergy [&Type "Double"]      -1.3146463851349999e+01  "Final single point energy"
   &Converged [&Type "Boolean"] true
$End
$Geometry
   &GeometryIndex 4
   &NAtoms [&Type "Integer"] 6
   &NCorelessECP [&Type "Integer"] 0
   &NGhostAtoms [&Type "Integer"] 0
   &CartesianCoordinates [&Type "Coordinates", &Dim(6,4), &Units "Bohr"] 
              C      0.687493837689    0.396995225157   -0.606003277124
              H      0.863712907852    2.443971293176   -0.623898116768
              H      2.548194733993   -0.474422397474   -0.623800529455
              H     -0.432041534149   -0.249202448915    1.095900125199
              F     -1.398154773407   -0.807000631596    3.939256391170
              Cl    -0.835944275432   -0.482508712861   -3.459807473097
$End
$Single_Point_Data
   &GeometryIndex 4
   &FinalEnergy [&Type "Double"]      -1.3146497276260000e+01  "Final single point energy"
   &Converged [&Type "Boolean"] true
$End
$Geometry
   &GeometryIndex 5
   &NAtoms [&Type "Integer"] 6
   &NCorelessECP [&Type "Integer"] 0
   &NGhostAtoms [&Type "Integer"] 0
   &CartesianCoordinates [&Type "Coordinates", &Dim(6,4), &Units "Bohr"] 
              C      0.688901523666    0.397719010170   -0.605545642893
              H      0.861062480467    2.445021826346   -0.634570302925
              H      2.547726621559   -0.477189576989   -0.634463693593
              H     -0.399275004997   -0.230343321694    1.128380806177
              F     -1.421791141274   -0.820610095008    3.921523668671
              Cl    -0.843363582875   -0.486765515338   -3.453677715512
$End
$Single_Point_Data
   &GeometryIndex 5
   &FinalEnergy [&Type "Double"]      -1.3146554960000000e+01  "Final single point energy"
   &Converged [&Type "Boolean"] true
$End
$Geometry
   &GeometryIndex 6
   &NAtoms [&Type "Integer"] 6
   &NCorelessECP [&Type "Integer"] 0
   &NGhostAtoms [&Type "Integer"] 0
   &CartesianCoordinates [&Type "Coordinates", &Dim(6,4), &Units "Bohr"] 
              C      0.686945922472    0.396598531008   -0.606789273319
              H      0.860011865548    2.444056201456   -0.632895822697
              H      2.546429104552   -0.477619411265   -0.632809239223
              H     -0.401647691663   -0.231702917030    1.127129186580
              F     -1.418138640903   -0.818490580653    3.925199977897
              Cl    -0.840339663459   -0.485009496029   -3.458187709312
$End
$Single_Point_Data
   &GeometryIndex 6
   &FinalEnergy [&Type "Double"]      -1.3146555851730000e+01  "Final single point energy"
   &Converged [&Type "Boolean"] true
$End
$Geometry
   &GeometryIndex 7
   &NAtoms [&Type "Integer"] 6
   &NCorelessECP [&Type "Integer"] 0
   &NGhostAtoms [&Type "Integer"] 0
   &CartesianCoordinates [&Type "Coordinates", &Dim(6,4), &Units "Bohr"] 
              C      0.685967351898    0.396044620269   -0.607466040374
              H      0.860285686501    2.443602362947   -0.631970037314
              H      2.546212472892   -0.477160239227   -0.631903541139
              H     -0.402186766058   -0.232005288412    1.126947634315
              F     -1.416959530030   -0.817803774263    3.925066747536
              Cl    -0.840058318656   -0.484845353825   -3.459027643098
$End
$Single_Point_Data
   &GeometryIndex 7
   &FinalEnergy [&Type "Double"]      -1.3146556322000000e+01  "Final single point energy"
   &Converged [&Type "Boolean"] true
$End
$Hessian
   &GeometryIndex 7
   &HESSIAN [&Type "ArrayOfDoubles", &Dim (18,18)] "The Hessian"
                                                         0                           1                           2                           3                           4                           5                           6                           7

0                                      4.0948878509999997e-01        -4.2837088199999998e-02        -4.1424779199999998e-02        -4.1829102899999998e-02        -1.4805865900000000e-02         1.4349416999999999e-03        -2.4153816600000000e-01         9.3217992000000000e-02
1                                     -4.2837088199999998e-02         4.5906236140000001e-01        -2.3882380000000002e-02        -2.2081057800000001e-02        -2.8682150159999997e-01         1.1083855000000000e-02         1.0046537100000000e-01        -8.7127297399999998e-02
2                                     -4.1424779199999998e-02        -2.3882380000000002e-02         3.2781444160000001e-01         2.4151138999999999e-03         7.8094250000000000e-03        -3.8033959999999999e-02         7.8509184999999999e-03        -1.8337424000000001e-03
3                                     -4.1829102899999998e-02        -2.2081057800000001e-02         2.4151138999999999e-03         4.5389798100000003e-02         1.9046440099999999e-02         4.1153416000000000e-03         2.7258090000000000e-04         3.0636176200000000e-02
4                                     -1.4805865900000000e-02        -2.8682150159999997e-01         7.8094250000000000e-03         1.9046440099999999e-02         3.2193195110000000e-01        -2.8688071000000002e-03         1.5084472000000001e-03        -1.8269502999999999e-02
5                                      1.4349416999999999e-03         1.1083855000000000e-02        -3.8033959999999999e-02         4.1153416000000000e-03        -2.8688071000000002e-03         4.5977860000000002e-02         1.1309283999999999e-03        -2.0385906000000001e-03
6                                     -2.4153816600000000e-01         1.0046537100000000e-01         7.8509184999999999e-03         2.7258090000000000e-04         1.5084472000000001e-03         1.1309283999999999e-03         2.6928900200000000e-01        -1.1025305850000000e-01
7                                      9.3217992000000000e-02        -8.7127297399999998e-02        -1.8337424000000001e-03         3.0636176200000000e-02        -1.8269502999999999e-02        -2.0385906000000001e-03        -1.1025305850000000e-01         9.8055185000000003e-02
8                                      1.0321440300000000e-02        -4.2872665000000003e-03        -3.8013804300000002e-02        -1.2007986000000001e-03         1.9929123000000000e-03         1.0274583999999999e-03        -4.2868570000000001e-04         4.9963960000000002e-03
9                                     -7.8945882600000003e-02        -2.2149438500000000e-02         6.1865848600000002e-02         2.2551670000000001e-04         4.1184540000000001e-04         3.8426420000000001e-04        -1.3392083100000000e-02        -6.0154817999999999e-03
10                                    -2.2148261299999999e-02        -5.3342732300000001e-02         3.5714457800000002e-02        -1.3884714899999999e-02        -1.0166905299999999e-02         1.8429425100000001e-02         8.2771093000000000e-03         3.4623045000000000e-03
11                                     5.9518478000000000e-02         3.4341536300000003e-02        -1.2890077580000001e-01        -1.8642020000000001e-04        -4.0958160000000000e-04         2.8407201000000002e-03        -4.6004729999999999e-04         4.8568800000000002e-05
12                                    -1.5623706000000000e-03        -2.5918744999999998e-03         9.4776361000000007e-03        -7.0251139999999998e-04        -7.0730380000000000e-04         7.3446280000000002e-04        -1.3734730000000001e-04        -3.6520740000000002e-04
13                                    -2.6137178000000000e-03         1.4109121000000001e-03         5.4320197000000004e-03        -2.7111299999999999e-05         5.1839690000000005e-04         4.5603299999999998e-05        -1.0406362000000000e-03        -8.9648500000000001e-05
14                                     1.2562257500000000e-02         7.2563899000000001e-03        -2.4581196699999999e-02         1.5198639999999999e-03         1.8249589000000001e-03        -2.1629255000000002e-03         2.3559548999999998e-03         4.0040179999999999e-04
15                                    -4.5613262900000000e-02        -1.0805912000000001e-02        -4.0184737800000002e-02        -3.3562813000000001e-03        -5.4535629999999998e-03        -7.7999387000000000e-03        -1.4493986500000000e-02        -7.2204204000000001e-03
16                                    -1.0813058800000001e-02        -3.3181742299999997e-02        -2.3239780200000001e-02        -1.3689732300000000e-02        -7.1924381000000003e-03        -2.4651485700000000e-02         1.0427673000000001e-03         3.9689594000000003e-03
17                                    -4.2412338299999998e-02        -2.4512134800000002e-02        -9.8284704900000006e-02        -6.6631006999999997e-03        -8.3489075000000006e-03        -9.6491530000000006e-03        -1.0449068800000001e-02        -1.5730335999999999e-03
                                                         8                           9                          10                          11                          12                          13                          14                          15

0                                      1.0321440300000000e-02        -7.8945882600000003e-02        -2.2148261299999999e-02         5.9518478000000000e-02        -1.5623706000000000e-03        -2.6137178000000000e-03         1.2562257500000000e-02        -4.5613262900000000e-02
1                                     -4.2872665000000003e-03        -2.2149438500000000e-02        -5.3342732300000001e-02         3.4341536300000003e-02        -2.5918744999999998e-03         1.4109121000000001e-03         7.2563899000000001e-03        -1.0805912000000001e-02
2                                     -3.8013804300000002e-02         6.1865848600000002e-02         3.5714457800000002e-02        -1.2890077580000001e-01         9.4776361000000007e-03         5.4320197000000004e-03        -2.4581196699999999e-02        -4.0184737800000002e-02
3                                     -1.2007986000000001e-03         2.2551670000000001e-04        -1.3884714899999999e-02        -1.8642020000000001e-04        -7.0251139999999998e-04        -2.7111299999999999e-05         1.5198639999999999e-03        -3.3562813000000001e-03
4                                      1.9929123000000000e-03         4.1184540000000001e-04        -1.0166905299999999e-02        -4.0958160000000000e-04        -7.0730380000000000e-04         5.1839690000000005e-04         1.8249589000000001e-03        -5.4535629999999998e-03
5                                      1.0274583999999999e-03         3.8426420000000001e-04         1.8429425100000001e-02         2.8407201000000002e-03         7.3446280000000002e-04         4.5603299999999998e-05        -2.1629255000000002e-03        -7.7999387000000000e-03
6                                     -4.2868570000000001e-04        -1.3392083100000000e-02         8.2771093000000000e-03        -4.6004729999999999e-04        -1.3734730000000001e-04        -1.0406362000000000e-03         2.3559548999999998e-03        -1.4493986500000000e-02
7                                      4.9963960000000002e-03        -6.0154817999999999e-03         3.4623045000000000e-03         4.8568800000000002e-05        -3.6520740000000002e-04        -8.9648500000000001e-05         4.0040179999999999e-04        -7.2204204000000001e-03
8                                      4.5977880399999997e-02         1.6153011900000000e-02        -8.8859205999999996e-03         2.8384602999999998e-03         4.0852970000000000e-04         6.1335920000000002e-04        -2.1599011000000001e-03        -2.5253497699999999e-02
9                                      1.6153011900000000e-02         9.4491862499999996e-02         2.4946896600000001e-02        -6.1960574099999999e-02        -6.1834908999999997e-03         8.4477599999999999e-04        -4.6904783999999998e-03         3.8040773000000000e-03
10                                    -8.8859205999999996e-03         2.4946896600000001e-02         6.5667170299999994e-02        -3.5763754900000000e-02         8.4660849999999995e-04        -7.1592686000000001e-03        -2.7043698000000001e-03         1.9623618000000000e-03
11                                     2.8384602999999998e-03        -6.1960574099999999e-02        -3.5763754900000000e-02         1.3255987100000000e-01        -1.1357559000000001e-03        -6.5391660000000003e-04         7.3554019999999998e-04         4.2243194000000000e-03
12                                     4.0852970000000000e-04        -6.1834908999999997e-03         8.4660849999999995e-04        -1.1357559000000001e-03         7.9863976999999999e-03         2.8309581999999998e-03        -1.2459018699999999e-02         5.9932249999999996e-04
13                                     6.1335920000000002e-04         8.4477599999999999e-04        -7.1592686000000001e-03        -6.5391660000000003e-04         2.8309581999999998e-03         4.7059446999999999e-03        -7.1916586000000003e-03         5.7311000000000001e-06
14                                    -2.1599011000000001e-03        -4.6904783999999998e-03        -2.7043698000000001e-03         7.3554019999999998e-04        -1.2459018699999999e-02        -7.1916586000000003e-03         3.2152697199999997e-02         7.1142060000000003e-04
15                                    -2.5253497699999999e-02         3.8040773000000000e-03         1.9623618000000000e-03         4.2243194000000000e-03         5.9932249999999996e-04         5.7311000000000001e-06         7.1142060000000003e-04         5.9060130900000000e-02
16                                     5.5705197000000001e-03         1.9614023999999998e-03         1.5394314000000001e-03         2.4371480000000001e-03        -1.3181100000000000e-05         6.1366329999999996e-04         4.1427770000000003e-04         2.1511802500000000e-02
17                                    -9.6700937000000001e-03        -1.1752072200000000e-02        -6.7898374999999997e-03        -1.0073815900000000e-02         2.9741460000000000e-03         1.7545929000000000e-03        -3.9842141999999999e-03         6.8302434100000003e-02
                                                        16                          17

0                                     -1.0813058800000001e-02        -4.2412338299999998e-02
1                                     -3.3181742299999997e-02        -2.4512134800000002e-02
2                                     -2.3239780200000001e-02        -9.8284704900000006e-02
3                                     -1.3689732300000000e-02        -6.6631006999999997e-03
4                                     -7.1924381000000003e-03        -8.3489075000000006e-03
5                                     -2.4651485700000000e-02        -9.6491530000000006e-03
6                                      1.0427673000000001e-03        -1.0449068800000001e-02
7                                      3.9689594000000003e-03        -1.5730335999999999e-03
8                                      5.5705197000000001e-03        -9.6700937000000001e-03
9                                      1.9614023999999998e-03        -1.1752072200000000e-02
10                                     1.5394314000000001e-03        -6.7898374999999997e-03
11                                     2.4371480000000001e-03        -1.0073815900000000e-02
12                                    -1.3181100000000000e-05         2.9741460000000000e-03
13                                     6.1366329999999996e-04         1.7545929000000000e-03
14                                     4.1427770000000003e-04        -3.9842141999999999e-03
15                                     2.1511802500000000e-02         6.8302434100000003e-02
16                                     3.4252126399999999e-02         3.9469320500000002e-02
17                                     3.9469320500000002e-02         1.3166198160000001e-01
   &MODES [&Type "ArrayOfDoubles", &Dim (18,18)] "The modes of vibrations"
                                                         0                           1                           2                           3                           4                           5                           6                           7

0                                      0.0000000000000000e+00         0.0000000000000000e+00         0.0000000000000000e+00         0.0000000000000000e+00         0.0000000000000000e+00         0.0000000000000000e+00        -1.1973753384473745e-01         1.1592503613982574e-01
1                                      0.0000000000000000e+00         0.0000000000000000e+00         0.0000000000000000e+00         0.0000000000000000e+00         0.0000000000000000e+00         0.0000000000000000e+00        -6.9197356300998367e-02         6.7161330393261054e-02
2                                      0.0000000000000000e+00         0.0000000000000000e+00         0.0000000000000000e+00         0.0000000000000000e+00         0.0000000000000000e+00         0.0000000000000000e+00         3.0780374990319923e-02        -1.0073915033445455e-01
3                                      0.0000000000000000e+00         0.0000000000000000e+00         0.0000000000000000e+00         0.0000000000000000e+00         0.0000000000000000e+00         0.0000000000000000e+00        -1.1550773736691168e-01         1.1051679556025946e-01
4                                      0.0000000000000000e+00         0.0000000000000000e+00         0.0000000000000000e+00         0.0000000000000000e+00         0.0000000000000000e+00         0.0000000000000000e+00        -6.8763199935971062e-02         6.5090374959930419e-02
5                                      0.0000000000000000e+00         0.0000000000000000e+00         0.0000000000000000e+00         0.0000000000000000e+00         0.0000000000000000e+00         0.0000000000000000e+00         9.3141297225144623e-02        -1.6100645272331837e-01
6                                      0.0000000000000000e+00         0.0000000000000000e+00         0.0000000000000000e+00         0.0000000000000000e+00         0.0000000000000000e+00         0.0000000000000000e+00        -1.1689540708086531e-01         1.1039158304177461e-01
7                                      0.0000000000000000e+00         0.0000000000000000e+00         0.0000000000000000e+00         0.0000000000000000e+00         0.0000000000000000e+00         0.0000000000000000e+00        -6.5024780498200860e-02         6.1312063303453533e-02
8                                      0.0000000000000000e+00         0.0000000000000000e+00         0.0000000000000000e+00         0.0000000000000000e+00         0.0000000000000000e+00         0.0000000000000000e+00         9.2700366075643220e-02        -1.5969239520334053e-01
9                                      0.0000000000000000e+00         0.0000000000000000e+00         0.0000000000000000e+00         0.0000000000000000e+00         0.0000000000000000e+00         0.0000000000000000e+00        -1.6009580020377789e-01         1.6661736434522248e-01
10                                     0.0000000000000000e+00         0.0000000000000000e+00         0.0000000000000000e+00         0.0000000000000000e+00         0.0000000000000000e+00         0.0000000000000000e+00        -9.2874646356887761e-02         9.7570446217636470e-02
11                                     0.0000000000000000e+00         0.0000000000000000e+00         0.0000000000000000e+00         0.0000000000000000e+00         0.0000000000000000e+00         0.0000000000000000e+00        -1.1247326237082446e-02        -6.0704130258779548e-02
12                                     0.0000000000000000e+00         0.0000000000000000e+00         0.0000000000000000e+00         0.0000000000000000e+00         0.0000000000000000e+00         0.0000000000000000e+00         3.6354906973020816e-02        -6.8481396992891783e-02
13                                     0.0000000000000000e+00         0.0000000000000000e+00         0.0000000000000000e+00         0.0000000000000000e+00         0.0000000000000000e+00         0.0000000000000000e+00         2.1019901213460822e-02        -3.9630606106023668e-02
14                                     0.0000000000000000e+00         0.0000000000000000e+00         0.0000000000000000e+00         0.0000000000000000e+00         0.0000000000000000e+00         0.0000000000000000e+00         1.3126570495815337e-01         1.4072097767771205e-01
15                                     0.0000000000000000e+00         0.0000000000000000e+00         0.0000000000000000e+00         0.0000000000000000e+00         0.0000000000000000e+00         0.0000000000000000e+00         3.2243701027965421e-02        -1.3595238143325599e-02
16                                     0.0000000000000000e+00         0.0000000000000000e+00         0.0000000000000000e+00         0.0000000000000000e+00         0.0000000000000000e+00         0.0000000000000000e+00         1.8623791811224734e-02        -7.8847249064420161e-03
17                                     0.0000000000000000e+00         0.0000000000000000e+00         0.0000000000000000e+00         0.0000000000000000e+00         0.0000000000000000e+00         0.0000000000000000e+00        -8.5732661229344337e-02        -3.0434236799230487e-02
                                                         8                           9                          10                          11                          12                          13                          14                          15

0                                      4.5300127079032387e-02        -9.5914689608973480e-02        -7.6679935498727023e-02        -4.9872660629024526e-02         3.2778325950097532e-02         2.9887021808708648e-02         5.9165524852213464e-02         3.9532281070054451e-02
1                                     -7.7320949528081648e-02        -5.5458698172089788e-02        -4.4240708499029426e-02         8.6501808547530590e-02         1.8936831427882807e-02        -5.1824048164743931e-02         3.4136142924543846e-02         2.2818751201092429e-02
2                                      3.8973307257620411e-06        -1.9937278564891195e-01         3.8334126666744579e-02         6.1984384193460840e-05         9.4632703546772556e-02        -1.5984737182093809e-05        -1.3327174897135920e-02        -6.4490313441663033e-02
3                                     -4.6304833964762449e-01        -7.5236782288734538e-02         1.9317812804368773e-02         3.5195594987733786e-01        -9.3812745711115683e-02        -1.3841290290748473e-01        -6.6683639834578945e-01         1.3573313573884613e-02
4                                     -2.9215894579470162e-02        -4.8199591629526813e-02        -4.0781026199763031e-02         4.4083767521651530e-02         1.0039171785584783e-02        -3.2287851008480240e-03         5.6346931600597616e-02         4.0081622023777408e-02
5                                      2.8581407755396582e-01        -1.1543058180378143e-01        -4.3807146041189421e-01         5.1265432658955556e-01        -4.8081920415112595e-01         3.8319180936794184e-01         2.4635575257727152e-02        -6.6080267491238926e-03
6                                      2.5770052606126037e-01        -7.8951467702269768e-02        -2.5694596518918731e-02        -2.1414643740402156e-01        -3.8262157029186089e-02         7.2071591333658605e-02        -2.8467821483651984e-01         4.1563018295979012e-02
7                                      3.8687253875562683e-01        -4.0235197006389271e-02         3.7036978518825793e-02        -2.8282351851506105e-01        -8.6370145365790046e-02         1.1841423451788387e-01        -6.0555180594800595e-01        -8.3025808832167206e-03
8                                     -2.8647449857569207e-01        -1.1644638964451416e-01        -4.3826075770545503e-01        -5.1236141406358271e-01        -4.8079970133541611e-01        -3.8324942817203905e-01         2.4612692065505835e-02        -6.6355369073948641e-03
9                                      2.5965715214795027e-01        -9.1346645695617359e-02         4.1113938826138435e-01         1.4377263803624768e-01        -4.3728033578458264e-01        -3.9253154361714571e-01         1.4462879017569794e-01        -5.3512817334725316e-01
10                                    -4.4847903255761357e-01        -5.3714608918751100e-02         2.3721490823071226e-01        -2.4913453244606332e-01        -2.5236595158617187e-01         6.8002451820531540e-01         8.3645389121535157e-02        -3.0886356940790294e-01
11                                     8.3538514063129885e-05        -2.1398785431529910e-01         5.0436976533760036e-01         7.6697315605278241e-06        -3.6275633956149694e-01        -4.7764215909567689e-05         9.5633321655754305e-02         7.2950651463686766e-01
12                                    -1.8939468284586810e-02        -2.3359016483754090e-03        -3.8327257296530306e-03        -1.5551280969950665e-03         2.5830383178828461e-03         2.3397506086595384e-03        -3.4470444452867498e-04         3.6189840800325963e-04
13                                     3.2380028896394207e-02        -1.2906682208647490e-03        -2.2097067516041093e-03         2.7041433697594206e-03         1.4872238323098339e-03        -4.0547873718786822e-03        -2.0060253466565767e-04         2.0978280248250573e-04
14                                     2.1339644594791914e-04         1.1892841557788053e-02        -3.6451390763404565e-03        -7.3925153105179630e-06         2.0012802784339498e-03         1.2813729162745360e-06        -9.9843137010349292e-04         1.6242852598237223e-03
15                                    -6.7422114107623058e-03         4.0727384742090388e-02         1.6523739127970800e-02         9.7235788984933562e-03         3.6988984143323206e-03         1.6675665536001534e-03         3.0816146906576113e-03         6.0198074113300521e-05
16                                     1.1426257391380125e-02         2.3521877735031255e-02         9.5342151923573162e-03        -1.6883458677575673e-02         2.1330194883701125e-03        -2.8793093494383967e-03         1.7794205115099629e-03         3.4968271672275077e-05
17                                    -9.9269989894825101e-05         7.3848703040191963e-02        -4.5814714749008872e-04        -2.5584248110795009e-05         4.5219451662327631e-03         7.7250229824717231e-06         9.3081700188718769e-04         6.1326062092042220e-04
                                                        16                          17

0                                     -5.0489218963152172e-02        -4.4170855950992072e-02
1                                     -2.9961258289938491e-02         7.5577495214468951e-02
2                                      4.6082637751791878e-03         2.1049128111783349e-05
3                                      2.0653878878293029e-02        -6.9738879032902351e-02
4                                      6.9418880589812026e-01        -6.6132710530039573e-01
5                                     -3.9201118378759730e-03         1.3901630136720087e-02
6                                      6.0177127769497574e-01         6.1719030320702051e-01
7                                     -3.2489742671976124e-01        -2.7557239582327242e-01
8                                     -3.7119639863933160e-03        -1.3945682148264178e-02
9                                      2.6731532246520298e-03        -1.7849660171660113e-02
10                                     1.1911204393244632e-03         3.1029351770662836e-02
11                                    -2.5474720153091674e-02        -2.4937507871258124e-04
12                                    -4.0819073393144294e-05         8.3624326362302564e-05
13                                    -1.8320350762862001e-05        -1.4994475013672476e-04
14                                     2.4757083502478707e-04         3.6189304084278156e-06
15                                    -6.4585808122191398e-04        -1.3796074350106159e-04
16                                    -3.7327267848646418e-04         2.3141809973599748e-04
17                                    -7.5258952930071644e-04        -7.2769612363430650e-07
$End
$THERMOCHEMISTRY_Energies
   &GeometryIndex 7
   &temperature [&Type "Double"]       2.9814999999999998e+02
   &pressure [&Type "Double"]       1.0000000000000000e+00
   &totalMass [&Type "Double"]       6.9486000000000004e+01
   &spinDegeneracy [&Type "Integer"] 1
   &elEnergy [&Type "Double"]      -1.3146556322000000e+01
   &transEnergy [&Type "Double"]       1.4162714244859817e-03
   &rotEnergy [&Type "Double"]       1.4162714244859817e-03
   &vibEnergy [&Type "Double"]       1.6783727681478906e-03
   &numOfFreqs [&Type "Integer"] 18
   &freqScalingFactor [&Type "Double"]       1.0000000000000000e+00
   &FREQ [&Type "ArrayOfDoubles", &Units "cm^-1", &Dim (18,1)] 
                                                         0

0                                      0.0000000000000000e+00
1                                      0.0000000000000000e+00
2                                      0.0000000000000000e+00
3                                      0.0000000000000000e+00
4                                      0.0000000000000000e+00
5                                      0.0000000000000000e+00
6                                      1.1348411682924556e+02
7                                      3.2008592047814466e+02
8                                      3.4918583024059450e+02
9                                      6.8155908968380504e+02
10                                     1.0071429890586651e+03
11                                     1.0458190770862402e+03
12                                     1.3250334867844660e+03
13                                     1.3942304098862719e+03
14                                     1.4325366926893164e+03
15                                     2.3392293862506986e+03
16                                     3.0112162851193398e+03
17                                     3.0173590741041889e+03
   &zpe [&Type "Double"]       3.6534706267176566e-02
   &innerEnergyU [&Type "Double"]      -1.3105510700115707e+01
   &enthalpyH [&Type "Double"]      -1.3104566491073447e+01
   &qEl [&Type "Double"]       0.0000000000000000e+00
   &qRot [&Type "Double"]       1.1853979357533375e-02
   &qVib [&Type "Double"]       2.8844650541135402e-03
   &qTrans [&Type "Double"]       1.8355655740999458e-02
   &entropyS [&Type "Double"]       3.3094100152646376e-02
   &freeEnergyG [&Type "Double"]      -1.3137660591226094e+01
   &isLinear [&Type "Boolean"] false
$End
$Calculation_Info
   &GeometryIndex 7
   &Mult [&Type "Integer"] 1
   &Charge [&Type "Integer"] -1
   &NumOfAtoms [&Type "Integer"] 6
   &NumOfElectrons [&Type "Integer"] 0
   &NumOfBasisFuncts [&Type "Integer"] 0
   &NumOfAuxCBasisFuncts [&Type "Integer"] 0
   &NumOfAuxJBasisFuncts [&Type "Integer"] 0
   &NumOfAuxJKBasisFuncts [&Type "Integer"] 0
   &NumOfCABSBasisFuncts [&Type "Integer"] 0
$End
$Calculation_Timings
   &GeometryIndex 7
   &GSTEP [&Type "Double"]       1.5420000000000211e-02
   &XTB [&Type "Double"]       1.4707669999999997e+00
   &XTBGRAD [&Type "Double"]       2.7880000000000127e-03
   &SUM [&Type "Double"]       1.4889749999999999e+00
$End
