
$orca_hessian_file

$act_atom
  0

$act_coord
  0

$act_energy
      -13.191987

$multiplicity
  1

$hessian
18
                    0                  1                  2                  3                  4        
    0      5.1642109220E-01  -1.5386900000E-05   3.1237709000E-03  -4.3238299000E-02  -2.4195119000E-03
    1     -1.5386900000E-05   5.1641351910E-01   1.8123528000E-03  -2.3082041000E-03  -2.7174599890E-01
    2      3.1237709000E-03   1.8123528000E-03   4.1594173100E-01   5.6289730000E-04   6.7164487500E-02
    3     -4.3238299000E-02  -2.3082041000E-03   5.6289730000E-04   4.5193716400E-02   2.9194851000E-03
    4     -2.4195119000E-03  -2.7174599890E-01   6.7164487500E-02   2.9194851000E-03   3.0615632360E-01
    5      5.5172340000E-04   6.3452285000E-02  -5.8026606500E-02  -1.1234219000E-03  -8.1848805300E-02
    6     -2.1619425630E-01   9.7976573000E-02   5.8418936400E-02  -1.2823806000E-03   1.9177171000E-03
    7      9.8085574500E-02  -9.8769848800E-02  -3.3246972100E-02   2.7241501300E-02  -1.8218215500E-02
    8      5.5196486000E-02  -3.1402536500E-02  -5.8055523300E-02  -5.8356900000E-03   2.9866491000E-03
    9     -2.0918291170E-01  -9.5549237400E-02  -6.7857823300E-02  -1.7282698000E-03  -2.1456703000E-03
   10     -9.5547652400E-02  -9.8223393000E-02  -3.9054174200E-02  -2.6829162500E-02  -1.8127919000E-02
   11     -6.4635696100E-02  -3.7212398200E-02  -6.5654971000E-02   5.5129977000E-03   2.8418839000E-03
   12     -4.6425888300E-02  -1.0508200000E-04   5.7839157000E-03   1.5543081000E-03  -2.4566800000E-04
   13     -1.0462740000E-04  -4.6296022300E-02   3.3487742000E-03  -1.0156453000E-03   1.3971255000E-03
   14      5.7944950000E-03   3.3667418000E-03  -2.3376201010E-01   8.7551850000E-04   7.9694468000E-03
   15     -1.3797369000E-03   1.3374000000E-06  -3.1697100000E-05  -4.9907520000E-04  -2.6352000000E-05
   16      1.6041000000E-06  -1.3782561000E-03  -2.4468300000E-05  -7.9745000000E-06   5.3868420000E-04
   17     -3.0779200000E-05  -1.6444900000E-05  -4.4262000000E-04   7.6984000000E-06   8.8633800000E-04
                    5                  6                  7                  8                  9        
    0      5.5172340000E-04  -2.1619425630E-01   9.8085574500E-02   5.5196486000E-02  -2.0918291170E-01
    1      6.3452285000E-02   9.7976573000E-02  -9.8769848800E-02  -3.1402536500E-02  -9.5549237400E-02
    2     -5.8026606500E-02   5.8418936400E-02  -3.3246972100E-02  -5.8055523300E-02  -6.7857823300E-02
    3     -1.1234219000E-03  -1.2823806000E-03   2.7241501300E-02  -5.8356900000E-03  -1.7282698000E-03
    4     -8.1848805300E-02   1.9177171000E-03  -1.8218215500E-02   2.9866491000E-03  -2.1456703000E-03
    5      7.7528389500E-02  -3.4382700000E-04  -6.5515256000E-03   3.6679109000E-03  -8.5289000000E-06
    6     -3.4382700000E-04   2.4288953280E-01  -1.1184453230E-01  -7.1397202300E-02  -2.6560553500E-02
    7     -6.5515256000E-03  -1.1184453230E-01   1.0842605150E-01   4.0141100600E-02  -1.2401258900E-02
    8      3.6679109000E-03  -7.1397202300E-02   4.0141100600E-02   7.7566181000E-02  -7.1140566000E-03
    9     -8.5289000000E-06  -2.6560553500E-02  -1.2401258900E-02  -7.1140566000E-03   2.3413024190E-01
   10     -8.2224468000E-03   1.2268055600E-02   6.7285169000E-03   4.1233220000E-03   1.0880504030E-01
   11      4.0281334000E-03   5.2306700000E-03   3.3436523000E-03   4.0291754000E-03   8.1200312900E-02
   12      9.1703910000E-04   8.9002370000E-04  -6.3394400000E-04   2.8892168200E-02   3.0197911000E-03
   13      3.2876972300E-02   1.4524690000E-04   2.0615548000E-03  -1.5706688700E-02   8.2192350000E-04
   14     -2.6480213700E-02   7.3223520000E-03  -3.2458784000E-03  -2.6489701500E-02  -5.5142872000E-03
   15      7.0154000000E-06   2.5763400000E-04  -4.4734050000E-04   2.5829460000E-04   3.2170200000E-04
   16      2.9352030000E-04  -4.6306030000E-04  -2.2805900000E-04  -1.4184640000E-04   4.6920290000E-04
   17     -7.1761360000E-04   7.6907080000E-04  -4.4037680000E-04  -7.1804260000E-04  -7.0561680000E-04
                   10                 11                 12                 13                 14        
    0     -9.5547652400E-02  -6.4635696100E-02  -4.6425888300E-02  -1.0462740000E-04   5.7944950000E-03
    1     -9.8223393000E-02  -3.7212398200E-02  -1.0508200000E-04  -4.6296022300E-02   3.3667418000E-03
    2     -3.9054174200E-02  -6.5654971000E-02   5.7839157000E-03   3.3487742000E-03  -2.3376201010E-01
    3     -2.6829162500E-02   5.5129977000E-03   1.5543081000E-03  -1.0156453000E-03   8.7551850000E-04
    4     -1.8127919000E-02   2.8418839000E-03  -2.4566800000E-04   1.3971255000E-03   7.9694468000E-03
    5     -8.2224468000E-03   4.0281334000E-03   9.1703910000E-04   3.2876972300E-02  -2.6480213700E-02
    6      1.2268055600E-02   5.2306700000E-03   8.9002370000E-04   1.4524690000E-04   7.3223520000E-03
    7      6.7285169000E-03   3.3436523000E-03  -6.3394400000E-04   2.0615548000E-03  -3.2458784000E-03
    8      4.1233220000E-03   4.0291754000E-03   2.8892168200E-02  -1.5706688700E-02  -2.6489701500E-02
    9      1.0880504030E-01   8.1200312900E-02   3.0197911000E-03   8.2192350000E-04  -5.5142872000E-03
   10      1.0779433680E-01   4.6744694700E-02   8.3179670000E-04   2.0586040000E-03  -3.1823168000E-03
   11      4.6744694700E-02   8.7005624800E-02  -2.7112820900E-02  -1.5605216700E-02  -2.8631825400E-02
   12      8.3179670000E-04  -2.7112820900E-02   3.9972735900E-02   1.5673580000E-04  -8.6715259000E-03
   13      2.0586040000E-03  -1.5605216700E-02   1.5673580000E-04   3.9786880900E-02  -5.0264891000E-03
   14     -3.1823168000E-03  -2.8631825400E-02  -8.6715259000E-03  -5.0264891000E-03   3.2049168370E-01
   15      4.7192230000E-04  -1.9546360000E-04   9.8902960000E-04  -3.6335000000E-06   1.9344770000E-04
   16     -2.3014570000E-04  -1.1261600000E-04  -3.8384000000E-06   9.9185710000E-04   1.1849580000E-04
   17     -4.0907880000E-04  -7.7613720000E-04   1.9122380000E-04   1.1264800000E-04  -5.1279330000E-03
                   15                 16                 17        
     0     -1.3797369000E-03   1.6041000000E-06  -3.0779200000E-05
     1      1.3374000000E-06  -1.3782561000E-03  -1.6444900000E-05
     2     -3.1697100000E-05  -2.4468300000E-05  -4.4262000000E-04
     3     -4.9907520000E-04  -7.9745000000E-06   7.6984000000E-06
     4     -2.6352000000E-05   5.3868420000E-04   8.8633800000E-04
     5      7.0154000000E-06   2.9352030000E-04  -7.1761360000E-04
     6      2.5763400000E-04  -4.6306030000E-04   7.6907080000E-04
     7     -4.4734050000E-04  -2.2805900000E-04  -4.4037680000E-04
     8      2.5829460000E-04  -1.4184640000E-04  -7.1804260000E-04
     9      3.2170200000E-04   4.6920290000E-04  -7.0561680000E-04
    10      4.7192230000E-04  -2.3014570000E-04  -4.0907880000E-04
    11     -1.9546360000E-04  -1.1261600000E-04  -7.7613720000E-04
    12      9.8902960000E-04  -3.8384000000E-06   1.9122380000E-04
    13     -3.6335000000E-06   9.9185710000E-04   1.1264800000E-04
    14      1.9344770000E-04   1.1849580000E-04  -5.1279330000E-03
    15      3.1044650000E-04   4.0662000000E-06  -2.3159700000E-04
    16      4.0662000000E-06   3.0591940000E-04  -1.3308540000E-04
    17     -2.3159700000E-04  -1.3308540000E-04   7.7823464000E-03

$vibrational_frequencies
18
    0        0.0000000000000000
    1        0.0000000000000000
    2        0.0000000000000000
    3        0.0000000000000000
    4        0.0000000000000000
    5        0.0000000000000000
    6       78.2420246677501581
    7       78.2827340447328197
    8      108.7831893289191925
    9      996.0403176431264001
   10     1090.7107761079521424
   11     1090.7559254383120333
   12     1376.7897250814257859
   13     1452.1207490796443835
   14     1452.2291312880040550
   15     3050.1503913419410310
   16     3055.1046051688604166
   17     3055.3134337496121589

$normal_modes
18 18
                    0                  1                  2                  3                  4        
    0      0.0000000000E+00   0.0000000000E+00   0.0000000000E+00   0.0000000000E+00   0.0000000000E+00
    1      0.0000000000E+00   0.0000000000E+00   0.0000000000E+00   0.0000000000E+00   0.0000000000E+00
    2      0.0000000000E+00   0.0000000000E+00   0.0000000000E+00   0.0000000000E+00   0.0000000000E+00
    3      0.0000000000E+00   0.0000000000E+00   0.0000000000E+00   0.0000000000E+00   0.0000000000E+00
    4      0.0000000000E+00   0.0000000000E+00   0.0000000000E+00   0.0000000000E+00   0.0000000000E+00
    5      0.0000000000E+00   0.0000000000E+00   0.0000000000E+00   0.0000000000E+00   0.0000000000E+00
    6      0.0000000000E+00   0.0000000000E+00   0.0000000000E+00   0.0000000000E+00   0.0000000000E+00
    7      0.0000000000E+00   0.0000000000E+00   0.0000000000E+00   0.0000000000E+00   0.0000000000E+00
    8      0.0000000000E+00   0.0000000000E+00   0.0000000000E+00   0.0000000000E+00   0.0000000000E+00
    9      0.0000000000E+00   0.0000000000E+00   0.0000000000E+00   0.0000000000E+00   0.0000000000E+00
   10      0.0000000000E+00   0.0000000000E+00   0.0000000000E+00   0.0000000000E+00   0.0000000000E+00
   11      0.0000000000E+00   0.0000000000E+00   0.0000000000E+00   0.0000000000E+00   0.0000000000E+00
   12      0.0000000000E+00   0.0000000000E+00   0.0000000000E+00   0.0000000000E+00   0.0000000000E+00
   13      0.0000000000E+00   0.0000000000E+00   0.0000000000E+00   0.0000000000E+00   0.0000000000E+00
   14      0.0000000000E+00   0.0000000000E+00   0.0000000000E+00   0.0000000000E+00   0.0000000000E+00
   15      0.0000000000E+00   0.0000000000E+00   0.0000000000E+00   0.0000000000E+00   0.0000000000E+00
   16      0.0000000000E+00   0.0000000000E+00   0.0000000000E+00   0.0000000000E+00   0.0000000000E+00
   17      0.0000000000E+00   0.0000000000E+00   0.0000000000E+00   0.0000000000E+00   0.0000000000E+00
                    5                  6                  7                  8                  9        
    0      0.0000000000E+00   3.1935717590E-01  -7.3494390069E-02   1.2270313798E-02   1.7065187822E-02
    1      0.0000000000E+00   7.3356707497E-02   3.1951788866E-01   6.3201783322E-03   9.7913305138E-03
    2      0.0000000000E+00   1.0917214242E-02   3.1263363012E-03  -4.1403068292E-01  -5.4940839620E-01
    3      0.0000000000E+00   4.3697241225E-01  -1.1337173765E-01   1.1943244611E-02   1.2834916284E-02
    4      0.0000000000E+00   1.0203713492E-01   4.4444069904E-01   4.7182522063E-03   1.7006529204E-02
    5      0.0000000000E+00   1.0333904291E-01   3.8601190381E-01  -4.1068854280E-01  -4.1797927764E-01
    6      0.0000000000E+00   4.3814478041E-01  -9.9642380494E-02   1.0982254050E-02   2.1271836164E-02
    7      0.0000000000E+00   9.1451648406E-02   4.4893872365E-01   6.3680859473E-03   2.9009393554E-03
    8      0.0000000000E+00   3.0150590992E-01  -2.6267393789E-01  -4.0926466203E-01  -4.1830609675E-01
    9      0.0000000000E+00   4.6087326839E-01  -9.4479194406E-02   1.2742986943E-02   4.3103069287E-03
   10      0.0000000000E+00   1.1334472320E-01   4.4319710894E-01   6.3247436296E-03   2.8779349063E-03
   11      0.0000000000E+00  -3.5880932554E-01  -1.0975148643E-01  -4.0798530434E-01  -4.1774785897E-01
   12      0.0000000000E+00  -1.7521032227E-01   4.0340045015E-02   1.3097803886E-02  -1.2873322657E-02
   13      0.0000000000E+00  -4.0240371128E-02  -1.7530052210E-01   8.0328056028E-03  -7.4353776558E-03
   14      0.0000000000E+00  -6.3869653808E-03  -2.1931580416E-03  -4.1062525894E-01   4.1521096512E-01
   15      0.0000000000E+00  -5.2289840689E-02   1.2024770907E-02  -1.2189790730E-02   2.4624631098E-05
   16      0.0000000000E+00  -1.2012777978E-02  -5.2312616299E-02  -6.9407179428E-03   1.9348072348E-05
   17      0.0000000000E+00  -1.5849435666E-03  -2.7021634724E-04   3.9522024142E-01  -7.0990238586E-04
                   10                 11                 12                 13                 14        
    0     -6.6412267258E-02   1.1999853847E-01   3.5478953052E-03   2.0215144033E-02   6.1322639075E-02
    1      1.2006792762E-01   6.6353645948E-02   2.0059130252E-03  -6.1359514570E-02   2.0200701020E-02
    2      6.9352110608E-05   4.9523407962E-03  -1.1589270032E-01  -3.4857443355E-04   2.1617316072E-03
    3      1.4572887824E-01  -2.1517083789E-01  -1.6090123490E-02  -2.2296407103E-01  -7.0497784639E-01
    4     -1.1787918658E-01  -6.4916905311E-02   1.9171301535E-01  -1.1436641160E-01   3.9056347493E-02
    5     -6.5439731475E-01  -3.7198993408E-01   5.3975267904E-01  -3.1085593033E-01   7.8926591272E-02
    6      2.3181830517E-02  -1.6506365321E-01   1.5821804051E-01   3.2052942984E-01  -2.1012948577E-01
    7     -1.9044337388E-01  -1.4691206268E-01  -1.0993200867E-01   3.7421118726E-01  -5.2385759767E-01
    8      6.4100818749E-01  -3.9427631916E-01   5.4022331981E-01   2.5333769917E-01   1.9569706966E-01
    9      1.2659050229E-01  -1.5361464674E-01  -1.9148644580E-01  -3.8546772696E-01   4.1897927986E-02
   10     -2.2588702245E-01  -8.3356457470E-02  -1.0971557246E-01   6.1387253900E-01   1.9718196436E-01
   11      1.2760480091E-02   7.4468807832E-01   5.2953299322E-01   6.2991220209E-02  -3.0578952320E-01
   12      2.6037624874E-02  -4.7051027899E-02   3.6388434154E-04   2.3496372832E-03   7.1187861411E-03
   13     -4.7077517251E-02  -2.6018842666E-02   2.0539974608E-04  -7.1212320220E-03   2.3427553014E-03
   14     -1.1217291404E-05  -1.9677482731E-03  -1.1718981002E-02  -6.4925362734E-05   2.7022258711E-04
   15      1.4525495549E-04  -2.6251901282E-04   6.3902004509E-06   7.7936507744E-05   2.3710722278E-04
   16     -2.6158424643E-04  -1.4443797847E-04   4.5930270252E-06  -2.3774455551E-04   7.8468816324E-05
   17      3.8908547601E-07  -9.8294444278E-06  -2.1889936986E-04  -2.7245478980E-06   8.9397827997E-06
                   15                 16                 17        
     0     -2.8476789721E-03   4.1619565143E-02   7.9258328956E-02
     1     -1.6036069848E-03  -7.9347305677E-02   4.1563490676E-02
     2      3.8705004442E-02  -1.5699041273E-04   4.0682156171E-03
     3      5.1158695846E-03   2.8780479725E-02   3.5673721234E-02
     4      5.6113649099E-01   6.8302749310E-01  -3.4694396177E-01
     5     -1.6547409701E-01  -2.2159462392E-01   1.1446692311E-01
     6      4.8826214105E-01  -5.8066547143E-01  -3.2884169037E-01
     7     -2.7753141837E-01   3.0063525133E-01   2.2937884758E-01
     8     -1.6577209870E-01   2.1191253105E-01   1.3162711171E-01
     9     -4.5740533221E-01   4.8445704296E-02  -6.6552133556E-01
    10     -2.6337387365E-01  -2.3861025517E-02  -3.8517608741E-01
    11     -1.8631248798E-01   1.1602457950E-02  -2.9643082640E-01
    12     -1.0184630296E-04   4.4615942682E-04   8.4780083673E-04
    13     -5.7056878755E-05  -8.5074574242E-04   4.4468562073E-04
    14      2.7246537222E-03  -2.6628547901E-06   9.6630576488E-05
    15     -3.4443251257E-06  -2.5440217046E-05  -4.8500557271E-05
    16     -1.3583755221E-06   4.8594574153E-05  -2.5501162748E-05
    17      1.4245263805E-04   1.3334867877E-08   1.1384211890E-06

#
# The atoms: label  mass x y z (in bohrs)
#
$atoms
6
 C     12.01100     -0.070541911505    -0.040887932962     2.261166816672
 H      1.00800     -0.048329365297     1.914202929447     1.637261763953
 H      1.00800      1.631371400117    -1.003066975583     1.636809252084
 H      1.00800     -1.733395946901    -0.998193421308     1.532897250796
 F     18.99800     -0.151350558335    -0.087815081712     4.874175252778
 Cl    35.45300      0.109276889113     0.063384475569    -3.514621614540

$actual_temperature
  0.000000

$frequency_scale_factor
  1.000000


$end

