
$orca_hessian_file

$act_atom
  0

$act_coord
  0

$act_energy
      -13.146556

$multiplicity
  1

$hessian
18
                    0                  1                  2                  3                  4        
    0      4.0948878510E-01  -4.2837088200E-02  -4.1424779200E-02  -4.1829102900E-02  -1.4805865900E-02
    1     -4.2837088200E-02   4.5906236140E-01  -2.3882380000E-02  -2.2081057800E-02  -2.8682150160E-01
    2     -4.1424779200E-02  -2.3882380000E-02   3.2781444160E-01   2.4151139000E-03   7.8094250000E-03
    3     -4.1829102900E-02  -2.2081057800E-02   2.4151139000E-03   4.5389798100E-02   1.9046440100E-02
    4     -1.4805865900E-02  -2.8682150160E-01   7.8094250000E-03   1.9046440100E-02   3.2193195110E-01
    5      1.4349417000E-03   1.1083855000E-02  -3.8033960000E-02   4.1153416000E-03  -2.8688071000E-03
    6     -2.4153816600E-01   1.0046537100E-01   7.8509185000E-03   2.7258090000E-04   1.5084472000E-03
    7      9.3217992000E-02  -8.7127297400E-02  -1.8337424000E-03   3.0636176200E-02  -1.8269503000E-02
    8      1.0321440300E-02  -4.2872665000E-03  -3.8013804300E-02  -1.2007986000E-03   1.9929123000E-03
    9     -7.8945882600E-02  -2.2149438500E-02   6.1865848600E-02   2.2551670000E-04   4.1184540000E-04
   10     -2.2148261300E-02  -5.3342732300E-02   3.5714457800E-02  -1.3884714900E-02  -1.0166905300E-02
   11      5.9518478000E-02   3.4341536300E-02  -1.2890077580E-01  -1.8642020000E-04  -4.0958160000E-04
   12     -1.5623706000E-03  -2.5918745000E-03   9.4776361000E-03  -7.0251140000E-04  -7.0730380000E-04
   13     -2.6137178000E-03   1.4109121000E-03   5.4320197000E-03  -2.7111300000E-05   5.1839690000E-04
   14      1.2562257500E-02   7.2563899000E-03  -2.4581196700E-02   1.5198640000E-03   1.8249589000E-03
   15     -4.5613262900E-02  -1.0805912000E-02  -4.0184737800E-02  -3.3562813000E-03  -5.4535630000E-03
   16     -1.0813058800E-02  -3.3181742300E-02  -2.3239780200E-02  -1.3689732300E-02  -7.1924381000E-03
   17     -4.2412338300E-02  -2.4512134800E-02  -9.8284704900E-02  -6.6631007000E-03  -8.3489075000E-03
                    5                  6                  7                  8                  9        
    0      1.4349417000E-03  -2.4153816600E-01   9.3217992000E-02   1.0321440300E-02  -7.8945882600E-02
    1      1.1083855000E-02   1.0046537100E-01  -8.7127297400E-02  -4.2872665000E-03  -2.2149438500E-02
    2     -3.8033960000E-02   7.8509185000E-03  -1.8337424000E-03  -3.8013804300E-02   6.1865848600E-02
    3      4.1153416000E-03   2.7258090000E-04   3.0636176200E-02  -1.2007986000E-03   2.2551670000E-04
    4     -2.8688071000E-03   1.5084472000E-03  -1.8269503000E-02   1.9929123000E-03   4.1184540000E-04
    5      4.5977860000E-02   1.1309284000E-03  -2.0385906000E-03   1.0274584000E-03   3.8426420000E-04
    6      1.1309284000E-03   2.6928900200E-01  -1.1025305850E-01  -4.2868570000E-04  -1.3392083100E-02
    7     -2.0385906000E-03  -1.1025305850E-01   9.8055185000E-02   4.9963960000E-03  -6.0154818000E-03
    8      1.0274584000E-03  -4.2868570000E-04   4.9963960000E-03   4.5977880400E-02   1.6153011900E-02
    9      3.8426420000E-04  -1.3392083100E-02  -6.0154818000E-03   1.6153011900E-02   9.4491862500E-02
   10      1.8429425100E-02   8.2771093000E-03   3.4623045000E-03  -8.8859206000E-03   2.4946896600E-02
   11      2.8407201000E-03  -4.6004730000E-04   4.8568800000E-05   2.8384603000E-03  -6.1960574100E-02
   12      7.3446280000E-04  -1.3734730000E-04  -3.6520740000E-04   4.0852970000E-04  -6.1834909000E-03
   13      4.5603300000E-05  -1.0406362000E-03  -8.9648500000E-05   6.1335920000E-04   8.4477600000E-04
   14     -2.1629255000E-03   2.3559549000E-03   4.0040180000E-04  -2.1599011000E-03  -4.6904784000E-03
   15     -7.7999387000E-03  -1.4493986500E-02  -7.2204204000E-03  -2.5253497700E-02   3.8040773000E-03
   16     -2.4651485700E-02   1.0427673000E-03   3.9689594000E-03   5.5705197000E-03   1.9614024000E-03
   17     -9.6491530000E-03  -1.0449068800E-02  -1.5730336000E-03  -9.6700937000E-03  -1.1752072200E-02
                   10                 11                 12                 13                 14        
    0     -2.2148261300E-02   5.9518478000E-02  -1.5623706000E-03  -2.6137178000E-03   1.2562257500E-02
    1     -5.3342732300E-02   3.4341536300E-02  -2.5918745000E-03   1.4109121000E-03   7.2563899000E-03
    2      3.5714457800E-02  -1.2890077580E-01   9.4776361000E-03   5.4320197000E-03  -2.4581196700E-02
    3     -1.3884714900E-02  -1.8642020000E-04  -7.0251140000E-04  -2.7111300000E-05   1.5198640000E-03
    4     -1.0166905300E-02  -4.0958160000E-04  -7.0730380000E-04   5.1839690000E-04   1.8249589000E-03
    5      1.8429425100E-02   2.8407201000E-03   7.3446280000E-04   4.5603300000E-05  -2.1629255000E-03
    6      8.2771093000E-03  -4.6004730000E-04  -1.3734730000E-04  -1.0406362000E-03   2.3559549000E-03
    7      3.4623045000E-03   4.8568800000E-05  -3.6520740000E-04  -8.9648500000E-05   4.0040180000E-04
    8     -8.8859206000E-03   2.8384603000E-03   4.0852970000E-04   6.1335920000E-04  -2.1599011000E-03
    9      2.4946896600E-02  -6.1960574100E-02  -6.1834909000E-03   8.4477600000E-04  -4.6904784000E-03
   10      6.5667170300E-02  -3.5763754900E-02   8.4660850000E-04  -7.1592686000E-03  -2.7043698000E-03
   11     -3.5763754900E-02   1.3255987100E-01  -1.1357559000E-03  -6.5391660000E-04   7.3554020000E-04
   12      8.4660850000E-04  -1.1357559000E-03   7.9863977000E-03   2.8309582000E-03  -1.2459018700E-02
   13     -7.1592686000E-03  -6.5391660000E-04   2.8309582000E-03   4.7059447000E-03  -7.1916586000E-03
   14     -2.7043698000E-03   7.3554020000E-04  -1.2459018700E-02  -7.1916586000E-03   3.2152697200E-02
   15      1.9623618000E-03   4.2243194000E-03   5.9932250000E-04   5.7311000000E-06   7.1142060000E-04
   16      1.5394314000E-03   2.4371480000E-03  -1.3181100000E-05   6.1366330000E-04   4.1427770000E-04
   17     -6.7898375000E-03  -1.0073815900E-02   2.9741460000E-03   1.7545929000E-03  -3.9842142000E-03
                   15                 16                 17        
     0     -4.5613262900E-02  -1.0813058800E-02  -4.2412338300E-02
     1     -1.0805912000E-02  -3.3181742300E-02  -2.4512134800E-02
     2     -4.0184737800E-02  -2.3239780200E-02  -9.8284704900E-02
     3     -3.3562813000E-03  -1.3689732300E-02  -6.6631007000E-03
     4     -5.4535630000E-03  -7.1924381000E-03  -8.3489075000E-03
     5     -7.7999387000E-03  -2.4651485700E-02  -9.6491530000E-03
     6     -1.4493986500E-02   1.0427673000E-03  -1.0449068800E-02
     7     -7.2204204000E-03   3.9689594000E-03  -1.5730336000E-03
     8     -2.5253497700E-02   5.5705197000E-03  -9.6700937000E-03
     9      3.8040773000E-03   1.9614024000E-03  -1.1752072200E-02
    10      1.9623618000E-03   1.5394314000E-03  -6.7898375000E-03
    11      4.2243194000E-03   2.4371480000E-03  -1.0073815900E-02
    12      5.9932250000E-04  -1.3181100000E-05   2.9741460000E-03
    13      5.7311000000E-06   6.1366330000E-04   1.7545929000E-03
    14      7.1142060000E-04   4.1427770000E-04  -3.9842142000E-03
    15      5.9060130900E-02   2.1511802500E-02   6.8302434100E-02
    16      2.1511802500E-02   3.4252126400E-02   3.9469320500E-02
    17      6.8302434100E-02   3.9469320500E-02   1.3166198160E-01

$vibrational_frequencies
18
    0        0.0000000000000000
    1        0.0000000000000000
    2        0.0000000000000000
    3        0.0000000000000000
    4        0.0000000000000000
    5        0.0000000000000000
    6      113.4841168292455649
    7      320.0859204781446579
    8      349.1858302405944983
    9      681.5590896838050412
   10     1007.1429890586650799
   11     1045.8190770862402132
   12     1325.0334867844660494
   13     1394.2304098862719002
   14     1432.5366926893163964
   15     2339.2293862506985533
   16     3011.2162851193397728
   17     3017.3590741041889487

$normal_modes
18 18
                    0                  1                  2                  3                  4        
    0      0.0000000000E+00   0.0000000000E+00   0.0000000000E+00   0.0000000000E+00   0.0000000000E+00
    1      0.0000000000E+00   0.0000000000E+00   0.0000000000E+00   0.0000000000E+00   0.0000000000E+00
    2      0.0000000000E+00   0.0000000000E+00   0.0000000000E+00   0.0000000000E+00   0.0000000000E+00
    3      0.0000000000E+00   0.0000000000E+00   0.0000000000E+00   0.0000000000E+00   0.0000000000E+00
    4      0.0000000000E+00   0.0000000000E+00   0.0000000000E+00   0.0000000000E+00   0.0000000000E+00
    5      0.0000000000E+00   0.0000000000E+00   0.0000000000E+00   0.0000000000E+00   0.0000000000E+00
    6      0.0000000000E+00   0.0000000000E+00   0.0000000000E+00   0.0000000000E+00   0.0000000000E+00
    7      0.0000000000E+00   0.0000000000E+00   0.0000000000E+00   0.0000000000E+00   0.0000000000E+00
    8      0.0000000000E+00   0.0000000000E+00   0.0000000000E+00   0.0000000000E+00   0.0000000000E+00
    9      0.0000000000E+00   0.0000000000E+00   0.0000000000E+00   0.0000000000E+00   0.0000000000E+00
   10      0.0000000000E+00   0.0000000000E+00   0.0000000000E+00   0.0000000000E+00   0.0000000000E+00
   11      0.0000000000E+00   0.0000000000E+00   0.0000000000E+00   0.0000000000E+00   0.0000000000E+00
   12      0.0000000000E+00   0.0000000000E+00   0.0000000000E+00   0.0000000000E+00   0.0000000000E+00
   13      0.0000000000E+00   0.0000000000E+00   0.0000000000E+00   0.0000000000E+00   0.0000000000E+00
   14      0.0000000000E+00   0.0000000000E+00   0.0000000000E+00   0.0000000000E+00   0.0000000000E+00
   15      0.0000000000E+00   0.0000000000E+00   0.0000000000E+00   0.0000000000E+00   0.0000000000E+00
   16      0.0000000000E+00   0.0000000000E+00   0.0000000000E+00   0.0000000000E+00   0.0000000000E+00
   17      0.0000000000E+00   0.0000000000E+00   0.0000000000E+00   0.0000000000E+00   0.0000000000E+00
                    5                  6                  7                  8                  9        
    0      0.0000000000E+00  -3.2538061165E-01   2.7314627861E-01   4.8475714605E-02  -2.4010264812E-01
    1      0.0000000000E+00  -1.8804026937E-01   1.5824767517E-01  -8.2741231073E-02  -1.3882941546E-01
    2      0.0000000000E+00   8.3644091535E-02  -2.3736480867E-01   4.1705377924E-06  -4.9908865881E-01
    3      0.0000000000E+00  -3.1388635650E-01   2.6040320914E-01  -4.9550852521E-01  -1.8833977087E-01
    4      0.0000000000E+00  -1.8686047170E-01   1.5336802373E-01  -3.1263960145E-02  -1.2065773904E-01
    5      0.0000000000E+00   2.5310670170E-01  -3.7936855452E-01   3.0584995113E-01  -2.8895666011E-01
    6      0.0000000000E+00  -3.1765727783E-01   2.6010817940E-01   2.7576560951E-01  -1.9763871984E-01
    7      0.0000000000E+00  -1.7670150847E-01   1.4446544493E-01   4.1399271892E-01  -1.0072051933E-01
    8      0.0000000000E+00   2.5190849390E-01  -3.7627233015E-01  -3.0655666838E-01  -2.9149952559E-01
    9      0.0000000000E+00  -4.3505213211E-01   3.9258916398E-01   2.7785939718E-01  -2.2866749210E-01
   10      0.0000000000E+00  -2.5238209163E-01   2.2989860667E-01  -4.7991789406E-01  -1.3446344764E-01
   11      0.0000000000E+00  -3.0564032621E-02  -1.4303301365E-01   8.9394653555E-05  -5.3567446964E-01
   12      0.0000000000E+00   9.8792596502E-02  -1.6135805832E-01  -2.0267145338E-02  -5.8474481209E-03
   13      0.0000000000E+00   5.7120504273E-02  -9.3378901894E-02   3.4649903673E-02  -3.2309217591E-03
   14      0.0000000000E+00   3.5670782583E-01   3.3157126928E-01   2.2835576583E-04   2.9771276572E-02
   15      0.0000000000E+00   8.7620605046E-02  -3.2033535026E-02  -7.2148476666E-03   1.0195260984E-01
   16      0.0000000000E+00   5.0609199773E-02  -1.8578241058E-02   1.2227250297E-02   5.8882170770E-02
   17      0.0000000000E+00  -2.3297411307E-01  -7.1710122341E-02  -1.0622892273E-04   1.8486500068E-01
                   10                 11                 12                 13                 14        
    0     -8.1859950584E-02  -5.3466319141E-02   3.4999218141E-02   3.0627556416E-02   6.1066462103E-02
    1     -4.7229333045E-02   9.2734841970E-02   2.0219894544E-02  -5.3108133993E-02   3.5232907735E-02
    2      4.0923739623E-02   6.6450773334E-05   1.0104453289E-01  -1.6380803781E-05  -1.3755365524E-02
    3      2.0622802970E-02   3.7731672829E-01  -1.0016901890E-01  -1.4184246994E-01  -6.8826127631E-01
    4     -4.3535936328E-02   4.7260297596E-02   1.0719374864E-02  -3.3087872878E-03   5.8157309882E-02
    5     -4.6766481829E-01   5.4959449704E-01  -5.1339706116E-01   3.9268645885E-01   2.5427095029E-02
    6     -2.7430362162E-02  -2.2957711942E-01  -4.0854605645E-02   7.3857366709E-02  -2.9382468019E-01
    7      3.9538964289E-02  -3.0320284321E-01  -9.2222145912E-02   1.2134827857E-01  -6.2500766285E-01
    8     -4.6786690332E-01  -5.4928047821E-01  -5.1337623693E-01  -3.9274550532E-01   2.5403476619E-02
    9      4.3891338441E-01   1.5413241748E-01  -4.6690822112E-01  -4.0225761115E-01   1.4927558838E-01
   10      2.5323965832E-01  -2.6708634055E-01  -2.6946498135E-01   6.9687402877E-01   8.6332843283E-02
   11      5.3844182051E-01   8.2223869785E-06  -3.8733485900E-01  -4.8947708032E-05   9.8705937744E-02
   12     -4.0916406201E-03  -1.6671854698E-03   2.7580518203E-03   2.3977244780E-03  -3.5577950083E-04
   13     -2.3589806684E-03   2.8989949721E-03   1.5879905341E-03  -4.1552560768E-03  -2.0704772097E-04
   14     -3.8913817901E-03  -7.9251954449E-06   2.1368768232E-03   1.3131225163E-06  -1.0305101083E-03
   15      1.7639979216E-02   1.0424227744E-02   3.9495169058E-03   1.7088851818E-03   3.1806243111E-03
   16      1.0178286920E-02  -1.8100024712E-02   2.2775420101E-03  -2.9506522966E-03   1.8365917568E-03
   17     -4.8909669277E-04  -2.7427764174E-05   4.8283291079E-03   7.9164320462E-06   9.6072334881E-04
                   15                 16                 17        
     0      4.1129078673E-02  -5.1687593772E-02  -4.6344056381E-02
     1      2.3740451802E-02  -3.0672396587E-02   7.9295898256E-02
     2     -6.7095222016E-02   4.7176421204E-03   2.2084742507E-05
     3      1.4121570188E-02   2.1144104092E-02  -7.3170022909E-02
     4      4.1700608742E-02   7.1066555865E-01  -6.9386431380E-01
     5     -6.8749397880E-03  -4.0131567170E-03   1.4585588551E-02
     6      4.3241841936E-02   6.1605447626E-01   6.4755598672E-01
     7     -8.6379407687E-03  -3.3260895207E-01  -2.8913052225E-01
     8     -6.9035611433E-03  -3.8000684218E-03  -1.4631807916E-02
     9     -5.5674320191E-01   2.7366012152E-03  -1.8727861156E-02
    10     -3.2133926254E-01   1.2193919943E-03   3.2555991886E-02
    11      7.5897292089E-01  -2.6079369295E-02  -2.6164430050E-04
    12      3.7651629735E-04  -4.1787924769E-05   8.7738632461E-05
    13      2.1825640095E-04  -1.8755189077E-05  -1.5732201255E-04
    14      1.6898937888E-03   2.5344699350E-04   3.7969813189E-06
    15      6.2629609503E-05  -6.6118769160E-04  -1.4474839433E-04
    16      3.6380718687E-05  -3.8213240308E-04   2.4280384047E-04
    17      6.3803159449E-04  -7.7045243849E-04  -7.6349867930E-07

#
# The atoms: label  mass x y z (in bohrs)
#
$atoms
6
 C     12.01100      1.339832662531     0.773396233091     0.191238517720
 H      1.00800      1.514150997134     2.820953975769     0.166734520779
 H      1.00800      3.200077783526    -0.099808626405     0.166801016954
 H      1.00800      0.251678544576     0.145346324410     1.925652192408
 F     18.99800     -0.763094219396    -0.440452161441     4.723771305629
 Cl    35.45300     -0.186193008022    -0.107493741003    -2.660323085004

$actual_temperature
  0.000000

$frequency_scale_factor
  1.000000


$end

