*************************************************
******************* ORCA 6.1.0 ******************
*************************************************
$Calculation_Status
   &GeometryIndex 0
   &version [&Type "String"] "6.1.0"
   &progName [&Type "String"] "orca"
   &Status [&Type "String"] "NORMAL TERMINATION"
$End
$Geometry
   &GeometryIndex 1
   &NAtoms [&Type "Integer"] 6
   &NCorelessECP [&Type "Integer"] 0
   &NGhostAtoms [&Type "Integer"] 0
   &CartesianCoordinates [&Type "Coordinates", &Dim(6,4), &Units "Bohr"] 
              C     -0.000496997973   -0.000506446604    0.714325927253
              H      0.000054802058    1.948555198196    0.104246742178
              H      1.687311898539   -0.974083902169    0.104307213414
              H     -1.686692068367   -0.973787215166    0.104464060683
              Br     0.000035904797    0.000034015070    4.441037828424
              I      0.000005669178    0.000005669178   -5.242625639363
$End
$Single_Point_Data
   &GeometryIndex 1
   &FinalEnergy [&Type "Double"]      -1.1827124658550000e+01  "Final single point energy"
   &Converged [&Type "Boolean"] true
$End
$Geometry
   &GeometryIndex 2
   &NAtoms [&Type "Integer"] 6
   &NCorelessECP [&Type "Integer"] 0
   &NGhostAtoms [&Type "Integer"] 0
   &CartesianCoordinates [&Type "Coordinates", &Dim(6,4), &Units "Bohr"] 
              C     -0.000200246519   -0.000204821978    0.720816370236
              H      0.000245982381    1.948135949527    0.110867831356
              H      1.687326781555   -0.973788288302    0.110805168276
              H     -1.687259133171   -0.974031159021    0.110638404612
              Br     0.000109193181    0.000108879301    4.448725273038
              I     -0.000003369195   -0.000003241022   -5.276096914929
$End
$Single_Point_Data
   &GeometryIndex 2
   &FinalEnergy [&Type "Double"]      -1.1827167373260000e+01  "Final single point energy"
   &Converged [&Type "Boolean"] true
$End
$Geometry
   &GeometryIndex 3
   &NAtoms [&Type "Integer"] 6
   &NCorelessECP [&Type "Integer"] 0
   &NGhostAtoms [&Type "Integer"] 0
   &CartesianCoordinates [&Type "Coordinates", &Dim(6,4), &Units "Bohr"] 
              C      0.000024573172    0.000023742362    0.726752657635
              H      0.000181802874    1.948794378731    0.117152355477
              H      1.687844256669   -0.974190117927    0.117094410252
              H     -1.687787361475   -0.974365088161    0.116940812927
              Br     0.000009902067    0.000008624600    4.452399153232
              I     -0.000053965076   -0.000054221100   -5.304583256934
$End
$Single_Point_Data
   &GeometryIndex 3
   &FinalEnergy [&Type "Double"]      -1.1827181245689999e+01  "Final single point energy"
   &Converged [&Type "Boolean"] true
$End
$Geometry
   &GeometryIndex 4
   &NAtoms [&Type "Integer"] 6
   &NCorelessECP [&Type "Integer"] 0
   &NGhostAtoms [&Type "Integer"] 0
   &CartesianCoordinates [&Type "Coordinates", &Dim(6,4), &Units "Bohr"] 
              C      0.000059766211    0.000059447445    0.728207884154
              H      0.000111299154    1.948985134102    0.118546309767
              H      1.687919094379   -0.974346028037    0.118511840698
              H     -1.687788961540   -0.974397303683    0.118420094386
              Br    -0.000024005395   -0.000025709398    4.451719571588
              I     -0.000057984577   -0.000058221924   -5.309649568005
$End
$Single_Point_Data
   &GeometryIndex 4
   &FinalEnergy [&Type "Double"]      -1.1827182176000001e+01  "Final single point energy"
   &Converged [&Type "Boolean"] true
$End
$Geometry
   &GeometryIndex 5
   &NAtoms [&Type "Integer"] 6
   &NCorelessECP [&Type "Integer"] 0
   &NGhostAtoms [&Type "Integer"] 0
   &CartesianCoordinates [&Type "Coordinates", &Dim(6,4), &Units "Bohr"] 
              C      0.000065914897    0.000065724691    0.729064322336
              H      0.000064883440    1.948975852395    0.118986599035
              H      1.687861571580   -0.974386859017    0.118966151159
              H     -1.687708674835   -0.974371395734    0.118911865406
              Br    -0.000021105889   -0.000022644017    4.450819253997
              I     -0.000043380962   -0.000043359813   -5.310992059345
$End
$Single_Point_Data
   &GeometryIndex 5
   &FinalEnergy [&Type "Double"]      -1.1827182477770000e+01  "Final single point energy"
   &Converged [&Type "Boolean"] true
$End
$Hessian
   &GeometryIndex 5
   &HESSIAN [&Type "ArrayOfDoubles", &Dim (18,18)] "The Hessian"
                                                         0                           1                           2                           3                           4                           5                           6                           7

0                                      5.1196510520000005e-01         1.9340000000000000e-06         6.1418000000000002e-06        -4.1751557699999997e-02        -8.6339999999999996e-07         3.6889999999999997e-07        -2.2339389209999999e-01         1.0487330060000000e-01
1                                      1.9340000000000000e-06         5.1195952879999995e-01         3.7567000000000000e-06        -8.3880000000000002e-07        -2.8394841269999999e-01         7.9384905000000006e-02         1.0487466249999999e-01        -1.0229657880000000e-01
2                                      6.1418000000000002e-06         3.7567000000000000e-06         2.0032212110000000e-01         2.1220000000000001e-07         7.2607357600000005e-02        -5.2226048999999997e-02         6.2881848500000004e-02        -3.6304696400000003e-02
3                                     -4.1751557699999997e-02        -8.3880000000000002e-07         2.1220000000000001e-07         4.3978307699999997e-02         1.3428000000000001e-06        -4.7580000000000001e-07        -1.2195614000000000e-03         2.6095520699999999e-02
4                                     -8.6339999999999996e-07        -2.8394841269999999e-01         7.2607357600000005e-02         1.3428000000000001e-06         3.1576667520000001e-01        -8.1538649599999999e-02         1.8558409000000000e-03        -1.7358845599999999e-02
5                                      3.6889999999999997e-07         7.9384905000000006e-02        -5.2226048999999997e-02        -4.7580000000000001e-07        -8.1538649599999999e-02         6.9344617900000002e-02        -3.1048840000000001e-04        -7.2489242000000004e-03
6                                     -2.2339389209999999e-01         1.0487466249999999e-01         6.2881848500000004e-02        -1.2195614000000000e-03         1.8558409000000000e-03        -3.1048840000000001e-04         2.4781533280000001e-01        -1.1768640830000000e-01
7                                      1.0487330060000000e-01        -1.0229657880000000e-01        -3.6304696400000003e-02         2.6095520699999999e-02        -1.7358845599999999e-02        -7.2489242000000004e-03        -1.1768640830000000e-01         1.1192424669999999e-01
8                                      6.8751558199999993e-02        -3.9693342399999998e-02        -5.2227159799999999e-02        -6.4331822999999996e-03         3.3555218000000000e-03         3.7997224999999999e-03        -7.0616838799999998e-02         4.0770276299999998e-02
9                                     -2.2340046129999999e-01        -1.0487563599999999e-01        -6.2889481200000000e-02        -1.2204930000000000e-03        -1.8563263000000000e-03         3.1021270000000000e-04        -2.5429184300000001e-02        -1.2118982800000001e-02
10                                    -1.0487433760000001e-01        -1.0229459870000000e-01        -3.6307952499999997e-02        -2.6095611700000000e-02        -1.7359533699999999e-02        -7.2496145000000003e-03         1.2119558300000000e-02         6.8470216000000002e-03
11                                    -6.8759234899999994e-02        -3.9696531399999999e-02        -5.2229189900000000e-02         6.4331140000000002e-03         3.3555402999999998e-03         3.7999224000000000e-03         6.1224785000000004e-03         3.8929400000000001e-03
12                                    -2.1249765899999998e-02        -6.3500000000000006e-08         6.2440000000000001e-07         5.0343399999999998e-04        -3.4100000000000001e-08         4.2039999999999998e-07         1.9326698000000000e-03        -8.2573390000000003e-04
13                                     1.0400000000000000e-08        -2.1250167600000001e-02         9.7550000000000002e-07        -3.5720000000000000e-07         2.4100494000000002e-03         1.7387421500000000e-02        -8.2568279999999995e-04         9.7964300000000009e-04
14                                     9.0599999999999999e-07         9.2790000000000004e-07        -5.0216600399999999e-02         3.3039999999999999e-07         1.0503670000000000e-03        -2.0599584000000001e-02         9.0974939999999998e-04        -5.2456450000000000e-04
15                                    -2.1694282999999998e-03        -5.8299999999999999e-08         6.5410000000000001e-07        -2.9012960000000001e-04         4.0200000000000003e-08        -3.7800000000000001e-08         2.9463530000000001e-04        -3.3769619999999997e-04
16                                    -4.3999999999999997e-08        -2.1697711000000001e-03         5.5899999999999996e-07        -5.5700000000000002e-08         4.9006729999999995e-04        -7.3513829999999997e-04        -3.3797059999999998e-04        -9.5486899999999995e-05
17                                     2.5989999999999999e-07         2.8410000000000001e-07         6.5768780000000004e-03         1.5000000000000000e-09         1.1698629999999999e-03        -4.1186299000000003e-03         1.0132508000000001e-03        -5.8503129999999996e-04
                                                         8                           9                          10                          11                          12                          13                          14                          15

0                                      6.8751558199999993e-02        -2.2340046129999999e-01        -1.0487433760000001e-01        -6.8759234899999994e-02        -2.1249765899999998e-02         1.0400000000000000e-08         9.0599999999999999e-07        -2.1694282999999998e-03
1                                     -3.9693342399999998e-02        -1.0487563599999999e-01        -1.0229459870000000e-01        -3.9696531399999999e-02        -6.3500000000000006e-08        -2.1250167600000001e-02         9.2790000000000004e-07        -5.8299999999999999e-08
2                                     -5.2227159799999999e-02        -6.2889481200000000e-02        -3.6307952499999997e-02        -5.2229189900000000e-02         6.2440000000000001e-07         9.7550000000000002e-07        -5.0216600399999999e-02         6.5410000000000001e-07
3                                     -6.4331822999999996e-03        -1.2204930000000000e-03        -2.6095611700000000e-02         6.4331140000000002e-03         5.0343399999999998e-04        -3.5720000000000000e-07         3.3039999999999999e-07        -2.9012960000000001e-04
4                                      3.3555218000000000e-03        -1.8563263000000000e-03        -1.7359533699999999e-02         3.3555402999999998e-03        -3.4100000000000001e-08         2.4100494000000002e-03         1.0503670000000000e-03         4.0200000000000003e-08
5                                      3.7997224999999999e-03         3.1021270000000000e-04        -7.2496145000000003e-03         3.7999224000000000e-03         4.2039999999999998e-07         1.7387421500000000e-02        -2.0599584000000001e-02        -3.7800000000000001e-08
6                                     -7.0616838799999998e-02        -2.5429184300000001e-02         1.2119558300000000e-02         6.1224785000000004e-03         1.9326698000000000e-03        -8.2568279999999995e-04         9.0974939999999998e-04         2.9463530000000001e-04
7                                      4.0770276299999998e-02        -1.2118982800000001e-02         6.8470216000000002e-03         3.8929400000000001e-03        -8.2573390000000003e-04         9.7964300000000009e-04        -5.2456450000000000e-04        -3.3769619999999997e-04
8                                      6.9346664000000002e-02        -6.1230890000000000e-03         3.8933266000000001e-03         3.8000083999999998e-03         1.5058040700000001e-02        -8.6933238999999992e-03        -2.0600187799999999e-02        -6.3648880000000000e-04
9                                     -6.1230890000000000e-03         2.4782226869999999e-01         1.1768697190000001e-01         7.0624785699999998e-02         1.9331896999999999e-03         8.2595990000000001e-04        -9.0900789999999996e-04         2.9468019999999998e-04
10                                     3.8933266000000001e-03         1.1768697190000001e-01         1.1192318540000000e-01         4.0773846500000002e-02         8.2574519999999998e-04         9.7944080000000010e-04        -5.2449769999999998e-04         3.3767399999999999e-04
11                                     3.8000083999999998e-03         7.0624785699999998e-02         4.0773846500000002e-02         6.9351141099999999e-02        -1.5057349400000000e-02        -8.6931557999999996e-03        -2.0601729999999999e-02         6.3620620000000001e-04
12                                     1.5058040700000001e-02         1.9331896999999999e-03         8.2574519999999998e-04        -1.5057349400000000e-02         1.5924616400000001e-02         1.9399999999999998e-08        -1.7090000000000001e-06         9.5585600000000005e-04
13                                    -8.6933238999999992e-03         8.2595990000000001e-04         9.7944080000000010e-04        -8.6931557999999996e-03         1.9399999999999998e-08         1.5924984699999999e-02        -1.9632999999999999e-06         5.0400000000000001e-08
14                                    -2.0600187799999999e-02        -9.0900789999999996e-04        -5.2449769999999998e-04        -2.0601729999999999e-02        -1.7090000000000001e-06        -1.9632999999999999e-06         1.2300753970000000e-01        -2.6889999999999998e-07
15                                    -6.3648880000000000e-04         2.9468019999999998e-04         3.3767399999999999e-04         6.3620620000000001e-04         9.5585600000000005e-04         5.0400000000000001e-08        -2.6889999999999998e-07         9.1438629999999999e-04
16                                     3.6754170000000001e-04         3.3801330000000001e-04        -9.5515500000000004e-05         3.6736039999999998e-04         6.6899999999999997e-08         9.5604960000000004e-04        -2.6940000000000002e-07        -1.0000000000000000e-08
17                                    -4.1190473000000003e-03        -1.0134204000000000e-03        -5.8510840000000001e-04        -4.1201520000000002e-03        -2.7100000000000001e-08         4.6000000000000002e-08        -1.0989437499999999e-02        -6.4700000000000004e-08
                                                        16                          17

0                                     -4.3999999999999997e-08         2.5989999999999999e-07
1                                     -2.1697711000000001e-03         2.8410000000000001e-07
2                                      5.5899999999999996e-07         6.5768780000000004e-03
3                                     -5.5700000000000002e-08         1.5000000000000000e-09
4                                      4.9006729999999995e-04         1.1698629999999999e-03
5                                     -7.3513829999999997e-04        -4.1186299000000003e-03
6                                     -3.3797059999999998e-04         1.0132508000000001e-03
7                                     -9.5486899999999995e-05        -5.8503129999999996e-04
8                                      3.6754170000000001e-04        -4.1190473000000003e-03
9                                      3.3801330000000001e-04        -1.0134204000000000e-03
10                                    -9.5515500000000004e-05        -5.8510840000000001e-04
11                                     3.6736039999999998e-04        -4.1201520000000002e-03
12                                     6.6899999999999997e-08        -2.7100000000000001e-08
13                                     9.5604960000000004e-04         4.6000000000000002e-08
14                                    -2.6940000000000002e-07        -1.0989437499999999e-02
15                                    -1.0000000000000000e-08        -6.4700000000000004e-08
16                                     9.1465649999999997e-04        -5.3400000000000002e-08
17                                    -5.3400000000000002e-08         1.6770388600000002e-02
   &MODES [&Type "ArrayOfDoubles", &Dim (18,18)] "The modes of vibrations"
                                                         0                           1                           2                           3                           4                           5                           6                           7

0                                      0.0000000000000000e+00         0.0000000000000000e+00         0.0000000000000000e+00         0.0000000000000000e+00         0.0000000000000000e+00         0.0000000000000000e+00        -3.7586611922566928e-05         2.3558071605513484e-01
1                                      0.0000000000000000e+00         0.0000000000000000e+00         0.0000000000000000e+00         0.0000000000000000e+00         0.0000000000000000e+00         0.0000000000000000e+00        -2.8505724990254051e-05         5.8922876314147802e-03
2                                      0.0000000000000000e+00         0.0000000000000000e+00         0.0000000000000000e+00         0.0000000000000000e+00         0.0000000000000000e+00         0.0000000000000000e+00        -7.9524267597727669e-02        -5.2426108884225222e-06
3                                      0.0000000000000000e+00         0.0000000000000000e+00         0.0000000000000000e+00         0.0000000000000000e+00         0.0000000000000000e+00         0.0000000000000000e+00        -4.4385559669852586e-05         2.7534976500107178e-01
4                                      0.0000000000000000e+00         0.0000000000000000e+00         0.0000000000000000e+00         0.0000000000000000e+00         0.0000000000000000e+00         0.0000000000000000e+00         1.5090662754157311e-03         6.9373596903446631e-03
5                                      0.0000000000000000e+00         0.0000000000000000e+00         0.0000000000000000e+00         0.0000000000000000e+00         0.0000000000000000e+00         0.0000000000000000e+00        -7.0433507958736596e-02         3.2129478716312549e-03
6                                      0.0000000000000000e+00         0.0000000000000000e+00         0.0000000000000000e+00         0.0000000000000000e+00         0.0000000000000000e+00         0.0000000000000000e+00         1.2918968062175110e-03         2.7687821138668844e-01
7                                      0.0000000000000000e+00         0.0000000000000000e+00         0.0000000000000000e+00         0.0000000000000000e+00         0.0000000000000000e+00         0.0000000000000000e+00        -8.0510626880580963e-04         6.1085793534776190e-03
8                                      0.0000000000000000e+00         0.0000000000000000e+00         0.0000000000000000e+00         0.0000000000000000e+00         0.0000000000000000e+00         0.0000000000000000e+00        -7.0426962620180139e-02         1.0978259751948101e-01
9                                      0.0000000000000000e+00         0.0000000000000000e+00         0.0000000000000000e+00         0.0000000000000000e+00         0.0000000000000000e+00         0.0000000000000000e+00        -1.3813733571314058e-03         2.7692403296166723e-01
10                                     0.0000000000000000e+00         0.0000000000000000e+00         0.0000000000000000e+00         0.0000000000000000e+00         0.0000000000000000e+00         0.0000000000000000e+00        -8.0550350840898619e-04         7.6933507472744869e-03
11                                     0.0000000000000000e+00         0.0000000000000000e+00         0.0000000000000000e+00         0.0000000000000000e+00         0.0000000000000000e+00         0.0000000000000000e+00        -7.0388218053434884e-02        -1.1301306707651865e-01
12                                     0.0000000000000000e+00         0.0000000000000000e+00         0.0000000000000000e+00         0.0000000000000000e+00         0.0000000000000000e+00         0.0000000000000000e+00         4.0082166732590953e-06        -2.7244594748820138e-02
13                                     0.0000000000000000e+00         0.0000000000000000e+00         0.0000000000000000e+00         0.0000000000000000e+00         0.0000000000000000e+00         0.0000000000000000e+00         2.9686917069397973e-06        -6.8143683426984071e-04
14                                     0.0000000000000000e+00         0.0000000000000000e+00         0.0000000000000000e+00         0.0000000000000000e+00         0.0000000000000000e+00         0.0000000000000000e+00        -7.7602952921882296e-02        -1.4017464822116115e-05
15                                     0.0000000000000000e+00         0.0000000000000000e+00         0.0000000000000000e+00         0.0000000000000000e+00         0.0000000000000000e+00         0.0000000000000000e+00         2.0971575340973664e-06        -1.1729724866286180e-02
16                                     0.0000000000000000e+00         0.0000000000000000e+00         0.0000000000000000e+00         0.0000000000000000e+00         0.0000000000000000e+00         0.0000000000000000e+00         1.6354581976904942e-06        -2.9338587700699899e-04
17                                     0.0000000000000000e+00         0.0000000000000000e+00         0.0000000000000000e+00         0.0000000000000000e+00         0.0000000000000000e+00         0.0000000000000000e+00         5.8066040935509169e-02         9.4612001383570892e-06
                                                         8                           9                          10                          11                          12                          13                          14                          15

0                                      5.8925163811939683e-03        -8.6525423458505849e-06        -9.0976281152581787e-02         3.6415993702701981e-02        -9.6394756182407755e-07        -2.9951765982024954e-03        -7.0153421934440324e-02        -7.5181014168914046e-05
1                                     -2.3558150058915553e-01        -8.7094837011751870e-06        -3.6416484618060393e-02        -9.0975190267224948e-02        -1.7267202986574142e-07        -7.0152273520058150e-02         2.9951549963410143e-03        -2.4804406954427566e-05
2                                      1.8361807793342127e-06         2.5298404884436237e-01        -5.9840411200615165e-06        -3.0907556093708233e-06         8.4865588585322435e-02         1.8514752032124995e-06        -4.1671180066838199e-07         3.4956431094786890e-02
3                                      6.8271170136855498e-03        -5.2608106402562420e-06         2.1465124243995609e-01        -8.5936058064928905e-02         5.7564783547978084e-06         3.0922355863551902e-02         7.2424364209593806e-01        -3.3673017320490908e-05
4                                     -2.7735587098545950e-01        -2.0142834884762404e-02         5.2547057827570777e-02         1.3127459848287804e-01        -1.6523587453207686e-01        -1.1732509250847985e-01         5.0068751506625129e-03         5.5063376386787266e-01
5                                     -1.2862604947963655e-01         1.5649903293773879e-01         2.6496005822034829e-01         6.6192708427049018e-01        -5.2332111938731385e-01        -2.8765178397066038e-01         1.2289132922721208e-02        -1.5124374721974101e-01
6                                      7.8008047428480588e-03        -1.7445007380658444e-02         1.6657186313984199e-01        -2.4780377362117856e-02        -1.4311298623050445e-01         3.6837936226056694e-01         7.7515342716427349e-02         4.7705988373193842e-01
7                                     -2.7586132990396672e-01         1.0062687351782649e-02         1.1367353290668868e-01         1.7937701593147359e-01         8.2619360122290861e-02         5.2940535772370001e-01         3.4248136335043156e-01        -2.7545790677086268e-01
8                                      6.7102248775018400e-02         1.5649566070608242e-01         4.4076127843360013e-01        -5.6042147594752556e-01        -5.2333952215406609e-01         1.3318446838372522e-01        -2.5522748993594541e-01        -1.5132575939731499e-01
9                                      6.1102936869626267e-03         1.7434989126249117e-02         1.3768312727352180e-01        -9.6993231691025347e-02         1.4312464133505801e-01        -3.6043262405810639e-01         1.0861484866923407e-01        -4.7612886527210718e-01
10                                    -2.7592856486966233e-01         1.0062956103051451e-02         4.1493496554297023e-02         2.0826445598183521e-01         8.2619262862824519e-02         4.9830040769900852e-01        -3.8635531733669615e-01        -2.7488090413976324e-01
11                                     6.1530472768353606e-02         1.5648193401986440e-01        -7.0572697082015778e-01        -1.0149253144571066e-01        -5.2332710449041953e-01         1.5444225453068211e-01         2.4295298929001610e-01        -1.5099830968465908e-01
12                                    -6.8145382925468721e-04         1.3385140572449670e-06         7.3213098350403067e-03        -2.9306034069129907e-03        -1.2892871041586399e-07        -4.0562139832123313e-05        -9.4999576481529207e-04        -6.0327799428716867e-08
13                                     2.7244630504981611e-02         1.3592692092539660e-06         2.9305993002210103e-03         7.3211670401093333e-03        -4.2737165085101735e-08        -9.5018105801930380e-04         4.0548157459618686e-05        -1.0851093885823581e-08
14                                     1.0453395987648340e-05        -4.4186233028030063e-02         6.8581182247062841e-07         2.0498833930665689e-07         5.7481382496155295e-03         6.9926761432117559e-08        -7.0857972815802501e-08         3.2669149926523559e-04
15                                    -2.9338829364945279e-04         9.7554850371472904e-08        -1.2067790080541919e-04         4.8337717133267667e-05         3.4109555204904707e-08         2.8317001620363854e-07         6.7816257986788022e-06         2.5966479955585563e-08
16                                     1.1729727014290613e-02         1.0506666889754661e-07        -4.8323777202522877e-05        -1.2076938663871660e-04         2.1420193682689204e-08         6.7352678299375297e-06        -2.8832920243113512e-07         1.1663935591739500e-08
17                                    -6.8085590780066453e-06         1.4701471698163205e-04         1.7933170068368529e-07         5.9598148475718548e-08         8.1915537712738370e-04        -2.0202302609932224e-08        -3.2172242241384388e-08         8.8510749892443556e-05
                                                        16                          17

0                                      6.0275372953409560e-02         6.4027618772316885e-02
1                                     -6.4027669401160656e-02         6.0275009863440247e-02
2                                      1.3291171581235870e-05         2.9976306200327117e-05
3                                      2.6904020835122059e-02         2.8572562739517682e-02
4                                      5.3804786692153128e-01        -5.0587572326013241e-01
5                                     -1.6733545117648504e-01         1.5735408759132066e-01
6                                     -6.1809260674610644e-01        -1.6495137397799209e-01
7                                      3.4381050739604851e-01         1.3864100374976393e-01
8                                      2.1996819010620400e-01         6.6010825615047189e-02
9                                     -1.2793094608933939e-01        -6.2750709315784448e-01
10                                    -1.1797470778438279e-01        -3.5187793755504515e-01
11                                    -5.2804755824155891e-02        -2.2375438031353273e-01
12                                     3.4978765406530138e-05         3.7141811048713990e-05
13                                    -3.7131597309313448e-05         3.4956294621399579e-05
14                                     1.2136667355022269e-07         2.7281535102699722e-07
15                                    -1.4892195768774558e-05        -1.5810623684799711e-05
16                                     1.5826760732017064e-05        -1.4898290686321809e-05
17                                     3.1958790493016157e-08         8.4629501205382395e-08
$End
$THERMOCHEMISTRY_Energies
   &GeometryIndex 5
   &temperature [&Type "Double"]       2.9814999999999998e+02
   &pressure [&Type "Double"]       1.0000000000000000e+00
   &totalMass [&Type "Double"]       2.2183500000000001e+02
   &spinDegeneracy [&Type "Integer"] 1
   &elEnergy [&Type "Double"]      -1.1827182477770000e+01
   &transEnergy [&Type "Double"]       1.4162714244859817e-03
   &rotEnergy [&Type "Double"]       1.4162714244859817e-03
   &vibEnergy [&Type "Double"]       2.5852371445862880e-03
   &numOfFreqs [&Type "Integer"] 18
   &freqScalingFactor [&Type "Double"]       1.0000000000000000e+00
   &FREQ [&Type "ArrayOfDoubles", &Units "cm^-1", &Dim (18,1)] 
                                                         0

0                                      0.0000000000000000e+00
1                                      0.0000000000000000e+00
2                                      0.0000000000000000e+00
3                                      0.0000000000000000e+00
4                                      0.0000000000000000e+00
5                                      0.0000000000000000e+00
6                                      8.8401546313012631e+01
7                                      1.0370265928290350e+02
8                                      1.0371738326527216e+02
9                                      4.5677316658736970e+02
10                                     9.4930332397096402e+02
11                                     9.4930911899704211e+02
12                                     1.2750907133057417e+03
13                                     1.4335403757171273e+03
14                                     1.4335627688861300e+03
15                                     3.0784501624309300e+03
16                                     3.1016801552035004e+03
17                                     3.1017039569560870e+03
   &zpe [&Type "Double"]       3.6622080768089864e-02
   &innerEnergyU [&Type "Double"]      -1.1785142617008352e+01
   &enthalpyH [&Type "Double"]      -1.1784198407966093e+01
   &qEl [&Type "Double"]       0.0000000000000000e+00
   &qRot [&Type "Double"]       1.2851840210857939e-02
   &qVib [&Type "Double"]       5.0177796158019910e-03
   &qTrans [&Type "Double"]       1.9999675746369457e-02
   &entropyS [&Type "Double"]       3.7869295573029385e-02
   &freeEnergyG [&Type "Double"]      -1.1822067703539123e+01
   &isLinear [&Type "Boolean"] false
$End
$Calculation_Info
   &GeometryIndex 5
   &Mult [&Type "Integer"] 1
   &Charge [&Type "Integer"] -1
   &NumOfAtoms [&Type "Integer"] 6
   &NumOfElectrons [&Type "Integer"] 0
   &NumOfBasisFuncts [&Type "Integer"] 0
   &NumOfAuxCBasisFuncts [&Type "Integer"] 0
   &NumOfAuxJBasisFuncts [&Type "Integer"] 0
   &NumOfAuxJKBasisFuncts [&Type "Integer"] 0
   &NumOfCABSBasisFuncts [&Type "Integer"] 0
$End
$Calculation_Timings
   &GeometryIndex 5
   &GSTEP [&Type "Double"]       1.1561999999999906e-02
   &XTB [&Type "Double"]       1.0182629999999997e+00
   &XTBGRAD [&Type "Double"]       1.7359999999998488e-03
   &SUM [&Type "Double"]       1.0315609999999995e+00
$End
