
$orca_hessian_file

$act_atom
  0

$act_coord
  0

$act_energy
      -11.827182

$multiplicity
  1

$hessian
18
                    0                  1                  2                  3                  4        
    0      5.1197257780E-01   4.9660000000E-07   4.7690000000E-07  -4.1750644100E-02  -7.7160000000E-07
    1      4.9660000000E-07   5.1197566510E-01  -1.1272500000E-05  -7.3950000000E-07  -2.8396354780E-01
    2      4.7690000000E-07  -1.1272500000E-05   2.0029525920E-01   2.6160000000E-07   7.2615133000E-02
    3     -4.1750644100E-02  -7.3950000000E-07   2.6160000000E-07   4.3978349700E-02   9.7350000000E-07
    4     -7.7160000000E-07  -2.8396354780E-01   7.2615133000E-02   9.7350000000E-07   3.1578070720E-01
    5      3.1990000000E-07   7.9391661500E-02  -5.2224033800E-02  -3.1190000000E-07  -8.1546929000E-02
    6     -2.2339920150E-01   1.0487626240E-01   6.2877327000E-02  -1.2203119000E-03   1.8559736000E-03
    7      1.0487489400E-01  -1.0229696760E-01  -3.6301507100E-02   2.6095106600E-02  -1.7358930200E-02
    8      6.8746188000E-02  -3.9689775800E-02  -5.2221881500E-02  -6.4337100000E-03   3.3559993000E-03
    9     -2.2340345120E-01  -1.0487599470E-01  -6.2878278100E-02  -1.2207069000E-03  -1.8561898000E-03
   10     -1.0487460210E-01  -1.0229497760E-01  -3.6301114000E-02  -2.6095306700E-02  -1.7358928300E-02
   11     -6.8747156900E-02  -3.9689332300E-02  -5.2221450800E-02   6.4337538000E-03   3.3559728000E-03
   12     -2.1249179300E-02  -1.0000000000E-08   4.7500000000E-08   5.0318950000E-04   3.0000000000E-10
   13     -3.6000000000E-09  -2.1249564300E-02  -5.0740000000E-07  -2.0400000000E-08   2.4102554000E-03
   14      9.7600000000E-08  -1.0844000000E-06  -5.0206651900E-02   1.3600000000E-08   1.0496955000E-03
   15     -2.1701017000E-03  -1.4800000000E-08   1.6510000000E-07  -2.8987630000E-04   1.4000000000E-08
   16     -1.3400000000E-08  -2.1706078000E-03  -7.3200000000E-07  -1.3600000000E-08   4.9044380000E-04
   17      7.4400000000E-08  -1.9640000000E-07   6.5787589000E-03  -7.1000000000E-09   1.1701284000E-03
                    5                  6                  7                  8                  9        
    0      3.1990000000E-07  -2.2339920150E-01   1.0487489400E-01   6.8746188000E-02  -2.2340345120E-01
    1      7.9391661500E-02   1.0487626240E-01  -1.0229696760E-01  -3.9689775800E-02  -1.0487599470E-01
    2     -5.2224033800E-02   6.2877327000E-02  -3.6301507100E-02  -5.2221881500E-02  -6.2878278100E-02
    3     -3.1190000000E-07  -1.2203119000E-03   2.6095106600E-02  -6.4337100000E-03  -1.2207069000E-03
    4     -8.1546929000E-02   1.8559736000E-03  -1.7358930200E-02   3.3559993000E-03  -1.8561898000E-03
    5      6.9348510900E-02  -3.1045100000E-04  -7.2485395000E-03   3.7990275000E-03   3.1036760000E-04
    6     -3.1045100000E-04   2.4781862180E-01  -1.1768826700E-01  -7.0611791100E-02  -2.5426847700E-02
    7     -7.2485395000E-03  -1.1768826700E-01   1.1192429250E-01   4.0767504700E-02  -1.2119265100E-02
    8      3.7990275000E-03  -7.0611791100E-02   4.0767504700E-02   6.9342339400E-02  -6.1219253000E-03
    9      3.1036760000E-04  -2.5426847700E-02  -1.2119265100E-02  -6.1219253000E-03   2.4782321670E-01
   10     -7.2485289000E-03   1.2119671100E-02   6.8478498000E-03   3.8931318000E-03   1.1768779030E-01
   11      3.7990311000E-03   6.1220099000E-03   3.8930780000E-03   3.7996944000E-03   7.0612792500E-02
   12      9.3300000000E-08   1.9328239000E-03  -8.2489020000E-04   1.5057897900E-02   1.9328486000E-03
   13      1.7387359700E-02  -8.2561050000E-04   9.7901240000E-04  -8.6945820000E-03   8.2561490000E-04
   14     -2.0602775900E-02   9.0963630000E-04  -5.2549350000E-04  -2.0600528200E-02  -9.0962040000E-04
   15     -1.7800000000E-08   2.9491530000E-04  -3.3757840000E-04  -6.3665950000E-04   2.9494050000E-04
   16     -7.3502380000E-04  -3.3802950000E-04  -9.5256800000E-05   3.6772200000E-04   3.3804450000E-04
   17     -4.1197597000E-03   1.0132690000E-03  -5.8504270000E-04  -4.1186516000E-03  -1.0133363000E-03
                   10                 11                 12                 13                 14        
    0     -1.0487460210E-01  -6.8747156900E-02  -2.1249179300E-02  -3.6000000000E-09   9.7600000000E-08
    1     -1.0229497760E-01  -3.9689332300E-02  -1.0000000000E-08  -2.1249564300E-02  -1.0844000000E-06
    2     -3.6301114000E-02  -5.2221450800E-02   4.7500000000E-08  -5.0740000000E-07  -5.0206651900E-02
    3     -2.6095306700E-02   6.4337538000E-03   5.0318950000E-04  -2.0400000000E-08   1.3600000000E-08
    4     -1.7358928300E-02   3.3559728000E-03   3.0000000000E-10   2.4102554000E-03   1.0496955000E-03
    5     -7.2485289000E-03   3.7990311000E-03   9.3300000000E-08   1.7387359700E-02  -2.0602775900E-02
    6      1.2119671100E-02   6.1220099000E-03   1.9328239000E-03  -8.2561050000E-04   9.0963630000E-04
    7      6.8478498000E-03   3.8930780000E-03  -8.2489020000E-04   9.7901240000E-04  -5.2549350000E-04
    8      3.8931318000E-03   3.7996944000E-03   1.5057897900E-02  -8.6945820000E-03  -2.0600528200E-02
    9      1.1768779030E-01   7.0612792500E-02   1.9328486000E-03   8.2561490000E-04  -9.0962040000E-04
   10      1.1192237100E-01   4.0767046400E-02   8.2487890000E-04   9.7894770000E-04  -5.2548200000E-04
   11      4.0767046400E-02   6.9342459800E-02  -1.5057965600E-02  -8.6944373000E-03  -2.0600851500E-02
   12      8.2487890000E-04  -1.5057965600E-02   1.5924588100E-02   5.7000000000E-09  -3.8600000000E-08
   13      9.7894770000E-04  -8.6944373000E-03   5.7000000000E-09   1.5925284800E-02   2.1732000000E-06
   14     -5.2548200000E-04  -2.0600851500E-02  -3.8600000000E-08   2.1732000000E-06   1.2300045440E-01
   15      3.3756850000E-04   6.3656630000E-04   9.5572920000E-04   1.3900000000E-08  -8.8500000000E-08
   16     -9.5262500000E-05   3.6767240000E-04   1.5200000000E-08   9.5606420000E-04   1.9130000000E-07
   17     -5.8505320000E-04  -4.1188830000E-03  -3.4500000000E-08  -6.2000000000E-09  -1.0989646900E-02
                   15                 16                 17        
     0     -2.1701017000E-03  -1.3400000000E-08   7.4400000000E-08
     1     -1.4800000000E-08  -2.1706078000E-03  -1.9640000000E-07
     2      1.6510000000E-07  -7.3200000000E-07   6.5787589000E-03
     3     -2.8987630000E-04  -1.3600000000E-08  -7.1000000000E-09
     4      1.4000000000E-08   4.9044380000E-04   1.1701284000E-03
     5     -1.7800000000E-08  -7.3502380000E-04  -4.1197597000E-03
     6      2.9491530000E-04  -3.3802950000E-04   1.0132690000E-03
     7     -3.3757840000E-04  -9.5256800000E-05  -5.8504270000E-04
     8     -6.3665950000E-04   3.6772200000E-04  -4.1186516000E-03
     9      2.9494050000E-04   3.3804450000E-04  -1.0133363000E-03
    10      3.3756850000E-04  -9.5262500000E-05  -5.8505320000E-04
    11      6.3656630000E-04   3.6767240000E-04  -4.1188830000E-03
    12      9.5572920000E-04   1.5200000000E-08  -3.4500000000E-08
    13      1.3900000000E-08   9.5606420000E-04  -6.2000000000E-09
    14     -8.8500000000E-08   1.9130000000E-07  -1.0989646900E-02
    15      9.1439300000E-04  -3.2000000000E-09   3.4400000000E-08
    16     -3.2000000000E-09   9.1461910000E-04   1.7010000000E-07
    17      3.4400000000E-08   1.7010000000E-07   1.6768182300E-02

$vibrational_frequencies
18
    0        0.0000000000000000
    1        0.0000000000000000
    2        0.0000000000000000
    3        0.0000000000000000
    4        0.0000000000000000
    5        0.0000000000000000
    6       88.3953691536209618
    7      103.7025955995518984
    8      103.7153601470434836
    9      456.7445538530969316
   10      949.3149551699149242
   11      949.3285065405560772
   12     1275.0638136487359589
   13     1433.5280298871864488
   14     1433.5527693202761839
   15     3078.4591110403753191
   16     3101.6842470647675327
   17     3101.7413646752679597

$normal_modes
18 18
                    0                  1                  2                  3                  4        
    0      0.0000000000E+00   0.0000000000E+00   0.0000000000E+00   0.0000000000E+00   0.0000000000E+00
    1      0.0000000000E+00   0.0000000000E+00   0.0000000000E+00   0.0000000000E+00   0.0000000000E+00
    2      0.0000000000E+00   0.0000000000E+00   0.0000000000E+00   0.0000000000E+00   0.0000000000E+00
    3      0.0000000000E+00   0.0000000000E+00   0.0000000000E+00   0.0000000000E+00   0.0000000000E+00
    4      0.0000000000E+00   0.0000000000E+00   0.0000000000E+00   0.0000000000E+00   0.0000000000E+00
    5      0.0000000000E+00   0.0000000000E+00   0.0000000000E+00   0.0000000000E+00   0.0000000000E+00
    6      0.0000000000E+00   0.0000000000E+00   0.0000000000E+00   0.0000000000E+00   0.0000000000E+00
    7      0.0000000000E+00   0.0000000000E+00   0.0000000000E+00   0.0000000000E+00   0.0000000000E+00
    8      0.0000000000E+00   0.0000000000E+00   0.0000000000E+00   0.0000000000E+00   0.0000000000E+00
    9      0.0000000000E+00   0.0000000000E+00   0.0000000000E+00   0.0000000000E+00   0.0000000000E+00
   10      0.0000000000E+00   0.0000000000E+00   0.0000000000E+00   0.0000000000E+00   0.0000000000E+00
   11      0.0000000000E+00   0.0000000000E+00   0.0000000000E+00   0.0000000000E+00   0.0000000000E+00
   12      0.0000000000E+00   0.0000000000E+00   0.0000000000E+00   0.0000000000E+00   0.0000000000E+00
   13      0.0000000000E+00   0.0000000000E+00   0.0000000000E+00   0.0000000000E+00   0.0000000000E+00
   14      0.0000000000E+00   0.0000000000E+00   0.0000000000E+00   0.0000000000E+00   0.0000000000E+00
   15      0.0000000000E+00   0.0000000000E+00   0.0000000000E+00   0.0000000000E+00   0.0000000000E+00
   16      0.0000000000E+00   0.0000000000E+00   0.0000000000E+00   0.0000000000E+00   0.0000000000E+00
   17      0.0000000000E+00   0.0000000000E+00   0.0000000000E+00   0.0000000000E+00   0.0000000000E+00
                    5                  6                  7                  8                  9        
    0      0.0000000000E+00   4.3517764600E-05   4.2284917766E-01   4.2440129213E-03  -3.1628535234E-06
    1      0.0000000000E+00  -2.5818770774E-04   4.2438920041E-03  -4.2285191562E-01   3.0601294269E-05
    2      0.0000000000E+00   4.5461632406E-01  -2.6874509956E-06  -1.0109950305E-05   6.7461580434E-01
    3      0.0000000000E+00   5.1275413346E-05   4.9446108684E-01   4.9385437562E-03  -1.6196421410E-06
    4      0.0000000000E+00  -9.1306263765E-03   4.9966068467E-03  -4.9783765777E-01  -5.3686558515E-02
    5      0.0000000000E+00   4.0238916434E-01   2.3155456728E-03  -2.3089075234E-01   4.1724332664E-01
    6      0.0000000000E+00  -7.5877205851E-03   4.9687915673E-01   6.5142892952E-03  -4.6509487280E-02
    7      0.0000000000E+00   4.1047271830E-03   3.3556984030E-03  -4.9520056929E-01   2.6866239972E-02
    8      0.0000000000E+00   4.0264057587E-01   1.9878485878E-01   1.1743478505E-01   4.1729716036E-01
    9      0.0000000000E+00   7.6910589148E-03   4.9690974685E-01   3.4838009219E-03   4.6506369775E-02
   10      0.0000000000E+00   4.1051827874E-03   6.5847460734E-03  -4.9520984136E-01   2.6866366538E-02
   11      0.0000000000E+00   4.0259549621E-01  -2.0111015034E-01   1.1342009740E-01   4.1728720459E-01
   12      0.0000000000E+00  -4.5727669507E-06  -4.8901847548E-02  -4.9080647559E-04   5.8037602045E-07
   13      0.0000000000E+00   2.7634511697E-05  -4.9079675150E-04   4.8902101816E-02  -4.4594827576E-06
   14      0.0000000000E+00   4.4361160492E-01  -4.5104396092E-06  -2.9897575386E-05  -1.1783046137E-01
   15      0.0000000000E+00  -2.4679152424E-06  -2.1053899481E-02  -2.1131228402E-04  -2.8431568078E-08
   16      0.0000000000E+00   1.4351278253E-05  -2.1131027699E-04   2.1053983266E-02  -4.5434083904E-07
   17      0.0000000000E+00  -3.3193262521E-01   3.1716859576E-06   2.0066223318E-05   3.9401989358E-04
                   10                 11                 12                 13                 14        
    0      1.0426210367E-01  -3.3897055246E-03  -1.3128897559E-08  -8.2124521429E-04   7.2490960283E-02
    1      3.3900059543E-03   1.0426405929E-01  -2.5860136690E-06  -7.2487963386E-02  -8.2123137417E-04
    2      6.6291763308E-07  -6.0594079375E-06  -8.8920681647E-02   2.9643730507E-06  -1.0440947429E-07
    3     -2.4599962530E-01   8.0003653701E-03   4.4690507942E-08   8.4748110240E-03  -7.4836751874E-01
    4     -4.8916052220E-03  -1.5046137722E-01   1.7314278258E-01  -1.2124086584E-01  -1.3699857238E-03
    5     -2.4667150300E-02  -7.5863127625E-01   5.4834449910E-01  -2.9723545512E-01  -3.3658028028E-03
    6     -1.7568395753E-01  -3.5718132330E-02   1.4995525600E-01   3.7762450423E-01  -9.1903707590E-02
    7     -4.8613433899E-02  -2.2078000545E-01  -8.6549052544E-02   5.3523084642E-01  -3.7052779314E-01
    8     -6.4465536254E-01   4.0066479023E-01   5.4838104766E-01   1.4567186703E-01   2.5907270846E-01
    9     -1.7299144213E-01   4.7052038019E-02  -1.4995445826E-01  -3.7544178601E-01  -1.0042735603E-01
   10      3.4169405918E-02  -2.2346874566E-01  -8.6548816684E-02   5.2670845472E-01   3.8255474759E-01
   11      6.6932575763E-01   3.5793704882E-01   5.4837929109E-01   1.5150188652E-01  -2.5570819297E-01
   12     -8.3906932849E-03   2.7281211371E-04   1.4366439301E-08  -1.1122613254E-05   9.8161790846E-04
   13     -2.7281910533E-04  -8.3905672985E-03  -2.4006277411E-07  -9.8194899237E-04  -1.1111165727E-05
   14     -9.7587171544E-08   9.9355099181E-07  -6.0239410339E-03   2.5048643131E-07   1.9321166261E-08
   15      1.3835060274E-04  -4.5144212530E-06  -1.4494483705E-08   7.7884848774E-08  -7.0608654624E-06
   16      4.5012077717E-06   1.3836501478E-04   3.9156551307E-08   6.9868395829E-06   7.3819564640E-08
   17     -2.7075114409E-08   1.8177713868E-07  -8.5836470202E-04   5.1822244915E-08   7.9425410103E-09
                   15                 16                 17        
     0     -2.0233709566E-05   9.2161235189E-02  -5.0914268928E-03
     1      1.5779062744E-04  -5.0914133751E-03  -9.2159928803E-02
     2      3.5331731509E-02   1.2013872058E-05   6.6177313517E-05
     3     -9.9377905486E-06   4.1133080848E-02  -2.2690154863E-03
     4      5.5505350740E-01   4.2952268883E-02   7.7516581562E-01
     5     -1.5240908657E-01  -1.3352851588E-02  -2.4106719108E-01
     6      4.8257795689E-01  -5.8967017860E-01  -3.2064216073E-01
     7     -2.7854711009E-01   3.6192310336E-01   1.4267572782E-01
     8     -1.5306259655E-01   2.1510892244E-01   1.0858648887E-01
     9     -4.8232665528E-01  -5.5099787033E-01   3.8365477811E-01
    10     -2.7839110265E-01  -3.4413215611E-01   1.8167471722E-01
    11     -1.5297011677E-01  -2.0191225707E-01   1.3162279675E-01
    12     -2.1138299109E-08   5.3471663155E-05  -2.9442908587E-06
    13      1.1432310116E-07  -2.9538658483E-06  -5.3461393273E-05
    14      3.3024565136E-04   1.1294913836E-07   6.0570402406E-07
    15      1.1200184501E-08  -2.2771740808E-05   1.2515882367E-06
    16     -3.6049337683E-08   1.2594016177E-06   2.2790224088E-05
    17      8.9466348198E-05   3.2407039182E-08   1.6956065235E-07

#
# The atoms: label  mass x y z (in bohrs)
#
$atoms
6
 C     12.01100      0.000020951828    -0.000105198579     2.123015156755
 H      1.00800      0.000019016896     1.948786752966     1.512931126913
 H      1.00800      1.687836683231    -0.974557969513     1.512975369066
 H      1.00800     -1.687790183311    -0.974555033307     1.512965585136
 Br    79.90000      0.000001832017    -0.000008566386     5.844797082360
 I    126.90000     -0.000003656986     0.000017942114    -3.917052836770

$actual_temperature
  0.000000

$frequency_scale_factor
  1.000000


$end

