
$orca_hessian_file

$act_atom
  0

$act_coord
  0

$act_energy
      -11.827182

$multiplicity
  1

$hessian
18
                    0                  1                  2                  3                  4        
    0      5.1196510520E-01   1.9340000000E-06   6.1418000000E-06  -4.1751557700E-02  -8.6340000000E-07
    1      1.9340000000E-06   5.1195952880E-01   3.7567000000E-06  -8.3880000000E-07  -2.8394841270E-01
    2      6.1418000000E-06   3.7567000000E-06   2.0032212110E-01   2.1220000000E-07   7.2607357600E-02
    3     -4.1751557700E-02  -8.3880000000E-07   2.1220000000E-07   4.3978307700E-02   1.3428000000E-06
    4     -8.6340000000E-07  -2.8394841270E-01   7.2607357600E-02   1.3428000000E-06   3.1576667520E-01
    5      3.6890000000E-07   7.9384905000E-02  -5.2226049000E-02  -4.7580000000E-07  -8.1538649600E-02
    6     -2.2339389210E-01   1.0487466250E-01   6.2881848500E-02  -1.2195614000E-03   1.8558409000E-03
    7      1.0487330060E-01  -1.0229657880E-01  -3.6304696400E-02   2.6095520700E-02  -1.7358845600E-02
    8      6.8751558200E-02  -3.9693342400E-02  -5.2227159800E-02  -6.4331823000E-03   3.3555218000E-03
    9     -2.2340046130E-01  -1.0487563600E-01  -6.2889481200E-02  -1.2204930000E-03  -1.8563263000E-03
   10     -1.0487433760E-01  -1.0229459870E-01  -3.6307952500E-02  -2.6095611700E-02  -1.7359533700E-02
   11     -6.8759234900E-02  -3.9696531400E-02  -5.2229189900E-02   6.4331140000E-03   3.3555403000E-03
   12     -2.1249765900E-02  -6.3500000000E-08   6.2440000000E-07   5.0343400000E-04  -3.4100000000E-08
   13      1.0400000000E-08  -2.1250167600E-02   9.7550000000E-07  -3.5720000000E-07   2.4100494000E-03
   14      9.0600000000E-07   9.2790000000E-07  -5.0216600400E-02   3.3040000000E-07   1.0503670000E-03
   15     -2.1694283000E-03  -5.8300000000E-08   6.5410000000E-07  -2.9012960000E-04   4.0200000000E-08
   16     -4.4000000000E-08  -2.1697711000E-03   5.5900000000E-07  -5.5700000000E-08   4.9006730000E-04
   17      2.5990000000E-07   2.8410000000E-07   6.5768780000E-03   1.5000000000E-09   1.1698630000E-03
                    5                  6                  7                  8                  9        
    0      3.6890000000E-07  -2.2339389210E-01   1.0487330060E-01   6.8751558200E-02  -2.2340046130E-01
    1      7.9384905000E-02   1.0487466250E-01  -1.0229657880E-01  -3.9693342400E-02  -1.0487563600E-01
    2     -5.2226049000E-02   6.2881848500E-02  -3.6304696400E-02  -5.2227159800E-02  -6.2889481200E-02
    3     -4.7580000000E-07  -1.2195614000E-03   2.6095520700E-02  -6.4331823000E-03  -1.2204930000E-03
    4     -8.1538649600E-02   1.8558409000E-03  -1.7358845600E-02   3.3555218000E-03  -1.8563263000E-03
    5      6.9344617900E-02  -3.1048840000E-04  -7.2489242000E-03   3.7997225000E-03   3.1021270000E-04
    6     -3.1048840000E-04   2.4781533280E-01  -1.1768640830E-01  -7.0616838800E-02  -2.5429184300E-02
    7     -7.2489242000E-03  -1.1768640830E-01   1.1192424670E-01   4.0770276300E-02  -1.2118982800E-02
    8      3.7997225000E-03  -7.0616838800E-02   4.0770276300E-02   6.9346664000E-02  -6.1230890000E-03
    9      3.1021270000E-04  -2.5429184300E-02  -1.2118982800E-02  -6.1230890000E-03   2.4782226870E-01
   10     -7.2496145000E-03   1.2119558300E-02   6.8470216000E-03   3.8933266000E-03   1.1768697190E-01
   11      3.7999224000E-03   6.1224785000E-03   3.8929400000E-03   3.8000084000E-03   7.0624785700E-02
   12      4.2040000000E-07   1.9326698000E-03  -8.2573390000E-04   1.5058040700E-02   1.9331897000E-03
   13      1.7387421500E-02  -8.2568280000E-04   9.7964300000E-04  -8.6933239000E-03   8.2595990000E-04
   14     -2.0599584000E-02   9.0974940000E-04  -5.2456450000E-04  -2.0600187800E-02  -9.0900790000E-04
   15     -3.7800000000E-08   2.9463530000E-04  -3.3769620000E-04  -6.3648880000E-04   2.9468020000E-04
   16     -7.3513830000E-04  -3.3797060000E-04  -9.5486900000E-05   3.6754170000E-04   3.3801330000E-04
   17     -4.1186299000E-03   1.0132508000E-03  -5.8503130000E-04  -4.1190473000E-03  -1.0134204000E-03
                   10                 11                 12                 13                 14        
    0     -1.0487433760E-01  -6.8759234900E-02  -2.1249765900E-02   1.0400000000E-08   9.0600000000E-07
    1     -1.0229459870E-01  -3.9696531400E-02  -6.3500000000E-08  -2.1250167600E-02   9.2790000000E-07
    2     -3.6307952500E-02  -5.2229189900E-02   6.2440000000E-07   9.7550000000E-07  -5.0216600400E-02
    3     -2.6095611700E-02   6.4331140000E-03   5.0343400000E-04  -3.5720000000E-07   3.3040000000E-07
    4     -1.7359533700E-02   3.3555403000E-03  -3.4100000000E-08   2.4100494000E-03   1.0503670000E-03
    5     -7.2496145000E-03   3.7999224000E-03   4.2040000000E-07   1.7387421500E-02  -2.0599584000E-02
    6      1.2119558300E-02   6.1224785000E-03   1.9326698000E-03  -8.2568280000E-04   9.0974940000E-04
    7      6.8470216000E-03   3.8929400000E-03  -8.2573390000E-04   9.7964300000E-04  -5.2456450000E-04
    8      3.8933266000E-03   3.8000084000E-03   1.5058040700E-02  -8.6933239000E-03  -2.0600187800E-02
    9      1.1768697190E-01   7.0624785700E-02   1.9331897000E-03   8.2595990000E-04  -9.0900790000E-04
   10      1.1192318540E-01   4.0773846500E-02   8.2574520000E-04   9.7944080000E-04  -5.2449770000E-04
   11      4.0773846500E-02   6.9351141100E-02  -1.5057349400E-02  -8.6931558000E-03  -2.0601730000E-02
   12      8.2574520000E-04  -1.5057349400E-02   1.5924616400E-02   1.9400000000E-08  -1.7090000000E-06
   13      9.7944080000E-04  -8.6931558000E-03   1.9400000000E-08   1.5924984700E-02  -1.9633000000E-06
   14     -5.2449770000E-04  -2.0601730000E-02  -1.7090000000E-06  -1.9633000000E-06   1.2300753970E-01
   15      3.3767400000E-04   6.3620620000E-04   9.5585600000E-04   5.0400000000E-08  -2.6890000000E-07
   16     -9.5515500000E-05   3.6736040000E-04   6.6900000000E-08   9.5604960000E-04  -2.6940000000E-07
   17     -5.8510840000E-04  -4.1201520000E-03  -2.7100000000E-08   4.6000000000E-08  -1.0989437500E-02
                   15                 16                 17        
     0     -2.1694283000E-03  -4.4000000000E-08   2.5990000000E-07
     1     -5.8300000000E-08  -2.1697711000E-03   2.8410000000E-07
     2      6.5410000000E-07   5.5900000000E-07   6.5768780000E-03
     3     -2.9012960000E-04  -5.5700000000E-08   1.5000000000E-09
     4      4.0200000000E-08   4.9006730000E-04   1.1698630000E-03
     5     -3.7800000000E-08  -7.3513830000E-04  -4.1186299000E-03
     6      2.9463530000E-04  -3.3797060000E-04   1.0132508000E-03
     7     -3.3769620000E-04  -9.5486900000E-05  -5.8503130000E-04
     8     -6.3648880000E-04   3.6754170000E-04  -4.1190473000E-03
     9      2.9468020000E-04   3.3801330000E-04  -1.0134204000E-03
    10      3.3767400000E-04  -9.5515500000E-05  -5.8510840000E-04
    11      6.3620620000E-04   3.6736040000E-04  -4.1201520000E-03
    12      9.5585600000E-04   6.6900000000E-08  -2.7100000000E-08
    13      5.0400000000E-08   9.5604960000E-04   4.6000000000E-08
    14     -2.6890000000E-07  -2.6940000000E-07  -1.0989437500E-02
    15      9.1438630000E-04  -1.0000000000E-08  -6.4700000000E-08
    16     -1.0000000000E-08   9.1465650000E-04  -5.3400000000E-08
    17     -6.4700000000E-08  -5.3400000000E-08   1.6770388600E-02

$vibrational_frequencies
18
    0        0.0000000000000000
    1        0.0000000000000000
    2        0.0000000000000000
    3        0.0000000000000000
    4        0.0000000000000000
    5        0.0000000000000000
    6       88.4015463130126307
    7      103.7026592829034968
    8      103.7173832652721615
    9      456.7731665873697011
   10      949.3033239709640156
   11      949.3091189970421055
   12     1275.0907133057417013
   13     1433.5403757171272900
   14     1433.5627688861300157
   15     3078.4501624309300496
   16     3101.6801552035003624
   17     3101.7039569560870405

$normal_modes
18 18
                    0                  1                  2                  3                  4        
    0      0.0000000000E+00   0.0000000000E+00   0.0000000000E+00   0.0000000000E+00   0.0000000000E+00
    1      0.0000000000E+00   0.0000000000E+00   0.0000000000E+00   0.0000000000E+00   0.0000000000E+00
    2      0.0000000000E+00   0.0000000000E+00   0.0000000000E+00   0.0000000000E+00   0.0000000000E+00
    3      0.0000000000E+00   0.0000000000E+00   0.0000000000E+00   0.0000000000E+00   0.0000000000E+00
    4      0.0000000000E+00   0.0000000000E+00   0.0000000000E+00   0.0000000000E+00   0.0000000000E+00
    5      0.0000000000E+00   0.0000000000E+00   0.0000000000E+00   0.0000000000E+00   0.0000000000E+00
    6      0.0000000000E+00   0.0000000000E+00   0.0000000000E+00   0.0000000000E+00   0.0000000000E+00
    7      0.0000000000E+00   0.0000000000E+00   0.0000000000E+00   0.0000000000E+00   0.0000000000E+00
    8      0.0000000000E+00   0.0000000000E+00   0.0000000000E+00   0.0000000000E+00   0.0000000000E+00
    9      0.0000000000E+00   0.0000000000E+00   0.0000000000E+00   0.0000000000E+00   0.0000000000E+00
   10      0.0000000000E+00   0.0000000000E+00   0.0000000000E+00   0.0000000000E+00   0.0000000000E+00
   11      0.0000000000E+00   0.0000000000E+00   0.0000000000E+00   0.0000000000E+00   0.0000000000E+00
   12      0.0000000000E+00   0.0000000000E+00   0.0000000000E+00   0.0000000000E+00   0.0000000000E+00
   13      0.0000000000E+00   0.0000000000E+00   0.0000000000E+00   0.0000000000E+00   0.0000000000E+00
   14      0.0000000000E+00   0.0000000000E+00   0.0000000000E+00   0.0000000000E+00   0.0000000000E+00
   15      0.0000000000E+00   0.0000000000E+00   0.0000000000E+00   0.0000000000E+00   0.0000000000E+00
   16      0.0000000000E+00   0.0000000000E+00   0.0000000000E+00   0.0000000000E+00   0.0000000000E+00
   17      0.0000000000E+00   0.0000000000E+00   0.0000000000E+00   0.0000000000E+00   0.0000000000E+00
                    5                  6                  7                  8                  9        
    0      0.0000000000E+00  -2.1486665386E-04   4.2273483967E-01   1.0573823291E-02  -2.3072267410E-05
    1      0.0000000000E+00  -1.6295509042E-04   1.0573341099E-02  -4.2273911464E-01  -2.3224103266E-05
    2      0.0000000000E+00  -4.5460637192E-01  -9.4075368753E-06   3.2949337492E-06   6.7458966303E-01
    3      0.0000000000E+00  -2.5373334275E-04   4.9409790713E-01   1.2250916964E-02  -1.4028111627E-05
    4      0.0000000000E+00   8.6266892508E-03   1.2448657452E-02  -4.9770111425E-01  -5.3711482045E-02
    5      0.0000000000E+00  -4.0263837043E-01   5.7654337169E-03  -2.3081295492E-01   4.1730943265E-01
    6      0.0000000000E+00   7.3852238784E-03   4.9684060843E-01   1.3998150458E-02  -4.6517642927E-02
    7      0.0000000000E+00  -4.6024496790E-03   1.0961463047E-02  -4.9501923570E-01   2.6832461971E-02
    8      0.0000000000E+00  -4.0260095351E-01   1.9699799516E-01   1.2041159924E-01   4.1730044049E-01
    9      0.0000000000E+00  -7.8967232158E-03   4.9692283238E-01   1.0964613677E-02   4.6490928947E-02
   10      0.0000000000E+00  -4.6047205286E-03   1.3805236053E-02  -4.9513988545E-01   2.6833178604E-02
   11      0.0000000000E+00  -4.0237946733E-01  -2.0279487045E-01   1.1041332836E-01   4.1726383787E-01
   12      0.0000000000E+00   2.2913267796E-05  -4.8888718848E-02  -1.2228345083E-03   3.5691884566E-06
   13      0.0000000000E+00   1.6970746252E-05  -1.2227957182E-03   4.8889114593E-02   3.6245327009E-06
   14      0.0000000000E+00  -4.4362303413E-01  -2.5153462658E-05   1.8758091589E-05  -1.1782393469E-01
   15      0.0000000000E+00   1.1988556534E-05  -2.1048256597E-02  -5.2647048767E-04   2.6013297652E-07
   16      0.0000000000E+00   9.3492180456E-06  -5.2646258045E-04   2.1048403209E-02   2.8016346916E-07
   17      0.0000000000E+00   3.3193882822E-01   1.6977531059E-05  -1.2217615685E-05   3.9201921560E-04
                   10                 11                 12                 13                 14        
    0     -9.6850573439E-02   3.8767296262E-02  -1.0100603902E-06  -3.0922920509E-03  -7.2428139667E-02
    1     -3.8767878542E-02  -9.6849263057E-02  -1.8093222575E-07  -7.2426887245E-02   3.0922725994E-03
    2     -6.3704276171E-06  -3.2903190659E-06   8.8925345029E-02   1.9115073404E-06  -4.3022363938E-07
    3      2.2851116419E-01  -9.1484764904E-02   6.0318538101E-06   3.1924980747E-02   7.4772717020E-01
    4      5.5939994674E-02   1.3975071757E-01  -1.7314034344E-01  -1.2112923530E-01   5.1692225797E-03
    5      2.8206839466E-01   7.0466629551E-01  -5.4835548634E-01  -2.9697859069E-01   1.2687606836E-02
    6      1.7732732378E-01  -2.6380393146E-02  -1.4995915177E-01   3.8032367584E-01   8.0028769999E-02
    7      1.2101337522E-01   1.9095900488E-01   8.6571662642E-02   5.4657076994E-01   3.5358628751E-01
    8      4.6922101041E-01  -5.9660668791E-01  -5.4837476945E-01   1.3750283477E-01  -2.6350321593E-01
    9      1.4657325690E-01  -1.0325587650E-01   1.4997136442E-01  -3.7211927301E-01   1.1213667434E-01
   10      4.4172710561E-02   2.2171164494E-01   8.6571560730E-02   5.1445727461E-01  -3.9888285010E-01
   11     -7.5129540304E-01  -1.0804568638E-01  -5.4836175776E-01   1.5944988228E-01   2.5083071582E-01
   12      7.7940430941E-03  -3.1198261794E-03  -1.3509633585E-07  -4.1877324577E-05  -9.8079928306E-04
   13      3.1198266092E-03   7.7938790837E-03  -4.4781603640E-08  -9.8098967999E-04   4.1862927435E-05
   14      7.3009434367E-07   2.1822399644E-07   6.0231147352E-03   7.2194063165E-08  -7.3155535541E-08
   15     -1.2847001159E-04   5.1458779789E-05   3.5741270590E-08   2.9235150631E-07   7.0015193411E-06
   16     -5.1444018963E-05  -1.2856720675E-04   2.2444881908E-08   6.9536518092E-06  -2.9767824816E-07
   17      1.9091105755E-07   6.3446273017E-08   8.5834171138E-04  -2.0857341035E-08  -3.3215423998E-08
                   15                 16                 17        
     0     -7.5994106133E-05   6.3267294957E-02   6.7205773055E-02
     1     -2.5072669683E-05  -6.7205846217E-02   6.3266894997E-02
     2      3.5334489219E-02   1.3950912811E-05   3.1464247307E-05
     3     -3.4037195166E-05   2.8239470588E-02   2.9990825895E-02
     4      5.5658893611E-01   5.6475524629E-01  -5.3098599797E-01
     5     -1.5287946705E-01  -1.7564157346E-01   1.6516471021E-01
     6      4.8221934536E-01  -6.4877321111E-01  -1.7313910492E-01
     7     -2.7843701809E-01   3.6087641959E-01   1.4552276053E-01
     8     -1.5296236620E-01   2.3088687274E-01   6.9287420812E-02
     9     -4.8127825782E-01  -1.3428112517E-01  -6.5865481337E-01
    10     -2.7785377511E-01  -1.2383068356E-01  -3.6934418721E-01
    11     -1.5263137507E-01  -5.5425854676E-02  -2.3486093020E-01
    12     -6.0980252039E-08   3.6715025719E-05   3.8985428040E-05
    13     -1.0968449808E-08  -3.8974718929E-05   3.6691428609E-05
    14      3.3022470823E-04   1.2739101821E-07   2.8635715210E-07
    15      2.6247310647E-08  -1.5631407922E-05  -1.6595419408E-05
    16      1.1790082497E-08   1.6612362402E-05  -1.5637800717E-05
    17      8.9468004597E-05   3.3545146641E-08   8.8830276072E-08

#
# The atoms: label  mass x y z (in bohrs)
#
$atoms
6
 C     12.01100      0.000093774245     0.000094137068     2.123018940987
 H      1.00800      0.000092742788     1.949004264772     1.512941217686
 H      1.00800      1.687889430927    -0.974358446641     1.512920769810
 H      1.00800     -1.687680815487    -0.974342983357     1.512866484057
 Br    79.90000      0.000006753459     0.000005768360     5.844773872648
 I    126.90000     -0.000015521615    -0.000014947437    -3.917037440694

$actual_temperature
  0.000000

$frequency_scale_factor
  1.000000


$end

