*************************************************
******************* ORCA 6.1.0 ******************
*************************************************
$Calculation_Status
   &GeometryIndex 0
   &version [&Type "String"] "6.1.0"
   &progName [&Type "String"] "orca"
   &Status [&Type "String"] "NORMAL TERMINATION"
$End
$Geometry
   &GeometryIndex 1
   &NAtoms [&Type "Integer"] 6
   &NCorelessECP [&Type "Integer"] 0
   &NGhostAtoms [&Type "Integer"] 0
   &CartesianCoordinates [&Type "Coordinates", &Dim(6,4), &Units "Bohr"] 
              C     -0.000141729460    0.000786126072    0.713953651205
              H     -0.000001889726    1.947404354981    0.104365794924
              H      1.687226860863   -0.974055556277    0.104084225730
              H     -1.687083241676   -0.973972408328    0.104137138062
              Br     0.000003779452   -0.000017007535    4.440846966084
              I     -0.000001889726    0.000013228083   -5.242313834551
$End
$Single_Point_Data
   &GeometryIndex 1
   &FinalEnergy [&Type "Double"]      -1.1827123758530000e+01  "Final single point energy"
   &Converged [&Type "Boolean"] true
$End
$Geometry
   &GeometryIndex 2
   &NAtoms [&Type "Integer"] 6
   &NCorelessECP [&Type "Integer"] 0
   &NGhostAtoms [&Type "Integer"] 0
   &CartesianCoordinates [&Type "Coordinates", &Dim(6,4), &Units "Bohr"] 
              C     -0.000063053324    0.000366467320    0.720517024857
              H      0.000051277623    1.948335668849    0.110510091712
              H      1.687017838816   -0.974197616271    0.110685322716
              H     -1.687023001210   -0.974261757697    0.110649316985
              Br     0.000023676744   -0.000117784526    4.448612718060
              I     -0.000004848923    0.000033759320   -5.275900532874
$End
$Single_Point_Data
   &GeometryIndex 2
   &FinalEnergy [&Type "Double"]      -1.1827167067200000e+01  "Final single point energy"
   &Converged [&Type "Boolean"] true
$End
$Geometry
   &GeometryIndex 3
   &NAtoms [&Type "Integer"] 6
   &NCorelessECP [&Type "Integer"] 0
   &NGhostAtoms [&Type "Integer"] 0
   &CartesianCoordinates [&Type "Coordinates", &Dim(6,4), &Units "Bohr"] 
              C     -0.000003886672    0.000050806436    0.726539035807
              H      0.000035534336    1.948992964625    0.116846993923
              H      1.687640956260   -0.974494702459    0.117015621081
              H     -1.687648916286   -0.974542281208    0.116981153706
              Br    -0.000002792142    0.000033903368    4.452305058774
              I     -0.000019005770    0.000118046233   -5.304613921837
$End
$Single_Point_Data
   &GeometryIndex 3
   &FinalEnergy [&Type "Double"]      -1.1827181186620001e+01  "Final single point energy"
   &Converged [&Type "Boolean"] true
$End
$Geometry
   &GeometryIndex 4
   &NAtoms [&Type "Integer"] 6
   &NCorelessECP [&Type "Integer"] 0
   &NGhostAtoms [&Type "Integer"] 0
   &CartesianCoordinates [&Type "Coordinates", &Dim(6,4), &Units "Bohr"] 
              C      0.000005390779    0.000001119234    0.728028529329
              H      0.000017264155    1.948985351237    0.118338030838
              H      1.687819947312   -0.974514865599    0.118428081677
              H     -1.687807876652   -0.974529783265    0.118409169356
              Br    -0.000012182718    0.000087186038    4.451620264247
              I     -0.000020653151    0.000129729350   -5.309750133993
$End
$Single_Point_Data
   &GeometryIndex 4
   &FinalEnergy [&Type "Double"]      -1.1827182144949999e+01  "Final single point energy"
   &Converged [&Type "Boolean"] true
$End
$Geometry
   &GeometryIndex 5
   &NAtoms [&Type "Integer"] 6
   &NCorelessECP [&Type "Integer"] 0
   &NGhostAtoms [&Type "Integer"] 0
   &CartesianCoordinates [&Type "Coordinates", &Dim(6,4), &Units "Bohr"] 
              C      0.000007159503   -0.000008396962    0.728922233088
              H      0.000005224571    1.948883554583    0.118838203245
              H      1.687822890906   -0.974461167896    0.118882445398
              H     -1.687803975636   -0.974458231690    0.118872661468
              Br    -0.000011960308    0.000088235230    4.450704158693
              I     -0.000017449311    0.000114743730   -5.311145760438
$End
$Single_Point_Data
   &GeometryIndex 5
   &FinalEnergy [&Type "Double"]      -1.1827182464080000e+01  "Final single point energy"
   &Converged [&Type "Boolean"] true
$End
$Hessian
   &GeometryIndex 5
   &HESSIAN [&Type "ArrayOfDoubles", &Dim (18,18)] "The Hessian"
                                                         0                           1                           2                           3                           4                           5                           6                           7

0                                      5.1197257780000005e-01         4.9660000000000004e-07         4.7690000000000004e-07        -4.1750644099999998e-02        -7.7159999999999995e-07         3.1990000000000000e-07        -2.2339920150000001e-01         1.0487489400000000e-01
1                                      4.9660000000000004e-07         5.1197566510000003e-01        -1.1272499999999999e-05        -7.3949999999999997e-07        -2.8396354779999999e-01         7.9391661500000002e-02         1.0487626240000000e-01        -1.0229696760000000e-01
2                                      4.7690000000000004e-07        -1.1272499999999999e-05         2.0029525919999999e-01         2.6160000000000001e-07         7.2615132999999998e-02        -5.2224033800000000e-02         6.2877326999999997e-02        -3.6301507099999998e-02
3                                     -4.1750644099999998e-02        -7.3949999999999997e-07         2.6160000000000001e-07         4.3978349700000002e-02         9.7350000000000008e-07        -3.1189999999999998e-07        -1.2203119000000001e-03         2.6095106600000001e-02
4                                     -7.7159999999999995e-07        -2.8396354779999999e-01         7.2615132999999998e-02         9.7350000000000008e-07         3.1578070720000001e-01        -8.1546929000000004e-02         1.8559735999999999e-03        -1.7358930200000001e-02
5                                      3.1990000000000000e-07         7.9391661500000002e-02        -5.2224033800000000e-02        -3.1189999999999998e-07        -8.1546929000000004e-02         6.9348510899999993e-02        -3.1045100000000000e-04        -7.2485394999999998e-03
6                                     -2.2339920150000001e-01         1.0487626240000000e-01         6.2877326999999997e-02        -1.2203119000000001e-03         1.8559735999999999e-03        -3.1045100000000000e-04         2.4781862180000000e-01        -1.1768826700000000e-01
7                                      1.0487489400000000e-01        -1.0229696760000000e-01        -3.6301507099999998e-02         2.6095106600000001e-02        -1.7358930200000001e-02        -7.2485394999999998e-03        -1.1768826700000000e-01         1.1192429249999999e-01
8                                      6.8746188000000000e-02        -3.9689775800000000e-02        -5.2221881499999998e-02        -6.4337099999999996e-03         3.3559992999999998e-03         3.7990275000000001e-03        -7.0611791100000001e-02         4.0767504699999998e-02
9                                     -2.2340345119999999e-01        -1.0487599470000000e-01        -6.2878278100000004e-02        -1.2207069000000001e-03        -1.8561897999999999e-03         3.1036760000000002e-04        -2.5426847700000001e-02        -1.2119265100000000e-02
10                                    -1.0487460210000001e-01        -1.0229497760000000e-01        -3.6301114000000002e-02        -2.6095306700000001e-02        -1.7358928300000000e-02        -7.2485288999999996e-03         1.2119671100000000e-02         6.8478497999999999e-03
11                                    -6.8747156899999995e-02        -3.9689332299999998e-02        -5.2221450799999999e-02         6.4337537999999998e-03         3.3559727999999999e-03         3.7990311000000001e-03         6.1220099000000002e-03         3.8930779999999999e-03
12                                    -2.1249179300000001e-02        -1.0000000000000000e-08         4.7500000000000002e-08         5.0318949999999998e-04         3.0000000000000000e-10         9.3299999999999995e-08         1.9328239000000001e-03        -8.2489019999999996e-04
13                                    -3.6000000000000000e-09        -2.1249564299999999e-02        -5.0740000000000000e-07        -2.0400000000000001e-08         2.4102554000000002e-03         1.7387359700000000e-02        -8.2561050000000001e-04         9.7901239999999994e-04
14                                     9.7600000000000000e-08        -1.0843999999999999e-06        -5.0206651900000003e-02         1.3599999999999999e-08         1.0496955000000000e-03        -2.0602775899999998e-02         9.0963630000000001e-04        -5.2549349999999999e-04
15                                    -2.1701017000000000e-03        -1.4800000000000000e-08         1.6509999999999999e-07        -2.8987629999999999e-04         1.4000000000000000e-08        -1.7800000000000001e-08         2.9491530000000003e-04        -3.3757839999999997e-04
16                                    -1.3399999999999999e-08        -2.1706078000000000e-03        -7.3200000000000004e-07        -1.3599999999999999e-08         4.9044379999999997e-04        -7.3502379999999996e-04        -3.3802950000000001e-04        -9.5256799999999999e-05
17                                     7.4400000000000004e-08        -1.9640000000000001e-07         6.5787589000000004e-03        -7.0999999999999999e-09         1.1701284000000000e-03        -4.1197597000000004e-03         1.0132690000000000e-03        -5.8504270000000005e-04
                                                         8                           9                          10                          11                          12                          13                          14                          15

0                                      6.8746188000000000e-02        -2.2340345119999999e-01        -1.0487460210000001e-01        -6.8747156899999995e-02        -2.1249179300000001e-02        -3.6000000000000000e-09         9.7600000000000000e-08        -2.1701017000000000e-03
1                                     -3.9689775800000000e-02        -1.0487599470000000e-01        -1.0229497760000000e-01        -3.9689332299999998e-02        -1.0000000000000000e-08        -2.1249564299999999e-02        -1.0843999999999999e-06        -1.4800000000000000e-08
2                                     -5.2221881499999998e-02        -6.2878278100000004e-02        -3.6301114000000002e-02        -5.2221450799999999e-02         4.7500000000000002e-08        -5.0740000000000000e-07        -5.0206651900000003e-02         1.6509999999999999e-07
3                                     -6.4337099999999996e-03        -1.2207069000000001e-03        -2.6095306700000001e-02         6.4337537999999998e-03         5.0318949999999998e-04        -2.0400000000000001e-08         1.3599999999999999e-08        -2.8987629999999999e-04
4                                      3.3559992999999998e-03        -1.8561897999999999e-03        -1.7358928300000000e-02         3.3559727999999999e-03         3.0000000000000000e-10         2.4102554000000002e-03         1.0496955000000000e-03         1.4000000000000000e-08
5                                      3.7990275000000001e-03         3.1036760000000002e-04        -7.2485288999999996e-03         3.7990311000000001e-03         9.3299999999999995e-08         1.7387359700000000e-02        -2.0602775899999998e-02        -1.7800000000000001e-08
6                                     -7.0611791100000001e-02        -2.5426847700000001e-02         1.2119671100000000e-02         6.1220099000000002e-03         1.9328239000000001e-03        -8.2561050000000001e-04         9.0963630000000001e-04         2.9491530000000003e-04
7                                      4.0767504699999998e-02        -1.2119265100000000e-02         6.8478497999999999e-03         3.8930779999999999e-03        -8.2489019999999996e-04         9.7901239999999994e-04        -5.2549349999999999e-04        -3.3757839999999997e-04
8                                      6.9342339399999994e-02        -6.1219253000000000e-03         3.8931318000000000e-03         3.7996943999999999e-03         1.5057897900000001e-02        -8.6945819999999993e-03        -2.0600528199999999e-02        -6.3665949999999998e-04
9                                     -6.1219253000000000e-03         2.4782321669999999e-01         1.1768779030000000e-01         7.0612792499999993e-02         1.9328486000000000e-03         8.2561490000000000e-04        -9.0962040000000001e-04         2.9494050000000000e-04
10                                     3.8931318000000000e-03         1.1768779030000000e-01         1.1192237100000001e-01         4.0767046400000000e-02         8.2487890000000001e-04         9.7894770000000000e-04        -5.2548199999999997e-04         3.3756850000000001e-04
11                                     3.7996943999999999e-03         7.0612792499999993e-02         4.0767046400000000e-02         6.9342459800000006e-02        -1.5057965600000001e-02        -8.6944372999999998e-03        -2.0600851500000000e-02         6.3656629999999997e-04
12                                     1.5057897900000001e-02         1.9328486000000000e-03         8.2487890000000001e-04        -1.5057965600000001e-02         1.5924588100000001e-02         5.6999999999999998e-09        -3.8600000000000002e-08         9.5572919999999996e-04
13                                    -8.6945819999999993e-03         8.2561490000000000e-04         9.7894770000000000e-04        -8.6944372999999998e-03         5.6999999999999998e-09         1.5925284800000002e-02         2.1731999999999998e-06         1.3900000000000000e-08
14                                    -2.0600528199999999e-02        -9.0962040000000001e-04        -5.2548199999999997e-04        -2.0600851500000000e-02        -3.8600000000000002e-08         2.1731999999999998e-06         1.2300045440000000e-01        -8.8500000000000005e-08
15                                    -6.3665949999999998e-04         2.9494050000000000e-04         3.3756850000000001e-04         6.3656629999999997e-04         9.5572919999999996e-04         1.3900000000000000e-08        -8.8500000000000005e-08         9.1439300000000000e-04
16                                     3.6772200000000001e-04         3.3804450000000003e-04        -9.5262500000000005e-05         3.6767240000000001e-04         1.5200000000000000e-08         9.5606420000000003e-04         1.9130000000000000e-07        -3.2000000000000001e-09
17                                    -4.1186516000000003e-03        -1.0133363000000000e-03        -5.8505320000000005e-04        -4.1188830000000003e-03        -3.4499999999999998e-08        -6.2000000000000001e-09        -1.0989646900000000e-02         3.4399999999999997e-08
                                                        16                          17

0                                     -1.3399999999999999e-08         7.4400000000000004e-08
1                                     -2.1706078000000000e-03        -1.9640000000000001e-07
2                                     -7.3200000000000004e-07         6.5787589000000004e-03
3                                     -1.3599999999999999e-08        -7.0999999999999999e-09
4                                      4.9044379999999997e-04         1.1701284000000000e-03
5                                     -7.3502379999999996e-04        -4.1197597000000004e-03
6                                     -3.3802950000000001e-04         1.0132690000000000e-03
7                                     -9.5256799999999999e-05        -5.8504270000000005e-04
8                                      3.6772200000000001e-04        -4.1186516000000003e-03
9                                      3.3804450000000003e-04        -1.0133363000000000e-03
10                                    -9.5262500000000005e-05        -5.8505320000000005e-04
11                                     3.6767240000000001e-04        -4.1188830000000003e-03
12                                     1.5200000000000000e-08        -3.4499999999999998e-08
13                                     9.5606420000000003e-04        -6.2000000000000001e-09
14                                     1.9130000000000000e-07        -1.0989646900000000e-02
15                                    -3.2000000000000001e-09         3.4399999999999997e-08
16                                     9.1461910000000001e-04         1.7009999999999999e-07
17                                     1.7009999999999999e-07         1.6768182300000000e-02
   &MODES [&Type "ArrayOfDoubles", &Dim (18,18)] "The modes of vibrations"
                                                         0                           1                           2                           3                           4                           5                           6                           7

0                                      0.0000000000000000e+00         0.0000000000000000e+00         0.0000000000000000e+00         0.0000000000000000e+00         0.0000000000000000e+00         0.0000000000000000e+00         7.6127021390997511e-06         2.3564316208478131e-01
1                                      0.0000000000000000e+00         0.0000000000000000e+00         0.0000000000000000e+00         0.0000000000000000e+00         0.0000000000000000e+00         0.0000000000000000e+00        -4.5165603818233469e-05         2.3650137784996888e-03
2                                      0.0000000000000000e+00         0.0000000000000000e+00         0.0000000000000000e+00         0.0000000000000000e+00         0.0000000000000000e+00         0.0000000000000000e+00         7.9527491691204030e-02        -1.4976485328679660e-06
3                                      0.0000000000000000e+00         0.0000000000000000e+00         0.0000000000000000e+00         0.0000000000000000e+00         0.0000000000000000e+00         0.0000000000000000e+00         8.9697725159036296e-06         2.7555066957137164e-01
4                                      0.0000000000000000e+00         0.0000000000000000e+00         0.0000000000000000e+00         0.0000000000000000e+00         0.0000000000000000e+00         0.0000000000000000e+00        -1.5972497573521877e-03         2.7844827405403331e-03
5                                      0.0000000000000000e+00         0.0000000000000000e+00         0.0000000000000000e+00         0.0000000000000000e+00         0.0000000000000000e+00         0.0000000000000000e+00         7.0391227129649125e-02         1.2903950938766193e-03
6                                      0.0000000000000000e+00         0.0000000000000000e+00         0.0000000000000000e+00         0.0000000000000000e+00         0.0000000000000000e+00         0.0000000000000000e+00        -1.3273442985961969e-03         2.7689819881851890e-01
7                                      0.0000000000000000e+00         0.0000000000000000e+00         0.0000000000000000e+00         0.0000000000000000e+00         0.0000000000000000e+00         0.0000000000000000e+00         7.1805309150772660e-04         1.8700459276325392e-03
8                                      0.0000000000000000e+00         0.0000000000000000e+00         0.0000000000000000e+00         0.0000000000000000e+00         0.0000000000000000e+00         0.0000000000000000e+00         7.0435207354400647e-02         1.1077777887093626e-01
9                                      0.0000000000000000e+00         0.0000000000000000e+00         0.0000000000000000e+00         0.0000000000000000e+00         0.0000000000000000e+00         0.0000000000000000e+00         1.3454216040584062e-03         2.7691524591880279e-01
10                                     0.0000000000000000e+00         0.0000000000000000e+00         0.0000000000000000e+00         0.0000000000000000e+00         0.0000000000000000e+00         0.0000000000000000e+00         7.1813279185686135e-04         3.6695126022217115e-03
11                                     0.0000000000000000e+00         0.0000000000000000e+00         0.0000000000000000e+00         0.0000000000000000e+00         0.0000000000000000e+00         0.0000000000000000e+00         7.0427321425781439e-02        -1.1207360509874496e-01
12                                     0.0000000000000000e+00         0.0000000000000000e+00         0.0000000000000000e+00         0.0000000000000000e+00         0.0000000000000000e+00         0.0000000000000000e+00        -7.9992878925297729e-07        -2.7251763978252949e-02
13                                     0.0000000000000000e+00         0.0000000000000000e+00         0.0000000000000000e+00         0.0000000000000000e+00         0.0000000000000000e+00         0.0000000000000000e+00         4.8341937653755096e-06        -2.7350862807419454e-04
14                                     0.0000000000000000e+00         0.0000000000000000e+00         0.0000000000000000e+00         0.0000000000000000e+00         0.0000000000000000e+00         0.0000000000000000e+00         7.7602400875746089e-02        -2.5135540236524154e-06
15                                     0.0000000000000000e+00         0.0000000000000000e+00         0.0000000000000000e+00         0.0000000000000000e+00         0.0000000000000000e+00         0.0000000000000000e+00        -4.3172032886747739e-07        -1.1732806187242399e-02
16                                     0.0000000000000000e+00         0.0000000000000000e+00         0.0000000000000000e+00         0.0000000000000000e+00         0.0000000000000000e+00         0.0000000000000000e+00         2.5105151346477828e-06        -1.1775787794317875e-04
17                                     0.0000000000000000e+00         0.0000000000000000e+00         0.0000000000000000e+00         0.0000000000000000e+00         0.0000000000000000e+00         0.0000000000000000e+00        -5.8066038759907616e-02         1.7675004414626492e-06
                                                         8                           9                          10                          11                          12                          13                          14                          15

0                                      2.3650708743040844e-03        -1.1860881683354456e-06         9.7938715998306586e-02        -3.1841173871084991e-03        -1.2529564520045656e-08        -7.9545361601271296e-04         7.0214191283672206e-02        -2.0017239803987118e-05
1                                     -2.3564366280940952e-01         1.1475660443908355e-05         3.1844056346319377e-03         9.7940367275893711e-02        -2.4679623684876235e-06        -7.0211444266920942e-02        -7.9543844596732382e-04         1.5610250892998968e-04
2                                     -5.6339953367240791e-06         2.5298478661471241e-01         6.2271237115877418e-07        -5.6919003817003320e-06        -8.4861460214959411e-02         2.8712754989277274e-06        -1.0113022052568139e-07         3.4953735991409274e-02
3                                      2.7521136754028066e-03        -6.0737507007964819e-07        -2.3108000501795023e-01         7.5151373159895339e-03         4.2650390117178372e-08         8.2086555352395337e-03        -7.2486307129056848e-01        -9.8314713809768659e-06
4                                     -2.7743114037657485e-01        -2.0132766624377806e-02        -4.5949344753549830e-03        -1.4133578383586740e-01         1.6523882951946167e-01        -1.1743323853427814e-01        -1.3269577240042347e-03         5.4911528334966742e-01
5                                     -1.2866902237010971e-01         1.5646863485644491e-01        -2.3171113403617410e-02        -7.1261973041177595e-01         5.2331262010849300e-01        -2.8790063366292684e-01        -3.2600909258173193e-03        -1.5077854231998042e-01
6                                      3.6302330281804767e-03        -1.7441323846036739e-02        -1.6502890903600526e-01        -3.3551801288360536e-02         1.4310981151975130e-01         3.6576502627674184e-01        -8.9017230275828599e-02         4.7741511043669438e-01
7                                     -2.7596156399316485e-01         1.0074993711582284e-02        -4.5665079917528113e-02        -2.0738953545732133e-01        -8.2598095775618746e-02         5.1842166599857820e-01        -3.5889039463517219e-01        -2.7556708181276379e-01
8                                      6.5443153663086451e-02         1.5648882280688514e-01        -6.0555768825510470e-01         3.7636417551137286e-01         5.2334750023047105e-01         1.4109697245347161e-01         2.5093584962024418e-01        -1.5142506074468029e-01
9                                      1.9414257791221612e-03         1.7440154763802656e-02        -1.6249969188105781e-01         4.4198297246925006e-02        -1.4310905020340656e-01        -3.6365085736269909e-01        -9.7273171145433657e-02        -4.7716649736753486e-01
10                                    -2.7596673106430059e-01         1.0075041174540346e-02         3.2097067144895797e-02        -2.0991520159455890e-01        -8.2597870681862473e-02         5.1016692407948194e-01         3.7053961099094701e-01        -2.7541274340910904e-01
11                                     6.3205879408729432e-02         1.5648508933635907e-01         6.2873184965095175e-01         3.3622790309124695e-01         5.2334582384867234e-01         1.4674389739626950e-01        -2.4767700557207864e-01        -1.5133357035545067e-01
12                                    -2.7351285726088398e-04         2.1764432844067110e-07        -7.8818065026730871e-03         2.5626585801344928e-04         1.3710612588193408e-08        -1.0773302271298264e-05         9.5078761991100266e-04        -2.0912151621493015e-08
13                                     2.7251787127371332e-02        -1.6723315501851118e-06        -2.5627291159508299e-04        -7.8816732099459431e-03        -2.2910392921657531e-07        -9.5111041517273454e-04        -1.0762190384925894e-05         1.1310001874105690e-07
14                                    -1.6661090828276458e-05        -4.4187097211325174e-02        -9.1668611536341676e-08         9.3329139214066246e-07        -5.7489486463453959e-03         2.4261978527060712e-07         1.8714334289659164e-08         3.2671252772018184e-04
15                                    -1.1775848415042546e-04        -1.0662000707594484e-08         1.2995978321838034e-04        -4.2406182779050875e-06        -1.3832811776546918e-08         7.5438837891454104e-08        -6.8391004377522263e-06         1.1080359647712454e-08
16                                     1.1732801839593087e-02        -1.7038041426910299e-07         4.2282142226486482e-06         1.2997307469480484e-04         3.7369058124095019e-08         6.7674145481260119e-06         7.1501067332144810e-08        -3.5663664875979570e-08
17                                     1.1182350574065209e-05         1.4775971457747813e-04        -2.5433037004213415e-08         1.7075222129289002e-07        -8.1918042755131540e-04         5.0194742557141755e-08         7.6930846494650320e-09         8.8509195033983500e-05
                                                        16                          17

0                                      8.7802808506553143e-02        -4.8506523088104152e-03
1                                     -4.8506337039318980e-03        -8.7801667555618787e-02
2                                      1.1445720161467244e-05         6.3047775281844007e-05
3                                      3.9187843062491075e-02        -2.1617132954713232e-03
4                                      4.0920999289242171e-02         7.3850807099125104e-01
5                                     -1.2721377579117506e-02        -2.2966707597381800e-01
6                                     -5.6178389610523893e-01        -3.0547892958001988e-01
7                                      3.4480728121167936e-01         1.3592856444940490e-01
8                                      2.0493613704405009e-01         1.0345141235232735e-01
9                                     -5.2494045242296594e-01         3.6551166782408451e-01
10                                    -3.2785769138085930e-01         1.7308328394038763e-01
11                                    -1.9236355942917471e-01         1.2539832867336759e-01
12                                     5.0942917495865274e-05        -2.8050547620707387e-06
13                                    -2.8141736262911434e-06        -5.0933193418588663e-05
14                                     1.0760762425266357e-07         5.7706016104733025e-07
15                                    -2.1694835072420758e-05         1.1924003816319605e-06
16                                     1.1998428498339976e-06         2.1712469886450867e-05
17                                     3.0874467445801079e-08         1.6154209558813341e-07
$End
$THERMOCHEMISTRY_Energies
   &GeometryIndex 5
   &temperature [&Type "Double"]       2.9814999999999998e+02
   &pressure [&Type "Double"]       1.0000000000000000e+00
   &totalMass [&Type "Double"]       2.2183500000000001e+02
   &spinDegeneracy [&Type "Integer"] 1
   &elEnergy [&Type "Double"]      -1.1827182464080000e+01
   &transEnergy [&Type "Double"]       1.4162714244859817e-03
   &rotEnergy [&Type "Double"]       1.4162714244859817e-03
   &vibEnergy [&Type "Double"]       2.5852737260509745e-03
   &numOfFreqs [&Type "Integer"] 18
   &freqScalingFactor [&Type "Double"]       1.0000000000000000e+00
   &FREQ [&Type "ArrayOfDoubles", &Units "cm^-1", &Dim (18,1)] 
                                                         0

0                                      0.0000000000000000e+00
1                                      0.0000000000000000e+00
2                                      0.0000000000000000e+00
3                                      0.0000000000000000e+00
4                                      0.0000000000000000e+00
5                                      0.0000000000000000e+00
6                                      8.8395369153620962e+01
7                                      1.0370259559955190e+02
8                                      1.0371536014704348e+02
9                                      4.5674455385309693e+02
10                                     9.4931495516991492e+02
11                                     9.4932850654055608e+02
12                                     1.2750638136487360e+03
13                                     1.4335280298871864e+03
14                                     1.4335527693202762e+03
15                                     3.0784591110403753e+03
16                                     3.1016842470647675e+03
17                                     3.1017413646752680e+03
   &zpe [&Type "Double"]       3.6622070163639449e-02
   &innerEnergyU [&Type "Double"]      -1.1785142577341338e+01
   &enthalpyH [&Type "Double"]      -1.1784198368299078e+01
   &qEl [&Type "Double"]       0.0000000000000000e+00
   &qRot [&Type "Double"]       1.2851853657022939e-02
   &qVib [&Type "Double"]       5.0178470364522229e-03
   &qTrans [&Type "Double"]       1.9999675746369457e-02
   &entropyS [&Type "Double"]       3.7869376439844615e-02
   &freeEnergyG [&Type "Double"]      -1.1822067744738924e+01
   &isLinear [&Type "Boolean"] false
$End
$Calculation_Info
   &GeometryIndex 5
   &Mult [&Type "Integer"] 1
   &Charge [&Type "Integer"] -1
   &NumOfAtoms [&Type "Integer"] 6
   &NumOfElectrons [&Type "Integer"] 0
   &NumOfBasisFuncts [&Type "Integer"] 0
   &NumOfAuxCBasisFuncts [&Type "Integer"] 0
   &NumOfAuxJBasisFuncts [&Type "Integer"] 0
   &NumOfAuxJKBasisFuncts [&Type "Integer"] 0
   &NumOfCABSBasisFuncts [&Type "Integer"] 0
$End
$Calculation_Timings
   &GeometryIndex 5
   &GSTEP [&Type "Double"]       1.2788999999999995e-02
   &XTB [&Type "Double"]       4.7724199999999978e-01
   &XTBGRAD [&Type "Double"]       2.7400000000001867e-03
   &SUM [&Type "Double"]       4.9277099999999996e-01
$End
