
$orca_hessian_file

$act_atom
  0

$act_coord
  0

$act_energy
      -11.826797

$multiplicity
  1

$hessian
18
                    0                  1                  2                  3                  4        
    0      5.1612020160E-01  -2.2667000000E-06   3.2753000000E-06  -4.1564457800E-02  -3.3549000000E-06
    1     -2.2667000000E-06   5.1612162810E-01   3.0885000000E-06  -3.3355000000E-06  -2.8957353190E-01
    2      3.2753000000E-06   3.0885000000E-06   1.9171773980E-01  -9.3170000000E-07  -7.5002651100E-02
    3     -4.1564457800E-02  -3.3355000000E-06  -9.3170000000E-07   4.3926896200E-02   3.2457000000E-06
    4     -3.3549000000E-06  -2.8957353190E-01  -7.5002651100E-02   3.2457000000E-06   3.2111629280E-01
    5     -8.9650000000E-07  -8.2503026400E-02  -5.0666631700E-02   1.0244000000E-06   8.1093181500E-02
    6     -2.2756685310E-01   1.0739588330E-01  -6.4949463500E-02  -1.1968664000E-03   1.7657184000E-03
    7      1.0738736800E-01  -1.0355947080E-01   3.7503962700E-02   2.6051949900E-02  -1.7266669300E-02
    8     -7.1449003500E-02   4.1251218400E-02  -5.0666525100E-02   6.5772456000E-03  -3.4151243000E-03
    9     -2.2755897320E-01  -1.0739023970E-01   6.4946961900E-02  -1.1965192000E-03  -1.7656421000E-03
   10     -1.0738171450E-01  -1.0355656040E-01   3.7502192400E-02  -2.6051882200E-02  -1.7265037800E-02
   11      7.1446560900E-02   4.1249278400E-02  -5.0667225900E-02  -6.5772502000E-03  -3.4149112000E-03
   12     -2.3123231000E-03   3.4000000000E-09   3.1170000000E-07  -2.7338910000E-04   2.8000000000E-09
   13      4.0000000000E-09  -2.3135279000E-03  -3.0190000000E-06   3.4600000000E-08   4.5932680000E-04
   14      1.1080000000E-07  -7.7710000000E-07   8.7292391000E-03  -4.0200000000E-08  -5.0656210000E-04
   15     -1.7117594500E-02  -4.4700000000E-08  -1.5370000000E-07   3.0433630000E-04   3.0200000000E-08
   16     -3.5900000000E-08  -1.7118537100E-02  -3.5736000000E-06  -1.2400000000E-08   2.5296194000E-03
   17     -4.6900000000E-08   2.1820000000E-07  -4.8446596300E-02  -4.7900000000E-08   1.2460672000E-03
                    5                  6                  7                  8                  9        
    0     -8.9650000000E-07  -2.2756685310E-01   1.0738736800E-01  -7.1449003500E-02  -2.2755897320E-01
    1     -8.2503026400E-02   1.0739588330E-01  -1.0355947080E-01   4.1251218400E-02  -1.0739023970E-01
    2     -5.0666631700E-02  -6.4949463500E-02   3.7503962700E-02  -5.0666525100E-02   6.4946961900E-02
    3      1.0244000000E-06  -1.1968664000E-03   2.6051949900E-02   6.5772456000E-03  -1.1965192000E-03
    4      8.1093181500E-02   1.7657184000E-03  -1.7266669300E-02  -3.4151243000E-03  -1.7656421000E-03
    5      6.6606751800E-02   3.3014490000E-04   7.4017404000E-03   3.7954350000E-03  -3.3012850000E-04
    6      3.3014490000E-04   2.5180527930E-01  -1.2002792700E-01   7.0225874500E-02  -2.5282705100E-02
    7      7.4017404000E-03  -1.2002792700E-01   1.1322485740E-01  -4.0546849300E-02  -1.2135346600E-02
    8      3.7954350000E-03   7.0225874500E-02  -4.0546849300E-02   6.6606553600E-02   6.2475694000E-03
    9     -3.3012850000E-04  -2.5282705100E-02  -1.2135346600E-02   6.2475694000E-03   2.5179701130E-01
   10      7.4019218000E-03   1.2135346700E-02   6.8388761000E-03  -3.9902048000E-03   1.2002223100E-01
   11      3.7953819000E-03  -6.2473518000E-03  -3.9900353000E-03   3.7953631000E-03  -7.0223493400E-02
   12      5.9100000000E-08   2.7223180000E-04  -3.1498310000E-04   7.9901650000E-04   2.7217040000E-04
   13      9.2381330000E-04  -3.1102730000E-04  -9.3882700000E-05  -4.5990840000E-04   3.1099060000E-04
   14     -4.4432992000E-03  -4.3798870000E-04   2.5454530000E-04  -4.4432674000E-03   4.3792680000E-04
   15     -2.0330000000E-07   1.9689135000E-03  -9.6106120000E-04  -1.2400702400E-02   1.9690157000E-03
   16     -1.4317630600E-02  -9.5799410000E-04   8.5628920000E-04   7.1608684000E-03   9.5800690000E-04
   17     -1.9087637700E-02   1.0787846000E-03  -6.2336380000E-04  -1.9087559200E-02  -1.0788363000E-03
                   10                 11                 12                 13                 14        
    0     -1.0738171450E-01   7.1446560900E-02  -2.3123231000E-03   4.0000000000E-09   1.1080000000E-07
    1     -1.0355656040E-01   4.1249278400E-02   3.4000000000E-09  -2.3135279000E-03  -7.7710000000E-07
    2      3.7502192400E-02  -5.0667225900E-02   3.1170000000E-07  -3.0190000000E-06   8.7292391000E-03
    3     -2.6051882200E-02  -6.5772502000E-03  -2.7338910000E-04   3.4600000000E-08  -4.0200000000E-08
    4     -1.7265037800E-02  -3.4149112000E-03   2.8000000000E-09   4.5932680000E-04  -5.0656210000E-04
    5      7.4019218000E-03   3.7953819000E-03   5.9100000000E-08   9.2381330000E-04  -4.4432992000E-03
    6      1.2135346700E-02  -6.2473518000E-03   2.7223180000E-04  -3.1102730000E-04  -4.3798870000E-04
    7      6.8388761000E-03  -3.9900353000E-03  -3.1498310000E-04  -9.3882700000E-05   2.5454530000E-04
    8     -3.9902048000E-03   3.7953631000E-03   7.9901650000E-04  -4.5990840000E-04  -4.4432674000E-03
    9      1.2002223100E-01  -7.0223493400E-02   2.7217040000E-04   3.1099060000E-04   4.3792680000E-04
   10      1.1322030080E-01  -4.0545140800E-02   3.1498180000E-04  -9.3909400000E-05   2.5454650000E-04
   11     -4.0545140800E-02   6.6607018300E-02  -7.9932340000E-04  -4.6012820000E-04  -4.4430785000E-03
   12      3.1498180000E-04  -7.9932340000E-04   1.1216225000E-03   3.9800000000E-08   4.2900000000E-08
   13     -9.3909400000E-05  -4.6012820000E-04   3.9800000000E-08   1.1218034000E-03  -8.7340000000E-07
   14      2.5454650000E-04  -4.4430785000E-03   4.2900000000E-08  -8.7340000000E-07   1.6572286500E-02
   15      9.6103730000E-04   1.2400857900E-02   9.1968740000E-04  -4.1800000000E-08  -5.1600000000E-08
   16      8.5633080000E-04   7.1609372000E-03  -4.4700000000E-08   9.2018990000E-04  -8.7910000000E-07
   17     -6.2331510000E-04  -1.9087459000E-02  -1.0680000000E-07   1.1580000000E-07  -1.1971880400E-02
                   15                 16                 17        
     0     -1.7117594500E-02  -3.5900000000E-08  -4.6900000000E-08
     1     -4.4700000000E-08  -1.7118537100E-02   2.1820000000E-07
     2     -1.5370000000E-07  -3.5736000000E-06  -4.8446596300E-02
     3      3.0433630000E-04  -1.2400000000E-08  -4.7900000000E-08
     4      3.0200000000E-08   2.5296194000E-03   1.2460672000E-03
     5     -2.0330000000E-07  -1.4317630600E-02  -1.9087637700E-02
     6      1.9689135000E-03  -9.5799410000E-04   1.0787846000E-03
     7     -9.6106120000E-04   8.5628920000E-04  -6.2336380000E-04
     8     -1.2400702400E-02   7.1608684000E-03  -1.9087559200E-02
     9      1.9690157000E-03   9.5800690000E-04  -1.0788363000E-03
    10      9.6103730000E-04   8.5633080000E-04  -6.2331510000E-04
    11      1.2400857900E-02   7.1609372000E-03  -1.9087459000E-02
    12      9.1968740000E-04  -4.4700000000E-08  -1.0680000000E-07
    13     -4.1800000000E-08   9.2018990000E-04   1.1580000000E-07
    14     -5.1600000000E-08  -8.7910000000E-07  -1.1971880400E-02
    15      1.1955641600E-02   8.0200000000E-08   2.5330000000E-07
    16      8.0200000000E-08   1.1956107800E-02   2.7770000000E-07
    17      2.5330000000E-07   2.7770000000E-07   1.1768113260E-01

$vibrational_frequencies
18
    0        0.0000000000000000
    1        0.0000000000000000
    2        0.0000000000000000
    3        0.0000000000000000
    4        0.0000000000000000
    5        0.0000000000000000
    6       89.7459726470741685
    7      103.3158753330042146
    8      103.3257752370596450
    9      426.1745684058691950
   10      914.8822588239993365
   11      914.9056989545227907
   12     1250.9698517276895018
   13     1432.8413033352649109
   14     1432.9181153826978061
   15     3097.2259164616903035
   16     3124.4940695714540198
   17     3124.5520136234567872

$normal_modes
18 18
                    0                  1                  2                  3                  4        
    0      0.0000000000E+00   0.0000000000E+00   0.0000000000E+00   0.0000000000E+00   0.0000000000E+00
    1      0.0000000000E+00   0.0000000000E+00   0.0000000000E+00   0.0000000000E+00   0.0000000000E+00
    2      0.0000000000E+00   0.0000000000E+00   0.0000000000E+00   0.0000000000E+00   0.0000000000E+00
    3      0.0000000000E+00   0.0000000000E+00   0.0000000000E+00   0.0000000000E+00   0.0000000000E+00
    4      0.0000000000E+00   0.0000000000E+00   0.0000000000E+00   0.0000000000E+00   0.0000000000E+00
    5      0.0000000000E+00   0.0000000000E+00   0.0000000000E+00   0.0000000000E+00   0.0000000000E+00
    6      0.0000000000E+00   0.0000000000E+00   0.0000000000E+00   0.0000000000E+00   0.0000000000E+00
    7      0.0000000000E+00   0.0000000000E+00   0.0000000000E+00   0.0000000000E+00   0.0000000000E+00
    8      0.0000000000E+00   0.0000000000E+00   0.0000000000E+00   0.0000000000E+00   0.0000000000E+00
    9      0.0000000000E+00   0.0000000000E+00   0.0000000000E+00   0.0000000000E+00   0.0000000000E+00
   10      0.0000000000E+00   0.0000000000E+00   0.0000000000E+00   0.0000000000E+00   0.0000000000E+00
   11      0.0000000000E+00   0.0000000000E+00   0.0000000000E+00   0.0000000000E+00   0.0000000000E+00
   12      0.0000000000E+00   0.0000000000E+00   0.0000000000E+00   0.0000000000E+00   0.0000000000E+00
   13      0.0000000000E+00   0.0000000000E+00   0.0000000000E+00   0.0000000000E+00   0.0000000000E+00
   14      0.0000000000E+00   0.0000000000E+00   0.0000000000E+00   0.0000000000E+00   0.0000000000E+00
   15      0.0000000000E+00   0.0000000000E+00   0.0000000000E+00   0.0000000000E+00   0.0000000000E+00
   16      0.0000000000E+00   0.0000000000E+00   0.0000000000E+00   0.0000000000E+00   0.0000000000E+00
   17      0.0000000000E+00   0.0000000000E+00   0.0000000000E+00   0.0000000000E+00   0.0000000000E+00
                    5                  6                  7                  8                  9        
    0      0.0000000000E+00  -7.9693081107E-05   4.3194031385E-01  -6.7931350980E-02  -2.3364646025E-06
    1      0.0000000000E+00  -1.2721528634E-03  -6.7930873882E-02  -4.3193729578E-01  -1.1155978753E-05
    2      0.0000000000E+00  -3.9431220654E-01   7.2147460720E-06   6.6425830042E-05   6.7178081248E-01
    3      0.0000000000E+00  -9.1592279935E-05   4.9203854064E-01  -7.7364924585E-02   4.6658442381E-07
    4      0.0000000000E+00  -1.8740041907E-02  -7.7797194606E-02  -4.9466681883E-01   5.7300442948E-02
    5      0.0000000000E+00  -3.0770353352E-01   3.0636610557E-02   1.9482276779E-01   4.2159135032E-01
    6      0.0000000000E+00  -1.5061014147E-02   4.9416472771E-01  -7.6566111938E-02   4.9633242640E-02
    7      0.0000000000E+00   7.1661138202E-03  -7.8639347400E-02  -4.9250568394E-01  -2.8653246213E-02
    8      0.0000000000E+00  -3.0855005991E-01  -1.8398585932E-01  -7.0812674060E-02   4.2160205969E-01
    9      0.0000000000E+00   1.4876619824E-02   4.9380907547E-01  -7.8828146719E-02  -4.9632916877E-02
   10      0.0000000000E+00   7.1655674289E-03  -7.6328071379E-02  -4.9283956481E-01  -2.8653564326E-02
   11      0.0000000000E+00  -3.0861919923E-01   1.5335804758E-01  -1.2386037715E-01   4.2161641694E-01
   12      0.0000000000E+00   7.9984563606E-06  -3.7237326716E-02   5.8562964823E-03   1.8345915825E-08
   13      0.0000000000E+00   1.1106953211E-04   5.8563148782E-03   3.7237154453E-02   6.2314738637E-07
   14      0.0000000000E+00   6.5173536789E-01  -1.1147453561E-05  -1.1924497763E-04   1.9782554864E-03
   15      0.0000000000E+00   4.6990656409E-06  -2.9193263574E-02   4.5912263546E-03   2.0329985250E-07
   16      0.0000000000E+00   8.5492513552E-05   4.5912127479E-03   2.9193084184E-02   7.1413330559E-07
   17      0.0000000000E+00  -3.6568400478E-01   6.2660049032E-06   6.7603772699E-05  -7.4875888555E-02
                   10                 11                 12                 13                 14        
    0     -2.2281661880E-02   9.4262267841E-02   9.8278544169E-07   1.6225753071E-03   7.4056140874E-02
    1      9.4269541616E-02   2.2282219550E-02   1.5837872813E-06  -7.4049716685E-02   1.6219089030E-03
    2      1.2807670817E-06  -2.7065596681E-08   8.7683516354E-02  -3.7822173804E-06   1.5150492890E-07
    3      5.6284433109E-02  -2.3812308143E-01  -2.0064976534E-06  -1.6441482500E-02  -7.5022076415E-01
    4     -1.4695694558E-01  -3.4737003979E-02   1.6828074832E-01  -1.1982472084E-01   2.6338228063E-03
    5      7.3969308335E-01   1.7485764848E-01  -5.4992860338E-01   2.9246085761E-01  -6.4102163217E-03
    6      6.0924524097E-04  -1.7908910226E-01   1.4573777098E-01   3.7463532762E-01  -1.0592107209E-01
    7     -2.0602726584E-01  -9.0383478017E-02  -8.4143602495E-02   5.2441441598E-01  -3.8842272036E-01
    8     -5.2125551928E-01   5.5318835665E-01  -5.4994851638E-01  -1.5176048426E-01  -2.5002189913E-01
    9      7.9638063484E-02  -1.6040545580E-01  -1.4574516415E-01  -3.7891062483E-01  -8.9407750150E-02
   10     -2.2469178403E-01  -1.1428043866E-02  -8.4145461241E-02   5.4092438908E-01   3.6507894361E-01
   11     -2.1840627859E-01  -7.2800544153E-01  -5.4997244194E-01  -1.4066373397E-01   2.5642688768E-01
   12     -7.4641369304E-05   3.1596322215E-04   4.7345601561E-08  -6.5484495455E-07  -2.9998783274E-05
   13      3.1576659956E-04   7.4711130750E-05   3.0626667405E-08   2.9987776641E-05  -6.7036154398E-07
   14     -3.3857014809E-07  -1.7631238513E-07   1.6531824354E-03   2.7191709978E-07   1.1693390567E-08
   15      1.0714333371E-03  -4.5326318351E-03  -4.8166118931E-08   1.1395461360E-05   5.2027248093E-04
   16     -4.5327329569E-03  -1.0713967242E-03  -1.0313633445E-07  -5.2059159294E-04   1.1414086878E-05
   17     -1.5655871727E-07  -2.0863408440E-07   3.7651092725E-03  -1.0425892885E-07   1.9823209337E-08
                   15                 16                 17        
     0     -8.2079376893E-05  -8.9561424101E-02  -2.4533008664E-02
     1     -1.1794485074E-04  -2.4533261049E-02   8.9561253570E-02
     2      3.5499194849E-02  -4.5339308107E-05   3.7106615314E-05
     3     -3.9084309501E-05  -3.8971914788E-02  -1.0684977388E-02
     4     -5.5668146633E-01   2.0602183833E-01  -7.5007018037E-01
     5     -1.4782633178E-01   6.2373723227E-02  -2.2716151402E-01
     6     -4.8284883968E-01   4.5946723457E-01   4.9222473448E-01
     7      2.7875057150E-01  -2.9845026423E-01  -2.5137286399E-01
     8     -1.4808879050E-01   1.6569365716E-01   1.6720252728E-01
     9      4.8386463603E-01   6.4528118854E-01  -1.8959809379E-01
    10      2.7938186897E-01   3.8437143587E-01  -6.4325956088E-02
    11     -1.4845368290E-01  -2.2750005853E-01   5.9495007347E-02
    12      4.2394787463E-08   3.5499058543E-05   9.7221927061E-06
    13     -2.5199975075E-07   9.7377973607E-06  -3.5506743705E-05
    14      1.0798970893E-04  -1.3884899505E-07   1.1216755347E-07
    15     -1.6215012016E-08  -1.1164935319E-05  -3.0577836305E-06
    16     -2.0340068604E-07  -3.0544176213E-06   1.1126277769E-05
    17      1.0176949213E-04  -1.2762784707E-07   1.0276976966E-07

#
# The atoms: label  mass x y z (in bohrs)
#
$atoms
6
 C     12.01100     -0.000013766320    -0.000012354790     0.325991467757
 H      1.00800      0.000001432106     1.946110614976     0.927389978080
 H      1.00800      1.685389885892    -0.973059557221     0.927389231528
 H      1.00800     -1.685420744859    -0.973077953214     0.927386546277
 Br    79.90000      0.000010512134     0.000010024645     5.980930184400
 I    126.90000     -0.000005082033    -0.000004928803    -3.818725203583

$actual_temperature
  0.000000

$frequency_scale_factor
  1.000000


$end

