
$orca_hessian_file

$act_atom
  0

$act_coord
  0

$act_energy
      -11.826797

$multiplicity
  1

$hessian
18
                    0                  1                  2                  3                  4        
    0      5.1614750940E-01  -2.5233000000E-06   1.6999000000E-06  -4.1568929200E-02  -2.4982000000E-06
    1     -2.5233000000E-06   5.1608581640E-01  -3.4528300000E-05  -2.4042000000E-06  -2.8950666480E-01
    2      1.6999000000E-06  -3.4528300000E-05   1.9164329020E-01  -6.8660000000E-07  -7.4978857900E-02
    3     -4.1568929200E-02  -2.4042000000E-06  -6.8660000000E-07   4.3925984200E-02   2.5211000000E-06
    4     -2.4982000000E-06  -2.8950666480E-01  -7.4978857900E-02   2.5211000000E-06   3.2104672200E-01
    5     -6.9130000000E-07  -8.2482104800E-02  -5.0660897400E-02   7.7080000000E-07   8.1068376500E-02
    6     -2.2757577810E-01   1.0741298200E-01  -6.4955503500E-02  -1.1939128000E-03   1.7644035000E-03
    7      1.0740304050E-01  -1.0357348140E-01   3.7511036900E-02   2.6051642700E-02  -1.7265190700E-02
    8     -7.1457649300E-02   4.1259280800E-02  -5.0660815000E-02   6.5769504000E-03  -3.4153233000E-03
    9     -2.2757027880E-01  -1.0740802850E-01   6.4954510600E-02  -1.1938393000E-03  -1.7644561000E-03
   10     -1.0739800470E-01  -1.0357022780E-01   3.7509869800E-02  -2.6051743600E-02  -1.7264168800E-02
   11      7.1456721000E-02   4.1257983700E-02  -5.0661810400E-02  -6.5769343000E-03  -3.4151637000E-03
   12     -2.3143465000E-03  -1.0000000000E-10   2.0010000000E-07  -2.7408290000E-04   4.7000000000E-09
   13     -3.0000000000E-10  -2.3157316000E-03  -5.1594000000E-06   2.8400000000E-08   4.5870600000E-04
   14      6.0200000000E-08  -1.0640000000E-06   8.7295429000E-03  -3.1600000000E-08  -5.0600810000E-04
   15     -1.7118176700E-02  -2.6000000000E-08  -2.2040000000E-07   3.0478020000E-04   2.5000000000E-08
   16     -1.4000000000E-08  -1.7119710800E-02  -2.3610000000E-06  -4.4500000000E-08   2.5305964000E-03
   17     -1.4040000000E-07   4.3270000000E-07  -4.8389310200E-02  -6.8800000000E-08   1.2469764000E-03
                    5                  6                  7                  8                  9        
    0     -6.9130000000E-07  -2.2757577810E-01   1.0740304050E-01  -7.1457649300E-02  -2.2757027880E-01
    1     -8.2482104800E-02   1.0741298200E-01  -1.0357348140E-01   4.1259280800E-02  -1.0740802850E-01
    2     -5.0660897400E-02  -6.4955503500E-02   3.7511036900E-02  -5.0660815000E-02   6.4954510600E-02
    3      7.7080000000E-07  -1.1939128000E-03   2.6051642700E-02   6.5769504000E-03  -1.1938393000E-03
    4      8.1068376500E-02   1.7644035000E-03  -1.7265190700E-02  -3.4153233000E-03  -1.7644561000E-03
    5      6.6604522500E-02   3.3005690000E-04   7.4008551000E-03   3.7943875000E-03  -3.2998200000E-04
    6      3.3005690000E-04   2.5181721430E-01  -1.2004308640E-01   7.0230533800E-02  -2.5288857200E-02
    7      7.4008551000E-03  -1.2004308640E-01   1.1324047570E-01  -4.0553247800E-02  -1.2134988200E-02
    8      3.7943875000E-03   7.0230533800E-02  -4.0553247800E-02   6.6604955800E-02   6.2477110000E-03
    9     -3.2998200000E-04  -2.5288857200E-02  -1.2134988200E-02   6.2477110000E-03   2.5181156080E-01
   10      7.4010724000E-03   1.2135118800E-02   6.8356134000E-03  -3.9893128000E-03   1.2003804440E-01
   11      3.7943956000E-03  -6.2474686000E-03  -3.9891330000E-03   3.7953988000E-03  -7.0229674200E-02
   12      3.0400000000E-08   2.7210800000E-04  -3.1537220000E-04   7.9959140000E-04   2.7204510000E-04
   13      9.2766960000E-04  -3.1113510000E-04  -9.3892900000E-05  -4.6087740000E-04   3.1110390000E-04
   14     -4.4489367000E-03  -4.3753690000E-04   2.5447230000E-04  -4.4491881000E-03   4.3748640000E-04
   15     -1.8480000000E-07   1.9692258000E-03  -9.6123630000E-04  -1.2397137300E-02   1.9693695000E-03
   16     -1.4315868700E-02  -9.5828280000E-04   8.5647600000E-04   7.1594804000E-03   9.5832450000E-04
   17     -1.9083471400E-02   1.0799183000E-03  -6.2398340000E-04  -1.9084739000E-02  -1.0800517000E-03
                   10                 11                 12                 13                 14        
    0     -1.0739800470E-01   7.1456721000E-02  -2.3143465000E-03  -3.0000000000E-10   6.0200000000E-08
    1     -1.0357022780E-01   4.1257983700E-02  -1.0000000000E-10  -2.3157316000E-03  -1.0640000000E-06
    2      3.7509869800E-02  -5.0661810400E-02   2.0010000000E-07  -5.1594000000E-06   8.7295429000E-03
    3     -2.6051743600E-02  -6.5769343000E-03  -2.7408290000E-04   2.8400000000E-08  -3.1600000000E-08
    4     -1.7264168800E-02  -3.4151637000E-03   4.7000000000E-09   4.5870600000E-04  -5.0600810000E-04
    5      7.4010724000E-03   3.7943956000E-03   3.0400000000E-08   9.2766960000E-04  -4.4489367000E-03
    6      1.2135118800E-02  -6.2474686000E-03   2.7210800000E-04  -3.1113510000E-04  -4.3753690000E-04
    7      6.8356134000E-03  -3.9891330000E-03  -3.1537220000E-04  -9.3892900000E-05   2.5447230000E-04
    8     -3.9893128000E-03   3.7953988000E-03   7.9959140000E-04  -4.6087740000E-04  -4.4491881000E-03
    9      1.2003804440E-01  -7.0229674200E-02   2.7204510000E-04   3.1110390000E-04   4.3748640000E-04
   10      1.1323621700E-01  -4.0552141800E-02   3.1536910000E-04  -9.3929400000E-05   2.5447030000E-04
   11     -4.0552141800E-02   6.6605865400E-02  -7.9982670000E-04  -4.6101850000E-04  -4.4491555000E-03
   12      3.1536910000E-04  -7.9982670000E-04   1.1231932000E-03   2.7600000000E-08   6.1200000000E-08
   13     -9.3929400000E-05  -4.6101850000E-04   2.7600000000E-08   1.1240960000E-03  -9.1910000000E-07
   14      2.5447030000E-04  -4.4491555000E-03   6.1200000000E-08  -9.1910000000E-07   1.6596060000E-02
   15      9.6121590000E-04   1.2397182700E-02   9.2108320000E-04  -2.4600000000E-08  -3.9400000000E-08
   16      8.5649560000E-04   7.1594733000E-03  -2.9100000000E-08   9.2075200000E-04  -9.5150000000E-07
   17     -6.2395790000E-04  -1.9084693900E-02  -5.6400000000E-08   3.0470000000E-07  -1.1978322500E-02
                   15                 16                 17        
     0     -1.7118176700E-02  -1.4000000000E-08  -1.4040000000E-07
     1     -2.6000000000E-08  -1.7119710800E-02   4.3270000000E-07
     2     -2.2040000000E-07  -2.3610000000E-06  -4.8389310200E-02
     3      3.0478020000E-04  -4.4500000000E-08  -6.8800000000E-08
     4      2.5000000000E-08   2.5305964000E-03   1.2469764000E-03
     5     -1.8480000000E-07  -1.4315868700E-02  -1.9083471400E-02
     6      1.9692258000E-03  -9.5828280000E-04   1.0799183000E-03
     7     -9.6123630000E-04   8.5647600000E-04  -6.2398340000E-04
     8     -1.2397137300E-02   7.1594804000E-03  -1.9084739000E-02
     9      1.9693695000E-03   9.5832450000E-04  -1.0800517000E-03
    10      9.6121590000E-04   8.5649560000E-04  -6.2395790000E-04
    11      1.2397182700E-02   7.1594733000E-03  -1.9084693900E-02
    12      9.2108320000E-04  -2.9100000000E-08  -5.6400000000E-08
    13     -2.4600000000E-08   9.2075200000E-04   3.0470000000E-07
    14     -3.9400000000E-08  -9.5150000000E-07  -1.1978322500E-02
    15      1.1953718000E-02   4.6000000000E-08   3.9910000000E-07
    16      4.6000000000E-08   1.1955390800E-02   2.2760000000E-07
    17      3.9910000000E-07   2.2760000000E-07   1.1762053690E-01

$vibrational_frequencies
18
    0        0.0000000000000000
    1        0.0000000000000000
    2        0.0000000000000000
    3        0.0000000000000000
    4        0.0000000000000000
    5        0.0000000000000000
    6       89.8079720135279160
    7      103.3797061277373928
    8      103.4164678343592527
    9      426.0233669245601504
   10      914.8547780359346007
   11      914.9332265568839375
   12     1250.9375846332870879
   13     1432.8520758863799074
   14     1432.9220275391803625
   15     3097.1974737041077788
   16     3124.3724375512151710
   17     3124.6187055699278972

$normal_modes
18 18
                    0                  1                  2                  3                  4        
    0      0.0000000000E+00   0.0000000000E+00   0.0000000000E+00   0.0000000000E+00   0.0000000000E+00
    1      0.0000000000E+00   0.0000000000E+00   0.0000000000E+00   0.0000000000E+00   0.0000000000E+00
    2      0.0000000000E+00   0.0000000000E+00   0.0000000000E+00   0.0000000000E+00   0.0000000000E+00
    3      0.0000000000E+00   0.0000000000E+00   0.0000000000E+00   0.0000000000E+00   0.0000000000E+00
    4      0.0000000000E+00   0.0000000000E+00   0.0000000000E+00   0.0000000000E+00   0.0000000000E+00
    5      0.0000000000E+00   0.0000000000E+00   0.0000000000E+00   0.0000000000E+00   0.0000000000E+00
    6      0.0000000000E+00   0.0000000000E+00   0.0000000000E+00   0.0000000000E+00   0.0000000000E+00
    7      0.0000000000E+00   0.0000000000E+00   0.0000000000E+00   0.0000000000E+00   0.0000000000E+00
    8      0.0000000000E+00   0.0000000000E+00   0.0000000000E+00   0.0000000000E+00   0.0000000000E+00
    9      0.0000000000E+00   0.0000000000E+00   0.0000000000E+00   0.0000000000E+00   0.0000000000E+00
   10      0.0000000000E+00   0.0000000000E+00   0.0000000000E+00   0.0000000000E+00   0.0000000000E+00
   11      0.0000000000E+00   0.0000000000E+00   0.0000000000E+00   0.0000000000E+00   0.0000000000E+00
   12      0.0000000000E+00   0.0000000000E+00   0.0000000000E+00   0.0000000000E+00   0.0000000000E+00
   13      0.0000000000E+00   0.0000000000E+00   0.0000000000E+00   0.0000000000E+00   0.0000000000E+00
   14      0.0000000000E+00   0.0000000000E+00   0.0000000000E+00   0.0000000000E+00   0.0000000000E+00
   15      0.0000000000E+00   0.0000000000E+00   0.0000000000E+00   0.0000000000E+00   0.0000000000E+00
   16      0.0000000000E+00   0.0000000000E+00   0.0000000000E+00   0.0000000000E+00   0.0000000000E+00
   17      0.0000000000E+00   0.0000000000E+00   0.0000000000E+00   0.0000000000E+00   0.0000000000E+00
                    5                  6                  7                  8                  9        
    0      0.0000000000E+00   1.9220706988E-05   4.3707879614E-01   1.2657045200E-02  -4.5079726822E-07
    1      0.0000000000E+00   9.9886121805E-04  -1.2656516920E-02   4.3709189420E-01  -1.6236415152E-05
    2      0.0000000000E+00   3.9431045719E-01   4.1853986691E-07  -6.6596155775E-05  -6.7184796563E-01
    3      0.0000000000E+00   2.2050357073E-05   4.9782664517E-01   1.4412117347E-02  -1.7950786705E-06
    4      0.0000000000E+00   1.8439970281E-02  -1.4494160362E-02   5.0053897432E-01  -5.7325954984E-02
    5      0.0000000000E+00   3.0775233612E-01   5.7033524590E-03  -1.9703738410E-01  -4.2162256128E-01
    6      0.0000000000E+00   1.5010301006E-02   4.9991199741E-01   1.3331188271E-02  -4.9655129021E-02
    7      0.0000000000E+00  -7.4946916678E-03  -1.5563956117E-02   4.9849888033E-01   2.8666977419E-02
    8      0.0000000000E+00   3.0841021185E-01  -1.7350005145E-01   9.3530726409E-02  -4.2153017741E-01
    9      0.0000000000E+00  -1.4965858658E-02   4.9984624934E-01   1.5622560327E-02   4.9651834151E-02
   10      0.0000000000E+00  -7.4945199513E-03  -1.3308338276E-02   4.9855877581E-01   2.8667128291E-02
   11      0.0000000000E+00   3.0842788006E-01   1.6779036246E-01   1.0340897319E-01  -4.2154002544E-01
   12      0.0000000000E+00  -1.9308830941E-06  -3.7683037835E-02  -1.0912174439E-03   9.6336364865E-08
   13      0.0000000000E+00  -8.4753640214E-05   1.0911928856E-03  -3.7683850853E-02   5.1295810539E-07
   14      0.0000000000E+00  -6.5183453279E-01  -8.9592878600E-07   9.3629333369E-05  -1.9692661380E-03
   15      0.0000000000E+00  -1.1316548387E-06  -2.9538567915E-02  -8.5538446807E-04   2.2442234068E-08
   16      0.0000000000E+00  -6.8588423707E-05   8.5535460642E-04  -2.9539388980E-02   1.1490488440E-06
   17      0.0000000000E+00   3.6574885041E-01   5.7482152343E-07  -5.1872587338E-05   7.4875654735E-02
                   10                 11                 12                 13                 14        
    0     -9.6757096410E-02  -4.2093394660E-03  -1.1094234133E-06   2.2042961401E-04   7.4080597015E-02
    1      4.2098051460E-03  -9.6758742628E-02   8.3682098283E-06  -7.4067690576E-02   2.1999978196E-04
    2      7.3839874764E-07  -4.0208750683E-06  -8.7666430418E-02  -3.6312475540E-06  -2.6812267943E-07
    3      2.4441776745E-01   1.0634231892E-02   4.4794420467E-06  -2.2367303636E-03  -7.5039926428E-01
    4     -6.5623364611E-03   1.5085108081E-01  -1.6829560360E-01  -1.1984510195E-01   3.6283008176E-04
    5      3.3020392318E-02  -7.5925609791E-01   5.5006049058E-01   2.9253747539E-01  -8.7054923256E-04
    6      1.7249764186E-01   4.8140425807E-02  -1.4573173203E-01   3.7658714499E-01  -9.8835414807E-02
    7      3.0881331896E-02   2.2287870226E-01   8.4111504957E-02   5.3165733922E-01  -3.7843924318E-01
    8     -6.7416493648E-01   3.5114591230E-01   5.4989226150E-01  -1.4701360986E-01  -2.5281497033E-01
    9      1.7602586108E-01  -3.2975038683E-02   1.4573979538E-01  -3.7716434736E-01  -9.6586417934E-02
   10     -5.0119343555E-02   2.1935601046E-01   8.4110928962E-02   5.3390310533E-01   3.7526686946E-01
   11      6.4110887254E-01   4.0836135913E-01   5.4990817963E-01  -1.4550516924E-01   2.5368786209E-01
   12     -3.2468923169E-04  -1.4150442649E-05  -3.9329778699E-08  -8.9668325020E-08  -2.9933584233E-05
   13      1.4112644919E-05  -3.2555350643E-04   3.0118036038E-07   3.0245340737E-05  -1.0021378058E-07
   14      5.3357203846E-08  -1.9854522872E-07  -1.6553651218E-03   3.3200445818E-07   3.2953183117E-09
   15      4.6525402209E-03   2.0238755497E-04   3.0138719653E-08   1.5447485827E-06   5.2007335255E-04
   16     -2.0240204123E-04   4.6520922221E-03  -4.0047152886E-07  -5.2065119436E-04   1.5572079281E-06
   17      1.7986482144E-07  -1.4895540163E-06  -3.7654424759E-03  -1.3854215912E-08   4.6955081390E-09
                   15                 16                 17        
     0     -5.9202335425E-05  -4.4024348381E-03  -9.2755456770E-02
     1      6.6255396302E-04  -9.2755005295E-02   4.4018137191E-03
     2      3.5496988830E-02   2.7487830965E-04  -3.7368906390E-05
     3     -2.7980398897E-05  -1.9083687728E-03  -4.0353824521E-02
     4     -5.6322125449E-01   7.7190557984E-01  -3.6241889771E-02
     5     -1.4980387473E-01   2.3394712190E-01  -1.0998487462E-02
     6     -4.7998645565E-01  -3.3015968994E-01   5.8935451611E-01
     7      2.7746457209E-01   1.4915022817E-01  -3.6168326244E-01
     8     -1.4713688016E-01  -1.0902897605E-01   2.0934470100E-01
     9      4.8071888821E-01   3.8445644101E-01   5.5477796708E-01
    10      2.7791955737E-01   1.8271080436E-01   3.4554438550E-01
    11     -1.4740196190E-01  -1.2835656002E-01  -1.9787856633E-01
    12      3.2700968515E-08   1.7471405801E-06   3.6781379600E-05
    13     -5.6581599946E-07   3.6808395620E-05  -1.7362560604E-06
    14      1.0804994790E-04   8.2548364383E-07  -1.1351600954E-07
    15     -1.2776477301E-08  -5.4721078029E-07  -1.1520322259E-05
    16     -1.0169359546E-07  -1.1484377334E-05   5.3865344450E-07
    17      1.0173313513E-04   7.7542917575E-07  -1.0622949003E-07

#
# The atoms: label  mass x y z (in bohrs)
#
$atoms
6
 C     12.01100     -0.000002876832     0.000030155208     0.326302374346
 H      1.00800      0.000005184275     1.946214310248     0.927720692470
 H      1.00800      1.685330842435    -0.973086273382     0.927700519075
 H      1.00800     -1.685339567069    -0.973096614000     0.927702742978
 Br    79.90000      0.000002534015    -0.000014488920     5.980652262708
 I    126.90000     -0.000001295079     0.000006018883    -3.818587254175

$actual_temperature
  0.000000

$frequency_scale_factor
  1.000000


$end

