*************************************************
******************* ORCA 6.1.0 ******************
*************************************************
$Calculation_Status
   &GeometryIndex 0
   &version [&Type "String"] "6.1.0"
   &progName [&Type "String"] "orca"
   &Status [&Type "String"] "NORMAL TERMINATION"
$End
$Geometry
   &GeometryIndex 1
   &NAtoms [&Type "Integer"] 6
   &NCorelessECP [&Type "Integer"] 0
   &NGhostAtoms [&Type "Integer"] 0
   &CartesianCoordinates [&Type "Coordinates", &Dim(6,4), &Units "Bohr"] 
              C      0.000103934937    0.000083147950   -0.595503727404
              H     -0.000051022606    1.948713935192   -0.004259442706
              H      1.687661497873   -0.974452398766   -0.004253773527
              H     -1.687899603366   -0.974529877537   -0.004229207088
              Br    -0.000005669178   -0.000005669178    4.960302444681
              I     -0.000028345892   -0.000026456166   -4.763007477395
$End
$Single_Point_Data
   &GeometryIndex 1
   &FinalEnergy [&Type "Double"]      -1.1826728939890000e+01  "Final single point energy"
   &Converged [&Type "Boolean"] true
$End
$Geometry
   &GeometryIndex 2
   &NAtoms [&Type "Integer"] 6
   &NCorelessECP [&Type "Integer"] 0
   &NGhostAtoms [&Type "Integer"] 0
   &CartesianCoordinates [&Type "Coordinates", &Dim(6,4), &Units "Bohr"] 
              C      0.000021093050    0.000012362355   -0.603142887988
              H     -0.000103579342    1.947838282556   -0.011701095633
              H      1.686826246502   -0.974045280934   -0.011714978372
              H     -1.686913145524   -0.973974773854   -0.011768879280
              Br    -0.000004701136   -0.000005793343    4.990661332486
              I     -0.000045121782   -0.000042115287   -4.763284674651
$End
$Single_Point_Data
   &GeometryIndex 2
   &FinalEnergy [&Type "Double"]      -1.1826772695700001e+01  "Final single point energy"
   &Converged [&Type "Boolean"] true
$End
$Geometry
   &GeometryIndex 3
   &NAtoms [&Type "Integer"] 6
   &NCorelessECP [&Type "Integer"] 0
   &NGhostAtoms [&Type "Integer"] 0
   &CartesianCoordinates [&Type "Coordinates", &Dim(6,4), &Units "Bohr"] 
              C     -0.000048332798   -0.000046756903   -0.613380109673
              H     -0.000080923190    1.947676622854   -0.019564002439
              H      1.686700092394   -0.973939233354   -0.019574882219
              H     -1.686776917912   -0.973889071580   -0.019616042864
              Br     0.000006881054    0.000003008348    5.025211225734
              I     -0.000020007778   -0.000021887870   -4.764027371979
$End
$Single_Point_Data
   &GeometryIndex 3
   &FinalEnergy [&Type "Double"]      -1.1826793205190000e+01  "Final single point energy"
   &Converged [&Type "Boolean"] true
$End
$Geometry
   &GeometryIndex 4
   &NAtoms [&Type "Integer"] 6
   &NCorelessECP [&Type "Integer"] 0
   &NGhostAtoms [&Type "Integer"] 0
   &CartesianCoordinates [&Type "Coordinates", &Dim(6,4), &Units "Bohr"] 
              C     -0.000052815926   -0.000050522511   -0.616304868857
              H     -0.000057200833    1.947312308604   -0.020380557228
              H      1.686406965627   -0.973735754414   -0.020386422411
              H     -1.686503317351   -0.973724258519   -0.020407713016
              Br     0.000003359578   -0.000000265566    5.031550614135
              I     -0.000016199326   -0.000018826099   -4.765022236062
$End
$Single_Point_Data
   &GeometryIndex 4
   &FinalEnergy [&Type "Double"]      -1.1826795025379999e+01  "Final single point energy"
   &Converged [&Type "Boolean"] true
$End
$Geometry
   &GeometryIndex 5
   &NAtoms [&Type "Integer"] 6
   &NCorelessECP [&Type "Integer"] 0
   &NGhostAtoms [&Type "Integer"] 0
   &CartesianCoordinates [&Type "Coordinates", &Dim(6,4), &Units "Bohr"] 
              C     -0.000050141867   -0.000048162545   -0.619815597812
              H     -0.000031353482    1.946553294442   -0.020323398021
              H      1.685770588385   -0.973331042817   -0.020324537938
              H     -1.685874113498   -0.973353534837   -0.020327906060
              Br    -0.000009880877   -0.000011919360    5.035360792010
              I     -0.000024306892   -0.000025953390   -4.765520535618
$End
$Single_Point_Data
   &GeometryIndex 5
   &FinalEnergy [&Type "Double"]      -1.1826796592430000e+01  "Final single point energy"
   &Converged [&Type "Boolean"] true
$End
$Geometry
   &GeometryIndex 6
   &NAtoms [&Type "Integer"] 6
   &NCorelessECP [&Type "Integer"] 0
   &NGhostAtoms [&Type "Integer"] 0
   &CartesianCoordinates [&Type "Coordinates", &Dim(6,4), &Units "Bohr"] 
              C     -0.000044007178   -0.000042882140   -0.620894096893
              H     -0.000028808753    1.946080087626   -0.019495586569
              H      1.685359645033   -0.973090084570   -0.019496333122
              H     -1.685450985718   -0.973108480564   -0.019499018372
              Br    -0.000019728724   -0.000020502705    5.034044619750
              I     -0.000035322891   -0.000035456153   -4.765610768233
$End
$Single_Point_Data
   &GeometryIndex 6
   &FinalEnergy [&Type "Double"]      -1.1826797047760000e+01  "Final single point energy"
   &Converged [&Type "Boolean"] true
$End
$Hessian
   &GeometryIndex 6
   &HESSIAN [&Type "ArrayOfDoubles", &Dim (18,18)] "The Hessian"
                                                         0                           1                           2                           3                           4                           5                           6                           7

0                                      5.1612020160000005e-01        -2.2666999999999998e-06         3.2752999999999998e-06        -4.1564457800000003e-02        -3.3548999999999998e-06        -8.9650000000000001e-07        -2.2756685309999999e-01         1.0738736800000000e-01
1                                     -2.2666999999999998e-06         5.1612162809999995e-01         3.0885000000000002e-06        -3.3355000000000001e-06        -2.8957353190000001e-01        -8.2503026399999999e-02         1.0739588329999999e-01        -1.0355947080000000e-01
2                                      3.2752999999999998e-06         3.0885000000000002e-06         1.9171773980000001e-01        -9.3170000000000001e-07        -7.5002651099999998e-02        -5.0666631699999999e-02        -6.4949463499999999e-02         3.7503962699999997e-02
3                                     -4.1564457800000003e-02        -3.3355000000000001e-06        -9.3170000000000001e-07         4.3926896200000003e-02         3.2457000000000001e-06         1.0244000000000001e-06        -1.1968663999999999e-03         2.6051949899999999e-02
4                                     -3.3548999999999998e-06        -2.8957353190000001e-01        -7.5002651099999998e-02         3.2457000000000001e-06         3.2111629279999998e-01         8.1093181500000000e-02         1.7657184000000000e-03        -1.7266669299999999e-02
5                                     -8.9650000000000001e-07        -8.2503026399999999e-02        -5.0666631699999999e-02         1.0244000000000001e-06         8.1093181500000000e-02         6.6606751800000003e-02         3.3014490000000002e-04         7.4017403999999997e-03
6                                     -2.2756685309999999e-01         1.0739588329999999e-01        -6.4949463499999999e-02        -1.1968663999999999e-03         1.7657184000000000e-03         3.3014490000000002e-04         2.5180527930000002e-01        -1.2002792700000001e-01
7                                      1.0738736800000000e-01        -1.0355947080000000e-01         3.7503962699999997e-02         2.6051949899999999e-02        -1.7266669299999999e-02         7.4017403999999997e-03        -1.2002792700000001e-01         1.1322485740000000e-01
8                                     -7.1449003499999997e-02         4.1251218399999998e-02        -5.0666525099999998e-02         6.5772456000000000e-03        -3.4151243000000000e-03         3.7954350000000002e-03         7.0225874499999993e-02        -4.0546849300000000e-02
9                                     -2.2755897319999999e-01        -1.0739023970000000e-01         6.4946961900000003e-02        -1.1965191999999999e-03        -1.7656421000000000e-03        -3.3012850000000002e-04        -2.5282705100000000e-02        -1.2135346599999999e-02
10                                    -1.0738171450000000e-01        -1.0355656040000000e-01         3.7502192400000002e-02        -2.6051882200000001e-02        -1.7265037800000001e-02         7.4019217999999999e-03         1.2135346700000001e-02         6.8388761000000003e-03
11                                     7.1446560899999997e-02         4.1249278399999999e-02        -5.0667225900000001e-02        -6.5772501999999998e-03        -3.4149112000000001e-03         3.7953818999999999e-03        -6.2473518000000002e-03        -3.9900353000000000e-03
12                                    -2.3123230999999998e-03         3.3999999999999998e-09         3.1170000000000002e-07        -2.7338910000000000e-04         2.7999999999999998e-09         5.9100000000000000e-08         2.7223180000000000e-04        -3.1498310000000000e-04
13                                     4.0000000000000002e-09        -2.3135279000000000e-03        -3.0189999999999998e-06         3.4599999999999999e-08         4.5932679999999997e-04         9.2381329999999999e-04        -3.1102730000000001e-04        -9.3882700000000002e-05
14                                     1.1080000000000000e-07        -7.7710000000000004e-07         8.7292390999999993e-03        -4.0200000000000003e-08        -5.0656210000000004e-04        -4.4432991999999996e-03        -4.3798870000000002e-04         2.5454530000000000e-04
15                                    -1.7117594500000000e-02        -4.4700000000000003e-08        -1.5370000000000001e-07         3.0433629999999999e-04         3.0199999999999999e-08        -2.0330000000000000e-07         1.9689134999999998e-03        -9.6106119999999999e-04
16                                    -3.5899999999999997e-08        -1.7118537100000001e-02        -3.5736000000000000e-06        -1.2400000000000000e-08         2.5296194000000000e-03        -1.4317630600000001e-02        -9.5799410000000002e-04         8.5628919999999995e-04
17                                    -4.6900000000000003e-08         2.1820000000000001e-07        -4.8446596299999999e-02        -4.7899999999999999e-08         1.2460672000000001e-03        -1.9087637700000000e-02         1.0787845999999999e-03        -6.2336379999999999e-04
                                                         8                           9                          10                          11                          12                          13                          14                          15

0                                     -7.1449003499999997e-02        -2.2755897319999999e-01        -1.0738171450000000e-01         7.1446560899999997e-02        -2.3123230999999998e-03         4.0000000000000002e-09         1.1080000000000000e-07        -1.7117594500000000e-02
1                                      4.1251218399999998e-02        -1.0739023970000000e-01        -1.0355656040000000e-01         4.1249278399999999e-02         3.3999999999999998e-09        -2.3135279000000000e-03        -7.7710000000000004e-07        -4.4700000000000003e-08
2                                     -5.0666525099999998e-02         6.4946961900000003e-02         3.7502192400000002e-02        -5.0667225900000001e-02         3.1170000000000002e-07        -3.0189999999999998e-06         8.7292390999999993e-03        -1.5370000000000001e-07
3                                      6.5772456000000000e-03        -1.1965191999999999e-03        -2.6051882200000001e-02        -6.5772501999999998e-03        -2.7338910000000000e-04         3.4599999999999999e-08        -4.0200000000000003e-08         3.0433629999999999e-04
4                                     -3.4151243000000000e-03        -1.7656421000000000e-03        -1.7265037800000001e-02        -3.4149112000000001e-03         2.7999999999999998e-09         4.5932679999999997e-04        -5.0656210000000004e-04         3.0199999999999999e-08
5                                      3.7954350000000002e-03        -3.3012850000000002e-04         7.4019217999999999e-03         3.7953818999999999e-03         5.9100000000000000e-08         9.2381329999999999e-04        -4.4432991999999996e-03        -2.0330000000000000e-07
6                                      7.0225874499999993e-02        -2.5282705100000000e-02         1.2135346700000001e-02        -6.2473518000000002e-03         2.7223180000000000e-04        -3.1102730000000001e-04        -4.3798870000000002e-04         1.9689134999999998e-03
7                                     -4.0546849300000000e-02        -1.2135346599999999e-02         6.8388761000000003e-03        -3.9900353000000000e-03        -3.1498310000000000e-04        -9.3882700000000002e-05         2.5454530000000000e-04        -9.6106119999999999e-04
8                                      6.6606553600000007e-02         6.2475693999999998e-03        -3.9902048000000001e-03         3.7953631000000000e-03         7.9901650000000000e-04        -4.5990840000000000e-04        -4.4432674000000000e-03        -1.2400702400000000e-02
9                                      6.2475693999999998e-03         2.5179701129999998e-01         1.2002223099999999e-01        -7.0223493400000003e-02         2.7217039999999999e-04         3.1099060000000002e-04         4.3792680000000000e-04         1.9690157000000000e-03
10                                    -3.9902048000000001e-03         1.2002223099999999e-01         1.1322030080000001e-01        -4.0545140799999997e-02         3.1498179999999999e-04        -9.3909399999999999e-05         2.5454649999999998e-04         9.6103729999999997e-04
11                                     3.7953631000000000e-03        -7.0223493400000003e-02        -4.0545140799999997e-02         6.6607018300000001e-02        -7.9932340000000003e-04        -4.6012819999999998e-04        -4.4430785000000002e-03         1.2400857899999999e-02
12                                     7.9901650000000000e-04         2.7217039999999999e-04         3.1498179999999999e-04        -7.9932340000000003e-04         1.1216225000000000e-03         3.9799999999999999e-08         4.2900000000000000e-08         9.1968740000000001e-04
13                                    -4.5990840000000000e-04         3.1099060000000002e-04        -9.3909399999999999e-05        -4.6012819999999998e-04         3.9799999999999999e-08         1.1218033999999999e-03        -8.7339999999999997e-07        -4.1799999999999997e-08
14                                    -4.4432674000000000e-03         4.3792680000000000e-04         2.5454649999999998e-04        -4.4430785000000002e-03         4.2900000000000000e-08        -8.7339999999999997e-07         1.6572286499999998e-02        -5.1599999999999999e-08
15                                    -1.2400702400000000e-02         1.9690157000000000e-03         9.6103729999999997e-04         1.2400857899999999e-02         9.1968740000000001e-04        -4.1799999999999997e-08        -5.1599999999999999e-08         1.1955641600000001e-02
16                                     7.1608684000000001e-03         9.5800690000000005e-04         8.5633080000000004e-04         7.1609372000000001e-03        -4.4700000000000003e-08         9.2018989999999995e-04        -8.7909999999999998e-07         8.0200000000000003e-08
17                                    -1.9087559200000000e-02        -1.0788363000000000e-03        -6.2331509999999997e-04        -1.9087459000000001e-02        -1.0680000000000000e-07         1.1580000000000000e-07        -1.1971880400000001e-02         2.5330000000000002e-07
                                                        16                          17

0                                     -3.5899999999999997e-08        -4.6900000000000003e-08
1                                     -1.7118537100000001e-02         2.1820000000000001e-07
2                                     -3.5736000000000000e-06        -4.8446596299999999e-02
3                                     -1.2400000000000000e-08        -4.7899999999999999e-08
4                                      2.5296194000000000e-03         1.2460672000000001e-03
5                                     -1.4317630600000001e-02        -1.9087637700000000e-02
6                                     -9.5799410000000002e-04         1.0787845999999999e-03
7                                      8.5628919999999995e-04        -6.2336379999999999e-04
8                                      7.1608684000000001e-03        -1.9087559200000000e-02
9                                      9.5800690000000005e-04        -1.0788363000000000e-03
10                                     8.5633080000000004e-04        -6.2331509999999997e-04
11                                     7.1609372000000001e-03        -1.9087459000000001e-02
12                                    -4.4700000000000003e-08        -1.0680000000000000e-07
13                                     9.2018989999999995e-04         1.1580000000000000e-07
14                                    -8.7909999999999998e-07        -1.1971880400000001e-02
15                                     8.0200000000000003e-08         2.5330000000000002e-07
16                                     1.1956107800000001e-02         2.7770000000000001e-07
17                                     2.7770000000000001e-07         1.1768113260000000e-01
   &MODES [&Type "ArrayOfDoubles", &Dim (18,18)] "The modes of vibrations"
                                                         0                           1                           2                           3                           4                           5                           6                           7

0                                      0.0000000000000000e+00         0.0000000000000000e+00         0.0000000000000000e+00         0.0000000000000000e+00         0.0000000000000000e+00         0.0000000000000000e+00        -1.0940108256658843e-05         2.3657134505597699e-01
1                                      0.0000000000000000e+00         0.0000000000000000e+00         0.0000000000000000e+00         0.0000000000000000e+00         0.0000000000000000e+00         0.0000000000000000e+00        -1.7463862422238948e-04        -3.7205367708912578e-02
2                                      0.0000000000000000e+00         0.0000000000000000e+00         0.0000000000000000e+00         0.0000000000000000e+00         0.0000000000000000e+00         0.0000000000000000e+00        -5.4130398355096497e-02         3.9514769234938393e-06
3                                      0.0000000000000000e+00         0.0000000000000000e+00         0.0000000000000000e+00         0.0000000000000000e+00         0.0000000000000000e+00         0.0000000000000000e+00        -1.2573606692628098e-05         2.6948681483876302e-01
4                                      0.0000000000000000e+00         0.0000000000000000e+00         0.0000000000000000e+00         0.0000000000000000e+00         0.0000000000000000e+00         0.0000000000000000e+00        -2.5725958182322489e-03        -4.2609097552392304e-02
5                                      0.0000000000000000e+00         0.0000000000000000e+00         0.0000000000000000e+00         0.0000000000000000e+00         0.0000000000000000e+00         0.0000000000000000e+00        -4.2240931343804466e-02         1.6779503869142155e-02
6                                      0.0000000000000000e+00         0.0000000000000000e+00         0.0000000000000000e+00         0.0000000000000000e+00         0.0000000000000000e+00         0.0000000000000000e+00        -2.0675461776064126e-03         2.7065131585789520e-01
7                                      0.0000000000000000e+00         0.0000000000000000e+00         0.0000000000000000e+00         0.0000000000000000e+00         0.0000000000000000e+00         0.0000000000000000e+00         9.8374990505714459e-04        -4.3070340026753681e-02
8                                      0.0000000000000000e+00         0.0000000000000000e+00         0.0000000000000000e+00         0.0000000000000000e+00         0.0000000000000000e+00         0.0000000000000000e+00        -4.2357140809260369e-02        -1.0076804784408355e-01
9                                      0.0000000000000000e+00         0.0000000000000000e+00         0.0000000000000000e+00         0.0000000000000000e+00         0.0000000000000000e+00         0.0000000000000000e+00         2.0422328903210033e-03         2.7045652707048357e-01
10                                     0.0000000000000000e+00         0.0000000000000000e+00         0.0000000000000000e+00         0.0000000000000000e+00         0.0000000000000000e+00         0.0000000000000000e+00         9.8367489753957644e-04        -4.1804466804256910e-02
11                                     0.0000000000000000e+00         0.0000000000000000e+00         0.0000000000000000e+00         0.0000000000000000e+00         0.0000000000000000e+00         0.0000000000000000e+00        -4.2366632118379211e-02         8.3993363035944874e-02
12                                     0.0000000000000000e+00         0.0000000000000000e+00         0.0000000000000000e+00         0.0000000000000000e+00         0.0000000000000000e+00         0.0000000000000000e+00         1.0980122396510280e-06        -2.0394679971239345e-02
13                                     0.0000000000000000e+00         0.0000000000000000e+00         0.0000000000000000e+00         0.0000000000000000e+00         0.0000000000000000e+00         0.0000000000000000e+00         1.5247405275803570e-05         3.2074715959674216e-03
14                                     0.0000000000000000e+00         0.0000000000000000e+00         0.0000000000000000e+00         0.0000000000000000e+00         0.0000000000000000e+00         0.0000000000000000e+00         8.9468939842257275e-02        -6.1053992837955546e-06
15                                     0.0000000000000000e+00         0.0000000000000000e+00         0.0000000000000000e+00         0.0000000000000000e+00         0.0000000000000000e+00         0.0000000000000000e+00         6.4507841964117465e-07        -1.5988990628799021e-02
16                                     0.0000000000000000e+00         0.0000000000000000e+00         0.0000000000000000e+00         0.0000000000000000e+00         0.0000000000000000e+00         0.0000000000000000e+00         1.1736242850740905e-05         2.5145820855194804e-03
17                                     0.0000000000000000e+00         0.0000000000000000e+00         0.0000000000000000e+00         0.0000000000000000e+00         0.0000000000000000e+00         0.0000000000000000e+00        -5.0200375546475003e-02         3.4318565796348464e-06
                                                         8                           9                          10                          11                          12                          13                          14                          15

0                                     -3.7205788475277772e-02        -9.0402915419654354e-07        -2.1110976082537557e-02         8.9310295970758333e-02         9.3935952187432665e-07         1.5697793644688094e-03         7.1646126540199626e-02        -8.1196362942454424e-05
1                                     -2.3657070600739802e-01        -4.3164916880107501e-06         8.9316589090145601e-02         2.1111645927004069e-02         1.5138051503170470e-06        -7.1640260201407069e-02         1.5691270046210100e-03        -1.1667599426543058e-04
2                                      3.6381219365700798e-05         2.5992665973357537e-01         1.2134751606726454e-06        -2.5643733230687592e-08         8.3809082333342055e-02        -3.6591502222846743e-06         1.4657449307592916e-07         3.5117292774718950e-02
3                                     -4.2372527234564437e-02         1.8053169800586688e-07         5.3327230598936952e-02        -2.2561352879564012e-01        -1.9178374000686607e-06        -1.5906503591739399e-02        -7.2580627571733980e-01        -3.8663838588227415e-05
4                                     -2.7092746959334829e-01         2.2170792109733346e-02        -1.3923577963285216e-01        -3.2912130988702347e-02         1.6084499889475043e-01        -1.1592582070241279e-01         2.5481101207255044e-03        -5.5069265989916816e-01
5                                      1.0670382060832057e-01         1.6312289578293859e-01         7.0082936700688503e-01         1.6567168068755236e-01        -5.2562914347824696e-01         2.8294466037095395e-01        -6.2016081896138983e-03        -1.4623600887213917e-01
6                                     -4.1935020046218574e-02         1.9204184953905325e-02         5.7723529690115194e-04        -1.6968083936998982e-01         1.3929811844673995e-01         3.6244530773514078e-01        -1.0247407499909755e-01        -4.7765432825312160e-01
7                                     -2.6974382277203307e-01        -1.1086566392351827e-02        -1.9520252596124676e-01        -8.5635274405137921e-02        -8.0425585132868765e-02         5.0735082990634073e-01        -3.7578225175723112e-01         2.7575175921777068e-01
8                                     -3.8783880114635294e-02         1.6312703947055937e-01        -4.9386858394157251e-01         5.2412717189586100e-01        -5.2564817659005414e-01        -1.4682244669595734e-01        -2.4188541843269032e-01        -1.4649564405434451e-01
9                                     -4.3173929421323309e-02        -1.9204058909020789e-02         7.5453853601346696e-02        -1.5197871917402236e-01        -1.3930518494171062e-01        -3.6658149377733346e-01        -8.6498147287948482e-02         4.7865919661684814e-01
10                                    -2.6992668827868233e-01        -1.1086689477376925e-02        -2.1288640426071911e-01        -1.0827683264862399e-02        -8.0427361747765699e-02         5.2332359551714580e-01         3.5319815322105552e-01         2.7637626516694469e-01
11                                    -6.7837941191200568e-02         1.6313259460259669e-01        -2.0693114133578841e-01        -6.8976041994976167e-01        -5.2567104496264438e-01        -1.3608676648067897e-01         2.4808196897931678e-01        -1.4685661092013744e-01
12                                     3.2074752676527229e-03         7.0984352806765752e-09        -7.0719687366855327e-05         2.9936441730260083e-04         4.5253561722513921e-08        -6.3353737239992977e-07        -2.9022530706510887e-05         4.1938702266439448e-08
13                                     2.0394673034051011e-02         2.4110932562006015e-07         2.9917611922288711e-04         7.0786257878431265e-05         2.9273379956077105e-08         2.9012023510703712e-05        -6.4854591990089560e-07        -2.4928872510835845e-07
14                                    -6.5310101305725713e-05         7.6543022833423281e-04        -3.2078156185520172e-07        -1.6704999423869760e-07         1.5801339704756359e-03         2.6306936276799646e-07         1.1312851714829440e-08         1.0682795036332222e-04
15                                     2.5146003152626650e-03         7.8661150488147874e-08         1.0151398793917122e-03        -4.2945146557043911e-03        -4.6037823242349313e-08         1.1024671713345165e-05         5.0334121605621191e-04        -1.6040570124200699e-08
16                                     1.5988960905621741e-02         2.7631376377488782e-07        -4.2945816860046580e-03        -1.0151119926379848e-03        -9.8579093366349100e-08        -5.0365239525805214e-04         1.1042637425303086e-05        -2.0121249151041496e-07
17                                     3.7026374874873644e-05        -2.8971115645380800e-02        -1.4833307110055724e-07        -1.9767370607825064e-07         3.5987420000348105e-03        -1.0086651408511138e-07         1.9178101205605542e-08         1.0067465095520054e-04
                                                        16                          17

0                                     -8.5281881481922256e-02        -2.3360745024804001e-02
1                                     -2.3360980267862503e-02         8.5281737654304648e-02
2                                     -4.3172845221167957e-05         3.5333545549329834e-05
3                                     -3.7109707124880979e-02        -1.0174415856862833e-02
4                                      1.9617742990895104e-01        -7.1422948870145631e-01
5                                      5.9393299350088281e-02        -2.1630702867009238e-01
6                                      4.3751236245546088e-01         4.6870470208852683e-01
7                                     -2.8418931831141164e-01        -2.3936148485950010e-01
8                                      1.5777626332397790e-01         1.5921306924712147e-01
9                                      6.1444750791243452e-01        -1.8053850577256156e-01
10                                     3.6600489070060860e-01        -6.1252261361343180e-02
11                                    -2.1662934933566444e-01         5.6652150412185409e-02
12                                     3.3802795498300871e-05         9.2576360283356774e-06
13                                     9.2724930263893883e-06        -3.3810120793673542e-05
14                                    -1.3221432841781411e-07         1.0680783807124887e-07
15                                    -1.0631437587894534e-05        -2.9116731955746795e-06
16                                    -2.9084673920024886e-06         1.0594629529072889e-05
17                                    -1.2152936419986110e-07         9.7859109667558671e-08
$End
$THERMOCHEMISTRY_Energies
   &GeometryIndex 6
   &temperature [&Type "Double"]       2.9814999999999998e+02
   &pressure [&Type "Double"]       1.0000000000000000e+00
   &totalMass [&Type "Double"]       2.2183500000000001e+02
   &spinDegeneracy [&Type "Integer"] 1
   &elEnergy [&Type "Double"]      -1.1826797047760000e+01
   &transEnergy [&Type "Double"]       1.4162714244859817e-03
   &rotEnergy [&Type "Double"]       1.4162714244859817e-03
   &vibEnergy [&Type "Double"]       2.6245770550472952e-03
   &numOfFreqs [&Type "Integer"] 18
   &freqScalingFactor [&Type "Double"]       1.0000000000000000e+00
   &FREQ [&Type "ArrayOfDoubles", &Units "cm^-1", &Dim (18,1)] 
                                                         0

0                                      0.0000000000000000e+00
1                                      0.0000000000000000e+00
2                                      0.0000000000000000e+00
3                                      0.0000000000000000e+00
4                                      0.0000000000000000e+00
5                                      0.0000000000000000e+00
6                                      8.9745972647074169e+01
7                                      1.0331587533300421e+02
8                                      1.0332577523705964e+02
9                                      4.2617456840586919e+02
10                                     9.1488225882399934e+02
11                                     9.1490569895452279e+02
12                                     1.2509698517276895e+03
13                                     1.4328413033352649e+03
14                                     1.4329181153826978e+03
15                                     3.0972259164616903e+03
16                                     3.1244940695714540e+03
17                                     3.1245520136234568e+03
   &zpe [&Type "Double"]       3.6485655179580287e-02
   &innerEnergyU [&Type "Double"]      -1.1784854272676400e+01
   &enthalpyH [&Type "Double"]      -1.1783910063634140e+01
   &qEl [&Type "Double"]       0.0000000000000000e+00
   &qRot [&Type "Double"]       1.1808209714897440e-02
   &qVib [&Type "Double"]       5.0794364643507780e-03
   &qTrans [&Type "Double"]       1.9999675746369457e-02
   &entropyS [&Type "Double"]       3.6887321925617673e-02
   &freeEnergyG [&Type "Double"]      -1.1820797385559757e+01
   &isLinear [&Type "Boolean"] false
$End
$Calculation_Info
   &GeometryIndex 6
   &Mult [&Type "Integer"] 1
   &Charge [&Type "Integer"] -1
   &NumOfAtoms [&Type "Integer"] 6
   &NumOfElectrons [&Type "Integer"] 0
   &NumOfBasisFuncts [&Type "Integer"] 0
   &NumOfAuxCBasisFuncts [&Type "Integer"] 0
   &NumOfAuxJBasisFuncts [&Type "Integer"] 0
   &NumOfAuxJKBasisFuncts [&Type "Integer"] 0
   &NumOfCABSBasisFuncts [&Type "Integer"] 0
$End
$Calculation_Timings
   &GeometryIndex 6
   &GSTEP [&Type "Double"]       1.0039999999999938e-02
   &XTB [&Type "Double"]       8.2069100000000006e-01
   &XTBGRAD [&Type "Double"]       1.6020000000000478e-03
   &SUM [&Type "Double"]       8.3233299999999999e-01
$End
