
$orca_hessian_file

$act_atom
  0

$act_coord
  0

$act_energy
      -12.272091

$multiplicity
  1

$hessian
18
                    0                  1                  2                  3                  4        
    0      5.9288542700E-01  -1.6043193158E-03  -9.8068515723E-05  -4.1232765914E-02   1.8679396415E-04
    1     -1.6043193158E-03   5.9609241446E-01  -9.8432986953E-05  -1.9158304295E-04  -3.3781973500E-01
    2     -9.8068515723E-05  -9.8432986953E-05  -4.9894503337E-02   5.8724303036E-06   1.0975870945E-02
    3     -4.1232765914E-02  -1.9158304295E-04   5.8724303036E-06   4.0949156860E-02   1.6540358248E-04
    4      1.8679396415E-04  -3.3781973500E-01   1.0975870945E-02   1.6540358248E-04   3.5968067349E-01
    5     -3.8110223516E-06   1.1727387384E-02  -2.6228765991E-03  -5.3958513596E-06  -9.3768434870E-03
    6     -2.6494684801E-01   1.2740632843E-01   9.5141835177E-03   7.3413058071E-04  -2.7405701824E-04
    7      1.5043397349E-01  -1.1541506287E-01  -5.5310900401E-03   3.0955640553E-03  -1.3730881580E-02
    8      1.0116095187E-02  -5.8169991798E-03  -2.6228651833E-03  -2.6211397257E-04   2.6818941338E-04
    9     -2.6492274989E-01  -1.2878718718E-01  -9.6067175779E-03   7.2319839414E-04   2.7407917458E-04
   10     -1.4901623002E-01  -1.1541506497E-01  -5.5310901042E-03  -3.0699733759E-03  -1.3730881768E-02
   11     -1.0019273134E-02  -5.8169992001E-03  -2.6228639361E-03   2.6221721994E-04   2.6818942197E-04
   12     -1.1722808111E-02   2.1472802517E-06   1.5226035294E-05   7.3139119355E-04  -3.3129220143E-07
   13      1.3114477185E-06  -1.1673086334E-02   1.5210178499E-05   5.0491517735E-07   1.4597679714E-03
   14     -1.6561220078E-06  -1.6575323381E-06   3.0210176273E-02  -4.2937093006E-07  -1.4193437380E-03
   15     -1.0060255071E-02   3.1746138294E-03   1.6950411008E-04  -1.9051111141E-03  -3.5188841075E-04
   16     -1.5295669595E-06  -1.5769465286E-02   1.6953200776E-04   8.3865880503E-08   4.1410568869E-03
   17      6.7136073284E-06   6.7015151851E-06   2.7552932783E-02  -1.5045538361E-07  -7.1606255530E-04
                    5                  6                  7                  8                  9        
    0     -3.8110223516E-06  -2.6494684801E-01   1.5043397349E-01   1.0116095187E-02  -2.6492274989E-01
    1      1.1727387384E-02   1.2740632843E-01  -1.1541506287E-01  -5.8169991798E-03  -1.2878718718E-01
    2     -2.6228765991E-03   9.5141835177E-03  -5.5310900401E-03  -2.6228651833E-03  -9.6067175779E-03
    3     -5.3958513596E-06   7.3413058071E-04   3.0955640553E-03  -2.6211397257E-04   7.2319839414E-04
    4     -9.3768434870E-03  -2.7405701824E-04  -1.3730881580E-02   2.6818941338E-04   2.7407917458E-04
    5      3.9722104388E-02  -2.3723434296E-04  -9.4896050689E-04  -6.7401617040E-04   2.3700262945E-04
    6     -2.3723434296E-04   2.8052458871E-01  -1.3899408047E-01  -8.1291675769E-03  -2.0504779490E-02
    7     -9.4896050689E-04  -1.3899408047E-01   1.2144240078E-01   4.7313315730E-03  -1.2019587090E-02
    8     -6.7401617040E-04  -8.1291675769E-03   4.7313315730E-03   3.9722120367E-02  -7.0370043793E-04
    9      2.3700262945E-04  -2.0504779490E-02  -1.2019587090E-02  -7.0370043793E-04   2.8421489285E-01
   10     -9.4896050628E-04   1.2000881855E-02   6.6029236605E-03   6.7982477640E-04   1.4039021440E-01
   11     -6.7401610769E-04   7.0194183405E-04   6.7982478279E-04  -6.7401875336E-04   8.2207654693E-03
   12     -4.9307167822E-06   1.3021207640E-03  -5.9255894441E-04   3.1150224419E-03   1.2953177691E-03
   13      8.7112364207E-03  -5.1839265841E-04   5.5964009938E-04  -4.3596462670E-03   5.2034990518E-04
   14     -1.7465134216E-02  -1.2299457513E-03   7.1351177372E-04  -1.7465152150E-02   1.2380301461E-03
   15      1.4369304003E-05   2.8907874408E-03  -1.9233110408E-03  -4.1361356415E-03  -8.0587963342E-04
   16     -9.1638593045E-03   3.7931986273E-04   5.4097991278E-04   4.4972996841E-03  -3.7786921193E-04
   17     -1.8286061295E-02  -6.1977768054E-04   3.5538241749E-04  -1.8286068110E-02   6.1461977074E-04
                   10                 11                 12                 13                 14        
    0     -1.4901623002E-01  -1.0019273134E-02  -1.1722808111E-02   1.3114477185E-06  -1.6561220078E-06
    1     -1.1541506497E-01  -5.8169992001E-03   2.1472802517E-06  -1.1673086334E-02  -1.6575323381E-06
    2     -5.5310901042E-03  -2.6228639361E-03   1.5226035294E-05   1.5210178499E-05   3.0210176273E-02
    3     -3.0699733759E-03   2.6221721994E-04   7.3139119355E-04   5.0491517735E-07  -4.2937093006E-07
    4     -1.3730881768E-02   2.6818942197E-04  -3.3129220143E-07   1.4597679714E-03  -1.4193437380E-03
    5     -9.4896050628E-04  -6.7401610769E-04  -4.9307167822E-06   8.7112364207E-03  -1.7465134216E-02
    6      1.2000881855E-02   7.0194183405E-04   1.3021207640E-03  -5.1839265841E-04  -1.2299457513E-03
    7      6.6029236605E-03   6.7982478279E-04  -5.9255894441E-04   5.5964009938E-04   7.1351177372E-04
    8      6.7982477640E-04  -6.7401875336E-04   3.1150224419E-03  -4.3596462670E-03  -1.7465152150E-02
    9      1.4039021440E-01   8.2207654693E-03   1.2953177691E-03   5.2034990518E-04   1.2380301461E-03
   10      1.2144240315E-01   4.7313316664E-03   5.9345551851E-04   5.5964006180E-04   7.1351176155E-04
   11      4.7313316664E-03   3.9722118537E-02  -3.1181658253E-03  -4.3596462479E-03  -1.7465152098E-02
   12      5.9345551851E-04  -3.1181658253E-03   7.1558865767E-03  -2.5604437250E-06  -1.3868523947E-06
   13      5.5964006180E-04  -4.3596462479E-03  -2.5604437250E-06   7.1589081011E-03  -1.3972817334E-06
   14      7.1351176155E-04  -1.7465152098E-02  -1.3868523947E-06  -1.3972817334E-06   4.7426060682E-02
   15     -8.9834838052E-04   3.9525144363E-03   1.2380918076E-03  -1.2131659398E-06  -4.6120494602E-06
   16      5.4097986601E-04   4.4972995768E-03  -1.5211842631E-07   1.9351301003E-03  -4.6249832128E-06
   17      3.5538240616E-04  -1.8286067642E-02  -5.7650827243E-06  -5.7568025513E-06  -2.5240798491E-02
                   15                 16                 17        
     0     -1.0060255071E-02  -1.5295669595E-06   6.7136073284E-06
     1      3.1746138294E-03  -1.5769465286E-02   6.7015151851E-06
     2      1.6950411008E-04   1.6953200776E-04   2.7552932783E-02
     3     -1.9051111141E-03   8.3865880503E-08  -1.5045538361E-07
     4     -3.5188841075E-04   4.1410568869E-03  -7.1606255530E-04
     5      1.4369304003E-05  -9.1638593045E-03  -1.8286061295E-02
     6      2.8907874408E-03   3.7931986273E-04  -6.1977768054E-04
     7     -1.9233110408E-03   5.4097991278E-04   3.5538241749E-04
     8     -4.1361356415E-03   4.4972996841E-03  -1.8286068110E-02
     9     -8.0587963342E-04  -3.7786921193E-04   6.1461977074E-04
    10     -8.9834838052E-04   5.4097986601E-04   3.5538240616E-04
    11      3.9525144363E-03   4.4972995768E-03  -1.8286067642E-02
    12      1.2380918076E-03  -1.5211842631E-07  -5.7650827243E-06
    13     -1.2131659398E-06   1.9351301003E-03  -5.7568025513E-06
    14     -4.6120494602E-06  -4.6249832128E-06  -2.5240798491E-02
    15      8.6423665701E-03   1.4716865755E-07   4.3598405784E-06
    16      1.4716865755E-07   8.6113185200E-03   4.3530190345E-06
    17      4.3598405784E-06   4.3530190345E-06   5.2546062755E-02

$vibrational_frequencies
18
    0        0.0000000000000000
    1        0.0000000000000000
    2        0.0000000000000000
    3        0.0000000000000000
    4        0.0000000000000000
    5        0.0000000000000000
    6     -351.5844303215784521
    7      186.8123940983250577
    8      191.3227228618400204
    9      197.2655657012986978
   10     1012.7574810898778424
   11     1019.2759582281707935
   12     1024.2546292035733586
   13     1058.6637188372783385
   14     1334.3715615414764670
   15     3136.8857749857879753
   16     3223.9714457712052535
   17     3244.2148271539344933

$normal_modes
18 18
                    0                  1                  2                  3                  4        
    0      0.0000000000E+00   0.0000000000E+00   0.0000000000E+00   0.0000000000E+00   0.0000000000E+00
    1      0.0000000000E+00   0.0000000000E+00   0.0000000000E+00   0.0000000000E+00   0.0000000000E+00
    2      0.0000000000E+00   0.0000000000E+00   0.0000000000E+00   0.0000000000E+00   0.0000000000E+00
    3      0.0000000000E+00   0.0000000000E+00   0.0000000000E+00   0.0000000000E+00   0.0000000000E+00
    4      0.0000000000E+00   0.0000000000E+00   0.0000000000E+00   0.0000000000E+00   0.0000000000E+00
    5      0.0000000000E+00   0.0000000000E+00   0.0000000000E+00   0.0000000000E+00   0.0000000000E+00
    6      0.0000000000E+00   0.0000000000E+00   0.0000000000E+00   0.0000000000E+00   0.0000000000E+00
    7      0.0000000000E+00   0.0000000000E+00   0.0000000000E+00   0.0000000000E+00   0.0000000000E+00
    8      0.0000000000E+00   0.0000000000E+00   0.0000000000E+00   0.0000000000E+00   0.0000000000E+00
    9      0.0000000000E+00   0.0000000000E+00   0.0000000000E+00   0.0000000000E+00   0.0000000000E+00
   10      0.0000000000E+00   0.0000000000E+00   0.0000000000E+00   0.0000000000E+00   0.0000000000E+00
   11      0.0000000000E+00   0.0000000000E+00   0.0000000000E+00   0.0000000000E+00   0.0000000000E+00
   12      0.0000000000E+00   0.0000000000E+00   0.0000000000E+00   0.0000000000E+00   0.0000000000E+00
   13      0.0000000000E+00   0.0000000000E+00   0.0000000000E+00   0.0000000000E+00   0.0000000000E+00
   14      0.0000000000E+00   0.0000000000E+00   0.0000000000E+00   0.0000000000E+00   0.0000000000E+00
   15      0.0000000000E+00   0.0000000000E+00   0.0000000000E+00   0.0000000000E+00   0.0000000000E+00
   16      0.0000000000E+00   0.0000000000E+00   0.0000000000E+00   0.0000000000E+00   0.0000000000E+00
   17      0.0000000000E+00   0.0000000000E+00   0.0000000000E+00   0.0000000000E+00   0.0000000000E+00
                    5                  6                  7                  8                  9        
    0      0.0000000000E+00   1.9197839463E-04  -1.4720411104E-03  -2.3988044073E-01   1.1547337043E-02
    1      0.0000000000E+00   1.8943875336E-04  -5.9536193281E-04   1.1109541915E-02   2.3886369529E-01
    2      0.0000000000E+00   2.7638835031E-01   3.3539997013E-02  -2.5800541722E-06  -1.2222968882E-04
    3      0.0000000000E+00   2.0420515425E-04  -1.4907378513E-03  -2.4363282382E-01   1.1699439858E-02
    4      0.0000000000E+00  -8.1471731199E-03  -2.4835581156E-04   1.1866395986E-02   2.4472064164E-01
    5      0.0000000000E+00  -7.4277236737E-03   5.2251944885E-02  -6.6637639535E-04  -1.0530451612E-02
    6      0.0000000000E+00  -7.0116028042E-03  -1.1946536979E-03  -2.4360559824E-01   1.5918382591E-02
    7      0.0000000000E+00   4.3634986436E-03  -7.7985942868E-04   1.3856364022E-02   2.4845728725E-01
    8      0.0000000000E+00  -7.4267312565E-03   5.2271857031E-02   9.7134698466E-03   4.7198359435E-03
    9      0.0000000000E+00   7.3761592260E-03  -1.7835307573E-03  -2.4254925120E-01   7.4851353594E-03
   10      0.0000000000E+00   4.3381785960E-03  -7.7795175477E-04   1.4498873097E-02   2.4845984445E-01
   11      0.0000000000E+00  -7.4224565458E-03   5.2154165720E-02  -9.4522014520E-03   5.6536383556E-03
   12      0.0000000000E+00  -1.0575577369E-05   8.1613160693E-05   1.3305100898E-02  -6.4039611405E-04
   13      0.0000000000E+00  -1.0407802854E-05   3.3009053481E-05  -6.3970644196E-04  -1.3301861492E-02
   14      0.0000000000E+00  -1.5206244095E-02  -4.4441267834E-02   2.5357309735E-04  -1.0883678762E-04
   15      0.0000000000E+00  -4.3356652429E-05   3.3364311539E-04   5.4393496862E-02  -2.6179048267E-03
   16      0.0000000000E+00  -4.2691417852E-05   1.3490140804E-04  -2.6175885435E-03  -5.4397554405E-02
   17      0.0000000000E+00  -3.8574252481E-02   1.4325491757E-01  -8.9524407406E-04   4.3544191668E-04
                   10                 11                 12                 13                 14        
    0      1.7451212901E-04  -3.5884646785E-02   5.4763640640E-05  -8.0724430633E-02  -1.9355752203E-04
    1      7.4676844421E-05   2.0800931556E-04   9.9081289952E-03   2.3681038928E-04   9.3358151894E-02
    2     -9.2910114589E-03  -2.5321370945E-05   9.2685656042E-06  -6.3357030897E-06   7.9226957141E-07
    3     -8.4251771780E-04   2.9527736247E-01  -8.0478487226E-04   7.1131832351E-01  -2.6605836197E-03
    4      1.5320363052E-02  -1.1389012150E-04  -1.8420273357E-02  -1.3406341805E-04   5.6968665763E-02
    5      5.6681917957E-01  -3.1337754952E-03  -8.0960936479E-01   1.3726604419E-03   6.5490069228E-02
    6      1.3056820875E-02   6.6503289362E-02  -1.8985575832E-02   1.1563588867E-01  -3.5751790489E-01
    7     -8.0152256668E-03   1.3068359957E-01  -5.0829961341E-02   3.4221041237E-01  -5.5969067770E-01
    8      5.6633866119E-01   6.5299763887E-01   4.0008374838E-01  -2.6971687518E-01  -3.2976200599E-02
    9     -1.3257054250E-02   6.7498735658E-02   1.8340184127E-02   1.1729575198E-01   3.5389977201E-01
   10     -7.1579758013E-03  -1.3290694340E-01  -5.0273292973E-02  -3.4466620557E-01  -5.5870743157E-01
   11      5.6928685791E-01  -6.4581119105E-01   4.0812018122E-01   2.6885290099E-01  -3.2546342011E-02
   12     -8.3973812209E-06   1.9959996731E-03  -9.3562463542E-06  -6.9780327773E-04   3.0839702837E-05
   13     -5.5857149914E-06  -1.2485726099E-05  -2.1345971529E-03   2.1559026300E-06  -8.0012000555E-05
   14     -6.0437709607E-03  -1.4128824140E-05   4.8765068007E-06  -1.4342214092E-06  -6.5957191392E-08
   15      5.8261915591E-07  -7.1924939659E-03   5.6167871959E-05   2.9991371225E-03   1.3370398364E-04
   16     -9.4901763595E-06   4.0672737694E-05   7.6821018598E-03  -1.4310161569E-05  -1.1635224232E-03
   17     -2.3623258475E-02  -5.6074547347E-05   1.9364375813E-05  -7.1828874618E-06   8.9095948520E-07
                   15                 16                 17        
     0     -5.7794109348E-03  -2.3455692442E-02  -9.3371403842E-02
     1     -6.7611872458E-03   9.0916723596E-02  -2.1884042133E-02
     2      4.2114288759E-03   2.1541989837E-04  -2.8592865687E-04
     3     -7.9864547873E-04  -2.8526257845E-03  -8.7577260481E-03
     4      6.2370935629E-01  -7.1463544319E-01   1.4074224123E-01
     5     -1.6772186059E-02   2.2293368326E-02  -4.5250822174E-03
     6      5.0365335982E-01   4.9953897398E-01   4.3791634110E-01
     7     -2.9418071183E-01  -2.5564589418E-01  -2.6738933369E-01
     8     -1.5476187636E-02  -1.7253371553E-02  -1.6098572537E-02
     9     -4.4135454842E-01  -2.2700183936E-01   6.7188515224E-01
    10     -2.5729028316E-01  -9.5002602920E-02   3.8346730798E-01
    11     -1.3120300601E-02  -7.3605940469E-03   2.3704057456E-02
    12      2.7427481115E-05   3.7445474420E-05   4.7995050989E-05
    13      3.0871023552E-05  -6.9799139175E-05   1.5334384744E-05
    14     -3.2292494949E-05  -1.6918236642E-06   2.2573182096E-06
    15      1.1123995537E-04   1.4476930905E-04   1.5629825814E-04
    16      1.2621834337E-04  -2.6336401844E-04   5.7217143238E-05
    17     -2.1265645514E-05  -9.4643398224E-07   1.2069357634E-06

#
# The atoms: label  mass x y z (in bohrs)
#
$atoms
6
 C     12.01100     -0.000000012697     0.000000159345    -0.076467756546
 H      1.00800     -0.000000008717     2.014241484076    -0.144897345668
 H      1.00800      1.744384178746    -1.007120355561    -0.144897858326
 H      1.00800     -1.744384194613    -1.007120354655    -0.144897855629
 I    126.90000      0.000000013163    -0.000001465142     4.773268709820
 Cl    35.45300      0.000000024119     0.000000531937    -4.331271870153

$actual_temperature
  0.000000

$frequency_scale_factor
  1.000000

$dipole_derivatives
18
    2.0000000000E-01    0.0000000000E+00    0.0000000000E+00
    0.0000000000E+00    2.0000000000E-01    0.0000000000E+00
    0.0000000000E+00    0.0000000000E+00    3.6000000000E+00
    0.0000000000E+00    0.0000000000E+00    0.0000000000E+00
    0.0000000000E+00   -0.0000000000E+00    0.0000000000E+00
    0.0000000000E+00    0.0000000000E+00   -4.0000000000E-01
    0.0000000000E+00    0.0000000000E+00    0.0000000000E+00
    0.0000000000E+00    0.0000000000E+00    0.0000000000E+00
    0.0000000000E+00   -0.0000000000E+00   -4.0000000000E-01
    0.0000000000E+00   -0.0000000000E+00    0.0000000000E+00
    0.0000000000E+00    0.0000000000E+00    0.0000000000E+00
    0.0000000000E+00   -0.0000000000E+00   -4.0000000000E-01
   -6.0000000000E-01    0.0000000000E+00    0.0000000000E+00
    0.0000000000E+00   -6.0000000000E-01    0.0000000000E+00
    0.0000000000E+00    0.0000000000E+00   -1.6000000000E+00
    4.0000000000E-01   -0.0000000000E+00   -0.0000000000E+00
   -0.0000000000E+00    4.0000000000E-01   -0.0000000000E+00
   -0.0000000000E+00   -0.0000000000E+00   -8.0000000000E-01

#
# The IR spectrum
#  wavenumber T**2 TX TY TZ
#
$ir_spectrum
18
      0.00   0.00000000     0.000000     0.000000     0.000000
      0.00   0.00000000     0.000000     0.000000     0.000000
      0.00   0.00000000     0.000000     0.000000     0.000000
      0.00   0.00000000     0.000000     0.000000     0.000000
      0.00   0.00000000     0.000000     0.000000     0.000000
      0.00   0.00000000     0.000000     0.000000     0.000000
   -351.58   0.00000000     0.000000     0.000000     0.000000
    186.81   0.00006847    -0.000119    -0.000048     0.008274
    191.32   0.00036890    -0.019185     0.000874     0.000260
    197.27   0.00035359     0.000910     0.018780    -0.000305
   1012.76   0.02796120     0.000010     0.000004    -0.167216
   1019.28   0.00000764    -0.002734     0.000016    -0.000400
   1024.25   0.00000238     0.000009     0.001536     0.000139
   1058.66   0.00001200    -0.003464     0.000010    -0.000052
   1334.37   0.00001503    -0.000001     0.003877     0.000003
   3136.89   0.00002144    -0.000156    -0.000183     0.004624
   3223.97   0.00000659    -0.000636     0.002476     0.000233
   3244.21   0.00000690    -0.002539    -0.000594    -0.000309


$end

