*************************************************
******************* ORCA 6.1.0 ******************
*************************************************
$Calculation_Status
   &GeometryIndex 0
   &version [&Type "String"] "6.1.0"
   &progName [&Type "String"] "orca"
   &Status [&Type "String"] "NORMAL TERMINATION"
$End
$Geometry
   &GeometryIndex 1
   &NAtoms [&Type "Integer"] 16
   &NCorelessECP [&Type "Integer"] 0
   &NGhostAtoms [&Type "Integer"] 0
   &CartesianCoordinates [&Type "Coordinates", &Dim(16,4), &Units "Bohr"] 
              C      0.452347524129    0.396249114117    0.814277321928
              C      2.561102365602    0.170525106873   -1.004045510023
              C      4.062807252993    2.257446052595   -0.968811566256
              C      6.193726692291    1.945159360334    0.803725091196
              C      4.642497752109    1.744670755881    3.357782557772
              C      2.084360366811    0.309905637332    3.319810400837
              H     -0.913676916573   -1.144620347399    0.830695262580
              H     -0.525383549479    2.200880880228    0.674031296899
              H      3.458004183284   -1.672664631275   -1.087575184594
              H      3.152114213986    4.094550872591   -0.917080313340
              H      7.535587204919    3.505166078408    0.894938392229
              H      7.210779187294    0.173803781715    0.526456913923
              H      0.908752290268    1.004780613489    4.864489550239
              H      2.494806993372   -1.676757778081    3.708836981670
              H      5.847339891944    0.853103635076    4.772835943018
              I      4.071388499367    5.546416122926    4.854339831174
$End
$Single_Point_Data
   &GeometryIndex 1
   &FinalEnergy [&Type "Double"]      -2.1149810812300000e+01  "Final single point energy"
   &Converged [&Type "Boolean"] true
$End
$Geometry
   &GeometryIndex 2
   &NAtoms [&Type "Integer"] 16
   &NCorelessECP [&Type "Integer"] 0
   &NGhostAtoms [&Type "Integer"] 0
   &CartesianCoordinates [&Type "Coordinates", &Dim(16,4), &Units "Bohr"] 
              C      0.450269461896    0.428660883600    0.838481160711
              C      2.541222706308    0.205314943393   -1.001837625790
              C      4.078909024987    2.266650346478   -0.952080254588
              C      6.203600225467    1.907133840833    0.819619735164
              C      4.632259024762    1.762918688369    3.360024567300
              C      2.113448552771    0.266999194543    3.317351719242
              H     -0.935806781565   -1.093876453492    0.839323152704
              H     -0.504582897378    2.249689862191    0.748653909174
              H      3.410573370122   -1.648860821954   -1.111225333891
              H      3.200869038250    4.119106225936   -0.882648164755
              H      7.582512372392    3.434105343838    0.909090138809
              H      7.175909735715    0.107690170076    0.558608137739
              H      0.948804819087    0.864005559432    4.909559857855
              H      2.587051247569   -1.724766153239    3.596221916083
              H      5.833213826252    0.953150957356    4.826168839956
              I      3.918300225684    5.610692667451    4.669395213539
$End
$Single_Point_Data
   &GeometryIndex 2
   &FinalEnergy [&Type "Double"]      -2.1150734308059999e+01  "Final single point energy"
   &Converged [&Type "Boolean"] true
$End
$Geometry
   &GeometryIndex 3
   &NAtoms [&Type "Integer"] 16
   &NCorelessECP [&Type "Integer"] 0
   &NGhostAtoms [&Type "Integer"] 0
   &CartesianCoordinates [&Type "Coordinates", &Dim(16,4), &Units "Bohr"] 
              C      0.449663961077    0.473510149792    0.866650834366
              C      2.519631149092    0.230556728113   -0.997927845841
              C      4.096969206830    2.262065083447   -0.952875511974
              C      6.207999323199    1.875851649532    0.836604950593
              C      4.615824436445    1.783280011530    3.362048007599
              C      2.149424470536    0.222465684714    3.310533100128
              H     -0.969529574020   -1.018149182784    0.857608390540
              H     -0.465343896980    2.317018379582    0.828222166240
              H      3.357661282343   -1.638391882230   -1.111653003004
              H      3.255177335163    4.131106329131   -0.896342754251
              H      7.619823392942    3.373474514472    0.926281229600
              H      7.143423756783    0.053888096997    0.600446926105
              H      1.008596134158    0.706834780902    4.956921159959
              H      2.691313982210   -1.766097967999    3.465891202289
              H      5.808149934001    1.057464087086    4.878260626522
              I      3.747769058541    5.643738792525    4.514037490381
$End
$Single_Point_Data
   &GeometryIndex 3
   &FinalEnergy [&Type "Double"]      -2.1151245405979999e+01  "Final single point energy"
   &Converged [&Type "Boolean"] true
$End
$Geometry
   &GeometryIndex 4
   &NAtoms [&Type "Integer"] 16
   &NCorelessECP [&Type "Integer"] 0
   &NGhostAtoms [&Type "Integer"] 0
   &CartesianCoordinates [&Type "Coordinates", &Dim(16,4), &Units "Bohr"] 
              C      0.448298637625    0.491683106212    0.876863561403
              C      2.511850993370    0.233812109704   -0.995646385699
              C      4.104231284185    2.254921782721   -0.959687530065
              C      6.206713857191    1.868173310136    0.842996126765
              C      4.607244429664    1.794368094575    3.361972284678
              C      2.163297455509    0.205543434625    3.303928468743
              H     -0.989915889647   -0.982308088114    0.866783437978
              H     -0.443037978582    2.346268458542    0.854134031631
              H      3.338783062023   -1.641456814656   -1.100901734242
              H      3.276508196474    4.130589968092   -0.923288169101
              H      7.629416537340    3.355844820067    0.932188509960
              H      7.130178791100    0.038505917326    0.619023963672
              H      1.036094437851    0.637310390116    4.974719968057
              H      2.730731800879   -1.779126448936    3.412757157249
              H      5.796519028612    1.100052363487    4.895698779660
              I      3.689639308723    5.654432850915    4.483164498562
$End
$Single_Point_Data
   &GeometryIndex 4
   &FinalEnergy [&Type "Double"]      -2.1151310746690001e+01  "Final single point energy"
   &Converged [&Type "Boolean"] true
$End
$Geometry
   &GeometryIndex 5
   &NAtoms [&Type "Integer"] 16
   &NCorelessECP [&Type "Integer"] 0
   &NGhostAtoms [&Type "Integer"] 0
   &CartesianCoordinates [&Type "Coordinates", &Dim(16,4), &Units "Bohr"] 
              C      0.448094004539    0.489413758350    0.875633280474
              C      2.512803273976    0.233167118256   -0.996919653566
              C      4.103559474403    2.255853076694   -0.960497405284
              C      6.205220976269    1.869023020760    0.842755805506
              C      4.607503960090    1.794690524911    3.361202361832
              C      2.162973179652    0.207137872841    3.302363231238
              H     -0.991555212216   -0.983280313029    0.866135338480
              H     -0.441786532887    2.344304885913    0.849687116756
              H      3.341979223532   -1.641443068822   -1.100938756930
              H      3.274713715792    4.131177494502   -0.925744890937
              H      7.628972372147    3.355621355685    0.932160701724
              H      7.126689674462    0.038328737939    0.617679553373
              H      1.037709728989    0.637878730965    4.975461885639
              H      2.727861211304   -1.777854910797    3.418616383930
              H      5.796998226886    1.102765914257    4.896041712583
              I      3.694816675378    5.651831056385    4.491070304434
$End
$Single_Point_Data
   &GeometryIndex 5
   &FinalEnergy [&Type "Double"]      -2.1151323889659999e+01  "Final single point energy"
   &Converged [&Type "Boolean"] true
$End
$Geometry
   &GeometryIndex 6
   &NAtoms [&Type "Integer"] 16
   &NCorelessECP [&Type "Integer"] 0
   &NGhostAtoms [&Type "Integer"] 0
   &CartesianCoordinates [&Type "Coordinates", &Dim(16,4), &Units "Bohr"] 
              C      0.448474100735    0.487175442828    0.874886943114
              C      2.514177922329    0.232805524204   -0.997498804040
              C      4.102515941524    2.257500140270   -0.960446610926
              C      6.204089989012    1.869507616157    0.842319400223
              C      4.607955859402    1.793805107991    3.360243023143
              C      2.162463245090    0.207932276722    3.300656299823
              H     -0.992819757201   -0.983549677646    0.865442642307
              H     -0.439491963815    2.343166162530    0.845663482184
              H      3.346257729708   -1.640712894278   -1.100212732604
              H      3.271941303521    4.132072331743   -0.925931720440
              H      7.629228714759    3.354864228635    0.932016904537
              H      7.123089571769    0.037693943142    0.614835232822
              H      1.039143045722    0.638115757615    4.976107032916
              H      2.724164190299   -1.778034505580    3.424604299760
              H      5.797505991841    1.104461178437    4.896306532361
              I      3.697858067623    5.651812622039    4.495715044073
$End
$Single_Point_Data
   &GeometryIndex 6
   &FinalEnergy [&Type "Double"]      -2.1151328672969999e+01  "Final single point energy"
   &Converged [&Type "Boolean"] true
$End
$Geometry
   &GeometryIndex 7
   &NAtoms [&Type "Integer"] 16
   &NCorelessECP [&Type "Integer"] 0
   &NGhostAtoms [&Type "Integer"] 0
   &CartesianCoordinates [&Type "Coordinates", &Dim(16,4), &Units "Bohr"] 
              C      0.448693075287    0.487204311676    0.875204712008
              C      2.514375100310    0.232790059161   -0.997241096071
              C      4.102337161995    2.257759516209   -0.960431049943
              C      6.204130808520    1.869744246210    0.842340509443
              C      4.608037426503    1.793008605695    3.360196887882
              C      2.162285470666    0.207682196548    3.300681146432
              H     -0.993202817239   -0.982837256103    0.865507355527
              H     -0.438606631706    2.343688546161    0.845560442447
              H      3.346840489360   -1.640509769468   -1.099671378384
              H      3.271595946190    4.132147598383   -0.926400034528
              H      7.629272318981    3.355095523390    0.932198705310
              H      7.123148020985    0.038041430142    0.614145720203
              H      1.039364881446    0.637885642510    4.976492991964
              H      2.723649413609   -1.778513292173    3.425032383408
              H      5.797438928842    1.104237427017    4.896499932068
              I      3.697194358570    5.651190469454    4.494589741485
$End
$Single_Point_Data
   &GeometryIndex 7
   &FinalEnergy [&Type "Double"]      -2.1151328935830001e+01  "Final single point energy"
   &Converged [&Type "Boolean"] true
$End
$Hessian
   &GeometryIndex 7
   &HESSIAN [&Type "ArrayOfDoubles", &Dim (48,48)] "The Hessian"
                                                         0                           1                           2                           3                           4                           5                           6                           7

0                                      5.3078649450000004e-01         9.4852290999999991e-03        -5.2569315300000002e-02        -1.3837014319999999e-01         3.0114846599999998e-02         1.0051366850000000e-01        -4.1040542899999997e-02        -2.2350799800000001e-02
1                                      9.4852290999999991e-03         5.5145313309999999e-01        -6.5065269999999998e-03         1.4368692299999999e-02        -6.4162614500000006e-02        -3.7306629999999999e-03        -2.7483712600000001e-02        -1.7159569999999999e-04
2                                     -5.2569315300000002e-02        -6.5065269999999998e-03         3.2020625419999998e-01         1.0068888469999999e-01        -4.4123595000000000e-03        -1.0775472870000000e-01         1.2447984699999999e-02         3.8234312000000000e-03
3                                     -1.3837014319999999e-01         1.4368692299999999e-02         1.0068888469999999e-01         4.8652768749999997e-01         8.2948614399999995e-02        -1.1427166660000000e-01        -2.0096943700000000e-01        -1.6538519050000000e-01
4                                      3.0114846599999998e-02        -6.4162614500000006e-02        -4.4123595000000000e-03         8.2948614399999995e-02         6.3375625250000001e-01         2.4570821199999999e-02        -1.6597148449999999e-01        -2.9994735290000002e-01
5                                      1.0051366850000000e-01        -3.7306629999999999e-03        -1.0775472870000000e-01        -1.1427166660000000e-01         2.4570821199999999e-02         2.2490513160000000e-01         3.4913500999999999e-03        -1.2406709000000000e-03
6                                     -4.1040542899999997e-02        -2.7483712600000001e-02         1.2447984699999999e-02        -2.0096943700000000e-01        -1.6597148449999999e-01         3.4913500999999999e-03         4.8801983310000002e-01         7.1179940200000000e-02
7                                     -2.2350799800000001e-02        -1.7159569999999999e-04         3.8234312000000000e-03        -1.6538519050000000e-01        -2.9994735290000002e-01        -1.2406709000000000e-03         7.1179940200000000e-02         6.4037271009999996e-01
8                                      5.1648285000000004e-03         4.3375291999999998e-03        -1.1903405000000001e-02        -1.0222442100000000e-02        -1.3696099099999999e-02        -2.2085389000000002e-03         1.1344698850000000e-01        -2.6386354000000000e-03
9                                     -2.0910172999999998e-03        -5.5192429999999996e-04        -4.8618656999999997e-03        -4.3250828099999999e-02        -2.3162101500000001e-02        -4.9861400999999996e-03        -1.4146162679999999e-01         3.8221178500000001e-02
10                                    -6.8206150000000004e-04        -2.3223827999999998e-03        -6.4568720000000000e-04        -2.7034762800000001e-02         5.5950140000000004e-04        -2.7608706000000001e-03         2.1044913599999999e-02        -6.5791343899999993e-02
11                                     4.8085907000000004e-03        -8.1928400000000007e-05         1.7797735000000001e-03        -1.3340096700000000e-02        -2.3920978000000000e-03        -9.5926889999999997e-03        -9.6685634399999998e-02         7.0027882999999999e-03
12                                    -1.0380785700000001e-02        -8.1798970999999998e-03        -8.6393809999999998e-03        -7.4410567000000004e-03        -2.4087774000000001e-03        -8.8540753999999996e-03         7.6781749999999998e-03        -3.2097083000000000e-03
13                                     4.4073499999999999e-04         1.7439046999999999e-03        -5.9208165000000004e-03        -3.0823216000000001e-03         1.1938689999999999e-04        -2.0164066999999999e-03         4.8579700000000000e-04         4.7066996000000002e-03
14                                    -1.3128997999999999e-02        -1.1492433200000001e-02         1.8631769999999999e-04         6.1832550000000003e-04         4.6826404000000002e-03        -1.1682743900000001e-02        -2.3934509800000000e-02        -2.9045438000000002e-03
15                                    -8.4177816899999994e-02         4.8953317000000000e-03        -2.6278698600000001e-02         7.8464850000000003e-03        -2.8295951999999999e-03         2.4419282000000000e-03        -8.3473261000000000e-03        -3.4709254999999999e-03
16                                     3.2579000000000002e-03        -6.7020627200000002e-02         9.6881054000000008e-03         2.1877560000000001e-04         3.5756195000000001e-03        -9.3359789999999997e-04        -2.2901914000000002e-03         1.7868199999999999e-05
17                                    -4.7694846600000000e-02         1.0044930000000001e-02        -8.7632912199999996e-02         2.1697590600000000e-02         6.2056376000000002e-03        -4.5893354300000001e-02        -7.5907489999999997e-04        -3.0899908999999998e-03
18                                    -1.5114349240000000e-01        -1.1510515139999999e-01        -1.6835016000000000e-03        -1.2620026200000000e-02        -1.3366559400000000e-02         5.2937106000000003e-03        -7.0724235000000002e-03        -5.8637239999999996e-04
19                                    -1.1516177830000000e-01        -1.6930312659999999e-01        -3.3223785000000001e-03        -2.6590719999999997e-04         1.3566709000000000e-03         2.4650535000000002e-03        -1.6657382000000000e-03         1.1321828999999999e-03
20                                    -2.3237134000000000e-03        -1.6990961000000000e-03        -4.0645793499999999e-02         1.3870628400000000e-02         1.4832781499999999e-02        -3.1563398000000000e-03         6.1036602000000004e-03        -8.9698900000000003e-05
21                                    -8.6212136600000003e-02         8.9803840400000001e-02         2.2529260000000000e-04        -8.9827636000000006e-03         1.8564435500000000e-02         6.7209769999999999e-04        -2.5832800000000001e-05         7.5138110000000000e-04
22                                     8.8642001200000001e-02        -2.3974617160000000e-01         3.9352031000000004e-03         5.8892874000000001e-03        -5.8877312000000003e-03        -3.7190369000000001e-03        -2.0247143000000000e-03         8.0029660000000002e-04
23                                    -1.6779239999999999e-03         2.8234345999999999e-03        -3.7690995099999999e-02         1.1481091000000001e-02        -2.0075899000000001e-02        -1.8611210999999999e-03        -8.8234640000000003e-04        -1.0434856000000000e-03
24                                    -1.4041925199999999e-02         2.4592846000000002e-02         1.3235948000000000e-03        -8.4049643300000004e-02         9.1329620099999995e-02         1.2874151699999999e-02         1.0258513600000000e-02        -1.5155326800000000e-02
25                                     4.4392824999999999e-03        -5.2013207000000004e-03        -1.2830558000000000e-03         8.8689465400000000e-02        -2.4167133790000001e-01        -1.1431845300000000e-02         7.3132064999999998e-03        -3.0732307899999999e-02
26                                     8.6684646999999997e-03        -1.0351891500000000e-02        -4.8715892000000000e-03         2.5569144000000001e-03        -8.8637691000000001e-03        -3.0438750899999999e-02         5.0333718999999999e-03         5.9963459000000000e-03
27                                     1.8594753000000001e-03        -1.8031993000000000e-03         3.0307540000000001e-04         9.9813490000000005e-03        -1.5434725700000001e-02         1.5263125000000001e-03        -8.4180656000000006e-02         9.3510816100000005e-02
28                                     4.4176909999999998e-04         2.3242369999999999e-04        -1.2704942999999999e-03         7.2336657999999996e-03        -2.9345067100000000e-02        -1.9205277000000000e-03         9.0254205800000001e-02        -2.4467621090000000e-01
29                                    -1.6855666000000001e-03         8.5929970000000002e-04        -1.6006347000000001e-03        -4.6115755999999999e-03        -7.1880609000000003e-03        -4.5259054999999999e-03         3.5699947999999998e-03        -5.6328202999999999e-03
30                                    -5.9814910000000000e-04        -6.6655909999999998e-04        -1.5534622999999999e-03        -7.2120038999999997e-03        -5.8764319999999996e-04        -2.3070310000000000e-04        -1.2477602799999999e-02        -1.3473677099999999e-02
31                                    -4.3362460000000001e-04        -4.6170500000000001e-05        -5.0674320000000000e-04        -1.2969328000000000e-03         1.0174594000000000e-03         4.4806490000000001e-04         5.2332880000000004e-04         2.6943077999999998e-03
32                                    -1.1327742999999999e-03        -1.1320223000000000e-03        -5.1467210000000002e-04        -6.2995317000000004e-03         7.4336699999999996e-05         1.7883958000000000e-03        -1.3308263500000000e-02        -1.4243543799999999e-02
33                                    -1.3500500000000000e-04         7.0162900000000005e-05        -7.5822300000000001e-05        -3.3942800000000003e-05         6.7088409999999999e-04        -4.6881679999999999e-04        -9.6723194000000005e-03         1.9227930599999998e-02
34                                     3.3821700000000002e-05        -5.2545400000000000e-05         1.8187039999999999e-04        -2.1307207999999998e-03         7.2709260000000003e-04        -3.5810920000000002e-04         7.2122660000000002e-03        -7.8594421000000008e-03
35                                     1.1524440000000000e-04         1.3969410000000000e-04        -1.1725380000000000e-04         7.6445539999999996e-04         9.6476460000000000e-04        -5.5403289999999997e-04        -1.1417250600000000e-02         1.9145358299999998e-02
36                                     5.7680952999999997e-03        -2.2063011000000000e-03        -1.2564223400000000e-02        -2.2249260000000001e-04         9.3360389999999995e-04        -1.5360211000000001e-03        -3.1985700000000000e-04        -1.6797519999999999e-04
37                                    -8.9006999999999997e-04         1.7625665000000001e-03         3.4983373999999999e-03         6.6729980000000005e-04         1.4762870000000001e-04        -6.1306600000000000e-04        -1.6297534000000000e-03        -2.7060200000000000e-04
38                                     8.7867985999999995e-03        -4.7013528999999997e-03        -2.2696718099999999e-02        -6.2006999999999998e-06         2.2744994999999999e-03        -5.6132244999999997e-03         1.4582319000000000e-03        -4.8823200000000001e-04
39                                    -7.0855943000000003e-03         1.5874650099999998e-02        -5.6833997000000002e-03        -3.0889909999999999e-04        -5.4889629999999999e-04         1.5891727000000000e-03         2.8493589999999998e-04         1.4938700000000001e-04
40                                     3.9154851999999999e-03        -6.1004359999999999e-03         2.5440068000000000e-03         5.5648400000000001e-05         4.9411299999999999e-05        -3.3197560000000002e-04         1.7945950000000001e-04        -1.7448149999999999e-04
41                                    -9.0690881000000008e-03         2.1978602900000001e-02        -5.3958321999999998e-03        -1.8799346000000000e-03         1.8574339000000000e-03        -7.4430440000000002e-04         2.3332609999999999e-04         2.6587800000000000e-05
42                                    -3.3906026000000001e-03        -2.6382279999999998e-03        -9.1165490000000001e-04        -5.7115770000000000e-04        -2.8859010000000001e-04         1.3001848000000001e-03        -2.2158909999999999e-04         5.2717859999999999e-04
43                                    -1.9403961000000001e-03        -7.8363119999999998e-04        -5.2174929999999995e-04        -9.7180740000000002e-04        -4.3413369999999998e-04         5.9309320000000001e-04         8.4319410000000005e-04         9.5410310000000002e-04
44                                     7.5776710000000004e-04        -2.5513149999999997e-04        -1.7107825000000001e-03        -1.5579214000000000e-03         7.8226849999999998e-04        -2.8201811000000002e-03        -2.0693440000000001e-04        -1.8328877999999999e-03
45                                     2.5314599999999999e-04        -4.5577960000000000e-04        -1.6750749999999999e-04        -3.2312710000000002e-04         3.6368600000000003e-05         6.4484630000000002e-04        -4.5224419999999999e-04         2.3216350000000000e-04
46                                     6.8765980000000003e-04        -2.8140579999999998e-04         7.1885709999999997e-04         9.6194100000000001e-05         1.3921410000000001e-04         9.7973679999999999e-04         2.0292826000000001e-03        -1.0548315000000000e-03
47                                     4.6686399999999999e-04        -2.3244469999999999e-04         3.6297169999999999e-04         5.1147940000000004e-04         3.8310150000000001e-04         1.5238759999999999e-04         1.4091059000000000e-03        -2.7900020999999998e-03
                                                         8                           9                          10                          11                          12                          13                          14                          15

0                                      5.1648285000000004e-03        -2.0910172999999998e-03        -6.8206150000000004e-04         4.8085907000000004e-03        -1.0380785700000001e-02         4.4073499999999999e-04        -1.3128997999999999e-02        -8.4177816899999994e-02
1                                      4.3375291999999998e-03        -5.5192429999999996e-04        -2.3223827999999998e-03        -8.1928400000000007e-05        -8.1798970999999998e-03         1.7439046999999999e-03        -1.1492433200000001e-02         4.8953317000000000e-03
2                                     -1.1903405000000001e-02        -4.8618656999999997e-03        -6.4568720000000000e-04         1.7797735000000001e-03        -8.6393809999999998e-03        -5.9208165000000004e-03         1.8631769999999999e-04        -2.6278698600000001e-02
3                                     -1.0222442100000000e-02        -4.3250828099999999e-02        -2.7034762800000001e-02        -1.3340096700000000e-02        -7.4410567000000004e-03        -3.0823216000000001e-03         6.1832550000000003e-04         7.8464850000000003e-03
4                                     -1.3696099099999999e-02        -2.3162101500000001e-02         5.5950140000000004e-04        -2.3920978000000000e-03        -2.4087774000000001e-03         1.1938689999999999e-04         4.6826404000000002e-03        -2.8295951999999999e-03
5                                     -2.2085389000000002e-03        -4.9861400999999996e-03        -2.7608706000000001e-03        -9.5926889999999997e-03        -8.8540753999999996e-03        -2.0164066999999999e-03        -1.1682743900000001e-02         2.4419282000000000e-03
6                                      1.1344698850000000e-01        -1.4146162679999999e-01         2.1044913599999999e-02        -9.6685634399999998e-02         7.6781749999999998e-03         4.8579700000000000e-04        -2.3934509800000000e-02        -8.3473261000000000e-03
7                                     -2.6386354000000000e-03         3.8221178500000001e-02        -6.5791343899999993e-02         7.0027882999999999e-03        -3.2097083000000000e-03         4.7066996000000002e-03        -2.9045438000000002e-03        -3.4709254999999999e-03
8                                      2.2261964260000000e-01        -9.6317755000000005e-02         4.5070895000000003e-03        -1.0538646630000000e-01        -4.9695247999999997e-03         5.1724440999999996e-03        -4.6731173899999999e-02         7.6487715999999997e-03
9                                     -9.6317755000000005e-02         5.2314894970000003e-01         1.3855699000000001e-02         5.5053479400000001e-02        -7.8351575000000007e-02        -8.6124532999999996e-03         4.2163818899999997e-02        -8.1257395999999992e-03
10                                     4.5070895000000003e-03         1.3855699000000001e-02         5.3917790080000005e-01         2.1162012399999999e-02        -1.4961559000000000e-03        -5.6969759699999997e-02        -3.7035036000000001e-03        -7.2760836999999998e-03
11                                    -1.0538646630000000e-01         5.5053479400000001e-02         2.1162012399999999e-02         3.1220042199999998e-01         2.0792081000000000e-02         2.7329712999999999e-03        -8.4335819800000003e-02         8.3601221000000007e-03
12                                    -4.9695247999999997e-03        -7.8351575000000007e-02        -1.4961559000000000e-03         2.0792081000000000e-02         3.9299910729999998e-01         8.6389825999999992e-03         7.6492240000000003e-02        -1.2682538739999999e-01
13                                     5.1724440999999996e-03        -8.6124532999999996e-03        -5.6969759699999997e-02         2.7329712999999999e-03         8.6389825999999992e-03         2.9263118459999998e-01        -4.9288989399999997e-02        -3.9301217600000000e-02
14                                    -4.6731173899999999e-02         4.2163818899999997e-02        -3.7035036000000001e-03        -8.4335819800000003e-02         7.6492240000000003e-02        -4.9288989399999997e-02         4.0741663519999999e-01        -5.9437841000000002e-03
15                                     7.6487715999999997e-03        -8.1257395999999992e-03        -7.2760836999999998e-03         8.3601221000000007e-03        -1.2682538739999999e-01        -3.9301217600000000e-02        -5.9437841000000002e-03         4.2213642950000002e-01
16                                     9.1947280000000001e-04        -1.4097077999999999e-03        -5.9478259999999996e-04         3.8365984999999998e-03        -4.8378266599999997e-02        -8.8934154400000007e-02        -1.1725126000000001e-03        -3.5314762000000000e-02
17                                    -1.0581920999999999e-02         1.2993333600000000e-02         1.0895843299999999e-02         1.1390805000000000e-03         1.9559357000000000e-03         1.9483400000000000e-03        -6.3436138500000003e-02        -6.6598883200000000e-02
18                                     6.1035470000000004e-04        -5.8343070000000004e-04        -7.4147820000000002e-04         1.5441980999999999e-03        -6.5605909999999999e-04         7.7677829999999999e-04        -2.7316551000000000e-03        -1.3436475999999999e-02
19                                    -4.6837460000000001e-04        -3.9604600000000000e-04        -1.7142789999999999e-04         5.5220110000000003e-04         6.4740710000000005e-04         6.0820939999999999e-04         2.6557229999999999e-04         3.9150889999999997e-04
20                                     1.8613333000000001e-03         1.1396132999999999e-03         1.1661156999999999e-03        -5.4171799999999995e-04        -2.3703678999999998e-03         7.0555480000000000e-04        -3.3957647000000001e-03        -1.7194415000000001e-02
21                                     5.4863920000000003e-04        -1.6819540000000000e-04         9.0781199999999997e-05         1.6067079999999999e-04        -1.2369280000000001e-04         9.2950529999999995e-04         2.4932399999999999e-05        -7.8177959000000005e-03
22                                     5.1990770000000003e-04         3.2072100000000001e-05        -5.0704700000000003e-05        -2.6492639999999999e-04         2.5275530000000001e-04        -1.5872569999999999e-04        -2.8028830000000000e-04         3.3796230000000000e-03
23                                    -5.3290789999999998e-04        -6.0102400000000002e-05        -1.1920390000000000e-04        -8.5516100000000006e-05         2.6196340000000001e-04         4.7200809999999998e-04         3.5005600000000001e-04        -1.2007274400000000e-02
24                                    -3.0773876999999998e-03         1.7705193000000000e-03        -1.9264633999999999e-03        -8.6070359999999998e-04        -3.0128080000000002e-04         1.6973910000000000e-04         2.3352339999999999e-04         8.5417580000000004e-04
25                                     2.4201599999999999e-05         5.2252340000000003e-04         4.4858909999999998e-04         1.5252760000000001e-03         3.1113570000000000e-04        -5.5298439999999999e-04         1.7288499999999999e-05        -6.9334900000000006e-05
26                                    -3.7000766999999999e-03         1.3347108999999999e-03        -5.8078920000000003e-04        -2.4144934999999999e-03        -1.5502800000000001e-04         2.4904300000000001e-05         2.3404829999999999e-04         1.9710786000000000e-03
27                                    -5.6571898999999998e-03        -1.3981283299999999e-02         2.4138949800000000e-02         5.8315699999999995e-04         3.2367369999999998e-04         1.0168249000000000e-03         1.7190080000000001e-04        -1.6109360000000000e-04
28                                    -3.2455820999999999e-03         5.1370416000000004e-03        -5.7540602000000001e-03         1.0835644999999999e-03         5.7285189999999996e-04        -1.1531092000000001e-03         2.8571080000000000e-04         9.3283300000000002e-05
29                                    -2.9818367100000000e-02        -7.8902274999999994e-03         9.6558180000000000e-03        -3.0352284999999998e-03        -1.1545474000000000e-03        -3.8212940000000001e-04         5.5866990000000001e-04         1.5866449999999999e-04
30                                    -6.2331160000000004e-03        -1.4749897449999999e-01        -1.1419965040000001e-01        -6.7251884999999997e-03        -1.3375648100000000e-02        -1.1678526500000000e-02         4.5946596999999999e-03        -1.9596319999999999e-04
31                                    -2.0220873999999998e-03        -1.1499517600000000e-01        -1.7027695209999999e-01        -4.9972176999999998e-03        -1.0929793999999999e-03        -2.7507450999999998e-03         3.9340900000000001e-05         2.0250900000000000e-05
32                                    -4.1129456000000000e-03        -5.3328281000000000e-03        -7.4601577000000001e-03        -4.1082790799999998e-02         1.7692028100000000e-02         1.5848248999999998e-02        -2.6536067000000000e-03         1.6661735999999999e-03
33                                     9.2704929999999999e-04        -8.7295185799999994e-02         8.9940569200000001e-02         9.6921809999999994e-03        -8.2000001000000003e-03         1.2693382899999999e-02         6.0878783999999998e-03         1.7850120000000000e-04
34                                     3.4013213999999998e-03         8.7328367099999998e-02        -2.2741840760000001e-01        -2.4419692600000001e-02         2.7340309000000000e-03        -2.9446074999999999e-03        -2.7825493000000001e-03        -1.3285960000000000e-04
35                                     3.9784409999999999e-04         1.2074304100000001e-02        -2.4292685899999999e-02        -3.9419939000000001e-02         1.2901163000000000e-02        -1.8628996200000001e-02        -8.2013829999999996e-03        -7.2278600000000003e-05
36                                    -1.6706047000000000e-03        -3.3875201999999998e-03        -2.1812983000000000e-03         6.4189290000000001e-04        -1.6789979100000001e-02         2.1208669999999998e-03         1.9490417499999999e-02        -1.0927496740000001e-01
37                                     4.8276740000000002e-04        -1.9438276000000000e-03        -1.2037545000000000e-03         1.2127406999999999e-03        -1.0799319300000000e-02         4.7496430000000002e-04         1.1530100499999999e-02         2.9613324800000000e-02
38                                    -2.7855306999999998e-03        -6.2779480000000004e-04         1.8736590000000000e-04        -1.9660165999999999e-03         1.3486069999999999e-03        -1.1517355000000000e-03        -2.6241129999999999e-04         1.0743354369999999e-01
39                                    -2.4876600000000002e-05        -1.8418640000000000e-04        -2.6656269999999999e-04        -2.3098039999999999e-04         8.3969229999999995e-04        -2.3024832400000000e-02         4.3473239999999998e-04        -5.7998702999999999e-02
40                                    -1.3085800000000000e-04        -1.1976960000000000e-04        -2.1757800000000000e-05        -1.2479420000000000e-04        -1.3562362000000001e-03        -2.2588958800000000e-02        -1.8051799999999999e-05         6.1166246399999999e-02
41                                     8.7612800000000003e-05         2.2710240000000000e-04         3.4167800000000002e-05         5.3456399999999999e-05        -1.1082787000000001e-03         1.1610940999999999e-03         5.8034969999999999e-04        -1.1512834000000000e-03
42                                     1.1607568000000000e-03         5.4136870000000004e-03        -3.6240217000000001e-03         1.0752704599999999e-02        -1.1876634520000000e-01         4.4502507300000001e-02        -1.0604133800000000e-01        -1.7466510000000001e-02
43                                     1.6457351000000000e-03         1.5417028000000001e-03         7.3314650000000001e-04         1.0098450000000000e-04         4.8697322000000001e-02        -6.0017652800000001e-02         6.5716098400000006e-02        -1.0703370600000000e-02
44                                    -5.7547142999999999e-03        -9.7848271000000007e-03         7.4374298999999996e-03        -2.1545846500000000e-02        -1.0633811670000000e-01         6.0216488999999998e-02        -1.6767614659999999e-01        -1.1271218999999999e-03
45                                    -1.3344919000000000e-03        -3.9535928000000000e-03         1.0357625699999999e-02         5.4535260999999998e-03        -2.0628838300000001e-02         1.3924232100000000e-02         1.4678559000000000e-03         2.8121876000000001e-03
46                                     1.1911680000000000e-03         4.5524216000000003e-03        -1.0343804000000000e-02        -6.9284803000000004e-03         1.5066854700000000e-02        -6.4213652100000004e-02        -1.0893879699999999e-02        -4.6141999999999998e-04
47                                    -1.4503852000000001e-03         4.8751780000000000e-03        -1.5482944400000000e-02        -5.7662080000000001e-03         2.1453017999999999e-03        -1.0892980900000000e-02        -2.0950888399999999e-02         6.9345690000000005e-04
                                                        16                          17                          18                          19                          20                          21                          22                          23

0                                      3.2579000000000002e-03        -4.7694846600000000e-02        -1.5114349240000000e-01        -1.1516177830000000e-01        -2.3237134000000000e-03        -8.6212136600000003e-02         8.8642001200000001e-02        -1.6779239999999999e-03
1                                     -6.7020627200000002e-02         1.0044930000000001e-02        -1.1510515139999999e-01        -1.6930312659999999e-01        -1.6990961000000000e-03         8.9803840400000001e-02        -2.3974617160000000e-01         2.8234345999999999e-03
2                                      9.6881054000000008e-03        -8.7632912199999996e-02        -1.6835016000000000e-03        -3.3223785000000001e-03        -4.0645793499999999e-02         2.2529260000000000e-04         3.9352031000000004e-03        -3.7690995099999999e-02
3                                      2.1877560000000001e-04         2.1697590600000000e-02        -1.2620026200000000e-02        -2.6590719999999997e-04         1.3870628400000000e-02        -8.9827636000000006e-03         5.8892874000000001e-03         1.1481091000000001e-02
