
$orca_hessian_file

$act_atom
  0

$act_coord
  0

$act_energy
      -21.136146

$multiplicity
  1

$hessian
48
                    0                  1                  2                  3                  4        
    0      8.1632821090E-01  -1.6448187300E-02  -2.3271701200E-02  -5.2358927820E-01   6.3422803300E-02
    1     -1.6448187300E-02   5.6977720740E-01   1.6857976000E-02   4.5994198800E-02  -8.8553895900E-02
    2     -2.3271701200E-02   1.6857976000E-02   9.4191430600E-02   1.7358207300E-02  -3.7552215000E-03
    3     -5.2358927820E-01   4.5994198800E-02   1.7358207300E-02   8.0913019560E-01  -4.8341524500E-02
    4      6.3422803300E-02  -8.8553895900E-02  -3.7552215000E-03  -4.8341524500E-02   5.6384182610E-01
    5      1.7919779900E-02  -3.2426664000E-03  -3.2346532300E-02  -2.1531089000E-02   1.6911421500E-02
    6     -5.5939956400E-02  -2.3775897900E-02   8.1300350000E-04  -1.0619215010E-01  -8.0016239600E-02
    7     -2.0156016900E-02   2.4520754000E-03   5.2865540000E-04  -7.9937339300E-02  -1.9661411820E-01
    8      3.0737460000E-04   8.7114440000E-04   5.7475600000E-04  -3.7146340000E-04  -1.8683701000E-03
    9      1.0609357200E-02  -4.1534789000E-03  -4.0494910000E-04  -5.5807416500E-02  -2.0126694700E-02
   10     -4.0878627000E-03  -3.5945970000E-03   4.1815000000E-06  -2.3930135200E-02   2.4227964000E-03
   11     -2.2542200000E-05  -1.2827210000E-04   1.3977730000E-03  -4.9740610000E-04   9.8372500000E-05
   12     -6.5797500000E-05  -1.8540240000E-04   1.4236500000E-05  -4.4810000000E-05  -4.3080000000E-07
   13     -2.0582470000E-04   1.1984210000E-04   2.2451060000E-04   2.9410000000E-05   3.3815520000E-04
   14      1.3711880000E-04  -3.2746300000E-05  -1.8489790000E-04  -3.9103400000E-04  -1.3686540000E-04
   15     -5.5442000000E-06  -7.3856200000E-05  -3.7895800000E-05   2.0131540000E-04  -4.9438600000E-05
   16      4.4871000000E-06   2.3913500000E-05  -2.4632380000E-04  -5.9972400000E-05   1.7608680000E-04
   17     -8.5540500000E-05   7.0751300000E-05  -2.7574500000E-04   9.2067200000E-05  -4.9796400000E-05
   18     -1.3941536550E-01  -1.2609819240E-01  -9.2690500000E-04  -2.3199558700E-02  -2.5890128600E-02
   19     -1.2865538020E-01  -2.1469789450E-01  -2.3047428000E-03  -3.8386100000E-04   5.7728450000E-04
   20     -1.0900496000E-03  -2.5913955000E-03  -3.0836385700E-02   6.1866150000E-04   9.3114490000E-04
   21     -9.0427358700E-02   9.8026567500E-02   5.1399825000E-03  -1.6970781000E-02   2.9941607700E-02
   22      9.9096881100E-02  -2.6016505310E-01  -1.0788987300E-02   7.2939494000E-03  -6.7920328000E-03
   23      5.1764892000E-03  -1.0625977100E-02  -3.2518134100E-02   8.6785850000E-04  -1.3198403000E-03
   24     -1.8038416700E-02   2.9813830100E-02   1.5415345000E-03  -8.5152660600E-02   9.1018974200E-02
   25      5.6555985000E-03  -6.2774486000E-03  -3.8814080000E-04   9.2991007400E-02  -2.5023007440E-01
   26      9.7049670000E-04  -1.1273092000E-03   3.3831020000E-04   4.0082025000E-03  -1.0150823600E-02
   27      1.1086926000E-03  -1.8896522000E-03  -1.2770830000E-04   5.8434030000E-03  -1.3816235300E-02
   28      1.5528652000E-03   1.0148440000E-03  -2.6411700000E-05   7.8547281000E-03  -2.7038516500E-02
   29      1.3372100000E-04   1.4956400000E-05  -7.9481350000E-04  -3.8671060000E-04  -7.3806760000E-04
   30     -8.6326410000E-04  -1.3597069000E-03  -2.5557200000E-05  -4.9186498000E-03   1.6032438000E-03
   31     -3.9946600000E-05   1.8572800000E-04  -8.3660000000E-06   1.1062600000E-04   8.6774430000E-04
   32     -8.6694900000E-05  -9.3350700000E-05   3.3856740000E-04  -4.4066200000E-05  -1.7678730000E-04
   33      2.1026740000E-04  -1.0354740000E-04  -6.9836000000E-06   1.0390920000E-03   2.2508135000E-03
   34     -3.2619150000E-04  -1.8552370000E-04   1.4708000000E-05  -1.6016402000E-03   1.5069905000E-03
   35      4.9262300000E-05   3.9005400000E-05  -5.0909300000E-05   1.4500000000E-05   1.0791820000E-04
   36      9.2048700000E-05   5.1834100000E-05  -6.0142800000E-05  -1.5846350000E-04   1.2685540000E-04
   37      1.8460400000E-05   1.5274630000E-04   2.1705700000E-05   5.9741700000E-05  -9.5784900000E-05
   38     -9.3931300000E-05  -6.1119500000E-05   7.9070700000E-05   1.6340450000E-04  -4.8096800000E-05
   39      3.9609500000E-05   1.2544920000E-04   3.6660000000E-06   3.0926400000E-05  -7.0987800000E-05
   40      1.1735040000E-04  -9.2962400000E-05  -4.5933800000E-05  -5.8923000000E-06  -1.0803540000E-04
   41     -4.0051300000E-05  -1.5778000000E-06   3.1717100000E-05   1.2127700000E-05   1.6244090000E-04
   42     -5.3091500000E-05   2.1003100000E-05  -2.3557400000E-05  -1.6845980000E-04  -4.7396900000E-05
   43     -7.6471000000E-06  -9.3548100000E-05  -8.1066500000E-05   1.5334100000E-05   1.5839580000E-04
   44     -2.3377000000E-06  -6.2608000000E-06   3.2958900000E-05  -5.3695000000E-06  -4.2445500000E-05
   45      9.8866000000E-06   5.5038600000E-05   1.4770100000E-05  -4.2704000000E-05  -5.2209000000E-06
   46      5.8611000000E-05  -6.5433400000E-05  -6.5427000000E-06  -8.8630700000E-05  -4.5682150000E-04
   47     -1.3938000000E-06   5.6841900000E-05   2.2834000000E-05   9.2109600000E-05   7.5016500000E-05
                    5                  6                  7                  8                  9        
    0      1.7919779900E-02  -5.5939956400E-02  -2.0156016900E-02   3.0737460000E-04   1.0609357200E-02
    1     -3.2426664000E-03  -2.3775897900E-02   2.4520754000E-03   8.7114440000E-04  -4.1534789000E-03
    2     -3.2346532300E-02   8.1300350000E-04   5.2865540000E-04   5.7475600000E-04  -4.0494910000E-04
    3     -2.1531089000E-02  -1.0619215010E-01  -7.9937339300E-02  -3.7146340000E-04  -5.5807416500E-02
    4      1.6911421500E-02  -8.0016239600E-02  -1.9661411820E-01  -1.8683701000E-03  -2.0126694700E-02
    5      1.1465805690E-01  -1.7731293000E-03  -2.4877040000E-03  -5.4152118700E-02   7.0426600000E-05
    6     -1.7731293000E-03   8.0986051920E-01  -4.8682698100E-02   1.5011584000E-03  -5.2370400880E-01
    7     -2.4877040000E-03  -4.8682698100E-02   5.6616308940E-01   5.5158856000E-03   6.1817074900E-02
    8     -5.4152118700E-02   1.5011584000E-03   5.5158856000E-03   1.1414201620E-01  -2.3287260000E-03
    9      7.0426600000E-05  -5.2370400880E-01   6.1817074900E-02  -2.3287260000E-03   8.1583738070E-01
   10     -1.3789190000E-04   4.4780458400E-02  -8.8208824400E-02  -7.5654020000E-04  -1.5256342200E-02
   11      6.2982380000E-04  -2.2190472000E-03  -6.2910420000E-04  -3.1939136600E-02   3.3340489000E-03
   12     -2.0536200000E-04   4.1268450000E-04   5.9354000000E-05   1.5273100000E-04  -6.5061700000E-05
   13      2.8552600000E-05  -1.3746980000E-04   8.5870850000E-04  -2.9736580000E-04  -8.5199400000E-05
   14     -6.8962670000E-04   5.5293600000E-05  -1.0109250000E-04  -1.3596550000E-04   1.2977460000E-04
   15     -1.9364070000E-04  -2.3596670000E-04  -2.2660520000E-04   1.4071880000E-04   2.2244600000E-05
   16      4.4050600000E-05   2.3885700000E-05  -2.3326340000E-04   7.7998000000E-05  -3.3913400000E-05
   17     -2.5356230000E-04   1.1411700000E-05  -7.5371400000E-05  -4.2293490000E-04  -1.3893490000E-04
   18     -1.2518970000E-04  -4.8729350000E-03   1.6971358000E-03   6.2644240000E-04  -8.7497430000E-04
   19      1.0115000000E-05   4.4752100000E-05   9.3274020000E-04  -4.0686440000E-04  -5.7306300000E-05
   20      2.9784250000E-04   5.2053540000E-04  -4.4933790000E-04   1.3043211900E-02   1.3927570000E-04
   21      1.5236984000E-03   1.0004001000E-03   2.2293952000E-03  -1.7935040000E-04   1.8735580000E-04
   22     -4.4404220000E-04  -1.6170701000E-03   1.5269581000E-03   2.9390090000E-04  -3.1512600000E-04
   23      1.5374790000E-04  -2.3332690000E-04   1.7513180000E-04  -5.5639458000E-03  -8.7951000000E-05
   24      4.3349219000E-03   5.8875367000E-03  -1.3917267600E-02  -5.7797970000E-04   1.1565172000E-03
   25     -9.8836299000E-03   8.0021712000E-03  -2.7437851600E-02  -1.0371752000E-03   1.6106891000E-03
   26     -3.7628731000E-02   5.9284470000E-04  -2.9813910000E-04   1.8094953000E-03  -1.2252510000E-04
   27     -1.5013660000E-04  -8.5558615000E-02   9.2513337900E-02   9.7180910000E-04  -1.8027581400E-02
   28     -5.4329160000E-04   9.4533659500E-02  -2.5252694730E-01  -2.1527957000E-03   5.6148923000E-03
   29      1.7897758000E-03   1.3689783000E-03  -2.0392166000E-03  -3.7047315700E-02   3.7299100000E-05
   30     -1.0558710000E-04  -2.3041068000E-02  -2.5806578700E-02  -5.1665800000E-04  -1.3784834860E-01
   31     -2.0396480000E-04  -5.0259700000E-04   6.1225010000E-04   1.6446500000E-05  -1.2863699300E-01
   32      1.3098288800E-02  -3.0485800000E-05  -1.8968790000E-04   2.6278960000E-04  -2.3979068000E-03
   33      1.0690890000E-04  -1.7371216300E-02   3.0189710900E-02   3.7475600000E-04  -9.1527388400E-02
   34      8.8713900000E-05   7.3784583000E-03  -6.8499236000E-03  -8.3341000000E-05   9.9377227000E-02
   35     -5.5919681000E-03  -1.7325750000E-04   1.8801990000E-04   3.2906280000E-04   1.4966403000E-03
   36      9.5819300000E-05  -1.6020620000E-04  -1.1665300000E-05  -4.4205900000E-05   2.3262000000E-06
   37     -2.5570700000E-05  -2.1178900000E-05   7.9637100000E-05  -1.6462300000E-05  -1.6981400000E-05
   38     -2.1708100000E-05   2.9461000000E-06   2.0161900000E-05   5.7612600000E-05   2.9271400000E-05
   39     -1.9869400000E-05  -7.7053000000E-06  -1.3415500000E-05   1.9050900000E-05   8.6443000000E-06
   40     -4.3600000000E-06   1.6468600000E-05  -2.3102390000E-04   2.9805300000E-05  -2.1494400000E-05
   41      1.6408200000E-05   3.5328400000E-05   2.5295700000E-05   2.8413400000E-05  -2.7730100000E-05
   42      4.4112400000E-05  -8.2411300000E-05   1.2572780000E-04  -7.8013600000E-05   1.1393520000E-04
   43      1.0228800000E-05   1.2909900000E-04  -1.5535760000E-04   3.1697700000E-05  -6.3188800000E-05
   44      7.3686800000E-05  -2.4513050000E-04   6.7671100000E-05  -9.0648100000E-05   1.2168240000E-04
   45      8.3363000000E-06   5.0985000000E-06   1.1985010000E-04   2.3558000000E-06  -8.2981500000E-05
   46     -1.1996090000E-04  -1.5580120000E-04  -3.6814880000E-04  -2.1796370000E-04   3.4683530000E-04
   47     -3.3383400000E-05  -2.2712300000E-04  -2.5116760000E-04  -8.9529240000E-04   1.5030400000E-04
                   10                 11                 12                 13                 14        
    0     -4.0878627000E-03  -2.2542200000E-05  -6.5797500000E-05  -2.0582470000E-04   1.3711880000E-04
    1     -3.5945970000E-03  -1.2827210000E-04  -1.8540240000E-04   1.1984210000E-04  -3.2746300000E-05
    2      4.1815000000E-06   1.3977730000E-03   1.4236500000E-05   2.2451060000E-04  -1.8489790000E-04
    3     -2.3930135200E-02  -4.9740610000E-04  -4.4810000000E-05   2.9410000000E-05  -3.9103400000E-04
    4      2.4227964000E-03   9.8372500000E-05  -4.3080000000E-07   3.3815520000E-04  -1.3686540000E-04
    5     -1.3789190000E-04   6.2982380000E-04  -2.0536200000E-04   2.8552600000E-05  -6.8962670000E-04
    6      4.4780458400E-02  -2.2190472000E-03   4.1268450000E-04  -1.3746980000E-04   5.5293600000E-05
    7     -8.8208824400E-02  -6.2910420000E-04   5.9354000000E-05   8.5870850000E-04  -1.0109250000E-04
    8     -7.5654020000E-04  -3.1939136600E-02   1.5273100000E-04  -2.9736580000E-04  -1.3596550000E-04
    9     -1.5256342200E-02   3.3340489000E-03  -6.5061700000E-05  -8.5199400000E-05   1.2977460000E-04
   10      5.6866772240E-01   7.3626632000E-03  -3.4187000000E-06   1.4737110000E-04  -7.6696000000E-06
   11      7.3626632000E-03   9.3478115600E-02  -8.7470400000E-05   2.3988500000E-05  -2.9706960000E-04
   12     -3.4187000000E-06  -8.7470400000E-05   7.3797824790E-01   1.5779071960E-01  -4.1380576100E-02
   13      1.4737110000E-04   2.3988500000E-05   1.5779071960E-01   4.4565475960E-01   2.4804208000E-03
   14     -7.6696000000E-06  -2.9706960000E-04  -4.1380576100E-02   2.4804208000E-03   7.3451086500E-02
   15     -8.1554600000E-05  -3.3952500000E-05  -4.0399031700E-01  -2.3140431220E-01   1.7686483300E-02
   16     -1.2423090000E-04  -1.5097490000E-04  -2.4507311930E-01  -2.4210758160E-01   9.3546106000E-03
   17      2.0688700000E-05   2.6950400000E-05   1.7257882200E-02   8.1787105000E-03  -2.8996111800E-02
   18     -1.3843698000E-03  -1.1625500000E-05  -7.3890200000E-05  -1.3404090000E-04   2.2157400000E-05
   19      1.5718600000E-04  -2.5238000000E-06   4.5184000000E-05  -1.6923360000E-04   4.3700600000E-05
   20      1.3087130000E-04   3.4742080000E-04  -2.4116300000E-05  -9.9007000000E-05  -8.1885000000E-06
   21     -1.0185100000E-04   2.9800000000E-07  -1.1584950000E-04   2.0496360000E-04  -3.8878100000E-05
   22     -1.9670720000E-04  -1.3321200000E-05   5.6685100000E-05  -8.7361400000E-05  -3.8732000000E-06
   23     -3.1647100000E-05  -4.4920000000E-05  -9.7929600000E-05  -9.4853700000E-05  -2.9426000000E-06
   24     -1.8633103000E-03  -2.0155500000E-05   3.2174300000E-05   7.5804100000E-05   9.7811000000E-06
   25      1.0250261000E-03   6.5169600000E-05  -2.7985000000E-05  -4.5610600000E-04   6.4667800000E-05
   26      1.1626090000E-04  -7.7684930000E-04  -3.0591700000E-05  -1.1259630000E-04   1.0300000000E-06
   27      2.9404368000E-02   3.4639690000E-04  -1.5120200000E-05   3.5585460000E-04  -1.0569630000E-04
   28     -5.9900959000E-03  -9.3576600000E-05   1.4296560000E-04  -6.3330880000E-04   1.5666190000E-04
   29      7.9229600000E-05   3.0866290000E-04  -1.2183570000E-04   1.1653150000E-04  -5.7028400000E-05
   30     -1.2599318420E-01  -2.3446697000E-03  -1.1750610000E-04  -2.9074720000E-04   2.1458000000E-05
   31     -2.1692563020E-01  -3.3879739000E-03  -5.7711800000E-05  -1.6691520000E-04   1.7136800000E-05
   32     -3.2019743000E-03  -3.0982878000E-02   5.5632700000E-05  -2.1323000000E-06  -5.7709000000E-06
   33      9.8408765900E-02   1.3407877000E-03  -8.0699000000E-05   2.4300460000E-04  -7.1421100000E-05
   34     -2.5730653310E-01  -3.1654465000E-03   8.7333100000E-05  -3.5234630000E-04   8.2303300000E-05
   35     -3.4630868000E-03  -3.2100163300E-02   2.9095600000E-05  -1.1928900000E-05   3.3716400000E-05
   36      5.4599800000E-05   5.8688100000E-05  -2.9162928100E-02   5.7375934000E-03   2.1445025000E-03
   37     -6.3747600000E-05   1.1035700000E-05  -1.8259239600E-02   4.9450220000E-03   1.4521216000E-03
   38     -2.6298600000E-05   3.6003000000E-05   1.1707133000E-03  -1.1107600000E-04  -1.4910004000E-03
   39     -7.6157100000E-05  -2.6738100000E-05  -4.0975210000E-04  -2.3508479600E-02  -5.3778590000E-04
   40     -1.2813000000E-05  -2.9735400000E-05  -3.0421215000E-03  -2.5896150900E-02  -7.8215450000E-04
   41     -1.2182500000E-05   1.1997000000E-05   1.8842940000E-04   5.1270540000E-04   3.6504639000E-03
   42      5.3378000000E-05   5.9075800000E-05  -2.8287921920E-01   8.0286744000E-02   2.1305355300E-02
   43      1.3095870000E-04  -1.0036220000E-04   9.0007391000E-02  -6.2636576800E-02  -7.6762826000E-03
   44      1.0316820000E-04   8.9057200000E-05   2.1934209200E-02  -7.1298936000E-03  -3.2067072200E-02
   45      7.6615500000E-05   1.2431180000E-04  -2.1402156100E-02   1.1041980100E-02   1.0134669000E-03
   46     -1.2788150000E-04   1.4006130000E-04   1.8459796600E-02  -1.1955827780E-01  -4.9109392000E-03
   47     -1.7977230000E-04  -1.8478700000E-04   1.1449519000E-03  -3.7065662000E-03  -1.3200622500E-02
                   15                 16                 17                 18                 19        
    0     -5.5442000000E-06   4.4871000000E-06  -8.5540500000E-05  -1.3941536550E-01  -1.2865538020E-01
    1     -7.3856200000E-05   2.3913500000E-05   7.0751300000E-05  -1.2609819240E-01  -2.1469789450E-01
    2     -3.7895800000E-05  -2.4632380000E-04  -2.7574500000E-04  -9.2690500000E-04  -2.3047428000E-03
    3      2.0131540000E-04  -5.9972400000E-05   9.2067200000E-05  -2.3199558700E-02  -3.8386100000E-04
    4     -4.9438600000E-05   1.7608680000E-04  -4.9796400000E-05  -2.5890128600E-02   5.7728450000E-04
    5     -1.9364070000E-04   4.4050600000E-05  -2.5356230000E-04  -1.2518970000E-04   1.0115000000E-05
    6     -2.3596670000E-04   2.3885700000E-05   1.1411700000E-05  -4.8729350000E-03   4.4752100000E-05
    7     -2.2660520000E-04  -2.3326340000E-04  -7.5371400000E-05   1.6971358000E-03   9.3274020000E-04
    8      1.4071880000E-04   7.7998000000E-05  -4.2293490000E-04   6.2644240000E-04  -4.0686440000E-04
    9      2.2244600000E-05  -3.3913400000E-05  -1.3893490000E-04  -8.7497430000E-04  -5.7306300000E-05
   10     -8.1554600000E-05  -1.2423090000E-04   2.0688700000E-05  -1.3843698000E-03   1.5718600000E-04
   11     -3.3952500000E-05  -1.5097490000E-04   2.6950400000E-05  -1.1625500000E-05  -2.5238000000E-06
   12     -4.0399031700E-01  -2.4507311930E-01   1.7257882200E-02  -7.3890200000E-05   4.5184000000E-05
   13     -2.3140431220E-01  -2.4210758160E-01   8.1787105000E-03  -1.3404090000E-04  -1.6923360000E-04
   14      1.7686483300E-02   9.3546106000E-03  -2.8996111800E-02   2.2157400000E-05   4.3700600000E-05
   15      7.5091898910E-01   1.3107047800E-01  -3.9874580700E-02   5.0707000000E-05  -1.1087100000E-05
   16      1.3107047800E-01   6.5451862710E-01   1.0923968900E-02   8.7352000000E-06   8.4916100000E-05
   17     -3.9874580700E-02   1.0923968900E-02   9.4091343400E-02   6.5683200000E-05   4.2979200000E-05
   18      5.0707000000E-05   8.7352000000E-06   6.5683200000E-05   1.6156587970E-01   1.4325031560E-01
   19     -1.1087100000E-05   8.4916100000E-05   4.2979200000E-05   1.4325031560E-01   2.3416057310E-01
   20      2.1924100000E-05   8.0387600000E-05   5.8347700000E-05   5.2013100000E-04   2.8735996000E-03
   21     -1.5366200000E-05   8.3463600000E-05   1.4644500000E-05   6.2794553000E-03  -1.5308725400E-02
   22      7.2982600000E-05  -1.9978600000E-04  -4.4680500000E-05   8.9694897000E-03  -2.3166807300E-02
   23      9.0742000000E-06   6.7501900000E-05   6.0442100000E-05   1.9821050000E-04  -4.2225530000E-04
   24     -1.1942830000E-04   5.5205200000E-05   3.9465000000E-06   9.2051780000E-04   9.3301440000E-04
   25      1.8717400000E-04   1.4650120000E-04   5.2541000000E-05  -8.5332510000E-04   1.3479898000E-03
   26      6.6299300000E-05  -1.5529000000E-05   1.3222900000E-05  -2.2186540000E-04   1.8510470000E-04
   27      2.7702700000E-05  -8.6332700000E-05   1.0314200000E-05  -3.1399600000E-05   3.1318370000E-04
   28     -6.5036000000E-06  -1.6945260000E-04  -1.8402000000E-06   3.5637430000E-04   5.9114450000E-04
   29      4.8964200000E-05   5.4650000000E-07   2.1208700000E-05   9.0985000000E-06   1.1177800000E-05
   30      4.5830200000E-05   6.5564300000E-05   4.6829100000E-05  -4.8669850000E-04  -3.1672000000E-06
   31      5.3148700000E-05  -8.8523000000E-05   1.2881000000E-05   1.0456600000E-05   6.5003600000E-05
   32     -4.1382000000E-06  -1.5829200000E-05   1.1269100000E-05  -1.0068860000E-04   6.3294200000E-05
   33     -6.2690800000E-05  -7.5148600000E-05  -2.0422100000E-05   1.0954090000E-04  -1.4203720000E-04
   34      4.2687000000E-05   2.2948450000E-04   2.8477000000E-05  -5.5502500000E-05   7.5586000000E-05
   35      2.3033400000E-05   6.8340900000E-05   1.8571500000E-05   2.0483800000E-05  -2.0438500000E-05
   36     -2.7593293150E-01   8.8645544300E-02   1.8964131600E-02   4.5945500000E-05  -1.4366300000E-05
   37      9.2230059900E-02  -7.7972288200E-02  -7.6748836000E-03  -3.9119300000E-05  -1.0615890000E-04
   38      1.9010037000E-02  -7.3839179000E-03  -3.4655712700E-02  -2.9015100000E-05  -5.1697600000E-05
   39     -4.6712672900E-02   3.4277555300E-02   2.3077860000E-03  -6.4370500000E-05  -1.4367800000E-05
   40      3.4092620800E-02  -3.0105572410E-01  -1.2255319300E-02   5.2060900000E-05   9.1171600000E-05
   41      2.3665892000E-03  -1.2335826800E-02  -3.0184507600E-02  -6.1449400000E-05  -1.0921000000E-06
   42     -2.7194294000E-02   5.1172492000E-03   1.9836955000E-03   4.2771500000E-05   3.1586800000E-05
   43     -1.7384028200E-02   4.7003665000E-03   1.3922615000E-03   2.3179000000E-06   3.1243700000E-05
   44      1.1513091000E-03  -2.2440430000E-04  -6.8404450000E-04   3.7678800000E-05   1.4206700000E-05
   45      3.0024226000E-03  -1.4023681200E-02  -6.3891320000E-04   4.3748000000E-06  -2.7738100000E-05
   46     -8.5117652000E-03  -3.7929046000E-02  -6.2136740000E-04   1.0779250000E-04   2.5255100000E-05
   47     -3.8022480000E-04  -2.4459910000E-04   1.1712630000E-03  -2.3146900000E-05  -3.4563400000E-05
                   20                 21                 22                 23                 24        
    0     -1.0900496000E-03  -9.0427358700E-02   9.9096881100E-02   5.1764892000E-03  -1.8038416700E-02
    1     -2.5913955000E-03   9.8026567500E-02  -2.6016505310E-01  -1.0625977100E-02   2.9813830100E-02
    2     -3.0836385700E-02   5.1399825000E-03  -1.0788987300E-02  -3.2518134100E-02   1.5415345000E-03
    3      6.1866150000E-04  -1.6970781000E-02   7.2939494000E-03   8.6785850000E-04  -8.5152660600E-02
    4      9.3114490000E-04   2.9941607700E-02  -6.7920328000E-03  -1.3198403000E-03   9.1018974200E-02
    5      2.9784250000E-04   1.5236984000E-03  -4.4404220000E-04   1.5374790000E-04   4.3349219000E-03
    6      5.2053540000E-04   1.0004001000E-03  -1.6170701000E-03  -2.3332690000E-04   5.8875367000E-03
    7     -4.4933790000E-04   2.2293952000E-03   1.5269581000E-03   1.7513180000E-04  -1.3917267600E-02
    8      1.3043211900E-02  -1.7935040000E-04   2.9390090000E-04  -5.5639458000E-03  -5.7797970000E-04
    9      1.3927570000E-04   1.8735580000E-04  -3.1512600000E-04  -8.7951000000E-05   1.1565172000E-03
   10      1.3087130000E-04  -1.0185100000E-04  -1.9670720000E-04  -3.1647100000E-05  -1.8633103000E-03
   11      3.4742080000E-04   2.9800000000E-07  -1.3321200000E-05  -4.4920000000E-05  -2.0155500000E-05
   12     -2.4116300000E-05  -1.1584950000E-04   5.6685100000E-05  -9.7929600000E-05   3.2174300000E-05
   13     -9.9007000000E-05   2.0496360000E-04  -8.7361400000E-05  -9.4853700000E-05   7.5804100000E-05
   14     -8.1885000000E-06  -3.8878100000E-05  -3.8732000000E-06  -2.9426000000E-06   9.7811000000E-06
   15      2.1924100000E-05  -1.5366200000E-05   7.2982600000E-05   9.0742000000E-06  -1.1942830000E-04
   16      8.0387600000E-05   8.3463600000E-05  -1.9978600000E-04   6.7501900000E-05   5.5205200000E-05
   17      5.8347700000E-05   1.4644500000E-05  -4.4680500000E-05   6.0442100000E-05   3.9465000000E-06
   18      5.2013100000E-04   6.2794553000E-03   8.9694897000E-03   1.9821050000E-04   9.2051780000E-04
   19      2.8735996000E-03  -1.5308725400E-02  -2.3166807300E-02  -4.2225530000E-04   9.3301440000E-04
   20      2.1085293300E-02  -6.0567260000E-04  -1.1413667000E-03   2.7744297000E-03  -1.4792870000E-04
   21     -6.0567260000E-04   1.0529142160E-01  -1.1412130590E-01  -6.4992380000E-03  -5.3388691000E-03
   22     -1.1413667000E-03  -1.1412130590E-01   2.8722786250E-01   1.2467649200E-02   8.9292300000E-04
   23      2.7744297000E-03  -6.4992380000E-03   1.2467649200E-02   2.2204183900E-02   6.0946800000E-04
   24     -1.4792870000E-04  -5.3388691000E-03   8.9292300000E-04   6.0946800000E-04   1.0303304520E-01
   25      2.3715480000E-04   6.4080880000E-04   1.0620594000E-03  -4.0547140000E-04  -1.0440848850E-01
   26     -5.0396650000E-03   5.7094550000E-04  -4.0052760000E-04   1.2475342700E-02  -5.7710708000E-03
   27      1.0411900000E-05  -4.6347330000E-04   8.5277000000E-05   2.3544300000E-05  -2.0268837000E-03
   28     -4.7687500000E-05  -9.6662250000E-04   5.1506310000E-04   9.6550400000E-05  -2.9059379000E-03
   29     -9.4887600000E-05   2.1923500000E-05  -1.9217000000E-06   1.7933220000E-04   1.4468500000E-05
   30      6.8947200000E-05   1.1590920000E-04  -6.3309300000E-05  -1.8267900000E-05  -3.8098100000E-05
   31      3.4839700000E-05  -1.3877540000E-04   7.4457400000E-05   7.0125000000E-06   3.0149590000E-04
   32     -2.0013337000E-03   9.9346000000E-06  -1.3889600000E-05   4.5770640000E-04   4.9470000000E-06
   33     -1.9875000000E-06   3.1998820000E-04  -2.2180970000E-04  -2.4441200000E-05  -3.9139750000E-04
   34      6.3000000000E-07  -2.2598510000E-04  -8.2145900000E-05  -4.8420000000E-06   1.3064330000E-04
   35      4.4672430000E-04   2.0740000000E-06   2.4422000000E-06  -4.0227200000E-05   3.8304000000E-06
   36     -1.9620600000E-05   1.1544480000E-04  -5.8952200000E-05  -2.0911900000E-05  -3.3164100000E-05
   37     -6.2383400000E-05  -1.7384500000E-05   1.2459000000E-05   7.2606100000E-05   1.4205800000E-05
   38     -4.9285800000E-05  -3.9727500000E-05   1.2364630000E-04  -9.5898900000E-05  -4.0616900000E-05
   39     -4.9012300000E-05  -3.7090100000E-05  -4.8098000000E-05   4.1783600000E-05   6.9526600000E-05
   40     -4.8797000000E-06  -5.9417700000E-05   2.9347700000E-05  -2.0186400000E-05  -7.6350800000E-05
   41     -2.4384600000E-05   3.1827600000E-05  -6.8286100000E-05  -3.5356400000E-05   6.2108900000E-05
   42      2.0316100000E-05   3.5510200000E-05  -4.3204500000E-05   2.5697500000E-05   2.8638700000E-05
   43      2.9502900000E-05   1.9866800000E-05  -5.6408600000E-05   8.3324000000E-06  -6.1782700000E-05
   44     -1.6518900000E-05   1.1129800000E-05   6.6127000000E-06  -1.4555000000E-05  -4.7232200000E-05
   45      1.8184800000E-05   2.3302700000E-05   2.0688000000E-05   2.9940800000E-05   1.0961400000E-05
   46      7.7927000000E-05  -2.0660570000E-04   2.9809490000E-04   3.0288900000E-05  -2.9582000000E-06
   47      1.7379600000E-05   3.6408400000E-05   2.6645000000E-05   1.0795300000E-05   1.9977000000E-05
                   25                 26                 27                 28                 29        
    0      5.6555985000E-03   9.7049670000E-04   1.1086926000E-03   1.5528652000E-03   1.3372100000E-04
    1     -6.2774486000E-03  -1.1273092000E-03  -1.8896522000E-03   1.0148440000E-03   1.4956400000E-05
    2     -3.8814080000E-04   3.3831020000E-04  -1.2770830000E-04  -2.6411700000E-05  -7.9481350000E-04
    3      9.2991007400E-02   4.0082025000E-03   5.8434030000E-03   7.8547281000E-03  -3.8671060000E-04
    4     -2.5023007440E-01  -1.0150823600E-02  -1.3816235300E-02  -2.7038516500E-02  -7.3806760000E-04
    5     -9.8836299000E-03  -3.7628731000E-02  -1.5013660000E-04  -5.4329160000E-04   1.7897758000E-03
    6      8.0021712000E-03   5.9284470000E-04  -8.5558615000E-02   9.4533659500E-02   1.3689783000E-03
    7     -2.7437851600E-02  -2.9813910000E-04   9.2513337900E-02  -2.5252694730E-01  -2.0392166000E-03
    8     -1.0371752000E-03   1.8094953000E-03   9.7180910000E-04  -2.1527957000E-03  -3.7047315700E-02
    9      1.6106891000E-03  -1.2252510000E-04  -1.8027581400E-02   5.6148923000E-03   3.7299100000E-05
   10      1.0250261000E-03   1.1626090000E-04   2.9404368000E-02  -5.9900959000E-03   7.9229600000E-05
   11      6.5169600000E-05  -7.7684930000E-04   3.4639690000E-04  -9.3576600000E-05   3.0866290000E-04
   12     -2.7985000000E-05  -3.0591700000E-05  -1.5120200000E-05   1.4296560000E-04  -1.2183570000E-04
   13     -4.5610600000E-04  -1.1259630000E-04   3.5585460000E-04  -6.3330880000E-04   1.1653150000E-04
   14      6.4667800000E-05   1.0300000000E-06  -1.0569630000E-04   1.5666190000E-04  -5.7028400000E-05
   15      1.8717400000E-04   6.6299300000E-05   2.7702700000E-05  -6.5036000000E-06   4.8964200000E-05
   16      1.4650120000E-04  -1.5529000000E-05  -8.6332700000E-05  -1.6945260000E-04   5.4650000000E-07
   17      5.2541000000E-05   1.3222900000E-05   1.0314200000E-05  -1.8402000000E-06   2.1208700000E-05
   18     -8.5332510000E-04  -2.2186540000E-04  -3.1399600000E-05   3.5637430000E-04   9.0985000000E-06
   19      1.3479898000E-03   1.8510470000E-04   3.1318370000E-04   5.9114450000E-04   1.1177800000E-05
   20      2.3715480000E-04  -5.0396650000E-03   1.0411900000E-05  -4.7687500000E-05  -9.4887600000E-05
   21      6.4080880000E-04   5.7094550000E-04  -4.6347330000E-04  -9.6662250000E-04   2.1923500000E-05
   22      1.0620594000E-03  -4.0052760000E-04   8.5277000000E-05   5.1506310000E-04  -1.9217000000E-06
   23     -4.0547140000E-04   1.2475342700E-02   2.3544300000E-05   9.6550400000E-05   1.7933220000E-04
   24     -1.0440848850E-01  -5.7710708000E-03  -2.0268837000E-03  -2.9059379000E-03   1.4468500000E-05
   25      2.8283381090E-01   1.1593206200E-02  -2.9671102000E-03  -3.3930030000E-03  -1.9614240000E-04
   26      1.1593206200E-02   2.5889143000E-02  -6.3845000000E-06   1.1208300000E-05   3.0143329000E-03
   27     -2.9671102000E-03  -6.3845000000E-06   1.0365643610E-01  -1.0565595890E-01  -9.8978120000E-04
   28     -3.3930030000E-03   1.1208300000E-05  -1.0565595890E-01   2.8454614240E-01   3.0738411000E-03
   29     -1.9614240000E-04   3.0143329000E-03  -9.8978120000E-04   3.0738411000E-03   2.6195601100E-02
   30      3.4508060000E-04   1.3049800000E-05   8.5368250000E-04  -9.0597500000E-04   2.1367600000E-05
   31      5.9661610000E-04   1.5783500000E-05   9.7563800000E-04   1.3146993000E-03   9.1302800000E-05
   32      7.2579300000E-05  -1.0898440000E-04   4.2056500000E-05   6.9999600000E-05  -5.0442217000E-03
   33     -1.0018828000E-03  -3.9873500000E-05  -5.3347897000E-03   5.2221290000E-04  -1.3576100000E-04
   34      5.6696890000E-04   1.3924200000E-05   9.7481970000E-04   1.0877442000E-03  -1.6700120000E-04
   35     -5.7738400000E-05   1.7371800000E-04  -1.2185320000E-04  -1.3838760000E-04   1.2490086200E-02
   36     -4.1161700000E-05  -4.1782700000E-05   3.2897500000E-05  -8.3553400000E-05   2.2553100000E-05
   37     -2.2362600000E-05   6.0657500000E-05  -2.4839400000E-05  -5.5356000000E-06   1.7594200000E-05
   38      2.0223500000E-05  -1.8188800000E-05   1.6405200000E-05   2.9490200000E-05  -1.8390800000E-05
   39      2.5491900000E-05   5.6666600000E-05  -4.9510300000E-05   1.4703600000E-05  -5.0248000000E-06
   40      2.2180140000E-04   1.1934000000E-05  -2.5297800000E-05   9.0389500000E-05  -5.0314000000E-05
   41     -1.3650800000E-05  -1.4427400000E-04  -5.0212000000E-06  -8.2819800000E-05  -3.0373500000E-05
   42     -1.0831380000E-04  -3.6202600000E-05  -4.8290900000E-05   4.0938000000E-06   1.9433900000E-05
   43      4.3427600000E-05  -2.4330800000E-05   2.0510300000E-05  -9.0405200000E-05  -3.5402900000E-05
   44     -1.9920000000E-06  -2.0928500000E-05   4.3593900000E-05  -2.1572200000E-05  -5.2941900000E-05
   45     -4.9754300000E-05  -8.2087000000E-06   3.2849600000E-05  -7.1944000000E-05  -5.8694600000E-05
   46     -2.7355100000E-05   1.2117640000E-04  -1.7756270000E-04   6.8723780000E-04  -1.7711360000E-04
   47     -1.2160120000E-04   2.3025900000E-05   4.2049100000E-05  -3.2936860000E-04  -8.5902670000E-04
                   30                 31                 32                 33                 34        
    0     -8.6326410000E-04  -3.9946600000E-05  -8.6694900000E-05   2.1026740000E-04  -3.2619150000E-04
    1     -1.3597069000E-03   1.8572800000E-04  -9.3350700000E-05  -1.0354740000E-04  -1.8552370000E-04
    2     -2.5557200000E-05  -8.3660000000E-06   3.3856740000E-04  -6.9836000000E-06   1.4708000000E-05
    3     -4.9186498000E-03   1.1062600000E-04  -4.4066200000E-05   1.0390920000E-03  -1.6016402000E-03
    4      1.6032438000E-03   8.6774430000E-04  -1.7678730000E-04   2.2508135000E-03   1.5069905000E-03
    5     -1.0558710000E-04  -2.0396480000E-04   1.3098288800E-02   1.0690890000E-04   8.8713900000E-05
    6     -2.3041068000E-02  -5.0259700000E-04  -3.0485800000E-05  -1.7371216300E-02   7.3784583000E-03
    7     -2.5806578700E-02   6.1225010000E-04  -1.8968790000E-04   3.0189710900E-02  -6.8499236000E-03
    8     -5.1665800000E-04   1.6446500000E-05   2.6278960000E-04   3.7475600000E-04  -8.3341000000E-05
    9     -1.3784834860E-01  -1.2863699300E-01  -2.3979068000E-03  -9.1527388400E-02   9.9377227000E-02
   10     -1.2599318420E-01  -2.1692563020E-01  -3.2019743000E-03   9.8408765900E-02  -2.5730653310E-01
   11     -2.3446697000E-03  -3.3879739000E-03  -3.0982878000E-02   1.3407877000E-03  -3.1654465000E-03
   12     -1.1750610000E-04  -5.7711800000E-05   5.5632700000E-05  -8.0699000000E-05   8.7333100000E-05
   13     -2.9074720000E-04  -1.6691520000E-04  -2.1323000000E-06   2.4300460000E-04  -3.5234630000E-04
   14      2.1458000000E-05   1.7136800000E-05  -5.7709000000E-06  -7.1421100000E-05   8.2303300000E-05
   15      4.5830200000E-05   5.3148700000E-05  -4.1382000000E-06  -6.2690800000E-05   4.2687000000E-05
   16      6.5564300000E-05  -8.8523000000E-05  -1.5829200000E-05  -7.5148600000E-05   2.2948450000E-04
   17      4.6829100000E-05   1.2881000000E-05   1.1269100000E-05  -2.0422100000E-05   2.8477000000E-05
   18     -4.8669850000E-04   1.0456600000E-05  -1.0068860000E-04   1.0954090000E-04  -5.5502500000E-05
   19     -3.1672000000E-06   6.5003600000E-05   6.3294200000E-05  -1.4203720000E-04   7.5586000000E-05
   20      6.8947200000E-05   3.4839700000E-05  -2.0013337000E-03  -1.9875000000E-06   6.3000000000E-07
   21      1.1590920000E-04  -1.3877540000E-04   9.9346000000E-06   3.1998820000E-04  -2.2598510000E-04
   22     -6.3309300000E-05   7.4457400000E-05  -1.3889600000E-05  -2.2180970000E-04  -8.2145900000E-05
   23     -1.8267900000E-05   7.0125000000E-06   4.5770640000E-04  -2.4441200000E-05  -4.8420000000E-06
   24     -3.8098100000E-05   3.0149590000E-04   4.9470000000E-06  -3.9139750000E-04   1.3064330000E-04
   25      3.4508060000E-04   5.9661610000E-04   7.2579300000E-05  -1.0018828000E-03   5.6696890000E-04
   26      1.3049800000E-05   1.5783500000E-05  -1.0898440000E-04  -3.9873500000E-05   1.3924200000E-05
   27      8.5368250000E-04   9.7563800000E-04   4.2056500000E-05  -5.3347897000E-03   9.7481970000E-04
   28     -9.0597500000E-04   1.3146993000E-03   6.9999600000E-05   5.2221290000E-04   1.0877442000E-03
   29      2.1367600000E-05   9.1302800000E-05  -5.0442217000E-03  -1.3576100000E-04  -1.6700120000E-04
   30      1.5989596220E-01   1.4295939210E-01   2.7784063000E-03   6.3371621000E-03   9.2804505000E-03
   31      1.4295939210E-01   2.3654218440E-01   3.7584528000E-03  -1.4987478000E-02  -2.3285673700E-02
   32      2.7784063000E-03   3.7584528000E-03   2.1202002800E-02  -2.0713990000E-04  -3.3727480000E-04
   33      6.3371621000E-03  -1.4987478000E-02  -2.0713990000E-04   1.0657837790E-01  -1.1495645960E-01
   34      9.2804505000E-03  -2.3285673700E-02  -3.3727480000E-04  -1.1495645960E-01   2.8456556910E-01
   35      1.2388580000E-04  -4.0766790000E-04   2.8144681000E-03  -1.4521462000E-03   3.7467023000E-03
   36      3.1192200000E-05   9.8856000000E-06  -1.3433100000E-05   5.7388000000E-05  -6.8026100000E-05
   37     -7.5985000000E-06   2.4441100000E-05  -8.4177000000E-06  -5.0691000000E-06  -2.5807300000E-05
   38     -2.8998000000E-05  -1.7604000000E-06  -1.9181000000E-06  -1.6524700000E-05  -6.6981000000E-06
   39      4.6872000000E-06   2.3933400000E-05  -2.1491000000E-06  -3.6382500000E-05   2.2871400000E-05
   40      5.2679000000E-05   4.6409700000E-05  -3.8220000000E-06  -7.9251600000E-05   8.1831800000E-05
   41     -2.8058800000E-05  -3.8487100000E-05  -1.0978600000E-05   1.5775400000E-05   2.2358800000E-05
   42      2.4902200000E-05  -4.0132100000E-05   1.6193800000E-05   1.1300450000E-04  -5.3581900000E-05
   43     -3.7894000000E-05  -1.6565120000E-04   6.1021300000E-05  -3.6594500000E-05   1.0043990000E-04
   44      5.0880500000E-05   3.7953300000E-05  -2.3024900000E-05   6.6715000000E-05  -1.3413590000E-04
   45      4.3053000000E-06  -4.0942300000E-05  -2.0468200000E-05   3.9743000000E-05  -7.1033000000E-06
   46      1.6175080000E-04   3.0285930000E-04   1.7818600000E-05  -5.2292000000E-06  -1.2666130000E-04
   47     -5.7027700000E-05   5.6411200000E-05  -5.9817000000E-06   7.1758000000E-05  -9.9078000000E-05
                   35                 36                 37                 38                 39        
    0      4.9262300000E-05   9.2048700000E-05   1.8460400000E-05  -9.3931300000E-05   3.9609500000E-05
    1      3.9005400000E-05   5.1834100000E-05   1.5274630000E-04  -6.1119500000E-05   1.2544920000E-04
    2     -5.0909300000E-05  -6.0142800000E-05   2.1705700000E-05   7.9070700000E-05   3.6660000000E-06
    3      1.4500000000E-05  -1.5846350000E-04   5.9741700000E-05   1.6340450000E-04   3.0926400000E-05
    4      1.0791820000E-04   1.2685540000E-04  -9.5784900000E-05  -4.8096800000E-05  -7.0987800000E-05
    5     -5.5919681000E-03   9.5819300000E-05  -2.5570700000E-05  -2.1708100000E-05  -1.9869400000E-05
    6     -1.7325750000E-04  -1.6020620000E-04  -2.1178900000E-05   2.9461000000E-06  -7.7053000000E-06
    7      1.8801990000E-04  -1.1665300000E-05   7.9637100000E-05   2.0161900000E-05  -1.3415500000E-05
    8      3.2906280000E-04  -4.4205900000E-05  -1.6462300000E-05   5.7612600000E-05   1.9050900000E-05
    9      1.4966403000E-03   2.3262000000E-06  -1.6981400000E-05   2.9271400000E-05   8.6443000000E-06
   10     -3.4630868000E-03   5.4599800000E-05  -6.3747600000E-05  -2.6298600000E-05  -7.6157100000E-05
   11     -3.2100163300E-02   5.8688100000E-05   1.1035700000E-05   3.6003000000E-05  -2.6738100000E-05
   12      2.9095600000E-05  -2.9162928100E-02  -1.8259239600E-02   1.1707133000E-03  -4.0975210000E-04
   13     -1.1928900000E-05   5.7375934000E-03   4.9450220000E-03  -1.1107600000E-04  -2.3508479600E-02
   14      3.3716400000E-05   2.1445025000E-03   1.4521216000E-03  -1.4910004000E-03  -5.3778590000E-04
   15      2.3033400000E-05  -2.7593293150E-01   9.2230059900E-02   1.9010037000E-02  -4.6712672900E-02
   16      6.8340900000E-05   8.8645544300E-02  -7.7972288200E-02  -7.3839179000E-03   3.4277555300E-02
   17      1.8571500000E-05   1.8964131600E-02  -7.6748836000E-03  -3.4655712700E-02   2.3077860000E-03
   18      2.0483800000E-05   4.5945500000E-05  -3.9119300000E-05  -2.9015100000E-05  -6.4370500000E-05
   19     -2.0438500000E-05  -1.4366300000E-05  -1.0615890000E-04  -5.1697600000E-05  -1.4367800000E-05
   20      4.4672430000E-04  -1.9620600000E-05  -6.2383400000E-05  -4.9285800000E-05  -4.9012300000E-05
   21      2.0740000000E-06   1.1544480000E-04  -1.7384500000E-05  -3.9727500000E-05  -3.7090100000E-05
   22      2.4422000000E-06  -5.8952200000E-05   1.2459000000E-05   1.2364630000E-04  -4.8098000000E-05
   23     -4.0227200000E-05  -2.0911900000E-05   7.2606100000E-05  -9.5898900000E-05   4.1783600000E-05
   24      3.8304000000E-06  -3.3164100000E-05   1.4205800000E-05  -4.0616900000E-05   6.9526600000E-05
   25     -5.7738400000E-05  -4.1161700000E-05  -2.2362600000E-05   2.0223500000E-05   2.5491900000E-05
   26      1.7371800000E-04  -4.1782700000E-05   6.0657500000E-05  -1.8188800000E-05   5.6666600000E-05
   27     -1.2185320000E-04   3.2897500000E-05  -2.4839400000E-05   1.6405200000E-05  -4.9510300000E-05
   28     -1.3838760000E-04  -8.3553400000E-05  -5.5356000000E-06   2.9490200000E-05   1.4703600000E-05
   29      1.2490086200E-02   2.2553100000E-05   1.7594200000E-05  -1.8390800000E-05  -5.0248000000E-06
   30      1.2388580000E-04   3.1192200000E-05  -7.5985000000E-06  -2.8998000000E-05   4.6872000000E-06
   31     -4.0766790000E-04   9.8856000000E-06   2.4441100000E-05  -1.7604000000E-06   2.3933400000E-05
   32      2.8144681000E-03  -1.3433100000E-05  -8.4177000000E-06  -1.9181000000E-06  -2.1491000000E-06
   33     -1.4521462000E-03   5.7388000000E-05  -5.0691000000E-06  -1.6524700000E-05  -3.6382500000E-05
   34      3.7467023000E-03  -6.8026100000E-05  -2.5807300000E-05  -6.6981000000E-06   2.2871400000E-05
   35      2.1605250100E-02  -3.5318000000E-05   6.9849000000E-06  -8.2241000000E-06   2.6299800000E-05
   36     -3.5318000000E-05   3.1093128000E-01  -9.4970620500E-02  -2.2240220100E-02  -4.2287471000E-03
   37      6.9849000000E-06  -9.4970620500E-02   8.4415028400E-02   8.3627569000E-03   2.5579049000E-02
   38     -8.2241000000E-06  -2.2240220100E-02   8.3627569000E-03   2.3826493300E-02   1.4041715000E-03
