
$orca_hessian_file

$act_atom
  0

$act_coord
  0

$act_energy
      -21.891763

$multiplicity
  1

$hessian
48
                    0                  1                  2                  3                  4        
    0      5.2947295280E-01   8.4490576000E-03  -5.2518901300E-02  -1.3919222240E-01   3.0125603000E-02
    1      8.4490576000E-03   5.5361341840E-01  -9.8768100000E-03   1.4188802200E-02  -6.3640484100E-02
    2     -5.2518901300E-02  -9.8768100000E-03   3.2165371100E-01   1.0153427270E-01  -2.6761360000E-03
    3     -1.3919222240E-01   1.4188802200E-02   1.0153427270E-01   4.8536263040E-01   7.8658279800E-02
    4      3.0125603000E-02  -6.3640484100E-02  -2.6761360000E-03   7.8658279800E-02   6.3741841450E-01
    5      1.0042516030E-01  -2.0162870000E-03  -1.0810089240E-01  -1.1434912930E-01   2.1256176000E-02
    6     -4.0635617900E-02  -2.8111807200E-02   1.2459824600E-02  -1.9586277120E-01  -1.6507527620E-01
    7     -2.3071610100E-02  -8.8351590000E-04   3.5658477000E-03  -1.6392677440E-01  -3.0679005230E-01
    8      5.2074438000E-03   4.0321443000E-03  -1.2507246800E-02  -1.0579401600E-02  -1.4578046800E-02
    9     -1.9915253000E-03  -6.7440010000E-04  -4.8182647000E-03  -4.2390650600E-02  -2.3501578700E-02
   10     -8.8514170000E-04  -2.4681199000E-03  -5.8810370000E-04  -2.7508617500E-02   3.3641900000E-05
   11      4.8111339000E-03  -8.8228500000E-05   1.9286459000E-03  -1.3238140600E-02  -1.7763501000E-03
   12     -1.0671949000E-02  -7.7562771000E-03  -9.0429023000E-03  -7.9188743000E-03  -2.5820092000E-03
   13      3.1954620000E-04   1.7397539000E-03  -6.0369393000E-03  -3.6181602000E-03   7.3595900000E-05
   14     -1.3118358100E-02  -1.1388103300E-02   4.8759670000E-04   3.1149210000E-04   4.6294564000E-03
   15     -8.3653548900E-02   3.9560703000E-03  -2.6505850000E-02   7.5730435000E-03  -2.9876078000E-03
   16      2.6855975000E-03  -6.7013286900E-02   9.2680729000E-03   2.9532990000E-04   3.8456738000E-03
   17     -4.7592762000E-02   9.2493771000E-03  -8.8514100400E-02   2.1696960500E-02   6.2897101000E-03
   18     -1.4673931130E-01  -1.1456619300E-01  -9.2441400000E-04  -1.2460141200E-02  -1.3670073700E-02
   19     -1.1475853200E-01  -1.7342449380E-01  -2.3727625000E-03  -3.3452130000E-04   1.2406954000E-03
   20     -1.4553777000E-03  -7.7168490000E-04  -4.0460913900E-02   1.3581152900E-02   1.5077230800E-02
   21     -8.9072279400E-02   9.2699250800E-02  -7.5675480000E-04  -9.5108210000E-03   1.8753937000E-02
   22      9.1733610600E-02  -2.3875359720E-01   6.3832057000E-03   6.0301443000E-03  -5.7183661000E-03
   23     -2.4680683000E-03   4.7582597000E-03  -3.7612652800E-02   1.1695373700E-02  -1.9868035200E-02
   24     -1.4571172700E-02   2.4349291900E-02   9.5652610000E-04  -8.7540054000E-02   9.4694851700E-02
   25      4.2907199000E-03  -4.7533884000E-03  -1.1683062000E-03   9.1672864900E-02  -2.3848459920E-01
   26      8.9095088000E-03  -1.0397745600E-02  -4.6802397000E-03   2.1798597000E-03  -6.5058648000E-03
   27      1.9054738000E-03  -1.9919324000E-03   2.6464000000E-04   9.9949381000E-03  -1.4799742800E-02
   28      4.7316840000E-04   2.5348300000E-04  -1.2268126000E-03   8.1178533000E-03  -2.9273973400E-02
   29     -1.7304675000E-03   9.5690310000E-04  -1.5089561000E-03  -4.2256377000E-03  -7.0806969000E-03
   30     -5.6689490000E-04  -7.1507690000E-04  -1.5184647000E-03  -7.1776039000E-03  -5.9087530000E-04
   31     -3.6584690000E-04  -4.5825000000E-06  -5.3889520000E-04  -1.2657032000E-03   8.3976630000E-04
   32     -1.1180305000E-03  -1.1451764000E-03  -5.1392840000E-04  -6.1703467000E-03   1.4890400000E-05
   33     -6.8480400000E-05   4.1488700000E-05  -1.1476260000E-04   3.4158400000E-05   5.7306440000E-04
   34      8.2419800000E-05  -7.6125900000E-05   2.6716160000E-04  -2.1146676000E-03   7.8945140000E-04
   35      1.0077250000E-04   1.2646140000E-04  -1.2260600000E-04   6.2352320000E-04   9.7214850000E-04
   36      5.6512935000E-03  -2.5980342000E-03  -1.2389365100E-02  -3.0275550000E-04   8.6359220000E-04
   37     -7.1976390000E-04   1.7939170000E-03   3.0059526000E-03   5.1162660000E-04   1.7873900000E-05
   38      8.7386237000E-03  -5.5311675000E-03  -2.3011179900E-02  -3.2264150000E-04   2.0829941000E-03
   39     -6.7971168000E-03   1.5264942000E-02  -5.8072329000E-03  -1.8132850000E-04  -4.4480030000E-04
   40      3.6596947000E-03  -5.4612959000E-03   2.4572740000E-03  -7.0365500000E-05   1.4575960000E-04
   41     -9.0111592000E-03   2.2208814400E-02  -5.7764357000E-03  -1.5767157000E-03   1.6509860000E-03
   42     -3.3338561000E-03  -2.5059035000E-03  -5.3419520000E-04  -4.3776950000E-04  -2.8726380000E-04
   43     -1.8862880000E-03  -7.5367870000E-04  -7.8672040000E-04  -9.7689200000E-04  -1.4858270000E-04
   44      8.1057330000E-04  -2.6625020000E-04  -1.7166551000E-03  -1.6559730000E-03   7.0530770000E-04
   45      2.6425480000E-04  -2.9279200000E-05  -2.8415580000E-04   1.0221600000E-05   2.6989960000E-04
   46     -1.3223510000E-04  -1.6800300000E-04   3.2397120000E-04   3.4080060000E-04  -3.4881490000E-04
   47      9.9084000000E-06   1.4949330000E-04   4.5585370000E-04   4.9535120000E-04  -1.9377030000E-04
                    5                  6                  7                  8                  9        
    0      1.0042516030E-01  -4.0635617900E-02  -2.3071610100E-02   5.2074438000E-03  -1.9915253000E-03
    1     -2.0162870000E-03  -2.8111807200E-02  -8.8351590000E-04   4.0321443000E-03  -6.7440010000E-04
    2     -1.0810089240E-01   1.2459824600E-02   3.5658477000E-03  -1.2507246800E-02  -4.8182647000E-03
    3     -1.1434912930E-01  -1.9586277120E-01  -1.6392677440E-01  -1.0579401600E-02  -4.2390650600E-02
    4      2.1256176000E-02  -1.6507527620E-01  -3.0679005230E-01  -1.4578046800E-02  -2.3501578700E-02
    5      2.2467674170E-01   4.3903714000E-03  -1.6648162000E-03  -9.9510080000E-04  -5.2970655000E-03
    6      4.3903714000E-03   4.8950878380E-01   6.6660240800E-02   1.1211342800E-01  -1.4440258490E-01
    7     -1.6648162000E-03   6.6660240800E-02   6.4728893610E-01   2.6746084000E-03   3.8068360400E-02
    8     -9.9510080000E-04   1.1211342800E-01   2.6746084000E-03   2.1999301510E-01  -9.5905312400E-02
    9     -5.2970655000E-03  -1.4440258490E-01   3.8068360400E-02  -9.5905312400E-02   5.2367822210E-01
   10     -2.0121053000E-03   2.1207327300E-02  -6.5156138600E-02   3.2487599000E-03   1.0211716800E-02
   11     -1.0489861200E-02  -9.6726692200E-02   4.2765631000E-03  -1.0375303630E-01   5.3513708800E-02
   12     -9.2060909000E-03   7.8826705000E-03  -3.4735198000E-03  -5.1048112000E-03  -7.7510806600E-02
   13     -1.8945920000E-03   1.1413982000E-03   4.9748841000E-03   6.0864256000E-03  -9.4832136000E-03
   14     -1.1666631800E-02  -2.5219301400E-02  -2.0843043000E-03  -4.6347554600E-02   4.1121391400E-02
   15      3.1652690000E-03  -8.0896368000E-03  -3.6176192000E-03   7.6088310000E-03  -8.1309149000E-03
   16     -1.5295534000E-03  -2.4790872000E-03  -1.2650890000E-04   1.4728044000E-03  -1.4819595000E-03
   17     -4.5864432100E-02  -9.3053970000E-04  -2.9510363000E-03  -1.0832336400E-02   1.2844506900E-02
   18      5.4878680000E-03  -7.1019697000E-03  -6.7154700000E-04   5.4296100000E-04  -5.1942530000E-04
   19      2.5609226000E-03  -1.7780263000E-03   1.0988393000E-03  -4.8851490000E-04  -4.3059440000E-04
   20     -3.4092355000E-03   6.0508779000E-03  -1.0367300000E-05   1.8351240000E-03   1.1636397000E-03
   21      5.5405360000E-04  -1.5880500000E-05   6.7269850000E-04   5.4163410000E-04  -4.4775900000E-05
   22     -3.7684111000E-03  -2.0275761000E-03   8.0042570000E-04   5.8381760000E-04   4.7332100000E-05
   23     -1.5199418000E-03  -7.2385820000E-04  -1.0244155000E-03  -4.8670210000E-04  -3.1989200000E-05
   24      1.2338335900E-02   1.0209655700E-02  -1.4472820000E-02  -3.1585247000E-03   2.0014049000E-03
   25     -9.2635641000E-03   8.2297072000E-03  -3.0888123100E-02   2.6871000000E-06   4.6800910000E-04
   26     -3.0568632400E-02   4.3556905000E-03   6.1634404000E-03  -4.0103605000E-03   1.5202611000E-03
   27      1.6845489000E-03  -8.7751137900E-02   9.7445903000E-02  -4.1682028000E-03  -1.4644827700E-02
   28     -1.6240694000E-03   9.4264939200E-02  -2.4523861260E-01  -6.7928748000E-03   4.5769366000E-03
   29     -4.7152195000E-03   5.4712381000E-03  -9.9503128000E-03  -3.0122283200E-02  -8.5173874000E-03
   30     -2.7888550000E-04  -1.2610760100E-02  -1.3802840200E-02  -6.1591319000E-03  -1.4244163330E-01
   31      4.5153580000E-04   5.1958350000E-04   2.6567562000E-03  -1.7354465000E-03  -1.1569153880E-01
   32      1.8919774000E-03  -1.2788421900E-02  -1.4306053500E-02  -4.2560380000E-03  -6.0907670000E-03
   33     -5.8495030000E-04  -1.0142643200E-02   1.9404047500E-02   1.1598083000E-03  -9.0726857600E-02
   34     -3.7053070000E-04   7.1747610000E-03  -7.5455454000E-03   3.4400436000E-03   9.1256907100E-02
   35     -5.1917910000E-04  -1.1199445700E-02   1.8727865100E-02   9.1742680000E-04   1.2815482900E-02
   36     -1.5050490000E-03  -3.0197330000E-04  -1.3493290000E-04  -1.6364689000E-03  -3.1909031000E-03
   37     -6.0412090000E-04  -1.3714102000E-03  -3.5776770000E-04   6.9185370000E-04  -1.7485760000E-03
   38     -5.2825770000E-03   1.5567792000E-03  -2.6192320000E-04  -2.5573898000E-03  -6.9076340000E-04
   39      1.1341148000E-03   1.1660730000E-04   1.1321680000E-04  -1.2715840000E-04  -1.7540370000E-04
   40     -3.4791140000E-04   6.2200600000E-05  -1.3266240000E-04   5.3488400000E-05  -1.1848980000E-04
   41     -5.1979170000E-04   3.3158590000E-04  -1.1123030000E-04  -1.7319100000E-04   1.7752050000E-04
   42      1.4195573000E-03  -1.9540330000E-04   5.6255870000E-04   1.3546026000E-03   5.2746968000E-03
   43      4.5088270000E-04   2.2384090000E-04   7.3362070000E-04   5.8961470000E-04   1.5992002000E-03
   44     -2.6601163000E-03   1.3508940000E-04  -1.6548191000E-03  -5.3091025000E-03  -9.7906928000E-03
   45      6.2189140000E-04  -6.0733840000E-04   2.4463800000E-04  -1.6896968000E-03  -4.7840150000E-03
   46      3.7644450000E-04   1.3591845000E-03  -4.3453530000E-04   7.1863530000E-04   6.9018887000E-03
   47     -2.5710770000E-04   7.2337400000E-04  -1.3890463000E-03  -1.3952242000E-03   7.9857308000E-03
                   10                 11                 12                 13                 14        
    0     -8.8514170000E-04   4.8111339000E-03  -1.0671949000E-02   3.1954620000E-04  -1.3118358100E-02
    1     -2.4681199000E-03  -8.8228500000E-05  -7.7562771000E-03   1.7397539000E-03  -1.1388103300E-02
    2     -5.8810370000E-04   1.9286459000E-03  -9.0429023000E-03  -6.0369393000E-03   4.8759670000E-04
    3     -2.7508617500E-02  -1.3238140600E-02  -7.9188743000E-03  -3.6181602000E-03   3.1149210000E-04
    4      3.3641900000E-05  -1.7763501000E-03  -2.5820092000E-03   7.3595900000E-05   4.6294564000E-03
    5     -2.0121053000E-03  -1.0489861200E-02  -9.2060909000E-03  -1.8945920000E-03  -1.1666631800E-02
    6      2.1207327300E-02  -9.6726692200E-02   7.8826705000E-03   1.1413982000E-03  -2.5219301400E-02
    7     -6.5156138600E-02   4.2765631000E-03  -3.4735198000E-03   4.9748841000E-03  -2.0843043000E-03
    8      3.2487599000E-03  -1.0375303630E-01  -5.1048112000E-03   6.0864256000E-03  -4.6347554600E-02
    9      1.0211716800E-02   5.3513708800E-02  -7.7510806600E-02  -9.4832136000E-03   4.1121391400E-02
   10      5.4575558630E-01   2.6334010000E-02  -2.4210353000E-03  -5.7153411300E-02  -1.4736339000E-03
   11      2.6334010000E-02   3.1212718310E-01   1.9370402300E-02   4.0462838000E-03  -8.2512046500E-02
   12     -2.4210353000E-03   1.9370402300E-02   4.0089323080E-01   3.1878424000E-03   7.5017804800E-02
   13     -5.7153411300E-02   4.0462838000E-03   3.1878424000E-03   3.1681913180E-01  -4.4955783500E-02
   14     -1.4736339000E-03  -8.2512046500E-02   7.5017804800E-02  -4.4955783500E-02   4.1122688790E-01
   15     -7.5235760000E-03   8.3492649000E-03  -1.2650554210E-01  -3.6675566400E-02  -5.2120964000E-03
   16     -2.5446160000E-04   3.7599615000E-03  -4.4285664900E-02  -8.5305158600E-02   2.0077150000E-04
   17      1.0421281900E-02   1.0039000000E-03   2.9353132000E-03   2.5464672000E-03  -6.3649988700E-02
   18     -8.3884130000E-04   1.4971080000E-03  -4.2450290000E-04   5.6133950000E-04  -2.7682369000E-03
   19     -2.0266720000E-04   6.1228200000E-04   6.5428240000E-04   4.1621930000E-04   7.8403000000E-05
   20      1.2050115000E-03  -4.9708140000E-04  -2.2146146000E-03   5.6053830000E-04  -3.3945753000E-03
   21      2.2922000000E-05   4.9736000000E-05  -6.7893000000E-05   9.7306980000E-04   2.1787780000E-04
   22     -2.6776000000E-05  -3.0033300000E-04   6.6629700000E-05  -1.9445920000E-04  -2.1835050000E-04
   23     -1.3109320000E-04  -1.4911500000E-04   1.6380920000E-04   3.8214530000E-04   3.2939660000E-04
   24     -2.0827951000E-03  -8.5166600000E-04  -2.8272070000E-04   3.0157870000E-04   2.0890870000E-04
   25      3.6470580000E-04   1.5316803000E-03   3.1292170000E-04  -7.4546840000E-04  -1.4037050000E-04
   26     -7.6601410000E-04  -2.1946207000E-03  -1.2432430000E-04   7.2879200000E-05   5.5022600000E-05
   27      2.4070241200E-02   8.0587140000E-04   3.4642930000E-04   8.1253870000E-04   2.8655110000E-04
   28     -5.1034262000E-03   1.2396770000E-03   6.9328410000E-04  -1.0929895000E-03   8.3477900000E-05
   29      9.8207402000E-03  -2.7958308000E-03  -9.8768100000E-04   1.4364300000E-05   8.3466770000E-04
   30     -1.1508330450E-01  -7.0510025000E-03  -1.2717239300E-02  -1.2362872100E-02   4.3522063000E-03
   31     -1.7741747470E-01  -6.5333006000E-03  -1.9138174000E-03  -3.1282698000E-03   5.3040560000E-04
   32     -8.6131674000E-03  -4.1013129000E-02   1.7260995100E-02   1.6601532000E-02  -2.8004505000E-03
   33      9.3420592100E-02   1.0614733000E-02  -8.0788841000E-03   1.2730219200E-02   5.4772741000E-03
   34     -2.2591993510E-01  -2.5583511900E-02   2.2404703000E-03  -2.7004538000E-03  -2.2268866000E-03
   35     -2.4511559600E-02  -4.0104804600E-02   1.2646912800E-02  -1.8734541400E-02  -7.0186068000E-03
   36     -2.3141841000E-03   4.1820490000E-04  -1.7835215900E-02   3.0808248000E-03   1.9534850400E-02
   37     -1.5605456000E-03   1.0101801000E-03  -1.0499819100E-02   1.9142450000E-03   1.1070013800E-02
   38      1.7691810000E-04  -1.8402123000E-03   1.8017969000E-03  -1.4635480000E-03  -6.0851310000E-04
   39     -2.8715250000E-04  -9.9953600000E-05   1.6744297000E-03  -2.2614223400E-02   1.2642712000E-03
   40     -1.7041720000E-04  -6.7012000000E-05   4.1927700000E-05  -2.1560100400E-02   7.7083500000E-04
   41      8.2712000000E-05  -3.2583400000E-05  -1.0432889000E-03   1.9295756000E-03   5.0924520000E-04
   42     -3.2398330000E-03   1.0611753400E-02  -1.1736077520E-01   4.1357354000E-02  -1.0353691320E-01
   43      6.8867470000E-04   1.6732989000E-03   4.4329146600E-02  -5.7102598100E-02   6.0250231700E-02
   44      7.1279124000E-03  -2.2056379500E-02  -1.0443890510E-01   5.6524342700E-02  -1.6493821630E-01
   45      1.3251681600E-02   7.9255383000E-03  -3.1422357400E-02   2.0288324300E-02   2.0622780000E-03
   46     -1.1409235200E-02  -1.0135200500E-02   2.1405637900E-02  -9.6954920800E-02  -1.5126162400E-02
   47     -2.0321668800E-02  -7.6210283000E-03   2.9655839000E-03  -1.5679149900E-02  -3.0506233100E-02
                   15                 16                 17                 18                 19        
    0     -8.3653548900E-02   2.6855975000E-03  -4.7592762000E-02  -1.4673931130E-01  -1.1475853200E-01
    1      3.9560703000E-03  -6.7013286900E-02   9.2493771000E-03  -1.1456619300E-01  -1.7342449380E-01
    2     -2.6505850000E-02   9.2680729000E-03  -8.8514100400E-02  -9.2441400000E-04  -2.3727625000E-03
    3      7.5730435000E-03   2.9532990000E-04   2.1696960500E-02  -1.2460141200E-02  -3.3452130000E-04
    4     -2.9876078000E-03   3.8456738000E-03   6.2897101000E-03  -1.3670073700E-02   1.2406954000E-03
    5      3.1652690000E-03  -1.5295534000E-03  -4.5864432100E-02   5.4878680000E-03   2.5609226000E-03
    6     -8.0896368000E-03  -2.4790872000E-03  -9.3053970000E-04  -7.1019697000E-03  -1.7780263000E-03
    7     -3.6176192000E-03  -1.2650890000E-04  -2.9510363000E-03  -6.7154700000E-04   1.0988393000E-03
    8      7.6088310000E-03   1.4728044000E-03  -1.0832336400E-02   5.4296100000E-04  -4.8851490000E-04
    9     -8.1309149000E-03  -1.4819595000E-03   1.2844506900E-02  -5.1942530000E-04  -4.3059440000E-04
   10     -7.5235760000E-03  -2.5446160000E-04   1.0421281900E-02  -8.3884130000E-04  -2.0266720000E-04
   11      8.3492649000E-03   3.7599615000E-03   1.0039000000E-03   1.4971080000E-03   6.1228200000E-04
   12     -1.2650554210E-01  -4.4285664900E-02   2.9353132000E-03  -4.2450290000E-04   6.5428240000E-04
   13     -3.6675566400E-02  -8.5305158600E-02   2.5464672000E-03   5.6133950000E-04   4.1621930000E-04
   14     -5.2120964000E-03   2.0077150000E-04  -6.3649988700E-02  -2.7682369000E-03   7.8403000000E-05
   15      4.2006917720E-01  -3.9609966300E-02  -6.4124739200E-02  -1.3105891500E-02  -3.1605800000E-05
   16     -3.9609966300E-02   4.9257123110E-01   1.6757094600E-02  -1.2092011700E-02  -3.5270730000E-04
   17     -6.4124739200E-02   1.6757094600E-02   4.4844393940E-01  -4.7553085000E-03  -4.5624680000E-04
   18     -1.3105891500E-02  -1.2092011700E-02  -4.7553085000E-03   1.7286970050E-01   1.3383659810E-01
   19     -3.1605800000E-05  -3.5270730000E-04  -4.5624680000E-04   1.3383659810E-01   1.9465678680E-01
   20     -1.7132301800E-02  -1.5638949500E-02  -3.7213743000E-03   1.0775546000E-03  -8.3279700000E-05
   21     -8.0365120000E-03   1.4415185000E-02  -3.7275850000E-03   8.0354237000E-03  -1.8258929800E-02
   22      3.2274141000E-03  -4.0873061000E-03   2.3291282000E-03   8.1599137000E-03  -2.5507820000E-02
   23     -1.2352125800E-02   2.0837522600E-02  -4.7597260000E-03   1.3093270000E-04  -5.9322900000E-05
   24      7.2616530000E-04   1.5963250000E-04  -4.6342260000E-04   3.1074860000E-04   4.9750590000E-04
   25      5.0817900000E-05   1.7730630000E-04   1.7622810000E-04  -2.9189670000E-04   4.4094350000E-04
   26      1.6546840000E-03  -7.3119760000E-04   2.9604700000E-04  -1.7372030000E-04   1.8323300000E-05
   27     -1.3005350000E-04   2.2279710000E-04   6.0488700000E-05   1.7461670000E-04  -2.1754500000E-05
   28      2.9586420000E-04  -2.9985990000E-04  -6.4436000000E-05   3.0724380000E-04   4.7900490000E-04
   29      2.1247700000E-05  -5.7418000000E-06  -1.1297160000E-04  -7.4594100000E-05   2.6979300000E-05
   30     -1.7486560000E-04   6.6125600000E-05   2.5766989000E-03  -2.9562710000E-04  -2.9033400000E-05
   31      3.6457660000E-04   2.1534590000E-04   2.4596100000E-04   7.0163000000E-06   5.3836100000E-05
   32      1.8027200000E-03  -2.8439120000E-04  -3.3310635000E-03  -4.1708980000E-04  -1.4602210000E-04
   33      9.2606400000E-05   1.5335000000E-04   9.0228900000E-05   1.0286580000E-04  -1.9007700000E-05
   34     -1.3628540000E-04   9.2503600000E-05   2.2133930000E-04  -7.0055500000E-05   3.0275100000E-05
   35     -5.7841700000E-05  -2.1801090000E-04  -7.2885000000E-06   2.7179000000E-06  -4.5950700000E-05
   36     -1.0979204700E-01   3.4025495900E-02   1.0463202390E-01  -6.2012600000E-05  -1.0910250000E-04
   37      3.4501972600E-02  -5.7120035500E-02  -4.9333815200E-02  -8.9828300000E-05  -1.7060330000E-04
   38      1.0723715340E-01  -4.9317480500E-02  -1.8627465340E-01  -2.1586800000E-04  -3.1953220000E-04
   39     -5.7524502900E-02   5.9548391100E-02  -2.5354599000E-03  -1.2829920000E-04   7.2893260000E-04
   40      6.0457470600E-02  -2.5395359610E-01   1.8186233000E-02  -3.9939770000E-04   9.0231220000E-04
   41     -3.8169683000E-03   1.9197324300E-02  -4.2883128100E-02   3.6695480000E-04   5.2741830000E-04
   42     -1.7901859500E-02   3.7249851000E-03  -1.8613635800E-02  -6.5184980000E-04   2.9445000000E-06
   43     -9.7459985000E-03   2.0891486000E-03  -8.4733761000E-03  -3.4926050000E-04  -1.3287400000E-05
   44     -8.4508240000E-04   1.6996401000E-03  -2.3078040000E-04   1.6159510000E-04   7.5915800000E-05
   45      4.5843821000E-03  -1.5348200000E-02  -2.0927683000E-03  -4.3247000000E-06   5.0844300000E-05
   46     -2.5259609000E-03  -3.0478288400E-02  -5.1439100000E-03   1.6699390000E-04   3.5266630000E-04
   47      2.0783540000E-04  -5.4678667000E-03   4.3795680000E-04   6.1539600000E-05   7.1387500000E-05
                   20                 21                 22                 23                 24        
    0     -1.4553777000E-03  -8.9072279400E-02   9.1733610600E-02  -2.4680683000E-03  -1.4571172700E-02
    1     -7.7168490000E-04   9.2699250800E-02  -2.3875359720E-01   4.7582597000E-03   2.4349291900E-02
    2     -4.0460913900E-02  -7.5675480000E-04   6.3832057000E-03  -3.7612652800E-02   9.5652610000E-04
    3      1.3581152900E-02  -9.5108210000E-03   6.0301443000E-03   1.1695373700E-02  -8.7540054000E-02
    4      1.5077230800E-02   1.8753937000E-02  -5.7183661000E-03  -1.9868035200E-02   9.4694851700E-02
    5     -3.4092355000E-03   5.5405360000E-04  -3.7684111000E-03  -1.5199418000E-03   1.2338335900E-02
    6      6.0508779000E-03  -1.5880500000E-05  -2.0275761000E-03  -7.2385820000E-04   1.0209655700E-02
    7     -1.0367300000E-05   6.7269850000E-04   8.0042570000E-04  -1.0244155000E-03  -1.4472820000E-02
    8      1.8351240000E-03   5.4163410000E-04   5.8381760000E-04  -4.8670210000E-04  -3.1585247000E-03
    9      1.1636397000E-03  -4.4775900000E-05   4.7332100000E-05  -3.1989200000E-05   2.0014049000E-03
   10      1.2050115000E-03   2.2922000000E-05  -2.6776000000E-05  -1.3109320000E-04  -2.0827951000E-03
   11     -4.9708140000E-04   4.9736000000E-05  -3.0033300000E-04  -1.4911500000E-04  -8.5166600000E-04
   12     -2.2146146000E-03  -6.7893000000E-05   6.6629700000E-05   1.6380920000E-04  -2.8272070000E-04
   13      5.6053830000E-04   9.7306980000E-04  -1.9445920000E-04   3.8214530000E-04   3.0157870000E-04
   14     -3.3945753000E-03   2.1787780000E-04  -2.1835050000E-04   3.2939660000E-04   2.0890870000E-04
   15     -1.7132301800E-02  -8.0365120000E-03   3.2274141000E-03  -1.2352125800E-02   7.2616530000E-04
   16     -1.5638949500E-02   1.4415185000E-02  -4.0873061000E-03   2.0837522600E-02   1.5963250000E-04
   17     -3.7213743000E-03  -3.7275850000E-03   2.3291282000E-03  -4.7597260000E-03  -4.6342260000E-04
   18      1.0775546000E-03   8.0354237000E-03   8.1599137000E-03   1.3093270000E-04   3.1074860000E-04
   19     -8.3279700000E-05  -1.8258929800E-02  -2.5507820000E-02  -5.9322900000E-05   4.9750590000E-04
   20      4.6982376500E-02   2.8595310000E-04   3.9908730000E-04   1.3657096000E-03  -6.5943120000E-04
   21      2.8595310000E-04   1.0290158340E-01  -1.0827766030E-01   1.9193555000E-03  -3.2185534000E-03
   22      3.9908730000E-04  -1.0827766030E-01   2.7126326720E-01  -6.6675636000E-03   1.4594424000E-03
   23      1.3657096000E-03   1.9193555000E-03  -6.6675636000E-03   4.7162604300E-02   5.0221110000E-03
   24     -6.5943120000E-04  -3.2185534000E-03   1.4594424000E-03   5.0221110000E-03   9.5593566200E-02
   25      2.8788830000E-04   4.3385090000E-04   3.5482970000E-04  -5.1717620000E-04  -1.0145926460E-01
   26     -6.0927400000E-05   2.4031933000E-03   1.2326360000E-04  -8.0850600000E-04  -1.7330299000E-02
   27     -7.3818600000E-05  -6.1654490000E-04  -3.5951410000E-04   2.6865350000E-04  -3.2323853000E-03
   28     -2.0270540000E-04  -1.0117801000E-03   3.7951390000E-04   5.0916900000E-04  -2.4796733000E-03
   29     -7.9687100000E-05   2.8246920000E-04   5.6263120000E-04   1.3643650000E-04   3.9843716000E-03
   30      4.5235000000E-04   9.4937200000E-05  -8.2418600000E-05  -9.2416300000E-05   1.4643970000E-04
   31      6.8833400000E-05  -3.1894000000E-06  -4.6514000000E-06   5.7222200000E-05  -4.6710000000E-05
   32      4.9323540000E-04   9.7943600000E-05  -1.6916700000E-05  -9.2716800000E-05   1.0014210000E-04
   33     -8.8110000000E-05   2.3170010000E-04  -1.9123160000E-04  -7.7402000000E-05  -4.9621650000E-04
   34      3.1367000000E-06  -1.9588630000E-04  -5.8831100000E-05   8.9389100000E-05  -2.8180810000E-04
   35     -1.1406380000E-04   5.8072700000E-05  -6.3231100000E-05  -1.2005510000E-04  -1.3058440000E-04
   36     -1.8550600000E-05   6.1010640000E-04  -2.2958220000E-04  -2.2876870000E-04   1.5518600000E-05
   37     -8.9580100000E-05  -2.1925310000E-04   3.3958170000E-04   6.0640940000E-04  -3.0973990000E-04
   38     -6.8594400000E-05   6.8406460000E-04  -6.9737300000E-05   6.5758860000E-04  -3.4392280000E-04
   39     -9.5990500000E-05  -1.6762555000E-03   7.0407700000E-04  -3.4861115000E-03   3.4207680000E-04
   40     -5.5130280000E-04   8.2602120000E-04   5.6070080000E-04   1.2559074000E-03  -2.6019950000E-04
   41      9.3768470000E-04  -2.5565998000E-03   7.3843760000E-04  -4.0705576000E-03   3.5407960000E-04
   42     -8.9185600000E-04   1.3917270000E-04  -1.0516930000E-04   1.2200480000E-04  -5.2497000000E-06
   43     -4.2024690000E-04  -5.9721500000E-05  -7.9325400000E-05  -1.0680840000E-04  -6.0046200000E-05
   44      5.4431100000E-05   1.7998810000E-04  -1.4106340000E-04   5.1598300000E-05  -8.3486400000E-05
   45      1.8522900000E-05   2.4659200000E-04  -1.5541160000E-04   1.3849970000E-04   7.7640000000E-07
   46      1.6639030000E-04  -7.7051470000E-04   7.3281350000E-04  -1.2160960000E-04  -9.2463000000E-06
   47      1.3789180000E-04  -2.3340200000E-04   1.2603550000E-04  -8.3360800000E-05   5.6862000000E-05
                   25                 26                 27                 28                 29        
    0      4.2907199000E-03   8.9095088000E-03   1.9054738000E-03   4.7316840000E-04  -1.7304675000E-03
    1     -4.7533884000E-03  -1.0397745600E-02  -1.9919324000E-03   2.5348300000E-04   9.5690310000E-04
    2     -1.1683062000E-03  -4.6802397000E-03   2.6464000000E-04  -1.2268126000E-03  -1.5089561000E-03
    3      9.1672864900E-02   2.1798597000E-03   9.9949381000E-03   8.1178533000E-03  -4.2256377000E-03
    4     -2.3848459920E-01  -6.5058648000E-03  -1.4799742800E-02  -2.9273973400E-02  -7.0806969000E-03
    5     -9.2635641000E-03  -3.0568632400E-02   1.6845489000E-03  -1.6240694000E-03  -4.7152195000E-03
    6      8.2297072000E-03   4.3556905000E-03  -8.7751137900E-02   9.4264939200E-02   5.4712381000E-03
    7     -3.0888123100E-02   6.1634404000E-03   9.7445903000E-02  -2.4523861260E-01  -9.9503128000E-03
    8      2.6871000000E-06  -4.0103605000E-03  -4.1682028000E-03  -6.7928748000E-03  -3.0122283200E-02
    9      4.6800910000E-04   1.5202611000E-03  -1.4644827700E-02   4.5769366000E-03  -8.5173874000E-03
   10      3.6470580000E-04  -7.6601410000E-04   2.4070241200E-02  -5.1034262000E-03   9.8207402000E-03
   11      1.5316803000E-03  -2.1946207000E-03   8.0587140000E-04   1.2396770000E-03  -2.7958308000E-03
   12      3.1292170000E-04  -1.2432430000E-04   3.4642930000E-04   6.9328410000E-04  -9.8768100000E-04
   13     -7.4546840000E-04   7.2879200000E-05   8.1253870000E-04  -1.0929895000E-03   1.4364300000E-05
   14     -1.4037050000E-04   5.5022600000E-05   2.8655110000E-04   8.3477900000E-05   8.3466770000E-04
   15      5.0817900000E-05   1.6546840000E-03  -1.3005350000E-04   2.9586420000E-04   2.1247700000E-05
   16      1.7730630000E-04  -7.3119760000E-04   2.2279710000E-04  -2.9985990000E-04  -5.7418000000E-06
   17      1.7622810000E-04   2.9604700000E-04   6.0488700000E-05  -6.4436000000E-05  -1.1297160000E-04
   18     -2.9189670000E-04  -1.7372030000E-04   1.7461670000E-04   3.0724380000E-04  -7.4594100000E-05
   19      4.4094350000E-04   1.8323300000E-05  -2.1754500000E-05   4.7900490000E-04   2.6979300000E-05
   20      2.8788830000E-04  -6.0927400000E-05  -7.3818600000E-05  -2.0270540000E-04  -7.9687100000E-05
   21      4.3385090000E-04   2.4031933000E-03  -6.1654490000E-04  -1.0117801000E-03   2.8246920000E-04
   22      3.5482970000E-04   1.2326360000E-04  -3.5951410000E-04   3.7951390000E-04   5.6263120000E-04
   23     -5.1717620000E-04  -8.0850600000E-04   2.6865350000E-04   5.0916900000E-04   1.3643650000E-04
   24     -1.0145926460E-01  -1.7330299000E-02  -3.2323853000E-03  -2.4796733000E-03   3.9843716000E-03
   25      2.7559811750E-01   1.1515734400E-02  -2.3874402000E-03  -3.9884589000E-03  -2.1839506000E-03
   26      1.1515734400E-02   3.1334917600E-02  -3.6066931000E-03   1.2942180000E-03   1.1234453800E-02
   27     -2.3874402000E-03  -3.6066931000E-03   9.6680027600E-02  -1.0456008610E-01   8.3615687000E-03
   28     -3.9884589000E-03   1.2942180000E-03  -1.0456008610E-01   2.8169856960E-01   7.9134187000E-03
   29     -2.1839506000E-03   1.1234453800E-02   8.3615687000E-03   7.9134187000E-03   2.9897853100E-02
   30      2.6827030000E-04   6.0700400000E-05   4.0635420000E-04  -3.9911690000E-04   6.7833500000E-05
   31      4.4757660000E-04   1.0799100000E-05   5.3704000000E-04   3.9358950000E-04   1.5042800000E-05
   32      2.3262420000E-04  -3.9261500000E-05   6.7255530000E-04  -2.8482750000E-04  -6.7853000000E-05
   33     -1.1281989000E-03  -2.5929010000E-04  -3.3954269000E-03   4.4651150000E-04  -2.2551053000E-03
   34      4.5173130000E-04  -5.6381260000E-04   2.0334663000E-03   3.0004940000E-04   4.2656800000E-05
   35     -4.6598040000E-04   1.6408710000E-04  -4.8690155000E-03   4.6846230000E-04  -7.1284710000E-04
   36     -1.9727490000E-04   5.9023400000E-05   2.0939500000E-05  -6.0106100000E-05  -1.7179900000E-05
   37      1.6790550000E-04  -1.0411530000E-04  -4.0634500000E-05   2.7997100000E-05   2.1226810000E-04
   38      1.6115420000E-04   1.7415420000E-04   2.8964800000E-05  -1.6394810000E-04   1.6143300000E-05
   39     -4.5635300000E-05   3.2053420000E-04  -1.6171720000E-04  -4.7336900000E-05  -6.8588500000E-05
   40      5.1641410000E-04  -4.5341900000E-05  -6.7231600000E-05   2.1847770000E-04  -1.6252400000E-05
   41     -2.2949920000E-04  -9.8859050000E-04  -3.0148000000E-06  -2.9562400000E-04  -1.3056070000E-04
   42     -6.6672100000E-05   1.8444900000E-05   2.3774700000E-05  -1.0742460000E-04  -1.0805900000E-05
   43      4.4264100000E-05  -9.4519600000E-05  -1.7846360000E-04  -1.3634590000E-04  -1.8602000000E-05
   44      1.3008480000E-04  -6.6038000000E-05   2.3540540000E-04  -2.3439580000E-04   2.7913380000E-04
   45     -1.5077940000E-04   1.2426300000E-05   3.7953950000E-04  -5.1027730000E-04  -3.0128160000E-04
   46      2.9624360000E-04   9.9533000000E-06  -7.1518650000E-04   1.3829814000E-03  -3.0944820000E-04
   47     -6.9234300000E-05   1.5849450000E-04   5.1497000000E-05  -6.1872930000E-04  -2.1524793000E-03
                   30                 31                 32                 33                 34        
    0     -5.6689490000E-04  -3.6584690000E-04  -1.1180305000E-03  -6.8480400000E-05   8.2419800000E-05
    1     -7.1507690000E-04  -4.5825000000E-06  -1.1451764000E-03   4.1488700000E-05  -7.6125900000E-05
    2     -1.5184647000E-03  -5.3889520000E-04  -5.1392840000E-04  -1.1476260000E-04   2.6716160000E-04
    3     -7.1776039000E-03  -1.2657032000E-03  -6.1703467000E-03   3.4158400000E-05  -2.1146676000E-03
    4     -5.9087530000E-04   8.3976630000E-04   1.4890400000E-05   5.7306440000E-04   7.8945140000E-04
    5     -2.7888550000E-04   4.5153580000E-04   1.8919774000E-03  -5.8495030000E-04  -3.7053070000E-04
    6     -1.2610760100E-02   5.1958350000E-04  -1.2788421900E-02  -1.0142643200E-02   7.1747610000E-03
    7     -1.3802840200E-02   2.6567562000E-03  -1.4306053500E-02   1.9404047500E-02  -7.5455454000E-03
    8     -6.1591319000E-03  -1.7354465000E-03  -4.2560380000E-03   1.1598083000E-03   3.4400436000E-03
    9     -1.4244163330E-01  -1.1569153880E-01  -6.0907670000E-03  -9.0726857600E-02   9.1256907100E-02
   10     -1.1508330450E-01  -1.7741747470E-01  -8.6131674000E-03   9.3420592100E-02  -2.2591993510E-01
   11     -7.0510025000E-03  -6.5333006000E-03  -4.1013129000E-02   1.0614733000E-02  -2.5583511900E-02
   12     -1.2717239300E-02  -1.9138174000E-03   1.7260995100E-02  -8.0788841000E-03   2.2404703000E-03
   13     -1.2362872100E-02  -3.1282698000E-03   1.6601532000E-02   1.2730219200E-02  -2.7004538000E-03
   14      4.3522063000E-03   5.3040560000E-04  -2.8004505000E-03   5.4772741000E-03  -2.2268866000E-03
   15     -1.7486560000E-04   3.6457660000E-04   1.8027200000E-03   9.2606400000E-05  -1.3628540000E-04
   16      6.6125600000E-05   2.1534590000E-04  -2.8439120000E-04   1.5335000000E-04   9.2503600000E-05
   17      2.5766989000E-03   2.4596100000E-04  -3.3310635000E-03   9.0228900000E-05   2.2133930000E-04
   18     -2.9562710000E-04   7.0163000000E-06  -4.1708980000E-04   1.0286580000E-04  -7.0055500000E-05
   19     -2.9033400000E-05   5.3836100000E-05  -1.4602210000E-04  -1.9007700000E-05   3.0275100000E-05
   20      4.5235000000E-04   6.8833400000E-05   4.9323540000E-04  -8.8110000000E-05   3.1367000000E-06
   21      9.4937200000E-05  -3.1894000000E-06   9.7943600000E-05   2.3170010000E-04  -1.9588630000E-04
   22     -8.2418600000E-05  -4.6514000000E-06  -1.6916700000E-05  -1.9123160000E-04  -5.8831100000E-05
   23     -9.2416300000E-05   5.7222200000E-05  -9.2716800000E-05  -7.7402000000E-05   8.9389100000E-05
   24      1.4643970000E-04  -4.6710000000E-05   1.0014210000E-04  -4.9621650000E-04  -2.8180810000E-04
   25      2.6827030000E-04   4.4757660000E-04   2.3262420000E-04  -1.1281989000E-03   4.5173130000E-04
   26      6.0700400000E-05   1.0799100000E-05  -3.9261500000E-05  -2.5929010000E-04  -5.6381260000E-04
   27      4.0635420000E-04   5.3704000000E-04   6.7255530000E-04  -3.3954269000E-03   2.0334663000E-03
   28     -3.9911690000E-04   3.9358950000E-04  -2.8482750000E-04   4.4651150000E-04   3.0004940000E-04
   29      6.7833500000E-05   1.5042800000E-05  -6.7853000000E-05  -2.2551053000E-03   4.2656800000E-05
   30      1.6779527580E-01   1.3401631300E-01   7.3638618000E-03   8.3161062000E-03   8.8912756000E-03
   31      1.3401631300E-01   1.9954699250E-01   9.8359993000E-03  -1.7030943600E-02  -2.5094275800E-02
   32      7.3638618000E-03   9.8359993000E-03   4.8057791500E-02  -1.9780413000E-03  -3.0795714000E-03
   33      8.3161062000E-03  -1.7030943600E-02  -1.9780413000E-03   1.0471823320E-01  -1.0903280520E-01
   34      8.8912756000E-03  -2.5094275800E-02  -3.0795714000E-03  -1.0903280520E-01   2.5864924570E-01
   35      3.4803830000E-04  -1.7268524000E-03   1.2185692000E-03  -1.3548063200E-02   2.8444995400E-02
   36     -6.2159070000E-04  -7.3394000000E-05   8.8630630000E-04   1.6942210000E-04  -9.1207300000E-05
   37     -5.1683510000E-04   3.9254400000E-05   5.3867660000E-04  -9.1514600000E-05  -1.8544000000E-05
   38     -1.3838020000E-04  -1.4408090000E-04   3.3828400000E-05  -1.4136490000E-04   7.8136300000E-05
   39     -6.6320200000E-05   1.2732690000E-04   2.2504400000E-05  -2.1678510000E-04  -5.8885200000E-05
   40      5.5453500000E-05   1.7590620000E-04  -1.8074900000E-05  -3.1691180000E-04   1.8929730000E-04
   41      5.3488000000E-06  -1.1891220000E-04  -7.8808100000E-05   2.5898420000E-04   1.7217400000E-05
   42     -1.4643000000E-06  -6.9370700000E-05   8.9919300000E-05   5.8258800000E-04  -3.0667310000E-04
   43     -1.4460000000E-04  -2.4680140000E-04   4.0898800000E-05  -1.6510900000E-05   4.9952590000E-04
   44      2.2435300000E-05   1.6158280000E-04  -2.2100000000E-07  -5.8579470000E-04   3.0350500000E-05
   45     -8.5113900000E-05   8.8865770000E-04   2.6574920000E-04  -1.1223865000E-03   6.0897370000E-04
   46      4.2953490000E-04   1.5270323000E-03   6.2957980000E-04   1.0578510000E-03   4.1163130000E-04
   47     -1.1192000000E-05  -5.7989430000E-04   4.9806800000E-04   2.0318560000E-03  -8.1011340000E-04
                   35                 36                 37                 38                 39        
    0      1.0077250000E-04   5.6512935000E-03  -7.1976390000E-04   8.7386237000E-03  -6.7971168000E-03
    1      1.2646140000E-04  -2.5980342000E-03   1.7939170000E-03  -5.5311675000E-03   1.5264942000E-02
    2     -1.2260600000E-04  -1.2389365100E-02   3.0059526000E-03  -2.3011179900E-02  -5.8072329000E-03
    3      6.2352320000E-04  -3.0275550000E-04   5.1162660000E-04  -3.2264150000E-04  -1.8132850000E-04
    4      9.7214850000E-04   8.6359220000E-04   1.7873900000E-05   2.0829941000E-03  -4.4480030000E-04
    5     -5.1917910000E-04  -1.5050490000E-03  -6.0412090000E-04  -5.2825770000E-03   1.1341148000E-03
    6     -1.1199445700E-02  -3.0197330000E-04  -1.3714102000E-03   1.5567792000E-03   1.1660730000E-04
    7      1.8727865100E-02  -1.3493290000E-04  -3.5776770000E-04  -2.6192320000E-04   1.1321680000E-04
    8      9.1742680000E-04  -1.6364689000E-03   6.9185370000E-04  -2.5573898000E-03  -1.2715840000E-04
    9      1.2815482900E-02  -3.1909031000E-03  -1.7485760000E-03  -6.9076340000E-04  -1.7540370000E-04
   10     -2.4511559600E-02  -2.3141841000E-03  -1.5605456000E-03   1.7691810000E-04  -2.8715250000E-04
   11     -4.0104804600E-02   4.1820490000E-04   1.0101801000E-03  -1.8402123000E-03  -9.9953600000E-05
   12      1.2646912800E-02  -1.7835215900E-02  -1.0499819100E-02   1.8017969000E-03   1.6744297000E-03
   13     -1.8734541400E-02   3.0808248000E-03   1.9142450000E-03  -1.4635480000E-03  -2.2614223400E-02
   14     -7.0186068000E-03   1.9534850400E-02   1.1070013800E-02  -6.0851310000E-04   1.2642712000E-03
   15     -5.7841700000E-05  -1.0979204700E-01   3.4501972600E-02   1.0723715340E-01  -5.7524502900E-02
   16     -2.1801090000E-04   3.4025495900E-02  -5.7120035500E-02  -4.9317480500E-02   5.9548391100E-02
   17     -7.2885000000E-06   1.0463202390E-01  -4.9333815200E-02  -1.8627465340E-01  -2.5354599000E-03
   18      2.7179000000E-06  -6.2012600000E-05  -8.9828300000E-05  -2.1586800000E-04  -1.2829920000E-04
   19     -4.5950700000E-05  -1.0910250000E-04  -1.7060330000E-04  -3.1953220000E-04   7.2893260000E-04
   20     -1.1406380000E-04  -1.8550600000E-05  -8.9580100000E-05  -6.8594400000E-05  -9.5990500000E-05
   21      5.8072700000E-05   6.1010640000E-04  -2.1925310000E-04   6.8406460000E-04  -1.6762555000E-03
   22     -6.3231100000E-05  -2.2958220000E-04   3.3958170000E-04  -6.9737300000E-05   7.0407700000E-04
   23     -1.2005510000E-04  -2.2876870000E-04   6.0640940000E-04   6.5758860000E-04  -3.4861115000E-03
   24     -1.3058440000E-04   1.5518600000E-05  -3.0973990000E-04  -3.4392280000E-04   3.4207680000E-04
   25     -4.6598040000E-04  -1.9727490000E-04   1.6790550000E-04   1.6115420000E-04  -4.5635300000E-05
   26      1.6408710000E-04   5.9023400000E-05  -1.0411530000E-04   1.7415420000E-04   3.2053420000E-04
   27     -4.8690155000E-03   2.0939500000E-05  -4.0634500000E-05   2.8964800000E-05  -1.6171720000E-04
   28      4.6846230000E-04  -6.0106100000E-05   2.7997100000E-05  -1.6394810000E-04  -4.7336900000E-05
   29     -7.1284710000E-04  -1.7179900000E-05   2.1226810000E-04   1.6143300000E-05  -6.8588500000E-05
   30      3.4803830000E-04  -6.2159070000E-04  -5.1683510000E-04  -1.3838020000E-04  -6.6320200000E-05
   31     -1.7268524000E-03  -7.3394000000E-05   3.9254400000E-05  -1.4408090000E-04   1.2732690000E-04
   32      1.2185692000E-03   8.8630630000E-04   5.3867660000E-04   3.3828400000E-05   2.2504400000E-05
   33     -1.3548063200E-02   1.6942210000E-04  -9.1514600000E-05  -1.4136490000E-04  -2.1678510000E-04
   34      2.8444995400E-02  -9.1207300000E-05  -1.8544000000E-05   7.8136300000E-05  -5.8885200000E-05
   35      4.9986643300E-02  -1.2864640000E-04   1.2210300000E-05   4.3579500000E-05   1.3595270000E-04
   36     -1.2864640000E-04   1.3070989440E-01  -3.7287654300E-02  -1.1842923690E-01  -5.3196348000E-03
   37      1.2210300000E-05  -3.7287654300E-02   6.7053427900E-02   5.6450674600E-02   1.9197187000E-02
   38      4.3579500000E-05  -1.1842923690E-01   5.6450674600E-02   2.1735947070E-01   9.3859310000E-04
