*************************************************
******************* ORCA 6.1.0 ******************
*************************************************
$Calculation_Status
   &GeometryIndex 0
   &version [&Type "String"] "6.1.0"
   &progName [&Type "String"] "orca"
   &Status [&Type "String"] "NORMAL TERMINATION"
$End
$Geometry
   &GeometryIndex 1
   &NAtoms [&Type "Integer"] 16
   &NCorelessECP [&Type "Integer"] 0
   &NGhostAtoms [&Type "Integer"] 0
   &CartesianCoordinates [&Type "Coordinates", &Dim(16,4), &Units "Bohr"] 
              C      0.455450454441    0.335630479193    0.801574582856
              C      2.564008764396    0.158704869905   -1.019350401981
              C      4.018965606686    2.279066409293   -0.970948846513
              C      6.175097772063    1.987995672337    0.775944227302
              C      4.662426803917    1.720754381931    3.355851257663
              C      2.056401868659    0.355848659100    3.337498237450
              H     -0.851469021970   -1.254555165240    0.831526742079
              H     -0.584968504208    2.100670593072    0.632219216460
              H      3.503692092024   -1.661915869025   -1.114802358732
              H      3.076292732315    4.096795867238   -0.896533321086
              H      7.465242149583    3.587575145383    0.893823453810
              H      7.233093073483    0.248674731141    0.467189433185
              H      0.886151165706    1.217287876153    4.799845798650
              H      2.388744224380   -1.605210856924    3.881096857134
              H      5.886761468823    0.758844095516    4.714118372584
              Cl     4.257311094779    4.833709690970    4.634199964655
$End
$Single_Point_Data
   &GeometryIndex 1
   &FinalEnergy [&Type "Double"]      -2.1889812409529998e+01  "Final single point energy"
   &Converged [&Type "Boolean"] true
$End
$Geometry
   &GeometryIndex 2
   &NAtoms [&Type "Integer"] 16
   &NCorelessECP [&Type "Integer"] 0
   &NGhostAtoms [&Type "Integer"] 0
   &CartesianCoordinates [&Type "Coordinates", &Dim(16,4), &Units "Bohr"] 
              C      0.450275035629    0.365915653850    0.817298370403
              C      2.549391076715    0.177354277101   -1.013165151272
              C      4.032367412549    2.278391737333   -0.961350513305
              C      6.183957321674    1.958900887511    0.786653424737
              C      4.649916654226    1.742488455966    3.354147413914
              C      2.078563355323    0.318614315944    3.332461006710
              H     -0.880174508590   -1.204761282085    0.834639120565
              H     -0.564537790437    2.150151506981    0.683491482970
              H      3.468969664219   -1.652773825841   -1.109035594507
              H      3.112682892811    4.107093222843   -0.877745217673
              H      7.500218167258    3.537073134879    0.900316806483
              H      7.212551740992    0.198065567486    0.496929714778
              H      0.914442320848    1.090440374225    4.847127734590
              H      2.473836262037   -1.657161793084    3.772767173962
              H      5.872643754885    0.857033752598    4.763452621302
              Cl     4.138098384942    4.893050594337    4.495264821857
$End
$Single_Point_Data
   &GeometryIndex 2
   &FinalEnergy [&Type "Double"]      -2.1890668050950001e+01  "Final single point energy"
   &Converged [&Type "Boolean"] true
$End
$Geometry
   &GeometryIndex 3
   &NAtoms [&Type "Integer"] 16
   &NCorelessECP [&Type "Integer"] 0
   &NGhostAtoms [&Type "Integer"] 0
   &CartesianCoordinates [&Type "Coordinates", &Dim(16,4), &Units "Bohr"] 
              C      0.445758138736    0.403351004675    0.838230314008
              C      2.532060905790    0.197465941418   -1.008324297037
              C      4.048545275594    2.273716260150   -0.958284439930
              C      6.191406051188    1.927662191971    0.800651223038
              C      4.631397312222    1.768426830633    3.352562457238
              C      2.107764396332    0.276577634410    3.325303893926
              H     -0.914719403631   -1.141955426201    0.845540988355
              H     -0.536605364081    2.208190427798    0.746096453993
              H      3.426471877020   -1.645876667527   -1.100939038493
              H      3.158044483368    4.116403243959   -0.875002099215
              H      7.536763713637    3.481752406765    0.911112825948
              H      7.189073671732    0.145285408874    0.535644356946
              H      0.959111513509    0.941826528902    4.899676082515
              H      2.575866325247   -1.707547514366    3.644796372494
              H      5.845351948023    0.968399974845    4.818821151735
              Cl     3.996910900394    4.946198333739    4.347366969993
$End
$Single_Point_Data
   &GeometryIndex 3
   &FinalEnergy [&Type "Double"]      -2.1891374884950000e+01  "Final single point energy"
   &Converged [&Type "Boolean"] true
$End
$Geometry
   &GeometryIndex 4
   &NAtoms [&Type "Integer"] 16
   &NCorelessECP [&Type "Integer"] 0
   &NGhostAtoms [&Type "Integer"] 0
   &CartesianCoordinates [&Type "Coordinates", &Dim(16,4), &Units "Bohr"] 
              C      0.443381898855    0.428043869190    0.852754058458
              C      2.521173040329    0.207761841903   -1.005382605547
              C      4.059074252892    2.268516259247   -0.959826250035
              C      6.194180615619    1.909974923591    0.810645003238
              C      4.617598485159    1.787353593913    3.351332439893
              C      2.127840861639    0.248631466355    3.318108018356
              H     -0.940441362888   -1.096886204607    0.855606996262
              H     -0.512224207592    2.247697248790    0.786256285954
              H      3.398770386356   -1.644756078696   -1.093417876375
              H      3.188062833734    4.120794400042   -0.885058697060
              H      7.558478393718    3.448003256575    0.917950270793
              H      7.171500556969    0.114163265668    0.562641684706
              H      0.992558927938    0.838597160323    4.931770842497
              H      2.641222429804   -1.735358738115    3.562337017425
              H      5.824129839822    1.043792652382    4.853454403257
              Cl     3.907894792725    4.973547663485    4.264081623691
$End
$Single_Point_Data
   &GeometryIndex 4
   &FinalEnergy [&Type "Double"]      -2.1891648961089999e+01  "Final single point energy"
   &Converged [&Type "Boolean"] true
$End
$Geometry
   &GeometryIndex 5
   &NAtoms [&Type "Integer"] 16
   &NCorelessECP [&Type "Integer"] 0
   &NGhostAtoms [&Type "Integer"] 0
   &CartesianCoordinates [&Type "Coordinates", &Dim(16,4), &Units "Bohr"] 
              C      0.442327888863    0.451207239004    0.867400910613
              C      2.511495364105    0.215564678147   -1.002857384399
              C      4.068505929660    2.262897091522   -0.962288453867
              C      6.194839123382    1.894374413885    0.821054037895
              C      4.603351145840    1.806856590551    3.350180765193
              C      2.147928965456    0.221463368754    3.309198298664
              H     -0.968049005856   -1.049505462131    0.867061890797
              H     -0.480920119544    2.287598072310    0.823365018728
              H      3.373756521014   -1.645002256680   -1.086777612804
              H      3.215318430460    4.123806316433   -0.900128990056
              H      7.578539050232    3.415473721011    0.923640478379
              H      7.149984684653    0.084610692696    0.589250863696
              H      1.027208294115    0.732416641125    4.960606745724
              H      2.703252157198   -1.758657000347    3.486036174082
              H      5.802312988745    1.121204015730    4.886271717846
              Cl     3.823350326758    4.995568458034    4.191238755025
$End
$Single_Point_Data
   &GeometryIndex 5
   &FinalEnergy [&Type "Double"]      -2.1891746124019999e+01  "Final single point energy"
   &Converged [&Type "Boolean"] true
$End
$Geometry
   &GeometryIndex 6
   &NAtoms [&Type "Integer"] 16
   &NCorelessECP [&Type "Integer"] 0
   &NGhostAtoms [&Type "Integer"] 0
   &CartesianCoordinates [&Type "Coordinates", &Dim(16,4), &Units "Bohr"] 
              C      0.443094564262    0.448478901366    0.866008352331
              C      2.512867594576    0.213680673204   -1.004138690953
              C      4.067245665712    2.263212130623   -0.963115160359
              C      6.193563214925    1.896647763214    0.820352396270
              C      4.604434931640    1.805917707564    3.350711248257
              C      2.146365901023    0.223769529746    3.309173823922
              H     -0.968081528167   -1.051325917363    0.866115754115
              H     -0.478583884527    2.285619749021    0.818185186019
              H      3.377206314041   -1.645770476553   -1.089240527289
              H      3.211694386039    4.123047559567   -0.902535213735
              H      7.576904917954    3.418105287314    0.921834271147
              H      7.148492538115    0.086934442250    0.586794576999
              H      1.024259190343    0.737387778794    4.959348444445
              H      2.697778067888   -1.756609229211    3.496188674119
              H      5.804884149785    1.117640095857    4.884550144572
              Cl     3.831075721470    4.993140584649    4.203019935655
$End
$Single_Point_Data
   &GeometryIndex 6
   &FinalEnergy [&Type "Double"]      -2.1891757355900001e+01  "Final single point energy"
   &Converged [&Type "Boolean"] true
$End
$Geometry
   &GeometryIndex 7
   &NAtoms [&Type "Integer"] 16
   &NCorelessECP [&Type "Integer"] 0
   &NGhostAtoms [&Type "Integer"] 0
   &CartesianCoordinates [&Type "Coordinates", &Dim(16,4), &Units "Bohr"] 
              C      0.444367593755    0.446717562754    0.865602980009
              C      2.514128483327    0.212010321949   -1.005195996304
              C      4.066025488680    2.263831129329   -0.963176236644
              C      6.192055073999    1.897861033367    0.820345800257
              C      4.604561165261    1.805879277398    3.350618065029
              C      2.146214638937    0.224630161502    3.307882351221
              H     -0.970034025127   -1.049737734926    0.866216855668
              H     -0.472341493327    2.286478015122    0.814482175718
              H      3.380598833158   -1.646350037704   -1.091791415462
              H      3.208014766894    4.122606455489   -0.903521061030
              H      7.576885767795    3.418003672380    0.920405192651
              H      7.144042222687    0.086618284363    0.585403815956
              H      1.023563732184    0.735906829651    4.959208488726
              H      2.695995158451   -1.755956182813    3.503022736113
              H      5.806097935215    1.119330697040    4.884444333546
              Cl     3.833026403191    4.992047095143    4.209305130062
$End
$Single_Point_Data
   &GeometryIndex 7
   &FinalEnergy [&Type "Double"]      -2.1891762612739999e+01  "Final single point energy"
   &Converged [&Type "Boolean"] true
$End
$Geometry
   &GeometryIndex 8
   &NAtoms [&Type "Integer"] 16
   &NCorelessECP [&Type "Integer"] 0
   &NGhostAtoms [&Type "Integer"] 0
   &CartesianCoordinates [&Type "Coordinates", &Dim(16,4), &Units "Bohr"] 
              C      0.444563667068    0.446736339286    0.865748661760
              C      2.514224419507    0.211762799193   -1.005222426122
              C      4.065894717386    2.263823848095   -0.963104381611
              C      6.192030835961    1.897969316889    0.820408748485
              C      4.604506676775    1.805646527516    3.350614625176
              C      2.146250394901    0.224553440593    3.307857423150
              H     -0.970387270446   -1.049163453627    0.866422355374
              H     -0.471459767135    2.286917444444    0.814282858191
              H      3.380903062792   -1.646441342494   -1.092034541327
              H      3.207483564269    4.122375097716   -0.903341444549
              H      7.576948458277    3.418026475312    0.920532379083
              H      7.143844024889    0.086641235018    0.585289728707
              H      1.023607853898    0.735697922905    4.959297643230
              H      2.696159295808   -1.756123825694    3.503132746037
              H      5.806104432724    1.119273954669    4.884446434334
              Cl     3.832527378404    4.992180800221    4.208922405597
$End
$Single_Point_Data
   &GeometryIndex 8
   &FinalEnergy [&Type "Double"]      -2.1891762751809999e+01  "Final single point energy"
   &Converged [&Type "Boolean"] true
$End
$Hessian
   &GeometryIndex 8
   &HESSIAN [&Type "ArrayOfDoubles", &Dim (48,48)] "The Hessian"
                                                         0                           1                           2                           3                           4                           5                           6                           7

0                                      5.2947295279999995e-01         8.4490576000000005e-03        -5.2518901299999997e-02        -1.3919222240000001e-01         3.0125603000000001e-02         1.0042516030000000e-01        -4.0635617899999997e-02        -2.3071610100000001e-02
1                                      8.4490576000000005e-03         5.5361341840000000e-01        -9.8768099999999998e-03         1.4188802200000000e-02        -6.3640484100000005e-02        -2.0162869999999999e-03        -2.8111807199999998e-02        -8.8351589999999995e-04
2                                     -5.2518901299999997e-02        -9.8768099999999998e-03         3.2165371100000001e-01         1.0153427270000000e-01        -2.6761360000000000e-03        -1.0810089240000000e-01         1.2459824600000001e-02         3.5658476999999998e-03
3                                     -1.3919222240000001e-01         1.4188802200000000e-02         1.0153427270000000e-01         4.8536263039999999e-01         7.8658279799999994e-02        -1.1434912930000000e-01        -1.9586277120000001e-01        -1.6392677440000000e-01
4                                      3.0125603000000001e-02        -6.3640484100000005e-02        -2.6761360000000000e-03         7.8658279799999994e-02         6.3741841450000003e-01         2.1256176000000002e-02        -1.6507527620000001e-01        -3.0679005230000000e-01
5                                      1.0042516030000000e-01        -2.0162869999999999e-03        -1.0810089240000000e-01        -1.1434912930000000e-01         2.1256176000000002e-02         2.2467674169999999e-01         4.3903713999999998e-03        -1.6648162000000000e-03
6                                     -4.0635617899999997e-02        -2.8111807199999998e-02         1.2459824600000001e-02        -1.9586277120000001e-01        -1.6507527620000001e-01         4.3903713999999998e-03         4.8950878380000001e-01         6.6660240800000006e-02
7                                     -2.3071610100000001e-02        -8.8351589999999995e-04         3.5658476999999998e-03        -1.6392677440000000e-01        -3.0679005230000000e-01        -1.6648162000000000e-03         6.6660240800000006e-02         6.4728893610000005e-01
8                                      5.2074438000000002e-03         4.0321443000000002e-03        -1.2507246800000000e-02        -1.0579401600000000e-02        -1.4578046799999999e-02        -9.9510079999999990e-04         1.1211342800000000e-01         2.6746083999999999e-03
9                                     -1.9915253000000002e-03        -6.7440009999999995e-04        -4.8182646999999999e-03        -4.2390650600000003e-02        -2.3501578700000001e-02        -5.2970654999999998e-03        -1.4440258489999999e-01         3.8068360400000001e-02
10                                    -8.8514170000000001e-04        -2.4681198999999998e-03        -5.8810370000000000e-04        -2.7508617499999999e-02         3.3641900000000001e-05        -2.0121052999999998e-03         2.1207327299999999e-02        -6.5156138599999996e-02
11                                     4.8111339000000003e-03        -8.8228500000000004e-05         1.9286459000000000e-03        -1.3238140600000000e-02        -1.7763500999999999e-03        -1.0489861200000001e-02        -9.6726692200000006e-02         4.2765631000000002e-03
12                                    -1.0671949000000000e-02        -7.7562771000000003e-03        -9.0429023000000008e-03        -7.9188742999999999e-03        -2.5820092000000002e-03        -9.2060909000000000e-03         7.8826704999999993e-03        -3.4735197999999998e-03
13                                     3.1954619999999999e-04         1.7397539000000000e-03        -6.0369393000000004e-03        -3.6181602000000001e-03         7.3595899999999998e-05        -1.8945920000000001e-03         1.1413981999999999e-03         4.9748841000000002e-03
14                                    -1.3118358100000000e-02        -1.1388103300000001e-02         4.8759669999999999e-04         3.1149210000000000e-04         4.6294563999999998e-03        -1.1666631800000000e-02        -2.5219301400000001e-02        -2.0843043000000000e-03
15                                    -8.3653548899999999e-02         3.9560702999999996e-03        -2.6505850000000001e-02         7.5730435000000004e-03        -2.9876078000000000e-03         3.1652690000000001e-03        -8.0896367999999993e-03        -3.6176191999999999e-03
16                                     2.6855974999999998e-03        -6.7013286899999996e-02         9.2680729000000003e-03         2.9532990000000003e-04         3.8456737999999998e-03        -1.5295534000000000e-03        -2.4790872000000001e-03        -1.2650890000000001e-04
17                                    -4.7592761999999997e-02         9.2493770999999992e-03        -8.8514100400000004e-02         2.1696960500000001e-02         6.2897101000000000e-03        -4.5864432099999998e-02        -9.3053970000000000e-04        -2.9510362999999999e-03
18                                    -1.4673931130000001e-01        -1.1456619300000000e-01        -9.2441400000000003e-04        -1.2460141200000000e-02        -1.3670073700000000e-02         5.4878679999999999e-03        -7.1019697000000003e-03        -6.7154699999999999e-04
19                                    -1.1475853200000000e-01        -1.7342449380000000e-01        -2.3727624999999998e-03        -3.3452130000000000e-04         1.2406953999999999e-03         2.5609226000000000e-03        -1.7780262999999999e-03         1.0988393000000000e-03
20                                    -1.4553776999999999e-03        -7.7168490000000000e-04        -4.0460913899999999e-02         1.3581152900000001e-02         1.5077230800000001e-02        -3.4092355000000002e-03         6.0508779000000004e-03        -1.0367300000000000e-05
21                                    -8.9072279399999996e-02         9.2699250799999994e-02        -7.5675479999999995e-04        -9.5108209999999992e-03         1.8753936999999998e-02         5.5405359999999998e-04        -1.5880500000000002e-05         6.7269849999999996e-04
22                                     9.1733610600000001e-02        -2.3875359720000000e-01         6.3832057000000001e-03         6.0301443000000000e-03        -5.7183661000000004e-03        -3.7684111000000002e-03        -2.0275761000000002e-03         8.0042570000000003e-04
23                                    -2.4680683000000000e-03         4.7582596999999997e-03        -3.7612652800000000e-02         1.1695373699999999e-02        -1.9868035199999998e-02        -1.5199418000000000e-03        -7.2385820000000003e-04        -1.0244155000000000e-03
24                                    -1.4571172699999999e-02         2.4349291900000000e-02         9.5652610000000000e-04        -8.7540054000000006e-02         9.4694851699999999e-02         1.2338335900000000e-02         1.0209655700000000e-02        -1.4472820000000001e-02
25                                     4.2907199000000000e-03        -4.7533884000000000e-03        -1.1683062000000001e-03         9.1672864899999998e-02        -2.3848459920000001e-01        -9.2635640999999998e-03         8.2297072000000002e-03        -3.0888123100000001e-02
26                                     8.9095088000000003e-03        -1.0397745599999999e-02        -4.6802396999999999e-03         2.1798596999999999e-03        -6.5058648000000004e-03        -3.0568632400000000e-02         4.3556905000000003e-03         6.1634404000000002e-03
27                                     1.9054738000000000e-03        -1.9919324000000002e-03         2.6464000000000001e-04         9.9949380999999997e-03        -1.4799742800000000e-02         1.6845489000000000e-03        -8.7751137899999998e-02         9.7445903000000000e-02
28                                     4.7316840000000002e-04         2.5348299999999999e-04        -1.2268126000000001e-03         8.1178533000000001e-03        -2.9273973400000000e-02        -1.6240694000000000e-03         9.4264939199999995e-02        -2.4523861259999999e-01
29                                    -1.7304675000000000e-03         9.5690309999999998e-04        -1.5089560999999999e-03        -4.2256376999999998e-03        -7.0806968999999999e-03        -4.7152195000000003e-03         5.4712381000000003e-03        -9.9503127999999996e-03
30                                    -5.6689489999999995e-04        -7.1507690000000002e-04        -1.5184647000000000e-03        -7.1776039000000002e-03        -5.9087530000000003e-04        -2.7888549999999999e-04        -1.2610760100000000e-02        -1.3802840199999999e-02
31                                    -3.6584690000000000e-04        -4.5824999999999997e-06        -5.3889520000000002e-04        -1.2657032000000000e-03         8.3976630000000003e-04         4.5153579999999998e-04         5.1958349999999996e-04         2.6567562000000002e-03
32                                    -1.1180305000000001e-03        -1.1451764000000001e-03        -5.1392840000000000e-04        -6.1703467000000000e-03         1.4890400000000001e-05         1.8919773999999999e-03        -1.2788421899999999e-02        -1.4306053500000001e-02
33                                    -6.8480399999999996e-05         4.1488700000000001e-05        -1.1476260000000000e-04         3.4158400000000001e-05         5.7306440000000000e-04        -5.8495029999999998e-04        -1.0142643200000001e-02         1.9404047500000000e-02
34                                     8.2419800000000000e-05        -7.6125900000000002e-05         2.6716160000000001e-04        -2.1146676000000000e-03         7.8945139999999996e-04        -3.7053070000000001e-04         7.1747610000000000e-03        -7.5455454000000000e-03
35                                     1.0077250000000000e-04         1.2646140000000000e-04        -1.2260600000000001e-04         6.2352320000000003e-04         9.7214850000000000e-04        -5.1917909999999996e-04        -1.1199445700000000e-02         1.8727865100000001e-02
36                                     5.6512934999999997e-03        -2.5980342000000000e-03        -1.2389365100000001e-02        -3.0275549999999999e-04         8.6359220000000001e-04        -1.5050490000000001e-03        -3.0197330000000002e-04        -1.3493290000000000e-04
37                                    -7.1976389999999998e-04         1.7939169999999999e-03         3.0059525999999999e-03         5.1162660000000004e-04         1.7873899999999998e-05        -6.0412089999999996e-04        -1.3714102000000001e-03        -3.5776770000000001e-04
38                                     8.7386236999999999e-03        -5.5311674999999998e-03        -2.3011179900000001e-02        -3.2264149999999998e-04         2.0829940999999999e-03        -5.2825770000000001e-03         1.5567792000000000e-03        -2.6192320000000002e-04
39                                    -6.7971168000000000e-03         1.5264942000000000e-02        -5.8072328999999997e-03        -1.8132850000000000e-04        -4.4480030000000002e-04         1.1341147999999999e-03         1.1660730000000000e-04         1.1321680000000000e-04
40                                     3.6596947000000000e-03        -5.4612959000000004e-03         2.4572740000000002e-03        -7.0365500000000002e-05         1.4575960000000001e-04        -3.4791139999999998e-04         6.2200599999999995e-05        -1.3266240000000000e-04
41                                    -9.0111592000000004e-03         2.2208814399999999e-02        -5.7764356999999997e-03        -1.5767157000000000e-03         1.6509859999999999e-03        -5.1979170000000005e-04         3.3158590000000000e-04        -1.1123030000000000e-04
42                                    -3.3338561000000001e-03        -2.5059035000000000e-03        -5.3419519999999996e-04        -4.3776950000000002e-04        -2.8726380000000001e-04         1.4195573000000000e-03        -1.9540329999999999e-04         5.6255870000000003e-04
43                                    -1.8862880000000001e-03        -7.5367870000000005e-04        -7.8672040000000000e-04        -9.7689200000000004e-04        -1.4858269999999999e-04         4.5088270000000002e-04         2.2384090000000001e-04         7.3362069999999995e-04
44                                     8.1057329999999997e-04        -2.6625020000000001e-04        -1.7166550999999999e-03        -1.6559730000000000e-03         7.0530769999999998e-04        -2.6601162999999998e-03         1.3508939999999999e-04        -1.6548190999999999e-03
45                                     2.6425480000000001e-04        -2.9279199999999999e-05        -2.8415580000000002e-04         1.0221600000000001e-05         2.6989959999999997e-04         6.2189139999999999e-04        -6.0733840000000005e-04         2.4463799999999998e-04
46                                    -1.3223510000000000e-04        -1.6800300000000001e-04         3.2397120000000001e-04         3.4080059999999998e-04        -3.4881490000000001e-04         3.7644449999999998e-04         1.3591845000000000e-03        -4.3453529999999999e-04
47                                     9.9083999999999999e-06         1.4949329999999999e-04         4.5585370000000001e-04         4.9535119999999995e-04        -1.9377030000000000e-04        -2.5710769999999998e-04         7.2337400000000004e-04        -1.3890463000000000e-03
                                                         8                           9                          10                          11                          12                          13                          14                          15

0                                      5.2074438000000002e-03        -1.9915253000000002e-03        -8.8514170000000001e-04         4.8111339000000003e-03        -1.0671949000000000e-02         3.1954619999999999e-04        -1.3118358100000000e-02        -8.3653548899999999e-02
1                                      4.0321443000000002e-03        -6.7440009999999995e-04        -2.4681198999999998e-03        -8.8228500000000004e-05        -7.7562771000000003e-03         1.7397539000000000e-03        -1.1388103300000001e-02         3.9560702999999996e-03
2                                     -1.2507246800000000e-02        -4.8182646999999999e-03        -5.8810370000000000e-04         1.9286459000000000e-03        -9.0429023000000008e-03        -6.0369393000000004e-03         4.8759669999999999e-04        -2.6505850000000001e-02
3                                     -1.0579401600000000e-02        -4.2390650600000003e-02        -2.7508617499999999e-02        -1.3238140600000000e-02        -7.9188742999999999e-03        -3.6181602000000001e-03         3.1149210000000000e-04         7.5730435000000004e-03
4                                     -1.4578046799999999e-02        -2.3501578700000001e-02         3.3641900000000001e-05        -1.7763500999999999e-03        -2.5820092000000002e-03         7.3595899999999998e-05         4.6294563999999998e-03        -2.9876078000000000e-03
5                                     -9.9510079999999990e-04        -5.2970654999999998e-03        -2.0121052999999998e-03        -1.0489861200000001e-02        -9.2060909000000000e-03        -1.8945920000000001e-03        -1.1666631800000000e-02         3.1652690000000001e-03
6                                      1.1211342800000000e-01        -1.4440258489999999e-01         2.1207327299999999e-02        -9.6726692200000006e-02         7.8826704999999993e-03         1.1413981999999999e-03        -2.5219301400000001e-02        -8.0896367999999993e-03
7                                      2.6746083999999999e-03         3.8068360400000001e-02        -6.5156138599999996e-02         4.2765631000000002e-03        -3.4735197999999998e-03         4.9748841000000002e-03        -2.0843043000000000e-03        -3.6176191999999999e-03
8                                      2.1999301509999999e-01        -9.5905312399999998e-02         3.2487598999999998e-03        -1.0375303630000000e-01        -5.1048112000000000e-03         6.0864255999999997e-03        -4.6347554600000000e-02         7.6088309999999999e-03
9                                     -9.5905312399999998e-02         5.2367822210000003e-01         1.0211716799999999e-02         5.3513708799999997e-02        -7.7510806599999996e-02        -9.4832136000000001e-03         4.1121391399999999e-02        -8.1309148999999994e-03
10                                     3.2487598999999998e-03         1.0211716799999999e-02         5.4575558629999998e-01         2.6334010000000001e-02        -2.4210352999999999e-03        -5.7153411299999998e-02        -1.4736339000000001e-03        -7.5235759999999997e-03
11                                    -1.0375303630000000e-01         5.3513708799999997e-02         2.6334010000000001e-02         3.1212718309999998e-01         1.9370402299999999e-02         4.0462837999999998e-03        -8.2512046500000005e-02         8.3492649000000002e-03
12                                    -5.1048112000000000e-03        -7.7510806599999996e-02        -2.4210352999999999e-03         1.9370402299999999e-02         4.0089323080000000e-01         3.1878423999999999e-03         7.5017804800000004e-02        -1.2650554210000001e-01
13                                     6.0864255999999997e-03        -9.4832136000000001e-03        -5.7153411299999998e-02         4.0462837999999998e-03         3.1878423999999999e-03         3.1681913179999999e-01        -4.4955783499999999e-02        -3.6675566399999998e-02
14                                    -4.6347554600000000e-02         4.1121391399999999e-02        -1.4736339000000001e-03        -8.2512046500000005e-02         7.5017804800000004e-02        -4.4955783499999999e-02         4.1122688790000000e-01        -5.2120964000000004e-03
15                                     7.6088309999999999e-03        -8.1309148999999994e-03        -7.5235759999999997e-03         8.3492649000000002e-03        -1.2650554210000001e-01        -3.6675566399999998e-02        -5.2120964000000004e-03         4.2006917719999998e-01
16                                     1.4728044000000000e-03        -1.4819595000000001e-03        -2.5446159999999998e-04         3.7599615000000002e-03        -4.4285664900000000e-02        -8.5305158600000000e-02         2.0077149999999999e-04        -3.9609966300000000e-02
17                                    -1.0832336400000000e-02         1.2844506900000000e-02         1.0421281900000001e-02         1.0039000000000001e-03         2.9353131999999998e-03         2.5464671999999998e-03        -6.3649988699999993e-02        -6.4124739200000003e-02
18                                     5.4296100000000001e-04        -5.1942530000000000e-04        -8.3884129999999999e-04         1.4971080000000000e-03        -4.2450289999999998e-04         5.6133949999999995e-04        -2.7682369000000002e-03        -1.3105891499999999e-02
19                                    -4.8851489999999999e-04        -4.3059439999999999e-04        -2.0266720000000000e-04         6.1228200000000002e-04         6.5428239999999998e-04         4.1621930000000000e-04         7.8403000000000001e-05        -3.1605800000000002e-05
20                                     1.8351240000000000e-03         1.1636397000000000e-03         1.2050114999999999e-03        -4.9708140000000005e-04        -2.2146145999999999e-03         5.6053829999999996e-04        -3.3945753000000000e-03        -1.7132301799999999e-02
21                                     5.4163409999999996e-04        -4.4775899999999999e-05         2.2921999999999998e-05         4.9736000000000000e-05        -6.7892999999999995e-05         9.7306979999999996e-04         2.1787780000000000e-04        -8.0365120000000009e-03
22                                     5.8381760000000003e-04         4.7332100000000000e-05        -2.6775999999999999e-05        -3.0033300000000001e-04         6.6629699999999997e-05        -1.9445920000000000e-04        -2.1835050000000000e-04         3.2274141000000001e-03
23                                    -4.8670210000000002e-04        -3.1989200000000002e-05        -1.3109320000000000e-04        -1.4911500000000001e-04         1.6380919999999999e-04         3.8214530000000002e-04         3.2939660000000002e-04        -1.2352125800000001e-02
24                                    -3.1585247000000000e-03         2.0014048999999999e-03        -2.0827951000000002e-03        -8.5166599999999995e-04        -2.8272070000000000e-04         3.0157870000000001e-04         2.0890869999999999e-04         7.2616529999999996e-04
25                                     2.6871000000000001e-06         4.6800910000000000e-04         3.6470580000000000e-04         1.5316803000000000e-03         3.1292169999999999e-04        -7.4546840000000003e-04        -1.4037049999999999e-04         5.0817900000000000e-05
26                                    -4.0103604999999999e-03         1.5202611000000000e-03        -7.6601410000000001e-04        -2.1946206999999998e-03        -1.2432430000000000e-04         7.2879200000000005e-05         5.5022599999999997e-05         1.6546840000000000e-03
27                                    -4.1682027999999996e-03        -1.4644827700000000e-02         2.4070241199999998e-02         8.0587140000000002e-04         3.4642929999999998e-04         8.1253870000000004e-04         2.8655109999999999e-04        -1.3005349999999999e-04
28                                    -6.7928748000000002e-03         4.5769366000000004e-03        -5.1034262000000004e-03         1.2396770000000000e-03         6.9328409999999999e-04        -1.0929894999999999e-03         8.3477899999999996e-05         2.9586420000000003e-04
29                                    -3.0122283199999999e-02        -8.5173873999999997e-03         9.8207402000000006e-03        -2.7958307999999999e-03        -9.8768100000000002e-04         1.4364300000000001e-05         8.3466770000000000e-04         2.1247700000000000e-05
30                                    -6.1591318999999999e-03        -1.4244163330000001e-01        -1.1508330450000000e-01        -7.0510025000000004e-03        -1.2717239300000001e-02        -1.2362872100000000e-02         4.3522062999999996e-03        -1.7486560000000000e-04
31                                    -1.7354465000000000e-03        -1.1569153879999999e-01        -1.7741747469999999e-01        -6.5333005999999999e-03        -1.9138174000000001e-03        -3.1282698000000002e-03         5.3040559999999995e-04         3.6457660000000002e-04
32                                    -4.2560380000000002e-03        -6.0907670000000004e-03        -8.6131673999999998e-03        -4.1013129000000002e-02         1.7260995099999999e-02         1.6601531999999999e-02        -2.8004505000000001e-03         1.8027200000000001e-03
33                                     1.1598082999999999e-03        -9.0726857600000002e-02         9.3420592100000005e-02         1.0614732999999999e-02        -8.0788840999999993e-03         1.2730219200000000e-02         5.4772741000000003e-03         9.2606400000000002e-05
34                                     3.4400436000000000e-03         9.1256907100000006e-02        -2.2591993510000000e-01        -2.5583511900000001e-02         2.2404703000000002e-03        -2.7004538000000001e-03        -2.2268866000000002e-03        -1.3628539999999999e-04
35                                     9.1742680000000000e-04         1.2815482899999999e-02        -2.4511559600000000e-02        -4.0104804600000002e-02         1.2646912800000000e-02        -1.8734541399999999e-02        -7.0186068000000004e-03        -5.7841699999999999e-05
36                                    -1.6364689000000000e-03        -3.1909031000000002e-03        -2.3141841000000000e-03         4.1820490000000002e-04        -1.7835215900000000e-02         3.0808248000000001e-03         1.9534850400000001e-02        -1.0979204700000000e-01
37                                     6.9185370000000000e-04        -1.7485759999999999e-03        -1.5605456000000000e-03         1.0101801000000001e-03        -1.0499819100000000e-02         1.9142450000000000e-03         1.1070013800000000e-02         3.4501972600000000e-02
38                                    -2.5573898000000000e-03        -6.9076339999999997e-04         1.7691810000000001e-04        -1.8402123000000000e-03         1.8017968999999999e-03        -1.4635480000000001e-03        -6.0851310000000001e-04         1.0723715339999999e-01
39                                    -1.2715839999999999e-04        -1.7540370000000000e-04        -2.8715250000000000e-04        -9.9953599999999998e-05         1.6744297000000001e-03        -2.2614223400000001e-02         1.2642712000000000e-03        -5.7524502900000003e-02
40                                     5.3488400000000001e-05        -1.1848980000000000e-04        -1.7041720000000001e-04        -6.7012000000000001e-05         4.1927700000000002e-05        -2.1560100400000001e-02         7.7083499999999999e-04         6.0457470600000000e-02
41                                    -1.7319100000000000e-04         1.7752050000000000e-04         8.2712000000000004e-05        -3.2583399999999997e-05        -1.0432888999999999e-03         1.9295756000000000e-03         5.0924520000000003e-04        -3.8169683000000001e-03
42                                     1.3546026000000001e-03         5.2746968000000000e-03        -3.2398330000000001e-03         1.0611753400000000e-02        -1.1736077520000000e-01         4.1357353999999999e-02        -1.0353691320000000e-01        -1.7901859499999999e-02
43                                     5.8961470000000005e-04         1.5992001999999999e-03         6.8867470000000004e-04         1.6732989000000000e-03         4.4329146600000001e-02        -5.7102598099999999e-02         6.0250231699999997e-02        -9.7459985000000002e-03
44                                    -5.3091025000000002e-03        -9.7906928000000004e-03         7.1279124000000003e-03        -2.2056379500000001e-02        -1.0443890510000001e-01         5.6524342700000001e-02        -1.6493821630000000e-01        -8.4508239999999996e-04
45                                    -1.6896967999999999e-03        -4.7840150000000000e-03         1.3251681600000001e-02         7.9255382999999999e-03        -3.1422357400000003e-02         2.0288324300000000e-02         2.0622779999999999e-03         4.5843821000000002e-03
46                                     7.1863530000000001e-04         6.9018886999999999e-03        -1.1409235199999999e-02        -1.0135200500000000e-02         2.1405637900000000e-02        -9.6954920799999997e-02        -1.5126162400000000e-02        -2.5259609000000001e-03
