
$orca_hessian_file

$act_atom
  0

$act_coord
  0

$act_energy
      -21.878204

$multiplicity
  1

$hessian
48
                    0                  1                  2                  3                  4        
    0      8.1641109630E-01  -1.2853953000E-02  -9.5433755000E-03  -5.2527717330E-01   5.5868545900E-02
    1     -1.2853953000E-02   5.6987382980E-01   1.9325437600E-02   3.8425401900E-02  -8.6918490600E-02
    2     -9.5433755000E-03   1.9325437600E-02   9.3528401800E-02   7.8114305000E-03  -2.7763242000E-03
    3     -5.2527717330E-01   3.8425401900E-02   7.8114305000E-03   8.1095990640E-01  -4.4994898300E-02
    4      5.5868545900E-02  -8.6918490600E-02  -2.7763242000E-03  -4.4994898300E-02   5.6342020550E-01
    5      8.4859956000E-03  -2.5285953000E-03  -3.1998793000E-02  -9.4962638000E-03   1.8312652800E-02
    6     -5.5195365100E-02  -2.4814970800E-02  -2.9627950000E-04  -1.0325394610E-01  -7.8149009100E-02
    7     -2.1138301400E-02   1.6777855000E-03   2.3455010000E-04  -7.8180845100E-02  -1.9939319280E-01
    8     -5.6348000000E-04   3.8454340000E-04   6.3038840000E-04  -1.8812928000E-03  -4.3003352000E-03
    9      1.0782012800E-02  -3.9077366000E-03  -2.6157050000E-04  -5.5155522500E-02  -2.1156330800E-02
   10     -3.8852155000E-03  -3.7146923000E-03  -1.1750690000E-04  -2.4881591100E-02   1.6328910000E-03
   11     -4.0741300000E-05  -1.9024650000E-04   1.4094396000E-03  -1.0955093000E-03  -6.8969900000E-05
   12     -1.1283560000E-04  -6.8511400000E-05   5.4531400000E-05  -2.5016900000E-05  -8.4407000000E-06
   13     -2.2442820000E-04   8.6899700000E-05   2.2238890000E-04   1.3210670000E-04   6.3829700000E-04
   14      8.3362000000E-05  -2.1070400000E-05  -1.2520670000E-04  -2.1343390000E-04  -1.3216650000E-04
   15      2.4728100000E-05  -8.6488100000E-05  -7.5644500000E-05   1.2786050000E-04  -1.0960650000E-04
   16      7.7472600000E-05   4.3207300000E-05  -2.0015700000E-04  -9.3038800000E-05   1.3063930000E-04
   17      2.6285000000E-06   8.2708100000E-05  -2.9970310000E-04  -2.0987200000E-05  -5.1507800000E-05
   18     -1.3440190060E-01  -1.2440414700E-01  -3.7105988000E-03  -2.2772063600E-02  -2.6363615700E-02
   19     -1.2699179410E-01  -2.1945835540E-01  -6.0900284000E-03  -8.1568690000E-04   9.6970900000E-05
   20     -3.8993797000E-03  -6.2728219000E-03  -3.0902537400E-02   2.0790080000E-04   3.9953760000E-04
   21     -9.4210914100E-02   1.0135314800E-01   4.8739669000E-03  -1.7660710800E-02   2.9802576000E-02
   22      1.0239867970E-01  -2.5679137520E-01  -1.0202562000E-02   7.1339437000E-03  -6.1378162000E-03
   23      4.9276062000E-03  -1.0119255700E-02  -3.2254689900E-02   5.5420470000E-04  -7.2462580000E-04
   24     -1.8621010900E-02   2.9549377300E-02   1.3990779000E-03  -8.8637020700E-02   9.4480251300E-02
   25      5.4029722000E-03  -5.6554408000E-03  -3.1001090000E-04   9.6467300600E-02  -2.4800167650E-01
   26      5.9607160000E-04  -5.8903470000E-04   3.3604570000E-04   4.1368372000E-03  -9.6846939000E-03
   27      1.1191096000E-03  -1.8875741000E-03  -9.5734300000E-05   5.9663668000E-03  -1.3247067000E-02
   28      1.5592287000E-03   1.0080984000E-03   1.5961700000E-05   8.5233372000E-03  -2.7113827600E-02
   29      1.1632730000E-04   3.7982900000E-05  -7.9003390000E-04  -4.2865500000E-05  -1.0084375000E-03
   30     -8.4172970000E-04  -1.3958682000E-03  -4.5298200000E-05  -4.9659659000E-03   1.5404909000E-03
   31     -4.4030700000E-05   1.6430590000E-04  -1.3048500000E-05  -1.7039300000E-05   9.0532080000E-04
   32     -5.6175000000E-05  -7.4990000000E-05   3.3017260000E-04  -1.4749090000E-04  -3.2926500000E-04
   33      2.2405400000E-04  -9.5811800000E-05  -1.1442000000E-06   9.9839400000E-04   2.2546486000E-03
   34     -3.0969130000E-04  -1.8965720000E-04  -2.8426000000E-06  -1.6310721000E-03   1.5267331000E-03
   35      3.2862100000E-05   2.1377400000E-05  -3.7105500000E-05  -1.0679000000E-06   2.0116870000E-04
   36      1.0213690000E-04   2.9098200000E-05  -6.1242300000E-05  -1.4341890000E-04   1.3438390000E-04
   37     -1.5445300000E-05   1.1531310000E-04   2.8422800000E-05   9.0489600000E-05  -8.0283700000E-05
   38     -1.0269830000E-04  -8.3894700000E-05   9.5201300000E-05   1.7135990000E-04  -4.2062400000E-05
   39      2.3930900000E-05   1.2402940000E-04   4.4710000000E-07   4.5690500000E-05  -6.2437500000E-05
   40      1.0810020000E-04  -8.2620200000E-05  -3.3008600000E-05   1.9564000000E-06  -9.2141700000E-05
   41     -3.5618300000E-05   6.6400000000E-07   5.0699800000E-05  -1.1487200000E-05   1.4368500000E-04
   42     -3.5226500000E-05   1.6722600000E-05  -4.4678600000E-05  -1.7641320000E-04  -2.1635200000E-05
   43      1.9506700000E-05  -6.8833300000E-05  -5.3716300000E-05  -3.1355200000E-05   1.2008300000E-04
   44     -4.4948000000E-06  -1.1570000000E-07   3.6706800000E-05  -8.4517000000E-06  -3.3660700000E-05
   45      9.0872000000E-06   1.7283400000E-05  -3.8874000000E-06  -3.0966400000E-05   3.2144300000E-05
   46      2.8353400000E-05  -8.9974500000E-05  -2.7555700000E-05  -1.2900930000E-04  -7.3371150000E-04
   47      1.1094000000E-06   2.7311600000E-05  -8.9866000000E-06   3.7117100000E-05   9.5004700000E-05
                    5                  6                  7                  8                  9        
    0      8.4859956000E-03  -5.5195365100E-02  -2.1138301400E-02  -5.6348000000E-04   1.0782012800E-02
    1     -2.5285953000E-03  -2.4814970800E-02   1.6777855000E-03   3.8454340000E-04  -3.9077366000E-03
    2     -3.1998793000E-02  -2.9627950000E-04   2.3455010000E-04   6.3038840000E-04  -2.6157050000E-04
    3     -9.4962638000E-03  -1.0325394610E-01  -7.8180845100E-02  -1.8812928000E-03  -5.5155522500E-02
    4      1.8312652800E-02  -7.8149009100E-02  -1.9939319280E-01  -4.3003352000E-03  -2.1156330800E-02
    5      1.1403988680E-01  -2.7924621000E-03  -4.7096943000E-03  -5.4290960700E-02  -6.4557630000E-04
    6     -2.7924621000E-03   8.1139854570E-01  -4.5942701500E-02   3.6105713000E-03  -5.2531725950E-01
    7     -4.7096943000E-03  -4.5942701500E-02   5.6550890940E-01   1.2063976200E-02   5.5380465900E-02
    8     -5.4290960700E-02   3.6105713000E-03   1.2063976200E-02   1.1409492150E-01  -3.0847536000E-03
    9     -6.4557630000E-04  -5.2531725950E-01   5.5380465900E-02  -3.0847536000E-03   8.1599137560E-01
   10     -2.1723470000E-04   3.8141237600E-02  -8.6844751200E-02  -1.2936701000E-03  -1.1671869100E-02
   11      6.0594560000E-04  -3.6579564000E-03  -1.0946576000E-03  -3.1987573800E-02   6.4111115000E-03
   12     -1.6403570000E-04   3.3511810000E-04   1.4053990000E-04   8.8380500000E-05  -9.5606500000E-05
   13      6.3232400000E-05   9.6917000000E-06   8.2078010000E-04  -1.2090710000E-04  -3.3143090000E-04
   14     -5.7153180000E-04  -1.2374700000E-04   2.7599800000E-05  -1.1849790000E-04   2.3302440000E-04
   15     -1.4417350000E-04  -1.5400330000E-04  -2.6464780000E-04   1.4249500000E-04   2.2681500000E-05
   16      4.3591000000E-06   1.3260800000E-05  -3.0584090000E-04   1.4445900000E-04  -4.6656400000E-05
   17     -2.2199090000E-04   4.4025200000E-05  -8.7485800000E-05  -4.2307360000E-04  -1.4817680000E-04
   18     -7.4111460000E-04  -4.9433820000E-03   1.6050440000E-03   2.8358950000E-04  -8.5402580000E-04
   19      1.2129000000E-06  -6.3717300000E-05   9.5705000000E-04  -4.8764680000E-04  -6.7771400000E-05
   20      2.9452790000E-04   2.3321650000E-04  -4.7053230000E-04   1.3051996700E-02   6.9060000000E-05
   21      1.3824071000E-03   9.8125500000E-04   2.2229397000E-03  -1.4877200000E-05   2.1019470000E-04
   22     -3.1748370000E-04  -1.6377060000E-03   1.5125806000E-03   2.9076400000E-04  -3.0370600000E-04
   23      1.9094160000E-04  -1.3372810000E-04   2.3789400000E-04  -5.5673074000E-03  -4.9136600000E-05
   24      4.2796383000E-03   5.9757923000E-03  -1.3272427400E-02  -5.7380740000E-04   1.1503641000E-03
   25     -9.4641744000E-03   8.6181172000E-03  -2.7372898800E-02  -1.1714891000E-03   1.6036392000E-03
   26     -3.7423407800E-02   5.2932390000E-04  -8.1142670000E-04   1.7578521000E-03  -2.5399300000E-05
   27     -3.2210600000E-04  -8.8936064900E-02   9.5499837600E-02   2.4028333000E-03  -1.8552531300E-02
   28     -8.1422680000E-04   9.7486350400E-02  -2.4986983400E-01  -5.2641904000E-03   5.3634150000E-03
   29      1.7599679000E-03   2.8725027000E-03  -5.4305103000E-03  -3.7146805900E-02  -1.5957480000E-04
   30     -1.2982790000E-04  -2.2656147800E-02  -2.6246056700E-02  -9.3187160000E-04  -1.3393889870E-01
   31     -3.2895510000E-04  -8.7078840000E-04   1.7490270000E-04  -2.9114000000E-06  -1.2724186890E-01
   32      1.3073670000E-02  -1.7136840000E-04  -2.8934290000E-04   2.9218000000E-04  -4.4043376000E-03
   33      1.4407330000E-04  -1.7899433100E-02   3.0002568200E-02   6.6943890000E-04  -9.4345914500E-02
   34      1.7596400000E-04   7.2065027000E-03  -6.2871778000E-03  -1.5419460000E-04   1.0203178150E-01
   35     -5.5878811000E-03   8.4753000000E-06   2.3992300000E-04   2.6022340000E-04   2.0083263000E-03
   36      9.2906600000E-05  -1.6984660000E-04  -2.0090900000E-05  -5.0422400000E-05   4.1883000000E-06
   37     -4.4540300000E-05  -5.1079000000E-06   6.9790300000E-05  -2.0551000000E-06  -1.7777800000E-05
   38     -1.6532300000E-05  -8.2602000000E-06   4.6923200000E-05   6.5036900000E-05   3.6542100000E-05
   39     -1.0565100000E-05   2.1696900000E-05  -1.1146000000E-05   4.8819000000E-06  -2.0017200000E-05
   40     -1.1099800000E-05   3.1594500000E-05  -2.2315000000E-04   3.6117100000E-05  -3.1478200000E-05
   41      3.1940900000E-05   7.5613100000E-05   2.9370600000E-05   1.9563700000E-05  -3.0990100000E-05
   42      6.2615300000E-05  -9.1929400000E-05   1.3997780000E-04  -6.6437400000E-05   1.0790450000E-04
   43     -2.1492000000E-06   1.3336090000E-04  -1.6621820000E-04   7.7690700000E-05  -5.4421200000E-05
   44      6.7123700000E-05  -2.1079010000E-04   5.1199900000E-05  -9.5653100000E-05   9.5921100000E-05
   45     -1.5111000000E-06  -9.5030400000E-05   8.4843600000E-05  -3.5248000000E-05   1.1054600000E-05
   46     -1.1926770000E-04  -1.5611490000E-04  -2.5873500000E-04  -2.0015040000E-04   4.5174580000E-04
   47      4.7093200000E-05   2.0863800000E-05  -3.7786800000E-05  -5.4229040000E-04  -4.4469900000E-05
                   10                 11                 12                 13                 14        
    0     -3.8852155000E-03  -4.0741300000E-05  -1.1283560000E-04  -2.2442820000E-04   8.3362000000E-05
    1     -3.7146923000E-03  -1.9024650000E-04  -6.8511400000E-05   8.6899700000E-05  -2.1070400000E-05
    2     -1.1750690000E-04   1.4094396000E-03   5.4531400000E-05   2.2238890000E-04  -1.2520670000E-04
    3     -2.4881591100E-02  -1.0955093000E-03  -2.5016900000E-05   1.3210670000E-04  -2.1343390000E-04
    4      1.6328910000E-03  -6.8969900000E-05  -8.4407000000E-06   6.3829700000E-04  -1.3216650000E-04
    5     -2.1723470000E-04   6.0594560000E-04  -1.6403570000E-04   6.3232400000E-05  -5.7153180000E-04
    6      3.8141237600E-02  -3.6579564000E-03   3.3511810000E-04   9.6917000000E-06  -1.2374700000E-04
    7     -8.6844751200E-02  -1.0946576000E-03   1.4053990000E-04   8.2078010000E-04   2.7599800000E-05
    8     -1.2936701000E-03  -3.1987573800E-02   8.8380500000E-05  -1.2090710000E-04  -1.1849790000E-04
    9     -1.1671869100E-02   6.4111115000E-03  -9.5606500000E-05  -3.3143090000E-04   2.3302440000E-04
   10      5.6948988120E-01   1.2471206200E-02  -9.4564200000E-05   2.6138230000E-04  -6.1003000000E-05
   11      1.2471206200E-02   9.3497331200E-02  -1.2535640000E-04  -8.0446800000E-05  -2.8235690000E-04
   12     -9.4564200000E-05  -1.2535640000E-04   7.4791881050E-01   1.4498717560E-01  -4.6684971000E-02
   13      2.6138230000E-04  -8.0446800000E-05   1.4498717560E-01   4.6484721950E-01  -1.2578135700E-02
   14     -6.1003000000E-05  -2.8235690000E-04  -4.6684971000E-02  -1.2578135700E-02   8.5830030900E-02
   15     -6.3044000000E-05   1.5526500000E-05  -4.1342483960E-01  -2.2147565210E-01   2.7780416100E-02
   16     -1.3440780000E-04  -8.1823900000E-05  -2.3404025650E-01  -2.2652878680E-01   1.7401865500E-02
   17      3.2620900000E-05  -8.5083000000E-06   2.7948795200E-02   1.6192885200E-02  -3.0701412600E-02
   18     -1.4090168000E-03  -4.4770500000E-05  -5.2447900000E-05  -2.6412780000E-04   5.9580000000E-07
   19      1.4321530000E-04  -6.3810000000E-06   2.4870600000E-05  -2.0183170000E-04   1.2982800000E-05
   20      7.6211700000E-05   3.5163580000E-04  -2.5031500000E-05  -1.0786680000E-04  -6.1102000000E-06
   21     -8.9263900000E-05  -5.0348000000E-06  -3.2562000000E-05   2.3759710000E-04  -1.2659800000E-05
   22     -1.9709800000E-04  -6.5386000000E-06   1.8118100000E-05  -1.1834350000E-04  -3.1256000000E-06
   23     -2.4124400000E-05  -3.5833200000E-05  -4.2889500000E-05  -1.0783250000E-04   7.3916000000E-06
   24     -1.8874490000E-03  -3.8237000000E-05   5.7889800000E-05   6.0524900000E-05  -1.4183400000E-05
   25      1.0166639000E-03   8.7614100000E-05  -4.2048500000E-05  -5.0974650000E-04   3.3649300000E-05
   26      9.3035500000E-05  -7.8006790000E-04  -4.7751000000E-05  -1.6127760000E-04   1.0159500000E-05
   27      2.9308941900E-02   6.3730220000E-04  -4.9446200000E-05   4.2019410000E-04  -4.9475200000E-05
   28     -5.4883800000E-03  -1.1545000000E-04   8.4072600000E-05  -7.3006000000E-04   8.6621200000E-05
   29      1.4848820000E-04   3.4493310000E-04  -2.3356000000E-05   1.9977870000E-04  -4.0559100000E-05
   30     -1.2461967990E-01  -4.2931830000E-03  -5.0955900000E-05  -3.4486500000E-04  -2.5679200000E-05
   31     -2.2073103780E-01  -6.1615698000E-03  -6.7844500000E-05  -3.1534950000E-04   2.7317100000E-05
   32     -6.1009435000E-03  -3.0970001800E-02   5.8504000000E-06   4.1997600000E-05  -6.6530000000E-06
   33      1.0102001470E-01   1.9527463000E-03  -4.0121300000E-05   2.4126440000E-04  -5.8505800000E-05
   34     -2.5529591220E-01  -4.8200890000E-03   8.7932300000E-05  -4.2418300000E-04   4.5480300000E-05
   35     -5.0062926000E-03  -3.1973892200E-02   4.9608200000E-05   5.7160800000E-05   3.0446300000E-05
   36      6.2616600000E-05   6.3079500000E-05  -2.9659799200E-02   7.3938428000E-03   1.9844815000E-03
   37     -6.1547400000E-05   1.0264700000E-05  -1.6325645700E-02   6.3773376000E-03   1.0339587000E-03
   38     -1.9927900000E-05   5.2093300000E-05   2.0615951000E-03  -5.5538710000E-04  -2.8068780000E-04
   39     -9.1495000000E-05  -1.7845400000E-05  -1.5190500000E-04  -2.4005668800E-02   1.7860630000E-04
   40     -2.2383800000E-05  -3.9085500000E-05  -1.7938235000E-03  -2.4601253100E-02   3.3784940000E-04
   41     -2.3361000000E-06  -2.6681000000E-06   3.9914700000E-05   1.7667312000E-03  -7.0379200000E-05
   42      6.9301800000E-05   7.9602000000E-05  -2.7263219740E-01   8.1697874800E-02   1.6183470000E-02
   43      1.0839700000E-04  -5.5562900000E-05   8.9476233200E-02  -6.5159137000E-02  -6.0146280000E-03
   44      1.1707990000E-04   5.3302600000E-05   1.6269641300E-02  -5.5947013000E-03  -3.3444371900E-02
   45      9.1075700000E-05   1.5926630000E-04  -3.1984084800E-02   1.1465900700E-02   7.3869910000E-04
   46     -1.6222020000E-04   1.5173660000E-04   1.7622192600E-02  -1.5444322500E-01  -1.9719500000E-04
   47     -9.5603200000E-05  -2.7377920000E-04   5.9507440000E-04   7.6238010000E-04  -2.0230261200E-02
                   15                 16                 17                 18                 19        
    0      2.4728100000E-05   7.7472600000E-05   2.6285000000E-06  -1.3440190060E-01  -1.2699179410E-01
    1     -8.6488100000E-05   4.3207300000E-05   8.2708100000E-05  -1.2440414700E-01  -2.1945835540E-01
    2     -7.5644500000E-05  -2.0015700000E-04  -2.9970310000E-04  -3.7105988000E-03  -6.0900284000E-03
    3      1.2786050000E-04  -9.3038800000E-05  -2.0987200000E-05  -2.2772063600E-02  -8.1568690000E-04
    4     -1.0960650000E-04   1.3063930000E-04  -5.1507800000E-05  -2.6363615700E-02   9.6970900000E-05
    5     -1.4417350000E-04   4.3591000000E-06  -2.2199090000E-04  -7.4111460000E-04   1.2129000000E-06
    6     -1.5400330000E-04   1.3260800000E-05   4.4025200000E-05  -4.9433820000E-03  -6.3717300000E-05
    7     -2.6464780000E-04  -3.0584090000E-04  -8.7485800000E-05   1.6050440000E-03   9.5705000000E-04
    8      1.4249500000E-04   1.4445900000E-04  -4.2307360000E-04   2.8358950000E-04  -4.8764680000E-04
    9      2.2681500000E-05  -4.6656400000E-05  -1.4817680000E-04  -8.5402580000E-04  -6.7771400000E-05
   10     -6.3044000000E-05  -1.3440780000E-04   3.2620900000E-05  -1.4090168000E-03   1.4321530000E-04
   11      1.5526500000E-05  -8.1823900000E-05  -8.5083000000E-06  -4.4770500000E-05  -6.3810000000E-06
   12     -4.1342483960E-01  -2.3404025650E-01   2.7948795200E-02  -5.2447900000E-05   2.4870600000E-05
   13     -2.2147565210E-01  -2.2652878680E-01   1.6192885200E-02  -2.6412780000E-04  -2.0183170000E-04
   14      2.7780416100E-02   1.7401865500E-02  -3.0701412600E-02   5.9580000000E-07   1.2982800000E-05
   15      7.5321392510E-01   1.2390540740E-01  -4.5875162700E-02   6.1763200000E-05   1.1396400000E-05
   16      1.2390540740E-01   6.6268744060E-01  -1.2318710700E-02  -3.0607000000E-06   8.3701200000E-05
   17     -4.5875162700E-02  -1.2318710700E-02   9.1065492100E-02   7.5055600000E-05   4.1793200000E-05
   18      6.1763200000E-05  -3.0607000000E-06   7.5055600000E-05   1.5608334210E-01   1.4158801950E-01
   19      1.1396400000E-05   8.3701200000E-05   4.1793200000E-05   1.4158801950E-01   2.3946683380E-01
   20      3.8112800000E-05   6.4832300000E-05   5.5433500000E-05   4.0060668000E-03   7.0979713000E-03
   21     -5.9029100000E-05   1.8583800000E-05   2.5719600000E-05   6.3692531000E-03  -1.4738417400E-02
   22      9.7230900000E-05  -1.2957200000E-04  -5.3178600000E-05   9.5497353000E-03  -2.3277746200E-02
   23      7.9407000000E-06   4.2851200000E-05   6.2770800000E-05   3.2710600000E-04  -8.5461550000E-04
   24     -1.1004490000E-04   5.3755500000E-05  -8.6406000000E-06   9.0132100000E-04   9.3054710000E-04
   25      1.8059490000E-04   1.2738500000E-04   7.0761300000E-05  -8.6698100000E-04   1.3385656000E-03
   26      6.3975100000E-05  -6.4629000000E-06   2.8111000000E-05  -1.0586250000E-04   2.4400960000E-04
   27      4.5525000000E-06  -1.2453040000E-04   7.5621000000E-06  -4.2334600000E-05   3.0215370000E-04
   28      6.9695500000E-05  -8.4713500000E-05  -3.8106000000E-06   3.4468600000E-04   6.0972930000E-04
   29     -3.4038000000E-06  -8.1177200000E-05   1.4530100000E-05   1.3419100000E-05   2.8805700000E-05
   30      6.7158600000E-05   1.4473420000E-04   5.8259600000E-05  -4.9155770000E-04  -1.7428900000E-05
   31      9.3796900000E-05  -3.2087900000E-05   1.9388300000E-05  -2.9165000000E-06   5.7704700000E-05
   32     -9.9762000000E-06  -3.9920700000E-05   1.3338000000E-05  -5.0378700000E-05   7.7190000000E-05
   33     -7.1237000000E-05  -6.3939900000E-05  -2.4584400000E-05   1.1216890000E-04  -1.4207940000E-04
   34      3.7390200000E-05   2.0166360000E-04   3.1376700000E-05  -5.6785600000E-05   6.8570700000E-05
   35     -4.4472000000E-06   4.6610700000E-05   2.1171100000E-05   1.0687200000E-05  -1.9293000000E-05
   36     -2.7111089630E-01   9.7117877800E-02   1.5217159100E-02   4.0381100000E-05  -1.8283100000E-05
   37      9.9665611100E-02  -8.5705584100E-02  -6.3013568000E-03  -3.1572500000E-05  -8.9944300000E-05
   38      1.5170026500E-02  -6.0736674000E-03  -3.3282593700E-02  -2.8715300000E-05  -4.1213100000E-05
   39     -4.4850096800E-02   2.8696512300E-02   9.0758620000E-04  -5.5920800000E-05  -1.9478500000E-05
   40      2.7337362000E-02  -3.1044409930E-01  -1.8800800000E-04   4.3470400000E-05   9.0209800000E-05
   41      9.4834060000E-04  -3.4711940000E-04  -2.8010433900E-02  -5.5277700000E-05  -2.9466000000E-06
   42     -2.7907210200E-02   5.7453981000E-03   1.8065034000E-03   3.5564600000E-05   2.6198400000E-05
   43     -1.5127056900E-02   4.6226077000E-03   1.0116989000E-03  -7.8335000000E-06   3.4538000000E-05
   44      1.9629093000E-03  -4.4193210000E-04  -5.2048440000E-04   3.7994500000E-05   1.4590400000E-05
   45      4.1646877000E-03  -2.1401519700E-02  -1.5742900000E-05   9.8389000000E-06  -8.5288000000E-06
   46     -1.4271989900E-02  -4.4531552600E-02   1.5208257000E-03   2.7910180000E-04   8.0788500000E-05
   47     -1.6934700000E-05   1.8859936000E-03   2.2073539000E-03  -1.7796300000E-05  -1.6431600000E-05
                   20                 21                 22                 23                 24        
    0     -3.8993797000E-03  -9.4210914100E-02   1.0239867970E-01   4.9276062000E-03  -1.8621010900E-02
    1     -6.2728219000E-03   1.0135314800E-01  -2.5679137520E-01  -1.0119255700E-02   2.9549377300E-02
    2     -3.0902537400E-02   4.8739669000E-03  -1.0202562000E-02  -3.2254689900E-02   1.3990779000E-03
    3      2.0790080000E-04  -1.7660710800E-02   7.1339437000E-03   5.5420470000E-04  -8.8637020700E-02
    4      3.9953760000E-04   2.9802576000E-02  -6.1378162000E-03  -7.2462580000E-04   9.4480251300E-02
    5      2.9452790000E-04   1.3824071000E-03  -3.1748370000E-04   1.9094160000E-04   4.2796383000E-03
    6      2.3321650000E-04   9.8125500000E-04  -1.6377060000E-03  -1.3372810000E-04   5.9757923000E-03
    7     -4.7053230000E-04   2.2229397000E-03   1.5125806000E-03   2.3789400000E-04  -1.3272427400E-02
    8      1.3051996700E-02  -1.4877200000E-05   2.9076400000E-04  -5.5673074000E-03  -5.7380740000E-04
    9      6.9060000000E-05   2.1019470000E-04  -3.0370600000E-04  -4.9136600000E-05   1.1503641000E-03
   10      7.6211700000E-05  -8.9263900000E-05  -1.9709800000E-04  -2.4124400000E-05  -1.8874490000E-03
   11      3.5163580000E-04  -5.0348000000E-06  -6.5386000000E-06  -3.5833200000E-05  -3.8237000000E-05
   12     -2.5031500000E-05  -3.2562000000E-05   1.8118100000E-05  -4.2889500000E-05   5.7889800000E-05
   13     -1.0786680000E-04   2.3759710000E-04  -1.1834350000E-04  -1.0783250000E-04   6.0524900000E-05
   14     -6.1102000000E-06  -1.2659800000E-05  -3.1256000000E-06   7.3916000000E-06  -1.4183400000E-05
   15      3.8112800000E-05  -5.9029100000E-05   9.7230900000E-05   7.9407000000E-06  -1.1004490000E-04
   16      6.4832300000E-05   1.8583800000E-05  -1.2957200000E-04   4.2851200000E-05   5.3755500000E-05
   17      5.5433500000E-05   2.5719600000E-05  -5.3178600000E-05   6.2770800000E-05  -8.6406000000E-06
   18      4.0060668000E-03   6.3692531000E-03   9.5497353000E-03   3.2710600000E-04   9.0132100000E-04
   19      7.0979713000E-03  -1.4738417400E-02  -2.3277746200E-02  -8.5461550000E-04   9.3054710000E-04
   20      2.1178442500E-02  -6.2297130000E-04  -1.1451037000E-03   2.7166165000E-03  -3.6083300000E-05
   21     -6.2297130000E-04   1.0963680440E-01  -1.1769629130E-01  -5.8845420000E-03  -5.3903312000E-03
   22     -1.1451037000E-03  -1.1769629130E-01   2.8330019920E-01   1.1857089600E-02   7.9896300000E-04
   23      2.7166165000E-03  -5.8845420000E-03   1.1857089600E-02   2.1959238900E-02   2.7954230000E-04
   24     -3.6083300000E-05  -5.3903312000E-03   7.9896300000E-04   2.7954230000E-04   1.0700663360E-01
   25      2.6600010000E-04   5.2926280000E-04   1.0897478000E-03  -4.6143990000E-04  -1.0810202390E-01
   26     -5.0209968000E-03   2.3154380000E-04  -4.5567240000E-04   1.2460199100E-02  -5.2298816000E-03
   27      1.0742900000E-05  -4.3610210000E-04   7.6646100000E-05   3.9907000000E-06  -1.9326207000E-03
   28     -1.4018200000E-05  -1.0007518000E-03   5.1682210000E-04   6.5280100000E-05  -2.8929852000E-03
   29     -9.2334200000E-05  -1.5561600000E-05   4.7442000000E-06   1.7800400000E-04  -7.0866600000E-05
   30      4.6538600000E-05   1.1417560000E-04  -6.3241500000E-05  -1.5882000000E-05  -4.6535500000E-05
   31      5.7768100000E-05  -1.4267050000E-04   6.7129000000E-05  -4.9458000000E-06   2.9395380000E-04
   32     -2.0039280000E-03   2.6450000000E-06  -1.6290600000E-05   4.5268150000E-04   6.9039000000E-06
   33     -9.9818000000E-06   3.2877140000E-04  -2.1618490000E-04  -1.9023100000E-05  -3.9418730000E-04
   34     -4.4527000000E-06  -2.1929120000E-04  -9.3394500000E-05  -7.5000000000E-07   1.0757120000E-04
   35      4.4377090000E-04   3.4962000000E-06  -5.3657000000E-06  -4.3009400000E-05  -4.4060000000E-07
   36     -1.5021100000E-05   1.0577550000E-04  -6.3961000000E-05  -3.6364800000E-05  -3.7902300000E-05
   37     -5.4984300000E-05  -2.0276700000E-05   3.0422900000E-05   5.9606200000E-05   4.9924000000E-06
   38     -3.4705800000E-05  -4.4011400000E-05   1.2038830000E-04  -9.1703700000E-05  -3.8596400000E-05
   39     -4.8156300000E-05  -3.4162900000E-05  -4.3321400000E-05   3.7573200000E-05   6.0902800000E-05
   40     -8.4919000000E-06  -5.9561800000E-05   2.1617000000E-05  -1.9818100000E-05  -6.6952500000E-05
   41     -2.5461700000E-05   3.3460800000E-05  -6.5388700000E-05  -3.3582200000E-05   6.1527700000E-05
   42      1.2542600000E-05   4.4777000000E-05  -5.0139700000E-05   2.2305200000E-05   2.0943000000E-05
   43      1.8637500000E-05  -7.3865000000E-06  -2.6941200000E-05   4.7900000000E-08  -5.0111300000E-05
   44     -1.3958500000E-05   1.9014500000E-05   2.4088000000E-06  -1.7322200000E-05  -4.6440800000E-05
   45      3.2443800000E-05   3.2805400000E-05   1.2349000000E-06   2.1297200000E-05  -4.1931000000E-06
   46      9.7313300000E-05  -1.9019620000E-04   2.3376840000E-04   5.4638700000E-05  -7.9870000000E-06
   47      7.6089000000E-06   2.7404200000E-05  -4.6852000000E-06   1.5604000000E-05   3.0487700000E-05
                   25                 26                 27                 28                 29        
    0      5.4029722000E-03   5.9607160000E-04   1.1191096000E-03   1.5592287000E-03   1.1632730000E-04
    1     -5.6554408000E-03  -5.8903470000E-04  -1.8875741000E-03   1.0080984000E-03   3.7982900000E-05
    2     -3.1001090000E-04   3.3604570000E-04  -9.5734300000E-05   1.5961700000E-05  -7.9003390000E-04
    3      9.6467300600E-02   4.1368372000E-03   5.9663668000E-03   8.5233372000E-03  -4.2865500000E-05
    4     -2.4800167650E-01  -9.6846939000E-03  -1.3247067000E-02  -2.7113827600E-02  -1.0084375000E-03
    5     -9.4641744000E-03  -3.7423407800E-02  -3.2210600000E-04  -8.1422680000E-04   1.7599679000E-03
    6      8.6181172000E-03   5.2932390000E-04  -8.8936064900E-02   9.7486350400E-02   2.8725027000E-03
    7     -2.7372898800E-02  -8.1142670000E-04   9.5499837600E-02  -2.4986983400E-01  -5.4305103000E-03
    8     -1.1714891000E-03   1.7578521000E-03   2.4028333000E-03  -5.2641904000E-03  -3.7146805900E-02
    9      1.6036392000E-03  -2.5399300000E-05  -1.8552531300E-02   5.3634150000E-03  -1.5957480000E-04
   10      1.0166639000E-03   9.3035500000E-05   2.9308941900E-02  -5.4883800000E-03   1.4848820000E-04
   11      8.7614100000E-05  -7.8006790000E-04   6.3730220000E-04  -1.1545000000E-04   3.4493310000E-04
   12     -4.2048500000E-05  -4.7751000000E-05  -4.9446200000E-05   8.4072600000E-05  -2.3356000000E-05
   13     -5.0974650000E-04  -1.6127760000E-04   4.2019410000E-04  -7.3006000000E-04   1.9977870000E-04
   14      3.3649300000E-05   1.0159500000E-05  -4.9475200000E-05   8.6621200000E-05  -4.0559100000E-05
   15      1.8059490000E-04   6.3975100000E-05   4.5525000000E-06   6.9695500000E-05  -3.4038000000E-06
   16      1.2738500000E-04  -6.4629000000E-06  -1.2453040000E-04  -8.4713500000E-05  -8.1177200000E-05
   17      7.0761300000E-05   2.8111000000E-05   7.5621000000E-06  -3.8106000000E-06   1.4530100000E-05
   18     -8.6698100000E-04  -1.0586250000E-04  -4.2334600000E-05   3.4468600000E-04   1.3419100000E-05
   19      1.3385656000E-03   2.4400960000E-04   3.0215370000E-04   6.0972930000E-04   2.8805700000E-05
   20      2.6600010000E-04  -5.0209968000E-03   1.0742900000E-05  -1.4018200000E-05  -9.2334200000E-05
   21      5.2926280000E-04   2.3154380000E-04  -4.3610210000E-04  -1.0007518000E-03  -1.5561600000E-05
   22      1.0897478000E-03  -4.5567240000E-04   7.6646100000E-05   5.1682210000E-04   4.7442000000E-06
   23     -4.6143990000E-04   1.2460199100E-02   3.9907000000E-06   6.5280100000E-05   1.7800400000E-04
   24     -1.0810202390E-01  -5.2298816000E-03  -1.9326207000E-03  -2.8929852000E-03  -7.0866600000E-05
   25      2.7993912930E-01   1.1234447900E-02  -2.9371570000E-03  -3.5081155000E-03  -2.3696050000E-04
   26      1.1234447900E-02   2.5684458700E-02  -8.4024400000E-05  -1.3442930000E-04   3.0146396000E-03
   27     -2.9371570000E-03  -8.4024400000E-05   1.0737455600E-01  -1.0892776770E-01  -2.5038476000E-03
   28     -3.5081155000E-03  -1.3442930000E-04  -1.0892776770E-01   2.8140805560E-01   6.5539282000E-03
   29     -2.3696050000E-04   3.0146396000E-03  -2.5038476000E-03   6.5539282000E-03   2.5657559300E-02
   30      3.3546300000E-04   1.3867800000E-05   8.6089840000E-04  -8.9640750000E-04   2.5867600000E-05
   31      6.1384140000E-04   2.3920500000E-05   9.4977190000E-04   1.3252844000E-03   1.6283990000E-04
   32      5.5890800000E-05  -9.9747100000E-05   7.2210600000E-05   1.5973710000E-04  -5.0162981000E-03
   33     -1.0227241000E-03  -4.8817300000E-05  -5.3847928000E-03   4.6063130000E-04  -2.0763800000E-04
   34      5.5182280000E-04   1.6916700000E-05   8.6653520000E-04   1.1037562000E-03  -2.5346980000E-04
   35     -3.4963700000E-05   1.7672640000E-04  -1.6752000000E-04  -3.1768120000E-04   1.2476720900E-02
   36     -3.3356000000E-05  -3.2768300000E-05   4.1933900000E-05  -7.8516700000E-05   1.1829500000E-05
   37     -1.4713600000E-05   5.7557800000E-05  -2.9056800000E-05   4.7954000000E-06   1.8683100000E-05
   38      6.8422000000E-06  -1.8265200000E-05   2.9344300000E-05   2.0043100000E-05  -7.5813000000E-06
   39      2.5323300000E-05   4.7294200000E-05  -6.0681400000E-05   8.0267000000E-06  -8.4302000000E-06
   40      2.0372300000E-04   9.7438000000E-06  -3.1739200000E-05   8.0247500000E-05  -5.3822500000E-05
   41     -1.0160400000E-05  -1.2257200000E-04  -4.5951000000E-06  -8.1183000000E-05  -3.2678500000E-05
   42     -1.0341110000E-04  -4.6063800000E-05  -3.4456100000E-05  -3.3484400000E-05   2.5723600000E-05
   43      3.9777200000E-05  -2.9132500000E-05  -8.4491000000E-06  -5.3283000000E-05  -8.6258700000E-05
   44     -8.0671000000E-06  -2.5182100000E-05   5.2747300000E-05  -2.6952100000E-05  -3.5383100000E-05
   45     -5.4971400000E-05   1.6547000000E-06   6.1612700000E-05  -6.9530200000E-05  -3.0125700000E-05
   46      1.4193590000E-04   1.9249830000E-04  -2.3073910000E-04   7.9142480000E-04  -4.6142000000E-06
   47     -5.7939500000E-05   2.2046700000E-05   1.0569300000E-05  -1.2962990000E-04  -2.8468090000E-04
                   30                 31                 32                 33                 34        
    0     -8.4172970000E-04  -4.4030700000E-05  -5.6175000000E-05   2.2405400000E-04  -3.0969130000E-04
    1     -1.3958682000E-03   1.6430590000E-04  -7.4990000000E-05  -9.5811800000E-05  -1.8965720000E-04
    2     -4.5298200000E-05  -1.3048500000E-05   3.3017260000E-04  -1.1442000000E-06  -2.8426000000E-06
    3     -4.9659659000E-03  -1.7039300000E-05  -1.4749090000E-04   9.9839400000E-04  -1.6310721000E-03
    4      1.5404909000E-03   9.0532080000E-04  -3.2926500000E-04   2.2546486000E-03   1.5267331000E-03
    5     -1.2982790000E-04  -3.2895510000E-04   1.3073670000E-02   1.4407330000E-04   1.7596400000E-04
    6     -2.2656147800E-02  -8.7078840000E-04  -1.7136840000E-04  -1.7899433100E-02   7.2065027000E-03
    7     -2.6246056700E-02   1.7490270000E-04  -2.8934290000E-04   3.0002568200E-02  -6.2871778000E-03
    8     -9.3187160000E-04  -2.9114000000E-06   2.9218000000E-04   6.6943890000E-04  -1.5419460000E-04
    9     -1.3393889870E-01  -1.2724186890E-01  -4.4043376000E-03  -9.4345914500E-02   1.0203178150E-01
   10     -1.2461967990E-01  -2.2073103780E-01  -6.1009435000E-03   1.0102001470E-01  -2.5529591220E-01
   11     -4.2931830000E-03  -6.1615698000E-03  -3.0970001800E-02   1.9527463000E-03  -4.8200890000E-03
   12     -5.0955900000E-05  -6.7844500000E-05   5.8504000000E-06  -4.0121300000E-05   8.7932300000E-05
   13     -3.4486500000E-04  -3.1534950000E-04   4.1997600000E-05   2.4126440000E-04  -4.2418300000E-04
   14     -2.5679200000E-05   2.7317100000E-05  -6.6530000000E-06  -5.8505800000E-05   4.5480300000E-05
   15      6.7158600000E-05   9.3796900000E-05  -9.9762000000E-06  -7.1237000000E-05   3.7390200000E-05
   16      1.4473420000E-04  -3.2087900000E-05  -3.9920700000E-05  -6.3939900000E-05   2.0166360000E-04
   17      5.8259600000E-05   1.9388300000E-05   1.3338000000E-05  -2.4584400000E-05   3.1376700000E-05
   18     -4.9155770000E-04  -2.9165000000E-06  -5.0378700000E-05   1.1216890000E-04  -5.6785600000E-05
   19     -1.7428900000E-05   5.7704700000E-05   7.7190000000E-05  -1.4207940000E-04   6.8570700000E-05
   20      4.6538600000E-05   5.7768100000E-05  -2.0039280000E-03  -9.9818000000E-06  -4.4527000000E-06
   21      1.1417560000E-04  -1.4267050000E-04   2.6450000000E-06   3.2877140000E-04  -2.1929120000E-04
   22     -6.3241500000E-05   6.7129000000E-05  -1.6290600000E-05  -2.1618490000E-04  -9.3394500000E-05
   23     -1.5882000000E-05  -4.9458000000E-06   4.5268150000E-04  -1.9023100000E-05  -7.5000000000E-07
   24     -4.6535500000E-05   2.9395380000E-04   6.9039000000E-06  -3.9418730000E-04   1.0757120000E-04
   25      3.3546300000E-04   6.1384140000E-04   5.5890800000E-05  -1.0227241000E-03   5.5182280000E-04
   26      1.3867800000E-05   2.3920500000E-05  -9.9747100000E-05  -4.8817300000E-05   1.6916700000E-05
   27      8.6089840000E-04   9.4977190000E-04   7.2210600000E-05  -5.3847928000E-03   8.6653520000E-04
   28     -8.9640750000E-04   1.3252844000E-03   1.5973710000E-04   4.6063130000E-04   1.1037562000E-03
   29      2.5867600000E-05   1.6283990000E-04  -5.0162981000E-03  -2.0763800000E-04  -2.5346980000E-04
   30      1.5553401190E-01   1.4165227080E-01   5.0731519000E-03   6.3875617000E-03   9.6992071000E-03
   31      1.4165227080E-01   2.4076649910E-01   7.0379245000E-03  -1.4581317300E-02  -2.3325734000E-02
   32      5.0731519000E-03   7.0379245000E-03   2.1231098900E-02  -3.2349070000E-04  -5.6755280000E-04
   33      6.3875617000E-03  -1.4581317300E-02  -3.2349070000E-04   1.0992088080E-01  -1.1767801180E-01
   34      9.6992071000E-03  -2.3325734000E-02  -5.6755280000E-04  -1.1767801180E-01   2.8198068810E-01
   35      2.7754550000E-04  -7.9869450000E-04   2.7406697000E-03  -2.1712895000E-03   5.6921958000E-03
   36      9.6813000000E-06   2.6785900000E-05   1.1103000000E-06   5.1017300000E-05  -6.2647800000E-05
   37     -1.1763200000E-05   2.0971300000E-05  -1.2652000000E-06  -1.0952100000E-05  -2.5288400000E-05
   38     -3.8483200000E-05  -9.4543000000E-06  -4.2639000000E-06  -1.2351700000E-05  -1.5538300000E-05
   39      1.4877200000E-05   2.9164500000E-05  -6.9375000000E-06  -3.3085900000E-05   2.4675900000E-05
   40      5.6420500000E-05   4.6605400000E-05  -3.6261000000E-06  -7.5203500000E-05   8.1040300000E-05
   41     -3.7227900000E-05  -4.8442600000E-05  -1.3957900000E-05   6.8702000000E-06   3.0918000000E-05
   42      1.8551600000E-05  -5.8408200000E-05   1.8866600000E-05   1.1416210000E-04  -5.2549600000E-05
   43      9.7181000000E-06  -1.4097100000E-04   4.5023100000E-05  -3.4182000000E-05   1.0648680000E-04
   44      3.8042800000E-05   3.3208900000E-05  -2.7095900000E-05   6.9581900000E-05  -1.3660010000E-04
   45     -1.5125100000E-05  -1.8859500000E-05  -1.0583600000E-05   3.1761600000E-05  -5.1546600000E-05
   46      1.5700640000E-04   4.0261560000E-04   5.4336000000E-06  -5.8720300000E-05   2.0585500000E-05
   47     -1.5820800000E-05   5.6545000000E-06   8.1350000000E-06   3.4115900000E-05  -3.7361500000E-05
                   35                 36                 37                 38                 39        
    0      3.2862100000E-05   1.0213690000E-04  -1.5445300000E-05  -1.0269830000E-04   2.3930900000E-05
    1      2.1377400000E-05   2.9098200000E-05   1.1531310000E-04  -8.3894700000E-05   1.2402940000E-04
    2     -3.7105500000E-05  -6.1242300000E-05   2.8422800000E-05   9.5201300000E-05   4.4710000000E-07
    3     -1.0679000000E-06  -1.4341890000E-04   9.0489600000E-05   1.7135990000E-04   4.5690500000E-05
    4      2.0116870000E-04   1.3438390000E-04  -8.0283700000E-05  -4.2062400000E-05  -6.2437500000E-05
    5     -5.5878811000E-03   9.2906600000E-05  -4.4540300000E-05  -1.6532300000E-05  -1.0565100000E-05
    6      8.4753000000E-06  -1.6984660000E-04  -5.1079000000E-06  -8.2602000000E-06   2.1696900000E-05
    7      2.3992300000E-04  -2.0090900000E-05   6.9790300000E-05   4.6923200000E-05  -1.1146000000E-05
    8      2.6022340000E-04  -5.0422400000E-05  -2.0551000000E-06   6.5036900000E-05   4.8819000000E-06
    9      2.0083263000E-03   4.1883000000E-06  -1.7777800000E-05   3.6542100000E-05  -2.0017200000E-05
   10     -5.0062926000E-03   6.2616600000E-05  -6.1547400000E-05  -1.9927900000E-05  -9.1495000000E-05
   11     -3.1973892200E-02   6.3079500000E-05   1.0264700000E-05   5.2093300000E-05  -1.7845400000E-05
   12      4.9608200000E-05  -2.9659799200E-02  -1.6325645700E-02   2.0615951000E-03  -1.5190500000E-04
   13      5.7160800000E-05   7.3938428000E-03   6.3773376000E-03  -5.5538710000E-04  -2.4005668800E-02
   14      3.0446300000E-05   1.9844815000E-03   1.0339587000E-03  -2.8068780000E-04   1.7860630000E-04
   15     -4.4472000000E-06  -2.7111089630E-01   9.9665611100E-02   1.5170026500E-02  -4.4850096800E-02
   16      4.6610700000E-05   9.7117877800E-02  -8.5705584100E-02  -6.0736674000E-03   2.8696512300E-02
   17      2.1171100000E-05   1.5217159100E-02  -6.3013568000E-03  -3.3282593700E-02   9.0758620000E-04
   18      1.0687200000E-05   4.0381100000E-05  -3.1572500000E-05  -2.8715300000E-05  -5.5920800000E-05
   19     -1.9293000000E-05  -1.8283100000E-05  -8.9944300000E-05  -4.1213100000E-05  -1.9478500000E-05
   20      4.4377090000E-04  -1.5021100000E-05  -5.4984300000E-05  -3.4705800000E-05  -4.8156300000E-05
   21      3.4962000000E-06   1.0577550000E-04  -2.0276700000E-05  -4.4011400000E-05  -3.4162900000E-05
   22     -5.3657000000E-06  -6.3961000000E-05   3.0422900000E-05   1.2038830000E-04  -4.3321400000E-05
   23     -4.3009400000E-05  -3.6364800000E-05   5.9606200000E-05  -9.1703700000E-05   3.7573200000E-05
   24     -4.4060000000E-07  -3.7902300000E-05   4.9924000000E-06  -3.8596400000E-05   6.0902800000E-05
   25     -3.4963700000E-05  -3.3356000000E-05  -1.4713600000E-05   6.8422000000E-06   2.5323300000E-05
   26      1.7672640000E-04  -3.2768300000E-05   5.7557800000E-05  -1.8265200000E-05   4.7294200000E-05
   27     -1.6752000000E-04   4.1933900000E-05  -2.9056800000E-05   2.9344300000E-05  -6.0681400000E-05
   28     -3.1768120000E-04  -7.8516700000E-05   4.7954000000E-06   2.0043100000E-05   8.0267000000E-06
   29      1.2476720900E-02   1.1829500000E-05   1.8683100000E-05  -7.5813000000E-06  -8.4302000000E-06
   30      2.7754550000E-04   9.6813000000E-06  -1.1763200000E-05  -3.8483200000E-05   1.4877200000E-05
   31     -7.9869450000E-04   2.6785900000E-05   2.0971300000E-05  -9.4543000000E-06   2.9164500000E-05
   32      2.7406697000E-03   1.1103000000E-06  -1.2652000000E-06  -4.2639000000E-06  -6.9375000000E-06
   33     -2.1712895000E-03   5.1017300000E-05  -1.0952100000E-05  -1.2351700000E-05  -3.3085900000E-05
   34      5.6921958000E-03  -6.2647800000E-05  -2.5288400000E-05  -1.5538300000E-05   2.4675900000E-05
   35      2.1588562900E-02  -3.1903900000E-05   7.1737000000E-06  -1.3649100000E-05   2.2030300000E-05
   36     -3.1903900000E-05   3.0534869450E-01  -1.0478343150E-01  -1.8129321400E-02  -3.3218839000E-03
   37      7.1737000000E-06  -1.0478343150E-01   9.0837756300E-02   6.4491044000E-03   2.5226417600E-02
   38     -1.3649100000E-05  -1.8129321400E-02   6.4491044000E-03   2.3029578900E-02   2.2575430000E-04
