
$orca_hessian_file

$act_atom
  0

$act_coord
  0

$act_energy
      -21.832284

$multiplicity
  1

$hessian
48
                    0                  1                  2                  3                  4        
    0      7.6332062750E-01   3.4046986000E-03   7.4081723100E-02  -4.2462645620E-01   6.0514336300E-02
    1      3.4046986000E-03   4.1234336620E-01  -6.4982071000E-02   9.9839002000E-03  -7.0368550900E-02
    2      7.4081723100E-02  -6.4982071000E-02   4.1560463400E-02  -6.2187368600E-02   1.7327737000E-03
    3     -4.2462645620E-01   9.9839002000E-03  -6.2187368600E-02   6.6033229090E-01  -4.1315151300E-02
    4      6.0514336300E-02  -7.0368550900E-02   1.7327737000E-03  -4.1315151300E-02   5.5854585350E-01
    5      1.1572593900E-01   5.6456121000E-03   4.1537246300E-02  -2.5755684600E-02  -4.7705807500E-02
    6     -4.2971026100E-02  -2.2133016200E-02   4.4360878500E-02  -7.8398635900E-02  -8.0103908700E-02
    7     -1.7954091300E-02   3.1771297000E-03   2.4601782900E-02  -7.3486188300E-02  -2.3039480370E-01
    8     -1.3896039500E-02  -4.4919759000E-03  -1.9158319700E-02  -2.4918226000E-03   1.2648909000E-02
    9      1.7322815200E-02  -7.0840062000E-03  -3.1023805800E-02  -6.2314422500E-02  -3.0981234000E-02
   10     -2.2492293000E-03  -2.7538210000E-03   2.5564718000E-03  -2.4209490700E-02  -1.6327840000E-03
   11     -1.6954750000E-03   3.4449750000E-04  -7.5177300000E-04   2.2991510000E-03   6.5644926000E-03
   12      1.2357777000E-03  -7.3390130000E-03  -5.3899282000E-02  -4.3150251800E-02  -1.9160315300E-02
   13     -3.0928158000E-03  -5.7827993000E-03  -3.2388632900E-02  -2.4984609300E-02   3.4296620000E-03
   14     -4.4233678000E-03   3.8414324000E-03   3.2986014500E-02   3.0051093000E-03  -4.4315005000E-03
   15     -8.7103815000E-03   1.1286778500E-02   1.1324133310E-01   7.7797749000E-02   7.1423195000E-03
   16     -2.0708316600E-02  -7.3315880000E-03   2.0941527600E-02   2.4292984400E-02   8.2738102000E-03
   17     -5.2120102000E-02   2.0318480400E-02   6.9416386900E-02   9.7793450300E-02   1.6328713100E-02
   18     -1.5174987790E-01  -1.1723164120E-01  -3.0534793000E-02  -1.9307659100E-02  -2.6316880100E-02
   19     -1.1675867860E-01  -1.6682922930E-01  -3.0429293800E-02  -1.7745120000E-04   1.1926290000E-03
   20     -4.1561872100E-02  -3.9227100400E-02  -4.3714209500E-02   6.0089701000E-03   6.0137573000E-03
   21     -1.2661666700E-01   1.0196975940E-01  -5.9248979600E-02  -1.8526213700E-02   2.4940545000E-02
   22      9.7033070200E-02  -1.6054972990E-01   7.0138705200E-02   6.6988608000E-03  -3.0307152000E-03
   23     -7.4441011000E-02   8.0718797300E-02  -7.2660901500E-02   8.9583341000E-03  -8.4447730000E-04
   24     -1.8705431600E-02   2.3966163200E-02  -4.3797947000E-03  -9.9741574700E-02   1.0706234210E-01
   25      3.8145933000E-03  -1.0951092000E-03   1.9341150000E-04   1.0839525460E-01  -2.3963800440E-01
   26     -2.0579741000E-03   8.5528000000E-04   4.5155330000E-03  -8.8089940000E-04   1.1275327800E-02
   27      3.1894510000E-04  -1.2232515000E-03   1.9915490000E-04   6.2217166000E-03  -1.1140661000E-02
   28      1.0316411000E-03   1.3410896000E-03   5.7136000000E-04   9.4598315000E-03  -2.6938548700E-02
   29     -1.0675163000E-03   1.0421195000E-03   2.4615092000E-03   3.6854223000E-03   1.3194677000E-03
   30     -2.0479848000E-03   4.3351700000E-05  -6.0711260000E-04  -4.1403567000E-03   1.2827502000E-03
   31     -3.1481410000E-04  -2.2721230000E-04   1.9872520000E-04  -1.2375363000E-03   5.0740190000E-04
   32     -1.0842275000E-03   2.1360430000E-03  -1.5919050000E-04   5.1164250000E-03   1.9124259000E-03
   33     -5.2363940000E-04  -8.7733140000E-04   2.3935840000E-04   2.0985320000E-03   1.4626459000E-03
   34      3.5120180000E-04   6.0055900000E-05  -5.3662840000E-04  -9.8958740000E-04   1.0907120000E-04
   35     -2.1220183000E-03  -4.0243020000E-04   3.2852461000E-03   1.8940598000E-03   1.9344276000E-03
   36     -4.2452210000E-03  -9.6557500000E-05  -6.2282484000E-03  -1.5616773000E-03   4.4454087000E-03
   37     -3.4631284000E-03   1.7302012000E-03   1.2651098000E-03   2.0772575000E-03   6.5595140000E-04
   38     -1.1987701000E-03  -5.0243102000E-03  -2.0479593200E-02  -1.0076835100E-02   1.2708644000E-03
   39      7.1495970000E-04   3.0737066000E-03  -3.6506370000E-04  -1.6162653000E-03  -2.2513921000E-03
   40      2.2043487000E-03  -1.2401714000E-03   2.1780213000E-03   1.7884750000E-04  -9.6432080000E-04
   41      8.0311030000E-03   3.9005943000E-03  -1.4731837400E-02  -1.2023060300E-02  -2.8536500000E-03
   42     -1.3753705000E-03  -1.3755720000E-04   7.3573691000E-03   2.9255363000E-03   1.6202426000E-03
   43      1.3345011000E-03  -6.1070420000E-04   7.3911115000E-03   4.4202247000E-03   1.1177929000E-03
   44      8.8010690000E-04  -2.2313005000E-03  -1.0750132400E-02  -6.6574023000E-03  -4.4097911000E-03
   45     -1.3410691000E-03   2.3940161000E-03   8.9946312000E-03   4.0076884000E-03   2.7989522000E-03
   46     -5.1473170000E-03  -1.8629270000E-03  -3.4323742000E-03   8.9285310000E-04  -8.6444430000E-04
   47     -3.0504984000E-03  -2.4436684000E-03  -1.3356442200E-02  -8.6878491000E-03  -7.5593270000E-04
                    5                  6                  7                  8                  9        
    0      1.1572593900E-01  -4.2971026100E-02  -1.7954091300E-02  -1.3896039500E-02   1.7322815200E-02
    1      5.6456121000E-03  -2.2133016200E-02   3.1771297000E-03  -4.4919759000E-03  -7.0840062000E-03
    2      4.1537246300E-02   4.4360878500E-02   2.4601782900E-02  -1.9158319700E-02  -3.1023805800E-02
    3     -2.5755684600E-02  -7.8398635900E-02  -7.3486188300E-02  -2.4918226000E-03  -6.2314422500E-02
    4     -4.7705807500E-02  -8.0103908700E-02  -2.3039480370E-01   1.2648909000E-02  -3.0981234000E-02
    5     -3.0987064900E-02  -1.8055538800E-02  -9.1362366000E-03  -1.7567504200E-02  -1.9947754700E-02
    6     -1.8055538800E-02   6.9127970770E-01  -1.4695982400E-02  -5.8406279300E-02  -3.9000790270E-01
    7     -9.1362366000E-03  -1.4695982400E-02   5.8135059660E-01   1.0058210100E-02   2.2580739200E-02
    8     -1.7567504200E-02  -5.8406279300E-02   1.0058210100E-02   3.7122774300E-02  -1.5135630500E-02
    9     -1.9947754700E-02  -3.9000790270E-01   2.2580739200E-02  -1.5135630500E-02   6.4079846020E-01
   10      1.1815700000E-03   9.1965500000E-04  -7.3091563500E-02   1.0395261000E-03   2.0076679400E-02
   11      1.6374623200E-02   6.7351708500E-02  -3.0676406000E-03  -2.6737980500E-02  -2.0979834380E-01
   12     -1.8864610100E-02   2.0726736000E-03   9.2246307000E-03   9.9968362000E-03  -1.6388032800E-02
   13     -1.2209283000E-03   1.3542412600E-02  -8.1383112000E-03  -2.6142283600E-02  -2.0768932900E-02
   14     -1.2261556200E-02  -2.3448109300E-02  -1.4916621000E-03   3.8911382600E-02   6.6955764100E-02
   15     -5.2036222000E-02  -5.1020350900E-02  -2.4907136600E-02   5.2208095100E-02   4.1999467700E-02
   16      3.1381417500E-02  -1.1234352800E-02  -2.8311503000E-03   1.6946159800E-02   1.8031510300E-02
   17      2.1739773900E-02  -1.3647134600E-02  -3.3421396000E-03   1.3211284000E-03   4.5295487500E-02
   18      2.7671470000E-04  -4.7439594000E-03   2.8322488000E-03   1.7439710000E-04  -2.8243440000E-04
   19      2.5934450000E-04  -1.0184125000E-03  -6.4253260000E-04   1.3413770000E-04  -1.2094150000E-04
   20     -1.3943077000E-03   1.6437994000E-03  -9.5047570000E-04   4.2902896000E-03  -1.7067394000E-03
   21     -7.5324602000E-03   2.2926514000E-03   1.5219235000E-03   1.6515565000E-03   7.7079660000E-04
   22      2.2823787000E-03  -1.4377310000E-03  -8.3987810000E-04  -7.7243970000E-04   5.2418750000E-04
   23      9.0546674000E-03  -9.8530020000E-04  -9.5004510000E-04  -5.0554675000E-03   1.1084985000E-03
   24     -5.9438954000E-03   6.5365690000E-03  -1.0856135100E-02   1.6532770000E-04   3.4396120000E-04
   25      1.2532041400E-02   1.0326065400E-02  -2.5721099400E-02   1.0875567000E-03   1.4970662000E-03
   26     -3.0041902400E-02  -2.8701769000E-03   1.8522997000E-03   2.8109400000E-03   1.6370568000E-03
   27      1.9622120000E-04  -1.0126622480E-01   1.0935032630E-01   1.1116045500E-02  -1.9129439600E-02
   28     -6.6755250000E-04   1.0891854990E-01  -2.3977427590E-01  -1.8752761100E-02   4.0124211000E-03
   29      1.8167232000E-03   4.9426024000E-03  -2.1492398000E-02  -2.5769597100E-02   1.1401523800E-02
   30      9.1551314000E-03  -1.6969905800E-02  -2.6038181400E-02   8.0141906000E-03  -1.0522359020E-01
   31      2.8778190000E-04   1.6279650000E-04  -1.2910915000E-03  -7.6598960000E-04  -1.0046773380E-01
   32      1.2628964200E-02  -5.8701858000E-03   2.8858990000E-03   6.7302225000E-03   6.3589523400E-02
   33      5.0068050000E-04  -1.8820985400E-02   2.4384384400E-02   1.3645837400E-02  -1.0700695280E-01
   34     -4.2108800000E-04   4.0627586000E-03  -1.8713803000E-03  -1.5541519000E-03   8.0490373200E-02
   35      1.2765564000E-03  -6.8684497000E-03  -5.0979480000E-03   8.2653929000E-03   9.7062446000E-02
   36      1.3187328500E-02   6.5185320000E-04  -1.4014350000E-04  -1.8556496000E-03   2.3327120000E-03
   37      5.1330716000E-03  -2.2969574000E-03  -9.5533970000E-04   2.9509168000E-03   3.5617343000E-03
   38      1.5508992400E-02   7.5581225000E-03   4.4433843000E-03  -7.2702900000E-03  -6.0957031000E-03
   39      3.2335110000E-03   4.2945430000E-04   7.0705810000E-04  -4.1745860000E-04  -1.9906359000E-03
   40     -3.4537440000E-04   3.0378980000E-04   6.1658930000E-04  -7.0362120000E-04  -9.3466410000E-04
   41     -1.8726156900E-02   7.4245532000E-03   2.5975761000E-03  -8.2216541000E-03  -1.1287599400E-02
   42      1.3882101000E-03   1.4982713000E-03  -1.6233831000E-03  -4.1230569000E-03  -2.7368578000E-03
   43     -1.3882810000E-04   1.2252935000E-03  -8.1440490000E-04  -3.2524569000E-03  -2.2971267000E-03
   44     -2.4318254000E-03  -1.2029893000E-03   2.2417098000E-03   4.5107801000E-03   2.1416347000E-03
   45      4.4724293000E-03  -5.6218930000E-04  -9.0006910000E-04  -6.4634900000E-04   1.5120559000E-03
   46      9.3259790000E-04  -6.5409602000E-03   1.2215157000E-03   1.1570263900E-02   1.1879927900E-02
   47     -6.5272295000E-03  -1.9275007000E-03  -3.1523162000E-03   5.8179026000E-03   5.8036417000E-03
                   10                 11                 12                 13                 14        
    0     -2.2492293000E-03  -1.6954750000E-03   1.2357777000E-03  -3.0928158000E-03  -4.4233678000E-03
    1     -2.7538210000E-03   3.4449750000E-04  -7.3390130000E-03  -5.7827993000E-03   3.8414324000E-03
    2      2.5564718000E-03  -7.5177300000E-04  -5.3899282000E-02  -3.2388632900E-02   3.2986014500E-02
    3     -2.4209490700E-02   2.2991510000E-03  -4.3150251800E-02  -2.4984609300E-02   3.0051093000E-03
    4     -1.6327840000E-03   6.5644926000E-03  -1.9160315300E-02   3.4296620000E-03  -4.4315005000E-03
    5      1.1815700000E-03   1.6374623200E-02  -1.8864610100E-02  -1.2209283000E-03  -1.2261556200E-02
    6      9.1965500000E-04   6.7351708500E-02   2.0726736000E-03   1.3542412600E-02  -2.3448109300E-02
    7     -7.3091563500E-02  -3.0676406000E-03   9.2246307000E-03  -8.1383112000E-03  -1.4916621000E-03
    8      1.0395261000E-03  -2.6737980500E-02   9.9968362000E-03  -2.6142283600E-02   3.8911382600E-02
    9      2.0076679400E-02  -2.0979834380E-01  -1.6388032800E-02  -2.0768932900E-02   6.6955764100E-02
   10      4.0272232140E-01   2.3708369400E-02  -1.7499071000E-03   5.0526501000E-03   1.7201888000E-03
   11      2.3708369400E-02   2.2484605210E-01   1.8570571800E-02   3.4196086000E-03  -3.5643898500E-02
   12     -1.7499071000E-03   1.8570571800E-02   4.5479355280E-01   3.5887619000E-03   1.6010606100E-01
   13      5.0526501000E-03   3.4196086000E-03   3.5887619000E-03   2.9238235150E-01   2.4036217700E-02
   14      1.7201888000E-03  -3.5643898500E-02   1.6010606100E-01   2.4036217700E-02   3.1546336400E-01
   15     -2.0985891000E-03   3.2776720000E-04  -2.2086580570E-01  -3.9907152500E-02  -7.3358513900E-02
   16     -2.1750511000E-03  -4.5751741000E-03  -6.1136764900E-02  -7.9758949700E-02  -3.2951588800E-02
   17     -1.1128648000E-03  -1.3218501900E-02   6.2245205700E-02   2.4891262000E-02  -8.9136653100E-02
   18     -7.7393010000E-04  -2.3366000000E-04   9.1164560000E-04   9.0206500000E-04  -1.2486219000E-03
   19      6.1492620000E-04   5.0664800000E-05   5.5499350000E-04   3.4655450000E-04   5.6994490000E-04
   20     -1.3086533000E-03   5.2771800000E-04  -4.7530000000E-05   6.5896040000E-04   2.7493429000E-03
   21     -7.1959350000E-04   2.9339530000E-04   5.3087720000E-04   5.2273020000E-04  -1.6442590000E-04
   22      1.1211155000E-03  -4.5879700000E-05  -3.8223400000E-04  -4.5039130000E-04  -4.6745130000E-04
   23      1.0610241000E-03  -4.9553600000E-04  -5.5901800000E-05  -1.2331436000E-03  -1.1133781000E-03
   24     -8.8285100000E-04  -8.0665600000E-05  -6.3832020000E-04  -7.7940000000E-05   1.3227236000E-03
   25      1.9137029000E-03  -6.9556040000E-04   3.5144100000E-05  -1.5780496000E-03  -7.2993960000E-04
   26     -1.6388696000E-03  -1.1821996000E-03   1.3744959000E-03   1.2083716000E-03  -1.3915314000E-03
   27      2.3104244600E-02   7.7452952000E-03  -7.6047880000E-04   2.0832016000E-03  -2.4490745000E-03
   28      3.1803140000E-04  -1.8425722000E-03   9.0622570000E-04  -1.6145388000E-03   1.4399268000E-03
   29     -3.7785943000E-03  -9.5831200000E-04  -2.6302913000E-03   7.8792849000E-03  -9.5291792000E-03
   30     -9.5800530000E-02   4.5694496300E-02   1.9324450000E-04   2.5855490000E-04  -2.7495129000E-03
   31     -1.8798558450E-01   6.2011918800E-02  -1.4588630000E-04  -1.2629241000E-03  -1.4808990000E-04
   32      7.3365054300E-02  -6.3074670200E-02   9.4698080000E-04   3.0085110000E-04  -6.5661992000E-03
   33      8.3567118900E-02   7.3572498900E-02  -4.3618990000E-04   1.6637239000E-03  -3.2974890000E-03
   34     -1.3856961560E-01  -8.4748643100E-02  -5.6200100000E-04  -1.7452981000E-03   2.2256039000E-03
   35     -9.7914792400E-02  -1.0450587610E-01   1.1827284000E-03   4.4271808000E-03  -9.6530918000E-03
   36     -1.5522970000E-04  -1.5993908000E-03  -3.0957058800E-02   8.6214755000E-03   8.5810778000E-03
   37     -1.6597460000E-03  -9.7586410000E-04  -9.3482535000E-03   5.1949338000E-03   7.9095810000E-04
   38      8.8537080000E-04  -3.3258780000E-04  -3.6356692000E-03  -7.9021223000E-03   1.1660978300E-02
   39      5.8896730000E-04  -3.2049380000E-04  -9.2989457000E-03  -2.6870045900E-02   1.5374804000E-03
   40     -8.2712800000E-04  -1.4992530000E-04  -3.8821750000E-03  -1.0909447100E-02  -2.6653710000E-04
   41     -1.1229468000E-03   1.7674265000E-03  -9.4218389000E-03  -1.2275048000E-03   9.5596243000E-03
   42      2.0155715000E-03  -1.3652437000E-03  -1.0514280410E-01   5.5688565900E-02  -1.3061036970E-01
   43     -3.8491500000E-04  -1.1639761000E-03   7.0410269500E-02  -4.1547767200E-02   9.7703249500E-02
   44     -1.9262740000E-03   2.3864462000E-03  -1.6376027270E-01   1.0618814010E-01  -1.7169720770E-01
   45     -1.6328865000E-03  -7.6161150000E-04  -3.2099883700E-02   2.8830004800E-02   2.4126900000E-04
   46     -2.6625389000E-03   1.1656839000E-03   1.8986524700E-02  -1.5361767550E-01  -9.1840753000E-02
   47      3.2854198000E-03   9.9906950000E-04  -2.1074838000E-03  -1.0289526160E-01  -7.4338011400E-02
                   15                 16                 17                 18                 19        
    0     -8.7103815000E-03  -2.0708316600E-02  -5.2120102000E-02  -1.5174987790E-01  -1.1675867860E-01
    1      1.1286778500E-02  -7.3315880000E-03   2.0318480400E-02  -1.1723164120E-01  -1.6682922930E-01
    2      1.1324133310E-01   2.0941527600E-02   6.9416386900E-02  -3.0534793000E-02  -3.0429293800E-02
    3      7.7797749000E-02   2.4292984400E-02   9.7793450300E-02  -1.9307659100E-02  -1.7745120000E-04
    4      7.1423195000E-03   8.2738102000E-03   1.6328713100E-02  -2.6316880100E-02   1.1926290000E-03
    5     -5.2036222000E-02   3.1381417500E-02   2.1739773900E-02   2.7671470000E-04   2.5934450000E-04
    6     -5.1020350900E-02  -1.1234352800E-02  -1.3647134600E-02  -4.7439594000E-03  -1.0184125000E-03
    7     -2.4907136600E-02  -2.8311503000E-03  -3.3421396000E-03   2.8322488000E-03  -6.4253260000E-04
    8      5.2208095100E-02   1.6946159800E-02   1.3211284000E-03   1.7439710000E-04   1.3413770000E-04
    9      4.1999467700E-02   1.8031510300E-02   4.5295487500E-02  -2.8243440000E-04  -1.2094150000E-04
   10     -2.0985891000E-03  -2.1750511000E-03  -1.1128648000E-03  -7.7393010000E-04   6.1492620000E-04
   11      3.2776720000E-04  -4.5751741000E-03  -1.3218501900E-02  -2.3366000000E-04   5.0664800000E-05
   12     -2.2086580570E-01  -6.1136764900E-02   6.2245205700E-02   9.1164560000E-04   5.5499350000E-04
   13     -3.9907152500E-02  -7.9758949700E-02   2.4891262000E-02   9.0206500000E-04   3.4655450000E-04
   14     -7.3358513900E-02  -3.2951588800E-02  -8.9136653100E-02  -1.2486219000E-03   5.6994490000E-04
   15      3.9587671950E-01   4.8981333500E-02  -1.9553679900E-01  -1.3953718000E-03  -5.7611070000E-04
   16      4.8981333500E-02   4.2910443510E-01  -5.1734744400E-02  -7.9825850000E-04  -1.1347814000E-03
   17     -1.9553679900E-01  -5.1734744400E-02   1.7564158620E-01  -2.7287853000E-03  -3.6234920000E-04
   18     -1.3953718000E-03  -7.9825850000E-04  -2.7287853000E-03   1.6465724470E-01   1.3330750670E-01
   19     -5.7611070000E-04  -1.1347814000E-03  -3.6234920000E-04   1.3330750670E-01   2.1496440300E-01
   20      8.6236880000E-04  -1.1900205000E-03   3.2341479000E-03   3.3595591000E-02   2.3809682100E-02
   21     -1.5834972000E-03   1.7749510000E-04  -1.4081215000E-03   1.0241137300E-02  -1.4413846100E-02
   22     -1.5651020000E-04  -4.2308440000E-04  -8.4048580000E-04   7.7914704000E-03  -5.3514059600E-02
   23      9.7699640000E-04   3.3924410000E-04  -6.4761999000E-03  -1.4138240000E-04   6.4392578000E-03
   24     -3.5326240000E-04   1.5479573000E-03   2.6472827000E-03   2.2480359000E-03   6.0986000000E-04
   25      9.7868840000E-04  -1.3724762000E-03  -2.3582555000E-03  -5.9869260000E-04   6.6432730000E-04
   26      3.6435130000E-04  -2.7485599000E-03  -6.9339927000E-03   6.6376880000E-04   4.7208700000E-05
   27     -7.3679750000E-04  -4.2683910000E-04  -3.8496730000E-04  -6.0441860000E-04  -3.4078100000E-04
   28     -1.7781900000E-04  -1.1463705000E-03  -1.3675655000E-03   3.3895610000E-04   1.3615400000E-05
   29     -4.3096188000E-03  -1.8684749000E-03  -4.1273417000E-03   6.1345000000E-06  -6.4589690000E-04
   30     -1.2592695000E-03  -6.8695910000E-04  -2.8252016000E-03  -1.5859597000E-03   3.6417600000E-04
   31      9.5553370000E-04  -7.9983380000E-04  -3.0172030000E-04   4.5768700000E-04   2.2831650000E-04
   32     -4.8559616000E-03  -3.3780939000E-03  -4.1747219000E-03  -6.2839320000E-04   1.2151280000E-04
   33     -1.0284118000E-03  -1.1029677000E-03  -2.9905476000E-03   1.5819280000E-04  -8.1794100000E-04
   34      1.4168444000E-03  -3.8958070000E-04   9.5582710000E-04   5.8848380000E-04   3.1451840000E-04
   35     -5.9997440000E-03  -2.2490685000E-03  -7.7828907000E-03  -6.2640610000E-04  -2.1844040000E-04
   36     -1.4307064860E-01   6.9967522400E-02   1.0090476890E-01  -1.0701090000E-04   5.4570730000E-04
   37      7.0696523400E-02  -7.5243810400E-02  -6.3034692900E-02  -7.0059300000E-04   6.1296820000E-04
   38      1.2849495420E-01  -6.0353453400E-02  -1.0878646240E-01   2.1969170000E-04   1.9824380000E-04
   39     -3.8395164000E-02  -3.0595586700E-02   1.1169543600E-02   1.0598256000E-03  -4.3357130000E-04
   40     -3.2648586400E-02  -2.3634057800E-01   8.1956144600E-02  -2.0953130000E-04   5.3194480000E-04
   41      2.8980517600E-02   9.5717265500E-02  -4.9719497700E-02   5.0439340000E-04   2.9760650000E-04
   42     -3.5958903200E-02   6.7359519000E-03  -1.8821261100E-02   1.4704523000E-03  -1.8384871000E-03
   43     -1.9152534000E-02   9.8375300000E-05  -9.7830701000E-03   4.0400830000E-04   9.4566330000E-04
   44      1.1979554000E-02   6.6371518000E-03   8.4514417000E-03   5.8284720000E-04  -6.6939840000E-04
   45     -1.1296072100E-02  -4.3044709200E-02  -2.9592818700E-02  -9.6984220000E-04   1.1139774000E-03
   46     -2.1833582800E-02  -2.8529366000E-02  -1.0212539100E-02   7.1008000000E-06   1.6907363000E-03
   47     -1.3390785000E-03  -1.0913587700E-02   1.0551797000E-02   1.1850340000E-04   3.9777520000E-04
                   20                 21                 22                 23                 24        
    0     -4.1561872100E-02  -1.2661666700E-01   9.7033070200E-02  -7.4441011000E-02  -1.8705431600E-02
    1     -3.9227100400E-02   1.0196975940E-01  -1.6054972990E-01   8.0718797300E-02   2.3966163200E-02
    2     -4.3714209500E-02  -5.9248979600E-02   7.0138705200E-02  -7.2660901500E-02  -4.3797947000E-03
    3      6.0089701000E-03  -1.8526213700E-02   6.6988608000E-03   8.9583341000E-03  -9.9741574700E-02
    4      6.0137573000E-03   2.4940545000E-02  -3.0307152000E-03  -8.4447730000E-04   1.0706234210E-01
    5     -1.3943077000E-03  -7.5324602000E-03   2.2823787000E-03   9.0546674000E-03  -5.9438954000E-03
    6      1.6437994000E-03   2.2926514000E-03  -1.4377310000E-03  -9.8530020000E-04   6.5365690000E-03
    7     -9.5047570000E-04   1.5219235000E-03  -8.3987810000E-04  -9.5004510000E-04  -1.0856135100E-02
    8      4.2902896000E-03   1.6515565000E-03  -7.7243970000E-04  -5.0554675000E-03   1.6532770000E-04
    9     -1.7067394000E-03   7.7079660000E-04   5.2418750000E-04   1.1084985000E-03   3.4396120000E-04
   10     -1.3086533000E-03  -7.1959350000E-04   1.1211155000E-03   1.0610241000E-03  -8.8285100000E-04
   11      5.2771800000E-04   2.9339530000E-04  -4.5879700000E-05  -4.9553600000E-04  -8.0665600000E-05
   12     -4.7530000000E-05   5.3087720000E-04  -3.8223400000E-04  -5.5901800000E-05  -6.3832020000E-04
   13      6.5896040000E-04   5.2273020000E-04  -4.5039130000E-04  -1.2331436000E-03  -7.7940000000E-05
   14      2.7493429000E-03  -1.6442590000E-04  -4.6745130000E-04  -1.1133781000E-03   1.3227236000E-03
   15      8.6236880000E-04  -1.5834972000E-03  -1.5651020000E-04   9.7699640000E-04  -3.5326240000E-04
   16     -1.1900205000E-03   1.7749510000E-04  -4.2308440000E-04   3.3924410000E-04   1.5479573000E-03
   17      3.2341479000E-03  -1.4081215000E-03  -8.4048580000E-04  -6.4761999000E-03   2.6472827000E-03
   18      3.3595591000E-02   1.0241137300E-02   7.7914704000E-03  -1.4138240000E-04   2.2480359000E-03
   19      2.3809682100E-02  -1.4413846100E-02  -5.3514059600E-02   6.4392578000E-03   6.0986000000E-04
   20      2.9035722000E-02   3.3392463000E-03   1.2010441100E-02   1.0128583200E-02  -3.0934910000E-04
   21      3.3392463000E-03   1.3583119820E-01  -1.1091474150E-01   6.4212371500E-02  -4.9534318000E-03
   22      1.2010441100E-02  -1.1091474150E-01   2.1332210060E-01  -8.3208880400E-02   2.3522378000E-03
   23      1.0128583200E-02   6.4212371500E-02  -8.3208880400E-02   5.9517600200E-02   3.2816479000E-03
   24     -3.0934910000E-04  -4.9534318000E-03   2.3522378000E-03   3.2816479000E-03   1.1574365820E-01
   25     -4.6644120000E-04  -3.8973980000E-04   3.3375000000E-06  -4.1549800000E-04  -1.2039981750E-01
   26     -3.7865853000E-03  -1.4181630000E-03   1.9443465000E-03   7.2715261000E-03   2.9952602000E-03
   27      7.6248900000E-05   2.9596630000E-04  -5.9441360000E-04  -2.1039110000E-04  -1.2726601000E-03
   28     -2.7456430000E-04  -3.1748800000E-04  -1.0635020000E-04   6.5497100000E-05  -2.6656886000E-03
   29     -4.6925230000E-04   6.0534100000E-05  -5.1101530000E-04   1.3438110000E-04   4.0944750000E-04
   30      3.1807790000E-04   2.4440220000E-04   3.8078850000E-04   6.5271010000E-04  -5.4534520000E-04
   31     -8.0852100000E-05  -6.9463650000E-04   4.3922430000E-04   2.5297750000E-04  -1.7687160000E-04
   32     -5.5325450000E-04  -5.5689760000E-04   1.3507740000E-04   1.1538547000E-03  -7.7939100000E-05
   33      7.1724230000E-04  -3.8753370000E-04  -8.3493590000E-04   4.4675120000E-04   5.0465210000E-04
   34     -3.2719410000E-04  -8.2534010000E-04   2.7800180000E-04   4.9328140000E-04  -2.3790770000E-04
   35      1.4400404000E-03  -4.3694990000E-04  -4.1492230000E-04  -1.2930190000E-04   3.0670190000E-04
   36     -8.6916880000E-04   6.6195060000E-04   4.6328230000E-04  -1.3265772000E-03  -1.2849860000E-04
   37      2.7991930000E-04   4.4258410000E-04   6.7829800000E-04  -1.0419118000E-03  -7.5441900000E-05
   38     -1.1276715000E-03   1.6446270000E-04   3.5445040000E-04   2.3139080000E-04  -6.8420300000E-05
   39     -3.8837710000E-04  -1.1477110000E-04  -1.7988670000E-04  -1.5796454000E-03   4.2460120000E-04
   40      1.8645620000E-04  -8.0469600000E-05   5.0295570000E-04   1.4707680000E-04   1.9117100000E-04
   41      6.7664910000E-04   4.5248090000E-04  -1.7579110000E-04  -1.4026180000E-03  -1.4831000000E-06
   42     -1.0202863000E-03   2.8561580000E-04  -1.8151018000E-03  -9.0330960000E-04   1.3359409000E-03
   43      6.7804590000E-04  -9.2589120000E-04   7.8840200000E-04  -3.0052760000E-04   3.2528460000E-04
   44      3.9170100000E-04   5.4676410000E-04  -1.3074577000E-03  -1.3718798000E-03   2.7955200000E-04
   45     -6.5822190000E-04   1.0275187000E-03   1.0716574000E-03   6.2090000000E-06  -7.9889410000E-04
   46      1.8803930000E-04  -2.9329090000E-04   1.7807732000E-03  -1.5226724000E-03  -6.8236240000E-04
   47     -1.4289132000E-03   4.5186500000E-05   8.7892420000E-04   1.2132792000E-03  -5.4639590000E-04
                   25                 26                 27                 28                 29        
    0      3.8145933000E-03  -2.0579741000E-03   3.1894510000E-04   1.0316411000E-03  -1.0675163000E-03
    1     -1.0951092000E-03   8.5528000000E-04  -1.2232515000E-03   1.3410896000E-03   1.0421195000E-03
    2      1.9341150000E-04   4.5155330000E-03   1.9915490000E-04   5.7136000000E-04   2.4615092000E-03
    3      1.0839525460E-01  -8.8089940000E-04   6.2217166000E-03   9.4598315000E-03   3.6854223000E-03
    4     -2.3963800440E-01   1.1275327800E-02  -1.1140661000E-02  -2.6938548700E-02   1.3194677000E-03
    5      1.2532041400E-02  -3.0041902400E-02   1.9622120000E-04  -6.6755250000E-04   1.8167232000E-03
    6      1.0326065400E-02  -2.8701769000E-03  -1.0126622480E-01   1.0891854990E-01   4.9426024000E-03
    7     -2.5721099400E-02   1.8522997000E-03   1.0935032630E-01  -2.3977427590E-01  -2.1492398000E-02
    8      1.0875567000E-03   2.8109400000E-03   1.1116045500E-02  -1.8752761100E-02  -2.5769597100E-02
    9      1.4970662000E-03   1.6370568000E-03  -1.9129439600E-02   4.0124211000E-03   1.1401523800E-02
   10      1.9137029000E-03  -1.6388696000E-03   2.3104244600E-02   3.1803140000E-04  -3.7785943000E-03
   11     -6.9556040000E-04  -1.1821996000E-03   7.7452952000E-03  -1.8425722000E-03  -9.5831200000E-04
   12      3.5144100000E-05   1.3744959000E-03  -7.6047880000E-04   9.0622570000E-04  -2.6302913000E-03
   13     -1.5780496000E-03   1.2083716000E-03   2.0832016000E-03  -1.6145388000E-03   7.8792849000E-03
   14     -7.2993960000E-04  -1.3915314000E-03  -2.4490745000E-03   1.4399268000E-03  -9.5291792000E-03
   15      9.7868840000E-04   3.6435130000E-04  -7.3679750000E-04  -1.7781900000E-04  -4.3096188000E-03
   16     -1.3724762000E-03  -2.7485599000E-03  -4.2683910000E-04  -1.1463705000E-03  -1.8684749000E-03
   17     -2.3582555000E-03  -6.9339927000E-03  -3.8496730000E-04  -1.3675655000E-03  -4.1273417000E-03
   18     -5.9869260000E-04   6.6376880000E-04  -6.0441860000E-04   3.3895610000E-04   6.1345000000E-06
   19      6.6432730000E-04   4.7208700000E-05  -3.4078100000E-04   1.3615400000E-05  -6.4589690000E-04
   20     -4.6644120000E-04  -3.7865853000E-03   7.6248900000E-05  -2.7456430000E-04  -4.6925230000E-04
   21     -3.8973980000E-04  -1.4181630000E-03   2.9596630000E-04  -3.1748800000E-04   6.0534100000E-05
   22      3.3375000000E-06   1.9443465000E-03  -5.9441360000E-04  -1.0635020000E-04  -5.1101530000E-04
   23     -4.1549800000E-04   7.2715261000E-03  -2.1039110000E-04   6.5497100000E-05   1.3438110000E-04
   24     -1.2039981750E-01   2.9952602000E-03  -1.2726601000E-03  -2.6656886000E-03   4.0944750000E-04
   25      2.6790327210E-01  -1.0276162800E-02  -2.5857517000E-03  -3.4213797000E-03   3.2932720000E-04
   26     -1.0276162800E-02   2.5352918300E-02   1.2686620000E-04   6.0438270000E-04   2.5473479000E-03
   27     -2.5857517000E-03   1.2686620000E-04   1.1905969700E-01  -1.1968650470E-01  -1.4461652400E-02
   28     -3.4213797000E-03   6.0438270000E-04  -1.1968650470E-01   2.6824107520E-01   1.8641913600E-02
   29      3.2932720000E-04   2.5473479000E-03  -1.4461652400E-02   1.8641913600E-02   3.0944746800E-02
   30      1.2217000000E-04  -5.2486290000E-04   1.8776749000E-03  -8.6857870000E-04  -2.1677494000E-03
   31     -7.3883000000E-06   6.2763240000E-04   6.2183070000E-04   6.4579640000E-04  -2.7879460000E-04
   32     -1.7264790000E-04  -1.1078452000E-03  -1.0354657000E-03   4.5961980000E-04  -4.0822495000E-03
   33     -1.7311910000E-04   2.3550070000E-04  -4.9087258000E-03  -2.7531420000E-04   4.2288149000E-03
   34     -1.1845960000E-04   4.4358550000E-04   1.8078824000E-03   1.9853790000E-04  -2.0656747000E-03
   35      3.2935000000E-06   1.1201839000E-03  -5.5318290000E-04   7.4666540000E-04   6.2732168000E-03
   36     -5.6875950000E-04  -1.4953180000E-04   4.9110260000E-04  -1.2072380000E-04  -1.8009330000E-04
   37      3.9004480000E-04  -1.4606860000E-03  -4.6981200000E-05   3.5443780000E-04   5.3495540000E-04
   38      2.4300400000E-04  -7.9250830000E-04  -3.1407000000E-05   2.6159040000E-04   1.1065636000E-03
   39     -2.4759300000E-05   5.7304690000E-04  -4.5094100000E-05  -7.4308500000E-05  -2.5628860000E-04
   40      7.6017920000E-04  -1.1489773000E-03  -3.0649070000E-04   6.4997110000E-04   5.2290230000E-04
   41      4.5293450000E-04   1.1981474000E-03   3.3417100000E-04  -2.5576870000E-04   4.2097930000E-04
   42      1.1787240000E-04   3.1376010000E-04  -5.9139520000E-04  -2.9526980000E-04   4.3770440000E-04
   43      4.4154670000E-04  -1.1442454000E-03  -2.4234040000E-04   4.3675060000E-04   1.7432758000E-03
   44     -7.3393160000E-04   1.4750542000E-03  -1.3659080000E-04  -7.6512690000E-04  -2.4065546000E-03
   45     -5.4621500000E-04  -3.8249890000E-04   1.0501321000E-03  -1.8593020000E-04  -9.8973700000E-05
   46      8.7555560000E-04  -4.4093400000E-04  -3.7347060000E-04   8.0215840000E-04  -1.3723976000E-03
   47      1.0068682000E-03  -1.0550858000E-03  -5.3127120000E-04   1.1349554000E-03   1.6370187000E-03
                   30                 31                 32                 33                 34        
    0     -2.0479848000E-03  -3.1481410000E-04  -1.0842275000E-03  -5.2363940000E-04   3.5120180000E-04
    1      4.3351700000E-05  -2.2721230000E-04   2.1360430000E-03  -8.7733140000E-04   6.0055900000E-05
    2     -6.0711260000E-04   1.9872520000E-04  -1.5919050000E-04   2.3935840000E-04  -5.3662840000E-04
    3     -4.1403567000E-03  -1.2375363000E-03   5.1164250000E-03   2.0985320000E-03  -9.8958740000E-04
    4      1.2827502000E-03   5.0740190000E-04   1.9124259000E-03   1.4626459000E-03   1.0907120000E-04
    5      9.1551314000E-03   2.8778190000E-04   1.2628964200E-02   5.0068050000E-04  -4.2108800000E-04
    6     -1.6969905800E-02   1.6279650000E-04  -5.8701858000E-03  -1.8820985400E-02   4.0627586000E-03
    7     -2.6038181400E-02  -1.2910915000E-03   2.8858990000E-03   2.4384384400E-02  -1.8713803000E-03
    8      8.0141906000E-03  -7.6598960000E-04   6.7302225000E-03   1.3645837400E-02  -1.5541519000E-03
    9     -1.0522359020E-01  -1.0046773380E-01   6.3589523400E-02  -1.0700695280E-01   8.0490373200E-02
   10     -9.5800530000E-02  -1.8798558450E-01   7.3365054300E-02   8.3567118900E-02  -1.3856961560E-01
   11      4.5694496300E-02   6.2011918800E-02  -6.3074670200E-02   7.3572498900E-02  -8.4748643100E-02
   12      1.9324450000E-04  -1.4588630000E-04   9.4698080000E-04  -4.3618990000E-04  -5.6200100000E-04
   13      2.5855490000E-04  -1.2629241000E-03   3.0085110000E-04   1.6637239000E-03  -1.7452981000E-03
   14     -2.7495129000E-03  -1.4808990000E-04  -6.5661992000E-03  -3.2974890000E-03   2.2256039000E-03
   15     -1.2592695000E-03   9.5553370000E-04  -4.8559616000E-03  -1.0284118000E-03   1.4168444000E-03
   16     -6.8695910000E-04  -7.9983380000E-04  -3.3780939000E-03  -1.1029677000E-03  -3.8958070000E-04
   17     -2.8252016000E-03  -3.0172030000E-04  -4.1747219000E-03  -2.9905476000E-03   9.5582710000E-04
   18     -1.5859597000E-03   4.5768700000E-04  -6.2839320000E-04   1.5819280000E-04   5.8848380000E-04
   19      3.6417600000E-04   2.2831650000E-04   1.2151280000E-04  -8.1794100000E-04   3.1451840000E-04
   20      3.1807790000E-04  -8.0852100000E-05  -5.5325450000E-04   7.1724230000E-04  -3.2719410000E-04
   21      2.4440220000E-04  -6.9463650000E-04  -5.5689760000E-04  -3.8753370000E-04  -8.2534010000E-04
   22      3.8078850000E-04   4.3922430000E-04   1.3507740000E-04  -8.3493590000E-04   2.7800180000E-04
   23      6.5271010000E-04   2.5297750000E-04   1.1538547000E-03   4.4675120000E-04   4.9328140000E-04
   24     -5.4534520000E-04  -1.7687160000E-04  -7.7939100000E-05   5.0465210000E-04  -2.3790770000E-04
   25      1.2217000000E-04  -7.3883000000E-06  -1.7264790000E-04  -1.7311910000E-04  -1.1845960000E-04
   26     -5.2486290000E-04   6.2763240000E-04  -1.1078452000E-03   2.3550070000E-04   4.4358550000E-04
   27      1.8776749000E-03   6.2183070000E-04  -1.0354657000E-03  -4.9087258000E-03   1.8078824000E-03
   28     -8.6857870000E-04   6.4579640000E-04   4.5961980000E-04  -2.7531420000E-04   1.9853790000E-04
   29     -2.1677494000E-03  -2.7879460000E-04  -4.0822495000E-03   4.2288149000E-03  -2.0656747000E-03
   30      1.1704210380E-01   1.1138496160E-01  -5.6474798300E-02   1.0236027300E-02   1.0764502700E-02
   31      1.1138496160E-01   2.3938739950E-01  -6.0520105300E-02  -9.3957344000E-03  -5.4860225800E-02
   32     -5.6474798300E-02  -6.0520105300E-02   4.5717685400E-02  -1.2134563000E-03  -1.4452575100E-02
   33      1.0236027300E-02  -9.3957344000E-03  -1.2134563000E-03   1.1808620770E-01  -9.5980171500E-02
   34      1.0764502700E-02  -5.4860225800E-02  -1.4452575100E-02  -9.5980171500E-02   1.9150211800E-01
   35      9.4512330000E-04  -1.9086222000E-03   1.2161099700E-02  -8.6229867400E-02   1.0025236990E-01
   36      7.4893720000E-04  -9.7212650000E-04   2.9738580000E-04   1.9839830000E-04  -8.4803000000E-04
   37      9.8204200000E-05   1.2741387000E-03  -5.8233810000E-04  -8.3510840000E-04   1.2783587000E-03
   38      7.1177800000E-05   3.1699180000E-04   1.1147853000E-03  -1.3477580000E-04   4.8402000000E-04
   39     -5.6935100000E-05   1.0761510000E-04   6.4192920000E-04   1.1442394000E-03   8.1068000000E-05
   40     -9.6387800000E-05   1.5622366000E-03  -3.8954200000E-05  -4.8677410000E-04   1.6503706000E-03
   41      7.1729410000E-04   7.9409900000E-05   7.2254860000E-04   8.9920720000E-04  -3.2562330000E-04
   42     -2.0304520000E-04   1.2237060000E-03   8.4425130000E-04   9.5910540000E-04   1.3334050000E-03
   43     -8.8356850000E-04   1.5762404000E-03  -3.4648000000E-05   5.7659250000E-04   1.8217939000E-03
   44      2.2025120000E-04  -8.3430150000E-04  -4.8195590000E-04   4.3547000000E-04  -1.1559448000E-03
   45      1.6900022000E-03  -1.5087909000E-03   3.6082960000E-04  -2.7291630000E-04  -1.4534821000E-03
   46     -3.2525410000E-04   8.1350590000E-04  -2.1371207000E-03  -8.7506800000E-04   3.4173370000E-04
   47     -4.3921490000E-04   1.0630381000E-03  -2.9073500000E-05  -1.0552252000E-03   7.3283570000E-04
                   35                 36                 37                 38                 39        
    0     -2.1220183000E-03  -4.2452210000E-03  -3.4631284000E-03  -1.1987701000E-03   7.1495970000E-04
    1     -4.0243020000E-04  -9.6557500000E-05   1.7302012000E-03  -5.0243102000E-03   3.0737066000E-03
    2      3.2852461000E-03  -6.2282484000E-03   1.2651098000E-03  -2.0479593200E-02  -3.6506370000E-04
    3      1.8940598000E-03  -1.5616773000E-03   2.0772575000E-03  -1.0076835100E-02  -1.6162653000E-03
    4      1.9344276000E-03   4.4454087000E-03   6.5595140000E-04   1.2708644000E-03  -2.2513921000E-03
    5      1.2765564000E-03   1.3187328500E-02   5.1330716000E-03   1.5508992400E-02   3.2335110000E-03
    6     -6.8684497000E-03   6.5185320000E-04  -2.2969574000E-03   7.5581225000E-03   4.2945430000E-04
    7     -5.0979480000E-03  -1.4014350000E-04  -9.5533970000E-04   4.4433843000E-03   7.0705810000E-04
    8      8.2653929000E-03  -1.8556496000E-03   2.9509168000E-03  -7.2702900000E-03  -4.1745860000E-04
    9      9.7062446000E-02   2.3327120000E-03   3.5617343000E-03  -6.0957031000E-03  -1.9906359000E-03
   10     -9.7914792400E-02  -1.5522970000E-04  -1.6597460000E-03   8.8537080000E-04   5.8896730000E-04
   11     -1.0450587610E-01  -1.5993908000E-03  -9.7586410000E-04  -3.3258780000E-04  -3.2049380000E-04
   12      1.1827284000E-03  -3.0957058800E-02  -9.3482535000E-03  -3.6356692000E-03  -9.2989457000E-03
   13      4.4271808000E-03   8.6214755000E-03   5.1949338000E-03  -7.9021223000E-03  -2.6870045900E-02
   14     -9.6530918000E-03   8.5810778000E-03   7.9095810000E-04   1.1660978300E-02   1.5374804000E-03
   15     -5.9997440000E-03  -1.4307064860E-01   7.0696523400E-02   1.2849495420E-01  -3.8395164000E-02
   16     -2.2490685000E-03   6.9967522400E-02  -7.5243810400E-02  -6.0353453400E-02  -3.0595586700E-02
   17     -7.7828907000E-03   1.0090476890E-01  -6.3034692900E-02  -1.0878646240E-01   1.1169543600E-02
   18     -6.2640610000E-04  -1.0701090000E-04  -7.0059300000E-04   2.1969170000E-04   1.0598256000E-03
   19     -2.1844040000E-04   5.4570730000E-04   6.1296820000E-04   1.9824380000E-04  -4.3357130000E-04
   20      1.4400404000E-03  -8.6916880000E-04   2.7991930000E-04  -1.1276715000E-03  -3.8837710000E-04
   21     -4.3694990000E-04   6.6195060000E-04   4.4258410000E-04   1.6446270000E-04  -1.1477110000E-04
   22     -4.1492230000E-04   4.6328230000E-04   6.7829800000E-04   3.5445040000E-04  -1.7988670000E-04
   23     -1.2930190000E-04  -1.3265772000E-03  -1.0419118000E-03   2.3139080000E-04  -1.5796454000E-03
   24      3.0670190000E-04  -1.2849860000E-04  -7.5441900000E-05  -6.8420300000E-05   4.2460120000E-04
   25      3.2935000000E-06  -5.6875950000E-04   3.9004480000E-04   2.4300400000E-04  -2.4759300000E-05
   26      1.1201839000E-03  -1.4953180000E-04  -1.4606860000E-03  -7.9250830000E-04   5.7304690000E-04
   27     -5.5318290000E-04   4.9110260000E-04  -4.6981200000E-05  -3.1407000000E-05  -4.5094100000E-05
   28      7.4666540000E-04  -1.2072380000E-04   3.5443780000E-04   2.6159040000E-04  -7.4308500000E-05
   29      6.2732168000E-03  -1.8009330000E-04   5.3495540000E-04   1.1065636000E-03  -2.5628860000E-04
   30      9.4512330000E-04   7.4893720000E-04   9.8204200000E-05   7.1177800000E-05  -5.6935100000E-05
   31     -1.9086222000E-03  -9.7212650000E-04   1.2741387000E-03   3.1699180000E-04   1.0761510000E-04
   32      1.2161099700E-02   2.9738580000E-04  -5.8233810000E-04   1.1147853000E-03   6.4192920000E-04
   33     -8.6229867400E-02   1.9839830000E-04  -8.3510840000E-04  -1.3477580000E-04   1.1442394000E-03
   34      1.0025236990E-01  -8.4803000000E-04   1.2783587000E-03   4.8402000000E-04   8.1068000000E-05
   35      8.7087512100E-02  -1.0913170000E-04   8.3493300000E-05  -3.4419600000E-05   8.3910020000E-04
   36     -1.0913170000E-04   1.7570326000E-01  -9.1794643300E-02  -1.1603162220E-01   1.2292672000E-03
   37      8.3493300000E-05  -9.1794643300E-02   1.0819605720E-01   6.6480662500E-02   3.1219292800E-02
   38     -3.4419600000E-05  -1.1603162220E-01   6.6480662500E-02   1.0495606990E-01   1.2294764000E-03
