
$orca_hessian_file

$act_atom
  0

$act_coord
  0

$act_energy
      -22.005829

$multiplicity
  1

$hessian
48
                    0                  1                  2                  3                  4        
    0      7.0116031220E-01  -1.8376269000E-03  -1.7484323510E-01  -3.8232215330E-01   3.9730683500E-02
    1     -1.8376269000E-03   5.5032568290E-01  -2.5946377400E-02   1.5515765700E-02  -8.0076364100E-02
    2     -1.7484323510E-01  -2.5946377400E-02   1.0663216650E-01   1.0750730500E-01  -2.7471972500E-02
    3     -3.8232215330E-01   1.5515765700E-02   1.0750730500E-01   6.5749200230E-01  -2.1354341600E-02
    4      3.9730683500E-02  -8.0076364100E-02  -2.7471972500E-02  -2.1354341600E-02   6.0730716040E-01
    5      1.5886070780E-01  -5.0883400000E-04  -5.8039473300E-02  -1.3844821190E-01   4.0677367100E-02
    6     -5.4935539400E-02  -2.4226564300E-02   4.8281676000E-02  -8.8102587000E-02  -8.4626457900E-02
    7     -2.7469125000E-02   7.6470990000E-04   3.0240858400E-02  -8.5863238000E-02  -2.5666156140E-01
    8      5.4369009000E-03   9.0689515000E-03   3.3497385000E-03   1.9242559000E-03  -4.4563993000E-03
    9      8.3756225000E-03  -4.3145849000E-03  -1.1764306700E-02  -5.5846922100E-02  -2.8492580500E-02
   10     -3.2554214000E-03  -3.1654725000E-03   4.2590385000E-03  -2.6118669900E-02   3.5916400000E-05
   11      7.2296433000E-03  -5.4424681000E-03  -2.5175104800E-02  -3.9681695600E-02  -2.4359789500E-02
   12      4.3569478000E-03  -9.0786297000E-03  -5.5860094900E-02  -4.5863102300E-02  -2.3262113200E-02
   13      1.4164440000E-03  -3.8260231000E-03  -2.5190260700E-02  -2.1128093000E-02  -6.3645176000E-03
   14     -6.4732672000E-03   2.0124838000E-03   2.7240548400E-02   2.0406380800E-02   1.3566342000E-02
   15     -1.3317703000E-02   8.8304732000E-03   7.0722494000E-02   4.4328202700E-02   1.5176973800E-02
   16     -2.9663705000E-03  -1.1147866500E-02   2.5162451300E-02   1.6406954300E-02   7.4033656000E-03
   17     -4.2799281000E-03   1.3531472200E-02   5.8417772200E-02   5.2572305800E-02   1.6066899700E-02
   18     -1.3671186080E-01  -1.2271404570E-01   1.3547905700E-02  -1.7074696900E-02  -2.2890544200E-02
   19     -1.2281646950E-01  -2.0970013250E-01   1.3638087600E-02  -4.8909170000E-04   2.0416070000E-04
   20      8.3818843000E-03   9.1937182000E-03  -3.4823531800E-02   8.5132466000E-03   1.2113795500E-02
   21     -1.0879873300E-01   1.1267288150E-01   3.2866217000E-03  -1.3775193000E-02   2.5292386600E-02
   22      1.1071714470E-01  -2.3951353090E-01   5.0355999000E-03   6.7763594000E-03  -5.0575963000E-03
   23     -4.0449112000E-03   9.8864123000E-03  -2.5735929400E-02   1.3472818500E-02  -1.1413870600E-02
   24     -1.7172524500E-02   2.6308815500E-02   1.4740051000E-03  -1.0217654740E-01   1.0742880490E-01
   25      4.1464563000E-03  -3.0754531000E-03  -1.3219617000E-03   1.0728655960E-01  -2.4188256120E-01
   26      8.7377457000E-03  -9.0848639000E-03  -4.1081807000E-03  -1.9101370000E-04  -4.5111820000E-03
   27      8.1698270000E-04  -2.5118509000E-03   2.0059460000E-04   6.7739218000E-03  -1.0067485900E-02
   28      1.2597869000E-03   4.6533280000E-04  -3.9900000000E-04   1.0875040600E-02  -2.7252554800E-02
   29      4.0028270000E-04   3.5357430000E-04  -2.3768602000E-03  -1.6403935000E-03  -4.8691662000E-03
   30     -2.3977130000E-04  -8.6307440000E-04  -7.9157410000E-04  -5.7672633000E-03   4.5274850000E-04
   31      5.3042200000E-05  -5.8232300000E-05  -6.3894160000E-04  -1.0740311000E-03   5.7717360000E-04
   32     -1.7593346000E-03  -1.3125475000E-03   4.3211870000E-04  -2.2486967000E-03   1.2306007000E-03
   33      2.1000080000E-04  -1.1853080000E-04  -3.3724680000E-04   6.0367270000E-04   1.6930520000E-03
   34     -2.6608490000E-04  -2.7274140000E-04   2.4174020000E-04  -1.8745862000E-03   1.3091181000E-03
   35      1.0754150000E-04   3.4770630000E-04   7.9574490000E-04   2.0730554000E-03   1.1575157000E-03
   36      6.2710720000E-04  -3.3390300000E-04  -4.1311589000E-03  -2.0504760000E-03  -5.2360310000E-04
   37      2.9737460000E-04   5.9846910000E-04  -3.9148770000E-04   1.9070690000E-04  -3.6130390000E-04
   38      2.2097859000E-03  -5.0920923000E-03  -1.7724398200E-02  -7.0146436000E-03  -2.2248374000E-03
   39     -3.0901040000E-04   2.1661370000E-03  -3.9854092000E-03  -9.0013000000E-04  -1.0797715000E-03
   40      5.7182080000E-04  -3.8730760000E-04   1.7303422000E-03   3.7509840000E-04   3.1245450000E-04
   41     -2.3354048000E-03   5.7131230000E-03  -1.3861762400E-02  -5.0061618000E-03  -2.9698150000E-04
   42     -1.2026899000E-03   3.3145160000E-04   4.0264591000E-03   2.5711914000E-03   1.2980504000E-03
   43     -5.9739290000E-04   8.0980700000E-05   1.1142844000E-03   9.7826700000E-04   5.3315650000E-04
   44      1.5287221000E-03  -1.7357817000E-03  -9.9404442000E-03  -7.6004049000E-03  -3.9064013000E-03
   45     -5.3698750000E-04   1.7328610000E-04   2.6659646000E-03   2.1100805000E-03   1.2241983000E-03
   46      1.0157381000E-03  -1.0120513000E-03  -6.2400800000E-05  -5.0270030000E-04  -2.6046400000E-05
   47      8.4286670000E-04  -9.8447660000E-04  -5.0824041000E-03  -4.6381464000E-03  -1.3019203000E-03
                    5                  6                  7                  8                  9        
    0      1.5886070780E-01  -5.4935539400E-02  -2.7469125000E-02   5.4369009000E-03   8.3756225000E-03
    1     -5.0883400000E-04  -2.4226564300E-02   7.6470990000E-04   9.0689515000E-03  -4.3145849000E-03
    2     -5.8039473300E-02   4.8281676000E-02   3.0240858400E-02   3.3497385000E-03  -1.1764306700E-02
    3     -1.3844821190E-01  -8.8102587000E-02  -8.5863238000E-02   1.9242559000E-03  -5.5846922100E-02
    4      4.0677367100E-02  -8.4626457900E-02  -2.5666156140E-01  -4.4563993000E-03  -2.8492580500E-02
    5      1.9511865060E-01  -1.3104333000E-02  -1.4236956200E-02  -3.7132542500E-02  -3.9265610000E-04
    6     -1.3104333000E-02   7.3309923150E-01  -1.7203015300E-02   9.4982187200E-02  -4.4827623270E-01
    7     -1.4236956200E-02  -1.7203015300E-02   6.0089619930E-01  -2.1171006000E-03   3.4580573500E-02
    8     -3.7132542500E-02   9.4982187200E-02  -2.1171006000E-03   1.5326307080E-01  -1.1816737530E-01
    9     -3.9265610000E-04  -4.4827623270E-01   3.4580573500E-02  -1.1816737530E-01   7.5913958140E-01
   10     -5.2942163000E-03   8.7185969000E-03  -7.8341506000E-02  -7.2122983000E-03  -7.9292100000E-04
   11      4.8665162000E-03  -7.6530894800E-02   1.8209875900E-02  -3.1916806900E-02   1.2451370930E-01
   12      1.1094215400E-02   3.9710203300E-02   1.8602004200E-02   2.6277482900E-02  -1.2297493500E-02
   13      1.0779275500E-02   1.6403497800E-02   1.0957697300E-02   9.4736855000E-03  -3.4663220000E-03
   14     -2.2377621000E-02  -4.3126279000E-02  -1.5803017800E-02  -3.5875160000E-02   8.1110820000E-03
   15     -3.1068362900E-02  -4.0583207400E-02  -2.3729546300E-02  -5.1112574000E-03   8.8879540000E-03
   16     -1.2399517000E-02  -1.7350903600E-02  -7.1172279000E-03  -1.8180985000E-03   3.0535190000E-03
   17     -5.4246264900E-02  -2.3974370400E-02  -1.8419211800E-02  -2.2757683500E-02   5.6754875000E-03
   18      3.3545275000E-03  -5.4521969000E-03   1.4521600000E-05   4.3795152000E-03  -1.7002350000E-04
   19      5.3845240000E-04  -1.2022799000E-03   5.8751790000E-04   1.5924620000E-04  -1.8765600000E-05
   20     -2.5148337000E-03   4.2511472000E-03  -1.7778812000E-03   7.5494698000E-03   1.4296860000E-03
   21      6.3308100000E-05  -7.5647590000E-04   1.4787285000E-03  -1.3498272000E-03   4.3802290000E-04
   22     -2.0236360000E-03  -2.3695205000E-03   1.2528721000E-03   3.7289400000E-04  -2.6312140000E-04
   23     -3.4024126000E-03  -3.8957372000E-03  -1.7586317000E-03  -4.4522729000E-03   3.5205430000E-04
   24      7.6556699000E-03   7.3305764000E-03  -1.1081996900E-02  -6.5903740000E-04   1.1282145000E-03
   25     -8.8743610000E-03   1.0890091200E-02  -2.6924475600E-02  -1.4652075000E-03   1.2724414000E-03
   26     -3.1596312900E-02   1.3196719000E-03   1.4312089000E-03   3.8967570000E-04  -3.3653740000E-04
   27     -6.0793200000E-05  -1.0486914690E-01   1.0846115220E-01  -2.2434470000E-04  -1.9854565000E-02
   28     -4.9836980000E-04   1.0897600710E-01  -2.3643862580E-01  -2.7764319000E-03   4.4870760000E-03
   29      8.0011670000E-04   6.4416149000E-03  -3.2330383000E-03  -3.5023909400E-02  -6.3696287000E-03
   30     -2.4098764000E-03  -1.7731600900E-02  -2.4890576600E-02  -4.5980378000E-03  -1.2503476230E-01
   31     -8.4053000000E-06  -1.3170057000E-03  -3.4311190000E-04  -5.1722970000E-04  -1.2177418010E-01
   32      9.4645759000E-03  -5.8973691000E-03  -8.6924280000E-03  -2.2035616000E-03  -7.6986624000E-03
   33      1.0918076000E-03  -1.7656760000E-02   2.6796714900E-02   4.6001330000E-04  -1.1615299330E-01
   34      1.7712690000E-04   6.2802619000E-03  -3.8035007000E-03   9.6401740000E-04   1.1519988350E-01
   35     -4.9378630000E-03  -8.2366331000E-03   7.7780074000E-03  -8.4434690000E-04   8.2527704000E-03
   36      9.7104820000E-04   1.5992028000E-03   1.2642283000E-03  -2.9290020000E-04  -7.0125970000E-04
   37     -3.8178300000E-04  -4.8842970000E-04  -3.9100570000E-04   2.5999900000E-04  -3.7882710000E-04
   38      3.8114846000E-03   6.1130516000E-03   4.0098521000E-03   1.1972907000E-03  -1.5067226000E-03
   39      1.4009467000E-03   7.9249100000E-04   6.8194080000E-04  -6.8588000000E-05  -6.5799590000E-04
   40     -3.5516230000E-04  -2.5001240000E-04  -7.3617740000E-04  -1.2169920000E-04   9.8268700000E-05
   41      1.4266997000E-03   4.6611815000E-03   1.4173881000E-03   1.4541800000E-04  -6.7185390000E-04
   42      8.3253620000E-04  -2.3481504000E-03  -6.3086440000E-04  -1.1869317000E-03   9.1271900000E-04
   43     -2.6040340000E-04  -9.8521370000E-04  -5.9539940000E-04  -4.6787800000E-05   2.5590950000E-04
   44      1.1437572000E-03   6.3277378000E-03   2.4644399000E-03   3.2167187000E-03  -1.9963060000E-03
   45      1.5946620000E-04  -1.8198075000E-03  -1.0115016000E-03  -1.8020558000E-03   1.1013360000E-04
   46     -7.3305774000E-03  -1.2490521000E-03  -3.1064047000E-03   2.3245930000E-04   5.5363100000E-04
   47     -2.3844771000E-03   2.3873487000E-03   4.8663500000E-04   1.0949014000E-03   5.6925960000E-04
                   10                 11                 12                 13                 14        
    0     -3.2554214000E-03   7.2296433000E-03   4.3569478000E-03   1.4164440000E-03  -6.4732672000E-03
    1     -3.1654725000E-03  -5.4424681000E-03  -9.0786297000E-03  -3.8260231000E-03   2.0124838000E-03
    2      4.2590385000E-03  -2.5175104800E-02  -5.5860094900E-02  -2.5190260700E-02   2.7240548400E-02
    3     -2.6118669900E-02  -3.9681695600E-02  -4.5863102300E-02  -2.1128093000E-02   2.0406380800E-02
    4      3.5916400000E-05  -2.4359789500E-02  -2.3262113200E-02  -6.3645176000E-03   1.3566342000E-02
    5     -5.2942163000E-03   4.8665162000E-03   1.1094215400E-02   1.0779275500E-02  -2.2377621000E-02
    6      8.7185969000E-03  -7.6530894800E-02   3.9710203300E-02   1.6403497800E-02  -4.3126279000E-02
    7     -7.8341506000E-02   1.8209875900E-02   1.8602004200E-02   1.0957697300E-02  -1.5803017800E-02
    8     -7.2122983000E-03  -3.1916806900E-02   2.6277482900E-02   9.4736855000E-03  -3.5875160000E-02
    9     -7.9292100000E-04   1.2451370930E-01  -1.2297493500E-02  -3.4663220000E-03   8.1110820000E-03
   10      5.5372122700E-01   3.6451515700E-02   5.9846745000E-03  -5.8976102000E-03  -4.3821089000E-03
   11      3.6451515700E-02   9.2221237000E-02  -4.2781884900E-02  -1.7575893800E-02   2.6449692300E-02
   12      5.9846745000E-03  -4.2781884900E-02   5.9036461750E-01   2.2110052600E-02   1.7813545760E-01
   13     -5.8976102000E-03  -1.7575893800E-02   2.2110052600E-02   4.5386906240E-01   3.6106964400E-02
   14     -4.3821089000E-03   2.6449692300E-02   1.7813545760E-01   3.6106964400E-02   1.8637282450E-01
   15     -5.4704653000E-03   3.1515400800E-02  -2.9206618540E-01  -9.6317870000E-02  -4.8231296200E-02
   16     -2.5223789000E-03   1.3776353300E-02  -9.9435362200E-02  -1.2048989070E-01  -2.2718522100E-02
   17     -2.9285555000E-03   2.2143353100E-02   4.9203814800E-02   1.4333030200E-02  -6.2840784300E-02
   18     -7.6577370000E-04   4.4517960000E-04  -1.6728000000E-06  -1.5818420000E-04  -4.3639430000E-04
   19     -1.0165000000E-06   2.4044360000E-04   4.5498740000E-04  -3.6595140000E-04   2.4678990000E-04
   20      1.3473909000E-03   2.4924380000E-04   2.6913300000E-04   8.0979900000E-04  -1.2380656000E-03
   21     -2.1947830000E-04   7.1772060000E-04   5.3521900000E-04   1.0341135000E-03  -8.1715790000E-04
   22     -2.1122110000E-04  -2.2521490000E-04   1.8172600000E-05   8.7786000000E-06  -2.1841000000E-06
   23     -6.0918560000E-04   1.2603647000E-03   2.8164595000E-03   1.0825363000E-03  -1.1938319000E-03
   24     -1.6625227000E-03  -4.1019010000E-04  -9.1984950000E-04  -2.9618000000E-05   1.5564500000E-04
   25      7.0859720000E-04   4.2247050000E-04   1.6333900000E-05  -1.8611557000E-03   3.9631240000E-04
   26      1.8089400000E-04  -2.0712408000E-03  -9.7592950000E-04  -2.8625650000E-04   7.5829370000E-04
   27      2.6811517600E-02  -2.6352490000E-04  -3.1957740000E-04   1.2641284000E-03  -6.1670910000E-04
   28     -2.6460602000E-03   9.5159070000E-04   1.1134784000E-03  -1.0911560000E-03   2.4984000000E-04
   29      5.4332229000E-03  -1.7243908000E-03  -1.8832832000E-03  -1.7053270000E-04   5.8100580000E-04
   30     -1.2052554780E-01  -1.1646670300E-02  -1.0268932000E-03  -1.8326858000E-03   2.3354640000E-04
   31     -2.2688701890E-01  -1.6039540700E-02  -4.6015290000E-04  -1.4387968000E-03   5.6639370000E-04
   32     -1.1863589300E-02  -3.3123005900E-02   1.1835129000E-03   2.4352071000E-03   8.1856280000E-04
   33      1.1618438230E-01   4.0908174000E-03  -1.4753129000E-03   9.9399950000E-04   5.7415060000E-04
   34     -2.3304654930E-01  -1.1427364700E-02   4.0482900000E-05  -1.3385552000E-03  -1.1877430000E-04
   35     -1.5257924600E-02  -3.0455593800E-02   2.1351345000E-03  -5.7218390000E-04  -1.5754584000E-03
   36      1.9816890000E-04  -2.3108329000E-03  -3.2505633900E-02   8.9663244000E-03   7.3493582000E-03
   37     -4.0732800000E-04   3.1204670000E-04  -8.6028557000E-03   7.5850100000E-03   2.1812137000E-03
   38      9.7312100000E-04  -4.9360366000E-03  -1.2525485700E-02  -7.8899863000E-03   6.5189999000E-03
   39     -1.0248990000E-04  -9.2615430000E-04  -3.4144179000E-03  -2.6526525400E-02   9.0594140000E-04
   40     -3.9880300000E-05  -5.4051500000E-05  -1.3457963000E-03  -1.7280641300E-02  -2.4612120000E-04
   41      6.9070540000E-04  -4.0848059000E-03  -7.6701681000E-03  -1.1907554000E-03   5.9280780000E-04
   42     -4.6753830000E-04   3.0435852000E-03  -2.0091732020E-01   9.0908616000E-02  -1.1034190770E-01
   43      2.5051080000E-04   1.8204809000E-03   9.1640608600E-02  -7.1537853300E-02   4.9197438500E-02
   44      2.8614694000E-03  -9.6362102000E-03  -1.3679076730E-01   5.2288635000E-02  -7.6482782500E-02
   45      1.4834884000E-03   2.9957917000E-03  -4.4159528400E-02   6.3621222000E-03  -5.8285505000E-03
   46     -1.5502095000E-03   2.9395458000E-03   2.2041148000E-03  -2.4092839700E-01  -6.1253050000E-02
   47     -4.6494793000E-03  -4.0672115000E-03  -1.2627597100E-02  -7.4433263500E-02  -4.7749031500E-02
                   15                 16                 17                 18                 19        
    0     -1.3317703000E-02  -2.9663705000E-03  -4.2799281000E-03  -1.3671186080E-01  -1.2281646950E-01
    1      8.8304732000E-03  -1.1147866500E-02   1.3531472200E-02  -1.2271404570E-01  -2.0970013250E-01
    2      7.0722494000E-02   2.5162451300E-02   5.8417772200E-02   1.3547905700E-02   1.3638087600E-02
    3      4.4328202700E-02   1.6406954300E-02   5.2572305800E-02  -1.7074696900E-02  -4.8909170000E-04
    4      1.5176973800E-02   7.4033656000E-03   1.6066899700E-02  -2.2890544200E-02   2.0416070000E-04
    5     -3.1068362900E-02  -1.2399517000E-02  -5.4246264900E-02   3.3545275000E-03   5.3845240000E-04
    6     -4.0583207400E-02  -1.7350903600E-02  -2.3974370400E-02  -5.4521969000E-03  -1.2022799000E-03
    7     -2.3729546300E-02  -7.1172279000E-03  -1.8419211800E-02   1.4521600000E-05   5.8751790000E-04
    8     -5.1112574000E-03  -1.8180985000E-03  -2.2757683500E-02   4.3795152000E-03   1.5924620000E-04
    9      8.8879540000E-03   3.0535190000E-03   5.6754875000E-03  -1.7002350000E-04  -1.8765600000E-05
   10     -5.4704653000E-03  -2.5223789000E-03  -2.9285555000E-03  -7.6577370000E-04  -1.0165000000E-06
   11      3.1515400800E-02   1.3776353300E-02   2.2143353100E-02   4.4517960000E-04   2.4044360000E-04
   12     -2.9206618540E-01  -9.9435362200E-02   4.9203814800E-02  -1.6728000000E-06   4.5498740000E-04
   13     -9.6317870000E-02  -1.2048989070E-01   1.4333030200E-02  -1.5818420000E-04  -3.6595140000E-04
   14     -4.8231296200E-02  -2.2718522100E-02  -6.2840784300E-02  -4.3639430000E-04   2.4678990000E-04
   15      5.7460851250E-01   3.3184404200E-02  -1.5513303370E-01  -1.4709171000E-03   1.3524000000E-05
   16      3.3184404200E-02   5.8502597760E-01   2.3491421000E-03  -1.9372795000E-03  -4.5970320000E-04
   17     -1.5513303370E-01   2.3491421000E-03   1.3043510670E-01  -6.4654020000E-04  -2.3921220000E-04
   18     -1.4709171000E-03  -1.9372795000E-03  -6.4654020000E-04   1.5306784930E-01   1.3804619220E-01
   19      1.3524000000E-05  -4.5970320000E-04  -2.3921220000E-04   1.3804619220E-01   2.3332667020E-01
   20     -3.3080842000E-03  -3.5617685000E-03   1.4560580000E-04  -1.7954777400E-02  -1.7066347300E-02
   21     -3.1012857000E-03   1.4373520000E-03  -3.0538270000E-03   7.2192788000E-03  -1.4585948200E-02
   22      3.7611300000E-05  -1.2995390000E-04   6.3156700000E-05   1.0447929600E-02  -2.6979698700E-02
   23     -6.6334708000E-03   2.6621981000E-03  -7.1686802000E-03  -4.4803690000E-04   2.6960314000E-03
   24      2.8570290000E-04   4.7891950000E-04   4.5529620000E-04   7.3583790000E-04   7.4994550000E-04
   25      6.4736460000E-04  -3.3861290000E-04   3.7862000000E-05  -5.7811550000E-04   9.8713710000E-04
   26      1.4449086000E-03   7.3422260000E-04   1.7924773000E-03  -1.0787166000E-03  -5.2434200000E-05
   27     -5.3528510000E-04  -5.2821400000E-05  -1.1339650000E-04  -1.0620610000E-04   6.1678500000E-05
   28     -2.7033420000E-04  -6.5465540000E-04  -4.1459490000E-04   3.1399860000E-04   5.6992660000E-04
   29      1.0124373000E-03  -5.9525600000E-05   8.4491030000E-04   9.4596000000E-06  -6.3269000000E-05
   30      2.9614200000E-04   1.2477620000E-04   3.5601770000E-04  -1.2856960000E-04   1.3653400000E-05
   31      7.8018430000E-04   6.6920000000E-06  -2.8618200000E-05   9.0333500000E-05   1.9740500000E-04
   32     -4.0029100000E-05  -3.4127390000E-04  -8.7970360000E-04  -1.0738755000E-03  -1.9069810000E-04
   33      1.3438470000E-04   1.0945920000E-04   2.4956650000E-04   1.1008760000E-04  -1.4153170000E-04
   34      1.6295890000E-04   4.5213600000E-05  -9.6288000000E-06  -6.4512600000E-05   1.9578600000E-04
   35     -1.1744621000E-03  -1.8651860000E-04  -8.1683340000E-04   1.3204300000E-04  -7.7785200000E-05
   36     -2.0053073860E-01   1.0506328340E-01   9.0917729500E-02  -2.1549000000E-06   1.5915600000E-05
   37      1.0248716460E-01  -1.0605765810E-01  -5.0019979500E-02  -4.4689000000E-05  -1.1232150000E-04
   38      1.1013939120E-01  -4.7848422900E-02  -5.5681011100E-02  -4.7025900000E-05  -8.9702700000E-05
   39     -3.9338248500E-02  -2.6060943000E-03   7.6899844000E-03  -2.4964390000E-04   5.9111800000E-05
   40     -6.5183991000E-03  -3.0602380760E-01   3.2547483800E-02  -7.2564400000E-05   6.0313880000E-04
   41      1.5974008900E-02   4.1283196300E-02  -2.3681550200E-02  -3.9982640000E-04   2.4705180000E-04
   42     -3.2318485600E-02   5.2126909000E-03  -9.3131840000E-03   2.9776090000E-04  -3.2343680000E-04
   43     -1.1403596100E-02   3.3008131000E-03  -2.2946819000E-03   1.4128220000E-04   1.6798940000E-04
   44      1.5470557200E-02   8.7443357000E-03   8.0146728000E-03   1.8479070000E-04  -2.4131700000E-05
   45     -5.2788423000E-03  -4.0722527200E-02  -1.0605922500E-02  -6.2871900000E-05   1.6251510000E-04
   46     -1.7610447600E-02  -4.0840306700E-02  -4.5745639000E-03   1.7145130000E-04   7.7909200000E-04
   47      4.4207986000E-03  -5.7782524000E-03   6.2786130000E-03   3.1772000000E-05   3.7477800000E-05
                   20                 21                 22                 23                 24        
    0      8.3818843000E-03  -1.0879873300E-01   1.1071714470E-01  -4.0449112000E-03  -1.7172524500E-02
    1      9.1937182000E-03   1.1267288150E-01  -2.3951353090E-01   9.8864123000E-03   2.6308815500E-02
    2     -3.4823531800E-02   3.2866217000E-03   5.0355999000E-03  -2.5735929400E-02   1.4740051000E-03
    3      8.5132466000E-03  -1.3775193000E-02   6.7763594000E-03   1.3472818500E-02  -1.0217654740E-01
    4      1.2113795500E-02   2.5292386600E-02  -5.0575963000E-03  -1.1413870600E-02   1.0742880490E-01
    5     -2.5148337000E-03   6.3308100000E-05  -2.0236360000E-03  -3.4024126000E-03   7.6556699000E-03
    6      4.2511472000E-03  -7.5647590000E-04  -2.3695205000E-03  -3.8957372000E-03   7.3305764000E-03
    7     -1.7778812000E-03   1.4787285000E-03   1.2528721000E-03  -1.7586317000E-03  -1.1081996900E-02
    8      7.5494698000E-03  -1.3498272000E-03   3.7289400000E-04  -4.4522729000E-03  -6.5903740000E-04
    9      1.4296860000E-03   4.3802290000E-04  -2.6312140000E-04   3.5205430000E-04   1.1282145000E-03
   10      1.3473909000E-03  -2.1947830000E-04  -2.1122110000E-04  -6.0918560000E-04  -1.6625227000E-03
   11      2.4924380000E-04   7.1772060000E-04  -2.2521490000E-04   1.2603647000E-03  -4.1019010000E-04
   12      2.6913300000E-04   5.3521900000E-04   1.8172600000E-05   2.8164595000E-03  -9.1984950000E-04
   13      8.0979900000E-04   1.0341135000E-03   8.7786000000E-06   1.0825363000E-03  -2.9618000000E-05
   14     -1.2380656000E-03  -8.1715790000E-04  -2.1841000000E-06  -1.1938319000E-03   1.5564500000E-04
   15     -3.3080842000E-03  -3.1012857000E-03   3.7611300000E-05  -6.6334708000E-03   2.8570290000E-04
   16     -3.5617685000E-03   1.4373520000E-03  -1.2995390000E-04   2.6621981000E-03   4.7891950000E-04
   17      1.4560580000E-04  -3.0538270000E-03   6.3156700000E-05  -7.1686802000E-03   4.5529620000E-04
   18     -1.7954777400E-02   7.2192788000E-03   1.0447929600E-02  -4.4803690000E-04   7.3583790000E-04
   19     -1.7066347300E-02  -1.4585948200E-02  -2.6979698700E-02   2.6960314000E-03   7.4994550000E-04
   20      3.1472053300E-02   7.5622610000E-04   1.5596950000E-04   2.8312906000E-03  -1.4098736000E-03
   21      7.5622610000E-04   1.2159321800E-01  -1.2484607680E-01  -4.2558572000E-03  -3.5718399000E-03
   22      1.5596950000E-04  -1.2484607680E-01   2.6801098220E-01  -3.3410534000E-03   8.9882740000E-04
   23      2.8312906000E-03  -4.2558572000E-03  -3.3410534000E-03   3.1241054300E-02   5.2350526000E-03
   24     -1.4098736000E-03  -3.5718399000E-03   8.9882740000E-04   5.2350526000E-03   1.1609870570E-01
   25      2.3539200000E-04  -1.8572690000E-04   7.7669060000E-04  -3.0944750000E-04  -1.1979909580E-01
   26     -2.8431785000E-03   4.0993478000E-03   5.5258200000E-05   6.9400511000E-03  -1.3151907400E-02
   27      1.1544290000E-04  -8.1188960000E-04  -4.8486450000E-04  -4.1524600000E-05  -1.5305270000E-03
   28     -4.3287100000E-04  -1.1361226000E-03   3.0103830000E-04   3.2483200000E-04  -2.6604895000E-03
   29     -2.1302140000E-04   3.0010910000E-04   2.3926080000E-04   3.0536500000E-04   5.8756930000E-04
   30      9.6516450000E-04   9.4401000000E-05  -8.3708800000E-05  -6.8053000000E-05  -1.4231570000E-04
   31      2.2506250000E-04  -9.4575900000E-05   1.8700260000E-04   2.8719100000E-05   1.1889030000E-04
   32     -5.1560340000E-04   3.7413000000E-06  -1.2029400000E-05   5.0763820000E-04  -3.9042700000E-05
   33      7.1156200000E-05   2.2823970000E-04  -2.7861880000E-04   2.8168500000E-05  -3.8852320000E-04
   34     -1.8795700000E-05  -2.5512570000E-04   2.2192300000E-05  -1.3695600000E-05  -1.7751490000E-04
   35      4.2261940000E-04  -1.6016200000E-05   6.4297000000E-06   1.1677620000E-04   1.8112080000E-04
   36     -3.6798560000E-04   4.8350680000E-04  -1.5462970000E-04  -1.2843035000E-03   2.3912700000E-05
   37     -1.4620550000E-04   8.9305000000E-06   7.5451820000E-04   7.3556980000E-04  -2.5811970000E-04
   38     -3.1873300000E-04   7.0264900000E-05   3.1643800000E-05  -8.0563630000E-04  -2.8112120000E-04
   39     -7.8958250000E-04  -1.7101530000E-04  -6.7639000000E-05  -3.7531380000E-04  -1.7857300000E-05
   40     -4.6661290000E-04  -1.6476380000E-04   1.4460660000E-04  -1.1629740000E-04  -9.1346200000E-05
   41     -4.3870800000E-05  -2.9429270000E-04  -1.6428460000E-04  -1.0508067000E-03   2.5637650000E-04
   42     -4.9553210000E-04   6.3143500000E-05  -4.7213980000E-04  -6.8637670000E-04   4.1923970000E-04
   43     -2.1974530000E-04  -1.6538900000E-04   5.4529000000E-06  -2.1034400000E-05   4.5280600000E-05
   44     -2.1258000000E-06   3.7017220000E-04  -2.1682080000E-04   2.2020270000E-04   4.8919300000E-05
   45     -4.2725130000E-04   3.3140270000E-04   1.2427440000E-04  -1.7096830000E-04  -1.0220560000E-04
   46     -3.9090030000E-04  -2.7118530000E-04   4.2786660000E-04   1.6691740000E-04  -2.6877990000E-04
   47     -1.5731870000E-04   1.1946640000E-04   2.5010800000E-05   3.8682720000E-04  -9.8482300000E-05
                   25                 26                 27                 28                 29        
    0      4.1464563000E-03   8.7377457000E-03   8.1698270000E-04   1.2597869000E-03   4.0028270000E-04
    1     -3.0754531000E-03  -9.0848639000E-03  -2.5118509000E-03   4.6533280000E-04   3.5357430000E-04
    2     -1.3219617000E-03  -4.1081807000E-03   2.0059460000E-04  -3.9900000000E-04  -2.3768602000E-03
    3      1.0728655960E-01  -1.9101370000E-04   6.7739218000E-03   1.0875040600E-02  -1.6403935000E-03
    4     -2.4188256120E-01  -4.5111820000E-03  -1.0067485900E-02  -2.7252554800E-02  -4.8691662000E-03
    5     -8.8743610000E-03  -3.1596312900E-02  -6.0793200000E-05  -4.9836980000E-04   8.0011670000E-04
    6      1.0890091200E-02   1.3196719000E-03  -1.0486914690E-01   1.0897600710E-01   6.4416149000E-03
    7     -2.6924475600E-02   1.4312089000E-03   1.0846115220E-01  -2.3643862580E-01  -3.2330383000E-03
    8     -1.4652075000E-03   3.8967570000E-04  -2.2434470000E-04  -2.7764319000E-03  -3.5023909400E-02
    9      1.2724414000E-03  -3.3653740000E-04  -1.9854565000E-02   4.4870760000E-03  -6.3696287000E-03
   10      7.0859720000E-04   1.8089400000E-04   2.6811517600E-02  -2.6460602000E-03   5.4332229000E-03
   11      4.2247050000E-04  -2.0712408000E-03  -2.6352490000E-04   9.5159070000E-04  -1.7243908000E-03
   12      1.6333900000E-05  -9.7592950000E-04  -3.1957740000E-04   1.1134784000E-03  -1.8832832000E-03
   13     -1.8611557000E-03  -2.8625650000E-04   1.2641284000E-03  -1.0911560000E-03  -1.7053270000E-04
   14      3.9631240000E-04   7.5829370000E-04  -6.1670910000E-04   2.4984000000E-04   5.8100580000E-04
   15      6.4736460000E-04   1.4449086000E-03  -5.3528510000E-04  -2.7033420000E-04   1.0124373000E-03
   16     -3.3861290000E-04   7.3422260000E-04  -5.2821400000E-05  -6.5465540000E-04  -5.9525600000E-05
   17      3.7862000000E-05   1.7924773000E-03  -1.1339650000E-04  -4.1459490000E-04   8.4491030000E-04
   18     -5.7811550000E-04  -1.0787166000E-03  -1.0620610000E-04   3.1399860000E-04   9.4596000000E-06
   19      9.8713710000E-04  -5.2434200000E-05   6.1678500000E-05   5.6992660000E-04  -6.3269000000E-05
   20      2.3539200000E-04  -2.8431785000E-03   1.1544290000E-04  -4.3287100000E-04  -2.1302140000E-04
   21     -1.8572690000E-04   4.0993478000E-03  -8.1188960000E-04  -1.1361226000E-03   3.0010910000E-04
   22      7.7669060000E-04   5.5258200000E-05  -4.8486450000E-04   3.0103830000E-04   2.3926080000E-04
   23     -3.0944750000E-04   6.9400511000E-03  -4.1524600000E-05   3.2483200000E-04   3.0536500000E-04
   24     -1.1979909580E-01  -1.3151907400E-02  -1.5305270000E-03  -2.6604895000E-03   5.8756930000E-04
   25      2.7254150330E-01   1.1627154700E-02  -2.5219501000E-03  -3.5950768000E-03  -1.0086064000E-03
   26      1.1627154700E-02   2.6047445000E-02  -2.0902960000E-04   4.2325080000E-04   5.1021765000E-03
   27     -2.5219501000E-03  -2.0902960000E-04   1.2364936590E-01  -1.2150247610E-01   3.5981672000E-03
   28     -3.5950768000E-03   4.2325080000E-04  -1.2150247610E-01   2.6685726030E-01   2.9251722000E-03
   29     -1.0086064000E-03   5.1021765000E-03   3.5981672000E-03   2.9251722000E-03   2.6832188800E-02
   30      2.7691390000E-04  -3.0400000000E-08   7.6738110000E-04  -8.4813600000E-04   7.1737100000E-04
   31      5.0808320000E-04   1.0422900000E-04   8.5153560000E-04   1.0316591000E-03   1.3447590000E-04
   32      4.1230630000E-04  -1.9283710000E-04   1.1462901000E-03   1.7030210000E-04  -3.6944682000E-03
   33     -9.6657470000E-04  -1.3055210000E-04  -4.4201782000E-03  -1.0672490000E-04  -3.1189513000E-03
   34      3.6897730000E-04  -4.7173000000E-06   7.6899100000E-04   1.0061187000E-03  -6.0638020000E-04
   35     -2.6746680000E-04   2.4477150000E-04  -3.9730613000E-03  -5.0087130000E-04   9.1126432000E-03
   36     -2.3532480000E-04   1.9250250000E-04   2.4604930000E-04  -1.2753930000E-04  -6.9267300000E-05
   37      2.2053920000E-04  -3.5522880000E-04  -8.1844400000E-05   2.4805230000E-04   3.4858640000E-04
   38      1.8636450000E-04  -7.9324500000E-05   7.8651600000E-05   2.2913520000E-04  -1.6947510000E-04
   39      1.1447600000E-05   1.4623440000E-04  -7.3888800000E-05   3.1462400000E-05  -3.3041000000E-05
   40      3.8645700000E-04  -1.6878020000E-04  -1.0188970000E-04   2.2659270000E-04   2.1878000000E-06
   41     -1.0491740000E-04  -3.8439640000E-04   3.9656800000E-05  -1.5283000000E-04  -5.9021500000E-05
   42     -1.4974910000E-04   8.4966000000E-05  -4.8931700000E-05  -2.2676040000E-04  -4.3205600000E-05
   43      3.1846090000E-04  -4.5187850000E-04  -2.6543290000E-04   1.8777270000E-04   4.2691930000E-04
   44     -2.5648830000E-04   9.3864200000E-05   3.4238590000E-04  -3.3574660000E-04  -5.8135250000E-04
   45     -1.1107160000E-04   4.8339900000E-05   3.1649510000E-04  -1.7826690000E-04   9.0759400000E-05
   46      8.6088960000E-04   3.5912330000E-04  -6.2838740000E-04   7.8437530000E-04   1.4711870000E-04
   47      2.9059400000E-04  -9.3283900000E-05  -1.8805100000E-05   2.3659250000E-04   2.6409270000E-04
                   30                 31                 32                 33                 34        
    0     -2.3977130000E-04   5.3042200000E-05  -1.7593346000E-03   2.1000080000E-04  -2.6608490000E-04
    1     -8.6307440000E-04  -5.8232300000E-05  -1.3125475000E-03  -1.1853080000E-04  -2.7274140000E-04
    2     -7.9157410000E-04  -6.3894160000E-04   4.3211870000E-04  -3.3724680000E-04   2.4174020000E-04
    3     -5.7672633000E-03  -1.0740311000E-03  -2.2486967000E-03   6.0367270000E-04  -1.8745862000E-03
    4      4.5274850000E-04   5.7717360000E-04   1.2306007000E-03   1.6930520000E-03   1.3091181000E-03
    5     -2.4098764000E-03  -8.4053000000E-06   9.4645759000E-03   1.0918076000E-03   1.7712690000E-04
    6     -1.7731600900E-02  -1.3170057000E-03  -5.8973691000E-03  -1.7656760000E-02   6.2802619000E-03
    7     -2.4890576600E-02  -3.4311190000E-04  -8.6924280000E-03   2.6796714900E-02  -3.8035007000E-03
    8     -4.5980378000E-03  -5.1722970000E-04  -2.2035616000E-03   4.6001330000E-04   9.6401740000E-04
    9     -1.2503476230E-01  -1.2177418010E-01  -7.6986624000E-03  -1.1615299330E-01   1.1519988350E-01
   10     -1.2052554780E-01  -2.2688701890E-01  -1.1863589300E-02   1.1618438230E-01  -2.3304654930E-01
   11     -1.1646670300E-02  -1.6039540700E-02  -3.3123005900E-02   4.0908174000E-03  -1.1427364700E-02
   12     -1.0268932000E-03  -4.6015290000E-04   1.1835129000E-03  -1.4753129000E-03   4.0482900000E-05
   13     -1.8326858000E-03  -1.4387968000E-03   2.4352071000E-03   9.9399950000E-04  -1.3385552000E-03
   14      2.3354640000E-04   5.6639370000E-04   8.1856280000E-04   5.7415060000E-04  -1.1877430000E-04
   15      2.9614200000E-04   7.8018430000E-04  -4.0029100000E-05   1.3438470000E-04   1.6295890000E-04
   16      1.2477620000E-04   6.6920000000E-06  -3.4127390000E-04   1.0945920000E-04   4.5213600000E-05
   17      3.5601770000E-04  -2.8618200000E-05  -8.7970360000E-04   2.4956650000E-04  -9.6288000000E-06
   18     -1.2856960000E-04   9.0333500000E-05  -1.0738755000E-03   1.1008760000E-04  -6.4512600000E-05
   19      1.3653400000E-05   1.9740500000E-04  -1.9069810000E-04  -1.4153170000E-04   1.9578600000E-04
   20      9.6516450000E-04   2.2506250000E-04  -5.1560340000E-04   7.1156200000E-05  -1.8795700000E-05
   21      9.4401000000E-05  -9.4575900000E-05   3.7413000000E-06   2.2823970000E-04  -2.5512570000E-04
   22     -8.3708800000E-05   1.8700260000E-04  -1.2029400000E-05  -2.7861880000E-04   2.2192300000E-05
   23     -6.8053000000E-05   2.8719100000E-05   5.0763820000E-04   2.8168500000E-05  -1.3695600000E-05
   24     -1.4231570000E-04   1.1889030000E-04  -3.9042700000E-05  -3.8852320000E-04  -1.7751490000E-04
   25      2.7691390000E-04   5.0808320000E-04   4.1230630000E-04  -9.6657470000E-04   3.6897730000E-04
   26     -3.0400000000E-08   1.0422900000E-04  -1.9283710000E-04  -1.3055210000E-04  -4.7173000000E-06
   27      7.6738110000E-04   8.5153560000E-04   1.1462901000E-03  -4.4201782000E-03   7.6899100000E-04
   28     -8.4813600000E-04   1.0316591000E-03   1.7030210000E-04  -1.0672490000E-04   1.0061187000E-03
   29      7.1737100000E-04   1.3447590000E-04  -3.6944682000E-03  -3.1189513000E-03  -6.0638020000E-04
   30      1.4109654760E-01   1.3556497770E-01   1.6696423900E-02   7.0153319000E-03   1.1873921500E-02
   31      1.3556497770E-01   2.5038195600E-01   1.9229903200E-02  -1.2571613600E-02  -2.6043226400E-02
   32      1.6696423900E-02   1.9229903200E-02   2.6093652300E-02  -1.0677841000E-03  -1.0259716000E-03
   33      7.0153319000E-03  -1.2571613600E-02  -1.0677841000E-03   1.3105471510E-01  -1.3108469640E-01
   34      1.1873921500E-02  -2.6043226400E-02  -1.0259716000E-03  -1.3108469640E-01   2.5967650020E-01
   35      6.8297890000E-04  -3.0488447000E-03   3.2194025000E-03  -2.0858216000E-03   1.1883467200E-02
   36      2.5158100000E-04  -1.8212140000E-04   3.1196550000E-04   1.7607690000E-04  -3.2025440000E-04
   37     -4.9739400000E-05   3.8456870000E-04   2.6849340000E-04  -1.5167040000E-04   2.2436500000E-04
   38     -4.5491200000E-05  -6.9361000000E-05   5.6016600000E-05  -9.3264200000E-05   1.0742110000E-04
   39      3.4303500000E-05  -2.8698400000E-05   2.1199410000E-04   7.1518900000E-05  -1.0122410000E-04
   40      2.8139400000E-05   3.4602200000E-04   1.5213300000E-05  -1.3596520000E-04   3.2536120000E-04
   41     -6.8792600000E-05  -1.9789900000E-05  -8.2078800000E-05   1.1992200000E-05   1.2523730000E-04
   42     -2.5838300000E-05   1.8637670000E-04   4.7672820000E-04   4.2117780000E-04   1.1669030000E-04
   43     -1.9370760000E-04   3.6061110000E-04   2.4929830000E-04   5.5815500000E-05   7.0379920000E-04
   44      8.8269500000E-05  -1.0422000000E-06  -3.2473480000E-04   9.9082700000E-05  -2.4092140000E-04
   45      5.4132650000E-04  -1.4296130000E-04  -2.0586200000E-04   6.8561500000E-05  -2.9919090000E-04
   46      9.5204610000E-04   7.8921330000E-04  -5.7278670000E-04  -2.7749700000E-04   6.2714130000E-04
   47     -1.1124620000E-04   8.2989900000E-05   4.2402650000E-04   1.5686510000E-04  -3.2760400000E-05
                   35                 36                 37                 38                 39        
    0      1.0754150000E-04   6.2710720000E-04   2.9737460000E-04   2.2097859000E-03  -3.0901040000E-04
    1      3.4770630000E-04  -3.3390300000E-04   5.9846910000E-04  -5.0920923000E-03   2.1661370000E-03
    2      7.9574490000E-04  -4.1311589000E-03  -3.9148770000E-04  -1.7724398200E-02  -3.9854092000E-03
    3      2.0730554000E-03  -2.0504760000E-03   1.9070690000E-04  -7.0146436000E-03  -9.0013000000E-04
    4      1.1575157000E-03  -5.2360310000E-04  -3.6130390000E-04  -2.2248374000E-03  -1.0797715000E-03
    5     -4.9378630000E-03   9.7104820000E-04  -3.8178300000E-04   3.8114846000E-03   1.4009467000E-03
    6     -8.2366331000E-03   1.5992028000E-03  -4.8842970000E-04   6.1130516000E-03   7.9249100000E-04
    7      7.7780074000E-03   1.2642283000E-03  -3.9100570000E-04   4.0098521000E-03   6.8194080000E-04
    8     -8.4434690000E-04  -2.9290020000E-04   2.5999900000E-04   1.1972907000E-03  -6.8588000000E-05
    9      8.2527704000E-03  -7.0125970000E-04  -3.7882710000E-04  -1.5067226000E-03  -6.5799590000E-04
   10     -1.5257924600E-02   1.9816890000E-04  -4.0732800000E-04   9.7312100000E-04  -1.0248990000E-04
   11     -3.0455593800E-02  -2.3108329000E-03   3.1204670000E-04  -4.9360366000E-03  -9.2615430000E-04
   12      2.1351345000E-03  -3.2505633900E-02  -8.6028557000E-03  -1.2525485700E-02  -3.4144179000E-03
   13     -5.7218390000E-04   8.9663244000E-03   7.5850100000E-03  -7.8899863000E-03  -2.6526525400E-02
   14     -1.5754584000E-03   7.3493582000E-03   2.1812137000E-03   6.5189999000E-03   9.0594140000E-04
   15     -1.1744621000E-03  -2.0053073860E-01   1.0248716460E-01   1.1013939120E-01  -3.9338248500E-02
   16     -1.8651860000E-04   1.0506328340E-01  -1.0605765810E-01  -4.7848422900E-02  -2.6060943000E-03
   17     -8.1683340000E-04   9.0917729500E-02  -5.0019979500E-02  -5.5681011100E-02   7.6899844000E-03
   18      1.3204300000E-04  -2.1549000000E-06  -4.4689000000E-05  -4.7025900000E-05  -2.4964390000E-04
   19     -7.7785200000E-05   1.5915600000E-05  -1.1232150000E-04  -8.9702700000E-05   5.9111800000E-05
   20      4.2261940000E-04  -3.6798560000E-04  -1.4620550000E-04  -3.1873300000E-04  -7.8958250000E-04
   21     -1.6016200000E-05   4.8350680000E-04   8.9305000000E-06   7.0264900000E-05  -1.7101530000E-04
   22      6.4297000000E-06  -1.5462970000E-04   7.5451820000E-04   3.1643800000E-05  -6.7639000000E-05
   23      1.1677620000E-04  -1.2843035000E-03   7.3556980000E-04  -8.0563630000E-04  -3.7531380000E-04
   24      1.8112080000E-04   2.3912700000E-05  -2.5811970000E-04  -2.8112120000E-04  -1.7857300000E-05
   25     -2.6746680000E-04  -2.3532480000E-04   2.2053920000E-04   1.8636450000E-04   1.1447600000E-05
   26      2.4477150000E-04   1.9250250000E-04  -3.5522880000E-04  -7.9324500000E-05   1.4623440000E-04
   27     -3.9730613000E-03   2.4604930000E-04  -8.1844400000E-05   7.8651600000E-05  -7.3888800000E-05
   28     -5.0087130000E-04  -1.2753930000E-04   2.4805230000E-04   2.2913520000E-04   3.1462400000E-05
   29      9.1126432000E-03  -6.9267300000E-05   3.4858640000E-04  -1.6947510000E-04  -3.3041000000E-05
   30      6.8297890000E-04   2.5158100000E-04  -4.9739400000E-05  -4.5491200000E-05   3.4303500000E-05
   31     -3.0488447000E-03  -1.8212140000E-04   3.8456870000E-04  -6.9361000000E-05  -2.8698400000E-05
   32      3.2194025000E-03   3.1196550000E-04   2.6849340000E-04   5.6016600000E-05   2.1199410000E-04
   33     -2.0858216000E-03   1.7607690000E-04  -1.5167040000E-04  -9.3264200000E-05   7.1518900000E-05
   34      1.1883467200E-02  -3.2025440000E-04   2.2436500000E-04   1.0742110000E-04  -1.0122410000E-04
   35      2.5607565000E-02   4.0692080000E-04   2.0715000000E-05   1.0166950000E-04   2.1389000000E-04
   36      4.0692080000E-04   2.3453596540E-01  -1.1582846290E-01  -9.3258142300E-02  -6.3074620000E-04
   37      2.0715000000E-05  -1.1582846290E-01   1.1562277160E-01   5.6042208300E-02   2.3994180100E-02
   38      1.0166950000E-04  -9.3258142300E-02   5.6042208300E-02   6.7789359500E-02  -1.7851351000E-03
