
$orca_hessian_file

$act_atom
  0

$act_coord
  0

$act_energy
      -21.634848

$multiplicity
  1

$hessian
48
                    0                  1                  2                  3                  4        
    0      6.7253186490E-01   3.2338280300E-02   1.8292991090E-01  -3.6059235760E-01   2.2297914000E-02
    1      3.2338280300E-02   2.8615830500E-01  -3.0959987200E-02  -2.9645789000E-03  -6.4445765300E-02
    2      1.8292991090E-01  -3.0959987200E-02   1.5669934260E-01  -5.6596088400E-02  -4.3507134000E-03
    3     -3.6059235760E-01  -2.9645789000E-03  -5.6596088400E-02   6.3765873640E-01   5.5521045000E-03
    4      2.2297914000E-02  -6.4445765300E-02  -4.3507134000E-03   5.5521045000E-03   6.1079304010E-01
    5      1.1133304150E-01   5.2026710000E-04  -2.6742600100E-02  -7.6142030000E-03  -1.1924666700E-02
    6     -2.5446173800E-02  -2.5952987200E-02  -2.9998490000E-04  -1.1919270200E-01  -1.0870277590E-01
    7     -2.0148455000E-03   6.1683470000E-04   4.3101636000E-03  -1.0832754290E-01  -2.6501261840E-01
    8     -5.2087030000E-04  -1.2000031000E-03   6.9947639000E-03   1.9130227500E-02   2.1032498200E-02
    9      9.8937500000E-04  -3.5136834000E-03  -2.0903294100E-02  -4.0190656000E-02  -1.2126427500E-02
   10     -1.0746415000E-03  -2.4375491000E-03  -1.2940766000E-03  -2.6116107800E-02  -1.1347117000E-03
   11      1.3982297200E-02   3.6809578000E-03   1.9834666500E-02   1.0290243200E-02   3.3973672000E-03
   12      2.5637454300E-02   8.1393460000E-04   1.0746419700E-02  -1.7511770900E-02  -1.5259697600E-02
   13      9.5961627000E-03  -1.7854259000E-03   2.7854427000E-03  -7.8449429000E-03  -9.4406980000E-04
   14     -2.0339492400E-02  -1.7973974000E-03  -3.1557545000E-03  -1.8227443100E-02  -1.9881325900E-02
   15      2.7612086000E-03  -2.1581957000E-03   8.6658810000E-04   1.6653563900E-02   1.1862951700E-02
   16     -2.4433469700E-02   6.1054565000E-03   3.6761891000E-03   1.5949338600E-02  -8.6292963000E-03
   17     -1.1649085030E-01   6.6888255000E-03  -1.0096343200E-02   5.6938130900E-02   7.7960454000E-03
   18     -1.4870963950E-01  -1.0690238810E-01  -4.6698507900E-02  -1.4270390500E-02  -2.7493315200E-02
   19     -1.2289354990E-01  -1.3739930210E-01  -5.4818309900E-02   1.9507108000E-03  -7.4388700000E-04
   20     -6.1768946700E-02  -5.8513301400E-02  -4.4018148800E-02   4.6390107000E-03   1.7710945000E-03
   21     -1.4023629520E-01   8.2205732800E-02  -8.2503438300E-02  -1.7616349600E-02   2.2892677600E-02
   22      9.0172027900E-02  -8.6956849100E-02   7.5465702500E-02   1.9762003000E-03  -4.1242806000E-03
   23     -1.1195910100E-01   8.0338578500E-02  -9.2325663400E-02   8.7149292000E-03   6.7356100000E-05
   24     -2.2235944100E-02   2.0633825900E-02  -7.6037641000E-03  -9.9331492400E-02   1.0717766760E-01
   25      4.9600715000E-03   1.9287510000E-03   2.2160674000E-03   1.0700091060E-01  -2.3773627820E-01
   26     -7.7286955000E-03   4.3368856000E-03   3.5004333000E-03   1.2188060000E-03   7.0687202000E-03
   27      3.2772190000E-04  -2.6455880000E-04   2.7939580000E-04   5.7052024000E-03  -1.0111392800E-02
   28      1.1287787000E-03   2.7187216000E-03   4.5274650000E-04   1.0658053500E-02  -2.7534986900E-02
   29     -4.1841840000E-04   1.1179150000E-03   7.6632000000E-06   1.2896834000E-03  -1.5307787000E-03
   30     -8.4023660000E-04   8.7093410000E-04   1.4937042000E-03  -4.2693931000E-03   2.2245489000E-03
   31     -5.8535010000E-04  -5.4230900000E-05  -6.1227850000E-04  -3.3007106000E-03  -1.7183521000E-03
   32      2.5960419000E-03   2.6531018000E-03   2.4079230000E-03   2.9872790000E-03   1.4243704000E-03
   33      8.8057850000E-04  -1.7104573000E-03   7.7695140000E-04   2.7966812000E-03   5.9063140000E-04
   34     -3.9057710000E-04   1.0671362000E-03  -1.3334530000E-04   5.3841530000E-04  -1.8872576000E-03
   35      1.6102379000E-03  -8.7327030000E-04   4.2164250000E-03  -5.9596540000E-04  -9.9287740000E-04
   36     -9.6207937000E-03   2.4291737000E-03   1.8419932000E-03   3.5754332000E-03  -7.0623000000E-06
   37     -8.6237098000E-03   3.0180915000E-03   6.9654528000E-03   7.0336708000E-03  -7.4660970000E-04
   38     -9.3181075000E-03  -3.4242240000E-04  -2.6125520000E-03   2.3887258000E-03  -3.4754420000E-04
   39      4.3797004000E-03   9.8998920000E-04   6.1635017000E-03   2.1140078000E-03  -7.9779390000E-04
   40      8.5274695000E-03  -4.3818631000E-03  -2.1858630000E-03  -4.0579180000E-03   2.3322703000E-03
   41      1.6365250300E-02  -2.6515173000E-03  -4.6238605000E-03  -1.0592137400E-02   3.1984722000E-03
   42      3.8285316000E-03  -9.1386870000E-04   4.1644752000E-03   2.2263460000E-03  -1.7988230000E-04
   43      4.1879062000E-03  -2.6521665000E-03   6.2677300000E-05   1.2488858000E-03   3.3816950000E-04
   44      2.3423046000E-03  -1.6005407000E-03  -1.8286374000E-03  -2.5013363000E-03  -3.5102874000E-03
   45     -3.6549947000E-03   4.0988473000E-03   5.3421375000E-03   2.2451410000E-03   2.0798520000E-03
   46     -1.3192467200E-02  -1.5001445000E-03  -1.5798679000E-03   7.0351080000E-04   1.1946337000E-03
   47     -2.6146023000E-03  -1.3980913000E-03  -8.2576576000E-03  -1.1469862000E-02  -3.2177303000E-03
                    5                  6                  7                  8                  9        
    0      1.1133304150E-01  -2.5446173800E-02  -2.0148455000E-03  -5.2087030000E-04   9.8937500000E-04
    1      5.2026710000E-04  -2.5952987200E-02   6.1683470000E-04  -1.2000031000E-03  -3.5136834000E-03
    2     -2.6742600100E-02  -2.9998490000E-04   4.3101636000E-03   6.9947639000E-03  -2.0903294100E-02
    3     -7.6142030000E-03  -1.1919270200E-01  -1.0832754290E-01   1.9130227500E-02  -4.0190656000E-02
    4     -1.1924666700E-02  -1.0870277590E-01  -2.6501261840E-01   2.1032498200E-02  -1.2126427500E-02
    5     -5.1263402100E-02  -2.4042026700E-02  -2.2131073000E-02  -3.0018996500E-02  -1.6215366000E-03
    6     -2.4042026700E-02   6.5601857870E-01   1.1238483800E-02  -1.3550532900E-02  -3.6722066200E-01
    7     -2.2131073000E-02   1.1238483800E-02   6.0969157250E-01  -7.1418322000E-03   1.8866027500E-02
    8     -3.0018996500E-02  -1.3550532900E-02  -7.1418322000E-03  -6.3049840000E-04  -8.0670181000E-02
    9     -1.6215366000E-03  -3.6722066200E-01   1.8866027500E-02  -8.0670181000E-02   6.7580383960E-01
   10      1.1144423000E-03  -2.2877773000E-03  -6.6635114600E-02  -2.5447453000E-03   3.2093873100E-02
   11     -5.4369770000E-04   4.9478536300E-02  -4.2026297000E-03  -2.9199090400E-02  -2.1000574900E-01
   12     -5.4509502000E-02   6.3586880000E-04   2.6635958000E-03   1.5695052100E-02  -1.0623228800E-02
   13     -2.8415008000E-02   1.6098354800E-02  -1.0534814300E-02  -4.0509726400E-02  -3.5715634400E-02
   14     -1.4266381000E-03  -3.3774852000E-02   1.0634026200E-02   7.2367222900E-02   1.0700181540E-01
   15     -2.2547477200E-02  -2.5813053300E-02  -1.7847690400E-02   4.9510746300E-02   4.0177655800E-02
   16      4.0423013600E-02  -4.0347726000E-03   1.2363527000E-03   2.3469530200E-02   1.0453342300E-02
   17      1.2876725060E-01   2.7889796200E-02   2.1003246300E-02  -1.1703151900E-02   2.9330532300E-02
   18     -3.1627111000E-03  -4.8043290000E-03   2.5316914000E-03  -1.7091475000E-03  -3.2763370000E-04
   19      2.5484719000E-03  -2.9074581000E-03  -1.3527293000E-03  -2.8758800000E-05  -8.7201970000E-04
   20      1.0439196000E-03  -1.0101092000E-03  -7.4174880000E-04   4.1695342000E-03  -3.1668202000E-03
   21     -1.4315037400E-02   2.9153215000E-03   5.0059360000E-04   2.4126765000E-03   1.5136751000E-03
   22      7.4215640000E-04   8.8384230000E-04  -1.6885240000E-03   7.2798870000E-04   1.6175020000E-04
   23      1.7686518500E-02   2.4588129000E-03   2.4114140000E-03  -2.8326072000E-03  -2.0197428000E-03
   24     -3.3119044000E-03   5.8069198000E-03  -9.7495026000E-03  -2.2061180000E-04   5.2674320000E-04
   25      5.4938316000E-03   1.0816798500E-02  -2.6567224000E-02   1.4228811000E-03   1.2403291000E-03
   26     -2.3883115300E-02  -1.0084215000E-03   2.6468011000E-03   2.4225464000E-03   8.5889310000E-04
   27      9.8504460000E-04  -9.9361565800E-02   1.0839110760E-01   3.4747138000E-03  -2.2891584100E-02
   28     -7.1749830000E-04   1.0712410650E-01  -2.3639917470E-01  -4.8704074000E-03   4.9200799000E-03
   29      1.5612857000E-03  -1.1605707000E-03  -6.8668380000E-03  -2.4691321000E-02   8.3267877000E-03
   30      3.4436774000E-03  -1.3654710500E-02  -2.7826349400E-02   5.5216710000E-03  -1.3638248100E-01
   31     -7.9183600000E-04   2.6391794000E-03  -7.3226870000E-04  -2.9145668000E-03  -1.1863357030E-01
   32      5.0187402000E-03  -6.2626298000E-03  -7.3762590000E-04   2.1132843000E-03   6.5132560200E-02
   33     -1.3462529000E-03  -1.7250936000E-02   2.2880556300E-02   1.4284496200E-02  -1.4048295270E-01
   34      3.2366350000E-04   7.7261240000E-04  -3.8743330000E-03   1.0592199000E-03   9.0626760900E-02
   35     -2.0189732000E-03  -8.1169813000E-03  -1.7843218000E-03   1.3686812300E-02   1.1542702660E-01
   36      1.4796399200E-02   2.0541729000E-03   1.3057471000E-03  -6.8276740000E-04   1.3365114000E-03
   37      9.7974938000E-03  -8.4969930000E-04  -1.7458358000E-03   2.2388723000E-03   3.8942860000E-03
   38      1.5847316900E-02   3.0466473000E-03   4.7807083000E-03  -4.0884480000E-03  -4.7626269000E-03
   39     -2.4272788000E-03   7.0328200000E-04   2.5147890000E-04  -3.8629971000E-03  -9.6894320000E-04
   40     -6.6148551000E-03   2.3833800000E-05   1.4204423000E-03  -7.7189250000E-04  -1.1349435000E-03
   41     -2.2464899800E-02   8.9422473000E-03   2.4763204000E-03  -1.7369319200E-02  -1.0863609400E-02
   42     -1.4610659000E-03   2.8458701000E-03  -9.9827600000E-05  -8.6092534000E-03  -5.9773279000E-03
   43      3.7485090000E-04   5.8577013000E-03  -1.1160093000E-03  -5.6800698000E-03  -5.5347101000E-03
   44     -4.0018636000E-03  -7.5832390000E-04  -1.4993918000E-03   7.0085732000E-03   4.4033776000E-03
   45      5.8008332000E-03   1.7641187000E-03  -2.7635236000E-03  -2.0322220000E-04   4.7176692000E-03
   46      9.2567459000E-03  -1.0719442400E-02   2.6934437000E-03   1.5711012000E-02   1.5274540000E-02
   47     -7.5608451000E-03  -1.8316071000E-03  -3.1572188000E-03   1.1770695600E-02   3.5325671000E-03
                   10                 11                 12                 13                 14        
    0     -1.0746415000E-03   1.3982297200E-02   2.5637454300E-02   9.5961627000E-03  -2.0339492400E-02
    1     -2.4375491000E-03   3.6809578000E-03   8.1393460000E-04  -1.7854259000E-03  -1.7973974000E-03
    2     -1.2940766000E-03   1.9834666500E-02   1.0746419700E-02   2.7854427000E-03  -3.1557545000E-03
    3     -2.6116107800E-02   1.0290243200E-02  -1.7511770900E-02  -7.8449429000E-03  -1.8227443100E-02
    4     -1.1347117000E-03   3.3973672000E-03  -1.5259697600E-02  -9.4406980000E-04  -1.9881325900E-02
    5      1.1144423000E-03  -5.4369770000E-04  -5.4509502000E-02  -2.8415008000E-02  -1.4266381000E-03
    6     -2.2877773000E-03   4.9478536300E-02   6.3586880000E-04   1.6098354800E-02  -3.3774852000E-02
    7     -6.6635114600E-02  -4.2026297000E-03   2.6635958000E-03  -1.0534814300E-02   1.0634026200E-02
    8     -2.5447453000E-03  -2.9199090400E-02   1.5695052100E-02  -4.0509726400E-02   7.2367222900E-02
    9      3.2093873100E-02  -2.1000574900E-01  -1.0623228800E-02  -3.5715634400E-02   1.0700181540E-01
   10      2.8810730840E-01   1.5635742800E-02  -3.4603364000E-03   9.6499991000E-03   8.4951254000E-03
   11      1.5635742800E-02   1.9399999470E-01   2.3360996500E-02   6.9261921000E-03  -4.2465835300E-02
   12     -3.4603364000E-03   2.3360996500E-02   5.3912105420E-01   4.5860285900E-02   1.0380145930E-01
   13      9.6499991000E-03   6.9261921000E-03   4.5860285900E-02   2.7475759270E-01   2.4135918700E-02
   14      8.4951254000E-03  -4.2465835300E-02   1.0380145930E-01   2.4135918700E-02   3.0112235440E-01
   15     -1.2265549000E-03  -1.5405618700E-02  -3.5186647660E-01  -7.8212348500E-02  -3.8357839500E-02
   16     -1.6134313000E-03  -7.5141482000E-03  -8.7334279900E-02  -7.2295919800E-02  -2.4708904900E-02
   17      2.7033315000E-03  -1.5624233500E-02   3.7269211600E-02   1.5587421900E-02  -5.6397199400E-02
   18      5.4410510000E-04  -1.2381540000E-03   5.1099000000E-06   1.1447505000E-03   6.5481300000E-05
   19      1.4588220000E-04   5.1805600000E-04   2.3795800000E-05  -1.3739700000E-04   6.0118770000E-04
   20     -2.1344533000E-03   1.6008951000E-03   5.1258370000E-03   3.2307198000E-03   2.6739316000E-03
   21     -1.8412771000E-03  -2.1329970000E-04   3.6912860000E-04   2.5240070000E-04   1.7594257000E-03
   22      1.3687919000E-03   4.8689260000E-04   7.5658100000E-05  -5.5415940000E-04  -1.5498039000E-03
   23      1.5246099000E-03   2.3720444000E-03   4.8298684000E-03   6.8993420000E-04  -6.0921419000E-03
   24     -1.7660710000E-04  -2.3030920000E-04   8.2287600000E-05  -4.3203710000E-04   1.4162447000E-03
   25      2.8323336000E-03  -2.6771960000E-04   2.5530660000E-04  -1.3763813000E-03  -4.7237760000E-04
   26     -1.6225496000E-03  -7.2377830000E-04   1.3973077000E-03   1.2130480000E-03  -1.2748687000E-03
   27      2.0522307500E-02   7.8769413000E-03  -1.1124165000E-03   2.9574779000E-03  -3.1890522000E-03
   28      2.2156016000E-03  -1.9995612000E-03   3.8634110000E-04  -2.1775408000E-03   1.5868487000E-03
   29     -3.7037898000E-03   2.3927786000E-03  -4.1174887000E-03   8.4358191000E-03  -1.1314978800E-02
   30     -1.0114355450E-01   4.9446026300E-02  -8.6600340000E-04   2.1987500000E-05  -6.0611070000E-04
   31     -1.4232487710E-01   5.9779619100E-02   1.1009112000E-03  -1.5454480000E-03   4.2469070000E-04
   32      6.3304486000E-02  -4.7288253500E-02  -5.7991160000E-04  -2.4600701000E-03  -7.1678217000E-03
   33      8.1782710900E-02   8.5347211000E-02  -1.3440367000E-03   2.5577226000E-03  -2.1093806000E-03
   34     -8.2993334100E-02  -7.7313537200E-02   3.1732180000E-04  -1.0852583000E-03   1.9216100000E-03
   35     -8.2227952500E-02  -9.5888751200E-02  -2.4175310000E-04   1.0167099000E-02  -1.5340127900E-02
   36     -4.4053140000E-04  -3.2637670000E-04  -3.4857389700E-02   1.6989826600E-02   1.0023684300E-02
   37     -2.4707900000E-03  -4.2112860000E-04  -1.1725286800E-02   3.6280026000E-03   1.7722002000E-03
   38      9.6590120000E-04   4.9152509000E-03   1.0227130200E-02  -2.3571208000E-03   2.1412550000E-03
   39      2.1838813000E-03  -4.2310890000E-03  -2.0199846000E-02  -3.5415361200E-02   1.0974928700E-02
   40     -1.5038147000E-03  -5.8347620000E-04  -3.9274588000E-03  -9.5020194000E-03   6.7609547000E-03
   41     -1.4236383000E-03  -2.1010749000E-03  -4.2848247000E-03   3.1162120000E-04   1.3686730700E-02
   42      3.9338266000E-03  -3.7643048000E-03  -1.0000904050E-01   4.8313355300E-02  -1.1940040360E-01
   43      6.5189290000E-04  -2.9769186000E-03   6.0308542800E-02  -2.0294215700E-02   1.3552815520E-01
   44     -3.2020758000E-03   2.5146244000E-03  -1.4293091810E-01   1.2304381730E-01  -1.4781839340E-01
   45     -3.2933165000E-03  -4.3673508000E-03  -2.7460694300E-02   1.3827999600E-02   9.6153470000E-04
   46     -3.8581869000E-03   4.8542917000E-03   9.9013658000E-03  -1.6580294480E-01  -1.4345090780E-01
   47      4.4096420000E-03   6.2044601000E-03  -5.7888845000E-03  -1.2278510870E-01  -9.9537735000E-02
                   15                 16                 17                 18                 19        
    0      2.7612086000E-03  -2.4433469700E-02  -1.1649085030E-01  -1.4870963950E-01  -1.2289354990E-01
    1     -2.1581957000E-03   6.1054565000E-03   6.6888255000E-03  -1.0690238810E-01  -1.3739930210E-01
    2      8.6658810000E-04   3.6761891000E-03  -1.0096343200E-02  -4.6698507900E-02  -5.4818309900E-02
    3      1.6653563900E-02   1.5949338600E-02   5.6938130900E-02  -1.4270390500E-02   1.9507108000E-03
    4      1.1862951700E-02  -8.6292963000E-03   7.7960454000E-03  -2.7493315200E-02  -7.4388700000E-04
    5     -2.2547477200E-02   4.0423013600E-02   1.2876725060E-01  -3.1627111000E-03   2.5484719000E-03
    6     -2.5813053300E-02  -4.0347726000E-03   2.7889796200E-02  -4.8043290000E-03  -2.9074581000E-03
    7     -1.7847690400E-02   1.2363527000E-03   2.1003246300E-02   2.5316914000E-03  -1.3527293000E-03
    8      4.9510746300E-02   2.3469530200E-02  -1.1703151900E-02  -1.7091475000E-03  -2.8758800000E-05
    9      4.0177655800E-02   1.0453342300E-02   2.9330532300E-02  -3.2763370000E-04  -8.7201970000E-04
   10     -1.2265549000E-03  -1.6134313000E-03   2.7033315000E-03   5.4410510000E-04   1.4588220000E-04
   11     -1.5405618700E-02  -7.5141482000E-03  -1.5624233500E-02  -1.2381540000E-03   5.1805600000E-04
   12     -3.5186647660E-01  -8.7334279900E-02   3.7269211600E-02   5.1099000000E-06   2.3795800000E-05
   13     -7.8212348500E-02  -7.2295919800E-02   1.5587421900E-02   1.1447505000E-03  -1.3739700000E-04
   14     -3.8357839500E-02  -2.4708904900E-02  -5.6397199400E-02   6.5481300000E-05   6.0118770000E-04
   15      5.1870160090E-01   1.0004818220E-01  -1.0672934350E-01  -1.3777390000E-03   1.3476928000E-03
   16      1.0004818220E-01   3.2029524140E-01  -6.7782537700E-02  -3.4200960000E-04  -6.7895490000E-04
   17     -1.0672934350E-01  -6.7782537700E-02   2.6116555960E-01  -1.0837296000E-03  -1.0757378000E-03
   18     -1.3777390000E-03  -3.4200960000E-04  -1.0837296000E-03   1.4716550990E-01   1.2862174170E-01
   19      1.3476928000E-03  -6.7895490000E-04  -1.0757378000E-03   1.2862174170E-01   2.1684461220E-01
   20      3.5822408000E-03   3.7296647000E-03  -3.0734934000E-03   5.4110745900E-02   3.1523227100E-02
   21     -2.6748130000E-03   8.0185730000E-04   1.4833959000E-03   1.9677652100E-02  -3.1322852000E-03
   22     -1.1816642000E-03  -9.3101220000E-04  -2.7144013000E-03   5.0338860000E-04  -8.3977204000E-02
   23      3.2264637000E-03  -6.1197000000E-03  -1.8825761600E-02  -1.3092974000E-03   2.2068922200E-02
   24     -4.4302020000E-04   1.9442017000E-03   3.7876581000E-03   3.8920691000E-03  -3.4746000000E-04
   25      2.4400960000E-04  -1.5079000000E-03  -2.6309988000E-03  -6.5437460000E-04   4.6692810000E-04
   26      5.0144460000E-03  -6.3690486000E-03  -1.3407334100E-02   1.5761266000E-03  -7.7926900000E-05
   27     -9.4634630000E-04  -5.8121700000E-04  -1.2808961000E-03  -1.3282504000E-03  -7.2236150000E-04
   28      9.7261800000E-05  -7.2471980000E-04  -7.3178970000E-04   1.9503200000E-04  -5.6525040000E-04
   29     -2.3254433000E-03  -1.2128322000E-03  -1.9592819000E-03   2.1360600000E-04  -1.1222368000E-03
   30     -1.9030907000E-03   7.2630780000E-04  -2.1737665000E-03  -2.7138911000E-03   1.2603362000E-03
   31      1.6651045000E-03  -7.3728020000E-04   1.0071403000E-03   1.1768204000E-03   1.6899700000E-05
   32     -7.2562021000E-03  -3.8325461000E-03  -8.0332830000E-04  -9.8127210000E-04   1.1470683000E-03
   33     -9.0810370000E-04  -5.1595460000E-04  -3.5669189000E-03   6.3375980000E-04  -1.9615146000E-03
   34      1.5227258000E-03  -6.2804690000E-04  -8.3450730000E-04   1.5657995000E-03   1.3313820000E-03
   35     -8.4430748000E-03  -1.2597174000E-03  -8.3209002000E-03  -1.1253093000E-03  -7.8588710000E-04
   36     -1.0633374870E-01   4.9388850000E-02   9.4132726400E-02  -1.4154160000E-04   1.2625273000E-03
   37      6.4764601500E-02  -6.0618751900E-02  -9.8366000200E-02  -1.4298411000E-03   1.1796418000E-03
   38      1.1533022460E-01  -7.6025750500E-02  -1.4996183790E-01   1.4335870000E-04   6.2322520000E-04
   39     -3.1177834400E-02  -2.3271110400E-02   1.8356199900E-02   2.1711728000E-03  -1.8069123000E-03
   40     -4.2582176800E-02  -1.6041949430E-01   1.3765572990E-01  -8.1466560000E-04   1.2845555000E-03
   41      3.5522063000E-02   1.2995355450E-01  -1.0668207690E-01   3.9731090000E-04  -3.4210680000E-04
   42     -4.0612347200E-02   9.2298763000E-03  -5.9059182000E-03   2.4451845000E-03  -2.7847794000E-03
   43     -1.1156779400E-02   2.9989181000E-03  -5.0649782000E-03   6.9915260000E-04   2.5697080000E-03
   44      2.0878304000E-03   2.3878612000E-03   6.3275980000E-04   3.8512670000E-04  -1.0333331000E-03
   45     -1.4237456100E-02  -4.8029142300E-02  -3.1956228200E-02  -2.3170433000E-03   2.9615360000E-03
   46     -2.7187119900E-02  -2.1851161000E-02  -1.3240789800E-02   6.5411250000E-04   1.0151151000E-03
   47     -1.4075603700E-02  -8.8146278000E-03   6.2893724000E-03   4.1637290000E-04   2.5413890000E-04
                   20                 21                 22                 23                 24        
    0     -6.1768946700E-02  -1.4023629520E-01   9.0172027900E-02  -1.1195910100E-01  -2.2235944100E-02
    1     -5.8513301400E-02   8.2205732800E-02  -8.6956849100E-02   8.0338578500E-02   2.0633825900E-02
    2     -4.4018148800E-02  -8.2503438300E-02   7.5465702500E-02  -9.2325663400E-02  -7.6037641000E-03
    3      4.6390107000E-03  -1.7616349600E-02   1.9762003000E-03   8.7149292000E-03  -9.9331492400E-02
    4      1.7710945000E-03   2.2892677600E-02  -4.1242806000E-03   6.7356100000E-05   1.0717766760E-01
    5      1.0439196000E-03  -1.4315037400E-02   7.4215640000E-04   1.7686518500E-02  -3.3119044000E-03
    6     -1.0101092000E-03   2.9153215000E-03   8.8384230000E-04   2.4588129000E-03   5.8069198000E-03
    7     -7.4174880000E-04   5.0059360000E-04  -1.6885240000E-03   2.4114140000E-03  -9.7495026000E-03
    8      4.1695342000E-03   2.4126765000E-03   7.2798870000E-04  -2.8326072000E-03  -2.2061180000E-04
    9     -3.1668202000E-03   1.5136751000E-03   1.6175020000E-04  -2.0197428000E-03   5.2674320000E-04
   10     -2.1344533000E-03  -1.8412771000E-03   1.3687919000E-03   1.5246099000E-03  -1.7660710000E-04
   11      1.6008951000E-03  -2.1329970000E-04   4.8689260000E-04   2.3720444000E-03  -2.3030920000E-04
   12      5.1258370000E-03   3.6912860000E-04   7.5658100000E-05   4.8298684000E-03   8.2287600000E-05
   13      3.2307198000E-03   2.5240070000E-04  -5.5415940000E-04   6.8993420000E-04  -4.3203710000E-04
   14      2.6739316000E-03   1.7594257000E-03  -1.5498039000E-03  -6.0921419000E-03   1.4162447000E-03
   15      3.5822408000E-03  -2.6748130000E-03  -1.1816642000E-03   3.2264637000E-03  -4.4302020000E-04
   16      3.7296647000E-03   8.0185730000E-04  -9.3101220000E-04  -6.1197000000E-03   1.9442017000E-03
   17     -3.0734934000E-03   1.4833959000E-03  -2.7144013000E-03  -1.8825761600E-02   3.7876581000E-03
   18      5.4110745900E-02   1.9677652100E-02   5.0338860000E-04  -1.3092974000E-03   3.8920691000E-03
   19      3.1523227100E-02  -3.1322852000E-03  -8.3977204000E-02   2.2068922200E-02  -3.4746000000E-04
   20      1.6836137700E-02  -7.4522380000E-04   1.9791317000E-02   2.4324675200E-02   6.9594440000E-04
   21     -7.4522380000E-04   1.3771202270E-01  -9.6486905200E-02   9.5222578000E-02  -5.3031959000E-03
   22      1.9791317000E-02  -9.6486905200E-02   1.7084847810E-01  -9.5159987200E-02   5.0199496000E-03
   23      2.4324675200E-02   9.5222578000E-02  -9.5159987200E-02   6.4982612200E-02   3.0939371000E-03
   24      6.9594440000E-04  -5.3031959000E-03   5.0199496000E-03   3.0939371000E-03   1.1718481400E-01
   25     -8.9101290000E-04  -6.1078660000E-04  -8.6346860000E-04  -4.2335060000E-04  -1.2007955900E-01
   26     -3.7822276000E-03  -3.1831732000E-03   1.6414350000E-03   5.1875726000E-03   2.7697773000E-03
   27      3.1030200000E-04   1.3504096000E-03  -8.3469840000E-04  -3.5564520000E-04  -9.9094130000E-04
   28     -8.7121860000E-04   4.7026500000E-05  -3.1721650000E-04   8.5263920000E-04  -2.4977782000E-03
   29     -1.3590540000E-03   6.5071100000E-05  -4.1947630000E-04   1.3353200000E-03   1.0696840000E-04
   30      9.2519670000E-04   7.6012330000E-04   1.4658881000E-03   9.2377230000E-04  -1.2811326000E-03
   31     -1.0306630000E-03  -1.9375116000E-03   1.5761993000E-03   9.8551650000E-04  -7.9765360000E-04
   32      1.0181516000E-03  -4.8612520000E-04   1.2734304000E-03   2.2162206000E-03  -3.4498180000E-04
   33      5.3115420000E-04  -1.0928480000E-04  -2.1497054000E-03   4.1951350000E-04   1.3599138000E-03
   34     -1.3288222000E-03  -2.1699101000E-03   8.0614180000E-04   1.5396741000E-03  -7.3116050000E-04
   35      2.3165066000E-03  -3.4279150000E-04  -1.5177231000E-03   5.3745750000E-04   2.8351500000E-04
   36     -1.3988744000E-03   7.8510140000E-04   1.5078436000E-03  -2.3731306000E-03  -6.4351030000E-04
   37      1.3779607000E-03   1.5392752000E-03   1.7531642000E-03  -3.6522175000E-03   9.8914400000E-05
   38     -1.3562532000E-03  -2.2108550000E-04   1.2046968000E-03  -3.0426360000E-04  -8.3052300000E-05
   39     -3.3371580000E-04  -3.2463570000E-04  -9.8868600000E-04  -4.7883260000E-04   1.2508255000E-03
   40      1.4558174000E-03  -6.9222300000E-05  -1.7414670000E-04   4.9831770000E-04   1.4057670000E-04
   41      1.1034793000E-03   8.5971400000E-05  -9.2873580000E-04   9.8156860000E-04  -2.7264530000E-04
   42     -1.2594211000E-03   4.3942510000E-04  -2.8456356000E-03  -3.7666060000E-04   2.0083749000E-03
   43      1.1713650000E-03  -1.8705070000E-03   7.0659630000E-04  -2.7130240000E-04   1.5993260000E-04
   44      1.3163361000E-03   9.2823210000E-04  -2.2134707000E-03  -1.4812889000E-03   4.3245100000E-04
   45     -2.3732050000E-04   7.4171470000E-04   2.7207461000E-03  -1.7464800000E-05  -1.8827109000E-03
   46      1.4600539000E-03  -1.2115870000E-04   2.5274894000E-03  -5.3504047000E-03  -3.6331030000E-04
   47     -2.8143899000E-03   5.2824100000E-05   3.1699787000E-03   2.2377370000E-03  -5.1922730000E-04
                   25                 26                 27                 28                 29        
    0      4.9600715000E-03  -7.7286955000E-03   3.2772190000E-04   1.1287787000E-03  -4.1841840000E-04
    1      1.9287510000E-03   4.3368856000E-03  -2.6455880000E-04   2.7187216000E-03   1.1179150000E-03
    2      2.2160674000E-03   3.5004333000E-03   2.7939580000E-04   4.5274650000E-04   7.6632000000E-06
    3      1.0700091060E-01   1.2188060000E-03   5.7052024000E-03   1.0658053500E-02   1.2896834000E-03
    4     -2.3773627820E-01   7.0687202000E-03  -1.0111392800E-02  -2.7534986900E-02  -1.5307787000E-03
    5      5.4938316000E-03  -2.3883115300E-02   9.8504460000E-04  -7.1749830000E-04   1.5612857000E-03
    6      1.0816798500E-02  -1.0084215000E-03  -9.9361565800E-02   1.0712410650E-01  -1.1605707000E-03
    7     -2.6567224000E-02   2.6468011000E-03   1.0839110760E-01  -2.3639917470E-01  -6.8668380000E-03
    8      1.4228811000E-03   2.4225464000E-03   3.4747138000E-03  -4.8704074000E-03  -2.4691321000E-02
    9      1.2403291000E-03   8.5889310000E-04  -2.2891584100E-02   4.9200799000E-03   8.3267877000E-03
   10      2.8323336000E-03  -1.6225496000E-03   2.0522307500E-02   2.2156016000E-03  -3.7037898000E-03
   11     -2.6771960000E-04  -7.2377830000E-04   7.8769413000E-03  -1.9995612000E-03   2.3927786000E-03
   12      2.5530660000E-04   1.3973077000E-03  -1.1124165000E-03   3.8634110000E-04  -4.1174887000E-03
   13     -1.3763813000E-03   1.2130480000E-03   2.9574779000E-03  -2.1775408000E-03   8.4358191000E-03
   14     -4.7237760000E-04  -1.2748687000E-03  -3.1890522000E-03   1.5868487000E-03  -1.1314978800E-02
   15      2.4400960000E-04   5.0144460000E-03  -9.4634630000E-04   9.7261800000E-05  -2.3254433000E-03
   16     -1.5079000000E-03  -6.3690486000E-03  -5.8121700000E-04  -7.2471980000E-04  -1.2128322000E-03
   17     -2.6309988000E-03  -1.3407334100E-02  -1.2808961000E-03  -7.3178970000E-04  -1.9592819000E-03
   18     -6.5437460000E-04   1.5761266000E-03  -1.3282504000E-03   1.9503200000E-04   2.1360600000E-04
   19      4.6692810000E-04  -7.7926900000E-05  -7.2236150000E-04  -5.6525040000E-04  -1.1222368000E-03
   20     -8.9101290000E-04  -3.7822276000E-03   3.1030200000E-04  -8.7121860000E-04  -1.3590540000E-03
   21     -6.1078660000E-04  -3.1831732000E-03   1.3504096000E-03   4.7026500000E-05   6.5071100000E-05
   22     -8.6346860000E-04   1.6414350000E-03  -8.3469840000E-04  -3.1721650000E-04  -4.1947630000E-04
   23     -4.2335060000E-04   5.1875726000E-03  -3.5564520000E-04   8.5263920000E-04   1.3353200000E-03
   24     -1.2007955900E-01   2.7697773000E-03  -9.9094130000E-04  -2.4977782000E-03   1.0696840000E-04
   25      2.6438645360E-01  -4.8389863000E-03  -2.5320755000E-03  -3.8192006000E-03  -4.0252990000E-04
   26     -4.8389863000E-03   2.8457710600E-02  -8.8471700000E-05   7.7975370000E-04   2.4761646000E-03
   27     -2.5320755000E-03  -8.8471700000E-05   1.1899554890E-01  -1.2031709590E-01  -4.1584740000E-03
   28     -3.8192006000E-03   7.7975370000E-04  -1.2031709590E-01   2.6397460920E-01   3.8778123000E-03
   29     -4.0252990000E-04   2.4761646000E-03  -4.1584740000E-03   3.8778123000E-03   2.8063482400E-02
   30      1.5979830000E-04  -3.6575130000E-04   3.9381660000E-03  -7.0747680000E-04  -1.9623605000E-03
   31     -5.0129400000E-04   1.1596401000E-03  -4.0681200000E-04   4.3309840000E-04   9.4683900000E-05
   32      6.9713610000E-04  -1.6040072000E-03  -1.1846680000E-03   8.7089380000E-04  -4.4308575000E-03
   33      5.1527100000E-05  -4.7829000000E-05  -5.3056500000E-03  -5.0441950000E-04   3.8174903000E-03
   34     -3.3923960000E-04   4.4578090000E-04   5.1114473000E-03  -8.0643540000E-04  -1.6860651000E-03
   35     -8.2599940000E-04   1.5220940000E-03  -2.3945527000E-03   5.2997340000E-04   6.1903060000E-03
   36     -5.6240330000E-04  -9.2653690000E-04   1.1644526000E-03   5.5284100000E-05  -2.2950520000E-04
   37      6.5929940000E-04  -3.8588239000E-03   1.5264810000E-04   5.5527420000E-04   1.1450465000E-03
   38      6.9421040000E-04  -2.8820583000E-03  -5.3357490000E-04   7.6496220000E-04   1.7056534000E-03
   39      1.3142210000E-04   4.2977720000E-04  -5.0053640000E-04  -2.9637940000E-04  -3.3724160000E-04
   40      8.8314870000E-04  -1.6908980000E-04  -7.2949780000E-04   9.5268420000E-04   1.1217925000E-03
   41     -1.7076390000E-04   3.9212632000E-03   5.5536460000E-04  -8.1101250000E-04  -4.4855180000E-04
   42      1.8484650000E-04   5.4064950000E-04  -9.6760110000E-04  -4.7010540000E-04   5.8457710000E-04
   43      6.8891230000E-04  -1.9803256000E-03  -2.7410600000E-04   9.7852700000E-04   3.9417402000E-03
   44     -1.2403827000E-03   2.2416910000E-03   2.2830660000E-04  -1.2848837000E-03  -2.9130189000E-03
   45     -6.0582110000E-04  -4.5690420000E-04   1.9233905000E-03   1.8129090000E-04   3.0531850000E-04
   46      8.6515970000E-04  -3.7531390000E-04  -3.6117280000E-04   5.1600880000E-04  -2.7902628000E-03
   47      1.6399951000E-03  -2.1720862000E-03  -5.2473400000E-04   1.5707417000E-03   3.3844098000E-03
                   30                 31                 32                 33                 34        
    0     -8.4023660000E-04  -5.8535010000E-04   2.5960419000E-03   8.8057850000E-04  -3.9057710000E-04
    1      8.7093410000E-04  -5.4230900000E-05   2.6531018000E-03  -1.7104573000E-03   1.0671362000E-03
    2      1.4937042000E-03  -6.1227850000E-04   2.4079230000E-03   7.7695140000E-04  -1.3334530000E-04
    3     -4.2693931000E-03  -3.3007106000E-03   2.9872790000E-03   2.7966812000E-03   5.3841530000E-04
    4      2.2245489000E-03  -1.7183521000E-03   1.4243704000E-03   5.9063140000E-04  -1.8872576000E-03
    5      3.4436774000E-03  -7.9183600000E-04   5.0187402000E-03  -1.3462529000E-03   3.2366350000E-04
    6     -1.3654710500E-02   2.6391794000E-03  -6.2626298000E-03  -1.7250936000E-02   7.7261240000E-04
    7     -2.7826349400E-02  -7.3226870000E-04  -7.3762590000E-04   2.2880556300E-02  -3.8743330000E-03
    8      5.5216710000E-03  -2.9145668000E-03   2.1132843000E-03   1.4284496200E-02   1.0592199000E-03
    9     -1.3638248100E-01  -1.1863357030E-01   6.5132560200E-02  -1.4048295270E-01   9.0626760900E-02
   10     -1.0114355450E-01  -1.4232487710E-01   6.3304486000E-02   8.1782710900E-02  -8.2993334100E-02
   11      4.9446026300E-02   5.9779619100E-02  -4.7288253500E-02   8.5347211000E-02  -7.7313537200E-02
   12     -8.6600340000E-04   1.1009112000E-03  -5.7991160000E-04  -1.3440367000E-03   3.1732180000E-04
   13      2.1987500000E-05  -1.5454480000E-03  -2.4600701000E-03   2.5577226000E-03  -1.0852583000E-03
   14     -6.0611070000E-04   4.2469070000E-04  -7.1678217000E-03  -2.1093806000E-03   1.9216100000E-03
   15     -1.9030907000E-03   1.6651045000E-03  -7.2562021000E-03  -9.0810370000E-04   1.5227258000E-03
   16      7.2630780000E-04  -7.3728020000E-04  -3.8325461000E-03  -5.1595460000E-04  -6.2804690000E-04
   17     -2.1737665000E-03   1.0071403000E-03  -8.0332830000E-04  -3.5669189000E-03  -8.3450730000E-04
   18     -2.7138911000E-03   1.1768204000E-03  -9.8127210000E-04   6.3375980000E-04   1.5657995000E-03
   19      1.2603362000E-03   1.6899700000E-05   1.1470683000E-03  -1.9615146000E-03   1.3313820000E-03
   20      9.2519670000E-04  -1.0306630000E-03   1.0181516000E-03   5.3115420000E-04  -1.3288222000E-03
   21      7.6012330000E-04  -1.9375116000E-03  -4.8612520000E-04  -1.0928480000E-04  -2.1699101000E-03
   22      1.4658881000E-03   1.5761993000E-03   1.2734304000E-03  -2.1497054000E-03   8.0614180000E-04
   23      9.2377230000E-04   9.8551650000E-04   2.2162206000E-03   4.1951350000E-04   1.5396741000E-03
   24     -1.2811326000E-03  -7.9765360000E-04  -3.4498180000E-04   1.3599138000E-03  -7.3116050000E-04
   25      1.5979830000E-04  -5.0129400000E-04   6.9713610000E-04   5.1527100000E-05  -3.3923960000E-04
   26     -3.6575130000E-04   1.1596401000E-03  -1.6040072000E-03  -4.7829000000E-05   4.4578090000E-04
   27      3.9381660000E-03  -4.0681200000E-04  -1.1846680000E-03  -5.3056500000E-03   5.1114473000E-03
   28     -7.0747680000E-04   4.3309840000E-04   8.7089380000E-04  -5.0441950000E-04  -8.0643540000E-04
   29     -1.9623605000E-03   9.4683900000E-05  -4.4308575000E-03   3.8174903000E-03  -1.6860651000E-03
   30      1.3481739430E-01   1.2158421880E-01  -5.8618981900E-02   1.9642403700E-02   2.7443079000E-03
   31      1.2158421880E-01   2.2296782950E-01  -4.0891788700E-02  -1.1474709000E-03  -8.5123673800E-02
   32     -5.8618981900E-02  -4.0891788700E-02   2.1502874000E-02   1.6959655000E-03  -1.7020703700E-02
   33      1.9642403700E-02  -1.1474709000E-03   1.6959655000E-03   1.3880938120E-01  -9.8137702600E-02
   34      2.7443079000E-03  -8.5123673800E-02  -1.7020703700E-02  -9.8137702600E-02   1.6872555150E-01
   35      2.0292559000E-03  -1.8359961800E-02   2.5432295600E-02  -9.9474867800E-02   9.3373340800E-02
   36      1.7112205000E-03  -1.8434556000E-03   1.2660750000E-03   2.5885750000E-04  -2.0228404000E-03
   37      8.0786030000E-04   2.1255726000E-03  -1.3682104000E-03  -1.5551996000E-03   1.0111189000E-03
   38     -3.8784500000E-05   8.1960860000E-04   2.0664456000E-03  -7.0613330000E-04   1.1814928000E-03
   39     -1.1657048000E-03   1.3076897000E-03   7.1943340000E-04   1.1248100000E-03   8.4629910000E-04
   40      1.2527300000E-05   2.3859852000E-03  -1.1147290000E-03  -1.0027948000E-03   2.6602694000E-03
   41      1.8971620000E-04  -4.8755410000E-04  -8.1274430000E-04   5.7327020000E-04  -1.3519165000E-03
   42     -4.1724350000E-04   2.0075137000E-03   1.3782007000E-03   1.1593700000E-03   2.5702723000E-03
   43     -1.4958553000E-03   1.5312314000E-03  -7.9353960000E-04   1.3910524000E-03   2.9934981000E-03
   44      3.5377810000E-04  -1.7932241000E-03  -7.9953050000E-04   6.5309530000E-04  -1.7929639000E-03
   45      2.6245796000E-03  -2.8289029000E-03  -6.0783100000E-05  -1.2647920000E-03  -3.1637717000E-03
   46     -7.0547910000E-04   1.7006086000E-03  -3.1512733000E-03  -5.6898150000E-04  -1.8575190000E-03
   47     -5.6104270000E-04   2.6109737000E-03   1.1306080000E-03  -8.4776510000E-04   1.6170792000E-03
                   35                 36                 37                 38                 39        
    0      1.6102379000E-03  -9.6207937000E-03  -8.6237098000E-03  -9.3181075000E-03   4.3797004000E-03
    1     -8.7327030000E-04   2.4291737000E-03   3.0180915000E-03  -3.4242240000E-04   9.8998920000E-04
    2      4.2164250000E-03   1.8419932000E-03   6.9654528000E-03  -2.6125520000E-03   6.1635017000E-03
    3     -5.9596540000E-04   3.5754332000E-03   7.0336708000E-03   2.3887258000E-03   2.1140078000E-03
    4     -9.9287740000E-04  -7.0623000000E-06  -7.4660970000E-04  -3.4754420000E-04  -7.9779390000E-04
    5     -2.0189732000E-03   1.4796399200E-02   9.7974938000E-03   1.5847316900E-02  -2.4272788000E-03
    6     -8.1169813000E-03   2.0541729000E-03  -8.4969930000E-04   3.0466473000E-03   7.0328200000E-04
    7     -1.7843218000E-03   1.3057471000E-03  -1.7458358000E-03   4.7807083000E-03   2.5147890000E-04
    8      1.3686812300E-02  -6.8276740000E-04   2.2388723000E-03  -4.0884480000E-03  -3.8629971000E-03
    9      1.1542702660E-01   1.3365114000E-03   3.8942860000E-03  -4.7626269000E-03  -9.6894320000E-04
   10     -8.2227952500E-02  -4.4053140000E-04  -2.4707900000E-03   9.6590120000E-04   2.1838813000E-03
   11     -9.5888751200E-02  -3.2637670000E-04  -4.2112860000E-04   4.9152509000E-03  -4.2310890000E-03
   12     -2.4175310000E-04  -3.4857389700E-02  -1.1725286800E-02   1.0227130200E-02  -2.0199846000E-02
   13      1.0167099000E-02   1.6989826600E-02   3.6280026000E-03  -2.3571208000E-03  -3.5415361200E-02
   14     -1.5340127900E-02   1.0023684300E-02   1.7722002000E-03   2.1412550000E-03   1.0974928700E-02
   15     -8.4430748000E-03  -1.0633374870E-01   6.4764601500E-02   1.1533022460E-01  -3.1177834400E-02
   16     -1.2597174000E-03   4.9388850000E-02  -6.0618751900E-02  -7.6025750500E-02  -2.3271110400E-02
   17     -8.3209002000E-03   9.4132726400E-02  -9.8366000200E-02  -1.4996183790E-01   1.8356199900E-02
   18     -1.1253093000E-03  -1.4154160000E-04  -1.4298411000E-03   1.4335870000E-04   2.1711728000E-03
   19     -7.8588710000E-04   1.2625273000E-03   1.1796418000E-03   6.2322520000E-04  -1.8069123000E-03
   20      2.3165066000E-03  -1.3988744000E-03   1.3779607000E-03  -1.3562532000E-03  -3.3371580000E-04
   21     -3.4279150000E-04   7.8510140000E-04   1.5392752000E-03  -2.2108550000E-04  -3.2463570000E-04
   22     -1.5177231000E-03   1.5078436000E-03   1.7531642000E-03   1.2046968000E-03  -9.8868600000E-04
   23      5.3745750000E-04  -2.3731306000E-03  -3.6522175000E-03  -3.0426360000E-04  -4.7883260000E-04
   24      2.8351500000E-04  -6.4351030000E-04   9.8914400000E-05  -8.3052300000E-05   1.2508255000E-03
   25     -8.2599940000E-04  -5.6240330000E-04   6.5929940000E-04   6.9421040000E-04   1.3142210000E-04
   26      1.5220940000E-03  -9.2653690000E-04  -3.8588239000E-03  -2.8820583000E-03   4.2977720000E-04
   27     -2.3945527000E-03   1.1644526000E-03   1.5264810000E-04  -5.3357490000E-04  -5.0053640000E-04
   28      5.2997340000E-04   5.5284100000E-05   5.5527420000E-04   7.6496220000E-04  -2.9637940000E-04
   29      6.1903060000E-03  -2.2950520000E-04   1.1450465000E-03   1.7056534000E-03  -3.3724160000E-04
   30      2.0292559000E-03   1.7112205000E-03   8.0786030000E-04  -3.8784500000E-05  -1.1657048000E-03
   31     -1.8359961800E-02  -1.8434556000E-03   2.1255726000E-03   8.1960860000E-04   1.3076897000E-03
   32      2.5432295600E-02   1.2660750000E-03  -1.3682104000E-03   2.0664456000E-03   7.1943340000E-04
   33     -9.9474867800E-02   2.5885750000E-04  -1.5551996000E-03  -7.0613330000E-04   1.1248100000E-03
   34      9.3373340800E-02  -2.0228404000E-03   1.0111189000E-03   1.1814928000E-03   8.4629910000E-04
   35      6.6674476700E-02   2.1601120000E-04   9.6774580000E-04  -1.0078912000E-03   6.0649350000E-04
   36      2.1601120000E-04   1.3471567910E-01  -9.3668380500E-02  -1.2175382300E-01   8.4526666000E-03
   37      9.6774580000E-04  -9.3668380500E-02   1.1644101700E-01   7.5904606500E-02   3.6016434700E-02
   38     -1.0078912000E-03  -1.2175382300E-01   7.5904606500E-02   1.1750029380E-01   6.2171834000E-03
