
$orca_hessian_file

$act_atom
  0

$act_coord
  0

$act_energy
      -21.749285

$multiplicity
  1

$hessian
48
                    0                  1                  2                  3                  4        
    0      7.1386826970E-01   2.0628185500E-02   1.3636691280E-01  -3.9966052840E-01   4.0355544200E-02
    1      2.0628185500E-02   3.4721726860E-01  -5.3785253100E-02   6.8309889000E-03  -6.8573568700E-02
    2      1.3636691280E-01  -5.3785253100E-02   1.3046091610E-01  -5.5439611600E-02  -5.8546541000E-03
    3     -3.9966052840E-01   6.8309889000E-03  -5.5439611600E-02   6.6390578670E-01  -2.3362154700E-02
    4      4.0355544200E-02  -6.8573568700E-02  -5.8546541000E-03  -2.3362154700E-02   5.8383193340E-01
    5      1.0962606010E-01  -2.6014380000E-04  -5.1397368000E-03  -1.7827003500E-02  -3.4680110000E-02
    6     -2.2438158200E-02  -2.4875276600E-02   1.9855449100E-02  -1.0478195590E-01  -9.2669701400E-02
    7     -4.1335712000E-03   1.6621126000E-03   1.4886012100E-02  -9.0934005000E-02  -2.4184210210E-01
    8     -2.0159861200E-02  -3.3138457000E-03  -6.1614573000E-03   9.4875033000E-03   1.9264607500E-02
    9      2.9427320000E-04  -5.0287792000E-03  -2.7067553200E-02  -4.9494182400E-02  -1.9230475300E-02
   10     -7.6343090000E-04  -2.6047860000E-03   5.1353590000E-04  -2.5794164100E-02  -1.3818079000E-03
   11      4.1449792000E-03   2.3366899000E-03   1.4847260000E-02   1.2259430800E-02   4.8274501000E-03
   12      4.3132299000E-03  -2.0182609000E-03  -1.2585255500E-02  -2.2232990600E-02  -1.6846741700E-02
   13     -2.3890167000E-03  -3.0052625000E-03  -7.0188977000E-03  -1.0138437800E-02  -5.2294120000E-04
   14      3.4417502000E-03   2.1325896000E-03   1.8523590300E-02  -7.9534304000E-03  -1.2565569600E-02
   15      5.1613755000E-03   1.7374104000E-03   4.0299396700E-02   3.4607348800E-02   1.4417994600E-02
   16     -2.1621586100E-02   1.9829800000E-05   1.0286072400E-02   1.8664806800E-02  -1.2323831000E-03
   17     -7.9162303600E-02   1.3174624100E-02   1.0466976300E-02   6.6235302000E-02   1.5583717000E-02
   18     -1.5239183850E-01  -1.1294947480E-01  -4.0432779000E-02  -1.7583102200E-02  -2.6770599400E-02
   19     -1.1703335520E-01  -1.5085444130E-01  -4.1177084000E-02   8.7451200000E-04   7.8321120000E-04
   20     -5.4518578300E-02  -4.9607248800E-02  -4.5526943200E-02   5.1908011000E-03   3.6370817000E-03
   21     -1.2654487810E-01   8.8442448100E-02  -7.4462115000E-02  -1.8748264100E-02   2.4132893700E-02
   22      8.6178095900E-02  -1.2266046480E-01   7.7717432200E-02   5.3613094000E-03  -3.6641272000E-03
   23     -9.6175466200E-02   8.8476261300E-02  -9.4927942200E-02   6.9537192000E-03  -2.0248500000E-04
   24     -1.9857865400E-02   2.2340901500E-02  -7.1820842000E-03  -9.9031882200E-02   1.0636037310E-01
   25      4.1882659000E-03   3.7938160000E-04   1.8133429000E-03   1.0744632980E-01  -2.3933660370E-01
   26     -6.2720440000E-03   3.2940875000E-03   3.2514183000E-03  -1.6299846000E-03   1.2852319400E-02
   27      2.8515680000E-04  -7.5302940000E-04   1.3321030000E-04   5.7836602000E-03  -1.1007915700E-02
   28      1.2944887000E-03   1.9840313000E-03   8.9028100000E-04   1.0091543000E-02  -2.7774310200E-02
   29      2.5949610000E-04   1.0577337000E-03   1.2705417000E-03   2.2189450000E-03   7.8345680000E-04
   30     -1.4170331000E-03   4.9472880000E-04   8.5748820000E-04  -4.0050594000E-03   1.3782018000E-03
   31     -8.7275100000E-05   9.2377300000E-05   3.3408450000E-04  -1.6921187000E-03  -5.0394310000E-04
   32      1.0799432000E-03   2.5999413000E-03   2.1826061000E-03   4.2491224000E-03   1.1916843000E-03
   33      1.5117500000E-04  -1.2668971000E-03   5.6454310000E-04   2.2689658000E-03   8.1833160000E-04
   34     -4.6257410000E-04   5.3717700000E-04  -6.7404750000E-04  -6.4001400000E-04  -7.6684040000E-04
   35      6.4011640000E-04  -6.4402390000E-04   4.0948822000E-03   8.8044940000E-04   2.3102420000E-04
   36     -6.8088782000E-03   1.5213647000E-03  -6.3283670000E-04   1.7386268000E-03   1.1885266000E-03
   37     -5.4226969000E-03   2.1780425000E-03   3.7030767000E-03   3.8512246000E-03  -4.4868510000E-04
   38     -5.9412779000E-03  -1.8538591000E-03  -7.8385737000E-03  -8.2991330000E-04  -2.7758510000E-04
   39      3.3634624000E-03   2.2495970000E-03   5.2559610000E-03   1.4928679000E-03  -1.5026256000E-03
   40      5.5874448000E-03  -2.6598453000E-03   7.8854770000E-04  -1.1147270000E-03   4.7711100000E-04
   41      1.2593843300E-02   1.2405900000E-04  -6.2376660000E-03  -9.1772279000E-03   1.2688713000E-03
   42      2.1631072000E-03  -5.1870360000E-04   6.8767249000E-03   2.6649120000E-03   4.2097850000E-04
   43      4.4335639000E-03  -1.8968059000E-03   4.4718796000E-03   2.8538200000E-03   9.3069720000E-04
   44      4.4939910000E-04  -1.6845550000E-03  -5.2353055000E-03  -3.5238944000E-03  -3.7480239000E-03
   45     -4.8086970000E-04   3.1647967000E-03   7.5925491000E-03   3.0757970000E-03   2.3173697000E-03
   46     -1.0752082600E-02  -1.8150462000E-03  -6.8943287000E-03  -2.2989130000E-03   2.4360100000E-05
   47     -6.3729692000E-03  -2.0470568000E-03  -1.4030566300E-02  -1.1094207700E-02  -2.3117848000E-03
                    5                  6                  7                  8                  9        
    0      1.0962606010E-01  -2.2438158200E-02  -4.1335712000E-03  -2.0159861200E-02   2.9427320000E-04
    1     -2.6014380000E-04  -2.4875276600E-02   1.6621126000E-03  -3.3138457000E-03  -5.0287792000E-03
    2     -5.1397368000E-03   1.9855449100E-02   1.4886012100E-02  -6.1614573000E-03  -2.7067553200E-02
    3     -1.7827003500E-02  -1.0478195590E-01  -9.0934005000E-02   9.4875033000E-03  -4.9494182400E-02
    4     -3.4680110000E-02  -9.2669701400E-02  -2.4184210210E-01   1.9264607500E-02  -1.9230475300E-02
    5     -4.2624663600E-02  -3.1992000200E-02  -1.6833269700E-02  -4.0946394000E-03   9.2619037000E-03
    6     -3.1992000200E-02   6.8736420150E-01  -2.3593091000E-03  -4.4945827500E-02  -3.9295414290E-01
    7     -1.6833269700E-02  -2.3593091000E-03   5.8669642860E-01  -3.5312524000E-03   2.0453386400E-02
    8     -4.0946394000E-03  -4.4945827500E-02  -3.5312524000E-03   5.3768154400E-02  -3.1736063800E-02
    9      9.2619037000E-03  -3.9295414290E-01   2.0453386400E-02  -3.1736063800E-02   6.7426079420E-01
   10      1.0722120000E-04  -2.7293367000E-03  -7.1748816000E-02  -1.0230659000E-03   2.3091938300E-02
   11      3.2001350000E-04   5.5637646100E-02  -5.2222019000E-03  -2.9399304900E-02  -2.1762369560E-01
   12     -3.9232410800E-02  -5.4847543000E-03   2.2599162000E-03   1.5419842700E-02  -1.2219042100E-02
   13     -1.2549851600E-02   1.0991878600E-02  -7.1050611000E-03  -2.6897650800E-02  -2.5895761700E-02
   14     -2.3160311100E-02  -1.6271074800E-02   5.6124883000E-03   2.7178972500E-02   7.1068349100E-02
   15     -2.8820489900E-02  -3.5432361900E-02  -2.1151122600E-02   5.3237244000E-02   4.2374827900E-02
   16      3.9553153100E-02  -4.0909973000E-03   4.9749140000E-04   1.6750223700E-02   1.0810735400E-02
   17      9.7789150100E-02   2.0456996700E-02   1.3103852900E-02  -2.2540949600E-02   2.6002499400E-02
   18     -1.1476149000E-03  -4.8056947000E-03   2.7105166000E-03  -5.5217760000E-04  -2.3711600000E-04
   19      9.0958720000E-04  -1.6208127000E-03  -9.1156770000E-04  -6.0352300000E-05  -3.6240370000E-04
   20     -2.6756550000E-04   5.7525490000E-04  -4.9392260000E-04   2.8106212000E-03  -2.8242158000E-03
   21     -1.1932607100E-02   2.5263015000E-03   1.0084279000E-03   2.6883040000E-03   1.3856861000E-03
   22      2.9468789000E-03  -3.4414800000E-05  -9.5410960000E-04  -8.0507660000E-04  -9.5189500000E-05
   23      1.4950504200E-02   2.7316504000E-03   1.6880019000E-03  -5.9933406000E-03  -2.0386004000E-03
   24     -5.8130041000E-03   6.2575405000E-03  -1.0375231300E-02   4.6482950000E-04   7.0427350000E-04
   25      1.1804394500E-02   1.0508687800E-02  -2.5553696100E-02   1.4398460000E-03   9.2656170000E-04
   26     -2.6751046300E-02  -1.4733294000E-03   3.0234300000E-03   2.0144172000E-03   8.8643510000E-04
   27      7.9668340000E-04  -9.9772968700E-02   1.0870133210E-01   6.6804308000E-03  -2.1764946100E-02
   28     -7.3911070000E-04   1.0777819170E-01  -2.3786528550E-01  -1.0774072600E-02   4.5295626000E-03
   29     -4.4979980000E-04   1.8209635000E-03  -1.3554394200E-02  -2.7367025200E-02   9.0008696000E-03
   30      6.0411724000E-03  -1.5627807900E-02  -2.7590784800E-02   7.7045634000E-03  -1.1244695410E-01
   31     -5.7597790000E-04   7.7127780000E-04  -1.5751728000E-03  -1.7007862000E-03  -1.0301487990E-01
   32      8.2207494000E-03  -6.2825550000E-03   1.4450090000E-03   4.8658779000E-03   6.6128140000E-02
   33     -6.8583130000E-04  -1.8119736100E-02   2.3334437800E-02   1.3354528700E-02  -1.2664690140E-01
   34      8.7525160000E-04   2.2272625000E-03  -2.0971392000E-03   4.9751290000E-04   8.3657549900E-02
   35     -3.1627052000E-03  -7.8353652000E-03  -3.9422857000E-03   8.7179481000E-03   1.0665041660E-01
   36      1.2837469700E-02   2.2774179000E-03   1.1071851000E-03  -3.1693975000E-03  -6.0712400000E-05
   37      6.6314288000E-03  -7.7718100000E-04  -9.2797040000E-04   1.8396092000E-03   2.3931466000E-03
   38      1.3561050900E-02   5.4269488000E-03   4.4441370000E-03  -8.1335359000E-03  -6.8452553000E-03
   39     -2.4509177000E-03  -8.3821550000E-04  -3.3214840000E-04  -1.9685640000E-03  -1.5368393000E-03
   40     -5.1962504000E-03  -3.0580150000E-04   2.8954420000E-04  -9.2367890000E-04  -7.8406400000E-04
   41     -2.4419778800E-02   4.3054133000E-03   3.9836180000E-04  -1.0136274100E-02  -8.3688335000E-03
   42     -1.1545674000E-03   1.7272527000E-03  -8.9623780000E-04  -5.5534795000E-03  -3.9615731000E-03
   43     -1.0073501000E-03   2.6552569000E-03  -5.1651970000E-04  -4.3420677000E-03  -3.4553332000E-03
   44     -3.4781775000E-03  -1.6606851000E-03   2.4856750000E-04   5.1800546000E-03   3.0368614000E-03
   45      2.4931577000E-03   1.0308190000E-04  -1.8027920000E-03  -9.5187530000E-04   2.3025551000E-03
   46      9.0141491000E-03  -5.4697241000E-03   1.9518634000E-03   1.3580049800E-02   1.2004005700E-02
   47     -1.2930440000E-03  -3.4948560000E-04  -1.2725341000E-03   9.2904811000E-03   4.4687426000E-03
                   10                 11                 12                 13                 14        
    0     -7.6343090000E-04   4.1449792000E-03   4.3132299000E-03  -2.3890167000E-03   3.4417502000E-03
    1     -2.6047860000E-03   2.3366899000E-03  -2.0182609000E-03  -3.0052625000E-03   2.1325896000E-03
    2      5.1353590000E-04   1.4847260000E-02  -1.2585255500E-02  -7.0188977000E-03   1.8523590300E-02
    3     -2.5794164100E-02   1.2259430800E-02  -2.2232990600E-02  -1.0138437800E-02  -7.9534304000E-03
    4     -1.3818079000E-03   4.8274501000E-03  -1.6846741700E-02  -5.2294120000E-04  -1.2565569600E-02
    5      1.0722120000E-04   3.2001350000E-04  -3.9232410800E-02  -1.2549851600E-02  -2.3160311100E-02
    6     -2.7293367000E-03   5.5637646100E-02  -5.4847543000E-03   1.0991878600E-02  -1.6271074800E-02
    7     -7.1748816000E-02  -5.2222019000E-03   2.2599162000E-03  -7.1050611000E-03   5.6124883000E-03
    8     -1.0230659000E-03  -2.9399304900E-02   1.5419842700E-02  -2.6897650800E-02   2.7178972500E-02
    9      2.3091938300E-02  -2.1762369560E-01  -1.2219042100E-02  -2.5895761700E-02   7.1068349100E-02
   10      3.4980990820E-01   1.1406974300E-02  -3.5643463000E-03   6.7691608000E-03   6.1516867000E-03
   11      1.1406974300E-02   2.2426001730E-01   2.7137076000E-02   8.1380411000E-03  -4.0355452600E-02
   12     -3.5643463000E-03   2.7137076000E-02   5.0403810400E-01   2.9265081300E-02   1.3300542440E-01
   13      6.7691608000E-03   8.1380411000E-03   2.9265081300E-02   2.8672946910E-01   1.6400713900E-02
   14      6.1516867000E-03  -4.0355452600E-02   1.3300542440E-01   1.6400713900E-02   3.2908059970E-01
   15     -7.8507560000E-04  -1.3716103900E-02  -2.9168285050E-01  -6.5144962500E-02  -6.2447245800E-02
   16     -1.5692593000E-03  -4.8578824000E-03  -7.3636339000E-02  -7.7742907700E-02  -2.8203278100E-02
   17      2.1663197000E-03  -1.8040501400E-02   3.7176951700E-02   8.8033025000E-03  -5.9272345300E-02
   18     -1.8201190000E-04  -5.6297910000E-04   7.7890420000E-04   1.2327099000E-03  -1.1493097000E-03
   19      3.8901090000E-04   5.0554700000E-05  -1.3544840000E-04  -1.2527850000E-04   1.1333449000E-03
   20     -1.8087211000E-03   7.6947240000E-04   1.4672207000E-03   1.3888568000E-03   4.5904835000E-03
   21     -1.2540800000E-03   2.4875870000E-04   7.3527060000E-04   7.1915850000E-04   1.1341660000E-04
   22      1.3773202000E-03   3.9989690000E-04  -4.4371470000E-04  -6.3193560000E-04  -6.1495330000E-04
   23      1.4796636000E-03   6.2974240000E-04   6.3691200000E-04  -1.3065945000E-03  -8.6775590000E-04
   24     -4.0272390000E-04  -1.8812250000E-04  -2.9057960000E-04  -3.4743030000E-04   1.1327793000E-03
   25      2.2876795000E-03  -3.8103580000E-04   3.0749780000E-04  -1.4747031000E-03  -2.4611470000E-04
   26     -1.7375133000E-03  -1.3006655000E-03   8.9139320000E-04   6.9131730000E-04  -7.9369090000E-04
   27      2.2083406600E-02   7.9573178000E-03  -1.1780017000E-03   2.4482111000E-03  -2.5449055000E-03
   28      1.0962986000E-03  -1.9529746000E-03   6.6550200000E-04  -1.8386591000E-03   1.4513777000E-03
   29     -3.4076187000E-03   4.8380090000E-04  -3.4062517000E-03   6.9424680000E-03  -7.8885715000E-03
   30     -9.4550933400E-02   4.9111642900E-02  -8.6508800000E-05   2.8068490000E-04  -1.9904045000E-03
   31     -1.7007120650E-01   6.4478210800E-02   2.4054370000E-04  -1.5053781000E-03   1.0087180000E-04
   32      7.4044180500E-02  -6.0898265700E-02   1.0367894000E-03  -3.3366480000E-04  -7.2941235000E-03
   33      8.3525206400E-02   8.1409096100E-02  -7.7052610000E-04   2.2753550000E-03  -2.9828419000E-03
   34     -1.0819196040E-01  -7.8011510700E-02  -4.9758500000E-05  -1.6263025000E-03   1.5675961000E-03
   35     -8.8955222000E-02  -1.0100108310E-01   4.3358940000E-04   6.8394338000E-03  -1.0405412700E-02
   36     -2.1946450000E-04  -3.3217420000E-04  -3.2231689600E-02   1.2588427100E-02   1.1136461700E-02
   37     -2.0357331000E-03  -5.1576710000E-04  -9.8953582000E-03   4.7453406000E-03   2.1939103000E-03
   38      1.0074345000E-03   2.8733367000E-03   4.2878433000E-03  -5.0682381000E-03   1.0676288200E-02
   39      1.1638164000E-03  -9.4497340000E-04  -1.3543309400E-02  -2.9997441700E-02   3.7578284000E-03
   40     -1.2071237000E-03  -2.2238360000E-04  -4.8101860000E-03  -1.0214231200E-02   2.1463535000E-03
   41     -1.7586083000E-03   7.3696370000E-04  -6.5046715000E-03   6.2742950000E-04   8.5631217000E-03
   42      2.8549063000E-03  -2.5245137000E-03  -1.0058295910E-01   5.2235869500E-02  -1.2851690120E-01
   43      1.9460600000E-05  -2.2108930000E-03   6.6165112400E-02  -3.1508283900E-02   1.1478065120E-01
   44     -2.6871625000E-03   3.4602084000E-03  -1.5454107540E-01   1.1689180480E-01  -1.6466477730E-01
   45     -2.4737066000E-03  -2.0133853000E-03  -2.9562297000E-02   2.1875674900E-02   2.0010410000E-04
   46     -2.9381457000E-03   1.7368312000E-03   1.2496500400E-02  -1.6094302600E-01  -1.1204166820E-01
   47      4.5008954000E-03   2.6144579000E-03  -5.2233776000E-03  -1.1354847000E-01  -8.3910615000E-02
                   15                 16                 17                 18                 19        
    0      5.1613755000E-03  -2.1621586100E-02  -7.9162303600E-02  -1.5239183850E-01  -1.1703335520E-01
    1      1.7374104000E-03   1.9829800000E-05   1.3174624100E-02  -1.1294947480E-01  -1.5085444130E-01
    2      4.0299396700E-02   1.0286072400E-02   1.0466976300E-02  -4.0432779000E-02  -4.1177084000E-02
    3      3.4607348800E-02   1.8664806800E-02   6.6235302000E-02  -1.7583102200E-02   8.7451200000E-04
    4      1.4417994600E-02  -1.2323831000E-03   1.5583717000E-02  -2.6770599400E-02   7.8321120000E-04
    5     -2.8820489900E-02   3.9553153100E-02   9.7789150100E-02  -1.1476149000E-03   9.0958720000E-04
    6     -3.5432361900E-02  -4.0909973000E-03   2.0456996700E-02  -4.8056947000E-03  -1.6208127000E-03
    7     -2.1151122600E-02   4.9749140000E-04   1.3103852900E-02   2.7105166000E-03  -9.1156770000E-04
    8      5.3237244000E-02   1.6750223700E-02  -2.2540949600E-02  -5.5217760000E-04  -6.0352300000E-05
    9      4.2374827900E-02   1.0810735400E-02   2.6002499400E-02  -2.3711600000E-04  -3.6240370000E-04
   10     -7.8507560000E-04  -1.5692593000E-03   2.1663197000E-03  -1.8201190000E-04   3.8901090000E-04
   11     -1.3716103900E-02  -4.8578824000E-03  -1.8040501400E-02  -5.6297910000E-04   5.0554700000E-05
   12     -2.9168285050E-01  -7.3636339000E-02   3.7176951700E-02   7.7890420000E-04  -1.3544840000E-04
   13     -6.5144962500E-02  -7.7742907700E-02   8.8033025000E-03   1.2327099000E-03  -1.2527850000E-04
   14     -6.2447245800E-02  -2.8203278100E-02  -5.9272345300E-02  -1.1493097000E-03   1.1333449000E-03
   15      4.6998569100E-01   7.6717915600E-02  -1.3492715660E-01  -1.1742498000E-03   2.6325110000E-04
   16      7.6717915600E-02   3.7937885230E-01  -6.4495209600E-02  -2.6577200000E-04  -9.0210200000E-04
   17     -1.3492715660E-01  -6.4495209600E-02   2.2041339540E-01  -1.8952335000E-03  -1.8129800000E-05
   18     -1.1742498000E-03  -2.6577200000E-04  -1.8952335000E-03   1.5953399770E-01   1.3167963530E-01
   19      2.6325110000E-04  -9.0210200000E-04  -1.8129800000E-05   1.3167963530E-01   2.1310103360E-01
   20      3.4302525000E-03   1.5946205000E-03   1.0513557000E-03   4.5032638600E-02   2.5958563500E-02
   21     -2.1303908000E-03   1.5312230000E-04  -3.4764120000E-04   1.3649224300E-02  -1.2267224800E-02
   22      4.2462900000E-05  -7.8856350000E-04  -2.1207365000E-03   3.8420702000E-03  -6.7730385300E-02
   23      4.2535268000E-03  -3.0332485000E-03  -1.0957892200E-02  -5.4736390000E-04   1.4529121500E-02
   24      3.5135400000E-05   1.8599579000E-03   3.3227053000E-03   2.8890200000E-03   2.8979110000E-04
   25      4.4226090000E-04  -1.5294322000E-03  -2.7106300000E-03  -5.6792120000E-04   4.9395570000E-04
   26      3.9878778000E-03  -5.2211392000E-03  -1.0876557400E-02   1.2843111000E-03  -1.9115680000E-04
   27     -6.9077880000E-04  -5.4847680000E-04  -8.6048770000E-04  -9.0689940000E-04  -5.2581400000E-04
   28     -3.6811540000E-04  -9.4528240000E-04  -1.1541642000E-03   2.7557870000E-04  -2.7445830000E-04
   29     -3.3193840000E-03  -1.2309047000E-03  -1.5725448000E-03   6.3372500000E-05  -8.8111600000E-04
   30     -2.0999423000E-03  -7.6628600000E-05  -2.7375378000E-03  -2.0841823000E-03   7.2788270000E-04
   31      8.4609920000E-04  -7.1535430000E-04   3.3480550000E-04   7.0473740000E-04   2.1911760000E-04
   32     -6.9841383000E-03  -3.6421280000E-03  -3.3495565000E-03  -7.7919270000E-04   4.5385170000E-04
   33     -1.1410805000E-03  -8.5816090000E-04  -3.2841935000E-03   3.0017370000E-04  -1.3315071000E-03
   34      1.7060677000E-03  -7.7063070000E-04  -3.0742050000E-04   1.0087795000E-03   5.9014470000E-04
   35     -7.5549897000E-03  -1.2630641000E-03  -6.7352269000E-03  -8.8587220000E-04  -4.5448750000E-04
   36     -1.2632396610E-01   6.1102968700E-02   9.4843679200E-02  -5.1342300000E-05   8.5792220000E-04
   37      6.7550338700E-02  -6.9217090100E-02  -7.6278898700E-02  -1.0407465000E-03   1.0511715000E-03
   38      1.1879514780E-01  -6.7961225500E-02  -1.3195877490E-01   2.5047470000E-04   3.8055990000E-04
   39     -3.8616091700E-02  -3.1019644400E-02   1.6942298600E-02   1.5977274000E-03  -1.0132568000E-03
   40     -4.0506858500E-02  -2.0134848430E-01   1.1095706280E-01  -4.7575650000E-04   8.1185190000E-04
   41      3.0929818800E-02   1.1746870980E-01  -7.5222078000E-02   4.9532320000E-04  -5.3217000000E-06
   42     -3.9041360000E-02   8.3486288000E-03  -1.3111943700E-02   1.9883036000E-03  -2.3741136000E-03
   43     -1.6784974700E-02   1.4651211000E-03  -5.9451839000E-03   5.0221910000E-04   1.6525293000E-03
   44      5.9354054000E-03   4.2024521000E-03   3.4712884000E-03   5.1508500000E-04  -9.4005140000E-04
   45     -1.3831306100E-02  -4.5540530300E-02  -2.8653935200E-02  -1.5029258000E-03   1.9709417000E-03
   46     -1.8982691900E-02  -2.4599805000E-02  -1.1093311300E-02   2.9603530000E-04   1.7062068000E-03
   47     -3.0991616000E-03  -9.9471514000E-03   7.3342611000E-03   3.1131770000E-04   3.1211600000E-04
                   20                 21                 22                 23                 24        
    0     -5.4518578300E-02  -1.2654487810E-01   8.6178095900E-02  -9.6175466200E-02  -1.9857865400E-02
    1     -4.9607248800E-02   8.8442448100E-02  -1.2266046480E-01   8.8476261300E-02   2.2340901500E-02
    2     -4.5526943200E-02  -7.4462115000E-02   7.7717432200E-02  -9.4927942200E-02  -7.1820842000E-03
    3      5.1908011000E-03  -1.8748264100E-02   5.3613094000E-03   6.9537192000E-03  -9.9031882200E-02
    4      3.6370817000E-03   2.4132893700E-02  -3.6641272000E-03  -2.0248500000E-04   1.0636037310E-01
    5     -2.6756550000E-04  -1.1932607100E-02   2.9468789000E-03   1.4950504200E-02  -5.8130041000E-03
    6      5.7525490000E-04   2.5263015000E-03  -3.4414800000E-05   2.7316504000E-03   6.2575405000E-03
    7     -4.9392260000E-04   1.0084279000E-03  -9.5410960000E-04   1.6880019000E-03  -1.0375231300E-02
    8      2.8106212000E-03   2.6883040000E-03  -8.0507660000E-04  -5.9933406000E-03   4.6482950000E-04
    9     -2.8242158000E-03   1.3856861000E-03  -9.5189500000E-05  -2.0386004000E-03   7.0427350000E-04
   10     -1.8087211000E-03  -1.2540800000E-03   1.3773202000E-03   1.4796636000E-03  -4.0272390000E-04
   11      7.6947240000E-04   2.4875870000E-04   3.9989690000E-04   6.2974240000E-04  -1.8812250000E-04
   12      1.4672207000E-03   7.3527060000E-04  -4.4371470000E-04   6.3691200000E-04  -2.9057960000E-04
   13      1.3888568000E-03   7.1915850000E-04  -6.3193560000E-04  -1.3065945000E-03  -3.4743030000E-04
   14      4.5904835000E-03   1.1341660000E-04  -6.1495330000E-04  -8.6775590000E-04   1.1327793000E-03
   15      3.4302525000E-03  -2.1303908000E-03   4.2462900000E-05   4.2535268000E-03   3.5135400000E-05
   16      1.5946205000E-03   1.5312230000E-04  -7.8856350000E-04  -3.0332485000E-03   1.8599579000E-03
   17      1.0513557000E-03  -3.4764120000E-04  -2.1207365000E-03  -1.0957892200E-02   3.3227053000E-03
   18      4.5032638600E-02   1.3649224300E-02   3.8420702000E-03  -5.4736390000E-04   2.8890200000E-03
   19      2.5958563500E-02  -1.2267224800E-02  -6.7730385300E-02   1.4529121500E-02   2.8979110000E-04
   20      2.5788468500E-02   2.8126287000E-03   1.8736292700E-02   1.5067142600E-02   1.6654490000E-04
   21      2.8126287000E-03   1.3144488560E-01  -9.6998925100E-02   8.3037746600E-02  -5.1999192000E-03
   22      1.8736292700E-02  -9.6998925100E-02   1.8974083130E-01  -9.7976421600E-02   3.4083910000E-03
   23      1.5067142600E-02   8.3037746600E-02  -9.7976421600E-02   7.4137124700E-02   2.9392265000E-03
   24      1.6654490000E-04  -5.1999192000E-03   3.4083910000E-03   2.9392265000E-03   1.1487039570E-01
   25     -7.6793140000E-04  -4.9735250000E-04  -3.9207590000E-04  -3.8373820000E-04  -1.1945100040E-01
   26     -3.6997010000E-03  -2.6090221000E-03   2.2491117000E-03   6.1444312000E-03   5.3231212000E-03
   27      1.5507240000E-04   7.8191460000E-04  -7.4170330000E-04  -2.2211940000E-04  -1.1466323000E-03
   28     -4.9273240000E-04  -1.1306310000E-04  -2.0437020000E-04   4.1205850000E-04  -2.6596969000E-03
   29     -7.2508340000E-04   6.3661200000E-05  -5.0253150000E-04   7.6472540000E-04   2.5925120000E-04
   30      5.6952680000E-04   4.8559680000E-04   8.2294350000E-04   7.7786940000E-04  -8.6259090000E-04
   31     -4.3167700000E-04  -1.1808248000E-03   8.9259520000E-04   6.3726020000E-04  -4.8174720000E-04
   32      1.7346190000E-04  -5.5855820000E-04   6.2638590000E-04   1.7299566000E-03  -2.1023810000E-04
   33      6.7369960000E-04  -3.7758110000E-04  -1.3831315000E-03   5.0255290000E-04   8.7976750000E-04
   34     -7.3200280000E-04  -1.3665384000E-03   5.1090050000E-04   8.2267770000E-04  -4.2100410000E-04
   35      1.8469289000E-03  -4.6253320000E-04  -8.6707340000E-04   3.4754800000E-04   2.2175350000E-04
   36     -1.1137483000E-03   7.4595250000E-04   8.8123840000E-04  -1.8163678000E-03  -4.1844750000E-04
   37      6.3378950000E-04   8.8169670000E-04   9.9203980000E-04  -1.9895158000E-03  -3.2378900000E-05
   38     -1.2422825000E-03  -1.1639800000E-05   6.7556800000E-04  -2.2333870000E-04  -1.3385340000E-04
   39     -2.6273340000E-04  -9.6585800000E-05  -5.0835990000E-04  -9.4967990000E-04   8.1116410000E-04
   40      7.6733110000E-04  -7.0800100000E-05   4.9148030000E-04   4.2866470000E-04   1.9651510000E-04
   41      9.0845570000E-04   4.6245080000E-04  -3.6894810000E-04  -1.0329960000E-04  -9.9687700000E-05
   42     -1.0128609000E-03   3.7901060000E-04  -2.2195117000E-03  -4.2536420000E-04   1.6880792000E-03
   43      1.1207456000E-03  -1.3516679000E-03   1.0494370000E-03   4.9461800000E-05   2.8026880000E-04
   44      7.2908360000E-04   7.7962690000E-04  -1.7790043000E-03  -1.7317226000E-03   3.5488800000E-04
   45     -3.4150340000E-04   9.6377630000E-04   1.8884392000E-03   3.4175810000E-04  -1.3274587000E-03
   46      4.9695470000E-04  -2.3727060000E-04   1.9714277000E-03  -3.6311676000E-03  -5.6498550000E-04
   47     -2.2738983000E-03   1.7752330000E-04   1.6831790000E-03   1.0341166000E-03  -5.5810950000E-04
                   25                 26                 27                 28                 29        
    0      4.1882659000E-03  -6.2720440000E-03   2.8515680000E-04   1.2944887000E-03   2.5949610000E-04
    1      3.7938160000E-04   3.2940875000E-03  -7.5302940000E-04   1.9840313000E-03   1.0577337000E-03
    2      1.8133429000E-03   3.2514183000E-03   1.3321030000E-04   8.9028100000E-04   1.2705417000E-03
    3      1.0744632980E-01  -1.6299846000E-03   5.7836602000E-03   1.0091543000E-02   2.2189450000E-03
    4     -2.3933660370E-01   1.2852319400E-02  -1.1007915700E-02  -2.7774310200E-02   7.8345680000E-04
    5      1.1804394500E-02  -2.6751046300E-02   7.9668340000E-04  -7.3911070000E-04  -4.4979980000E-04
    6      1.0508687800E-02  -1.4733294000E-03  -9.9772968700E-02   1.0777819170E-01   1.8209635000E-03
    7     -2.5553696100E-02   3.0234300000E-03   1.0870133210E-01  -2.3786528550E-01  -1.3554394200E-02
    8      1.4398460000E-03   2.0144172000E-03   6.6804308000E-03  -1.0774072600E-02  -2.7367025200E-02
    9      9.2656170000E-04   8.8643510000E-04  -2.1764946100E-02   4.5295626000E-03   9.0008696000E-03
   10      2.2876795000E-03  -1.7375133000E-03   2.2083406600E-02   1.0962986000E-03  -3.4076187000E-03
   11     -3.8103580000E-04  -1.3006655000E-03   7.9573178000E-03  -1.9529746000E-03   4.8380090000E-04
   12      3.0749780000E-04   8.9139320000E-04  -1.1780017000E-03   6.6550200000E-04  -3.4062517000E-03
   13     -1.4747031000E-03   6.9131730000E-04   2.4482111000E-03  -1.8386591000E-03   6.9424680000E-03
   14     -2.4611470000E-04  -7.9369090000E-04  -2.5449055000E-03   1.4513777000E-03  -7.8885715000E-03
   15      4.4226090000E-04   3.9878778000E-03  -6.9077880000E-04  -3.6811540000E-04  -3.3193840000E-03
   16     -1.5294322000E-03  -5.2211392000E-03  -5.4847680000E-04  -9.4528240000E-04  -1.2309047000E-03
   17     -2.7106300000E-03  -1.0876557400E-02  -8.6048770000E-04  -1.1541642000E-03  -1.5725448000E-03
   18     -5.6792120000E-04   1.2843111000E-03  -9.0689940000E-04   2.7557870000E-04   6.3372500000E-05
   19      4.9395570000E-04  -1.9115680000E-04  -5.2581400000E-04  -2.7445830000E-04  -8.8111600000E-04
   20     -7.6793140000E-04  -3.6997010000E-03   1.5507240000E-04  -4.9273240000E-04  -7.2508340000E-04
   21     -4.9735250000E-04  -2.6090221000E-03   7.8191460000E-04  -1.1306310000E-04   6.3661200000E-05
   22     -3.9207590000E-04   2.2491117000E-03  -7.4170330000E-04  -2.0437020000E-04  -5.0253150000E-04
   23     -3.8373820000E-04   6.1444312000E-03  -2.2211940000E-04   4.1205850000E-04   7.6472540000E-04
   24     -1.1945100040E-01   5.3231212000E-03  -1.1466323000E-03  -2.6596969000E-03   2.5925120000E-04
   25      2.6631120150E-01  -1.1749741800E-02  -2.5655840000E-03  -3.5699928000E-03   2.5991820000E-04
   26     -1.1749741800E-02   2.8831502000E-02   4.8837600000E-05   7.5031140000E-04   2.7499343000E-03
   27     -2.5655840000E-03   4.8837600000E-05   1.1952223070E-01  -1.1963076190E-01  -9.1053745000E-03
   28     -3.5699928000E-03   7.5031140000E-04  -1.1963076190E-01   2.6632632490E-01   9.8819111000E-03
   29      2.5991820000E-04   2.7499343000E-03  -9.1053745000E-03   9.8819111000E-03   2.9399943800E-02
   30      1.3758250000E-04  -4.8944720000E-04   2.8575469000E-03  -8.9847280000E-04  -2.2944337000E-03
   31     -1.6535750000E-04   8.4344960000E-04   2.6992150000E-04   5.5854370000E-04  -1.8788120000E-04
   32      1.5795100000E-04  -1.3364305000E-03  -1.2500095000E-03   5.2546510000E-04  -4.6652072000E-03
   33     -1.9232500000E-05   7.8932600000E-05  -5.1545184000E-03  -2.9460160000E-04   4.3331662000E-03
   34     -2.5009220000E-04   5.1168420000E-04   3.2723769000E-03  -2.0992820000E-04  -1.9046445000E-03
   35     -2.6725290000E-04   1.2299922000E-03  -1.4080082000E-03   7.8273880000E-04   6.9980669000E-03
   36     -5.3913490000E-04  -6.8178750000E-04   8.0701970000E-04  -3.8352200000E-05  -8.2483000000E-06
   37      5.2879700000E-04  -2.5743331000E-03   2.3691900000E-05   4.7515650000E-04   9.3859510000E-04
   38      4.4051060000E-04  -2.0644716000E-03  -2.6269850000E-04   5.2863220000E-04   1.4403363000E-03
   39      7.2532700000E-05   5.5400270000E-04  -1.6633970000E-04  -2.0635220000E-04  -3.7331490000E-04
   40      8.7763280000E-04  -8.6509490000E-04  -4.5319180000E-04   8.1406810000E-04   8.3073880000E-04
   41      2.9897420000E-04   2.4576293000E-03   4.4171890000E-04  -5.2648260000E-04  -2.3582640000E-04
   42      1.8179900000E-04   4.6351840000E-04  -7.6463390000E-04  -3.7381540000E-04   4.2411150000E-04
   43      4.9065050000E-04  -1.4767890000E-03  -2.2383610000E-04   6.6275170000E-04   2.5093209000E-03
   44     -9.1737160000E-04   1.7800783000E-03  -2.2011500000E-05  -1.0097557000E-03  -2.6619413000E-03
   45     -5.7129260000E-04  -3.6281480000E-04   1.5081901000E-03  -5.1635100000E-05   6.3170100000E-05
   46      9.0265500000E-04  -3.9994280000E-04  -3.4862720000E-04   7.6511200000E-04  -1.5350518000E-03
   47      1.2088789000E-03  -1.6368395000E-03  -5.3765630000E-04   1.4265171000E-03   2.4586502000E-03
                   30                 31                 32                 33                 34        
    0     -1.4170331000E-03  -8.7275100000E-05   1.0799432000E-03   1.5117500000E-04  -4.6257410000E-04
    1      4.9472880000E-04   9.2377300000E-05   2.5999413000E-03  -1.2668971000E-03   5.3717700000E-04
    2      8.5748820000E-04   3.3408450000E-04   2.1826061000E-03   5.6454310000E-04  -6.7404750000E-04
    3     -4.0050594000E-03  -1.6921187000E-03   4.2491224000E-03   2.2689658000E-03  -6.4001400000E-04
    4      1.3782018000E-03  -5.0394310000E-04   1.1916843000E-03   8.1833160000E-04  -7.6684040000E-04
    5      6.0411724000E-03  -5.7597790000E-04   8.2207494000E-03  -6.8583130000E-04   8.7525160000E-04
    6     -1.5627807900E-02   7.7127780000E-04  -6.2825550000E-03  -1.8119736100E-02   2.2272625000E-03
    7     -2.7590784800E-02  -1.5751728000E-03   1.4450090000E-03   2.3334437800E-02  -2.0971392000E-03
    8      7.7045634000E-03  -1.7007862000E-03   4.8658779000E-03   1.3354528700E-02   4.9751290000E-04
    9     -1.1244695410E-01  -1.0301487990E-01   6.6128140000E-02  -1.2664690140E-01   8.3657549900E-02
   10     -9.4550933400E-02  -1.7007120650E-01   7.4044180500E-02   8.3525206400E-02  -1.0819196040E-01
   11      4.9111642900E-02   6.4478210800E-02  -6.0898265700E-02   8.1409096100E-02  -7.8011510700E-02
   12     -8.6508800000E-05   2.4054370000E-04   1.0367894000E-03  -7.7052610000E-04  -4.9758500000E-05
   13      2.8068490000E-04  -1.5053781000E-03  -3.3366480000E-04   2.2753550000E-03  -1.6263025000E-03
   14     -1.9904045000E-03   1.0087180000E-04  -7.2941235000E-03  -2.9828419000E-03   1.5675961000E-03
   15     -2.0999423000E-03   8.4609920000E-04  -6.9841383000E-03  -1.1410805000E-03   1.7060677000E-03
   16     -7.6628600000E-05  -7.1535430000E-04  -3.6421280000E-03  -8.5816090000E-04  -7.7063070000E-04
   17     -2.7375378000E-03   3.3480550000E-04  -3.3495565000E-03  -3.2841935000E-03  -3.0742050000E-04
   18     -2.0841823000E-03   7.0473740000E-04  -7.7919270000E-04   3.0017370000E-04   1.0087795000E-03
   19      7.2788270000E-04   2.1911760000E-04   4.5385170000E-04  -1.3315071000E-03   5.9014470000E-04
   20      5.6952680000E-04  -4.3167700000E-04   1.7346190000E-04   6.7369960000E-04  -7.3200280000E-04
   21      4.8559680000E-04  -1.1808248000E-03  -5.5855820000E-04  -3.7758110000E-04  -1.3665384000E-03
   22      8.2294350000E-04   8.9259520000E-04   6.2638590000E-04  -1.3831315000E-03   5.1090050000E-04
   23      7.7786940000E-04   6.3726020000E-04   1.7299566000E-03   5.0255290000E-04   8.2267770000E-04
   24     -8.6259090000E-04  -4.8174720000E-04  -2.1023810000E-04   8.7976750000E-04  -4.2100410000E-04
   25      1.3758250000E-04  -1.6535750000E-04   1.5795100000E-04  -1.9232500000E-05  -2.5009220000E-04
   26     -4.8944720000E-04   8.4344960000E-04  -1.3364305000E-03   7.8932600000E-05   5.1168420000E-04
   27      2.8575469000E-03   2.6992150000E-04  -1.2500095000E-03  -5.1545184000E-03   3.2723769000E-03
   28     -8.9847280000E-04   5.5854370000E-04   5.2546510000E-04  -2.9460160000E-04  -2.0992820000E-04
   29     -2.2944337000E-03  -1.8788120000E-04  -4.6652072000E-03   4.3331662000E-03  -1.9046445000E-03
   30      1.1876805290E-01   1.0961428800E-01  -5.9734561900E-02   1.3853164700E-02   1.0977497900E-02
   31      1.0961428800E-01   2.3713962050E-01  -5.8461174100E-02  -4.6276279000E-03  -7.0775176300E-02
   32     -5.9734561900E-02  -5.8461174100E-02   4.1001973300E-02   3.8599410000E-04  -1.4421331500E-02
   33      1.3853164700E-02  -4.6276279000E-03   3.8599410000E-04   1.3265761770E-01  -9.8518620300E-02
   34      1.0977497900E-02  -7.0775176300E-02  -1.4421331500E-02  -9.8518620300E-02   1.7768486680E-01
   35      1.6995219000E-03  -6.2685692000E-03   1.7558170300E-02  -9.4360850800E-02   9.2062856800E-02
   36      1.2647619000E-03  -1.2948134000E-03   8.6907210000E-04   3.0516270000E-04  -1.4562944000E-03
   37      4.1663650000E-04   1.6688836000E-03  -7.9993180000E-04  -1.1448199000E-03   1.3001818000E-03
   38      1.1402710000E-04   6.3694140000E-04   1.6882781000E-03  -3.3971490000E-04   6.6818860000E-04
   39     -4.6128090000E-04   4.5440270000E-04   7.6169700000E-04   1.3380882000E-03   3.8910040000E-04
   40     -7.3718500000E-05   2.0282398000E-03  -4.0570430000E-04  -7.1747750000E-04   2.1980502000E-03
   41      5.1816800000E-04  -2.6347390000E-04   1.6507900000E-05   8.2528640000E-04  -5.3892210000E-04
   42     -3.2309020000E-04   1.5836846000E-03   1.0921854000E-03   1.1261182000E-03   1.9328249000E-03
   43     -1.1957494000E-03   1.6646118000E-03  -3.4545930000E-04   9.0578520000E-04   2.3261685000E-03
   44      3.5267040000E-04  -1.2758907000E-03  -5.0761950000E-04   5.1572750000E-04  -1.4890182000E-03
   45      2.1853266000E-03  -2.1056681000E-03   1.9631010000E-04  -6.6988990000E-04  -2.2566560000E-03
   46     -4.6415900000E-04   1.0475992000E-03  -2.6350751000E-03  -6.9703970000E-04  -4.5941970000E-04
   47     -5.0026540000E-04   1.7998064000E-03   6.1362150000E-04  -9.9009490000E-04   1.0731299000E-03
                   35                 36                 37                 38                 39        
    0      6.4011640000E-04  -6.8088782000E-03  -5.4226969000E-03  -5.9412779000E-03   3.3634624000E-03
    1     -6.4402390000E-04   1.5213647000E-03   2.1780425000E-03  -1.8538591000E-03   2.2495970000E-03
    2      4.0948822000E-03  -6.3283670000E-04   3.7030767000E-03  -7.8385737000E-03   5.2559610000E-03
    3      8.8044940000E-04   1.7386268000E-03   3.8512246000E-03  -8.2991330000E-04   1.4928679000E-03
    4      2.3102420000E-04   1.1885266000E-03  -4.4868510000E-04  -2.7758510000E-04  -1.5026256000E-03
    5     -3.1627052000E-03   1.2837469700E-02   6.6314288000E-03   1.3561050900E-02  -2.4509177000E-03
    6     -7.8353652000E-03   2.2774179000E-03  -7.7718100000E-04   5.4269488000E-03  -8.3821550000E-04
    7     -3.9422857000E-03   1.1071851000E-03  -9.2797040000E-04   4.4441370000E-03  -3.3214840000E-04
    8      8.7179481000E-03  -3.1693975000E-03   1.8396092000E-03  -8.1335359000E-03  -1.9685640000E-03
    9      1.0665041660E-01  -6.0712400000E-05   2.3931466000E-03  -6.8452553000E-03  -1.5368393000E-03
   10     -8.8955222000E-02  -2.1946450000E-04  -2.0357331000E-03   1.0074345000E-03   1.1638164000E-03
   11     -1.0100108310E-01  -3.3217420000E-04  -5.1576710000E-04   2.8733367000E-03  -9.4497340000E-04
   12      4.3358940000E-04  -3.2231689600E-02  -9.8953582000E-03   4.2878433000E-03  -1.3543309400E-02
   13      6.8394338000E-03   1.2588427100E-02   4.7453406000E-03  -5.0682381000E-03  -2.9997441700E-02
   14     -1.0405412700E-02   1.1136461700E-02   2.1939103000E-03   1.0676288200E-02   3.7578284000E-03
   15     -7.5549897000E-03  -1.2632396610E-01   6.7550338700E-02   1.1879514780E-01  -3.8616091700E-02
   16     -1.2630641000E-03   6.1102968700E-02  -6.9217090100E-02  -6.7961225500E-02  -3.1019644400E-02
   17     -6.7352269000E-03   9.4843679200E-02  -7.6278898700E-02  -1.3195877490E-01   1.6942298600E-02
   18     -8.8587220000E-04  -5.1342300000E-05  -1.0407465000E-03   2.5047470000E-04   1.5977274000E-03
   19     -4.5448750000E-04   8.5792220000E-04   1.0511715000E-03   3.8055990000E-04  -1.0132568000E-03
   20      1.8469289000E-03  -1.1137483000E-03   6.3378950000E-04  -1.2422825000E-03  -2.6273340000E-04
   21     -4.6253320000E-04   7.4595250000E-04   8.8169670000E-04  -1.1639800000E-05  -9.6585800000E-05
   22     -8.6707340000E-04   8.8123840000E-04   9.9203980000E-04   6.7556800000E-04  -5.0835990000E-04
   23      3.4754800000E-04  -1.8163678000E-03  -1.9895158000E-03  -2.2333870000E-04  -9.4967990000E-04
   24      2.2175350000E-04  -4.1844750000E-04  -3.2378900000E-05  -1.3385340000E-04   8.1116410000E-04
   25     -2.6725290000E-04  -5.3913490000E-04   5.2879700000E-04   4.4051060000E-04   7.2532700000E-05
   26      1.2299922000E-03  -6.8178750000E-04  -2.5743331000E-03  -2.0644716000E-03   5.5400270000E-04
   27     -1.4080082000E-03   8.0701970000E-04   2.3691900000E-05  -2.6269850000E-04  -1.6633970000E-04
   28      7.8273880000E-04  -3.8352200000E-05   4.7515650000E-04   5.2863220000E-04  -2.0635220000E-04
   29      6.9980669000E-03  -8.2483000000E-06   9.3859510000E-04   1.4403363000E-03  -3.7331490000E-04
   30      1.6995219000E-03   1.2647619000E-03   4.1663650000E-04   1.1402710000E-04  -4.6128090000E-04
   31     -6.2685692000E-03  -1.2948134000E-03   1.6688836000E-03   6.3694140000E-04   4.5440270000E-04
   32      1.7558170300E-02   8.6907210000E-04  -7.9993180000E-04   1.6882781000E-03   7.6169700000E-04
   33     -9.4360850800E-02   3.0516270000E-04  -1.1448199000E-03  -3.3971490000E-04   1.3380882000E-03
   34      9.2062856800E-02  -1.4562944000E-03   1.3001818000E-03   6.6818860000E-04   3.8910040000E-04
   35      7.9386882500E-02   3.1898410000E-04   6.2085790000E-04  -1.7440760000E-04   8.9575380000E-04
   36      3.1898410000E-04   1.5673166080E-01  -9.2403240800E-02  -1.1803259730E-01   4.0264078000E-03
   37      6.2085790000E-04  -9.2403240800E-02   1.1445220110E-01   7.0525814000E-02   3.3720884400E-02
   38     -1.7440760000E-04  -1.1803259730E-01   7.0525814000E-02   1.1226539760E-01   3.4723877000E-03
