
$orca_hessian_file

$act_atom
  0

$act_coord
  0

$act_energy
      -22.022733

$multiplicity
  1

$hessian
48
                    0                  1                  2                  3                  4        
    0      6.0809634510E-01   3.3468737000E-03  -2.2641064980E-01  -3.1012062180E-01   3.4689170700E-02
    1      3.3468737000E-03   5.6965930780E-01  -1.7609922400E-02   1.1252701100E-02  -7.8345502200E-02
    2     -2.2641064980E-01  -1.7609922400E-02   1.6263898250E-01   1.3721435230E-01  -2.6899928700E-02
    3     -3.1012062180E-01   1.1252701100E-02   1.3721435230E-01   5.9024653480E-01   3.0072509000E-03
    4      3.4689170700E-02  -7.8345502200E-02  -2.6899928700E-02   3.0072509000E-03   5.9381537170E-01
    5      1.8178195470E-01  -1.6450920000E-03  -1.0661256220E-01  -1.7838717150E-01   5.6930199900E-02
    6     -4.8188571400E-02  -2.5704449500E-02   4.4512677500E-02  -1.1279939430E-01  -9.7352713200E-02
    7     -2.5966102600E-02  -7.0071800000E-05   2.6341901000E-02  -9.8017768000E-02  -2.4876840240E-01
    8      5.4633884000E-03   8.9513267000E-03   2.7490430000E-04   3.2738630000E-03  -3.2023622000E-03
    9      6.4783311000E-03  -3.0898683000E-03  -1.1618488300E-02  -4.9346237200E-02  -2.6846447500E-02
   10     -3.5745131000E-03  -2.7356108000E-03   4.5546637000E-03  -2.4021405200E-02   1.7494020000E-03
   11      9.9063590000E-03  -3.7883799000E-03  -2.7940673300E-02  -4.4141815800E-02  -2.5349865800E-02
   12      2.1061026000E-03  -7.3850636000E-03  -5.7905550200E-02  -4.1863556700E-02  -2.0781833700E-02
   13      3.6879440000E-04  -2.2974776000E-03  -2.6149638300E-02  -1.7735846100E-02  -6.0347233000E-03
   14     -9.4985021000E-03   1.0552520000E-04   3.1591006400E-02   2.7036263300E-02   1.8529992200E-02
   15     -1.6776723900E-02   5.4680346000E-03   7.3170870400E-02   4.1808984100E-02   1.4517715900E-02
   16     -3.1147961000E-03  -1.7446411200E-02   2.6586480600E-02   1.5812419100E-02   7.4139605000E-03
   17     -1.8944887000E-03   1.0138159200E-02   6.2332787100E-02   4.8993340700E-02   1.7591018400E-02
   18     -1.2376321170E-01  -1.1879500260E-01   2.6477261700E-02  -1.5598516600E-02  -2.0380865000E-02
   19     -1.1960877840E-01  -2.1867580980E-01   2.8699393100E-02  -8.5183690000E-04  -2.4479100000E-05
   20      2.1304265800E-02   2.5653196300E-02  -3.6661231200E-02   1.1688138400E-02   1.5739446900E-02
   21     -1.0166124670E-01   1.0900764610E-01   1.6232515700E-02  -1.1150553700E-02   2.4086765800E-02
   22      1.0690643890E-01  -2.4555328350E-01  -1.1794188000E-02   6.4642632000E-03  -4.6420674000E-03
   23      7.5318055000E-03  -8.4281450000E-03  -2.5628604200E-02   1.5467283700E-02  -1.5205049300E-02
   24     -1.5333117100E-02   2.5532195900E-02   1.9989816000E-03  -9.6230605400E-02   9.8623824200E-02
   25      4.0704108000E-03  -3.6211830000E-03  -1.2511120000E-03   9.9977572500E-02  -2.3858562830E-01
   26      1.1522893100E-02  -1.2345892700E-02  -7.8825378000E-03   7.9494546000E-03  -2.6594775600E-02
   27      5.6121440000E-04  -1.5697588000E-03   1.3716629000E-03   8.8094889000E-03  -1.1016081700E-02
   28      9.9093880000E-04   3.9274210000E-04  -1.0289571000E-03   8.8300853000E-03  -2.7296626900E-02
   29      5.7066630000E-04   5.7423800000E-05  -3.9114292000E-03  -4.3039927000E-03  -7.0186972000E-03
   30      2.9677530000E-04  -4.4796870000E-04  -1.6708152000E-03  -4.9270042000E-03  -4.2210250000E-04
   31      1.6408410000E-04   2.0060220000E-04  -6.9928460000E-04  -8.2863550000E-04   6.2720350000E-04
   32     -1.5637400000E-03  -1.4805158000E-03   8.8057650000E-04  -4.4595611000E-03   2.1386267000E-03
   33      1.8134660000E-04  -2.7688760000E-04  -1.0531150000E-03  -9.2424630000E-04   8.0888760000E-04
   34     -1.0913150000E-04  -2.2657690000E-04   3.1386700000E-04  -1.9010290000E-03   9.2147750000E-04
   35     -4.1295700000E-05   6.0765920000E-04   1.3219252000E-03   2.9752896000E-03   1.9166565000E-03
   36      5.8357030000E-04  -7.4401000000E-06  -4.0523407000E-03  -1.2105261000E-03  -3.1606810000E-04
   37      7.1696890000E-04   3.0863880000E-04  -1.3131929000E-03   2.9645400000E-05  -2.4074030000E-04
   38      2.3372279000E-03  -5.5001425000E-03  -2.2925976300E-02  -6.7828720000E-03  -2.3065387000E-03
   39     -5.9302190000E-04   2.5054420000E-03  -3.3907577000E-03  -2.8040340000E-04  -5.3220570000E-04
   40      5.6418240000E-04  -5.0225310000E-04   1.4482690000E-03   1.7028890000E-04   2.3738120000E-04
   41     -2.6128089000E-03   7.3414952000E-03  -1.2639765300E-02  -4.3507762000E-03  -4.1909470000E-04
   42     -1.2344532000E-03   2.1622750000E-04   2.8598144000E-03   1.7518749000E-03   8.1438180000E-04
   43     -6.6195100000E-04   1.0784780000E-04   6.5645150000E-04   6.2317530000E-04   3.5401690000E-04
   44      8.8673520000E-04  -1.3145228000E-03  -9.2418934000E-03  -7.3527966000E-03  -3.4780864000E-03
   45     -6.3271770000E-04  -5.2681500000E-05   2.2635805000E-03   1.8347829000E-03   1.1003205000E-03
   46      1.2174100000E-03  -1.1949587000E-03  -1.8548019000E-03  -2.8108810000E-03  -1.1806434000E-03
   47      7.1618930000E-04  -7.4217250000E-04  -5.5955091000E-03  -4.8189995000E-03  -2.3715419000E-03
                    5                  6                  7                  8                  9        
    0      1.8178195470E-01  -4.8188571400E-02  -2.5966102600E-02   5.4633884000E-03   6.4783311000E-03
    1     -1.6450920000E-03  -2.5704449500E-02  -7.0071800000E-05   8.9513267000E-03  -3.0898683000E-03
    2     -1.0661256220E-01   4.4512677500E-02   2.6341901000E-02   2.7490430000E-04  -1.1618488300E-02
    3     -1.7838717150E-01  -1.1279939430E-01  -9.8017768000E-02   3.2738630000E-03  -4.9346237200E-02
    4      5.6930199900E-02  -9.7352713200E-02  -2.4876840240E-01  -3.2023622000E-03  -2.6846447500E-02
    5      2.4255663090E-01  -6.7569965000E-03  -8.3457431000E-03  -3.3694798300E-02  -5.7499573000E-03
    6     -6.7569965000E-03   6.2005441700E-01  -8.6048421000E-03   1.7047506220E-01  -3.3893124760E-01
    7     -8.3457431000E-03  -8.6048421000E-03   6.0164261760E-01  -3.4536599300E-02   4.4578166600E-02
    8     -3.3694798300E-02   1.7047506220E-01  -3.4536599300E-02   2.2304631670E-01  -1.7537996700E-01
    9     -5.7499573000E-03  -3.3893124760E-01   4.4578166600E-02  -1.7537996700E-01   6.2835447010E-01
   10     -7.3225092000E-03   1.8372633100E-02  -8.0026749400E-02   1.2204305000E-03  -7.9915590000E-03
   11     -2.8638450000E-04  -1.3565166610E-01   2.6948400900E-02  -9.6350530300E-02   2.2592917210E-01
   12      1.2215792300E-02   4.1445977700E-02   1.4972201700E-02   2.7028238700E-02  -1.5664741100E-02
   13      1.1195724600E-02   1.7215463600E-02   1.0204706500E-02   1.1968688000E-02  -2.9770373000E-03
   14     -1.7100570900E-02  -5.0483962600E-02  -1.6601673100E-02  -4.4518084100E-02   2.6012248000E-03
   15     -2.8502664700E-02  -3.7639284200E-02  -1.9320275200E-02  -1.0668780700E-02   5.0488420000E-03
   16     -1.2252380900E-02  -1.7320481200E-02  -6.2983737000E-03  -3.3880257000E-03   2.4139911000E-03
   17     -4.9744208200E-02  -2.5435195200E-02  -1.7439495400E-02  -1.7621945600E-02   9.0691286000E-03
   18      4.5051318000E-03  -4.9735536000E-03  -7.9834760000E-04   4.6836910000E-03   4.6484730000E-04
   19      6.1448950000E-04  -1.2058414000E-03   7.6137290000E-04   2.5430870000E-04   1.3855440000E-04
   20     -5.4347173000E-03   4.8922219000E-03  -2.2908517000E-03   4.8829365000E-03   1.5592618000E-03
   21      1.5103735000E-03  -1.3429351000E-03   7.2372470000E-04  -1.8698540000E-03   2.9072200000E-04
   22     -3.3494014000E-03  -1.7528045000E-03   9.6058430000E-04   5.4965550000E-04  -1.2442690000E-04
   23     -5.6769199000E-03  -3.2010402000E-03  -1.6870128000E-03  -3.1179718000E-03   1.4404410000E-04
   24      1.9202434000E-02   9.0111095000E-03  -1.1175004300E-02  -1.4439219000E-03   5.5975360000E-04
   25     -2.8755810900E-02   8.9331549000E-03  -2.8122723800E-02  -1.8181036000E-03   1.1827896000E-03
   26     -3.4030703700E-02   4.2206680000E-03   4.9050980000E-03   1.0906783000E-03  -6.0158110000E-04
   27      6.1186100000E-04  -9.6231936800E-02   9.9664634600E-02  -1.1824460300E-02  -1.5910000200E-02
   28     -4.1728500000E-05   1.0125645900E-01  -2.4315659040E-01   1.5921652300E-02   4.7298979000E-03
   29      8.4220030000E-04  -4.9167950000E-04   1.4885991300E-02  -3.2374713000E-02  -1.0761320000E-02
   30     -4.3659740000E-03  -1.6342388500E-02  -2.0775765500E-02  -6.0098163000E-03  -1.2040301150E-01
   31     -3.6268440000E-04  -5.3032690000E-04   7.2445320000E-04  -2.2682470000E-04  -1.1831783960E-01
   32      6.0670157000E-03  -1.0585248000E-02  -1.4271873200E-02  -5.6388091000E-03  -2.8262370800E-02
   33      1.9371917000E-03  -1.2069915000E-02   2.5000053400E-02  -7.7553440000E-04  -9.9939490300E-02
   34     -3.0331670000E-04   7.0949970000E-03  -5.4876094000E-03   2.8868989000E-03   1.0587836330E-01
   35     -3.3495733000E-03  -1.4132009800E-02   1.4083173900E-02  -4.1044882000E-03  -5.0388135000E-03
   36      3.8285600000E-04   1.2399444000E-03   7.0246570000E-04  -3.5111130000E-04  -1.0376818000E-03
   37     -4.9669400000E-05  -3.6824370000E-04  -3.0778700000E-05   1.4838550000E-04  -5.8647420000E-04
   38      3.1427656000E-03   5.8439762000E-03   2.9821819000E-03   1.8981750000E-03  -9.2446830000E-04
   39      7.9803220000E-04   2.8516760000E-04   2.8547980000E-04  -1.8437670000E-04  -5.5236980000E-04
   40     -1.4204510000E-04  -5.9860000000E-05  -2.3244930000E-04  -3.1318190000E-04  -6.5270400000E-05
   41      2.1057596000E-03   4.0984639000E-03   1.5649255000E-03  -2.1093470000E-04  -5.8253950000E-04
   42      5.1279220000E-04  -1.4867277000E-03  -4.6717610000E-04  -5.3619840000E-04   8.2559260000E-04
   43     -2.2377470000E-04  -1.0190798000E-03  -4.1253880000E-04  -2.0624320000E-04   6.0800370000E-04
   44      1.8756827000E-03   7.4672927000E-03   2.5851327000E-03   3.5677515000E-03  -2.5647684000E-03
   45      3.0434450000E-04  -2.0306620000E-03  -8.0144510000E-04  -1.8802224000E-03  -2.3777930000E-04
   46     -5.9462577000E-03   1.0459346000E-03  -1.6874469000E-03   1.7899947000E-03   4.6915670000E-04
   47     -6.5961660000E-04   5.2274355000E-03   8.7644340000E-04   2.8715128000E-03   2.1814428000E-03
                   10                 11                 12                 13                 14        
    0     -3.5745131000E-03   9.9063590000E-03   2.1061026000E-03   3.6879440000E-04  -9.4985021000E-03
    1     -2.7356108000E-03  -3.7883799000E-03  -7.3850636000E-03  -2.2974776000E-03   1.0552520000E-04
    2      4.5546637000E-03  -2.7940673300E-02  -5.7905550200E-02  -2.6149638300E-02   3.1591006400E-02
    3     -2.4021405200E-02  -4.4141815800E-02  -4.1863556700E-02  -1.7735846100E-02   2.7036263300E-02
    4      1.7494020000E-03  -2.5349865800E-02  -2.0781833700E-02  -6.0347233000E-03   1.8529992200E-02
    5     -7.3225092000E-03  -2.8638450000E-04   1.2215792300E-02   1.1195724600E-02  -1.7100570900E-02
    6      1.8372633100E-02  -1.3565166610E-01   4.1445977700E-02   1.7215463600E-02  -5.0483962600E-02
    7     -8.0026749400E-02   2.6948400900E-02   1.4972201700E-02   1.0204706500E-02  -1.6601673100E-02
    8      1.2204305000E-03  -9.6350530300E-02   2.7028238700E-02   1.1968688000E-02  -4.4518084100E-02
    9     -7.9915590000E-03   2.2592917210E-01  -1.5664741100E-02  -2.9770373000E-03   2.6012248000E-03
   10      5.7070660450E-01   3.6684771600E-02   7.8846569000E-03  -1.0968889500E-02  -8.2362953000E-03
   11      3.6684771600E-02   1.6096187520E-01  -6.2602400000E-02  -2.6475299200E-02   5.7392357500E-02
   12      7.8846569000E-03  -6.2602400000E-02   5.9838187640E-01   2.0472542900E-02   1.5052366540E-01
   13     -1.0968889500E-02  -2.6475299200E-02   2.0472542900E-02   4.9423597600E-01   4.5373276700E-02
   14     -8.2362953000E-03   5.7392357500E-02   1.5052366540E-01   4.5373276700E-02   1.1158942340E-01
   15     -8.5394593000E-03   4.4176422200E-02  -2.6802065400E-01  -1.0570546780E-01  -5.1055286500E-02
   16     -3.2502001000E-03   2.0587756300E-02  -1.0554478380E-01  -1.3463532180E-01  -2.5666202900E-02
   17     -2.3285790000E-03   2.6774372000E-02   4.7766197600E-02   1.7050515900E-02  -6.8710361200E-02
   18     -5.7577120000E-04   1.5434863000E-03   7.2352170000E-04   4.7969120000E-04  -1.6083345000E-03
   19      7.4360600000E-05   5.0400970000E-04   3.2519070000E-04  -3.4146590000E-04   2.9054000000E-05
   20      1.3756663000E-03   8.7113230000E-04   3.3005430000E-04   7.2352690000E-04  -2.4092258000E-03
   21     -3.7116040000E-04   1.0971870000E-03   1.0367534000E-03   1.4823082000E-03  -1.3004868000E-03
   22     -1.9521060000E-04  -4.3238380000E-04  -2.1990610000E-04   1.0841620000E-04   8.4097700000E-05
   23     -7.0088100000E-04   1.2595109000E-03   1.9932084000E-03   1.4408821000E-03  -1.7085447000E-03
   24     -1.4168305000E-03  -1.5972563000E-03  -1.3330537000E-03  -4.7134490000E-04   1.2572410000E-03
   25      3.6318670000E-04   1.3170918000E-03   3.7881970000E-04  -9.4632320000E-04  -2.4951700000E-05
   26      2.6516950000E-04  -3.7602553000E-03  -2.1346757000E-03  -1.5843996000E-03   2.3024408000E-03
   27      2.6012856000E-02  -1.1536434000E-03   1.0684923000E-03   1.2669998000E-03  -1.4521373000E-03
   28     -4.1725900000E-03   1.6018011000E-03   6.2263060000E-04  -7.3521190000E-04   9.6414700000E-05
   29      1.1109660000E-02  -6.5484346000E-03  -3.1068687000E-03  -6.1343910000E-04   2.8103115000E-03
   30     -1.1668562790E-01  -3.2188087100E-02  -3.6806291000E-03  -5.2303282000E-03   2.1419404000E-03
   31     -2.2030693530E-01  -3.9918890200E-02  -9.5647300000E-04  -1.2778835000E-03   6.6766190000E-04
   32     -3.7405084700E-02  -4.0982751900E-02   5.6335591000E-03   6.1387159000E-03  -1.6861329000E-03
   33      1.0766344630E-01  -1.2649291100E-02  -4.1153285000E-03   2.0964275000E-03   3.5004449000E-03
   34     -2.4633838880E-01   6.2459498000E-03   6.9718970000E-04  -1.0899395000E-03   7.5896800000E-05
   35      3.1446136000E-03  -2.6693828800E-02   6.7093498000E-03  -2.4296324000E-03  -6.0589912000E-03
   36      1.7646030000E-04  -1.9928924000E-03  -3.2204674500E-02   9.2321646000E-03   7.7515743000E-03
   37     -5.5353830000E-04   3.3550280000E-04  -1.0322636800E-02   7.3409849000E-03   3.0108888000E-03
   38      1.4486426000E-03  -6.3217935000E-03  -1.1710553200E-02  -7.7520400000E-03   6.6162415000E-03
   39     -3.5256560000E-04  -2.2676810000E-04  -1.5410293000E-03  -2.4573669900E-02   1.9552053000E-03
   40     -2.0144250000E-04   1.2617210000E-04  -5.4884360000E-04  -1.9055853500E-02   8.6940140000E-04
   41      7.4065040000E-04  -4.4688483000E-03  -6.9655109000E-03  -1.5999152000E-03   1.4077969000E-03
   42     -2.5052690000E-04   3.7109816000E-03  -2.2968996280E-01   9.1524727800E-02  -7.8173666900E-02
   43     -4.2769800000E-05   3.5060796000E-03   9.2833188300E-02  -7.6253186500E-02   2.8337287200E-02
   44      5.3039215000E-03  -2.1182261100E-02  -9.7650444100E-02   2.7134352800E-02  -3.6203609900E-02
   45      3.6693664000E-03   5.8402120000E-03  -4.6649094300E-02   1.2554574100E-02  -3.1951825000E-03
   46     -4.1012286000E-03  -1.8927167000E-03   7.5731201000E-03  -2.5825380740E-01  -4.6650373600E-02
   47     -9.8548405000E-03  -1.2723486200E-02  -1.0124062900E-02  -5.4421319100E-02  -3.5314057300E-02
                   15                 16                 17                 18                 19        
    0     -1.6776723900E-02  -3.1147961000E-03  -1.8944887000E-03  -1.2376321170E-01  -1.1960877840E-01
    1      5.4680346000E-03  -1.7446411200E-02   1.0138159200E-02  -1.1879500260E-01  -2.1867580980E-01
    2      7.3170870400E-02   2.6586480600E-02   6.2332787100E-02   2.6477261700E-02   2.8699393100E-02
    3      4.1808984100E-02   1.5812419100E-02   4.8993340700E-02  -1.5598516600E-02  -8.5183690000E-04
    4      1.4517715900E-02   7.4139605000E-03   1.7591018400E-02  -2.0380865000E-02  -2.4479100000E-05
    5     -2.8502664700E-02  -1.2252380900E-02  -4.9744208200E-02   4.5051318000E-03   6.1448950000E-04
    6     -3.7639284200E-02  -1.7320481200E-02  -2.5435195200E-02  -4.9735536000E-03  -1.2058414000E-03
    7     -1.9320275200E-02  -6.2983737000E-03  -1.7439495400E-02  -7.9834760000E-04   7.6137290000E-04
    8     -1.0668780700E-02  -3.3880257000E-03  -1.7621945600E-02   4.6836910000E-03   2.5430870000E-04
    9      5.0488420000E-03   2.4139911000E-03   9.0691286000E-03   4.6484730000E-04   1.3855440000E-04
   10     -8.5394593000E-03  -3.2502001000E-03  -2.3285790000E-03  -5.7577120000E-04   7.4360600000E-05
   11      4.4176422200E-02   2.0587756300E-02   2.6774372000E-02   1.5434863000E-03   5.0400970000E-04
   12     -2.6802065400E-01  -1.0554478380E-01   4.7766197600E-02   7.2352170000E-04   3.2519070000E-04
   13     -1.0570546780E-01  -1.3463532180E-01   1.7050515900E-02   4.7969120000E-04  -3.4146590000E-04
   14     -5.1055286500E-02  -2.5666202900E-02  -6.8710361200E-02  -1.6083345000E-03   2.9054000000E-05
   15      5.6658432180E-01   1.5288784500E-02  -1.4299050780E-01  -4.1442120000E-03  -1.0836160000E-04
   16      1.5288784500E-02   6.1175346010E-01  -1.7969639900E-02  -4.1106313000E-03  -4.7188370000E-04
   17     -1.4299050780E-01  -1.7969639900E-02   1.1095376560E-01  -2.4274969000E-03  -3.1651780000E-04
   18     -4.1442120000E-03  -4.1106313000E-03  -2.4274969000E-03   1.4015912890E-01   1.3401496510E-01
   19     -1.0836160000E-04  -4.7188370000E-04  -3.1651780000E-04   1.3401496510E-01   2.4000487170E-01
   20     -6.6750651000E-03  -5.8421986000E-03  -2.4458525000E-03  -3.0063799800E-02  -3.2959429000E-02
   21     -4.8856084000E-03   2.6048954000E-03  -4.9526219000E-03   6.9766673000E-03  -1.3783973300E-02
   22      9.2757270000E-04  -2.1058290000E-04   5.0734950000E-04   1.0461810700E-02  -2.3907398900E-02
   23     -8.3371754000E-03   4.1347351000E-03  -8.6256581000E-03  -1.1640467000E-03   3.3524035000E-03
   24      1.2990028000E-03   6.3638470000E-04   1.3802983000E-03   2.6000590000E-04   7.4790800000E-04
   25      1.2291110000E-04  -1.0498990000E-04  -1.8397620000E-04  -5.3653020000E-04   1.0628101000E-03
   26      2.4580482000E-03   9.7682340000E-04   3.0921596000E-03  -1.3178035000E-03  -1.7514200000E-04
   27     -1.0693181000E-03  -4.0793970000E-04  -1.1059192000E-03  -6.7371000000E-06   1.4770910000E-04
   28      7.8679900000E-05  -1.6459090000E-04  -7.1539200000E-05   8.8889400000E-05   6.1649550000E-04
   29      2.2873956000E-03   8.2020020000E-04   2.3936739000E-03  -7.8020100000E-05   1.0249000000E-06
   30      7.4633620000E-04   4.4754990000E-04   1.4224380000E-03   4.3715950000E-04   1.2304240000E-04
   31      4.5078480000E-04  -9.3531200000E-05   2.3823580000E-04   1.6701100000E-04   8.5186000000E-05
   32     -1.3326680000E-04  -5.3093660000E-04  -1.9952502000E-03  -7.4623950000E-04  -1.6690770000E-04
   33      1.0561963000E-03   6.6444980000E-04   1.0654632000E-03   2.6017000000E-06  -5.7214700000E-05
   34     -9.8009300000E-05   2.6811600000E-04  -4.4372000000E-06  -1.0774680000E-04   6.7118700000E-05
   35     -1.9339865000E-03  -9.4198870000E-04  -1.6960705000E-03   2.4566030000E-04  -1.0147900000E-04
   36     -2.1337647580E-01   1.0958131970E-01   7.9150204400E-02   4.7433500000E-05  -1.0054540000E-04
   37      1.0944735910E-01  -1.0989905940E-01  -4.3261432100E-02   8.8848500000E-05  -4.8555510000E-04
   38      9.6643219400E-02  -3.9747507100E-02  -4.2280912100E-02   4.7231400000E-05  -8.3869500000E-05
   39     -4.0559661100E-02   1.3379585900E-02   3.8391318000E-03  -4.7228110000E-04   1.3136470000E-04
   40      9.7026538000E-03  -3.0911592180E-01   3.9571774000E-02  -1.3299560000E-04   7.5508500000E-04
   41      1.1310615900E-02   4.7166858400E-02  -2.5604554300E-02  -3.6995700000E-04   3.3808580000E-04
   42     -2.8251676200E-02   5.7249490000E-03  -6.8043668000E-03  -6.4970600000E-05   6.7652500000E-05
   43     -1.1651265700E-02   4.3268242000E-03  -1.9381309000E-03   4.7059000000E-06   7.4407500000E-05
   44      1.3850157800E-02   7.6808646000E-03   6.4568917000E-03   1.7108000000E-04   4.7467000000E-05
   45     -1.8200695000E-03  -3.6055697100E-02  -7.0756061000E-03  -4.7883300000E-05   2.0165000000E-05
   46     -1.0581657500E-02  -4.2071494300E-02  -1.5833050000E-03   1.3196840000E-04   4.0488450000E-04
   47      6.4000039000E-03  -1.6148380000E-03   6.7211629000E-03   1.0215560000E-04  -3.6891100000E-05
                   20                 21                 22                 23                 24        
    0      2.1304265800E-02  -1.0166124670E-01   1.0690643890E-01   7.5318055000E-03  -1.5333117100E-02
    1      2.5653196300E-02   1.0900764610E-01  -2.4555328350E-01  -8.4281450000E-03   2.5532195900E-02
    2     -3.6661231200E-02   1.6232515700E-02  -1.1794188000E-02  -2.5628604200E-02   1.9989816000E-03
    3      1.1688138400E-02  -1.1150553700E-02   6.4642632000E-03   1.5467283700E-02  -9.6230605400E-02
    4      1.5739446900E-02   2.4086765800E-02  -4.6420674000E-03  -1.5205049300E-02   9.8623824200E-02
    5     -5.4347173000E-03   1.5103735000E-03  -3.3494014000E-03  -5.6769199000E-03   1.9202434000E-02
    6      4.8922219000E-03  -1.3429351000E-03  -1.7528045000E-03  -3.2010402000E-03   9.0111095000E-03
    7     -2.2908517000E-03   7.2372470000E-04   9.6058430000E-04  -1.6870128000E-03  -1.1175004300E-02
    8      4.8829365000E-03  -1.8698540000E-03   5.4965550000E-04  -3.1179718000E-03  -1.4439219000E-03
    9      1.5592618000E-03   2.9072200000E-04  -1.2442690000E-04   1.4404410000E-04   5.5975360000E-04
   10      1.3756663000E-03  -3.7116040000E-04  -1.9521060000E-04  -7.0088100000E-04  -1.4168305000E-03
   11      8.7113230000E-04   1.0971870000E-03  -4.3238380000E-04   1.2595109000E-03  -1.5972563000E-03
   12      3.3005430000E-04   1.0367534000E-03  -2.1990610000E-04   1.9932084000E-03  -1.3330537000E-03
   13      7.2352690000E-04   1.4823082000E-03   1.0841620000E-04   1.4408821000E-03  -4.7134490000E-04
   14     -2.4092258000E-03  -1.3004868000E-03   8.4097700000E-05  -1.7085447000E-03   1.2572410000E-03
   15     -6.6750651000E-03  -4.8856084000E-03   9.2757270000E-04  -8.3371754000E-03   1.2990028000E-03
   16     -5.8421986000E-03   2.6048954000E-03  -2.1058290000E-04   4.1347351000E-03   6.3638470000E-04
   17     -2.4458525000E-03  -4.9526219000E-03   5.0734950000E-04  -8.6256581000E-03   1.3802983000E-03
   18     -3.0063799800E-02   6.9766673000E-03   1.0461810700E-02  -1.1640467000E-03   2.6000590000E-04
   19     -3.2959429000E-02  -1.3783973300E-02  -2.3907398900E-02   3.3524035000E-03   7.4790800000E-04
   20      4.1274568500E-02  -4.5082500000E-04  -1.5870978000E-03   1.6955696000E-03  -1.6899571000E-03
   21     -4.5082500000E-04   1.1279655490E-01  -1.2217198930E-01  -1.6241773900E-02  -2.3473218000E-03
   22     -1.5870978000E-03  -1.2217198930E-01   2.7095656130E-01   1.5818564000E-02   8.1774300000E-04
   23      1.6955696000E-03  -1.6241773900E-02   1.5818564000E-02   3.9415764400E-02   6.5487838000E-03
   24     -1.6899571000E-03  -2.3473218000E-03   8.1774300000E-04   6.5487838000E-03   1.0616239610E-01
   25      5.5487890000E-04  -1.4517900000E-04   8.5975490000E-04  -6.6127420000E-04  -1.1044608170E-01
   26     -2.2143536000E-03   5.3830908000E-03   1.4111000000E-05   4.9194861000E-03  -2.6306340300E-02
   27      1.0035700000E-05  -5.4563040000E-04  -2.3903890000E-04  -8.9185000000E-06  -1.8839312000E-03
   28     -4.7833280000E-04  -8.1151550000E-04   3.8935530000E-04   5.6194270000E-04  -2.3555319000E-03
   29     -1.6931150000E-04   5.0556150000E-04   4.0701630000E-04   3.1270760000E-04   1.1540872000E-03
   30      6.8620470000E-04   3.1881000000E-06  -1.0719000000E-04  -2.5355710000E-04  -6.3415000000E-06
   31      1.2667980000E-04  -4.7625400000E-05   5.3674200000E-05   1.1420230000E-04   1.3560200000E-04
   32      3.2929620000E-04   1.0224890000E-04   3.8875000000E-06   2.0052600000E-05   3.5210000000E-07
   33     -8.3207100000E-05   3.1712750000E-04  -1.8825300000E-04  -7.5455600000E-05  -4.6144150000E-04
   34     -2.7006000000E-06  -2.0015790000E-04  -8.7686300000E-05   7.6870800000E-05  -1.7429880000E-04
   35     -1.8730700000E-05   5.8707000000E-05  -5.9952100000E-05  -1.6129850000E-04   5.9049900000E-05
   36     -1.8410480000E-04   4.9708740000E-04  -3.6796460000E-04  -1.9293327000E-03   1.4427360000E-04
   37     -1.8657200000E-04   1.6678380000E-04   9.8125020000E-04   1.3418923000E-03  -2.6774820000E-04
   38      1.4044330000E-04  -7.5237800000E-05   4.0967900000E-05  -2.1376581000E-03  -2.9196230000E-04
   39     -9.1740100000E-04  -2.1208940000E-04  -2.1267770000E-04  -4.0213140000E-04   2.6792000000E-06
   40     -5.2514850000E-04  -1.6595410000E-04   2.3068250000E-04  -1.3741100000E-04  -1.0927260000E-04
   41      5.7704000000E-06  -6.0816410000E-04  -1.4364980000E-04  -1.2277332000E-03   8.7959900000E-05
   42     -2.1157400000E-04   2.0959800000E-05  -1.8102350000E-04  -2.0901920000E-04   1.1049570000E-04
   43     -7.5970700000E-05  -4.5026900000E-05  -1.0174910000E-04  -1.3404010000E-04  -3.1845500000E-05
   44     -9.1510000000E-06   3.6817080000E-04  -8.2930700000E-05   5.2002340000E-04  -2.8673000000E-04
   45     -1.9424880000E-04   2.0632490000E-04  -1.2554300000E-05   1.3732530000E-04   4.6095900000E-05
   46     -2.2509340000E-04  -3.2954220000E-04   1.5769970000E-04   1.1232060000E-04  -4.5699400000E-05
   47      1.6285680000E-04   2.4110830000E-04   2.3954400000E-05   1.4127390000E-04  -7.3020000000E-05
                   25                 26                 27                 28                 29        
    0      4.0704108000E-03   1.1522893100E-02   5.6121440000E-04   9.9093880000E-04   5.7066630000E-04
    1     -3.6211830000E-03  -1.2345892700E-02  -1.5697588000E-03   3.9274210000E-04   5.7423800000E-05
    2     -1.2511120000E-03  -7.8825378000E-03   1.3716629000E-03  -1.0289571000E-03  -3.9114292000E-03
    3      9.9977572500E-02   7.9494546000E-03   8.8094889000E-03   8.8300853000E-03  -4.3039927000E-03
    4     -2.3858562830E-01  -2.6594775600E-02  -1.1016081700E-02  -2.7296626900E-02  -7.0186972000E-03
    5     -2.8755810900E-02  -3.4030703700E-02   6.1186100000E-04  -4.1728500000E-05   8.4220030000E-04
    6      8.9331549000E-03   4.2206680000E-03  -9.6231936800E-02   1.0125645900E-01  -4.9167950000E-04
    7     -2.8122723800E-02   4.9050980000E-03   9.9664634600E-02  -2.4315659040E-01   1.4885991300E-02
    8     -1.8181036000E-03   1.0906783000E-03  -1.1824460300E-02   1.5921652300E-02  -3.2374713000E-02
    9      1.1827896000E-03  -6.0158110000E-04  -1.5910000200E-02   4.7298979000E-03  -1.0761320000E-02
   10      3.6318670000E-04   2.6516950000E-04   2.6012856000E-02  -4.1725900000E-03   1.1109660000E-02
   11      1.3170918000E-03  -3.7602553000E-03  -1.1536434000E-03   1.6018011000E-03  -6.5484346000E-03
   12      3.7881970000E-04  -2.1346757000E-03   1.0684923000E-03   6.2263060000E-04  -3.1068687000E-03
   13     -9.4632320000E-04  -1.5843996000E-03   1.2669998000E-03  -7.3521190000E-04  -6.1343910000E-04
   14     -2.4951700000E-05   2.3024408000E-03  -1.4521373000E-03   9.6414700000E-05   2.8103115000E-03
   15      1.2291110000E-04   2.4580482000E-03  -1.0693181000E-03   7.8679900000E-05   2.2873956000E-03
   16     -1.0498990000E-04   9.7682340000E-04  -4.0793970000E-04  -1.6459090000E-04   8.2020020000E-04
   17     -1.8397620000E-04   3.0921596000E-03  -1.1059192000E-03  -7.1539200000E-05   2.3936739000E-03
   18     -5.3653020000E-04  -1.3178035000E-03  -6.7371000000E-06   8.8889400000E-05  -7.8020100000E-05
   19      1.0628101000E-03  -1.7514200000E-04   1.4770910000E-04   6.1649550000E-04   1.0249000000E-06
   20      5.5487890000E-04  -2.2143536000E-03   1.0035700000E-05  -4.7833280000E-04  -1.6931150000E-04
   21     -1.4517900000E-04   5.3830908000E-03  -5.4563040000E-04  -8.1151550000E-04   5.0556150000E-04
   22      8.5975490000E-04   1.4111000000E-05  -2.3903890000E-04   3.8935530000E-04   4.0701630000E-04
   23     -6.6127420000E-04   4.9194861000E-03  -8.9185000000E-06   5.6194270000E-04   3.1270760000E-04
   24     -1.1044608170E-01  -2.6306340300E-02  -1.8839312000E-03  -2.3555319000E-03   1.1540872000E-03
   25      2.7063973530E-01   3.2788988900E-02  -2.3970541000E-03  -3.7611689000E-03  -1.9872675000E-03
   26      3.2788988900E-02   3.2087689700E-02  -9.8400730000E-04   1.5358360000E-03   5.2259210000E-03
   27     -2.3970541000E-03  -9.8400730000E-04   1.0749440740E-01  -1.1239991620E-01   1.8209251000E-02
   28     -3.7611689000E-03   1.5358360000E-03  -1.1239991620E-01   2.7498437760E-01  -1.7779017100E-02
   29     -1.9872675000E-03   5.2259210000E-03   1.8209251000E-02  -1.7779017100E-02   2.8951394100E-02
   30      9.1005400000E-05   7.4777100000E-05   1.9907790000E-04  -7.0018910000E-04   1.2617811000E-03
   31      5.9930670000E-04   1.8799200000E-05   7.5740980000E-04   1.0490029000E-03   3.5635150000E-04
   32      5.2594660000E-04  -1.5414500000E-04   1.6766440000E-03  -3.4452790000E-04  -2.5505698000E-03
   33     -7.9579600000E-04  -4.6608380000E-04  -2.6446667000E-03   1.3458460000E-04  -5.4435435000E-03
   34      5.1361930000E-04  -3.2982330000E-04   1.1005715000E-03   9.1296890000E-04  -1.8580460000E-04
   35     -5.8213230000E-04   2.5376740000E-04  -6.2367584000E-03   1.9868970000E-04   5.8680381000E-03
   36     -1.9341230000E-04   1.7440250000E-04   9.5914800000E-05  -1.2636470000E-04  -2.6837400000E-05
   37      7.8860000000E-05  -1.2500120000E-04  -5.4431400000E-05   6.0289800000E-05   6.1967200000E-05
   38      1.3033980000E-04   7.0420900000E-05   2.1813430000E-04   7.4753900000E-05  -5.0975570000E-04
   39      7.8704000000E-06  -1.7660000000E-05  -9.3591800000E-05   3.2782000000E-06  -8.7716000000E-06
   40      2.5866480000E-04   4.1050700000E-05  -6.1249600000E-05   1.5728770000E-04  -8.3135500000E-05
   41     -9.4983800000E-05  -3.7050180000E-04   9.0538200000E-05  -1.8098290000E-04  -1.5430060000E-04
   42     -1.4540480000E-04   3.2833200000E-05   1.2363670000E-04  -1.6519150000E-04  -9.8062000000E-05
   43      6.0633000000E-05  -1.3733900000E-05  -1.9080480000E-04  -1.7748900000E-05   1.7460260000E-04
   44      1.8837900000E-05  -5.3656310000E-04   3.6397150000E-04  -1.4073000000E-04  -1.1090120000E-04
   45     -1.0507630000E-04   1.1984200000E-05   3.3579900000E-05  -1.7673510000E-04   3.3035270000E-04
   46      7.0544650000E-04   6.2289160000E-04  -6.1390550000E-04   7.4200820000E-04  -2.0687680000E-04
   47      2.3528200000E-05  -9.3503600000E-05   2.1374570000E-04   7.4725100000E-05  -7.4831000000E-05
                   30                 31                 32                 33                 34        
    0      2.9677530000E-04   1.6408410000E-04  -1.5637400000E-03   1.8134660000E-04  -1.0913150000E-04
    1     -4.4796870000E-04   2.0060220000E-04  -1.4805158000E-03  -2.7688760000E-04  -2.2657690000E-04
    2     -1.6708152000E-03  -6.9928460000E-04   8.8057650000E-04  -1.0531150000E-03   3.1386700000E-04
    3     -4.9270042000E-03  -8.2863550000E-04  -4.4595611000E-03  -9.2424630000E-04  -1.9010290000E-03
    4     -4.2210250000E-04   6.2720350000E-04   2.1386267000E-03   8.0888760000E-04   9.2147750000E-04
    5     -4.3659740000E-03  -3.6268440000E-04   6.0670157000E-03   1.9371917000E-03  -3.0331670000E-04
    6     -1.6342388500E-02  -5.3032690000E-04  -1.0585248000E-02  -1.2069915000E-02   7.0949970000E-03
    7     -2.0775765500E-02   7.2445320000E-04  -1.4271873200E-02   2.5000053400E-02  -5.4876094000E-03
    8     -6.0098163000E-03  -2.2682470000E-04  -5.6388091000E-03  -7.7553440000E-04   2.8868989000E-03
    9     -1.2040301150E-01  -1.1831783960E-01  -2.8262370800E-02  -9.9939490300E-02   1.0587836330E-01
   10     -1.1668562790E-01  -2.2030693530E-01  -3.7405084700E-02   1.0766344630E-01  -2.4633838880E-01
   11     -3.2188087100E-02  -3.9918890200E-02  -4.0982751900E-02  -1.2649291100E-02   6.2459498000E-03
   12     -3.6806291000E-03  -9.5647300000E-04   5.6335591000E-03  -4.1153285000E-03   6.9718970000E-04
   13     -5.2303282000E-03  -1.2778835000E-03   6.1387159000E-03   2.0964275000E-03  -1.0899395000E-03
   14      2.1419404000E-03   6.6766190000E-04  -1.6861329000E-03   3.5004449000E-03   7.5896800000E-05
   15      7.4633620000E-04   4.5078480000E-04  -1.3326680000E-04   1.0561963000E-03  -9.8009300000E-05
   16      4.4754990000E-04  -9.3531200000E-05  -5.3093660000E-04   6.6444980000E-04   2.6811600000E-04
   17      1.4224380000E-03   2.3823580000E-04  -1.9952502000E-03   1.0654632000E-03  -4.4372000000E-06
   18      4.3715950000E-04   1.6701100000E-04  -7.4623950000E-04   2.6017000000E-06  -1.0774680000E-04
   19      1.2304240000E-04   8.5186000000E-05  -1.6690770000E-04  -5.7214700000E-05   6.7118700000E-05
   20      6.8620470000E-04   1.2667980000E-04   3.2929620000E-04  -8.3207100000E-05  -2.7006000000E-06
   21      3.1881000000E-06  -4.7625400000E-05   1.0224890000E-04   3.1712750000E-04  -2.0015790000E-04
   22     -1.0719000000E-04   5.3674200000E-05   3.8875000000E-06  -1.8825300000E-04  -8.7686300000E-05
   23     -2.5355710000E-04   1.1420230000E-04   2.0052600000E-05  -7.5455600000E-05   7.6870800000E-05
   24     -6.3415000000E-06   1.3560200000E-04   3.5210000000E-07  -4.6144150000E-04  -1.7429880000E-04
   25      9.1005400000E-05   5.9930670000E-04   5.2594660000E-04  -7.9579600000E-04   5.1361930000E-04
   26      7.4777100000E-05   1.8799200000E-05  -1.5414500000E-04  -4.6608380000E-04  -3.2982330000E-04
   27      1.9907790000E-04   7.5740980000E-04   1.6766440000E-03  -2.6446667000E-03   1.1005715000E-03
   28     -7.0018910000E-04   1.0490029000E-03  -3.4452790000E-04   1.3458460000E-04   9.1296890000E-04
   29      1.2617811000E-03   3.5635150000E-04  -2.5505698000E-03  -5.4435435000E-03  -1.8580460000E-04
   30      1.3678546440E-01   1.3182071330E-01   3.7953776800E-02   6.7944266000E-03   1.0523397900E-02
   31      1.3182071330E-01   2.4093352790E-01   4.4374069500E-02  -1.3128054700E-02  -2.3137319100E-02
   32      3.7953776800E-02   4.4374069500E-02   4.3495530900E-02   3.9471000000E-05   8.4800120000E-04
   33      6.7944266000E-03  -1.3128054700E-02   3.9471000000E-05   1.1148222660E-01  -1.2202046020E-01
   34      1.0523397900E-02  -2.3137319100E-02   8.4800120000E-04  -1.2202046020E-01   2.7228739560E-01
   35      1.6086581000E-03  -4.4086672000E-03   1.7114497000E-03   1.3408575100E-02  -9.1482567000E-03
   36     -7.3547900000E-05   6.9162800000E-05   2.0199430000E-04   5.4275100000E-05  -1.8384800000E-04
   37     -1.3405950000E-04   7.6599100000E-05   1.9982400000E-04  -9.3678700000E-05  -5.0087700000E-05
   38     -9.4815400000E-05  -5.2512000000E-05  -5.6050300000E-05  -2.5124270000E-04   5.6950500000E-05
   39     -6.7104300000E-05   7.4230900000E-05   9.0582400000E-05  -7.6848000000E-05  -3.9737900000E-05
   40      8.1646800000E-05   1.1176360000E-04  -9.1428000000E-06  -1.3661800000E-04   1.2380620000E-04
   41     -1.3630820000E-04  -1.3337230000E-04   1.7270000000E-07  -4.0226900000E-05   2.8049300000E-05
   42      5.5015700000E-05  -9.1072600000E-05   2.8316770000E-04   4.3833190000E-04  -3.7285660000E-04
   43      7.5891300000E-05  -4.3462280000E-04   3.1573890000E-04   1.9492790000E-04   7.1452790000E-04
   44     -2.5312600000E-05   1.9230340000E-04   4.3350500000E-05   5.1889300000E-05  -1.8143860000E-04
   45      1.8258320000E-04   2.6102880000E-04  -2.3137000000E-04  -9.4596000000E-05  -8.7243400000E-05
   46      1.3399844000E-03   7.8897250000E-04  -3.3582160000E-04   1.3418580000E-04   6.0857760000E-04
   47     -4.0489040000E-04  -2.8606810000E-04   5.1626430000E-04   8.3466510000E-04  -3.7670670000E-04
                   35                 36                 37                 38                 39        
    0     -4.1295700000E-05   5.8357030000E-04   7.1696890000E-04   2.3372279000E-03  -5.9302190000E-04
    1      6.0765920000E-04  -7.4401000000E-06   3.0863880000E-04  -5.5001425000E-03   2.5054420000E-03
    2      1.3219252000E-03  -4.0523407000E-03  -1.3131929000E-03  -2.2925976300E-02  -3.3907577000E-03
    3      2.9752896000E-03  -1.2105261000E-03   2.9645400000E-05  -6.7828720000E-03  -2.8040340000E-04
    4      1.9166565000E-03  -3.1606810000E-04  -2.4074030000E-04  -2.3065387000E-03  -5.3220570000E-04
    5     -3.3495733000E-03   3.8285600000E-04  -4.9669400000E-05   3.1427656000E-03   7.9803220000E-04
    6     -1.4132009800E-02   1.2399444000E-03  -3.6824370000E-04   5.8439762000E-03   2.8516760000E-04
    7      1.4083173900E-02   7.0246570000E-04  -3.0778700000E-05   2.9821819000E-03   2.8547980000E-04
    8     -4.1044882000E-03  -3.5111130000E-04   1.4838550000E-04   1.8981750000E-03  -1.8437670000E-04
    9     -5.0388135000E-03  -1.0376818000E-03  -5.8647420000E-04  -9.2446830000E-04  -5.5236980000E-04
   10      3.1446136000E-03   1.7646030000E-04  -5.5353830000E-04   1.4486426000E-03  -3.5256560000E-04
   11     -2.6693828800E-02  -1.9928924000E-03   3.3550280000E-04  -6.3217935000E-03  -2.2676810000E-04
   12      6.7093498000E-03  -3.2204674500E-02  -1.0322636800E-02  -1.1710553200E-02  -1.5410293000E-03
   13     -2.4296324000E-03   9.2321646000E-03   7.3409849000E-03  -7.7520400000E-03  -2.4573669900E-02
   14     -6.0589912000E-03   7.7515743000E-03   3.0108888000E-03   6.6162415000E-03   1.9552053000E-03
   15     -1.9339865000E-03  -2.1337647580E-01   1.0944735910E-01   9.6643219400E-02  -4.0559661100E-02
   16     -9.4198870000E-04   1.0958131970E-01  -1.0989905940E-01  -3.9747507100E-02   1.3379585900E-02
   17     -1.6960705000E-03   7.9150204400E-02  -4.3261432100E-02  -4.2280912100E-02   3.8391318000E-03
   18      2.4566030000E-04   4.7433500000E-05   8.8848500000E-05   4.7231400000E-05  -4.7228110000E-04
   19     -1.0147900000E-04  -1.0054540000E-04  -4.8555510000E-04  -8.3869500000E-05   1.3136470000E-04
   20     -1.8730700000E-05  -1.8410480000E-04  -1.8657200000E-04   1.4044330000E-04  -9.1740100000E-04
   21      5.8707000000E-05   4.9708740000E-04   1.6678380000E-04  -7.5237800000E-05  -2.1208940000E-04
   22     -5.9952100000E-05  -3.6796460000E-04   9.8125020000E-04   4.0967900000E-05  -2.1267770000E-04
   23     -1.6129850000E-04  -1.9293327000E-03   1.3418923000E-03  -2.1376581000E-03  -4.0213140000E-04
   24      5.9049900000E-05   1.4427360000E-04  -2.6774820000E-04  -2.9196230000E-04   2.6792000000E-06
   25     -5.8213230000E-04  -1.9341230000E-04   7.8860000000E-05   1.3033980000E-04   7.8704000000E-06
   26      2.5376740000E-04   1.7440250000E-04  -1.2500120000E-04   7.0420900000E-05  -1.7660000000E-05
   27     -6.2367584000E-03   9.5914800000E-05  -5.4431400000E-05   2.1813430000E-04  -9.3591800000E-05
   28      1.9868970000E-04  -1.2636470000E-04   6.0289800000E-05   7.4753900000E-05   3.2782000000E-06
   29      5.8680381000E-03  -2.6837400000E-05   6.1967200000E-05  -5.0975570000E-04  -8.7716000000E-06
   30      1.6086581000E-03  -7.3547900000E-05  -1.3405950000E-04  -9.4815400000E-05  -6.7104300000E-05
   31     -4.4086672000E-03   6.9162800000E-05   7.6599100000E-05  -5.2512000000E-05   7.4230900000E-05
   32      1.7114497000E-03   2.0199430000E-04   1.9982400000E-04  -5.6050300000E-05   9.0582400000E-05
   33      1.3408575100E-02   5.4275100000E-05  -9.3678700000E-05  -2.5124270000E-04  -7.6848000000E-05
   34     -9.1482567000E-03  -1.8384800000E-04  -5.0087700000E-05   5.6950500000E-05  -3.9737900000E-05
   35      3.5955400100E-02   1.2160770000E-04   8.2243400000E-05   3.7323570000E-04   8.9799800000E-05
   36      1.2160770000E-04   2.4688983320E-01  -1.1945544010E-01  -8.0292853000E-02  -9.3520170000E-04
   37      8.2243400000E-05  -1.1945544010E-01   1.1633338030E-01   4.8220225600E-02   2.2675625300E-02
   38      3.7323570000E-04  -8.0292853000E-02   4.8220225600E-02   6.1578863700E-02  -3.0805466000E-03
