
$orca_hessian_file

$act_atom
  0

$act_coord
  0

$act_energy
      -22.013349

$multiplicity
  1

$hessian
48
                    0                  1                  2                  3                  4        
    0      6.8417613250E-01  -6.6817590000E-04  -1.9221756780E-01  -3.7330085250E-01   3.7875950100E-02
    1     -6.6817590000E-04   5.5699908180E-01  -2.3544433600E-02   1.3905364300E-02  -7.9757527100E-02
    2     -1.9221756780E-01  -2.3544433600E-02   1.2014734520E-01   1.1846203120E-01  -2.6851649500E-02
    3     -3.7330085250E-01   1.3905364300E-02   1.1846203120E-01   6.5129941440E-01  -1.6421422300E-02
    4      3.7875950100E-02  -7.9757527100E-02  -2.6851649500E-02  -1.6421422300E-02   6.0565570620E-01
    5      1.6533328260E-01  -2.7822560000E-04  -6.9132677200E-02  -1.4725528180E-01   4.1978880900E-02
    6     -5.3560692000E-02  -2.4934587100E-02   4.6731904000E-02  -9.3111206400E-02  -8.8012506100E-02
    7     -2.7485135300E-02   3.0402630000E-04   2.8939167000E-02  -8.8270520300E-02  -2.5648610800E-01
    8      5.5071148000E-03   9.0109530000E-03   2.6640212000E-03   1.8544966000E-03  -4.8999861000E-03
    9      8.3606075000E-03  -3.8477999000E-03  -1.1061855200E-02  -5.4073499500E-02  -2.7710321200E-02
   10     -3.3497066000E-03  -3.0071719000E-03   4.6981271000E-03  -2.5300613900E-02   4.7263360000E-04
   11      7.9221088000E-03  -5.1818960000E-03  -2.6032183300E-02  -4.1843880600E-02  -2.4986032300E-02
   12      4.1580245000E-03  -8.2894031000E-03  -5.3519826700E-02  -4.4469904500E-02  -2.3029365000E-02
   13      1.3498398000E-03  -3.2954006000E-03  -2.3855034400E-02  -1.9955024100E-02  -6.6592024000E-03
   14     -7.0365634000E-03   2.0269337000E-03   2.8996328900E-02   2.3465509000E-02   1.6073614400E-02
   15     -1.2755709200E-02   7.8484252000E-03   6.7345581800E-02   4.2495824100E-02   1.5643003200E-02
   16     -2.7194558000E-03  -1.1386061700E-02   2.3987766800E-02   1.5740754000E-02   7.4568494000E-03
   17     -2.9033569000E-03   1.2164908300E-02   5.5030401900E-02   4.8907806800E-02   1.6875267900E-02
   18     -1.3210728110E-01  -1.2172795190E-01   1.7705413300E-02  -1.6941976300E-02  -2.2610663600E-02
   19     -1.2205813150E-01  -2.1427135060E-01   1.8815258600E-02  -6.4718390000E-04   4.0046300000E-05
   20      1.2835453400E-02   1.4670553400E-02  -3.5085802400E-02   8.9010714000E-03   1.2901744900E-02
   21     -1.0738242290E-01   1.1232346170E-01   7.4988574000E-03  -1.3539994400E-02   2.5114522100E-02
   22      1.1052408460E-01  -2.4184056390E-01  -1.0691341000E-03   6.6501384000E-03  -4.8260214000E-03
   23      3.0591640000E-04   3.3456873000E-03  -2.5822536600E-02   1.3660070500E-02  -1.2137930300E-02
   24     -1.7045295400E-02   2.6265161900E-02   1.7415517000E-03  -1.0211752270E-01   1.0645102280E-01
   25      4.1515229000E-03  -3.1115624000E-03  -1.3067117000E-03   1.0662567780E-01  -2.4063682560E-01
   26      9.4938089000E-03  -9.6467139000E-03  -4.8538967000E-03   4.9284400000E-04  -8.0584066000E-03
   27      7.5390330000E-04  -2.2430644000E-03   4.0680080000E-04   7.1801180000E-03  -1.0191778400E-02
   28      1.2034197000E-03   4.5885460000E-04  -5.3837250000E-04   1.0548014100E-02  -2.7197211800E-02
   29      4.8911580000E-04   2.2714730000E-04  -2.7257230000E-03  -2.2888406000E-03  -5.4119628000E-03
   30     -4.5511500000E-05  -7.2556300000E-04  -9.0357130000E-04  -5.4928449000E-03   2.9978830000E-04
   31      9.1697100000E-05   4.3206400000E-05  -6.1306410000E-04  -9.6004680000E-04   5.6231640000E-04
   32     -1.7112878000E-03  -1.4466600000E-03   5.5649110000E-04  -3.2051836000E-03   1.4187042000E-03
   33      1.8971800000E-04  -1.5982360000E-04  -5.3655800000E-04   1.2927310000E-04   1.5662000000E-03
   34     -2.3814690000E-04  -2.5586610000E-04   2.2051200000E-04  -1.9844729000E-03   1.2061048000E-03
   35      9.1932300000E-05   4.7733030000E-04   1.0553726000E-03   2.5268691000E-03   1.5069310000E-03
   36      5.4383010000E-04  -2.5555070000E-04  -3.9153886000E-03  -1.7538964000E-03  -4.8888620000E-04
   37      3.2289120000E-04   4.7168380000E-04  -5.7029240000E-04   1.6715220000E-04  -2.5367520000E-04
   38      2.0070595000E-03  -4.8890319000E-03  -1.7471383600E-02  -6.6637833000E-03  -2.3443238000E-03
   39     -3.5353110000E-04   2.0982853000E-03  -3.6526352000E-03  -6.8904050000E-04  -8.9855620000E-04
   40      5.4390760000E-04  -3.6285190000E-04   1.4892402000E-03   3.0692160000E-04   3.1626030000E-04
   41     -2.3093218000E-03   5.5580653000E-03  -1.2791812700E-02  -4.6841698000E-03  -3.7227080000E-04
   42     -1.0912502000E-03   2.9263260000E-04   3.4618984000E-03   2.3053789000E-03   1.1657310000E-03
   43     -5.6148900000E-04   8.0499700000E-05   8.7841300000E-04   8.3741580000E-04   5.3478840000E-04
   44      1.3636656000E-03  -1.5217782000E-03  -9.2623139000E-03  -7.4462218000E-03  -3.8661028000E-03
   45     -5.3967000000E-04   1.1858870000E-04   2.4533642000E-03   2.0807295000E-03   1.2472814000E-03
   46      1.0169282000E-03  -1.0689963000E-03  -6.7979250000E-04  -1.2421539000E-03  -4.2813370000E-04
   47      8.2863960000E-04  -9.7283930000E-04  -5.2716315000E-03  -4.8833370000E-03  -1.8264785000E-03
                    5                  6                  7                  8                  9        
    0      1.6533328260E-01  -5.3560692000E-02  -2.7485135300E-02   5.5071148000E-03   8.3606075000E-03
    1     -2.7822560000E-04  -2.4934587100E-02   3.0402630000E-04   9.0109530000E-03  -3.8477999000E-03
    2     -6.9132677200E-02   4.6731904000E-02   2.8939167000E-02   2.6640212000E-03  -1.1061855200E-02
    3     -1.4725528180E-01  -9.3111206400E-02  -8.8270520300E-02   1.8544966000E-03  -5.4073499500E-02
    4      4.1978880900E-02  -8.8012506100E-02  -2.5648610800E-01  -4.8999861000E-03  -2.7710321200E-02
    5      2.0200803900E-01  -1.2049949000E-02  -1.2982355000E-02  -3.7118690500E-02  -2.3950860000E-03
    6     -1.2049949000E-02   7.0802667380E-01  -1.7108329600E-02   1.2553148640E-01  -4.2417473750E-01
    7     -1.2982355000E-02  -1.7108329600E-02   6.0370079850E-01  -1.2509402900E-02   3.7767803100E-02
    8     -3.7118690500E-02   1.2553148640E-01  -1.2509402900E-02   1.7214816410E-01  -1.4140381650E-01
    9     -2.3950860000E-03  -4.2417473750E-01   3.7767803100E-02  -1.4140381650E-01   7.2786196200E-01
   10     -6.3997469000E-03   1.2058166000E-02  -7.9024062800E-02  -5.3631095000E-03  -3.5043763000E-03
   11      3.7391832000E-03  -9.9760636200E-02   2.0380446100E-02  -4.7904877900E-02   1.6556298680E-01
   12      1.0994848900E-02   4.0699217800E-02   1.7793869100E-02   2.7039152200E-02  -1.3007527700E-02
   13      1.0448369300E-02   1.7182881600E-02   1.0698250900E-02   1.0697892400E-02  -3.3918559000E-03
   14     -2.0754763300E-02  -4.6800323800E-02  -1.6506226100E-02  -3.9756368800E-02   7.4334802000E-03
   15     -2.9534045500E-02  -4.0181867000E-02  -2.2792166100E-02  -7.3114955000E-03   7.7451573000E-03
   16     -1.1659347700E-02  -1.7702395600E-02  -6.9441899000E-03  -2.0727384000E-03   2.9046637000E-03
   17     -4.9528983600E-02  -2.3455131000E-02  -1.7747789800E-02  -2.1543367700E-02   6.0442082000E-03
   18      3.8674212000E-03  -5.2664900000E-03  -7.7438100000E-05   4.5982383000E-03  -1.0140900000E-05
   19      5.3029700000E-04  -1.2066084000E-03   6.1479630000E-04   2.1440630000E-04   2.9238000000E-05
   20     -3.0937348000E-03   4.3346383000E-03  -1.9292023000E-03   7.0698573000E-03   1.5654212000E-03
   21      5.9591400000E-04  -8.2603250000E-04   1.3884369000E-03  -1.5534883000E-03   3.4295720000E-04
   22     -2.2231205000E-03  -2.2223826000E-03   1.2139398000E-03   4.3783840000E-04  -2.3477300000E-04
   23     -3.6094400000E-03  -3.6723931000E-03  -1.6785638000E-03  -4.2524378000E-03   2.6554140000E-04
   24      9.2893299000E-03   7.6173997000E-03  -1.0890709300E-02  -7.7231500000E-04   9.5239850000E-04
   25     -1.1749722800E-02   1.0638858300E-02  -2.7092546200E-02  -1.4612994000E-03   1.2860969000E-03
   26     -3.1987221600E-02   2.0942725000E-03   2.4200469000E-03   6.3604980000E-04  -4.5641340000E-04
   27      2.3619930000E-04  -1.0333568680E-01   1.0726903230E-01  -4.5362153000E-03  -1.8730224800E-02
   28     -3.2227600000E-05   1.0802324820E-01  -2.3873694540E-01   4.2313645000E-03   4.4709048000E-03
   29      8.7934080000E-04   3.1938345000E-03   3.8199149000E-03  -3.3854680800E-02  -7.7636022000E-03
   30     -3.3190164000E-03  -1.7517647900E-02  -2.3936753500E-02  -5.2221466000E-03  -1.2402726820E-01
   31     -1.4415830000E-04  -1.1469454000E-03  -4.6175800000E-05  -4.7895630000E-04  -1.2120281090E-01
   32      8.5982219000E-03  -6.8376975000E-03  -1.0395100400E-02  -3.0438306000E-03  -1.5623874000E-02
   33      1.4620754000E-03  -1.6205871400E-02   2.6288274200E-02  -3.5734150000E-04  -1.1098188440E-01
   34     -2.7225000000E-05   6.5313112000E-03  -4.2009844000E-03   1.5014610000E-03   1.1307891710E-01
   35     -4.5914835000E-03  -1.0152775700E-02   9.6455271000E-03  -1.7737288000E-03   1.1041315000E-03
   36      8.7161470000E-04   1.4520879000E-03   1.1139155000E-03  -2.9536090000E-04  -7.2108620000E-04
   37     -2.9154470000E-04  -4.4788150000E-04  -3.3663990000E-04   2.2498930000E-04  -4.4028130000E-04
   38      3.5578481000E-03   5.9478899000E-03   3.7464080000E-03   1.5294802000E-03  -1.2030269000E-03
   39      1.1447214000E-03   6.0710930000E-04   5.7774640000E-04  -1.4887720000E-04  -5.7909660000E-04
   40     -3.1793840000E-04  -2.0742340000E-04  -6.6206400000E-04  -1.7285570000E-04   4.3104800000E-05
   41      1.4094306000E-03   4.5607342000E-03   1.4068429000E-03   9.5848000000E-06  -6.0194730000E-04
   42      6.8422280000E-04  -2.1913352000E-03  -5.8792620000E-04  -1.0446663000E-03   9.3215590000E-04
   43     -2.8444440000E-04  -1.0015039000E-03  -5.6272740000E-04  -6.0360600000E-05   3.4486250000E-04
   44      1.2613645000E-03   6.7601367000E-03   2.5110267000E-03   3.4580126000E-03  -2.2265309000E-03
   45      7.3748400000E-05  -2.0309215000E-03  -1.0500990000E-03  -1.8847650000E-03   1.1022740000E-04
   46     -6.5674904000E-03  -4.4390190000E-04  -2.4393680000E-03   6.9980390000E-04   4.0662740000E-04
   47     -1.6364336000E-03   3.5740100000E-03   8.7926060000E-04   1.7328127000E-03   7.6038300000E-04
                   10                 11                 12                 13                 14        
    0     -3.3497066000E-03   7.9221088000E-03   4.1580245000E-03   1.3498398000E-03  -7.0365634000E-03
    1     -3.0071719000E-03  -5.1818960000E-03  -8.2894031000E-03  -3.2954006000E-03   2.0269337000E-03
    2      4.6981271000E-03  -2.6032183300E-02  -5.3519826700E-02  -2.3855034400E-02   2.8996328900E-02
    3     -2.5300613900E-02  -4.1843880600E-02  -4.4469904500E-02  -1.9955024100E-02   2.3465509000E-02
    4      4.7263360000E-04  -2.4986032300E-02  -2.3029365000E-02  -6.6592024000E-03   1.6073614400E-02
    5     -6.3997469000E-03   3.7391832000E-03   1.0994848900E-02   1.0448369300E-02  -2.0754763300E-02
    6      1.2058166000E-02  -9.9760636200E-02   4.0699217800E-02   1.7182881600E-02  -4.6800323800E-02
    7     -7.9024062800E-02   2.0380446100E-02   1.7793869100E-02   1.0698250900E-02  -1.6506226100E-02
    8     -5.3631095000E-03  -4.7904877900E-02   2.7039152200E-02   1.0697892400E-02  -3.9756368800E-02
    9     -3.5043763000E-03   1.6556298680E-01  -1.3007527700E-02  -3.3918559000E-03   7.4334802000E-03
   10      5.6071300000E-01   3.5734578300E-02   7.0900812000E-03  -6.6235944000E-03  -6.0256234000E-03
   11      3.5734578300E-02   1.0742020870E-01  -4.9451130200E-02  -2.0577740200E-02   3.6420386900E-02
   12      7.0900812000E-03  -4.9451130200E-02   6.0118615420E-01   2.4284681200E-02   1.6846332850E-01
   13     -6.6235944000E-03  -2.0577740200E-02   2.4284681200E-02   4.6762960770E-01   3.7887579700E-02
   14     -6.0256234000E-03   3.6420386900E-02   1.6846332850E-01   3.7887579700E-02   1.6270464360E-01
   15     -6.7390781000E-03   3.5984825300E-02  -2.9458279760E-01  -1.0177600960E-01  -4.7159285700E-02
   16     -2.8563248000E-03   1.6022836700E-02  -1.0325603340E-01  -1.2463430720E-01  -2.2681323800E-02
   17     -2.9551389000E-03   2.2903527100E-02   4.9244968200E-02   1.5112545600E-02  -6.3768344700E-02
   18     -7.0103500000E-04   6.2090380000E-04   1.1474530000E-04  -5.2085400000E-05  -6.0700080000E-04
   19      2.0748700000E-05   3.0203170000E-04   4.3579020000E-04  -3.4881240000E-04   1.9329620000E-04
   20      1.4500839000E-03   4.6660230000E-04   3.0305680000E-04   7.9096920000E-04  -1.3937835000E-03
   21     -2.5048110000E-04   7.7069070000E-04   5.5778610000E-04   1.0697272000E-03  -8.8552480000E-04
   22     -2.2189960000E-04  -2.5324480000E-04  -4.6702200000E-05   9.2849900000E-05   7.5431000000E-06
   23     -6.8477300000E-04   1.2610899000E-03   2.5181910000E-03   1.0283218000E-03  -1.3214581000E-03
   24     -1.7341323000E-03  -5.6602900000E-04  -1.0120922000E-03  -1.0682320000E-04   3.6358340000E-04
   25      5.6164020000E-04   6.1545710000E-04   7.1041200000E-05  -1.8245753000E-03   2.8977280000E-04
   26      2.0991190000E-04  -2.4898614000E-03  -1.3499619000E-03  -5.8315290000E-04   1.1206952000E-03
   27      2.6605720100E-02  -1.1382863000E-03  -6.7928600000E-05   1.2384870000E-03  -7.4830790000E-04
   28     -2.9934598000E-03   1.2279475000E-03   1.0073406000E-03  -1.0179924000E-03   1.3690510000E-04
   29      7.0766024000E-03  -2.9105476000E-03  -2.1355870000E-03  -3.9882640000E-04   1.2275555000E-03
   30     -1.1978779880E-01  -1.9025108900E-02  -1.5453863000E-03  -2.5849816000E-03   5.5066790000E-04
   31     -2.2584770080E-01  -2.4928028300E-02  -5.4628240000E-04  -1.3940947000E-03   5.7227160000E-04
   32     -2.1503923200E-02  -3.5115591300E-02   2.2681542000E-03   3.3685652000E-03   2.4525350000E-04
   33      1.1405716030E-01  -3.4045465000E-03  -2.1564920000E-03   1.2193261000E-03   1.3196480000E-03
   34     -2.3873560840E-01  -2.4637662000E-03   1.6843420000E-04  -1.2208293000E-03  -1.0421200000E-05
   35     -5.7946836000E-03  -2.8531982600E-02   3.7136882000E-03  -9.7977110000E-04  -3.0850835000E-03
   36      2.4686900000E-04  -2.2616802000E-03  -3.2189494400E-02   9.3855197000E-03   7.2968640000E-03
   37     -3.8473000000E-04   3.6901260000E-04  -8.9275702000E-03   7.5751655000E-03   2.2214570000E-03
   38      1.1530204000E-03  -5.4156681000E-03  -1.1996222200E-02  -7.8474608000E-03   6.6370517000E-03
   39     -1.7961630000E-04  -7.4361620000E-04  -3.0239098000E-03  -2.6066320800E-02   1.1041853000E-03
   40     -3.3899000000E-05  -4.3553000000E-06  -1.1600069000E-03  -1.7613656800E-02  -3.6049500000E-05
   41      8.0943400000E-04  -4.3773279000E-03  -7.3799512000E-03  -9.1977710000E-04   9.4177770000E-04
   42     -4.6968500000E-04   3.4036582000E-03  -2.0979859650E-01   9.2860184600E-02  -1.0121479790E-01
   43      1.7274820000E-04   2.2493322000E-03   9.3456404600E-02  -7.4324645300E-02   4.3622243000E-02
   44      3.6341105000E-03  -1.2497732600E-02  -1.2589784870E-01   4.5530156200E-02  -6.3661662600E-02
   45      1.9585267000E-03   3.9297406000E-03  -4.4861798200E-02   5.3424534000E-03  -5.5454621000E-03
   46     -2.2123192000E-03   1.4934207000E-03   9.4772110000E-04  -2.4703876330E-01  -5.7771972600E-02
   47     -6.0388702000E-03  -6.9352253000E-03  -1.2814860100E-02  -6.9702636500E-02  -4.4552228600E-02
                   15                 16                 17                 18                 19        
    0     -1.2755709200E-02  -2.7194558000E-03  -2.9033569000E-03  -1.3210728110E-01  -1.2205813150E-01
    1      7.8484252000E-03  -1.1386061700E-02   1.2164908300E-02  -1.2172795190E-01  -2.1427135060E-01
    2      6.7345581800E-02   2.3987766800E-02   5.5030401900E-02   1.7705413300E-02   1.8815258600E-02
    3      4.2495824100E-02   1.5740754000E-02   4.8907806800E-02  -1.6941976300E-02  -6.4718390000E-04
    4      1.5643003200E-02   7.4568494000E-03   1.6875267900E-02  -2.2610663600E-02   4.0046300000E-05
    5     -2.9534045500E-02  -1.1659347700E-02  -4.9528983600E-02   3.8674212000E-03   5.3029700000E-04
    6     -4.0181867000E-02  -1.7702395600E-02  -2.3455131000E-02  -5.2664900000E-03  -1.2066084000E-03
    7     -2.2792166100E-02  -6.9441899000E-03  -1.7747789800E-02  -7.7438100000E-05   6.1479630000E-04
    8     -7.3114955000E-03  -2.0727384000E-03  -2.1543367700E-02   4.5982383000E-03   2.1440630000E-04
    9      7.7451573000E-03   2.9046637000E-03   6.0442082000E-03  -1.0140900000E-05   2.9238000000E-05
   10     -6.7390781000E-03  -2.8563248000E-03  -2.9551389000E-03  -7.0103500000E-04   2.0748700000E-05
   11      3.5984825300E-02   1.6022836700E-02   2.2903527100E-02   6.2090380000E-04   3.0203170000E-04
   12     -2.9458279760E-01  -1.0325603340E-01   4.9244968200E-02   1.1474530000E-04   4.3579020000E-04
   13     -1.0177600960E-01  -1.2463430720E-01   1.5112545600E-02  -5.2085400000E-05  -3.4881240000E-04
   14     -4.7159285700E-02  -2.2681323800E-02  -6.3768344700E-02  -6.0700080000E-04   1.9329620000E-04
   15      5.8323693310E-01   3.1791220500E-02  -1.5109402720E-01  -1.7347257000E-03   9.8412000000E-06
   16      3.1791220500E-02   5.9509144540E-01  -1.3508075000E-03  -2.1537842000E-03  -4.3536540000E-04
   17     -1.5109402720E-01  -1.3508075000E-03   1.2312721760E-01  -7.7551830000E-04  -2.3344210000E-04
   18     -1.7347257000E-03  -2.1537842000E-03  -7.7551830000E-04   1.4828481800E-01   1.3688246580E-01
   19      9.8412000000E-06  -4.3536540000E-04  -2.3344210000E-04   1.3688246580E-01   2.3711037280E-01
   20     -3.5945706000E-03  -3.6784262000E-03  -2.2436950000E-04  -2.2446330800E-02  -2.2580235400E-02
   21     -3.1841281000E-03   1.4789796000E-03  -3.0791419000E-03   7.1099008000E-03  -1.4166840800E-02
   22      1.5196370000E-04  -1.3068910000E-04   1.0503920000E-04   1.0570328800E-02  -2.5926304700E-02
   23     -6.4558304000E-03   2.6235691000E-03  -6.8013768000E-03  -6.6848990000E-04   2.9996421000E-03
   24      4.8022340000E-04   5.0837240000E-04   6.0860250000E-04   6.1817790000E-04   7.5387200000E-04
   25      5.4972860000E-04  -3.0785610000E-04  -3.6523300000E-05  -5.9271100000E-04   1.0277726000E-03
   26      1.7642361000E-03   7.4963470000E-04   2.0767177000E-03  -1.1720994000E-03  -9.2752000000E-05
   27     -6.4601630000E-04  -1.1699070000E-04  -2.7567750000E-04  -7.6242700000E-05   9.5324700000E-05
   28     -2.0305980000E-04  -5.5551300000E-04  -3.8864060000E-04   2.5140640000E-04   5.8238830000E-04
   29      1.3616430000E-03   1.2668640000E-04   1.1610515000E-03  -2.1064900000E-05  -4.5365800000E-05
   30      3.3392040000E-04   1.6305940000E-04   5.2658730000E-04   5.5821700000E-05   3.5241600000E-05
   31      6.8175700000E-04  -8.9367000000E-06   2.1306000000E-06   1.0261010000E-04   1.7725870000E-04
   32     -2.7809600000E-05  -3.7664650000E-04  -1.1369933000E-03  -1.0420294000E-03  -1.9550080000E-04
   33      3.5673750000E-04   2.3254930000E-04   4.4104810000E-04   8.0202300000E-05  -1.1057740000E-04
   34      1.3980020000E-04   1.2927660000E-04   2.1968800000E-05  -8.0972800000E-05   1.6604750000E-04
   35     -1.5543907000E-03  -4.4991880000E-04  -1.1095466000E-03   1.8476410000E-04  -8.4063700000E-05
   36     -2.0567365620E-01   1.0813889910E-01   8.6209461800E-02   9.3629000000E-06  -1.3422800000E-05
   37      1.0636617840E-01  -1.0894004000E-01  -4.7771247900E-02  -1.2542400000E-05  -1.8526960000E-04
   38      1.0471307560E-01  -4.5326177800E-02  -5.0683128900E-02  -3.8370200000E-05  -7.5978100000E-05
   39     -3.9565560500E-02  -5.4318200000E-04   7.0904958000E-03  -3.0598300000E-04   5.0652900000E-05
   40     -4.4763566000E-03  -3.0879953210E-01   3.1817660000E-02  -7.7842700000E-05   6.1856080000E-04
   41      1.4938383700E-02   3.9875211700E-02  -2.3099246700E-02  -4.1100200000E-04   2.3619310000E-04
   42     -3.1527642400E-02   5.6678264000E-03  -8.0183577000E-03   2.1428490000E-04  -2.1337330000E-04
   43     -1.1207799400E-02   3.6849635000E-03  -1.9352872000E-03   1.1078840000E-04   1.4159370000E-04
   44      1.5272738200E-02   8.3731758000E-03   7.1176318000E-03   1.7066440000E-04   5.8573000000E-06
   45     -4.7966930000E-03  -4.0134482700E-02  -9.4719683000E-03  -4.4474300000E-05   1.2371160000E-04
   46     -1.5987448500E-02  -4.1363718800E-02  -3.6806433000E-03   1.6942740000E-04   6.6751700000E-04
   47      5.3509716000E-03  -4.1634944000E-03   6.4788100000E-03   3.4500500000E-05   1.0355600000E-05
                   20                 21                 22                 23                 24        
    0      1.2835453400E-02  -1.0738242290E-01   1.1052408460E-01   3.0591640000E-04  -1.7045295400E-02
    1      1.4670553400E-02   1.1232346170E-01  -2.4184056390E-01   3.3456873000E-03   2.6265161900E-02
    2     -3.5085802400E-02   7.4988574000E-03  -1.0691341000E-03  -2.5822536600E-02   1.7415517000E-03
    3      8.9010714000E-03  -1.3539994400E-02   6.6501384000E-03   1.3660070500E-02  -1.0211752270E-01
    4      1.2901744900E-02   2.5114522100E-02  -4.8260214000E-03  -1.2137930300E-02   1.0645102280E-01
    5     -3.0937348000E-03   5.9591400000E-04  -2.2231205000E-03  -3.6094400000E-03   9.2893299000E-03
    6      4.3346383000E-03  -8.2603250000E-04  -2.2223826000E-03  -3.6723931000E-03   7.6173997000E-03
    7     -1.9292023000E-03   1.3884369000E-03   1.2139398000E-03  -1.6785638000E-03  -1.0890709300E-02
    8      7.0698573000E-03  -1.5534883000E-03   4.3783840000E-04  -4.2524378000E-03  -7.7231500000E-04
    9      1.5654212000E-03   3.4295720000E-04  -2.3477300000E-04   2.6554140000E-04   9.5239850000E-04
   10      1.4500839000E-03  -2.5048110000E-04  -2.2189960000E-04  -6.8477300000E-04  -1.7341323000E-03
   11      4.6660230000E-04   7.7069070000E-04  -2.5324480000E-04   1.2610899000E-03  -5.6602900000E-04
   12      3.0305680000E-04   5.5778610000E-04  -4.6702200000E-05   2.5181910000E-03  -1.0120922000E-03
   13      7.9096920000E-04   1.0697272000E-03   9.2849900000E-05   1.0283218000E-03  -1.0682320000E-04
   14     -1.3937835000E-03  -8.8552480000E-04   7.5431000000E-06  -1.3214581000E-03   3.6358340000E-04
   15     -3.5945706000E-03  -3.1841281000E-03   1.5196370000E-04  -6.4558304000E-03   4.8022340000E-04
   16     -3.6784262000E-03   1.4789796000E-03  -1.3068910000E-04   2.6235691000E-03   5.0837240000E-04
   17     -2.2436950000E-04  -3.0791419000E-03   1.0503920000E-04  -6.8013768000E-03   6.0860250000E-04
   18     -2.2446330800E-02   7.1099008000E-03   1.0570328800E-02  -6.6848990000E-04   6.1817790000E-04
   19     -2.2580235400E-02  -1.4166840800E-02  -2.5926304700E-02   2.9996421000E-03   7.5387200000E-04
   20      3.3064141900E-02   4.1135690000E-04  -4.5958300000E-04   2.5477340000E-03  -1.4981362000E-03
   21      4.1135690000E-04   1.2004571280E-01  -1.2486324220E-01  -8.8756960000E-03  -3.3406637000E-03
   22     -4.5958300000E-04  -1.2486324220E-01   2.6916344490E-01   3.5028721000E-03   8.1314560000E-04
   23      2.5477340000E-03  -8.8756960000E-03   3.5028721000E-03   3.1966983300E-02   5.4993158000E-03
   24     -1.4981362000E-03  -3.3406637000E-03   8.1314560000E-04   5.4993158000E-03   1.1565602000E-01
   25      2.7464070000E-04  -1.6024700000E-04   8.3642840000E-04  -2.9346950000E-04  -1.1885644380E-01
   26     -2.8111191000E-03   4.5459119000E-03   1.6013600000E-05   6.7797898000E-03  -1.5237070600E-02
   27      1.0985460000E-04  -7.4364480000E-04  -4.1970110000E-04  -2.2188300000E-05  -1.5703355000E-03
   28     -4.6011370000E-04  -1.0602699000E-03   3.1783160000E-04   4.0365480000E-04  -2.5829122000E-03
   29     -2.1954610000E-04   3.6588070000E-04   2.8023260000E-04   2.9930560000E-04   6.4006180000E-04
   30      9.6082180000E-04   6.8513600000E-05  -9.1381500000E-05  -1.5158320000E-04  -9.9416300000E-05
   31      2.0461240000E-04  -8.4647800000E-05   1.5578750000E-04   5.2441400000E-05   1.2064420000E-04
   32     -2.8823770000E-04   4.0744600000E-05  -7.2538000000E-06   3.8175050000E-04  -3.9100400000E-05
   33     -1.4293000000E-06   2.5756330000E-04  -2.4683270000E-04  -2.4402600000E-05  -4.3923900000E-04
   34     -2.5881100000E-05  -2.3854900000E-04  -1.0813800000E-05   2.0179200000E-05  -1.9373740000E-04
   35      3.1667490000E-04   1.6288800000E-05  -2.3710900000E-05   3.8143800000E-05   1.4614120000E-04
   36     -3.1369090000E-04   4.5031740000E-04  -1.9222560000E-04  -1.3875670000E-03   3.9945700000E-05
   37     -1.5860330000E-04   2.9501600000E-05   7.7061660000E-04   7.9731920000E-04  -2.5008690000E-04
   38     -2.1359480000E-04  -1.7261700000E-05   3.8920400000E-05  -1.0805943000E-03  -2.9700080000E-04
   39     -7.8944980000E-04  -1.6280900000E-04  -1.0152510000E-04  -3.1169630000E-04  -1.6769300000E-05
   40     -4.6204570000E-04  -1.6927870000E-04   1.3653800000E-04  -1.3225690000E-04  -1.0557510000E-04
   41     -5.5578000000E-05  -3.1636700000E-04  -1.7176930000E-04  -9.7023490000E-04   2.2231780000E-04
   42     -4.2094590000E-04   6.5495300000E-05  -3.8258160000E-04  -5.6719240000E-04   3.4420210000E-04
   43     -1.9823210000E-04  -1.2928110000E-04  -2.8982900000E-05  -2.2514800000E-05   2.0883300000E-05
   44     -6.0071000000E-06   3.4513000000E-04  -1.7683330000E-04   2.5410610000E-04  -2.0242600000E-05
   45     -3.5712090000E-04   2.8144890000E-04   9.1686600000E-05  -1.1199590000E-04  -6.7033100000E-05
   46     -3.4028150000E-04  -2.8179140000E-04   2.9783900000E-04   1.7582110000E-04  -2.1268200000E-04
   47     -7.3237400000E-05   1.3670450000E-04  -3.8097000000E-06   3.2917540000E-04  -8.1009300000E-05
                   25                 26                 27                 28                 29        
    0      4.1515229000E-03   9.4938089000E-03   7.5390330000E-04   1.2034197000E-03   4.8911580000E-04
    1     -3.1115624000E-03  -9.6467139000E-03  -2.2430644000E-03   4.5885460000E-04   2.2714730000E-04
    2     -1.3067117000E-03  -4.8538967000E-03   4.0680080000E-04  -5.3837250000E-04  -2.7257230000E-03
    3      1.0662567780E-01   4.9284400000E-04   7.1801180000E-03   1.0548014100E-02  -2.2888406000E-03
    4     -2.4063682560E-01  -8.0584066000E-03  -1.0191778400E-02  -2.7197211800E-02  -5.4119628000E-03
    5     -1.1749722800E-02  -3.1987221600E-02   2.3619930000E-04  -3.2227600000E-05   8.7934080000E-04
    6      1.0638858300E-02   2.0942725000E-03  -1.0333568680E-01   1.0802324820E-01   3.1938345000E-03
    7     -2.7092546200E-02   2.4200469000E-03   1.0726903230E-01  -2.3873694540E-01   3.8199149000E-03
    8     -1.4612994000E-03   6.3604980000E-04  -4.5362153000E-03   4.2313645000E-03  -3.3854680800E-02
    9      1.2860969000E-03  -4.5641340000E-04  -1.8730224800E-02   4.4709048000E-03  -7.7636022000E-03
   10      5.6164020000E-04   2.0991190000E-04   2.6605720100E-02  -2.9934598000E-03   7.0766024000E-03
   11      6.1545710000E-04  -2.4898614000E-03  -1.1382863000E-03   1.2279475000E-03  -2.9105476000E-03
   12      7.1041200000E-05  -1.3499619000E-03  -6.7928600000E-05   1.0073406000E-03  -2.1355870000E-03
   13     -1.8245753000E-03  -5.8315290000E-04   1.2384870000E-03  -1.0179924000E-03  -3.9882640000E-04
   14      2.8977280000E-04   1.1206952000E-03  -7.4830790000E-04   1.3690510000E-04   1.2275555000E-03
   15      5.4972860000E-04   1.7642361000E-03  -6.4601630000E-04  -2.0305980000E-04   1.3616430000E-03
   16     -3.0785610000E-04   7.4963470000E-04  -1.1699070000E-04  -5.5551300000E-04   1.2668640000E-04
   17     -3.6523300000E-05   2.0767177000E-03  -2.7567750000E-04  -3.8864060000E-04   1.1610515000E-03
   18     -5.9271100000E-04  -1.1720994000E-03  -7.6242700000E-05   2.5140640000E-04  -2.1064900000E-05
   19      1.0277726000E-03  -9.2752000000E-05   9.5324700000E-05   5.8238830000E-04  -4.5365800000E-05
   20      2.7464070000E-04  -2.8111191000E-03   1.0985460000E-04  -4.6011370000E-04  -2.1954610000E-04
   21     -1.6024700000E-04   4.5459119000E-03  -7.4364480000E-04  -1.0602699000E-03   3.6588070000E-04
   22      8.3642840000E-04   1.6013600000E-05  -4.1970110000E-04   3.1783160000E-04   2.8023260000E-04
   23     -2.9346950000E-04   6.7797898000E-03  -2.2188300000E-05   4.0365480000E-04   2.9930560000E-04
   24     -1.1885644380E-01  -1.5237070600E-02  -1.5703355000E-03  -2.5829122000E-03   6.4006180000E-04
   25      2.7144748540E-01   1.4670580800E-02  -2.5060787000E-03  -3.6075986000E-03  -1.2310701000E-03
   26      1.4670580800E-02   2.7010147000E-02  -4.1870650000E-04   7.0099930000E-04   5.1119961000E-03
   27     -2.5060787000E-03  -4.1870650000E-04   1.2015215920E-01  -1.2032017040E-01   9.1932477000E-03
   28     -3.6075986000E-03   7.0099930000E-04  -1.2032017040E-01   2.6934494520E-01  -4.9158639000E-03
   29     -1.2310701000E-03   5.1119961000E-03   9.1932477000E-03  -4.9158639000E-03   2.6721058000E-02
   30      2.3303780000E-04   2.0601800000E-05   6.0158610000E-04  -8.1393780000E-04   9.6841490000E-04
   31      5.4957240000E-04   6.6962600000E-05   8.2611630000E-04   1.0471793000E-03   1.9857140000E-04
   32      4.7824370000E-04  -1.8491350000E-04   1.3644015000E-03   6.1529000000E-06  -3.3924394000E-03
   33     -9.7542410000E-04  -2.1751180000E-04  -3.9374766000E-03  -3.0488000000E-05  -3.9692360000E-03
   34      4.1937410000E-04  -1.0948790000E-04   8.1071600000E-04   9.8620610000E-04  -4.3240760000E-04
   35     -3.8461240000E-04   2.3955670000E-04  -4.7310225000E-03  -3.4048060000E-04   8.3130377000E-03
   36     -2.2606170000E-04   1.7672620000E-04   2.2918270000E-04  -1.3261850000E-04  -7.4851300000E-05
   37      1.9415690000E-04  -2.9166440000E-04  -8.3773200000E-05   2.1944340000E-04   2.9206850000E-04
   38      1.6752820000E-04  -9.0855700000E-05   1.0005650000E-04   1.9755350000E-04  -2.6190700000E-04
   39      1.4838200000E-05   1.1772990000E-04  -7.7761100000E-05   2.7194900000E-05  -3.2706700000E-05
   40      3.5176590000E-04  -1.1642960000E-04  -8.9510500000E-05   2.0731620000E-04  -2.4787700000E-05
   41     -1.0991290000E-04  -3.9347710000E-04   4.7546200000E-05  -1.5216430000E-04  -7.6220100000E-05
   42     -1.6144060000E-04   8.2519900000E-05   9.9585000000E-06  -2.1409730000E-04  -6.9397200000E-05
   43      2.7670330000E-04  -3.5885590000E-04  -2.5425320000E-04   1.7037250000E-04   3.8127890000E-04
   44     -1.8069390000E-04  -7.9968300000E-05   3.7159810000E-04  -2.8456610000E-04  -4.4734250000E-04
   45     -9.2394800000E-05   6.3112400000E-05   2.5840950000E-04  -1.7397470000E-04   1.4308730000E-04
   46      9.1606500000E-04   4.2331340000E-04  -6.2007580000E-04   7.7418360000E-04   5.7781800000E-05
   47      2.5779280000E-04  -8.3638900000E-05   4.0699800000E-05   2.0785170000E-04   1.7506120000E-04
                   30                 31                 32                 33                 34        
    0     -4.5511500000E-05   9.1697100000E-05  -1.7112878000E-03   1.8971800000E-04  -2.3814690000E-04
    1     -7.2556300000E-04   4.3206400000E-05  -1.4466600000E-03  -1.5982360000E-04  -2.5586610000E-04
    2     -9.0357130000E-04  -6.1306410000E-04   5.5649110000E-04  -5.3655800000E-04   2.2051200000E-04
    3     -5.4928449000E-03  -9.6004680000E-04  -3.2051836000E-03   1.2927310000E-04  -1.9844729000E-03
    4      2.9978830000E-04   5.6231640000E-04   1.4187042000E-03   1.5662000000E-03   1.2061048000E-03
    5     -3.3190164000E-03  -1.4415830000E-04   8.5982219000E-03   1.4620754000E-03  -2.7225000000E-05
    6     -1.7517647900E-02  -1.1469454000E-03  -6.8376975000E-03  -1.6205871400E-02   6.5313112000E-03
    7     -2.3936753500E-02  -4.6175800000E-05  -1.0395100400E-02   2.6288274200E-02  -4.2009844000E-03
    8     -5.2221466000E-03  -4.7895630000E-04  -3.0438306000E-03  -3.5734150000E-04   1.5014610000E-03
    9     -1.2402726820E-01  -1.2120281090E-01  -1.5623874000E-02  -1.1098188440E-01   1.1307891710E-01
   10     -1.1978779880E-01  -2.2584770080E-01  -2.1503923200E-02   1.1405716030E-01  -2.3873560840E-01
   11     -1.9025108900E-02  -2.4928028300E-02  -3.5115591300E-02  -3.4045465000E-03  -2.4637662000E-03
   12     -1.5453863000E-03  -5.4628240000E-04   2.2681542000E-03  -2.1564920000E-03   1.6843420000E-04
   13     -2.5849816000E-03  -1.3940947000E-03   3.3685652000E-03   1.2193261000E-03  -1.2208293000E-03
   14      5.5066790000E-04   5.7227160000E-04   2.4525350000E-04   1.3196480000E-03  -1.0421200000E-05
   15      3.3392040000E-04   6.8175700000E-04  -2.7809600000E-05   3.5673750000E-04   1.3980020000E-04
   16      1.6305940000E-04  -8.9367000000E-06  -3.7664650000E-04   2.3254930000E-04   1.2927660000E-04
   17      5.2658730000E-04   2.1306000000E-06  -1.1369933000E-03   4.4104810000E-04   2.1968800000E-05
   18      5.5821700000E-05   1.0261010000E-04  -1.0420294000E-03   8.0202300000E-05  -8.0972800000E-05
   19      3.5241600000E-05   1.7725870000E-04  -1.9550080000E-04  -1.1057740000E-04   1.6604750000E-04
   20      9.6082180000E-04   2.0461240000E-04  -2.8823770000E-04  -1.4293000000E-06  -2.5881100000E-05
   21      6.8513600000E-05  -8.4647800000E-05   4.0744600000E-05   2.5756330000E-04  -2.3854900000E-04
   22     -9.1381500000E-05   1.5578750000E-04  -7.2538000000E-06  -2.4683270000E-04  -1.0813800000E-05
   23     -1.5158320000E-04   5.2441400000E-05   3.8175050000E-04  -2.4402600000E-05   2.0179200000E-05
   24     -9.9416300000E-05   1.2064420000E-04  -3.9100400000E-05  -4.3923900000E-04  -1.9373740000E-04
   25      2.3303780000E-04   5.4957240000E-04   4.7824370000E-04  -9.7542410000E-04   4.1937410000E-04
   26      2.0601800000E-05   6.6962600000E-05  -1.8491350000E-04  -2.1751180000E-04  -1.0948790000E-04
   27      6.0158610000E-04   8.2611630000E-04   1.3644015000E-03  -3.9374766000E-03   8.1071600000E-04
   28     -8.1393780000E-04   1.0471793000E-03   6.1529000000E-06  -3.0488000000E-05   9.8620610000E-04
   29      9.6841490000E-04   1.9857140000E-04  -3.3924394000E-03  -3.9692360000E-03  -4.3240760000E-04
   30      1.4010279250E-01   1.3488014390E-01   2.4883676700E-02   6.9416855000E-03   1.1418770000E-02
   31      1.3488014390E-01   2.4828155860E-01   2.8708311100E-02  -1.2721867400E-02  -2.5024703200E-02
   32      2.4883676700E-02   2.8708311100E-02   3.0425044100E-02  -6.5949520000E-04  -1.0807310000E-04
   33      6.9416855000E-03  -1.2721867400E-02  -6.5949520000E-04   1.2520661410E-01  -1.2878563010E-01
   34      1.1418770000E-02  -2.5024703200E-02  -1.0807310000E-04  -1.2878563010E-01   2.6494215280E-01
   35      9.6804690000E-04  -3.5855211000E-03   2.7098830000E-03   5.6973207000E-03   1.5434848000E-03
   36      1.6665250000E-04  -1.1275720000E-04   2.8243640000E-04   1.2571000000E-04  -2.8164320000E-04
   37     -7.1485300000E-05   2.9549980000E-04   2.6014260000E-04  -1.2942300000E-04   1.2726850000E-04
   38     -5.6623100000E-05  -5.9043000000E-05   1.0581500000E-05  -1.4445760000E-04   9.0564000000E-05
   39      6.7902000000E-06  -1.7327000000E-06   1.7725000000E-04   7.3950000000E-06  -8.5889500000E-05
   40      4.5505500000E-05   2.6994380000E-04   9.3797000000E-06  -1.3032130000E-04   2.4570310000E-04
   41     -8.3458600000E-05  -4.9911200000E-05  -5.7888900000E-05  -1.2064400000E-05   9.1760000000E-05
   42     -1.5040700000E-05   1.1214170000E-04   4.0224390000E-04   4.1053310000E-04  -2.2988600000E-05
   43     -1.1907160000E-04   1.6460810000E-04   2.5105030000E-04   8.1713000000E-05   6.8008170000E-04
   44      8.4193100000E-05   4.9496800000E-05  -2.4240360000E-04   7.5019600000E-05  -1.8981410000E-04
   45      4.6535340000E-04  -3.8019700000E-05  -2.7242980000E-04   1.5531300000E-05  -2.3591840000E-04
   46      1.0554266000E-03   7.7468000000E-04  -4.6739190000E-04  -1.5483520000E-04   5.4659010000E-04
   47     -2.0150230000E-04   3.8843000000E-06   5.3507260000E-04   3.3193100000E-04  -1.2285370000E-04
                   35                 36                 37                 38                 39        
    0      9.1932300000E-05   5.4383010000E-04   3.2289120000E-04   2.0070595000E-03  -3.5353110000E-04
    1      4.7733030000E-04  -2.5555070000E-04   4.7168380000E-04  -4.8890319000E-03   2.0982853000E-03
    2      1.0553726000E-03  -3.9153886000E-03  -5.7029240000E-04  -1.7471383600E-02  -3.6526352000E-03
    3      2.5268691000E-03  -1.7538964000E-03   1.6715220000E-04  -6.6637833000E-03  -6.8904050000E-04
    4      1.5069310000E-03  -4.8888620000E-04  -2.5367520000E-04  -2.3443238000E-03  -8.9855620000E-04
    5     -4.5914835000E-03   8.7161470000E-04  -2.9154470000E-04   3.5578481000E-03   1.1447214000E-03
    6     -1.0152775700E-02   1.4520879000E-03  -4.4788150000E-04   5.9478899000E-03   6.0710930000E-04
    7      9.6455271000E-03   1.1139155000E-03  -3.3663990000E-04   3.7464080000E-03   5.7774640000E-04
    8     -1.7737288000E-03  -2.9536090000E-04   2.2498930000E-04   1.5294802000E-03  -1.4887720000E-04
    9      1.1041315000E-03  -7.2108620000E-04  -4.4028130000E-04  -1.2030269000E-03  -5.7909660000E-04
   10     -5.7946836000E-03   2.4686900000E-04  -3.8473000000E-04   1.1530204000E-03  -1.7961630000E-04
   11     -2.8531982600E-02  -2.2616802000E-03   3.6901260000E-04  -5.4156681000E-03  -7.4361620000E-04
   12      3.7136882000E-03  -3.2189494400E-02  -8.9275702000E-03  -1.1996222200E-02  -3.0239098000E-03
   13     -9.7977110000E-04   9.3855197000E-03   7.5751655000E-03  -7.8474608000E-03  -2.6066320800E-02
   14     -3.0850835000E-03   7.2968640000E-03   2.2214570000E-03   6.6370517000E-03   1.1041853000E-03
   15     -1.5543907000E-03  -2.0567365620E-01   1.0636617840E-01   1.0471307560E-01  -3.9565560500E-02
   16     -4.4991880000E-04   1.0813889910E-01  -1.0894004000E-01  -4.5326177800E-02  -5.4318200000E-04
   17     -1.1095466000E-03   8.6209461800E-02  -4.7771247900E-02  -5.0683128900E-02   7.0904958000E-03
   18      1.8476410000E-04   9.3629000000E-06  -1.2542400000E-05  -3.8370200000E-05  -3.0598300000E-04
   19     -8.4063700000E-05  -1.3422800000E-05  -1.8526960000E-04  -7.5978100000E-05   5.0652900000E-05
   20      3.1667490000E-04  -3.1369090000E-04  -1.5860330000E-04  -2.1359480000E-04  -7.8944980000E-04
   21      1.6288800000E-05   4.5031740000E-04   2.9501600000E-05  -1.7261700000E-05  -1.6280900000E-04
   22     -2.3710900000E-05  -1.9222560000E-04   7.7061660000E-04   3.8920400000E-05  -1.0152510000E-04
   23      3.8143800000E-05  -1.3875670000E-03   7.9731920000E-04  -1.0805943000E-03  -3.1169630000E-04
   24      1.4614120000E-04   3.9945700000E-05  -2.5008690000E-04  -2.9700080000E-04  -1.6769300000E-05
   25     -3.8461240000E-04  -2.2606170000E-04   1.9415690000E-04   1.6752820000E-04   1.4838200000E-05
   26      2.3955670000E-04   1.7672620000E-04  -2.9166440000E-04  -9.0855700000E-05   1.1772990000E-04
   27     -4.7310225000E-03   2.2918270000E-04  -8.3773200000E-05   1.0005650000E-04  -7.7761100000E-05
   28     -3.4048060000E-04  -1.3261850000E-04   2.1944340000E-04   1.9755350000E-04   2.7194900000E-05
   29      8.3130377000E-03  -7.4851300000E-05   2.9206850000E-04  -2.6190700000E-04  -3.2706700000E-05
   30      9.6804690000E-04   1.6665250000E-04  -7.1485300000E-05  -5.6623100000E-05   6.7902000000E-06
   31     -3.5855211000E-03  -1.1275720000E-04   2.9549980000E-04  -5.9043000000E-05  -1.7327000000E-06
   32      2.7098830000E-03   2.8243640000E-04   2.6014260000E-04   1.0581500000E-05   1.7725000000E-04
   33      5.6973207000E-03   1.2571000000E-04  -1.2942300000E-04  -1.4445760000E-04   7.3950000000E-06
   34      1.5434848000E-03  -2.8164320000E-04   1.2726850000E-04   9.0564000000E-05  -8.5889500000E-05
   35      2.7695900900E-02   3.6054320000E-04   1.1657900000E-05   1.9633200000E-04   1.7981800000E-04
   36      3.6054320000E-04   2.3923914160E-01  -1.1885598360E-01  -8.8359150500E-02  -5.5917690000E-04
   37      1.1657900000E-05  -1.1885598360E-01   1.1764092520E-01   5.3327490700E-02   2.3613199300E-02
   38      1.9633200000E-04  -8.8359150500E-02   5.3327490700E-02   6.2979704200E-02  -1.9933599000E-03
