*************************************************
******************* ORCA 6.1.0 ******************
*************************************************
$Calculation_Status
   &GeometryIndex 0
   &version [&Type "String"] "6.1.0"
   &progName [&Type "String"] "orca"
   &Status [&Type "String"] "NORMAL TERMINATION"
$End
$Geometry
   &GeometryIndex 1
   &NAtoms [&Type "Integer"] 16
   &NCorelessECP [&Type "Integer"] 0
   &NGhostAtoms [&Type "Integer"] 0
   &CartesianCoordinates [&Type "Coordinates", &Dim(16,4), &Units "Bohr"] 
              C      0.000000000000    0.000000000000    0.000000000000
              C      2.645616587490    0.000000000000    0.000000000000
              C      3.968424881235    2.291171994907    0.000000000000
              C      6.614041468724    2.291171994907    0.000000000000
              C      4.539101386691    1.572390093430    3.530146368173
              C      2.074940082033    0.718780011751    3.530146368173
              H     -1.501729453831   -1.227006737660   -0.636045911881
              H     -1.501729453831    0.880616157860   -1.065183819634
              H      3.666068699807   -1.767474081139    0.000000000000
              H      2.947972768917    4.058646076046    0.000000000000
              H      8.115770922555    3.518176842840   -0.636045911881
              H      8.115770922555    1.410555837047   -1.065183819634
              H      0.926855866630    1.459203056913    5.046379470081
              H      1.630892235084   -0.573174723406    5.046379470081
              H      5.687185602094    0.831967048268    5.046379470081
              F      5.106497327580    3.223222718680    5.467555961631
$End
$Single_Point_Data
   &GeometryIndex 1
   &FinalEnergy [&Type "Double"]      -2.1514784668610002e+01  "Final single point energy"
   &Converged [&Type "Boolean"] true
$End
$Hessian
   &GeometryIndex 1
   &HESSIAN [&Type "ArrayOfDoubles", &Dim (48,48)] "The Hessian"
                                                         0                           1                           2                           3                           4                           5                           6                           7

0                                      6.6487041769999999e-01         4.0723106500000002e-02         2.1257730470000000e-01        -3.2390009370000000e-01         1.9682585400000001e-02         1.1343183649999999e-01        -3.4527548100000000e-02        -7.0507940000000000e-03
1                                      4.0723106500000002e-02         2.3028939779999999e-01        -2.0917634200000000e-02        -8.2107690999999993e-03        -5.8149463899999997e-02         1.2260952000000000e-03        -2.6701377200000001e-02        -1.9125250000000000e-04
2                                      2.1257730470000000e-01        -2.0917634200000000e-02         1.3754897529999999e-01        -6.5836715599999998e-02        -6.2489141000000000e-03        -4.5823157300000000e-02        -2.9780049000000001e-03         1.4862470000000000e-03
3                                     -3.2390009370000000e-01        -8.2107690999999993e-03        -6.5836715599999998e-02         6.0267165410000001e-01         2.6609149100000000e-02        -1.3176765999999999e-02        -1.2185197350000000e-01        -1.2556666590000001e-01
4                                      1.9682585400000001e-02        -5.8149463899999997e-02        -6.2489141000000000e-03         2.6609149100000000e-02         6.4421231479999996e-01        -4.5246152000000001e-03        -1.2757587120000000e-01        -3.0143141309999999e-01
5                                      1.1343183649999999e-01         1.2260952000000000e-03        -4.5823157300000000e-02        -1.3176765999999999e-02        -4.5246152000000001e-03        -5.4575028099999999e-02        -2.2800110700000001e-02        -2.3185214100000000e-02
6                                     -3.4527548100000000e-02        -2.6701377200000001e-02        -2.9780049000000001e-03        -1.2185197350000000e-01        -1.2757587120000000e-01        -2.2800110700000001e-02         6.0983755429999997e-01         2.7428558799999999e-02
7                                     -7.0507940000000000e-03        -1.9125250000000000e-04         1.4862470000000000e-03        -1.2556666590000001e-01        -3.0143141309999999e-01        -2.3185214100000000e-02         2.7428558799999999e-02         6.4388402130000000e-01
8                                      7.8376926999999992e-03         9.2501659999999996e-04         3.4481732999999998e-03         1.7395233300000000e-02         1.8898003199999999e-02        -3.9343373899999999e-02         1.1027793100000001e-02        -1.7760396000000001e-03
9                                      3.6146308000000000e-03        -3.2302632000000002e-03        -2.9864382500000002e-02        -4.4832940199999997e-02        -1.1241009200000001e-02        -1.2920980699999999e-02        -3.2647035679999997e-01         1.7247994700000002e-02
10                                    -1.6879109000000000e-03        -2.5611523999999998e-03        -2.7017158000000002e-03        -2.5479051100000000e-02        -1.4725872000000001e-03         1.0122936000000000e-03        -5.5630476999999996e-03        -5.8523374900000001e-02
11                                     2.1086660399999999e-02         5.7920067000000004e-03         1.8939677799999999e-02         6.8495018999999999e-03         1.6699686000000000e-03         1.8621196000000000e-03         5.8448924600000000e-02         1.5324195000000001e-03
12                                     3.9421507000000001e-02         3.0853737000000000e-03         1.7894659699999999e-02        -1.8146404500000001e-02        -1.6806429500000001e-02        -5.5179619100000001e-02         1.3707152500000000e-02         1.0035329300000000e-02
13                                     1.5187367100000000e-02        -4.6620940000000001e-04         3.0641036000000001e-03        -9.8156791000000004e-03        -1.9567909999999998e-03        -3.3871959799999997e-02         2.7728782399999999e-02        -1.4282414800000000e-02
14                                    -3.8482709699999999e-02        -6.4123874000000004e-03        -1.2188798000000000e-03        -1.2752559400000000e-02        -1.8317749000000001e-02         1.1390947100000000e-02        -6.1143020399999998e-02         4.0529423999999996e-03
15                                    -5.7109685000000000e-03        -4.5636115999999997e-03        -1.3421751300000000e-02         1.5923289600000001e-02         1.1825740400000000e-02        -1.4543011300000000e-02        -2.8603155400000000e-02        -1.7440131200000000e-02
16                                    -2.5517301600000000e-02         9.8238041999999994e-03         2.6176121000000001e-03         1.6930763200000001e-02        -1.2039544800000000e-02         3.9147909199999997e-02        -1.5600955000000000e-03         2.6942564000000000e-03
17                                    -1.4247928870000001e-01         3.9607593000000000e-03         2.3568043000000002e-03         7.1177731100000002e-02         8.9839588000000005e-03         1.3853753120000001e-01         2.1038635900000002e-02         1.6951612800000002e-02
18                                    -1.5492836069999999e-01        -1.0419600810000000e-01        -4.7535833200000002e-02        -1.1714094300000000e-02        -2.7906009700000001e-02        -3.8803911000000000e-03        -4.6946184000000004e-03         2.8290542999999998e-03
19                                    -1.3808947290000001e-01        -1.1985130960000000e-01        -6.1754914500000001e-02         4.0448519000000002e-03        -1.7921757000000000e-03         3.4619768000000001e-03        -4.8714639000000002e-03        -2.3172485999999998e-03
20                                    -5.9053437299999997e-02        -5.7842020399999999e-02        -3.3680307499999999e-02         4.0366726999999996e-03         1.4105126000000000e-03        -1.1620602000000000e-03        -1.6325870000000000e-03        -1.3755167000000000e-03
21                                    -1.5366645990000000e-01         7.7832650099999998e-02        -8.5952984699999999e-02        -1.6783998700000000e-02         2.1937364500000001e-02        -1.5737253199999999e-02         3.8482026000000000e-03         8.1759230000000001e-04
22                                     1.0377310170000000e-01        -6.0412825400000002e-02         7.5866689799999998e-02        -1.6308937000000000e-03        -5.4837528000000000e-03        -1.5285164000000001e-03         2.0890812000000001e-03        -2.4746032999999998e-03
23                                    -1.2132033640000001e-01         7.2167528499999994e-02        -8.0642673100000006e-02         1.1550138700000000e-02         7.7325820000000004e-04         1.8677353800000001e-02         1.6529495000000001e-03         1.9526747000000000e-03
24                                    -2.4115222799999999e-02         1.8780081699999999e-02        -7.9886398000000008e-03        -9.9776608800000000e-02         1.0745936189999999e-01        -2.5880540999999998e-03         5.6307019000000000e-03        -8.8507598000000000e-03
25                                     5.6838460000000002e-03         3.3033067000000000e-03         2.5047519999999998e-03         1.0602417300000000e-01        -2.3447401700000001e-01         2.4698284000000000e-03         1.1218952700000000e-02        -2.7744598600000000e-02
26                                    -7.5970932999999997e-03         5.2073129999999999e-03         5.4851544000000000e-03         3.0689349000000000e-03         4.4801060000000002e-03        -2.2051445400000001e-02        -1.4700307000000000e-03         2.5408466000000000e-03
27                                     3.1607650000000000e-04         4.0920000000000000e-06         7.3238180000000000e-04         5.8087575999999997e-03        -8.9268200999999998e-03         1.2742560000000001e-03        -9.9739054300000005e-02         1.0865860330000000e-01
28                                     1.2184513000000001e-03         3.4172183000000002e-03         1.3797800000000000e-04         1.1244471200000000e-02        -2.7774261200000001e-02        -5.6922730000000005e-04         1.0661207830000000e-01        -2.3485058640000001e-01
29                                    -1.0677661000000000e-03         9.2280379999999998e-04         4.2505490000000000e-04         1.7914067000000000e-03        -2.8767508999999998e-03         2.7380391999999999e-03        -3.2971845000000000e-03        -3.6652204000000000e-03
30                                    -9.7926229999999994e-04         1.3882751000000000e-03         1.8462189000000000e-03        -4.5114363999999999e-03         2.6846919999999998e-03         2.7079207999999998e-03        -1.1324778299999999e-02        -2.7619643400000001e-02
31                                    -1.5880515000000000e-03        -5.6184309999999995e-04        -1.8261414000000000e-03        -5.0972237000000004e-03        -2.5797462000000000e-03        -8.9289250000000001e-04         4.0446272000000004e-03        -1.4775367000000000e-03
32                                     2.5899793000000002e-03         2.4440730000000002e-03         2.0495117000000002e-03         2.4156246000000001e-03         1.8922743999999999e-03         3.6198239999999998e-03        -5.5731245000000002e-03        -2.0108114000000001e-03
33                                     1.2177531000000001e-03        -2.0353008000000001e-03         1.4205845999999999e-03         3.7325764000000002e-03         7.0922960000000001e-04        -1.2464859000000000e-03        -1.6187928099999999e-02         2.2099686899999998e-02
34                                     2.8654000000000000e-04         1.3510665999999999e-03         7.0676780000000002e-04         1.8220449000000000e-03        -2.8015930999999998e-03        -3.9612639999999998e-04        -1.4012388000000000e-03        -5.3620406000000004e-03
35                                     1.6698271000000001e-03        -8.4878259999999995e-04         6.2674571000000002e-03         2.7487600000000002e-04        -1.1582490000000001e-03         2.8686890000000000e-04        -9.2375835999999999e-03        -5.7460279999999996e-04
36                                    -1.1904114800000001e-02         2.9189475000000000e-03         4.2605534000000004e-03         5.5953343999999997e-03         4.7615139999999999e-04         1.6743088199999999e-02         1.6497431000000000e-03         6.8421240000000004e-04
37                                    -1.1740600299999999e-02         4.3308169000000002e-03         1.1886452699999999e-02         1.2065844399999999e-02        -6.0558010000000002e-04         1.2441546499999999e-02        -1.9424113999999999e-03        -3.6061963000000000e-03
38                                    -1.0476900700000000e-02        -4.4918650000000003e-04        -1.3579155000000001e-03         3.1670352000000000e-03         2.7823170000000001e-04         1.6704412700000001e-02         1.9845434999999998e-03         4.7003445999999997e-03
39                                     3.3207871000000000e-03         5.0375789999999995e-04         6.6898037000000000e-03         2.5299919000000000e-03        -8.1831850000000002e-04        -2.8331130000000001e-04         2.3750557999999999e-03         8.5118240000000005e-04
40                                     1.0375773400000000e-02        -6.1394279999999997e-03        -5.8508285000000004e-03        -7.6958507000000004e-03         3.2416061999999998e-03        -5.7613127000000000e-03         1.3410650000000000e-04         3.5473555000000000e-03
41                                     1.6410626099999999e-02        -3.6650446999999999e-03        -8.1969065000000001e-03        -1.5092450800000001e-02         2.3547639000000000e-03        -1.7670420499999999e-02         1.4696470099999999e-02         6.0762181999999996e-03
42                                     4.2586450000000001e-03        -1.1866095999999999e-03         2.1534865000000002e-03         2.0955050000000001e-03        -5.5583249999999998e-04        -1.0649623999999999e-03         4.4913326000000000e-03         7.0041099999999996e-05
43                                     3.2967448000000002e-03        -2.9529304000000000e-03        -3.2514775999999998e-03        -2.2791439999999999e-04        -7.6607719999999995e-04         9.6870159999999997e-04         9.1718284000000001e-03        -3.1934011999999999e-03
44                                     3.6950067000000001e-03        -1.5930432000000000e-03        -9.4631070000000003e-04        -2.4150348999999998e-03        -3.8226404000000001e-03        -3.1887604999999999e-03         1.6264392000000000e-03        -2.7846949000000002e-03
45                                    -7.2877862999999998e-03         4.8876550000000003e-03         6.0033187000000003e-03         3.1604409999999999e-03         2.4460164999999998e-03         9.2638443000000008e-03         1.8596700999999999e-03        -4.1942612000000004e-03
46                                    -1.4553385100000000e-02        -1.2291958000000000e-03         4.2810230000000001e-03         4.9827500999999998e-03         3.8730826000000001e-03         1.0001513000000000e-02        -1.8812509700000001e-02         5.3290337999999998e-03
47                                     1.1785986000000001e-03        -9.1749720000000004e-04        -4.6546583000000004e-03        -1.2453628499999999e-02        -3.7921588000000002e-03        -1.0002850600000000e-02        -2.3441094000000002e-03        -3.9212057999999999e-03
                                                         8                           9                          10                          11                          12                          13                          14                          15

0                                      7.8376926999999992e-03         3.6146308000000000e-03        -1.6879109000000000e-03         2.1086660399999999e-02         3.9421507000000001e-02         1.5187367100000000e-02        -3.8482709699999999e-02        -5.7109685000000000e-03
1                                      9.2501659999999996e-04        -3.2302632000000002e-03        -2.5611523999999998e-03         5.7920067000000004e-03         3.0853737000000000e-03        -4.6620940000000001e-04        -6.4123874000000004e-03        -4.5636115999999997e-03
2                                      3.4481732999999998e-03        -2.9864382500000002e-02        -2.7017158000000002e-03         1.8939677799999999e-02         1.7894659699999999e-02         3.0641036000000001e-03        -1.2188798000000000e-03        -1.3421751300000000e-02
3                                      1.7395233300000000e-02        -4.4832940199999997e-02        -2.5479051100000000e-02         6.8495018999999999e-03        -1.8146404500000001e-02        -9.8156791000000004e-03        -1.2752559400000000e-02         1.5923289600000001e-02
4                                      1.8898003199999999e-02        -1.1241009200000001e-02        -1.4725872000000001e-03         1.6699686000000000e-03        -1.6806429500000001e-02        -1.9567909999999998e-03        -1.8317749000000001e-02         1.1825740400000000e-02
5                                     -3.9343373899999999e-02        -1.2920980699999999e-02         1.0122936000000000e-03         1.8621196000000000e-03        -5.5179619100000001e-02        -3.3871959799999997e-02         1.1390947100000000e-02        -1.4543011300000000e-02
6                                      1.1027793100000001e-02        -3.2647035679999997e-01        -5.5630476999999996e-03         5.8448924600000000e-02         1.3707152500000000e-02         2.7728782399999999e-02        -6.1143020399999998e-02        -2.8603155400000000e-02
7                                     -1.7760396000000001e-03         1.7247994700000002e-02        -5.8523374900000001e-02         1.5324195000000001e-03         1.0035329300000000e-02        -1.4282414800000000e-02         4.0529423999999996e-03        -1.7440131200000000e-02
8                                     -4.8280293000000002e-02        -1.0800117490000000e-01        -1.3010439999999999e-03        -4.4485284700000002e-02         7.8145412000000004e-03        -5.2673046500000001e-02         1.2584495909999999e-01         5.5172047000000002e-02
9                                     -1.0800117490000000e-01         6.6198975540000005e-01         4.3043255400000001e-02        -2.1005793480000001e-01        -1.5870544699999999e-02        -4.5004734999999997e-02         1.3657021880000000e-01         4.8788612799999999e-02
10                                    -1.3010439999999999e-03         4.3043255400000001e-02         2.3039649100000001e-01         1.4344303500000001e-02        -2.5338348999999999e-03         1.2602770100000001e-02         6.8906328000000001e-03        -2.4678497000000001e-03
11                                    -4.4485284700000002e-02        -2.1005793480000001e-01         1.4344303500000001e-02         1.4333724540000001e-01         1.3342458700000000e-02        -1.4677583999999999e-03        -1.3964617600000000e-02        -9.4567681000000004e-03
12                                     7.8145412000000004e-03        -1.5870544699999999e-02        -2.5338348999999999e-03         1.3342458700000000e-02         5.6432369839999996e-01         6.1781788400000003e-02         9.0068796800000003e-02        -4.0038472170000000e-01
13                                    -5.2673046500000001e-02        -4.5004734999999997e-02         1.2602770100000001e-02        -1.4677583999999999e-03         6.1781788400000003e-02         2.6418151540000001e-01         4.8529889299999997e-02        -8.7331628199999997e-02
14                                     1.2584495909999999e-01         1.3657021880000000e-01         6.8906328000000001e-03        -1.3964617600000000e-02         9.0068796800000003e-02         4.8529889299999997e-02         2.3305499609999999e-01        -3.4910651600000002e-02
15                                     5.5172047000000002e-02         4.8788612799999999e-02        -2.4678497000000001e-03        -9.4567681000000004e-03        -4.0038472170000000e-01        -8.7331628199999997e-02        -3.4910651600000002e-02         5.5583115989999998e-01
16                                     2.3162514900000000e-02         1.0244230199999999e-02        -9.0969209999999996e-04        -1.1889080700000000e-02        -1.0529206870000000e-01        -6.7119863099999996e-02        -1.8103357399999999e-02         1.2150211050000000e-01
17                                     1.4867207000000000e-03         4.8321148400000000e-02         3.9018367999999999e-03        -1.1259522300000000e-02         3.7811234899999997e-02         2.1112309600000000e-02        -6.4355178499999999e-02        -1.0506082279999999e-01
18                                    -1.9944823000000002e-03        -3.9868009999999998e-04         1.1645214000000001e-03        -1.7954475000000001e-03        -4.9941639999999995e-04         1.2578715000000000e-03         1.2469833000000000e-03        -1.4781461999999999e-03
19                                    -1.1842840000000000e-04        -1.9933589000000001e-03        -1.9833909999999999e-04         1.6590661000000001e-03         1.3276422000000000e-03         2.6978810000000001e-04        -5.8382189999999997e-04         2.5809522000000001e-03
20                                     4.0363745999999999e-03        -3.3407799000000002e-03        -2.0312717000000001e-03         2.0781227000000002e-03         7.3688742999999998e-03         4.1299146000000004e-03         9.7551180000000003e-04         2.4953271999999999e-03
21                                     2.1425743000000001e-03         1.5468681000000001e-03        -2.2567872999999998e-03        -7.5496590000000000e-04         6.9604399999999994e-05        -1.0804100000000000e-04         3.3502846000000000e-03        -2.9101235999999999e-03
22                                     1.6907923000000001e-03         9.8532250000000002e-04         1.3828181999999999e-03        -2.4637170000000003e-04        -8.4591440000000005e-04        -9.7488559999999998e-04        -1.4331268999999999e-03        -2.7269455999999999e-03
23                                    -1.5940446000000000e-03        -2.0119091000000001e-03         1.4452732000000000e-03         3.6958542999999998e-03         7.1318518000000001e-03         1.5681377000000001e-03        -9.9179964999999998e-03         1.9304541999999999e-03
24                                    -8.9072800000000003e-04         1.9320949999999999e-04        -1.2671720000000000e-04        -4.7291830000000001e-04         3.2278029999999999e-04        -3.4863709999999998e-04         2.0162654999999999e-03        -7.6861390000000000e-04
25                                     1.3149652000000000e-03         1.6453653000000001e-03         3.4324608999999999e-03         3.0453800000000000e-05         2.1068040000000001e-04        -1.1930104999999999e-03        -1.0360329000000000e-03         1.7642290000000001e-04
26                                     2.9066729999999998e-03         1.6520116000000001e-03        -1.3966681000000000e-03        -2.6340340000000003e-04         1.7626688000000001e-03         1.0748221000000001e-03        -2.1968473000000001e-03         4.9201143999999999e-03
27                                     1.8017176000000000e-03        -2.4088602399999999e-02         1.8673614799999998e-02         7.5483516000000002e-03        -9.2680159999999998e-04         3.0900395999999999e-03        -3.7682424999999999e-03        -1.2945686000000001e-03
28                                    -1.5060935000000000e-03         5.4573775000000000e-03         3.4003449999999999e-03        -2.0100294000000001e-03         1.8768119999999999e-04        -2.2918115000000001e-03         1.5484717000000001e-03         1.9930729999999999e-04
29                                    -2.1931442200000002e-02         8.1642906000000005e-03        -4.5032600000000002e-03         4.7756726000000001e-03        -4.2435566999999997e-03         1.1145548400000000e-02        -1.5747081999999999e-02        -2.7443890999999999e-03
30                                     4.6515417999999998e-03        -1.5477452150000001e-01        -1.0497560550000000e-01         4.7851046000000001e-02        -1.0949047000000001e-03        -5.3753700000000000e-05         4.0519189999999999e-04        -1.6600014000000001e-03
31                                    -3.5521745000000001e-03        -1.3895221510000000e-01        -1.2085733999999999e-01         6.1136879200000001e-02         2.3687372000000002e-03        -1.2825540000000000e-03         7.1852620000000000e-04         2.8608138000000001e-03
32                                    -1.8523969999999999e-04         5.9580560300000002e-02         5.6055990000000000e-02        -3.2226238099999999e-02        -9.2854660000000002e-04        -3.9986878999999998e-03        -6.7362821000000002e-03        -7.1880023999999999e-03
33                                     1.4899511900000001e-02        -1.5306328350000001e-01         7.8596331399999997e-02         8.5063281000000004e-02        -1.6800590000000000e-03         2.4316018000000001e-03        -1.0617725000000001e-03        -8.5406070000000004e-04
34                                     1.9656869999999998e-03         1.0402695250000001e-01        -5.8797958300000001e-02        -7.6359392700000001e-02        -3.0191100000000000e-05         6.7007320000000005e-04         1.7383982000000000e-03         8.8240800000000000e-04
35                                     1.6839215800000001e-02         1.2166114430000000e-01        -7.2197187199999999e-02        -8.3115602900000002e-02         7.3377809999999996e-04         1.2726978999999999e-02        -2.0285144400000000e-02        -1.0650560000000000e-02
36                                     5.7258669999999995e-04         3.2869781999999999e-03        -5.6007300000000002e-04         2.9682700000000000e-05        -3.7670320299999997e-02         1.9639910900000002e-02         8.5542089000000005e-03        -9.4083681599999996e-02
37                                     8.3775479999999996e-04         5.8605267000000003e-03        -2.6676191000000000e-03         1.4687620000000001e-04        -1.3733795900000000e-02         1.8469948999999999e-03         1.9549875000000002e-03         6.4967469599999994e-02
38                                    -1.6955462999999999e-03        -4.2591838000000000e-03         7.2052160000000000e-04         6.6829549000000004e-03         1.4101821500000000e-02         4.5351100000000000e-05        -4.8708442999999997e-03         1.1426259670000000e-01
39                                    -4.3610133999999997e-03        -6.0757490000000003e-04         3.2969135000000000e-03        -7.2607145000000003e-03        -2.3661241100000001e-02        -3.8032656400000003e-02         1.8470616600000000e-02        -2.5026500000000000e-02
40                                     2.0249661000000000e-03        -1.5355740000000001e-03        -1.7159177000000000e-03        -3.5757369999999999e-04        -3.5205010000000000e-04        -7.3208695000000004e-03         8.4163732000000005e-03        -4.9264273800000001e-02
41                                    -1.8232653000000001e-02        -1.4118531800000000e-02        -8.0986850000000000e-04        -5.3484772000000000e-03        -4.1057790000000000e-04         6.3058190000000005e-04         1.6782766500000001e-02         4.2762653400000003e-02
42                                    -9.8025786000000004e-03        -7.7860309999999997e-03         4.6445543000000001e-03        -4.7904821000000000e-03        -9.3256441800000006e-02         4.2972569100000003e-02        -1.0790968400000001e-01        -4.3609045800000003e-02
43                                    -5.1897784000000001e-03        -6.9158826000000001e-03         1.1178092000000001e-03        -4.5023140999999999e-03         5.1611438799999999e-02        -1.0653784899999999e-02         1.5404990380000000e-01        -5.3534628000000001e-03
44                                     7.9894000000000007e-03         4.5395263999999996e-03        -3.1093009000000000e-03         3.7424330000000001e-04        -1.3096428480000000e-01         1.2432105640000000e-01        -1.2789298169999999e-01         1.5567589000000000e-03
45                                     1.7347376000000001e-03         8.4724802999999998e-03        -3.7683136999999999e-03        -5.6306756999999997e-03        -2.4653886800000000e-02         6.6051996999999998e-03        -6.5392640000000001e-04        -1.4159474599999999e-02
46                                     1.5296904900000000e-02         2.0362013200000001e-02        -4.6287135999999998e-03         1.0520547200000001e-02         8.9856134000000001e-03        -1.7202894739999999e-01        -1.8201364980000001e-01        -3.5847321799999998e-02
47                                     1.3196361100000000e-02         4.0859772000000003e-03         3.6794646000000001e-03         8.9172555000000004e-03        -6.3041004999999997e-03        -1.3633724119999999e-01        -1.2086332640000000e-01        -2.5123995199999999e-02
                                                        16                          17                          18                          19                          20                          21                          22                          23

0                                     -2.5517301600000000e-02        -1.4247928870000001e-01        -1.5492836069999999e-01        -1.3808947290000001e-01        -5.9053437299999997e-02        -1.5366645990000000e-01         1.0377310170000000e-01        -1.2132033640000001e-01
1                                      9.8238041999999994e-03         3.9607593000000000e-03        -1.0419600810000000e-01        -1.1985130960000000e-01        -5.7842020399999999e-02         7.7832650099999998e-02        -6.0412825400000002e-02         7.2167528499999994e-02
2                                      2.6176121000000001e-03         2.3568043000000002e-03        -4.7535833200000002e-02        -6.1754914500000001e-02        -3.3680307499999999e-02        -8.5952984699999999e-02         7.5866689799999998e-02        -8.0642673100000006e-02
3                                      1.6930763200000001e-02         7.1177731100000002e-02        -1.1714094300000000e-02         4.0448519000000002e-03         4.0366726999999996e-03        -1.6783998700000000e-02        -1.6308937000000000e-03         1.1550138700000000e-02
4                                     -1.2039544800000000e-02         8.9839588000000005e-03        -2.7906009700000001e-02        -1.7921757000000000e-03         1.4105126000000000e-03         2.1937364500000001e-02        -5.4837528000000000e-03         7.7325820000000004e-04
5                                      3.9147909199999997e-02         1.3853753120000001e-01        -3.8803911000000000e-03         3.4619768000000001e-03        -1.1620602000000000e-03        -1.5737253199999999e-02        -1.5285164000000001e-03         1.8677353800000001e-02
6                                     -1.5600955000000000e-03         2.1038635900000002e-02        -4.6946184000000004e-03        -4.8714639000000002e-03        -1.6325870000000000e-03         3.8482026000000000e-03         2.0890812000000001e-03         1.6529495000000001e-03
7                                      2.6942564000000000e-03         1.6951612800000002e-02         2.8290542999999998e-03        -2.3172485999999998e-03        -1.3755167000000000e-03         8.1759230000000001e-04        -2.4746032999999998e-03         1.9526747000000000e-03
8                                      2.3162514900000000e-02         1.4867207000000000e-03        -1.9944823000000002e-03        -1.1842840000000000e-04         4.0363745999999999e-03         2.1425743000000001e-03         1.6907923000000001e-03        -1.5940446000000000e-03
9                                      1.0244230199999999e-02         4.8321148400000000e-02        -3.9868009999999998e-04        -1.9933589000000001e-03        -3.3407799000000002e-03         1.5468681000000001e-03         9.8532250000000002e-04        -2.0119091000000001e-03
10                                    -9.0969209999999996e-04         3.9018367999999999e-03         1.1645214000000001e-03        -1.9833909999999999e-04        -2.0312717000000001e-03        -2.2567872999999998e-03         1.3828181999999999e-03         1.4452732000000000e-03
11                                    -1.1889080700000000e-02        -1.1259522300000000e-02        -1.7954475000000001e-03         1.6590661000000001e-03         2.0781227000000002e-03        -7.5496590000000000e-04        -2.4637170000000003e-04         3.6958542999999998e-03
12                                    -1.0529206870000000e-01         3.7811234899999997e-02        -4.9941639999999995e-04         1.3276422000000000e-03         7.3688742999999998e-03         6.9604399999999994e-05        -8.4591440000000005e-04         7.1318518000000001e-03
13                                    -6.7119863099999996e-02         2.1112309600000000e-02         1.2578715000000000e-03         2.6978810000000001e-04         4.1299146000000004e-03        -1.0804100000000000e-04        -9.7488559999999998e-04         1.5681377000000001e-03
14                                    -1.8103357399999999e-02        -6.4355178499999999e-02         1.2469833000000000e-03        -5.8382189999999997e-04         9.7551180000000003e-04         3.3502846000000000e-03        -1.4331268999999999e-03        -9.9179964999999998e-03
15                                     1.2150211050000000e-01        -1.0506082279999999e-01        -1.4781461999999999e-03         2.5809522000000001e-03         2.4953271999999999e-03        -2.9101235999999999e-03        -2.7269455999999999e-03         1.9304541999999999e-03
16                                     2.6353872119999999e-01        -5.4599665999999998e-02        -5.7494470000000000e-04        -4.3249279999999998e-04         5.0246663999999998e-03         1.0841860000000000e-03        -1.4687089999999999e-04        -7.4282753999999999e-03
17                                    -5.4599665999999998e-02         2.7615361480000000e-01        -6.6422430000000004e-04        -2.2119359999999999e-03        -3.7450572000000001e-03         2.4450093999999999e-03        -1.8817978000000000e-03        -2.4556268300000000e-02
18                                    -5.7494470000000000e-04        -6.6422430000000004e-04         1.4428672300000001e-01         1.3252302450000000e-01         5.5573826100000001e-02         2.6573100499999999e-02        -7.2995001999999996e-03        -1.3510218000000000e-03
19                                    -4.3249279999999998e-04        -2.2119359999999999e-03         1.3252302450000000e-01         2.1036931680000001e-01         2.8469808199999998e-02         7.5649502999999996e-03        -9.3818843799999996e-02         3.1583559499999997e-02
20                                     5.0246663999999998e-03        -3.7450572000000001e-03         5.5573826100000001e-02         2.8469808199999998e-02        -6.7052940000000003e-04        -4.4061122999999999e-03         1.9776971000000001e-02         3.5007927600000002e-02
21                                     1.0841860000000000e-03         2.4450093999999999e-03         2.6573100499999999e-02         7.5649502999999996e-03        -4.4061122999999999e-03         1.4256102700000001e-01        -1.0035521550000000e-01         1.0220769959999999e-01
22                                    -1.4687089999999999e-04        -1.8817978000000000e-03        -7.2995001999999996e-03        -9.3818843799999996e-02         1.9776971000000001e-02        -1.0035521550000000e-01         1.5597110359999999e-01        -9.4091858000000000e-02
23                                    -7.4282753999999999e-03        -2.4556268300000000e-02        -1.3510218000000000e-03         3.1583559499999997e-02         3.5007927600000002e-02         1.0220769959999999e-01        -9.4091858000000000e-02         4.7485416400000001e-02
24                                     1.8224615000000000e-03         4.9438234999999997e-03         4.9141361000000000e-03        -1.1863403000000000e-03         1.0267865000000000e-03        -5.3118540000000004e-03         6.9441156999999996e-03         3.5347827000000000e-03
25                                    -1.3640709999999999e-03        -2.9551273000000002e-03        -7.1189949999999995e-04         5.9161060000000000e-04        -1.1563897000000001e-03        -7.7681129999999997e-04        -1.4146904000000001e-03        -3.0627300000000003e-04
26                                    -7.2887448000000001e-03        -1.6246114300000000e-02         1.3974494000000000e-03         2.3328530000000001e-04        -3.3412441000000002e-03        -3.1302419000000001e-03         7.2689360000000004e-04         3.8701919000000001e-03
27                                    -5.0876009999999995e-04        -1.7224497000000001e-03        -1.7418177999999999e-03        -8.7482019999999996e-04         5.0005150000000001e-04         1.8797226000000001e-03        -9.8754300000000001e-04        -5.9532400000000005e-04
28                                    -5.1444540000000001e-04        -4.7334690000000001e-04         1.0190320000000000e-04        -8.4648530000000000e-04        -1.2635469000000000e-03         1.5095399999999999e-04        -3.4362089999999997e-04         1.3373936000000001e-03
29                                    -8.3260579999999999e-04        -3.4758493000000001e-03         3.1511469999999999e-04        -1.3405448000000000e-03        -1.9844503000000001e-03         1.4556700000000001e-05        -2.0303750000000000e-04         1.8722262999999999e-03
30                                     1.1860331000000000e-03        -2.6747976999999998e-03        -3.3040864000000001e-03         1.8036762000000000e-03         1.0232587000000000e-03         1.0161500000000000e-03         2.0633047000000000e-03         9.8999909999999990e-04
31                                    -6.5713969999999997e-04         2.0273600000000002e-03         1.7518357000000000e-03        -5.6069300000000002e-04        -1.7509029000000000e-03        -2.6906812000000000e-03         2.4185203000000001e-03         1.2286678000000000e-03
32                                    -4.4285584999999997e-03        -7.9503859999999996e-04        -1.0935004000000000e-03         1.9629025000000000e-03         1.6313826000000000e-03        -2.6829700000000002e-04         1.9064171999999999e-03         2.4068104999999998e-03
33                                    -3.5824590000000002e-04        -4.5419898000000000e-03         9.3304480000000001e-04        -2.6136641000000000e-03         2.7158299999999999e-04         3.1470370000000002e-04        -2.9388448000000002e-03         2.4217700000000000e-04
34                                    -7.4196110000000000e-04        -1.4848128999999999e-03         2.1238905000000000e-03         2.2792935000000001e-03        -2.0021201000000001e-03        -3.0404507999999999e-03         9.6696010000000003e-04         2.4039270000000001e-03
35                                    -1.2939977999999999e-03        -1.2209403000000001e-02        -1.3155459000000001e-03        -9.1020550000000004e-04         2.7613479999999998e-03        -1.1639239999999999e-04        -2.3321658000000000e-03         6.1142160000000000e-04
36                                     4.1893769099999999e-02         9.8519050200000000e-02        -2.7377219999999999e-04         1.6744185000000000e-03        -1.4968786000000001e-03         6.4519890000000002e-04         2.2137176999999998e-03        -2.8104559999999998e-03
