
$orca_hessian_file

$act_atom
  0

$act_coord
  0

$act_energy
      -21.565542

$multiplicity
  1

$hessian
48
                    0                  1                  2                  3                  4        
    0      6.5544328530E-01   3.8333288600E-02   2.0552080880E-01  -3.2927191600E-01   1.8834120800E-02
    1      3.8333288600E-02   2.5605821640E-01  -1.8665771200E-02  -8.0739817000E-03  -6.1063040700E-02
    2      2.0552080880E-01  -1.8665771200E-02   1.4862734980E-01  -6.0185161000E-02  -5.0672495000E-03
    3     -3.2927191600E-01  -8.0739817000E-03  -6.0185161000E-02   6.1168162710E-01   1.9406163900E-02
    4      1.8834120800E-02  -6.1063040700E-02  -5.0672495000E-03   1.9406163900E-02   6.2641134760E-01
    5      1.1266393260E-01   1.4797696000E-03  -4.4179106400E-02  -1.5149878500E-02  -3.3349667000E-03
    6     -3.1700447800E-02  -2.6533838100E-02  -4.8864423000E-03  -1.2407741220E-01  -1.1993241810E-01
    7     -5.5405728000E-03   1.9892000000E-05   4.5871990000E-04  -1.1818653030E-01  -2.8203933570E-01
    8      6.9930387000E-03   2.5110980000E-04   3.4673057000E-03   1.5137853800E-02   1.6525071500E-02
    9      2.8795666000E-03  -3.4199465000E-03  -2.6404639600E-02  -4.1985183400E-02  -1.0285878800E-02
   10     -1.6736283000E-03  -2.5359622000E-03  -1.8907077000E-03  -2.5396637500E-02  -1.2604789000E-03
   11      2.0422877600E-02   5.4792242000E-03   1.9512799900E-02   8.5985066000E-03   2.8147045000E-03
   12      3.7739676800E-02   3.0502411000E-03   1.6798839200E-02  -1.7205619000E-02  -1.5915211300E-02
   13      1.5038970700E-02  -6.0633360000E-04   3.1335772000E-03  -9.4602466000E-03  -1.8968255000E-03
   14     -3.5851661600E-02  -5.3235258000E-03  -2.3799432000E-03  -1.3605595000E-02  -1.8546040200E-02
   15     -4.6241467000E-03  -3.8644997000E-03  -1.2247576100E-02   1.3568810700E-02   1.1405017900E-02
   16     -2.5765971900E-02   8.6634764000E-03   2.7516167000E-03   1.7143557400E-02  -1.1543782700E-02
   17     -1.3658013440E-01   2.8746659000E-03  -2.6902511000E-03   6.6132674100E-02   9.1265447000E-03
   18     -1.4674310860E-01  -1.0467969910E-01  -4.7822937000E-02  -1.2737265300E-02  -2.8158551800E-02
   19     -1.3078805170E-01  -1.3195158400E-01  -6.1380722600E-02   3.1497048000E-03  -1.4946945000E-03
   20     -6.2129475800E-02  -6.1972281100E-02  -3.9339225600E-02   4.5506868000E-03   1.5784556000E-03
   21     -1.5164881040E-01   7.9706838600E-02  -8.4525184200E-02  -1.7113780000E-02   2.1992187500E-02
   22      9.7609357200E-02  -6.9325222700E-02   7.3725063600E-02  -6.4748130000E-04  -4.7600893000E-03
   23     -1.1721934400E-01   7.4277906600E-02  -8.2127795100E-02   1.1027923500E-02   4.3851920000E-04
   24     -2.3583875800E-02   1.9414364400E-02  -7.6188870000E-03  -1.0014565330E-01   1.0766757890E-01
   25      5.2181074000E-03   2.7794996000E-03   2.3247084000E-03   1.0678694360E-01  -2.3516553700E-01
   26     -7.4237021000E-03   4.7335174000E-03   4.8858749000E-03   3.3531062000E-03   3.1906310000E-03
   27      3.8775330000E-04   3.1333000000E-05   6.3527430000E-04   5.9185527000E-03  -9.4574527000E-03
   28      1.3124881000E-03   3.1560390000E-03   2.9498750000E-04   1.0809650200E-02  -2.7503532600E-02
   29     -1.0544593000E-03   1.0417369000E-03   2.1174620000E-04   1.6206181000E-03  -2.9680317000E-03
   30     -6.8502800000E-04   1.1614149000E-03   1.7483770000E-03  -4.3854997000E-03   2.5969934000E-03
   31     -1.3693148000E-03  -4.3592400000E-04  -1.5467123000E-03  -4.4715740000E-03  -2.4407258000E-03
   32      2.7317776000E-03   2.5415699000E-03   2.1666677000E-03   2.5531313000E-03   1.7602281000E-03
   33      1.3162532000E-03  -1.8255390000E-03   1.2638544000E-03   3.4909103000E-03   6.9472800000E-04
   34      1.5792450000E-04   1.3689534000E-03   1.9529430000E-04   1.2448068000E-03  -2.4763862000E-03
   35      1.8667890000E-03  -7.8507030000E-04   5.6417190000E-03  -2.1286750000E-04  -1.2631881000E-03
   36     -1.0681279500E-02   2.7629788000E-03   3.7600985000E-03   5.2838881000E-03   1.4247480000E-04
   37     -1.0213587400E-02   3.5002268000E-03   9.8884845000E-03   1.0083641800E-02  -4.1729970000E-04
   38     -9.7919177000E-03  -2.2201630000E-04  -1.0072031000E-03   3.6265526000E-03  -1.0367690000E-04
   39      3.3872161000E-03   4.4348770000E-04   6.0750439000E-03   2.2002405000E-03  -6.7586950000E-04
   40      9.2919636000E-03  -5.2353821000E-03  -4.5609316000E-03  -6.3009757000E-03   2.9088611000E-03
   41      1.5842550700E-02  -3.2642391000E-03  -6.8327722000E-03  -1.3367195700E-02   2.7992679000E-03
   42      3.8836214000E-03  -1.1065616000E-03   2.3084679000E-03   1.9019829000E-03  -5.5645620000E-04
   43      3.0683093000E-03  -2.8833833000E-03  -2.4576038000E-03   5.6118800000E-05  -3.2700470000E-04
   44      3.6377905000E-03  -1.4653752000E-03  -7.6635080000E-04  -2.2114287000E-03  -3.4931662000E-03
   45     -6.0987600000E-03   4.6001187000E-03   5.5800630000E-03   2.8763165000E-03   2.2425731000E-03
   46     -1.3513403300E-02  -1.5094709000E-03   2.7972466000E-03   3.8568399000E-03   3.0685248000E-03
   47      3.7112940000E-04  -9.8122130000E-04  -5.1908156000E-03  -1.1868926800E-02  -3.4571031000E-03
                    5                  6                  7                  8                  9        
    0      1.1266393260E-01  -3.1700447800E-02  -5.5405728000E-03   6.9930387000E-03   2.8795666000E-03
    1      1.4797696000E-03  -2.6533838100E-02   1.9892000000E-05   2.5110980000E-04  -3.4199465000E-03
    2     -4.4179106400E-02  -4.8864423000E-03   4.5871990000E-04   3.4673057000E-03  -2.6404639600E-02
    3     -1.5149878500E-02  -1.2407741220E-01  -1.1818653030E-01   1.5137853800E-02  -4.1985183400E-02
    4     -3.3349667000E-03  -1.1993241810E-01  -2.8203933570E-01   1.6525071500E-02  -1.0285878800E-02
    5     -4.7371020200E-02  -1.9516218400E-02  -2.2244130500E-02  -3.7976314100E-02  -1.0672857100E-02
    6     -1.9516218400E-02   6.1683331170E-01   1.7713803600E-02   8.9909728000E-03  -3.3083347100E-01
    7     -2.2244130500E-02   1.7713803600E-02   6.2727747480E-01   5.5701770000E-04   1.8153084900E-02
    8     -3.7976314100E-02   8.9909728000E-03   5.5701770000E-04  -3.8379419400E-02  -1.0053200060E-01
    9     -1.0672857100E-02  -3.3083347100E-01   1.8153084900E-02  -1.0053200060E-01   6.5411115590E-01
   10      2.0073598000E-03  -2.8802454000E-03  -6.1814325900E-02   3.3104550000E-04   3.9453730400E-02
   11     -1.3077407000E-03   5.4596184300E-02  -1.1689922000E-03  -4.4893526600E-02  -2.1085334770E-01
   12     -5.6394680600E-02   9.8903906000E-03   8.1941997000E-03   7.9085160000E-03  -1.6252447300E-02
   13     -3.4568682000E-02   2.4870854300E-02  -1.4372109000E-02  -5.2126433700E-02  -4.2642437300E-02
   14      1.0657898300E-02  -5.4661907300E-02   4.6932138000E-03   1.2099485010E-01   1.2969019230E-01
   15     -1.4611444000E-02  -2.5400198600E-02  -1.6458856100E-02   5.2536183600E-02   4.5423908300E-02
   16      3.9854327100E-02  -3.0146076000E-03   1.6802933000E-03   2.4336246700E-02   1.0868330800E-02
   17      1.3592509500E-01   2.1437858300E-02   1.8301899900E-02  -1.0031867000E-03   4.2579620600E-02
   18     -4.0918725000E-03  -4.5970367000E-03   2.7451762000E-03  -1.9322986000E-03  -2.6369660000E-04
   19      3.1737824000E-03  -3.9739730000E-03  -2.0167750000E-03  -1.0480190000E-04  -1.4785678000E-03
   20      3.3406580000E-04  -1.6572674000E-03  -1.0633406000E-03   4.2181506000E-03  -3.3036878000E-03
   21     -1.4756652200E-02   3.4111094000E-03   7.1992240000E-04   2.1129254000E-03   1.5895923000E-03
   22     -1.3207696000E-03   1.5152616000E-03  -2.2197106000E-03   1.2612654000E-03   5.0810080000E-04
   23      1.7761261800E-02   1.5493201000E-03   1.8952488000E-03  -1.6318435000E-03  -2.1216589000E-03
   24     -1.5029078000E-03   5.7598692000E-03  -9.1982464000E-03  -7.2871510000E-04   3.4736570000E-04
   25      1.1149483000E-03   1.1026007400E-02  -2.7464882900E-02   1.0744051000E-03   1.4940286000E-03
   26     -2.2979098700E-02  -1.2330770000E-03   2.4281354000E-03   2.9567920000E-03   1.4119104000E-03
   27      1.1167050000E-03  -9.9584861200E-02   1.0854616860E-01   1.9312400000E-03  -2.2673329000E-02
   28     -6.7244020000E-04   1.0682890790E-01  -2.3578807980E-01  -2.0910663000E-03   5.2861483000E-03
   29      2.7651757000E-03  -3.2871706000E-03  -4.2500447000E-03  -2.1914900000E-02   8.7944288000E-03
   30      2.6135126000E-03  -1.2213775000E-02  -2.7034436300E-02   4.1485374000E-03  -1.5293268080E-01
   31     -8.1006100000E-04   4.1201700000E-03  -6.7476990000E-04  -3.0878347000E-03  -1.2996365270E-01
   32      3.2892835000E-03  -5.9601303000E-03  -1.9575073000E-03  -5.6153600000E-04   6.1371558100E-02
   33     -1.3211689000E-03  -1.7047847800E-02   2.2769485600E-02   1.5446979700E-02  -1.4134510430E-01
   34     -1.6884130000E-04  -1.6355900000E-05  -4.8684123000E-03   6.2085410000E-04   9.6234483400E-02
   35     -7.2132800000E-05  -8.6463168000E-03  -5.5897860000E-04   1.6595273100E-02   1.1958524700E-01
   36      1.5223491200E-02   1.6055277000E-03   6.8690330000E-04  -1.5447950000E-04   2.4370270000E-03
   37      1.1108842600E-02  -1.6821678000E-03  -2.7488850000E-03   1.5077347000E-03   5.2112065000E-03
   38      1.5365343800E-02   1.7956563000E-03   4.3297702000E-03  -2.7588386000E-03  -4.2395937000E-03
   39     -6.5897750000E-04   1.7338959000E-03   7.0251690000E-04  -3.6590189000E-03  -5.2646100000E-04
   40     -5.9936303000E-03   1.0108320000E-04   2.8255517000E-03   8.9419240000E-04  -1.4473160000E-03
   41     -1.8512625600E-02   1.2995694900E-02   5.0811008000E-03  -1.8007818600E-02  -1.2848060800E-02
   42     -8.9588770000E-04   4.3251326000E-03  -1.0889280000E-04  -9.0978743000E-03  -7.0649176000E-03
   43      7.6045760000E-04   8.1100191000E-03  -2.6762540000E-03  -5.2923672000E-03  -6.1423880000E-03
   44     -3.8424407000E-03   5.8290640000E-04  -2.2035248000E-03   7.3711193000E-03   4.3322436000E-03
   45      7.9549038000E-03   1.8958131000E-03  -3.7037268000E-03   8.9813940000E-04   7.0886751000E-03
   46      9.6140339000E-03  -1.6252501200E-02   4.8803284000E-03   1.5343560900E-02   1.8171073400E-02
   47     -9.8576446000E-03  -2.1000630000E-03  -4.2985879000E-03   1.1523892700E-02   3.2106455000E-03
                   10                 11                 12                 13                 14        
    0     -1.6736283000E-03   2.0422877600E-02   3.7739676800E-02   1.5038970700E-02  -3.5851661600E-02
    1     -2.5359622000E-03   5.4792242000E-03   3.0502411000E-03  -6.0633360000E-04  -5.3235258000E-03
    2     -1.8907077000E-03   1.9512799900E-02   1.6798839200E-02   3.1335772000E-03  -2.3799432000E-03
    3     -2.5396637500E-02   8.5985066000E-03  -1.7205619000E-02  -9.4602466000E-03  -1.3605595000E-02
    4     -1.2604789000E-03   2.8147045000E-03  -1.5915211300E-02  -1.8968255000E-03  -1.8546040200E-02
    5      2.0073598000E-03  -1.3077407000E-03  -5.6394680600E-02  -3.4568682000E-02   1.0657898300E-02
    6     -2.8802454000E-03   5.4596184300E-02   9.8903906000E-03   2.4870854300E-02  -5.4661907300E-02
    7     -6.1814325900E-02  -1.1689922000E-03   8.1941997000E-03  -1.4372109000E-02   4.6932138000E-03
    8      3.3104550000E-04  -4.4893526600E-02   7.9085160000E-03  -5.2126433700E-02   1.2099485010E-01
    9      3.9453730400E-02  -2.1085334770E-01  -1.6252447300E-02  -4.2642437300E-02   1.2969019230E-01
   10      2.5227057870E-01   2.1848800400E-02  -2.5567371000E-03   1.2694660700E-02   5.1024473000E-03
   11      2.1848800400E-02   1.6506236510E-01   1.7290582200E-02  -5.8799400000E-05  -2.0588047400E-02
   12     -2.5567371000E-03   1.7290582200E-02   5.5105506250E-01   5.1390469600E-02   9.4153285000E-02
   13      1.2694660700E-02  -5.8799400000E-05   5.1390469600E-02   2.6906447790E-01   3.9549481100E-02
   14      5.1024473000E-03  -2.0588047400E-02   9.4153285000E-02   3.9549481100E-02   2.4336967700E-01
   15     -2.5035694000E-03  -1.2811271000E-02  -3.7820023790E-01  -8.3042212700E-02  -3.3813588800E-02
   16     -1.5066797000E-03  -1.0239131800E-02  -9.7655873000E-02  -6.9146309500E-02  -2.0022172300E-02
   17      2.0628243000E-03  -1.0281730700E-02   3.9109008400E-02   2.1242642600E-02  -6.4561325200E-02
   18      9.1803610000E-04  -1.6987396000E-03  -5.9798900000E-04   1.1097651000E-03   9.2177080000E-04
   19      5.1422500000E-05   1.2386178000E-03   9.8586270000E-04   2.5095610000E-04  -3.0968590000E-04
   20     -2.0499642000E-03   2.3104085000E-03   7.2290422000E-03   4.1701995000E-03   8.7450380000E-04
   21     -2.1013890000E-03  -7.3162780000E-04  -1.2952700000E-05  -2.6419100000E-05   2.8719896000E-03
   22      1.2478486000E-03  -5.8519000000E-06  -3.7933900000E-04  -6.4465270000E-04  -1.2891641000E-03
   23      1.3730928000E-03   3.4703305000E-03   6.8661392000E-03   1.4695918000E-03  -8.9178591000E-03
   24     -1.1020700000E-04  -4.4146920000E-04   1.0247120000E-04  -4.4975780000E-04   1.7764738000E-03
   25      3.1680926000E-03  -2.8429500000E-05   2.2253570000E-04  -1.2259707000E-03  -8.0331960000E-04
   26     -1.4969177000E-03  -3.5985160000E-04   1.6018956000E-03   1.2160401000E-03  -2.0755429000E-03
   27      1.9251695300E-02   7.7668567000E-03  -8.1131250000E-04   3.2305862000E-03  -3.7115745000E-03
   28      2.8369652000E-03  -2.2076058000E-03   1.4227600000E-04  -2.3657623000E-03   1.7592364000E-03
   29     -4.2587844000E-03   4.1930317000E-03  -4.3289309000E-03   1.1039181600E-02  -1.5173208900E-02
   30     -1.0429863720E-01   4.8502115200E-02  -9.0975280000E-04  -8.7717000000E-06   1.4451390000E-04
   31     -1.2470647520E-01   5.7600519700E-02   1.8866476000E-03  -1.2986845000E-03   5.2950780000E-04
   32      5.7158916000E-02  -3.5660536600E-02  -9.1586210000E-04  -3.6917988000E-03  -6.4784903000E-03
   33      7.8981566200E-02   8.5177675000E-02  -1.6331943000E-03   2.4975881000E-03  -1.3217875000E-03
   34     -7.2326056900E-02  -7.9742476500E-02  -8.5153000000E-06  -4.2668830000E-04   2.5325192000E-03
   35     -8.0791574500E-02  -9.2451155900E-02   8.9053640000E-04   1.2218877100E-02  -1.9535080500E-02
   36     -5.7120820000E-04  -1.8781100000E-05  -3.6238941000E-02   1.8827203400E-02   8.7456548000E-03
   37     -2.7444884000E-03   1.1914220000E-04  -1.2952717000E-02   2.5679030000E-03   1.7005899000E-03
   38      8.4298210000E-04   6.1858020000E-03   1.2302436800E-02  -3.4574090000E-04  -3.2137471000E-03
   39      2.7760044000E-03  -5.9604866000E-03  -2.1809967100E-02  -3.7471484900E-02   1.6298791500E-02
   40     -1.6138603000E-03  -5.8496020000E-04  -2.3206878000E-03  -8.5899096000E-03   8.4687073000E-03
   41     -8.3706410000E-04  -4.2433322000E-03  -1.1018929000E-03   6.9023200000E-04   1.6039376400E-02
   42      4.5755062000E-03  -4.6742853000E-03  -9.8976357600E-02   4.6139565200E-02  -1.1280613900E-01
   43      1.1178453000E-03  -4.0705773000E-03   5.5482649200E-02  -1.5523198600E-02   1.4704887370E-01
   44     -3.1831484000E-03   1.1204775000E-03  -1.3613277660E-01   1.2484370960E-01  -1.3702469080E-01
   45     -3.8642795000E-03  -5.1647892000E-03  -2.6138829900E-02   9.9963276000E-03   1.1695822000E-03
   46     -4.8790859000E-03   9.0058159000E-03   1.0434198900E-02  -1.6848155340E-01  -1.6509066850E-01
   47      3.7806928000E-03   7.9307066000E-03  -5.2761377000E-03  -1.2878207770E-01  -1.1198837020E-01
                   15                 16                 17                 18                 19        
    0     -4.6241467000E-03  -2.5765971900E-02  -1.3658013440E-01  -1.4674310860E-01  -1.3078805170E-01
    1     -3.8644997000E-03   8.6634764000E-03   2.8746659000E-03  -1.0467969910E-01  -1.3195158400E-01
    2     -1.2247576100E-02   2.7516167000E-03  -2.6902511000E-03  -4.7822937000E-02  -6.1380722600E-02
    3      1.3568810700E-02   1.7143557400E-02   6.6132674100E-02  -1.2737265300E-02   3.1497048000E-03
    4      1.1405017900E-02  -1.1543782700E-02   9.1265447000E-03  -2.8158551800E-02  -1.4946945000E-03
    5     -1.4611444000E-02   3.9854327100E-02   1.3592509500E-01  -4.0918725000E-03   3.1737824000E-03
    6     -2.5400198600E-02  -3.0146076000E-03   2.1437858300E-02  -4.5970367000E-03  -3.9739730000E-03
    7     -1.6458856100E-02   1.6802933000E-03   1.8301899900E-02   2.7451762000E-03  -2.0167750000E-03
    8      5.2536183600E-02   2.4336246700E-02  -1.0031867000E-03  -1.9322986000E-03  -1.0480190000E-04
    9      4.5423908300E-02   1.0868330800E-02   4.2579620600E-02  -2.6369660000E-04  -1.4785678000E-03
   10     -2.5035694000E-03  -1.5066797000E-03   2.0628243000E-03   9.1803610000E-04   5.1422500000E-05
   11     -1.2811271000E-02  -1.0239131800E-02  -1.0281730700E-02  -1.6987396000E-03   1.2386178000E-03
   12     -3.7820023790E-01  -9.7655873000E-02   3.9109008400E-02  -5.9798900000E-04   9.8586270000E-04
   13     -8.3042212700E-02  -6.9146309500E-02   2.1242642600E-02   1.1097651000E-03   2.5095610000E-04
   14     -3.3813588800E-02  -2.0022172300E-02  -6.4561325200E-02   9.2177080000E-04  -3.0968590000E-04
   15      5.4086877340E-01   1.0917458790E-01  -1.0102474890E-01  -1.4653172000E-03   1.8882777000E-03
   16      1.0917458790E-01   2.8613466980E-01  -6.0789667600E-02  -4.9351920000E-04  -5.3731530000E-04
   17     -1.0102474890E-01  -6.0789667600E-02   2.7210859090E-01  -7.7274590000E-04  -2.0076888000E-03
   18     -1.4653172000E-03  -4.9351920000E-04  -7.7274590000E-04   1.4019093380E-01   1.2780678490E-01
   19      1.8882777000E-03  -5.3731530000E-04  -2.0076888000E-03   1.2780678490E-01   2.1903228310E-01
   20      2.5737852000E-03   4.6303503000E-03  -4.6859656000E-03   5.6843551700E-02   3.5009575000E-02
   21     -2.7378828000E-03   9.4713990000E-04   2.1628941000E-03   2.3355153200E-02   5.1063937000E-03
   22     -2.1962483000E-03  -5.2298220000E-04  -1.9088641000E-03  -1.0613573000E-03  -9.0902591200E-02
   23      2.0939112000E-03  -7.1403815000E-03  -2.2593414200E-02  -2.0532507000E-03   2.5064919900E-02
   24     -5.7871330000E-04   1.9114997000E-03   4.3944058000E-03   4.6024214000E-03  -8.5482830000E-04
   25      1.2097250000E-04  -1.4047539000E-03  -2.5913087000E-03  -7.3239100000E-04   5.4304520000E-04
   26      4.9920235000E-03  -7.0751026000E-03  -1.4875686200E-02   1.5003551000E-03   2.0715390000E-04
   27     -1.2258116000E-03  -5.6161620000E-04  -1.6194144000E-03  -1.5705492000E-03  -8.1162310000E-04
   28      1.4438250000E-04  -6.2203170000E-04  -6.6899300000E-04   1.4470020000E-04  -7.0631990000E-04
   29     -2.6154726000E-03  -1.0541340000E-03  -3.3015178000E-03   2.8299600000E-04  -1.2256601000E-03
   30     -1.7632112000E-03   1.0091160000E-03  -2.2534047000E-03  -3.0462134000E-03   1.5423155000E-03
   31      2.6075892000E-03  -5.7564220000E-04   1.5577715000E-03   1.5364393000E-03  -2.7510750000E-04
   32     -7.2275153000E-03  -4.1661991000E-03  -3.9874330000E-04  -1.0362877000E-03   1.6418686000E-03
   33     -9.5899160000E-04  -3.4727940000E-04  -4.1760757000E-03   8.5680890000E-04  -2.2727501000E-03
   34      1.3132402000E-03  -5.3058510000E-04  -7.6232100000E-04   1.8352125000E-03   1.9984206000E-03
   35     -1.0068534700E-02  -1.4497620000E-03  -1.1096434300E-02  -1.2589442000E-03  -8.5317820000E-04
   36     -1.0026002020E-01   4.4150162700E-02   9.6977590300E-02  -2.2596830000E-04   1.4839255000E-03
   37      6.3534911100E-02  -5.2992733000E-02  -1.1429448800E-01  -1.6523679000E-03   1.0807409000E-03
   38      1.1488588130E-01  -7.9605310000E-02  -1.5448863500E-01   8.1042500000E-05   7.7534930000E-04
   39     -2.7114639100E-02  -1.8363103300E-02   1.2984224200E-02   2.4184783000E-03  -2.2649276000E-03
   40     -4.2509157500E-02  -1.4001561110E-01   1.4787115010E-01  -9.5322790000E-04   1.4866303000E-03
   41      3.6980691300E-02   1.2778576010E-01  -1.2313264910E-01   4.2394390000E-04  -5.5762010000E-04
   42     -4.1804531200E-02   9.3883514000E-03  -2.8628214000E-03   2.6461268000E-03  -2.9414239000E-03
   43     -6.8841649000E-03   4.2950895000E-03  -6.0204219000E-03   8.6950690000E-04   3.0128969000E-03
   44      1.1618786000E-03   1.7629009000E-03  -4.6465080000E-04   2.7141320000E-04  -9.6136690000E-04
   45     -1.3727791000E-02  -4.8390775200E-02  -3.6488930400E-02  -2.8227782000E-03   3.4228807000E-03
   46     -3.2730270500E-02  -2.1375102600E-02  -1.3993745700E-02   7.6549300000E-04   4.2799190000E-04
   47     -2.0804203300E-02  -9.5793409000E-03   5.5405042000E-03   3.4200310000E-04   2.8945760000E-04
                   20                 21                 22                 23                 24        
    0     -6.2129475800E-02  -1.5164881040E-01   9.7609357200E-02  -1.1721934400E-01  -2.3583875800E-02
    1     -6.1972281100E-02   7.9706838600E-02  -6.9325222700E-02   7.4277906600E-02   1.9414364400E-02
    2     -3.9339225600E-02  -8.4525184200E-02   7.3725063600E-02  -8.2127795100E-02  -7.6188870000E-03
    3      4.5506868000E-03  -1.7113780000E-02  -6.4748130000E-04   1.1027923500E-02  -1.0014565330E-01
    4      1.5784556000E-03   2.1992187500E-02  -4.7600893000E-03   4.3851920000E-04   1.0766757890E-01
    5      3.3406580000E-04  -1.4756652200E-02  -1.3207696000E-03   1.7761261800E-02  -1.5029078000E-03
    6     -1.6572674000E-03   3.4111094000E-03   1.5152616000E-03   1.5493201000E-03   5.7598692000E-03
    7     -1.0633406000E-03   7.1992240000E-04  -2.2197106000E-03   1.8952488000E-03  -9.1982464000E-03
    8      4.2181506000E-03   2.1129254000E-03   1.2612654000E-03  -1.6318435000E-03  -7.2871510000E-04
    9     -3.3036878000E-03   1.5895923000E-03   5.0810080000E-04  -2.1216589000E-03   3.4736570000E-04
   10     -2.0499642000E-03  -2.1013890000E-03   1.2478486000E-03   1.3730928000E-03  -1.1020700000E-04
   11      2.3104085000E-03  -7.3162780000E-04  -5.8519000000E-06   3.4703305000E-03  -4.4146920000E-04
   12      7.2290422000E-03  -1.2952700000E-05  -3.7933900000E-04   6.8661392000E-03   1.0247120000E-04
   13      4.1701995000E-03  -2.6419100000E-05  -6.4465270000E-04   1.4695918000E-03  -4.4975780000E-04
   14      8.7450380000E-04   2.8719896000E-03  -1.2891641000E-03  -8.9178591000E-03   1.7764738000E-03
   15      2.5737852000E-03  -2.7378828000E-03  -2.1962483000E-03   2.0939112000E-03  -5.7871330000E-04
   16      4.6303503000E-03   9.4713990000E-04  -5.2298220000E-04  -7.1403815000E-03   1.9114997000E-03
   17     -4.6859656000E-03   2.1628941000E-03  -1.9088641000E-03  -2.2593414200E-02   4.3944058000E-03
   18      5.6843551700E-02   2.3355153200E-02  -1.0613573000E-03  -2.0532507000E-03   4.6024214000E-03
   19      3.5009575000E-02   5.1063937000E-03  -9.0902591200E-02   2.5064919900E-02  -8.5482830000E-04
   20      8.0302483000E-03  -3.0685151000E-03   1.7973742900E-02   3.1044407400E-02   8.3484620000E-04
   21     -3.0685151000E-03   1.4462246920E-01  -1.0039219930E-01   9.9287136300E-02  -5.3266117000E-03
   22      1.7973742900E-02  -1.0039219930E-01   1.6101441740E-01  -9.0291035800E-02   6.0676777000E-03
   23      3.1044407400E-02   9.9287136300E-02  -9.0291035800E-02   5.1622337300E-02   3.5085611000E-03
   24      8.3484620000E-04  -5.3266117000E-03   6.0676777000E-03   3.5085611000E-03   1.1896770590E-01
   25     -9.7052590000E-04  -6.6514230000E-04  -1.1166596000E-03  -4.1559610000E-04  -1.2043995630E-01
   26     -3.5688415000E-03  -3.1698031000E-03   9.3215610000E-04   4.3303348000E-03   2.6720060000E-04
   27      4.4420800000E-04   1.6551370000E-03  -8.9541070000E-04  -5.3158790000E-04  -9.0433480000E-04
   28     -1.1143527000E-03   1.0677980000E-04  -3.3551500000E-04   1.2172607000E-03  -2.3452153000E-03
   29     -1.7886183000E-03   4.2789100000E-05  -3.1168260000E-04   1.6313097000E-03   2.0368600000E-05
   30      1.0720456000E-03   8.6154830000E-04   1.8457317000E-03   9.8995300000E-04  -1.5189634000E-03
   31     -1.5553410000E-03  -2.4165225000E-03   1.9472010000E-03   1.0842832000E-03  -8.9327860000E-04
   32      1.6715328000E-03  -3.4745550000E-04   1.6715749000E-03   2.2752932000E-03  -4.2978240000E-04
   33      3.3024400000E-04   1.2167490000E-04  -2.6006246000E-03   3.0553630000E-04   1.6177794000E-03
   34     -1.7329186000E-03  -2.6453182000E-03   9.5976300000E-04   2.0938537000E-03  -9.2413440000E-04
   35      2.5701848000E-03  -3.0373910000E-04  -1.9728511000E-03   6.5710120000E-04   3.8984410000E-04
   36     -1.4672295000E-03   7.1532880000E-04   1.9373681000E-03  -2.5874414000E-03  -7.5429470000E-04
   37      1.9643216000E-03   1.8898564000E-03   2.3865157000E-03  -4.7196671000E-03   1.8226530000E-04
   38     -1.3653055000E-03  -3.9098160000E-04   1.5791568000E-03  -3.1587900000E-05  -1.2926510000E-04
   39     -4.9199560000E-04  -4.9959370000E-04  -1.2874953000E-03  -4.2048950000E-04   1.4217763000E-03
   40      1.7780084000E-03  -3.1312000000E-06  -9.2101850000E-04   4.6903360000E-04   1.0374080000E-04
   41      9.5726090000E-04  -2.4988300000E-05  -1.4808556000E-03   9.5816010000E-04  -3.2185880000E-04
   42     -1.5394987000E-03   4.8461850000E-04  -3.2166442000E-03  -4.5040840000E-04   2.1331650000E-03
   43      1.0535203000E-03  -2.0607659000E-03   3.1809400000E-04  -6.4659520000E-04   1.3823710000E-04
   44      1.6911690000E-03   9.5105370000E-04  -2.5286629000E-03  -1.3559743000E-03   4.6742240000E-04
   45     -2.2073970000E-04   5.2299960000E-04   3.1933028000E-03  -2.4429990000E-04  -2.1401071000E-03
   46      2.3005506000E-03  -1.5823080000E-04   2.8746022000E-03  -6.1704346000E-03  -2.6973970000E-04
   47     -2.9539754000E-03  -1.0984120000E-04   3.9667781000E-03   2.9079382000E-03  -4.8623720000E-04
                   25                 26                 27                 28                 29        
    0      5.2181074000E-03  -7.4237021000E-03   3.8775330000E-04   1.3124881000E-03  -1.0544593000E-03
    1      2.7794996000E-03   4.7335174000E-03   3.1333000000E-05   3.1560390000E-03   1.0417369000E-03
    2      2.3247084000E-03   4.8858749000E-03   6.3527430000E-04   2.9498750000E-04   2.1174620000E-04
    3      1.0678694360E-01   3.3531062000E-03   5.9185527000E-03   1.0809650200E-02   1.6206181000E-03
    4     -2.3516553700E-01   3.1906310000E-03  -9.4574527000E-03  -2.7503532600E-02  -2.9680317000E-03
    5      1.1149483000E-03  -2.2979098700E-02   1.1167050000E-03  -6.7244020000E-04   2.7651757000E-03
    6      1.1026007400E-02  -1.2330770000E-03  -9.9584861200E-02   1.0682890790E-01  -3.2871706000E-03
    7     -2.7464882900E-02   2.4281354000E-03   1.0854616860E-01  -2.3578807980E-01  -4.2500447000E-03
    8      1.0744051000E-03   2.9567920000E-03   1.9312400000E-03  -2.0910663000E-03  -2.1914900000E-02
    9      1.4940286000E-03   1.4119104000E-03  -2.2673329000E-02   5.2861483000E-03   8.7944288000E-03
   10      3.1680926000E-03  -1.4969177000E-03   1.9251695300E-02   2.8369652000E-03  -4.2587844000E-03
   11     -2.8429500000E-05  -3.5985160000E-04   7.7668567000E-03  -2.2076058000E-03   4.1930317000E-03
   12      2.2253570000E-04   1.6018956000E-03  -8.1131250000E-04   1.4227600000E-04  -4.3289309000E-03
   13     -1.2259707000E-03   1.2160401000E-03   3.2305862000E-03  -2.3657623000E-03   1.1039181600E-02
   14     -8.0331960000E-04  -2.0755429000E-03  -3.7115745000E-03   1.7592364000E-03  -1.5173208900E-02
   15      1.2097250000E-04   4.9920235000E-03  -1.2258116000E-03   1.4438250000E-04  -2.6154726000E-03
   16     -1.4047539000E-03  -7.0751026000E-03  -5.6161620000E-04  -6.2203170000E-04  -1.0541340000E-03
   17     -2.5913087000E-03  -1.4875686200E-02  -1.6194144000E-03  -6.6899300000E-04  -3.3015178000E-03
   18     -7.3239100000E-04   1.5003551000E-03  -1.5705492000E-03   1.4470020000E-04   2.8299600000E-04
   19      5.4304520000E-04   2.0715390000E-04  -8.1162310000E-04  -7.0631990000E-04  -1.2256601000E-03
   20     -9.7052590000E-04  -3.5688415000E-03   4.4420800000E-04  -1.1143527000E-03  -1.7886183000E-03
   21     -6.6514230000E-04  -3.1698031000E-03   1.6551370000E-03   1.0677980000E-04   4.2789100000E-05
   22     -1.1166596000E-03   9.3215610000E-04  -8.9541070000E-04  -3.3551500000E-04  -3.1168260000E-04
   23     -4.1559610000E-04   4.3303348000E-03  -5.3158790000E-04   1.2172607000E-03   1.6313097000E-03
   24     -1.2043995630E-01   2.6720060000E-04  -9.0433480000E-04  -2.3452153000E-03   2.0368600000E-05
   25      2.6184752850E-01   2.4648880000E-04  -2.4689029000E-03  -3.9835226000E-03  -7.5840680000E-04
   26      2.4648880000E-04   2.8168422000E-02  -1.1403860000E-04   8.3088720000E-04   2.3064303000E-03
   27     -2.4689029000E-03  -1.1403860000E-04   1.1825221650E-01  -1.2073768420E-01  -1.7339465000E-03
   28     -3.9835226000E-03   8.3088720000E-04  -1.2073768420E-01   2.6299414920E-01   8.8399160000E-04
   29     -7.5840680000E-04   2.3064303000E-03  -1.7339465000E-03   8.8399160000E-04   2.7689718100E-02
   30      1.3356370000E-04  -3.3441140000E-04   4.3005777000E-03  -6.1720070000E-04  -1.6022898000E-03
   31     -7.4148560000E-04   1.3432684000E-03  -7.3839520000E-04   3.8814670000E-04   1.0664940000E-04
   32      1.0540531000E-03  -1.8682726000E-03  -1.0634935000E-03   1.0792220000E-03  -3.4851923000E-03
   33      7.3769400000E-05  -8.1907100000E-05  -5.2608207000E-03  -6.4280950000E-04   3.3897639000E-03
   34     -3.1427980000E-04   2.9529560000E-04   5.9574338000E-03  -1.0708672000E-03  -1.4370092000E-03
   35     -1.1547029000E-03   1.6507763000E-03  -2.8527741000E-03   3.2111210000E-04   4.4538920000E-03
   36     -5.6696660000E-04  -1.0128246000E-03   1.3325432000E-03   1.1506850000E-04  -3.6993870000E-04
   37      6.7977580000E-04  -4.5964614000E-03   2.6865150000E-04   5.5189230000E-04   1.2056791000E-03
   38      9.1010290000E-04  -3.2069895000E-03  -6.6501910000E-04   9.0289080000E-04   1.9373031000E-03
   39      1.9337640000E-04   2.9427130000E-04  -7.7797110000E-04  -3.2716540000E-04  -3.0079090000E-04
   40      8.6071910000E-04   2.9039560000E-04  -8.9279460000E-04   9.3777570000E-04   1.1335713000E-03
   41     -4.3208410000E-04   4.6031348000E-03   5.5344370000E-04  -9.5717280000E-04  -5.3987320000E-04
   42      1.9886570000E-04   5.6006990000E-04  -1.0670044000E-03  -5.6784590000E-04   7.9642320000E-04
   43      8.7814630000E-04  -2.2195093000E-03  -3.1774370000E-04   1.1419424000E-03   4.9690354000E-03
   44     -1.4317603000E-03   2.5074172000E-03   3.9617890000E-04  -1.3627384000E-03  -2.9349876000E-03
   45     -5.9481140000E-04  -6.1106860000E-04   2.0292141000E-03   3.4751960000E-04   3.4561140000E-04
   46      6.6028510000E-04  -3.2597840000E-04  -4.0424500000E-04   3.6872050000E-04  -4.1160918000E-03
   47      1.8614274000E-03  -2.4748994000E-03  -5.5205790000E-04   1.7847810000E-03   3.9496910000E-03
                   30                 31                 32                 33                 34        
    0     -6.8502800000E-04  -1.3693148000E-03   2.7317776000E-03   1.3162532000E-03   1.5792450000E-04
    1      1.1614149000E-03  -4.3592400000E-04   2.5415699000E-03  -1.8255390000E-03   1.3689534000E-03
    2      1.7483770000E-03  -1.5467123000E-03   2.1666677000E-03   1.2638544000E-03   1.9529430000E-04
    3     -4.3854997000E-03  -4.4715740000E-03   2.5531313000E-03   3.4909103000E-03   1.2448068000E-03
    4      2.5969934000E-03  -2.4407258000E-03   1.7602281000E-03   6.9472800000E-04  -2.4763862000E-03
    5      2.6135126000E-03  -8.1006100000E-04   3.2892835000E-03  -1.3211689000E-03  -1.6884130000E-04
    6     -1.2213775000E-02   4.1201700000E-03  -5.9601303000E-03  -1.7047847800E-02  -1.6355900000E-05
    7     -2.7034436300E-02  -6.7476990000E-04  -1.9575073000E-03   2.2769485600E-02  -4.8684123000E-03
    8      4.1485374000E-03  -3.0878347000E-03  -5.6153600000E-04   1.5446979700E-02   6.2085410000E-04
    9     -1.5293268080E-01  -1.2996365270E-01   6.1371558100E-02  -1.4134510430E-01   9.6234483400E-02
   10     -1.0429863720E-01  -1.2470647520E-01   5.7158916000E-02   7.8981566200E-02  -7.2326056900E-02
   11      4.8502115200E-02   5.7600519700E-02  -3.5660536600E-02   8.5177675000E-02  -7.9742476500E-02
   12     -9.0975280000E-04   1.8866476000E-03  -9.1586210000E-04  -1.6331943000E-03  -8.5153000000E-06
   13     -8.7717000000E-06  -1.2986845000E-03  -3.6917988000E-03   2.4975881000E-03  -4.2668830000E-04
   14      1.4451390000E-04   5.2950780000E-04  -6.4784903000E-03  -1.3217875000E-03   2.5325192000E-03
   15     -1.7632112000E-03   2.6075892000E-03  -7.2275153000E-03  -9.5899160000E-04   1.3132402000E-03
   16      1.0091160000E-03  -5.7564220000E-04  -4.1661991000E-03  -3.4727940000E-04  -5.3058510000E-04
   17     -2.2534047000E-03   1.5577715000E-03  -3.9874330000E-04  -4.1760757000E-03  -7.6232100000E-04
   18     -3.0462134000E-03   1.5364393000E-03  -1.0362877000E-03   8.5680890000E-04   1.8352125000E-03
   19      1.5423155000E-03  -2.7510750000E-04   1.6418686000E-03  -2.2727501000E-03   1.9984206000E-03
   20      1.0720456000E-03  -1.5553410000E-03   1.6715328000E-03   3.3024400000E-04  -1.7329186000E-03
   21      8.6154830000E-04  -2.4165225000E-03  -3.4745550000E-04   1.2167490000E-04  -2.6453182000E-03
   22      1.8457317000E-03   1.9472010000E-03   1.6715749000E-03  -2.6006246000E-03   9.5976300000E-04
   23      9.8995300000E-04   1.0842832000E-03   2.2752932000E-03   3.0553630000E-04   2.0938537000E-03
   24     -1.5189634000E-03  -8.9327860000E-04  -4.2978240000E-04   1.6177794000E-03  -9.2413440000E-04
   25      1.3356370000E-04  -7.4148560000E-04   1.0540531000E-03   7.3769400000E-05  -3.1427980000E-04
   26     -3.3441140000E-04   1.3432684000E-03  -1.8682726000E-03  -8.1907100000E-05   2.9529560000E-04
   27      4.3005777000E-03  -7.3839520000E-04  -1.0634935000E-03  -5.2608207000E-03   5.9574338000E-03
   28     -6.1720070000E-04   3.8814670000E-04   1.0792220000E-03  -6.4280950000E-04  -1.0708672000E-03
   29     -1.6022898000E-03   1.0664940000E-04  -3.4851923000E-03   3.3897639000E-03  -1.4370092000E-03
   30      1.4637352890E-01   1.3071519110E-01  -5.5661388700E-02   2.3136863800E-02  -5.6497483000E-03
   31      1.3071519110E-01   2.0953480430E-01  -2.8397618100E-02   1.5244920000E-04  -8.9112145500E-02
   32     -5.5661388700E-02  -2.8397618100E-02   7.6971384000E-03   2.6378889000E-03  -2.0948717700E-02
   33      2.3136863800E-02   1.5244920000E-04   2.6378889000E-03   1.3532829920E-01  -9.5698409600E-02
   34     -5.6497483000E-03  -8.9112145500E-02  -2.0948717700E-02  -9.5698409600E-02   1.6302190370E-01
   35      1.0034401000E-03  -2.8063299700E-02   2.9946043500E-02  -1.0107475180E-01   9.9323512500E-02
   36      1.9041124000E-03  -2.1518895000E-03   1.3905667000E-03   1.6593520000E-04  -2.2703980000E-03
   37      1.0272196000E-03   2.3377183000E-03  -1.6764011000E-03  -1.7603465000E-03   6.1891380000E-04
   38     -9.6766300000E-05   8.2744130000E-04   2.1233580000E-03  -9.0239700000E-04   1.5874431000E-03
   39     -1.5022374000E-03   1.9493561000E-03   7.4918680000E-04   7.7792330000E-04   1.1082796000E-03
   40      1.1923650000E-04   2.4531102000E-03  -1.5735853000E-03  -1.0995407000E-03   2.7454910000E-03
   41      1.2055140000E-04  -5.4180480000E-04  -1.1092243000E-03   4.1966740000E-04  -1.9213979000E-03
   42     -4.0229170000E-04   2.2337784000E-03   1.4419730000E-03   1.1055695000E-03   2.8687554000E-03
   43     -1.6566636000E-03   1.3514965000E-03  -1.2075991000E-03   1.6628950000E-03   3.4107886000E-03
   44      2.8165610000E-04  -2.0930119000E-03  -9.5217070000E-04   7.9894140000E-04  -1.8955449000E-03
   45      2.7830223000E-03  -3.1969935000E-03  -2.3416680000E-04  -1.6720590000E-03  -3.5072566000E-03
   46     -8.8532460000E-04   2.2484833000E-03  -3.2880062000E-03  -5.8518220000E-04  -2.9988127000E-03
   47     -6.7644160000E-04   3.0462421000E-03   1.3448491000E-03  -8.9246310000E-04   1.9604548000E-03
                   35                 36                 37                 38                 39        
    0      1.8667890000E-03  -1.0681279500E-02  -1.0213587400E-02  -9.7919177000E-03   3.3872161000E-03
    1     -7.8507030000E-04   2.7629788000E-03   3.5002268000E-03  -2.2201630000E-04   4.4348770000E-04
    2      5.6417190000E-03   3.7600985000E-03   9.8884845000E-03  -1.0072031000E-03   6.0750439000E-03
    3     -2.1286750000E-04   5.2838881000E-03   1.0083641800E-02   3.6265526000E-03   2.2002405000E-03
    4     -1.2631881000E-03   1.4247480000E-04  -4.1729970000E-04  -1.0367690000E-04  -6.7586950000E-04
    5     -7.2132800000E-05   1.5223491200E-02   1.1108842600E-02   1.5365343800E-02  -6.5897750000E-04
    6     -8.6463168000E-03   1.6055277000E-03  -1.6821678000E-03   1.7956563000E-03   1.7338959000E-03
    7     -5.5897860000E-04   6.8690330000E-04  -2.7488850000E-03   4.3297702000E-03   7.0251690000E-04
    8      1.6595273100E-02  -1.5447950000E-04   1.5077347000E-03  -2.7588386000E-03  -3.6590189000E-03
    9      1.1958524700E-01   2.4370270000E-03   5.2112065000E-03  -4.2395937000E-03  -5.2646100000E-04
   10     -8.0791574500E-02  -5.7120820000E-04  -2.7444884000E-03   8.4298210000E-04   2.7760044000E-03
   11     -9.2451155900E-02  -1.8781100000E-05   1.1914220000E-04   6.1858020000E-03  -5.9604866000E-03
   12      8.9053640000E-04  -3.6238941000E-02  -1.2952717000E-02   1.2302436800E-02  -2.1809967100E-02
   13      1.2218877100E-02   1.8827203400E-02   2.5679030000E-03  -3.4574090000E-04  -3.7471484900E-02
   14     -1.9535080500E-02   8.7456548000E-03   1.7005899000E-03  -3.2137471000E-03   1.6298791500E-02
   15     -1.0068534700E-02  -1.0026002020E-01   6.3534911100E-02   1.1488588130E-01  -2.7114639100E-02
   16     -1.4497620000E-03   4.4150162700E-02  -5.2992733000E-02  -7.9605310000E-02  -1.8363103300E-02
   17     -1.1096434300E-02   9.6977590300E-02  -1.1429448800E-01  -1.5448863500E-01   1.2984224200E-02
   18     -1.2589442000E-03  -2.2596830000E-04  -1.6523679000E-03   8.1042500000E-05   2.4184783000E-03
   19     -8.5317820000E-04   1.4839255000E-03   1.0807409000E-03   7.7534930000E-04  -2.2649276000E-03
   20      2.5701848000E-03  -1.4672295000E-03   1.9643216000E-03  -1.3653055000E-03  -4.9199560000E-04
   21     -3.0373910000E-04   7.1532880000E-04   1.8898564000E-03  -3.9098160000E-04  -4.9959370000E-04
   22     -1.9728511000E-03   1.9373681000E-03   2.3865157000E-03   1.5791568000E-03  -1.2874953000E-03
   23      6.5710120000E-04  -2.5874414000E-03  -4.7196671000E-03  -3.1587900000E-05  -4.2048950000E-04
   24      3.8984410000E-04  -7.5429470000E-04   1.8226530000E-04  -1.2926510000E-04   1.4217763000E-03
   25     -1.1547029000E-03  -5.6696660000E-04   6.7977580000E-04   9.1010290000E-04   1.9337640000E-04
   26      1.6507763000E-03  -1.0128246000E-03  -4.5964614000E-03  -3.2069895000E-03   2.9427130000E-04
   27     -2.8527741000E-03   1.3325432000E-03   2.6865150000E-04  -6.6501910000E-04  -7.7797110000E-04
   28      3.2111210000E-04   1.1506850000E-04   5.5189230000E-04   9.0289080000E-04  -3.2716540000E-04
   29      4.4538920000E-03  -3.6993870000E-04   1.2056791000E-03   1.9373031000E-03  -3.0079090000E-04
   30      1.0034401000E-03   1.9041124000E-03   1.0272196000E-03  -9.6766300000E-05  -1.5022374000E-03
   31     -2.8063299700E-02  -2.1518895000E-03   2.3377183000E-03   8.2744130000E-04   1.9493561000E-03
   32      2.9946043500E-02   1.3905667000E-03  -1.6764011000E-03   2.1233580000E-03   7.4918680000E-04
   33     -1.0107475180E-01   1.6593520000E-04  -1.7603465000E-03  -9.0239700000E-04   7.7792330000E-04
   34      9.9323512500E-02  -2.2703980000E-03   6.1891380000E-04   1.5874431000E-03   1.1082796000E-03
   35      6.0604292700E-02   1.1971390000E-04   1.0114891000E-03  -1.3594718000E-03   3.5188690000E-04
   36      1.1971390000E-04   1.2608853910E-01  -9.5465119700E-02  -1.2469756770E-01   1.1180990600E-02
   37      1.0114891000E-03  -9.5465119700E-02   1.1209802720E-01   7.9303785100E-02   3.7086057700E-02
   38     -1.3594718000E-03  -1.2469756770E-01   7.9303785100E-02   1.1863592600E-01   7.8112768000E-03
