
$orca_hessian_file

$act_atom
  0

$act_coord
  0

$act_energy
      -21.971118

$multiplicity
  1

$hessian
48
                    0                  1                  2                  3                  4        
    0      7.5303325100E-01  -6.9618128000E-03  -1.1061030570E-01  -4.1063296890E-01   4.6469057100E-02
    1     -6.9618128000E-03   5.2226554730E-01  -3.7428133800E-02   2.0157318600E-02  -7.9304262800E-02
    2     -1.1061030570E-01  -3.7428133800E-02   7.0862501100E-02   6.5432693800E-02  -2.7702648100E-02
    3     -4.1063296890E-01   2.0157318600E-02   6.5432693800E-02   6.7249280960E-01  -3.6909892000E-02
    4      4.6469057100E-02  -7.9304262800E-02  -2.7702648100E-02  -3.6909892000E-02   6.0273423270E-01
    5      1.3603056000E-01  -2.7339780000E-04  -2.1956008400E-02  -1.1029658560E-01   3.4604736000E-02
    6     -5.7410918600E-02  -2.2621658000E-02   5.1707027000E-02  -7.4277603000E-02  -7.2637158400E-02
    7     -2.6834764800E-02   2.3330622000E-03   3.4725164700E-02  -7.6883435600E-02  -2.5046011030E-01
    8      3.2344512000E-03   8.2148435000E-03   5.9663143000E-03   5.7861120000E-03   4.5924882000E-03
    9      7.6120089000E-03  -5.5941059000E-03  -1.4090496100E-02  -6.0000921400E-02  -3.1570457700E-02
   10     -3.3417171000E-03  -3.7901780000E-03   2.6653151000E-03  -2.8248825000E-02  -7.6906100000E-04
   11      5.8815162000E-03  -5.0050075000E-03  -2.1623873700E-02  -3.2085532300E-02  -2.2029884700E-02
   12      6.0680265000E-03  -1.0777629300E-02  -6.1636386200E-02  -4.8201772300E-02  -2.1804782400E-02
   13      2.3354407000E-03  -5.3678723000E-03  -2.9987204600E-02  -2.5486067400E-02  -4.1330448000E-03
   14     -4.9425110000E-03   7.5094730000E-04   1.8092054700E-02   5.9130072000E-03   8.6365870000E-04
   15     -1.7476795800E-02   1.1535158400E-02   8.2687730300E-02   5.2517838500E-02   1.2853242800E-02
   16     -5.2651671000E-03  -1.1163168500E-02   2.7904434700E-02   1.8708306000E-02   6.2647761000E-03
   17     -1.2815946600E-02   1.8222820600E-02   6.9949086500E-02   6.9660277500E-02   1.1381232500E-02
   18     -1.4834190030E-01  -1.2329169900E-01  -1.4064150000E-04  -1.7408822800E-02  -2.3548151500E-02
   19     -1.2268059470E-01  -1.9438785180E-01  -1.3635680000E-03  -1.3628610000E-04   7.7324650000E-04
   20     -6.1095861000E-03  -6.5169313000E-03  -3.6290372000E-02   7.4670258000E-03   9.7339617000E-03
   21     -1.1378335440E-01   1.1285675870E-01  -1.2094732300E-02  -1.4504917900E-02   2.5668228200E-02
   22      1.1012791570E-01  -2.2703210640E-01   2.5931864200E-02   7.0299652000E-03  -5.3335464000E-03
   23     -2.0072339500E-02   3.2015030000E-02  -2.9161693000E-02   1.2619908900E-02  -9.0267113000E-03
   24     -1.7630692600E-02   2.6311159400E-02   3.4827110000E-04  -1.0127154090E-01   1.0915570750E-01
   25      4.3281851000E-03  -3.0902595000E-03  -1.3153715000E-03   1.0841316230E-01  -2.4520228900E-01
   26      6.4446012000E-03  -7.1097360000E-03  -1.8626152000E-03  -1.0278142000E-03   3.5996560000E-03
   27      9.2004690000E-04  -2.9197522000E-03  -5.9437400000E-05   6.0381619000E-03  -9.9218995000E-03
   28      1.3446225000E-03   5.2261510000E-04  -7.7711900000E-05   1.1051347800E-02  -2.7024587200E-02
   29      5.8734300000E-05   5.7844000000E-04  -1.1874541000E-03   4.4826220000E-04  -2.5492736000E-03
   30     -9.1850290000E-04  -1.0969991000E-03  -6.5599250000E-04  -5.7919009000E-03   6.8160790000E-04
   31     -7.6327900000E-05  -4.3932330000E-04  -7.3132970000E-04  -1.4690451000E-03   7.4917800000E-04
   32     -1.4316193000E-03  -4.4411300000E-04   1.5791200000E-05   1.1302272000E-03   7.6974700000E-04
   33      2.9112450000E-04  -1.7034980000E-04  -6.2559700000E-05   1.5805272000E-03   1.5689261000E-03
   34     -3.0176820000E-04  -3.4726850000E-04   3.8828990000E-04  -1.2971790000E-03   1.5920186000E-03
   35     -1.5871750000E-04  -8.8574900000E-05   2.3999210000E-04   9.7305020000E-04   5.0736280000E-04
   36      9.6662280000E-04  -6.4365040000E-04  -5.0114883000E-03  -3.4183856000E-03  -5.6686260000E-04
   37      1.4753840000E-04   1.0547549000E-03  -1.4434500000E-05   1.8053280000E-04  -1.0323400000E-03
   38      2.8950516000E-03  -5.8662192000E-03  -1.9235154200E-02  -8.5070705000E-03  -1.6941592000E-03
   39     -7.8537900000E-05   2.3807758000E-03  -5.0004791000E-03  -1.8797963000E-03  -1.9039158000E-03
   40      6.0438800000E-04  -4.7339910000E-04   2.5032292000E-03   5.6093160000E-04   1.4281880000E-04
   41     -1.8728744000E-03   6.4389708000E-03  -1.7654489300E-02  -6.3870501000E-03   2.2909780000E-04
   42     -1.8934277000E-03   4.7698260000E-04   5.8158483000E-03   2.9582622000E-03   1.5456604000E-03
   43     -9.0686600000E-04   1.3628930000E-04   2.2624417000E-03   1.6990763000E-03   3.0124700000E-04
   44      2.3055741000E-03  -2.4051415000E-03  -1.1750736400E-02  -7.7331111000E-03  -3.8228665000E-03
   45     -7.2398140000E-04   3.5950290000E-04   3.3709481000E-03   1.8010306000E-03   9.2068990000E-04
   46      1.0118710000E-03  -9.1657880000E-04   2.2396626000E-03   2.6300896000E-03   7.0172390000E-04
   47      1.1634115000E-03  -1.0837971000E-03  -4.4033436000E-03  -3.3934011000E-03   5.4360260000E-04
                    5                  6                  7                  8                  9        
    0      1.3603056000E-01  -5.7410918600E-02  -2.6834764800E-02   3.2344512000E-03   7.6120089000E-03
    1     -2.7339780000E-04  -2.2621658000E-02   2.3330622000E-03   8.2148435000E-03  -5.5941059000E-03
    2     -2.1956008400E-02   5.1707027000E-02   3.4725164700E-02   5.9663143000E-03  -1.4090496100E-02
    3     -1.1029658560E-01  -7.4277603000E-02  -7.6883435600E-02   5.7861120000E-03  -6.0000921400E-02
    4      3.4604736000E-02  -7.2637158400E-02  -2.5046011030E-01   4.5924882000E-03  -3.1570457700E-02
    5      1.7551613810E-01  -1.4870790500E-02  -1.4702427700E-02  -3.4681501700E-02   6.3534717000E-03
    6     -1.4870790500E-02   7.7086979640E-01  -1.6997448500E-02  -1.0492698200E-02  -4.8931475430E-01
    7     -1.4702427700E-02  -1.6997448500E-02   5.8816594310E-01   1.5426970600E-02   2.6685215500E-02
    8     -3.4681501700E-02  -1.0492698200E-02   1.5426970600E-02   1.1396071100E-01  -3.6346004900E-02
    9      6.3534717000E-03  -4.8931475430E-01   2.6685215500E-02  -3.6346004900E-02   8.1001947050E-01
   10     -1.2476263000E-03  -8.9303980000E-04  -7.6523575600E-02  -8.9818390000E-03   1.0907750600E-02
   11      7.1547891000E-03   4.1610623000E-03   1.4880367600E-02  -4.7287412000E-03  -2.3992840900E-02
   12      8.2811048000E-03   3.3141907600E-02   1.7833215600E-02   2.3087095200E-02  -9.8547903000E-03
   13      9.6058324000E-03   1.2310091200E-02   1.0129691800E-02   6.4631816000E-03  -2.8957490000E-03
   14     -2.6046850700E-02  -2.5127752300E-02  -8.6385118000E-03  -2.0670797700E-02   6.5058925000E-03
   15     -3.5299134500E-02  -4.0410103300E-02  -2.5777719200E-02   1.1605611000E-03   1.0794277700E-02
   16     -1.4064607900E-02  -1.4459783600E-02  -6.7454312000E-03  -1.4436855000E-03   2.4562315000E-03
   17     -7.1470756000E-02  -2.3579793100E-02  -1.9995017900E-02  -2.6989918100E-02   4.4119721000E-03
   18      1.7170039000E-03  -5.9753866000E-03   2.8909340000E-04   3.0480165000E-03  -5.8332040000E-04
   19      5.7469420000E-04  -1.1608829000E-03   4.7184880000E-04   3.2947000000E-06  -1.1775460000E-04
   20     -1.2690466000E-03   3.6572652000E-03  -1.4832751000E-03   8.7908586000E-03   8.4082840000E-04
   21     -1.5966281000E-03  -1.7643440000E-04   1.6252090000E-03  -5.4525560000E-04   7.4781100000E-04
   22     -1.4233857000E-03  -2.5983118000E-03   1.2173873000E-03  -4.6511600000E-05  -2.5992340000E-04
   23     -2.9264447000E-03  -4.1366874000E-03  -1.9240361000E-03  -4.8960719000E-03   4.7780380000E-04
   24      3.8230685000E-03   6.6620702000E-03  -1.1568386500E-02  -1.9359750000E-04   1.4700015000E-03
   25     -1.3295610000E-03   1.1243407400E-02  -2.6633702600E-02  -1.3891270000E-03   1.0476717000E-03
   26     -3.0130660200E-02  -1.2282168000E-03  -5.2802700000E-04  -5.2532100000E-05   1.6505680000E-04
   27     -1.0640336000E-03  -1.0601030430E-01   1.0912336860E-01   1.0740066200E-02  -2.1982661500E-02
   28     -1.7533316000E-03   1.0934052860E-01  -2.3168511150E-01  -2.1201199900E-02   4.2707801000E-03
   29      3.4140280000E-04   1.3614871300E-02  -2.2342162200E-02  -3.9292235700E-02  -1.1075411000E-03
   30      8.7875540000E-04  -1.8018796000E-02  -2.6790476400E-02  -1.7849543000E-03  -1.2263261910E-01
   31      3.2137250000E-04  -1.4640755000E-03  -1.0630578000E-03  -4.1759060000E-04  -1.1872684390E-01
   32      1.0967247400E-02  -4.1442979000E-03  -3.3309980000E-03   1.0768410000E-04   1.9577902000E-02
   33     -6.0046000000E-04  -1.9915981100E-02   2.7421045500E-02   4.4664694000E-03  -1.2468193800E-01
   34      4.9192230000E-04   5.3526972000E-03  -2.6880884000E-03  -1.1465630000E-04   1.1234556950E-01
   35     -5.5026234000E-03  -3.4427075000E-03   1.2540879000E-03   3.3726790000E-04   4.0455786600E-02
   36      1.2506070000E-03   2.0749599000E-03   1.6859517000E-03  -1.2640740000E-04  -8.2582970000E-04
   37     -6.4519940000E-04  -4.8672900000E-04  -3.4363900000E-04   6.2108120000E-04  -1.9688340000E-04
   38      4.3615947000E-03   6.4108376000E-03   4.6095263000E-03   2.9372600000E-05  -2.4350257000E-03
   39      2.7415187000E-03   1.5880471000E-03   1.1988538000E-03   4.9596390000E-04  -1.1019911000E-03
   40     -1.2457650000E-04  -2.5029450000E-04  -7.2029020000E-04   4.8686200000E-05   2.2608880000E-04
   41      1.6962803000E-03   4.5505946000E-03   1.5035334000E-03   4.6848600000E-04  -7.4034690000E-04
   42      1.6258366000E-03  -2.2136405000E-03  -5.3356690000E-04  -1.3249365000E-03   4.0487120000E-04
   43      7.8975200000E-05  -9.6898350000E-04  -5.4026770000E-04   2.2200100000E-05   1.3205120000E-04
   44      1.9255680000E-04   4.6347721000E-03   1.9382334000E-03   2.5044407000E-03  -9.2437470000E-04
   45      1.0257057000E-03  -6.1285910000E-04  -4.7615530000E-04  -1.2048811000E-03  -6.9615100000E-05
   46     -1.0113418600E-02  -3.7083589000E-03  -4.9146589000E-03  -1.7981363000E-03   1.2903589000E-03
   47     -6.2461175000E-03  -1.7134865000E-03  -1.3934282000E-03  -8.5333680000E-04   8.4791650000E-04
                   10                 11                 12                 13                 14        
    0     -3.3417171000E-03   5.8815162000E-03   6.0680265000E-03   2.3354407000E-03  -4.9425110000E-03
    1     -3.7901780000E-03  -5.0050075000E-03  -1.0777629300E-02  -5.3678723000E-03   7.5094730000E-04
    2      2.6653151000E-03  -2.1623873700E-02  -6.1636386200E-02  -2.9987204600E-02   1.8092054700E-02
    3     -2.8248825000E-02  -3.2085532300E-02  -4.8201772300E-02  -2.5486067400E-02   5.9130072000E-03
    4     -7.6906100000E-04  -2.2029884700E-02  -2.1804782400E-02  -4.1330448000E-03   8.6365870000E-04
    5     -1.2476263000E-03   7.1547891000E-03   8.2811048000E-03   9.6058324000E-03  -2.6046850700E-02
    6     -8.9303980000E-04   4.1610623000E-03   3.3141907600E-02   1.2310091200E-02  -2.5127752300E-02
    7     -7.6523575600E-02   1.4880367600E-02   1.7833215600E-02   1.0129691800E-02  -8.6385118000E-03
    8     -8.9818390000E-03  -4.7287412000E-03   2.3087095200E-02   6.4631816000E-03  -2.0670797700E-02
    9      1.0907750600E-02  -2.3992840900E-02  -9.8547903000E-03  -2.8957490000E-03   6.5058925000E-03
   10      5.1938189580E-01   4.0382759300E-02   3.1190770000E-03  -4.4364497000E-03  -9.3610970000E-04
   11      4.0382759300E-02   9.1373459200E-02  -2.4469369900E-02  -9.7700701000E-03   7.0262340000E-04
   12      3.1190770000E-03  -2.4469369900E-02   5.3846146320E-01   1.2888867000E-02   1.9966093290E-01
   13     -4.4364497000E-03  -9.7700701000E-03   1.2888867000E-02   3.9846910100E-01   3.0108064400E-02
   14     -9.3610970000E-04   7.0262340000E-04   1.9966093290E-01   3.0108064400E-02   2.6065500810E-01
   15     -2.3703340000E-03   2.0410941100E-02  -2.7399033190E-01  -7.6669314200E-02  -5.1505141300E-02
   16     -2.0388746000E-03   7.7428772000E-03  -8.5716054300E-02  -1.0736853390E-01  -2.2765035400E-02
   17     -2.3171693000E-03   1.8088706500E-02   4.9367622400E-02   1.3774191400E-02  -5.8985708700E-02
   18     -9.8481630000E-04   3.1660020000E-04  -1.3169890000E-04  -1.2620100000E-04  -8.0919200000E-05
   19      1.0363700000E-05   1.8577030000E-04   5.7258700000E-04  -2.6869640000E-04   4.0223660000E-04
   20      7.2238870000E-04  -2.5489110000E-04   1.4050310000E-04   7.7279140000E-04  -1.0284730000E-03
   21     -1.6826200000E-04   5.0118550000E-04   3.6853490000E-04   9.2169940000E-04  -5.5247220000E-04
   22     -8.3125100000E-05  -1.0856360000E-04   2.3577800000E-04  -2.3027280000E-04  -3.1845700000E-05
   23     -2.0643910000E-04   1.0871479000E-03   3.3992911000E-03   1.3036713000E-03  -5.3449420000E-04
   24     -1.3953704000E-03  -3.2072020000E-04  -7.7422020000E-04   5.0948900000E-05  -2.0055440000E-04
   25      1.1526386000E-03  -1.4762170000E-04  -6.9835800000E-05  -2.1503370000E-03   4.5377040000E-04
   26     -1.5127220000E-04  -9.4508880000E-04   8.1673300000E-05   5.8001400000E-04   6.1747600000E-05
   27      2.6653146800E-02   3.8217655000E-03  -6.3600350000E-04   1.2880722000E-03  -6.0458220000E-04
   28     -1.4942886000E-03  -1.2989830000E-04   1.3008196000E-03  -1.4302225000E-03   7.4663120000E-04
   29      1.0758135000E-03   5.3257150000E-04  -1.0758108000E-03   7.7348810000E-04  -1.2373890000E-03
   30     -1.1755431080E-01   1.2814017200E-02  -4.4968290000E-04  -4.6006860000E-04   2.2239160000E-04
   31     -2.2320285690E-01   1.4550785900E-02  -3.4344920000E-04  -1.5300834000E-03   4.3313480000E-04
   32      2.1234236600E-02  -3.5658454600E-02  -9.3231280000E-04   2.5871720000E-04   1.4203223000E-03
   33      1.1399336790E-01   3.4392386000E-02  -8.8982510000E-04   8.0229920000E-04   1.3833600000E-04
   34     -2.0704295500E-01  -4.6470076500E-02   4.6150000000E-07  -1.4014874000E-03  -2.8029840000E-04
   35     -5.2631273600E-02  -4.7416643600E-02  -1.0562576000E-03   3.7422300000E-04   3.0276630000E-04
   36     -5.9656000000E-06  -2.2687848000E-03  -3.3263977700E-02   8.0177540000E-03   7.1111430000E-03
   37     -6.7328510000E-04  -2.5588800000E-05  -8.0047196000E-03   7.2921699000E-03   1.9416446000E-03
   38      5.8927520000E-04  -3.5429911000E-03  -1.3101981200E-02  -8.0128099000E-03   6.2860821000E-03
   39      1.1350730000E-04  -1.4469684000E-03  -4.8186552000E-03  -2.7440610600E-02  -1.4160570000E-04
   40     -1.7880670000E-04  -2.4803490000E-04  -1.9134278000E-03  -1.5653132900E-02  -9.8228630000E-04
   41      1.4616640000E-04  -2.9900665000E-03  -8.7228496000E-03  -2.0942016000E-03  -6.2723710000E-04
   42     -1.2684520000E-04   1.6960028000E-03  -1.6378667700E-01   7.9924142600E-02  -1.3113005510E-01
   43      1.5449680000E-04   9.3491620000E-04   8.3067634000E-02  -6.0647138400E-02   6.5697668900E-02
   44      1.0356452000E-03  -3.8535394000E-03  -1.6278030030E-01   7.2364860000E-02  -1.2187964490E-01
   45      3.0263660000E-04   5.8873960000E-04  -4.1242297300E-02   1.4538695400E-02  -5.2661099000E-03
   46     -4.6593870000E-04   5.2572698000E-03   9.6114587000E-03  -2.1127369130E-01  -6.7763669400E-02
   47     -1.3798708000E-03   2.0749925000E-03  -1.0242954400E-02  -8.6514748400E-02  -5.6510009300E-02
                   15                 16                 17                 18                 19        
    0     -1.7476795800E-02  -5.2651671000E-03  -1.2815946600E-02  -1.4834190030E-01  -1.2268059470E-01
    1      1.1535158400E-02  -1.1163168500E-02   1.8222820600E-02  -1.2329169900E-01  -1.9438785180E-01
    2      8.2687730300E-02   2.7904434700E-02   6.9949086500E-02  -1.4064150000E-04  -1.3635680000E-03
    3      5.2517838500E-02   1.8708306000E-02   6.9660277500E-02  -1.7408822800E-02  -1.3628610000E-04
    4      1.2853242800E-02   6.2647761000E-03   1.1381232500E-02  -2.3548151500E-02   7.7324650000E-04
    5     -3.5299134500E-02  -1.4064607900E-02  -7.1470756000E-02   1.7170039000E-03   5.7469420000E-04
    6     -4.0410103300E-02  -1.4459783600E-02  -2.3579793100E-02  -5.9753866000E-03  -1.1608829000E-03
    7     -2.5777719200E-02  -6.7454312000E-03  -1.9995017900E-02   2.8909340000E-04   4.7184880000E-04
    8      1.1605611000E-03  -1.4436855000E-03  -2.6989918100E-02   3.0480165000E-03   3.2947000000E-06
    9      1.0794277700E-02   2.4562315000E-03   4.4119721000E-03  -5.8332040000E-04  -1.1775460000E-04
   10     -2.3703340000E-03  -2.0388746000E-03  -2.3171693000E-03  -9.8481630000E-04   1.0363700000E-05
   11      2.0410941100E-02   7.7428772000E-03   1.8088706500E-02   3.1660020000E-04   1.8577030000E-04
   12     -2.7399033190E-01  -8.5716054300E-02   4.9367622400E-02  -1.3169890000E-04   5.7258700000E-04
   13     -7.6669314200E-02  -1.0736853390E-01   1.3774191400E-02  -1.2620100000E-04  -2.6869640000E-04
   14     -5.1505141300E-02  -2.2765035400E-02  -5.8985708700E-02  -8.0919200000E-05   4.0223660000E-04
   15      5.3546097380E-01   3.7776328900E-02  -1.6514570520E-01  -1.0134512000E-03  -3.7634000000E-06
   16      3.7776328900E-02   5.5206729630E-01   6.3561602000E-03  -1.4334238000E-03  -5.4018610000E-04
   17     -1.6514570520E-01   6.3561602000E-03   1.5505436050E-01  -5.5625440000E-04  -2.8618270000E-04
   18     -1.0134512000E-03  -1.4334238000E-03  -5.5625440000E-04   1.6514856480E-01   1.3908373590E-01
   19     -3.7634000000E-06  -5.4018610000E-04  -2.8618270000E-04   1.3908373590E-01   2.2187980660E-01
   20     -2.6645215000E-03  -3.3985183000E-03   1.4433319000E-03  -2.5878349000E-03  -1.3055776000E-03
   21     -2.7459235000E-03   1.3687137000E-03  -2.9208500000E-03   7.5668735000E-03  -1.5755158000E-02
   22     -2.8536650000E-04  -9.5385000000E-05  -6.2545800000E-05   9.9321089000E-03  -3.1719451000E-02
   23     -6.9530226000E-03   2.9957467000E-03  -8.2342762000E-03   8.6485800000E-05   1.9880887000E-03
   24     -1.4915760000E-04   3.6465030000E-04   8.3705400000E-05   1.1174698000E-03   7.5829520000E-04
   25      9.2089800000E-04  -4.5351510000E-04   2.1026290000E-04  -5.5424550000E-04   8.7556930000E-04
   26      4.9921990000E-04   6.7393650000E-04   6.6183390000E-04  -7.4480160000E-04   4.9393100000E-05
   27     -3.9990170000E-04   2.3387500000E-05   2.1483380000E-04  -2.1179300000E-04  -6.0455700000E-05
   28     -3.2960100000E-04  -9.1783740000E-04  -4.4590550000E-04   4.4730270000E-04   4.9169510000E-04
   29     -7.1825200000E-05  -2.1746540000E-04   8.0231000000E-05   6.4249500000E-05  -1.5899870000E-04
   30      2.5458330000E-04   2.1686340000E-04   7.3031700000E-05  -7.0586840000E-04   1.1492100000E-05
   31      1.0115812000E-03  -1.7245630000E-04  -3.2237600000E-05   9.2907500000E-05   2.3802300000E-04
   32     -4.1577990000E-04  -3.6818610000E-04  -2.4335270000E-04  -9.2208710000E-04  -1.6242300000E-04
   33     -5.8630800000E-05   4.7515400000E-05  -5.2282300000E-05   1.6398120000E-04  -2.7554180000E-04
   34      1.0483050000E-04  -2.6901500000E-04  -5.1382400000E-05   4.6036300000E-05   2.5153870000E-04
   35     -6.1568750000E-04   2.6140790000E-04  -1.8870220000E-04  -8.1011600000E-05  -4.3913200000E-05
   36     -1.8371729070E-01   9.5485576400E-02   1.0130246490E-01  -3.0141900000E-05   1.0698940000E-04
   37      9.1189484600E-02  -9.7574544500E-02  -5.4310227100E-02  -1.6396910000E-04   7.5479500000E-05
   38      1.2161706480E-01  -5.3118838700E-02  -6.9198745600E-02  -5.5880000000E-06  -1.0204980000E-04
   39     -3.8654785200E-02  -1.1959922400E-02   9.5017185000E-03  -1.4093700000E-05   6.2543100000E-05
   40     -1.5048641600E-02  -2.9543346200E-01   3.9428155000E-02  -4.5594300000E-05   5.3247260000E-04
   41      1.9829590300E-02   5.0196070900E-02  -2.6604364400E-02  -3.0252810000E-04   2.9719100000E-04
   42     -3.4151282000E-02   3.9494833000E-03  -1.4537174000E-02   6.0276290000E-04  -7.0222050000E-04
   43     -1.2708430800E-02   1.8388180000E-03  -4.4320096000E-03   2.3918540000E-04   2.7545520000E-04
   44      1.5360753700E-02   9.6057797000E-03   1.0694760700E-02   2.3300840000E-04  -1.8465380000E-04
   45     -6.2600195000E-03  -4.1562705300E-02  -1.5007620700E-02  -1.8317490000E-04   2.9701500000E-04
   46     -2.2198353800E-02  -3.7398480600E-02  -7.4401445000E-03   1.7730300000E-05   1.0406861000E-03
   47      1.1049565000E-03  -1.0360076700E-02   5.9435130000E-03  -4.3697800000E-05   1.0669840000E-04
                   20                 21                 22                 23                 24        
    0     -6.1095861000E-03  -1.1378335440E-01   1.1012791570E-01  -2.0072339500E-02  -1.7630692600E-02
    1     -6.5169313000E-03   1.1285675870E-01  -2.2703210640E-01   3.2015030000E-02   2.6311159400E-02
    2     -3.6290372000E-02  -1.2094732300E-02   2.5931864200E-02  -2.9161693000E-02   3.4827110000E-04
    3      7.4670258000E-03  -1.4504917900E-02   7.0299652000E-03   1.2619908900E-02  -1.0127154090E-01
    4      9.7339617000E-03   2.5668228200E-02  -5.3335464000E-03  -9.0267113000E-03   1.0915570750E-01
    5     -1.2690466000E-03  -1.5966281000E-03  -1.4233857000E-03  -2.9264447000E-03   3.8230685000E-03
    6      3.6572652000E-03  -1.7643440000E-04  -2.5983118000E-03  -4.1366874000E-03   6.6620702000E-03
    7     -1.4832751000E-03   1.6252090000E-03   1.2173873000E-03  -1.9240361000E-03  -1.1568386500E-02
    8      8.7908586000E-03  -5.4525560000E-04  -4.6511600000E-05  -4.8960719000E-03  -1.9359750000E-04
    9      8.4082840000E-04   7.4781100000E-04  -2.5992340000E-04   4.7780380000E-04   1.4700015000E-03
   10      7.2238870000E-04  -1.6826200000E-04  -8.3125100000E-05  -2.0643910000E-04  -1.3953704000E-03
   11     -2.5489110000E-04   5.0118550000E-04  -1.0856360000E-04   1.0871479000E-03  -3.2072020000E-04
   12      1.4050310000E-04   3.6853490000E-04   2.3577800000E-04   3.3992911000E-03  -7.7422020000E-04
   13      7.7279140000E-04   9.2169940000E-04  -2.3027280000E-04   1.3036713000E-03   5.0948900000E-05
   14     -1.0284730000E-03  -5.5247220000E-04  -3.1845700000E-05  -5.3449420000E-04  -2.0055440000E-04
   15     -2.6645215000E-03  -2.7459235000E-03  -2.8536650000E-04  -6.9530226000E-03  -1.4915760000E-04
   16     -3.3985183000E-03   1.3687137000E-03  -9.5385000000E-05   2.9957467000E-03   3.6465030000E-04
   17      1.4433319000E-03  -2.9208500000E-03  -6.2545800000E-05  -8.2342762000E-03   8.3705400000E-05
   18     -2.5878349000E-03   7.5668735000E-03   9.9321089000E-03   8.6485800000E-05   1.1174698000E-03
   19     -1.3055776000E-03  -1.5755158000E-02  -3.1719451000E-02   1.9880887000E-03   7.5829520000E-04
   20      2.9058417600E-02   1.8377556000E-03   2.4844116000E-03   4.0935008000E-03  -1.1213231000E-03
   21      1.8377556000E-03   1.2631682540E-01  -1.2388398240E-01   1.2637789400E-02  -4.1979342000E-03
   22      2.4844116000E-03  -1.2388398240E-01   2.6017696300E-01  -2.6999517100E-02   1.2444725000E-03
   23      4.0935008000E-03   1.2637789400E-02  -2.6999517100E-02   3.2670658300E-02   4.4626169000E-03
   24     -1.1213231000E-03  -4.1979342000E-03   1.2444725000E-03   4.4626169000E-03   1.1623665300E-01
   25      9.2784300000E-05  -2.4080280000E-04   6.0144850000E-04  -3.7288450000E-04  -1.2152594180E-01
   26     -2.9736512000E-03   2.5420244000E-03   4.4913360000E-04   7.3011392000E-03  -7.6530862000E-03
   27      9.1810400000E-05  -7.8495960000E-04  -5.7195240000E-04  -8.7174200000E-05  -1.4548881000E-03
   28     -2.8134700000E-04  -1.1298355000E-03   2.2218670000E-04   2.6374300000E-05  -2.7987196000E-03
   29     -1.9153280000E-04   6.9096500000E-05   1.6724100000E-05   2.6489820000E-04   4.7166140000E-04
   30      7.6509640000E-04   1.4253740000E-04  -4.4636600000E-05   2.6442950000E-04  -2.5709350000E-04
   31      2.5937670000E-04  -1.6632800000E-04   2.5955680000E-04  -2.4855300000E-05   9.7046600000E-05
   32     -1.0933865000E-03  -1.7723480000E-04  -1.4089900000E-05   8.9700550000E-04  -5.2307600000E-05
   33      3.5158310000E-04   8.8492300000E-05  -3.6688260000E-04   2.7188340000E-04  -1.5764350000E-04
   34      8.5220000000E-06  -3.0957290000E-04   8.8623000000E-05  -9.3833300000E-05  -1.3731760000E-04
   35      7.2386420000E-04  -1.7800150000E-04   1.0599970000E-04   2.8850420000E-04   2.2729170000E-04
   36     -5.3799260000E-04   5.6872850000E-04  -1.9771300000E-05  -9.8938510000E-04  -3.3051600000E-05
   37     -7.8138300000E-05  -5.7243000000E-06   7.0752650000E-04   4.8969760000E-04  -2.7563400000E-04
   38     -6.2993700000E-04   2.6620390000E-04   4.3701200000E-05  -6.6947100000E-05  -2.4105080000E-04
   39     -7.8931570000E-04  -2.1001490000E-04   4.2671000000E-05  -6.7175250000E-04   1.1604100000E-05
   40     -4.4302970000E-04  -1.4397570000E-04   1.8555760000E-04  -5.4256600000E-05  -7.1194000000E-06
   41      3.0238800000E-05  -2.1273830000E-04  -1.1466580000E-04  -1.4462051000E-03   3.5483800000E-04
   42     -6.7745620000E-04   6.7739400000E-05  -8.2385700000E-04  -1.0072687000E-03   6.4484760000E-04
   43     -1.3952870000E-04  -3.0896360000E-04   1.4874250000E-04  -1.3749060000E-04   1.3276950000E-04
   44      1.4798500000E-05   4.0072290000E-04  -3.8874230000E-04   6.8800700000E-05   2.1084150000E-04
   45     -6.6383780000E-04   5.3599670000E-04   2.4177270000E-04  -3.0257880000E-04  -2.1642390000E-04
   46     -4.2789040000E-04  -3.2800380000E-04   8.8589470000E-04   2.1415300000E-05  -4.0656080000E-04
   47     -4.2372020000E-04   2.3134500000E-05   1.5803320000E-04   5.9447740000E-04  -1.9965490000E-04
                   25                 26                 27                 28                 29        
    0      4.3281851000E-03   6.4446012000E-03   9.2004690000E-04   1.3446225000E-03   5.8734300000E-05
    1     -3.0902595000E-03  -7.1097360000E-03  -2.9197522000E-03   5.2261510000E-04   5.7844000000E-04
    2     -1.3153715000E-03  -1.8626152000E-03  -5.9437400000E-05  -7.7711900000E-05  -1.1874541000E-03
    3      1.0841316230E-01  -1.0278142000E-03   6.0381619000E-03   1.1051347800E-02   4.4826220000E-04
    4     -2.4520228900E-01   3.5996560000E-03  -9.9218995000E-03  -2.7024587200E-02  -2.5492736000E-03
    5     -1.3295610000E-03  -3.0130660200E-02  -1.0640336000E-03  -1.7533316000E-03   3.4140280000E-04
    6      1.1243407400E-02  -1.2282168000E-03  -1.0601030430E-01   1.0934052860E-01   1.3614871300E-02
    7     -2.6633702600E-02  -5.2802700000E-04   1.0912336860E-01  -2.3168511150E-01  -2.2342162200E-02
    8     -1.3891270000E-03  -5.2532100000E-05   1.0740066200E-02  -2.1201199900E-02  -3.9292235700E-02
    9      1.0476717000E-03   1.6505680000E-04  -2.1982661500E-02   4.2707801000E-03  -1.1075411000E-03
   10      1.1526386000E-03  -1.5127220000E-04   2.6653146800E-02  -1.4942886000E-03   1.0758135000E-03
   11     -1.4762170000E-04  -9.4508880000E-04   3.8217655000E-03  -1.2989830000E-04   5.3257150000E-04
   12     -6.9835800000E-05   8.1673300000E-05  -6.3600350000E-04   1.3008196000E-03  -1.0758108000E-03
   13     -2.1503370000E-03   5.8001400000E-04   1.2880722000E-03  -1.4302225000E-03   7.7348810000E-04
   14      4.5377040000E-04   6.1747600000E-05  -6.0458220000E-04   7.4663120000E-04  -1.2373890000E-03
   15      9.2089800000E-04   4.9921990000E-04  -3.9990170000E-04  -3.2960100000E-04  -7.1825200000E-05
   16     -4.5351510000E-04   6.7393650000E-04   2.3387500000E-05  -9.1783740000E-04  -2.1746540000E-04
   17      2.1026290000E-04   6.6183390000E-04   2.1483380000E-04  -4.4590550000E-04   8.0231000000E-05
   18     -5.5424550000E-04  -7.4480160000E-04  -2.1179300000E-04   4.4730270000E-04   6.4249500000E-05
   19      8.7556930000E-04   4.9393100000E-05  -6.0455700000E-05   4.9169510000E-04  -1.5899870000E-04
   20      9.2784300000E-05  -2.9736512000E-03   9.1810400000E-05  -2.8134700000E-04  -1.9153280000E-04
   21     -2.4080280000E-04   2.5420244000E-03  -7.8495960000E-04  -1.1298355000E-03   6.9096500000E-05
   22      6.0144850000E-04   4.4913360000E-04  -5.7195240000E-04   2.2218670000E-04   1.6724100000E-05
   23     -3.7288450000E-04   7.3011392000E-03  -8.7174200000E-05   2.6374300000E-05   2.6489820000E-04
   24     -1.2152594180E-01  -7.6530862000E-03  -1.4548881000E-03  -2.7987196000E-03   4.7166140000E-04
   25      2.7567279980E-01   3.5873046000E-03  -2.5007566000E-03  -3.5840793000E-03  -3.1133980000E-04
   26      3.5873046000E-03   2.3245836500E-02   3.1204760000E-04  -1.3634290000E-04   4.6230719000E-03
   27     -2.5007566000E-03   3.1204760000E-04   1.2804646430E-01  -1.2164791920E-01  -1.2252735400E-02
   28     -3.5840793000E-03  -1.3634290000E-04  -1.2164791920E-01   2.6121926770E-01   2.3179453000E-02
   29     -3.1133980000E-04   4.6230719000E-03  -1.2252735400E-02   2.3179453000E-02   3.0382595000E-02
   30      3.4972210000E-04  -6.9379800000E-05   1.1575404000E-03  -8.1165790000E-04  -3.2307520000E-04
   31      3.6168550000E-04   2.6474960000E-04   8.9094090000E-04   9.3891300000E-04   1.5650900000E-05
   32      1.6410250000E-04  -3.1689080000E-04   2.7384400000E-04   5.8119700000E-04  -4.3921180000E-03
   33     -7.9362120000E-04   6.1407400000E-05  -5.2208758000E-03  -4.7174630000E-04   1.0658530000E-04
   34      1.9239290000E-04   2.4071790000E-04   7.2483750000E-04   9.3813840000E-04  -1.3945578000E-03
   35      1.0990430000E-04   3.7437330000E-04  -1.5324701000E-03  -5.5710080000E-04   1.0577273000E-02
   36     -2.8239410000E-04   2.7294820000E-04   3.0407350000E-04  -1.2618010000E-04   1.1148900000E-05
   37      3.1179450000E-04  -5.2663470000E-04  -6.8734800000E-05   3.1658200000E-04   4.8145320000E-04
   38      2.0462500000E-04  -2.7120000000E-05   8.8844100000E-05   2.3597430000E-04   1.3686960000E-04
   39     -1.1978400000E-05   2.4915460000E-04  -4.0652100000E-05   3.1905900000E-05  -2.4891600000E-05
   40      5.0658960000E-04  -3.7712050000E-04  -1.6236340000E-04   3.0869540000E-04   1.2901110000E-04
   41     -9.2386300000E-05  -2.9870000000E-04   4.9133400000E-05  -1.5997960000E-04  -9.1177100000E-05
   42     -1.1911970000E-04   9.4431300000E-05  -2.3185780000E-04  -2.8381860000E-04  -2.9415900000E-05
   43      3.7777160000E-04  -6.7473690000E-04  -3.0234980000E-04   2.0831830000E-04   5.3030080000E-04
   44     -4.1884410000E-04   6.1762440000E-04   2.0603170000E-04  -4.5790360000E-04  -8.6996800000E-04
   45     -2.0435100000E-04   7.3400000000E-07   5.0761050000E-04  -1.8782900000E-04   4.0686000000E-05
   46      1.0614923000E-03   5.8965000000E-05  -5.4756990000E-04   9.6971490000E-04   1.9346290000E-04
   47      5.5438200000E-04  -2.7836840000E-04  -1.9794380000E-04   4.3109150000E-04   3.2296180000E-04
                   30                 31                 32                 33                 34        
    0     -9.1850290000E-04  -7.6327900000E-05  -1.4316193000E-03   2.9112450000E-04  -3.0176820000E-04
    1     -1.0969991000E-03  -4.3932330000E-04  -4.4411300000E-04  -1.7034980000E-04  -3.4726850000E-04
    2     -6.5599250000E-04  -7.3132970000E-04   1.5791200000E-05  -6.2559700000E-05   3.8828990000E-04
    3     -5.7919009000E-03  -1.4690451000E-03   1.1302272000E-03   1.5805272000E-03  -1.2971790000E-03
    4      6.8160790000E-04   7.4917800000E-04   7.6974700000E-04   1.5689261000E-03   1.5920186000E-03
    5      8.7875540000E-04   3.2137250000E-04   1.0967247400E-02  -6.0046000000E-04   4.9192230000E-04
    6     -1.8018796000E-02  -1.4640755000E-03  -4.1442979000E-03  -1.9915981100E-02   5.3526972000E-03
    7     -2.6790476400E-02  -1.0630578000E-03  -3.3309980000E-03   2.7421045500E-02  -2.6880884000E-03
    8     -1.7849543000E-03  -4.1759060000E-04   1.0768410000E-04   4.4664694000E-03  -1.1465630000E-04
    9     -1.2263261910E-01  -1.1872684390E-01   1.9577902000E-02  -1.2468193800E-01   1.1234556950E-01
   10     -1.1755431080E-01  -2.2320285690E-01   2.1234236600E-02   1.1399336790E-01  -2.0704295500E-01
   11      1.2814017200E-02   1.4550785900E-02  -3.5658454600E-02   3.4392386000E-02  -4.6470076500E-02
   12     -4.4968290000E-04  -3.4344920000E-04  -9.3231280000E-04  -8.8982510000E-04   4.6150000000E-07
   13     -4.6006860000E-04  -1.5300834000E-03   2.5871720000E-04   8.0229920000E-04  -1.4014874000E-03
   14      2.2239160000E-04   4.3313480000E-04   1.4203223000E-03   1.3833600000E-04  -2.8029840000E-04
   15      2.5458330000E-04   1.0115812000E-03  -4.1577990000E-04  -5.8630800000E-05   1.0483050000E-04
   16      2.1686340000E-04  -1.7245630000E-04  -3.6818610000E-04   4.7515400000E-05  -2.6901500000E-04
   17      7.3031700000E-05  -3.2237600000E-05  -2.4335270000E-04  -5.2282300000E-05  -5.1382400000E-05
   18     -7.0586840000E-04   9.2907500000E-05  -9.2208710000E-04   1.6398120000E-04   4.6036300000E-05
   19      1.1492100000E-05   2.3802300000E-04  -1.6242300000E-04  -2.7554180000E-04   2.5153870000E-04
   20      7.6509640000E-04   2.5937670000E-04  -1.0933865000E-03   3.5158310000E-04   8.5220000000E-06
   21      1.4253740000E-04  -1.6632800000E-04  -1.7723480000E-04   8.8492300000E-05  -3.0957290000E-04
   22     -4.4636600000E-05   2.5955680000E-04  -1.4089900000E-05  -3.6688260000E-04   8.8623000000E-05
   23      2.6442950000E-04  -2.4855300000E-05   8.9700550000E-04   2.7188340000E-04  -9.3833300000E-05
   24     -2.5709350000E-04   9.7046600000E-05  -5.2307600000E-05  -1.5764350000E-04  -1.3731760000E-04
   25      3.4972210000E-04   3.6168550000E-04   1.6410250000E-04  -7.9362120000E-04   1.9239290000E-04
   26     -6.9379800000E-05   2.6474960000E-04  -3.1689080000E-04   6.1407400000E-05   2.4071790000E-04
   27      1.1575404000E-03   8.9094090000E-04   2.7384400000E-04  -5.2208758000E-03   7.2483750000E-04
   28     -8.1165790000E-04   9.3891300000E-04   5.8119700000E-04  -4.7174630000E-04   9.3813840000E-04
   29     -3.2307520000E-04   1.5650900000E-05  -4.3921180000E-03   1.0658530000E-04  -1.3945578000E-03
   30      1.3859631760E-01   1.3261978170E-01  -1.2362986400E-02   7.1964588000E-03   1.2851584000E-02
   31      1.3261978170E-01   2.5185057850E-01  -1.3177107400E-02  -1.1959888400E-02  -3.1056257100E-02
   32     -1.2362986400E-02  -1.3177107400E-02   2.3210796100E-02  -2.1319287000E-03  -5.3172982000E-03
   33      7.1964588000E-03  -1.1959888400E-02  -2.1319287000E-03   1.4006332130E-01  -1.2875311200E-01
   34      1.2851584000E-02  -3.1056257100E-02  -5.3172982000E-03  -1.2875311200E-01   2.3693858530E-01
   35      2.0121460000E-04  -1.5159893000E-03   5.3519211000E-03  -3.6816996000E-02   5.2578900700E-02
   36      5.1233320000E-04  -4.0085580000E-04   3.8660230000E-04   3.5503980000E-04  -4.2958520000E-04
   37      3.3735700000E-05   6.7798630000E-04   2.2432910000E-04  -2.3664350000E-04   5.4213240000E-04
   38      2.0947700000E-05  -6.7892800000E-05   2.5890280000E-04   1.5294200000E-05   2.1771790000E-04
   39      1.1546850000E-04  -9.2122900000E-05   3.0800900000E-04   3.5482350000E-04  -1.2563780000E-04
   40     -3.7218100000E-05   6.4019960000E-04   1.2569100000E-05  -1.9360910000E-04   6.7484040000E-04
   41     -3.5283100000E-05   7.8300100000E-05  -1.2753580000E-04   7.1645900000E-05   2.4236680000E-04
   42     -2.2344900000E-05   4.6885650000E-04   6.6562860000E-04   5.9677070000E-04   4.9616800000E-04
   43     -4.2508200000E-04   8.8475600000E-04   2.2129480000E-04   8.9191800000E-05   1.0098782000E-03
   44      4.6004500000E-05  -2.0030080000E-04  -4.4216570000E-04   1.4776930000E-04  -4.3915070000E-04
   45      8.2156940000E-04  -4.8217780000E-04   2.2834160000E-04   2.3435510000E-04  -5.6801180000E-04
   46      4.5566250000E-04   8.6315810000E-04  -6.5197760000E-04  -7.0095120000E-04   5.7692350000E-04
   47     -5.4217200000E-05   2.4393310000E-04   4.4233700000E-05  -3.5913310000E-04  -7.1839000000E-06
                   35                 36                 37                 38                 39        
    0     -1.5871750000E-04   9.6662280000E-04   1.4753840000E-04   2.8950516000E-03  -7.8537900000E-05
    1     -8.8574900000E-05  -6.4365040000E-04   1.0547549000E-03  -5.8662192000E-03   2.3807758000E-03
    2      2.3999210000E-04  -5.0114883000E-03  -1.4434500000E-05  -1.9235154200E-02  -5.0004791000E-03
    3      9.7305020000E-04  -3.4183856000E-03   1.8053280000E-04  -8.5070705000E-03  -1.8797963000E-03
    4      5.0736280000E-04  -5.6686260000E-04  -1.0323400000E-03  -1.6941592000E-03  -1.9039158000E-03
    5     -5.5026234000E-03   1.2506070000E-03  -6.4519940000E-04   4.3615947000E-03   2.7415187000E-03
    6     -3.4427075000E-03   2.0749599000E-03  -4.8672900000E-04   6.4108376000E-03   1.5880471000E-03
    7      1.2540879000E-03   1.6859517000E-03  -3.4363900000E-04   4.6095263000E-03   1.1988538000E-03
    8      3.3726790000E-04  -1.2640740000E-04   6.2108120000E-04   2.9372600000E-05   4.9596390000E-04
    9      4.0455786600E-02  -8.2582970000E-04  -1.9688340000E-04  -2.4350257000E-03  -1.1019911000E-03
   10     -5.2631273600E-02  -5.9656000000E-06  -6.7328510000E-04   5.8927520000E-04   1.1350730000E-04
   11     -4.7416643600E-02  -2.2687848000E-03  -2.5588800000E-05  -3.5429911000E-03  -1.4469684000E-03
   12     -1.0562576000E-03  -3.3263977700E-02  -8.0047196000E-03  -1.3101981200E-02  -4.8186552000E-03
   13      3.7422300000E-04   8.0177540000E-03   7.2921699000E-03  -8.0128099000E-03  -2.7440610600E-02
   14      3.0276630000E-04   7.1111430000E-03   1.9416446000E-03   6.2860821000E-03  -1.4160570000E-04
   15     -6.1568750000E-04  -1.8371729070E-01   9.1189484600E-02   1.2161706480E-01  -3.8654785200E-02
   16      2.6140790000E-04   9.5485576400E-02  -9.7574544500E-02  -5.3118838700E-02  -1.1959922400E-02
   17     -1.8870220000E-04   1.0130246490E-01  -5.4310227100E-02  -6.9198745600E-02   9.5017185000E-03
   18     -8.1011600000E-05  -3.0141900000E-05  -1.6396910000E-04  -5.5880000000E-06  -1.4093700000E-05
   19     -4.3913200000E-05   1.0698940000E-04   7.5479500000E-05  -1.0204980000E-04   6.2543100000E-05
   20      7.2386420000E-04  -5.3799260000E-04  -7.8138300000E-05  -6.2993700000E-04  -7.8931570000E-04
   21     -1.7800150000E-04   5.6872850000E-04  -5.7243000000E-06   2.6620390000E-04  -2.1001490000E-04
   22      1.0599970000E-04  -1.9771300000E-05   7.0752650000E-04   4.3701200000E-05   4.2671000000E-05
   23      2.8850420000E-04  -9.8938510000E-04   4.8969760000E-04  -6.6947100000E-05  -6.7175250000E-04
   24      2.2729170000E-04  -3.3051600000E-05  -2.7563400000E-04  -2.4105080000E-04   1.1604100000E-05
   25      1.0990430000E-04  -2.8239410000E-04   3.1179450000E-04   2.0462500000E-04  -1.1978400000E-05
   26      3.7437330000E-04   2.7294820000E-04  -5.2663470000E-04  -2.7120000000E-05   2.4915460000E-04
   27     -1.5324701000E-03   3.0407350000E-04  -6.8734800000E-05   8.8844100000E-05  -4.0652100000E-05
   28     -5.5710080000E-04  -1.2618010000E-04   3.1658200000E-04   2.3597430000E-04   3.1905900000E-05
   29      1.0577273000E-02   1.1148900000E-05   4.8145320000E-04   1.3686960000E-04  -2.4891600000E-05
   30      2.0121460000E-04   5.1233320000E-04   3.3735700000E-05   2.0947700000E-05   1.1546850000E-04
   31     -1.5159893000E-03  -4.0085580000E-04   6.7798630000E-04  -6.7892800000E-05  -9.2122900000E-05
   32      5.3519211000E-03   3.8660230000E-04   2.2432910000E-04   2.5890280000E-04   3.0800900000E-04
   33     -3.6816996000E-02   3.5503980000E-04  -2.3664350000E-04   1.5294200000E-05   3.5482350000E-04
   34      5.2578900700E-02  -4.2958520000E-04   5.4213240000E-04   2.1771790000E-04  -1.2563780000E-04
   35      3.5133943600E-02   4.5765730000E-04   1.2236490000E-04  -6.0798300000E-05   3.2176960000E-04
   36      4.5765730000E-04   2.1903524720E-01  -1.0680316630E-01  -1.0399667150E-01  -6.4503020000E-04
   37      1.2236490000E-04  -1.0680316630E-01   1.1117942840E-01   6.2021385100E-02   2.5416142700E-02
   38     -6.0798300000E-05  -1.0399667150E-01   6.2021385100E-02   8.1338512600E-02  -1.0980329000E-03
