
$orca_hessian_file

$act_atom
  0

$act_coord
  0

$act_energy
      -21.879886

$multiplicity
  1

$hessian
48
                    0                  1                  2                  3                  4        
    0      8.1646516550E-01  -1.2607549200E-02  -1.1666524100E-02  -4.4884132190E-01   5.2618006800E-02
    1     -1.2607549200E-02   4.5025512640E-01  -6.6044506200E-02   1.7890402200E-02  -7.1761888800E-02
    2     -1.1666524100E-02  -6.6044506200E-02   1.2536865300E-02  -2.1373521600E-02  -2.5743072400E-02
    3     -4.4884132190E-01   1.7890402200E-02  -2.1373521600E-02   6.7138993550E-01  -5.5994272600E-02
    4      5.2618006800E-02  -7.1761888800E-02  -2.5743072400E-02  -5.5994272600E-02   5.8125994860E-01
    5      9.9778406200E-02   6.0924973000E-03   3.4735316900E-02  -4.1103255600E-02   3.4045564100E-02
    6     -5.6059384400E-02  -2.1117506900E-02   6.2849478700E-02  -4.9944735400E-02  -5.7261381100E-02
    7     -2.5264439100E-02   5.9635807000E-03   4.9871847300E-02  -5.2865280000E-02  -2.3578871000E-01
    8     -6.0450784000E-03   8.3231737000E-03   3.1618578200E-02   4.7174593200E-02   5.1953335100E-02
    9      3.8797295000E-03  -4.3069800000E-03  -6.2900011000E-03  -4.7785888700E-02  -2.1968901800E-02
   10     -3.9813647000E-03  -4.2257946000E-03   2.5796310000E-03  -2.7801014000E-02  -4.2371420000E-04
   11      6.1809400000E-03  -6.0508562000E-03  -3.3249327900E-02  -4.4990066900E-02  -3.2241494600E-02
   12      1.2840408700E-02  -1.3071945900E-02  -7.7320403300E-02  -6.5578266300E-02  -2.9922511200E-02
   13      7.1113304000E-03  -8.6756163000E-03  -4.0137064100E-02  -3.6398554200E-02   6.7385060000E-04
   14     -3.5244263000E-03  -2.3332557000E-03  -4.4747626000E-03  -3.1634870900E-02  -3.2721306800E-02
   15     -2.2213107400E-02   1.7888523500E-02   1.2241339420E-01   8.2009183100E-02   1.2094191800E-02
   16     -1.0487750200E-02  -1.2889894100E-02   3.0788356700E-02   2.0279027700E-02   2.6241981000E-03
   17     -2.2684962600E-02   2.9684282000E-02   1.1408448600E-01   1.0912297650E-01   5.1771600000E-05
   18     -1.5730186230E-01  -1.1905856500E-01  -1.9272714300E-02  -1.7566250800E-02  -2.4515751500E-02
   19     -1.1738178430E-01  -1.6993765920E-01  -1.9173079900E-02  -2.2718710000E-04   1.4444686000E-03
   20     -2.5736628900E-02  -2.5132779200E-02  -4.3233915500E-02   5.0676637000E-03   7.3104726000E-03
   21     -1.2579194880E-01   1.1013418630E-01  -4.1249821600E-02  -1.5813420900E-02   2.5348230600E-02
   22      1.0588238270E-01  -1.8662656190E-01   5.5906391600E-02   6.7706667000E-03  -4.7038519000E-03
   23     -4.9910066100E-02   6.3283587000E-02  -4.8923939300E-02   1.0453694800E-02  -6.2168638000E-03
   24     -1.9292806200E-02   2.5697635200E-02  -1.5433324000E-03  -9.9654268700E-02   1.1109053720E-01
   25      5.0070369000E-03  -2.6794255000E-03  -1.7510034000E-03   1.0900218960E-01  -2.4744310110E-01
   26      3.3311279000E-03  -3.1654229000E-03   2.0642472000E-03  -9.1704370000E-04   9.8632736000E-03
   27      9.2742800000E-04  -2.3917089000E-03  -2.0706000000E-05   5.7793024000E-03  -1.0325555700E-02
   28      1.0662103000E-03   6.5603350000E-04   3.6404540000E-04   1.0643764800E-02  -2.5700159500E-02
   29      4.9976800000E-05   2.0253080000E-04  -9.1105380000E-04   3.6615190000E-04  -1.0778684000E-03
   30     -1.2270699000E-03  -7.0306470000E-04  -1.6034503000E-03  -5.7740261000E-03   2.2092060000E-04
   31     -2.6528750000E-04  -1.1087436000E-03  -8.5505190000E-04  -2.4044560000E-03   1.3210889000E-03
   32     -1.4075060000E-04   7.5381560000E-04  -2.0024737000E-03   2.3397733000E-03  -4.1394420000E-04
   33      3.0437670000E-04  -6.7659930000E-04  -4.7370130000E-04   1.9490334000E-03   7.9511520000E-04
   34     -2.6615430000E-04  -5.3110790000E-04   7.9566340000E-04  -8.6836000000E-05   2.2608682000E-03
   35     -4.6409730000E-04  -7.5638240000E-04  -9.9588660000E-04  -8.7543220000E-04  -1.0190958000E-03
   36      1.7642730000E-03  -2.0905111000E-03  -9.3423162000E-03  -8.3678512000E-03  -1.2260022000E-03
   37     -4.1334820000E-04   2.0330686000E-03  -1.5327300000E-04  -7.8619520000E-04  -2.8596995000E-03
   38      3.5188631000E-03  -7.2660104000E-03  -2.1426161000E-02  -1.3101283300E-02  -1.3652232000E-03
   39     -3.7272650000E-04   3.0845441000E-03  -7.3304654000E-03  -5.3898832000E-03  -4.4192981000E-03
   40      1.3546080000E-04  -4.5523470000E-04   1.8738212000E-03   2.8744300000E-04  -1.0032576000E-03
   41     -1.1376990000E-04   7.1805818000E-03  -2.1191602100E-02  -8.2918821000E-03   1.7736745000E-03
   42     -3.6913875000E-03   4.5615670000E-04   7.1165832000E-03   2.7713413000E-03   2.7626168000E-03
   43     -2.0978417000E-03   6.4545520000E-04   5.8909896000E-03   4.3036044000E-03   1.0153633000E-03
   44      4.4796336000E-03  -3.3675988000E-03  -1.4952009100E-02  -9.8106181000E-03  -6.1636485000E-03
   45     -1.3897664000E-03   8.7298300000E-04   5.1075014000E-03   8.1711750000E-04   7.0405520000E-04
   46      9.4509120000E-04  -6.6133780000E-04   5.7863049000E-03   7.3866966000E-03  -9.1540370000E-04
   47      2.9473566000E-03  -1.4036565000E-03  -3.6783622000E-03  -2.4268789000E-03   1.9644264000E-03
                    5                  6                  7                  8                  9        
    0      9.9778406200E-02  -5.6059384400E-02  -2.5264439100E-02  -6.0450784000E-03   3.8797295000E-03
    1      6.0924973000E-03  -2.1117506900E-02   5.9635807000E-03   8.3231737000E-03  -4.3069800000E-03
    2      3.4735316900E-02   6.2849478700E-02   4.9871847300E-02   3.1618578200E-02  -6.2900011000E-03
    3     -4.1103255600E-02  -4.9944735400E-02  -5.2865280000E-02   4.7174593200E-02  -4.7785888700E-02
    4      3.4045564100E-02  -5.7261381100E-02  -2.3578871000E-01   5.1953335100E-02  -2.1968901800E-02
    5      1.2470037460E-01  -3.5590700700E-02  -2.7792453300E-02  -3.9989382800E-02   1.2204243200E-02
    6     -3.5590700700E-02   7.7643281290E-01  -2.9614187800E-02  -1.2205876360E-01  -5.2354874620E-01
    7     -2.7792453300E-02  -2.9614187800E-02   5.6644735470E-01  -2.4209977900E-02   1.5615589400E-02
    8     -3.9989382800E-02  -1.2205876360E-01  -2.4209977900E-02   3.0541245700E-02   1.4904226900E-02
    9      1.2204243200E-02  -5.2354874620E-01   1.5615589400E-02   1.4904226900E-02   8.3267057280E-01
   10      1.2436126000E-03  -5.0723065000E-03  -7.1617505700E-02  -6.3460627000E-03   1.9177844900E-02
   11      2.3831320800E-02   8.6492275200E-02   2.9754237300E-02   3.0741613100E-02  -1.5364879280E-01
   12     -2.6344094000E-03   3.2933464400E-02   2.2140660400E-02   3.8992958000E-02  -5.5703483000E-03
   13      5.5994310000E-04   6.1341045000E-03   6.3829696000E-03   1.4701084000E-03  -1.6680483000E-03
   14     -2.0555956800E-02   9.9462531000E-03   1.8327757200E-02   2.1357895400E-02   1.3038536300E-02
   15     -4.8301695700E-02  -4.7542747700E-02  -3.5569206200E-02  -2.8270694000E-03   5.6501630000E-03
   16     -9.3116876000E-03  -7.0320327000E-03  -2.8203199000E-03   1.5976428000E-03  -5.5680790000E-04
   17     -8.5516708000E-02  -1.7390805200E-02  -1.9472745300E-02  -4.7047818000E-02  -4.9672493000E-03
   18      7.2279950000E-04  -5.9277372000E-03   1.0364669000E-03  -6.3842000000E-06  -1.2180073000E-03
   19      6.4287450000E-04  -1.4044359000E-03   4.8802040000E-04  -7.7690000000E-06  -1.5210870000E-04
   20     -5.6470880000E-04   2.3149647000E-03  -1.2883112000E-03   9.0019643000E-03   1.0193630000E-04
   21     -3.8103800000E-03   1.4667329000E-03   1.4510506000E-03   6.5280950000E-04   1.0509144000E-03
   22     -7.3925340000E-04  -2.2346735000E-03   8.5013720000E-04  -7.0426060000E-04  -1.7433900000E-05
   23     -1.3844285000E-03  -3.5944619000E-03  -1.8525221000E-03  -5.3674684000E-03  -1.7548430000E-04
   24     -1.4844150000E-03   5.9247791000E-03  -1.2076915300E-02   7.9414300000E-05   1.4324234000E-03
   25      8.2572597000E-03   1.1717600800E-02  -2.5666044800E-02   1.4380680000E-04   6.8197960000E-04
   26     -2.7198854900E-02  -3.6434855000E-03  -1.4336455000E-03  -1.3427048000E-03   2.6708620000E-04
   27     -1.9764013000E-03  -1.0406010070E-01   1.0939387020E-01   1.3661823000E-02  -2.2910423200E-02
   28     -2.1552706000E-03   1.0913988750E-01  -2.3343082870E-01  -2.6985400000E-02   4.1507957000E-03
   29     -5.8945900000E-05   1.3406541500E-02  -2.6670699300E-02  -3.6392257100E-02   4.1466874000E-03
   30      5.0626812000E-03  -1.7229554200E-02  -2.6902478900E-02   2.3405923000E-03  -1.1596263940E-01
   31      1.0467471000E-03  -1.1210294000E-03  -1.3803726000E-03   1.4717590000E-04  -1.0682610060E-01
   32      1.1732232700E-02  -1.9731952000E-03   2.5035827000E-03   3.7560637000E-03   4.5712558700E-02
   33     -2.1423450000E-03  -1.9234633900E-02   2.6040014100E-02   8.0068027000E-03  -1.2527542890E-01
   34      2.3675500000E-04   4.1886117000E-03  -2.0354443000E-03  -1.0740920000E-03   9.5999051100E-02
   35     -4.9805875000E-03  -2.9004640000E-04  -3.0761892000E-03   2.2682425000E-03   7.5947782200E-02
   36      2.5633744000E-03   3.8447419000E-03   3.4122335000E-03   2.8893699000E-03  -4.7278840000E-04
   37     -4.3951930000E-04   9.2232700000E-05   1.0094900000E-04   2.1107303000E-03  -3.8761300000E-05
   38      6.3007469000E-03   8.2270853000E-03   7.0810468000E-03   1.4280155000E-03  -2.2166260000E-03
   39      8.1602121000E-03   3.7541973000E-03   3.2862425000E-03   4.5398846000E-03  -1.0123631000E-03
   40      2.4396418000E-03   6.2928790000E-04   1.7412960000E-04   1.1516454000E-03   4.4747230000E-04
   41      1.6809797000E-03   3.3069364000E-03   9.5753100000E-04   2.9723890000E-04   2.9484830000E-04
   42      4.0142007000E-03  -2.3015172000E-03  -6.7473900000E-04  -2.7678166000E-03  -7.4111160000E-04
   43      2.8558637000E-03  -1.4903544000E-03  -1.1914705000E-03  -1.0638676000E-03   2.4058100000E-05
   44     -2.9388237000E-03   4.6205060000E-03   2.3386897000E-03   5.5485479000E-03   9.3919070000E-04
   45      4.5376855000E-03   1.4924284000E-03   5.9111870000E-04   4.6263800000E-04  -1.8605800000E-04
   46     -1.6982574700E-02  -5.5538169000E-03  -6.4764445000E-03  -6.5061886000E-03  -5.6164850000E-04
   47     -1.9792574700E-02  -6.6225822000E-03  -5.0381480000E-03  -6.4197741000E-03  -2.5894280000E-04
                   10                 11                 12                 13                 14        
    0     -3.9813647000E-03   6.1809400000E-03   1.2840408700E-02   7.1113304000E-03  -3.5244263000E-03
    1     -4.2257946000E-03  -6.0508562000E-03  -1.3071945900E-02  -8.6756163000E-03  -2.3332557000E-03
    2      2.5796310000E-03  -3.3249327900E-02  -7.7320403300E-02  -4.0137064100E-02  -4.4747626000E-03
    3     -2.7801014000E-02  -4.4990066900E-02  -6.5578266300E-02  -3.6398554200E-02  -3.1634870900E-02
    4     -4.2371420000E-04  -3.2241494600E-02  -2.9922511200E-02   6.7385060000E-04  -3.2721306800E-02
    5      1.2436126000E-03   2.3831320800E-02  -2.6344094000E-03   5.5994310000E-04  -2.0555956800E-02
    6     -5.0723065000E-03   8.6492275200E-02   3.2933464400E-02   6.1341045000E-03   9.9462531000E-03
    7     -7.1617505700E-02   2.9754237300E-02   2.2140660400E-02   6.3829696000E-03   1.8327757200E-02
    8     -6.3460627000E-03   3.0741613100E-02   3.8992958000E-02   1.4701084000E-03   2.1357895400E-02
    9      1.9177844900E-02  -1.5364879280E-01  -5.5703483000E-03  -1.6680483000E-03   1.3038536300E-02
   10      4.4050810070E-01   3.3103841000E-02   1.4031813000E-03  -2.3986398000E-03   1.3991538000E-03
   11      3.3103841000E-02   1.4288993400E-01  -1.7633380400E-02  -3.0080537000E-03  -3.8468009500E-02
   12      1.4031813000E-03  -1.7633380400E-02   4.5369269780E-01   4.0371165000E-03   1.8539037850E-01
   13     -2.3986398000E-03  -3.0080537000E-03   4.0371165000E-03   3.0511823150E-01   1.8374294800E-02
   14      1.3991538000E-03  -3.8468009500E-02   1.8539037850E-01   1.8374294800E-02   3.2257370870E-01
   15     -1.3322680000E-03   2.3650694300E-02  -2.3065464870E-01  -4.6653300800E-02  -4.1362410300E-02
   16     -2.7198582000E-03   1.7812179000E-03  -6.6500558300E-02  -8.6347285600E-02  -2.2629963800E-02
   17     -1.8036476000E-03   1.6142195600E-02   7.1990644900E-02   2.6793003600E-02  -5.0708915600E-02
   18     -8.4976330000E-04   3.6554580000E-04   1.3159280000E-04   3.4173800000E-04   3.8533310000E-04
   19     -4.5604400000E-05   2.1231930000E-04   7.0034280000E-04  -4.4523740000E-04   6.5029310000E-04
   20     -3.9661510000E-04  -5.5750960000E-04   3.4233230000E-04   1.0610026000E-03  -1.1132968000E-03
   21     -3.6319230000E-04   2.7612090000E-04   5.3312300000E-05   4.3304860000E-04  -3.2871910000E-04
   22      2.1779400000E-04   1.0745240000E-04   4.0242310000E-04  -7.4881850000E-04  -2.1906860000E-04
   23      4.2964280000E-04   8.6923470000E-04   3.8493716000E-03   1.2802423000E-03  -3.3118110000E-04
   24     -1.0568255000E-03   1.3726310000E-04  -8.7222670000E-04   4.7920260000E-04   4.6241080000E-04
   25      1.6131918000E-03  -9.2135420000E-04  -1.0515760000E-04  -2.2841354000E-03  -2.1089090000E-04
   26     -9.6506790000E-04   5.0583080000E-04   1.6807316000E-03   2.0460940000E-03   6.8786520000E-04
   27      2.5222319600E-02   7.6227359000E-03  -7.0371660000E-04   1.1415280000E-03  -9.3465130000E-04
   28     -5.3297700000E-05  -7.0311530000E-04   1.3792682000E-03  -1.5486162000E-03   1.7882255000E-03
   29     -2.0227583000E-03   4.9608200000E-05  -1.5747156000E-03   2.2194338000E-03  -4.1822776000E-03
   30     -1.0548623440E-01   3.5094278500E-02  -6.2231420000E-04  -5.2901460000E-04   3.0556800000E-04
   31     -1.9839996340E-01   4.5117698500E-02  -2.7130170000E-04  -1.3762763000E-03  -4.0739980000E-04
   32      5.3807120500E-02  -5.4978886900E-02  -2.2588359000E-03  -1.4068498000E-03  -3.0538500000E-04
   33      9.9664496600E-02   6.5096148700E-02  -1.2895821000E-03   7.9597960000E-04   4.0235000000E-04
   34     -1.5927245440E-01  -7.2742552400E-02   1.1865660000E-04  -1.4135819000E-03   5.1854910000E-04
   35     -8.1533057100E-02  -8.5169527200E-02  -2.3261385000E-03   1.2977970000E-03  -1.6399524000E-03
   36     -1.7090010000E-04  -4.2762509000E-03  -3.3802164000E-02   7.3083107000E-03   7.3798402000E-03
   37     -1.3740038000E-03  -8.3214970000E-04  -8.3814679000E-03   5.9678305000E-03   1.8235015000E-03
   38      6.7192380000E-04  -4.9393859000E-03  -1.0197683200E-02  -9.2090043000E-03   4.7405667000E-03
   39      5.6109740000E-04  -3.5718791000E-03  -1.0182626200E-02  -2.7804469000E-02  -2.8046768000E-03
   40     -4.5669350000E-04  -1.1365881000E-03  -4.0456565000E-03  -1.1736810100E-02  -2.0984622000E-03
   41     -4.8933730000E-04  -1.9609500000E-03  -1.1579872900E-02  -2.1352402000E-03  -7.1650200000E-04
   42      6.8460970000E-04   9.2525980000E-04  -1.1438638760E-01   5.9095984000E-02  -1.3503640520E-01
   43     -3.2309950000E-04   7.5149760000E-04   7.1728726900E-02  -4.1116193600E-02   8.5481549200E-02
   44     -2.3580410000E-04  -2.6328557000E-03  -1.7444870050E-01   9.4152053900E-02  -1.6951633610E-01
   45     -5.9968070000E-04  -1.7208922000E-03  -3.5989195400E-02   2.6175044000E-02  -1.6845102000E-03
   46     -1.0284572000E-03   6.8079003000E-03   2.0388223200E-02  -1.6005167110E-01  -6.7742976400E-02
   47      5.5742480000E-04   6.9267154000E-03  -2.2722773000E-03  -9.3357761300E-02  -5.7347460500E-02
                   15                 16                 17                 18                 19        
    0     -2.2213107400E-02  -1.0487750200E-02  -2.2684962600E-02  -1.5730186230E-01  -1.1738178430E-01
    1      1.7888523500E-02  -1.2889894100E-02   2.9684282000E-02  -1.1905856500E-01  -1.6993765920E-01
    2      1.2241339420E-01   3.0788356700E-02   1.1408448600E-01  -1.9272714300E-02  -1.9173079900E-02
    3      8.2009183100E-02   2.0279027700E-02   1.0912297650E-01  -1.7566250800E-02  -2.2718710000E-04
    4      1.2094191800E-02   2.6241981000E-03   5.1771600000E-05  -2.4515751500E-02   1.4444686000E-03
    5     -4.8301695700E-02  -9.3116876000E-03  -8.5516708000E-02   7.2279950000E-04   6.4287450000E-04
    6     -4.7542747700E-02  -7.0320327000E-03  -1.7390805200E-02  -5.9277372000E-03  -1.4044359000E-03
    7     -3.5569206200E-02  -2.8203199000E-03  -1.9472745300E-02   1.0364669000E-03   4.8802040000E-04
    8     -2.8270694000E-03   1.5976428000E-03  -4.7047818000E-02  -6.3842000000E-06  -7.7690000000E-06
    9      5.6501630000E-03  -5.5680790000E-04  -4.9672493000E-03  -1.2180073000E-03  -1.5210870000E-04
   10     -1.3322680000E-03  -2.7198582000E-03  -1.8036476000E-03  -8.4976330000E-04  -4.5604400000E-05
   11      2.3650694300E-02   1.7812179000E-03   1.6142195600E-02   3.6554580000E-04   2.1231930000E-04
   12     -2.3065464870E-01  -6.6500558300E-02   7.1990644900E-02   1.3159280000E-04   7.0034280000E-04
   13     -4.6653300800E-02  -8.6347285600E-02   2.6793003600E-02   3.4173800000E-04  -4.4523740000E-04
   14     -4.1362410300E-02  -2.2629963800E-02  -5.0708915600E-02   3.8533310000E-04   6.5029310000E-04
   15      4.4129842730E-01   5.2847675300E-02  -2.1563621130E-01  -6.4449970000E-04   3.4804900000E-05
   16      5.2847675300E-02   4.8424625730E-01  -1.9429040600E-02  -1.0235427000E-03  -5.8625450000E-04
   17     -2.1563621130E-01  -1.9429040600E-02   1.7002235750E-01  -1.1273451000E-03  -6.0028800000E-05
   18     -6.4449970000E-04  -1.0235427000E-03  -1.1273451000E-03   1.7212398830E-01   1.3518138200E-01
   19      3.4804900000E-05  -5.8625450000E-04  -6.0028800000E-05   1.3518138200E-01   2.1038785070E-01
   20     -1.6433007000E-03  -3.5718017000E-03   3.8527081000E-03   1.9256502900E-02   1.4298002900E-02
   21     -2.0761460000E-03   1.0128453000E-03  -2.2529437000E-03   8.9533190000E-03  -1.6164569800E-02
   22     -9.5524990000E-04   3.6159440000E-04  -4.2093690000E-04   8.5222060000E-03  -4.5901736200E-02
   23     -5.7412427000E-03   3.4967805000E-03  -8.0577527000E-03   2.3526700000E-04   3.9080778000E-03
   24     -8.6739250000E-04   2.8772190000E-04   3.6827400000E-05   1.7916148000E-03   7.3787780000E-04
   25      1.6670918000E-03  -7.3281810000E-04   2.1922050000E-04  -5.3321200000E-04   6.9575220000E-04
   26     -1.0329404000E-03   2.8712120000E-04  -3.0930949000E-03  -1.2498030000E-04   2.0057150000E-04
   27     -4.9605680000E-04   2.8465220000E-04   6.7951300000E-04  -4.4672660000E-04  -3.0134830000E-04
   28     -2.8959080000E-04  -1.1415791000E-03  -6.4476970000E-04   4.4784430000E-04   2.1512970000E-04
   29     -2.1366480000E-04   1.4461740000E-04   2.2943970000E-04   8.8761600000E-05  -4.7621060000E-04
   30      5.0311350000E-04   6.9063690000E-04  -6.4922600000E-05  -1.3858641000E-03   1.8833590000E-04
   31      1.3402707000E-03  -1.1823828000E-03  -1.7806820000E-04   2.5709350000E-04   3.0658820000E-04
   32     -7.0542150000E-04  -7.0118120000E-04   9.9610280000E-04  -6.3069870000E-04  -8.0894100000E-05
   33      1.3892950000E-04  -1.8004700000E-05  -4.0074670000E-04   1.9332180000E-04  -6.2529450000E-04
   34     -1.7080000000E-05  -1.1539463000E-03  -2.8349880000E-04   3.6882780000E-04   3.1866430000E-04
   35     -5.0642070000E-04   3.9087580000E-04   9.2521700000E-05  -3.9901760000E-04  -8.8817000000E-05
   36     -1.4695218350E-01   7.8784532900E-02   1.1290403740E-01  -7.9822600000E-05   3.4094580000E-04
   37      7.5491331500E-02  -8.4068070900E-02  -5.9282946000E-02  -4.1889080000E-04   3.1074790000E-04
   38      1.3121321200E-01  -6.0023365400E-02  -9.4275401100E-02   1.2269590000E-04  -6.8219800000E-05
   39     -3.6616271900E-02  -3.1646536000E-02   1.3884246100E-02   6.8737850000E-04  -1.4301340000E-04
   40     -3.1889686100E-02  -2.6596254300E-01   6.4096770700E-02  -6.3565900000E-05   4.4913620000E-04
   41      2.9390047600E-02   7.7116756900E-02  -4.0795947300E-02   8.2190600000E-05   3.3994570000E-04
   42     -3.3660049300E-02   3.6686783000E-03  -2.1098336000E-02   1.2461681000E-03  -1.5425451000E-03
   43     -1.6680580700E-02  -1.7402637000E-03  -1.1439743100E-02   3.7861260000E-04   7.1701470000E-04
   44      1.5675527500E-02   1.0577983600E-02   1.5092469100E-02   3.9957810000E-04  -5.1433720000E-04
   45     -7.8767129000E-03  -4.0590538000E-02  -2.2994722700E-02  -5.5661260000E-04   7.5859790000E-04
   46     -2.7976926900E-02  -2.5886833700E-02  -7.8296232000E-03  -7.0879800000E-05   1.5831189000E-03
   47     -4.3724980000E-03  -1.0514312500E-02   8.9833573000E-03  -9.7534300000E-05   2.1727180000E-04
                   20                 21                 22                 23                 24        
    0     -2.5736628900E-02  -1.2579194880E-01   1.0588238270E-01  -4.9910066100E-02  -1.9292806200E-02
    1     -2.5132779200E-02   1.1013418630E-01  -1.8662656190E-01   6.3283587000E-02   2.5697635200E-02
    2     -4.3233915500E-02  -4.1249821600E-02   5.5906391600E-02  -4.8923939300E-02  -1.5433324000E-03
    3      5.0676637000E-03  -1.5813420900E-02   6.7706667000E-03   1.0453694800E-02  -9.9654268700E-02
    4      7.3104726000E-03   2.5348230600E-02  -4.7038519000E-03  -6.2168638000E-03   1.1109053720E-01
    5     -5.6470880000E-04  -3.8103800000E-03  -7.3925340000E-04  -1.3844285000E-03  -1.4844150000E-03
    6      2.3149647000E-03   1.4667329000E-03  -2.2346735000E-03  -3.5944619000E-03   5.9247791000E-03
    7     -1.2883112000E-03   1.4510506000E-03   8.5013720000E-04  -1.8525221000E-03  -1.2076915300E-02
    8      9.0019643000E-03   6.5280950000E-04  -7.0426060000E-04  -5.3674684000E-03   7.9414300000E-05
    9      1.0193630000E-04   1.0509144000E-03  -1.7433900000E-05  -1.7548430000E-04   1.4324234000E-03
   10     -3.9661510000E-04  -3.6319230000E-04   2.1779400000E-04   4.2964280000E-04  -1.0568255000E-03
   11     -5.5750960000E-04   2.7612090000E-04   1.0745240000E-04   8.6923470000E-04   1.3726310000E-04
   12      3.4233230000E-04   5.3312300000E-05   4.0242310000E-04   3.8493716000E-03  -8.7222670000E-04
   13      1.0610026000E-03   4.3304860000E-04  -7.4881850000E-04   1.2802423000E-03   4.7920260000E-04
   14     -1.1132968000E-03  -3.2871910000E-04  -2.1906860000E-04  -3.3118110000E-04   4.6241080000E-04
   15     -1.6433007000E-03  -2.0761460000E-03  -9.5524990000E-04  -5.7412427000E-03  -8.6739250000E-04
   16     -3.5718017000E-03   1.0128453000E-03   3.6159440000E-04   3.4967805000E-03   2.8772190000E-04
   17      3.8527081000E-03  -2.2529437000E-03  -4.2093690000E-04  -8.0577527000E-03   3.6827400000E-05
   18      1.9256502900E-02   8.9533190000E-03   8.5222060000E-03   2.3526700000E-04   1.7916148000E-03
   19      1.4298002900E-02  -1.6164569800E-02  -4.5901736200E-02   3.9080778000E-03   7.3787780000E-04
   20      2.9764065300E-02   3.1773145000E-03   7.8119792000E-03   7.6392019000E-03  -6.5543280000E-04
   21      3.1773145000E-03   1.3575486500E-01  -1.1880153590E-01   4.3747938600E-02  -4.8087036000E-03
   22      7.8119792000E-03  -1.1880153590E-01   2.3247648210E-01  -6.2821169300E-02   2.0926285000E-03
   23      7.6392019000E-03   4.3747938600E-02  -6.2821169300E-02   4.6408376500E-02   3.6479105000E-03
   24     -6.5543280000E-04  -4.8087036000E-03   2.0926285000E-03   3.6479105000E-03   1.1710223170E-01
   25     -1.7752520000E-04  -4.1425910000E-04   2.2831840000E-04  -3.7029340000E-04  -1.2347682220E-01
   26     -3.1079259000E-03  -6.6013300000E-05   1.5203668000E-03   6.9662203000E-03  -8.7533930000E-04
   27      9.8828700000E-05  -2.0968580000E-04  -6.0934040000E-04  -3.3027000000E-05  -1.3511024000E-03
   28     -1.5701640000E-04  -6.5159320000E-04  -3.6185000000E-05  -1.3184680000E-04  -2.7277818000E-03
   29     -4.3614300000E-04  -1.8247300000E-05  -3.6474590000E-04   3.3583490000E-04   3.9695420000E-04
   30      5.1110450000E-04   1.9516280000E-04   1.9222710000E-04   8.2471350000E-04  -4.9766390000E-04
   31      2.0290940000E-04  -4.4181220000E-04   4.1396460000E-04   7.0750300000E-05  -1.0000770000E-04
   32     -1.4135455000E-03  -5.4449830000E-04   6.8932900000E-05   1.6167458000E-03  -1.8517810000E-04
   33      7.8409680000E-04  -2.7198030000E-04  -6.3847500000E-04   6.5044910000E-04   2.4919910000E-04
   34     -6.4735200000E-05  -5.8485970000E-04   2.5151080000E-04   4.9347400000E-05  -2.2397150000E-04
   35      1.3357407000E-03  -4.2313290000E-04  -3.5535200000E-05   3.6153030000E-04   9.1263900000E-05
   36     -8.9994770000E-04   6.3298060000E-04   3.8854930000E-04  -4.6772190000E-04  -1.5844330000E-04
   37      1.6278660000E-04   1.6612840000E-04   6.1735330000E-04  -2.7308620000E-04  -2.0124230000E-04
   38     -1.1256013000E-03   3.1559870000E-04   2.9331680000E-04   8.6363030000E-04  -6.9192800000E-05
   39     -6.7926290000E-04  -2.8521170000E-04   1.3292200000E-05  -1.6134560000E-03   2.8175760000E-04
   40     -1.7412350000E-04  -8.3118800000E-05   2.8252210000E-04  -2.0241200000E-05   2.1347640000E-04
   41      5.2158300000E-04   1.4148570000E-04  -1.9491830000E-04  -2.4118224000E-03   4.4119340000E-04
   42     -1.0075292000E-03   1.6792270000E-04  -1.6239373000E-03  -1.5328061000E-03   1.2386054000E-03
   43      3.0904560000E-04  -6.9554250000E-04   5.2609830000E-04  -6.5091630000E-04   2.7734310000E-04
   44      3.3779990000E-04   4.5448190000E-04  -8.6028220000E-04  -1.7601450000E-04   2.3696350000E-04
   45     -1.0326424000E-03   9.8188750000E-04   6.1627030000E-04  -3.4107920000E-04  -5.1800400000E-04
   46     -1.9329140000E-04  -3.4500630000E-04   1.7913783000E-03  -1.8148870000E-04  -1.0128563000E-03
   47     -9.0041690000E-04  -7.1993800000E-05   6.5173080000E-04   1.5918323000E-03  -7.1731100000E-04
                   25                 26                 27                 28                 29        
    0      5.0070369000E-03   3.3311279000E-03   9.2742800000E-04   1.0662103000E-03   4.9976800000E-05
    1     -2.6794255000E-03  -3.1654229000E-03  -2.3917089000E-03   6.5603350000E-04   2.0253080000E-04
    2     -1.7510034000E-03   2.0642472000E-03  -2.0706000000E-05   3.6404540000E-04  -9.1105380000E-04
    3      1.0900218960E-01  -9.1704370000E-04   5.7793024000E-03   1.0643764800E-02   3.6615190000E-04
    4     -2.4744310110E-01   9.8632736000E-03  -1.0325555700E-02  -2.5700159500E-02  -1.0778684000E-03
    5      8.2572597000E-03  -2.7198854900E-02  -1.9764013000E-03  -2.1552706000E-03  -5.8945900000E-05
    6      1.1717600800E-02  -3.6434855000E-03  -1.0406010070E-01   1.0913988750E-01   1.3406541500E-02
    7     -2.5666044800E-02  -1.4336455000E-03   1.0939387020E-01  -2.3343082870E-01  -2.6670699300E-02
    8      1.4380680000E-04  -1.3427048000E-03   1.3661823000E-02  -2.6985400000E-02  -3.6392257100E-02
    9      6.8197960000E-04   2.6708620000E-04  -2.2910423200E-02   4.1507957000E-03   4.1466874000E-03
   10      1.6131918000E-03  -9.6506790000E-04   2.5222319600E-02  -5.3297700000E-05  -2.0227583000E-03
   11     -9.2135420000E-04   5.0583080000E-04   7.6227359000E-03  -7.0311530000E-04   4.9608200000E-05
   12     -1.0515760000E-04   1.6807316000E-03  -7.0371660000E-04   1.3792682000E-03  -1.5747156000E-03
   13     -2.2841354000E-03   2.0460940000E-03   1.1415280000E-03  -1.5486162000E-03   2.2194338000E-03
   14     -2.1089090000E-04   6.8786520000E-04  -9.3465130000E-04   1.7882255000E-03  -4.1822776000E-03
   15      1.6670918000E-03  -1.0329404000E-03  -4.9605680000E-04  -2.8959080000E-04  -2.1366480000E-04
   16     -7.3281810000E-04   2.8712120000E-04   2.8465220000E-04  -1.1415791000E-03   1.4461740000E-04
   17      2.1922050000E-04  -3.0930949000E-03   6.7951300000E-04  -6.4476970000E-04   2.2943970000E-04
   18     -5.3321200000E-04  -1.2498030000E-04  -4.4672660000E-04   4.4784430000E-04   8.8761600000E-05
   19      6.9575220000E-04   2.0057150000E-04  -3.0134830000E-04   2.1512970000E-04  -4.7621060000E-04
   20     -1.7752520000E-04  -3.1079259000E-03   9.8828700000E-05  -1.5701640000E-04  -4.3614300000E-04
   21     -4.1425910000E-04  -6.6013300000E-05  -2.0968580000E-04  -6.5159320000E-04  -1.8247300000E-05
   22      2.2831840000E-04   1.5203668000E-03  -6.0934040000E-04  -3.6185000000E-05  -3.6474590000E-04
   23     -3.7029340000E-04   6.9662203000E-03  -3.3027000000E-05  -1.3184680000E-04   3.3583490000E-04
   24     -1.2347682220E-01  -8.7533930000E-04  -1.3511024000E-03  -2.7277818000E-03   3.9695420000E-04
   25      2.7684865790E-01  -6.2580549000E-03  -2.4112886000E-03  -3.5139401000E-03   1.9326540000E-04
   26     -6.2580549000E-03   1.9817878900E-02   3.9991020000E-04   8.2676600000E-05   3.6355152000E-03
   27     -2.4112886000E-03   3.9991020000E-04   1.2597141820E-01  -1.2116554030E-01  -1.8391002000E-02
   28     -3.5139401000E-03   8.2676600000E-05  -1.2116554030E-01   2.6127648730E-01   2.7775003500E-02
   29      1.9326540000E-04   3.6355152000E-03  -1.8391002000E-02   2.7775003500E-02   3.2927209000E-02
   30      2.7335080000E-04  -2.6442900000E-04   1.5973245000E-03  -6.8831520000E-04  -1.5778682000E-03
   31      4.9132000000E-05   6.5523100000E-04   8.9232220000E-04   7.1867760000E-04  -1.7525480000E-04
   32     -5.3367900000E-05  -6.4441950000E-04  -7.4854950000E-04   7.3349860000E-04  -4.8670809000E-03
   33     -3.2049070000E-04   1.6018170000E-04  -5.0120947000E-03  -7.4236980000E-04   3.4235143000E-03
   34     -1.0904720000E-04   4.8735890000E-04   1.3105021000E-03   4.4707850000E-04  -2.2641910000E-03
   35      2.0175770000E-04   9.1677000000E-04  -1.0882500000E-04   1.0048340000E-04   1.0192885100E-02
   36     -4.3920780000E-04   5.9553220000E-04   5.4713590000E-04  -6.9625700000E-05   5.5005000000E-06
   37      4.4762040000E-04  -8.2124120000E-04  -6.6508200000E-05   3.9677830000E-04   7.0907310000E-04
   38      1.6992840000E-04   6.5903700000E-05   1.5163040000E-04   2.9048570000E-04   4.3048340000E-04
   39     -1.1909330000E-04   4.4094860000E-04  -1.5220700000E-05  -1.1938000000E-05  -2.1000760000E-04
   40      6.7499690000E-04  -9.6694270000E-04  -3.4897620000E-04   5.6950230000E-04   4.3707930000E-04
   41     -3.6311900000E-05   3.0320700000E-05   7.2746600000E-05  -2.1842360000E-04  -4.5063440000E-04
   42     -4.3143700000E-05   1.3731980000E-04  -5.6317960000E-04  -2.9722250000E-04  -9.6420100000E-05
   43      4.1402010000E-04  -1.1449833000E-03  -3.5275730000E-04   4.0599840000E-04   9.6644790000E-04
   44     -6.5423150000E-04   1.5133819000E-03   3.9158000000E-05  -7.7548080000E-04  -1.5693607000E-03
   45     -4.8657440000E-04  -8.8606600000E-05   9.4569780000E-04  -1.8379360000E-04   1.9783740000E-04
   46      1.4568225000E-03  -3.8733520000E-04  -2.7217040000E-04   7.3892070000E-04   4.0427700000E-04
   47      1.2477949000E-03  -8.1693390000E-04  -5.1318370000E-04   6.3690430000E-04   1.0667779000E-03
                   30                 31                 32                 33                 34        
    0     -1.2270699000E-03  -2.6528750000E-04  -1.4075060000E-04   3.0437670000E-04  -2.6615430000E-04
    1     -7.0306470000E-04  -1.1087436000E-03   7.5381560000E-04  -6.7659930000E-04  -5.3110790000E-04
    2     -1.6034503000E-03  -8.5505190000E-04  -2.0024737000E-03  -4.7370130000E-04   7.9566340000E-04
    3     -5.7740261000E-03  -2.4044560000E-03   2.3397733000E-03   1.9490334000E-03  -8.6836000000E-05
    4      2.2092060000E-04   1.3210889000E-03  -4.1394420000E-04   7.9511520000E-04   2.2608682000E-03
    5      5.0626812000E-03   1.0467471000E-03   1.1732232700E-02  -2.1423450000E-03   2.3675500000E-04
    6     -1.7229554200E-02  -1.1210294000E-03  -1.9731952000E-03  -1.9234633900E-02   4.1886117000E-03
    7     -2.6902478900E-02  -1.3803726000E-03   2.5035827000E-03   2.6040014100E-02  -2.0354443000E-03
    8      2.3405923000E-03   1.4717590000E-04   3.7560637000E-03   8.0068027000E-03  -1.0740920000E-03
    9     -1.1596263940E-01  -1.0682610060E-01   4.5712558700E-02  -1.2527542890E-01   9.5999051100E-02
   10     -1.0548623440E-01  -1.9839996340E-01   5.3807120500E-02   9.9664496600E-02  -1.5927245440E-01
   11      3.5094278500E-02   4.5117698500E-02  -5.4978886900E-02   6.5096148700E-02  -7.2742552400E-02
   12     -6.2231420000E-04  -2.7130170000E-04  -2.2588359000E-03  -1.2895821000E-03   1.1865660000E-04
   13     -5.2901460000E-04  -1.3762763000E-03  -1.4068498000E-03   7.9597960000E-04  -1.4135819000E-03
   14      3.0556800000E-04  -4.0739980000E-04  -3.0538500000E-04   4.0235000000E-04   5.1854910000E-04
   15      5.0311350000E-04   1.3402707000E-03  -7.0542150000E-04   1.3892950000E-04  -1.7080000000E-05
   16      6.9063690000E-04  -1.1823828000E-03  -7.0118120000E-04  -1.8004700000E-05  -1.1539463000E-03
   17     -6.4922600000E-05  -1.7806820000E-04   9.9610280000E-04  -4.0074670000E-04  -2.8349880000E-04
   18     -1.3858641000E-03   2.5709350000E-04  -6.3069870000E-04   1.9332180000E-04   3.6882780000E-04
   19      1.8833590000E-04   3.0658820000E-04  -8.0894100000E-05  -6.2529450000E-04   3.1866430000E-04
   20      5.1110450000E-04   2.0290940000E-04  -1.4135455000E-03   7.8409680000E-04  -6.4735200000E-05
   21      1.9516280000E-04  -4.4181220000E-04  -5.4449830000E-04  -2.7198030000E-04  -5.8485970000E-04
   22      1.9222710000E-04   4.1396460000E-04   6.8932900000E-05  -6.3847500000E-04   2.5151080000E-04
   23      8.2471350000E-04   7.0750300000E-05   1.6167458000E-03   6.5044910000E-04   4.9347400000E-05
   24     -4.9766390000E-04  -1.0000770000E-04  -1.8517810000E-04   2.4919910000E-04  -2.2397150000E-04
   25      2.7335080000E-04   4.9132000000E-05  -5.3367900000E-05  -3.2049070000E-04  -1.0904720000E-04
   26     -2.6442900000E-04   6.5523100000E-04  -6.4441950000E-04   1.6018170000E-04   4.8735890000E-04
   27      1.5973245000E-03   8.9232220000E-04  -7.4854950000E-04  -5.0120947000E-03   1.3105021000E-03
   28     -6.8831520000E-04   7.1867760000E-04   7.3349860000E-04  -7.4236980000E-04   4.4707850000E-04
   29     -1.5778682000E-03  -1.7525480000E-04  -4.8670809000E-03   3.4235143000E-03  -2.2641910000E-03
   30      1.2917517270E-01   1.2043427990E-01  -4.1411448300E-02   8.8738132000E-03   1.2750320500E-02
   31      1.2043427990E-01   2.4172898780E-01  -4.3759329100E-02  -1.0391160700E-02  -4.6224938200E-02
   32     -4.1411448300E-02  -4.3759329100E-02   3.6253859000E-02  -1.7606467000E-03  -1.0782156400E-02
   33      8.8738132000E-03  -1.0391160700E-02  -1.7606467000E-03   1.3683707730E-01  -1.1271078250E-01
   34      1.2750320500E-02  -4.6224938200E-02  -1.0782156400E-02  -1.1271078250E-01   2.0278656450E-01
   35      7.1849170000E-04  -2.2401541000E-03   9.8805876000E-03  -7.3484626200E-02   8.5115547500E-02
   36      8.7033480000E-04  -8.4787460000E-04   4.4053900000E-04   5.0651180000E-04  -7.4056080000E-04
   37      1.5224430000E-04   1.2245368000E-03  -1.0393450000E-04  -4.7685500000E-04   1.1399252000E-03
   38      1.7919400000E-05  -1.6604500000E-05   6.0690700000E-04  -3.9319000000E-06   4.5381100000E-04
   39      5.1208900000E-05  -8.2261900000E-05   4.0550270000E-04   9.5878160000E-04  -1.2894500000E-05
   40     -1.5867650000E-04   1.3530472000E-03  -5.1674100000E-05  -4.4426230000E-04   1.4622294000E-03
   41      2.4147300000E-05   1.9616870000E-04  -3.1412590000E-04   1.8261270000E-04   2.1330520000E-04
   42     -1.3826070000E-04   1.0171992000E-03   8.7113140000E-04   8.9792780000E-04   1.0976846000E-03
   43     -7.9732370000E-04   1.4706529000E-03   1.8500500000E-05   3.5519390000E-04   1.6381904000E-03
   44      6.8311300000E-05  -5.9322720000E-04  -7.6341840000E-04   2.8475590000E-04  -8.7718090000E-04
   45      1.5712620000E-03  -1.1898731000E-03   5.8971760000E-04   1.7474770000E-04  -1.1905148000E-03
   46      3.6279220000E-04   1.0860009000E-03  -5.3211940000E-04  -6.0650490000E-04   4.3548890000E-04
   47     -4.5689300000E-05   7.8840850000E-04   4.4683730000E-04  -7.2491400000E-04   2.1806910000E-04
                   35                 36                 37                 38                 39        
    0     -4.6409730000E-04   1.7642730000E-03  -4.1334820000E-04   3.5188631000E-03  -3.7272650000E-04
    1     -7.5638240000E-04  -2.0905111000E-03   2.0330686000E-03  -7.2660104000E-03   3.0845441000E-03
    2     -9.9588660000E-04  -9.3423162000E-03  -1.5327300000E-04  -2.1426161000E-02  -7.3304654000E-03
    3     -8.7543220000E-04  -8.3678512000E-03  -7.8619520000E-04  -1.3101283300E-02  -5.3898832000E-03
    4     -1.0190958000E-03  -1.2260022000E-03  -2.8596995000E-03  -1.3652232000E-03  -4.4192981000E-03
    5     -4.9805875000E-03   2.5633744000E-03  -4.3951930000E-04   6.3007469000E-03   8.1602121000E-03
    6     -2.9004640000E-04   3.8447419000E-03   9.2232700000E-05   8.2270853000E-03   3.7541973000E-03
    7     -3.0761892000E-03   3.4122335000E-03   1.0094900000E-04   7.0810468000E-03   3.2862425000E-03
    8      2.2682425000E-03   2.8893699000E-03   2.1107303000E-03   1.4280155000E-03   4.5398846000E-03
    9      7.5947782200E-02  -4.7278840000E-04  -3.8761300000E-05  -2.2166260000E-03  -1.0123631000E-03
   10     -8.1533057100E-02  -1.7090010000E-04  -1.3740038000E-03   6.7192380000E-04   5.6109740000E-04
   11     -8.5169527200E-02  -4.2762509000E-03  -8.3214970000E-04  -4.9393859000E-03  -3.5718791000E-03
   12     -2.3261385000E-03  -3.3802164000E-02  -8.3814679000E-03  -1.0197683200E-02  -1.0182626200E-02
   13      1.2977970000E-03   7.3083107000E-03   5.9678305000E-03  -9.2090043000E-03  -2.7804469000E-02
   14     -1.6399524000E-03   7.3798402000E-03   1.8235015000E-03   4.7405667000E-03  -2.8046768000E-03
   15     -5.0642070000E-04  -1.4695218350E-01   7.5491331500E-02   1.3121321200E-01  -3.6616271900E-02
   16      3.9087580000E-04   7.8784532900E-02  -8.4068070900E-02  -6.0023365400E-02  -3.1646536000E-02
   17      9.2521700000E-05   1.1290403740E-01  -5.9282946000E-02  -9.4275401100E-02   1.3884246100E-02
   18     -3.9901760000E-04  -7.9822600000E-05  -4.1889080000E-04   1.2269590000E-04   6.8737850000E-04
   19     -8.8817000000E-05   3.4094580000E-04   3.1074790000E-04  -6.8219800000E-05  -1.4301340000E-04
   20      1.3357407000E-03  -8.9994770000E-04   1.6278660000E-04  -1.1256013000E-03  -6.7926290000E-04
   21     -4.2313290000E-04   6.3298060000E-04   1.6612840000E-04   3.1559870000E-04  -2.8521170000E-04
   22     -3.5535200000E-05   3.8854930000E-04   6.1735330000E-04   2.9331680000E-04   1.3292200000E-05
   23      3.6153030000E-04  -4.6772190000E-04  -2.7308620000E-04   8.6363030000E-04  -1.6134560000E-03
   24      9.1263900000E-05  -1.5844330000E-04  -2.0124230000E-04  -6.9192800000E-05   2.8175760000E-04
   25      2.0175770000E-04  -4.3920780000E-04   4.4762040000E-04   1.6992840000E-04  -1.1909330000E-04
   26      9.1677000000E-04   5.9553220000E-04  -8.2124120000E-04   6.5903700000E-05   4.4094860000E-04
   27     -1.0882500000E-04   5.4713590000E-04  -6.6508200000E-05   1.5163040000E-04  -1.5220700000E-05
   28      1.0048340000E-04  -6.9625700000E-05   3.9677830000E-04   2.9048570000E-04  -1.1938000000E-05
   29      1.0192885100E-02   5.5005000000E-06   7.0907310000E-04   4.3048340000E-04  -2.1000760000E-04
   30      7.1849170000E-04   8.7033480000E-04   1.5224430000E-04   1.7919400000E-05   5.1208900000E-05
   31     -2.2401541000E-03  -8.4787460000E-04   1.2245368000E-03  -1.6604500000E-05  -8.2261900000E-05
   32      9.8805876000E-03   4.4053900000E-04  -1.0393450000E-04   6.0690700000E-04   4.0550270000E-04
   33     -7.3484626200E-02   5.0651180000E-04  -4.7685500000E-04  -3.9319000000E-06   9.5878160000E-04
   34      8.5115547500E-02  -7.4056080000E-04   1.1399252000E-03   4.5381100000E-04  -1.2894500000E-05
   35      6.7549596700E-02   3.9251010000E-04   4.3464570000E-04  -3.0603120000E-04   4.7998600000E-04
   36      3.9251010000E-04   1.8370278530E-01  -9.2721732200E-02  -1.1596024640E-01   4.4268970000E-04
   37      4.3464570000E-04  -9.2721732200E-02   1.1131855300E-01   7.0476413900E-02   2.8099538500E-02
   38     -3.0603120000E-04  -1.1596024640E-01   7.0476413900E-02   1.0472914120E-01   3.8397090000E-04
