
$orca_hessian_file

$act_atom
  0

$act_coord
  0

$act_energy
      -21.859245

$multiplicity
  1

$hessian
48
                    0                  1                  2                  3                  4        
    0      7.9495658790E-01  -4.9740731000E-03   4.1367317300E-02  -4.3006233870E-01   6.2471233100E-02
    1     -4.9740731000E-03   4.3420522240E-01  -7.3924265100E-02   5.8219449000E-03  -7.2979946400E-02
    2      4.1367317300E-02  -7.3924265100E-02  -3.4599737100E-02  -9.2114132800E-02  -2.2494091600E-02
    3     -4.3006233870E-01   5.8219449000E-03  -9.2114132800E-02   6.1347188320E-01  -7.2648652600E-02
    4      6.2471233100E-02  -7.2979946400E-02  -2.2494091600E-02  -7.2648652600E-02   5.4791629740E-01
    5      1.0844363910E-01   8.8191335000E-03   6.3335860000E-02  -1.5994255300E-02  -1.3343564000E-03
    6     -6.0514238900E-02  -1.8625226000E-02   6.7892307100E-02  -4.1566032900E-02  -5.4901947800E-02
    7     -2.5808313100E-02   7.0794040000E-03   5.2831690600E-02  -3.7342855800E-02  -2.1415429760E-01
    8      9.3751100000E-05   3.3798982000E-03   2.5369610600E-02   3.8143299900E-02   2.9348815300E-02
    9      2.5755082900E-02  -7.4872597000E-03  -2.2356177500E-02  -6.2290771300E-02  -3.4927956400E-02
   10     -3.0935853000E-03  -3.5882924000E-03   1.0724828000E-03  -2.6503964500E-02  -1.5074266000E-03
   11      1.1742312000E-03  -3.8348762000E-03  -2.6785971100E-02  -2.8607356100E-02  -1.0014166300E-02
   12      1.2885846200E-02  -1.3177067800E-02  -8.2597683000E-02  -6.9675682900E-02  -2.8669224400E-02
   13      7.6218455000E-03  -8.9432426000E-03  -4.6478450700E-02  -4.0605675300E-02  -1.9092900000E-05
   14     -1.5450698700E-02   2.5469210000E-04   3.3095906000E-03  -2.2731164500E-02  -1.5956724800E-02
   15     -3.3967619500E-02   2.3212388900E-02   1.6843989920E-01   1.3020702440E-01   2.4835998100E-02
   16     -2.0966659200E-02  -9.4346205000E-03   3.4353362700E-02   3.0840965100E-02   9.6275126000E-03
   17     -4.9618619700E-02   3.2459729600E-02   1.3366346220E-01   1.4098808380E-01   1.3932748700E-02
   18     -1.5475179310E-01  -1.1820304350E-01  -2.4470023200E-02  -1.8611080800E-02  -2.5305651000E-02
   19     -1.1691117790E-01  -1.6880939050E-01  -2.4472671100E-02  -3.2228410000E-04   1.3962126000E-03
   20     -3.2582472700E-02  -3.1568068900E-02  -4.3655593700E-02   5.3344395000E-03   6.6057041000E-03
   21     -1.2719878970E-01   1.0801261350E-01  -4.8694273800E-02  -1.7148693000E-02   2.5367042800E-02
   22      1.0320295250E-01  -1.7665870780E-01   6.2045396700E-02   6.9405687000E-03  -3.7621627000E-03
   23     -6.1013502400E-02   7.0880438600E-02  -5.4883364400E-02   1.2681805300E-02  -3.0520185000E-03
   24     -1.9009792500E-02   2.5046635600E-02  -2.2815441000E-03  -9.9481703100E-02   1.0928573190E-01
   25      4.3039805000E-03  -2.1056049000E-03  -1.4462739000E-03   1.0860638560E-01  -2.4380708350E-01
   26      5.1965150000E-04  -1.1156325000E-03   5.8015907000E-03   1.9312565000E-03   1.0170313500E-02
   27      5.7431430000E-04  -1.6825996000E-03   1.6892500000E-04   6.1074684000E-03  -1.0693957500E-02
   28      1.0044204000E-03   9.2320230000E-04  -3.3700800000E-05   9.3859797000E-03  -2.5726237900E-02
   29     -1.7713567000E-03   6.9930270000E-04   9.7603000000E-04   2.4190733000E-03   6.3745740000E-04
   30     -2.0084186000E-03  -2.7531610000E-04  -1.2836628000E-03  -4.6407338000E-03   9.6477500000E-04
   31     -3.2564020000E-04  -7.6131750000E-04  -5.4609140000E-04  -2.0230317000E-03   1.0944947000E-03
   32     -1.8161260000E-03   1.7351376000E-03  -1.1513903000E-03   4.6502813000E-03   1.5599743000E-03
   33     -5.0030870000E-04  -7.0200710000E-04   1.2922760000E-04   2.3335763000E-03   1.2936824000E-03
   34      4.4583600000E-04  -3.4618150000E-04   1.1782630000E-04  -6.3170530000E-04   1.0903505000E-03
   35     -2.8681900000E-03  -4.9261760000E-04   8.7849300000E-04   9.8526410000E-04   1.2464638000E-03
   36     -1.3385784000E-03  -1.4075979000E-03  -9.8327696000E-03  -6.4902529000E-03   2.2492419000E-03
   37     -2.5113150000E-03   2.0677223000E-03   1.1755831000E-03   1.5137373000E-03  -3.3518180000E-04
   38      4.3481582000E-03  -7.7917779000E-03  -3.0075900900E-02  -2.1328371900E-02  -3.1774911000E-03
   39      5.0120750000E-04   2.6555721000E-03  -7.8986718000E-03  -7.1421783000E-03  -4.1361308000E-03
   40      9.0135270000E-04  -8.8742730000E-04   7.2220920000E-04  -9.5081120000E-04  -1.3641504000E-03
   41      6.6774270000E-03   4.8372193000E-03  -2.4830850100E-02  -1.6695905500E-02  -3.5393594000E-03
   42     -3.0944317000E-03   1.2180140000E-04   6.7952650000E-03   2.6444421000E-03   2.5964559000E-03
   43     -9.4025890000E-04   1.5679710000E-04   6.8214092000E-03   4.5378720000E-03   1.3059626000E-03
   44      3.4455215000E-03  -3.2293375000E-03  -1.5357425800E-02  -1.0542382800E-02  -6.1893399000E-03
   45     -2.2267291000E-03   1.6632344000E-03   6.7359975000E-03   2.3450732000E-03   2.2193593000E-03
   46     -4.4205980000E-03   8.2383500000E-05   1.0255584200E-02   1.3381527200E-02   1.2247496000E-03
   47     -9.4873040000E-04  -1.1089758000E-03  -1.9944040000E-03   8.8006510000E-04   2.2560710000E-03
                    5                  6                  7                  8                  9        
    0      1.0844363910E-01  -6.0514238900E-02  -2.5808313100E-02   9.3751100000E-05   2.5755082900E-02
    1      8.8191335000E-03  -1.8625226000E-02   7.0794040000E-03   3.3798982000E-03  -7.4872597000E-03
    2      6.3335860000E-02   6.7892307100E-02   5.2831690600E-02   2.5369610600E-02  -2.2356177500E-02
    3     -1.5994255300E-02  -4.1566032900E-02  -3.7342855800E-02   3.8143299900E-02  -6.2290771300E-02
    4     -1.3343564000E-03  -5.4901947800E-02  -2.1415429760E-01   2.9348815300E-02  -3.4927956400E-02
    5      2.0215652400E-02  -1.7540513400E-02  -2.8741735500E-02  -8.0658253000E-02  -4.0168817900E-02
    6     -1.7540513400E-02   7.0680236830E-01  -3.4183117200E-02  -8.6157185300E-02  -4.2333224450E-01
    7     -2.8741735500E-02  -3.4183117200E-02   5.5850348210E-01  -1.6602231000E-02   1.7375006900E-02
    8     -8.0658253000E-02  -8.6157185300E-02  -1.6602231000E-02  -2.0915634500E-02  -3.0971752000E-02
    9     -4.0168817900E-02  -4.2333224450E-01   1.7375006900E-02  -3.0971752000E-02   6.7075669760E-01
   10      2.3223958000E-03   7.0233440000E-04  -7.3227048400E-02  -1.1560426000E-03   1.8970706600E-02
   11      3.4627932000E-02   7.8664400400E-02   1.5049793900E-02   8.9046759000E-03  -1.8317825150E-01
   12     -8.2198565000E-03   1.9877784700E-02   1.9884264800E-02   2.4057265700E-02  -1.5755977100E-02
   13     -6.8970386000E-03   1.3359886400E-02  -2.4440312000E-03  -1.8038555200E-02  -1.8501323100E-02
   14      2.5334705800E-02  -1.6327849900E-02   1.6276059900E-02   8.0952729600E-02   7.7811874600E-02
   15     -5.5306196600E-02  -6.8120593300E-02  -4.4665058600E-02   1.5588495700E-02   3.9614119500E-02
   16      1.6003067700E-02  -1.6184647000E-02  -4.0385750000E-03   2.0644165700E-02   2.2565327900E-02
   17     -4.1352572300E-02  -3.3719261200E-02  -1.8902161000E-02  -8.3883771000E-03   4.2981370300E-02
   18      7.9902580000E-04  -5.1506517000E-03   2.1964409000E-03   3.2074380000E-04  -5.3213210000E-04
   19      5.7277720000E-04  -1.1897831000E-03  -2.6214850000E-04   1.0394490000E-04  -4.1447000000E-05
   20     -1.2815733000E-03   2.2503461000E-03  -1.0668161000E-03   6.7208486000E-03  -1.0905620000E-03
   21     -4.9788214000E-03   1.9315004000E-03   1.4160496000E-03   9.0991830000E-04   7.3915170000E-04
   22      6.4677760000E-04  -2.1134102000E-03  -2.2147450000E-04  -3.1230500000E-04   7.3369730000E-04
   23      2.6746467000E-03  -4.0916195000E-03  -2.2999546000E-03  -3.9845638000E-03   2.6863043000E-03
   24     -3.8026215000E-03   6.3808014000E-03  -1.1515368400E-02  -7.2540160000E-04   1.6335680000E-04
   25      1.0925168200E-02   1.0678463500E-02  -2.5179446100E-02   1.8852304000E-03   2.1987024000E-03
   26     -2.8111483400E-02  -4.3552420000E-03  -5.4688010000E-04   1.2298575000E-03   2.2465715000E-03
   27     -5.6175790000E-04  -1.0289813090E-01   1.0975392100E-01   1.3223009600E-02  -1.9747342800E-02
   28     -1.1433257000E-03   1.1000856640E-01  -2.3809030230E-01  -2.3510755000E-02   3.7453262000E-03
   29      4.4063123000E-03   7.7347990000E-03  -2.4313687800E-02  -2.5907722100E-02   1.2028665400E-02
   30      8.8724949000E-03  -1.7781881200E-02  -2.5983516000E-02   6.9989281000E-03  -1.0778997270E-01
   31      1.1279089000E-03  -4.2874060000E-04  -1.0312843000E-03   1.0160840000E-04  -1.0332446420E-01
   32      1.5973240700E-02  -5.3247907000E-03   3.5060084000E-03   9.3436021000E-03   5.9856564500E-02
   33     -2.3274510000E-04  -1.9276066700E-02   2.5056428600E-02   1.2143200800E-02  -1.1100634870E-01
   34     -1.1114256000E-03   4.7126434000E-03  -1.9088874000E-03  -2.6198382000E-03   8.5104122900E-02
   35      1.9108810000E-03  -5.0721170000E-03  -4.1306924000E-03   9.9883274000E-03   9.2009106800E-02
   36      1.0637884400E-02   6.5389090000E-04   1.9686967000E-03   5.2904335000E-03   4.9805672000E-03
   37      3.5950013000E-03  -2.7318321000E-03  -5.8075050000E-04   4.9549002000E-03   4.6173803000E-03
   38      1.2119440500E-02   1.1196525400E-02   8.8154967000E-03   7.4948600000E-04  -5.7966374000E-03
   39      8.2875490000E-03   2.9797678000E-03   3.2447853000E-03   3.6916275000E-03  -1.5066414000E-03
   40      2.9776118000E-03   8.9546700000E-04   1.0144505000E-03   8.7870560000E-04  -2.1910940000E-04
   41     -1.0272991900E-02   1.0238075000E-02   3.5885351000E-03  -8.7854654000E-03  -1.3224744600E-02
   42      3.1755122000E-03  -2.0880000000E-05  -1.4873780000E-03  -3.7107948000E-03  -1.8766588000E-03
   43      1.6314433000E-03   6.8169000000E-05  -1.0107687000E-03  -2.8865385000E-03  -1.7055427000E-03
   44     -1.9217844000E-03   1.6859267000E-03   3.5075252000E-03   6.3629123000E-03   1.7294106000E-03
   45      6.5894802000E-03   3.4606700000E-05   9.0013500000E-05   1.1044596000E-03   1.8291137000E-03
   46     -9.3934035000E-03  -1.0066826300E-02  -4.4483220000E-03   3.8289967000E-03   1.0896831900E-02
   47     -1.7000013000E-02  -7.0738008000E-03  -6.9709512000E-03  -9.8203400000E-04   5.4370748000E-03
                   10                 11                 12                 13                 14        
    0     -3.0935853000E-03   1.1742312000E-03   1.2885846200E-02   7.6218455000E-03  -1.5450698700E-02
    1     -3.5882924000E-03  -3.8348762000E-03  -1.3177067800E-02  -8.9432426000E-03   2.5469210000E-04
    2      1.0724828000E-03  -2.6785971100E-02  -8.2597683000E-02  -4.6478450700E-02   3.3095906000E-03
    3     -2.6503964500E-02  -2.8607356100E-02  -6.9675682900E-02  -4.0605675300E-02  -2.2731164500E-02
    4     -1.5074266000E-03  -1.0014166300E-02  -2.8669224400E-02  -1.9092900000E-05  -1.5956724800E-02
    5      2.3223958000E-03   3.4627932000E-02  -8.2198565000E-03  -6.8970386000E-03   2.5334705800E-02
    6      7.0233440000E-04   7.8664400400E-02   1.9877784700E-02   1.3359886400E-02  -1.6327849900E-02
    7     -7.3227048400E-02   1.5049793900E-02   1.9884264800E-02  -2.4440312000E-03   1.6276059900E-02
    8     -1.1560426000E-03   8.9046759000E-03   2.4057265700E-02  -1.8038555200E-02   8.0952729600E-02
    9      1.8970706600E-02  -1.8317825150E-01  -1.5755977100E-02  -1.8501323100E-02   7.7811874600E-02
   10      4.2500774240E-01   2.8690213000E-02  -9.4246160000E-04   1.5896546000E-03   1.1837264000E-03
   11      2.8690213000E-02   1.9235458170E-01   2.4027297000E-03   1.4045696000E-03  -5.0096291300E-02
   12     -9.4246160000E-04   2.4027297000E-03   4.4096578720E-01  -2.1692607000E-03   1.7092688710E-01
   13      1.5896546000E-03   1.4045696000E-03  -2.1692607000E-03   2.9582502050E-01   2.7875322800E-02
   14      1.1837264000E-03  -5.0096291300E-02   1.7092688710E-01   2.7875322800E-02   2.7816032270E-01
   15     -2.9377880000E-04   1.8422852900E-02  -2.0192254420E-01  -3.0408721100E-02  -5.6372669100E-02
   16     -2.2562797000E-03  -3.9393066000E-03  -5.7500130800E-02  -7.8523111100E-02  -3.8831843400E-02
   17     -6.2405460000E-04   1.4807817000E-03   8.2256065800E-02   3.8665189400E-02  -8.6077479900E-02
   18     -9.4931580000E-04  -1.1026110000E-04   5.3523960000E-04   6.0239520000E-04  -6.5611510000E-04
   19      5.4394350000E-04   1.1638620000E-04   6.9683900000E-04   1.1015110000E-04   4.4874270000E-04
   20     -9.3960470000E-04   2.0191190000E-04  -2.5471600000E-05   7.4201800000E-04   7.0086580000E-04
   21     -4.9095140000E-04   2.1254660000E-04   2.3414770000E-04   3.0897410000E-04  -1.2443750000E-04
   22      8.7693240000E-04  -4.3259300000E-05   1.9761190000E-04  -3.5804060000E-04  -7.3314160000E-04
   23      8.0455670000E-04   2.3796590000E-04   2.9452131000E-03   1.0088830000E-03  -2.1740583000E-03
   24     -1.1097014000E-03   2.0386860000E-04  -7.4317450000E-04   7.6920800000E-05   1.6057669000E-03
   25      1.7703903000E-03  -1.2230349000E-03  -1.0514720000E-04  -1.7286242000E-03  -1.7175078000E-03
   26     -1.3189177000E-03  -3.0323900000E-05   2.2106840000E-03   2.2810050000E-03  -8.2998680000E-04
   27      2.4034845100E-02   7.7252493000E-03  -4.7926100000E-04   1.6789212000E-03  -2.2408416000E-03
   28      2.1095640000E-04  -1.5609315000E-03   1.0226941000E-03  -1.6804261000E-03   1.6118909000E-03
   29     -3.2354656000E-03  -1.5911322000E-03  -1.9282283000E-03   6.3469904000E-03  -1.0938916100E-02
   30     -1.0068041030E-01   4.0951459300E-02  -8.7089900000E-05   9.6868900000E-05  -2.7069289000E-03
   31     -1.9487448680E-01   5.5283671900E-02  -2.6359350000E-04  -1.2569685000E-03  -6.4574550000E-04
   32      6.5510455300E-02  -6.0847988600E-02  -2.1258520000E-04   4.9544000000E-05  -7.2732714000E-03
   33      8.9866493900E-02   7.0015597000E-02  -6.4413410000E-04   1.4628064000E-03  -2.5151998000E-03
   34     -1.5016802310E-01  -8.1448127100E-02  -3.9040820000E-04  -1.8043296000E-03   2.5058377000E-03
   35     -9.2855941200E-02  -9.9239629200E-02  -1.3012930000E-04   3.6751695000E-03  -1.0061202200E-02
   36     -2.0493900000E-04  -3.9078802000E-03  -3.2083265000E-02   8.3565085000E-03   3.7350173000E-03
   37     -1.4390189000E-03  -1.3998321000E-03  -8.5627018000E-03   6.0717307000E-03  -9.9920680000E-04
   38      5.1189590000E-04  -4.2176118000E-03  -9.4120697000E-03  -9.8570333000E-03   6.7549838000E-03
   39      3.3670670000E-04  -2.3324007000E-03  -1.0409161500E-02  -2.7420804300E-02  -1.6193522000E-03
   40     -6.4855900000E-04  -9.6673220000E-04  -4.2060636000E-03  -1.1468955300E-02  -1.8453361000E-03
   41     -1.0057465000E-03   7.8909130000E-04  -1.2950601800E-02  -4.1647470000E-03   1.0019942700E-02
   42      1.4204535000E-03  -2.9820520000E-04  -1.0869629370E-01   5.6861703900E-02  -1.3156348430E-01
   43     -5.6648960000E-04  -1.1574760000E-04   7.1273513800E-02  -4.2753014100E-02   9.1843136600E-02
   44     -1.3169913000E-03  -1.2639420000E-04  -1.6938481580E-01   9.9821044200E-02  -1.7246016580E-01
   45     -1.0624322000E-03  -1.3385801000E-03  -3.4002221600E-02   2.8678953400E-02  -1.7708044000E-03
   46     -1.7239954000E-03   4.0013792000E-03   2.2911135900E-02  -1.5261672070E-01  -8.1269903000E-02
   47      2.3570383000E-03   4.3384020000E-03   6.2595700000E-05  -9.6433911200E-02  -6.5321769100E-02
                   15                 16                 17                 18                 19        
    0     -3.3967619500E-02  -2.0966659200E-02  -4.9618619700E-02  -1.5475179310E-01  -1.1691117790E-01
    1      2.3212388900E-02  -9.4346205000E-03   3.2459729600E-02  -1.1820304350E-01  -1.6880939050E-01
    2      1.6843989920E-01   3.4353362700E-02   1.3366346220E-01  -2.4470023200E-02  -2.4472671100E-02
    3      1.3020702440E-01   3.0840965100E-02   1.4098808380E-01  -1.8611080800E-02  -3.2228410000E-04
    4      2.4835998100E-02   9.6275126000E-03   1.3932748700E-02  -2.5305651000E-02   1.3962126000E-03
    5     -5.5306196600E-02   1.6003067700E-02  -4.1352572300E-02   7.9902580000E-04   5.7277720000E-04
    6     -6.8120593300E-02  -1.6184647000E-02  -3.3719261200E-02  -5.1506517000E-03  -1.1897831000E-03
    7     -4.4665058600E-02  -4.0385750000E-03  -1.8902161000E-02   2.1964409000E-03  -2.6214850000E-04
    8      1.5588495700E-02   2.0644165700E-02  -8.3883771000E-03   3.2074380000E-04   1.0394490000E-04
    9      3.9614119500E-02   2.2565327900E-02   4.2981370300E-02  -5.3213210000E-04  -4.1447000000E-05
   10     -2.9377880000E-04  -2.2562797000E-03  -6.2405460000E-04  -9.4931580000E-04   5.4394350000E-04
   11      1.8422852900E-02  -3.9393066000E-03   1.4807817000E-03  -1.1026110000E-04   1.1638620000E-04
   12     -2.0192254420E-01  -5.7500130800E-02   8.2256065800E-02   5.3523960000E-04   6.9683900000E-04
   13     -3.0408721100E-02  -7.8523111100E-02   3.8665189400E-02   6.0239520000E-04   1.1015110000E-04
   14     -5.6372669100E-02  -3.8831843400E-02  -8.6077479900E-02  -6.5611510000E-04   4.4874270000E-04
   15      3.6319011720E-01   3.6078463000E-02  -2.4966486720E-01  -1.1943302000E-03  -3.6160420000E-04
   16      3.6078463000E-02   4.5206782690E-01  -4.6084802400E-02  -1.0740016000E-03  -9.9478280000E-04
   17     -2.4966486720E-01  -4.6084802400E-02   1.3731820050E-01  -2.1365591000E-03  -3.3354910000E-04
   18     -1.1943302000E-03  -1.0740016000E-03  -2.1365591000E-03   1.6883900880E-01   1.3408855890E-01
   19     -3.6160420000E-04  -9.9478280000E-04  -3.3354910000E-04   1.3408855890E-01   2.1237198560E-01
   20     -4.4079200000E-04  -2.6074489000E-03   3.8632284000E-03   2.6011133600E-02   1.9547874400E-02
   21     -1.6502759000E-03   6.7553410000E-04  -1.8380283000E-03   9.4244426000E-03  -1.5360194900E-02
   22     -9.4073540000E-04  -1.8284030000E-04  -8.0807720000E-04   8.3889854000E-03  -4.8920193400E-02
   23     -5.8784038000E-03   1.5669939000E-03  -9.5414180000E-03   1.0103950000E-04   4.3555629000E-03
   24     -7.0566930000E-04   1.0054119000E-03   1.1850956000E-03   2.0071658000E-03   6.9658980000E-04
   25      1.4095596000E-03  -1.2916182000E-03  -1.1366717000E-03  -5.9254190000E-04   6.9685600000E-04
   26     -3.3301185000E-03  -1.3096101000E-03  -6.4031399000E-03   1.8870420000E-04   1.7880000000E-04
   27     -9.0721100000E-04  -2.4784250000E-04  -9.9248600000E-05  -5.1520070000E-04  -2.8599610000E-04
   28      1.8924770000E-04  -1.1713688000E-03  -8.3075790000E-04   3.8004410000E-04   1.2168560000E-04
   29     -3.3479785000E-03  -2.0469820000E-03  -3.8210789000E-03   2.2764800000E-05  -5.5632350000E-04
   30     -8.3471630000E-04  -4.7119860000E-04  -1.9431623000E-03  -1.4674528000E-03   2.7193890000E-04
   31      1.3248508000E-03  -1.0921698000E-03  -3.1347970000E-04   3.5638850000E-04   2.3363070000E-04
   32     -4.1977633000E-03  -3.3317223000E-03  -3.6089133000E-03  -5.8307180000E-04   2.5795400000E-05
   33     -1.1435748000E-03  -9.3683320000E-04  -2.2020391000E-03   1.6030000000E-04  -6.8797300000E-04
   34      1.0240399000E-03  -4.0927110000E-04   9.5347450000E-04   4.7285200000E-04   2.8238420000E-04
   35     -4.5330685000E-03  -2.2819382000E-03  -5.3892092000E-03  -5.1340230000E-04  -1.4997880000E-04
   36     -1.4531785080E-01   7.3642110000E-02   1.0714425590E-01  -1.4970700000E-04   4.1918400000E-04
   37      7.1255316600E-02  -8.0371546800E-02  -6.1212978800E-02  -5.6434730000E-04   3.8990780000E-04
   38      1.3759283760E-01  -5.7697397500E-02  -9.3724970600E-02   1.7706440000E-04   6.0404500000E-05
   39     -3.4297445100E-02  -3.0698749600E-02   1.4102953200E-02   8.5247630000E-04  -2.5467250000E-04
   40     -3.0002521100E-02  -2.5158127300E-01   7.1556014100E-02  -1.1990060000E-04   4.9036750000E-04
   41      3.6778350800E-02   8.7789196600E-02  -3.7624226300E-02   3.7722800000E-04   3.7901000000E-04
   42     -3.3974082000E-02   5.3070450000E-03  -2.0244314600E-02   1.3119871000E-03  -1.6505933000E-03
   43     -1.7720401500E-02  -9.5387760000E-04  -1.1215903000E-02   4.1006630000E-04   7.7694190000E-04
   44      1.5916753300E-02   8.9901685000E-03   1.3493982500E-02   5.0612490000E-04  -5.9400450000E-04
   45     -8.9753488000E-03  -4.2034794500E-02  -2.7191724500E-02  -7.5827190000E-04   8.9261550000E-04
   46     -3.4937043900E-02  -2.9394004800E-02  -1.6104720900E-02  -8.6929600000E-05   1.5724485000E-03
   47     -9.6673321000E-03  -1.1215903600E-02   6.1117300000E-03  -3.4396400000E-05   3.1722880000E-04
                   20                 21                 22                 23                 24        
    0     -3.2582472700E-02  -1.2719878970E-01   1.0320295250E-01  -6.1013502400E-02  -1.9009792500E-02
    1     -3.1568068900E-02   1.0801261350E-01  -1.7665870780E-01   7.0880438600E-02   2.5046635600E-02
    2     -4.3655593700E-02  -4.8694273800E-02   6.2045396700E-02  -5.4883364400E-02  -2.2815441000E-03
    3      5.3344395000E-03  -1.7148693000E-02   6.9405687000E-03   1.2681805300E-02  -9.9481703100E-02
    4      6.6057041000E-03   2.5367042800E-02  -3.7621627000E-03  -3.0520185000E-03   1.0928573190E-01
    5     -1.2815733000E-03  -4.9788214000E-03   6.4677760000E-04   2.6746467000E-03  -3.8026215000E-03
    6      2.2503461000E-03   1.9315004000E-03  -2.1134102000E-03  -4.0916195000E-03   6.3808014000E-03
    7     -1.0668161000E-03   1.4160496000E-03  -2.2147450000E-04  -2.2999546000E-03  -1.1515368400E-02
    8      6.7208486000E-03   9.0991830000E-04  -3.1230500000E-04  -3.9845638000E-03  -7.2540160000E-04
    9     -1.0905620000E-03   7.3915170000E-04   7.3369730000E-04   2.6863043000E-03   1.6335680000E-04
   10     -9.3960470000E-04  -4.9095140000E-04   8.7693240000E-04   8.0455670000E-04  -1.1097014000E-03
   11      2.0191190000E-04   2.1254660000E-04  -4.3259300000E-05   2.3796590000E-04   2.0386860000E-04
   12     -2.5471600000E-05   2.3414770000E-04   1.9761190000E-04   2.9452131000E-03  -7.4317450000E-04
   13      7.4201800000E-04   3.0897410000E-04  -3.5804060000E-04   1.0088830000E-03   7.6920800000E-05
   14      7.0086580000E-04  -1.2443750000E-04  -7.3314160000E-04  -2.1740583000E-03   1.6057669000E-03
   15     -4.4079200000E-04  -1.6502759000E-03  -9.4073540000E-04  -5.8784038000E-03  -7.0566930000E-04
   16     -2.6074489000E-03   6.7553410000E-04  -1.8284030000E-04   1.5669939000E-03   1.0054119000E-03
   17      3.8632284000E-03  -1.8380283000E-03  -8.0807720000E-04  -9.5414180000E-03   1.1850956000E-03
   18      2.6011133600E-02   9.4244426000E-03   8.3889854000E-03   1.0103950000E-04   2.0071658000E-03
   19      1.9547874400E-02  -1.5360194900E-02  -4.8920193400E-02   4.3555629000E-03   6.9658980000E-04
   20      2.9829682100E-02   3.1245038000E-03   9.0417161000E-03   8.6421904000E-03  -5.1505040000E-04
   21      3.1245038000E-03   1.3698592120E-01  -1.1698475910E-01   5.1986215200E-02  -4.8679985000E-03
   22      9.0417161000E-03  -1.1698475910E-01   2.2519696460E-01  -7.0799395100E-02   2.1494834000E-03
   23      8.6421904000E-03   5.1986215200E-02  -7.0799395100E-02   5.0558346700E-02   3.4957832000E-03
   24     -5.1505040000E-04  -4.8679985000E-03   2.1494834000E-03   3.4957832000E-03   1.1674514040E-01
   25     -2.5835010000E-04  -3.6985270000E-04   1.5130860000E-04  -4.5028200000E-04  -1.2220789140E-01
   26     -3.5440129000E-03  -6.6214590000E-04   1.6930585000E-03   7.2266128000E-03   4.3759110000E-04
   27      9.2263600000E-05   4.1047500000E-05  -5.2316870000E-04  -1.3747340000E-04  -1.3262734000E-03
   28     -1.7437120000E-04  -4.6945600000E-04  -7.7301700000E-05  -4.9618200000E-05  -2.6724025000E-03
   29     -4.5043090000E-04   4.3487900000E-05  -4.8859600000E-04   2.9301500000E-05   4.4899400000E-04
   30      3.3771710000E-04   1.9796860000E-04   2.6582000000E-04   7.1267060000E-04  -4.9170210000E-04
   31      8.9124800000E-05  -5.4392770000E-04   3.6871490000E-04   1.4317210000E-04  -9.6572700000E-05
   32     -1.0543777000E-03  -5.5997050000E-04   3.6641600000E-05   1.1835862000E-03  -6.5783700000E-05
   33      7.8825660000E-04  -3.3159350000E-04  -6.9784150000E-04   4.9015680000E-04   3.7125350000E-04
   34     -1.6745080000E-04  -6.7740130000E-04   2.2388610000E-04   3.1298680000E-04  -2.2360130000E-04
   35      1.3877462000E-03  -4.0272810000E-04  -2.3159820000E-04  -1.5427210000E-04   2.8700830000E-04
   36     -8.3710570000E-04   6.3797150000E-04   3.7930150000E-04  -8.2806680000E-04  -6.7668100000E-05
   37      2.3665720000E-04   2.8138860000E-04   6.2542770000E-04  -7.1974450000E-04  -1.0950460000E-04
   38     -1.1782595000E-03   2.4696380000E-04   3.4143760000E-04   1.1326034000E-03  -4.7553300000E-05
   39     -5.4676400000E-04  -2.2119990000E-04  -6.4497200000E-05  -1.5768454000E-03   3.6671750000E-04
   40     -3.9190100000E-05  -8.3403100000E-05   3.9427190000E-04   3.8344900000E-05   2.1537490000E-04
   41      5.2685550000E-04   2.6212450000E-04  -1.0768760000E-04  -1.5833289000E-03   1.5310300000E-04
   42     -1.0296885000E-03   2.1464840000E-04  -1.6986205000E-03  -1.2862223000E-03   1.2673161000E-03
   43      4.5309490000E-04  -7.9305900000E-04   6.0638900000E-04  -5.8008530000E-04   2.9972670000E-04
   44      3.4323350000E-04   4.8281940000E-04  -1.0163767000E-03  -6.0932330000E-04   2.7694260000E-04
   45     -8.7075340000E-04   1.0117509000E-03   7.6461180000E-04  -2.8705430000E-04  -6.0776990000E-04
   46      1.0511130000E-04  -2.8859740000E-04   1.7368260000E-03  -1.1598404000E-03  -8.4083260000E-04
   47     -1.0523143000E-03  -8.1739000000E-06   7.3540870000E-04   1.2450752000E-03  -6.5619860000E-04
                   25                 26                 27                 28                 29        
    0      4.3039805000E-03   5.1965150000E-04   5.7431430000E-04   1.0044204000E-03  -1.7713567000E-03
    1     -2.1056049000E-03  -1.1156325000E-03  -1.6825996000E-03   9.2320230000E-04   6.9930270000E-04
    2     -1.4462739000E-03   5.8015907000E-03   1.6892500000E-04  -3.3700800000E-05   9.7603000000E-04
    3      1.0860638560E-01   1.9312565000E-03   6.1074684000E-03   9.3859797000E-03   2.4190733000E-03
    4     -2.4380708350E-01   1.0170313500E-02  -1.0693957500E-02  -2.5726237900E-02   6.3745740000E-04
    5      1.0925168200E-02  -2.8111483400E-02  -5.6175790000E-04  -1.1433257000E-03   4.4063123000E-03
    6      1.0678463500E-02  -4.3552420000E-03  -1.0289813090E-01   1.1000856640E-01   7.7347990000E-03
    7     -2.5179446100E-02  -5.4688010000E-04   1.0975392100E-01  -2.3809030230E-01  -2.4313687800E-02
    8      1.8852304000E-03   1.2298575000E-03   1.3223009600E-02  -2.3510755000E-02  -2.5907722100E-02
    9      2.1987024000E-03   2.2465715000E-03  -1.9747342800E-02   3.7453262000E-03   1.2028665400E-02
   10      1.7703903000E-03  -1.3189177000E-03   2.4034845100E-02   2.1095640000E-04  -3.2354656000E-03
   11     -1.2230349000E-03  -3.0323900000E-05   7.7252493000E-03  -1.5609315000E-03  -1.5911322000E-03
   12     -1.0514720000E-04   2.2106840000E-03  -4.7926100000E-04   1.0226941000E-03  -1.9282283000E-03
   13     -1.7286242000E-03   2.2810050000E-03   1.6789212000E-03  -1.6804261000E-03   6.3469904000E-03
   14     -1.7175078000E-03  -8.2998680000E-04  -2.2408416000E-03   1.6118909000E-03  -1.0938916100E-02
   15      1.4095596000E-03  -3.3301185000E-03  -9.0721100000E-04   1.8924770000E-04  -3.3479785000E-03
   16     -1.2916182000E-03  -1.3096101000E-03  -2.4784250000E-04  -1.1713688000E-03  -2.0469820000E-03
   17     -1.1366717000E-03  -6.4031399000E-03  -9.9248600000E-05  -8.3075790000E-04  -3.8210789000E-03
   18     -5.9254190000E-04   1.8870420000E-04  -5.1520070000E-04   3.8004410000E-04   2.2764800000E-05
   19      6.9685600000E-04   1.7880000000E-04  -2.8599610000E-04   1.2168560000E-04  -5.5632350000E-04
   20     -2.5835010000E-04  -3.5440129000E-03   9.2263600000E-05  -1.7437120000E-04  -4.5043090000E-04
   21     -3.6985270000E-04  -6.6214590000E-04   4.1047500000E-05  -4.6945600000E-04   4.3487900000E-05
   22      1.5130860000E-04   1.6930585000E-03  -5.2316870000E-04  -7.7301700000E-05  -4.8859600000E-04
   23     -4.5028200000E-04   7.2266128000E-03  -1.3747340000E-04  -4.9618200000E-05   2.9301500000E-05
   24     -1.2220789140E-01   4.3759110000E-04  -1.3262734000E-03  -2.6724025000E-03   4.4899400000E-04
   25      2.7240066990E-01  -7.3865382000E-03  -2.5110004000E-03  -3.4235305000E-03   1.1054060000E-04
   26     -7.3865382000E-03   2.0847841100E-02   1.9353780000E-04   4.2387860000E-04   2.3993162000E-03
   27     -2.5110004000E-03   1.9353780000E-04   1.2159350280E-01  -1.2065892160E-01  -1.7027532000E-02
   28     -3.4235305000E-03   4.2387860000E-04  -1.2065892160E-01   2.6567778050E-01   2.4045567900E-02
   29      1.1054060000E-04   2.3993162000E-03  -1.7027532000E-02   2.4045567900E-02   3.1517844300E-02
   30      1.5037150000E-04  -4.5679240000E-04   1.6235921000E-03  -7.4680790000E-04  -2.1312192000E-03
   31      5.6113000000E-06   6.4873530000E-04   7.6036350000E-04   6.5824160000E-04  -2.6086010000E-04
   32     -2.3258370000E-04  -1.0191128000E-03  -9.9783120000E-04   5.7490470000E-04  -4.7443790000E-03
   33     -2.6554730000E-04   1.7899190000E-04  -4.8658422000E-03  -4.8393230000E-04   4.0593930000E-03
   34     -8.5373500000E-05   5.0384090000E-04   1.4196691000E-03   3.2140120000E-04  -2.1755063000E-03
   35     -2.7802400000E-05   9.9679230000E-04  -1.6282890000E-04   4.8738570000E-04   7.6206724000E-03
   36     -6.2369480000E-04   2.9956010000E-04   4.5793460000E-04  -1.3989300000E-04  -4.4383340000E-04
   37      3.4595070000E-04  -1.1160021000E-03  -9.8820800000E-05   3.6760460000E-04   3.5467330000E-04
   38      1.4701330000E-04   2.6590340000E-04   1.1852210000E-04   1.5808750000E-04   8.1939700000E-04
   39     -1.2939760000E-04   6.1655980000E-04  -2.5999600000E-05  -6.1476500000E-05  -2.7293930000E-04
   40      6.7443200000E-04  -1.0386166000E-03  -3.0056070000E-04   6.0019700000E-04   4.2145120000E-04
   41      3.3576660000E-04   9.2670970000E-04   2.8512420000E-04  -2.3293120000E-04   6.2343000000E-04
   42      2.6238400000E-05   2.5081810000E-04  -5.7477100000E-04  -2.9664780000E-04   2.3437350000E-04
   43      4.3877380000E-04  -1.0969929000E-03  -3.0985770000E-04   4.1186640000E-04   1.3804961000E-03
   44     -7.0234880000E-04   1.5299244000E-03  -5.7760000000E-05  -7.3156700000E-04  -2.0931418000E-03
   45     -5.6862830000E-04  -2.6962780000E-04   9.4217290000E-04  -2.0674100000E-04  -6.8463300000E-05
   46      1.1372884000E-03  -9.7044150000E-04  -3.3499440000E-04   8.7623170000E-04  -9.1905830000E-04
   47      1.1776744000E-03  -1.2864883000E-03  -5.2135800000E-04   9.6624320000E-04   1.1544973000E-03
                   30                 31                 32                 33                 34        
    0     -2.0084186000E-03  -3.2564020000E-04  -1.8161260000E-03  -5.0030870000E-04   4.4583600000E-04
    1     -2.7531610000E-04  -7.6131750000E-04   1.7351376000E-03  -7.0200710000E-04  -3.4618150000E-04
    2     -1.2836628000E-03  -5.4609140000E-04  -1.1513903000E-03   1.2922760000E-04   1.1782630000E-04
    3     -4.6407338000E-03  -2.0230317000E-03   4.6502813000E-03   2.3335763000E-03  -6.3170530000E-04
    4      9.6477500000E-04   1.0944947000E-03   1.5599743000E-03   1.2936824000E-03   1.0903505000E-03
    5      8.8724949000E-03   1.1279089000E-03   1.5973240700E-02  -2.3274510000E-04  -1.1114256000E-03
    6     -1.7781881200E-02  -4.2874060000E-04  -5.3247907000E-03  -1.9276066700E-02   4.7126434000E-03
    7     -2.5983516000E-02  -1.0312843000E-03   3.5060084000E-03   2.5056428600E-02  -1.9088874000E-03
    8      6.9989281000E-03   1.0160840000E-04   9.3436021000E-03   1.2143200800E-02  -2.6198382000E-03
    9     -1.0778997270E-01  -1.0332446420E-01   5.9856564500E-02  -1.1100634870E-01   8.5104122900E-02
   10     -1.0068041030E-01  -1.9487448680E-01   6.5510455300E-02   8.9866493900E-02  -1.5016802310E-01
   11      4.0951459300E-02   5.5283671900E-02  -6.0847988600E-02   7.0015597000E-02  -8.1448127100E-02
   12     -8.7089900000E-05  -2.6359350000E-04  -2.1258520000E-04  -6.4413410000E-04  -3.9040820000E-04
   13      9.6868900000E-05  -1.2569685000E-03   4.9544000000E-05   1.4628064000E-03  -1.8043296000E-03
   14     -2.7069289000E-03  -6.4574550000E-04  -7.2732714000E-03  -2.5151998000E-03   2.5058377000E-03
   15     -8.3471630000E-04   1.3248508000E-03  -4.1977633000E-03  -1.1435748000E-03   1.0240399000E-03
   16     -4.7119860000E-04  -1.0921698000E-03  -3.3317223000E-03  -9.3683320000E-04  -4.0927110000E-04
   17     -1.9431623000E-03  -3.1347970000E-04  -3.6089133000E-03  -2.2020391000E-03   9.5347450000E-04
   18     -1.4674528000E-03   3.5638850000E-04  -5.8307180000E-04   1.6030000000E-04   4.7285200000E-04
   19      2.7193890000E-04   2.3363070000E-04   2.5795400000E-05  -6.8797300000E-04   2.8238420000E-04
   20      3.3771710000E-04   8.9124800000E-05  -1.0543777000E-03   7.8825660000E-04  -1.6745080000E-04
   21      1.9796860000E-04  -5.4392770000E-04  -5.5997050000E-04  -3.3159350000E-04  -6.7740130000E-04
   22      2.6582000000E-04   3.6871490000E-04   3.6641600000E-05  -6.9784150000E-04   2.2388610000E-04
   23      7.1267060000E-04   1.4317210000E-04   1.1835862000E-03   4.9015680000E-04   3.1298680000E-04
   24     -4.9170210000E-04  -9.6572700000E-05  -6.5783700000E-05   3.7125350000E-04  -2.2360130000E-04
   25      1.5037150000E-04   5.6113000000E-06  -2.3258370000E-04  -2.6554730000E-04  -8.5373500000E-05
   26     -4.5679240000E-04   6.4873530000E-04  -1.0191128000E-03   1.7899190000E-04   5.0384090000E-04
   27      1.6235921000E-03   7.6036350000E-04  -9.9783120000E-04  -4.8658422000E-03   1.4196691000E-03
   28     -7.4680790000E-04   6.5824160000E-04   5.7490470000E-04  -4.8393230000E-04   3.2140120000E-04
   29     -2.1312192000E-03  -2.6086010000E-04  -4.7443790000E-03   4.0593930000E-03  -2.1755063000E-03
   30      1.2193990330E-01   1.1595703710E-01  -5.0626925900E-02   9.3216217000E-03   1.1515478300E-02
   31      1.1595703710E-01   2.4098773540E-01  -5.4188409900E-02  -1.0191967600E-02  -4.9445782600E-02
   32     -5.0626925900E-02  -5.4188409900E-02   4.1440623000E-02  -1.6963560000E-03  -1.2875730000E-02
   33      9.3216217000E-03  -1.0191967600E-02  -1.6963560000E-03   1.2341657470E-01  -1.0208328910E-01
   34      1.1515478300E-02  -4.9445782600E-02  -1.2875730000E-02  -1.0208328910E-01   1.9714049860E-01
   35      6.9886510000E-04  -1.9199776000E-03   1.0445131900E-02  -8.1362276600E-02   9.6282929200E-02
   36      6.3545380000E-04  -9.3864480000E-04  -5.8156600000E-05   2.5545230000E-04  -6.4651270000E-04
   37      1.7408000000E-05   1.2061681000E-03  -6.0492290000E-04  -7.0521030000E-04   1.2754589000E-03
   38      1.0348190000E-04   8.1588300000E-05   9.6713340000E-04   5.8138600000E-05   4.2408560000E-04
   39     -5.0697000000E-06  -4.4904000000E-06   4.8447720000E-04   1.0574770000E-03   3.9034900000E-05
   40     -1.4206390000E-04   1.4164102000E-03  -4.8190600000E-05  -4.6753710000E-04   1.5435502000E-03
   41      6.1898540000E-04   1.9890510000E-04   9.4303700000E-04   7.5800750000E-04  -2.4281950000E-04
   42     -1.6595380000E-04   1.0922345000E-03   7.8736460000E-04   9.2127690000E-04   1.1672149000E-03
   43     -8.1654360000E-04   1.5540832000E-03   2.8806700000E-05   4.6017150000E-04   1.7101016000E-03
   44      1.3741420000E-04  -7.0094270000E-04  -5.7798070000E-04   3.6750570000E-04  -9.8117780000E-04
   45      1.5544513000E-03  -1.3498010000E-03   3.6067310000E-04  -6.9663700000E-05  -1.2479734000E-03
   46     -1.2384120000E-04   9.3691950000E-04  -1.7457086000E-03  -9.1744440000E-04   5.8021730000E-04
   47     -2.8332510000E-04   9.0079230000E-04  -1.8940500000E-05  -9.7985900000E-04   5.2109410000E-04
                   35                 36                 37                 38                 39        
    0     -2.8681900000E-03  -1.3385784000E-03  -2.5113150000E-03   4.3481582000E-03   5.0120750000E-04
    1     -4.9261760000E-04  -1.4075979000E-03   2.0677223000E-03  -7.7917779000E-03   2.6555721000E-03
    2      8.7849300000E-04  -9.8327696000E-03   1.1755831000E-03  -3.0075900900E-02  -7.8986718000E-03
    3      9.8526410000E-04  -6.4902529000E-03   1.5137373000E-03  -2.1328371900E-02  -7.1421783000E-03
    4      1.2464638000E-03   2.2492419000E-03  -3.3518180000E-04  -3.1774911000E-03  -4.1361308000E-03
    5      1.9108810000E-03   1.0637884400E-02   3.5950013000E-03   1.2119440500E-02   8.2875490000E-03
    6     -5.0721170000E-03   6.5389090000E-04  -2.7318321000E-03   1.1196525400E-02   2.9797678000E-03
    7     -4.1306924000E-03   1.9686967000E-03  -5.8075050000E-04   8.8154967000E-03   3.2447853000E-03
    8      9.9883274000E-03   5.2904335000E-03   4.9549002000E-03   7.4948600000E-04   3.6916275000E-03
    9      9.2009106800E-02   4.9805672000E-03   4.6173803000E-03  -5.7966374000E-03  -1.5066414000E-03
   10     -9.2855941200E-02  -2.0493900000E-04  -1.4390189000E-03   5.1189590000E-04   3.3670670000E-04
   11     -9.9239629200E-02  -3.9078802000E-03  -1.3998321000E-03  -4.2176118000E-03  -2.3324007000E-03
   12     -1.3012930000E-04  -3.2083265000E-02  -8.5627018000E-03  -9.4120697000E-03  -1.0409161500E-02
   13      3.6751695000E-03   8.3565085000E-03   6.0717307000E-03  -9.8570333000E-03  -2.7420804300E-02
   14     -1.0061202200E-02   3.7350173000E-03  -9.9920680000E-04   6.7549838000E-03  -1.6193522000E-03
   15     -4.5330685000E-03  -1.4531785080E-01   7.1255316600E-02   1.3759283760E-01  -3.4297445100E-02
   16     -2.2819382000E-03   7.3642110000E-02  -8.0371546800E-02  -5.7697397500E-02  -3.0698749600E-02
   17     -5.3892092000E-03   1.0714425590E-01  -6.1212978800E-02  -9.3724970600E-02   1.4102953200E-02
   18     -5.1340230000E-04  -1.4970700000E-04  -5.6434730000E-04   1.7706440000E-04   8.5247630000E-04
   19     -1.4997880000E-04   4.1918400000E-04   3.8990780000E-04   6.0404500000E-05  -2.5467250000E-04
   20      1.3877462000E-03  -8.3710570000E-04   2.3665720000E-04  -1.1782595000E-03  -5.4676400000E-04
   21     -4.0272810000E-04   6.3797150000E-04   2.8138860000E-04   2.4696380000E-04  -2.2119990000E-04
   22     -2.3159820000E-04   3.7930150000E-04   6.2542770000E-04   3.4143760000E-04  -6.4497200000E-05
   23     -1.5427210000E-04  -8.2806680000E-04  -7.1974450000E-04   1.1326034000E-03  -1.5768454000E-03
   24      2.8700830000E-04  -6.7668100000E-05  -1.0950460000E-04  -4.7553300000E-05   3.6671750000E-04
   25     -2.7802400000E-05  -6.2369480000E-04   3.4595070000E-04   1.4701330000E-04  -1.2939760000E-04
   26      9.9679230000E-04   2.9956010000E-04  -1.1160021000E-03   2.6590340000E-04   6.1655980000E-04
   27     -1.6282890000E-04   4.5793460000E-04  -9.8820800000E-05   1.1852210000E-04  -2.5999600000E-05
   28      4.8738570000E-04  -1.3989300000E-04   3.6760460000E-04   1.5808750000E-04  -6.1476500000E-05
   29      7.6206724000E-03  -4.4383340000E-04   3.5467330000E-04   8.1939700000E-04  -2.7293930000E-04
   30      6.9886510000E-04   6.3545380000E-04   1.7408000000E-05   1.0348190000E-04  -5.0697000000E-06
   31     -1.9199776000E-03  -9.3864480000E-04   1.2061681000E-03   8.1588300000E-05  -4.4904000000E-06
   32      1.0445131900E-02  -5.8156600000E-05  -6.0492290000E-04   9.6713340000E-04   4.8447720000E-04
   33     -8.1362276600E-02   2.5545230000E-04  -7.0521030000E-04   5.8138600000E-05   1.0574770000E-03
   34      9.6282929200E-02  -6.4651270000E-04   1.2754589000E-03   4.2408560000E-04   3.9034900000E-05
   35      8.0363752500E-02  -3.3340390000E-04  -6.6434200000E-05  -4.8735000000E-06   5.9912510000E-04
   36     -3.3340390000E-04   1.7952416750E-01  -9.1780093100E-02  -1.1579721870E-01   6.5120240000E-04
   37     -6.6434200000E-05  -9.1780093100E-02   1.0914995580E-01   6.8165990700E-02   2.9599511100E-02
   38     -4.8735000000E-06  -1.1579721870E-01   6.8165990700E-02   1.0305346950E-01   1.5589800000E-04
