
$orca_hessian_file

$act_atom
  0

$act_coord
  0

$act_energy
      -21.933138

$multiplicity
  1

$hessian
48
                    0                  1                  2                  3                  4        
    0      7.9055202060E-01  -1.0308214400E-02  -5.6007397500E-02  -4.3355559770E-01   5.0420289500E-02
    1     -1.0308214400E-02   4.9095090020E-01  -5.0009908200E-02   2.0255808600E-02  -7.6481656800E-02
    2     -5.6007397500E-02  -5.0009908200E-02   5.1262979500E-02   2.5887975900E-02  -2.6400911600E-02
    3     -4.3355559770E-01   2.0255808600E-02   2.5887975900E-02   6.8206229750E-01  -4.5330821500E-02
    4      5.0420289500E-02  -7.6481656800E-02  -2.6400911600E-02  -4.5330821500E-02   5.9632605290E-01
    5      1.1699216070E-01   2.7203581000E-03   6.9494119000E-03  -8.0615221000E-02   2.9027064000E-02
    6     -5.8243517600E-02  -2.1851148900E-02   5.6016473300E-02  -6.3596091300E-02  -6.5518391000E-02
    7     -2.6716885900E-02   3.8623726000E-03   4.0081955900E-02  -6.8805508500E-02  -2.4704389790E-01
    8     -9.3160890000E-04   7.3823789000E-03   1.2368472000E-02   1.6397192300E-02   2.0024797800E-02
    9      6.4989719000E-03  -5.7243423000E-03  -1.3741153400E-02  -5.9551123900E-02  -3.1195615600E-02
   10     -3.6882370000E-03  -4.0638504000E-03   2.5166074000E-03  -2.8389039600E-02  -5.6367690000E-04
   11      6.2480656000E-03  -5.2153852000E-03  -2.4520257300E-02  -3.4651206800E-02  -2.5218704500E-02
   12      8.8423249000E-03  -1.1664849000E-02  -6.6265449000E-02  -5.4016543700E-02  -2.3994319400E-02
   13      4.1088925000E-03  -6.8268487000E-03  -3.3886662500E-02  -3.0393393300E-02  -2.7704803000E-03
   14     -3.9492146000E-03   7.3141000000E-06   1.1680374300E-02  -5.2441206000E-03  -9.9457540000E-03
   15     -2.0579104800E-02   1.3741395800E-02   9.3640536100E-02   6.3639237700E-02   1.2597870400E-02
   16     -7.7811434000E-03  -1.1445012100E-02   2.7783015000E-02   2.0392944800E-02   5.4269820000E-03
   17     -2.1070219900E-02   2.1236344400E-02   7.5729574500E-02   8.6649514500E-02   7.2471965000E-03
   18     -1.5306263740E-01  -1.2168110230E-01  -1.0211664300E-02  -1.7509664200E-02  -2.4057909300E-02
   19     -1.2042234750E-01  -1.8331289680E-01  -1.0996417900E-02  -1.0094480000E-04   1.0822808000E-03
   20     -1.6813627800E-02  -1.6880635600E-02  -3.9283556300E-02   6.3462123000E-03   8.1210982000E-03
   21     -1.1976519610E-01   1.1257682910E-01  -2.6382752500E-02  -1.5260559100E-02   2.5691391800E-02
   22      1.0892905400E-01  -2.0970785840E-01   4.2252457900E-02   7.0604486000E-03  -5.0096034000E-03
   23     -3.4765546100E-02   4.9189138200E-02  -3.7319184300E-02   1.1451882500E-02  -7.1708915000E-03
   24     -1.8461854700E-02   2.6161041300E-02  -7.5623280000E-04  -1.0078685590E-01   1.1011838920E-01
   25      4.6331755000E-03  -2.9224109000E-03  -1.3219357000E-03   1.0899725740E-01  -2.4612726650E-01
   26      4.7482949000E-03  -5.1511814000E-03  -6.2713600000E-05  -1.8639339000E-03   8.4551151000E-03
   27      9.3001770000E-04  -2.7382753000E-03   2.4098100000E-05   5.9755912000E-03  -9.9985059000E-03
   28      1.2585389000E-03   5.9224170000E-04   1.1131060000E-04   1.0841860600E-02  -2.6576978200E-02
   29     -5.1704800000E-05   4.9995340000E-04  -7.1216160000E-04   1.1362396000E-03  -1.1432323000E-03
   30     -1.1327554000E-03  -9.6842530000E-04  -9.2819480000E-04  -5.6392337000E-03   6.1835550000E-04
   31     -1.7219950000E-04  -7.3312750000E-04  -7.3390280000E-04  -1.7888438000E-03   9.9358780000E-04
   32     -8.6827790000E-04   2.0443000000E-04  -5.6002690000E-04   2.4185349000E-03   5.2169460000E-04
   33      3.3422450000E-04  -3.5384080000E-04  -1.8243870000E-04   1.8837918000E-03   1.3328840000E-03
   34     -2.6216250000E-04  -4.3233220000E-04   4.9282300000E-04  -9.0353160000E-04   1.8025418000E-03
   35     -3.8685050000E-04  -3.3576450000E-04   5.6043700000E-05   7.6343920000E-04   3.2170320000E-04
   36      1.3239043000E-03  -1.1615944000E-03  -6.2337344000E-03  -5.1858151000E-03  -6.9393000000E-04
   37     -1.5869590000E-04   1.4444908000E-03   1.5573820000E-04   9.6460100000E-05  -1.7165681000E-03
   38      3.1143369000E-03  -6.3150368000E-03  -1.9498110600E-02  -1.0055834500E-02  -1.4605621000E-03
   39     -8.7733500000E-05   2.6079203000E-03  -5.6187369000E-03  -2.9680069000E-03  -2.7779554000E-03
   40      5.2776050000E-04  -4.1705440000E-04   2.6174197000E-03   6.4981150000E-04  -1.8077680000E-04
   41     -1.2097927000E-03   6.6469603000E-03  -1.9230880800E-02  -7.3994326000E-03   6.1176020000E-04
   42     -2.5916878000E-03   5.0642040000E-04   6.6994924000E-03   3.0280828000E-03   1.9598325000E-03
   43     -1.2866798000E-03   2.4127130000E-04   3.4839389000E-03   2.5545299000E-03   3.0123230000E-04
   44      3.2025438000E-03  -2.8160005000E-03  -1.2877649600E-02  -8.3704421000E-03  -4.4888281000E-03
   45     -1.0013790000E-03   6.0237700000E-04   4.0591786000E-03   1.4804906000E-03   8.2843520000E-04
   46      9.1885490000E-04  -7.4822850000E-04   3.8544719000E-03   4.8629616000E-03   5.3822740000E-04
   47      1.7488388000E-03  -1.1629653000E-03  -3.9823148000E-03  -2.8507998000E-03   1.4984543000E-03
                    5                  6                  7                  8                  9        
    0      1.1699216070E-01  -5.8243517600E-02  -2.6716885900E-02  -9.3160890000E-04   6.4989719000E-03
    1      2.7203581000E-03  -2.1851148900E-02   3.8623726000E-03   7.3823789000E-03  -5.7243423000E-03
    2      6.9494119000E-03   5.6016473300E-02   4.0081955900E-02   1.2368472000E-02  -1.3741153400E-02
    3     -8.0615221000E-02  -6.3596091300E-02  -6.8805508500E-02   1.6397192300E-02  -5.9551123900E-02
    4      2.9027064000E-02  -6.5518391000E-02  -2.4704389790E-01   2.0024797800E-02  -3.1195615600E-02
    5      1.5833853650E-01  -1.9534913500E-02  -1.6425077500E-02  -3.0769832800E-02   1.0787344500E-02
    6     -1.9534913500E-02   7.7351375140E-01  -1.9751346600E-02  -6.3774212900E-02  -5.0138692840E-01
    7     -1.6425077500E-02  -1.9751346600E-02   5.8132287350E-01   7.1991167000E-03   2.3768519700E-02
    8     -3.0769832800E-02  -6.3774212900E-02   7.1991167000E-03   9.3501959300E-02  -1.3962743000E-03
    9      1.0787344500E-02  -5.0138692840E-01   2.3768519700E-02  -1.3962743000E-03   8.2138327120E-01
   10      3.5547590000E-04  -4.2836693000E-03  -7.4641358900E-02  -8.1984235000E-03   1.6394154300E-02
   11      1.0878613800E-02   4.6494429100E-02   1.9094274000E-02   6.8917951000E-03  -9.7069038100E-02
   12      3.3796861000E-03   3.2601761200E-02   1.8547278100E-02   2.7043999500E-02  -8.7037182000E-03
   13      7.2497120000E-03   1.0334855000E-02   9.8268537000E-03   5.9195237000E-03  -2.1155290000E-03
   14     -2.8584382900E-02  -1.3231020800E-02  -1.3030748000E-03  -1.2935517000E-02   5.4536806000E-03
   15     -4.0522021000E-02  -4.3769138600E-02  -2.9652276200E-02   1.8742501000E-03   1.0440833600E-02
   16     -1.4195811700E-02  -1.2381623800E-02  -5.9895770000E-03  -1.8403726000E-03   1.0715806000E-03
   17     -8.4461787900E-02  -2.2224308400E-02  -2.0637796100E-02  -3.5913084800E-02   1.6645479000E-03
   18      9.4728950000E-04  -6.2024746000E-03   5.5301900000E-04   1.4722738000E-03  -8.6072160000E-04
   19      6.3453020000E-04  -1.2594234000E-03   4.6852650000E-04  -3.7694800000E-05  -1.2734980000E-04
   20     -9.5096490000E-04   2.8417838000E-03  -1.3812760000E-03   9.3419387000E-03   5.0141800000E-04
   21     -2.8116227000E-03   6.0165330000E-04   1.5611498000E-03   5.8576700000E-05   8.8845890000E-04
   22     -1.1624905000E-03  -2.5585247000E-03   1.0560077000E-03  -4.3525180000E-04  -1.3319290000E-04
   23     -2.1164424000E-03  -3.9719656000E-03  -1.9157709000E-03  -5.2208783000E-03   3.2326500000E-04
   24      5.6908450000E-04   6.3708974000E-03  -1.1746129400E-02   2.4811870000E-04   1.5239077000E-03
   25      4.5480785000E-03   1.1337245900E-02  -2.6422199200E-02  -8.7108500000E-04   8.5147370000E-04
   26     -2.9255810600E-02  -2.6893809000E-03  -1.1302858000E-03  -3.6929040000E-04   4.7743230000E-04
   27     -1.6625805000E-03  -1.0533740230E-01   1.0907898120E-01   1.3242779200E-02  -2.2474188600E-02
   28     -1.9778583000E-03   1.0917161580E-01  -2.3162466790E-01  -2.5963906600E-02   4.1643891000E-03
   29      1.6152300000E-05   1.4057286500E-02  -2.7090940700E-02  -3.9708456100E-02   1.6210477000E-03
   30      2.9955757000E-03  -1.7823790800E-02  -2.7111460700E-02   7.9295500000E-05  -1.1941969370E-01
   31      5.2929750000E-04  -1.3569580000E-03  -1.2897245000E-03  -2.5138240000E-04  -1.1337265640E-01
   32      1.1131054800E-02  -3.4902348000E-03  -6.4417760000E-04   1.2438202000E-03   3.4219481700E-02
   33     -1.3463443000E-03  -1.9854368700E-02   2.6811788200E-02   6.3372635000E-03  -1.2563519340E-01
   34      5.4519710000E-04   4.8235225000E-03  -2.1147654000E-03  -4.3225750000E-04   1.0503184210E-01
   35     -5.5924979000E-03  -2.1386167000E-03  -1.8574216000E-03   2.7417570000E-04   5.9504976100E-02
   36      1.7118737000E-03   2.7267901000E-03   2.2604666000E-03   3.8620030000E-04  -9.7726000000E-04
   37     -8.4988900000E-04  -4.2001690000E-04  -3.4721700000E-04   1.0289799000E-03  -1.5727470000E-04
   38      4.7449109000E-03   7.0752767000E-03   5.4698078000E-03  -2.0908440000E-04  -2.7724878000E-03
   39      4.3704745000E-03   2.4666026000E-03   1.8403639000E-03   1.4750296000E-03  -1.4109508000E-03
   40      5.7726400000E-04  -1.9029200000E-05  -5.2622310000E-04   2.8032590000E-04   2.5857060000E-04
   41      1.7031500000E-03   4.4278980000E-03   1.4833030000E-03   8.3875580000E-04  -3.8643440000E-04
   42      2.5793118000E-03  -2.3061818000E-03  -4.9399250000E-04  -1.6916555000E-03  -7.0358700000E-05
   43      1.0767011000E-03  -1.1053772000E-03  -6.5008370000E-04  -1.3797530000E-04   8.5159000000E-05
   44     -1.1524260000E-03   4.4346866000E-03   1.7653481000E-03   3.0983726000E-03  -2.4932160000E-04
   45      2.1599020000E-03   2.3843830000E-04  -1.4396670000E-04  -8.2122760000E-04  -2.4530610000E-04
   46     -1.2652551600E-02  -5.1617303000E-03  -5.8869192000E-03  -3.6667734000E-03   1.2002716000E-03
   47     -1.0877684800E-02  -4.2931803000E-03  -2.7079846000E-03  -2.4331455000E-03   1.0615159000E-03
                   10                 11                 12                 13                 14        
    0     -3.6882370000E-03   6.2480656000E-03   8.8423249000E-03   4.1088925000E-03  -3.9492146000E-03
    1     -4.0638504000E-03  -5.2153852000E-03  -1.1664849000E-02  -6.8268487000E-03   7.3141000000E-06
    2      2.5166074000E-03  -2.4520257300E-02  -6.6265449000E-02  -3.3886662500E-02   1.1680374300E-02
    3     -2.8389039600E-02  -3.4651206800E-02  -5.4016543700E-02  -3.0393393300E-02  -5.2441206000E-03
    4     -5.6367690000E-04  -2.5218704500E-02  -2.3994319400E-02  -2.7704803000E-03  -9.9457540000E-03
    5      3.5547590000E-04   1.0878613800E-02   3.3796861000E-03   7.2497120000E-03  -2.8584382900E-02
    6     -4.2836693000E-03   4.6494429100E-02   3.2601761200E-02   1.0334855000E-02  -1.3231020800E-02
    7     -7.4641358900E-02   1.9094274000E-02   1.8547278100E-02   9.8268537000E-03  -1.3030748000E-03
    8     -8.1984235000E-03   6.8917951000E-03   2.7043999500E-02   5.9195237000E-03  -1.2935517000E-02
    9      1.6394154300E-02  -9.7069038100E-02  -8.7037182000E-03  -2.1155290000E-03   5.4536806000E-03
   10      4.8423748850E-01   3.8354366300E-02   2.3786077000E-03  -3.8347137000E-03   2.2537310000E-04
   11      3.8354366300E-02   1.1456818600E-01  -2.0557783900E-02  -7.2114566000E-03  -1.2549096300E-02
   12      2.3786077000E-03  -2.0557783900E-02   4.9727264190E-01   6.7710350000E-03   2.0052458040E-01
   13     -3.8347137000E-03  -7.2114566000E-03   6.7710350000E-03   3.5190798140E-01   2.3355075000E-02
   14      2.2537310000E-04  -1.2549096300E-02   2.0052458040E-01   2.3355075000E-02   3.0329228500E-01
   15     -1.7276895000E-03   2.0474198600E-02  -2.5566412220E-01  -6.1555590700E-02  -4.9479968700E-02
   16     -2.3479117000E-03   5.7999350000E-03  -7.5716657700E-02  -9.7505583800E-02  -2.1722801000E-02
   17     -2.1800500000E-03   1.7632423700E-02   5.7167339900E-02   1.7466663700E-02  -5.5743807900E-02
   18     -9.9697150000E-04   3.9009980000E-04  -3.6411300000E-05   5.6098600000E-05   1.8849830000E-04
   19     -1.2278600000E-05   2.0645140000E-04   6.4512310000E-04  -3.0496710000E-04   5.3826200000E-04
   20      1.7927530000E-04  -4.0659740000E-04   5.5643300000E-05   9.3625550000E-04  -8.8078620000E-04
   21     -2.1474900000E-04   3.6388330000E-04   1.6585000000E-04   6.7404170000E-04  -4.4619050000E-04
   22      2.5952900000E-05   5.9763300000E-05   2.9280220000E-04  -3.6864170000E-04  -2.0253000000E-05
   23      9.2917300000E-05   9.5271860000E-04   3.6187164000E-03   1.1599297000E-03  -4.0247160000E-04
   24     -1.2521348000E-03  -2.1894500000E-04  -8.2564420000E-04   2.7340870000E-04  -9.0265600000E-05
   25      1.3890694000E-03  -4.1448360000E-04  -6.2702500000E-05  -2.2615903000E-03   3.7539640000E-04
   26     -5.1400340000E-04  -3.2428280000E-04   7.5130490000E-04   1.2599415000E-03   9.1202600000E-05
   27      2.6049756400E-02   5.9633001000E-03  -6.8339630000E-04   1.2822206000E-03  -6.5055220000E-04
   28     -7.9816050000E-04  -4.9363300000E-04   1.3614958000E-03  -1.4979328000E-03   1.1368259000E-03
   29     -5.8202980000E-04   8.0333830000E-04  -9.3709010000E-04   1.1893013000E-03  -2.1220726000E-03
   30     -1.1220739450E-01   2.5523224000E-02  -4.4473650000E-04  -4.4989010000E-04   3.9192690000E-04
   31     -2.1283689400E-01   3.1696751000E-02  -2.9476060000E-04  -1.5140405000E-03   2.0930330000E-04
   32      3.9690182100E-02  -4.3935910900E-02  -1.6441497000E-03  -6.2559330000E-04   1.2360099000E-03
   33      1.0767064170E-01   5.1166438700E-02  -1.0344973000E-03   6.6745650000E-04   3.1223060000E-04
   34     -1.8463992010E-01  -6.2726952900E-02   5.0060000000E-05  -1.4814466000E-03  -1.4103930000E-04
   35     -7.0395632700E-02  -6.5022953300E-02  -1.7549218000E-03   7.6382040000E-04   1.6017130000E-04
   36     -9.3040000000E-05  -2.8516394000E-03  -3.3687704200E-02   7.5245345000E-03   7.8458660000E-03
   37     -9.7258980000E-04  -2.4040540000E-04  -7.8182756000E-03   6.8255461000E-03   1.9313205000E-03
   38      5.9456680000E-04  -3.7820977000E-03  -1.2273123000E-02  -8.7326410000E-03   6.2857429000E-03
   39      3.0329040000E-04  -2.1451028000E-03  -6.8142172000E-03  -2.7785504600E-02  -1.0412588000E-03
   40     -2.9297270000E-04  -5.1996710000E-04  -2.5116137000E-03  -1.3786218800E-02  -1.4171164000E-03
   41     -1.3442250000E-04  -2.7748981000E-03  -1.0041805600E-02  -2.0436413000E-03  -1.0070937000E-03
   42      1.9416060000E-04   1.2870340000E-03  -1.3811152690E-01   7.0536576500E-02  -1.3684498010E-01
   43     -4.9698600000E-05   7.3400680000E-04   7.7176012100E-02  -5.1156501200E-02   7.5523626000E-02
   44      4.4618290000E-04  -2.8518432000E-03  -1.7197539930E-01   8.3889437000E-02  -1.4858828280E-01
   45     -1.3768580000E-04  -4.1695720000E-04  -3.8860060000E-02   2.0070788200E-02  -3.7392109000E-03
   46     -5.9848480000E-04   6.0954405000E-03   1.4840764500E-02  -1.8525141570E-01  -6.8752457700E-02
   47     -4.5038520000E-04   4.4408614000E-03  -7.0915481000E-03  -9.0689665000E-02  -5.9932275200E-02
                   15                 16                 17                 18                 19        
    0     -2.0579104800E-02  -7.7811434000E-03  -2.1070219900E-02  -1.5306263740E-01  -1.2042234750E-01
    1      1.3741395800E-02  -1.1445012100E-02   2.1236344400E-02  -1.2168110230E-01  -1.8331289680E-01
    2      9.3640536100E-02   2.7783015000E-02   7.5729574500E-02  -1.0211664300E-02  -1.0996417900E-02
    3      6.3639237700E-02   2.0392944800E-02   8.6649514500E-02  -1.7509664200E-02  -1.0094480000E-04
    4      1.2597870400E-02   5.4269820000E-03   7.2471965000E-03  -2.4057909300E-02   1.0822808000E-03
    5     -4.0522021000E-02  -1.4195811700E-02  -8.4461787900E-02   9.4728950000E-04   6.3453020000E-04
    6     -4.3769138600E-02  -1.2381623800E-02  -2.2224308400E-02  -6.2024746000E-03  -1.2594234000E-03
    7     -2.9652276200E-02  -5.9895770000E-03  -2.0637796100E-02   5.5301900000E-04   4.6852650000E-04
    8      1.8742501000E-03  -1.8403726000E-03  -3.5913084800E-02   1.4722738000E-03  -3.7694800000E-05
    9      1.0440833600E-02   1.0715806000E-03   1.6645479000E-03  -8.6072160000E-04  -1.2734980000E-04
   10     -1.7276895000E-03  -2.3479117000E-03  -2.1800500000E-03  -9.9697150000E-04  -1.2278600000E-05
   11      2.0474198600E-02   5.7999350000E-03   1.7632423700E-02   3.9009980000E-04   2.0645140000E-04
   12     -2.5566412220E-01  -7.5716657700E-02   5.7167339900E-02  -3.6411300000E-05   6.4512310000E-04
   13     -6.1555590700E-02  -9.7505583800E-02   1.7466663700E-02   5.6098600000E-05  -3.0496710000E-04
   14     -4.9479968700E-02  -2.1722801000E-02  -5.5743807900E-02   1.8849830000E-04   5.3826200000E-04
   15      4.9583305690E-01   4.6154671000E-02  -1.8208392850E-01  -7.7335960000E-04  -1.1875500000E-05
   16      4.6154671000E-02   5.2338075170E-01   1.4964732000E-03  -1.1227010000E-03  -5.7518000000E-04
   17     -1.8208392850E-01   1.4964732000E-03   1.8313643770E-01  -7.3633960000E-04  -3.1842810000E-04
   18     -7.7335960000E-04  -1.1227010000E-03  -7.3633960000E-04   1.6935383960E-01   1.3752572950E-01
   19     -1.1875500000E-05  -5.7518000000E-04  -3.1842810000E-04   1.3752572950E-01   2.1602313140E-01
   20     -1.8081039000E-03  -3.0964110000E-03   2.8580434000E-03   8.9302472000E-03   8.0215926000E-03
   21     -2.3127903000E-03   1.1659730000E-03  -2.4191827000E-03   8.0288630000E-03  -1.6106539600E-02
   22     -6.2753440000E-04   8.4901800000E-05  -1.4128400000E-04   9.5432413000E-03  -3.7505259400E-02
   23     -6.2262620000E-03   3.0493200000E-03  -7.8195393000E-03   2.4005950000E-04   2.2828127000E-03
   24     -4.5081050000E-04   3.0778140000E-04  -2.8759000000E-05   1.4349385000E-03   7.6402320000E-04
   25      1.1782091000E-03  -5.6872690000E-04   2.2935490000E-04  -5.5513000000E-04   7.8476950000E-04
   26     -1.1952940000E-04   5.4219390000E-04  -7.9094310000E-04  -4.3574240000E-04   1.1400200000E-04
   27     -4.8138730000E-04   1.1702160000E-04   4.0664850000E-04  -3.1029770000E-04  -1.6251080000E-04
   28     -3.0388740000E-04  -1.0844598000E-03  -5.1390770000E-04   4.7301710000E-04   3.7593300000E-04
   29     -3.9938760000E-04  -8.7570600000E-05  -9.1874900000E-05   7.3542000000E-05  -2.9935120000E-04
   30      3.0265870000E-04   3.8177540000E-04  -1.1712770000E-04  -1.0529212000E-03   6.1340300000E-05
   31      1.1357814000E-03  -5.4855480000E-04  -7.6180600000E-05   1.4573450000E-04   2.7470670000E-04
   32     -6.9678070000E-04  -4.4869310000E-04   2.5051150000E-04  -7.4794830000E-04  -1.5288000000E-04
   33     -9.1686000000E-06   3.8501000000E-06  -2.5903220000E-04   1.6928090000E-04  -4.1709850000E-04
   34      8.6463800000E-05  -6.6051800000E-04  -1.3016400000E-04   1.7414480000E-04   2.8177460000E-04
   35     -7.9293590000E-04   3.8494850000E-04  -1.1270940000E-04  -2.4508790000E-04  -3.8282400000E-05
   36     -1.6627991910E-01   8.7209440200E-02   1.0793524250E-01  -4.0169200000E-05   2.0721370000E-04
   37      8.2706983400E-02  -9.1217635500E-02  -5.7395149200E-02  -2.7879840000E-04   2.1553640000E-04
   38      1.2839830360E-01  -5.7285620700E-02  -8.2144192400E-02   6.6952600000E-05  -9.3881700000E-05
   39     -3.7960899100E-02  -2.1745538700E-02   1.1488508200E-02   2.8311170000E-04   3.8972000000E-06
   40     -2.4030658100E-02  -2.8450355520E-01   4.9094407200E-02  -2.6464700000E-05   4.7357770000E-04
   41      2.3916967300E-02   6.1352503700E-02  -3.1358258100E-02  -1.3578870000E-04   3.2091950000E-04
   42     -3.4728899800E-02   3.5515700000E-03  -1.7789342100E-02   8.9963960000E-04  -1.0714894000E-03
   43     -1.4257707100E-02   3.4703550000E-04  -6.9536311000E-03   3.1079320000E-04   4.3758160000E-04
   44      1.5540722600E-02   1.0034505800E-02   1.2405134200E-02   2.9937170000E-04  -3.3423560000E-04
   45     -7.2061872000E-03  -4.1608943500E-02  -1.8583561700E-02  -3.2101650000E-04   4.7225230000E-04
   46     -2.5434156000E-02  -3.2792956100E-02  -8.4238493000E-03  -6.2700800000E-05   1.2927636000E-03
   47     -1.7160605000E-03  -1.1765614600E-02   6.4240729000E-03  -9.5763200000E-05   1.5260140000E-04
                   20                 21                 22                 23                 24        
    0     -1.6813627800E-02  -1.1976519610E-01   1.0892905400E-01  -3.4765546100E-02  -1.8461854700E-02
    1     -1.6880635600E-02   1.1257682910E-01  -2.0970785840E-01   4.9189138200E-02   2.6161041300E-02
    2     -3.9283556300E-02  -2.6382752500E-02   4.2252457900E-02  -3.7319184300E-02  -7.5623280000E-04
    3      6.3462123000E-03  -1.5260559100E-02   7.0604486000E-03   1.1451882500E-02  -1.0078685590E-01
    4      8.1210982000E-03   2.5691391800E-02  -5.0096034000E-03  -7.1708915000E-03   1.1011838920E-01
    5     -9.5096490000E-04  -2.8116227000E-03  -1.1624905000E-03  -2.1164424000E-03   5.6908450000E-04
    6      2.8417838000E-03   6.0165330000E-04  -2.5585247000E-03  -3.9719656000E-03   6.3708974000E-03
    7     -1.3812760000E-03   1.5611498000E-03   1.0560077000E-03  -1.9157709000E-03  -1.1746129400E-02
    8      9.3419387000E-03   5.8576700000E-05  -4.3525180000E-04  -5.2208783000E-03   2.4811870000E-04
    9      5.0141800000E-04   8.8845890000E-04  -1.3319290000E-04   3.2326500000E-04   1.5239077000E-03
   10      1.7927530000E-04  -2.1474900000E-04   2.5952900000E-05   9.2917300000E-05  -1.2521348000E-03
   11     -4.0659740000E-04   3.6388330000E-04   5.9763300000E-05   9.5271860000E-04  -2.1894500000E-04
   12      5.5643300000E-05   1.6585000000E-04   2.9280220000E-04   3.6187164000E-03  -8.2564420000E-04
   13      9.3625550000E-04   6.7404170000E-04  -3.6864170000E-04   1.1599297000E-03   2.7340870000E-04
   14     -8.8078620000E-04  -4.4619050000E-04  -2.0253000000E-05  -4.0247160000E-04  -9.0265600000E-05
   15     -1.8081039000E-03  -2.3127903000E-03  -6.2753440000E-04  -6.2262620000E-03  -4.5081050000E-04
   16     -3.0964110000E-03   1.1659730000E-03   8.4901800000E-05   3.0493200000E-03   3.0778140000E-04
   17      2.8580434000E-03  -2.4191827000E-03  -1.4128400000E-04  -7.8195393000E-03  -2.8759000000E-05
   18      8.9302472000E-03   8.0288630000E-03   9.5432413000E-03   2.4005950000E-04   1.4349385000E-03
   19      8.0215926000E-03  -1.6106539600E-02  -3.7505259400E-02   2.2828127000E-03   7.6402320000E-04
   20      2.8694271600E-02   2.6009383000E-03   4.8256100000E-03   5.6352100000E-03  -8.8994020000E-04
   21      2.6009383000E-03   1.3146480460E-01  -1.2256990790E-01   2.7884556600E-02  -4.5694109000E-03
   22      4.8256100000E-03  -1.2256990790E-01   2.4795214430E-01  -4.5958426200E-02   1.5805666000E-03
   23      5.6352100000E-03   2.7884556600E-02  -4.5958426200E-02   3.7497232600E-02   3.9496387000E-03
   24     -8.8994020000E-04  -4.5694109000E-03   1.5805666000E-03   3.9496387000E-03   1.1693315060E-01
   25     -4.5148500000E-05  -3.1354760000E-04   4.5192400000E-04  -3.6260070000E-04  -1.2259524050E-01
   26     -3.1142583000E-03   1.2366376000E-03   9.8707090000E-04   7.4140219000E-03  -3.3040826000E-03
   27      8.3909200000E-05  -5.3912560000E-04  -5.7977990000E-04  -7.9347200000E-05  -1.4075358000E-03
   28     -1.8768450000E-04  -9.1904660000E-04   1.0469300000E-04  -1.1295930000E-04  -2.7922701000E-03
   29     -2.6640410000E-04  -1.8105200000E-05  -1.8077430000E-04   2.5816370000E-04   4.0929620000E-04
   30      6.2062730000E-04   1.5811850000E-04   3.9348100000E-05   5.3619810000E-04  -3.5533620000E-04
   31      2.4329220000E-04  -2.6952790000E-04   3.1697020000E-04  -1.4512100000E-05   1.7354400000E-05
   32     -1.3114106000E-03  -3.5211750000E-04  -2.4330000000E-06   1.2248186000E-03  -1.0882520000E-04
   33      5.6838160000E-04  -8.2157900000E-05  -4.5284970000E-04   4.7386490000E-04   2.8981300000E-05
   34      2.7221000000E-06  -4.0170640000E-04   1.5664180000E-04  -7.1657300000E-05  -1.6142650000E-04
   35      1.0009243000E-03  -3.2374450000E-04   8.1435100000E-05   3.3868640000E-04   1.6471010000E-04
   36     -6.9880210000E-04   6.0006490000E-04   1.6823590000E-04  -7.3956240000E-04  -9.2415900000E-05
   37      1.2043600000E-05   4.2537000000E-05   6.5950130000E-04   1.5246540000E-04  -2.6179460000E-04
   38     -8.5286540000E-04   3.0419150000E-04   1.6486440000E-04   4.3161450000E-04  -1.7674990000E-04
   39     -7.2906090000E-04  -2.3943120000E-04   7.5954400000E-05  -1.0477995000E-03   9.5012300000E-05
   40     -3.3152360000E-04  -1.2277690000E-04   2.2378780000E-04  -3.3327400000E-05   7.4765200000E-05
   41      1.8881280000E-04  -7.0320500000E-05  -1.1775640000E-04  -1.8611072000E-03   4.2706960000E-04
   42     -7.7727270000E-04   1.1133930000E-04  -1.1619106000E-03  -1.2618746000E-03   9.0207800000E-04
   43      4.0689200000E-05  -4.7219250000E-04   3.3081990000E-04  -3.2648410000E-04   2.0630380000E-04
   44      8.0249900000E-05   4.0619080000E-04  -6.0821360000E-04  -6.2453600000E-05   2.2687310000E-04
   45     -8.3235320000E-04   7.4951840000E-04   3.9404910000E-04  -3.8582440000E-04  -3.3910170000E-04
   46     -4.5989960000E-04  -3.2192810000E-04   1.2280183000E-03   4.0046300000E-05  -6.9463800000E-04
   47     -7.3260740000E-04  -3.0938700000E-05   2.5568110000E-04   1.0496105000E-03  -4.2099060000E-04
                   25                 26                 27                 28                 29        
    0      4.6331755000E-03   4.7482949000E-03   9.3001770000E-04   1.2585389000E-03  -5.1704800000E-05
    1     -2.9224109000E-03  -5.1511814000E-03  -2.7382753000E-03   5.9224170000E-04   4.9995340000E-04
    2     -1.3219357000E-03  -6.2713600000E-05   2.4098100000E-05   1.1131060000E-04  -7.1216160000E-04
    3      1.0899725740E-01  -1.8639339000E-03   5.9755912000E-03   1.0841860600E-02   1.1362396000E-03
    4     -2.4612726650E-01   8.4551151000E-03  -9.9985059000E-03  -2.6576978200E-02  -1.1432323000E-03
    5      4.5480785000E-03  -2.9255810600E-02  -1.6625805000E-03  -1.9778583000E-03   1.6152300000E-05
    6      1.1337245900E-02  -2.6893809000E-03  -1.0533740230E-01   1.0917161580E-01   1.4057286500E-02
    7     -2.6422199200E-02  -1.1302858000E-03   1.0907898120E-01  -2.3162466790E-01  -2.7090940700E-02
    8     -8.7108500000E-04  -3.6929040000E-04   1.3242779200E-02  -2.5963906600E-02  -3.9708456100E-02
    9      8.5147370000E-04   4.7743230000E-04  -2.2474188600E-02   4.1643891000E-03   1.6210477000E-03
   10      1.3890694000E-03  -5.1400340000E-04   2.6049756400E-02  -7.9816050000E-04  -5.8202980000E-04
   11     -4.1448360000E-04  -3.2428280000E-04   5.9633001000E-03  -4.9363300000E-04   8.0333830000E-04
   12     -6.2702500000E-05   7.5130490000E-04  -6.8339630000E-04   1.3614958000E-03  -9.3709010000E-04
   13     -2.2615903000E-03   1.2599415000E-03   1.2822206000E-03  -1.4979328000E-03   1.1893013000E-03
   14      3.7539640000E-04   9.1202600000E-05  -6.5055220000E-04   1.1368259000E-03  -2.1220726000E-03
   15      1.1782091000E-03  -1.1952940000E-04  -4.8138730000E-04  -3.0388740000E-04  -3.9938760000E-04
   16     -5.6872690000E-04   5.4219390000E-04   1.1702160000E-04  -1.0844598000E-03  -8.7570600000E-05
   17      2.2935490000E-04  -7.9094310000E-04   4.0664850000E-04  -5.1390770000E-04  -9.1874900000E-05
   18     -5.5513000000E-04  -4.3574240000E-04  -3.1029770000E-04   4.7301710000E-04   7.3542000000E-05
   19      7.8476950000E-04   1.1400200000E-04  -1.6251080000E-04   3.7593300000E-04  -2.9935120000E-04
   20     -4.5148500000E-05  -3.1142583000E-03   8.3909200000E-05  -1.8768450000E-04  -2.6640410000E-04
   21     -3.1354760000E-04   1.2366376000E-03  -5.3912560000E-04  -9.1904660000E-04  -1.8105200000E-05
   22      4.5192400000E-04   9.8707090000E-04  -5.7977990000E-04   1.0469300000E-04  -1.8077430000E-04
   23     -3.6260070000E-04   7.4140219000E-03  -7.9347200000E-05  -1.1295930000E-04   2.5816370000E-04
   24     -1.2259524050E-01  -3.3040826000E-03  -1.4075358000E-03  -2.7922701000E-03   4.0929620000E-04
   25      2.7635364690E-01  -2.8479729000E-03  -2.4521626000E-03  -3.5654743000E-03   3.3776400000E-05
   26     -2.8479729000E-03   2.1800583900E-02   4.2156350000E-04  -1.6799020000E-04   4.2578892000E-03
   27     -2.4521626000E-03   4.2156350000E-04   1.2743243050E-01  -1.2126820330E-01  -1.6822134900E-02
   28     -3.5654743000E-03  -1.6799020000E-04  -1.2126820330E-01   2.6051917040E-01   2.7744419500E-02
   29      3.3776400000E-05   4.2578892000E-03  -1.6822134900E-02   2.7744419500E-02   3.2129527500E-02
   30      3.2750940000E-04  -1.5813170000E-04   1.3569818000E-03  -7.3582920000E-04  -9.4388810000E-04
   31      2.2266630000E-04   4.3593510000E-04   9.1187320000E-04   8.3410730000E-04  -7.9405600000E-05
   32      2.7723500000E-05  -4.5904200000E-04  -2.3346900000E-04   6.7638780000E-04  -4.6359696000E-03
   33     -5.7274450000E-04   1.1018150000E-04  -5.2018705000E-03  -6.5674660000E-04   1.8658615000E-03
   34      4.6000500000E-05   3.6399800000E-04   8.9419930000E-04   7.4654210000E-04  -1.8605980000E-03
   35      2.2961290000E-04   5.4155620000E-04  -6.3002320000E-04  -2.6622470000E-04   1.0572309000E-02
   36     -3.3272340000E-04   3.6561040000E-04   4.1523480000E-04  -1.1308820000E-04   4.0375000000E-05
   37      3.8937170000E-04  -6.5792070000E-04  -6.5264000000E-05   3.6394920000E-04   6.0231490000E-04
   38      2.0722540000E-04  -4.6349400000E-05   1.2823990000E-04   2.4621070000E-04   3.1161490000E-04
   39     -3.9786000000E-05   3.7079130000E-04  -9.3079000000E-06   8.0344000000E-06  -4.8941500000E-05
   40      6.1609620000E-04  -6.3471990000E-04  -2.4912940000E-04   4.1714210000E-04   2.7858330000E-04
   41     -6.4197300000E-05  -1.9864850000E-04   6.7790500000E-05  -1.7282470000E-04  -2.2643220000E-04
   42     -8.5792900000E-05   1.0746300000E-04  -3.7790720000E-04  -2.9653430000E-04  -8.9180900000E-05
   43      3.9721160000E-04  -8.7194740000E-04  -3.3522870000E-04   2.8293760000E-04   6.7790880000E-04
   44     -5.2637510000E-04   1.0296045000E-03   1.2954090000E-04  -6.0330280000E-04  -1.1079887000E-03
   45     -3.1504100000E-04  -1.8478400000E-05   7.1216320000E-04  -1.9334600000E-04   1.0678460000E-04
   46      1.2169119000E-03  -1.8223470000E-04  -4.8499230000E-04   9.1095720000E-04   2.9764500000E-04
   47      8.0263080000E-04  -5.1351950000E-04  -3.8976300000E-04   5.4513720000E-04   5.2236500000E-04
                   30                 31                 32                 33                 34        
    0     -1.1327554000E-03  -1.7219950000E-04  -8.6827790000E-04   3.3422450000E-04  -2.6216250000E-04
    1     -9.6842530000E-04  -7.3312750000E-04   2.0443000000E-04  -3.5384080000E-04  -4.3233220000E-04
    2     -9.2819480000E-04  -7.3390280000E-04  -5.6002690000E-04  -1.8243870000E-04   4.9282300000E-04
    3     -5.6392337000E-03  -1.7888438000E-03   2.4185349000E-03   1.8837918000E-03  -9.0353160000E-04
    4      6.1835550000E-04   9.9358780000E-04   5.2169460000E-04   1.3328840000E-03   1.8025418000E-03
    5      2.9955757000E-03   5.2929750000E-04   1.1131054800E-02  -1.3463443000E-03   5.4519710000E-04
    6     -1.7823790800E-02  -1.3569580000E-03  -3.4902348000E-03  -1.9854368700E-02   4.8235225000E-03
    7     -2.7111460700E-02  -1.2897245000E-03  -6.4417760000E-04   2.6811788200E-02  -2.1147654000E-03
    8      7.9295500000E-05  -2.5138240000E-04   1.2438202000E-03   6.3372635000E-03  -4.3225750000E-04
    9     -1.1941969370E-01  -1.1337265640E-01   3.4219481700E-02  -1.2563519340E-01   1.0503184210E-01
   10     -1.1220739450E-01  -2.1283689400E-01   3.9690182100E-02   1.0767064170E-01  -1.8463992010E-01
   11      2.5523224000E-02   3.1696751000E-02  -4.3935910900E-02   5.1166438700E-02  -6.2726952900E-02
   12     -4.4473650000E-04  -2.9476060000E-04  -1.6441497000E-03  -1.0344973000E-03   5.0060000000E-05
   13     -4.4989010000E-04  -1.5140405000E-03  -6.2559330000E-04   6.6745650000E-04  -1.4814466000E-03
   14      3.9192690000E-04   2.0930330000E-04   1.2360099000E-03   3.1223060000E-04  -1.4103930000E-04
   15      3.0265870000E-04   1.1357814000E-03  -6.9678070000E-04  -9.1686000000E-06   8.6463800000E-05
   16      3.8177540000E-04  -5.4855480000E-04  -4.4869310000E-04   3.8501000000E-06  -6.6051800000E-04
   17     -1.1712770000E-04  -7.6180600000E-05   2.5051150000E-04  -2.5903220000E-04  -1.3016400000E-04
   18     -1.0529212000E-03   1.4573450000E-04  -7.4794830000E-04   1.6928090000E-04   1.7414480000E-04
   19      6.1340300000E-05   2.7470670000E-04  -1.5288000000E-04  -4.1709850000E-04   2.8177460000E-04
   20      6.2062730000E-04   2.4329220000E-04  -1.3114106000E-03   5.6838160000E-04   2.7221000000E-06
   21      1.5811850000E-04  -2.6952790000E-04  -3.5211750000E-04  -8.2157900000E-05  -4.0170640000E-04
   22      3.9348100000E-05   3.1697020000E-04  -2.4330000000E-06  -4.5284970000E-04   1.5664180000E-04
   23      5.3619810000E-04  -1.4512100000E-05   1.2248186000E-03   4.7386490000E-04  -7.1657300000E-05
   24     -3.5533620000E-04   1.7354400000E-05  -1.0882520000E-04   2.8981300000E-05  -1.6142650000E-04
   25      3.2750940000E-04   2.2266630000E-04   2.7723500000E-05  -5.7274450000E-04   4.6000500000E-05
   26     -1.5813170000E-04   4.3593510000E-04  -4.5904200000E-04   1.1018150000E-04   3.6399800000E-04
   27      1.3569818000E-03   9.1187320000E-04  -2.3346900000E-04  -5.2018705000E-03   8.9419930000E-04
   28     -7.3582920000E-04   8.3410730000E-04   6.7638780000E-04  -6.5674660000E-04   7.4654210000E-04
   29     -9.4388810000E-04  -7.9405600000E-05  -4.6359696000E-03   1.8658615000E-03  -1.8605980000E-03
   30      1.3447331810E-01   1.2718269390E-01  -2.8375998600E-02   7.6928378000E-03   1.3022246700E-02
   31      1.2718269390E-01   2.4750586010E-01  -3.0790118700E-02  -1.1390489100E-02  -3.7253073100E-02
   32     -2.8375998600E-02  -3.0790118700E-02   2.8746528900E-02  -2.2152224000E-03  -8.1192548000E-03
   33      7.6928378000E-03  -1.1390489100E-02  -2.2152224000E-03   1.3965711190E-01  -1.2158584000E-01
   34      1.3022246700E-02  -3.7253073100E-02  -8.1192548000E-03  -1.2158584000E-01   2.1979258640E-01
   35      2.8581770000E-04  -1.3036748000E-03   7.3145738000E-03  -5.6710628400E-02   7.2032501700E-02
   36      6.8765800000E-04  -5.8630160000E-04   4.5827380000E-04   4.3870770000E-04  -5.7101160000E-04
   37      9.5026000000E-05   9.4182520000E-04   1.2635870000E-04  -3.3519630000E-04   8.1864550000E-04
   38      2.0419500000E-05  -3.4143900000E-05   4.4501640000E-04   1.2023700000E-05   3.0215290000E-04
   39      1.2565390000E-04  -1.0598610000E-04   3.9957660000E-04   6.2580910000E-04  -1.1937800000E-04
   40     -9.6289700000E-05   9.6055200000E-04   1.7768900000E-05  -2.9234790000E-04   1.0116129000E-03
   41     -1.5673700000E-05   1.4226930000E-04  -1.9595460000E-04   1.1519800000E-04   2.7125050000E-04
   42     -8.7274700000E-05   7.2891580000E-04   7.8047320000E-04   7.3148820000E-04   7.6396600000E-04
   43     -5.9976010000E-04   1.1907350000E-03   1.5118690000E-04   1.9332790000E-04   1.3163417000E-03
   44      8.8189100000E-05  -3.8411900000E-04  -5.7423770000E-04   2.3566220000E-04  -6.2400160000E-04
   45      1.1585154000E-03  -7.8463020000E-04   4.5668380000E-04   2.5502330000E-04  -8.4138870000E-04
   46      4.4075450000E-04   9.3440380000E-04  -6.3258200000E-04  -6.2279490000E-04   6.0936820000E-04
   47     -2.2589000000E-06   4.1059160000E-04   8.0218200000E-05  -4.8344040000E-04   9.5279900000E-05
                   35                 36                 37                 38                 39        
    0     -3.8685050000E-04   1.3239043000E-03  -1.5869590000E-04   3.1143369000E-03  -8.7733500000E-05
    1     -3.3576450000E-04  -1.1615944000E-03   1.4444908000E-03  -6.3150368000E-03   2.6079203000E-03
    2      5.6043700000E-05  -6.2337344000E-03   1.5573820000E-04  -1.9498110600E-02  -5.6187369000E-03
    3      7.6343920000E-04  -5.1858151000E-03   9.6460100000E-05  -1.0055834500E-02  -2.9680069000E-03
    4      3.2170320000E-04  -6.9393000000E-04  -1.7165681000E-03  -1.4605621000E-03  -2.7779554000E-03
    5     -5.5924979000E-03   1.7118737000E-03  -8.4988900000E-04   4.7449109000E-03   4.3704745000E-03
    6     -2.1386167000E-03   2.7267901000E-03  -4.2001690000E-04   7.0752767000E-03   2.4666026000E-03
    7     -1.8574216000E-03   2.2604666000E-03  -3.4721700000E-04   5.4698078000E-03   1.8403639000E-03
    8      2.7417570000E-04   3.8620030000E-04   1.0289799000E-03  -2.0908440000E-04   1.4750296000E-03
    9      5.9504976100E-02  -9.7726000000E-04  -1.5727470000E-04  -2.7724878000E-03  -1.4109508000E-03
   10     -7.0395632700E-02  -9.3040000000E-05  -9.7258980000E-04   5.9456680000E-04   3.0329040000E-04
   11     -6.5022953300E-02  -2.8516394000E-03  -2.4040540000E-04  -3.7820977000E-03  -2.1451028000E-03
   12     -1.7549218000E-03  -3.3687704200E-02  -7.8182756000E-03  -1.2273123000E-02  -6.8142172000E-03
   13      7.6382040000E-04   7.5245345000E-03   6.8255461000E-03  -8.7326410000E-03  -2.7785504600E-02
   14      1.6017130000E-04   7.8458660000E-03   1.9313205000E-03   6.2857429000E-03  -1.0412588000E-03
   15     -7.9293590000E-04  -1.6627991910E-01   8.2706983400E-02   1.2839830360E-01  -3.7960899100E-02
   16      3.8494850000E-04   8.7209440200E-02  -9.1217635500E-02  -5.7285620700E-02  -2.1745538700E-02
   17     -1.1270940000E-04   1.0793524250E-01  -5.7395149200E-02  -8.2144192400E-02   1.1488508200E-02
   18     -2.4508790000E-04  -4.0169200000E-05  -2.7879840000E-04   6.6952600000E-05   2.8311170000E-04
   19     -3.8282400000E-05   2.0721370000E-04   2.1553640000E-04  -9.3881700000E-05   3.8972000000E-06
   20      1.0009243000E-03  -6.9880210000E-04   1.2043600000E-05  -8.5286540000E-04  -7.2906090000E-04
   21     -3.2374450000E-04   6.0006490000E-04   4.2537000000E-05   3.0419150000E-04  -2.3943120000E-04
   22      8.1435100000E-05   1.6823590000E-04   6.5950130000E-04   1.6486440000E-04   7.5954400000E-05
   23      3.3868640000E-04  -7.3956240000E-04   1.5246540000E-04   4.3161450000E-04  -1.0477995000E-03
   24      1.6471010000E-04  -9.2415900000E-05  -2.6179460000E-04  -1.7674990000E-04   9.5012300000E-05
   25      2.2961290000E-04  -3.3272340000E-04   3.8937170000E-04   2.0722540000E-04  -3.9786000000E-05
   26      5.4155620000E-04   3.6561040000E-04  -6.5792070000E-04  -4.6349400000E-05   3.7079130000E-04
   27     -6.3002320000E-04   4.1523480000E-04  -6.5264000000E-05   1.2823990000E-04  -9.3079000000E-06
   28     -2.6622470000E-04  -1.1308820000E-04   3.6394920000E-04   2.4621070000E-04   8.0344000000E-06
   29      1.0572309000E-02   4.0375000000E-05   6.0231490000E-04   3.1161490000E-04  -4.8941500000E-05
   30      2.8581770000E-04   6.8765800000E-04   9.5026000000E-05   2.0419500000E-05   1.2565390000E-04
   31     -1.3036748000E-03  -5.8630160000E-04   9.4182520000E-04  -3.4143900000E-05  -1.0598610000E-04
   32      7.3145738000E-03   4.5827380000E-04   1.2635870000E-04   4.4501640000E-04   3.9957660000E-04
   33     -5.6710628400E-02   4.3870770000E-04  -3.3519630000E-04   1.2023700000E-05   6.2580910000E-04
   34      7.2032501700E-02  -5.7101160000E-04   8.1864550000E-04   3.0215290000E-04  -1.1937800000E-04
   35      5.0455732100E-02   4.9816620000E-04   2.5301190000E-04  -1.0554790000E-04   4.4118470000E-04
   36      4.9816620000E-04   2.0254632850E-01  -9.9538870600E-02  -1.1155628810E-01  -3.3628090000E-04
   37      2.5301190000E-04  -9.9538870600E-02   1.1028751410E-01   6.6914548200E-02   2.6668291100E-02
   38     -1.0554790000E-04  -1.1155628810E-01   6.6914548200E-02   9.3255823500E-02  -3.1476010000E-04
