
$orca_hessian_file

$act_atom
  0

$act_coord
  0

$act_energy
      -21.795086

$multiplicity
  1

$hessian
48
                    0                  1                  2                  3                  4        
    0      7.3946135720E-01   1.2166422400E-02   1.0614242820E-01  -4.1579617920E-01   5.1633157100E-02
    1      1.2166422400E-02   3.8073387840E-01  -5.8489840300E-02   1.0809042300E-02  -6.9748938800E-02
    2      1.0614242820E-01  -5.8489840300E-02   1.0621156980E-01  -4.4708500500E-02  -2.0330978000E-03
    3     -4.1579617920E-01   1.0809042300E-02  -4.4708500500E-02   6.8049814440E-01  -3.1387158800E-02
    4      5.1633157100E-02  -6.9748938800E-02  -2.0330978000E-03  -3.1387158800E-02   5.7246470040E-01
    5      1.1273063510E-01   6.8727340000E-04   3.9533456000E-03  -3.3211190400E-02  -4.5642411900E-02
    6     -2.9659221200E-02  -2.4094911300E-02   2.9263838000E-02  -9.6906648100E-02  -8.8741929000E-02
    7     -1.0530494800E-02   1.9571818000E-03   1.6250954800E-02  -8.6581805700E-02  -2.3718705670E-01
    8     -2.1763846600E-02  -5.0540364000E-03  -2.1110462100E-02  -2.4899532000E-03   1.6290559000E-02
    9      6.7290076000E-03  -6.3034043000E-03  -3.1865191200E-02  -5.6775994600E-02  -2.3406928600E-02
   10     -1.2316993000E-03  -2.6346676000E-03   1.8942591000E-03  -2.4933005700E-02  -1.6603515000E-03
   11      1.5523370000E-04   2.1425230000E-03   1.2350973400E-02   1.2731619200E-02   6.2489397000E-03
   12     -7.2953620000E-04  -3.5917066000E-03  -2.7613591200E-02  -2.6893038000E-02  -1.7676990100E-02
   13     -5.2018496000E-03  -3.8237625000E-03  -1.6434886700E-02  -1.4092897100E-02   1.2319315000E-03
   14      4.3591156000E-03   3.7363234000E-03   3.2017433800E-02   6.1769010000E-04  -8.9945362000E-03
   15      2.2072905000E-03   3.8249235000E-03   6.0340598400E-02   4.0675306700E-02   1.0162434400E-02
   16     -2.0642006300E-02  -3.6265223000E-03   1.4765595900E-02   2.0848025600E-02   3.7658142000E-03
   17     -6.2264914800E-02   1.5072882700E-02   2.9256402900E-02   7.3638385500E-02   1.8272301600E-02
   18     -1.5143585460E-01  -1.1532484480E-01  -3.5743305100E-02  -1.8835837600E-02  -2.6764451700E-02
   19     -1.1653649320E-01  -1.5989130150E-01  -3.5730563500E-02   2.8910930000E-04   1.0582049000E-03
   20     -4.8623237200E-02  -4.4863796000E-02  -4.4742225400E-02   5.8053812000E-03   4.9292852000E-03
   21     -1.2624940910E-01   9.4856836900E-02  -6.8108775800E-02  -1.8917104700E-02   2.4489440600E-02
   22      9.0671673600E-02  -1.4114788170E-01   7.5313440000E-02   6.2362936000E-03  -3.2535396000E-03
   23     -8.6374530300E-02   8.6569529400E-02  -8.5965129600E-02   7.5636375000E-03  -7.0282100000E-05
   24     -1.9178918100E-02   2.3119647600E-02  -6.2825962000E-03  -9.9569705100E-02   1.0648495590E-01
   25      3.9123661000E-03  -3.0712480000E-04   1.3955945000E-03   1.0805497710E-01  -2.3909386560E-01
   26     -4.3566854000E-03   2.1838873000E-03   3.2673493000E-03  -2.3105266000E-03   1.2962687300E-02
   27      3.1420350000E-04  -9.6828460000E-04   1.7616470000E-04   5.9547231000E-03  -1.1205619900E-02
   28      1.2220121000E-03   1.6862408000E-03   1.0072974000E-03   9.8460959000E-03  -2.7573885600E-02
   29     -1.5751640000E-04   1.0858940000E-03   2.1276718000E-03   3.0617803000E-03   1.1574536000E-03
   30     -1.8335974000E-03   2.9007380000E-04   2.3805760000E-04  -3.9283566000E-03   1.2169100000E-03
   31     -2.0411670000E-04  -1.7621000000E-06   4.9697740000E-04  -1.2314580000E-03   1.9951700000E-05
   32     -3.0111500000E-05   2.4566887000E-03   1.4506035000E-03   4.8393524000E-03   1.3910355000E-03
   33     -1.8330890000E-04  -1.0545287000E-03   4.2560000000E-04   2.1598464000E-03   1.0934996000E-03
   34     -8.6139200000E-05   2.8580130000E-04  -8.5422740000E-04  -9.9584850000E-04  -2.6562100000E-04
   35     -6.0667680000E-04  -4.4407250000E-04   4.3763189000E-03   1.8183294000E-03   9.5337090000E-04
   36     -5.6810709000E-03   9.0989000000E-04  -2.1433501000E-03   1.1413553000E-03   2.8317500000E-03
   37     -4.3152088000E-03   1.8858199000E-03   2.6024537000E-03   2.9112437000E-03   1.4971070000E-04
   38     -4.1189978000E-03  -2.8563053000E-03  -1.0589249200E-02  -2.0653323000E-03   8.2295430000E-04
   39      1.9849969000E-03   2.8788402000E-03   3.8236854000E-03   8.9312790000E-04  -1.9662735000E-03
   40      3.8151614000E-03  -1.7872447000E-03   2.0643820000E-03   4.7794700000E-05  -5.1257520000E-04
   41      9.9762049000E-03   2.1279754000E-03  -9.0298109000E-03  -9.3993050000E-03  -8.5219980000E-04
   42      4.9479700000E-04  -3.0742950000E-04   7.3452567000E-03   2.6967570000E-03   8.0328630000E-04
   43      3.2531340000E-03  -1.2933061000E-03   6.1804163000E-03   3.5047217000E-03   9.8023200000E-04
   44      2.1456910000E-04  -1.7942892000E-03  -7.2113685000E-03  -4.2511472000E-03  -3.9355937000E-03
   45     -4.4455720000E-04   2.7894332000E-03   8.7096812000E-03   3.6036031000E-03   2.4339176000E-03
   46     -7.9259187000E-03  -2.2864100000E-03  -8.4287552000E-03  -3.3251300000E-03  -3.7471150000E-04
   47     -5.2816698000E-03  -2.5606375000E-03  -1.6363423100E-02  -1.1640220400E-02  -1.5004656000E-03
                    5                  6                  7                  8                  9        
    0      1.1273063510E-01  -2.9659221200E-02  -1.0530494800E-02  -2.1763846600E-02   6.7290076000E-03
    1      6.8727340000E-04  -2.4094911300E-02   1.9571818000E-03  -5.0540364000E-03  -6.3034043000E-03
    2      3.9533456000E-03   2.9263838000E-02   1.6250954800E-02  -2.1110462100E-02  -3.1865191200E-02
    3     -3.3211190400E-02  -9.6906648100E-02  -8.6581805700E-02  -2.4899532000E-03  -5.6775994600E-02
    4     -4.5642411900E-02  -8.8741929000E-02  -2.3718705670E-01   1.6290559000E-02  -2.3406928600E-02
    5     -2.7784930800E-02  -2.6220777500E-02  -9.1510295000E-03   3.2184382000E-03   1.5497831000E-03
    6     -2.6220777500E-02   6.9270180490E-01  -7.4503396000E-03  -5.0797607600E-02  -3.9374907680E-01
    7     -9.1510295000E-03  -7.4503396000E-03   5.8500340500E-01   6.1082127000E-03   2.1978164200E-02
    8      3.2184382000E-03  -5.0797607600E-02   6.1082127000E-03   5.3545225600E-02  -1.9147108400E-02
    9      1.5497831000E-03  -3.9374907680E-01   2.1978164200E-02  -1.9147108400E-02   6.6009168330E-01
   10     -3.0299900000E-05  -9.6285920000E-04  -7.2771377000E-02   3.5706610000E-04   2.0476158800E-02
   11      3.8858217000E-03   6.0673870000E-02  -5.6972118000E-03  -3.1202405400E-02  -2.1632659870E-01
   12     -3.1704652400E-02  -3.7549328000E-03   4.3586663000E-03   1.0867184200E-02  -1.4603020900E-02
   13     -6.9167328000E-03   1.1966286600E-02  -7.4167344000E-03  -2.7425224800E-02  -2.3594808100E-02
   14     -2.8011658700E-02  -1.8656358300E-02   2.6035620000E-04   2.7262538500E-02   6.4486037900E-02
   15     -2.8780649500E-02  -3.9928342800E-02  -1.9179970200E-02   6.0551616800E-02   4.3845454200E-02
   16      3.6418605700E-02  -6.3640963000E-03  -9.5045080000E-04   1.5122590200E-02   1.3215968100E-02
   17      6.8535338100E-02   6.6192361000E-03   5.8229932000E-03  -1.1688520600E-02   3.4955906600E-02
   18     -4.3976370000E-04  -4.7162887000E-03   2.8669227000E-03  -1.2586240000E-04  -2.5103570000E-04
   19      5.1575740000E-04  -1.2671000000E-03  -7.7563780000E-04   9.7119000000E-05  -1.5846440000E-04
   20     -9.4568440000E-04   1.0932681000E-03  -7.5589570000E-04   3.1138277000E-03  -2.2866635000E-03
   21     -9.9894745000E-03   2.4734155000E-03   1.3418223000E-03   2.2302820000E-03   9.9340280000E-04
   22      2.5660755000E-03  -6.9189130000E-04  -9.2131170000E-04  -1.1139324000E-03   4.4395600000E-05
   23      1.2575572700E-02   1.3107192000E-03   3.6638680000E-04  -6.3221473000E-03  -7.9322080000E-04
   24     -6.2603786000E-03   6.4428534000E-03  -1.0592822600E-02   4.9740090000E-04   5.9675810000E-04
   25      1.2825838900E-02   1.0395825700E-02  -2.5649943500E-02   1.1736370000E-03   1.0704034000E-03
   26     -2.8368197100E-02  -2.0100395000E-03   2.7360106000E-03   2.6005137000E-03   1.3083796000E-03
   27      5.8172500000E-04  -1.0034429340E-01   1.0900047410E-01   8.8171025000E-03  -2.0400514700E-02
   28     -7.9263280000E-04   1.0823970700E-01  -2.3898555620E-01  -1.4681191700E-02   4.2925845000E-03
   29     -1.0601590000E-04   3.4436867000E-03  -1.7731684500E-02  -2.7032750900E-02   9.9902291000E-03
   30      7.6117142000E-03  -1.6248998800E-02  -2.6758030700E-02   7.9680272000E-03  -1.0779246600E-01
   31     -2.2442170000E-04   3.6517490000E-04  -1.5195451000E-03  -1.1701485000E-03  -1.0027082210E-01
   32      1.0310436800E-02  -6.0368290000E-03   2.2939306000E-03   5.6645140000E-03   6.5067224100E-02
   33     -2.0476620000E-04  -1.8495631100E-02   2.3900914700E-02   1.3431994500E-02  -1.1591442560E-01
   34      4.9745860000E-04   3.2144495000E-03  -1.8366859000E-03  -4.8815950000E-04   8.1788382800E-02
   35     -1.8300232000E-03  -7.4370764000E-03  -4.7283498000E-03   7.9603978000E-03   1.0171083770E-01
   36      1.2243314400E-02   1.5804478000E-03   2.8192950000E-04  -3.6240380000E-03   5.6088690000E-04
   37      5.7082427000E-03  -1.3719420000E-03  -9.0592380000E-04   2.0550673000E-03   2.7193142000E-03
   38      1.2187572600E-02   5.7951229000E-03   3.4851198000E-03  -9.6098276000E-03  -6.8862590000E-03
   39     -7.0920730000E-04  -6.5521300000E-04  -1.0766930000E-04  -1.2864179000E-03  -1.8385947000E-03
   40     -3.2896132000E-03  -1.7654670000E-04   3.2324700000E-04  -7.6821350000E-04  -8.5412730000E-04
   41     -2.2975839800E-02   4.7278181000E-03   1.0438158000E-03  -8.2605115000E-03  -9.1323388000E-03
   42     -2.2558900000E-05   1.6498540000E-03  -1.1933222000E-03  -4.4552765000E-03  -3.2964442000E-03
   43     -7.2481920000E-04   1.8155873000E-03  -6.0370480000E-04  -3.5113946000E-03  -2.7060311000E-03
   44     -3.5222206000E-03  -1.6942704000E-03   1.0497346000E-03   4.3166041000E-03   2.4437262000E-03
   45      2.8262472000E-03  -3.8972880000E-04  -1.3344388000E-03  -6.7349750000E-04   1.8043804000E-03
   46      7.5527088000E-03  -4.8754156000E-03   2.2400939000E-03   1.3008050300E-02   1.1709214300E-02
   47     -1.1219552000E-03  -7.4600500000E-05  -1.3533437000E-03   7.5445659000E-03   4.9252562000E-03
                   10                 11                 12                 13                 14        
    0     -1.2316993000E-03   1.5523370000E-04  -7.2953620000E-04  -5.2018496000E-03   4.3591156000E-03
    1     -2.6346676000E-03   2.1425230000E-03  -3.5917066000E-03  -3.8237625000E-03   3.7363234000E-03
    2      1.8942591000E-03   1.2350973400E-02  -2.7613591200E-02  -1.6434886700E-02   3.2017433800E-02
    3     -2.4933005700E-02   1.2731619200E-02  -2.6893038000E-02  -1.4092897100E-02   6.1769010000E-04
    4     -1.6603515000E-03   6.2489397000E-03  -1.7676990100E-02   1.2319315000E-03  -8.9945362000E-03
    5     -3.0299900000E-05   3.8858217000E-03  -3.1704652400E-02  -6.9167328000E-03  -2.8011658700E-02
    6     -9.6285920000E-04   6.0673870000E-02  -3.7549328000E-03   1.1966286600E-02  -1.8656358300E-02
    7     -7.2771377000E-02  -5.6972118000E-03   4.3586663000E-03  -7.4167344000E-03   2.6035620000E-04
    8      3.5706610000E-04  -3.1202405400E-02   1.0867184200E-02  -2.7425224800E-02   2.7262538500E-02
    9      2.0476158800E-02  -2.1632659870E-01  -1.4603020900E-02  -2.3594808100E-02   6.4486037900E-02
   10      3.7722944840E-01   1.7254618800E-02  -2.6263039000E-03   6.0644817000E-03   3.7443885000E-03
   11      1.7254618800E-02   2.2938794810E-01   2.5042131000E-02   6.6177490000E-03  -3.6253841700E-02
   12     -2.6263039000E-03   2.5042131000E-02   4.8084488060E-01   1.6894481900E-02   1.4890499230E-01
   13      6.0644817000E-03   6.6177490000E-03   1.6894481900E-02   2.8986134210E-01   2.0418902500E-02
   14      3.7443885000E-03  -3.6253841700E-02   1.4890499230E-01   2.0418902500E-02   3.2649591950E-01
   15     -1.7495771000E-03  -1.1446334200E-02  -2.5962087390E-01  -5.4973543300E-02  -7.3966858700E-02
   16     -1.8012861000E-03  -4.6746152000E-03  -6.7614620900E-02  -7.9326531000E-02  -2.9502771300E-02
   17      6.0951490000E-04  -1.8489715400E-02   4.4908244200E-02   1.3406763000E-02  -7.3186230100E-02
   18     -5.0066160000E-04  -3.7637580000E-04   9.2466840000E-04   1.1123808000E-03  -1.3397097000E-03
   19      5.1606060000E-04   1.2767600000E-05   1.7998030000E-04   1.2209540000E-04   8.3483390000E-04
   20     -1.5616580000E-03   6.5310080000E-04   4.4121680000E-04   8.4654350000E-04   4.1012069000E-03
   21     -9.7976700000E-04   3.1763470000E-04   6.8291560000E-04   6.7561550000E-04  -9.6510500000E-05
   22      1.2572951000E-03   1.8589900000E-04  -5.6861930000E-04  -5.9365010000E-04  -2.4532930000E-04
   23      1.3234659000E-03  -1.4286110000E-04  -4.4759600000E-04  -1.7652372000E-03  -1.7080110000E-04
   24     -6.4153770000E-04  -1.9534000000E-04  -5.5027920000E-04  -2.6550150000E-04   1.1609938000E-03
   25      2.0893649000E-03  -4.7007800000E-04   2.3671410000E-04  -1.5096128000E-03  -3.5788260000E-04
   26     -1.7291353000E-03  -1.5326947000E-03   8.4637380000E-04   7.2808060000E-04  -1.1669138000E-03
   27      2.2666353500E-02   7.8783304000E-03  -9.8656400000E-04   2.2353158000E-03  -2.3894106000E-03
   28      6.3614330000E-04  -1.8920976000E-03   8.6958390000E-04  -1.6524275000E-03   1.3139494000E-03
   29     -3.5511043000E-03  -2.2796290000E-04  -2.9829981000E-03   7.3301793000E-03  -8.1269075000E-03
   30     -9.4193677900E-02   4.7761460700E-02   9.9119200000E-05   3.2791650000E-04  -2.3225020000E-03
   31     -1.7911108190E-01   6.3814006400E-02   6.8546200000E-05  -1.3528787000E-03  -5.9048200000E-05
   32      7.4719817200E-02  -6.2994110400E-02   1.2886605000E-03   2.4178520000E-04  -6.8316744000E-03
   33      8.3627718000E-02   7.7671153400E-02  -5.7321390000E-04   1.9650811000E-03  -3.0691570000E-03
   34     -1.2394403640E-01  -8.1691054600E-02  -3.8951300000E-04  -1.7753435000E-03   1.8340432000E-03
   35     -9.4230103400E-02  -1.0355396140E-01   1.0279953000E-03   5.6267620000E-03  -9.4805398000E-03
   36     -1.3054080000E-04  -5.8799100000E-04  -3.1169990500E-02   1.0538055200E-02   1.0624111800E-02
   37     -1.8309953000E-03  -7.1497140000E-04  -9.5208689000E-03   4.9858365000E-03   1.7142301000E-03
   38      1.0197633000E-03   2.1393204000E-03   1.1122278000E-03  -6.0769876000E-03   1.2669909600E-02
   39      8.3358700000E-04  -1.0618730000E-04  -1.0597468000E-02  -2.7873551300E-02   2.2310137000E-03
   40     -1.0139921000E-03  -3.7193000000E-06  -4.2582427000E-03  -1.0375233300E-02   5.8882980000E-04
   41     -1.5035923000E-03   1.7040458000E-03  -7.4402716000E-03   1.9126440000E-04   8.2878633000E-03
   42      2.4128459000E-03  -1.9466268000E-03  -1.0244591550E-01   5.4328932000E-02  -1.3064076960E-01
   43     -1.9717450000E-04  -1.7884965000E-03   6.8763501600E-02  -3.7005992800E-02   1.0542531780E-01
   44     -2.2990530000E-03   3.2826208000E-03  -1.5978198070E-01   1.1209447890E-01  -1.6904092290E-01
   45     -2.0670329000E-03  -1.2459794000E-03  -3.0626750900E-02   2.5958085700E-02   9.7321400000E-05
   46     -2.8278315000E-03   6.5574080000E-04   1.4875390800E-02  -1.5743352060E-01  -1.0071160720E-01
   47      3.9820523000E-03   9.9372210000E-04  -4.4679361000E-03  -1.0888343940E-01  -7.8565381600E-02
                   15                 16                 17                 18                 19        
    0      2.2072905000E-03  -2.0642006300E-02  -6.2264914800E-02  -1.5143585460E-01  -1.1653649320E-01
    1      3.8249235000E-03  -3.6265223000E-03   1.5072882700E-02  -1.1532484480E-01  -1.5989130150E-01
    2      6.0340598400E-02   1.4765595900E-02   2.9256402900E-02  -3.5743305100E-02  -3.5730563500E-02
    3      4.0675306700E-02   2.0848025600E-02   7.3638385500E-02  -1.8835837600E-02   2.8910930000E-04
    4      1.0162434400E-02   3.7658142000E-03   1.8272301600E-02  -2.6764451700E-02   1.0582049000E-03
    5     -2.8780649500E-02   3.6418605700E-02   6.8535338100E-02  -4.3976370000E-04   5.1575740000E-04
    6     -3.9928342800E-02  -6.3640963000E-03   6.6192361000E-03  -4.7162887000E-03  -1.2671000000E-03
    7     -1.9179970200E-02  -9.5045080000E-04   5.8229932000E-03   2.8669227000E-03  -7.7563780000E-04
    8      6.0551616800E-02   1.5122590200E-02  -1.1688520600E-02  -1.2586240000E-04   9.7119000000E-05
    9      4.3845454200E-02   1.3215968100E-02   3.4955906600E-02  -2.5103570000E-04  -1.5846440000E-04
   10     -1.7495771000E-03  -1.8012861000E-03   6.0951490000E-04  -5.0066160000E-04   5.1606060000E-04
   11     -1.1446334200E-02  -4.6746152000E-03  -1.8489715400E-02  -3.7637580000E-04   1.2767600000E-05
   12     -2.5962087390E-01  -6.7614620900E-02   4.4908244200E-02   9.2466840000E-04   1.7998030000E-04
   13     -5.4973543300E-02  -7.9326531000E-02   1.3406763000E-02   1.1123808000E-03   1.2209540000E-04
   14     -7.3966858700E-02  -2.9502771300E-02  -7.3186230100E-02  -1.3397097000E-03   8.3483390000E-04
   15      4.4651831670E-01   6.4177917800E-02  -1.5599788050E-01  -1.2616195000E-03  -2.1304180000E-04
   16      6.4177917800E-02   4.0616834320E-01  -5.7825823000E-02  -4.6241380000E-04  -1.0506824000E-03
   17     -1.5599788050E-01  -5.7825823000E-02   2.0216166630E-01  -2.3815838000E-03  -1.1595510000E-04
   18     -1.2616195000E-03  -4.6241380000E-04  -2.3815838000E-03   1.6196030870E-01   1.3235369410E-01
   19     -2.1304180000E-04  -1.0506824000E-03  -1.1595510000E-04   1.3235369410E-01   2.1460069490E-01
   20      2.2602154000E-03   2.8687100000E-04   2.4155964000E-03   3.9612533300E-02   2.5268285900E-02
   21     -1.7901717000E-03   7.1487900000E-05  -8.1204380000E-04   1.1644948400E-02  -1.3544342000E-02
   22      5.3510200000E-05  -5.3728060000E-04  -1.2123469000E-03   6.2415503000E-03  -6.0196394400E-02
   23      3.5829328000E-03  -1.3513313000E-03  -7.7795963000E-03  -3.8039560000E-04   1.0054262600E-02
   24      1.0472350000E-04   1.7591326000E-03   3.2718710000E-03   2.5451261000E-03   4.7903440000E-04
   25      4.7927860000E-04  -1.4806448000E-03  -2.7766022000E-03  -5.7566340000E-04   5.8041330000E-04
   26      2.9767781000E-03  -4.0618115000E-03  -8.6800488000E-03   1.0171968000E-03  -8.7569900000E-05
   27     -6.9992370000E-04  -5.1906350000E-04  -7.0057320000E-04  -7.3571540000E-04  -4.3185270000E-04
   28     -5.2043990000E-04  -1.0838431000E-03  -1.4722221000E-03   3.0702360000E-04  -1.2481820000E-04
   29     -4.0283248000E-03  -1.4381807000E-03  -2.6950953000E-03   2.7055700000E-05  -7.6203830000E-04
   30     -1.7628502000E-03  -4.0493400000E-04  -2.8853629000E-03  -1.8075171000E-03   5.1905670000E-04
   31      7.1672430000E-04  -7.7327670000E-04  -1.7034990000E-04   5.6161900000E-04   2.3416290000E-04
   32     -6.2306021000E-03  -3.5711052000E-03  -4.3820017000E-03  -6.9068120000E-04   2.3400050000E-04
   33     -1.1011023000E-03  -9.5871490000E-04  -3.1115263000E-03   2.0940320000E-04  -1.0473015000E-03
   34      1.7381960000E-03  -6.1907970000E-04   4.5700370000E-04   7.7158620000E-04   4.2243120000E-04
   35     -7.2757116000E-03  -1.6536102000E-03  -7.4491723000E-03  -7.5526630000E-04  -3.2472130000E-04
   36     -1.3622668550E-01   6.5731880100E-02   9.6882170200E-02  -6.4061700000E-05   6.7925320000E-04
   37      6.8816119100E-02  -7.2240859000E-02  -6.8657663600E-02  -8.5320920000E-04   8.3869170000E-04
   38      1.2060446810E-01  -6.3890618400E-02  -1.2200088030E-01   2.4348800000E-04   2.8119200000E-04
   39     -4.0293906300E-02  -3.2096519000E-02   1.3359834500E-02   1.3085129000E-03  -6.9483580000E-04
   40     -3.7793944700E-02  -2.2063524960E-01   9.5644604200E-02  -3.3389060000E-04   6.3400140000E-04
   41      2.8466753600E-02   1.0660656380E-01  -6.1429240500E-02   5.0588660000E-04   1.6448500000E-04
   42     -3.7683297800E-02   7.5803504000E-03  -1.6318863800E-02   1.7256147000E-03  -2.1043603000E-03
   43     -1.8426747000E-02   7.6196240000E-04  -7.7951764000E-03   4.3426660000E-04   1.2617023000E-03
   44      8.4301503000E-03   5.3697667000E-03   5.5298982000E-03   5.7077010000E-04  -8.2071440000E-04
   45     -1.2982318000E-02  -4.4322393800E-02  -2.9162899100E-02  -1.2106520000E-03   1.4976636000E-03
   46     -1.7111840000E-02  -2.6570413900E-02  -9.2599241000E-03   1.6609180000E-04   1.7703756000E-03
   47      5.1284800000E-04  -1.0600126300E-02   9.8815993000E-03   2.5601300000E-04   3.7885860000E-04
                   20                 21                 22                 23                 24        
    0     -4.8623237200E-02  -1.2624940910E-01   9.0671673600E-02  -8.6374530300E-02  -1.9178918100E-02
    1     -4.4863796000E-02   9.4856836900E-02  -1.4114788170E-01   8.6569529400E-02   2.3119647600E-02
    2     -4.4742225400E-02  -6.8108775800E-02   7.5313440000E-02  -8.5965129600E-02  -6.2825962000E-03
    3      5.8053812000E-03  -1.8917104700E-02   6.2362936000E-03   7.5636375000E-03  -9.9569705100E-02
    4      4.9292852000E-03   2.4489440600E-02  -3.2535396000E-03  -7.0282100000E-05   1.0648495590E-01
    5     -9.4568440000E-04  -9.9894745000E-03   2.5660755000E-03   1.2575572700E-02  -6.2603786000E-03
    6      1.0932681000E-03   2.4734155000E-03  -6.9189130000E-04   1.3107192000E-03   6.4428534000E-03
    7     -7.5589570000E-04   1.3418223000E-03  -9.2131170000E-04   3.6638680000E-04  -1.0592822600E-02
    8      3.1138277000E-03   2.2302820000E-03  -1.1139324000E-03  -6.3221473000E-03   4.9740090000E-04
    9     -2.2866635000E-03   9.9340280000E-04   4.4395600000E-05  -7.9322080000E-04   5.9675810000E-04
   10     -1.5616580000E-03  -9.7976700000E-04   1.2572951000E-03   1.3234659000E-03  -6.4153770000E-04
   11      6.5310080000E-04   3.1763470000E-04   1.8589900000E-04  -1.4286110000E-04  -1.9534000000E-04
   12      4.4121680000E-04   6.8291560000E-04  -5.6861930000E-04  -4.4759600000E-04  -5.5027920000E-04
   13      8.4654350000E-04   6.7561550000E-04  -5.9365010000E-04  -1.7652372000E-03  -2.6550150000E-04
   14      4.1012069000E-03  -9.6510500000E-05  -2.4532930000E-04  -1.7080110000E-04   1.1609938000E-03
   15      2.2602154000E-03  -1.7901717000E-03   5.3510200000E-05   3.5829328000E-03   1.0472350000E-04
   16      2.8687100000E-04   7.1487900000E-05  -5.3728060000E-04  -1.3513313000E-03   1.7591326000E-03
   17      2.4155964000E-03  -8.1204380000E-04  -1.2123469000E-03  -7.7795963000E-03   3.2718710000E-03
   18      3.9612533300E-02   1.1644948400E-02   6.2415503000E-03  -3.8039560000E-04   2.5451261000E-03
   19      2.5268285900E-02  -1.3544342000E-02  -6.0196394400E-02   1.0054262600E-02   4.7903440000E-04
   20      2.7787993400E-02   3.3157032000E-03   1.5521468500E-02   1.2283879900E-02  -7.5862100000E-05
   21      3.3157032000E-03   1.3377135920E-01  -1.0345435420E-01   7.4793074900E-02  -5.0916487000E-03
   22      1.5521468500E-02  -1.0345435420E-01   2.0055363340E-01  -9.2283266000E-02   2.8152137000E-03
   23      1.2283879900E-02   7.4793074900E-02  -9.2283266000E-02   6.8319458000E-02   3.0727959000E-03
   24     -7.5862100000E-05  -5.0916487000E-03   2.8152137000E-03   3.0727959000E-03   1.1516242760E-01
   25     -6.4303180000E-04  -4.4781170000E-04  -1.8041670000E-04  -3.7788530000E-04  -1.1969619370E-01
   26     -3.7954810000E-03  -2.0872836000E-03   2.1650751000E-03   6.7959877000E-03   4.8012499000E-03
   27      1.1538370000E-04   5.3082200000E-04  -6.6055390000E-04  -2.0784680000E-04  -1.2124468000E-03
   28     -3.5870980000E-04  -2.0748320000E-04  -1.5662510000E-04   2.3184910000E-04  -2.6724128000E-03
   29     -5.6006890000E-04   6.5746900000E-05  -5.1425960000E-04   4.4957450000E-04   3.4076220000E-04
   30      4.0730160000E-04   3.4983510000E-04   5.7066150000E-04   6.8608110000E-04  -6.9102180000E-04
   31     -2.3297840000E-04  -9.1160410000E-04   6.2035890000E-04   4.3432830000E-04  -3.2197390000E-04
   32     -2.0652450000E-04  -5.5075650000E-04   3.6730350000E-04   1.4041487000E-03  -1.4156700000E-04
   33      6.9613870000E-04  -4.0934850000E-04  -1.0717156000E-03   4.7945060000E-04   6.7312020000E-04
   34     -5.0629660000E-04  -1.0633018000E-03   3.7275520000E-04   6.2559540000E-04  -3.1043550000E-04
   35      1.6352587000E-03  -4.5353190000E-04  -5.9667860000E-04   1.1329180000E-04   2.4659730000E-04
   36     -9.8528440000E-04   7.1726520000E-04   6.6810920000E-04  -1.5943441000E-03  -2.7577870000E-04
   37      4.2210240000E-04   6.3903270000E-04   8.2042740000E-04  -1.4558087000E-03  -6.4263500000E-05
   38     -1.1593630000E-03   9.3858800000E-05   5.1108680000E-04  -9.2951000000E-05  -1.3702200000E-04
   39     -2.8986890000E-04  -7.7865700000E-05  -3.3033760000E-04  -1.3005761000E-03   5.8219410000E-04
   40      4.6143270000E-04  -6.9956600000E-05   5.4022640000E-04   2.9586510000E-04   1.9708260000E-04
   41      7.9036160000E-04   5.0839930000E-04  -2.8415530000E-04  -8.2784390000E-04  -5.8825500000E-05
   42     -1.0036543000E-03   3.4503290000E-04  -1.9960551000E-03  -6.4618430000E-04   1.5085745000E-03
   43      9.3016780000E-04  -1.1165625000E-03   9.6083390000E-04  -5.7270200000E-05   3.2119890000E-04
   44      5.3193120000E-04   6.6035080000E-04  -1.5475177000E-03  -1.6550859000E-03   3.0195940000E-04
   45     -4.8257160000E-04   1.0265516000E-03   1.4721192000E-03   2.5600210000E-04  -1.0459793000E-03
   46      2.5620930000E-04  -2.7905270000E-04   1.8615697000E-03  -2.5402018000E-03  -6.1112470000E-04
   47     -1.9038096000E-03   1.1332590000E-04   1.1671373000E-03   1.0145029000E-03  -5.4203900000E-04
                   25                 26                 27                 28                 29        
    0      3.9123661000E-03  -4.3566854000E-03   3.1420350000E-04   1.2220121000E-03  -1.5751640000E-04
    1     -3.0712480000E-04   2.1838873000E-03  -9.6828460000E-04   1.6862408000E-03   1.0858940000E-03
    2      1.3955945000E-03   3.2673493000E-03   1.7616470000E-04   1.0072974000E-03   2.1276718000E-03
    3      1.0805497710E-01  -2.3105266000E-03   5.9547231000E-03   9.8460959000E-03   3.0617803000E-03
    4     -2.3909386560E-01   1.2962687300E-02  -1.1205619900E-02  -2.7573885600E-02   1.1574536000E-03
    5      1.2825838900E-02  -2.8368197100E-02   5.8172500000E-04  -7.9263280000E-04  -1.0601590000E-04
    6      1.0395825700E-02  -2.0100395000E-03  -1.0034429340E-01   1.0823970700E-01   3.4436867000E-03
    7     -2.5649943500E-02   2.7360106000E-03   1.0900047410E-01  -2.3898555620E-01  -1.7731684500E-02
    8      1.1736370000E-03   2.6005137000E-03   8.8171025000E-03  -1.4681191700E-02  -2.7032750900E-02
    9      1.0704034000E-03   1.3083796000E-03  -2.0400514700E-02   4.2925845000E-03   9.9902291000E-03
   10      2.0893649000E-03  -1.7291353000E-03   2.2666353500E-02   6.3614330000E-04  -3.5511043000E-03
   11     -4.7007800000E-04  -1.5326947000E-03   7.8783304000E-03  -1.8920976000E-03  -2.2796290000E-04
   12      2.3671410000E-04   8.4637380000E-04  -9.8656400000E-04   8.6958390000E-04  -2.9829981000E-03
   13     -1.5096128000E-03   7.2808060000E-04   2.2353158000E-03  -1.6524275000E-03   7.3301793000E-03
   14     -3.5788260000E-04  -1.1669138000E-03  -2.3894106000E-03   1.3139494000E-03  -8.1269075000E-03
   15      4.7927860000E-04   2.9767781000E-03  -6.9992370000E-04  -5.2043990000E-04  -4.0283248000E-03
   16     -1.4806448000E-03  -4.0618115000E-03  -5.1906350000E-04  -1.0838431000E-03  -1.4381807000E-03
   17     -2.7766022000E-03  -8.6800488000E-03  -7.0057320000E-04  -1.4722221000E-03  -2.6950953000E-03
   18     -5.7566340000E-04   1.0171968000E-03  -7.3571540000E-04   3.0702360000E-04   2.7055700000E-05
   19      5.8041330000E-04  -8.7569900000E-05  -4.3185270000E-04  -1.2481820000E-04  -7.6203830000E-04
   20     -6.4303180000E-04  -3.7954810000E-03   1.1538370000E-04  -3.5870980000E-04  -5.6006890000E-04
   21     -4.4781170000E-04  -2.0872836000E-03   5.3082200000E-04  -2.0748320000E-04   6.5746900000E-05
   22     -1.8041670000E-04   2.1650751000E-03  -6.6055390000E-04  -1.5662510000E-04  -5.1425960000E-04
   23     -3.7788530000E-04   6.7959877000E-03  -2.0784680000E-04   2.3184910000E-04   4.4957450000E-04
   24     -1.1969619370E-01   4.8012499000E-03  -1.2124468000E-03  -2.6724128000E-03   3.4076220000E-04
   25      2.6666574570E-01  -1.2112935600E-02  -2.5784769000E-03  -3.4817511000E-03   3.9232400000E-04
   26     -1.2112935600E-02   2.7778046200E-02   1.0414720000E-04   6.8301100000E-04   2.7577765000E-03
   27     -2.5784769000E-03   1.0414720000E-04   1.1915858600E-01  -1.1953496800E-01  -1.1892379200E-02
   28     -3.4817511000E-03   6.8301100000E-04  -1.1953496800E-01   2.6762411850E-01   1.4184675600E-02
   29      3.9232400000E-04   2.7577765000E-03  -1.1892379200E-02   1.4184675600E-02   3.0212120600E-02
   30      1.3002060000E-04  -5.2855910000E-04   2.3083693000E-03  -8.9907010000E-04  -2.2389682000E-03
   31     -6.6406200000E-05   7.1348580000E-04   4.8750300000E-04   6.0609180000E-04  -2.4666450000E-04
   32     -3.6058500000E-05  -1.2378594000E-03  -1.1706741000E-03   4.6959820000E-04  -4.3406354000E-03
   33     -8.4623700000E-05   1.6064000000E-04  -5.0349136000E-03  -2.5669510000E-04   4.3404624000E-03
   34     -1.8579450000E-04   4.8701620000E-04   2.4614317000E-03   1.7830700000E-05  -2.0175104000E-03
   35     -7.7928400000E-05   1.1223045000E-03  -9.4346610000E-04   8.0131500000E-04   6.6653349000E-03
   36     -5.3496740000E-04  -4.8020580000E-04   6.3749070000E-04  -7.6416600000E-05  -3.0512600000E-05
   37      4.7112920000E-04  -1.9697522000E-03  -1.5442400000E-05   4.1627660000E-04   7.5775710000E-04
   38      3.7197500000E-04  -1.6029673000E-03  -1.5443270000E-04   4.1133210000E-04   1.3012871000E-03
   39      3.7836900000E-05   5.5041250000E-04  -8.4887000000E-05  -1.2519690000E-04  -3.2307370000E-04
   40      8.3534460000E-04  -1.1059430000E-03  -3.6204990000E-04   7.2860510000E-04   6.7233410000E-04
   41      4.2793920000E-04   1.7091452000E-03   3.8272700000E-04  -3.6347390000E-04   3.6066500000E-05
   42      1.5833060000E-04   3.8669180000E-04  -6.7776000000E-04  -3.4641870000E-04   4.2572960000E-04
   43      4.5919730000E-04  -1.2881198000E-03  -2.3361270000E-04   5.3703000000E-04   2.0593615000E-03
   44     -7.9826380000E-04   1.5881836000E-03  -8.3178300000E-05  -8.5945880000E-04  -2.5163670000E-03
   45     -5.5801620000E-04  -3.7856980000E-04   1.2728240000E-03  -1.3790570000E-04  -4.1680000000E-05
   46      8.5436490000E-04  -3.0398660000E-04  -3.4115350000E-04   8.0657010000E-04  -1.3785369000E-03
   47      1.0633575000E-03  -1.2351447000E-03  -5.1361940000E-04   1.3167591000E-03   2.0559717000E-03
                   30                 31                 32                 33                 34        
    0     -1.8335974000E-03  -2.0411670000E-04  -3.0111500000E-05  -1.8330890000E-04  -8.6139200000E-05
    1      2.9007380000E-04  -1.7621000000E-06   2.4566887000E-03  -1.0545287000E-03   2.8580130000E-04
    2      2.3805760000E-04   4.9697740000E-04   1.4506035000E-03   4.2560000000E-04  -8.5422740000E-04
    3     -3.9283566000E-03  -1.2314580000E-03   4.8393524000E-03   2.1598464000E-03  -9.9584850000E-04
    4      1.2169100000E-03   1.9951700000E-05   1.3910355000E-03   1.0934996000E-03  -2.6562100000E-04
    5      7.6117142000E-03  -2.2442170000E-04   1.0310436800E-02  -2.0476620000E-04   4.9745860000E-04
    6     -1.6248998800E-02   3.6517490000E-04  -6.0368290000E-03  -1.8495631100E-02   3.2144495000E-03
    7     -2.6758030700E-02  -1.5195451000E-03   2.2939306000E-03   2.3900914700E-02  -1.8366859000E-03
    8      7.9680272000E-03  -1.1701485000E-03   5.6645140000E-03   1.3431994500E-02  -4.8815950000E-04
    9     -1.0779246600E-01  -1.0027082210E-01   6.5067224100E-02  -1.1591442560E-01   8.1788382800E-02
   10     -9.4193677900E-02  -1.7911108190E-01   7.4719817200E-02   8.3627718000E-02  -1.2394403640E-01
   11      4.7761460700E-02   6.3814006400E-02  -6.2994110400E-02   7.7671153400E-02  -8.1691054600E-02
   12      9.9119200000E-05   6.8546200000E-05   1.2886605000E-03  -5.7321390000E-04  -3.8951300000E-04
   13      3.2791650000E-04  -1.3528787000E-03   2.4178520000E-04   1.9650811000E-03  -1.7753435000E-03
   14     -2.3225020000E-03  -5.9048200000E-05  -6.8316744000E-03  -3.0691570000E-03   1.8340432000E-03
   15     -1.7628502000E-03   7.1672430000E-04  -6.2306021000E-03  -1.1011023000E-03   1.7381960000E-03
   16     -4.0493400000E-04  -7.7327670000E-04  -3.5711052000E-03  -9.5871490000E-04  -6.1907970000E-04
   17     -2.8853629000E-03  -1.7034990000E-04  -4.3820017000E-03  -3.1115263000E-03   4.5700370000E-04
   18     -1.8075171000E-03   5.6161900000E-04  -6.9068120000E-04   2.0940320000E-04   7.7158620000E-04
   19      5.1905670000E-04   2.3416290000E-04   2.3400050000E-04  -1.0473015000E-03   4.2243120000E-04
   20      4.0730160000E-04  -2.3297840000E-04  -2.0652450000E-04   6.9613870000E-04  -5.0629660000E-04
   21      3.4983510000E-04  -9.1160410000E-04  -5.5075650000E-04  -4.0934850000E-04  -1.0633018000E-03
   22      5.7066150000E-04   6.2035890000E-04   3.6730350000E-04  -1.0717156000E-03   3.7275520000E-04
   23      6.8608110000E-04   4.3432830000E-04   1.4041487000E-03   4.7945060000E-04   6.2559540000E-04
   24     -6.9102180000E-04  -3.2197390000E-04  -1.4156700000E-04   6.7312020000E-04  -3.1043550000E-04
   25      1.3002060000E-04  -6.6406200000E-05  -3.6058500000E-05  -8.4623700000E-05  -1.8579450000E-04
   26     -5.2855910000E-04   7.1348580000E-04  -1.2378594000E-03   1.6064000000E-04   4.8701620000E-04
   27      2.3083693000E-03   4.8750300000E-04  -1.1706741000E-03  -5.0349136000E-03   2.4614317000E-03
   28     -8.9907010000E-04   6.0609180000E-04   4.6959820000E-04  -2.5669510000E-04   1.7830700000E-05
   29     -2.2389682000E-03  -2.4666450000E-04  -4.3406354000E-03   4.3404624000E-03  -2.0175104000E-03
   30      1.1699752980E-01   1.0941698050E-01  -5.8476468400E-02   1.1798322300E-02   1.1076247000E-02
   31      1.0941698050E-01   2.3802016300E-01  -6.0631242900E-02  -7.4199844000E-03  -6.2458510900E-02
   32     -5.8476468400E-02  -6.0631242900E-02   4.4971270500E-02  -4.4972770000E-04  -1.4534306900E-02
   33      1.1798322300E-02  -7.4199844000E-03  -4.4972770000E-04   1.2472707280E-01  -9.7063568000E-02
   34      1.1076247000E-02  -6.2458510900E-02  -1.4534306900E-02  -9.7063568000E-02   1.8469906070E-01
   35      1.2677332000E-03  -3.5100525000E-03   1.4479458700E-02  -9.0455748800E-02   9.6500438800E-02
   36      1.0084977000E-03  -1.1071006000E-03   5.9314220000E-04   2.6600590000E-04  -1.1448448000E-03
   37      2.3948120000E-04   1.4617716000E-03  -6.5816520000E-04  -9.7728310000E-04   1.3126201000E-03
   38      1.2218890000E-04   4.9398620000E-04   1.4057132000E-03  -2.1940710000E-04   5.3591240000E-04
   39     -1.9493970000E-04   2.4416140000E-04   7.4978240000E-04   1.2710577000E-03   2.0192300000E-04
   40     -7.6778500000E-05   1.7999037000E-03  -1.6787130000E-04  -5.8563620000E-04   1.9149440000E-03
   41      6.4687800000E-04  -6.8368000000E-05   4.4290690000E-04   8.7258870000E-04  -3.8834230000E-04
   42     -2.4272070000E-04   1.3962974000E-03   9.5111870000E-04   1.0529540000E-03   1.6136156000E-03
   43     -1.0216406000E-03   1.6388037000E-03  -1.9068950000E-04   7.2517110000E-04   2.0574311000E-03
   44      2.7358020000E-04  -1.0380118000E-03  -4.3114000000E-04   4.8007640000E-04  -1.3291767000E-03
   45      1.9407949000E-03  -1.7899468000E-03   2.8813720000E-04  -4.4583830000E-04  -1.8121812000E-03
   46     -4.3321600000E-04   8.8225440000E-04  -2.3847200000E-03  -7.9233320000E-04   2.1976000000E-06
   47     -5.3116210000E-04   1.3985022000E-03   2.9489340000E-04  -1.0477716000E-03   8.7160610000E-04
                   35                 36                 37                 38                 39        
    0     -6.0667680000E-04  -5.6810709000E-03  -4.3152088000E-03  -4.1189978000E-03   1.9849969000E-03
    1     -4.4407250000E-04   9.0989000000E-04   1.8858199000E-03  -2.8563053000E-03   2.8788402000E-03
    2      4.3763189000E-03  -2.1433501000E-03   2.6024537000E-03  -1.0589249200E-02   3.8236854000E-03
    3      1.8183294000E-03   1.1413553000E-03   2.9112437000E-03  -2.0653323000E-03   8.9312790000E-04
    4      9.5337090000E-04   2.8317500000E-03   1.4971070000E-04   8.2295430000E-04  -1.9662735000E-03
    5     -1.8300232000E-03   1.2243314400E-02   5.7082427000E-03   1.2187572600E-02  -7.0920730000E-04
    6     -7.4370764000E-03   1.5804478000E-03  -1.3719420000E-03   5.7951229000E-03  -6.5521300000E-04
    7     -4.7283498000E-03   2.8192950000E-04  -9.0592380000E-04   3.4851198000E-03  -1.0766930000E-04
    8      7.9603978000E-03  -3.6240380000E-03   2.0550673000E-03  -9.6098276000E-03  -1.2864179000E-03
    9      1.0171083770E-01   5.6088690000E-04   2.7193142000E-03  -6.8862590000E-03  -1.8385947000E-03
   10     -9.4230103400E-02  -1.3054080000E-04  -1.8309953000E-03   1.0197633000E-03   8.3358700000E-04
   11     -1.0355396140E-01  -5.8799100000E-04  -7.1497140000E-04   2.1393204000E-03  -1.0618730000E-04
   12      1.0279953000E-03  -3.1169990500E-02  -9.5208689000E-03   1.1122278000E-03  -1.0597468000E-02
   13      5.6267620000E-03   1.0538055200E-02   4.9858365000E-03  -6.0769876000E-03  -2.7873551300E-02
   14     -9.4805398000E-03   1.0624111800E-02   1.7142301000E-03   1.2669909600E-02   2.2310137000E-03
   15     -7.2757116000E-03  -1.3622668550E-01   6.8816119100E-02   1.2060446810E-01  -4.0293906300E-02
   16     -1.6536102000E-03   6.5731880100E-02  -7.2240859000E-02  -6.3890618400E-02  -3.2096519000E-02
   17     -7.4491723000E-03   9.6882170200E-02  -6.8657663600E-02  -1.2200088030E-01   1.3359834500E-02
   18     -7.5526630000E-04  -6.4061700000E-05  -8.5320920000E-04   2.4348800000E-04   1.3085129000E-03
   19     -3.2472130000E-04   6.7925320000E-04   8.3869170000E-04   2.8119200000E-04  -6.9483580000E-04
   20      1.6352587000E-03  -9.8528440000E-04   4.2210240000E-04  -1.1593630000E-03  -2.8986890000E-04
   21     -4.5353190000E-04   7.1726520000E-04   6.3903270000E-04   9.3858800000E-05  -7.7865700000E-05
   22     -5.9667860000E-04   6.6810920000E-04   8.2042740000E-04   5.1108680000E-04  -3.3033760000E-04
   23      1.1329180000E-04  -1.5943441000E-03  -1.4558087000E-03  -9.2951000000E-05  -1.3005761000E-03
   24      2.4659730000E-04  -2.7577870000E-04  -6.4263500000E-05  -1.3702200000E-04   5.8219410000E-04
   25     -7.7928400000E-05  -5.3496740000E-04   4.7112920000E-04   3.7197500000E-04   3.7836900000E-05
   26      1.1223045000E-03  -4.8020580000E-04  -1.9697522000E-03  -1.6029673000E-03   5.5041250000E-04
   27     -9.4346610000E-04   6.3749070000E-04  -1.5442400000E-05  -1.5443270000E-04  -8.4887000000E-05
   28      8.0131500000E-04  -7.6416600000E-05   4.1627660000E-04   4.1133210000E-04  -1.2519690000E-04
   29      6.6653349000E-03  -3.0512600000E-05   7.5775710000E-04   1.3012871000E-03  -3.2307370000E-04
   30      1.2677332000E-03   1.0084977000E-03   2.3948120000E-04   1.2218890000E-04  -1.9493970000E-04
   31     -3.5100525000E-03  -1.1071006000E-03   1.4617716000E-03   4.9398620000E-04   2.4416140000E-04
   32      1.4479458700E-02   5.9314220000E-04  -6.5816520000E-04   1.4057132000E-03   7.4978240000E-04
   33     -9.0455748800E-02   2.6600590000E-04  -9.7728310000E-04  -2.1940710000E-04   1.2710577000E-03
   34      9.6500438800E-02  -1.1448448000E-03   1.3126201000E-03   5.3591240000E-04   2.0192300000E-04
   35      8.4725496100E-02   1.8057150000E-04   3.4969130000E-04   2.2907200000E-05   9.2376470000E-04
   36      1.8057150000E-04   1.6693578920E-01  -9.1792243100E-02  -1.1675865050E-01   2.5006533000E-03
   37      3.4969130000E-04  -9.1792243100E-02   1.1102617740E-01   6.8162702600E-02   3.2467770800E-02
   38      2.2907200000E-05  -1.1675865050E-01   6.8162702600E-02   1.0913846660E-01   2.4936808000E-03
