
$orca_hessian_file

$act_atom
  0

$act_coord
  0

$act_energy
      -21.953957

$multiplicity
  1

$hessian
48
                    0                  1                  2                  3                  4        
    0      7.7321787350E-01  -8.9237278000E-03  -8.3312498600E-02  -4.2363887720E-01   4.8589625600E-02
    1     -8.9237278000E-03   5.0796444180E-01  -4.3290397300E-02   2.0607415800E-02  -7.8163692700E-02
    2     -8.3312498600E-02  -4.3290397300E-02   6.0672036600E-02   4.6576435400E-02  -2.6978929900E-02
    3     -4.2363887720E-01   2.0607415800E-02   4.6576435400E-02   6.7956615500E-01  -4.1458184900E-02
    4      4.8589625600E-02  -7.8163692700E-02  -2.6978929900E-02  -4.1458184900E-02   5.9964282960E-01
    5      1.2608281210E-01   1.0755905000E-03  -7.4496288000E-03  -9.5744585300E-02   3.1184149100E-02
    6     -5.7861424100E-02  -2.2241869800E-02   5.3284183300E-02  -6.9345417000E-02  -6.9124501200E-02
    7     -2.6724727700E-02   3.0475073000E-03   3.6942275800E-02  -7.3094639900E-02  -2.4851072960E-01
    8      1.3264793000E-03   7.6675046000E-03   8.4434389000E-03   9.8896326000E-03   1.1092520300E-02
    9      7.1500038000E-03  -5.7353566000E-03  -1.4100500100E-02  -6.0092005200E-02  -3.1654018100E-02
   10     -3.5130684000E-03  -3.9371758000E-03   2.5416467000E-03  -2.8400261600E-02  -7.1669100000E-04
   11      5.9531215000E-03  -5.0183539000E-03  -2.2337305300E-02  -3.2259642800E-02  -2.2907422100E-02
   12      7.2557016000E-03  -1.1131513400E-02  -6.3130041100E-02  -5.0223328800E-02  -2.2257546300E-02
   13      3.0680466000E-03  -6.0572343000E-03  -3.1555392600E-02  -2.7515085200E-02  -3.4336751000E-03
   14     -4.3533993000E-03   4.0169680000E-04   1.5036091900E-02   7.2366430000E-04  -4.1491676000E-03
   15     -1.8767910100E-02   1.2519084700E-02   8.6874487800E-02   5.7052152700E-02   1.2480249500E-02
   16     -6.3705495000E-03  -1.1087395700E-02   2.7732068100E-02   1.9430885300E-02   5.7932313000E-03
   17     -1.6522803800E-02   1.9545873200E-02   7.1833927200E-02   7.6882300200E-02   9.3928041000E-03
   18     -1.5092923190E-01  -1.2269024860E-01  -5.3219528000E-03  -1.7503633600E-02  -2.3840119700E-02
   19     -1.2178544140E-01  -1.8911832270E-01  -6.3559982000E-03  -4.3149800000E-05   9.2279360000E-04
   20     -1.1644824700E-02  -1.1958038500E-02  -3.7622074100E-02   6.8924936000E-03   8.8308717000E-03
   21     -1.1662440960E-01   1.1290963260E-01  -1.8989735700E-02  -1.4918537600E-02   2.5746419000E-02
   22      1.0974773610E-01  -2.1935529570E-01   3.4162427500E-02   7.0703314000E-03  -5.1973264000E-03
   23     -2.7192943900E-02   4.0687716100E-02  -3.2617357400E-02   1.2065004200E-02  -8.0211651000E-03
   24     -1.8042444000E-02   2.6283760400E-02  -1.7860620000E-04  -1.0105432670E-01   1.0963822220E-01
   25      4.4777894000E-03  -3.0302117000E-03  -1.3220579000E-03   1.0874877560E-01  -2.4567173070E-01
   26      5.5668261000E-03  -6.1310011000E-03  -9.5383730000E-04  -1.5780310000E-03   6.3224774000E-03
   27      9.3980800000E-04  -2.8576872000E-03  -4.0002800000E-05   5.9655977000E-03  -9.9441084000E-03
   28      1.3242643000E-03   5.6161020000E-04   2.0156000000E-06   1.0929458300E-02  -2.6827515700E-02
   29     -1.3970600000E-05   5.5890750000E-04  -9.1609170000E-04   8.9868950000E-04  -1.7596997000E-03
   30     -1.0254032000E-03  -1.0535915000E-03  -7.9172880000E-04  -5.7428854000E-03   6.7486320000E-04
   31     -1.2213760000E-04  -5.7884590000E-04  -7.3588010000E-04  -1.6173297000E-03   8.6134790000E-04
   32     -1.1533579000E-03  -1.0330750000E-04  -2.5092830000E-04   1.8905716000E-03   6.4489660000E-04
   33      2.9850250000E-04  -2.4708690000E-04  -3.9585500000E-05   1.8185402000E-03   1.4653866000E-03
   34     -2.8179470000E-04  -3.8163870000E-04   4.4104610000E-04  -1.1189085000E-03   1.6796488000E-03
   35     -2.6976460000E-04  -2.1597010000E-04   1.1796280000E-04   8.2083580000E-04   4.5473860000E-04
   36      1.1132448000E-03  -8.6004690000E-04  -5.5042598000E-03  -4.1852189000E-03  -6.0976280000E-04
   37      7.9707000000E-06   1.2297627000E-03   9.6402500000E-05   1.4245810000E-04  -1.3466764000E-03
   38      2.9843608000E-03  -6.0352440000E-03  -1.9215007300E-02  -9.1531579000E-03  -1.5427293000E-03
   39     -4.8388900000E-05   2.4518690000E-03  -5.2544822000E-03  -2.3499422000E-03  -2.2787118000E-03
   40      5.6824230000E-04  -4.5073050000E-04   2.6044757000E-03   6.5270690000E-04   2.2734500000E-05
   41     -1.5602886000E-03   6.4931292000E-03  -1.8343593400E-02  -6.8079213000E-03   4.5098650000E-04
   42     -2.1939829000E-03   4.9183090000E-04   6.2752474000E-03   3.0128823000E-03   1.7054063000E-03
   43     -1.0381132000E-03   1.6457000000E-04   2.7632514000E-03   2.0189757000E-03   2.6675930000E-04
   44      2.6946210000E-03  -2.5832307000E-03  -1.2194506900E-02  -7.9498568000E-03  -4.0411307000E-03
   45     -8.4306220000E-04   4.7753540000E-04   3.6530399000E-03   1.6388447000E-03   8.6678070000E-04
   46      9.7588520000E-04  -8.0734850000E-04   2.9530465000E-03   3.6465523000E-03   6.7869240000E-04
   47      1.4156314000E-03  -1.0948751000E-03  -4.2031269000E-03  -3.1464321000E-03   1.0268001000E-03
                    5                  6                  7                  8                  9        
    0      1.2608281210E-01  -5.7861424100E-02  -2.6724727700E-02   1.3264793000E-03   7.1500038000E-03
    1      1.0755905000E-03  -2.2241869800E-02   3.0475073000E-03   7.6675046000E-03  -5.7353566000E-03
    2     -7.4496288000E-03   5.3284183300E-02   3.6942275800E-02   8.4434389000E-03  -1.4100500100E-02
    3     -9.5744585300E-02  -6.9345417000E-02  -7.3094639900E-02   9.8896326000E-03  -6.0092005200E-02
    4      3.1184149100E-02  -6.9124501200E-02  -2.4851072960E-01   1.1092520300E-02  -3.1654018100E-02
    5      1.6634632980E-01  -1.6587616000E-02  -1.5157866100E-02  -3.2840755900E-02   8.5824131000E-03
    6     -1.6587616000E-02   7.7350728220E-01  -1.7850685000E-02  -3.8742550500E-02  -4.9572718270E-01
    7     -1.5157866100E-02  -1.7850685000E-02   5.8451013680E-01   1.3493507400E-02   2.5015021200E-02
    8     -3.2840755900E-02  -3.8742550500E-02   1.3493507400E-02   1.0497898700E-01  -1.6352794400E-02
    9      8.5824131000E-03  -4.9572718270E-01   2.5015021200E-02  -1.6352794400E-02   8.1611202880E-01
   10     -3.3985050000E-04  -2.9106601000E-03  -7.5749383100E-02  -8.6468348000E-03   1.4129148700E-02
   11      8.5789717000E-03   2.6637364600E-02   1.6172218300E-02   4.3608780000E-04  -6.4189437300E-02
   12      6.0785581000E-03   3.2132205400E-02   1.7766580700E-02   2.4175414700E-02  -9.1823876000E-03
   13      8.7087985000E-03   1.1206893200E-02   9.8953488000E-03   6.1409409000E-03  -2.4906887000E-03
   14     -2.7316968800E-02  -1.9319177400E-02  -5.3169207000E-03  -1.7000557500E-02   5.8015004000E-03
   15     -3.7609309400E-02  -4.1510593700E-02  -2.7278071400E-02   1.9935659000E-03   1.0703280900E-02
   16     -1.4126461700E-02  -1.3407859000E-02  -6.3953570000E-03  -1.6197845000E-03   1.8155578000E-03
   17     -7.7254323400E-02  -2.2756229600E-02  -2.0185708500E-02  -3.0687749500E-02   3.1891528000E-03
   18      1.2362168000E-03  -6.1179182000E-03   4.2147950000E-04   2.2878492000E-03  -7.1665320000E-04
   19      4.4625090000E-04  -1.2345916000E-03   4.3505000000E-04  -1.3908600000E-05  -1.0337360000E-04
   20     -9.8639890000E-04   3.2733509000E-03  -1.4101849000E-03   9.1714980000E-03   6.4961940000E-04
   21     -2.2004354000E-03   2.0155000000E-04   1.6115411000E-03  -2.4452230000E-04   8.1806880000E-04
   22     -1.3116798000E-03  -2.6085990000E-03   1.1406706000E-03  -2.3478580000E-04  -1.9464440000E-04
   23     -2.6332030000E-03  -4.0815432000E-03  -1.9277402000E-03  -5.0848896000E-03   4.3320660000E-04
   24      2.0371952000E-03   6.4957433000E-03  -1.1657875200E-02   6.0266700000E-05   1.5174188000E-03
   25      1.8305902000E-03   1.1298513100E-02  -2.6545819200E-02  -1.1536604000E-03   9.4055510000E-04
   26     -2.9816986500E-02  -2.0133934000E-03  -8.6928190000E-04  -1.4849680000E-04   3.5358870000E-04
   27     -1.3486496000E-03  -1.0572392280E-01   1.0906572710E-01   1.2460915300E-02  -2.2253324900E-02
   28     -1.8872002000E-03   1.0924732840E-01  -2.3137229640E-01  -2.4368273400E-02   4.1859199000E-03
   29      2.2175100000E-04   1.4208830700E-02  -2.5603193000E-02  -3.9837726100E-02   3.8925820000E-04
   30      2.1060899000E-03  -1.7946406200E-02  -2.7000842000E-02  -8.3000490000E-04  -1.2097593180E-01
   31      4.2260670000E-04  -1.4229621000E-03  -1.1944776000E-03  -3.4107070000E-04  -1.1624627540E-01
   32      1.1102437900E-02  -3.8290865000E-03  -1.8797198000E-03   6.9071420000E-04   2.7484450500E-02
   33     -1.1997688000E-03  -2.0029685400E-02   2.7140923400E-02   5.5505320000E-03  -1.2517255970E-01
   34      5.6197620000E-04   5.0818258000E-03  -2.3624395000E-03  -3.0417550000E-04   1.0885818040E-01
   35     -5.4312729000E-03  -2.6210104000E-03  -4.9992820000E-04   2.7394050000E-04   5.0538942100E-02
   36      1.5007385000E-03   2.3644745000E-03   1.9303829000E-03   4.9122900000E-05  -9.1275510000E-04
   37     -7.2649860000E-04  -4.6302430000E-04  -3.3808300000E-04   8.0597480000E-04  -1.6569040000E-04
   38      4.5965547000E-03   6.6430852000E-03   4.9509603000E-03  -1.8492860000E-04  -2.6223476000E-03
   39      3.4412580000E-03   1.9688339000E-03   1.4696632000E-03   8.7251630000E-04  -1.2636898000E-03
   40      9.6145300000E-05  -1.6719640000E-04  -6.5195860000E-04   1.5070780000E-04   2.4495740000E-04
   41      1.5825060000E-03   4.4341040000E-03   1.4725205000E-03   6.3025210000E-04  -5.7028290000E-04
   42      2.0652797000E-03  -2.2173112000E-03  -5.0460530000E-04  -1.4571265000E-03   1.6333770000E-04
   43      5.7134010000E-04  -1.0086789000E-03  -5.5164160000E-04  -5.4629600000E-05   9.2476100000E-05
   44     -4.3171750000E-04   4.4051407000E-03   1.8057636000E-03   2.6694203000E-03  -5.6807660000E-04
   45      1.5598033000E-03  -1.9022810000E-04  -3.0987270000E-04  -1.0392964000E-03  -1.6764870000E-04
   46     -1.1347890600E-02  -4.3939330000E-03  -5.3565279000E-03  -2.6140325000E-03   1.3082305000E-03
   47     -8.2672954000E-03  -2.9354526000E-03  -1.9867026000E-03  -1.5092349000E-03   9.8130720000E-04
                   10                 11                 12                 13                 14        
    0     -3.5130684000E-03   5.9531215000E-03   7.2557016000E-03   3.0680466000E-03  -4.3533993000E-03
    1     -3.9371758000E-03  -5.0183539000E-03  -1.1131513400E-02  -6.0572343000E-03   4.0169680000E-04
    2      2.5416467000E-03  -2.2337305300E-02  -6.3130041100E-02  -3.1555392600E-02   1.5036091900E-02
    3     -2.8400261600E-02  -3.2259642800E-02  -5.0223328800E-02  -2.7515085200E-02   7.2366430000E-04
    4     -7.1669100000E-04  -2.2907422100E-02  -2.2257546300E-02  -3.4336751000E-03  -4.1491676000E-03
    5     -3.3985050000E-04   8.5789717000E-03   6.0785581000E-03   8.7087985000E-03  -2.7316968800E-02
    6     -2.9106601000E-03   2.6637364600E-02   3.2132205400E-02   1.1206893200E-02  -1.9319177400E-02
    7     -7.5749383100E-02   1.6172218300E-02   1.7766580700E-02   9.8953488000E-03  -5.3169207000E-03
    8     -8.6468348000E-03   4.3608780000E-04   2.4175414700E-02   6.1409409000E-03  -1.7000557500E-02
    9      1.4129148700E-02  -6.4189437300E-02  -9.1823876000E-03  -2.4906887000E-03   5.8015004000E-03
   10      5.0299312170E-01   3.9830140200E-02   2.6827930000E-03  -4.0977501000E-03  -3.1032040000E-04
   11      3.9830140200E-02   1.0254597970E-01  -2.1731867200E-02  -8.3166343000E-03  -5.6932666000E-03
   12      2.6827930000E-03  -2.1731867200E-02   5.1905095620E-01   9.8813080000E-03   2.0152805640E-01
   13     -4.0977501000E-03  -8.3166343000E-03   9.8813080000E-03   3.7570218410E-01   2.6860067400E-02
   14     -3.1032040000E-04  -5.6932666000E-03   2.0152805640E-01   2.6860067400E-02   2.8280831730E-01
   15     -1.9821975000E-03   1.9722977100E-02  -2.6633102960E-01  -6.9547918300E-02  -5.0963199200E-02
   16     -2.1566061000E-03   6.6666082000E-03  -8.0964936800E-02  -1.0267292140E-01  -2.2334273900E-02
   17     -2.2436806000E-03   1.7501448400E-02   5.2045789400E-02   1.4966521100E-02  -5.7391010100E-02
   18     -1.0158374000E-03   3.5543780000E-04  -1.1185030000E-04  -3.5913600000E-05   6.0931500000E-05
   19      7.5966000000E-06   2.5506140000E-04   5.7464030000E-04  -1.5794610000E-04   5.4495100000E-04
   20      4.5187490000E-04  -3.7376850000E-04   8.7397900000E-05   7.9742980000E-04  -9.5476200000E-04
   21     -1.8020080000E-04   4.2145450000E-04   2.5780290000E-04   7.9479190000E-04  -4.9598720000E-04
   22     -2.7524900000E-05  -9.2130000000E-06   2.4984690000E-04  -2.5296270000E-04   1.2373100000E-05
   23     -5.5772400000E-05   1.0445244000E-03   3.4640694000E-03   1.2529547000E-03  -3.7953390000E-04
   24     -1.3259263000E-03  -2.7063780000E-04  -7.9928830000E-04   1.8116470000E-04  -1.6004570000E-04
   25      1.2733044000E-03  -3.0138730000E-04  -7.3806600000E-05  -2.2330096000E-03   4.0503840000E-04
   26     -3.2487160000E-04  -6.2551430000E-04   3.8323320000E-04   9.2300840000E-04   4.8208500000E-05
   27      2.6378047800E-02   4.9893177000E-03  -6.5691310000E-04   1.2778137000E-03  -6.3917740000E-04
   28     -1.1394608000E-03  -3.6126460000E-04   1.3413170000E-03  -1.4891152000E-03   9.3072280000E-04
   29      1.3820610000E-04   7.2668360000E-04  -9.4690230000E-04   9.6445880000E-04  -1.6987943000E-03
   30     -1.1506253370E-01   1.9659435400E-02  -4.0149390000E-04  -5.0583710000E-04   2.5870250000E-04
   31     -2.1874061170E-01   2.3767451500E-02  -3.1764870000E-04  -1.5336890000E-03   3.4401640000E-04
   32      3.1167459200E-02  -3.9421605900E-02  -1.3261459000E-03  -2.1916250000E-04   1.3684910000E-03
   33      1.1096134890E-01   4.3421282800E-02  -9.9543720000E-04   8.4758130000E-04   3.0388010000E-04
   34     -1.9621059570E-01  -5.5694893800E-02   3.0707100000E-05  -1.4747504000E-03  -2.3953710000E-04
   35     -6.2647976500E-02  -5.6124483900E-02  -1.4320441000E-03   4.8728370000E-04   1.9608890000E-04
   36     -5.1727700000E-05  -2.4836692000E-03  -3.3487208400E-02   7.7628649000E-03   7.3720059000E-03
   37     -8.1149360000E-04  -1.2890410000E-04  -7.8648198000E-03   7.0827304000E-03   1.8952543000E-03
   38      5.7903000000E-04  -3.5328884000E-03  -1.2805966100E-02  -8.3217114000E-03   6.3355982000E-03
   39      2.0073830000E-04  -1.7279697000E-03  -5.6462144000E-03  -2.7633477200E-02  -6.0112940000E-04
   40     -2.4017230000E-04  -3.5453650000E-04  -2.1289286000E-03  -1.4717093700E-02  -1.2376735000E-03
   41      1.5696000000E-06  -2.7999738000E-03  -9.2854335000E-03  -2.0486083000E-03  -8.2235830000E-04
   42      2.9928900000E-05   1.4389919000E-03  -1.5077295820E-01   7.5436410300E-02  -1.3487267200E-01
   43      6.2339100000E-05   7.8338980000E-04   8.0099205800E-02  -5.6147337700E-02   7.0681977300E-02
   44      7.0572640000E-04  -3.1606785000E-03  -1.6821268580E-01   7.8317928700E-02  -1.3588519380E-01
   45      6.0407900000E-05   6.3840900000E-05  -4.0088556300E-02   1.7272045600E-02  -4.6439533000E-03
   46     -5.0889670000E-04   5.6177400000E-03   1.2112801500E-02  -1.9841277810E-01  -6.8488204200E-02
   47     -8.4634650000E-04   3.2357896000E-03  -8.8914329000E-03  -8.8957882900E-02  -5.8650350300E-02
                   15                 16                 17                 18                 19        
    0     -1.8767910100E-02  -6.3705495000E-03  -1.6522803800E-02  -1.5092923190E-01  -1.2178544140E-01
    1      1.2519084700E-02  -1.1087395700E-02   1.9545873200E-02  -1.2269024860E-01  -1.8911832270E-01
    2      8.6874487800E-02   2.7732068100E-02   7.1833927200E-02  -5.3219528000E-03  -6.3559982000E-03
    3      5.7052152700E-02   1.9430885300E-02   7.6882300200E-02  -1.7503633600E-02  -4.3149800000E-05
    4      1.2480249500E-02   5.7932313000E-03   9.3928041000E-03  -2.3840119700E-02   9.2279360000E-04
    5     -3.7609309400E-02  -1.4126461700E-02  -7.7254323400E-02   1.2362168000E-03   4.4625090000E-04
    6     -4.1510593700E-02  -1.3407859000E-02  -2.2756229600E-02  -6.1179182000E-03  -1.2345916000E-03
    7     -2.7278071400E-02  -6.3953570000E-03  -2.0185708500E-02   4.2147950000E-04   4.3505000000E-04
    8      1.9935659000E-03  -1.6197845000E-03  -3.0687749500E-02   2.2878492000E-03  -1.3908600000E-05
    9      1.0703280900E-02   1.8155578000E-03   3.1891528000E-03  -7.1665320000E-04  -1.0337360000E-04
   10     -1.9821975000E-03  -2.1566061000E-03  -2.2436806000E-03  -1.0158374000E-03   7.5966000000E-06
   11      1.9722977100E-02   6.6666082000E-03   1.7501448400E-02   3.5543780000E-04   2.5506140000E-04
   12     -2.6633102960E-01  -8.0964936800E-02   5.2045789400E-02  -1.1185030000E-04   5.7464030000E-04
   13     -6.9547918300E-02  -1.0267292140E-01   1.4966521100E-02  -3.5913600000E-05  -1.5794610000E-04
   14     -5.0963199200E-02  -2.2334273900E-02  -5.7391010100E-02   6.0931500000E-05   5.4495100000E-04
   15      5.1823084960E-01   4.1997059600E-02  -1.7206078900E-01  -8.5277690000E-04  -2.8070600000E-05
   16      4.1997059600E-02   5.3891605510E-01   5.3280412000E-03  -1.2323565000E-03  -5.3037620000E-04
   17     -1.7206078900E-01   5.3280412000E-03   1.6837274260E-01  -5.7748390000E-04  -2.7534920000E-04
   18     -8.5277690000E-04  -1.2323565000E-03  -5.7748390000E-04   1.6759061510E-01   1.3851463230E-01
   19     -2.8070600000E-05  -5.3037620000E-04  -2.7534920000E-04   1.3851463230E-01   2.1890117920E-01
   20     -2.1539551000E-03  -3.1849948000E-03   2.1476632000E-03   3.3036874000E-03   3.7517150000E-03
   21     -2.4883296000E-03   1.2569938000E-03  -2.6212765000E-03   7.7532301000E-03  -1.5969189700E-02
   22     -4.5665500000E-04  -1.9674000000E-05  -1.1161050000E-04   9.7727527000E-03  -3.4288414300E-02
   23     -6.5699107000E-03   2.9951909000E-03  -7.9677684000E-03   1.9355950000E-04   1.9923897000E-03
   24     -3.0337540000E-04   3.4831800000E-04   1.3493300000E-05   1.2730760000E-03   7.6390530000E-04
   25      1.0476777000E-03  -5.1111130000E-04   2.4586750000E-04  -5.5680320000E-04   8.3734930000E-04
   26      2.0685040000E-04   6.2223240000E-04   2.0640700000E-05  -5.9067470000E-04   8.8530200000E-05
   27     -4.2543980000E-04   4.8448700000E-05   3.0097270000E-04  -2.5843040000E-04  -1.0719800000E-04
   28     -3.0983820000E-04  -1.0138347000E-03  -4.8097580000E-04   4.6473160000E-04   4.3397960000E-04
   29     -2.7534380000E-04  -1.6878390000E-04  -4.6848100000E-05   6.8586100000E-05  -2.2344890000E-04
   30      2.8594930000E-04   2.5483370000E-04  -7.4164200000E-05  -8.8727690000E-04   2.1651900000E-05
   31      1.0765630000E-03  -3.3066040000E-04  -5.4631700000E-05   1.1284180000E-04   2.5091900000E-04
   32     -5.5538570000E-04  -3.9910390000E-04   3.3564000000E-06  -8.2881060000E-04  -1.6323440000E-04
   33     -7.6512600000E-05   7.1013600000E-05  -9.3202000000E-05   1.6849250000E-04  -3.3635260000E-04
   34      9.6241800000E-05  -4.4799390000E-04  -1.0765290000E-04   1.0427420000E-04   2.6436410000E-04
   35     -6.8018220000E-04   2.8733990000E-04  -1.5230420000E-04  -1.6409200000E-04  -3.4054500000E-05
   36     -1.7581514670E-01   9.1607155700E-02   1.0475240740E-01  -3.3121000000E-05   1.6712170000E-04
   37      8.7096966500E-02  -9.4539796900E-02  -5.5910038800E-02  -2.1843590000E-04   1.4714980000E-04
   38      1.2524696800E-01  -5.5235909600E-02  -7.5374678000E-02   3.0853800000E-05  -8.2165700000E-05
   39     -3.8377073300E-02  -1.6817294800E-02   1.0393402200E-02   1.2054500000E-04   3.9001900000E-05
   40     -1.9568117400E-02  -2.9078625870E-01   4.3438729500E-02  -3.3824900000E-05   5.0307960000E-04
   41      2.1616479000E-02   5.4890034800E-02  -2.8484833900E-02  -2.2774400000E-04   3.0348320000E-04
   42     -3.4613398700E-02   3.6995550000E-03  -1.6137700100E-02   7.4723930000E-04  -8.5119240000E-04
   43     -1.3376250700E-02   1.1540457000E-03  -5.5603302000E-03   2.7459090000E-04   3.4043440000E-04
   44      1.5429910900E-02   9.7994841000E-03   1.1417997000E-02   2.5805490000E-04  -2.8362920000E-04
   45     -6.7106460000E-03  -4.1736824700E-02  -1.6733868900E-02  -2.4230570000E-04   3.7760630000E-04
   46     -2.3766723600E-02  -3.5371345700E-02  -7.9878585000E-03  -4.1763100000E-05   1.0511641000E-03
   47     -2.2316410000E-04  -1.1251687200E-02   6.0617399000E-03  -8.4419000000E-05   4.9407300000E-05
                   20                 21                 22                 23                 24        
    0     -1.1644824700E-02  -1.1662440960E-01   1.0974773610E-01  -2.7192943900E-02  -1.8042444000E-02
    1     -1.1958038500E-02   1.1290963260E-01  -2.1935529570E-01   4.0687716100E-02   2.6283760400E-02
    2     -3.7622074100E-02  -1.8989735700E-02   3.4162427500E-02  -3.2617357400E-02  -1.7860620000E-04
    3      6.8924936000E-03  -1.4918537600E-02   7.0703314000E-03   1.2065004200E-02  -1.0105432670E-01
    4      8.8308717000E-03   2.5746419000E-02  -5.1973264000E-03  -8.0211651000E-03   1.0963822220E-01
    5     -9.8639890000E-04  -2.2004354000E-03  -1.3116798000E-03  -2.6332030000E-03   2.0371952000E-03
    6      3.2733509000E-03   2.0155000000E-04  -2.6085990000E-03  -4.0815432000E-03   6.4957433000E-03
    7     -1.4101849000E-03   1.6115411000E-03   1.1406706000E-03  -1.9277402000E-03  -1.1657875200E-02
    8      9.1714980000E-03  -2.4452230000E-04  -2.3478580000E-04  -5.0848896000E-03   6.0266700000E-05
    9      6.4961940000E-04   8.1806880000E-04  -1.9464440000E-04   4.3320660000E-04   1.5174188000E-03
   10      4.5187490000E-04  -1.8020080000E-04  -2.7524900000E-05  -5.5772400000E-05  -1.3259263000E-03
   11     -3.7376850000E-04   4.2145450000E-04  -9.2130000000E-06   1.0445244000E-03  -2.7063780000E-04
   12      8.7397900000E-05   2.5780290000E-04   2.4984690000E-04   3.4640694000E-03  -7.9928830000E-04
   13      7.9742980000E-04   7.9479190000E-04  -2.5296270000E-04   1.2529547000E-03   1.8116470000E-04
   14     -9.5476200000E-04  -4.9598720000E-04   1.2373100000E-05  -3.7953390000E-04  -1.6004570000E-04
   15     -2.1539551000E-03  -2.4883296000E-03  -4.5665500000E-04  -6.5699107000E-03  -3.0337540000E-04
   16     -3.1849948000E-03   1.2569938000E-03  -1.9674000000E-05   2.9951909000E-03   3.4831800000E-04
   17      2.1476632000E-03  -2.6212765000E-03  -1.1161050000E-04  -7.9677684000E-03   1.3493300000E-05
   18      3.3036874000E-03   7.7532301000E-03   9.7727527000E-03   1.9355950000E-04   1.2730760000E-03
   19      3.7517150000E-03  -1.5969189700E-02  -3.4288414300E-02   1.9923897000E-03   7.6390530000E-04
   20      2.8625960600E-02   2.2211704000E-03   3.5605439000E-03   4.8048722000E-03  -1.0055833000E-03
   21      2.2211704000E-03   1.2883723830E-01  -1.2347465000E-01   1.9978475800E-02  -4.4010640000E-03
   22      3.5605439000E-03  -1.2347465000E-01   2.5476691090E-01  -3.6443706600E-02   1.3926694000E-03
   23      4.8048722000E-03   1.9978475800E-02  -3.6443706600E-02   3.4446915400E-02   4.1789713000E-03
   24     -1.0055833000E-03  -4.4010640000E-03   1.3926694000E-03   4.1789713000E-03   1.1663132650E-01
   25      2.3281900000E-05  -2.7093510000E-04   5.3303950000E-04  -3.6819810000E-04  -1.2209346280E-01
   26     -3.0725099000E-03   1.8983237000E-03   7.0959480000E-04   7.4531399000E-03  -5.3140933000E-03
   27      8.4553200000E-05  -6.7688580000E-04  -5.7083710000E-04  -8.9803600000E-05  -1.4328319000E-03
   28     -2.2519500000E-04  -1.0382707000E-03   1.6966780000E-04  -6.1682000000E-05  -2.8047605000E-03
   29     -2.1683080000E-04   1.2426200000E-05  -8.4987300000E-05   2.5245530000E-04   4.2984010000E-04
   30      6.8839210000E-04   1.4728200000E-04  -6.1888000000E-06   3.9860640000E-04  -3.0099310000E-04
   31      2.5664940000E-04  -2.1023250000E-04   2.8278460000E-04  -2.8876600000E-05   6.4473500000E-05
   32     -1.2242679000E-03  -2.6217850000E-04  -1.5590100000E-05   1.0508124000E-03  -7.6394700000E-05
   33      4.5619820000E-04   1.0834200000E-05  -4.0378430000E-04   3.7264730000E-04  -6.7095100000E-05
   34      1.0000000000E-05  -3.4617450000E-04   1.2003450000E-04  -9.1640700000E-05  -1.4230950000E-04
   35      8.5336440000E-04  -2.5570320000E-04   1.0352910000E-04   3.1596850000E-04   2.0090360000E-04
   36     -6.1929650000E-04   5.8247750000E-04   7.0837300000E-05  -8.5835690000E-04  -5.8956300000E-05
   37     -3.9210700000E-05   1.0057500000E-05   6.8627640000E-04   3.3354000000E-04  -2.7013410000E-04
   38     -7.5127640000E-04   2.8758200000E-04   9.8290100000E-05   1.9924780000E-04  -2.0935020000E-04
   39     -7.5775870000E-04  -2.2170960000E-04   7.2923600000E-05  -8.2825390000E-04   4.6874500000E-05
   40     -3.9588570000E-04  -1.3612440000E-04   1.9968420000E-04  -4.4548200000E-05   2.6404300000E-05
   41      9.0837900000E-05  -1.4743010000E-04  -1.0779830000E-04  -1.6282158000E-03   3.9595040000E-04
   42     -7.2947610000E-04   8.7252000000E-05  -9.7204080000E-04  -1.1154315000E-03   7.6700750000E-04
   43     -5.9179800000E-05  -3.8379930000E-04   2.3824800000E-04  -2.1359070000E-04   1.7235040000E-04
   44      4.6276600000E-05   4.0035620000E-04  -4.9711410000E-04  -1.7678000000E-05   2.1825540000E-04
   45     -7.4596870000E-04   6.3520050000E-04   3.1030200000E-04  -3.4829670000E-04  -2.7107190000E-04
   46     -4.0967740000E-04  -3.1985880000E-04   1.0038814000E-03  -4.8705000000E-06  -5.7679980000E-04
   47     -5.3858440000E-04  -2.5199000000E-06   1.6972690000E-04   7.6071030000E-04  -3.2016470000E-04
                   25                 26                 27                 28                 29        
    0      4.4777894000E-03   5.5668261000E-03   9.3980800000E-04   1.3242643000E-03  -1.3970600000E-05
    1     -3.0302117000E-03  -6.1310011000E-03  -2.8576872000E-03   5.6161020000E-04   5.5890750000E-04
    2     -1.3220579000E-03  -9.5383730000E-04  -4.0002800000E-05   2.0156000000E-06  -9.1609170000E-04
    3      1.0874877560E-01  -1.5780310000E-03   5.9655977000E-03   1.0929458300E-02   8.9868950000E-04
    4     -2.4567173070E-01   6.3224774000E-03  -9.9441084000E-03  -2.6827515700E-02  -1.7596997000E-03
    5      1.8305902000E-03  -2.9816986500E-02  -1.3486496000E-03  -1.8872002000E-03   2.2175100000E-04
    6      1.1298513100E-02  -2.0133934000E-03  -1.0572392280E-01   1.0924732840E-01   1.4208830700E-02
    7     -2.6545819200E-02  -8.6928190000E-04   1.0906572710E-01  -2.3137229640E-01  -2.5603193000E-02
    8     -1.1536604000E-03  -1.4849680000E-04   1.2460915300E-02  -2.4368273400E-02  -3.9837726100E-02
    9      9.4055510000E-04   3.5358870000E-04  -2.2253324900E-02   4.1859199000E-03   3.8925820000E-04
   10      1.2733044000E-03  -3.2487160000E-04   2.6378047800E-02  -1.1394608000E-03   1.3820610000E-04
   11     -3.0138730000E-04  -6.2551430000E-04   4.9893177000E-03  -3.6126460000E-04   7.2668360000E-04
   12     -7.3806600000E-05   3.8323320000E-04  -6.5691310000E-04   1.3413170000E-03  -9.4690230000E-04
   13     -2.2330096000E-03   9.2300840000E-04   1.2778137000E-03  -1.4891152000E-03   9.6445880000E-04
   14      4.0503840000E-04   4.8208500000E-05  -6.3917740000E-04   9.3072280000E-04  -1.6987943000E-03
   15      1.0476777000E-03   2.0685040000E-04  -4.2543980000E-04  -3.0983820000E-04  -2.7534380000E-04
   16     -5.1111130000E-04   6.2223240000E-04   4.8448700000E-05  -1.0138347000E-03  -1.6878390000E-04
   17      2.4586750000E-04   2.0640700000E-05   3.0097270000E-04  -4.8097580000E-04  -4.6848100000E-05
   18     -5.5680320000E-04  -5.9067470000E-04  -2.5843040000E-04   4.6473160000E-04   6.8586100000E-05
   19      8.3734930000E-04   8.8530200000E-05  -1.0719800000E-04   4.3397960000E-04  -2.2344890000E-04
   20      2.3281900000E-05  -3.0725099000E-03   8.4553200000E-05  -2.2519500000E-04  -2.1683080000E-04
   21     -2.7093510000E-04   1.8983237000E-03  -6.7688580000E-04  -1.0382707000E-03   1.2426200000E-05
   22      5.3303950000E-04   7.0959480000E-04  -5.7083710000E-04   1.6966780000E-04  -8.4987300000E-05
   23     -3.6819810000E-04   7.4531399000E-03  -8.9803600000E-05  -6.1682000000E-05   2.5245530000E-04
   24     -1.2209346280E-01  -5.3140933000E-03  -1.4328319000E-03  -2.8047605000E-03   4.2984010000E-04
   25      2.7605141810E-01   1.3883950000E-04  -2.4780489000E-03  -3.5754933000E-03  -1.1355610000E-04
   26      1.3883950000E-04   2.2515909900E-02   3.8554480000E-04  -1.9073450000E-04   4.4171089000E-03
   27     -2.4780489000E-03   3.8554480000E-04   1.2788216310E-01  -1.2140464590E-01  -1.5177492600E-02
   28     -3.5754933000E-03  -1.9073450000E-04  -1.2140464590E-01   2.6059350920E-01   2.6372875400E-02
   29     -1.1355610000E-04   4.4171089000E-03  -1.5177492600E-02   2.6372875400E-02   3.1465000100E-02
   30      3.4099300000E-04  -1.1724150000E-04   1.2560134000E-03  -7.6579000000E-04  -6.5159860000E-04
   31      2.9925210000E-04   3.4325070000E-04   9.0354360000E-04   8.8945000000E-04  -2.7576600000E-05
   32      8.9079300000E-05  -3.8465710000E-04   6.8090000000E-06   6.4219710000E-04  -4.5273696000E-03
   33     -6.8578920000E-04   9.8216500000E-05  -5.2359654000E-03  -5.8461280000E-04   1.0568995000E-03
   34      1.2079820000E-04   3.0119110000E-04   7.7820450000E-04   8.5837200000E-04  -1.6422037000E-03
   35      1.8872800000E-04   4.3944660000E-04  -9.9565890000E-04  -4.2205280000E-04   1.0647250700E-02
   36     -3.0736540000E-04   3.0900450000E-04   3.5033540000E-04  -1.2297710000E-04   2.7029100000E-05
   37      3.5008770000E-04  -5.8616240000E-04  -6.5125300000E-05   3.4048420000E-04   5.3973750000E-04
   38      2.0599730000E-04  -4.4623100000E-05   1.0217070000E-04   2.3483000000E-04   2.2600370000E-04
   39     -2.5548100000E-05   3.1355330000E-04  -2.4682400000E-05   2.2522800000E-05  -3.1789200000E-05
   40      5.6280290000E-04  -4.9550260000E-04  -2.0364540000E-04   3.5647760000E-04   1.9617870000E-04
   41     -7.7467300000E-05  -2.5495700000E-04   5.9765900000E-05  -1.6721720000E-04  -1.4798890000E-04
   42     -1.0748870000E-04   1.0472220000E-04  -3.0549170000E-04  -2.9416660000E-04  -5.9546000000E-05
   43      3.8388120000E-04  -7.6728630000E-04  -3.1779650000E-04   2.3965200000E-04   5.9240570000E-04
   44     -4.6860590000E-04   8.1005530000E-04   1.7390200000E-04  -5.2013260000E-04  -9.7167210000E-04
   45     -2.5505580000E-04  -6.4296000000E-06   5.9997050000E-04  -1.9048060000E-04   6.5083800000E-05
   46      1.1554423000E-03  -8.4284100000E-05  -5.0269260000E-04   9.7451340000E-04   2.6067940000E-04
   47      6.7751090000E-04  -4.0292750000E-04  -2.7316630000E-04   5.0208720000E-04   4.0706830000E-04
                   30                 31                 32                 33                 34        
    0     -1.0254032000E-03  -1.2213760000E-04  -1.1533579000E-03   2.9850250000E-04  -2.8179470000E-04
    1     -1.0535915000E-03  -5.7884590000E-04  -1.0330750000E-04  -2.4708690000E-04  -3.8163870000E-04
    2     -7.9172880000E-04  -7.3588010000E-04  -2.5092830000E-04  -3.9585500000E-05   4.4104610000E-04
    3     -5.7428854000E-03  -1.6173297000E-03   1.8905716000E-03   1.8185402000E-03  -1.1189085000E-03
    4      6.7486320000E-04   8.6134790000E-04   6.4489660000E-04   1.4653866000E-03   1.6796488000E-03
    5      2.1060899000E-03   4.2260670000E-04   1.1102437900E-02  -1.1997688000E-03   5.6197620000E-04
    6     -1.7946406200E-02  -1.4229621000E-03  -3.8290865000E-03  -2.0029685400E-02   5.0818258000E-03
    7     -2.7000842000E-02  -1.1944776000E-03  -1.8797198000E-03   2.7140923400E-02  -2.3624395000E-03
    8     -8.3000490000E-04  -3.4107070000E-04   6.9071420000E-04   5.5505320000E-03  -3.0417550000E-04
    9     -1.2097593180E-01  -1.1624627540E-01   2.7484450500E-02  -1.2517255970E-01   1.0885818040E-01
   10     -1.1506253370E-01  -2.1874061170E-01   3.1167459200E-02   1.1096134890E-01  -1.9621059570E-01
   11      1.9659435400E-02   2.3767451500E-02  -3.9421605900E-02   4.3421282800E-02  -5.5694893800E-02
   12     -4.0149390000E-04  -3.1764870000E-04  -1.3261459000E-03  -9.9543720000E-04   3.0707100000E-05
   13     -5.0583710000E-04  -1.5336890000E-03  -2.1916250000E-04   8.4758130000E-04  -1.4747504000E-03
   14      2.5870250000E-04   3.4401640000E-04   1.3684910000E-03   3.0388010000E-04  -2.3953710000E-04
   15      2.8594930000E-04   1.0765630000E-03  -5.5538570000E-04  -7.6512600000E-05   9.6241800000E-05
   16      2.5483370000E-04  -3.3066040000E-04  -3.9910390000E-04   7.1013600000E-05  -4.4799390000E-04
   17     -7.4164200000E-05  -5.4631700000E-05   3.3564000000E-06  -9.3202000000E-05  -1.0765290000E-04
   18     -8.8727690000E-04   1.1284180000E-04  -8.2881060000E-04   1.6849250000E-04   1.0427420000E-04
   19      2.1651900000E-05   2.5091900000E-04  -1.6323440000E-04  -3.3635260000E-04   2.6436410000E-04
   20      6.8839210000E-04   2.5664940000E-04  -1.2242679000E-03   4.5619820000E-04   1.0000000000E-05
   21      1.4728200000E-04  -2.1023250000E-04  -2.6217850000E-04   1.0834200000E-05  -3.4617450000E-04
   22     -6.1888000000E-06   2.8278460000E-04  -1.5590100000E-05  -4.0378430000E-04   1.2003450000E-04
   23      3.9860640000E-04  -2.8876600000E-05   1.0508124000E-03   3.7264730000E-04  -9.1640700000E-05
   24     -3.0099310000E-04   6.4473500000E-05  -7.6394700000E-05  -6.7095100000E-05  -1.4230950000E-04
   25      3.4099300000E-04   2.9925210000E-04   8.9079300000E-05  -6.8578920000E-04   1.2079820000E-04
   26     -1.1724150000E-04   3.4325070000E-04  -3.8465710000E-04   9.8216500000E-05   3.0119110000E-04
   27      1.2560134000E-03   9.0354360000E-04   6.8090000000E-06  -5.2359654000E-03   7.7820450000E-04
   28     -7.6579000000E-04   8.8945000000E-04   6.4219710000E-04  -5.8461280000E-04   8.5837200000E-04
   29     -6.5159860000E-04  -2.7576600000E-05  -4.5273696000E-03   1.0568995000E-03  -1.6422037000E-03
   30      1.3659343610E-01   1.3010452890E-01  -2.0960392400E-02   7.3746273000E-03   1.2975025700E-02
   31      1.3010452890E-01   2.5008263290E-01  -2.2746411100E-02  -1.1704184200E-02  -3.3814313100E-02
   32     -2.0960392400E-02  -2.2746411100E-02   2.5596234900E-02  -2.2423069000E-03  -6.7756535000E-03
   33      7.3746273000E-03  -1.1704184200E-02  -2.2423069000E-03   1.4005074000E-01  -1.2534038580E-01
   34      1.2975025700E-02  -3.3814313100E-02  -6.7756535000E-03  -1.2534038580E-01   2.2836610560E-01
   35      2.0564400000E-04  -1.2807454000E-03   6.2735595000E-03  -4.7448271000E-02   6.3495029700E-02
   36      5.8987560000E-04  -4.8689230000E-04   4.2551580000E-04   4.1793270000E-04  -4.9605340000E-04
   37      6.5132900000E-05   8.0203630000E-04   1.8359360000E-04  -2.8148990000E-04   6.7588240000E-04
   38      4.4686000000E-06  -5.2950500000E-05   3.4747440000E-04   4.3222500000E-05   2.5149990000E-04
   39      1.2571970000E-04  -1.0514810000E-04   3.4842250000E-04   4.8558410000E-04  -1.2490180000E-04
   40     -6.8617600000E-05   7.8941350000E-04   2.2018700000E-05  -2.3441610000E-04   8.2514960000E-04
   41     -3.1687400000E-05   1.0995360000E-04  -1.5734780000E-04   9.0811200000E-05   2.6408710000E-04
   42     -6.7189100000E-05   5.9229210000E-04   7.2431700000E-04   6.9057210000E-04   6.1949720000E-04
   43     -5.0904200000E-04   1.0408190000E-03   1.8820450000E-04   1.3883450000E-04   1.1640071000E-03
   44      9.3607700000E-05  -2.8763910000E-04  -5.0012730000E-04   1.5066660000E-04  -5.1447100000E-04
   45      9.7467610000E-04  -6.2143230000E-04   3.5397250000E-04   2.6142980000E-04  -6.9342860000E-04
   46      5.3541340000E-04   8.9394230000E-04  -6.3526600000E-04  -8.0698640000E-04   6.1736900000E-04
   47      4.1871300000E-05   3.1185360000E-04   3.3223200000E-05  -5.2122250000E-04   4.5398200000E-05
                   35                 36                 37                 38                 39        
    0     -2.6976460000E-04   1.1132448000E-03   7.9707000000E-06   2.9843608000E-03  -4.8388900000E-05
    1     -2.1597010000E-04  -8.6004690000E-04   1.2297627000E-03  -6.0352440000E-03   2.4518690000E-03
    2      1.1796280000E-04  -5.5042598000E-03   9.6402500000E-05  -1.9215007300E-02  -5.2544822000E-03
    3      8.2083580000E-04  -4.1852189000E-03   1.4245810000E-04  -9.1531579000E-03  -2.3499422000E-03
    4      4.5473860000E-04  -6.0976280000E-04  -1.3466764000E-03  -1.5427293000E-03  -2.2787118000E-03
    5     -5.4312729000E-03   1.5007385000E-03  -7.2649860000E-04   4.5965547000E-03   3.4412580000E-03
    6     -2.6210104000E-03   2.3644745000E-03  -4.6302430000E-04   6.6430852000E-03   1.9688339000E-03
    7     -4.9992820000E-04   1.9303829000E-03  -3.3808300000E-04   4.9509603000E-03   1.4696632000E-03
    8      2.7394050000E-04   4.9122900000E-05   8.0597480000E-04  -1.8492860000E-04   8.7251630000E-04
    9      5.0538942100E-02  -9.1275510000E-04  -1.6569040000E-04  -2.6223476000E-03  -1.2636898000E-03
   10     -6.2647976500E-02  -5.1727700000E-05  -8.1149360000E-04   5.7903000000E-04   2.0073830000E-04
   11     -5.6124483900E-02  -2.4836692000E-03  -1.2890410000E-04  -3.5328884000E-03  -1.7279697000E-03
   12     -1.4320441000E-03  -3.3487208400E-02  -7.8648198000E-03  -1.2805966100E-02  -5.6462144000E-03
   13      4.8728370000E-04   7.7628649000E-03   7.0827304000E-03  -8.3217114000E-03  -2.7633477200E-02
   14      1.9608890000E-04   7.3720059000E-03   1.8952543000E-03   6.3355982000E-03  -6.0112940000E-04
   15     -6.8018220000E-04  -1.7581514670E-01   8.7096966500E-02   1.2524696800E-01  -3.8377073300E-02
   16      2.8733990000E-04   9.1607155700E-02  -9.4539796900E-02  -5.5235909600E-02  -1.6817294800E-02
   17     -1.5230420000E-04   1.0475240740E-01  -5.5910038800E-02  -7.5374678000E-02   1.0393402200E-02
   18     -1.6409200000E-04  -3.3121000000E-05  -2.1843590000E-04   3.0853800000E-05   1.2054500000E-04
   19     -3.4054500000E-05   1.6712170000E-04   1.4714980000E-04  -8.2165700000E-05   3.9001900000E-05
   20      8.5336440000E-04  -6.1929650000E-04  -3.9210700000E-05  -7.5127640000E-04  -7.5775870000E-04
   21     -2.5570320000E-04   5.8247750000E-04   1.0057500000E-05   2.8758200000E-04  -2.2170960000E-04
   22      1.0352910000E-04   7.0837300000E-05   6.8627640000E-04   9.8290100000E-05   7.2923600000E-05
   23      3.1596850000E-04  -8.5835690000E-04   3.3354000000E-04   1.9924780000E-04  -8.2825390000E-04
   24      2.0090360000E-04  -5.8956300000E-05  -2.7013410000E-04  -2.0935020000E-04   4.6874500000E-05
   25      1.8872800000E-04  -3.0736540000E-04   3.5008770000E-04   2.0599730000E-04  -2.5548100000E-05
   26      4.3944660000E-04   3.0900450000E-04  -5.8616240000E-04  -4.4623100000E-05   3.1355330000E-04
   27     -9.9565890000E-04   3.5033540000E-04  -6.5125300000E-05   1.0217070000E-04  -2.4682400000E-05
   28     -4.2205280000E-04  -1.2297710000E-04   3.4048420000E-04   2.3483000000E-04   2.2522800000E-05
   29      1.0647250700E-02   2.7029100000E-05   5.3973750000E-04   2.2600370000E-04  -3.1789200000E-05
   30      2.0564400000E-04   5.8987560000E-04   6.5132900000E-05   4.4686000000E-06   1.2571970000E-04
   31     -1.2807454000E-03  -4.8689230000E-04   8.0203630000E-04  -5.2950500000E-05  -1.0514810000E-04
   32      6.2735595000E-03   4.2551580000E-04   1.8359360000E-04   3.4747440000E-04   3.4842250000E-04
   33     -4.7448271000E-02   4.1793270000E-04  -2.8148990000E-04   4.3222500000E-05   4.8558410000E-04
   34      6.3495029700E-02  -4.9605340000E-04   6.7588240000E-04   2.5149990000E-04  -1.2490180000E-04
   35      4.2586499100E-02   4.6899500000E-04   1.7498420000E-04  -9.6601800000E-05   3.7155320000E-04
   36      4.6899500000E-04   2.1162674500E-01  -1.0338265440E-01  -1.0791895820E-01  -5.3276360000E-04
   37      1.7498420000E-04  -1.0338265440E-01   1.1053543830E-01   6.4407218400E-02   2.6033057900E-02
   38     -9.6601800000E-05  -1.0791895820E-01   6.4407218400E-02   8.6828296200E-02  -7.0865230000E-04
