
$orca_hessian_file

$act_atom
  0

$act_coord
  0

$act_energy
      -21.696013

$multiplicity
  1

$hessian
48
                    0                  1                  2                  3                  4        
    0      6.8588368460E-01   2.8370273300E-02   1.6297627160E-01  -3.7886597010E-01   2.8149725400E-02
    1      2.8370273300E-02   3.1618950460E-01  -4.2772955700E-02   1.5789061000E-03  -6.6643999200E-02
    2      1.6297627160E-01  -4.2772955700E-02   1.4946584910E-01  -5.8608748900E-02  -5.9220263000E-03
    3     -3.7886597010E-01   1.5789061000E-03  -5.8608748900E-02   6.4808858390E-01  -1.0096862000E-02
    4      2.8149725400E-02  -6.6643999200E-02  -5.9220263000E-03  -1.0096862000E-02   5.9553723720E-01
    5      1.1007367710E-01  -4.0750680000E-04  -1.6162819300E-02  -9.3752216000E-03  -2.1541154800E-02
    6     -2.1041155800E-02  -2.5470069500E-02   8.0437052000E-03  -1.1325779570E-01  -9.8854844400E-02
    7     -5.6327160000E-04   1.0497207000E-03   9.3947126000E-03  -9.8632182100E-02  -2.4976665630E-01
    8     -9.8405136000E-03  -2.0711083000E-03   5.0768886000E-03   1.7367319500E-02   2.1074484500E-02
    9     -1.0945173000E-03  -3.9647671000E-03  -2.1603563300E-02  -4.3032525100E-02  -1.5504658600E-02
   10     -8.2381600000E-04  -2.5061139000E-03  -4.9046170000E-04  -2.6103232000E-02  -1.1120059000E-03
   11      9.3641139000E-03   2.6849277000E-03   1.7211553300E-02   1.1143614600E-02   4.0660746000E-03
   12      1.4783286400E-02  -6.6858830000E-04   1.2031131000E-03  -1.8679117700E-02  -1.5246436900E-02
   13      3.9110771000E-03  -2.3885400000E-03  -4.9570200000E-05  -7.8717380000E-03  -1.0207046000E-03
   14     -7.4583305000E-03   3.9580360000E-04   4.8020301000E-03  -1.4550756800E-02  -1.6603162900E-02
   15      4.8502954000E-03  -2.9408580000E-04   1.8449762600E-02   2.5440751700E-02   1.4912225200E-02
   16     -2.3232929000E-02   3.4306386000E-03   6.2708977000E-03   1.6988334300E-02  -6.1854729000E-03
   17     -1.0008793070E-01   1.0389213800E-02  -4.1123317000E-03   5.9851786200E-02   1.0180433600E-02
   18     -1.5062195560E-01  -1.1017279550E-01  -4.4541417700E-02  -1.5981736700E-02  -2.7011800500E-02
   19     -1.1904486290E-01  -1.4427068720E-01  -4.8389831500E-02   1.3345388000E-03   4.2116600000E-05
   20     -5.9622102300E-02  -5.5137680400E-02  -4.5587120500E-02   4.7711963000E-03   2.4449297000E-03
   21     -1.3090828700E-01   8.4000362400E-02  -7.9009345000E-02  -1.8187958400E-02   2.3613471900E-02
   22      8.5529055900E-02  -1.0435672760E-01   7.7060279000E-02   3.8595564000E-03  -3.8581044000E-03
   23     -1.0465761870E-01   8.5800888600E-02  -9.6890867800E-02   7.2510268000E-03  -4.3594690000E-04
   24     -2.0849829500E-02   2.1458263400E-02  -7.5329621000E-03  -9.9154587900E-02   1.0680898210E-01
   25      4.6985416000E-03   1.1838277000E-03   2.2786851000E-03   1.0723019270E-01  -2.3887156610E-01
   26     -7.6161106000E-03   4.0046379000E-03   3.1766466000E-03  -3.0742920000E-04   1.0444803500E-02
   27      2.9159760000E-04  -4.8315930000E-04   1.7328720000E-04   5.7074567000E-03  -1.0664646400E-02
   28      1.1963585000E-03   2.3209013000E-03   6.6025160000E-04   1.0371740600E-02  -2.7668753600E-02
   29      1.0246220000E-04   1.0879885000E-03   4.4927930000E-04   1.5781985000E-03  -2.6336560000E-04
   30     -1.0003330000E-03   6.6932380000E-04   1.3121649000E-03  -4.0438533000E-03   1.8378329000E-03
   31     -2.2324280000E-04   8.2008200000E-05  -1.2299460000E-04  -2.4697874000E-03  -1.1709183000E-03
   32      2.1170905000E-03   2.6498735000E-03   2.4734578000E-03   3.6059010000E-03   1.2444980000E-03
   33      5.6858950000E-04  -1.4860609000E-03   6.8248800000E-04   2.4691454000E-03   6.8958900000E-04
   34     -5.6962740000E-04   8.3124180000E-04  -3.8950440000E-04  -7.3616700000E-05  -1.3500203000E-03
   35      1.3566182000E-03  -8.1982260000E-04   3.7562860000E-03  -1.3167910000E-04  -3.8653090000E-04
   36     -8.0953208000E-03   2.0619757000E-03   7.5839940000E-04   2.5949464000E-03   6.2917800000E-05
   37     -6.7895465000E-03   2.5605272000E-03   5.2551333000E-03   5.2124019000E-03  -8.5150060000E-04
   38     -7.7621981000E-03  -9.5773300000E-04  -5.0698990000E-03   7.5549160000E-04  -8.5880640000E-04
   39      4.2393489000E-03   1.5199482000E-03   5.8044794000E-03   1.8874607000E-03  -9.5799460000E-04
   40      7.2022511000E-03  -3.6050857000E-03  -8.3903860000E-04  -2.5774125000E-03   1.6782817000E-03
   41      1.5130534900E-02  -1.5716901000E-03  -4.6467574000E-03  -9.6264903000E-03   3.0061527000E-03
   42      3.4565065000E-03  -7.4188920000E-04   5.6176515000E-03   2.4473200000E-03   1.0114550000E-04
   43      4.8223392000E-03  -2.3718015000E-03   2.3002283000E-03   1.9595845000E-03   6.8026790000E-04
   44      1.2289891000E-03  -1.6266518000E-03  -3.2283501000E-03  -2.8827609000E-03  -3.5304635000E-03
   45     -1.5959396000E-03   3.6223627000E-03   6.2747141000E-03   2.5678801000E-03   2.1613535000E-03
   46     -1.2632325900E-02  -1.5054151000E-03  -4.2438047000E-03  -7.1042460000E-04   5.6179880000E-04
   47     -5.3049529000E-03  -1.6481849000E-03  -1.0713845100E-02  -1.0841447700E-02  -2.9199193000E-03
                    5                  6                  7                  8                  9        
    0      1.1007367710E-01  -2.1041155800E-02  -5.6327160000E-04  -9.8405136000E-03  -1.0945173000E-03
    1     -4.0750680000E-04  -2.5470069500E-02   1.0497207000E-03  -2.0711083000E-03  -3.9647671000E-03
    2     -1.6162819300E-02   8.0437052000E-03   9.3947126000E-03   5.0768886000E-03  -2.1603563300E-02
    3     -9.3752216000E-03  -1.1325779570E-01  -9.8632182100E-02   1.7367319500E-02  -4.3032525100E-02
    4     -2.1541154800E-02  -9.8854844400E-02  -2.4976665630E-01   2.1074484500E-02  -1.5504658600E-02
    5     -4.9930296900E-02  -2.8837551800E-02  -2.0825570900E-02  -1.9539455100E-02   6.4338287000E-03
    6     -2.8837551800E-02   6.7494320780E-01   3.4291115000E-03  -3.3305384100E-02  -3.8345545430E-01
    7     -2.0825570900E-02   3.4291115000E-03   5.9461165530E-01  -9.0524365000E-03   1.9386816400E-02
    8     -1.9539455100E-02  -3.3305384100E-02  -9.0524365000E-03   3.6360985500E-02  -5.2591994200E-02
    9      6.4338287000E-03  -3.8345545430E-01   1.9386816400E-02  -5.2591994200E-02   6.7838975810E-01
   10      8.1738240000E-04  -2.3184914000E-03  -6.9935214300E-02  -2.0452444000E-03   2.7740962900E-02
   11     -1.6772422000E-03   5.1547620900E-02  -5.2187337000E-03  -2.8889837000E-02  -2.1579886190E-01
   12     -4.8673953300E-02  -4.5679424000E-03   1.0186353000E-03   1.6042845500E-02  -1.0860600100E-02
   13     -2.1717081600E-02   1.1885846500E-02  -8.9160105000E-03  -3.1285215900E-02  -2.9778746600E-02
   14     -1.0632867600E-02  -2.0965632300E-02   1.0614583600E-02   4.1966896900E-02   8.5950548900E-02
   15     -2.6079831400E-02  -2.9527914700E-02  -2.0038883600E-02   4.8198011300E-02   3.9990950700E-02
   16      4.0911967700E-02  -4.0346116000E-03   1.0492356000E-03   2.1138499700E-02   1.0268582200E-02
   17      1.1911591180E-01   2.8100542200E-02   1.9864427400E-02  -2.1320600500E-02   2.3490639700E-02
   18     -2.0516160000E-03  -4.8572874000E-03   2.5628039000E-03  -1.1235845000E-03  -2.0721950000E-04
   19      1.6079057000E-03  -2.1220052000E-03  -1.0626682000E-03  -1.3271580000E-04  -6.6171800000E-04
   20      7.0316560000E-04  -1.9686080000E-04  -4.3066670000E-04   3.3564840000E-03  -3.0705933000E-03
   21     -1.3507775500E-02   2.6273264000E-03   6.2680520000E-04   2.6693904000E-03   1.5154073000E-03
   22      2.3458909000E-03   4.6842870000E-04  -1.2213578000E-03  -1.0631400000E-05  -4.6774800000E-05
   23      1.6815492600E-02   3.0445676000E-03   2.4660825000E-03  -4.2065814000E-03  -2.3645894000E-03
   24     -4.6803030000E-03   6.0278440000E-03  -1.0088136300E-02   1.8302800000E-04   6.8550490000E-04
   25      9.0213601000E-03   1.0566334500E-02  -2.5862535700E-02   1.5568424000E-03   1.1767313000E-03
   26     -2.4788222000E-02  -1.0889066000E-03   3.0520490000E-03   2.0658297000E-03   6.7407510000E-04
   27      9.2737410000E-04  -9.9505132600E-02   1.0849767440E-01   5.2286458000E-03  -2.2348612600E-02
   28     -7.1761400000E-04   1.0738153830E-01  -2.3683426780E-01  -7.9712363000E-03   4.7428780000E-03
   29      3.4905720000E-04   4.5662820000E-04  -1.0211358800E-02  -2.6386774900E-02   8.5915742000E-03
   30      4.4777446000E-03  -1.4804097400E-02  -2.7891203400E-02   6.6363873000E-03  -1.2361008580E-01
   31     -7.7630200000E-04   1.7846515000E-03  -1.0201164000E-03  -2.3697545000E-03  -1.0980737740E-01
   32      6.2201348000E-03  -6.3930457000E-03   3.4665680000E-04   3.3875230000E-03   6.6583330500E-02
   33     -1.1536851000E-03  -1.7787041100E-02   2.3128905500E-02   1.3878647800E-02  -1.3300467940E-01
   34      7.7411370000E-04   1.5002596000E-03  -2.9375185000E-03   8.6102330000E-04   8.5852249000E-02
   35     -3.1250714000E-03  -7.9604292000E-03  -2.9081559000E-03   1.0699400600E-02   1.1083557880E-01
   36      1.3702875200E-02   2.2873236000E-03   1.4438686000E-03  -1.8687102000E-03   3.1217420000E-04
   37      8.1096878000E-03  -6.0193140000E-04  -1.1633373000E-03   2.0535319000E-03   2.8429442000E-03
   38      1.4900787500E-02   4.3531905000E-03   4.8744372000E-03  -5.8692428000E-03  -6.0215997000E-03
   39     -3.1417283000E-03  -2.4058430000E-04  -1.7793780000E-04  -3.2283030000E-03  -1.4522594000E-03
   40     -6.4012314000E-03  -1.7323990000E-04   6.3724320000E-04  -1.1756138000E-03  -9.5195220000E-04
   41     -2.4394642700E-02   6.0642072000E-03   9.2485500000E-04  -1.4097185000E-02  -9.1928545000E-03
   42     -1.6815845000E-03   2.1765185000E-03  -4.9559710000E-04  -7.1470317000E-03  -4.8651903000E-03
   43     -5.0817030000E-04   4.0997371000E-03  -5.1480220000E-04  -5.1969978000E-03  -4.4206563000E-03
   44     -3.7161552000E-03  -1.5227121000E-03  -6.3997380000E-04   6.2394881000E-03   3.8063405000E-03
   45      3.5677509000E-03   9.8218530000E-04  -2.2074089000E-03  -1.0987542000E-03   3.0373487000E-03
   46      9.3063236000E-03  -7.5407144000E-03   1.8866302000E-03   1.4626572900E-02   1.3125487100E-02
   47     -4.1377771000E-03  -1.3399391000E-03  -2.2509079000E-03   1.1156180000E-02   4.2781399000E-03
                   10                 11                 12                 13                 14        
    0     -8.2381600000E-04   9.3641139000E-03   1.4783286400E-02   3.9110771000E-03  -7.4583305000E-03
    1     -2.5061139000E-03   2.6849277000E-03  -6.6858830000E-04  -2.3885400000E-03   3.9580360000E-04
    2     -4.9046170000E-04   1.7211553300E-02   1.2031131000E-03  -4.9570200000E-05   4.8020301000E-03
    3     -2.6103232000E-02   1.1143614600E-02  -1.8679117700E-02  -7.8717380000E-03  -1.4550756800E-02
    4     -1.1120059000E-03   4.0660746000E-03  -1.5246436900E-02  -1.0207046000E-03  -1.6603162900E-02
    5      8.1738240000E-04  -1.6772422000E-03  -4.8673953300E-02  -2.1717081600E-02  -1.0632867600E-02
    6     -2.3184914000E-03   5.1547620900E-02  -4.5679424000E-03   1.1885846500E-02  -2.0965632300E-02
    7     -6.9935214300E-02  -5.2187337000E-03   1.0186353000E-03  -8.9160105000E-03   1.0614583600E-02
    8     -2.0452444000E-03  -2.8889837000E-02   1.6042845500E-02  -3.1285215900E-02   4.1966896900E-02
    9      2.7740962900E-02  -2.1579886190E-01  -1.0860600100E-02  -2.9778746600E-02   8.5950548900E-02
   10      3.1998233540E-01   1.3275694500E-02  -3.8022496000E-03   8.0974491000E-03   7.5708491000E-03
   11      1.3275694500E-02   2.1344898260E-01   2.6860878200E-02   8.3048452000E-03  -4.3034456800E-02
   12     -3.8022496000E-03   2.6860878200E-02   5.2448812070E-01   3.8376848100E-02   1.1768102460E-01
   13      8.0974491000E-03   8.3048452000E-03   3.8376848100E-02   2.8221845210E-01   1.7176457900E-02
   14      7.5708491000E-03  -4.3034456800E-02   1.1768102460E-01   1.7176457900E-02   3.2195049720E-01
   15     -6.7978660000E-04  -1.5239722500E-02  -3.2320322000E-01  -7.4069787100E-02  -4.8788988700E-02
   16     -1.5970200000E-03  -5.5950992000E-03  -8.0462063000E-02  -7.5414810500E-02  -2.7498060000E-02
   17      2.5918696000E-03  -1.6502814600E-02   3.5524992200E-02   1.0793548100E-02  -5.4135430800E-02
   18      1.7234560000E-04  -8.8588820000E-04   4.3640190000E-04   1.2120084000E-03  -6.9585260000E-04
   19      2.6389960000E-04   1.9376400000E-04  -1.8244960000E-04  -2.0651150000E-04   1.1201980000E-03
   20     -2.0157826000E-03   1.0855814000E-03   3.2249408000E-03   2.3304282000E-03   3.9498587000E-03
   21     -1.5532707000E-03   6.8680100000E-05   6.4164590000E-04   5.6655570000E-04   8.1415590000E-04
   22      1.4200264000E-03   5.6885890000E-04  -6.6155900000E-05  -5.2279890000E-04  -1.2191384000E-03
   23      1.5178205000E-03   1.6268573000E-03   2.7859634000E-03  -2.1831780000E-04  -3.3501929000E-03
   24     -2.4294990000E-04  -2.1457140000E-04  -6.9635700000E-05  -4.1733520000E-04   1.2283728000E-03
   25      2.5379668000E-03  -3.8403300000E-04   3.4304610000E-04  -1.4298997000E-03  -4.0425730000E-04
   26     -1.6992769000E-03  -9.3556980000E-04   1.1732641000E-03   9.3039270000E-04  -9.4528730000E-04
   27      2.1345324200E-02   8.0425513000E-03  -1.1998923000E-03   2.7985714000E-03  -2.9783671000E-03
   28      1.6323168000E-03  -2.0170023000E-03   4.8141650000E-04  -2.0845730000E-03   1.6991952000E-03
   29     -3.5095978000E-03   1.2980678000E-03  -3.8585442000E-03   7.4130379000E-03  -9.1258775000E-03
   30     -9.7785276100E-02   5.0018770300E-02  -4.5062690000E-04   1.4135850000E-04  -1.4011045000E-03
   31     -1.5649718000E-01   6.2091481600E-02   5.3944460000E-04  -1.5900931000E-03   3.1934740000E-04
   32      6.9330303900E-02  -5.5106842500E-02   2.6234610000E-04  -1.3541071000E-03  -7.3291519000E-03
   33      8.2322672000E-02   8.3852985600E-02  -1.0342472000E-03   2.5221459000E-03  -2.7260361000E-03
   34     -9.5624402500E-02  -7.7596603100E-02   2.0512980000E-04  -1.4864988000E-03   1.7008989000E-03
   35     -8.6255411100E-02  -9.9544222500E-02   1.4363500000E-05   8.4093843000E-03  -1.2471650100E-02
   36     -3.5355000000E-04  -2.0847550000E-04  -3.3346398300E-02   1.4909089100E-02   1.0624818300E-02
   37     -2.2667680000E-03  -4.3691100000E-04  -1.0678195500E-02   4.3921881000E-03   2.0891071000E-03
   38      1.0190578000E-03   3.8174778000E-03   7.6303627000E-03  -3.6065636000E-03   6.6984296000E-03
   39      1.6208200000E-03  -2.3231688000E-03  -1.7005563200E-02  -3.2837351000E-02   7.1392335000E-03
   40     -1.3622926000E-03  -4.5968230000E-04  -4.8664913000E-03  -1.0231286900E-02   4.5992996000E-03
   41     -1.6900720000E-03  -5.9821870000E-04  -5.6900145000E-03   3.4458770000E-04   1.0953930100E-02
   42      3.3929788000E-03  -3.2170457000E-03  -1.0114618500E-01   5.0392128200E-02  -1.2502855860E-01
   43      3.4910970000E-04  -2.6435829000E-03   6.3483961100E-02  -2.6163049700E-02   1.2481303600E-01
   44     -3.0419407000E-03   3.3482362000E-03  -1.4909703630E-01   1.2056001720E-01  -1.5751263260E-01
   45     -2.9324813000E-03  -3.0114809000E-03  -2.8786026000E-02   1.8259329300E-02   1.1554731000E-03
   46     -3.3821065000E-03   3.1660009000E-03   1.1524148600E-02  -1.6325331210E-01  -1.2637415780E-01
   47      4.6248094000E-03   4.4524476000E-03  -5.0845460000E-03  -1.1803184290E-01  -9.1784095200E-02
                   15                 16                 17                 18                 19        
    0      4.8502954000E-03  -2.3232929000E-02  -1.0008793070E-01  -1.5062195560E-01  -1.1904486290E-01
    1     -2.9408580000E-04   3.4306386000E-03   1.0389213800E-02  -1.1017279550E-01  -1.4427068720E-01
    2      1.8449762600E-02   6.2708977000E-03  -4.1123317000E-03  -4.4541417700E-02  -4.8389831500E-02
    3      2.5440751700E-02   1.6988334300E-02   5.9851786200E-02  -1.5981736700E-02   1.3345388000E-03
    4      1.4912225200E-02  -6.1854729000E-03   1.0180433600E-02  -2.7011800500E-02   4.2116600000E-05
    5     -2.6079831400E-02   4.0911967700E-02   1.1911591180E-01  -2.0516160000E-03   1.6079057000E-03
    6     -2.9527914700E-02  -4.0346116000E-03   2.8100542200E-02  -4.8572874000E-03  -2.1220052000E-03
    7     -2.0038883600E-02   1.0492356000E-03   1.9864427400E-02   2.5628039000E-03  -1.0626682000E-03
    8      4.8198011300E-02   2.1138499700E-02  -2.1320600500E-02  -1.1235845000E-03  -1.3271580000E-04
    9      3.9990950700E-02   1.0268582200E-02   2.3490639700E-02  -2.0721950000E-04  -6.6171800000E-04
   10     -6.7978660000E-04  -1.5970200000E-03   2.5918696000E-03   1.7234560000E-04   2.6389960000E-04
   11     -1.5239722500E-02  -5.5950992000E-03  -1.6502814600E-02  -8.8588820000E-04   1.9376400000E-04
   12     -3.2320322000E-01  -8.0462063000E-02   3.5524992200E-02   4.3640190000E-04  -1.8244960000E-04
   13     -7.4069787100E-02  -7.5414810500E-02   1.0793548100E-02   1.2120084000E-03  -2.0651150000E-04
   14     -4.8788988700E-02  -2.7498060000E-02  -5.4135430800E-02  -6.9585260000E-04   1.1201980000E-03
   15      4.9578782430E-01   8.8488493400E-02  -1.1628081400E-01  -1.2321971000E-03   7.8484040000E-04
   16      8.8488493400E-02   3.5099739020E-01  -6.8202857300E-02  -2.4643590000E-04  -7.4347910000E-04
   17     -1.1628081400E-01  -6.8202857300E-02   2.4106998110E-01  -1.5290520000E-03  -3.4088430000E-04
   18     -1.2321971000E-03  -2.4643590000E-04  -1.5290520000E-03   1.5369233260E-01   1.3037526540E-01
   19      7.8484040000E-04  -7.4347910000E-04  -3.4088430000E-04   1.3037526540E-01   2.1501997610E-01
   20      3.8888448000E-03   2.7475218000E-03  -1.1752506000E-03   5.0487124200E-02   2.8796477800E-02
   21     -2.4137387000E-03   4.5521620000E-04   5.8913500000E-04   1.6356924600E-02  -8.8213954000E-03
   22     -3.9894770000E-04  -9.7855660000E-04  -2.7997828000E-03   2.0967791000E-03  -7.5854210100E-02
   23      3.8679978000E-03  -4.7430220000E-03  -1.5216708600E-02  -8.6913180000E-04   1.8587939000E-02
   24     -1.6934060000E-04   1.9717209000E-03   3.5232490000E-03   3.3258540000E-03   2.9859200000E-05
   25      2.0967770000E-04  -1.6214442000E-03  -2.9916777000E-03  -5.9597130000E-04   4.4921410000E-04
   26      4.8634869000E-03  -6.1862049000E-03  -1.2700586400E-02   1.4874569000E-03  -1.8375050000E-04
   27     -7.9737420000E-04  -6.0729700000E-04  -1.1176297000E-03  -1.1089258000E-03  -6.1385670000E-04
   28     -7.7074700000E-05  -7.9408690000E-04  -8.8065890000E-04   2.3641080000E-04  -4.2395070000E-04
   29     -2.6956734000E-03  -1.2031209000E-03  -1.3852439000E-03   1.2696850000E-04  -9.9693770000E-04
   30     -2.1719475000E-03   3.2019880000E-04  -2.3590024000E-03  -2.3909603000E-03   9.9212260000E-04
   31      1.2646410000E-03  -6.6106730000E-04   7.5859020000E-04   9.0910040000E-04   1.4809320000E-04
   32     -7.3042348000E-03  -3.6885386000E-03  -1.8320158000E-03  -8.9359580000E-04   7.8830500000E-04
   33     -1.0865155000E-03  -7.0184740000E-04  -3.3839420000E-03   4.4165330000E-04  -1.6349445000E-03
   34      1.6388717000E-03  -6.9925390000E-04  -7.0745020000E-04   1.2780586000E-03   8.7612210000E-04
   35     -7.7302673000E-03  -1.1388063000E-03  -6.7966841000E-03  -1.0222189000E-03  -6.0870160000E-04
   36     -1.1676220730E-01   5.5491099800E-02   9.3739028500E-02  -8.0271000000E-05   1.0563365000E-03
   37      6.6053659200E-02  -6.5346127200E-02  -8.6224510900E-02  -1.2377767000E-03   1.1947072000E-03
   38      1.1689281560E-01  -7.2096597600E-02  -1.4163925890E-01   2.0608050000E-04   5.0641810000E-04
   39     -3.4930935900E-02  -2.6830653400E-02   1.8803203100E-02   1.8911854000E-03  -1.3818439000E-03
   40     -4.0928046100E-02  -1.8041700980E-01   1.2555848320E-01  -6.3587590000E-04   1.0290077000E-03
   41      3.2871637900E-02   1.2571647200E-01  -9.0980169400E-02   4.5231730000E-04  -1.7439090000E-04
   42     -3.9836562600E-02   8.9220828000E-03  -9.2433101000E-03   2.2214630000E-03  -2.5849435000E-03
   43     -1.4356864200E-02   2.1913739000E-03  -4.9350586000E-03   5.9270200000E-04   2.0827243000E-03
   44      3.5380116000E-03   3.0807579000E-03   1.7448595000E-03   4.5810100000E-04  -1.0183721000E-03
   45     -1.3937868000E-02  -4.6789891100E-02  -2.9620895100E-02  -1.8852612000E-03   2.4750568000E-03
   46     -2.2508932800E-02  -2.3210309700E-02  -1.3053685200E-02   4.6518160000E-04   1.4556459000E-03
   47     -8.4510364000E-03  -9.5138099000E-03   5.8663428000E-03   3.9430920000E-04   2.4457680000E-04
                   20                 21                 22                 23                 24        
    0     -5.9622102300E-02  -1.3090828700E-01   8.5529055900E-02  -1.0465761870E-01  -2.0849829500E-02
    1     -5.5137680400E-02   8.4000362400E-02  -1.0435672760E-01   8.5800888600E-02   2.1458263400E-02
    2     -4.5587120500E-02  -7.9009345000E-02   7.7060279000E-02  -9.6890867800E-02  -7.5329621000E-03
    3      4.7711963000E-03  -1.8187958400E-02   3.8595564000E-03   7.2510268000E-03  -9.9154587900E-02
    4      2.4449297000E-03   2.3613471900E-02  -3.8581044000E-03  -4.3594690000E-04   1.0680898210E-01
    5      7.0316560000E-04  -1.3507775500E-02   2.3458909000E-03   1.6815492600E-02  -4.6803030000E-03
    6     -1.9686080000E-04   2.6273264000E-03   4.6842870000E-04   3.0445676000E-03   6.0278440000E-03
    7     -4.3066670000E-04   6.2680520000E-04  -1.2213578000E-03   2.4660825000E-03  -1.0088136300E-02
    8      3.3564840000E-03   2.6693904000E-03  -1.0631400000E-05  -4.2065814000E-03   1.8302800000E-04
    9     -3.0705933000E-03   1.5154073000E-03  -4.6774800000E-05  -2.3645894000E-03   6.8550490000E-04
   10     -2.0157826000E-03  -1.5532707000E-03   1.4200264000E-03   1.5178205000E-03  -2.4294990000E-04
   11      1.0855814000E-03   6.8680100000E-05   5.6885890000E-04   1.6268573000E-03  -2.1457140000E-04
   12      3.2249408000E-03   6.4164590000E-04  -6.6155900000E-05   2.7859634000E-03  -6.9635700000E-05
   13      2.3304282000E-03   5.6655570000E-04  -5.2279890000E-04  -2.1831780000E-04  -4.1733520000E-04
   14      3.9498587000E-03   8.1415590000E-04  -1.2191384000E-03  -3.3501929000E-03   1.2283728000E-03
   15      3.8888448000E-03  -2.4137387000E-03  -3.9894770000E-04   3.8679978000E-03  -1.6934060000E-04
   16      2.7475218000E-03   4.5521620000E-04  -9.7855660000E-04  -4.7430220000E-03   1.9717209000E-03
   17     -1.1752506000E-03   5.8913500000E-04  -2.7997828000E-03  -1.5216708600E-02   3.5232490000E-03
   18      5.0487124200E-02   1.6356924600E-02   2.0967791000E-03  -8.6913180000E-04   3.3258540000E-03
   19      2.8796477800E-02  -8.8213954000E-03  -7.5854210100E-02   1.8587939000E-02   2.9859200000E-05
   20      2.2493585100E-02   1.3311280000E-03   2.0326649000E-02   1.9002081600E-02   4.1934420000E-04
   21      1.3311280000E-03   1.3236132610E-01  -9.4366892000E-02   8.9696392900E-02  -5.2531892000E-03
   22      2.0326649000E-02  -9.4366892000E-02   1.7962395530E-01  -9.8362979900E-02   4.0918674000E-03
   23      1.9002081600E-02   8.9696392900E-02  -9.8362979900E-02   7.3048732500E-02   2.9447823000E-03
   24      4.1934420000E-04  -5.2531892000E-03   4.0918674000E-03   2.9447823000E-03   1.1574999940E-01
   25     -7.9487480000E-04  -5.5648150000E-04  -5.8506800000E-04  -3.8210160000E-04  -1.1975259650E-01
   26     -3.6654773000E-03  -2.9809040000E-03   2.0617634000E-03   5.4919475000E-03   4.4146123000E-03
   27      2.1813790000E-04   1.0540626000E-03  -7.9939000000E-04  -2.7147670000E-04  -1.0727266000E-03
   28     -6.7848740000E-04  -2.4537800000E-05  -2.6004840000E-04   6.1505430000E-04  -2.5958702000E-03
   29     -9.9616870000E-04   6.7863400000E-05  -4.7350720000E-04   1.0478187000E-03   1.7776550000E-04
   30      7.7370660000E-04   6.2261400000E-04   1.1269519000E-03   8.7072610000E-04  -1.0619465000E-03
   31     -7.0109330000E-04  -1.5271568000E-03   1.2152724000E-03   8.1678700000E-04  -6.4538200000E-04
   32      6.5989620000E-04  -5.1361470000E-04   9.4909970000E-04   2.0177081000E-03  -2.7489760000E-04
   33      6.0853470000E-04  -2.7878520000E-04  -1.7402890000E-03   4.9522200000E-04   1.1112948000E-03
   34     -1.0152752000E-03  -1.7325208000E-03   6.7113520000E-04   1.1276969000E-03  -5.6973820000E-04
   35      2.0272621000E-03  -4.1501450000E-04  -1.1800645000E-03   4.9933840000E-04   2.4559340000E-04
   36     -1.2485328000E-03   7.7881560000E-04   1.1593552000E-03  -2.0755133000E-03  -5.3766350000E-04
   37      9.4841730000E-04   1.1769767000E-03   1.3021825000E-03  -2.6901372000E-03   2.6473800000E-05
   38     -1.3182081000E-03  -1.1397910000E-04   8.9927970000E-04  -3.0601010000E-04  -1.1178380000E-04
   39     -2.7702680000E-04  -1.8165410000E-04  -7.2052760000E-04  -6.3836340000E-04   1.0322240000E-03
   40      1.0966669000E-03  -7.2884800000E-05   2.6764840000E-04   4.9631280000E-04   1.6805540000E-04
   41      1.0570106000E-03   2.9166910000E-04  -5.5040380000E-04   6.0778060000E-04  -1.8760870000E-04
   42     -1.0611856000E-03   4.1059820000E-04  -2.4831496000E-03  -3.0763020000E-04   1.8429857000E-03
   43      1.2123854000E-03  -1.6058739000E-03   9.6227760000E-04   2.1308000000E-06   2.2684580000E-04
   44      9.7871130000E-04   8.6854430000E-04  -1.9900844000E-03  -1.6537909000E-03   4.0675010000E-04
   45     -2.4665600000E-04   8.5489200000E-04   2.2901320000E-03   2.2764450000E-04  -1.6067872000E-03
   46      8.7038450000E-04  -1.7837420000E-04   2.1743739000E-03  -4.5982072000E-03  -4.7006000000E-04
   47     -2.5714114000E-03   1.4367370000E-04   2.3747718000E-03   1.4663944000E-03  -5.4137130000E-04
                   25                 26                 27                 28                 29        
    0      4.6985416000E-03  -7.6161106000E-03   2.9159760000E-04   1.1963585000E-03   1.0246220000E-04
    1      1.1838277000E-03   4.0046379000E-03  -4.8315930000E-04   2.3209013000E-03   1.0879885000E-03
    2      2.2786851000E-03   3.1766466000E-03   1.7328720000E-04   6.6025160000E-04   4.4927930000E-04
    3      1.0723019270E-01  -3.0742920000E-04   5.7074567000E-03   1.0371740600E-02   1.5781985000E-03
    4     -2.3887156610E-01   1.0444803500E-02  -1.0664646400E-02  -2.7668753600E-02  -2.6336560000E-04
    5      9.0213601000E-03  -2.4788222000E-02   9.2737410000E-04  -7.1761400000E-04   3.4905720000E-04
    6      1.0566334500E-02  -1.0889066000E-03  -9.9505132600E-02   1.0738153830E-01   4.5662820000E-04
    7     -2.5862535700E-02   3.0520490000E-03   1.0849767440E-01  -2.3683426780E-01  -1.0211358800E-02
    8      1.5568424000E-03   2.0658297000E-03   5.2286458000E-03  -7.9712363000E-03  -2.6386774900E-02
    9      1.1767313000E-03   6.7407510000E-04  -2.2348612600E-02   4.7428780000E-03   8.5915742000E-03
   10      2.5379668000E-03  -1.6992769000E-03   2.1345324200E-02   1.6323168000E-03  -3.5095978000E-03
   11     -3.8403300000E-04  -9.3556980000E-04   8.0425513000E-03  -2.0170023000E-03   1.2980678000E-03
   12      3.4304610000E-04   1.1732641000E-03  -1.1998923000E-03   4.8141650000E-04  -3.8585442000E-03
   13     -1.4298997000E-03   9.3039270000E-04   2.7985714000E-03  -2.0845730000E-03   7.4130379000E-03
   14     -4.0425730000E-04  -9.4528730000E-04  -2.9783671000E-03   1.6991952000E-03  -9.1258775000E-03
   15      2.0967770000E-04   4.8634869000E-03  -7.9737420000E-04  -7.7074700000E-05  -2.6956734000E-03
   16     -1.6214442000E-03  -6.1862049000E-03  -6.0729700000E-04  -7.9408690000E-04  -1.2031209000E-03
   17     -2.9916777000E-03  -1.2700586400E-02  -1.1176297000E-03  -8.8065890000E-04  -1.3852439000E-03
   18     -5.9597130000E-04   1.4874569000E-03  -1.1089258000E-03   2.3641080000E-04   1.2696850000E-04
   19      4.4921410000E-04  -1.8375050000E-04  -6.1385670000E-04  -4.2395070000E-04  -9.9693770000E-04
   20     -7.9487480000E-04  -3.6654773000E-03   2.1813790000E-04  -6.7848740000E-04  -9.9616870000E-04
   21     -5.5648150000E-04  -2.9809040000E-03   1.0540626000E-03  -2.4537800000E-05   6.7863400000E-05
   22     -5.8506800000E-04   2.0617634000E-03  -7.9939000000E-04  -2.6004840000E-04  -4.7350720000E-04
   23     -3.8210160000E-04   5.4919475000E-03  -2.7147670000E-04   6.1505430000E-04   1.0478187000E-03
   24     -1.1975259650E-01   4.4146123000E-03  -1.0727266000E-03  -2.5958702000E-03   1.7776550000E-04
   25      2.6550839370E-01  -8.7923809000E-03  -2.5641974000E-03  -3.6910195000E-03  -5.2622200000E-05
   26     -8.7923809000E-03   2.9016467300E-02  -1.7423600000E-05   7.6983780000E-04   2.5794482000E-03
   27     -2.5641974000E-03  -1.7423600000E-05   1.1929292180E-01  -1.1993055320E-01  -6.7209248000E-03
   28     -3.6910195000E-03   7.6983780000E-04  -1.1993055320E-01   2.6494037310E-01   6.9017118000E-03
   29     -5.2622200000E-05   2.5794482000E-03  -6.7209248000E-03   6.9017118000E-03   2.8746257400E-02
   30      1.5852120000E-04  -4.1887360000E-04   3.4172437000E-03  -8.0285290000E-04  -2.2091988000E-03
   31     -3.2220830000E-04   9.9880940000E-04  -5.6559900000E-05   4.8797770000E-04   5.2836000000E-06
   32      3.8559240000E-04  -1.4198012000E-03  -1.2262921000E-03   6.6174120000E-04  -4.6755752000E-03
   33      9.6712000000E-06   5.3230000000E-06  -5.2741709000E-03  -3.6608120000E-04   4.1490553000E-03
   34     -2.7582520000E-04   4.9098640000E-04   4.1709516000E-03  -5.0135820000E-04  -1.8802035000E-03
   35     -5.6315990000E-04   1.3421976000E-03  -1.9352770000E-03   6.9044190000E-04   6.8320540000E-03
   36     -5.6004640000E-04  -8.6177400000E-04   9.8077150000E-04  -2.8723000000E-06  -8.7395500000E-05
   37      5.9469520000E-04  -3.2546940000E-03   8.3313100000E-05   5.2096450000E-04   1.0607673000E-03
   38      5.3163440000E-04  -2.5335748000E-03  -3.9155540000E-04   6.3989720000E-04   1.5656683000E-03
   39      8.6510500000E-05   5.3229190000E-04  -3.0466120000E-04  -2.6127520000E-04  -3.6480560000E-04
   40      8.6847490000E-04  -4.8834400000E-04  -5.7924930000E-04   8.8908900000E-04   9.8886810000E-04
   41      8.2280100000E-05   3.2826572000E-03   5.1401260000E-04  -6.8038940000E-04  -3.5293700000E-04
   42      1.5262180000E-04   5.3004160000E-04  -8.5698040000E-04  -4.0426590000E-04   4.9037940000E-04
   43      5.3295640000E-04  -1.6982752000E-03  -2.3372130000E-04   8.0994700000E-04   3.1560466000E-03
   44     -1.0209883000E-03   1.9847952000E-03   8.3482800000E-05  -1.1620449000E-03  -2.8369860000E-03
   45     -6.0255540000E-04  -3.8913000000E-04   1.7244227000E-03   5.5040700000E-05   1.9564700000E-04
   46      9.8403790000E-04  -4.5035370000E-04  -3.6320420000E-04   6.5648870000E-04  -2.0229901000E-03
   47      1.5297011000E-03  -1.9514706000E-03  -5.2854530000E-04   1.4693022000E-03   2.8919123000E-03
                   30                 31                 32                 33                 34        
    0     -1.0003330000E-03  -2.2324280000E-04   2.1170905000E-03   5.6858950000E-04  -5.6962740000E-04
    1      6.6932380000E-04   8.2008200000E-05   2.6498735000E-03  -1.4860609000E-03   8.3124180000E-04
    2      1.3121649000E-03  -1.2299460000E-04   2.4734578000E-03   6.8248800000E-04  -3.8950440000E-04
    3     -4.0438533000E-03  -2.4697874000E-03   3.6059010000E-03   2.4691454000E-03  -7.3616700000E-05
    4      1.8378329000E-03  -1.1709183000E-03   1.2444980000E-03   6.8958900000E-04  -1.3500203000E-03
    5      4.4777446000E-03  -7.7630200000E-04   6.2201348000E-03  -1.1536851000E-03   7.7411370000E-04
    6     -1.4804097400E-02   1.7846515000E-03  -6.3930457000E-03  -1.7787041100E-02   1.5002596000E-03
    7     -2.7891203400E-02  -1.0201164000E-03   3.4665680000E-04   2.3128905500E-02  -2.9375185000E-03
    8      6.6363873000E-03  -2.3697545000E-03   3.3875230000E-03   1.3878647800E-02   8.6102330000E-04
    9     -1.2361008580E-01  -1.0980737740E-01   6.6583330500E-02  -1.3300467940E-01   8.5852249000E-02
   10     -9.7785276100E-02  -1.5649718000E-01   6.9330303900E-02   8.2322672000E-02  -9.5624402500E-02
   11      5.0018770300E-02   6.2091481600E-02  -5.5106842500E-02   8.3852985600E-02  -7.7596603100E-02
   12     -4.5062690000E-04   5.3944460000E-04   2.6234610000E-04  -1.0342472000E-03   2.0512980000E-04
   13      1.4135850000E-04  -1.5900931000E-03  -1.3541071000E-03   2.5221459000E-03  -1.4864988000E-03
   14     -1.4011045000E-03   3.1934740000E-04  -7.3291519000E-03  -2.7260361000E-03   1.7008989000E-03
   15     -2.1719475000E-03   1.2646410000E-03  -7.3042348000E-03  -1.0865155000E-03   1.6388717000E-03
   16      3.2019880000E-04  -6.6106730000E-04  -3.6885386000E-03  -7.0184740000E-04  -6.9925390000E-04
   17     -2.3590024000E-03   7.5859020000E-04  -1.8320158000E-03  -3.3839420000E-03  -7.0745020000E-04
   18     -2.3909603000E-03   9.0910040000E-04  -8.9359580000E-04   4.4165330000E-04   1.2780586000E-03
   19      9.9212260000E-04   1.4809320000E-04   7.8830500000E-04  -1.6349445000E-03   8.7612210000E-04
   20      7.7370660000E-04  -7.0109330000E-04   6.5989620000E-04   6.0853470000E-04  -1.0152752000E-03
   21      6.2261400000E-04  -1.5271568000E-03  -5.1361470000E-04  -2.7878520000E-04  -1.7325208000E-03
   22      1.1269519000E-03   1.2152724000E-03   9.4909970000E-04  -1.7402890000E-03   6.7113520000E-04
   23      8.7072610000E-04   8.1678700000E-04   2.0177081000E-03   4.9522200000E-04   1.1276969000E-03
   24     -1.0619465000E-03  -6.4538200000E-04  -2.7489760000E-04   1.1112948000E-03  -5.6973820000E-04
   25      1.5852120000E-04  -3.2220830000E-04   3.8559240000E-04   9.6712000000E-06  -2.7582520000E-04
   26     -4.1887360000E-04   9.9880940000E-04  -1.4198012000E-03   5.3230000000E-06   4.9098640000E-04
   27      3.4172437000E-03  -5.6559900000E-05  -1.2262921000E-03  -5.2741709000E-03   4.1709516000E-03
   28     -8.0285290000E-04   4.8797770000E-04   6.6174120000E-04  -3.6608120000E-04  -5.0135820000E-04
   29     -2.2091988000E-03   5.2836000000E-06  -4.6755752000E-03   4.1490553000E-03  -1.8802035000E-03
   30      1.2624640050E-01   1.1491114730E-01  -6.0036590700E-02   1.6509481500E-02   7.6687882000E-03
   31      1.1491114730E-01   2.3082701860E-01  -5.0483971900E-02  -3.2920003000E-03  -7.8575041300E-02
   32     -6.0036590700E-02  -5.0483971900E-02   3.2772557400E-02   9.0146550000E-04  -1.5616648500E-02
   33      1.6509481500E-02  -3.2920003000E-03   9.0146550000E-04   1.3556323710E-01  -9.7769308800E-02
   34      7.6687882000E-03  -7.8575041300E-02  -1.5616648500E-02  -9.7769308800E-02   1.7383678530E-01
   35      2.0547589000E-03  -1.1527507300E-02   2.1113343500E-02  -9.7206221500E-02   9.2560164100E-02
   36      1.5076924000E-03  -1.5411585000E-03   1.1035081000E-03   3.0412980000E-04  -1.7319599000E-03
   37      6.1363690000E-04   1.8878238000E-03  -1.0490453000E-03  -1.3426776000E-03   1.2081577000E-03
   38      7.0361200000E-05   7.3331410000E-04   1.9054009000E-03  -5.0350370000E-04   8.9371120000E-04
   39     -7.9993520000E-04   8.1105570000E-04   7.4877910000E-04   1.2905782000E-03   5.9134390000E-04
   40     -5.5454200000E-05   2.2370352000E-03  -7.3285900000E-04  -8.5952340000E-04   2.4428193000E-03
   41      3.3680890000E-04  -3.9765640000E-04  -4.4611230000E-04   7.1926690000E-04  -8.9298390000E-04
   42     -3.7957540000E-04   1.7911027000E-03   1.2280431000E-03   1.1618015000E-03   2.2388249000E-03
   43     -1.3674076000E-03   1.6572149000E-03  -5.5464350000E-04   1.1281453000E-03   2.6306216000E-03
   44      3.8050180000E-04  -1.5281268000E-03  -6.1311070000E-04   5.7474550000E-04  -1.6521667000E-03
   45      2.4099293000E-03  -2.4484780000E-03   9.1807700000E-05  -9.5447170000E-04  -2.6977056000E-03
   46     -5.3768800000E-04   1.2941808000E-03  -2.8762567000E-03  -6.0839570000E-04  -1.0469644000E-03
   47     -5.0716050000E-04   2.1837936000E-03   8.7258790000E-04  -8.9434600000E-04   1.3422409000E-03
                   35                 36                 37                 38                 39        
    0      1.3566182000E-03  -8.0953208000E-03  -6.7895465000E-03  -7.7621981000E-03   4.2393489000E-03
    1     -8.1982260000E-04   2.0619757000E-03   2.5605272000E-03  -9.5773300000E-04   1.5199482000E-03
    2      3.7562860000E-03   7.5839940000E-04   5.2551333000E-03  -5.0698990000E-03   5.8044794000E-03
    3     -1.3167910000E-04   2.5949464000E-03   5.2124019000E-03   7.5549160000E-04   1.8874607000E-03
    4     -3.8653090000E-04   6.2917800000E-05  -8.5150060000E-04  -8.5880640000E-04  -9.5799460000E-04
    5     -3.1250714000E-03   1.3702875200E-02   8.1096878000E-03   1.4900787500E-02  -3.1417283000E-03
    6     -7.9604292000E-03   2.2873236000E-03  -6.0193140000E-04   4.3531905000E-03  -2.4058430000E-04
    7     -2.9081559000E-03   1.4438686000E-03  -1.1633373000E-03   4.8744372000E-03  -1.7793780000E-04
    8      1.0699400600E-02  -1.8687102000E-03   2.0535319000E-03  -5.8692428000E-03  -3.2283030000E-03
    9      1.1083557880E-01   3.1217420000E-04   2.8429442000E-03  -6.0215997000E-03  -1.4522594000E-03
   10     -8.6255411100E-02  -3.5355000000E-04  -2.2667680000E-03   1.0190578000E-03   1.6208200000E-03
   11     -9.9544222500E-02  -2.0847550000E-04  -4.3691100000E-04   3.8174778000E-03  -2.3231688000E-03
   12      1.4363500000E-05  -3.3346398300E-02  -1.0678195500E-02   7.6303627000E-03  -1.7005563200E-02
   13      8.4093843000E-03   1.4909089100E-02   4.3921881000E-03  -3.6065636000E-03  -3.2837351000E-02
   14     -1.2471650100E-02   1.0624818300E-02   2.0891071000E-03   6.6984296000E-03   7.1392335000E-03
   15     -7.7302673000E-03  -1.1676220730E-01   6.6053659200E-02   1.1689281560E-01  -3.4930935900E-02
   16     -1.1388063000E-03   5.5491099800E-02  -6.5346127200E-02  -7.2096597600E-02  -2.6830653400E-02
   17     -6.7966841000E-03   9.3739028500E-02  -8.6224510900E-02  -1.4163925890E-01   1.8803203100E-02
   18     -1.0222189000E-03  -8.0271000000E-05  -1.2377767000E-03   2.0608050000E-04   1.8911854000E-03
   19     -6.0870160000E-04   1.0563365000E-03   1.1947072000E-03   5.0641810000E-04  -1.3818439000E-03
   20      2.0272621000E-03  -1.2485328000E-03   9.4841730000E-04  -1.3182081000E-03  -2.7702680000E-04
   21     -4.1501450000E-04   7.7881560000E-04   1.1769767000E-03  -1.1397910000E-04  -1.8165410000E-04
   22     -1.1800645000E-03   1.1593552000E-03   1.3021825000E-03   8.9927970000E-04  -7.2052760000E-04
   23      4.9933840000E-04  -2.0755133000E-03  -2.6901372000E-03  -3.0601010000E-04  -6.3836340000E-04
   24      2.4559340000E-04  -5.3766350000E-04   2.6473800000E-05  -1.1178380000E-04   1.0322240000E-03
   25     -5.6315990000E-04  -5.6004640000E-04   5.9469520000E-04   5.3163440000E-04   8.6510500000E-05
   26      1.3421976000E-03  -8.6177400000E-04  -3.2546940000E-03  -2.5335748000E-03   5.3229190000E-04
   27     -1.9352770000E-03   9.8077150000E-04   8.3313100000E-05  -3.9155540000E-04  -3.0466120000E-04
   28      6.9044190000E-04  -2.8723000000E-06   5.2096450000E-04   6.3989720000E-04  -2.6127520000E-04
   29      6.8320540000E-03  -8.7395500000E-05   1.0607673000E-03   1.5656683000E-03  -3.6480560000E-04
   30      2.0547589000E-03   1.5076924000E-03   6.1363690000E-04   7.0361200000E-05  -7.9993520000E-04
   31     -1.1527507300E-02  -1.5411585000E-03   1.8878238000E-03   7.3331410000E-04   8.1105570000E-04
   32      2.1113343500E-02   1.1035081000E-03  -1.0490453000E-03   1.9054009000E-03   7.4877910000E-04
   33     -9.7206221500E-02   3.0412980000E-04  -1.3426776000E-03  -5.0350370000E-04   1.2905782000E-03
   34      9.2560164100E-02  -1.7319599000E-03   1.2081577000E-03   8.9371120000E-04   5.9134390000E-04
   35      7.4664299000E-02   3.2601590000E-04   8.2102450000E-04  -5.1504720000E-04   8.2102940000E-04
   36      3.2601590000E-04   1.4655881010E-01  -9.3139976200E-02  -1.1966787660E-01   5.7154957000E-03
   37      8.2102450000E-04  -9.3139976200E-02   1.1620607160E-01   7.2790078600E-02   3.5145706800E-02
   38     -5.1504720000E-04  -1.1966787660E-01   7.2790078600E-02   1.1518402380E-01   4.5910161000E-03
