
$orca_hessian_file

$act_atom
  0

$act_coord
  0

$act_energy
      -21.514785

$multiplicity
  1

$hessian
48
                    0                  1                  2                  3                  4        
    0      6.6487041770E-01   4.0723106500E-02   2.1257730470E-01  -3.2390009370E-01   1.9682585400E-02
    1      4.0723106500E-02   2.3028939780E-01  -2.0917634200E-02  -8.2107691000E-03  -5.8149463900E-02
    2      2.1257730470E-01  -2.0917634200E-02   1.3754897530E-01  -6.5836715600E-02  -6.2489141000E-03
    3     -3.2390009370E-01  -8.2107691000E-03  -6.5836715600E-02   6.0267165410E-01   2.6609149100E-02
    4      1.9682585400E-02  -5.8149463900E-02  -6.2489141000E-03   2.6609149100E-02   6.4421231480E-01
    5      1.1343183650E-01   1.2260952000E-03  -4.5823157300E-02  -1.3176766000E-02  -4.5246152000E-03
    6     -3.4527548100E-02  -2.6701377200E-02  -2.9780049000E-03  -1.2185197350E-01  -1.2757587120E-01
    7     -7.0507940000E-03  -1.9125250000E-04   1.4862470000E-03  -1.2556666590E-01  -3.0143141310E-01
    8      7.8376927000E-03   9.2501660000E-04   3.4481733000E-03   1.7395233300E-02   1.8898003200E-02
    9      3.6146308000E-03  -3.2302632000E-03  -2.9864382500E-02  -4.4832940200E-02  -1.1241009200E-02
   10     -1.6879109000E-03  -2.5611524000E-03  -2.7017158000E-03  -2.5479051100E-02  -1.4725872000E-03
   11      2.1086660400E-02   5.7920067000E-03   1.8939677800E-02   6.8495019000E-03   1.6699686000E-03
   12      3.9421507000E-02   3.0853737000E-03   1.7894659700E-02  -1.8146404500E-02  -1.6806429500E-02
   13      1.5187367100E-02  -4.6620940000E-04   3.0641036000E-03  -9.8156791000E-03  -1.9567910000E-03
   14     -3.8482709700E-02  -6.4123874000E-03  -1.2188798000E-03  -1.2752559400E-02  -1.8317749000E-02
   15     -5.7109685000E-03  -4.5636116000E-03  -1.3421751300E-02   1.5923289600E-02   1.1825740400E-02
   16     -2.5517301600E-02   9.8238042000E-03   2.6176121000E-03   1.6930763200E-02  -1.2039544800E-02
   17     -1.4247928870E-01   3.9607593000E-03   2.3568043000E-03   7.1177731100E-02   8.9839588000E-03
   18     -1.5492836070E-01  -1.0419600810E-01  -4.7535833200E-02  -1.1714094300E-02  -2.7906009700E-02
   19     -1.3808947290E-01  -1.1985130960E-01  -6.1754914500E-02   4.0448519000E-03  -1.7921757000E-03
   20     -5.9053437300E-02  -5.7842020400E-02  -3.3680307500E-02   4.0366727000E-03   1.4105126000E-03
   21     -1.5366645990E-01   7.7832650100E-02  -8.5952984700E-02  -1.6783998700E-02   2.1937364500E-02
   22      1.0377310170E-01  -6.0412825400E-02   7.5866689800E-02  -1.6308937000E-03  -5.4837528000E-03
   23     -1.2132033640E-01   7.2167528500E-02  -8.0642673100E-02   1.1550138700E-02   7.7325820000E-04
   24     -2.4115222800E-02   1.8780081700E-02  -7.9886398000E-03  -9.9776608800E-02   1.0745936190E-01
   25      5.6838460000E-03   3.3033067000E-03   2.5047520000E-03   1.0602417300E-01  -2.3447401700E-01
   26     -7.5970933000E-03   5.2073130000E-03   5.4851544000E-03   3.0689349000E-03   4.4801060000E-03
   27      3.1607650000E-04   4.0920000000E-06   7.3238180000E-04   5.8087576000E-03  -8.9268201000E-03
   28      1.2184513000E-03   3.4172183000E-03   1.3797800000E-04   1.1244471200E-02  -2.7774261200E-02
   29     -1.0677661000E-03   9.2280380000E-04   4.2505490000E-04   1.7914067000E-03  -2.8767509000E-03
   30     -9.7926230000E-04   1.3882751000E-03   1.8462189000E-03  -4.5114364000E-03   2.6846920000E-03
   31     -1.5880515000E-03  -5.6184310000E-04  -1.8261414000E-03  -5.0972237000E-03  -2.5797462000E-03
   32      2.5899793000E-03   2.4440730000E-03   2.0495117000E-03   2.4156246000E-03   1.8922744000E-03
   33      1.2177531000E-03  -2.0353008000E-03   1.4205846000E-03   3.7325764000E-03   7.0922960000E-04
   34      2.8654000000E-04   1.3510666000E-03   7.0676780000E-04   1.8220449000E-03  -2.8015931000E-03
   35      1.6698271000E-03  -8.4878260000E-04   6.2674571000E-03   2.7487600000E-04  -1.1582490000E-03
   36     -1.1904114800E-02   2.9189475000E-03   4.2605534000E-03   5.5953344000E-03   4.7615140000E-04
   37     -1.1740600300E-02   4.3308169000E-03   1.1886452700E-02   1.2065844400E-02  -6.0558010000E-04
   38     -1.0476900700E-02  -4.4918650000E-04  -1.3579155000E-03   3.1670352000E-03   2.7823170000E-04
   39      3.3207871000E-03   5.0375790000E-04   6.6898037000E-03   2.5299919000E-03  -8.1831850000E-04
   40      1.0375773400E-02  -6.1394280000E-03  -5.8508285000E-03  -7.6958507000E-03   3.2416062000E-03
   41      1.6410626100E-02  -3.6650447000E-03  -8.1969065000E-03  -1.5092450800E-02   2.3547639000E-03
   42      4.2586450000E-03  -1.1866096000E-03   2.1534865000E-03   2.0955050000E-03  -5.5583250000E-04
   43      3.2967448000E-03  -2.9529304000E-03  -3.2514776000E-03  -2.2791440000E-04  -7.6607720000E-04
   44      3.6950067000E-03  -1.5930432000E-03  -9.4631070000E-04  -2.4150349000E-03  -3.8226404000E-03
   45     -7.2877863000E-03   4.8876550000E-03   6.0033187000E-03   3.1604410000E-03   2.4460165000E-03
   46     -1.4553385100E-02  -1.2291958000E-03   4.2810230000E-03   4.9827501000E-03   3.8730826000E-03
   47      1.1785986000E-03  -9.1749720000E-04  -4.6546583000E-03  -1.2453628500E-02  -3.7921588000E-03
                    5                  6                  7                  8                  9        
    0      1.1343183650E-01  -3.4527548100E-02  -7.0507940000E-03   7.8376927000E-03   3.6146308000E-03
    1      1.2260952000E-03  -2.6701377200E-02  -1.9125250000E-04   9.2501660000E-04  -3.2302632000E-03
    2     -4.5823157300E-02  -2.9780049000E-03   1.4862470000E-03   3.4481733000E-03  -2.9864382500E-02
    3     -1.3176766000E-02  -1.2185197350E-01  -1.2556666590E-01   1.7395233300E-02  -4.4832940200E-02
    4     -4.5246152000E-03  -1.2757587120E-01  -3.0143141310E-01   1.8898003200E-02  -1.1241009200E-02
    5     -5.4575028100E-02  -2.2800110700E-02  -2.3185214100E-02  -3.9343373900E-02  -1.2920980700E-02
    6     -2.2800110700E-02   6.0983755430E-01   2.7428558800E-02   1.1027793100E-02  -3.2647035680E-01
    7     -2.3185214100E-02   2.7428558800E-02   6.4388402130E-01  -1.7760396000E-03   1.7247994700E-02
    8     -3.9343373900E-02   1.1027793100E-02  -1.7760396000E-03  -4.8280293000E-02  -1.0800117490E-01
    9     -1.2920980700E-02  -3.2647035680E-01   1.7247994700E-02  -1.0800117490E-01   6.6198975540E-01
   10      1.0122936000E-03  -5.5630477000E-03  -5.8523374900E-02  -1.3010440000E-03   4.3043255400E-02
   11      1.8621196000E-03   5.8448924600E-02   1.5324195000E-03  -4.4485284700E-02  -2.1005793480E-01
   12     -5.5179619100E-02   1.3707152500E-02   1.0035329300E-02   7.8145412000E-03  -1.5870544700E-02
   13     -3.3871959800E-02   2.7728782400E-02  -1.4282414800E-02  -5.2673046500E-02  -4.5004735000E-02
   14      1.1390947100E-02  -6.1143020400E-02   4.0529424000E-03   1.2584495910E-01   1.3657021880E-01
   15     -1.4543011300E-02  -2.8603155400E-02  -1.7440131200E-02   5.5172047000E-02   4.8788612800E-02
   16      3.9147909200E-02  -1.5600955000E-03   2.6942564000E-03   2.3162514900E-02   1.0244230200E-02
   17      1.3853753120E-01   2.1038635900E-02   1.6951612800E-02   1.4867207000E-03   4.8321148400E-02
   18     -3.8803911000E-03  -4.6946184000E-03   2.8290543000E-03  -1.9944823000E-03  -3.9868010000E-04
   19      3.4619768000E-03  -4.8714639000E-03  -2.3172486000E-03  -1.1842840000E-04  -1.9933589000E-03
   20     -1.1620602000E-03  -1.6325870000E-03  -1.3755167000E-03   4.0363746000E-03  -3.3407799000E-03
   21     -1.5737253200E-02   3.8482026000E-03   8.1759230000E-04   2.1425743000E-03   1.5468681000E-03
   22     -1.5285164000E-03   2.0890812000E-03  -2.4746033000E-03   1.6907923000E-03   9.8532250000E-04
   23      1.8677353800E-02   1.6529495000E-03   1.9526747000E-03  -1.5940446000E-03  -2.0119091000E-03
   24     -2.5880541000E-03   5.6307019000E-03  -8.8507598000E-03  -8.9072800000E-04   1.9320950000E-04
   25      2.4698284000E-03   1.1218952700E-02  -2.7744598600E-02   1.3149652000E-03   1.6453653000E-03
   26     -2.2051445400E-02  -1.4700307000E-03   2.5408466000E-03   2.9066730000E-03   1.6520116000E-03
   27      1.2742560000E-03  -9.9739054300E-02   1.0865860330E-01   1.8017176000E-03  -2.4088602400E-02
   28     -5.6922730000E-04   1.0661207830E-01  -2.3485058640E-01  -1.5060935000E-03   5.4573775000E-03
   29      2.7380392000E-03  -3.2971845000E-03  -3.6652204000E-03  -2.1931442200E-02   8.1642906000E-03
   30      2.7079208000E-03  -1.1324778300E-02  -2.7619643400E-02   4.6515418000E-03  -1.5477452150E-01
   31     -8.9289250000E-04   4.0446272000E-03  -1.4775367000E-03  -3.5521745000E-03  -1.3895221510E-01
   32      3.6198240000E-03  -5.5731245000E-03  -2.0108114000E-03  -1.8523970000E-04   5.9580560300E-02
   33     -1.2464859000E-03  -1.6187928100E-02   2.2099686900E-02   1.4899511900E-02  -1.5306328350E-01
   34     -3.9612640000E-04  -1.4012388000E-03  -5.3620406000E-03   1.9656870000E-03   1.0402695250E-01
   35      2.8686890000E-04  -9.2375836000E-03  -5.7460280000E-04   1.6839215800E-02   1.2166114430E-01
   36      1.6743088200E-02   1.6497431000E-03   6.8421240000E-04   5.7258670000E-04   3.2869782000E-03
   37      1.2441546500E-02  -1.9424114000E-03  -3.6061963000E-03   8.3775480000E-04   5.8605267000E-03
   38      1.6704412700E-02   1.9845435000E-03   4.7003446000E-03  -1.6955463000E-03  -4.2591838000E-03
   39     -2.8331130000E-04   2.3750558000E-03   8.5118240000E-04  -4.3610134000E-03  -6.0757490000E-04
   40     -5.7613127000E-03   1.3410650000E-04   3.5473555000E-03   2.0249661000E-03  -1.5355740000E-03
   41     -1.7670420500E-02   1.4696470100E-02   6.0762182000E-03  -1.8232653000E-02  -1.4118531800E-02
   42     -1.0649624000E-03   4.4913326000E-03   7.0041100000E-05  -9.8025786000E-03  -7.7860310000E-03
   43      9.6870160000E-04   9.1718284000E-03  -3.1934012000E-03  -5.1897784000E-03  -6.9158826000E-03
   44     -3.1887605000E-03   1.6264392000E-03  -2.7846949000E-03   7.9894000000E-03   4.5395264000E-03
   45      9.2638443000E-03   1.8596701000E-03  -4.1942612000E-03   1.7347376000E-03   8.4724803000E-03
   46      1.0001513000E-02  -1.8812509700E-02   5.3290338000E-03   1.5296904900E-02   2.0362013200E-02
   47     -1.0002850600E-02  -2.3441094000E-03  -3.9212058000E-03   1.3196361100E-02   4.0859772000E-03
                   10                 11                 12                 13                 14        
    0     -1.6879109000E-03   2.1086660400E-02   3.9421507000E-02   1.5187367100E-02  -3.8482709700E-02
    1     -2.5611524000E-03   5.7920067000E-03   3.0853737000E-03  -4.6620940000E-04  -6.4123874000E-03
    2     -2.7017158000E-03   1.8939677800E-02   1.7894659700E-02   3.0641036000E-03  -1.2188798000E-03
    3     -2.5479051100E-02   6.8495019000E-03  -1.8146404500E-02  -9.8156791000E-03  -1.2752559400E-02
    4     -1.4725872000E-03   1.6699686000E-03  -1.6806429500E-02  -1.9567910000E-03  -1.8317749000E-02
    5      1.0122936000E-03   1.8621196000E-03  -5.5179619100E-02  -3.3871959800E-02   1.1390947100E-02
    6     -5.5630477000E-03   5.8448924600E-02   1.3707152500E-02   2.7728782400E-02  -6.1143020400E-02
    7     -5.8523374900E-02   1.5324195000E-03   1.0035329300E-02  -1.4282414800E-02   4.0529424000E-03
    8     -1.3010440000E-03  -4.4485284700E-02   7.8145412000E-03  -5.2673046500E-02   1.2584495910E-01
    9      4.3043255400E-02  -2.1005793480E-01  -1.5870544700E-02  -4.5004735000E-02   1.3657021880E-01
   10      2.3039649100E-01   1.4344303500E-02  -2.5338349000E-03   1.2602770100E-02   6.8906328000E-03
   11      1.4344303500E-02   1.4333724540E-01   1.3342458700E-02  -1.4677584000E-03  -1.3964617600E-02
   12     -2.5338349000E-03   1.3342458700E-02   5.6432369840E-01   6.1781788400E-02   9.0068796800E-02
   13      1.2602770100E-02  -1.4677584000E-03   6.1781788400E-02   2.6418151540E-01   4.8529889300E-02
   14      6.8906328000E-03  -1.3964617600E-02   9.0068796800E-02   4.8529889300E-02   2.3305499610E-01
   15     -2.4678497000E-03  -9.4567681000E-03  -4.0038472170E-01  -8.7331628200E-02  -3.4910651600E-02
   16     -9.0969210000E-04  -1.1889080700E-02  -1.0529206870E-01  -6.7119863100E-02  -1.8103357400E-02
   17      3.9018368000E-03  -1.1259522300E-02   3.7811234900E-02   2.1112309600E-02  -6.4355178500E-02
   18      1.1645214000E-03  -1.7954475000E-03  -4.9941640000E-04   1.2578715000E-03   1.2469833000E-03
   19     -1.9833910000E-04   1.6590661000E-03   1.3276422000E-03   2.6978810000E-04  -5.8382190000E-04
   20     -2.0312717000E-03   2.0781227000E-03   7.3688743000E-03   4.1299146000E-03   9.7551180000E-04
   21     -2.2567873000E-03  -7.5496590000E-04   6.9604400000E-05  -1.0804100000E-04   3.3502846000E-03
   22      1.3828182000E-03  -2.4637170000E-04  -8.4591440000E-04  -9.7488560000E-04  -1.4331269000E-03
   23      1.4452732000E-03   3.6958543000E-03   7.1318518000E-03   1.5681377000E-03  -9.9179965000E-03
   24     -1.2671720000E-04  -4.7291830000E-04   3.2278030000E-04  -3.4863710000E-04   2.0162655000E-03
   25      3.4324609000E-03   3.0453800000E-05   2.1068040000E-04  -1.1930105000E-03  -1.0360329000E-03
   26     -1.3966681000E-03  -2.6340340000E-04   1.7626688000E-03   1.0748221000E-03  -2.1968473000E-03
   27      1.8673614800E-02   7.5483516000E-03  -9.2680160000E-04   3.0900396000E-03  -3.7682425000E-03
   28      3.4003450000E-03  -2.0100294000E-03   1.8768120000E-04  -2.2918115000E-03   1.5484717000E-03
   29     -4.5032600000E-03   4.7756726000E-03  -4.2435567000E-03   1.1145548400E-02  -1.5747082000E-02
   30     -1.0497560550E-01   4.7851046000E-02  -1.0949047000E-03  -5.3753700000E-05   4.0519190000E-04
   31     -1.2085734000E-01   6.1136879200E-02   2.3687372000E-03  -1.2825540000E-03   7.1852620000E-04
   32      5.6055990000E-02  -3.2226238100E-02  -9.2854660000E-04  -3.9986879000E-03  -6.7362821000E-03
   33      7.8596331400E-02   8.5063281000E-02  -1.6800590000E-03   2.4316018000E-03  -1.0617725000E-03
   34     -5.8797958300E-02  -7.6359392700E-02  -3.0191100000E-05   6.7007320000E-04   1.7383982000E-03
   35     -7.2197187200E-02  -8.3115602900E-02   7.3377810000E-04   1.2726979000E-02  -2.0285144400E-02
   36     -5.6007300000E-04   2.9682700000E-05  -3.7670320300E-02   1.9639910900E-02   8.5542089000E-03
   37     -2.6676191000E-03   1.4687620000E-04  -1.3733795900E-02   1.8469949000E-03   1.9549875000E-03
   38      7.2052160000E-04   6.6829549000E-03   1.4101821500E-02   4.5351100000E-05  -4.8708443000E-03
   39      3.2969135000E-03  -7.2607145000E-03  -2.3661241100E-02  -3.8032656400E-02   1.8470616600E-02
   40     -1.7159177000E-03  -3.5757370000E-04  -3.5205010000E-04  -7.3208695000E-03   8.4163732000E-03
   41     -8.0986850000E-04  -5.3484772000E-03  -4.1057790000E-04   6.3058190000E-04   1.6782766500E-02
   42      4.6445543000E-03  -4.7904821000E-03  -9.3256441800E-02   4.2972569100E-02  -1.0790968400E-01
   43      1.1178092000E-03  -4.5023141000E-03   5.1611438800E-02  -1.0653784900E-02   1.5404990380E-01
   44     -3.1093009000E-03   3.7424330000E-04  -1.3096428480E-01   1.2432105640E-01  -1.2789298170E-01
   45     -3.7683137000E-03  -5.6306757000E-03  -2.4653886800E-02   6.6051997000E-03  -6.5392640000E-04
   46     -4.6287136000E-03   1.0520547200E-02   8.9856134000E-03  -1.7202894740E-01  -1.8201364980E-01
   47      3.6794646000E-03   8.9172555000E-03  -6.3041005000E-03  -1.3633724120E-01  -1.2086332640E-01
                   15                 16                 17                 18                 19        
    0     -5.7109685000E-03  -2.5517301600E-02  -1.4247928870E-01  -1.5492836070E-01  -1.3808947290E-01
    1     -4.5636116000E-03   9.8238042000E-03   3.9607593000E-03  -1.0419600810E-01  -1.1985130960E-01
    2     -1.3421751300E-02   2.6176121000E-03   2.3568043000E-03  -4.7535833200E-02  -6.1754914500E-02
    3      1.5923289600E-02   1.6930763200E-02   7.1177731100E-02  -1.1714094300E-02   4.0448519000E-03
    4      1.1825740400E-02  -1.2039544800E-02   8.9839588000E-03  -2.7906009700E-02  -1.7921757000E-03
    5     -1.4543011300E-02   3.9147909200E-02   1.3853753120E-01  -3.8803911000E-03   3.4619768000E-03
    6     -2.8603155400E-02  -1.5600955000E-03   2.1038635900E-02  -4.6946184000E-03  -4.8714639000E-03
    7     -1.7440131200E-02   2.6942564000E-03   1.6951612800E-02   2.8290543000E-03  -2.3172486000E-03
    8      5.5172047000E-02   2.3162514900E-02   1.4867207000E-03  -1.9944823000E-03  -1.1842840000E-04
    9      4.8788612800E-02   1.0244230200E-02   4.8321148400E-02  -3.9868010000E-04  -1.9933589000E-03
   10     -2.4678497000E-03  -9.0969210000E-04   3.9018368000E-03   1.1645214000E-03  -1.9833910000E-04
   11     -9.4567681000E-03  -1.1889080700E-02  -1.1259522300E-02  -1.7954475000E-03   1.6590661000E-03
   12     -4.0038472170E-01  -1.0529206870E-01   3.7811234900E-02  -4.9941640000E-04   1.3276422000E-03
   13     -8.7331628200E-02  -6.7119863100E-02   2.1112309600E-02   1.2578715000E-03   2.6978810000E-04
   14     -3.4910651600E-02  -1.8103357400E-02  -6.4355178500E-02   1.2469833000E-03  -5.8382190000E-04
   15      5.5583115990E-01   1.2150211050E-01  -1.0506082280E-01  -1.4781462000E-03   2.5809522000E-03
   16      1.2150211050E-01   2.6353872120E-01  -5.4599666000E-02  -5.7494470000E-04  -4.3249280000E-04
   17     -1.0506082280E-01  -5.4599666000E-02   2.7615361480E-01  -6.6422430000E-04  -2.2119360000E-03
   18     -1.4781462000E-03  -5.7494470000E-04  -6.6422430000E-04   1.4428672300E-01   1.3252302450E-01
   19      2.5809522000E-03  -4.3249280000E-04  -2.2119360000E-03   1.3252302450E-01   2.1036931680E-01
   20      2.4953272000E-03   5.0246664000E-03  -3.7450572000E-03   5.5573826100E-02   2.8469808200E-02
   21     -2.9101236000E-03   1.0841860000E-03   2.4450094000E-03   2.6573100500E-02   7.5649503000E-03
   22     -2.7269456000E-03  -1.4687090000E-04  -1.8817978000E-03  -7.2995002000E-03  -9.3818843800E-02
   23      1.9304542000E-03  -7.4282754000E-03  -2.4556268300E-02  -1.3510218000E-03   3.1583559500E-02
   24     -7.6861390000E-04   1.8224615000E-03   4.9438235000E-03   4.9141361000E-03  -1.1863403000E-03
   25      1.7642290000E-04  -1.3640710000E-03  -2.9551273000E-03  -7.1189950000E-04   5.9161060000E-04
   26      4.9201144000E-03  -7.2887448000E-03  -1.6246114300E-02   1.3974494000E-03   2.3328530000E-04
   27     -1.2945686000E-03  -5.0876010000E-04  -1.7224497000E-03  -1.7418178000E-03  -8.7482020000E-04
   28      1.9930730000E-04  -5.1444540000E-04  -4.7334690000E-04   1.0190320000E-04  -8.4648530000E-04
   29     -2.7443891000E-03  -8.3260580000E-04  -3.4758493000E-03   3.1511470000E-04  -1.3405448000E-03
   30     -1.6600014000E-03   1.1860331000E-03  -2.6747977000E-03  -3.3040864000E-03   1.8036762000E-03
   31      2.8608138000E-03  -6.5713970000E-04   2.0273600000E-03   1.7518357000E-03  -5.6069300000E-04
   32     -7.1880024000E-03  -4.4285585000E-03  -7.9503860000E-04  -1.0935004000E-03   1.9629025000E-03
   33     -8.5406070000E-04  -3.5824590000E-04  -4.5419898000E-03   9.3304480000E-04  -2.6136641000E-03
   34      8.8240800000E-04  -7.4196110000E-04  -1.4848129000E-03   2.1238905000E-03   2.2792935000E-03
   35     -1.0650560000E-02  -1.2939978000E-03  -1.2209403000E-02  -1.3155459000E-03  -9.1020550000E-04
   36     -9.4083681600E-02   4.1893769100E-02   9.8519050200E-02  -2.7377220000E-04   1.6744185000E-03
   37      6.4967469600E-02  -4.8486117700E-02  -1.2858500810E-01  -1.7895651000E-03   1.0016754000E-03
   38      1.1426259670E-01  -8.1759803300E-02  -1.5727011200E-01   5.9045000000E-05   8.5275350000E-04
   39     -2.5026500000E-02  -2.0905978600E-02   1.3881166700E-02   2.6323819000E-03  -2.6569590000E-03
   40     -4.9264273800E-02  -1.2709559870E-01   1.5619150030E-01  -1.1281482000E-03   1.8360273000E-03
   41      4.2762653400E-02   1.2543663330E-01  -1.2880663380E-01   4.8619570000E-04  -6.6492070000E-04
   42     -4.3609045800E-02   9.1327513000E-03  -1.6782047000E-03   2.7900373000E-03  -3.1104831000E-03
   43     -5.3534628000E-03   5.1247936000E-03  -7.5489806000E-03   9.2158680000E-04   3.5108209000E-03
   44      1.5567589000E-03   2.0678585000E-03  -1.3412808000E-03   2.3804020000E-04  -8.6142580000E-04
   45     -1.4159474600E-02  -4.9078909900E-02  -3.9316022500E-02  -3.0964311000E-03   3.8770464000E-03
   46     -3.5847321800E-02  -2.1673778000E-02  -1.3388661800E-02   9.3238760000E-04  -4.0944600000E-05
   47     -2.5123995200E-02  -9.8331048000E-03   5.5257874000E-03   3.1379210000E-04   2.2284570000E-04
                   20                 21                 22                 23                 24        
    0     -5.9053437300E-02  -1.5366645990E-01   1.0377310170E-01  -1.2132033640E-01  -2.4115222800E-02
    1     -5.7842020400E-02   7.7832650100E-02  -6.0412825400E-02   7.2167528500E-02   1.8780081700E-02
    2     -3.3680307500E-02  -8.5952984700E-02   7.5866689800E-02  -8.0642673100E-02  -7.9886398000E-03
    3      4.0366727000E-03  -1.6783998700E-02  -1.6308937000E-03   1.1550138700E-02  -9.9776608800E-02
    4      1.4105126000E-03   2.1937364500E-02  -5.4837528000E-03   7.7325820000E-04   1.0745936190E-01
    5     -1.1620602000E-03  -1.5737253200E-02  -1.5285164000E-03   1.8677353800E-02  -2.5880541000E-03
    6     -1.6325870000E-03   3.8482026000E-03   2.0890812000E-03   1.6529495000E-03   5.6307019000E-03
    7     -1.3755167000E-03   8.1759230000E-04  -2.4746033000E-03   1.9526747000E-03  -8.8507598000E-03
    8      4.0363746000E-03   2.1425743000E-03   1.6907923000E-03  -1.5940446000E-03  -8.9072800000E-04
    9     -3.3407799000E-03   1.5468681000E-03   9.8532250000E-04  -2.0119091000E-03   1.9320950000E-04
   10     -2.0312717000E-03  -2.2567873000E-03   1.3828182000E-03   1.4452732000E-03  -1.2671720000E-04
   11      2.0781227000E-03  -7.5496590000E-04  -2.4637170000E-04   3.6958543000E-03  -4.7291830000E-04
   12      7.3688743000E-03   6.9604400000E-05  -8.4591440000E-04   7.1318518000E-03   3.2278030000E-04
   13      4.1299146000E-03  -1.0804100000E-04  -9.7488560000E-04   1.5681377000E-03  -3.4863710000E-04
   14      9.7551180000E-04   3.3502846000E-03  -1.4331269000E-03  -9.9179965000E-03   2.0162655000E-03
   15      2.4953272000E-03  -2.9101236000E-03  -2.7269456000E-03   1.9304542000E-03  -7.6861390000E-04
   16      5.0246664000E-03   1.0841860000E-03  -1.4687090000E-04  -7.4282754000E-03   1.8224615000E-03
   17     -3.7450572000E-03   2.4450094000E-03  -1.8817978000E-03  -2.4556268300E-02   4.9438235000E-03
   18      5.5573826100E-02   2.6573100500E-02  -7.2995002000E-03  -1.3510218000E-03   4.9141361000E-03
   19      2.8469808200E-02   7.5649503000E-03  -9.3818843800E-02   3.1583559500E-02  -1.1863403000E-03
   20     -6.7052940000E-04  -4.4061123000E-03   1.9776971000E-02   3.5007927600E-02   1.0267865000E-03
   21     -4.4061123000E-03   1.4256102700E-01  -1.0035521550E-01   1.0220769960E-01  -5.3118540000E-03
   22      1.9776971000E-02  -1.0035521550E-01   1.5597110360E-01  -9.4091858000E-02   6.9441157000E-03
   23      3.5007927600E-02   1.0220769960E-01  -9.4091858000E-02   4.7485416400E-02   3.5347827000E-03
   24      1.0267865000E-03  -5.3118540000E-03   6.9441157000E-03   3.5347827000E-03   1.1904163980E-01
   25     -1.1563897000E-03  -7.7681130000E-04  -1.4146904000E-03  -3.0627300000E-04  -1.2050916890E-01
   26     -3.3412441000E-03  -3.1302419000E-03   7.2689360000E-04   3.8701919000E-03   9.7952240000E-04
   27      5.0005150000E-04   1.8797226000E-03  -9.8754300000E-04  -5.9532400000E-04  -8.4813110000E-04
   28     -1.2635469000E-03   1.5095400000E-04  -3.4362090000E-04   1.3373936000E-03  -2.2842472000E-03
   29     -1.9844503000E-03   1.4556700000E-05  -2.0303750000E-04   1.8722263000E-03  -7.8940000000E-06
   30      1.0232587000E-03   1.0161500000E-03   2.0633047000E-03   9.8999910000E-04  -1.6826198000E-03
   31     -1.7509029000E-03  -2.6906812000E-03   2.4185203000E-03   1.2286678000E-03  -9.7751510000E-04
   32      1.6313826000E-03  -2.6829700000E-04   1.9064172000E-03   2.4068105000E-03  -4.7469430000E-04
   33      2.7158300000E-04   3.1470370000E-04  -2.9388448000E-03   2.4217700000E-04   1.8311957000E-03
   34     -2.0021201000E-03  -3.0404508000E-03   9.6696010000E-04   2.4039270000E-03  -9.8780420000E-04
   35      2.7613480000E-03  -1.1639240000E-04  -2.3321658000E-03   6.1142160000E-04   4.4539490000E-04
   36     -1.4968786000E-03   6.4519890000E-04   2.2137177000E-03  -2.8104560000E-03  -8.7050320000E-04
   37      2.5184449000E-03   2.2186902000E-03   2.7204041000E-03  -5.6257377000E-03   3.0257480000E-04
   38     -1.3875810000E-03  -4.9815480000E-04   1.8255470000E-03   1.3554700000E-05  -1.5381640000E-04
   39     -4.9782580000E-04  -5.7763440000E-04  -1.4465931000E-03  -4.3587580000E-04   1.5929017000E-03
   40      1.9743819000E-03   1.1872600000E-05  -1.4707917000E-03   6.7126580000E-04   4.6836200000E-05
   41      7.8667150000E-04  -8.6444100000E-05  -1.8562652000E-03   1.0995091000E-03  -3.7790410000E-04
   42     -1.7370326000E-03   4.6326620000E-04  -3.4200570000E-03  -4.5117250000E-04   2.2429099000E-03
   43      1.0913287000E-03  -2.2969081000E-03   7.5283600000E-05  -6.3399910000E-04   5.6284300000E-05
   44      1.7524253000E-03   9.7725270000E-04  -2.8336986000E-03  -1.3056290000E-03   4.8156590000E-04
   45     -1.3172630000E-04   3.3222680000E-04   3.5828639000E-03  -2.6395690000E-04  -2.3959212000E-03
   46      3.0257402000E-03  -9.3364900000E-05   3.0057949000E-03  -7.0455429000E-03  -1.4052620000E-04
   47     -3.0585342000E-03  -1.8653120000E-04   4.6135270000E-03   3.2763454000E-03  -4.7349260000E-04
                   25                 26                 27                 28                 29        
    0      5.6838460000E-03  -7.5970933000E-03   3.1607650000E-04   1.2184513000E-03  -1.0677661000E-03
    1      3.3033067000E-03   5.2073130000E-03   4.0920000000E-06   3.4172183000E-03   9.2280380000E-04
    2      2.5047520000E-03   5.4851544000E-03   7.3238180000E-04   1.3797800000E-04   4.2505490000E-04
    3      1.0602417300E-01   3.0689349000E-03   5.8087576000E-03   1.1244471200E-02   1.7914067000E-03
    4     -2.3447401700E-01   4.4801060000E-03  -8.9268201000E-03  -2.7774261200E-02  -2.8767509000E-03
    5      2.4698284000E-03  -2.2051445400E-02   1.2742560000E-03  -5.6922730000E-04   2.7380392000E-03
    6      1.1218952700E-02  -1.4700307000E-03  -9.9739054300E-02   1.0661207830E-01  -3.2971845000E-03
    7     -2.7744598600E-02   2.5408466000E-03   1.0865860330E-01  -2.3485058640E-01  -3.6652204000E-03
    8      1.3149652000E-03   2.9066730000E-03   1.8017176000E-03  -1.5060935000E-03  -2.1931442200E-02
    9      1.6453653000E-03   1.6520116000E-03  -2.4088602400E-02   5.4573775000E-03   8.1642906000E-03
   10      3.4324609000E-03  -1.3966681000E-03   1.8673614800E-02   3.4003450000E-03  -4.5032600000E-03
   11      3.0453800000E-05  -2.6340340000E-04   7.5483516000E-03  -2.0100294000E-03   4.7756726000E-03
   12      2.1068040000E-04   1.7626688000E-03  -9.2680160000E-04   1.8768120000E-04  -4.2435567000E-03
   13     -1.1930105000E-03   1.0748221000E-03   3.0900396000E-03  -2.2918115000E-03   1.1145548400E-02
   14     -1.0360329000E-03  -2.1968473000E-03  -3.7682425000E-03   1.5484717000E-03  -1.5747082000E-02
   15      1.7642290000E-04   4.9201144000E-03  -1.2945686000E-03   1.9930730000E-04  -2.7443891000E-03
   16     -1.3640710000E-03  -7.2887448000E-03  -5.0876010000E-04  -5.1444540000E-04  -8.3260580000E-04
   17     -2.9551273000E-03  -1.6246114300E-02  -1.7224497000E-03  -4.7334690000E-04  -3.4758493000E-03
   18     -7.1189950000E-04   1.3974494000E-03  -1.7418178000E-03   1.0190320000E-04   3.1511470000E-04
   19      5.9161060000E-04   2.3328530000E-04  -8.7482020000E-04  -8.4648530000E-04  -1.3405448000E-03
   20     -1.1563897000E-03  -3.3412441000E-03   5.0005150000E-04  -1.2635469000E-03  -1.9844503000E-03
   21     -7.7681130000E-04  -3.1302419000E-03   1.8797226000E-03   1.5095400000E-04   1.4556700000E-05
   22     -1.4146904000E-03   7.2689360000E-04  -9.8754300000E-04  -3.4362090000E-04  -2.0303750000E-04
   23     -3.0627300000E-04   3.8701919000E-03  -5.9532400000E-04   1.3373936000E-03   1.8722263000E-03
   24     -1.2050916890E-01   9.7952240000E-04  -8.4813110000E-04  -2.2842472000E-03  -7.8940000000E-06
   25      2.6116719980E-01  -8.8491110000E-04  -2.3546205000E-03  -4.0623675000E-03  -7.5271830000E-04
   26     -8.8491110000E-04   2.7959233800E-02  -1.2642720000E-04   8.8393470000E-04   2.4068816000E-03
   27     -2.3546205000E-03  -1.2642720000E-04   1.1950649890E-01  -1.2113226780E-01  -1.1920055000E-03
   28     -4.0623675000E-03   8.8393470000E-04  -1.2113226780E-01   2.6176175380E-01  -4.2080800000E-05
   29     -7.5271830000E-04   2.4068816000E-03  -1.1920055000E-03  -4.2080800000E-05   2.7397207000E-02
   30      7.0275700000E-05  -3.5739170000E-04   4.8246904000E-03  -6.4508710000E-04  -1.5266947000E-03
   31     -8.2655880000E-04   1.4328374000E-03  -1.0498602000E-03   4.8420100000E-04  -6.5351200000E-05
   32      1.2187461000E-03  -2.1423481000E-03  -1.2380459000E-03   1.2819745000E-03  -3.5514887000E-03
   33      1.2331170000E-04  -9.6770300000E-05  -5.1944256000E-03  -8.0561710000E-04   3.3218790000E-03
   34     -3.9124240000E-04   2.4251540000E-04   6.7851192000E-03  -1.3131774000E-03  -9.5902500000E-04
   35     -1.3781886000E-03   1.9144617000E-03  -2.8862018000E-03   1.7681960000E-04   4.3429039000E-03
   36     -6.2321220000E-04  -1.0684816000E-03   1.4336044000E-03   1.6871130000E-04  -4.1887210000E-04
   37      6.1409350000E-04  -5.1935764000E-03   3.3838870000E-04   5.3173690000E-04   1.2593692000E-03
   38      9.8987770000E-04  -3.3613643000E-03  -7.5901680000E-04   1.0458515000E-03   2.1664506000E-03
   39      2.4068170000E-04   2.0675510000E-04  -9.4955500000E-04  -3.2953270000E-04  -2.6060880000E-04
   40      8.6514510000E-04   6.2713490000E-04  -9.8520750000E-04   9.3757260000E-04   1.1574474000E-03
   41     -5.3843330000E-04   5.1817313000E-03   5.8625800000E-04  -1.0414115000E-03  -7.3373500000E-04
   42      2.2794510000E-04   5.9183850000E-04  -1.1319726000E-03  -6.0426940000E-04   7.5305170000E-04
   43      9.7086190000E-04  -2.4034080000E-03  -2.9827640000E-04   1.2805732000E-03   5.3667252000E-03
   44     -1.5288601000E-03   2.6868570000E-03   4.6214610000E-04  -1.4477038000E-03  -2.8198925000E-03
   45     -6.4594210000E-04  -7.3285840000E-04   2.1455786000E-03   4.6008600000E-04   3.9867210000E-04
   46      5.2587770000E-04  -2.8238070000E-04  -4.3168180000E-04   1.8335480000E-04  -4.6112991000E-03
   47      2.0083112000E-03  -2.8084177000E-03  -6.1744920000E-04   1.9410165000E-03   4.1195039000E-03
                   30                 31                 32                 33                 34        
    0     -9.7926230000E-04  -1.5880515000E-03   2.5899793000E-03   1.2177531000E-03   2.8654000000E-04
    1      1.3882751000E-03  -5.6184310000E-04   2.4440730000E-03  -2.0353008000E-03   1.3510666000E-03
    2      1.8462189000E-03  -1.8261414000E-03   2.0495117000E-03   1.4205846000E-03   7.0676780000E-04
    3     -4.5114364000E-03  -5.0972237000E-03   2.4156246000E-03   3.7325764000E-03   1.8220449000E-03
    4      2.6846920000E-03  -2.5797462000E-03   1.8922744000E-03   7.0922960000E-04  -2.8015931000E-03
    5      2.7079208000E-03  -8.9289250000E-04   3.6198240000E-03  -1.2464859000E-03  -3.9612640000E-04
    6     -1.1324778300E-02   4.0446272000E-03  -5.5731245000E-03  -1.6187928100E-02  -1.4012388000E-03
    7     -2.7619643400E-02  -1.4775367000E-03  -2.0108114000E-03   2.2099686900E-02  -5.3620406000E-03
    8      4.6515418000E-03  -3.5521745000E-03  -1.8523970000E-04   1.4899511900E-02   1.9656870000E-03
    9     -1.5477452150E-01  -1.3895221510E-01   5.9580560300E-02  -1.5306328350E-01   1.0402695250E-01
   10     -1.0497560550E-01  -1.2085734000E-01   5.6055990000E-02   7.8596331400E-02  -5.8797958300E-02
   11      4.7851046000E-02   6.1136879200E-02  -3.2226238100E-02   8.5063281000E-02  -7.6359392700E-02
   12     -1.0949047000E-03   2.3687372000E-03  -9.2854660000E-04  -1.6800590000E-03  -3.0191100000E-05
   13     -5.3753700000E-05  -1.2825540000E-03  -3.9986879000E-03   2.4316018000E-03   6.7007320000E-04
   14      4.0519190000E-04   7.1852620000E-04  -6.7362821000E-03  -1.0617725000E-03   1.7383982000E-03
   15     -1.6600014000E-03   2.8608138000E-03  -7.1880024000E-03  -8.5406070000E-04   8.8240800000E-04
   16      1.1860331000E-03  -6.5713970000E-04  -4.4285585000E-03  -3.5824590000E-04  -7.4196110000E-04
   17     -2.6747977000E-03   2.0273600000E-03  -7.9503860000E-04  -4.5419898000E-03  -1.4848129000E-03
   18     -3.3040864000E-03   1.7518357000E-03  -1.0935004000E-03   9.3304480000E-04   2.1238905000E-03
   19      1.8036762000E-03  -5.6069300000E-04   1.9629025000E-03  -2.6136641000E-03   2.2792935000E-03
   20      1.0232587000E-03  -1.7509029000E-03   1.6313826000E-03   2.7158300000E-04  -2.0021201000E-03
   21      1.0161500000E-03  -2.6906812000E-03  -2.6829700000E-04   3.1470370000E-04  -3.0404508000E-03
   22      2.0633047000E-03   2.4185203000E-03   1.9064172000E-03  -2.9388448000E-03   9.6696010000E-04
   23      9.8999910000E-04   1.2286678000E-03   2.4068105000E-03   2.4217700000E-04   2.4039270000E-03
   24     -1.6826198000E-03  -9.7751510000E-04  -4.7469430000E-04   1.8311957000E-03  -9.8780420000E-04
   25      7.0275700000E-05  -8.2655880000E-04   1.2187461000E-03   1.2331170000E-04  -3.9124240000E-04
   26     -3.5739170000E-04   1.4328374000E-03  -2.1423481000E-03  -9.6770300000E-05   2.4251540000E-04
   27      4.8246904000E-03  -1.0498602000E-03  -1.2380459000E-03  -5.1944256000E-03   6.7851192000E-03
   28     -6.4508710000E-04   4.8420100000E-04   1.2819745000E-03  -8.0561710000E-04  -1.3131774000E-03
   29     -1.5266947000E-03  -6.5351200000E-05  -3.5514887000E-03   3.3218790000E-03  -9.5902500000E-04
   30      1.4461457790E-01   1.3299292770E-01  -5.5728017900E-02   2.6248284700E-02  -7.4585894000E-03
   31      1.3299292770E-01   2.1070412090E-01  -2.8848121900E-02   7.5072783000E-03  -9.3421788700E-02
   32     -5.5728017900E-02  -2.8848121900E-02  -9.0232760000E-04   4.5541707000E-03  -1.8625086100E-02
   33      2.6248284700E-02   7.5072783000E-03   4.5541707000E-03   1.4267796070E-01  -1.0091105010E-01
   34     -7.4585894000E-03  -9.3421788700E-02  -1.8625086100E-02  -1.0091105010E-01   1.5451653160E-01
   35      1.3294504000E-03  -3.0946723200E-02   3.5293261600E-02  -1.0210690480E-01   9.2917482400E-02
   36      1.9710614000E-03  -2.3658384000E-03   1.4363061000E-03   1.2107740000E-04  -2.5836359000E-03
   37      1.1599572000E-03   2.4923730000E-03  -1.9379535000E-03  -1.9106626000E-03   2.4870370000E-04
   38     -1.7718720000E-04   9.2098520000E-04   2.4175341000E-03  -1.0238011000E-03   1.7723281000E-03
   39     -1.8071151000E-03   2.3459200000E-03   7.4784470000E-04   6.6105120000E-04   1.3233087000E-03
   40      2.5960800000E-04   2.3940319000E-03  -1.8454460000E-03  -1.2063629000E-03   2.9119838000E-03
   41      1.4851250000E-04  -7.7783250000E-04  -1.2676448000E-03   4.1853050000E-04  -2.0672384000E-03
   42     -4.2490680000E-04   2.3296975000E-03   1.5772248000E-03   1.0860017000E-03   3.1835102000E-03
   43     -1.6723479000E-03   9.4339570000E-04  -1.4774907000E-03   1.8689356000E-03   4.0292617000E-03
   44      2.9060890000E-04  -2.3581303000E-03  -1.1713407000E-03   8.5370230000E-04  -1.8700041000E-03
   45      2.8888684000E-03  -3.4804522000E-03  -4.0948140000E-04  -1.8438925000E-03  -4.0208139000E-03
   46     -1.1837229000E-03   2.7885573000E-03  -3.5902217000E-03  -5.5662720000E-04  -4.1441126000E-03
   47     -7.7965950000E-04   3.5530146000E-03   1.5596239000E-03  -9.6769550000E-04   2.0166998000E-03
                   35                 36                 37                 38                 39        
    0      1.6698271000E-03  -1.1904114800E-02  -1.1740600300E-02  -1.0476900700E-02   3.3207871000E-03
    1     -8.4878260000E-04   2.9189475000E-03   4.3308169000E-03  -4.4918650000E-04   5.0375790000E-04
    2      6.2674571000E-03   4.2605534000E-03   1.1886452700E-02  -1.3579155000E-03   6.6898037000E-03
    3      2.7487600000E-04   5.5953344000E-03   1.2065844400E-02   3.1670352000E-03   2.5299919000E-03
    4     -1.1582490000E-03   4.7615140000E-04  -6.0558010000E-04   2.7823170000E-04  -8.1831850000E-04
    5      2.8686890000E-04   1.6743088200E-02   1.2441546500E-02   1.6704412700E-02  -2.8331130000E-04
    6     -9.2375836000E-03   1.6497431000E-03  -1.9424114000E-03   1.9845435000E-03   2.3750558000E-03
    7     -5.7460280000E-04   6.8421240000E-04  -3.6061963000E-03   4.7003446000E-03   8.5118240000E-04
    8      1.6839215800E-02   5.7258670000E-04   8.3775480000E-04  -1.6955463000E-03  -4.3610134000E-03
    9      1.2166114430E-01   3.2869782000E-03   5.8605267000E-03  -4.2591838000E-03  -6.0757490000E-04
   10     -7.2197187200E-02  -5.6007300000E-04  -2.6676191000E-03   7.2052160000E-04   3.2969135000E-03
   11     -8.3115602900E-02   2.9682700000E-05   1.4687620000E-04   6.6829549000E-03  -7.2607145000E-03
   12      7.3377810000E-04  -3.7670320300E-02  -1.3733795900E-02   1.4101821500E-02  -2.3661241100E-02
   13      1.2726979000E-02   1.9639910900E-02   1.8469949000E-03   4.5351100000E-05  -3.8032656400E-02
   14     -2.0285144400E-02   8.5542089000E-03   1.9549875000E-03  -4.8708443000E-03   1.8470616600E-02
   15     -1.0650560000E-02  -9.4083681600E-02   6.4967469600E-02   1.1426259670E-01  -2.5026500000E-02
   16     -1.2939978000E-03   4.1893769100E-02  -4.8486117700E-02  -8.1759803300E-02  -2.0905978600E-02
   17     -1.2209403000E-02   9.8519050200E-02  -1.2858500810E-01  -1.5727011200E-01   1.3881166700E-02
   18     -1.3155459000E-03  -2.7377220000E-04  -1.7895651000E-03   5.9045000000E-05   2.6323819000E-03
   19     -9.1020550000E-04   1.6744185000E-03   1.0016754000E-03   8.5275350000E-04  -2.6569590000E-03
   20      2.7613480000E-03  -1.4968786000E-03   2.5184449000E-03  -1.3875810000E-03  -4.9782580000E-04
   21     -1.1639240000E-04   6.4519890000E-04   2.2186902000E-03  -4.9815480000E-04  -5.7763440000E-04
   22     -2.3321658000E-03   2.2137177000E-03   2.7204041000E-03   1.8255470000E-03  -1.4465931000E-03
   23      6.1142160000E-04  -2.8104560000E-03  -5.6257377000E-03   1.3554700000E-05  -4.3587580000E-04
   24      4.4539490000E-04  -8.7050320000E-04   3.0257480000E-04  -1.5381640000E-04   1.5929017000E-03
   25     -1.3781886000E-03  -6.2321220000E-04   6.1409350000E-04   9.8987770000E-04   2.4068170000E-04
   26      1.9144617000E-03  -1.0684816000E-03  -5.1935764000E-03  -3.3613643000E-03   2.0675510000E-04
   27     -2.8862018000E-03   1.4336044000E-03   3.3838870000E-04  -7.5901680000E-04  -9.4955500000E-04
   28      1.7681960000E-04   1.6871130000E-04   5.3173690000E-04   1.0458515000E-03  -3.2953270000E-04
   29      4.3429039000E-03  -4.1887210000E-04   1.2593692000E-03   2.1664506000E-03  -2.6060880000E-04
   30      1.3294504000E-03   1.9710614000E-03   1.1599572000E-03  -1.7718720000E-04  -1.8071151000E-03
   31     -3.0946723200E-02  -2.3658384000E-03   2.4923730000E-03   9.2098520000E-04   2.3459200000E-03
   32      3.5293261600E-02   1.4363061000E-03  -1.9379535000E-03   2.4175341000E-03   7.4784470000E-04
   33     -1.0210690480E-01   1.2107740000E-04  -1.9106626000E-03  -1.0238011000E-03   6.6105120000E-04
   34      9.2917482400E-02  -2.5836359000E-03   2.4870370000E-04   1.7723281000E-03   1.3233087000E-03
   35      4.6587814400E-02  -7.1337400000E-05   1.1839921000E-03  -1.6853416000E-03   3.0176920000E-04
   36     -7.1337400000E-05   1.1675142060E-01  -9.6338495900E-02  -1.2713753450E-01   1.5757621400E-02
   37      1.1839921000E-03  -9.6338495900E-02   1.1078478490E-01   8.4220615100E-02   3.5446840900E-02
   38     -1.6853416000E-03  -1.2713753450E-01   8.4220615100E-02   1.1774778140E-01   1.0176323500E-02
