
$orca_hessian_file

$act_atom
  0

$act_coord
  0

$act_energy
      -22.022748

$multiplicity
  1

$hessian
48
                    0                  1                  2                  3                  4        
    0      6.0316739820E-01   3.8177743000E-03  -2.2514308280E-01  -3.0456277430E-01   3.4603016500E-02
    1      3.8177743000E-03   5.6984481630E-01  -1.7093184700E-02   1.1219289800E-02  -7.8277492500E-02
    2     -2.2514308280E-01  -1.7093184700E-02   1.6455308130E-01   1.3634472980E-01  -2.6926228100E-02
    3     -3.0456277430E-01   1.1219289800E-02   1.3634472980E-01   5.8459145450E-01   4.3498236000E-03
    4      3.4603016500E-02  -7.8277492500E-02  -2.6926228100E-02   4.3498236000E-03   5.9299800760E-01
    5      1.8131425510E-01  -1.8219663000E-03  -1.0791180640E-01  -1.7871094060E-01   5.7858125700E-02
    6     -4.8000640600E-02  -2.5682627900E-02   4.4399521100E-02  -1.1408733850E-01  -9.7824144100E-02
    7     -2.5833050100E-02  -1.7955700000E-05   2.6163075600E-02  -9.8644302500E-02  -2.4808202650E-01
    8      5.4373601000E-03   8.9363355000E-03   2.1833450000E-04   3.4511757000E-03  -3.0613951000E-03
    9      6.3004907000E-03  -3.0660987000E-03  -1.1730568300E-02  -4.9166107900E-02  -2.6815813200E-02
   10     -3.5758782000E-03  -2.7184397000E-03   4.4890683000E-03  -2.3982094900E-02   1.8217599000E-03
   11      1.0028506500E-02  -3.7129228000E-03  -2.8079442200E-02  -4.4222775300E-02  -2.5361022000E-02
   12      1.8699725000E-03  -7.4144888000E-03  -5.8684580300E-02  -4.1921540200E-02  -2.0668615700E-02
   13      2.6728350000E-04  -2.2554654000E-03  -2.6617733400E-02  -1.7724843500E-02  -5.9448196000E-03
   14     -9.6686514000E-03  -9.2574700000E-05   3.1651057800E-02   2.7099974400E-02   1.8554565200E-02
   15     -1.7517427000E-02   5.3131321000E-03   7.3875970400E-02   4.2029014200E-02   1.4345270000E-02
   16     -3.1647636000E-03  -1.8210216100E-02   2.6950595200E-02   1.5890308400E-02   7.4138239000E-03
   17     -2.3425217000E-03   1.0001431600E-02   6.2646274300E-02   4.9484060100E-02   1.7557330800E-02
   18     -1.2391456370E-01  -1.1879580110E-01   2.6438641500E-02  -1.5484338200E-02  -2.0198516500E-02
   19     -1.1960530240E-01  -2.1823370140E-01   2.8415143100E-02  -8.3843430000E-04  -3.8992000000E-06
   20      2.1139782500E-02   2.5398417400E-02  -3.6579583600E-02   1.1909023900E-02   1.5862127400E-02
   21     -1.0129569570E-01   1.0867712300E-01   1.6248495200E-02  -1.0970408700E-02   2.4012487400E-02
   22      1.0650716170E-01  -2.4552286600E-01  -1.1632479400E-02   6.4691217000E-03  -4.6751712000E-03
   23      7.4073395000E-03  -8.2877855000E-03  -2.5561566400E-02   1.5565423200E-02  -1.5399564400E-02
   24     -1.5186163100E-02   2.5474520900E-02   1.9511984000E-03  -9.5585930400E-02   9.7917143900E-02
   25      4.0651627000E-03  -3.6789812000E-03  -1.2301002000E-03   9.9320779400E-02  -2.3858350130E-01
   26      1.1577734700E-02  -1.2494968200E-02  -8.0273752000E-03   8.3546833000E-03  -2.7543354600E-02
   27      5.6578090000E-04  -1.5545203000E-03   1.4390323000E-03   8.9126542000E-03  -1.1096372300E-02
   28      9.7476830000E-04   3.9072320000E-04  -1.0550479000E-03   8.7109010000E-03  -2.7341629800E-02
   29      5.5540370000E-04   6.2825600000E-05  -3.9892729000E-03  -4.4411680000E-03  -7.1180132000E-03
   30      3.0523030000E-04  -4.4558310000E-04  -1.7229099000E-03  -4.9340352000E-03  -4.6851610000E-04
   31      1.6061550000E-04   2.0523780000E-04  -7.1019420000E-04  -8.3139940000E-04   6.3752370000E-04
   32     -1.5650426000E-03  -1.4732625000E-03   8.9422680000E-04  -4.4603586000E-03   2.1752688000E-03
   33      1.7837150000E-04  -2.7711800000E-04  -1.0700793000E-03  -9.4291150000E-04   7.6419270000E-04
   34     -1.0201380000E-04  -2.1920480000E-04   3.2385800000E-04  -1.8797367000E-03   9.1399650000E-04
   35     -4.6225400000E-05   6.0332230000E-04   1.3237651000E-03   2.9685199000E-03   1.9105737000E-03
   36      6.2291730000E-04  -2.6640000000E-07  -4.1026663000E-03  -1.2024571000E-03  -3.0649230000E-04
   37      7.4671990000E-04   3.1638780000E-04  -1.3305632000E-03   3.5095700000E-05  -2.4260610000E-04
   38      2.4347594000E-03  -5.5777691000E-03  -2.3523030200E-02  -6.8453477000E-03  -2.2821650000E-03
   39     -6.3049290000E-04   2.5911085000E-03  -3.4146993000E-03  -2.6389510000E-04  -5.1636820000E-04
   40      5.8739130000E-04  -5.2668590000E-04   1.5009440000E-03   1.7317240000E-04   2.3243960000E-04
   41     -2.6839825000E-03   7.5980927000E-03  -1.2677140500E-02  -4.3196610000E-03  -3.9249060000E-04
   42     -1.2637750000E-03   2.0659240000E-04   2.8965702000E-03   1.7547270000E-03   8.0861270000E-04
   43     -6.8080840000E-04   1.0702580000E-04   6.6178840000E-04   6.1613730000E-04   3.4064010000E-04
   44      8.5586120000E-04  -1.3289882000E-03  -9.3701069000E-03  -7.4117246000E-03  -3.4696303000E-03
   45     -6.3862910000E-04  -6.3036700000E-05   2.2744273000E-03   1.8338870000E-03   1.0942914000E-03
   46      1.2319227000E-03  -1.2031821000E-03  -1.9089415000E-03  -2.8838180000E-03  -1.2070450000E-03
   47      6.9850370000E-04  -7.1700330000E-04  -5.5674155000E-03  -4.7656146000E-03  -2.3641285000E-03
                    5                  6                  7                  8                  9        
    0      1.8131425510E-01  -4.8000640600E-02  -2.5833050100E-02   5.4373601000E-03   6.3004907000E-03
    1     -1.8219663000E-03  -2.5682627900E-02  -1.7955700000E-05   8.9363355000E-03  -3.0660987000E-03
    2     -1.0791180640E-01   4.4399521100E-02   2.6163075600E-02   2.1833450000E-04  -1.1730568300E-02
    3     -1.7871094060E-01  -1.1408733850E-01  -9.8644302500E-02   3.4511757000E-03  -4.9166107900E-02
    4      5.7858125700E-02  -9.7824144100E-02  -2.4808202650E-01  -3.0613951000E-03  -2.6815813200E-02
    5      2.4475230850E-01  -6.3814353000E-03  -8.1106831000E-03  -3.3370976900E-02  -5.7852372000E-03
    6     -6.3814353000E-03   6.1538626640E-01  -7.7119036000E-03   1.7057637800E-01  -3.3412297420E-01
    7     -8.1106831000E-03  -7.7119036000E-03   6.0087696920E-01  -3.4868518000E-02   4.4743281400E-02
    8     -3.3370976900E-02   1.7057637800E-01  -3.4868518000E-02   2.2482159530E-01  -1.7552442480E-01
    9     -5.7852372000E-03  -3.3412297420E-01   4.4743281400E-02  -1.7552442480E-01   6.2333673540E-01
   10     -7.2533997000E-03   1.8473777400E-02  -7.9989474400E-02   1.4913238000E-03  -7.9876288000E-03
   11     -5.1856460000E-04  -1.3580044220E-01   2.7227946400E-02  -9.8009155600E-02   2.2650402960E-01
   12      1.2335944800E-02   4.1541951400E-02   1.4851593400E-02   2.7068286500E-02  -1.5851042000E-02
   13      1.1390918100E-02   1.7200588800E-02   1.0231389800E-02   1.1959085200E-02  -2.9875458000E-03
   14     -1.7017307100E-02  -5.0651965200E-02  -1.6621464700E-02  -4.4787086000E-02   2.2164255000E-03
   15     -2.8647934500E-02  -3.7503506300E-02  -1.9130158500E-02  -1.0729467400E-02   4.9572001000E-03
   16     -1.2417681600E-02  -1.7277591400E-02  -6.2600642000E-03  -3.4731060000E-03   2.3948871000E-03
   17     -5.0473528600E-02  -2.5620534700E-02  -1.7430771900E-02  -1.7574998700E-02   9.3111738000E-03
   18      4.4684419000E-03  -5.0042632000E-03  -8.4451650000E-04   4.6277352000E-03   4.8563140000E-04
   19      6.3433910000E-04  -1.2144466000E-03   7.7361070000E-04   2.3689520000E-04   1.3913850000E-04
   20     -5.5576204000E-03   4.9213456000E-03  -2.2840564000E-03   4.7484389000E-03   1.5503628000E-03
   21      1.4894471000E-03  -1.3766156000E-03   6.7213020000E-04  -1.8602618000E-03   2.9717490000E-04
   22     -3.4358826000E-03  -1.7238902000E-03   9.5152650000E-04   5.5714700000E-04  -1.1997780000E-04
   23     -5.7953605000E-03  -3.1763233000E-03  -1.6868091000E-03  -3.0330496000E-03   1.4676500000E-04
   24      1.9725172900E-02   9.1141854000E-03  -1.1261948300E-02  -1.4959204000E-03   5.5743200000E-04
   25     -2.9668812800E-02   8.8024504000E-03  -2.8195398400E-02  -1.8418296000E-03   1.1728826000E-03
   26     -3.4184764300E-02   4.3406439000E-03   4.9791988000E-03   1.0790860000E-03  -5.9151410000E-04
   27      6.0635700000E-04  -9.5832900400E-02   9.9105386500E-02  -1.1852384900E-02  -1.5814865900E-02
   28     -1.0660100000E-04   1.0073203260E-01  -2.4315433860E-01   1.5893976300E-02   4.7671142000E-03
   29      8.1109630000E-04  -2.6432180000E-04   1.4813485500E-02  -3.2287671800E-02  -1.0887083800E-02
   30     -4.3456054000E-03  -1.6253638000E-02  -2.0602001600E-02  -6.0038292000E-03  -1.2033915280E-01
   31     -3.5731960000E-04  -4.9765360000E-04   7.4662230000E-04  -2.2055400000E-04  -1.1822776710E-01
   32      5.9721782000E-03  -1.0796926800E-02  -1.4414125300E-02  -5.7744663000E-03  -2.8396529900E-02
   33      1.9340608000E-03  -1.1894757800E-02   2.4939626100E-02  -7.4418390000E-04  -9.9563617400E-02
   34     -3.0937480000E-04   7.1060689000E-03  -5.5545485000E-03   2.9408671000E-03   1.0552874540E-01
   35     -3.2787980000E-03  -1.4247084800E-02   1.4279478400E-02  -4.1785939000E-03  -5.0221453000E-03
   36      3.5181130000E-04   1.2546423000E-03   6.9035470000E-04  -3.5767910000E-04  -1.0685769000E-03
   37     -4.7339600000E-05  -3.7957400000E-04  -1.6385900000E-05   1.3755150000E-04  -6.0178010000E-04
   38      3.1343423000E-03   5.8859559000E-03   2.9476038000E-03   1.9041373000E-03  -9.4023580000E-04
   39      7.9029480000E-04   2.7595710000E-04   2.6750000000E-04  -1.8037300000E-04  -5.5484580000E-04
   40     -1.3667260000E-04  -6.2254900000E-05  -2.1062680000E-04  -3.2012260000E-04  -6.9853500000E-05
   41      2.1450253000E-03   4.0472022000E-03   1.5563640000E-03  -2.2644680000E-04  -5.8308270000E-04
   42      5.1403770000E-04  -1.4689943000E-03  -4.6577740000E-04  -5.2137490000E-04   8.2615540000E-04
   43     -2.1564570000E-04  -1.0155333000E-03  -4.1217090000E-04  -2.1743510000E-04   6.1206130000E-04
   44      1.9369462000E-03   7.5328156000E-03   2.6059422000E-03   3.5751591000E-03  -2.5704381000E-03
   45      3.4132960000E-04  -2.0273738000E-03  -7.7621390000E-04  -1.8910363000E-03  -2.7963710000E-04
   46     -6.0020035000E-03   1.0747015000E-03  -1.6871287000E-03   1.8497788000E-03   5.1835440000E-04
   47     -6.4316990000E-04   5.2351718000E-03   8.4333380000E-04   2.8956945000E-03   2.3025033000E-03
                   10                 11                 12                 13                 14        
    0     -3.5758782000E-03   1.0028506500E-02   1.8699725000E-03   2.6728350000E-04  -9.6686514000E-03
    1     -2.7184397000E-03  -3.7129228000E-03  -7.4144888000E-03  -2.2554654000E-03  -9.2574700000E-05
    2      4.4890683000E-03  -2.8079442200E-02  -5.8684580300E-02  -2.6617733400E-02   3.1651057800E-02
    3     -2.3982094900E-02  -4.4222775300E-02  -4.1921540200E-02  -1.7724843500E-02   2.7099974400E-02
    4      1.8217599000E-03  -2.5361022000E-02  -2.0668615700E-02  -5.9448196000E-03   1.8554565200E-02
    5     -7.2533997000E-03  -5.1856460000E-04   1.2335944800E-02   1.1390918100E-02  -1.7017307100E-02
    6      1.8473777400E-02  -1.3580044220E-01   4.1541951400E-02   1.7200588800E-02  -5.0651965200E-02
    7     -7.9989474400E-02   2.7227946400E-02   1.4851593400E-02   1.0231389800E-02  -1.6621464700E-02
    8      1.4913238000E-03  -9.8009155600E-02   2.7068286500E-02   1.1959085200E-02  -4.4787086000E-02
    9     -7.9876288000E-03   2.2650402960E-01  -1.5851042000E-02  -2.9875458000E-03   2.2164255000E-03
   10      5.7094763880E-01   3.6469986000E-02   7.7957881000E-03  -1.1356643600E-02  -8.1772519000E-03
   11      3.6469986000E-02   1.6283882990E-01  -6.3110144900E-02  -2.6678923800E-02   5.8182918700E-02
   12      7.7957881000E-03  -6.3110144900E-02   5.9605019280E-01   1.9241795000E-02   1.5051477200E-01
   13     -1.1356643600E-02  -2.6678923800E-02   1.9241795000E-02   4.9476696020E-01   4.5691107700E-02
   14     -8.1772519000E-03   5.8182918700E-02   1.5051477200E-01   4.5691107700E-02   1.0962024820E-01
   15     -8.5428146000E-03   4.4396406100E-02  -2.6399779470E-01  -1.0481706090E-01  -5.1570507400E-02
   16     -3.2216282000E-03   2.0729140100E-02  -1.0479654360E-01  -1.3484530440E-01  -2.6029132200E-02
   17     -2.2476620000E-03   2.7149675100E-02   4.7550662600E-02   1.7042173100E-02  -6.9135615500E-02
   18     -5.7991910000E-04   1.6056353000E-03   7.6460930000E-04   5.1533650000E-04  -1.6849119000E-03
   19      7.4979500000E-05   5.1562320000E-04   3.2459530000E-04  -3.3259170000E-04   2.0538200000E-05
   20      1.3582906000E-03   8.7244670000E-04   3.0454620000E-04   7.1512670000E-04  -2.4851372000E-03
   21     -3.7292360000E-04   1.1210691000E-03   1.0781985000E-03   1.5202198000E-03  -1.3265550000E-03
   22     -1.9058640000E-04  -4.4905310000E-04  -2.3338930000E-04   1.0099220000E-04   9.0053200000E-05
   23     -6.9240640000E-04   1.2627726000E-03   1.9657852000E-03   1.4898667000E-03  -1.7233245000E-03
   24     -1.3796051000E-03  -1.6712975000E-03  -1.3370853000E-03  -4.9950030000E-04   1.3105369000E-03
   25      3.5853970000E-04   1.3543659000E-03   3.9827580000E-04  -8.9176110000E-04  -4.0329500000E-05
   26      2.7135360000E-04  -3.8285631000E-03  -2.1481800000E-03  -1.6484682000E-03   2.3615610000E-03
   27      2.6016229900E-02  -1.0644406000E-03   1.1470910000E-03   1.2765457000E-03  -1.4932167000E-03
   28     -4.2605902000E-03   1.6127158000E-03   6.0543400000E-04  -7.0972410000E-04   9.6036900000E-05
   29      1.1245801500E-02  -6.7514972000E-03  -3.1857993000E-03  -6.0120990000E-04   2.8950389000E-03
   30     -1.1660366440E-01  -3.2418147900E-02  -3.7981422000E-03  -5.3788409000E-03   2.2288994000E-03
   31     -2.2000306280E-01  -4.0060697800E-02  -9.7170140000E-04  -1.2642254000E-03   6.7261200000E-04
   32     -3.7554301500E-02  -4.1073339100E-02   5.7995273000E-03   6.2921443000E-03  -1.7642933000E-03
   33      1.0737147190E-01  -1.2796462700E-02  -4.1833383000E-03   2.1598932000E-03   3.5499959000E-03
   34     -2.4641677920E-01   6.2648563000E-03   7.1861900000E-04  -1.0821680000E-03   7.3189200000E-05
   35      3.1463663000E-03  -2.6687359700E-02   6.7817746000E-03  -2.5315457000E-03  -6.0779115000E-03
   36      1.6104370000E-04  -2.0111060000E-03  -3.2254470200E-02   9.0536660000E-03   7.9286406000E-03
   37     -5.7105560000E-04   3.4572360000E-04  -1.0408423300E-02   7.3098242000E-03   3.1182250000E-03
   38      1.4540026000E-03  -6.3908569000E-03  -1.1808707900E-02  -7.7719996000E-03   6.6184381000E-03
   39     -3.6112370000E-04  -2.0081910000E-04  -1.4185892000E-03  -2.4478342800E-02   2.0158932000E-03
   40     -2.1633590000E-04   1.4798960000E-04  -4.7376320000E-04  -1.9191986200E-02   9.3358930000E-04
   41      7.2133290000E-04  -4.4214927000E-03  -6.9089415000E-03  -1.7080169000E-03   1.3949474000E-03
   42     -2.4229840000E-04   3.7264008000E-03  -2.3090237630E-01   9.1142107300E-02  -7.7454208600E-02
   43     -3.6426000000E-05   3.5662965000E-03   9.2476440000E-02  -7.5903284700E-02   2.7601930900E-02
   44      5.3607389000E-03  -2.1707688300E-02  -9.6675674100E-02   2.6249292100E-02  -3.4972827500E-02
   45      3.8096398000E-03   5.9135887000E-03  -4.6787637200E-02   1.3508698400E-02  -3.0151217000E-03
   46     -4.2218960000E-03  -1.9720240000E-03   8.5543847000E-03  -2.5863119220E-01  -4.5891094700E-02
   47     -1.0083243100E-02  -1.2838683600E-02  -9.7992713000E-03  -5.3271816400E-02  -3.4760707500E-02
                   15                 16                 17                 18                 19        
    0     -1.7517427000E-02  -3.1647636000E-03  -2.3425217000E-03  -1.2391456370E-01  -1.1960530240E-01
    1      5.3131321000E-03  -1.8210216100E-02   1.0001431600E-02  -1.1879580110E-01  -2.1823370140E-01
    2      7.3875970400E-02   2.6950595200E-02   6.2646274300E-02   2.6438641500E-02   2.8415143100E-02
    3      4.2029014200E-02   1.5890308400E-02   4.9484060100E-02  -1.5484338200E-02  -8.3843430000E-04
    4      1.4345270000E-02   7.4138239000E-03   1.7557330800E-02  -2.0198516500E-02  -3.8992000000E-06
    5     -2.8647934500E-02  -1.2417681600E-02  -5.0473528600E-02   4.4684419000E-03   6.3433910000E-04
    6     -3.7503506300E-02  -1.7277591400E-02  -2.5620534700E-02  -5.0042632000E-03  -1.2144466000E-03
    7     -1.9130158500E-02  -6.2600642000E-03  -1.7430771900E-02  -8.4451650000E-04   7.7361070000E-04
    8     -1.0729467400E-02  -3.4731060000E-03  -1.7574998700E-02   4.6277352000E-03   2.3689520000E-04
    9      4.9572001000E-03   2.3948871000E-03   9.3111738000E-03   4.8563140000E-04   1.3913850000E-04
   10     -8.5428146000E-03  -3.2216282000E-03  -2.2476620000E-03  -5.7991910000E-04   7.4979500000E-05
   11      4.4396406100E-02   2.0729140100E-02   2.7149675100E-02   1.6056353000E-03   5.1562320000E-04
   12     -2.6399779470E-01  -1.0479654360E-01   4.7550662600E-02   7.6460930000E-04   3.2459530000E-04
   13     -1.0481706090E-01  -1.3484530440E-01   1.7042173100E-02   5.1533650000E-04  -3.3259170000E-04
   14     -5.1570507400E-02  -2.6029132200E-02  -6.9135615500E-02  -1.6849119000E-03   2.0538200000E-05
   15      5.6263302670E-01   1.3551000000E-02  -1.4322656150E-01  -4.3718630000E-03  -1.3157870000E-04
   16      1.3551000000E-02   6.1104781530E-01  -1.8312773900E-02  -4.2969167000E-03  -4.8294010000E-04
   17     -1.4322656150E-01  -1.8312773900E-02   1.1277636350E-01  -2.5906583000E-03  -3.4318470000E-04
   18     -4.3718630000E-03  -4.2969167000E-03  -2.5906583000E-03   1.4039674000E-01   1.3406134110E-01
   19     -1.3157870000E-04  -4.8294010000E-04  -3.4318470000E-04   1.3406134110E-01   2.3949476970E-01
   20     -6.9475606000E-03  -6.0647470000E-03  -2.5999617000E-03  -2.9821191300E-02  -3.2619006700E-02
   21     -5.0531102000E-03   2.7488751000E-03  -5.1228806000E-03   6.9928514000E-03  -1.3832196100E-02
   22      1.0035852000E-03  -2.2268430000E-04   5.7967140000E-04   1.0437394800E-02  -2.3834458400E-02
   23     -8.5376280000E-03   4.3515053000E-03  -8.7987809000E-03  -1.1601013000E-03   3.3050694000E-03
   24      1.3392319000E-03   6.4170250000E-04   1.4228863000E-03   2.4918360000E-04   7.4869260000E-04
   25      9.6489600000E-05  -9.7998500000E-05  -1.9789740000E-04  -5.2841030000E-04   1.0567967000E-03
   26      2.4706561000E-03   9.8843470000E-04   3.1364593000E-03  -1.3032178000E-03  -1.7127270000E-04
   27     -1.0963345000E-03  -4.2107110000E-04  -1.1638173000E-03  -5.0569000000E-06   1.4861690000E-04
   28      9.5750100000E-05  -1.4609990000E-04  -4.3419300000E-05   8.6433500000E-05   6.1733850000E-04
   29      2.3408709000E-03   8.5481770000E-04   2.4707437000E-03  -7.5992600000E-05   2.4360000000E-06
   30      7.7522910000E-04   4.6816790000E-04   1.4866578000E-03   4.4515720000E-04   1.2558800000E-04
   31      4.4802940000E-04  -9.4306500000E-05   2.5799580000E-04   1.6879530000E-04   7.8635300000E-05
   32     -1.3408340000E-04  -5.4124540000E-04  -2.0528560000E-03  -7.2945420000E-04  -1.6468530000E-04
   33      1.0788755000E-03   6.7883180000E-04   1.0978846000E-03   2.4030000000E-07  -5.4866900000E-05
   34     -1.1764270000E-04   2.6740460000E-04  -1.0017900000E-05  -1.0771950000E-04   6.0626300000E-05
   35     -1.9214574000E-03  -9.4902310000E-04  -1.7168655000E-03   2.4209950000E-04  -1.0222690000E-04
   36     -2.1298335300E-01   1.0875325240E-01   7.9996030700E-02   5.0984000000E-05  -1.0451640000E-04
   37      1.0858529560E-01  -1.0901958280E-01  -4.3567099400E-02   9.3371000000E-05  -4.9563410000E-04
   38      9.7587865600E-02  -3.9982078900E-02  -4.2933535000E-02   5.6826200000E-05  -8.8490200000E-05
   39     -4.0721134200E-02   1.4886656000E-02   3.5276380000E-03  -4.7673160000E-04   1.4291190000E-04
   40      1.1200654000E-02  -3.0840466510E-01   4.0140473300E-02  -1.3738440000E-04   7.6201340000E-04
   41      1.0934194800E-02   4.7811754900E-02  -2.6082139900E-02  -3.5364590000E-04   3.5201230000E-04
   42     -2.8006399500E-02   5.6132605000E-03  -6.8478976000E-03  -8.0656900000E-05   7.7753300000E-05
   43     -1.1711592300E-02   4.3257155000E-03  -1.9794145000E-03  -3.1023000000E-06   7.2310400000E-05
   44      1.3776799900E-02   7.6824819000E-03   6.5261412000E-03   1.7201680000E-04   4.8141900000E-05
   45     -1.5616552000E-03  -3.5670055400E-02  -6.9621222000E-03  -4.7923700000E-05   1.2703800000E-05
   46     -1.0188358200E-02  -4.2049269200E-02  -1.4468349000E-03   1.2961400000E-04   3.9214440000E-04
   47      6.3324363000E-03  -1.5989417000E-03   6.6626249000E-03   1.0777680000E-04  -4.1331900000E-05
                   20                 21                 22                 23                 24        
    0      2.1139782500E-02  -1.0129569570E-01   1.0650716170E-01   7.4073395000E-03  -1.5186163100E-02
    1      2.5398417400E-02   1.0867712300E-01  -2.4552286600E-01  -8.2877855000E-03   2.5474520900E-02
    2     -3.6579583600E-02   1.6248495200E-02  -1.1632479400E-02  -2.5561566400E-02   1.9511984000E-03
    3      1.1909023900E-02  -1.0970408700E-02   6.4691217000E-03   1.5565423200E-02  -9.5585930400E-02
    4      1.5862127400E-02   2.4012487400E-02  -4.6751712000E-03  -1.5399564400E-02   9.7917143900E-02
    5     -5.5576204000E-03   1.4894471000E-03  -3.4358826000E-03  -5.7953605000E-03   1.9725172900E-02
    6      4.9213456000E-03  -1.3766156000E-03  -1.7238902000E-03  -3.1763233000E-03   9.1141854000E-03
    7     -2.2840564000E-03   6.7213020000E-04   9.5152650000E-04  -1.6868091000E-03  -1.1261948300E-02
    8      4.7484389000E-03  -1.8602618000E-03   5.5714700000E-04  -3.0330496000E-03  -1.4959204000E-03
    9      1.5503628000E-03   2.9717490000E-04  -1.1997780000E-04   1.4676500000E-04   5.5743200000E-04
   10      1.3582906000E-03  -3.7292360000E-04  -1.9058640000E-04  -6.9240640000E-04  -1.3796051000E-03
   11      8.7244670000E-04   1.1210691000E-03  -4.4905310000E-04   1.2627726000E-03  -1.6712975000E-03
   12      3.0454620000E-04   1.0781985000E-03  -2.3338930000E-04   1.9657852000E-03  -1.3370853000E-03
   13      7.1512670000E-04   1.5202198000E-03   1.0099220000E-04   1.4898667000E-03  -4.9950030000E-04
   14     -2.4851372000E-03  -1.3265550000E-03   9.0053200000E-05  -1.7233245000E-03   1.3105369000E-03
   15     -6.9475606000E-03  -5.0531102000E-03   1.0035852000E-03  -8.5376280000E-03   1.3392319000E-03
   16     -6.0647470000E-03   2.7488751000E-03  -2.2268430000E-04   4.3515053000E-03   6.4170250000E-04
   17     -2.5999617000E-03  -5.1228806000E-03   5.7967140000E-04  -8.7987809000E-03   1.4228863000E-03
   18     -2.9821191300E-02   6.9928514000E-03   1.0437394800E-02  -1.1601013000E-03   2.4918360000E-04
   19     -3.2619006700E-02  -1.3832196100E-02  -2.3834458400E-02   3.3050694000E-03   7.4869260000E-04
   20      4.1606551300E-02  -4.6889770000E-04  -1.5786991000E-03   1.6477122000E-03  -1.6852687000E-03
   21     -4.6889770000E-04   1.1234688780E-01  -1.2186773880E-01  -1.6047463900E-02  -2.3086773000E-03
   22     -1.5786991000E-03  -1.2186773880E-01   2.7090913260E-01   1.5642689000E-02   8.3433270000E-04
   23      1.6477122000E-03  -1.6047463900E-02   1.5642689000E-02   3.9867719400E-02   6.5863647000E-03
   24     -1.6852687000E-03  -2.3086773000E-03   8.3433270000E-04   6.5863647000E-03   1.0523251200E-01
   25      5.7108030000E-04  -1.4355820000E-04   8.5090640000E-04  -6.9686070000E-04  -1.0965602440E-01
   26     -2.1554325000E-03   5.3678647000E-03   1.5540300000E-05   4.7485373000E-03  -2.6833974500E-02
   27      1.1705000000E-06  -5.4024800000E-04  -2.3082410000E-04  -1.1696000000E-05  -1.9145330000E-03
   28     -4.7562340000E-04  -8.0464320000E-04   3.9092910000E-04   5.6581850000E-04  -2.3478095000E-03
   29     -1.6409580000E-04   5.0921450000E-04   4.1290130000E-04   3.1523760000E-04   1.2062035000E-03
   30      6.6532330000E-04   2.0040000000E-06  -1.0697080000E-04  -2.5121260000E-04  -4.5707000000E-06
   31      1.2259000000E-04  -4.5044000000E-05   4.6647300000E-05   1.1588210000E-04   1.3739150000E-04
   32      3.4966730000E-04   1.0285300000E-04   3.2390000000E-06   2.8514000000E-06   6.4586000000E-06
   33     -8.2872000000E-05   3.1924640000E-04  -1.8656630000E-04  -7.5318300000E-05  -4.5601350000E-04
   34     -2.5120000000E-07  -1.9877190000E-04  -9.1848000000E-05   7.6670900000E-05  -1.6599730000E-04
   35     -3.4370300000E-05   5.8566400000E-05  -5.9147000000E-05  -1.6892740000E-04   5.7320100000E-05
   36     -1.8224400000E-04   5.0709640000E-04  -3.7449270000E-04  -1.9449243000E-03   1.5044310000E-04
   37     -1.9008810000E-04   1.7201600000E-04   9.8748200000E-04   1.3859241000E-03  -2.7068480000E-04
   38      1.5793220000E-04  -4.6220900000E-05   4.2366100000E-05  -2.1462736000E-03  -2.8879590000E-04
   39     -9.1538950000E-04  -2.2227110000E-04  -2.1710840000E-04  -4.3298610000E-04   4.7693000000E-06
   40     -5.2822980000E-04  -1.6293570000E-04   2.4452690000E-04  -1.3012750000E-04  -1.0880340000E-04
   41      2.6312200000E-05  -6.4605860000E-04  -1.3474180000E-04  -1.2844888000E-03   8.2711500000E-05
   42     -2.0512820000E-04   1.7082400000E-05  -1.7174100000E-04  -1.8979140000E-04   9.5993300000E-05
   43     -7.0971500000E-05  -4.2258800000E-05  -1.0411700000E-04  -1.4394750000E-04  -3.3211000000E-05
   44     -8.5431000000E-06   3.7347800000E-04  -8.0774300000E-05   5.3776490000E-04  -3.0217050000E-04
   45     -1.8300270000E-04   2.0648480000E-04  -1.8896800000E-05   1.5576740000E-04   4.9222600000E-05
   46     -2.1595920000E-04  -3.3278120000E-04   1.5958820000E-04   1.0407500000E-04  -3.0199900000E-05
   47      1.7568380000E-04   2.4735040000E-04   2.7169900000E-05   1.2917620000E-04  -7.1425500000E-05
                   25                 26                 27                 28                 29        
    0      4.0651627000E-03   1.1577734700E-02   5.6578090000E-04   9.7476830000E-04   5.5540370000E-04
    1     -3.6789812000E-03  -1.2494968200E-02  -1.5545203000E-03   3.9072320000E-04   6.2825600000E-05
    2     -1.2301002000E-03  -8.0273752000E-03   1.4390323000E-03  -1.0550479000E-03  -3.9892729000E-03
    3      9.9320779400E-02   8.3546833000E-03   8.9126542000E-03   8.7109010000E-03  -4.4411680000E-03
    4     -2.3858350130E-01  -2.7543354600E-02  -1.1096372300E-02  -2.7341629800E-02  -7.1180132000E-03
    5     -2.9668812800E-02  -3.4184764300E-02   6.0635700000E-04  -1.0660100000E-04   8.1109630000E-04
    6      8.8024504000E-03   4.3406439000E-03  -9.5832900400E-02   1.0073203260E-01  -2.6432180000E-04
    7     -2.8195398400E-02   4.9791988000E-03   9.9105386500E-02  -2.4315433860E-01   1.4813485500E-02
    8     -1.8418296000E-03   1.0790860000E-03  -1.1852384900E-02   1.5893976300E-02  -3.2287671800E-02
    9      1.1728826000E-03  -5.9151410000E-04  -1.5814865900E-02   4.7671142000E-03  -1.0887083800E-02
   10      3.5853970000E-04   2.7135360000E-04   2.6016229900E-02  -4.2605902000E-03   1.1245801500E-02
   11      1.3543659000E-03  -3.8285631000E-03  -1.0644406000E-03   1.6127158000E-03  -6.7514972000E-03
   12      3.9827580000E-04  -2.1481800000E-03   1.1470910000E-03   6.0543400000E-04  -3.1857993000E-03
   13     -8.9176110000E-04  -1.6484682000E-03   1.2765457000E-03  -7.0972410000E-04  -6.0120990000E-04
   14     -4.0329500000E-05   2.3615610000E-03  -1.4932167000E-03   9.6036900000E-05   2.8950389000E-03
   15      9.6489600000E-05   2.4706561000E-03  -1.0963345000E-03   9.5750100000E-05   2.3408709000E-03
   16     -9.7998500000E-05   9.8843470000E-04  -4.2107110000E-04  -1.4609990000E-04   8.5481770000E-04
   17     -1.9789740000E-04   3.1364593000E-03  -1.1638173000E-03  -4.3419300000E-05   2.4707437000E-03
   18     -5.2841030000E-04  -1.3032178000E-03  -5.0569000000E-06   8.6433500000E-05  -7.5992600000E-05
   19      1.0567967000E-03  -1.7127270000E-04   1.4861690000E-04   6.1733850000E-04   2.4360000000E-06
   20      5.7108030000E-04  -2.1554325000E-03   1.1705000000E-06  -4.7562340000E-04  -1.6409580000E-04
   21     -1.4355820000E-04   5.3678647000E-03  -5.4024800000E-04  -8.0464320000E-04   5.0921450000E-04
   22      8.5090640000E-04   1.5540300000E-05  -2.3082410000E-04   3.9092910000E-04   4.1290130000E-04
   23     -6.9686070000E-04   4.7485373000E-03  -1.1696000000E-05   5.6581850000E-04   3.1523760000E-04
   24     -1.0965602440E-01  -2.6833974500E-02  -1.9145330000E-03  -2.3478095000E-03   1.2062035000E-03
   25      2.7076164160E-01   3.3767731400E-02  -2.3940072000E-03  -3.7736064000E-03  -2.0271346000E-03
   26      3.3767731400E-02   3.2424912900E-02  -1.0192232000E-03   1.5704358000E-03   5.2752189000E-03
   27     -2.3940072000E-03  -1.0192232000E-03   1.0686528740E-01  -1.1180470700E-01   1.8254607300E-02
   28     -3.7736064000E-03   1.5704358000E-03  -1.1180470700E-01   2.7512063000E-01  -1.7739618900E-02
   29     -2.0271346000E-03   5.2752189000E-03   1.8254607300E-02  -1.7739618900E-02   2.9059042400E-02
   30      8.6701800000E-05   7.4319000000E-05   1.8582260000E-04  -6.9915930000E-04   1.2552385000E-03
   31      6.0075190000E-04   1.8324600000E-05   7.5791960000E-04   1.0489646000E-03   3.5751500000E-04
   32      5.2046160000E-04  -1.4856510000E-04   1.6772971000E-03  -3.5456070000E-04  -2.5065211000E-03
   33     -7.8304840000E-04  -4.7086020000E-04  -2.6034156000E-03   1.4902870000E-04  -5.4770867000E-03
   34      5.1726630000E-04  -3.3293250000E-04   1.1174632000E-03   9.1106690000E-04  -1.7032140000E-04
   35     -5.8404220000E-04   2.5280320000E-04  -6.2760874000E-03   2.2107220000E-04   5.7403517000E-03
   36     -1.9374140000E-04   1.7215640000E-04   8.7288900000E-05  -1.2493710000E-04  -2.5800900000E-05
   37      7.4312000000E-05  -1.1978070000E-04  -5.2297200000E-05   4.9695700000E-05   5.2329700000E-05
   38      1.2856090000E-04   8.2650900000E-05   2.2431230000E-04   6.8329100000E-05  -5.2118220000E-04
   39      7.8425000000E-06  -2.3809200000E-05  -9.6550500000E-05   1.9314000000E-06  -7.3949000000E-06
   40      2.5619470000E-04   4.9625400000E-05  -6.0642900000E-05   1.5395930000E-04  -8.6234700000E-05
   41     -9.5025000000E-05  -3.6838920000E-04   9.1672600000E-05  -1.8495830000E-04  -1.5697190000E-04
   42     -1.4359360000E-04   2.8404600000E-05   1.2216250000E-04  -1.6238360000E-04  -9.6303300000E-05
   43      4.5449300000E-05   6.7928000000E-06  -1.8638330000E-04  -3.5092800000E-05   1.6155970000E-04
   44      2.9304800000E-05  -5.5539860000E-04   3.6590390000E-04  -1.3503980000E-04  -1.0558230000E-04
   45     -1.0820150000E-04   4.3163000000E-06   1.7817100000E-05  -1.7975400000E-04   3.3941290000E-04
   46      6.9938820000E-04   6.4333940000E-04  -6.2133640000E-04   7.3777440000E-04  -2.2113930000E-04
   47      1.0526900000E-05  -9.2741500000E-05   2.2051290000E-04   6.6484700000E-05  -8.3934300000E-05
                   30                 31                 32                 33                 34        
    0      3.0523030000E-04   1.6061550000E-04  -1.5650426000E-03   1.7837150000E-04  -1.0201380000E-04
    1     -4.4558310000E-04   2.0523780000E-04  -1.4732625000E-03  -2.7711800000E-04  -2.1920480000E-04
    2     -1.7229099000E-03  -7.1019420000E-04   8.9422680000E-04  -1.0700793000E-03   3.2385800000E-04
    3     -4.9340352000E-03  -8.3139940000E-04  -4.4603586000E-03  -9.4291150000E-04  -1.8797367000E-03
    4     -4.6851610000E-04   6.3752370000E-04   2.1752688000E-03   7.6419270000E-04   9.1399650000E-04
    5     -4.3456054000E-03  -3.5731960000E-04   5.9721782000E-03   1.9340608000E-03  -3.0937480000E-04
    6     -1.6253638000E-02  -4.9765360000E-04  -1.0796926800E-02  -1.1894757800E-02   7.1060689000E-03
    7     -2.0602001600E-02   7.4662230000E-04  -1.4414125300E-02   2.4939626100E-02  -5.5545485000E-03
    8     -6.0038292000E-03  -2.2055400000E-04  -5.7744663000E-03  -7.4418390000E-04   2.9408671000E-03
    9     -1.2033915280E-01  -1.1822776710E-01  -2.8396529900E-02  -9.9563617400E-02   1.0552874540E-01
   10     -1.1660366440E-01  -2.2000306280E-01  -3.7554301500E-02   1.0737147190E-01  -2.4641677920E-01
   11     -3.2418147900E-02  -4.0060697800E-02  -4.1073339100E-02  -1.2796462700E-02   6.2648563000E-03
   12     -3.7981422000E-03  -9.7170140000E-04   5.7995273000E-03  -4.1833383000E-03   7.1861900000E-04
   13     -5.3788409000E-03  -1.2642254000E-03   6.2921443000E-03   2.1598932000E-03  -1.0821680000E-03
   14      2.2288994000E-03   6.7261200000E-04  -1.7642933000E-03   3.5499959000E-03   7.3189200000E-05
   15      7.7522910000E-04   4.4802940000E-04  -1.3408340000E-04   1.0788755000E-03  -1.1764270000E-04
   16      4.6816790000E-04  -9.4306500000E-05  -5.4124540000E-04   6.7883180000E-04   2.6740460000E-04
   17      1.4866578000E-03   2.5799580000E-04  -2.0528560000E-03   1.0978846000E-03  -1.0017900000E-05
   18      4.4515720000E-04   1.6879530000E-04  -7.2945420000E-04   2.4030000000E-07  -1.0771950000E-04
   19      1.2558800000E-04   7.8635300000E-05  -1.6468530000E-04  -5.4866900000E-05   6.0626300000E-05
   20      6.6532330000E-04   1.2259000000E-04   3.4966730000E-04  -8.2872000000E-05  -2.5120000000E-07
   21      2.0040000000E-06  -4.5044000000E-05   1.0285300000E-04   3.1924640000E-04  -1.9877190000E-04
   22     -1.0697080000E-04   4.6647300000E-05   3.2390000000E-06  -1.8656630000E-04  -9.1848000000E-05
   23     -2.5121260000E-04   1.1588210000E-04   2.8514000000E-06  -7.5318300000E-05   7.6670900000E-05
   24     -4.5707000000E-06   1.3739150000E-04   6.4586000000E-06  -4.5601350000E-04  -1.6599730000E-04
   25      8.6701800000E-05   6.0075190000E-04   5.2046160000E-04  -7.8304840000E-04   5.1726630000E-04
   26      7.4319000000E-05   1.8324600000E-05  -1.4856510000E-04  -4.7086020000E-04  -3.3293250000E-04
   27      1.8582260000E-04   7.5791960000E-04   1.6772971000E-03  -2.6034156000E-03   1.1174632000E-03
   28     -6.9915930000E-04   1.0489646000E-03  -3.5456070000E-04   1.4902870000E-04   9.1106690000E-04
   29      1.2552385000E-03   3.5751500000E-04  -2.5065211000E-03  -5.4770867000E-03  -1.7032140000E-04
   30      1.3674800410E-01   1.3173647840E-01   3.8105228100E-02   6.7961228000E-03   1.0500538100E-02
   31      1.3173647840E-01   2.4056117250E-01   4.4487571700E-02  -1.3157305500E-02  -2.3061190900E-02
   32      3.8105228100E-02   4.4487571700E-02   4.3903318500E-02   5.9034500000E-05   8.5528530000E-04
   33      6.7961228000E-03  -1.3157305500E-02   5.9034500000E-05   1.1096668900E-01  -1.2172522080E-01
   34      1.0500538100E-02  -2.3061190900E-02   8.5528530000E-04  -1.2172522080E-01   2.7236508480E-01
   35      1.6190934000E-03  -4.3983422000E-03   1.6746978000E-03   1.3444608300E-02  -9.2063552000E-03
   36     -8.6946600000E-05   7.4832500000E-05   2.0506310000E-04   5.2172700000E-05  -1.7866490000E-04
   37     -1.3876200000E-04   6.9418400000E-05   1.9977750000E-04  -9.3020700000E-05  -5.5765600000E-05
   38     -9.8153100000E-05  -5.2823300000E-05  -5.6830100000E-05  -2.5452570000E-04   5.6975000000E-05
   39     -6.9960400000E-05   7.7889500000E-05   8.5679500000E-05  -7.9092900000E-05  -3.6800700000E-05
   40      8.2382400000E-05   1.0658650000E-04  -1.0350400000E-05  -1.3800710000E-04   1.2111780000E-04
   41     -1.3829630000E-04  -1.3646940000E-04   2.0237000000E-06  -3.7161100000E-05   2.5911800000E-05
   42      5.8572100000E-05  -1.0238860000E-04   2.8365300000E-04   4.3633800000E-04  -3.8001660000E-04
   43      8.2602700000E-05  -4.6398590000E-04   3.2463690000E-04   2.0167440000E-04   7.0932110000E-04
   44     -3.4753400000E-05   2.0231470000E-04   5.4599300000E-05   5.3655300000E-05  -1.9697400000E-04
   45      1.7030350000E-04   2.7130790000E-04  -2.4239860000E-04  -1.0490920000E-04  -7.8849700000E-05
   46      1.3610390000E-03   7.8521130000E-04  -3.4585400000E-04   1.5043500000E-04   6.1562070000E-04
   47     -4.2185180000E-04  -2.9840540000E-04   5.2330810000E-04   8.6931060000E-04  -3.9138650000E-04
                   35                 36                 37                 38                 39        
    0     -4.6225400000E-05   6.2291730000E-04   7.4671990000E-04   2.4347594000E-03  -6.3049290000E-04
    1      6.0332230000E-04  -2.6640000000E-07   3.1638780000E-04  -5.5777691000E-03   2.5911085000E-03
    2      1.3237651000E-03  -4.1026663000E-03  -1.3305632000E-03  -2.3523030200E-02  -3.4146993000E-03
    3      2.9685199000E-03  -1.2024571000E-03   3.5095700000E-05  -6.8453477000E-03  -2.6389510000E-04
    4      1.9105737000E-03  -3.0649230000E-04  -2.4260610000E-04  -2.2821650000E-03  -5.1636820000E-04
    5     -3.2787980000E-03   3.5181130000E-04  -4.7339600000E-05   3.1343423000E-03   7.9029480000E-04
    6     -1.4247084800E-02   1.2546423000E-03  -3.7957400000E-04   5.8859559000E-03   2.7595710000E-04
    7      1.4279478400E-02   6.9035470000E-04  -1.6385900000E-05   2.9476038000E-03   2.6750000000E-04
    8     -4.1785939000E-03  -3.5767910000E-04   1.3755150000E-04   1.9041373000E-03  -1.8037300000E-04
    9     -5.0221453000E-03  -1.0685769000E-03  -6.0178010000E-04  -9.4023580000E-04  -5.5484580000E-04
   10      3.1463663000E-03   1.6104370000E-04  -5.7105560000E-04   1.4540026000E-03  -3.6112370000E-04
   11     -2.6687359700E-02  -2.0111060000E-03   3.4572360000E-04  -6.3908569000E-03  -2.0081910000E-04
   12      6.7817746000E-03  -3.2254470200E-02  -1.0408423300E-02  -1.1808707900E-02  -1.4185892000E-03
   13     -2.5315457000E-03   9.0536660000E-03   7.3098242000E-03  -7.7719996000E-03  -2.4478342800E-02
   14     -6.0779115000E-03   7.9286406000E-03   3.1182250000E-03   6.6184381000E-03   2.0158932000E-03
   15     -1.9214574000E-03  -2.1298335300E-01   1.0858529560E-01   9.7587865600E-02  -4.0721134200E-02
   16     -9.4902310000E-04   1.0875325240E-01  -1.0901958280E-01  -3.9982078900E-02   1.4886656000E-02
   17     -1.7168655000E-03   7.9996030700E-02  -4.3567099400E-02  -4.2933535000E-02   3.5276380000E-03
   18      2.4209950000E-04   5.0984000000E-05   9.3371000000E-05   5.6826200000E-05  -4.7673160000E-04
   19     -1.0222690000E-04  -1.0451640000E-04  -4.9563410000E-04  -8.8490200000E-05   1.4291190000E-04
   20     -3.4370300000E-05  -1.8224400000E-04  -1.9008810000E-04   1.5793220000E-04  -9.1538950000E-04
   21      5.8566400000E-05   5.0709640000E-04   1.7201600000E-04  -4.6220900000E-05  -2.2227110000E-04
   22     -5.9147000000E-05  -3.7449270000E-04   9.8748200000E-04   4.2366100000E-05  -2.1710840000E-04
   23     -1.6892740000E-04  -1.9449243000E-03   1.3859241000E-03  -2.1462736000E-03  -4.3298610000E-04
   24      5.7320100000E-05   1.5044310000E-04  -2.7068480000E-04  -2.8879590000E-04   4.7693000000E-06
   25     -5.8404220000E-04  -1.9374140000E-04   7.4312000000E-05   1.2856090000E-04   7.8425000000E-06
   26      2.5280320000E-04   1.7215640000E-04  -1.1978070000E-04   8.2650900000E-05  -2.3809200000E-05
   27     -6.2760874000E-03   8.7288900000E-05  -5.2297200000E-05   2.2431230000E-04  -9.6550500000E-05
   28      2.2107220000E-04  -1.2493710000E-04   4.9695700000E-05   6.8329100000E-05   1.9314000000E-06
   29      5.7403517000E-03  -2.5800900000E-05   5.2329700000E-05  -5.2118220000E-04  -7.3949000000E-06
   30      1.6190934000E-03  -8.6946600000E-05  -1.3876200000E-04  -9.8153100000E-05  -6.9960400000E-05
   31     -4.3983422000E-03   7.4832500000E-05   6.9418400000E-05  -5.2823300000E-05   7.7889500000E-05
   32      1.6746978000E-03   2.0506310000E-04   1.9977750000E-04  -5.6830100000E-05   8.5679500000E-05
   33      1.3444608300E-02   5.2172700000E-05  -9.3020700000E-05  -2.5452570000E-04  -7.9092900000E-05
   34     -9.2063552000E-03  -1.7866490000E-04  -5.5765600000E-05   5.6975000000E-05  -3.6800700000E-05
   35      3.6279767100E-02   1.1127040000E-04   8.6712500000E-05   3.7478810000E-04   8.5573700000E-05
   36      1.1127040000E-04   2.4657499080E-01  -1.1848930800E-01  -8.1195708500E-02  -1.0328562000E-03
   37      8.6712500000E-05  -1.1848930800E-01   1.1534356930E-01   4.8556279300E-02   2.2653639800E-02
   38      3.7478810000E-04  -8.1195708500E-02   4.8556279300E-02   6.2885886200E-02  -3.1498360000E-03
