
$orca_hessian_file

$act_atom
  0

$act_coord
  0

$act_energy
      -21.985050

$multiplicity
  1

$hessian
48
                    0                  1                  2                  3                  4        
    0      7.3292617210E-01  -4.8792162000E-03  -1.3538066850E-01  -3.9795807290E-01   4.4135265900E-02
    1     -4.8792162000E-03   5.3384317150E-01  -3.2769600900E-02   1.8907154700E-02  -7.9950070200E-02
    2     -1.3538066850E-01  -3.2769600900E-02   8.2267553800E-02   8.1781266000E-02  -2.8119639000E-02
    3     -3.9795807290E-01   1.8907154700E-02   8.1781266000E-02   6.6495756300E-01  -3.1625532300E-02
    4      4.4135265900E-02  -7.9950070200E-02  -2.8119639000E-02  -3.1625532300E-02   6.0552659980E-01
    5      1.4511028040E-01  -7.4333080000E-04  -3.5468923600E-02  -1.2221563340E-01   3.7764024100E-02
    6     -5.6790031900E-02  -2.2986879400E-02   5.0769695900E-02  -7.8948821600E-02  -7.6557344300E-02
    7     -2.7016408700E-02   1.7644888000E-03   3.3092618700E-02  -8.0412964100E-02  -2.5303174560E-01
    8      4.5966132000E-03   8.7053473000E-03   4.5392386000E-03   3.4494103000E-03   4.9037900000E-05
    9      7.9500998000E-03  -5.3040639000E-03  -1.3633467800E-02  -5.9150934900E-02  -3.0850664200E-02
   10     -3.2372848000E-03  -3.5977816000E-03   3.0407405000E-03  -2.7776629400E-02  -6.6400920000E-04
   11      6.1012875000E-03  -5.2614470000E-03  -2.2270400800E-02  -3.3852874900E-02  -2.2382027300E-02
   12      5.1823900000E-03  -1.0362933000E-02  -6.0610150100E-02  -4.7447980300E-02  -2.2245207200E-02
   13      1.8560436000E-03  -4.9765543000E-03  -2.8656073900E-02  -2.3932247900E-02  -4.9109480000E-03
   14     -5.5331407000E-03   1.0969406000E-03   2.1399216100E-02   1.1110841800E-02   5.5699002000E-03
   15     -1.6189149800E-02   1.0660400300E-02   7.9292381900E-02   4.9323922100E-02   1.3560427500E-02
   16     -4.3303164000E-03  -1.1397170000E-02   2.7705323600E-02   1.8080796000E-02   6.7720962000E-03
   17     -9.4878132000E-03   1.6737354000E-02   6.7484553800E-02   6.3549059600E-02   1.3273765400E-02
   18     -1.4509009970E-01  -1.2348665520E-01   4.8920773000E-03  -1.7249896900E-02  -2.3262690400E-02
   19     -1.2313081430E-01  -1.9949493320E-01   3.7481275000E-03  -2.2293530000E-04   6.1081250000E-04
   20     -7.9568240000E-04  -1.0671171000E-03  -3.5410129900E-02   7.9394103000E-03   1.0637499200E-02
   21     -1.1154711730E-01   1.1272212390E-01  -6.1941737000E-03  -1.4158393700E-02   2.5531153800E-02
   22      1.1028817120E-01  -2.3265256690E-01   1.8370617200E-02   7.0189512000E-03  -5.3658918000E-03
   23     -1.3923682200E-02   2.3979169000E-02  -2.7029239600E-02   1.3085227100E-02  -9.9915889000E-03
   24     -1.7349529500E-02   2.6316079400E-02   8.4370390000E-04  -1.0149492070E-01   1.0863199560E-01
   25      4.2188674000E-03  -3.1207537000E-03  -1.3223049000E-03   1.0804265840E-01  -2.4442954770E-01
   26      7.2922660000E-03  -7.9649587000E-03  -2.7107416000E-03  -5.6167300000E-04   7.7847040000E-04
   27      8.8993360000E-04  -2.8915344000E-03  -3.5701600000E-05   6.1950762000E-03  -9.9397525000E-03
   28      1.3421013000E-03   4.8353480000E-04  -1.8010240000E-04   1.1101200000E-02  -2.7163750600E-02
   29      1.6930530000E-04   5.4833300000E-04  -1.5719693000E-03  -2.0464790000E-04  -3.4124099000E-03
   30     -7.1572130000E-04  -1.0798183000E-03  -6.7681570000E-04  -5.9243735000E-03   6.4014070000E-04
   31     -1.3655500000E-05  -3.0057030000E-04  -7.4532770000E-04  -1.3612762000E-03   6.7773470000E-04
   32     -1.6515468000E-03  -7.9080150000E-04   2.1155340000E-04   1.0259430000E-04   9.1760720000E-04
   33      2.6674220000E-04  -1.1771610000E-04  -1.0489380000E-04   1.3303533000E-03   1.6547695000E-03
   34     -3.0750320000E-04  -3.2300180000E-04   3.3004870000E-04  -1.4921653000E-03   1.5030407000E-03
   35     -4.0378200000E-05   4.4675800000E-05   3.4215520000E-04   1.2001003000E-03   6.0561930000E-04
   36      8.4737010000E-04  -5.1321780000E-04  -4.6599518000E-03  -2.8391722000E-03  -5.5382930000E-04
   37      2.5203030000E-04   8.9000920000E-04  -1.5913560000E-04   1.9038170000E-04  -7.6006570000E-04
   38      2.7450575000E-03  -5.7180710000E-03  -1.9121762400E-02  -7.9917887000E-03  -1.8695200000E-03
   39     -1.5818950000E-04   2.3410430000E-03  -4.7283359000E-03  -1.4871507000E-03  -1.5897690000E-03
   40      6.0743860000E-04  -4.8129850000E-04   2.3213047000E-03   5.0698290000E-04   2.2723640000E-04
   41     -2.1521237000E-03   6.3344282000E-03  -1.6678283000E-02  -5.9412837000E-03  -2.8487000000E-06
   42     -1.6372838000E-03   4.1174380000E-04   5.3088096000E-03   2.9014305000E-03   1.4549184000E-03
   43     -7.7527450000E-04   1.2320020000E-04   1.8087282000E-03   1.3932535000E-03   3.8605640000E-04
   44      1.9801196000E-03  -2.1708862000E-03  -1.1333857400E-02  -7.6780403000E-03  -3.7980490000E-03
   45     -6.2751220000E-04   2.6348910000E-04   3.1362243000E-03   1.9513723000E-03   1.0161180000E-03
   46      9.9055530000E-04  -8.0970400000E-04   1.5346756000E-03   1.5823721000E-03   5.7245230000E-04
   47      9.7010630000E-04  -9.6003460000E-04  -4.6489635000E-03  -3.7719679000E-03  -1.9840800000E-05
                    5                  6                  7                  8                  9        
    0      1.4511028040E-01  -5.6790031900E-02  -2.7016408700E-02   4.5966132000E-03   7.9500998000E-03
    1     -7.4333080000E-04  -2.2986879400E-02   1.7644888000E-03   8.7053473000E-03  -5.3040639000E-03
    2     -3.5468923600E-02   5.0769695900E-02   3.3092618700E-02   4.5392386000E-03  -1.3633467800E-02
    3     -1.2221563340E-01  -7.8948821600E-02  -8.0412964100E-02   3.4494103000E-03  -5.9150934900E-02
    4      3.7764024100E-02  -7.6557344300E-02  -2.5303174560E-01   4.9037900000E-05  -3.0850664200E-02
    5      1.8371440530E-01  -1.4045668700E-02  -1.4716865100E-02  -3.5887547500E-02   4.0912442000E-03
    6     -1.4045668700E-02   7.6422887230E-01  -1.6715776100E-02   2.2793746800E-02  -4.8036673500E-01
    7     -1.4716865100E-02  -1.6715776100E-02   5.9254958290E-01   1.3086530300E-02   2.8858813300E-02
    8     -3.5887547500E-02   2.2793746800E-02   1.3086530300E-02   1.2372191510E-01  -6.1874548600E-02
    9      4.0912442000E-03  -4.8036673500E-01   2.8858813300E-02  -6.1874548600E-02   8.0023989830E-01
   10     -2.5408781000E-03   1.8260064000E-03  -7.7112227900E-02  -8.9864707000E-03   6.8902772000E-03
   11      6.2859022000E-03  -2.1748645000E-02   1.5047464700E-02  -1.0611338100E-02   2.3895189900E-02
   12      9.9471969000E-03   3.5322711300E-02   1.8394229400E-02   2.3513888400E-02  -1.0700983800E-02
   13      1.0387118300E-02   1.3722019100E-02   1.0509154500E-02   7.0686784000E-03  -3.2560219000E-03
   14     -2.4932971000E-02  -3.1402797000E-02  -1.1666091800E-02  -2.5246813700E-02   7.4062879000E-03
   15     -3.3661438000E-02  -4.0259696100E-02  -2.4944916400E-02  -4.9043550000E-04   1.0563033600E-02
   16     -1.3875019000E-02  -1.5573417500E-02  -7.0343004000E-03  -1.4040342000E-03   2.9028481000E-03
   17     -6.5980588600E-02  -2.4345503800E-02  -1.9780630100E-02  -2.4814804100E-02   5.1932457000E-03
   18      2.2124053000E-03  -5.8070351000E-03   1.6568540000E-04   3.6813833000E-03  -4.4049450000E-04
   19      5.7028290000E-04  -1.1703939000E-03   4.9898540000E-04   4.9292100000E-05  -9.8540600000E-05
   20     -1.6492614000E-03   3.9721960000E-03  -1.5591597000E-03   8.3345612000E-03   1.0478259000E-03
   21     -9.2517060000E-04  -4.5465260000E-04   1.6109230000E-03  -8.5446670000E-04   6.3915990000E-04
   22     -1.7647735000E-03  -2.6003057000E-03   1.2462764000E-03   1.6211160000E-04  -2.6865960000E-04
   23     -3.1663778000E-03  -4.1464555000E-03  -1.9097978000E-03  -4.7079492000E-03   4.7474570000E-04
   24      5.3031047000E-03   6.8303693000E-03  -1.1463892200E-02  -3.9148640000E-04   1.4114634000E-03
   25     -4.2948569000E-03   1.1171963700E-02  -2.6715378500E-02  -1.5214970000E-03   1.1457091000E-03
   26     -3.0487782900E-02  -3.7982140000E-04  -5.9060000000E-05  -2.7242000000E-06  -2.9067000000E-05
   27     -7.4530970000E-04  -1.0607378000E-01   1.0917270080E-01   7.9079354000E-03  -2.1548243200E-02
   28     -1.4199079000E-03   1.0942411970E-01  -2.3266149470E-01  -1.6279454600E-02   4.3757376000E-03
   29      4.9318010000E-04   1.2079281100E-02  -1.7164391400E-02  -3.8121141400E-02  -2.8726883000E-03
   30     -2.0563020000E-04  -1.7966304800E-02  -2.6356939400E-02  -2.8200613000E-03  -1.2414328730E-01
   31      3.1201860000E-04  -1.4666742000E-03  -8.7458390000E-04  -5.1641710000E-04  -1.2058743730E-01
   32      1.0651540400E-02  -4.5591736000E-03  -5.0402085000E-03  -5.8626260000E-04   1.0641845400E-02
   33      9.6383000000E-06  -1.9549031000E-02   2.7461109700E-02   3.1127659000E-03  -1.2342816480E-01
   34      4.2346230000E-04   5.6660602000E-03  -3.0402248000E-03   1.5961160000E-04   1.1495197850E-01
   35     -5.3934737000E-03  -4.6378716000E-03   3.4039144000E-03   2.7174090000E-04   2.9287120300E-02
   36      1.0689683000E-03   1.8797661000E-03   1.5199531000E-03  -2.1735030000E-04  -7.4844280000E-04
   37     -5.2912120000E-04  -5.0141390000E-04  -3.6683790000E-04   4.4930100000E-04  -2.5300320000E-04
   38      4.1869480000E-03   6.3151681000E-03   4.3891706000E-03   3.7266450000E-04  -2.1925080000E-03
   39      2.1719503000E-03   1.2777751000E-03   9.8337380000E-04   2.5364000000E-04  -9.3274370000E-04
   40     -3.0246900000E-04  -2.7979650000E-04  -7.6189030000E-04  -4.5506000000E-06   2.0030400000E-04
   41      1.6775962000E-03   4.6614531000E-03   1.5038376000E-03   3.7288900000E-04  -8.0140560000E-04
   42      1.2672030000E-03  -2.2761110000E-03  -5.8395310000E-04  -1.2667702000E-03   6.3701530000E-04
   43     -9.5892200000E-05  -9.5047050000E-04  -5.5811900000E-04   6.6638000000E-06   1.5804880000E-04
   44      6.4836080000E-04   5.1052728000E-03   2.1383224000E-03   2.5960508000E-03  -1.3129948000E-03
   45      6.1685920000E-04  -1.0472950000E-03  -6.7193850000E-04  -1.3942642000E-03   1.9359700000E-05
   46     -9.1737926000E-03  -3.0076972000E-03  -4.4116850000E-03  -1.0241498000E-03   1.1346741000E-03
   47     -4.6910065000E-03  -4.3087710000E-04  -7.6565410000E-04  -2.3047930000E-04   6.7917500000E-04
                   10                 11                 12                 13                 14        
    0     -3.2372848000E-03   6.1012875000E-03   5.1823900000E-03   1.8560436000E-03  -5.5331407000E-03
    1     -3.5977816000E-03  -5.2614470000E-03  -1.0362933000E-02  -4.9765543000E-03   1.0969406000E-03
    2      3.0407405000E-03  -2.2270400800E-02  -6.0610150100E-02  -2.8656073900E-02   2.1399216100E-02
    3     -2.7776629400E-02  -3.3852874900E-02  -4.7447980300E-02  -2.3932247900E-02   1.1110841800E-02
    4     -6.6400920000E-04  -2.2382027300E-02  -2.2245207200E-02  -4.9109480000E-03   5.5699002000E-03
    5     -2.5408781000E-03   6.2859022000E-03   9.9471969000E-03   1.0387118300E-02  -2.4932971000E-02
    6      1.8260064000E-03  -2.1748645000E-02   3.5322711300E-02   1.3722019100E-02  -3.1402797000E-02
    7     -7.7112227900E-02   1.5047464700E-02   1.8394229400E-02   1.0509154500E-02  -1.1666091800E-02
    8     -8.9864707000E-03  -1.0611338100E-02   2.3513888400E-02   7.0686784000E-03  -2.5246813700E-02
    9      6.8902772000E-03   2.3895189900E-02  -1.0700983800E-02  -3.2560219000E-03   7.4062879000E-03
   10      5.3328591570E-01   3.9792894700E-02   3.7995950000E-03  -4.7872357000E-03  -1.7197615000E-03
   11      3.9792894700E-02   8.4025293800E-02  -2.9174823300E-02  -1.1759038900E-02   7.8877733000E-03
   12      3.7995950000E-03  -2.9174823300E-02   5.5668051090E-01   1.5769941400E-02   1.9501219860E-01
   13     -4.7872357000E-03  -1.1759038900E-02   1.5769941400E-02   4.1940846520E-01   3.2720913800E-02
   14     -1.7197615000E-03   7.8877733000E-03   1.9501219860E-01   3.2720913800E-02   2.3700040210E-01
   15     -3.0826350000E-03   2.2755591600E-02  -2.8000419640E-01  -8.3330210900E-02  -5.1190457700E-02
   16     -2.0364889000E-03   9.3149443000E-03  -9.0153642200E-02  -1.1171832040E-01  -2.2968360500E-02
   17     -2.4520375000E-03   1.9374804900E-02   4.8625894900E-02   1.3442144300E-02  -6.0603971100E-02
   18     -9.1753890000E-04   3.2775360000E-04  -1.1667450000E-04  -1.2139740000E-04  -2.0201430000E-04
   19      3.7475000000E-06   1.9002090000E-04   5.1974190000E-04  -3.0084390000E-04   3.5460690000E-04
   20      9.7229820000E-04  -1.1101870000E-04   2.0812750000E-04   7.9557530000E-04  -1.1166933000E-03
   21     -1.7826510000E-04   5.4531130000E-04   4.9519350000E-04   9.1546980000E-04  -7.0693260000E-04
   22     -1.3855290000E-04  -1.0976920000E-04   1.4671570000E-04  -5.0488300000E-05   3.5125400000E-05
   23     -3.5916320000E-04   1.1541515000E-03   3.2988465000E-03   1.3083725000E-03  -7.7196200000E-04
   24     -1.4669969000E-03  -2.8945720000E-04  -8.1491670000E-04   8.3711000000E-05  -8.6807800000E-05
   25      1.0134164000E-03   2.8594800000E-05  -5.8014100000E-05  -2.0521082000E-03   4.7928700000E-04
   26      7.5182000000E-06  -1.2892380000E-03  -2.2457640000E-04   2.3644570000E-04   2.0708230000E-04
   27      2.6839132300E-02   2.4414810000E-03  -5.9194100000E-04   1.2943621000E-03  -5.6701660000E-04
   28     -1.8744097000E-03   1.7787590000E-04   1.2592851000E-03  -1.3747977000E-03   5.5932280000E-04
   29      2.3045304000E-03   9.0158500000E-05  -1.3051725000E-03   5.0595240000E-04  -7.1423340000E-04
   30     -1.1942455760E-01   4.9013439000E-03  -5.0633030000E-04  -7.3115070000E-04   1.1463390000E-04
   31     -2.2600993490E-01   4.3076450000E-03  -3.6193290000E-04  -1.5890867000E-03   4.8592990000E-04
   32      1.0216776700E-02  -3.3132749600E-02  -4.2320920000E-04   8.6355530000E-04   1.3872394000E-03
   33      1.1627352230E-01   2.4222970100E-02  -8.7081280000E-04   7.9649290000E-04   4.9223800000E-05
   34     -2.1696897550E-01  -3.5179384600E-02  -2.6849000000E-06  -1.3542903000E-03  -2.9735640000E-04
   35     -4.0506870500E-02  -3.9771010900E-02  -3.7902440000E-04   1.2359770000E-04   1.1614020000E-04
   36      6.0977500000E-05  -2.2066790000E-03  -3.3066124800E-02   8.3086145000E-03   7.1154431000E-03
   37     -5.5948140000E-04   7.5437000000E-05  -8.1663977000E-03   7.4069839000E-03   2.0414198000E-03
   38      6.6855770000E-04  -3.8358312000E-03  -1.3171379500E-02  -7.8774434000E-03   6.2681401000E-03
   39      3.9654300000E-05  -1.2450107000E-03  -4.2430304000E-03  -2.7173346500E-02   3.1954230000E-04
   40     -1.1875040000E-04  -1.7323240000E-04  -1.7592328000E-03  -1.6335153800E-02  -7.0093550000E-04
   41      3.2314450000E-04  -3.2853608000E-03  -8.3397766000E-03  -1.9221907000E-03  -2.7259740000E-04
   42     -2.6730360000E-04   2.0957266000E-03  -1.7699609190E-01   8.4154261300E-02  -1.2576837200E-01
   43      2.3270270000E-04   1.1233045000E-03   8.6159646200E-02  -6.4796355000E-02   6.0437504900E-02
   44      1.4686632000E-03  -5.1115722000E-03  -1.5569481510E-01   6.5986966100E-02  -1.0674651030E-01
   45      6.2204630000E-04   1.2308346000E-03  -4.2321722700E-02   1.1643459800E-02  -5.6706327000E-03
   46     -6.6793430000E-04   4.8067176000E-03   7.0608903000E-03  -2.2307842130E-01  -6.6428445500E-02
   47     -2.2299427000E-03   6.0043610000E-04  -1.1283225700E-02  -8.3224572900E-02  -5.3860241400E-02
                   15                 16                 17                 18                 19        
    0     -1.6189149800E-02  -4.3303164000E-03  -9.4878132000E-03  -1.4509009970E-01  -1.2313081430E-01
    1      1.0660400300E-02  -1.1397170000E-02   1.6737354000E-02  -1.2348665520E-01  -1.9949493320E-01
    2      7.9292381900E-02   2.7705323600E-02   6.7484553800E-02   4.8920773000E-03   3.7481275000E-03
    3      4.9323922100E-02   1.8080796000E-02   6.3549059600E-02  -1.7249896900E-02  -2.2293530000E-04
    4      1.3560427500E-02   6.7720962000E-03   1.3273765400E-02  -2.3262690400E-02   6.1081250000E-04
    5     -3.3661438000E-02  -1.3875019000E-02  -6.5980588600E-02   2.2124053000E-03   5.7028290000E-04
    6     -4.0259696100E-02  -1.5573417500E-02  -2.4345503800E-02  -5.8070351000E-03  -1.1703939000E-03
    7     -2.4944916400E-02  -7.0343004000E-03  -1.9780630100E-02   1.6568540000E-04   4.9898540000E-04
    8     -4.9043550000E-04  -1.4040342000E-03  -2.4814804100E-02   3.6813833000E-03   4.9292100000E-05
    9      1.0563033600E-02   2.9028481000E-03   5.1932457000E-03  -4.4049450000E-04  -9.8540600000E-05
   10     -3.0826350000E-03  -2.0364889000E-03  -2.4520375000E-03  -9.1753890000E-04   3.7475000000E-06
   11      2.2755591600E-02   9.3149443000E-03   1.9374804900E-02   3.2775360000E-04   1.9002090000E-04
   12     -2.8000419640E-01  -9.0153642200E-02   4.8625894900E-02  -1.1667450000E-04   5.1974190000E-04
   13     -8.3330210900E-02  -1.1171832040E-01   1.3442144300E-02  -1.2139740000E-04  -3.0084390000E-04
   14     -5.1190457700E-02  -2.2968360500E-02  -6.0603971100E-02  -2.0201430000E-04   3.5460690000E-04
   15      5.4928081670E-01   3.4614832300E-02  -1.6085152940E-01  -1.2214873000E-03   1.7837100000E-05
   16      3.4614832300E-02   5.6368732910E-01   5.6942507000E-03  -1.6452547000E-03  -5.1068840000E-04
   17     -1.6085152940E-01   5.6942507000E-03   1.4488629920E-01  -5.8106610000E-04  -2.6896560000E-04
   18     -1.2214873000E-03  -1.6452547000E-03  -5.8106610000E-04   1.6183337150E-01   1.3917829770E-01
   19      1.7837100000E-05  -5.1068840000E-04  -2.6896560000E-04   1.3917829770E-01   2.2526231730E-01
   20     -3.0901060000E-03  -3.5943814000E-03   8.4116520000E-04  -8.2336240000E-03  -6.6353167000E-03
   21     -2.9880755000E-03   1.4261262000E-03  -3.1374724000E-03   7.4373405000E-03  -1.5434599100E-02
   22     -1.4788400000E-04  -9.7098200000E-05   2.9402100000E-05   1.0094913700E-02  -2.9726631600E-02
   23     -7.1450219000E-03   2.9706534000E-03  -8.2279298000E-03  -6.9219800000E-05   2.1662440000E-03
   24     -1.6262200000E-05   4.1837540000E-04   1.9808750000E-04   9.7738340000E-04   7.4798460000E-04
   25      8.1602020000E-04  -4.0712300000E-04   1.6381100000E-04  -5.5199780000E-04   9.1379200000E-04
   26      7.9118750000E-04   7.0040750000E-04   1.1110969000E-03  -8.7396470000E-04   1.2797900000E-05
   27     -4.0283130000E-04   4.8017000000E-06   1.2694810000E-04  -1.7165290000E-04  -1.7063600000E-05
   28     -3.2037630000E-04  -8.3153540000E-04  -4.3963170000E-04   4.1253300000E-04   5.3310970000E-04
   29      2.4269690000E-04  -2.2513800000E-04   2.9224330000E-04   5.4876100000E-05  -1.1083530000E-04
   30      2.8400390000E-04   1.5467250000E-04   1.5646940000E-04  -5.1904580000E-04   3.0146000000E-06
   31      9.6133460000E-04  -7.8635800000E-05  -5.0856700000E-05   8.2738500000E-05   2.2339040000E-04
   32     -2.5530250000E-04  -3.2918910000E-04  -4.5344870000E-04  -1.0057582000E-03  -1.6927970000E-04
   33     -4.3143600000E-05   3.5317300000E-05   1.4639500000E-05   1.5358820000E-04  -2.2292230000E-04
   34      1.1891940000E-04  -1.4826480000E-04  -2.3475500000E-05  -2.1842000000E-06   2.4103890000E-04
   35     -6.3410020000E-04   1.8294290000E-04  -3.0434430000E-04   8.1430000000E-07  -5.7360400000E-05
   36     -1.8994808550E-01   9.8844600200E-02   9.7986479300E-02  -1.8739000000E-05   6.8501500000E-05
   37      9.4974575300E-02  -1.0044163980E-01  -5.2926552700E-02  -1.1788860000E-04   8.5554000000E-06
   38      1.1807143950E-01  -5.1295998700E-02  -6.4198274500E-02  -2.0482700000E-05  -1.0202880000E-04
   39     -3.8887882400E-02  -7.7846285000E-03   8.7999976000E-03  -1.1750670000E-04   7.4675800000E-05
   40     -1.1216350000E-02  -2.9917946630E-01   3.6759683300E-02  -6.0652200000E-05   5.7183070000E-04
   41      1.8360651500E-02   4.6870161100E-02  -2.5420394200E-02  -3.4997950000E-04   2.8646370000E-04
   42     -3.3593683300E-02   4.3009824000E-03  -1.2847299900E-02   4.8692600000E-04  -5.5504640000E-04
   43     -1.2146421000E-02   2.3834078000E-03  -3.5834037000E-03   2.0303680000E-04   2.2568280000E-04
   44      1.5417530700E-02   9.3731074000E-03   9.9897846000E-03   2.0241930000E-04  -1.1977710000E-04
   45     -5.8972830000E-03  -4.1296092900E-02  -1.3400136800E-02  -1.3597720000E-04   2.4226230000E-04
   46     -2.0535553000E-02  -3.8962101700E-02  -6.5748573000E-03   2.9054300000E-05   9.3983450000E-04
   47      2.3869116000E-03  -9.1196700000E-03   6.0238074000E-03  -3.5619900000E-05   8.5727700000E-05
                   20                 21                 22                 23                 24        
    0     -7.9568240000E-04  -1.1154711730E-01   1.1028817120E-01  -1.3923682200E-02  -1.7349529500E-02
    1     -1.0671171000E-03   1.1272212390E-01  -2.3265256690E-01   2.3979169000E-02   2.6316079400E-02
    2     -3.5410129900E-02  -6.1941737000E-03   1.8370617200E-02  -2.7029239600E-02   8.4370390000E-04
    3      7.9394103000E-03  -1.4158393700E-02   7.0189512000E-03   1.3085227100E-02  -1.0149492070E-01
    4      1.0637499200E-02   2.5531153800E-02  -5.3658918000E-03  -9.9915889000E-03   1.0863199560E-01
    5     -1.6492614000E-03  -9.2517060000E-04  -1.7647735000E-03  -3.1663778000E-03   5.3031047000E-03
    6      3.9721960000E-03  -4.5465260000E-04  -2.6003057000E-03  -4.1464555000E-03   6.8303693000E-03
    7     -1.5591597000E-03   1.6109230000E-03   1.2462764000E-03  -1.9097978000E-03  -1.1463892200E-02
    8      8.3345612000E-03  -8.5446670000E-04   1.6211160000E-04  -4.7079492000E-03  -3.9148640000E-04
    9      1.0478259000E-03   6.3915990000E-04  -2.6865960000E-04   4.7474570000E-04   1.4114634000E-03
   10      9.7229820000E-04  -1.7826510000E-04  -1.3855290000E-04  -3.5916320000E-04  -1.4669969000E-03
   11     -1.1101870000E-04   5.4531130000E-04  -1.0976920000E-04   1.1541515000E-03  -2.8945720000E-04
   12      2.0812750000E-04   4.9519350000E-04   1.4671570000E-04   3.2988465000E-03  -8.1491670000E-04
   13      7.9557530000E-04   9.1546980000E-04  -5.0488300000E-05   1.3083725000E-03   8.3711000000E-05
   14     -1.1166933000E-03  -7.0693260000E-04   3.5125400000E-05  -7.7196200000E-04  -8.6807800000E-05
   15     -3.0901060000E-03  -2.9880755000E-03  -1.4788400000E-04  -7.1450219000E-03  -1.6262200000E-05
   16     -3.5943814000E-03   1.4261262000E-03  -9.7098200000E-05   2.9706534000E-03   4.1837540000E-04
   17      8.4116520000E-04  -3.1374724000E-03   2.9402100000E-05  -8.2279298000E-03   1.9808750000E-04
   18     -8.2336240000E-03   7.4373405000E-03   1.0094913700E-02  -6.9219800000E-05   9.7738340000E-04
   19     -6.6353167000E-03  -1.5434599100E-02  -2.9726631600E-02   2.1662440000E-03   7.4798460000E-04
   20      2.9794053300E-02   1.4646398000E-03   1.5942290000E-03   3.5349275000E-03  -1.2269844000E-03
   21      1.4646398000E-03   1.2426598670E-01  -1.2413951440E-01   6.2577905000E-03  -3.9730133000E-03
   22      1.5942290000E-03  -1.2413951440E-01   2.6395346590E-01  -1.8354821500E-02   1.1167250000E-03
   23      3.5349275000E-03   6.2577905000E-03  -1.8354821500E-02   3.1817546500E-02   4.7505795000E-03
   24     -1.2269844000E-03  -3.9730133000E-03   1.1167250000E-03   4.7505795000E-03   1.1597877200E-01
   25      1.5434510000E-04  -2.2776860000E-04   6.6402780000E-04  -3.6816000000E-04  -1.2094493410E-01
   26     -2.8765348000E-03   3.1148030000E-03   2.6428470000E-04   7.1069068000E-03  -9.8303621000E-03
   27      1.0223270000E-04  -8.4977140000E-04  -5.6199070000E-04  -7.5518800000E-05  -1.4769296000E-03
   28     -3.4227290000E-04  -1.1780448000E-03   2.5837930000E-04   1.3222380000E-04  -2.7770927000E-03
   29     -1.8890800000E-04   1.4548730000E-04   1.1194910000E-04   2.8551040000E-04   5.1775800000E-04
   30      8.5233960000E-04   1.3668410000E-04  -6.3618400000E-05   1.4196290000E-04  -2.2218430000E-04
   31      2.5719530000E-04  -1.2603860000E-04   2.3479720000E-04  -9.0973000000E-06   1.0820760000E-04
   32     -9.2308140000E-04  -9.5513600000E-05  -1.7888500000E-05   7.5673650000E-04  -4.6359400000E-05
   33      2.5040420000E-04   1.5161930000E-04  -3.3977200000E-04   1.7742610000E-04  -2.4298910000E-04
   34      4.5000000000E-07  -2.9328590000E-04   6.8076000000E-05  -7.7364700000E-05  -1.4266100000E-04
   35      6.1239310000E-04  -1.0563210000E-04   7.7443500000E-05   2.4704330000E-04   2.2602800000E-04
   36     -4.6922650000E-04   5.4786730000E-04  -7.2779100000E-05  -1.1088660000E-03  -8.6820000000E-07
   37     -1.0746800000E-04  -1.2994700000E-05   7.3356070000E-04   6.1098440000E-04  -2.7577660000E-04
   38     -5.1675150000E-04   2.1779580000E-04   2.9300800000E-05  -3.3081310000E-04  -2.5062040000E-04
   39     -8.1073900000E-04  -2.0036720000E-04   2.3817000000E-06  -5.5725750000E-04  -6.2988000000E-06
   40     -4.7435420000E-04  -1.4693280000E-04   1.7623010000E-04  -7.4217700000E-05  -4.2800100000E-05
   41     -5.0967000000E-06  -2.5783340000E-04  -1.3449970000E-04  -1.3020498000E-03   3.1690380000E-04
   42     -6.2663280000E-04   4.3836800000E-05  -6.7111490000E-04  -9.0339420000E-04   5.6913050000E-04
   43     -1.9161120000E-04  -2.5073640000E-04   8.3260100000E-05  -8.1531200000E-05   9.9666500000E-05
   44      5.1717000000E-06   4.2039300000E-04  -3.4105740000E-04   1.4583890000E-04   1.5609830000E-04
   45     -5.8418090000E-04   4.5370290000E-04   1.9778020000E-04  -2.5716240000E-04  -1.6920630000E-04
   46     -4.3991090000E-04  -2.1761630000E-04   6.1315620000E-04   5.8095400000E-05  -4.0859150000E-04
   47     -3.2479620000E-04   1.1097420000E-04   4.8346300000E-05   4.8766000000E-04  -1.9018590000E-04
                   25                 26                 27                 28                 29        
    0      4.2188674000E-03   7.2922660000E-03   8.8993360000E-04   1.3421013000E-03   1.6930530000E-04
    1     -3.1207537000E-03  -7.9649587000E-03  -2.8915344000E-03   4.8353480000E-04   5.4833300000E-04
    2     -1.3223049000E-03  -2.7107416000E-03  -3.5701600000E-05  -1.8010240000E-04  -1.5719693000E-03
    3      1.0804265840E-01  -5.6167300000E-04   6.1950762000E-03   1.1101200000E-02  -2.0464790000E-04
    4     -2.4442954770E-01   7.7847040000E-04  -9.9397525000E-03  -2.7163750600E-02  -3.4124099000E-03
    5     -4.2948569000E-03  -3.0487782900E-02  -7.4530970000E-04  -1.4199079000E-03   4.9318010000E-04
    6      1.1171963700E-02  -3.7982140000E-04  -1.0607378000E-01   1.0942411970E-01   1.2079281100E-02
    7     -2.6715378500E-02  -5.9060000000E-05   1.0917270080E-01  -2.3266149470E-01  -1.7164391400E-02
    8     -1.5214970000E-03  -2.7242000000E-06   7.9079354000E-03  -1.6279454600E-02  -3.8121141400E-02
    9      1.1457091000E-03  -2.9067000000E-05  -2.1548243200E-02   4.3757376000E-03  -2.8726883000E-03
   10      1.0134164000E-03   7.5182000000E-06   2.6839132300E-02  -1.8744097000E-03   2.3045304000E-03
   11      2.8594800000E-05  -1.2892380000E-03   2.4414810000E-03   1.7787590000E-04   9.0158500000E-05
   12     -5.8014100000E-05  -2.2457640000E-04  -5.9194100000E-04   1.2592851000E-03  -1.3051725000E-03
   13     -2.0521082000E-03   2.3644570000E-04   1.2943621000E-03  -1.3747977000E-03   5.0595240000E-04
   14      4.7928700000E-04   2.0708230000E-04  -5.6701660000E-04   5.5932280000E-04  -7.1423340000E-04
   15      8.1602020000E-04   7.9118750000E-04  -4.0283130000E-04  -3.2037630000E-04   2.4269690000E-04
   16     -4.0712300000E-04   7.0040750000E-04   4.8017000000E-06  -8.3153540000E-04  -2.2513800000E-04
   17      1.6381100000E-04   1.1110969000E-03   1.2694810000E-04  -4.3963170000E-04   2.9224330000E-04
   18     -5.5199780000E-04  -8.7396470000E-04  -1.7165290000E-04   4.1253300000E-04   5.4876100000E-05
   19      9.1379200000E-04   1.2797900000E-05  -1.7063600000E-05   5.3310970000E-04  -1.1083530000E-04
   20      1.5434510000E-04  -2.8765348000E-03   1.0223270000E-04  -3.4227290000E-04  -1.8890800000E-04
   21     -2.2776860000E-04   3.1148030000E-03  -8.4977140000E-04  -1.1780448000E-03   1.4548730000E-04
   22      6.6402780000E-04   2.6428470000E-04  -5.6199070000E-04   2.5837930000E-04   1.1194910000E-04
   23     -3.6816000000E-04   7.1069068000E-03  -7.5518800000E-05   1.3222380000E-04   2.8551040000E-04
   24     -1.2094493410E-01  -9.8303621000E-03  -1.4769296000E-03  -2.7770927000E-03   5.1775800000E-04
   25      2.7497476930E-01   6.7996752000E-03  -2.5166257000E-03  -3.5880463000E-03  -5.4488980000E-04
   26      6.7996752000E-03   2.4123615500E-02   1.8639850000E-04  -9.8802000000E-06   4.8445226000E-03
   27     -2.5166257000E-03   1.8639850000E-04   1.2759351650E-01  -1.2190173580E-01  -7.8660758000E-03
   28     -3.5880463000E-03  -9.8802000000E-06  -1.2190173580E-01   2.6252680770E-01   1.7892329700E-02
   29     -5.4488980000E-04   4.8445226000E-03  -7.8660758000E-03   1.7892329700E-02   2.8998237900E-02
   30      3.3761650000E-04  -3.8206200000E-05   1.0514233000E-03  -8.4361460000E-04   3.7770600000E-05
   31      4.1081580000E-04   1.9300510000E-04   8.8142850000E-04   9.8335410000E-04   5.1631500000E-05
   32      2.5226920000E-04  -2.6175820000E-04   5.7201010000E-04   4.7626960000E-04  -4.2079655000E-03
   33     -8.7925880000E-04   8.0824000000E-06  -5.0992449000E-03  -3.4087490000E-04  -9.7672170000E-04
   34      2.5917840000E-04   1.7672790000E-04   7.1868080000E-04   9.8687310000E-04  -1.1214423000E-03
   35     -3.4131000000E-06   3.1654640000E-04  -2.2718031000E-03  -6.2025160000E-04   1.0299652200E-02
   36     -2.6099020000E-04   2.4772950000E-04   2.7266700000E-04  -1.3018820000E-04  -1.5214100000E-05
   37      2.7784380000E-04  -4.7306210000E-04  -7.2803200000E-05   2.9461000000E-04   4.2977110000E-04
   38      2.0269240000E-04  -2.9927600000E-05   7.7753100000E-05   2.3368280000E-04   3.4979500000E-05
   39     -2.3901000000E-06   1.9996500000E-04  -5.6610200000E-05   3.5043800000E-05  -2.7206200000E-05
   40      4.6227490000E-04  -2.8361430000E-04  -1.3278850000E-04   2.7301520000E-04   7.4973600000E-05
   41     -9.9668900000E-05  -3.3347160000E-04   4.0055300000E-05  -1.6046540000E-04  -5.9203800000E-05
   42     -1.2684280000E-04   8.4567700000E-05  -1.6565010000E-04  -2.7499560000E-04  -1.4213900000E-05
   43      3.6401310000E-04  -6.0034600000E-04  -2.8551490000E-04   1.9671290000E-04   4.8643620000E-04
   44     -3.7138160000E-04   4.4773310000E-04   2.4387690000E-04  -3.9994630000E-04  -7.7971190000E-04
   45     -1.6401310000E-04   1.2671100000E-05   4.3403800000E-04  -1.8309770000E-04   3.4765100000E-05
   46      9.7282580000E-04   2.2158880000E-04  -5.9129690000E-04   9.5763750000E-04   1.7319950000E-04
   47      4.4549740000E-04  -1.6532480000E-04  -1.3726560000E-04   3.8020830000E-04   3.0464870000E-04
                   30                 31                 32                 33                 34        
    0     -7.1572130000E-04  -1.3655500000E-05  -1.6515468000E-03   2.6674220000E-04  -3.0750320000E-04
    1     -1.0798183000E-03  -3.0057030000E-04  -7.9080150000E-04  -1.1771610000E-04  -3.2300180000E-04
    2     -6.7681570000E-04  -7.4532770000E-04   2.1155340000E-04  -1.0489380000E-04   3.3004870000E-04
    3     -5.9243735000E-03  -1.3612762000E-03   1.0259430000E-04   1.3303533000E-03  -1.4921653000E-03
    4      6.4014070000E-04   6.7773470000E-04   9.1760720000E-04   1.6547695000E-03   1.5030407000E-03
    5     -2.0563020000E-04   3.1201860000E-04   1.0651540400E-02   9.6383000000E-06   4.2346230000E-04
    6     -1.7966304800E-02  -1.4666742000E-03  -4.5591736000E-03  -1.9549031000E-02   5.6660602000E-03
    7     -2.6356939400E-02  -8.7458390000E-04  -5.0402085000E-03   2.7461109700E-02  -3.0402248000E-03
    8     -2.8200613000E-03  -5.1641710000E-04  -5.8626260000E-04   3.1127659000E-03   1.5961160000E-04
    9     -1.2414328730E-01  -1.2058743730E-01   1.0641845400E-02  -1.2342816480E-01   1.1495197850E-01
   10     -1.1942455760E-01  -2.2600993490E-01   1.0216776700E-02   1.1627352230E-01  -2.1696897550E-01
   11      4.9013439000E-03   4.3076450000E-03  -3.3132749600E-02   2.4222970100E-02  -3.5179384600E-02
   12     -5.0633030000E-04  -3.6193290000E-04  -4.2320920000E-04  -8.7081280000E-04  -2.6849000000E-06
   13     -7.3115070000E-04  -1.5890867000E-03   8.6355530000E-04   7.9649290000E-04  -1.3542903000E-03
   14      1.1463390000E-04   4.8592990000E-04   1.3872394000E-03   4.9223800000E-05  -2.9735640000E-04
   15      2.8400390000E-04   9.6133460000E-04  -2.5530250000E-04  -4.3143600000E-05   1.1891940000E-04
   16      1.5467250000E-04  -7.8635800000E-05  -3.2918910000E-04   3.5317300000E-05  -1.4826480000E-04
   17      1.5646940000E-04  -5.0856700000E-05  -4.5344870000E-04   1.4639500000E-05  -2.3475500000E-05
   18     -5.1904580000E-04   8.2738500000E-05  -1.0057582000E-03   1.5358820000E-04  -2.1842000000E-06
   19      3.0146000000E-06   2.2339040000E-04  -1.6927970000E-04  -2.2292230000E-04   2.4103890000E-04
   20      8.5233960000E-04   2.5719530000E-04  -9.2308140000E-04   2.5040420000E-04   4.5000000000E-07
   21      1.3668410000E-04  -1.2603860000E-04  -9.5513600000E-05   1.5161930000E-04  -2.9328590000E-04
   22     -6.3618400000E-05   2.3479720000E-04  -1.7888500000E-05  -3.3977200000E-04   6.8076000000E-05
   23      1.4196290000E-04  -9.0973000000E-06   7.5673650000E-04   1.7742610000E-04  -7.7364700000E-05
   24     -2.2218430000E-04   1.0820760000E-04  -4.6359400000E-05  -2.4298910000E-04  -1.4266100000E-04
   25      3.3761650000E-04   4.1081580000E-04   2.5226920000E-04  -8.7925880000E-04   2.5917840000E-04
   26     -3.8206200000E-05   1.9300510000E-04  -2.6175820000E-04   8.0824000000E-06   1.7672790000E-04
   27      1.0514233000E-03   8.8142850000E-04   5.7201010000E-04  -5.0992449000E-03   7.1868080000E-04
   28     -8.4361460000E-04   9.8335410000E-04   4.7626960000E-04  -3.4087490000E-04   9.8687310000E-04
   29      3.7770600000E-05   5.1631500000E-05  -4.2079655000E-03  -9.7672170000E-04  -1.1214423000E-03
   30      1.4022981920E-01   1.3446985390E-01  -2.7202039000E-03   7.1118885000E-03   1.2644247700E-02
   31      1.3446985390E-01   2.5252482370E-01  -2.4245273000E-03  -1.2175219500E-02  -2.8921690900E-02
   32     -2.7202039000E-03  -2.4245273000E-03   2.2241804600E-02  -1.8797059000E-03  -3.7723695000E-03
   33      7.1118885000E-03  -1.2175219500E-02  -1.8797059000E-03   1.3897582350E-01  -1.3125974370E-01
   34      1.2644247700E-02  -2.8921690900E-02  -3.7723695000E-03  -1.3125974370E-01   2.4527238130E-01
   35      2.7973240000E-04  -1.9450962000E-03   4.5432577000E-03  -2.4863957100E-02   3.9368628600E-02
   36      4.1869720000E-04  -3.2853770000E-04   3.5333980000E-04   2.9334290000E-04  -3.8378090000E-04
   37      3.7608000000E-06   5.7111420000E-04   2.5114270000E-04  -2.0317810000E-04   4.2394570000E-04
   38     -2.7546000000E-06  -8.8948400000E-05   1.8454700000E-04  -1.2220400000E-05   1.7835800000E-04
   39      8.9468000000E-05  -7.4972500000E-05   2.7645310000E-04   2.4373130000E-04  -1.2335840000E-04
   40     -1.1384900000E-05   5.2179450000E-04   1.2611000000E-05  -1.6375530000E-04   5.3975000000E-04
   41     -4.5695100000E-05   4.1496600000E-05  -1.0948140000E-04   5.2750600000E-05   2.0807060000E-04
   42     -2.3620700000E-05   3.5083860000E-04   6.1268340000E-04   5.1542070000E-04   3.7274530000E-04
   43     -3.4544980000E-04   7.1531730000E-04   2.3854070000E-04   5.6977500000E-05   8.7614270000E-04
   44      5.8686600000E-05  -1.0305810000E-04  -4.1224690000E-04   1.3946890000E-04  -3.6555880000E-04
   45      6.9888380000E-04  -3.5865730000E-04   7.7847000000E-05   1.9087620000E-04  -4.6526440000E-04
   46      6.0322690000E-04   9.1136070000E-04  -6.8450830000E-04  -5.7574850000E-04   5.8602130000E-04
   47     -3.3572300000E-05   2.3440690000E-04   1.1031540000E-04  -1.9987100000E-04  -8.4059000000E-06
                   35                 36                 37                 38                 39        
    0     -4.0378200000E-05   8.4737010000E-04   2.5203030000E-04   2.7450575000E-03  -1.5818950000E-04
    1      4.4675800000E-05  -5.1321780000E-04   8.9000920000E-04  -5.7180710000E-03   2.3410430000E-03
    2      3.4215520000E-04  -4.6599518000E-03  -1.5913560000E-04  -1.9121762400E-02  -4.7283359000E-03
    3      1.2001003000E-03  -2.8391722000E-03   1.9038170000E-04  -7.9917887000E-03  -1.4871507000E-03
    4      6.0561930000E-04  -5.5382930000E-04  -7.6006570000E-04  -1.8695200000E-03  -1.5897690000E-03
    5     -5.3934737000E-03   1.0689683000E-03  -5.2912120000E-04   4.1869480000E-03   2.1719503000E-03
    6     -4.6378716000E-03   1.8797661000E-03  -5.0141390000E-04   6.3151681000E-03   1.2777751000E-03
    7      3.4039144000E-03   1.5199531000E-03  -3.6683790000E-04   4.3891706000E-03   9.8337380000E-04
    8      2.7174090000E-04  -2.1735030000E-04   4.4930100000E-04   3.7266450000E-04   2.5364000000E-04
    9      2.9287120300E-02  -7.4844280000E-04  -2.5300320000E-04  -2.1925080000E-03  -9.3274370000E-04
   10     -4.0506870500E-02   6.0977500000E-05  -5.5948140000E-04   6.6855770000E-04   3.9654300000E-05
   11     -3.9771010900E-02  -2.2066790000E-03   7.5437000000E-05  -3.8358312000E-03  -1.2450107000E-03
   12     -3.7902440000E-04  -3.3066124800E-02  -8.1663977000E-03  -1.3171379500E-02  -4.2430304000E-03
   13      1.2359770000E-04   8.3086145000E-03   7.4069839000E-03  -7.8774434000E-03  -2.7173346500E-02
   14      1.1614020000E-04   7.1154431000E-03   2.0414198000E-03   6.2681401000E-03   3.1954230000E-04
   15     -6.3410020000E-04  -1.8994808550E-01   9.4974575300E-02   1.1807143950E-01  -3.8887882400E-02
   16      1.8294290000E-04   9.8844600200E-02  -1.0044163980E-01  -5.1295998700E-02  -7.7846285000E-03
   17     -3.0434430000E-04   9.7986479300E-02  -5.2926552700E-02  -6.4198274500E-02   8.7999976000E-03
   18      8.1430000000E-07  -1.8739000000E-05  -1.1788860000E-04  -2.0482700000E-05  -1.1750670000E-04
   19     -5.7360400000E-05   6.8501500000E-05   8.5554000000E-06  -1.0202880000E-04   7.4675800000E-05
   20      6.1239310000E-04  -4.6922650000E-04  -1.0746800000E-04  -5.1675150000E-04  -8.1073900000E-04
   21     -1.0563210000E-04   5.4786730000E-04  -1.2994700000E-05   2.1779580000E-04  -2.0036720000E-04
   22      7.7443500000E-05  -7.2779100000E-05   7.3356070000E-04   2.9300800000E-05   2.3817000000E-06
   23      2.4704330000E-04  -1.1088660000E-03   6.1098440000E-04  -3.3081310000E-04  -5.5725750000E-04
   24      2.2602800000E-04  -8.6820000000E-07  -2.7577660000E-04  -2.5062040000E-04  -6.2988000000E-06
   25     -3.4131000000E-06  -2.6099020000E-04   2.7784380000E-04   2.0269240000E-04  -2.3901000000E-06
   26      3.1654640000E-04   2.4772950000E-04  -4.7306210000E-04  -2.9927600000E-05   1.9996500000E-04
   27     -2.2718031000E-03   2.7266700000E-04  -7.2803200000E-05   7.7753100000E-05  -5.6610200000E-05
   28     -6.2025160000E-04  -1.3018820000E-04   2.9461000000E-04   2.3368280000E-04   3.5043800000E-05
   29      1.0299652200E-02  -1.5214100000E-05   4.2977110000E-04   3.4979500000E-05  -2.7206200000E-05
   30      2.7973240000E-04   4.1869720000E-04   3.7608000000E-06  -2.7546000000E-06   8.9468000000E-05
   31     -1.9450962000E-03  -3.2853770000E-04   5.7111420000E-04  -8.8948400000E-05  -7.4972500000E-05
   32      4.5432577000E-03   3.5333980000E-04   2.5114270000E-04   1.8454700000E-04   2.7645310000E-04
   33     -2.4863957100E-02   2.9334290000E-04  -2.0317810000E-04  -1.2220400000E-05   2.4373130000E-04
   34      3.9368628600E-02  -3.8378090000E-04   4.2394570000E-04   1.7835800000E-04  -1.2335840000E-04
   35      2.9129263900E-02   4.4060610000E-04   7.9258000000E-05  -2.9194700000E-05   2.7957740000E-04
   36      4.4060610000E-04   2.2479952180E-01  -1.0984098260E-01  -1.0040541710E-01  -6.8951830000E-04
   37      7.9258000000E-05  -1.0984098260E-01   1.1225557760E-01   6.0002307600E-02   2.4853764800E-02
   38     -2.9194700000E-05  -1.0040541710E-01   6.0002307600E-02   7.6797514700E-02  -1.4178038000E-03
