
$orca_hessian_file

$act_atom
  0

$act_coord
  0

$act_energy
      -22.018706

$multiplicity
  1

$hessian
48
                    0                  1                  2                  3                  4        
    0      6.6217606980E-01   3.1355570000E-04  -2.0889863300E-01  -3.5853096680E-01   3.6355098700E-02
    1      3.1355570000E-04   5.6276146630E-01  -2.1892155800E-02   1.2543223800E-02  -7.9291801600E-02
    2     -2.0889863300E-01  -2.1892155800E-02   1.3461315140E-01   1.2821330040E-01  -2.6493467000E-02
    3     -3.5853096680E-01   1.2543223800E-02   1.2821330040E-01   6.3831592810E-01  -1.0862013000E-02
    4      3.6355098700E-02  -7.9291801600E-02  -2.6493467000E-02  -1.0862013000E-02   6.0277250870E-01
    5      1.7236636290E-01  -2.6351520000E-04  -8.1514447500E-02  -1.5823090000E-01   4.4947939000E-02
    6     -5.1774782500E-02  -2.5471659400E-02   4.5649803700E-02  -9.8881078200E-02  -9.1215221300E-02
    7     -2.7226779700E-02  -6.7920900000E-05   2.7901001200E-02  -9.1083672300E-02  -2.5520307470E-01
    8      5.5327070000E-03   8.9430187000E-03   1.7911563000E-03   2.0799907000E-03  -4.6239591000E-03
    9      8.0462173000E-03  -3.4787448000E-03  -1.0847982000E-02  -5.2330894000E-02  -2.7289346300E-02
   10     -3.4514815000E-03  -2.8921690000E-03   4.9002925000E-03  -2.4659291800E-02   9.1227450000E-04
   11      8.6206819000E-03  -4.7539370000E-03  -2.6686277900E-02  -4.3261925800E-02  -2.5372726900E-02
   12      3.8465437000E-03  -7.6704747000E-03  -5.2875034200E-02  -4.3197736100E-02  -2.2459736600E-02
   13      1.2071490000E-03  -2.8695038000E-03  -2.3453192600E-02  -1.8949411400E-02  -6.7287501000E-03
   14     -7.7806585000E-03   1.6899278000E-03   3.0314209200E-02   2.5503100100E-02   1.7626703200E-02
   15     -1.3032930400E-02   6.9853995000E-03   6.6748282400E-02   4.1524418300E-02   1.5765485500E-02
   16     -2.7110110000E-03  -1.2374663400E-02   2.3791107800E-02   1.5449507200E-02   7.4549120000E-03
   17     -1.8824809000E-03   1.1246660600E-02   5.5000137600E-02   4.7226479900E-02   1.7432653300E-02
   18     -1.2774445030E-01  -1.2042971800E-01   2.1740510700E-02  -1.6639783500E-02  -2.2097559900E-02
   19     -1.2100271200E-01  -2.1779630300E-01   2.3935482900E-02  -7.7071350000E-04  -5.7138400000E-05
   20      1.7083295000E-02   2.0173627900E-02  -3.5752216200E-02   9.5429590000E-03   1.3845104800E-02
   21     -1.0569950990E-01   1.1162085980E-01   1.1386278700E-02  -1.3037270400E-02   2.4826144300E-02
   22      1.0988424460E-01  -2.4360947960E-01  -6.4171653000E-03   6.5396723000E-03  -4.6318899000E-03
   23      4.0693169000E-03  -2.4590359000E-03  -2.5992412400E-02   1.4080070500E-02  -1.3026167000E-02
   24     -1.6727221100E-02   2.6123691500E-02   1.9666406000E-03  -1.0134145340E-01   1.0486201210E-01
   25      4.1402183000E-03  -3.1989559000E-03  -1.3313628000E-03   1.0539633810E-01  -2.3957831060E-01
   26      1.0278215500E-02  -1.0391776600E-02  -5.7810999000E-03   2.1660436000E-03  -1.3076578000E-02
   27      6.7494090000E-04  -1.9728491000E-03   6.7252410000E-04   7.6641459000E-03  -1.0367246600E-02
   28      1.1480956000E-03   4.3862880000E-04  -6.9361970000E-04   1.0091758700E-02  -2.7141821800E-02
   29      5.5774830000E-04   1.2569930000E-04  -3.0756105000E-03  -2.9047069000E-03  -5.9176299000E-03
   30      1.1264400000E-04  -6.0197800000E-04  -1.1025221000E-03  -5.2070988000E-03   9.5313500000E-05
   31      1.2832950000E-04   1.3298340000E-04  -5.9014590000E-04  -8.9270940000E-04   5.4674790000E-04
   32     -1.6426340000E-03  -1.5059214000E-03   6.9418620000E-04  -3.8902924000E-03   1.6505359000E-03
   33      1.8587400000E-04  -2.0875240000E-04  -7.4780660000E-04  -3.4532330000E-04   1.3400973000E-03
   34     -1.9892460000E-04  -2.4042690000E-04   2.2757080000E-04  -2.0273200000E-03   1.1021768000E-03
   35      3.7958100000E-05   5.6467180000E-04   1.2343891000E-03   2.8457960000E-03   1.7878190000E-03
   36      4.9036810000E-04  -1.7959610000E-04  -3.8311245000E-03  -1.5137812000E-03  -4.3933800000E-04
   37      4.0246480000E-04   3.7183560000E-04  -8.1850480000E-04   1.1434220000E-04  -2.1423440000E-04
   38      1.9284604000E-03  -4.9166734000E-03  -1.8226314700E-02  -6.5139756000E-03  -2.4161501000E-03
   39     -3.9680260000E-04   2.1082153000E-03  -3.4374946000E-03  -5.2492390000E-04  -7.5491000000E-04
   40      5.2088420000E-04  -3.6916240000E-04   1.3421396000E-03   2.3975370000E-04   2.9636520000E-04
   41     -2.3065775000E-03   5.7303472000E-03  -1.2323375900E-02  -4.5190937000E-03  -4.4210660000E-04
   42     -1.0651423000E-03   2.6576710000E-04   3.0549702000E-03   2.0464992000E-03   1.0198668000E-03
   43     -5.6356850000E-04   9.7695200000E-05   7.3104980000E-04   7.3676900000E-04   4.9351050000E-04
   44      1.2148433000E-03  -1.3590786000E-03  -8.8575965000E-03  -7.2982969000E-03  -3.7416871000E-03
   45     -5.6085200000E-04   5.3059700000E-05   2.3082864000E-03   1.9993182000E-03   1.2213534000E-03
   46      1.0544370000E-03  -1.0922228000E-03  -1.1390306000E-03  -1.8662336000E-03  -7.3147400000E-04
   47      8.2139470000E-04  -9.3185940000E-04  -5.4378781000E-03  -5.0385488000E-03  -2.1802834000E-03
                    5                  6                  7                  8                  9        
    0      1.7236636290E-01  -5.1774782500E-02  -2.7226779700E-02   5.5327070000E-03   8.0462173000E-03
    1     -2.6351520000E-04  -2.5471659400E-02  -6.7920900000E-05   8.9430187000E-03  -3.4787448000E-03
    2     -8.1514447500E-02   4.5649803700E-02   2.7901001200E-02   1.7911563000E-03  -1.0847982000E-02
    3     -1.5823090000E-01  -9.8881078200E-02  -9.1083672300E-02   2.0799907000E-03  -5.2330894000E-02
    4      4.4947939000E-02  -9.1215221300E-02  -2.5520307470E-01  -4.6239591000E-03  -2.7289346300E-02
    5      2.1254763520E-01  -1.0508516200E-02  -1.1333371300E-02  -3.6429121800E-02  -4.0731688000E-03
    6     -1.0508516200E-02   6.7823541930E-01  -1.5727932300E-02   1.4896807890E-01  -3.9580222750E-01
    7     -1.1333371300E-02  -1.5727932300E-02   6.0518276250E-01  -2.2408887400E-02   4.0646555700E-02
    8     -3.6429121800E-02   1.4896807890E-01  -2.2408887400E-02   1.9171122650E-01  -1.5899574810E-01
    9     -4.0731688000E-03  -3.9580222750E-01   4.0646555700E-02  -1.5899574810E-01   6.9277833820E-01
   10     -7.1320976000E-03   1.4853011600E-02  -7.9612977400E-02  -3.1802786000E-03  -5.6700497000E-03
   11      2.3929638000E-03  -1.1781178120E-01   2.2729667600E-02  -6.5729428100E-02   1.9637215310E-01
   12      1.1025929200E-02   4.1208827900E-02   1.6811034000E-02   2.7264276600E-02  -1.3878995000E-02
   13      1.0211125900E-02   1.7500652400E-02   1.0478192700E-02   1.1556775300E-02  -3.2165503000E-03
   14     -1.9240162300E-02  -4.9058583700E-02  -1.6732556100E-02  -4.2289289500E-02   6.2162456000E-03
   15     -2.8442138000E-02  -3.9582865000E-02  -2.1735822500E-02  -9.0471200000E-03   6.6802118000E-03
   16     -1.1315687700E-02  -1.7790432300E-02  -6.7297297000E-03  -2.4215952000E-03   2.7287716000E-03
   17     -4.7050221600E-02  -2.3568622300E-02  -1.7380862600E-02  -2.0091761600E-02   6.8034518000E-03
   18      4.2958792000E-03  -5.0919870000E-03  -2.5633120000E-04   4.7459302000E-03   1.6071360000E-04
   19      5.1110360000E-04  -1.2125179000E-03   6.4177570000E-04   2.7415390000E-04   7.4541100000E-05
   20     -3.8313419000E-03   4.4697855000E-03  -2.1031519000E-03   6.4359633000E-03   1.6296077000E-03
   21      1.0788800000E-03  -9.3921550000E-04   1.2325812000E-03  -1.7206287000E-03   2.8012760000E-04
   22     -2.5059973000E-03  -2.0691915000E-03   1.1448590000E-03   4.8336080000E-04  -1.9938090000E-04
   23     -4.0515229000E-03  -3.4711710000E-03  -1.6535789000E-03  -3.9502188000E-03   1.9570320000E-04
   24      1.1869076500E-02   7.9823674000E-03  -1.0793864500E-02  -9.2993340000E-04   7.8065630000E-04
   25     -1.6140511600E-02   1.0240101900E-02  -2.7347275900E-02  -1.4782436000E-03   1.2681784000E-03
   26     -3.2362356600E-02   2.8224436000E-03   3.4288833000E-03   8.5929490000E-04  -5.5624270000E-04
   27      4.6391670000E-04  -1.0122854300E-01   1.0535273410E-01  -8.2239473000E-03  -1.7616527500E-02
   28      2.4008160000E-04   1.0637861170E-01  -2.4080340710E-01   1.0206093500E-02   4.4818800000E-03
   29      9.1365630000E-04   5.5830950000E-04   9.6957226000E-03  -3.3164654300E-02  -8.9248485000E-03
   30     -3.9525861000E-03  -1.7189912100E-02  -2.2879633600E-02  -5.6722178000E-03  -1.2246398070E-01
   31     -2.6776390000E-04  -9.3791990000E-04   2.7047840000E-04  -3.9792490000E-04  -1.2013969770E-01
   32      7.6420887000E-03  -7.9917140000E-03  -1.1951377200E-02  -3.9258612000E-03  -2.1965511200E-02
   33      1.7142710000E-03  -1.4651953000E-02   2.5776421100E-02  -7.4856570000E-04  -1.0627949140E-01
   34     -1.7510190000E-04   6.7568886000E-03  -4.6243947000E-03   2.0409214000E-03   1.1049597610E-01
   35     -4.1769744000E-03  -1.1879772000E-02   1.1315180900E-02  -2.7185257000E-03  -2.9886972000E-03
   36      7.3784920000E-04   1.3204325000E-03   9.5758800000E-04  -3.0214800000E-04  -7.8631790000E-04
   37     -1.9819340000E-04  -3.9676150000E-04  -2.4496140000E-04   2.1000200000E-04  -4.8913840000E-04
   38      3.3571626000E-03   5.8213833000E-03   3.4950603000E-03   1.7466613000E-03  -9.9910060000E-04
   39      9.7716630000E-04   4.6254020000E-04   4.7941160000E-04  -1.9385340000E-04  -5.4071750000E-04
   40     -2.5255490000E-04  -1.4585450000E-04  -5.3542890000E-04  -2.2318700000E-04  -2.1518000000E-06
   41      1.5528836000E-03   4.4595084000E-03   1.4670119000E-03  -8.6455800000E-05  -5.7330120000E-04
   42      5.9363520000E-04  -1.9525169000E-03  -5.3333900000E-04  -8.6073130000E-04   9.0925380000E-04
   43     -2.8107420000E-04  -1.0150019000E-03  -5.1004480000E-04  -9.1227500000E-05   4.5985660000E-04
   44      1.3846254000E-03   7.0407319000E-03   2.4935743000E-03   3.5706046000E-03  -2.4179301000E-03
   45      8.4342800000E-05  -2.1145066000E-03  -1.0189507000E-03  -1.8960898000E-03   6.3632900000E-05
   46     -6.0443811000E-03   2.5322650000E-04  -2.0388527000E-03   1.1109776000E-03   3.2930010000E-04
   47     -1.1348667000E-03   4.5001155000E-03   1.0376834000E-03   2.2704101000E-03   1.1253688000E-03
                   10                 11                 12                 13                 14        
    0     -3.4514815000E-03   8.6206819000E-03   3.8465437000E-03   1.2071490000E-03  -7.7806585000E-03
    1     -2.8921690000E-03  -4.7539370000E-03  -7.6704747000E-03  -2.8695038000E-03   1.6899278000E-03
    2      4.9002925000E-03  -2.6686277900E-02  -5.2875034200E-02  -2.3453192600E-02   3.0314209200E-02
    3     -2.4659291800E-02  -4.3261925800E-02  -4.3197736100E-02  -1.8949411400E-02   2.5503100100E-02
    4      9.1227450000E-04  -2.5372726900E-02  -2.2459736600E-02  -6.7287501000E-03   1.7626703200E-02
    5     -7.1320976000E-03   2.3929638000E-03   1.1025929200E-02   1.0211125900E-02  -1.9240162300E-02
    6      1.4853011600E-02  -1.1781178120E-01   4.1208827900E-02   1.7500652400E-02  -4.9058583700E-02
    7     -7.9612977400E-02   2.2729667600E-02   1.6811034000E-02   1.0478192700E-02  -1.6732556100E-02
    8     -3.1802786000E-03  -6.5729428100E-02   2.7264276600E-02   1.1556775300E-02  -4.2289289500E-02
    9     -5.6700497000E-03   1.9637215310E-01  -1.3878995000E-02  -3.2165503000E-03   6.2162456000E-03
   10      5.6571778380E-01   3.6525528400E-02   7.9011857000E-03  -7.7278076000E-03  -7.4530446000E-03
   11      3.6525528400E-02   1.2638174510E-01  -5.5306186300E-02  -2.3265180600E-02   4.5582062100E-02
   12      7.9011857000E-03  -5.5306186300E-02   6.0542192770E-01   2.4570212200E-02   1.6022739640E-01
   13     -7.7278076000E-03  -2.3265180600E-02   2.4570212200E-02   4.7895196610E-01   4.0190512100E-02
   14     -7.4530446000E-03   4.5582062100E-02   1.6022739640E-01   4.0190512100E-02   1.4222237150E-01
   15     -7.7744250000E-03   3.9911701400E-02  -2.9162154680E-01  -1.0512965000E-01  -4.7385520500E-02
   16     -3.1439173000E-03   1.8032151000E-02  -1.0543534910E-01  -1.2827198510E-01  -2.3071156500E-02
   17     -2.8528678000E-03   2.3774700600E-02   4.9062877600E-02   1.5986212300E-02  -6.5150572600E-02
   18     -6.4333760000E-04   8.7877750000E-04   2.8042310000E-04   9.2280300000E-05  -8.6510520000E-04
   19      5.1750900000E-05   3.6968700000E-04   3.7523550000E-04  -3.5544750000E-04   1.4753350000E-04
   20      1.4872124000E-03   6.7695890000E-04   3.4795250000E-04   7.8189440000E-04  -1.6598898000E-03
   21     -2.8941310000E-04   8.4159290000E-04   6.4310410000E-04   1.1424640000E-03  -9.8443440000E-04
   22     -2.1836230000E-04  -2.9040380000E-04  -1.0361410000E-04   1.4822950000E-04   2.1430200000E-05
   23     -7.2358390000E-04   1.2477667000E-03   2.2765072000E-03   1.0564982000E-03  -1.4471875000E-03
   24     -1.7307424000E-03  -8.2449590000E-04  -1.1280039000E-03  -2.0958140000E-04   6.3388660000E-04
   25      4.5703370000E-04   8.5188810000E-04   1.5306930000E-04  -1.5605815000E-03   1.9935180000E-04
   26      2.2219240000E-04  -2.9248595000E-03  -1.6882970000E-03  -8.9437590000E-04   1.5276386000E-03
   27      2.6331732100E-02  -1.5424656000E-03   2.5888020000E-04   1.2291520000E-03  -9.5521380000E-04
   28     -3.3326406000E-03   1.4131937000E-03   8.7759620000E-04  -9.6882090000E-04   8.4776900000E-05
   29      8.6470952000E-03  -4.1457162000E-03  -2.3871033000E-03  -5.6371640000E-04   1.8048783000E-03
   30     -1.1856323660E-01  -2.5196206300E-02  -2.2254519000E-03  -3.4651330000E-03   1.0406908000E-03
   31     -2.2424922290E-01  -3.2325841000E-02  -6.7970140000E-04  -1.3814250000E-03   6.0088030000E-04
   32     -2.9440099300E-02  -3.7608091800E-02   3.4890663000E-03   4.3494817000E-03  -4.7862650000E-04
   33      1.1163402310E-01  -8.3711808000E-03  -2.9479825000E-03   1.4891372000E-03   2.2382214000E-03
   34     -2.4268060540E-01   2.9711558000E-03   3.5155520000E-04  -1.1465306000E-03   5.1465700000E-05
   35     -8.0650400000E-05  -2.7472442600E-02   5.1594897000E-03  -1.4434950000E-03  -4.6107500000E-03
   36      2.6046000000E-04  -2.1445751000E-03  -3.1980781400E-02   9.7312948000E-03   7.1934449000E-03
   37     -4.0077300000E-04   3.7137070000E-04  -9.3113662000E-03   7.5339623000E-03   2.3336864000E-03
   38      1.3041369000E-03  -5.7954736000E-03  -1.1569230800E-02  -7.7919250000E-03   6.6897371000E-03
   39     -2.5064040000E-04  -5.6163690000E-04  -2.6237182000E-03  -2.5583343600E-02   1.3522412000E-03
   40     -5.6767100000E-05   2.7011000000E-05  -1.0044722000E-03  -1.7941691200E-02   2.1547870000E-04
   41      8.5849620000E-04  -4.5677643000E-03  -7.2170930000E-03  -8.5704820000E-04   1.2274974000E-03
   42     -4.2035570000E-04   3.6223966000E-03  -2.1663648810E-01   9.3703212600E-02  -9.2343861100E-02
   43      6.6508000000E-05   2.7009393000E-03   9.4442245000E-02  -7.6523512000E-02   3.8360210900E-02
   44      4.3512508000E-03  -1.5474765700E-02  -1.1524207030E-01   3.9142689900E-02  -5.3036171500E-02
   45      2.4725615000E-03   4.7731507000E-03  -4.5419002900E-02   5.8881153000E-03  -5.0318498000E-03
   46     -2.8901081000E-03   1.5496800000E-05   1.1825813000E-03  -2.5163629530E-01  -5.4265200300E-02
   47     -7.4335826000E-03  -9.6513774000E-03  -1.2568480400E-02  -6.5006256000E-02  -4.1455744700E-02
                   15                 16                 17                 18                 19        
    0     -1.3032930400E-02  -2.7110110000E-03  -1.8824809000E-03  -1.2774445030E-01  -1.2100271200E-01
    1      6.9853995000E-03  -1.2374663400E-02   1.1246660600E-02  -1.2042971800E-01  -2.1779630300E-01
    2      6.6748282400E-02   2.3791107800E-02   5.5000137600E-02   2.1740510700E-02   2.3935482900E-02
    3      4.1524418300E-02   1.5449507200E-02   4.7226479900E-02  -1.6639783500E-02  -7.7071350000E-04
    4      1.5765485500E-02   7.4549120000E-03   1.7432653300E-02  -2.2097559900E-02  -5.7138400000E-05
    5     -2.8442138000E-02  -1.1315687700E-02  -4.7050221600E-02   4.2958792000E-03   5.1110360000E-04
    6     -3.9582865000E-02  -1.7790432300E-02  -2.3568622300E-02  -5.0919870000E-03  -1.2125179000E-03
    7     -2.1735822500E-02  -6.7297297000E-03  -1.7380862600E-02  -2.5633120000E-04   6.4177570000E-04
    8     -9.0471200000E-03  -2.4215952000E-03  -2.0091761600E-02   4.7459302000E-03   2.7415390000E-04
    9      6.6802118000E-03   2.7287716000E-03   6.8034518000E-03   1.6071360000E-04   7.4541100000E-05
   10     -7.7744250000E-03  -3.1439173000E-03  -2.8528678000E-03  -6.4333760000E-04   5.1750900000E-05
   11      3.9911701400E-02   1.8032151000E-02   2.3774700600E-02   8.7877750000E-04   3.6968700000E-04
   12     -2.9162154680E-01  -1.0543534910E-01   4.9062877600E-02   2.8042310000E-04   3.7523550000E-04
   13     -1.0512965000E-01  -1.2827198510E-01   1.5986212300E-02   9.2280300000E-05  -3.5544750000E-04
   14     -4.7385520500E-02  -2.3071156500E-02  -6.5150572600E-02  -8.6510520000E-04   1.4753350000E-04
   15      5.8516174640E-01   2.8054436900E-02  -1.4677087140E-01  -2.2327718000E-03   1.8650100000E-05
   16      2.8054436900E-02   6.0391727820E-01  -7.1325457000E-03  -2.5584090000E-03  -4.1940810000E-04
   17     -1.4677087140E-01  -7.1325457000E-03   1.1546855040E-01  -1.0681525000E-03  -2.3047440000E-04
   18     -2.2327718000E-03  -2.5584090000E-03  -1.0681525000E-03   1.4380787730E-01   1.3548487150E-01
   19      1.8650100000E-05  -4.1940810000E-04  -2.3047440000E-04   1.3548487150E-01   2.4002126120E-01
   20     -4.2519155000E-03  -4.0807898000E-03  -7.6386080000E-04  -2.6539823600E-02  -2.8027024600E-02
   21     -3.4750551000E-03   1.6467718000E-03  -3.3818125000E-03   7.0147778000E-03  -1.3823334500E-02
   22      3.1553160000E-04  -1.3372120000E-04   1.5372140000E-04   1.0619801600E-02  -2.5066415500E-02
   23     -6.6701468000E-03   2.8046867000E-03  -6.9271235000E-03  -9.0008740000E-04   3.2813982000E-03
   24      7.3200970000E-04   5.4528050000E-04   8.1555870000E-04   4.8974550000E-04   7.5341610000E-04
   25      4.3531510000E-04  -2.3177260000E-04  -5.8495200000E-05  -6.0065680000E-04   1.0559390000E-03
   26      2.0713564000E-03   7.9637980000E-04   2.4129378000E-03  -1.2600523000E-03  -1.3255470000E-04
   27     -7.7484940000E-04  -2.0854790000E-04  -4.9190360000E-04  -4.9305400000E-05   1.1967750000E-04
   28     -1.1612620000E-04  -4.3013770000E-04  -3.3478540000E-04   1.8497760000E-04   5.8908740000E-04
   29      1.6697335000E-03   3.5395250000E-04   1.5163809000E-03  -5.1000200000E-05  -3.1703800000E-05
   30      4.2954420000E-04   2.3296760000E-04   7.6977720000E-04   2.1952970000E-04   6.6729500000E-05
   31      5.5948560000E-04  -5.5775800000E-05   2.1137400000E-05   1.2777700000E-04   1.4868210000E-04
   32     -7.1754700000E-05  -4.2800510000E-04  -1.4236751000E-03  -9.6569060000E-04  -1.9542640000E-04
   33      6.3177800000E-04   3.9502190000E-04   6.5565890000E-04   5.0266500000E-05  -8.4760200000E-05
   34      8.0269100000E-05   1.9311670000E-04   3.5042500000E-05  -9.0366600000E-05   1.3548100000E-04
   35     -1.8424546000E-03  -6.9368110000E-04  -1.3626631000E-03   2.2368690000E-04  -8.9964300000E-05
   36     -2.0995734880E-01   1.1070473300E-01   8.1289608300E-02   1.9449800000E-05  -4.1894000000E-05
   37      1.0973450790E-01  -1.1149005090E-01  -4.5241357000E-02   1.9472900000E-05  -2.8855070000E-04
   38      9.9094946100E-02  -4.2467716000E-02  -4.5607742000E-02  -2.2619500000E-05  -7.4541900000E-05
   39     -3.9770819700E-02   2.1449455000E-03   6.3349506000E-03  -3.6542630000E-04   5.7148000000E-05
   40     -1.6933402000E-03  -3.1063547710E-01   3.3075174900E-02  -9.1064500000E-05   6.5441340000E-04
   41      1.3997711200E-02   4.0642614100E-02  -2.2999186300E-02  -4.2089740000E-04   2.3910110000E-04
   42     -3.0592917700E-02   5.9990767000E-03  -7.2495095000E-03   1.2249950000E-04  -1.0184230000E-04
   43     -1.1158178100E-02   4.0047475000E-03  -1.7904789000E-03   7.9966200000E-05   1.1413920000E-04
   44      1.4888841300E-02   8.0350659000E-03   6.5286415000E-03   1.6323780000E-04   3.1672600000E-05
   45     -4.1186040000E-03  -3.9197763400E-02  -8.5450102000E-03  -4.1558600000E-05   8.7505200000E-05
   46     -1.4341539300E-02  -4.1653415400E-02  -2.9287354000E-03   1.5829630000E-04   5.7073320000E-04
   47      6.0993493000E-03  -2.8447807000E-03   6.6754578000E-03   4.5406400000E-05  -8.4430000000E-06
                   20                 21                 22                 23                 24        
    0      1.7083295000E-02  -1.0569950990E-01   1.0988424460E-01   4.0693169000E-03  -1.6727221100E-02
    1      2.0173627900E-02   1.1162085980E-01  -2.4360947960E-01  -2.4590359000E-03   2.6123691500E-02
    2     -3.5752216200E-02   1.1386278700E-02  -6.4171653000E-03  -2.5992412400E-02   1.9666406000E-03
    3      9.5429590000E-03  -1.3037270400E-02   6.5396723000E-03   1.4080070500E-02  -1.0134145340E-01
    4      1.3845104800E-02   2.4826144300E-02  -4.6318899000E-03  -1.3026167000E-02   1.0486201210E-01
    5     -3.8313419000E-03   1.0788800000E-03  -2.5059973000E-03  -4.0515229000E-03   1.1869076500E-02
    6      4.4697855000E-03  -9.3921550000E-04  -2.0691915000E-03  -3.4711710000E-03   7.9823674000E-03
    7     -2.1031519000E-03   1.2325812000E-03   1.1448590000E-03  -1.6535789000E-03  -1.0793864500E-02
    8      6.4359633000E-03  -1.7206287000E-03   4.8336080000E-04  -3.9502188000E-03  -9.2993340000E-04
    9      1.6296077000E-03   2.8012760000E-04  -1.9938090000E-04   1.9570320000E-04   7.8065630000E-04
   10      1.4872124000E-03  -2.8941310000E-04  -2.1836230000E-04  -7.2358390000E-04  -1.7307424000E-03
   11      6.7695890000E-04   8.4159290000E-04  -2.9040380000E-04   1.2477667000E-03  -8.2449590000E-04
   12      3.4795250000E-04   6.4310410000E-04  -1.0361410000E-04   2.2765072000E-03  -1.1280039000E-03
   13      7.8189440000E-04   1.1424640000E-03   1.4822950000E-04   1.0564982000E-03  -2.0958140000E-04
   14     -1.6598898000E-03  -9.8443440000E-04   2.1430200000E-05  -1.4471875000E-03   6.3388660000E-04
   15     -4.2519155000E-03  -3.4750551000E-03   3.1553160000E-04  -6.6701468000E-03   7.3200970000E-04
   16     -4.0807898000E-03   1.6467718000E-03  -1.3372120000E-04   2.8046867000E-03   5.4528050000E-04
   17     -7.6386080000E-04  -3.3818125000E-03   1.5372140000E-04  -6.9271235000E-03   8.1555870000E-04
   18     -2.6539823600E-02   7.0147778000E-03   1.0619801600E-02  -9.0008740000E-04   4.8974550000E-04
   19     -2.8027024600E-02  -1.3823334500E-02  -2.5066415500E-02   3.2813982000E-03   7.5341610000E-04
   20      3.5559010900E-02   7.8226500000E-05  -9.9367500000E-04   2.2613948000E-03  -1.5874786000E-03
   21      7.8226500000E-05   1.1802892210E-01  -1.2445591830E-01  -1.2822156000E-02  -3.0393069000E-03
   22     -9.9367500000E-04  -1.2445591830E-01   2.6996404960E-01   9.5595788000E-03   7.6108180000E-04
   23      2.2613948000E-03  -1.2822156000E-02   9.5595788000E-03   3.3759113900E-02   5.8310580000E-03
   24     -1.5874786000E-03  -3.0393069000E-03   7.6108180000E-04   5.8310580000E-03   1.1412582860E-01
   25      3.4166670000E-04  -1.3815350000E-04   8.7511690000E-04  -3.3417360000E-04  -1.1721100930E-01
   26     -2.6985843000E-03   4.9558310000E-03   3.5094000000E-06   6.3963975000E-03  -1.8286115600E-02
   27      9.1247100000E-05  -6.6642630000E-04  -3.4951460000E-04  -5.5198000000E-06  -1.6338522000E-03
   28     -4.7579320000E-04  -9.7165890000E-04   3.4246650000E-04   4.7045140000E-04  -2.5004498000E-03
   29     -2.1313970000E-04   4.2132160000E-04   3.2186240000E-04   2.9265630000E-04   7.4365160000E-04
   30      9.0611730000E-04   4.1296100000E-05  -9.5513000000E-05  -2.1429200000E-04  -5.8972100000E-05
   31      1.8303490000E-04  -7.0554200000E-05   1.2595560000E-04   7.7982100000E-05   1.2377510000E-04
   32     -5.0436400000E-05   7.0282400000E-05  -9.9020000000E-07   2.5202200000E-04  -3.7652800000E-05
   33     -5.1328200000E-05   2.8267730000E-04  -2.1953260000E-04  -5.9059300000E-05  -4.7151500000E-04
   34     -2.5430800000E-05  -2.2261750000E-04  -4.6354400000E-05   5.0555600000E-05  -2.0284090000E-04
   35      1.9871580000E-04   4.1267700000E-05  -4.6680300000E-05  -3.9528600000E-05   1.1108190000E-04
   36     -2.5638300000E-04   4.3337640000E-04  -2.4543150000E-04  -1.5448533000E-03   6.4862500000E-05
   37     -1.6469780000E-04   6.3953800000E-05   8.2273870000E-04   9.0804710000E-04  -2.4658910000E-04
   38     -9.5555900000E-05  -9.8682300000E-05   3.7300600000E-05  -1.4363480000E-03  -3.0964250000E-04
   39     -8.2252740000E-04  -1.6288210000E-04  -1.4011460000E-04  -2.8027940000E-04  -1.4009400000E-05
   40     -4.7426890000E-04  -1.7348950000E-04   1.4513650000E-04  -1.4523270000E-04  -1.1207740000E-04
   41     -6.0732900000E-05  -3.6495020000E-04  -1.7813140000E-04  -9.5405050000E-04   1.7986190000E-04
   42     -3.4080850000E-04   5.5938700000E-05  -3.0340690000E-04  -4.4609410000E-04   2.6626980000E-04
   43     -1.6031170000E-04  -9.5509800000E-05  -6.3760100000E-05  -4.4403100000E-05  -6.0120000000E-07
   44     -9.6953000000E-06   3.3436270000E-04  -1.3832410000E-04   3.1651910000E-04  -9.9993400000E-05
   45     -2.9892560000E-04   2.3944620000E-04   6.1286100000E-05  -3.8996900000E-05  -2.7405800000E-05
   46     -3.0739720000E-04  -2.9212550000E-04   2.0143090000E-04   1.7697690000E-04  -1.6150110000E-04
   47      3.4095000000E-06   1.6462060000E-04  -9.3961000000E-06   2.7252200000E-04  -7.5503600000E-05
                   25                 26                 27                 28                 29        
    0      4.1402183000E-03   1.0278215500E-02   6.7494090000E-04   1.1480956000E-03   5.5774830000E-04
    1     -3.1989559000E-03  -1.0391776600E-02  -1.9728491000E-03   4.3862880000E-04   1.2569930000E-04
    2     -1.3313628000E-03  -5.7810999000E-03   6.7252410000E-04  -6.9361970000E-04  -3.0756105000E-03
    3      1.0539633810E-01   2.1660436000E-03   7.6641459000E-03   1.0091758700E-02  -2.9047069000E-03
    4     -2.3957831060E-01  -1.3076578000E-02  -1.0367246600E-02  -2.7141821800E-02  -5.9176299000E-03
    5     -1.6140511600E-02  -3.2362356600E-02   4.6391670000E-04   2.4008160000E-04   9.1365630000E-04
    6      1.0240101900E-02   2.8224436000E-03  -1.0122854300E-01   1.0637861170E-01   5.5830950000E-04
    7     -2.7347275900E-02   3.4288833000E-03   1.0535273410E-01  -2.4080340710E-01   9.6957226000E-03
    8     -1.4782436000E-03   8.5929490000E-04  -8.2239473000E-03   1.0206093500E-02  -3.3164654300E-02
    9      1.2681784000E-03  -5.5624270000E-04  -1.7616527500E-02   4.4818800000E-03  -8.9248485000E-03
   10      4.5703370000E-04   2.2219240000E-04   2.6331732100E-02  -3.3326406000E-03   8.6470952000E-03
   11      8.5188810000E-04  -2.9248595000E-03  -1.5424656000E-03   1.4131937000E-03  -4.1457162000E-03
   12      1.5306930000E-04  -1.6882970000E-03   2.5888020000E-04   8.7759620000E-04  -2.3871033000E-03
   13     -1.5605815000E-03  -8.9437590000E-04   1.2291520000E-03  -9.6882090000E-04  -5.6371640000E-04
   14      1.9935180000E-04   1.5276386000E-03  -9.5521380000E-04   8.4776900000E-05   1.8048783000E-03
   15      4.3531510000E-04   2.0713564000E-03  -7.7484940000E-04  -1.1612620000E-04   1.6697335000E-03
   16     -2.3177260000E-04   7.9637980000E-04  -2.0854790000E-04  -4.3013770000E-04   3.5395250000E-04
   17     -5.8495200000E-05   2.4129378000E-03  -4.9190360000E-04  -3.3478540000E-04   1.5163809000E-03
   18     -6.0065680000E-04  -1.2600523000E-03  -4.9305400000E-05   1.8497760000E-04  -5.1000200000E-05
   19      1.0559390000E-03  -1.3255470000E-04   1.1967750000E-04   5.8908740000E-04  -3.1703800000E-05
   20      3.4166670000E-04  -2.6985843000E-03   9.1247100000E-05  -4.7579320000E-04  -2.1313970000E-04
   21     -1.3815350000E-04   4.9558310000E-03  -6.6642630000E-04  -9.7165890000E-04   4.2132160000E-04
   22      8.7511690000E-04   3.5094000000E-06  -3.4951460000E-04   3.4246650000E-04   3.2186240000E-04
   23     -3.3417360000E-04   6.3963975000E-03  -5.5198000000E-06   4.7045140000E-04   2.9265630000E-04
   24     -1.1721100930E-01  -1.8286115600E-02  -1.6338522000E-03  -2.5004498000E-03   7.4365160000E-04
   25      2.7063373600E-01   1.9282567700E-02  -2.4743677000E-03  -3.6371919000E-03  -1.4736250000E-03
   26      1.9282567700E-02   2.8203321600E-02  -6.2101910000E-04   9.9988750000E-04   5.1037465000E-03
   27     -2.4743677000E-03  -6.2101910000E-04   1.1598959420E-01  -1.1833931370E-01   1.3785583700E-02
   28     -3.6371919000E-03   9.9988750000E-04  -1.1833931370E-01   2.7164348220E-01  -1.1567757500E-02
   29     -1.4736250000E-03   5.1037465000E-03   1.3785583700E-02  -1.1567757500E-02   2.7272551400E-02
   30      1.7963910000E-04   4.3566100000E-05   4.4279540000E-04  -7.6731720000E-04   1.1408759000E-03
   31      5.7280410000E-04   4.3387700000E-05   7.9641920000E-04   1.0439370000E-03   2.6821570000E-04
   32      5.2045730000E-04  -1.8420780000E-04   1.5265818000E-03  -1.4217710000E-04  -3.0801935000E-03
   33     -9.4377590000E-04  -3.1312350000E-04  -3.4349601000E-03   1.8252500000E-05  -4.6319330000E-03
   34      4.5633400000E-04  -2.1304160000E-04   8.8463040000E-04   9.6347160000E-04  -3.2989100000E-04
   35     -4.8233670000E-04   2.4621910000E-04  -5.3769402000E-03  -1.4946540000E-04   7.4439006000E-03
   36     -2.1046630000E-04   1.7358380000E-04   1.9619210000E-04  -1.3724250000E-04  -6.3305900000E-05
   37      1.5443720000E-04  -2.2722760000E-04  -7.9809300000E-05   1.8008940000E-04   2.1854320000E-04
   38      1.5740540000E-04  -6.7914500000E-05   1.3603040000E-04   1.5732340000E-04  -3.5276840000E-04
   39      1.1655000000E-05   7.6581200000E-05  -8.0005000000E-05   2.2176700000E-05  -2.7041800000E-05
   40      3.1245780000E-04  -6.1409000000E-05  -7.7955100000E-05   1.8889770000E-04  -4.6490400000E-05
   41     -1.0685580000E-04  -3.8966470000E-04   6.0888100000E-05  -1.5473090000E-04  -1.0123520000E-04
   42     -1.5817240000E-04   7.3863700000E-05   6.5842100000E-05  -2.0163350000E-04  -9.3598900000E-05
   43      2.1449770000E-04  -2.4983670000E-04  -2.3916170000E-04   1.3271140000E-04   3.2039560000E-04
   44     -1.2162150000E-04  -2.5211780000E-04   3.7715300000E-04  -2.2878770000E-04  -3.0000010000E-04
   45     -8.7913600000E-05   6.3365300000E-05   1.9207820000E-04  -1.6960730000E-04   2.0631450000E-04
   46      8.2173200000E-04   4.6999240000E-04  -6.0557950000E-04   7.9124800000E-04  -2.0672600000E-05
   47      1.7388890000E-04  -8.8750700000E-05   1.0308420000E-04   1.7530900000E-04   8.5547700000E-05
                   30                 31                 32                 33                 34        
    0      1.1264400000E-04   1.2832950000E-04  -1.6426340000E-03   1.8587400000E-04  -1.9892460000E-04
    1     -6.0197800000E-04   1.3298340000E-04  -1.5059214000E-03  -2.0875240000E-04  -2.4042690000E-04
    2     -1.1025221000E-03  -5.9014590000E-04   6.9418620000E-04  -7.4780660000E-04   2.2757080000E-04
    3     -5.2070988000E-03  -8.9270940000E-04  -3.8902924000E-03  -3.4532330000E-04  -2.0273200000E-03
    4      9.5313500000E-05   5.4674790000E-04   1.6505359000E-03   1.3400973000E-03   1.1021768000E-03
    5     -3.9525861000E-03  -2.6776390000E-04   7.6420887000E-03   1.7142710000E-03  -1.7510190000E-04
    6     -1.7189912100E-02  -9.3791990000E-04  -7.9917140000E-03  -1.4651953000E-02   6.7568886000E-03
    7     -2.2879633600E-02   2.7047840000E-04  -1.1951377200E-02   2.5776421100E-02  -4.6243947000E-03
    8     -5.6722178000E-03  -3.9792490000E-04  -3.9258612000E-03  -7.4856570000E-04   2.0409214000E-03
    9     -1.2246398070E-01  -1.2013969770E-01  -2.1965511200E-02  -1.0627949140E-01   1.1049597610E-01
   10     -1.1856323660E-01  -2.2424922290E-01  -2.9440099300E-02   1.1163402310E-01  -2.4268060540E-01
   11     -2.5196206300E-02  -3.2325841000E-02  -3.7608091800E-02  -8.3711808000E-03   2.9711558000E-03
   12     -2.2254519000E-03  -6.7970140000E-04   3.4890663000E-03  -2.9479825000E-03   3.5155520000E-04
   13     -3.4651330000E-03  -1.3814250000E-03   4.3494817000E-03   1.4891372000E-03  -1.1465306000E-03
   14      1.0406908000E-03   6.0088030000E-04  -4.7862650000E-04   2.2382214000E-03   5.1465700000E-05
   15      4.2954420000E-04   5.5948560000E-04  -7.1754700000E-05   6.3177800000E-04   8.0269100000E-05
   16      2.3296760000E-04  -5.5775800000E-05  -4.2800510000E-04   3.9502190000E-04   1.9311670000E-04
   17      7.6977720000E-04   2.1137400000E-05  -1.4236751000E-03   6.5565890000E-04   3.5042500000E-05
   18      2.1952970000E-04   1.2777700000E-04  -9.6569060000E-04   5.0266500000E-05  -9.0366600000E-05
   19      6.6729500000E-05   1.4868210000E-04  -1.9542640000E-04  -8.4760200000E-05   1.3548100000E-04
   20      9.0611730000E-04   1.8303490000E-04  -5.0436400000E-05  -5.1328200000E-05  -2.5430800000E-05
   21      4.1296100000E-05  -7.0554200000E-05   7.0282400000E-05   2.8267730000E-04  -2.2261750000E-04
   22     -9.5513000000E-05   1.2595560000E-04  -9.9020000000E-07  -2.1953260000E-04  -4.6354400000E-05
   23     -2.1429200000E-04   7.7982100000E-05   2.5202200000E-04  -5.9059300000E-05   5.0555600000E-05
   24     -5.8972100000E-05   1.2377510000E-04  -3.7652800000E-05  -4.7151500000E-04  -2.0284090000E-04
   25      1.7963910000E-04   5.7280410000E-04   5.2045730000E-04  -9.4377590000E-04   4.5633400000E-04
   26      4.3566100000E-05   4.3387700000E-05  -1.8420780000E-04  -3.1312350000E-04  -2.1304160000E-04
   27      4.4279540000E-04   7.9641920000E-04   1.5265818000E-03  -3.4349601000E-03   8.8463040000E-04
   28     -7.6731720000E-04   1.0439370000E-03  -1.4217710000E-04   1.8252500000E-05   9.6347160000E-04
   29      1.1408759000E-03   2.6821570000E-04  -3.0801935000E-03  -4.6319330000E-03  -3.2989100000E-04
   30      1.3859747590E-01   1.3370889530E-01   3.1361941900E-02   6.8687161000E-03   1.1026180400E-02
   31      1.3370889530E-01   2.4590894910E-01   3.6552101200E-02  -1.2835115800E-02  -2.4222156400E-02
   32      3.1361941900E-02   3.6552101200E-02   3.5499643500E-02  -3.4118890000E-04   4.4454400000E-04
   33      6.8687161000E-03  -1.2835115800E-02  -3.4118890000E-04   1.1966494030E-01  -1.2619108020E-01
   34      1.1026180400E-02  -2.4222156400E-02   4.4454400000E-04  -1.2619108020E-01   2.6865513990E-01
   35      1.2570948000E-03  -4.0359392000E-03   2.2868013000E-03   1.0327437700E-02  -4.8648070000E-03
   36      8.0227800000E-05  -3.9268400000E-05   2.4581360000E-04   8.8357200000E-05  -2.4402300000E-04
   37     -9.1332100000E-05   2.0862510000E-04   2.4004290000E-04  -1.1127940000E-04   4.2954900000E-05
   38     -6.8322700000E-05  -5.9661800000E-05  -2.1185900000E-05  -1.9439620000E-04   7.2901800000E-05
   39     -2.2197200000E-05   2.5155200000E-05   1.4470580000E-04  -3.8990800000E-05  -6.7453200000E-05
   40      6.0955700000E-05   2.0417240000E-04   2.6752000000E-06  -1.2916040000E-04   1.8520480000E-04
   41     -1.0094470000E-04  -8.2179000000E-05  -3.1835700000E-05  -3.3196200000E-05   6.2237500000E-05
   42      2.9438000000E-06   4.3478700000E-05   3.3315570000E-04   4.2068530000E-04  -1.6832440000E-04
   43     -4.7404300000E-05  -4.6333400000E-05   2.5617470000E-04   1.1625830000E-04   6.9778270000E-04
   44      6.4502000000E-05   1.0405240000E-04  -1.3534390000E-04   5.7006200000E-05  -1.3894890000E-04
   45      3.7243990000E-04   8.1651200000E-05  -2.6510900000E-04  -2.3078600000E-05  -1.8254930000E-04
   46      1.1408666000E-03   7.9157850000E-04  -3.5201600000E-04  -4.5754500000E-05   5.2880610000E-04
   47     -2.7747420000E-04  -9.1336000000E-05   5.6471620000E-04   4.9918310000E-04  -2.0917390000E-04
                   35                 36                 37                 38                 39        
    0      3.7958100000E-05   4.9036810000E-04   4.0246480000E-04   1.9284604000E-03  -3.9680260000E-04
    1      5.6467180000E-04  -1.7959610000E-04   3.7183560000E-04  -4.9166734000E-03   2.1082153000E-03
    2      1.2343891000E-03  -3.8311245000E-03  -8.1850480000E-04  -1.8226314700E-02  -3.4374946000E-03
    3      2.8457960000E-03  -1.5137812000E-03   1.1434220000E-04  -6.5139756000E-03  -5.2492390000E-04
    4      1.7878190000E-03  -4.3933800000E-04  -2.1423440000E-04  -2.4161501000E-03  -7.5491000000E-04
    5     -4.1769744000E-03   7.3784920000E-04  -1.9819340000E-04   3.3571626000E-03   9.7716630000E-04
    6     -1.1879772000E-02   1.3204325000E-03  -3.9676150000E-04   5.8213833000E-03   4.6254020000E-04
    7      1.1315180900E-02   9.5758800000E-04  -2.4496140000E-04   3.4950603000E-03   4.7941160000E-04
    8     -2.7185257000E-03  -3.0214800000E-04   2.1000200000E-04   1.7466613000E-03  -1.9385340000E-04
    9     -2.9886972000E-03  -7.8631790000E-04  -4.8913840000E-04  -9.9910060000E-04  -5.4071750000E-04
   10     -8.0650400000E-05   2.6046000000E-04  -4.0077300000E-04   1.3041369000E-03  -2.5064040000E-04
   11     -2.7472442600E-02  -2.1445751000E-03   3.7137070000E-04  -5.7954736000E-03  -5.6163690000E-04
   12      5.1594897000E-03  -3.1980781400E-02  -9.3113662000E-03  -1.1569230800E-02  -2.6237182000E-03
   13     -1.4434950000E-03   9.7312948000E-03   7.5339623000E-03  -7.7919250000E-03  -2.5583343600E-02
   14     -4.6107500000E-03   7.1934449000E-03   2.3336864000E-03   6.6897371000E-03   1.3522412000E-03
   15     -1.8424546000E-03  -2.0995734880E-01   1.0973450790E-01   9.9094946100E-02  -3.9770819700E-02
   16     -6.9368110000E-04   1.1070473300E-01  -1.1149005090E-01  -4.2467716000E-02   2.1449455000E-03
   17     -1.3626631000E-03   8.1289608300E-02  -4.5241357000E-02  -4.5607742000E-02   6.3349506000E-03
   18      2.2368690000E-04   1.9449800000E-05   1.9472900000E-05  -2.2619500000E-05  -3.6542630000E-04
   19     -8.9964300000E-05  -4.1894000000E-05  -2.8855070000E-04  -7.4541900000E-05   5.7148000000E-05
   20      1.9871580000E-04  -2.5638300000E-04  -1.6469780000E-04  -9.5555900000E-05  -8.2252740000E-04
   21      4.1267700000E-05   4.3337640000E-04   6.3953800000E-05  -9.8682300000E-05  -1.6288210000E-04
   22     -4.6680300000E-05  -2.4543150000E-04   8.2273870000E-04   3.7300600000E-05  -1.4011460000E-04
   23     -3.9528600000E-05  -1.5448533000E-03   9.0804710000E-04  -1.4363480000E-03  -2.8027940000E-04
   24      1.1108190000E-04   6.4862500000E-05  -2.4658910000E-04  -3.0964250000E-04  -1.4009400000E-05
   25     -4.8233670000E-04  -2.1046630000E-04   1.5443720000E-04   1.5740540000E-04   1.1655000000E-05
   26      2.4621910000E-04   1.7358380000E-04  -2.2722760000E-04  -6.7914500000E-05   7.6581200000E-05
   27     -5.3769402000E-03   1.9619210000E-04  -7.9809300000E-05   1.3603040000E-04  -8.0005000000E-05
   28     -1.4946540000E-04  -1.3724250000E-04   1.8008940000E-04   1.5732340000E-04   2.2176700000E-05
   29      7.4439006000E-03  -6.3305900000E-05   2.1854320000E-04  -3.5276840000E-04  -2.7041800000E-05
   30      1.2570948000E-03   8.0227800000E-05  -9.1332100000E-05  -6.8322700000E-05  -2.2197200000E-05
   31     -4.0359392000E-03  -3.9268400000E-05   2.0862510000E-04  -5.9661800000E-05   2.5155200000E-05
   32      2.2868013000E-03   2.4581360000E-04   2.4004290000E-04  -2.1185900000E-05   1.4470580000E-04
   33      1.0327437700E-02   8.8357200000E-05  -1.1127940000E-04  -1.9439620000E-04  -3.8990800000E-05
   34     -4.8648070000E-03  -2.4402300000E-04   4.2954900000E-05   7.2901800000E-05  -6.7453200000E-05
   35      3.0776626600E-02   2.8598480000E-04   2.3099200000E-05   2.8740760000E-04   1.4504220000E-04
   36      2.8598480000E-04   2.4321671980E-01  -1.2133739520E-01  -8.3020040600E-02  -5.1374800000E-04
   37      2.3099200000E-05  -1.2133739520E-01   1.1939679740E-01   5.0419627400E-02   2.3223437600E-02
   38      2.8740760000E-04  -8.3020040600E-02   5.0419627400E-02   5.9160676700E-02  -2.3100646000E-03
