
$orca_hessian_file

$act_atom
  0

$act_coord
  0

$act_energy
      -21.682818

$multiplicity
  1

$hessian
48
                    0                  1                  2                  3                  4        
    0      8.2763201050E-01  -1.1236298800E-02   1.6323379400E-02  -4.6738147830E-01   4.6045511000E-02
    1     -1.1236298800E-02   4.3075138760E-01  -6.0451096200E-02   1.4903237400E-02  -7.1589156200E-02
    2      1.6323379400E-02  -6.0451096200E-02   3.0429843100E-02  -2.9532188600E-02  -1.3332954600E-02
    3     -4.6738147830E-01   1.4903237400E-02  -2.9532188600E-02   6.9322103920E-01  -3.9343204500E-02
    4      4.6045511000E-02  -7.1589156200E-02  -1.3332954600E-02  -3.9343204500E-02   5.8446382150E-01
    5      9.0298502000E-02   1.0081451600E-02   5.6040302800E-02  -8.2760044000E-03   2.4203949300E-02
    6     -4.9203390300E-02  -2.2377541300E-02   5.0696070300E-02  -6.5148298800E-02  -7.3153006600E-02
    7     -2.0264728100E-02   4.9247166000E-03   4.0886385100E-02  -6.2897268800E-02  -2.4091873720E-01
    8     -3.9061490000E-03   6.7484692000E-03   3.2607326700E-02   4.5289817800E-02   4.1844425000E-02
    9      3.9584069000E-03  -2.2776863000E-03   5.1132668000E-03  -3.2358883200E-02  -1.1806880700E-02
   10     -4.0140503000E-03  -3.4115993000E-03   4.1047186000E-03  -2.4962889500E-02   5.3754310000E-04
   11      2.2658214000E-03  -5.1155680000E-03  -3.0449300700E-02  -3.8513512000E-02  -2.2760934500E-02
   12      6.5631792000E-03  -1.0977370700E-02  -6.8285313300E-02  -6.0588296400E-02  -2.5860617500E-02
   13      4.6290775000E-03  -7.1395913000E-03  -3.2853150100E-02  -2.8958086800E-02   2.4722893000E-03
   14     -2.1479476000E-03  -1.5761963000E-03  -4.4010471000E-03  -2.9756262200E-02  -2.7308628000E-02
   15     -1.1201098000E-02   1.4192542400E-02   1.0510254200E-01   7.2721309900E-02   4.8429647000E-03
   16     -9.4457358000E-03  -8.6778200000E-03   2.0085328400E-02   1.4262356400E-02   8.5212820000E-04
   17     -2.0599839100E-02   2.0618101700E-02   7.1196661600E-02   7.9980194100E-02  -6.6996601000E-03
   18     -1.5474412670E-01  -1.1750005180E-01  -2.4245720700E-02  -1.7796176100E-02  -2.5366983900E-02
   19     -1.1614433090E-01  -1.6798162750E-01  -2.4454719700E-02  -4.2520970000E-04   9.2099470000E-04
   20     -3.2735997800E-02  -3.1596700100E-02  -4.5168004200E-02   4.6512550000E-03   5.9736630000E-03
   21     -1.3197834510E-01   1.1044385570E-01  -4.8002789000E-02  -1.6635651600E-02   2.5596360900E-02
   22      1.0582489690E-01  -1.7439258440E-01   5.9001572500E-02   6.0771851000E-03  -4.1418228000E-03
   23     -5.8559723600E-02   6.7481724500E-02  -5.6168130500E-02   8.8791143000E-03  -4.7044883000E-03
   24     -2.0071495600E-02   2.5525025000E-02  -1.9884181000E-03  -9.8983647700E-02   1.0953276740E-01
   25      5.0329907000E-03  -2.0898325000E-03  -1.5226181000E-03   1.0779926360E-01  -2.4500813750E-01
   26      2.4206125000E-03  -2.1120415000E-03   2.7253029000E-03  -1.4882612000E-03   8.9690942000E-03
   27      1.0742038000E-03  -1.9087896000E-03  -4.1695560000E-04   5.4585237000E-03  -1.0854848500E-02
   28      9.8785140000E-04   1.0895981000E-03   4.7984370000E-04   1.0287816600E-02  -2.6189000000E-02
   29     -6.7776300000E-05   4.3564420000E-04  -1.3564911000E-03   5.0047700000E-05  -1.0593254000E-03
   30     -1.1076911000E-03  -6.2349050000E-04  -1.9467682000E-03  -6.2584241000E-03   9.4498500000E-05
   31     -3.9210850000E-04  -7.2905300000E-04  -4.8182060000E-04  -1.9919264000E-03   9.8716000000E-04
   32      2.8034180000E-04   8.6628910000E-04  -3.5408420000E-03   3.1799250000E-04  -1.1554501000E-03
   33      6.2190750000E-04  -9.0466650000E-04  -1.0309764000E-03   1.2186205000E-03   3.8206900000E-04
   34     -1.4059460000E-04  -1.7709000000E-04   9.0635600000E-04   2.4480540000E-04   1.7730364000E-03
   35     -2.8989200000E-04  -1.0959835000E-03  -2.0317482000E-03  -2.4476398000E-03  -1.6003746000E-03
   36      4.7007680000E-04  -1.6903858000E-03  -9.3321355000E-03  -8.3023685000E-03  -8.2578940000E-04
   37     -8.4160380000E-04   1.6332371000E-03  -1.7073450000E-04  -9.9769700000E-04  -2.2301902000E-03
   38      8.5373100000E-04  -5.2660155000E-03  -1.7402039500E-02  -1.0799044300E-02  -2.4738750000E-04
   39     -7.3800360000E-04   2.6483241000E-03  -4.3766281000E-03  -3.2085607000E-03  -2.8953756000E-03
   40      2.2967520000E-04  -4.1956260000E-04   1.6850082000E-03   6.6132530000E-04  -4.4406820000E-04
   41      1.1583610000E-04   5.1964452000E-03  -1.3469228200E-02  -3.8844847000E-03   2.9958573000E-03
   42     -2.8790214000E-03   5.8508720000E-04   7.9537360000E-03   3.9357332000E-03   2.8759126000E-03
   43     -1.2353311000E-03   1.3769450000E-04   6.6255385000E-03   4.8963161000E-03   1.7579250000E-03
   44      3.5229392000E-03  -2.8736671000E-03  -1.2861493600E-02  -9.1124992000E-03  -5.2899798000E-03
   45     -1.0151347000E-03   1.1982092000E-03   3.9688990000E-03   1.0655890000E-04   7.3662270000E-04
   46      9.6477910000E-04  -1.9287171000E-03  -5.0765710000E-04   4.4397680000E-04  -3.2437858000E-03
   47      2.2261621000E-03  -1.3408573000E-03  -6.1511120000E-03  -5.3585250000E-03   1.7219410000E-04
                    5                  6                  7                  8                  9        
    0      9.0298502000E-02  -4.9203390300E-02  -2.0264728100E-02  -3.9061490000E-03   3.9584069000E-03
    1      1.0081451600E-02  -2.2377541300E-02   4.9247166000E-03   6.7484692000E-03  -2.2776863000E-03
    2      5.6040302800E-02   5.0696070300E-02   4.0886385100E-02   3.2607326700E-02   5.1132668000E-03
    3     -8.2760044000E-03  -6.5148298800E-02  -6.2897268800E-02   4.5289817800E-02  -3.2358883200E-02
    4      2.4203949300E-02  -7.3153006600E-02  -2.4091873720E-01   4.1844425000E-02  -1.1806880700E-02
    5      8.1204622300E-02  -4.1988642200E-02  -3.3739927700E-02  -5.5493825200E-02   1.5107384000E-03
    6     -4.1988642200E-02   7.6593671770E-01  -2.1588980900E-02  -1.0044992350E-01  -5.1049171020E-01
    7     -3.3739927700E-02  -2.1588980900E-02   5.7552918970E-01  -1.7246092900E-02   1.1051742900E-02
    8     -5.5493825200E-02  -1.0044992350E-01  -1.7246092900E-02   2.0140349400E-02  -1.0842577600E-02
    9      1.5107384000E-03  -5.1049171020E-01   1.1051742900E-02  -1.0842577600E-02   8.0763206810E-01
   10     -3.5590690000E-04  -1.6380839000E-03  -7.3866959500E-02  -7.4580972000E-03   1.4445618700E-02
   11      3.3702937000E-02   7.5426602900E-02   2.2019934200E-02   2.9044238100E-02  -1.5110089650E-01
   12      5.7490538000E-03   2.7917009000E-02   2.0111137600E-02   4.1856305200E-02   6.6769350000E-04
   13     -2.1864854000E-03   4.4525371000E-03   2.2831725000E-03  -3.3450361000E-03  -3.5564944000E-03
   14     -1.5085277200E-02   4.1666985000E-03   1.5541660100E-02   2.7972060900E-02   2.8138644200E-02
   15     -6.1942157300E-02  -3.9761429800E-02  -2.9622052500E-02  -3.0417690000E-04  -1.5740001000E-03
   16     -2.9743721000E-03  -4.3239994000E-03  -5.3243400000E-05   5.6406886000E-03   2.7932080000E-04
   17     -7.3412944700E-02  -3.5271528000E-03  -7.1111544000E-03  -3.6699871200E-02  -8.3872872000E-03
   18     -1.2083000000E-06  -5.4691298000E-03   1.5091881000E-03  -3.7263980000E-04  -1.3121621000E-03
   19      4.2961760000E-04  -1.2738626000E-03   2.5156150000E-04   1.3648250000E-04  -1.7741040000E-04
   20     -3.3047100000E-05   1.8453719000E-03  -1.1310706000E-03   9.6670202000E-03  -5.0720800000E-05
   21     -4.4736618000E-03   1.8668900000E-03   1.2141469000E-03   8.8571700000E-04   1.0569040000E-03
   22     -1.7338420000E-04  -1.5492746000E-03   5.6323000000E-04  -4.2384920000E-04   1.3076270000E-04
   23     -2.3829930000E-04  -2.3072224000E-03  -9.4050850000E-04  -5.3815570000E-03  -3.9841740000E-04
   24     -2.5913519000E-03   5.8162081000E-03  -1.1908174400E-02  -5.0127200000E-05   1.1952224000E-03
   25      9.1162397000E-03   1.1518091800E-02  -2.5797601400E-02   8.2801280000E-04   8.9645780000E-04
   26     -3.0888302800E-02  -2.7055628000E-03  -5.2676990000E-04   1.0896690000E-04  -1.2741240000E-04
   27     -1.2667211000E-03  -1.0163127920E-01   1.0876916850E-01   1.2299739500E-02  -2.2461758400E-02
   28     -2.0433684000E-03   1.0864170670E-01  -2.3691784230E-01  -2.4488721100E-02   4.1878626000E-03
   29      7.9902500000E-04   1.1589386000E-02  -2.4285482600E-02  -3.4157486300E-02   4.7415281000E-03
   30      5.5947550000E-03  -1.6567585700E-02  -2.6333662300E-02   3.5773497000E-03  -1.1806997020E-01
   31      9.5357810000E-04  -9.6829640000E-04  -1.1222357000E-03   1.2188730000E-04  -1.0672448370E-01
   32      1.3192652900E-02  -1.3723414000E-03   3.1659548000E-03   5.9558793000E-03   4.9426029100E-02
   33     -2.0150940000E-03  -1.8196391000E-02   2.5699693000E-02   8.6965323000E-03  -1.2751993010E-01
   34     -2.1264030000E-04   3.7746157000E-03  -2.2672647000E-03  -1.5238935000E-03   9.3969268400E-02
   35     -3.9464291000E-03  -8.1265580000E-04  -1.9958680000E-03   4.8698546000E-03   8.1772660600E-02
   36      5.9144663000E-03   4.1831854000E-03   3.4781076000E-03   3.6406692000E-03   8.1041060000E-04
   37      3.5345420000E-04   2.6679440000E-04   1.4181890000E-04   2.6359482000E-03   4.7870880000E-04
   38      9.3227881000E-03   6.5045925000E-03   5.9721806000E-03   1.2025500000E-03  -6.6405010000E-04
   39      7.5997394000E-03   2.2563137000E-03   2.2295763000E-03   3.7000083000E-03   3.3135900000E-05
   40      2.2649043000E-03   2.0494870000E-04   9.4642000000E-06   8.3882180000E-04   6.7268460000E-04
   41     -1.6989584000E-03   1.2767754000E-03  -8.7212110000E-04  -2.8144056000E-03  -1.4005300000E-04
   42      2.3411258000E-03  -2.3703516000E-03  -1.2584258000E-03  -4.1893322000E-03  -1.3941340000E-03
   43      1.7911980000E-03  -1.7070187000E-03  -1.4426078000E-03  -2.3645873000E-03  -4.7060810000E-04
   44     -2.1215350000E-03   3.3478132000E-03   1.8275541000E-03   6.5599339000E-03   2.2188041000E-03
   45      3.5464603000E-03   8.6324250000E-04  -1.8946810000E-04   1.6878710000E-04  -1.7129320000E-04
   46     -7.5083080000E-03  -2.7863000000E-04  -1.3166613000E-03  -1.9444581000E-03  -1.0988639000E-03
   47     -1.1343709200E-02  -1.6898097000E-03  -1.5646730000E-03  -3.5810348000E-03  -1.2102564000E-03
                   10                 11                 12                 13                 14        
    0     -4.0140503000E-03   2.2658214000E-03   6.5631792000E-03   4.6290775000E-03  -2.1479476000E-03
    1     -3.4115993000E-03  -5.1155680000E-03  -1.0977370700E-02  -7.1395913000E-03  -1.5761963000E-03
    2      4.1047186000E-03  -3.0449300700E-02  -6.8285313300E-02  -3.2853150100E-02  -4.4010471000E-03
    3     -2.4962889500E-02  -3.8513512000E-02  -6.0588296400E-02  -2.8958086800E-02  -2.9756262200E-02
    4      5.3754310000E-04  -2.2760934500E-02  -2.5860617500E-02   2.4722893000E-03  -2.7308628000E-02
    5     -3.5590690000E-04   3.3702937000E-02   5.7490538000E-03  -2.1864854000E-03  -1.5085277200E-02
    6     -1.6380839000E-03   7.5426602900E-02   2.7917009000E-02   4.4525371000E-03   4.1666985000E-03
    7     -7.3866959500E-02   2.2019934200E-02   2.0111137600E-02   2.2831725000E-03   1.5541660100E-02
    8     -7.4580972000E-03   2.9044238100E-02   4.1856305200E-02  -3.3450361000E-03   2.7972060900E-02
    9      1.4445618700E-02  -1.5110089650E-01   6.6769350000E-04  -3.5564944000E-03   2.8138644200E-02
   10      4.2332078700E-01   3.2335232000E-02   1.8643477000E-03  -5.6695640000E-04   2.9182132000E-03
   11      3.2335232000E-02   1.5479789050E-01  -1.4810743400E-02   1.3866053000E-03  -4.3463031800E-02
   12      1.8643477000E-03  -1.4810743400E-02   4.5034870090E-01   9.2511517000E-03   1.7246585600E-01
   13     -5.6695640000E-04   1.3866053000E-03   9.2511517000E-03   2.3034652280E-01  -2.8038766000E-02
   14      2.9182132000E-03  -4.3463031800E-02   1.7246585600E-01  -2.8038766000E-02   2.7973336150E-01
   15     -2.5066418000E-03   2.1316810000E-02  -2.4184246730E-01  -4.7596682500E-02  -3.7276320000E-02
   16     -2.9355657000E-03  -7.6045990000E-04  -7.4528099200E-02  -8.3573311100E-02  -1.9758015800E-02
   17     -2.3971993000E-03   6.8451259000E-03   6.2479795100E-02   2.5724800300E-02  -4.5373325700E-02
   18     -7.8719260000E-04   2.6312610000E-04   3.0650810000E-04   3.7430850000E-04   2.5141670000E-04
   19      1.0823360000E-04   1.8691420000E-04   5.5782850000E-04  -9.8270700000E-05   6.1990440000E-04
   20     -7.3161920000E-04  -5.8229810000E-04  -3.0794350000E-04   6.3027900000E-04  -1.5256100000E-05
   21     -4.8720750000E-04   3.1370630000E-04   1.3808050000E-04   2.4199220000E-04  -2.2575470000E-04
   22      4.4005730000E-04  -9.5296000000E-06   2.4105900000E-05  -3.9734960000E-04  -2.5838450000E-04
   23      5.9786290000E-04   2.2196100000E-04   2.3550670000E-03   3.0597380000E-04  -5.2609800000E-04
   24     -1.1023865000E-03   2.4117200000E-04  -5.7064660000E-04  -2.3749800000E-05   4.3954610000E-04
   25      1.8116167000E-03  -1.0708756000E-03  -4.0431420000E-04  -1.4908261000E-03  -2.6149730000E-04
   26     -1.2185374000E-03  -2.2833100000E-05   1.4358299000E-03   1.8663032000E-03   2.2505970000E-04
   27      2.4882492800E-02   7.3089107000E-03  -8.3581900000E-04   9.1712920000E-04  -1.1229021000E-03
   28     -2.1533100000E-05  -8.5535790000E-04   1.2052970000E-03  -1.4189804000E-03   1.5505825000E-03
   29     -2.0608861000E-03  -2.0703310000E-04  -2.0180952000E-03   2.2956861000E-03  -4.7835153000E-03
   30     -1.0505646090E-01   3.7077646800E-02  -8.5512950000E-04  -1.8385250000E-04  -1.8937630000E-04
   31     -1.9201072930E-01   4.7488575800E-02  -1.4386580000E-04  -1.2310573000E-03  -3.7575980000E-04
   32      5.6315406500E-02  -5.7451506100E-02  -2.7870712000E-03  -1.5088142000E-03  -2.3528907000E-03
   33      9.8340411300E-02   6.8400663500E-02  -1.2752147000E-03   5.2043210000E-04  -2.0643880000E-04
   34     -1.4963437860E-01  -7.3461192800E-02   2.0643810000E-04  -1.4218681000E-03   1.0509560000E-03
   35     -8.2957165700E-02  -8.9389715400E-02  -2.6097783000E-03   1.5938759000E-03  -3.5548863000E-03
   36      1.0636660000E-04  -5.0080515000E-03  -3.5428519200E-02   8.1124525000E-03   7.0940602000E-03
   37     -1.4385126000E-03  -1.2596835000E-03  -8.9956761000E-03   5.3062856000E-03   1.4593259000E-03
   38      7.0192220000E-04  -4.2195030000E-03  -9.0315712000E-03  -7.3583884000E-03   5.7222245000E-03
   39      7.2467020000E-04  -2.9696872000E-03  -1.2795167700E-02  -2.9406783100E-02  -2.6479965000E-03
   40     -5.3327260000E-04  -8.1710340000E-04  -6.1256944000E-03  -1.1274025600E-02  -2.1178467000E-03
   41     -5.1135280000E-04   1.2793800000E-05  -9.8053799000E-03  -2.8391775000E-03   9.5122680000E-04
   42      7.7949290000E-04   1.1540702000E-03  -1.1538896180E-01   6.6396532000E-02  -1.3814241420E-01
   43     -4.9533300000E-04   8.5045930000E-04   8.4205008800E-02  -4.6895459800E-02   1.0009681180E-01
   44     -5.1717190000E-04  -1.8302290000E-03  -1.7419060870E-01   1.0161884050E-01  -1.6351679260E-01
   45     -5.8848720000E-04  -1.3656394000E-03  -1.6360948900E-02   1.4830036400E-02  -8.4080920000E-04
   46     -1.3033978000E-03   1.8429843000E-03   9.6103224000E-03  -8.4900573900E-02  -4.3542359600E-02
   47      1.2345811000E-03   2.9905038000E-03  -2.4954023000E-03  -5.7292546400E-02  -3.1531812600E-02
                   15                 16                 17                 18                 19        
    0     -1.1201098000E-02  -9.4457358000E-03  -2.0599839100E-02  -1.5474412670E-01  -1.1614433090E-01
    1      1.4192542400E-02  -8.6778200000E-03   2.0618101700E-02  -1.1750005180E-01  -1.6798162750E-01
    2      1.0510254200E-01   2.0085328400E-02   7.1196661600E-02  -2.4245720700E-02  -2.4454719700E-02
    3      7.2721309900E-02   1.4262356400E-02   7.9980194100E-02  -1.7796176100E-02  -4.2520970000E-04
    4      4.8429647000E-03   8.5212820000E-04  -6.6996601000E-03  -2.5366983900E-02   9.2099470000E-04
    5     -6.1942157300E-02  -2.9743721000E-03  -7.3412944700E-02  -1.2083000000E-06   4.2961760000E-04
    6     -3.9761429800E-02  -4.3239994000E-03  -3.5271528000E-03  -5.4691298000E-03  -1.2738626000E-03
    7     -2.9622052500E-02  -5.3243400000E-05  -7.1111544000E-03   1.5091881000E-03   2.5156150000E-04
    8     -3.0417690000E-04   5.6406886000E-03  -3.6699871200E-02  -3.7263980000E-04   1.3648250000E-04
    9     -1.5740001000E-03   2.7932080000E-04  -8.3872872000E-03  -1.3121621000E-03  -1.7741040000E-04
   10     -2.5066418000E-03  -2.9355657000E-03  -2.3971993000E-03  -7.8719260000E-04   1.0823360000E-04
   11      2.1316810000E-02  -7.6045990000E-04   6.8451259000E-03   2.6312610000E-04   1.8691420000E-04
   12     -2.4184246730E-01  -7.4528099200E-02   6.2479795100E-02   3.0650810000E-04   5.5782850000E-04
   13     -4.7596682500E-02  -8.3573311100E-02   2.5724800300E-02   3.7430850000E-04  -9.8270700000E-05
   14     -3.7276320000E-02  -1.9758015800E-02  -4.5373325700E-02   2.5141670000E-04   6.1990440000E-04
   15      4.4096605240E-01   5.8443658000E-02  -1.9628465530E-01  -6.1314960000E-04   4.3962200000E-05
   16      5.8443658000E-02   4.5253667850E-01  -2.2281689200E-02  -5.7427110000E-04  -8.2779610000E-04
   17     -1.9628465530E-01  -2.2281689200E-02   2.1596888730E-01  -1.2370626000E-03  -2.8607300000E-05
   18     -6.1314960000E-04  -5.7427110000E-04  -1.2370626000E-03   1.6816217910E-01   1.3324658000E-01
   19      4.3962200000E-05  -8.2779610000E-04  -2.8607300000E-05   1.3324658000E-01   2.1298139890E-01
   20      7.5231430000E-04  -1.5274754000E-03   3.9870989000E-03   2.5386299600E-02   1.9383968300E-02
   21     -1.7908875000E-03   5.8158280000E-04  -1.5846747000E-03   9.6404051000E-03  -1.5084984900E-02
   22     -4.1430180000E-04  -1.9446810000E-04  -1.3678850000E-04   8.7105437000E-03  -5.0108477500E-02
   23     -2.0910796000E-03   1.7701663000E-03  -4.9615933000E-03   1.2202490000E-04   4.3918123000E-03
   24     -1.0812829000E-03   5.7854340000E-04   3.5784440000E-04   2.0458529000E-03   6.8570320000E-04
   25      1.6894971000E-03  -9.7389100000E-04  -1.7581440000E-04  -6.0422110000E-04   6.9076910000E-04
   26     -5.9855440000E-04   1.8833930000E-04  -2.9726417000E-03   1.3599290000E-04   1.2943850000E-04
   27     -2.0096420000E-04   8.2844100000E-05   5.7998720000E-04  -5.2298920000E-04  -2.9060950000E-04
   28     -3.3029020000E-04  -1.4088043000E-03  -7.7188000000E-04   3.9675340000E-04   1.3783600000E-04
   29      1.2834410000E-04  -2.8149920000E-04   4.0282610000E-04   1.0761080000E-04  -4.9671670000E-04
   30      6.3787180000E-04   5.4395520000E-04   6.0489700000E-05  -1.4917705000E-03   2.6861460000E-04
   31      1.0582694000E-03  -1.1066137000E-03  -4.1341980000E-04   3.4343530000E-04   3.1358990000E-04
   32     -5.0977700000E-05  -1.0191511000E-03   1.6907155000E-03  -5.9469160000E-04  -2.4355200000E-05
   33      4.2255410000E-04   6.9065200000E-05  -9.1860000000E-06   2.1929440000E-04  -7.2327510000E-04
   34     -1.3225110000E-04  -1.0307300000E-03  -1.9698280000E-04   4.6159740000E-04   3.6569040000E-04
   35     -1.1006610000E-04   3.0855460000E-04   3.8729880000E-04  -4.5265430000E-04  -1.4954140000E-04
   36     -1.3488843790E-01   7.3707680500E-02   1.1049227830E-01  -2.3187300000E-05   4.6151360000E-04
   37      7.1600660300E-02  -8.0692819500E-02  -5.9731704000E-02  -5.4912310000E-04   4.8994710000E-04
   38      1.3067571690E-01  -6.0847990700E-02  -1.0622724250E-01   1.4776880000E-04   8.6510000000E-06
   39     -3.8925027400E-02  -3.5278221900E-02   1.3963433900E-02   8.8297550000E-04  -2.8519510000E-04
   40     -3.5142548800E-02  -2.5488952960E-01   6.7998428100E-02  -1.0186930000E-04   4.2946310000E-04
   41      2.6997819200E-02   8.0465723700E-02  -4.7505924700E-02   1.6744430000E-04   2.4416840000E-04
   42     -3.5611517100E-02   4.2368787000E-03  -2.0053967200E-02   1.2764578000E-03  -1.4720641000E-03
   43     -1.7642143100E-02  -1.2096845000E-03  -1.0209669600E-02   3.3257500000E-04   8.6896440000E-04
   44      1.5826076400E-02   8.3048849000E-03   1.1005936600E-02   3.2663460000E-04  -4.6717850000E-04
   45     -7.2575263000E-03  -2.8635557700E-02  -1.6230197800E-02  -5.6098150000E-04   6.1274020000E-04
   46     -1.8484642300E-02  -1.5814529900E-02  -4.1867607000E-03   1.0873130000E-04   1.4577232000E-03
   47     -2.1416355000E-03  -7.3130327000E-03   5.6689932000E-03  -4.3414000000E-06   9.0161600000E-05
                   20                 21                 22                 23                 24        
    0     -3.2735997800E-02  -1.3197834510E-01   1.0582489690E-01  -5.8559723600E-02  -2.0071495600E-02
    1     -3.1596700100E-02   1.1044385570E-01  -1.7439258440E-01   6.7481724500E-02   2.5525025000E-02
    2     -4.5168004200E-02  -4.8002789000E-02   5.9001572500E-02  -5.6168130500E-02  -1.9884181000E-03
    3      4.6512550000E-03  -1.6635651600E-02   6.0771851000E-03   8.8791143000E-03  -9.8983647700E-02
    4      5.9736630000E-03   2.5596360900E-02  -4.1418228000E-03  -4.7044883000E-03   1.0953276740E-01
    5     -3.3047100000E-05  -4.4736618000E-03  -1.7338420000E-04  -2.3829930000E-04  -2.5913519000E-03
    6      1.8453719000E-03   1.8668900000E-03  -1.5492746000E-03  -2.3072224000E-03   5.8162081000E-03
    7     -1.1310706000E-03   1.2141469000E-03   5.6323000000E-04  -9.4050850000E-04  -1.1908174400E-02
    8      9.6670202000E-03   8.8571700000E-04  -4.2384920000E-04  -5.3815570000E-03  -5.0127200000E-05
    9     -5.0720800000E-05   1.0569040000E-03   1.3076270000E-04  -3.9841740000E-04   1.1952224000E-03
   10     -7.3161920000E-04  -4.8720750000E-04   4.4005730000E-04   5.9786290000E-04  -1.1023865000E-03
   11     -5.8229810000E-04   3.1370630000E-04  -9.5296000000E-06   2.2196100000E-04   2.4117200000E-04
   12     -3.0794350000E-04   1.3808050000E-04   2.4105900000E-05   2.3550670000E-03  -5.7064660000E-04
   13      6.3027900000E-04   2.4199220000E-04  -3.9734960000E-04   3.0597380000E-04  -2.3749800000E-05
   14     -1.5256100000E-05  -2.2575470000E-04  -2.5838450000E-04  -5.2609800000E-04   4.3954610000E-04
   15      7.5231430000E-04  -1.7908875000E-03  -4.1430180000E-04  -2.0910796000E-03  -1.0812829000E-03
   16     -1.5274754000E-03   5.8158280000E-04  -1.9446810000E-04   1.7701663000E-03   5.7854340000E-04
   17      3.9870989000E-03  -1.5846747000E-03  -1.3678850000E-04  -4.9615933000E-03   3.5784440000E-04
   18      2.5386299600E-02   9.6404051000E-03   8.7105437000E-03   1.2202490000E-04   2.0458529000E-03
   19      1.9383968300E-02  -1.5084984900E-02  -5.0108477500E-02   4.3918123000E-03   6.8570320000E-04
   20      2.8534970600E-02   2.8319816000E-03   8.4836568000E-03   9.3892958000E-03  -4.9506340000E-04
   21      2.8319816000E-03   1.4094937710E-01  -1.1938873200E-01   5.0956845900E-02  -4.8852455000E-03
   22      8.4836568000E-03  -1.1938873200E-01   2.2406791550E-01  -6.7377201000E-02   2.1895670000E-03
   23      9.3892958000E-03   5.0956845900E-02  -6.7377201000E-02   4.7475347600E-02   3.4072889000E-03
   24     -4.9506340000E-04  -4.8852455000E-03   2.1895670000E-03   3.4072889000E-03   1.1717403850E-01
   25     -2.7277040000E-04  -4.5790780000E-04   1.4940510000E-04  -3.8781660000E-04  -1.2201211470E-01
   26     -3.8709971000E-03  -4.8893060000E-04   1.6497838000E-03   8.1397655000E-03   3.3431370000E-04
   27      1.1975300000E-04   4.0842100000E-05  -5.0995810000E-04  -2.3087700000E-05  -1.3576059000E-03
   28     -1.4481430000E-04  -4.8485960000E-04  -7.3346900000E-05  -8.1787700000E-05  -2.7160430000E-03
   29     -4.9632170000E-04  -2.0174600000E-05  -3.9964090000E-04   3.8773260000E-04   3.3127000000E-04
   30      4.3735000000E-04   2.0985350000E-04   2.9842810000E-04   8.1381840000E-04  -5.4730790000E-04
   31      1.1850550000E-04  -5.6185590000E-04   4.3328760000E-04   1.3030040000E-04  -1.5592040000E-04
   32     -1.4677650000E-03  -6.2387090000E-04   8.4054900000E-05   1.6843166000E-03  -1.6946910000E-04
   33      8.1138650000E-04  -3.4100130000E-04  -7.4382330000E-04   6.6235590000E-04   3.3572900000E-04
   34     -1.4425100000E-04  -6.9910940000E-04   2.7950130000E-04   1.9406270000E-04  -2.5213930000E-04
   35      1.4405045000E-03  -4.3023850000E-04  -1.5211740000E-04   2.8722270000E-04   8.4602100000E-05
   36     -9.7811660000E-04   6.4321470000E-04   4.7475770000E-04  -5.8755300000E-04  -1.6927800000E-04
   37      2.0335260000E-04   2.7462650000E-04   7.2499730000E-04  -5.1252420000E-04  -2.1817060000E-04
   38     -1.1103878000E-03   2.3043260000E-04   3.2167910000E-04   5.6460170000E-04  -4.9635800000E-05
   39     -6.0990150000E-04  -1.9162930000E-04  -9.8107000000E-05  -1.6339597000E-03   4.0204520000E-04
   40      3.1735900000E-05  -4.0113200000E-05   3.1644790000E-04  -1.0911700000E-04   1.9732200000E-04
   41      4.4824160000E-04   3.0192580000E-04  -2.0365900000E-04  -2.1980910000E-03   3.3962080000E-04
   42     -9.5613550000E-04   2.4927620000E-04  -1.5116479000E-03  -1.4190639000E-03   1.2060208000E-03
   43      4.1801180000E-04  -7.0802010000E-04   7.3812530000E-04  -5.6792400000E-04   2.2029260000E-04
   44      3.0847400000E-04   3.9598490000E-04  -8.4033460000E-04  -4.1139540000E-04   1.8272960000E-04
   45     -7.0183280000E-04   1.0279171000E-03   4.8559770000E-04  -1.7640770000E-04  -5.0860680000E-04
   46      3.0552810000E-04  -4.3977460000E-04   1.5950820000E-03  -1.9053550000E-04  -5.4052180000E-04
   47     -1.0315284000E-03  -6.6499200000E-05   4.3414190000E-04   1.7349209000E-03  -3.7432200000E-04
                   25                 26                 27                 28                 29        
    0      5.0329907000E-03   2.4206125000E-03   1.0742038000E-03   9.8785140000E-04  -6.7776300000E-05
    1     -2.0898325000E-03  -2.1120415000E-03  -1.9087896000E-03   1.0895981000E-03   4.3564420000E-04
    2     -1.5226181000E-03   2.7253029000E-03  -4.1695560000E-04   4.7984370000E-04  -1.3564911000E-03
    3      1.0779926360E-01  -1.4882612000E-03   5.4585237000E-03   1.0287816600E-02   5.0047700000E-05
    4     -2.4500813750E-01   8.9690942000E-03  -1.0854848500E-02  -2.6189000000E-02  -1.0593254000E-03
    5      9.1162397000E-03  -3.0888302800E-02  -1.2667211000E-03  -2.0433684000E-03   7.9902500000E-04
    6      1.1518091800E-02  -2.7055628000E-03  -1.0163127920E-01   1.0864170670E-01   1.1589386000E-02
    7     -2.5797601400E-02  -5.2676990000E-04   1.0876916850E-01  -2.3691784230E-01  -2.4285482600E-02
    8      8.2801280000E-04   1.0896690000E-04   1.2299739500E-02  -2.4488721100E-02  -3.4157486300E-02
    9      8.9645780000E-04  -1.2741240000E-04  -2.2461758400E-02   4.1878626000E-03   4.7415281000E-03
   10      1.8116167000E-03  -1.2185374000E-03   2.4882492800E-02  -2.1533100000E-05  -2.0608861000E-03
   11     -1.0708756000E-03  -2.2833100000E-05   7.3089107000E-03  -8.5535790000E-04  -2.0703310000E-04
   12     -4.0431420000E-04   1.4358299000E-03  -8.3581900000E-04   1.2052970000E-03  -2.0180952000E-03
   13     -1.4908261000E-03   1.8663032000E-03   9.1712920000E-04  -1.4189804000E-03   2.2956861000E-03
   14     -2.6149730000E-04   2.2505970000E-04  -1.1229021000E-03   1.5505825000E-03  -4.7835153000E-03
   15      1.6894971000E-03  -5.9855440000E-04  -2.0096420000E-04  -3.3029020000E-04   1.2834410000E-04
   16     -9.7389100000E-04   1.8833930000E-04   8.2844100000E-05  -1.4088043000E-03  -2.8149920000E-04
   17     -1.7581440000E-04  -2.9726417000E-03   5.7998720000E-04  -7.7188000000E-04   4.0282610000E-04
   18     -6.0422110000E-04   1.3599290000E-04  -5.2298920000E-04   3.9675340000E-04   1.0761080000E-04
   19      6.9076910000E-04   1.2943850000E-04  -2.9060950000E-04   1.3783600000E-04  -4.9671670000E-04
   20     -2.7277040000E-04  -3.8709971000E-03   1.1975300000E-04  -1.4481430000E-04  -4.9632170000E-04
   21     -4.5790780000E-04  -4.8893060000E-04   4.0842100000E-05  -4.8485960000E-04  -2.0174600000E-05
   22      1.4940510000E-04   1.6497838000E-03  -5.0995810000E-04  -7.3346900000E-05  -3.9964090000E-04
   23     -3.8781660000E-04   8.1397655000E-03  -2.3087700000E-05  -8.1787700000E-05   3.8773260000E-04
   24     -1.2201211470E-01   3.3431370000E-04  -1.3576059000E-03  -2.7160430000E-03   3.3127000000E-04
   25      2.7389384390E-01  -6.8473507000E-03  -2.4886632000E-03  -3.4549950000E-03   1.9273310000E-04
   26     -6.8473507000E-03   2.2117389000E-02   2.9095080000E-04   1.7030640000E-04   3.4492061000E-03
   27     -2.4886632000E-03   2.9095080000E-04   1.2273244680E-01  -1.2030376980E-01  -1.6338917700E-02
   28     -3.4549950000E-03   1.7030640000E-04  -1.2030376980E-01   2.6484394470E-01   2.5185110400E-02
   29      1.9273310000E-04   3.4492061000E-03  -1.6338917700E-02   2.5185110400E-02   3.1868760200E-02
   30      2.4931520000E-04  -2.5952450000E-04   1.7968330000E-03  -7.1135260000E-04  -1.6937088000E-03
   31     -2.5450000000E-07   6.5504990000E-04   8.2745260000E-04   6.7493830000E-04  -1.4507020000E-04
   32     -6.2671600000E-05  -6.8841520000E-04  -8.5121680000E-04   7.1029420000E-04  -5.0039443000E-03
   33     -2.4345910000E-04   1.6776450000E-04  -4.9568541000E-03  -6.9114570000E-04   3.5388312000E-03
   34     -1.3601370000E-04   4.6122200000E-04   1.6406606000E-03   3.1342410000E-04  -2.2151203000E-03
   35      1.0980750000E-04   1.0966807000E-03  -3.5170900000E-04   1.9792880000E-04   9.7902095000E-03
   36     -4.5809430000E-04   4.8741540000E-04   6.1318320000E-04  -7.1023600000E-05  -1.0046540000E-04
   37      4.9716140000E-04  -8.9485240000E-04  -4.3008000000E-06   4.4473760000E-04   7.1925520000E-04
   38      1.5494990000E-04  -2.7596060000E-04  -1.6476500000E-05   2.5108230000E-04   4.4782770000E-04
   39     -1.1595110000E-04   4.0003850000E-04  -1.3143700000E-05  -4.5702800000E-05  -2.8748580000E-04
   40      7.0189370000E-04  -1.1014445000E-03  -3.4835020000E-04   6.1043080000E-04   5.0347620000E-04
   41      7.4760800000E-05   8.3982600000E-05   1.1738480000E-04  -2.3310890000E-04  -4.0927400000E-04
   42     -4.1329000000E-06   1.0243530000E-04  -5.2742690000E-04  -3.2134170000E-04  -2.8441700000E-05
   43      3.6987460000E-04  -1.2699191000E-03  -2.2439540000E-04   4.0758930000E-04   1.3607422000E-03
   44     -6.7483580000E-04   1.3074090000E-03   7.3757000000E-05  -7.2997460000E-04  -1.5154364000E-03
   45     -3.9675790000E-04  -1.0710740000E-04   7.9180800000E-04  -3.1758600000E-05   6.8047700000E-05
   46      8.3698710000E-04  -1.1862180000E-04  -1.8606270000E-04   9.6200310000E-04   2.5109390000E-04
   47      7.9974670000E-04  -5.3461170000E-04  -4.0249650000E-04   8.0386440000E-04   7.8391510000E-04
                   30                 31                 32                 33                 34        
    0     -1.1076911000E-03  -3.9210850000E-04   2.8034180000E-04   6.2190750000E-04  -1.4059460000E-04
    1     -6.2349050000E-04  -7.2905300000E-04   8.6628910000E-04  -9.0466650000E-04  -1.7709000000E-04
    2     -1.9467682000E-03  -4.8182060000E-04  -3.5408420000E-03  -1.0309764000E-03   9.0635600000E-04
    3     -6.2584241000E-03  -1.9919264000E-03   3.1799250000E-04   1.2186205000E-03   2.4480540000E-04
    4      9.4498500000E-05   9.8716000000E-04  -1.1554501000E-03   3.8206900000E-04   1.7730364000E-03
    5      5.5947550000E-03   9.5357810000E-04   1.3192652900E-02  -2.0150940000E-03  -2.1264030000E-04
    6     -1.6567585700E-02  -9.6829640000E-04  -1.3723414000E-03  -1.8196391000E-02   3.7746157000E-03
    7     -2.6333662300E-02  -1.1222357000E-03   3.1659548000E-03   2.5699693000E-02  -2.2672647000E-03
    8      3.5773497000E-03   1.2188730000E-04   5.9558793000E-03   8.6965323000E-03  -1.5238935000E-03
    9     -1.1806997020E-01  -1.0672448370E-01   4.9426029100E-02  -1.2751993010E-01   9.3969268400E-02
   10     -1.0505646090E-01  -1.9201072930E-01   5.6315406500E-02   9.8340411300E-02  -1.4963437860E-01
   11      3.7077646800E-02   4.7488575800E-02  -5.7451506100E-02   6.8400663500E-02  -7.3461192800E-02
   12     -8.5512950000E-04  -1.4386580000E-04  -2.7870712000E-03  -1.2752147000E-03   2.0643810000E-04
   13     -1.8385250000E-04  -1.2310573000E-03  -1.5088142000E-03   5.2043210000E-04  -1.4218681000E-03
   14     -1.8937630000E-04  -3.7575980000E-04  -2.3528907000E-03  -2.0643880000E-04   1.0509560000E-03
   15      6.3787180000E-04   1.0582694000E-03  -5.0977700000E-05   4.2255410000E-04  -1.3225110000E-04
   16      5.4395520000E-04  -1.1066137000E-03  -1.0191511000E-03   6.9065200000E-05  -1.0307300000E-03
   17      6.0489700000E-05  -4.1341980000E-04   1.6907155000E-03  -9.1860000000E-06  -1.9698280000E-04
   18     -1.4917705000E-03   3.4343530000E-04  -5.9469160000E-04   2.1929440000E-04   4.6159740000E-04
   19      2.6861460000E-04   3.1358990000E-04  -2.4355200000E-05  -7.2327510000E-04   3.6569040000E-04
   20      4.3735000000E-04   1.1850550000E-04  -1.4677650000E-03   8.1138650000E-04  -1.4425100000E-04
   21      2.0985350000E-04  -5.6185590000E-04  -6.2387090000E-04  -3.4100130000E-04  -6.9910940000E-04
   22      2.9842810000E-04   4.3328760000E-04   8.4054900000E-05  -7.4382330000E-04   2.7950130000E-04
   23      8.1381840000E-04   1.3030040000E-04   1.6843166000E-03   6.6235590000E-04   1.9406270000E-04
   24     -5.4730790000E-04  -1.5592040000E-04  -1.6946910000E-04   3.3572900000E-04  -2.5213930000E-04
   25      2.4931520000E-04  -2.5450000000E-07  -6.2671600000E-05  -2.4345910000E-04  -1.3601370000E-04
   26     -2.5952450000E-04   6.5504990000E-04  -6.8841520000E-04   1.6776450000E-04   4.6122200000E-04
   27      1.7968330000E-03   8.2745260000E-04  -8.5121680000E-04  -4.9568541000E-03   1.6406606000E-03
   28     -7.1135260000E-04   6.7493830000E-04   7.1029420000E-04  -6.9114570000E-04   3.1342410000E-04
   29     -1.6937088000E-03  -1.4507020000E-04  -5.0039443000E-03   3.5388312000E-03  -2.2151203000E-03
   30      1.3028288610E-01   1.1977414250E-01  -4.4337649500E-02   9.6471006000E-03   1.2355027700E-02
   31      1.1977414250E-01   2.3915371470E-01  -4.5161562100E-02  -1.0013202200E-02  -5.0409740300E-02
   32     -4.4337649500E-02  -4.5161562100E-02   3.6801257100E-02  -1.5033289000E-03  -1.1379530400E-02
   33      9.6471006000E-03  -1.0013202200E-02  -1.5033289000E-03   1.3740895190E-01  -1.1077626030E-01
   34      1.2355027700E-02  -5.0409740300E-02  -1.1379530400E-02  -1.1077626030E-01   1.9754898890E-01
   35      9.1379690000E-04  -3.0815772000E-03   1.1105717400E-02  -7.7273386100E-02   8.6609322300E-02
   36      8.7160120000E-04  -9.5980830000E-04   3.8369780000E-04   4.8215200000E-04  -7.7719530000E-04
   37      2.3044690000E-04   1.2293287000E-03  -2.0903240000E-04  -5.8418440000E-04   1.1882209000E-03
   38     -8.9475200000E-05   1.1590360000E-04   4.4807690000E-04  -1.1940760000E-04   5.3050800000E-04
   39     -3.6280300000E-05  -2.1664400000E-05   3.9707850000E-04   1.0404263000E-03   5.2243900000E-05
   40     -1.4502830000E-04   1.4852745000E-03  -1.0035820000E-04  -5.1870490000E-04   1.5905245000E-03
   41      7.5691300000E-05   1.9899970000E-04  -3.5176910000E-04   1.7440460000E-04   8.1125000000E-05
   42     -4.1266600000E-05   9.4953700000E-04   9.9192530000E-04   9.5797980000E-04   1.0533141000E-03
   43     -7.9273060000E-04   1.4088523000E-03   8.0059000000E-06   4.7145740000E-04   1.5478856000E-03
   44      4.8587200000E-05  -6.1205170000E-04  -8.5079600000E-04   2.4069930000E-04  -8.4191520000E-04
   45      1.5292797000E-03  -1.0197050000E-03   4.9355210000E-04  -6.5324800000E-05  -9.8042140000E-04
   46      3.2149000000E-05   9.2353770000E-04  -5.2908020000E-04  -2.8440640000E-04   4.6981320000E-04
   47     -8.2982600000E-05   4.8846100000E-04   8.2931260000E-04  -5.3482000000E-04   1.4197430000E-04
                   35                 36                 37                 38                 39        
    0     -2.8989200000E-04   4.7007680000E-04  -8.4160380000E-04   8.5373100000E-04  -7.3800360000E-04
    1     -1.0959835000E-03  -1.6903858000E-03   1.6332371000E-03  -5.2660155000E-03   2.6483241000E-03
    2     -2.0317482000E-03  -9.3321355000E-03  -1.7073450000E-04  -1.7402039500E-02  -4.3766281000E-03
    3     -2.4476398000E-03  -8.3023685000E-03  -9.9769700000E-04  -1.0799044300E-02  -3.2085607000E-03
    4     -1.6003746000E-03  -8.2578940000E-04  -2.2301902000E-03  -2.4738750000E-04  -2.8953756000E-03
    5     -3.9464291000E-03   5.9144663000E-03   3.5345420000E-04   9.3227881000E-03   7.5997394000E-03
    6     -8.1265580000E-04   4.1831854000E-03   2.6679440000E-04   6.5045925000E-03   2.2563137000E-03
    7     -1.9958680000E-03   3.4781076000E-03   1.4181890000E-04   5.9721806000E-03   2.2295763000E-03
    8      4.8698546000E-03   3.6406692000E-03   2.6359482000E-03   1.2025500000E-03   3.7000083000E-03
    9      8.1772660600E-02   8.1041060000E-04   4.7870880000E-04  -6.6405010000E-04   3.3135900000E-05
   10     -8.2957165700E-02   1.0636660000E-04  -1.4385126000E-03   7.0192220000E-04   7.2467020000E-04
   11     -8.9389715400E-02  -5.0080515000E-03  -1.2596835000E-03  -4.2195030000E-03  -2.9696872000E-03
   12     -2.6097783000E-03  -3.5428519200E-02  -8.9956761000E-03  -9.0315712000E-03  -1.2795167700E-02
   13      1.5938759000E-03   8.1124525000E-03   5.3062856000E-03  -7.3583884000E-03  -2.9406783100E-02
   14     -3.5548863000E-03   7.0940602000E-03   1.4593259000E-03   5.7222245000E-03  -2.6479965000E-03
   15     -1.1006610000E-04  -1.3488843790E-01   7.1600660300E-02   1.3067571690E-01  -3.8925027400E-02
   16      3.0855460000E-04   7.3707680500E-02  -8.0692819500E-02  -6.0847990700E-02  -3.5278221900E-02
   17      3.8729880000E-04   1.1049227830E-01  -5.9731704000E-02  -1.0622724250E-01   1.3963433900E-02
   18     -4.5265430000E-04  -2.3187300000E-05  -5.4912310000E-04   1.4776880000E-04   8.8297550000E-04
   19     -1.4954140000E-04   4.6151360000E-04   4.8994710000E-04   8.6510000000E-06  -2.8519510000E-04
   20      1.4405045000E-03  -9.7811660000E-04   2.0335260000E-04  -1.1103878000E-03  -6.0990150000E-04
   21     -4.3023850000E-04   6.4321470000E-04   2.7462650000E-04   2.3043260000E-04  -1.9162930000E-04
   22     -1.5211740000E-04   4.7475770000E-04   7.2499730000E-04   3.2167910000E-04  -9.8107000000E-05
   23      2.8722270000E-04  -5.8755300000E-04  -5.1252420000E-04   5.6460170000E-04  -1.6339597000E-03
   24      8.4602100000E-05  -1.6927800000E-04  -2.1817060000E-04  -4.9635800000E-05   4.0204520000E-04
   25      1.0980750000E-04  -4.5809430000E-04   4.9716140000E-04   1.5494990000E-04  -1.1595110000E-04
   26      1.0966807000E-03   4.8741540000E-04  -8.9485240000E-04  -2.7596060000E-04   4.0003850000E-04
   27     -3.5170900000E-04   6.1318320000E-04  -4.3008000000E-06  -1.6476500000E-05  -1.3143700000E-05
   28      1.9792880000E-04  -7.1023600000E-05   4.4473760000E-04   2.5108230000E-04  -4.5702800000E-05
   29      9.7902095000E-03  -1.0046540000E-04   7.1925520000E-04   4.4782770000E-04  -2.8748580000E-04
   30      9.1379690000E-04   8.7160120000E-04   2.3044690000E-04  -8.9475200000E-05  -3.6280300000E-05
   31     -3.0815772000E-03  -9.5980830000E-04   1.2293287000E-03   1.1590360000E-04  -2.1664400000E-05
   32      1.1105717400E-02   3.8369780000E-04  -2.0903240000E-04   4.4807690000E-04   3.9707850000E-04
   33     -7.7273386100E-02   4.8215200000E-04  -5.8418440000E-04  -1.1940760000E-04   1.0404263000E-03
   34      8.6609322300E-02  -7.7719530000E-04   1.1882209000E-03   5.3050800000E-04   5.2243900000E-05
   35      6.9962959800E-02   3.0371800000E-04   4.5747490000E-04  -6.1100160000E-04   4.6868040000E-04
   36      3.0371800000E-04   1.7500934230E-01  -8.7898316600E-02  -1.1618468590E-01   1.0237318000E-03
   37      4.5747490000E-04  -8.7898316600E-02   1.1206485460E-01   7.0903595700E-02   2.8917104800E-02
   38     -6.1100160000E-04  -1.1618468590E-01   7.0903595700E-02   1.0684624130E-01   1.7935664000E-03
