
$orca_hessian_file

$act_atom
  0

$act_coord
  0

$act_energy
      -21.402783

$multiplicity
  1

$hessian
48
                    0                  1                  2                  3                  4        
    0      6.5135064010E-01   3.7451736200E-02   2.0025595520E-01  -3.2903766050E-01   1.7672005800E-02
    1      3.7451736200E-02   2.5668187420E-01  -1.8689938800E-02  -8.4643776000E-03  -6.0755001900E-02
    2      2.0025595520E-01  -1.8689938800E-02   1.4744207510E-01  -5.9386810700E-02  -5.2688252000E-03
    3     -3.2903766050E-01  -8.4643776000E-03  -5.9386810700E-02   6.0887290790E-01   1.8037662500E-02
    4      1.7672005800E-02  -6.0755001900E-02  -5.2688252000E-03   1.8037662500E-02   6.2477302000E-01
    5      1.1533791440E-01   2.1586474000E-03  -4.0173927500E-02  -1.4950413400E-02  -5.9184990000E-04
    6     -3.2472639600E-02  -2.6576987700E-02  -5.9579723000E-03  -1.2297473280E-01  -1.1820906430E-01
    7     -5.1622050000E-03   1.2227840000E-04   9.4373250000E-04  -1.1742556780E-01  -2.8182238710E-01
    8      9.7585664000E-03   1.3670893000E-03   7.7584972000E-03   1.8346432800E-02   1.7875206400E-02
    9      3.6038878000E-03  -2.8354597000E-03  -2.3252608300E-02  -4.1028286800E-02  -1.0521994900E-02
   10     -1.4171572000E-03  -2.5010313000E-03  -1.7819751000E-03  -2.5080019700E-02  -8.9809710000E-04
   11      2.1563588600E-02   5.6139768000E-03   2.0632392500E-02   8.5190253000E-03   2.3988972000E-03
   12      3.5311535400E-02   3.2557588000E-03   1.6239804400E-02  -1.7299522100E-02  -1.5495461000E-02
   13      1.0987468900E-02  -5.8654860000E-04   9.0818340000E-04  -1.0151134300E-02  -1.8491839000E-03
   14     -3.9566060300E-02  -6.8979857000E-03  -1.0395403200E-02  -1.8575700600E-02  -2.0196124300E-02
   15     -1.3302239000E-03  -3.0713069000E-03  -9.5402339000E-03   1.4416306100E-02   1.1779008200E-02
   16     -2.5001413100E-02   8.4132243000E-03   3.1351406000E-03   1.7558514600E-02  -1.1360632100E-02
   17     -1.3468726210E-01   3.1596172000E-03  -3.3631057000E-03   6.4732313700E-02   6.7629882000E-03
   18     -1.4650201050E-01  -1.0518896190E-01  -4.7654188100E-02  -1.2412713000E-02  -2.7801478900E-02
   19     -1.3131800660E-01  -1.3252008630E-01  -6.1984657500E-02   2.7494858000E-03  -1.6450457000E-03
   20     -6.2251567500E-02  -6.1902289300E-02  -4.0272161400E-02   4.2896065000E-03   1.3998885000E-03
   21     -1.5219469540E-01   8.0306989200E-02  -8.4471474700E-02  -1.6914323600E-02   2.1939322100E-02
   22      9.8210668300E-02  -6.9639993400E-02   7.3708580000E-02  -4.2529720000E-04  -4.6042556000E-03
   23     -1.1744414260E-01   7.3482872000E-02  -8.2594825500E-02   1.0849505800E-02   3.7894230000E-04
   24     -2.3714377000E-02   1.9437905700E-02  -7.3618303000E-03  -1.0025204000E-01   1.0795248030E-01
   25      5.2702750000E-03   2.7401463000E-03   2.2435453000E-03   1.0695635970E-01  -2.3508660310E-01
   26     -7.4521200000E-03   4.7139983000E-03   4.7946965000E-03   3.7448684000E-03   2.4335532000E-03
   27      3.8243040000E-04   1.3257800000E-05   5.6384940000E-04   5.8524629000E-03  -9.5820461000E-03
   28      1.3519434000E-03   3.1340149000E-03   3.6492420000E-04   1.0785935100E-02  -2.7566554200E-02
   29     -1.3590067000E-03   9.1692140000E-04  -2.3217050000E-04   1.5082526000E-03  -2.9441989000E-03
   30     -6.5184500000E-04   1.1072104000E-03   1.6900065000E-03  -4.3760973000E-03   2.5345217000E-03
   31     -1.2213515000E-03  -4.6120460000E-04  -1.6303602000E-03  -4.5725326000E-03  -2.4713169000E-03
   32      2.6134705000E-03   2.3894853000E-03   2.1494495000E-03   2.4275724000E-03   1.7589019000E-03
   33      1.2507125000E-03  -1.7908303000E-03   1.2131391000E-03   3.5034750000E-03   7.3654440000E-04
   34     -5.9765100000E-05   1.3250907000E-03   3.5093430000E-04   1.3549767000E-03  -2.3182432000E-03
   35      1.6362299000E-03  -8.4573290000E-04   5.2699708000E-03  -3.5627970000E-04  -1.1212136000E-03
   36     -1.0533442800E-02   2.2123593000E-03   2.2897086000E-03   4.2461637000E-03  -4.8938000000E-05
   37     -9.9295556000E-03   3.7400925000E-03   9.8571269000E-03   9.8404918000E-03  -7.7529730000E-04
   38     -1.0245207600E-02  -9.4550750000E-04  -2.2885830000E-03   2.7907349000E-03  -1.5337600000E-04
   39      3.7952544000E-03   8.3499460000E-04   6.4934496000E-03   2.5668681000E-03  -6.8533040000E-04
   40      9.3753240000E-03  -5.3048340000E-03  -4.9177154000E-03  -6.3305519000E-03   3.1794519000E-03
   41      1.5493353900E-02  -2.8479788000E-03  -6.0134844000E-03  -1.2602517600E-02   3.1416685000E-03
   42      4.4650343000E-03  -2.8748170000E-04   2.8429685000E-03   1.6781413000E-03  -3.6703600000E-04
   43      3.6271482000E-03  -2.5433506000E-03  -1.4068238000E-03  -1.4866960000E-04  -6.2126370000E-04
   44      4.8298157000E-03  -1.3889056000E-03  -1.4694456000E-03  -4.3831065000E-03  -4.2958704000E-03
   45     -3.7226002000E-03   3.5951938000E-03   6.0362370000E-03   3.1590511000E-03   2.0598046000E-03
   46     -9.8371157000E-03  -1.8446705000E-03   4.1681289000E-03   5.3147246000E-03   3.8214097000E-03
   47      1.5164722000E-03  -2.8426910000E-04  -1.2439749000E-03  -6.9534840000E-03  -1.5785879000E-03
                    5                  6                  7                  8                  9        
    0      1.1533791440E-01  -3.2472639600E-02  -5.1622050000E-03   9.7585664000E-03   3.6038878000E-03
    1      2.1586474000E-03  -2.6576987700E-02   1.2227840000E-04   1.3670893000E-03  -2.8354597000E-03
    2     -4.0173927500E-02  -5.9579723000E-03   9.4373250000E-04   7.7584972000E-03  -2.3252608300E-02
    3     -1.4950413400E-02  -1.2297473280E-01  -1.1742556780E-01   1.8346432800E-02  -4.1028286800E-02
    4     -5.9184990000E-04  -1.1820906430E-01  -2.8182238710E-01   1.7875206400E-02  -1.0521994900E-02
    5     -5.2583778800E-02  -2.1743104300E-02  -2.5057013500E-02  -3.8864410100E-02  -9.5181088000E-03
    6     -2.1743104300E-02   6.1200260440E-01   1.6623170700E-02   8.2400043000E-03  -3.2897428230E-01
    7     -2.5057013500E-02   1.6623170700E-02   6.2565247270E-01   1.1451619000E-03   1.9660718600E-02
    8     -3.8864410100E-02   8.2400043000E-03   1.1451619000E-03  -4.5653161900E-02  -1.0395812060E-01
    9     -9.5181088000E-03  -3.2897428230E-01   1.9660718600E-02  -1.0395812060E-01   6.5243419850E-01
   10      1.7560026000E-03  -2.8926584000E-03  -6.2019042300E-02  -4.7066670000E-04   3.8787620700E-02
   11     -1.0479474000E-03   5.5445608400E-02  -1.5227529000E-03  -4.4935729300E-02  -2.1086927670E-01
   12     -5.6512325300E-02   7.4149657000E-03   7.0200083000E-03   1.5864152900E-02  -8.9040162000E-03
   13     -3.3679718800E-02   1.9771605500E-02  -1.2916973500E-02  -4.1805420000E-02  -3.5440079000E-02
   14      1.0169212000E-02  -5.6187631000E-02   4.8162908000E-03   1.3040951870E-01   1.3247292780E-01
   15     -1.4655820700E-02  -2.2089885700E-02  -1.7019078200E-02   4.8077841500E-02   4.2047922700E-02
   16      4.1028168800E-02  -2.3036849000E-03   2.0574321000E-03   2.1922763400E-02   9.2103705000E-03
   17      1.3324121550E-01   2.5114757700E-02   1.9843927000E-02  -4.2925713000E-03   3.8507424500E-02
   18     -4.1139215000E-03  -4.4324661000E-03   2.6817007000E-03  -2.3833752000E-03  -5.1879720000E-04
   19      3.1343764000E-03  -4.0515380000E-03  -1.8564999000E-03   4.0662640000E-04  -1.3318743000E-03
   20      9.5659710000E-04  -1.8180978000E-03  -9.6673050000E-04   4.9611509000E-03  -2.9423783000E-03
   21     -1.4426831800E-02   3.5307786000E-03   6.7363540000E-04   1.8058664000E-03   1.3842580000E-03
   22     -1.2634315000E-03   1.5785382000E-03  -2.0654141000E-03   1.0073137000E-03   4.5937780000E-04
   23      1.8025766100E-02   1.1380127000E-03   1.9128061000E-03  -1.1988407000E-03  -1.8578228000E-03
   24     -9.9027030000E-04   5.7751237000E-03  -9.2125908000E-03  -8.0247480000E-04   2.9152240000E-04
   25      4.3086200000E-04   1.1115821200E-02  -2.7312264200E-02   8.4931630000E-04   1.4157790000E-03
   26     -2.3033611700E-02  -1.1873522000E-03   2.2969677000E-03   2.9106130000E-03   1.3523682000E-03
   27      1.1259384000E-03  -9.9433027000E-02   1.0836230310E-01   2.1243234000E-03  -2.2427537700E-02
   28     -7.6853080000E-04   1.0654811430E-01  -2.3556253520E-01  -2.1840462000E-03   5.3187241000E-03
   29      2.7842530000E-03  -3.5796705000E-03  -3.9360124000E-03  -2.1465381400E-02   8.8072767000E-03
   30      2.6646093000E-03  -1.2053069300E-02  -2.6874430500E-02   4.0040643000E-03  -1.5408882500E-01
   31     -9.8659360000E-04   4.3812470000E-03  -4.1793910000E-04  -3.4208558000E-03  -1.3075627240E-01
   32      3.6927762000E-03  -5.6046036000E-03  -2.0411712000E-03  -3.6738620000E-04   6.1162575800E-02
   33     -1.3155075000E-03  -1.6993518200E-02   2.2700409700E-02   1.5680202300E-02  -1.4074889730E-01
   34     -3.7133000000E-06  -3.0563600000E-04  -4.8408390000E-03   6.5068940000E-04   9.6367412000E-02
   35     -1.2180910000E-04  -8.9803745000E-03  -7.5356560000E-04   1.7533735500E-02   1.2012595300E-01
   36      1.4200628000E-02   1.6365424000E-03   9.6704160000E-04   9.0058630000E-04   2.2390440000E-03
   37      9.9533533000E-03  -1.8234757000E-03  -2.7989767000E-03   1.1625361000E-03   5.0573948000E-03
   38      1.4992276500E-02   1.1774386000E-03   4.7042063000E-03  -1.5952823000E-03  -3.7174308000E-03
   39     -6.5829230000E-04   2.1858298000E-03   6.9232340000E-04  -4.7783805000E-03  -1.2061198000E-03
   40     -5.8577986000E-03   6.0233790000E-04   2.5427638000E-03   5.3943700000E-04  -1.8839610000E-03
   41     -1.6577440200E-02   1.3334129000E-02   4.8793538000E-03  -1.8399962200E-02  -1.2797702100E-02
   42     -1.4511292000E-03   5.0615973000E-03  -4.6470290000E-04  -1.1075470000E-02  -7.9053706000E-03
   43      3.4853440000E-04   7.6293220000E-03  -2.3722485000E-03  -6.3474748000E-03  -5.1508196000E-03
   44     -5.7611872000E-03   2.3437103000E-03  -2.6328297000E-03   9.2586756000E-03   4.1644920000E-03
   45      7.0066349000E-03   1.8161787000E-03  -3.2227362000E-03  -1.8042193000E-03   3.8012993000E-03
   46      9.3987052000E-03  -1.2087111800E-02   3.6101726000E-03   7.3023236000E-03   1.1643063500E-02
   47     -5.6979845000E-03  -1.7348547000E-03  -3.6323700000E-03   3.9405346000E-03   2.3204305000E-03
                   10                 11                 12                 13                 14        
    0     -1.4171572000E-03   2.1563588600E-02   3.5311535400E-02   1.0987468900E-02  -3.9566060300E-02
    1     -2.5010313000E-03   5.6139768000E-03   3.2557588000E-03  -5.8654860000E-04  -6.8979857000E-03
    2     -1.7819751000E-03   2.0632392500E-02   1.6239804400E-02   9.0818340000E-04  -1.0395403200E-02
    3     -2.5080019700E-02   8.5190253000E-03  -1.7299522100E-02  -1.0151134300E-02  -1.8575700600E-02
    4     -8.9809710000E-04   2.3988972000E-03  -1.5495461000E-02  -1.8491839000E-03  -2.0196124300E-02
    5      1.7560026000E-03  -1.0479474000E-03  -5.6512325300E-02  -3.3679718800E-02   1.0169212000E-02
    6     -2.8926584000E-03   5.5445608400E-02   7.4149657000E-03   1.9771605500E-02  -5.6187631000E-02
    7     -6.2019042300E-02  -1.5227529000E-03   7.0200083000E-03  -1.2916973500E-02   4.8162908000E-03
    8     -4.7066670000E-04  -4.4935729300E-02   1.5864152900E-02  -4.1805420000E-02   1.3040951870E-01
    9      3.8787620700E-02  -2.1086927670E-01  -8.9040162000E-03  -3.5440079000E-02   1.3247292780E-01
   10      2.5139974280E-01   2.3718530800E-02  -1.6969163000E-03   1.3477494900E-02   3.7386917000E-03
   11      2.3718530800E-02   1.6558310250E-01   1.8454549400E-02   2.0466854000E-03  -1.7301297200E-02
   12     -1.6969163000E-03   1.8454549400E-02   5.2644472520E-01   4.0264948800E-02   8.2326056900E-02
   13      1.3477494900E-02   2.0466854000E-03   4.0264948800E-02   1.8036496190E-01  -3.3012293200E-02
   14      3.7386917000E-03  -1.7301297200E-02   8.2326056900E-02  -3.3012293200E-02   1.7112291210E-01
   15     -2.8879852000E-03  -1.6150720300E-02  -3.7168177100E-01  -7.8269685200E-02  -2.7919100400E-02
   16     -1.8205185000E-03  -1.0457999100E-02  -1.0206576660E-01  -6.4512846300E-02  -1.2304469400E-02
   17      2.9400776000E-03  -1.2145230000E-02   3.4866913100E-02   1.9034511700E-02  -5.3485669600E-02
   18      8.9237780000E-04  -1.8117394000E-03  -7.1100230000E-04   1.2897628000E-03   1.4831121000E-03
   19      6.1349000000E-06   1.5020362000E-03   1.5697868000E-03  -1.0979110000E-04  -9.8367800000E-04
   20     -2.0235211000E-03   2.3766788000E-03   7.0676994000E-03   3.8432132000E-03  -2.0036180000E-04
   21     -2.1103879000E-03  -8.3622310000E-04   2.2585120000E-04   4.4891780000E-04   3.2227779000E-03
   22      1.1637134000E-03  -2.2400320000E-04   2.0704960000E-04  -2.1337440000E-04  -1.1528880000E-04
   23      1.4273101000E-03   3.7815750000E-03   6.2334157000E-03   3.5277990000E-04  -9.5915318000E-03
   24     -9.7848200000E-05  -4.0565110000E-04  -1.2559270000E-04  -5.1849550000E-04   1.5584013000E-03
   25      3.1568603000E-03  -1.2754330000E-04   1.3002940000E-04  -8.1963840000E-04  -1.1040580000E-04
   26     -1.4634175000E-03  -4.0086550000E-04   1.3823587000E-03   1.1736384000E-03  -2.3682860000E-03
   27      1.9234852300E-02   7.7823529000E-03  -7.1131780000E-04   2.9454010000E-03  -4.2170974000E-03
   28      2.7972281000E-03  -2.2346207000E-03   1.7292850000E-04  -2.2063339000E-03   2.1815474000E-03
   29     -4.3379430000E-03   4.4056616000E-03  -4.9008411000E-03   9.5961935000E-03  -1.5756133400E-02
   30     -1.0470141110E-01   4.8310295800E-02  -7.0410680000E-04   1.5784720000E-04   1.7687930000E-04
   31     -1.2396567720E-01   5.7232921400E-02   1.6007289000E-03  -1.3994572000E-03   1.3822625000E-03
   32      5.6940536100E-02  -3.5791791400E-02  -1.5392459000E-03  -3.9152371000E-03  -6.2887736000E-03
   33      7.8721211200E-02   8.5379639800E-02  -1.6817329000E-03   2.2963429000E-03  -1.7609009000E-03
   34     -7.2638680300E-02  -7.9788883900E-02  -6.6552920000E-04  -5.4768980000E-04   2.6978988000E-03
   35     -8.0898832700E-02  -9.2798873500E-02  -1.6792460000E-04   1.0987920500E-02  -2.0880653500E-02
   36     -3.7320480000E-04   1.7334810000E-04  -3.7397974600E-02   1.6799332400E-02   7.0004559000E-03
   37     -2.7396930000E-03   7.1435600000E-05  -1.5059551300E-02   5.3039000000E-06   9.0594020000E-04
   38      6.1228260000E-04   6.8876911000E-03   1.0194915700E-02   2.3277830000E-04  -5.4184810000E-03
   39      2.7130850000E-03  -6.1635215000E-03  -2.2157179500E-02  -3.7272803700E-02   1.9360724200E-02
   40     -1.7369568000E-03  -4.1206720000E-04  -2.2213695000E-03  -6.3281928000E-03   8.2151603000E-03
   41     -6.4503230000E-04  -4.5093409000E-03   1.8080627000E-03   2.7485862000E-03   1.6422725500E-02
   42      3.6533558000E-03  -5.2113258000E-03  -9.8570766300E-02   5.4551902500E-02  -1.0444534290E-01
   43      1.2411122000E-03  -5.5405120000E-03   6.7715002500E-02  -4.1911433300E-02   1.3071352070E-01
   44     -2.5336100000E-03   3.7053760000E-04  -1.3896413770E-01   1.1198299150E-01  -1.3605627140E-01
   45     -2.7449141000E-03  -4.1799501000E-03  -9.4520953000E-03   1.2138668100E-02   5.0704980000E-03
   46     -4.9225900000E-03   7.7238989000E-03   1.5268352200E-02  -6.0446297600E-02  -8.1031067200E-02
   47      3.0215671000E-03   4.8934360000E-03   7.6465458000E-03  -5.0494813100E-02  -5.0381505700E-02
                   15                 16                 17                 18                 19        
    0     -1.3302239000E-03  -2.5001413100E-02  -1.3468726210E-01  -1.4650201050E-01  -1.3131800660E-01
    1     -3.0713069000E-03   8.4132243000E-03   3.1596172000E-03  -1.0518896190E-01  -1.3252008630E-01
    2     -9.5402339000E-03   3.1351406000E-03  -3.3631057000E-03  -4.7654188100E-02  -6.1984657500E-02
    3      1.4416306100E-02   1.7558514600E-02   6.4732313700E-02  -1.2412713000E-02   2.7494858000E-03
    4      1.1779008200E-02  -1.1360632100E-02   6.7629882000E-03  -2.7801478900E-02  -1.6450457000E-03
    5     -1.4655820700E-02   4.1028168800E-02   1.3324121550E-01  -4.1139215000E-03   3.1343764000E-03
    6     -2.2089885700E-02  -2.3036849000E-03   2.5114757700E-02  -4.4324661000E-03  -4.0515380000E-03
    7     -1.7019078200E-02   2.0574321000E-03   1.9843927000E-02   2.6817007000E-03  -1.8564999000E-03
    8      4.8077841500E-02   2.1922763400E-02  -4.2925713000E-03  -2.3833752000E-03   4.0662640000E-04
    9      4.2047922700E-02   9.2103705000E-03   3.8507424500E-02  -5.1879720000E-04  -1.3318743000E-03
   10     -2.8879852000E-03  -1.8205185000E-03   2.9400776000E-03   8.9237780000E-04   6.1349000000E-06
   11     -1.6150720300E-02  -1.0457999100E-02  -1.2145230000E-02  -1.8117394000E-03   1.5020362000E-03
   12     -3.7168177100E-01  -1.0206576660E-01   3.4866913100E-02  -7.1100230000E-04   1.5697868000E-03
   13     -7.8269685200E-02  -6.4512846300E-02   1.9034511700E-02   1.2897628000E-03  -1.0979110000E-04
   14     -2.7919100400E-02  -1.2304469400E-02  -5.3485669600E-02   1.4831121000E-03  -9.8367800000E-04
   15      5.2398050390E-01   9.7838344400E-02  -1.0593284610E-01  -1.6607574000E-03   2.0775933000E-03
   16      9.7838344400E-02   2.7518994050E-01  -6.5805881800E-02  -5.4646830000E-04  -5.4886800000E-04
   17     -1.0593284610E-01  -6.5805881800E-02   2.7105287340E-01  -7.3321090000E-04  -1.7429972000E-03
   18     -1.6607574000E-03  -5.4646830000E-04  -7.3321090000E-04   1.4007794540E-01   1.2793379010E-01
   19      2.0775933000E-03  -5.4886800000E-04  -1.7429972000E-03   1.2793379010E-01   2.1925984510E-01
   20      2.7141434000E-03   4.3783768000E-03  -4.6807857000E-03   5.6919108100E-02   3.5569941500E-02
   21     -3.0210543000E-03   7.9705830000E-04   2.1417049000E-03   2.3174261600E-02   5.2310419000E-03
   22     -2.2008168000E-03  -6.0991890000E-04  -1.9080833000E-03  -9.1367900000E-04  -9.0178797900E-02
   23      2.7204144000E-03  -6.7365094000E-03  -2.2354001900E-02  -2.1025451000E-03   2.4722407300E-02
   24     -6.1985430000E-04   1.8651075000E-03   4.3349747000E-03   4.5689680000E-03  -8.8039470000E-04
   25      8.9986300000E-05  -1.4086487000E-03  -2.3985309000E-03  -7.2669860000E-04   5.6698580000E-04
   26      5.1795804000E-03  -7.0171798000E-03  -1.4859419700E-02   1.4820107000E-03   1.2378000000E-04
   27     -1.1599708000E-03  -5.0028240000E-04  -1.5733714000E-03  -1.5621345000E-03  -7.5022650000E-04
   28      7.9410400000E-05  -7.8190950000E-04  -7.3293580000E-04   1.4236640000E-04  -6.6785730000E-04
   29     -1.9792980000E-03  -8.5500730000E-04  -2.7433851000E-03   3.3132680000E-04  -1.1639575000E-03
   30     -1.8669790000E-03   9.5542570000E-04  -2.1789346000E-03  -3.0218907000E-03   1.5336412000E-03
   31      2.7037455000E-03  -3.3965130000E-04   1.8812342000E-03   1.5463081000E-03  -2.5530960000E-04
   32     -7.1712085000E-03  -4.0096261000E-03  -4.4663600000E-04  -9.9274950000E-04   1.5670616000E-03
   33     -1.0027781000E-03  -4.1644410000E-04  -4.0130361000E-03   8.4646180000E-04  -2.2440233000E-03
   34      1.2452541000E-03  -7.4162900000E-04  -1.0682837000E-03   1.8552813000E-03   1.8729667000E-03
   35     -9.6647570000E-03  -1.3376483000E-03  -1.0509890800E-02  -1.2343668000E-03  -8.6143550000E-04
   36     -9.6392470900E-02   4.6012168900E-02   9.9699350600E-02  -9.2487000000E-05   1.4003326000E-03
   37      6.5116647600E-02  -5.2762063900E-02  -1.1556303260E-01  -1.6778609000E-03   1.1434693000E-03
   38      1.1772130400E-01  -7.8074681500E-02  -1.5209580510E-01   1.5633380000E-04   6.1577320000E-04
   39     -2.8414352300E-02  -1.8610318900E-02   1.0991691200E-02   2.3508240000E-03  -2.0856571000E-03
   40     -4.1145001300E-02  -1.3806466780E-01   1.4947056520E-01  -9.3451440000E-04   1.2409151000E-03
   41      3.2562157400E-02   1.2452838040E-01  -1.2516591280E-01   3.4646190000E-04  -4.5400790000E-04
   42     -3.8933170200E-02   8.3441232000E-03  -6.9091654000E-03   1.9957860000E-03  -1.7036884000E-03
   43     -1.3126403500E-02   2.7415756000E-03  -4.6781385000E-03   7.4997940000E-04   2.7692233000E-03
   44      2.4433271000E-03   1.3990636000E-03  -1.0795848000E-03   4.0532700000E-05  -2.4293790000E-04
   45     -1.2271464800E-02  -3.3136734700E-02  -2.4361303900E-02  -2.0999878000E-03   1.8697371000E-03
   46     -2.3209712700E-02  -1.5450818400E-02  -9.1950373000E-03   6.9809540000E-04   9.2271560000E-04
   47     -1.8404783200E-02  -9.7928909000E-03   2.9279095000E-03   2.6721040000E-04  -2.0833110000E-04
                   20                 21                 22                 23                 24        
    0     -6.2251567500E-02  -1.5219469540E-01   9.8210668300E-02  -1.1744414260E-01  -2.3714377000E-02
    1     -6.1902289300E-02   8.0306989200E-02  -6.9639993400E-02   7.3482872000E-02   1.9437905700E-02
    2     -4.0272161400E-02  -8.4471474700E-02   7.3708580000E-02  -8.2594825500E-02  -7.3618303000E-03
    3      4.2896065000E-03  -1.6914323600E-02  -4.2529720000E-04   1.0849505800E-02  -1.0025204000E-01
    4      1.3998885000E-03   2.1939322100E-02  -4.6042556000E-03   3.7894230000E-04   1.0795248030E-01
    5      9.5659710000E-04  -1.4426831800E-02  -1.2634315000E-03   1.8025766100E-02  -9.9027030000E-04
    6     -1.8180978000E-03   3.5307786000E-03   1.5785382000E-03   1.1380127000E-03   5.7751237000E-03
    7     -9.6673050000E-04   6.7363540000E-04  -2.0654141000E-03   1.9128061000E-03  -9.2125908000E-03
    8      4.9611509000E-03   1.8058664000E-03   1.0073137000E-03  -1.1988407000E-03  -8.0247480000E-04
    9     -2.9423783000E-03   1.3842580000E-03   4.5937780000E-04  -1.8578228000E-03   2.9152240000E-04
   10     -2.0235211000E-03  -2.1103879000E-03   1.1637134000E-03   1.4273101000E-03  -9.7848200000E-05
   11      2.3766788000E-03  -8.3622310000E-04  -2.2400320000E-04   3.7815750000E-03  -4.0565110000E-04
   12      7.0676994000E-03   2.2585120000E-04   2.0704960000E-04   6.2334157000E-03  -1.2559270000E-04
   13      3.8432132000E-03   4.4891780000E-04  -2.1337440000E-04   3.5277990000E-04  -5.1849550000E-04
   14     -2.0036180000E-04   3.2227779000E-03  -1.1528880000E-04  -9.5915318000E-03   1.5584013000E-03
   15      2.7141434000E-03  -3.0210543000E-03  -2.2008168000E-03   2.7204144000E-03  -6.1985430000E-04
   16      4.3783768000E-03   7.9705830000E-04  -6.0991890000E-04  -6.7365094000E-03   1.8651075000E-03
   17     -4.6807857000E-03   2.1417049000E-03  -1.9080833000E-03  -2.2354001900E-02   4.3349747000E-03
   18      5.6919108100E-02   2.3174261600E-02  -9.1367900000E-04  -2.1025451000E-03   4.5689680000E-03
   19      3.5569941500E-02   5.2310419000E-03  -9.0178797900E-02   2.4722407300E-02  -8.8039470000E-04
   20      8.3481471000E-03  -3.1421604000E-03   1.7701514600E-02   3.1030940800E-02   7.8609300000E-04
   21     -3.1421604000E-03   1.4534101160E-01  -1.0108397320E-01   9.9193746200E-02  -5.2425911000E-03
   22      1.7701514600E-02  -1.0108397320E-01   1.6090345220E-01  -8.9749910100E-02   5.8563739000E-03
   23      3.1030940800E-02   9.9193746200E-02  -8.9749910100E-02   5.1298876600E-02   3.4273910000E-03
   24      7.8609300000E-04  -5.2425911000E-03   5.8563739000E-03   3.4273910000E-03   1.1921965360E-01
   25     -9.2507870000E-04  -6.8376560000E-04  -1.0479464000E-03  -3.7474980000E-04  -1.2056023280E-01
   26     -3.5565188000E-03  -3.0940855000E-03   8.4329850000E-04   4.2794689000E-03  -1.4523210000E-04
   27      4.7963980000E-04   1.6180579000E-03  -8.1858020000E-04  -5.2060270000E-04  -9.4195710000E-04
   28     -1.1087679000E-03   7.7323200000E-05  -2.8114510000E-04   1.2122361000E-03  -2.3515281000E-03
   29     -1.7902130000E-03   2.6015300000E-05  -1.8960610000E-04   1.5239932000E-03  -2.9224000000E-06
   30      1.0706062000E-03   8.2900180000E-04   1.8295583000E-03   9.3825610000E-04  -1.5211852000E-03
   31     -1.5799718000E-03  -2.3910976000E-03   1.8059967000E-03   1.1180492000E-03  -8.5416690000E-04
   32      1.6578642000E-03  -2.9928340000E-04   1.5697669000E-03   2.1516423000E-03  -3.8600700000E-04
   33      3.5189670000E-04   1.2144150000E-04  -2.5469514000E-03   3.0224150000E-04   1.5981786000E-03
   34     -1.7388232000E-03  -2.6076090000E-03   9.6610730000E-04   1.9795356000E-03  -8.7336010000E-04
   35      2.4528751000E-03  -2.3709450000E-04  -1.8971270000E-03   6.1967270000E-04   4.0410390000E-04
   36     -1.5886834000E-03   7.2198890000E-04   1.9520988000E-03  -2.5709280000E-03  -7.6155040000E-04
   37      1.9323662000E-03   1.9389616000E-03   2.3082037000E-03  -4.6089354000E-03   1.4113880000E-04
   38     -1.4699563000E-03  -4.0987310000E-04   1.5253293000E-03  -9.7479800000E-05  -1.8258130000E-04
   39     -3.4283170000E-04  -5.5230760000E-04  -1.3022944000E-03  -3.0439000000E-04   1.4143528000E-03
   40      1.6632309000E-03   1.2142900000E-05  -9.7561650000E-04   6.0982810000E-04   1.1181020000E-04
   41      9.3006330000E-04  -3.3613600000E-05  -1.4443915000E-03   9.0846270000E-04  -3.0215650000E-04
   42     -1.3511384000E-03   2.4251390000E-04  -2.3020798000E-03  -8.3379800000E-05   1.4897121000E-03
   43      1.1688840000E-03  -1.9391890000E-03   5.9480850000E-04  -5.7919630000E-04  -2.0382200000E-05
   44      1.4179884000E-03   6.5357670000E-04  -1.8096258000E-03  -6.0914660000E-04   2.2652640000E-04
   45     -2.4193550000E-04   7.3580730000E-04   1.5000071000E-03   8.0827600000E-05  -1.1783635000E-03
   46      2.5877667000E-03  -6.0936990000E-04   1.8741805000E-03  -5.1474656000E-03   4.1829000000E-06
   47     -2.1623087000E-03  -9.3047400000E-05   2.2456642000E-03   2.8254281000E-03  -1.5836450000E-04
                   25                 26                 27                 28                 29        
    0      5.2702750000E-03  -7.4521200000E-03   3.8243040000E-04   1.3519434000E-03  -1.3590067000E-03
    1      2.7401463000E-03   4.7139983000E-03   1.3257800000E-05   3.1340149000E-03   9.1692140000E-04
    2      2.2435453000E-03   4.7946965000E-03   5.6384940000E-04   3.6492420000E-04  -2.3217050000E-04
    3      1.0695635970E-01   3.7448684000E-03   5.8524629000E-03   1.0785935100E-02   1.5082526000E-03
    4     -2.3508660310E-01   2.4335532000E-03  -9.5820461000E-03  -2.7566554200E-02  -2.9441989000E-03
    5      4.3086200000E-04  -2.3033611700E-02   1.1259384000E-03  -7.6853080000E-04   2.7842530000E-03
    6      1.1115821200E-02  -1.1873522000E-03  -9.9433027000E-02   1.0654811430E-01  -3.5796705000E-03
    7     -2.7312264200E-02   2.2969677000E-03   1.0836230310E-01  -2.3556253520E-01  -3.9360124000E-03
    8      8.4931630000E-04   2.9106130000E-03   2.1243234000E-03  -2.1840462000E-03  -2.1465381400E-02
    9      1.4157790000E-03   1.3523682000E-03  -2.2427537700E-02   5.3187241000E-03   8.8072767000E-03
   10      3.1568603000E-03  -1.4634175000E-03   1.9234852300E-02   2.7972281000E-03  -4.3379430000E-03
   11     -1.2754330000E-04  -4.0086550000E-04   7.7823529000E-03  -2.2346207000E-03   4.4056616000E-03
   12      1.3002940000E-04   1.3823587000E-03  -7.1131780000E-04   1.7292850000E-04  -4.9008411000E-03
   13     -8.1963840000E-04   1.1736384000E-03   2.9454010000E-03  -2.2063339000E-03   9.5961935000E-03
   14     -1.1040580000E-04  -2.3682860000E-03  -4.2170974000E-03   2.1815474000E-03  -1.5756133400E-02
   15      8.9986300000E-05   5.1795804000E-03  -1.1599708000E-03   7.9410400000E-05  -1.9792980000E-03
   16     -1.4086487000E-03  -7.0171798000E-03  -5.0028240000E-04  -7.8190950000E-04  -8.5500730000E-04
   17     -2.3985309000E-03  -1.4859419700E-02  -1.5733714000E-03  -7.3293580000E-04  -2.7433851000E-03
   18     -7.2669860000E-04   1.4820107000E-03  -1.5621345000E-03   1.4236640000E-04   3.3132680000E-04
   19      5.6698580000E-04   1.2378000000E-04  -7.5022650000E-04  -6.6785730000E-04  -1.1639575000E-03
   20     -9.2507870000E-04  -3.5565188000E-03   4.7963980000E-04  -1.1087679000E-03  -1.7902130000E-03
   21     -6.8376560000E-04  -3.0940855000E-03   1.6180579000E-03   7.7323200000E-05   2.6015300000E-05
   22     -1.0479464000E-03   8.4329850000E-04  -8.1858020000E-04  -2.8114510000E-04  -1.8960610000E-04
   23     -3.7474980000E-04   4.2794689000E-03  -5.2060270000E-04   1.2122361000E-03   1.5239932000E-03
   24     -1.2056023280E-01  -1.4523210000E-04  -9.4195710000E-04  -2.3515281000E-03  -2.9224000000E-06
   25      2.6163951950E-01   9.6668260000E-04  -2.4590389000E-03  -3.9639589000E-03  -7.3809470000E-04
   26      9.6668260000E-04   2.8276867100E-02  -1.0484480000E-04   7.7526910000E-04   2.3444041000E-03
   27     -2.4590389000E-03  -1.0484480000E-04   1.1812342490E-01  -1.2047549190E-01  -1.4616072000E-03
   28     -3.9639589000E-03   7.7526910000E-04  -1.2047549190E-01   2.6282349200E-01   9.2980690000E-04
   29     -7.3809470000E-04   2.3444041000E-03  -1.4616072000E-03   9.2980690000E-04   2.8039066800E-02
   30      1.2520420000E-04  -3.0869780000E-04   4.2559217000E-03  -6.2510590000E-04  -1.6156833000E-03
   31     -7.2861130000E-04   1.3131824000E-03  -7.6790710000E-04   3.9144560000E-04   2.2791530000E-04
   32      1.0512283000E-03  -1.8219933000E-03  -1.0873439000E-03   1.0506902000E-03  -3.5057388000E-03
   33      7.9489800000E-05  -9.6782900000E-05  -5.2419855000E-03  -6.3166330000E-04   3.3490160000E-03
   34     -2.7154360000E-04   2.3039390000E-04   5.8897537000E-03  -1.0651068000E-03  -1.4334306000E-03
   35     -1.1325403000E-03   1.5967074000E-03  -2.8976826000E-03   3.1467770000E-04   4.5363307000E-03
   36     -5.1592970000E-04  -8.5634290000E-04   1.3478122000E-03   1.1431560000E-04  -4.2926690000E-04
   37      6.7895490000E-04  -4.5149231000E-03   3.0195060000E-04   5.4003100000E-04   1.0532159000E-03
   38      9.1722530000E-04  -3.0377514000E-03  -7.2918930000E-04   8.5970570000E-04   1.6726325000E-03
   39      1.7590160000E-04   1.9808430000E-04  -7.4198870000E-04  -3.2981120000E-04  -7.6961400000E-05
   40      7.8032770000E-04   5.1893280000E-04  -8.4886680000E-04   8.4135110000E-04   1.0026268000E-03
   41     -4.9216590000E-04   4.5044443000E-03   6.1330620000E-04  -9.8315540000E-04  -3.6677520000E-04
   42      5.6658600000E-05   4.1496770000E-04  -4.4039710000E-04  -4.9465090000E-04   1.1369178000E-03
   43      8.7985420000E-04  -1.8508427000E-03  -5.6779800000E-05   8.3289150000E-04   4.4842156000E-03
   44     -1.0255555000E-03   1.6665418000E-03   3.8255250000E-04  -1.0051094000E-03  -1.6375942000E-03
   45     -4.6983910000E-04  -5.0878030000E-04   1.0802063000E-03   3.1719030000E-04   2.4645220000E-04
   46      1.9656600000E-04  -5.4333390000E-04  -4.8829880000E-04   7.3494660000E-04  -2.6126449000E-03
   47      8.6580490000E-04  -1.2952966000E-03  -4.8022310000E-04   1.3283088000E-03   2.1910496000E-03
                   30                 31                 32                 33                 34        
    0     -6.5184500000E-04  -1.2213515000E-03   2.6134705000E-03   1.2507125000E-03  -5.9765100000E-05
    1      1.1072104000E-03  -4.6120460000E-04   2.3894853000E-03  -1.7908303000E-03   1.3250907000E-03
    2      1.6900065000E-03  -1.6303602000E-03   2.1494495000E-03   1.2131391000E-03   3.5093430000E-04
    3     -4.3760973000E-03  -4.5725326000E-03   2.4275724000E-03   3.5034750000E-03   1.3549767000E-03
    4      2.5345217000E-03  -2.4713169000E-03   1.7589019000E-03   7.3654440000E-04  -2.3182432000E-03
    5      2.6646093000E-03  -9.8659360000E-04   3.6927762000E-03  -1.3155075000E-03  -3.7133000000E-06
    6     -1.2053069300E-02   4.3812470000E-03  -5.6046036000E-03  -1.6993518200E-02  -3.0563600000E-04
    7     -2.6874430500E-02  -4.1793910000E-04  -2.0411712000E-03   2.2700409700E-02  -4.8408390000E-03
    8      4.0040643000E-03  -3.4208558000E-03  -3.6738620000E-04   1.5680202300E-02   6.5068940000E-04
    9     -1.5408882500E-01  -1.3075627240E-01   6.1162575800E-02  -1.4074889730E-01   9.6367412000E-02
   10     -1.0470141110E-01  -1.2396567720E-01   5.6940536100E-02   7.8721211200E-02  -7.2638680300E-02
   11      4.8310295800E-02   5.7232921400E-02  -3.5791791400E-02   8.5379639800E-02  -7.9788883900E-02
   12     -7.0410680000E-04   1.6007289000E-03  -1.5392459000E-03  -1.6817329000E-03  -6.6552920000E-04
   13      1.5784720000E-04  -1.3994572000E-03  -3.9152371000E-03   2.2963429000E-03  -5.4768980000E-04
   14      1.7687930000E-04   1.3822625000E-03  -6.2887736000E-03  -1.7609009000E-03   2.6978988000E-03
   15     -1.8669790000E-03   2.7037455000E-03  -7.1712085000E-03  -1.0027781000E-03   1.2452541000E-03
   16      9.5542570000E-04  -3.3965130000E-04  -4.0096261000E-03  -4.1644410000E-04  -7.4162900000E-04
   17     -2.1789346000E-03   1.8812342000E-03  -4.4663600000E-04  -4.0130361000E-03  -1.0682837000E-03
   18     -3.0218907000E-03   1.5463081000E-03  -9.9274950000E-04   8.4646180000E-04   1.8552813000E-03
   19      1.5336412000E-03  -2.5530960000E-04   1.5670616000E-03  -2.2440233000E-03   1.8729667000E-03
   20      1.0706062000E-03  -1.5799718000E-03   1.6578642000E-03   3.5189670000E-04  -1.7388232000E-03
   21      8.2900180000E-04  -2.3910976000E-03  -2.9928340000E-04   1.2144150000E-04  -2.6076090000E-03
   22      1.8295583000E-03   1.8059967000E-03   1.5697669000E-03  -2.5469514000E-03   9.6610730000E-04
   23      9.3825610000E-04   1.1180492000E-03   2.1516423000E-03   3.0224150000E-04   1.9795356000E-03
   24     -1.5211852000E-03  -8.5416690000E-04  -3.8600700000E-04   1.5981786000E-03  -8.7336010000E-04
   25      1.2520420000E-04  -7.2861130000E-04   1.0512283000E-03   7.9489800000E-05  -2.7154360000E-04
   26     -3.0869780000E-04   1.3131824000E-03  -1.8219933000E-03  -9.6782900000E-05   2.3039390000E-04
   27      4.2559217000E-03  -7.6790710000E-04  -1.0873439000E-03  -5.2419855000E-03   5.8897537000E-03
   28     -6.2510590000E-04   3.9144560000E-04   1.0506902000E-03  -6.3166330000E-04  -1.0651068000E-03
   29     -1.6156833000E-03   2.2791530000E-04  -3.5057388000E-03   3.3490160000E-03  -1.4334306000E-03
   30      1.4738874960E-01   1.3138724790E-01  -5.5316409300E-02   2.3138692900E-02  -6.1019248000E-03
   31      1.3138724790E-01   2.0856623020E-01  -2.7433652200E-02  -1.1359730000E-04  -8.8559221800E-02
   32     -5.5316409300E-02  -2.7433652200E-02   7.5616119000E-03   2.5545477000E-03  -2.1399708700E-02
   33      2.3138692900E-02  -1.1359730000E-04   2.5545477000E-03   1.3471696150E-01  -9.5299778600E-02
   34     -6.1019248000E-03  -8.8559221800E-02  -2.1399708700E-02  -9.5299778600E-02   1.6297627460E-01
   35      9.5548130000E-04  -2.8551880700E-02   2.9747656000E-02  -1.0125691500E-01   1.0009880960E-01
   36      1.8551216000E-03  -2.1983576000E-03   1.4103627000E-03   2.3927990000E-04  -2.1863515000E-03
   37      1.1205896000E-03   2.0921940000E-03  -1.5966538000E-03  -1.7158894000E-03   5.4459510000E-04
   38     -1.7681440000E-04   8.8717460000E-04   2.0156672000E-03  -9.6833870000E-04   1.4671469000E-03
   39     -1.5309219000E-03   1.8925641000E-03   7.0807690000E-04   8.1660300000E-04   1.1452598000E-03
   40      1.2435040000E-04   2.3453506000E-03  -1.5185608000E-03  -1.1390265000E-03   2.6002621000E-03
   41      1.0066670000E-04  -5.2763590000E-04  -1.1106145000E-03   4.3689340000E-04  -1.9809085000E-03
   42      3.3372000000E-06   1.0617326000E-03   1.4110946000E-03   1.1783059000E-03   2.0249464000E-03
   43     -1.5849157000E-03   1.2761801000E-03  -1.5017185000E-03   1.5079600000E-03   2.6620515000E-03
   44      1.0953440000E-04  -1.6032780000E-03  -8.6846160000E-04   6.4503420000E-04  -1.0076978000E-03
   45      2.3440953000E-03  -1.6982911000E-03   1.0915070000E-04  -1.7412004000E-03  -1.7829298000E-03
   46     -9.8780850000E-04   2.1209918000E-03  -2.9113420000E-03  -1.4375380000E-04  -1.9643944000E-03
   47     -4.2386050000E-04   1.6914888000E-03   1.2247281000E-03  -5.0112970000E-04   9.4604120000E-04
                   35                 36                 37                 38                 39        
    0      1.6362299000E-03  -1.0533442800E-02  -9.9295556000E-03  -1.0245207600E-02   3.7952544000E-03
    1     -8.4573290000E-04   2.2123593000E-03   3.7400925000E-03  -9.4550750000E-04   8.3499460000E-04
    2      5.2699708000E-03   2.2897086000E-03   9.8571269000E-03  -2.2885830000E-03   6.4934496000E-03
    3     -3.5627970000E-04   4.2461637000E-03   9.8404918000E-03   2.7907349000E-03   2.5668681000E-03
    4     -1.1212136000E-03  -4.8938000000E-05  -7.7529730000E-04  -1.5337600000E-04  -6.8533040000E-04
    5     -1.2180910000E-04   1.4200628000E-02   9.9533533000E-03   1.4992276500E-02  -6.5829230000E-04
    6     -8.9803745000E-03   1.6365424000E-03  -1.8234757000E-03   1.1774386000E-03   2.1858298000E-03
    7     -7.5356560000E-04   9.6704160000E-04  -2.7989767000E-03   4.7042063000E-03   6.9232340000E-04
    8      1.7533735500E-02   9.0058630000E-04   1.1625361000E-03  -1.5952823000E-03  -4.7783805000E-03
    9      1.2012595300E-01   2.2390440000E-03   5.0573948000E-03  -3.7174308000E-03  -1.2061198000E-03
   10     -8.0898832700E-02  -3.7320480000E-04  -2.7396930000E-03   6.1228260000E-04   2.7130850000E-03
   11     -9.2798873500E-02   1.7334810000E-04   7.1435600000E-05   6.8876911000E-03  -6.1635215000E-03
   12     -1.6792460000E-04  -3.7397974600E-02  -1.5059551300E-02   1.0194915700E-02  -2.2157179500E-02
   13      1.0987920500E-02   1.6799332400E-02   5.3039000000E-06   2.3277830000E-04  -3.7272803700E-02
   14     -2.0880653500E-02   7.0004559000E-03   9.0594020000E-04  -5.4184810000E-03   1.9360724200E-02
   15     -9.6647570000E-03  -9.6392470900E-02   6.5116647600E-02   1.1772130400E-01  -2.8414352300E-02
   16     -1.3376483000E-03   4.6012168900E-02  -5.2762063900E-02  -7.8074681500E-02  -1.8610318900E-02
   17     -1.0509890800E-02   9.9699350600E-02  -1.1556303260E-01  -1.5209580510E-01   1.0991691200E-02
   18     -1.2343668000E-03  -9.2487000000E-05  -1.6778609000E-03   1.5633380000E-04   2.3508240000E-03
   19     -8.6143550000E-04   1.4003326000E-03   1.1434693000E-03   6.1577320000E-04  -2.0856571000E-03
   20      2.4528751000E-03  -1.5886834000E-03   1.9323662000E-03  -1.4699563000E-03  -3.4283170000E-04
   21     -2.3709450000E-04   7.2198890000E-04   1.9389616000E-03  -4.0987310000E-04  -5.5230760000E-04
   22     -1.8971270000E-03   1.9520988000E-03   2.3082037000E-03   1.5253293000E-03  -1.3022944000E-03
   23      6.1967270000E-04  -2.5709280000E-03  -4.6089354000E-03  -9.7479800000E-05  -3.0439000000E-04
   24      4.0410390000E-04  -7.6155040000E-04   1.4113880000E-04  -1.8258130000E-04   1.4143528000E-03
   25     -1.1325403000E-03  -5.1592970000E-04   6.7895490000E-04   9.1722530000E-04   1.7590160000E-04
   26      1.5967074000E-03  -8.5634290000E-04  -4.5149231000E-03  -3.0377514000E-03   1.9808430000E-04
   27     -2.8976826000E-03   1.3478122000E-03   3.0195060000E-04  -7.2918930000E-04  -7.4198870000E-04
   28      3.1467770000E-04   1.1431560000E-04   5.4003100000E-04   8.5970570000E-04  -3.2981120000E-04
   29      4.5363307000E-03  -4.2926690000E-04   1.0532159000E-03   1.6726325000E-03  -7.6961400000E-05
   30      9.5548130000E-04   1.8551216000E-03   1.1205896000E-03  -1.7681440000E-04  -1.5309219000E-03
   31     -2.8551880700E-02  -2.1983576000E-03   2.0921940000E-03   8.8717460000E-04   1.8925641000E-03
   32      2.9747656000E-02   1.4103627000E-03  -1.5966538000E-03   2.0156672000E-03   7.0807690000E-04
   33     -1.0125691500E-01   2.3927990000E-04  -1.7158894000E-03  -9.6833870000E-04   8.1660300000E-04
   34      1.0009880960E-01  -2.1863515000E-03   5.4459510000E-04   1.4671469000E-03   1.1452598000E-03
   35      6.1600668700E-02   2.6116330000E-04   9.5141210000E-04  -1.5359397000E-03   3.7992610000E-04
   36      2.6116330000E-04   1.2801018710E-01  -9.3136472000E-02  -1.2320768160E-01   1.0864772500E-02
   37      9.5141210000E-04  -9.3136472000E-02   1.1063595910E-01   7.9323641000E-02   3.7314855500E-02
   38     -1.5359397000E-03  -1.2320768160E-01   7.9323641000E-02   1.1688495410E-01   7.9663339000E-03
