
$orca_hessian_file

$act_atom
  0

$act_coord
  0

$act_energy
      -21.577337

$multiplicity
  1

$hessian
48
                    0                  1                  2                  3                  4        
    0      7.5896887530E-01   1.2242097400E-02   1.3200227210E-01  -4.3956685790E-01   3.8088112700E-02
    1      1.2242097400E-02   3.4875354470E-01  -4.5783975900E-02   7.7524202000E-03  -6.8588469400E-02
    2      1.3200227210E-01  -4.5783975900E-02   1.4062268700E-01  -4.2106502700E-02   1.0815840000E-03
    3     -4.3956685790E-01   7.7524202000E-03  -4.2106502700E-02   7.0950244400E-01  -9.9173402000E-03
    4      3.8088112700E-02  -6.8588469400E-02   1.0815840000E-03  -9.9173402000E-03   5.9326199530E-01
    5      9.3508225200E-02   4.2813566000E-03   1.2163943200E-02   4.1767537000E-03  -1.9067437100E-02
    6     -3.0210094300E-02  -2.5874020600E-02   1.5126977600E-02  -1.0537036490E-01  -9.7133446700E-02
    7     -8.1534278000E-03   1.5279779000E-03   1.3243995600E-02  -9.4244370100E-02  -2.5093871570E-01
    8     -8.7535710000E-03  -2.6035033000E-03  -2.4094653000E-03   1.1720766100E-02   1.9491949700E-02
    9      7.9088813000E-03  -3.8833279000E-03  -1.3712537800E-02  -4.0238477600E-02  -1.4173475300E-02
   10     -1.2898479000E-03  -2.6648821000E-03   1.1286821000E-03  -2.5692537200E-02  -8.3975130000E-04
   11     -3.1264820000E-04   2.0546621000E-03   1.2155496700E-02   6.5957330000E-03   7.9562310000E-04
   12      3.1220740000E-03  -1.6891244000E-03  -1.0187817200E-02  -2.2821092600E-02  -1.6810850300E-02
   13     -1.9762130000E-04  -3.2077308000E-03  -9.9253057000E-03  -1.2800022700E-02  -2.4656910000E-04
   14      1.6050470000E-04   6.9865460000E-04   5.5905144000E-03  -1.6634059900E-02  -1.6935652400E-02
   15      6.8273862000E-03   1.1860115000E-03   2.6398519800E-02   2.3642546900E-02   3.6581793000E-03
   16     -1.9311709200E-02   3.6196550000E-04   4.1793835000E-03   1.2536602700E-02  -1.0161673000E-03
   17     -6.5035786000E-02   7.2737708000E-03  -1.1071874200E-02   4.0859825600E-02   1.8935041000E-03
   18     -1.4671086440E-01  -1.0971659890E-01  -4.0277432800E-02  -1.7150474600E-02  -2.7291363500E-02
   19     -1.1417060150E-01  -1.5310418820E-01  -4.3277976600E-02   7.7928900000E-05   1.7075250000E-04
   20     -5.4097258700E-02  -5.0461022500E-02  -4.9403472200E-02   4.5886296000E-03   2.7192836000E-03
   21     -1.3470257650E-01   9.3207905400E-02  -7.4861892300E-02  -1.8213890500E-02   2.4136027800E-02
   22      9.1096790700E-02  -1.2133698730E-01   7.4462757700E-02   4.6866845000E-03  -3.3274990000E-03
   23     -9.5751774000E-02   8.3431951800E-02  -9.0817087800E-02   6.7004070000E-03   8.0574370000E-04
   24     -2.1208454000E-02   2.3230631600E-02  -6.5435995000E-03  -9.8108885800E-02   1.0634039690E-01
   25      4.7605216000E-03   1.9924620000E-04   1.4197684000E-03   1.0695471250E-01  -2.4042697260E-01
   26     -4.4778685000E-03   2.5199274000E-03   2.4272134000E-03  -1.9715899000E-03   1.1125481800E-02
   27      5.0094150000E-04  -8.6307830000E-04  -2.4683120000E-04   5.4627270000E-03  -1.0995035200E-02
   28      9.1444700000E-04   2.0471617000E-03   6.7239460000E-04   1.0181674800E-02  -2.7421398300E-02
   29     -3.1840200000E-04   1.0888785000E-03   1.5985340000E-04   1.4427933000E-03   5.0213300000E-05
   30     -1.5418546000E-03   2.4682720000E-04  -4.8003500000E-05  -4.9027269000E-03   1.1355030000E-03
   31     -1.1288300000E-04   6.4527100000E-05   6.8086830000E-04  -1.4131361000E-03  -7.3605600000E-05
   32      5.5014790000E-04   2.3984006000E-03   5.6507180000E-04   2.8578358000E-03   7.1819490000E-04
   33      1.6338660000E-04  -1.4149716000E-03  -5.2501450000E-04   1.5760658000E-03   3.4985890000E-04
   34     -2.8129350000E-04   4.4529850000E-04  -7.2887530000E-04  -5.6653470000E-04  -5.0619710000E-04
   35     -5.9594380000E-04  -9.6535580000E-04   1.7181171000E-03  -7.4822110000E-04  -6.6235350000E-04
   36     -6.1175882000E-03   9.7303560000E-04  -2.1315254000E-03  -4.1230860000E-04   1.1722266000E-03
   37     -4.6364644000E-03   1.7589723000E-03   2.1792253000E-03   1.8335935000E-03  -5.2180010000E-04
   38     -6.3019304000E-03  -1.2514905000E-03  -5.5357878000E-03  -5.7532090000E-04   1.3010361000E-03
   39      2.1875810000E-03   2.0696928000E-03   4.9833623000E-03   2.2121496000E-03  -1.1191141000E-03
   40      3.9700009000E-03  -1.8490566000E-03   1.4395152000E-03   3.1210380000E-04   4.7906330000E-04
   41      9.9517807000E-03   3.3413100000E-04  -1.8795548000E-03  -3.8326941000E-03   1.9273845000E-03
   42      1.7657303000E-03   8.2450600000E-05   7.1252838000E-03   3.2246417000E-03   9.8506380000E-04
   43      3.6877162000E-03  -1.6263611000E-03   4.6370605000E-03   3.2065460000E-03   1.0508440000E-03
   44      2.0683383000E-03  -1.7324725000E-03  -4.8162527000E-03  -4.3464370000E-03  -3.9171533000E-03
   45     -1.3865662000E-03   2.4500494000E-03   5.0047414000E-03   1.1645044000E-03   1.5752563000E-03
   46     -6.6058380000E-03  -2.7810183000E-03  -5.4091018000E-03  -2.9083258000E-03  -1.0555095000E-03
   47     -2.5960862000E-03  -1.2839127000E-03  -9.4694022000E-03  -8.7279185000E-03  -1.3274027000E-03
                    5                  6                  7                  8                  9        
    0      9.3508225200E-02  -3.0210094300E-02  -8.1534278000E-03  -8.7535710000E-03   7.9088813000E-03
    1      4.2813566000E-03  -2.5874020600E-02   1.5279779000E-03  -2.6035033000E-03  -3.8833279000E-03
    2      1.2163943200E-02   1.5126977600E-02   1.3243995600E-02  -2.4094653000E-03  -1.3712537800E-02
    3      4.1767537000E-03  -1.0537036490E-01  -9.4244370100E-02   1.1720766100E-02  -4.0238477600E-02
    4     -1.9067437100E-02  -9.7133446700E-02  -2.5093871570E-01   1.9491949700E-02  -1.4173475300E-02
    5     -1.3083191900E-02  -3.1156329600E-02  -2.1833204800E-02  -2.5653811100E-02  -4.0473877000E-03
    6     -3.1156329600E-02   7.1756200080E-01   1.9315534000E-03  -4.2625095500E-02  -4.3244234380E-01
    7     -2.1833204800E-02   1.9315534000E-03   5.9275276660E-01  -3.0626995000E-03   1.7607380500E-02
    8     -2.5653811100E-02  -4.2625095500E-02  -3.0626995000E-03   3.7611016400E-02  -4.9436422400E-02
    9     -4.0473877000E-03  -4.3244234380E-01   1.7607380500E-02  -4.9436422400E-02   7.2188928120E-01
   10     -1.1020168000E-03  -1.6385045000E-03  -7.1155974500E-02  -4.0749561000E-03   1.8870455900E-02
   11      1.2045727600E-02   5.2023180800E-02  -2.2589751000E-03  -9.6957660000E-03  -1.9268790550E-01
   12     -3.0112392700E-02   2.2774126000E-03   4.1606773000E-03   2.3554048700E-02  -3.9730285000E-03
   13     -1.4691700400E-02   7.9518647000E-03  -4.2327040000E-03  -1.9522120300E-02  -2.0977715600E-02
   14     -2.1094329900E-02  -1.5566712200E-02   9.1590311000E-03   3.1758441600E-02   7.2072064200E-02
   15     -3.2585487200E-02  -2.6561047800E-02  -1.6603396900E-02   4.8075002600E-02   2.6087992900E-02
   16      3.0668600600E-02  -2.4738251000E-03   1.8086849000E-03   1.7258763900E-02   9.5355832000E-03
   17      5.5384083800E-02   2.3244658200E-02   1.5931192800E-02  -1.4404819000E-02   2.0214623100E-02
   18     -1.9103179000E-03  -4.7892395000E-03   2.4262917000E-03  -1.4817607000E-03  -8.5519130000E-04
   19      1.0421433000E-03  -1.7788478000E-03  -5.4758030000E-04   3.9470090000E-04  -1.1659460000E-04
   20      1.1654947000E-03  -1.3065590000E-04  -6.7975860000E-04   5.7661793000E-03  -2.0628092000E-03
   21     -1.0698295500E-02   2.6174408000E-03   8.2553550000E-04   2.2419050000E-03   9.3771630000E-04
   22      1.7310494000E-03  -4.2412100000E-05  -6.2706150000E-04  -3.3744440000E-04   1.8059740000E-04
   23      1.2027525200E-02   1.5262212000E-03   1.2196431000E-03  -4.9431748000E-03  -1.9952960000E-04
   24     -5.4797794000E-03   6.0507177000E-03  -1.0707648500E-02   2.6447500000E-05   5.0745910000E-04
   25      1.1521317800E-02   1.0677964300E-02  -2.6104004300E-02   1.5997041000E-03   9.5613190000E-04
   26     -2.9398521500E-02  -1.4197992000E-03   1.7181971000E-03   2.2335429000E-03   7.6638420000E-04
   27      3.8651370000E-04  -9.8935153800E-02   1.0792248580E-01   7.1450374000E-03  -2.2715058800E-02
   28     -9.4371460000E-04   1.0738266970E-01  -2.3853054960E-01  -1.2634535100E-02   4.7019504000E-03
   29      8.7196850000E-04   3.3199774000E-03  -1.4282903000E-02  -2.8519662700E-02   7.6318063000E-03
   30      5.8977827000E-03  -1.5576012100E-02  -2.7507519800E-02   6.6842600000E-03  -1.1888484600E-01
   31     -7.1178930000E-04  -8.4608300000E-05  -1.5975787000E-03  -1.7222996000E-03  -1.0601689040E-01
   32      1.0503810000E-02  -5.0645365000E-03   1.3460256000E-03   5.9957910000E-03   6.2845009100E-02
   33     -7.5282970000E-04  -1.7513923100E-02   2.3672103600E-02   1.2180166200E-02  -1.3568193050E-01
   34      3.9340510000E-04   2.5926927000E-03  -2.2305497000E-03   1.4548330000E-04   8.7350684800E-02
   35     -1.9845486000E-03  -6.0697799000E-03  -2.6336483000E-03   9.8910437000E-03   1.0459684350E-01
   36      1.1808145300E-02   2.3604302000E-03   1.6134497000E-03  -5.1603700000E-04   1.5160685000E-03
   37      5.5705759000E-03  -2.7483230000E-04  -6.4557470000E-04   2.7650365000E-03   2.6232142000E-03
   38      1.3073773200E-02   3.7554947000E-03   4.1496832000E-03  -5.7374119000E-03  -3.1919791000E-03
   39     -1.0101359000E-03  -5.7935460000E-04  -2.6405750000E-04  -1.5451980000E-03  -1.0108507000E-03
   40     -3.4440001000E-03  -4.1349600000E-04  -2.3383620000E-04  -8.9242310000E-04  -4.1922850000E-04
   41     -2.0259944900E-02   2.8612646000E-03  -1.1127630000E-03  -1.1634527400E-02  -7.4089448000E-03
   42     -1.3951021000E-03   6.3420560000E-04  -9.7469370000E-04  -6.9309028000E-03  -4.3295231000E-03
   43     -1.2556970000E-03   1.7186578000E-03  -1.0602588000E-03  -4.7405345000E-03  -3.1155320000E-03
   44     -4.2412282000E-03  -2.0579000000E-05  -1.9941380000E-04   6.2026089000E-03   3.1024965000E-03
   45      3.3706370000E-03   4.7532610000E-04  -1.7043632000E-03  -3.3864610000E-04   1.2838508000E-03
   46      7.8411115000E-03  -2.5414091000E-03   1.8149587000E-03   7.9348776000E-03   6.8767659000E-03
   47     -1.5207502000E-03   1.9571350000E-04  -7.0440250000E-04   3.5400143000E-03   1.5182891000E-03
                   10                 11                 12                 13                 14        
    0     -1.2898479000E-03  -3.1264820000E-04   3.1220740000E-03  -1.9762130000E-04   1.6050470000E-04
    1     -2.6648821000E-03   2.0546621000E-03  -1.6891244000E-03  -3.2077308000E-03   6.9865460000E-04
    2      1.1286821000E-03   1.2155496700E-02  -1.0187817200E-02  -9.9253057000E-03   5.5905144000E-03
    3     -2.5692537200E-02   6.5957330000E-03  -2.2821092600E-02  -1.2800022700E-02  -1.6634059900E-02
    4     -8.3975130000E-04   7.9562310000E-04  -1.6810850300E-02  -2.4656910000E-04  -1.6935652400E-02
    5     -1.1020168000E-03   1.2045727600E-02  -3.0112392700E-02  -1.4691700400E-02  -2.1094329900E-02
    6     -1.6385045000E-03   5.2023180800E-02   2.2774126000E-03   7.9518647000E-03  -1.5566712200E-02
    7     -7.1155974500E-02  -2.2589751000E-03   4.1606773000E-03  -4.2327040000E-03   9.1590311000E-03
    8     -4.0749561000E-03  -9.6957660000E-03   2.3554048700E-02  -1.9522120300E-02   3.1758441600E-02
    9      1.8870455900E-02  -1.9268790550E-01  -3.9730285000E-03  -2.0977715600E-02   7.2072064200E-02
   10      3.4867642280E-01   1.5810930500E-02  -1.7367223000E-03   5.4902489000E-03   6.8061983000E-03
   11      1.5810930500E-02   2.0475832230E-01   1.8864858000E-02   1.0242190600E-02  -4.8116865000E-02
   12     -1.7367223000E-03   1.8864858000E-02   5.0106871660E-01   2.7885695800E-02   1.2963787790E-01
   13      5.4902489000E-03   1.0242190600E-02   2.7885695800E-02   2.1143933760E-01  -3.8786933400E-02
   14      6.8061983000E-03  -4.8116865000E-02   1.2963787790E-01  -3.8786933400E-02   2.7740115050E-01
   15     -1.3855793000E-03  -1.1335865200E-02  -3.0846486960E-01  -6.2185665300E-02  -4.9394946300E-02
   16     -1.8350437000E-03  -6.8935269000E-03  -8.3108283100E-02  -7.6599987900E-02  -2.1414426000E-02
   17      2.1228322000E-03  -2.2418448500E-02   3.4668086700E-02   1.4737923700E-02  -4.1922387200E-02
   18     -1.0618940000E-04  -3.9476790000E-04   5.5277870000E-04   9.8841250000E-04  -5.4342930000E-04
   19      1.8352110000E-04   1.4344600000E-05  -7.8570100000E-05  -2.1689770000E-04   8.2083370000E-04
   20     -1.9076733000E-03   6.3315750000E-04   1.4885139000E-03   1.2190974000E-03   3.6463145000E-03
   21     -1.2642635000E-03   4.7120410000E-04   6.1400780000E-04   4.4336840000E-04   4.2588800000E-04
   22      1.0504745000E-03   2.9570140000E-04  -6.6469500000E-05  -3.3735400000E-04  -4.0326930000E-04
   23      1.4975738000E-03  -3.0954800000E-04   5.9591490000E-04  -1.2494445000E-03  -1.6027050000E-03
   24     -5.1292450000E-04   3.3226900000E-05  -2.5270040000E-04  -5.5243620000E-04   8.9490900000E-04
   25      2.2852277000E-03  -5.5849020000E-04   1.0331970000E-04  -1.0248753000E-03  -4.7730600000E-05
   26     -1.6657484000E-03  -1.3820452000E-03   4.8773040000E-04   1.1927088000E-03  -4.8716830000E-04
   27      2.2701789000E-02   7.6625450000E-03  -1.1416464000E-03   1.8107103000E-03  -2.3114296000E-03
   28      9.8108110000E-04  -1.6685447000E-03   7.3820550000E-04  -1.6484995000E-03   1.5657474000E-03
   29     -2.9849566000E-03   5.2790370000E-04  -3.1618138000E-03   4.9290110000E-03  -7.5533196000E-03
   30     -9.8511805600E-02   4.6123957100E-02  -5.9097400000E-04   2.6464380000E-04  -1.3221905000E-03
   31     -1.6839841960E-01   5.9140922600E-02   5.0470550000E-04  -1.3443767000E-03   2.8856180000E-04
   32      6.6943291500E-02  -5.8955656500E-02  -8.6000600000E-04  -1.0808545000E-03  -6.8063592000E-03
   33      8.8623110400E-02   8.0531787600E-02  -1.1926675000E-03   1.5654460000E-03  -2.3599368000E-03
   34     -1.0805898890E-01  -7.4313856900E-02  -1.2234450000E-04  -1.7822438000E-03   1.6847060000E-03
   35     -8.3416659600E-02  -9.7118736600E-02  -1.1952415000E-03   5.7181789000E-03  -1.0130246000E-02
   36     -3.1250400000E-05  -2.0822094000E-03  -3.5273544900E-02   1.2369853400E-02   1.0408529000E-02
   37     -2.0625485000E-03  -1.3248842000E-03  -1.0149926700E-02   4.2029729000E-03   1.4699782000E-03
   38      7.3189340000E-04   1.9121952000E-03   1.8916917000E-03  -5.1023829000E-03   8.4605101000E-03
   39      1.3178084000E-03  -1.5373251000E-03  -1.5834507600E-02  -3.1684450800E-02   3.1089138000E-03
   40     -1.1564015000E-03   8.3872000000E-06  -6.2889058000E-03  -9.6134735000E-03   1.2845535000E-03
   41     -1.3927122000E-03   1.5019473000E-03  -5.7031761000E-03  -2.7501710000E-04   6.8163465000E-03
   42      2.2550039000E-03  -1.6345491000E-03  -1.0552321740E-01   6.2532676100E-02  -1.2828386530E-01
   43     -6.3213500000E-05  -1.5563426000E-03   8.0269130300E-02  -4.4164992600E-02   1.1706291450E-01
   44     -2.1049915000E-03   2.4692378000E-03  -1.5744127650E-01   1.1162831150E-01  -1.5483180380E-01
   45     -1.5985430000E-03  -2.3212220000E-03  -1.2566740800E-02   1.2585240700E-02  -2.9211670000E-04
   46     -2.4317525000E-03   2.1185860000E-04   6.3894626000E-03  -7.6712854500E-02  -6.3253167400E-02
   47      3.6083128000E-03   1.9930778000E-03  -2.5269982000E-03  -5.9033663000E-02  -4.1128093600E-02
                   15                 16                 17                 18                 19        
    0      6.8273862000E-03  -1.9311709200E-02  -6.5035786000E-02  -1.4671086440E-01  -1.1417060150E-01
    1      1.1860115000E-03   3.6196550000E-04   7.2737708000E-03  -1.0971659890E-01  -1.5310418820E-01
    2      2.6398519800E-02   4.1793835000E-03  -1.1071874200E-02  -4.0277432800E-02  -4.3277976600E-02
    3      2.3642546900E-02   1.2536602700E-02   4.0859825600E-02  -1.7150474600E-02   7.7928900000E-05
    4      3.6581793000E-03  -1.0161673000E-03   1.8935041000E-03  -2.7291363500E-02   1.7075250000E-04
    5     -3.2585487200E-02   3.0668600600E-02   5.5384083800E-02  -1.9103179000E-03   1.0421433000E-03
    6     -2.6561047800E-02  -2.4738251000E-03   2.3244658200E-02  -4.7892395000E-03  -1.7788478000E-03
    7     -1.6603396900E-02   1.8086849000E-03   1.5931192800E-02   2.4262917000E-03  -5.4758030000E-04
    8      4.8075002600E-02   1.7258763900E-02  -1.4404819000E-02  -1.4817607000E-03   3.9470090000E-04
    9      2.6087992900E-02   9.5355832000E-03   2.0214623100E-02  -8.5519130000E-04  -1.1659460000E-04
   10     -1.3855793000E-03  -1.8350437000E-03   2.1228322000E-03  -1.0618940000E-04   1.8352110000E-04
   11     -1.1335865200E-02  -6.8935269000E-03  -2.2418448500E-02  -3.9476790000E-04   1.4344600000E-05
   12     -3.0846486960E-01  -8.3108283100E-02   3.4668086700E-02   5.5277870000E-04  -7.8570100000E-05
   13     -6.2185665300E-02  -7.6599987900E-02   1.4737923700E-02   9.8841250000E-04  -2.1689770000E-04
   14     -4.9394946300E-02  -2.1414426000E-02  -4.1922387200E-02  -5.4342930000E-04   8.2083370000E-04
   15      4.8657824520E-01   8.1618471800E-02  -1.3495400010E-01  -1.0924620000E-03   5.8903930000E-04
   16      8.1618471800E-02   3.7644980030E-01  -5.9164529000E-02  -2.9849650000E-04  -9.5759940000E-04
   17     -1.3495400010E-01  -5.9164529000E-02   2.6653113670E-01  -1.5034799000E-03   1.2986180000E-04
   18     -1.0924620000E-03  -2.9849650000E-04  -1.5034799000E-03   1.5356033770E-01   1.2765042040E-01
   19      5.8903930000E-04  -9.5759940000E-04   1.2986180000E-04   1.2765042040E-01   2.1717651280E-01
   20      3.6301531000E-03   2.0184147000E-03   4.8207570000E-04   4.5754497500E-02   3.0052111100E-02
   21     -2.2079546000E-03   4.9403070000E-04   1.2861640000E-04   1.3891852600E-02  -1.0532740900E-02
   22     -1.2680910000E-04  -1.1680008000E-03  -1.7280566000E-03   5.6655056000E-03  -6.8965782000E-02
   23      4.1593275000E-03  -3.3136845000E-03  -8.9662173000E-03  -7.9732180000E-04   1.2366722800E-02
   24     -6.2580310000E-04   1.5357162000E-03   2.7173049000E-03   2.9616737000E-03   2.7310260000E-04
   25      5.2705580000E-04  -1.5819721000E-03  -2.4489630000E-03  -6.4229650000E-04   5.6039550000E-04
   26      3.0709033000E-03  -3.0701951000E-03  -7.4915383000E-03   1.3470722000E-03  -1.7772270000E-04
   27     -3.8162280000E-04  -3.9309960000E-04  -4.6459290000E-04  -8.9025030000E-04  -4.9497430000E-04
   28     -1.9904100000E-04  -1.3153863000E-03  -9.8950090000E-04   2.6028860000E-04  -2.0621760000E-04
   29     -1.8284376000E-03  -1.1918909000E-03  -1.0926033000E-03   1.5280720000E-04  -8.0798260000E-04
   30     -1.0084237000E-03   2.7797800000E-04  -1.9254867000E-03  -2.0672363000E-03   6.9568850000E-04
   31      3.2966430000E-04  -9.5584500000E-04  -1.1110000000E-07   6.7994910000E-04   2.6634060000E-04
   32     -4.9375347000E-03  -3.1418490000E-03  -1.6402740000E-03  -6.5693880000E-04   3.4290310000E-04
   33     -1.3173220000E-04  -5.4331970000E-04  -2.2101043000E-03   3.4329650000E-04  -1.3153991000E-03
   34      1.5114228000E-03  -9.0882630000E-04   8.3282700000E-05   1.0007330000E-03   6.3471930000E-04
   35     -5.0614448000E-03  -1.1383559000E-03  -5.3403296000E-03  -8.3309980000E-04  -5.0749280000E-04
   36     -1.1332759780E-01   5.8968596800E-02   9.6649044800E-02   1.1147000000E-06   8.4163220000E-04
   37      6.5417504700E-02  -7.2336226900E-02  -7.4155483600E-02  -1.0188635000E-03   1.0081898000E-03
   38      1.2006323270E-01  -6.8544835700E-02  -1.3685881980E-01   2.0593570000E-04   2.8937450000E-04
   39     -4.0190004700E-02  -3.4383028400E-02   1.9524178500E-02   1.6311604000E-03  -9.9875190000E-04
   40     -4.2189228900E-02  -2.0622302310E-01   1.0862829260E-01  -4.5632480000E-04   7.4559390000E-04
   41      3.0670991200E-02   1.1685977230E-01  -7.6903297300E-02   3.7849570000E-04  -6.9529800000E-05
   42     -3.8282586700E-02   7.1304383000E-03  -1.3407403400E-02   1.7185300000E-03  -1.7834255000E-03
   43     -1.7277087000E-02   1.5052267000E-03  -4.8889681000E-03   3.8324420000E-04   1.7280323000E-03
   44      7.4301878000E-03   4.1412233000E-03   2.7968017000E-03   2.7069620000E-04  -5.9124870000E-04
   45     -1.0862066000E-02  -3.1585656000E-02  -1.8505485000E-02  -1.1050259000E-03   1.1420938000E-03
   46     -1.4870541900E-02  -1.5227598600E-02  -7.4250483000E-03   4.7528790000E-04   1.5242074000E-03
   47     -3.4006020000E-03  -7.2528652000E-03   2.9165106000E-03   2.8904450000E-04  -2.1042500000E-05
                   20                 21                 22                 23                 24        
    0     -5.4097258700E-02  -1.3470257650E-01   9.1096790700E-02  -9.5751774000E-02  -2.1208454000E-02
    1     -5.0461022500E-02   9.3207905400E-02  -1.2133698730E-01   8.3431951800E-02   2.3230631600E-02
    2     -4.9403472200E-02  -7.4861892300E-02   7.4462757700E-02  -9.0817087800E-02  -6.5435995000E-03
    3      4.5886296000E-03  -1.8213890500E-02   4.6866845000E-03   6.7004070000E-03  -9.8108885800E-02
    4      2.7192836000E-03   2.4136027800E-02  -3.3274990000E-03   8.0574370000E-04   1.0634039690E-01
    5      1.1654947000E-03  -1.0698295500E-02   1.7310494000E-03   1.2027525200E-02  -5.4797794000E-03
    6     -1.3065590000E-04   2.6174408000E-03  -4.2412100000E-05   1.5262212000E-03   6.0507177000E-03
    7     -6.7975860000E-04   8.2553550000E-04  -6.2706150000E-04   1.2196431000E-03  -1.0707648500E-02
    8      5.7661793000E-03   2.2419050000E-03  -3.3744440000E-04  -4.9431748000E-03   2.6447500000E-05
    9     -2.0628092000E-03   9.3771630000E-04   1.8059740000E-04  -1.9952960000E-04   5.0745910000E-04
   10     -1.9076733000E-03  -1.2642635000E-03   1.0504745000E-03   1.4975738000E-03  -5.1292450000E-04
   11      6.3315750000E-04   4.7120410000E-04   2.9570140000E-04  -3.0954800000E-04   3.3226900000E-05
   12      1.4885139000E-03   6.1400780000E-04  -6.6469500000E-05   5.9591490000E-04  -2.5270040000E-04
   13      1.2190974000E-03   4.4336840000E-04  -3.3735400000E-04  -1.2494445000E-03  -5.5243620000E-04
   14      3.6463145000E-03   4.2588800000E-04  -4.0326930000E-04  -1.6027050000E-03   8.9490900000E-04
   15      3.6301531000E-03  -2.2079546000E-03  -1.2680910000E-04   4.1593275000E-03  -6.2580310000E-04
   16      2.0184147000E-03   4.9403070000E-04  -1.1680008000E-03  -3.3136845000E-03   1.5357162000E-03
   17      4.8207570000E-04   1.2861640000E-04  -1.7280566000E-03  -8.9662173000E-03   2.7173049000E-03
   18      4.5754497500E-02   1.3891852600E-02   5.6655056000E-03  -7.9732180000E-04   2.9616737000E-03
   19      3.0052111100E-02  -1.0532740900E-02  -6.8965782000E-02   1.2366722800E-02   2.7310260000E-04
   20      2.7061313900E-02   1.8494894000E-03   1.6074560000E-02   1.6068770200E-02   4.0062310000E-04
   21      1.8494894000E-03   1.3917849800E-01  -1.0328311580E-01   8.3196165400E-02  -5.2333023000E-03
   22      1.6074560000E-02  -1.0328311580E-01   1.8977170800E-01  -9.1523577200E-02   3.4664071000E-03
   23      1.6068770200E-02   8.3196165400E-02  -9.1523577200E-02   6.8415288700E-02   2.6740984000E-03
   24      4.0062310000E-04  -5.2333023000E-03   3.4664071000E-03   2.6740984000E-03   1.1607079310E-01
   25     -7.1130990000E-04  -5.2811700000E-04  -4.1760540000E-04  -4.1232320000E-04  -1.1951782080E-01
   26     -4.5602484000E-03  -2.8094820000E-03   2.1458603000E-03   7.7248778000E-03   5.2061315000E-03
   27      1.7863230000E-04   7.9144100000E-04  -6.0393090000E-04  -1.4494430000E-04  -1.1912343000E-03
   28     -3.9421760000E-04  -9.9200300000E-05  -2.3262830000E-04   2.9903660000E-04  -2.6603133000E-03
   29     -7.7672290000E-04   4.7654600000E-05  -4.8150690000E-04   7.3146220000E-04   1.9687670000E-04
   30      4.8394320000E-04   4.5688740000E-04   8.2565130000E-04   7.1977470000E-04  -8.7285070000E-04
   31     -3.4587470000E-04  -1.1968878000E-03   8.2397520000E-04   6.4868850000E-04  -4.8973490000E-04
   32     -3.9569090000E-04  -6.6607140000E-04   5.1221590000E-04   1.7060936000E-03  -1.8708630000E-04
   33      7.4766200000E-04  -3.7079430000E-04  -1.3888032000E-03   4.8125730000E-04   8.4675700000E-04
   34     -6.7202490000E-04  -1.3959065000E-03   4.7303880000E-04   8.0204260000E-04  -4.5491590000E-04
   35      1.8897194000E-03  -3.6446750000E-04  -7.8378800000E-04   7.7787000000E-05   1.1006340000E-04
   36     -1.2025827000E-03   8.2169440000E-04   9.1745530000E-04  -1.6656901000E-03  -3.8399930000E-04
   37      6.0050310000E-04   8.8759500000E-04   1.1021242000E-03  -1.9231984000E-03  -8.4203700000E-05
   38     -1.1677832000E-03   5.4164400000E-05   6.7077340000E-04  -2.4413620000E-04  -1.5471000000E-05
   39     -3.3237320000E-04  -8.7955000000E-05  -5.5774060000E-04  -1.0964950000E-03   8.5944120000E-04
   40      7.7678700000E-04   3.0017600000E-05   4.3372130000E-04   8.1991900000E-05   2.2371800000E-04
   41      8.4670420000E-04   3.8910020000E-04  -3.0653940000E-04  -3.0629610000E-04  -4.2890200000E-05
   42     -9.0376330000E-04   3.6988390000E-04  -1.7711665000E-03  -5.1245920000E-04   1.3858820000E-03
   43      1.0176926000E-03  -1.2774163000E-03   1.1313055000E-03  -3.6343600000E-05   1.4027580000E-04
   44      7.3696620000E-04   5.5114650000E-04  -1.2623743000E-03  -1.0625060000E-03   2.0704790000E-04
   45     -3.9270100000E-04   1.1370510000E-03   1.0013558000E-03   1.1504780000E-04  -8.0549380000E-04
   46      6.9343200000E-04  -4.4683230000E-04   1.6265710000E-03  -2.6948234000E-03  -2.3025050000E-04
   47     -1.9927779000E-03   4.4874700000E-05   9.3363820000E-04   1.4998664000E-03  -1.9790300000E-04
                   25                 26                 27                 28                 29        
    0      4.7605216000E-03  -4.4778685000E-03   5.0094150000E-04   9.1444700000E-04  -3.1840200000E-04
    1      1.9924620000E-04   2.5199274000E-03  -8.6307830000E-04   2.0471617000E-03   1.0888785000E-03
    2      1.4197684000E-03   2.4272134000E-03  -2.4683120000E-04   6.7239460000E-04   1.5985340000E-04
    3      1.0695471250E-01  -1.9715899000E-03   5.4627270000E-03   1.0181674800E-02   1.4427933000E-03
    4     -2.4042697260E-01   1.1125481800E-02  -1.0995035200E-02  -2.7421398300E-02   5.0213300000E-05
    5      1.1521317800E-02  -2.9398521500E-02   3.8651370000E-04  -9.4371460000E-04   8.7196850000E-04
    6      1.0677964300E-02  -1.4197992000E-03  -9.8935153800E-02   1.0738266970E-01   3.3199774000E-03
    7     -2.6104004300E-02   1.7181971000E-03   1.0792248580E-01  -2.3853054960E-01  -1.4282903000E-02
    8      1.5997041000E-03   2.2335429000E-03   7.1450374000E-03  -1.2634535100E-02  -2.8519662700E-02
    9      9.5613190000E-04   7.6638420000E-04  -2.2715058800E-02   4.7019504000E-03   7.6318063000E-03
   10      2.2852277000E-03  -1.6657484000E-03   2.2701789000E-02   9.8108110000E-04  -2.9849566000E-03
   11     -5.5849020000E-04  -1.3820452000E-03   7.6625450000E-03  -1.6685447000E-03   5.2790370000E-04
   12      1.0331970000E-04   4.8773040000E-04  -1.1416464000E-03   7.3820550000E-04  -3.1618138000E-03
   13     -1.0248753000E-03   1.1927088000E-03   1.8107103000E-03  -1.6484995000E-03   4.9290110000E-03
   14     -4.7730600000E-05  -4.8716830000E-04  -2.3114296000E-03   1.5657474000E-03  -7.5533196000E-03
   15      5.2705580000E-04   3.0709033000E-03  -3.8162280000E-04  -1.9904100000E-04  -1.8284376000E-03
   16     -1.5819721000E-03  -3.0701951000E-03  -3.9309960000E-04  -1.3153863000E-03  -1.1918909000E-03
   17     -2.4489630000E-03  -7.4915383000E-03  -4.6459290000E-04  -9.8950090000E-04  -1.0926033000E-03
   18     -6.4229650000E-04   1.3470722000E-03  -8.9025030000E-04   2.6028860000E-04   1.5280720000E-04
   19      5.6039550000E-04  -1.7772270000E-04  -4.9497430000E-04  -2.0621760000E-04  -8.0798260000E-04
   20     -7.1130990000E-04  -4.5602484000E-03   1.7863230000E-04  -3.9421760000E-04  -7.7672290000E-04
   21     -5.2811700000E-04  -2.8094820000E-03   7.9144100000E-04  -9.9200300000E-05   4.7654600000E-05
   22     -4.1760540000E-04   2.1458603000E-03  -6.0393090000E-04  -2.3262830000E-04  -4.8150690000E-04
   23     -4.1232320000E-04   7.7248778000E-03  -1.4494430000E-04   2.9903660000E-04   7.3146220000E-04
   24     -1.1951782080E-01   5.2061315000E-03  -1.1912343000E-03  -2.6603133000E-03   1.9687670000E-04
   25      2.6799533040E-01  -1.0832697900E-02  -2.5698546000E-03  -3.5630584000E-03   1.1131200000E-04
   26     -1.0832697900E-02   2.7611361500E-02  -9.1055000000E-06   5.1396420000E-04   2.8310329000E-03
   27     -2.5698546000E-03  -9.1055000000E-06   1.1941985970E-01  -1.1937596550E-01  -9.3510933000E-03
   28     -3.5630584000E-03   5.1396420000E-04  -1.1937596550E-01   2.6674870280E-01   1.2139910200E-02
   29      1.1131200000E-04   2.8310329000E-03  -9.3510933000E-03   1.2139910200E-02   2.9470345800E-02
   30      1.5750140000E-04  -3.8059910000E-04   2.8855857000E-03  -8.3121780000E-04  -2.1766054000E-03
   31     -1.9408050000E-04   8.5375180000E-04   3.2925140000E-04   5.7003180000E-04  -9.3065700000E-05
   32      1.2341360000E-04  -1.2304857000E-03  -1.2786290000E-03   6.4107990000E-04  -5.1630023000E-03
   33     -1.2353300000E-05   5.3312600000E-05  -5.0828203000E-03  -4.7737230000E-04   4.1166622000E-03
   34     -2.8456660000E-04   5.4897710000E-04   3.3555067000E-03  -2.5028740000E-04  -1.9136801000E-03
   35     -2.3710880000E-04   1.2700801000E-03  -1.2836295000E-03   5.8573800000E-04   8.0472208000E-03
   36     -4.8740250000E-04  -3.2032330000E-04   8.8072450000E-04  -6.3434200000E-05  -1.7324220000E-04
   37      6.2116650000E-04  -2.0770627000E-03   5.6664200000E-05   5.1013780000E-04   8.6066690000E-04
   38      4.1082160000E-04  -1.7761800000E-03  -3.4199290000E-04   4.2602310000E-04   1.0930303000E-03
   39      2.7716000000E-05   3.9710730000E-04  -1.3048250000E-04  -2.0231810000E-04  -3.3649610000E-04
   40      8.5141810000E-04  -1.1152359000E-03  -4.8391960000E-04   8.0479420000E-04   8.6607410000E-04
   41      1.6641790000E-04   1.7443651000E-03   4.3610040000E-04  -4.9538780000E-04  -2.9824510000E-04
   42      6.1546100000E-05   2.4289090000E-04  -5.0964820000E-04  -3.5508390000E-04   4.1304150000E-04
   43      4.8161450000E-04  -1.4958146000E-03  -9.3405300000E-05   5.6368720000E-04   2.4588663000E-03
   44     -8.2822730000E-04   1.3273605000E-03   7.9539500000E-05  -8.6183170000E-04  -1.8371473000E-03
   45     -4.6862450000E-04  -1.8276480000E-04   1.0366380000E-03   8.4710600000E-05   2.4471200000E-05
   46      6.0273630000E-04  -1.8439130000E-04  -3.0314410000E-04   9.4242890000E-04  -7.4894640000E-04
   47      7.2409560000E-04  -8.4364680000E-04  -4.5612020000E-04   1.1438387000E-03   1.5078857000E-03
                   30                 31                 32                 33                 34        
    0     -1.5418546000E-03  -1.1288300000E-04   5.5014790000E-04   1.6338660000E-04  -2.8129350000E-04
    1      2.4682720000E-04   6.4527100000E-05   2.3984006000E-03  -1.4149716000E-03   4.4529850000E-04
    2     -4.8003500000E-05   6.8086830000E-04   5.6507180000E-04  -5.2501450000E-04  -7.2887530000E-04
    3     -4.9027269000E-03  -1.4131361000E-03   2.8578358000E-03   1.5760658000E-03  -5.6653470000E-04
    4      1.1355030000E-03  -7.3605600000E-05   7.1819490000E-04   3.4985890000E-04  -5.0619710000E-04
    5      5.8977827000E-03  -7.1178930000E-04   1.0503810000E-02  -7.5282970000E-04   3.9340510000E-04
    6     -1.5576012100E-02  -8.4608300000E-05  -5.0645365000E-03  -1.7513923100E-02   2.5926927000E-03
    7     -2.7507519800E-02  -1.5975787000E-03   1.3460256000E-03   2.3672103600E-02  -2.2305497000E-03
    8      6.6842600000E-03  -1.7222996000E-03   5.9957910000E-03   1.2180166200E-02   1.4548330000E-04
    9     -1.1888484600E-01  -1.0601689040E-01   6.2845009100E-02  -1.3568193050E-01   8.7350684800E-02
   10     -9.8511805600E-02  -1.6839841960E-01   6.6943291500E-02   8.8623110400E-02  -1.0805898890E-01
   11      4.6123957100E-02   5.9140922600E-02  -5.8955656500E-02   8.0531787600E-02  -7.4313856900E-02
   12     -5.9097400000E-04   5.0470550000E-04  -8.6000600000E-04  -1.1926675000E-03  -1.2234450000E-04
   13      2.6464380000E-04  -1.3443767000E-03  -1.0808545000E-03   1.5654460000E-03  -1.7822438000E-03
   14     -1.3221905000E-03   2.8856180000E-04  -6.8063592000E-03  -2.3599368000E-03   1.6847060000E-03
   15     -1.0084237000E-03   3.2966430000E-04  -4.9375347000E-03  -1.3173220000E-04   1.5114228000E-03
   16      2.7797800000E-04  -9.5584500000E-04  -3.1418490000E-03  -5.4331970000E-04  -9.0882630000E-04
   17     -1.9254867000E-03  -1.1110000000E-07  -1.6402740000E-03  -2.2101043000E-03   8.3282700000E-05
   18     -2.0672363000E-03   6.7994910000E-04  -6.5693880000E-04   3.4329650000E-04   1.0007330000E-03
   19      6.9568850000E-04   2.6634060000E-04   3.4290310000E-04  -1.3153991000E-03   6.3471930000E-04
   20      4.8394320000E-04  -3.4587470000E-04  -3.9569090000E-04   7.4766200000E-04  -6.7202490000E-04
   21      4.5688740000E-04  -1.1968878000E-03  -6.6607140000E-04  -3.7079430000E-04  -1.3959065000E-03
   22      8.2565130000E-04   8.2397520000E-04   5.1221590000E-04  -1.3888032000E-03   4.7303880000E-04
   23      7.1977470000E-04   6.4868850000E-04   1.7060936000E-03   4.8125730000E-04   8.0204260000E-04
   24     -8.7285070000E-04  -4.8973490000E-04  -1.8708630000E-04   8.4675700000E-04  -4.5491590000E-04
   25      1.5750140000E-04  -1.9408050000E-04   1.2341360000E-04  -1.2353300000E-05  -2.8456660000E-04
   26     -3.8059910000E-04   8.5375180000E-04  -1.2304857000E-03   5.3312600000E-05   5.4897710000E-04
   27      2.8855857000E-03   3.2925140000E-04  -1.2786290000E-03  -5.0828203000E-03   3.3555067000E-03
   28     -8.3121780000E-04   5.7003180000E-04   6.4107990000E-04  -4.7737230000E-04  -2.5028740000E-04
   29     -2.1766054000E-03  -9.3065700000E-05  -5.1630023000E-03   4.1166622000E-03  -1.9136801000E-03
   30      1.2550715000E-01   1.1346582110E-01  -5.5905060400E-02   1.3961843000E-02   1.0980476100E-02
   31      1.1346582110E-01   2.3523097700E-01  -5.1654885700E-02  -4.7464663000E-03  -7.0578836100E-02
   32     -5.5905060400E-02  -5.1654885700E-02   3.6329900600E-02   2.2596920000E-04  -1.3520391900E-02
   33      1.3961843000E-02  -4.7464663000E-03   2.2596920000E-04   1.4083667800E-01  -1.0307709900E-01
   34      1.0980476100E-02  -7.0578836100E-02  -1.3520391900E-02  -1.0307709900E-01   1.7745764020E-01
   35      1.6701389000E-03  -7.5215170000E-03   1.7641503200E-02  -9.2392929100E-02   8.7970216900E-02
   36      1.2157192000E-03  -1.3338032000E-03   7.2706260000E-04   3.3049610000E-04  -1.4221122000E-03
   37      4.7168070000E-04   1.6204202000E-03  -8.3121920000E-04  -1.1162946000E-03   1.3311904000E-03
   38     -1.3321820000E-04   6.8504660000E-04   1.3305502000E-03  -4.8572170000E-04   6.5867180000E-04
   39     -4.7330260000E-04   4.3164010000E-04   7.4102020000E-04   1.3716889000E-03   4.1184270000E-04
   40     -6.7002500000E-05   2.0700901000E-03  -4.0692500000E-04  -7.8161570000E-04   2.2133677000E-03
   41      3.6010370000E-04  -2.0327840000E-04  -1.9158330000E-04   6.0622560000E-04  -5.6647070000E-04
   42     -6.9221700000E-05   1.0801292000E-03   1.2463310000E-03   1.1943007000E-03   1.5133696000E-03
   43     -1.0744881000E-03   1.4319105000E-03  -3.3581980000E-04   9.2006830000E-04   2.0155796000E-03
   44      2.2922490000E-04  -9.9815710000E-04  -5.7844460000E-04   3.5536880000E-04  -1.1373215000E-03
   45      1.9602632000E-03  -1.4267507000E-03   3.6248750000E-04  -6.5064460000E-04  -1.3965220000E-03
   46     -5.2973720000E-04   1.0644700000E-03  -2.0535798000E-03  -2.5689230000E-04   2.9661400000E-05
   47     -2.7802160000E-04   9.5313910000E-04   8.8877600000E-04  -5.7187540000E-04   5.6583600000E-04
                   35                 36                 37                 38                 39        
    0     -5.9594380000E-04  -6.1175882000E-03  -4.6364644000E-03  -6.3019304000E-03   2.1875810000E-03
    1     -9.6535580000E-04   9.7303560000E-04   1.7589723000E-03  -1.2514905000E-03   2.0696928000E-03
    2      1.7181171000E-03  -2.1315254000E-03   2.1792253000E-03  -5.5357878000E-03   4.9833623000E-03
    3     -7.4822110000E-04  -4.1230860000E-04   1.8335935000E-03  -5.7532090000E-04   2.2121496000E-03
    4     -6.6235350000E-04   1.1722266000E-03  -5.2180010000E-04   1.3010361000E-03  -1.1191141000E-03
    5     -1.9845486000E-03   1.1808145300E-02   5.5705759000E-03   1.3073773200E-02  -1.0101359000E-03
    6     -6.0697799000E-03   2.3604302000E-03  -2.7483230000E-04   3.7554947000E-03  -5.7935460000E-04
    7     -2.6336483000E-03   1.6134497000E-03  -6.4557470000E-04   4.1496832000E-03  -2.6405750000E-04
    8      9.8910437000E-03  -5.1603700000E-04   2.7650365000E-03  -5.7374119000E-03  -1.5451980000E-03
    9      1.0459684350E-01   1.5160685000E-03   2.6232142000E-03  -3.1919791000E-03  -1.0108507000E-03
   10     -8.3416659600E-02  -3.1250400000E-05  -2.0625485000E-03   7.3189340000E-04   1.3178084000E-03
   11     -9.7118736600E-02  -2.0822094000E-03  -1.3248842000E-03   1.9121952000E-03  -1.5373251000E-03
   12     -1.1952415000E-03  -3.5273544900E-02  -1.0149926700E-02   1.8916917000E-03  -1.5834507600E-02
   13      5.7181789000E-03   1.2369853400E-02   4.2029729000E-03  -5.1023829000E-03  -3.1684450800E-02
   14     -1.0130246000E-02   1.0408529000E-02   1.4699782000E-03   8.4605101000E-03   3.1089138000E-03
   15     -5.0614448000E-03  -1.1332759780E-01   6.5417504700E-02   1.2006323270E-01  -4.0190004700E-02
   16     -1.1383559000E-03   5.8968596800E-02  -7.2336226900E-02  -6.8544835700E-02  -3.4383028400E-02
   17     -5.3403296000E-03   9.6649044800E-02  -7.4155483600E-02  -1.3685881980E-01   1.9524178500E-02
   18     -8.3309980000E-04   1.1147000000E-06  -1.0188635000E-03   2.0593570000E-04   1.6311604000E-03
   19     -5.0749280000E-04   8.4163220000E-04   1.0081898000E-03   2.8937450000E-04  -9.9875190000E-04
   20      1.8897194000E-03  -1.2025827000E-03   6.0050310000E-04  -1.1677832000E-03  -3.3237320000E-04
   21     -3.6446750000E-04   8.2169440000E-04   8.8759500000E-04   5.4164400000E-05  -8.7955000000E-05
   22     -7.8378800000E-04   9.1745530000E-04   1.1021242000E-03   6.7077340000E-04  -5.5774060000E-04
   23      7.7787000000E-05  -1.6656901000E-03  -1.9231984000E-03  -2.4413620000E-04  -1.0964950000E-03
   24      1.1006340000E-04  -3.8399930000E-04  -8.4203700000E-05  -1.5471000000E-05   8.5944120000E-04
   25     -2.3710880000E-04  -4.8740250000E-04   6.2116650000E-04   4.1082160000E-04   2.7716000000E-05
   26      1.2700801000E-03  -3.2032330000E-04  -2.0770627000E-03  -1.7761800000E-03   3.9710730000E-04
   27     -1.2836295000E-03   8.8072450000E-04   5.6664200000E-05  -3.4199290000E-04  -1.3048250000E-04
   28      5.8573800000E-04  -6.3434200000E-05   5.1013780000E-04   4.2602310000E-04  -2.0231810000E-04
   29      8.0472208000E-03  -1.7324220000E-04   8.6066690000E-04   1.0930303000E-03  -3.3649610000E-04
   30      1.6701389000E-03   1.2157192000E-03   4.7168070000E-04  -1.3321820000E-04  -4.7330260000E-04
   31     -7.5215170000E-03  -1.3338032000E-03   1.6204202000E-03   6.8504660000E-04   4.3164010000E-04
   32      1.7641503200E-02   7.2706260000E-04  -8.3121920000E-04   1.3305502000E-03   7.4102020000E-04
   33     -9.2392929100E-02   3.3049610000E-04  -1.1162946000E-03  -4.8572170000E-04   1.3716889000E-03
   34      8.7970216900E-02  -1.4221122000E-03   1.3311904000E-03   6.5867180000E-04   4.1184270000E-04
   35      7.3181505500E-02   1.8011400000E-04   6.4873080000E-04  -8.5555360000E-04   8.1215320000E-04
   36      1.8011400000E-04   1.4926114460E-01  -8.6989055000E-02  -1.1750480110E-01   4.9506595000E-03
   37      6.4873080000E-04  -8.6989055000E-02   1.1879737080E-01   7.3136987400E-02   3.2908838600E-02
   38     -8.5555360000E-04  -1.1750480110E-01   7.3136987400E-02   1.1394282800E-01   4.5511190000E-03
