
$orca_hessian_file

$act_atom
  0

$act_coord
  0

$act_energy
      -21.356929

$multiplicity
  1

$hessian
48
                    0                  1                  2                  3                  4        
    0      6.6269012060E-01   3.9443557800E-02   2.0658230170E-01  -3.2597432640E-01   1.9040789200E-02
    1      3.9443557800E-02   2.3049406000E-01  -2.1426932000E-02  -8.1787694000E-03  -5.7675918000E-02
    2      2.0658230170E-01  -2.1426932000E-02   1.3839418460E-01  -6.3824581600E-02  -5.3929037000E-03
    3     -3.2597432640E-01  -8.1787694000E-03  -6.3824581600E-02   6.0273399920E-01   2.5037741600E-02
    4      1.9040789200E-02  -5.7675918000E-02  -5.3929037000E-03   2.5037741600E-02   6.4228964050E-01
    5      1.1504769050E-01   1.7320081000E-03  -4.1009547600E-02  -1.2389659700E-02  -3.2630119000E-03
    6     -3.5278568600E-02  -2.6807556800E-02  -5.2659310000E-03  -1.2170883940E-01  -1.2579092340E-01
    7     -6.7575475000E-03  -1.7381030000E-04   1.5106672000E-03  -1.2466988550E-01  -3.0089460900E-01
    8      1.0236866600E-02   2.0312362000E-03   8.3757810000E-03   2.1501481200E-02   2.1297469200E-02
    9      4.1621811000E-03  -2.6514291000E-03  -2.5070679400E-02  -4.2353176500E-02  -1.0607392600E-02
   10     -1.3635885000E-03  -2.4691268000E-03  -2.6330907000E-03  -2.5281848100E-02  -1.1147741000E-03
   11      2.1852957300E-02   6.0515907000E-03   2.1461848400E-02   8.5551539000E-03   1.7196238000E-03
   12      3.6212106300E-02   3.2928083000E-03   1.7487367700E-02  -1.7816368700E-02  -1.6492913800E-02
   13      1.0804732800E-02  -6.9014930000E-04   7.7409700000E-04  -1.0524401400E-02  -1.7283714000E-03
   14     -4.1238227200E-02  -8.0362726000E-03  -1.1393701800E-02  -2.0509964200E-02  -2.1087456800E-02
   15     -1.7291882000E-03  -3.7069940000E-03  -1.1184025300E-02   1.5304345000E-02   1.1223492400E-02
   16     -2.4512023800E-02   9.5250614000E-03   2.9353028000E-03   1.6989056100E-02  -1.1766664200E-02
   17     -1.3900122590E-01   4.6186061000E-03   3.3976260000E-04   6.8253576400E-02   5.7157481000E-03
   18     -1.5503637560E-01  -1.0475171140E-01  -4.7429270300E-02  -1.1414573600E-02  -2.7478225100E-02
   19     -1.3855040720E-01  -1.1999003730E-01  -6.2365062000E-02   3.5376179000E-03  -1.9521501000E-03
   20     -5.9132531800E-02  -5.7402545800E-02  -3.4837830200E-02   3.8084707000E-03   1.2762321000E-03
   21     -1.5365708480E-01   7.8399208900E-02  -8.6060141500E-02  -1.6532276900E-02   2.1882429700E-02
   22      1.0414195800E-01  -6.0681499100E-02   7.5970740900E-02  -1.2569692000E-03  -5.3072321000E-03
   23     -1.2178014010E-01   7.1202421800E-02  -8.2098262200E-02   1.1234841100E-02   8.5256940000E-04
   24     -2.4213263200E-02   1.8837128600E-02  -7.7099628000E-03  -9.9765832800E-02   1.0771216020E-01
   25      5.7323475000E-03   3.2482413000E-03   2.3656377000E-03   1.0619084820E-01  -2.3470689570E-01
   26     -7.6609133000E-03   5.2161287000E-03   5.1769288000E-03   3.0303968000E-03   4.2912136000E-03
   27      2.5364900000E-04  -4.2791400000E-05   5.7129050000E-04   5.6985804000E-03  -9.0531915000E-03
   28      1.3732028000E-03   3.4112172000E-03   3.4108770000E-04   1.1238336100E-02  -2.7802292400E-02
   29     -1.2810561000E-03   8.1597420000E-04  -1.5196060000E-04   1.4891443000E-03  -2.7851192000E-03
   30     -9.5398900000E-04   1.3301294000E-03   1.7721712000E-03  -4.4893742000E-03   2.5973838000E-03
   31     -1.3965759000E-03  -5.7075390000E-04  -1.8962561000E-03  -5.1129535000E-03  -2.5384770000E-03
   32      2.5168034000E-03   2.3299030000E-03   2.0190326000E-03   2.2638732000E-03   1.7781414000E-03
   33      1.0508880000E-03  -2.0324182000E-03   1.1704898000E-03   3.6713562000E-03   7.1939220000E-04
   34      2.1817500000E-05   1.2756682000E-03   8.8169250000E-04   1.8927138000E-03  -2.5904654000E-03
   35      1.4028593000E-03  -9.0046820000E-04   5.6279362000E-03  -8.0207900000E-05  -1.1858993000E-03
   36     -1.1861624400E-02   2.2710681000E-03   2.4261967000E-03   4.2693251000E-03   2.4924790000E-04
   37     -1.1204370500E-02   4.6522419000E-03   1.1856718600E-02   1.1651953600E-02  -1.0952996000E-03
   38     -1.0918739100E-02  -1.1845782000E-03  -2.3517643000E-03   2.6068161000E-03   3.9979150000E-04
   39      4.0048294000E-03   1.0824655000E-03   7.2469065000E-03   3.0043603000E-03  -8.8286090000E-04
   40      1.0381792100E-02  -6.2295647000E-03  -6.0365645000E-03  -7.4554957000E-03   3.5473232000E-03
   41      1.6432974600E-02  -3.1585545000E-03  -6.8902357000E-03  -1.3818186300E-02   2.8721803000E-03
   42      4.9668610000E-03  -2.5159290000E-04   2.8580545000E-03   1.8287982000E-03  -3.6962010000E-04
   43      3.6337028000E-03  -2.5783723000E-03  -1.7594826000E-03  -1.5198730000E-04  -8.8075900000E-04
   44      5.1538250000E-03  -1.5333415000E-03  -1.7100688000E-03  -4.8819764000E-03  -4.7045703000E-03
   45     -4.6362154000E-03   3.7668966000E-03   6.4298131000E-03   3.5440041000E-03   2.2124902000E-03
   46     -1.0789387200E-02  -1.5472582000E-03   4.8743472000E-03   6.0940429000E-03   4.2169444000E-03
   47      1.7865551000E-03  -3.5517610000E-04  -9.5210310000E-04  -7.2391775000E-03  -1.7840082000E-03
                    5                  6                  7                  8                  9        
    0      1.1504769050E-01  -3.5278568600E-02  -6.7575475000E-03   1.0236866600E-02   4.1621811000E-03
    1      1.7320081000E-03  -2.6807556800E-02  -1.7381030000E-04   2.0312362000E-03  -2.6514291000E-03
    2     -4.1009547600E-02  -5.2659310000E-03   1.5106672000E-03   8.3757810000E-03  -2.5070679400E-02
    3     -1.2389659700E-02  -1.2170883940E-01  -1.2466988550E-01   2.1501481200E-02  -4.2353176500E-02
    4     -3.2630119000E-03  -1.2579092340E-01  -3.0089460900E-01   2.1297469200E-02  -1.0607392600E-02
    5     -5.8808870900E-02  -2.4169690900E-02  -2.5458389400E-02  -3.8585018700E-02  -1.1145735100E-02
    6     -2.4169690900E-02   6.0761039740E-01   2.6522703000E-02   9.4899130000E-03  -3.2643266220E-01
    7     -2.5458389400E-02   2.6522703000E-02   6.4166283960E-01  -1.5471770000E-03   1.8395626200E-02
    8     -3.8585018700E-02   9.4899130000E-03  -1.5471770000E-03  -5.5548542300E-02  -1.1228489370E-01
    9     -1.1145735100E-02  -3.2643266220E-01   1.8395626200E-02  -1.1228489370E-01   6.6114385640E-01
   10      7.6030310000E-04  -5.4273368000E-03  -5.9063823400E-02  -2.7870816000E-03   4.1768771000E-02
   11      1.6089851000E-03   5.7018054000E-02   6.6238550000E-04  -4.3641646100E-02  -2.0943531990E-01
   12     -5.7217713900E-02   9.0681512000E-03   7.6893460000E-03   1.7292397800E-02  -6.6872189000E-03
   13     -3.3689721600E-02   2.0966513000E-02  -1.2468126900E-02  -4.1783332200E-02  -3.7182941900E-02
   14      9.3633252000E-03  -5.9997484400E-02   4.6893043000E-03   1.3348897590E-01   1.3827404640E-01
   15     -1.3111246200E-02  -2.3177684600E-02  -1.7135370200E-02   5.1160810700E-02   4.4041982300E-02
   16      4.0796406900E-02  -3.9599080000E-04   3.2955192000E-03   2.0172512200E-02   8.1177297000E-03
   17      1.3492186750E-01   2.5953013900E-02   1.9095039500E-02  -2.9848074000E-03   4.2304326800E-02
   18     -3.7582122000E-03  -4.4784011000E-03   2.7723904000E-03  -2.4729210000E-03  -6.7664480000E-04
   19      3.4047033000E-03  -5.0467109000E-03  -2.1678536000E-03   5.7261910000E-04  -1.6496114000E-03
   20     -5.0468520000E-04  -1.8395160000E-03  -1.3197510000E-03   4.7996958000E-03  -2.9876084000E-03
   21     -1.5411082400E-02   3.9736153000E-03   7.4134110000E-04   1.8151189000E-03   1.3892577000E-03
   22     -1.3606870000E-03   2.2201794000E-03  -2.2770154000E-03   1.2737865000E-03   6.9793140000E-04
   23      1.8795094500E-02   1.2094747000E-03   1.9308532000E-03  -1.2712353000E-03  -1.7989922000E-03
   24     -2.3650724000E-03   5.6581548000E-03  -8.8639069000E-03  -8.9691840000E-04   2.1795270000E-04
   25      2.3990106000E-03   1.1332663400E-02  -2.7462020500E-02   1.0869238000E-03   1.4468841000E-03
   26     -2.2126988600E-02  -1.3730856000E-03   2.4432693000E-03   2.7811235000E-03   1.5047451000E-03
   27      1.2708550000E-03  -9.9632051800E-02   1.0856948210E-01   2.1502752000E-03  -2.3987294300E-02
   28     -6.3570910000E-04   1.0644918010E-01  -2.3472499720E-01  -1.7819456000E-03   5.5871235000E-03
   29      2.7087222000E-03  -3.2485032000E-03  -3.5229175000E-03  -2.1622963000E-02   8.0558793000E-03
   30      2.7690363000E-03  -1.1183490500E-02  -2.7508129900E-02   4.6701759000E-03  -1.5497734470E-01
   31     -1.1221921000E-03   4.2254080000E-03  -1.2149129000E-03  -4.0694466000E-03  -1.3964569440E-01
   32      4.1545941000E-03  -5.2565967000E-03  -1.9919448000E-03   2.7806070000E-04   5.9814624200E-02
   33     -1.3569324000E-03  -1.5999123400E-02   2.1998739300E-02   1.4950418300E-02  -1.5347335420E-01
   34     -1.6861210000E-04  -1.7359052000E-03  -5.2875382000E-03   2.2258332000E-03   1.0453277500E-01
   35      4.5719600000E-05  -9.4277479000E-03  -8.4399040000E-04   1.7850299600E-02   1.2220858750E-01
   36      1.5751910500E-02   1.6385711000E-03   1.0490928000E-03   1.8854185000E-03   3.0647073000E-03
   37      1.0780163100E-02  -2.1316943000E-03  -3.6444109000E-03   4.3121630000E-04   5.7817055000E-03
   38      1.6302804500E-02   9.9489370000E-04   5.0135845000E-03  -5.0151610000E-04  -3.2527626000E-03
   39     -7.5496590000E-04   2.7360423000E-03   8.4981240000E-04  -6.0415461000E-03  -1.4260920000E-03
   40     -5.4390848000E-03   6.2146330000E-04   3.1584534000E-03   1.5799659000E-03  -1.9259351000E-03
   41     -1.6394703200E-02   1.4400754900E-02   5.6014573000E-03  -1.9137036800E-02  -1.3859712700E-02
   42     -1.6569275000E-03   5.3214003000E-03  -1.9788830000E-04  -1.2175369800E-02  -8.7174574000E-03
   43      1.0307596000E-03   8.1068515000E-03  -2.4810908000E-03  -6.0767236000E-03  -5.4970233000E-03
   44     -5.4914308000E-03   3.2715668000E-03  -3.1092818000E-03   1.0187388200E-02   4.5283672000E-03
   45      8.4977463000E-03   1.8844892000E-03  -3.4558048000E-03  -1.2812272000E-03   4.7113075000E-03
   46      1.0234053200E-02  -1.3108843700E-02   3.7433970000E-03   7.3741442000E-03   1.2831481300E-02
   47     -4.9798677000E-03  -1.7591154000E-03  -3.1531090000E-03   5.5314410000E-03   3.1451273000E-03
                   10                 11                 12                 13                 14        
    0     -1.3635885000E-03   2.1852957300E-02   3.6212106300E-02   1.0804732800E-02  -4.1238227200E-02
    1     -2.4691268000E-03   6.0515907000E-03   3.2928083000E-03  -6.9014930000E-04  -8.0362726000E-03
    2     -2.6330907000E-03   2.1461848400E-02   1.7487367700E-02   7.7409700000E-04  -1.1393701800E-02
    3     -2.5281848100E-02   8.5551539000E-03  -1.7816368700E-02  -1.0524401400E-02  -2.0509964200E-02
    4     -1.1147741000E-03   1.7196238000E-03  -1.6492913800E-02  -1.7283714000E-03  -2.1087456800E-02
    5      7.6030310000E-04   1.6089851000E-03  -5.7217713900E-02  -3.3689721600E-02   9.3633252000E-03
    6     -5.4273368000E-03   5.7018054000E-02   9.0681512000E-03   2.0966513000E-02  -5.9997484400E-02
    7     -5.9063823400E-02   6.6238550000E-04   7.6893460000E-03  -1.2468126900E-02   4.6893043000E-03
    8     -2.7870816000E-03  -4.3641646100E-02   1.7292397800E-02  -4.1783332200E-02   1.3348897590E-01
    9      4.1768771000E-02  -2.0943531990E-01  -6.6872189000E-03  -3.7182941900E-02   1.3827404640E-01
   10      2.3049907470E-01   1.4884730400E-02  -1.6183230000E-03   1.3309534300E-02   6.5878845000E-03
   11      1.4884730400E-02   1.4802721030E-01   1.6505381300E-02   2.3420509000E-03  -1.4711518900E-02
   12     -1.6183230000E-03   1.6505381300E-02   5.4075655370E-01   4.6466060800E-02   7.4543865800E-02
   13      1.3309534300E-02   2.3420509000E-03   4.6466060800E-02   1.6983206690E-01  -3.3249563000E-02
   14      6.5878845000E-03  -1.4711518900E-02   7.4543865800E-02  -3.3249563000E-02   1.6159740540E-01
   15     -2.6708300000E-03  -1.5003832000E-02  -3.9351530100E-01  -8.1024002900E-02  -2.7278888500E-02
   16     -1.2563959000E-03  -1.2533989400E-02  -1.0890203950E-01  -6.1457929200E-02  -9.0077903000E-03
   17      4.9458783000E-03  -1.4263579100E-02   3.3054008000E-02   1.8337108200E-02  -5.1578610100E-02
   18      1.1198061000E-03  -1.9638901000E-03  -6.5334950000E-04   1.4957015000E-03   1.8468487000E-03
   19     -2.1493970000E-04   1.9156993000E-03   1.9092585000E-03  -2.3836000000E-04  -1.3531801000E-03
   20     -2.0350736000E-03   2.1373762000E-03   7.2459721000E-03   3.8556304000E-03  -1.0442000000E-06
   21     -2.2687854000E-03  -9.6112590000E-04   2.7708120000E-04   4.5525500000E-04   3.8104358000E-03
   22      1.3286826000E-03  -4.1977690000E-04  -1.1276000000E-06  -6.3368010000E-04  -6.7846400000E-05
   23      1.5102748000E-03   4.1211337000E-03   6.4931581000E-03   3.5147630000E-04  -1.0587991800E-02
   24     -1.1753490000E-04  -4.7592780000E-04  -3.3857800000E-05  -3.6844800000E-04   1.8207346000E-03
   25      3.4066797000E-03  -8.4355300000E-05   1.8259180000E-04  -8.7170220000E-04  -2.3605680000E-04
   26     -1.3782169000E-03  -4.2342990000E-04   1.4829742000E-03   1.1376548000E-03  -2.3882899000E-03
   27      1.8695613800E-02   7.6026514000E-03  -7.8508010000E-04   2.7982742000E-03  -4.2881218000E-03
   28      3.3884696000E-03  -2.1022020000E-03   1.5321140000E-04  -2.1837414000E-03   2.0362698000E-03
   29     -4.5048982000E-03   4.6868677000E-03  -4.8848323000E-03   9.3362261000E-03  -1.5786295500E-02
   30     -1.0523900930E-01   4.7887131700E-02  -9.1827380000E-04   1.3830230000E-04   3.8694110000E-04
   31     -1.2073968380E-01   6.1282851900E-02   2.0701346000E-03  -1.5025838000E-03   1.6496979000E-03
   32      5.6203845100E-02  -3.3248841800E-02  -1.7227506000E-03  -4.2257824000E-03  -6.5314447000E-03
   33      7.8652563800E-02   8.5490824900E-02  -1.6199933000E-03   2.2974029000E-03  -1.5579655000E-03
   34     -5.9082925300E-02  -7.6129838200E-02  -8.5990360000E-04   4.2369560000E-04   1.7952848000E-03
   35     -7.1809823300E-02  -8.3448642600E-02  -6.5997950000E-04   1.1429401200E-02  -2.1324874500E-02
   36     -3.0326150000E-04   3.1556290000E-04  -3.8403037200E-02   1.7444973300E-02   6.9102684000E-03
   37     -2.6394088000E-03  -9.7404800000E-05  -1.7115093800E-02  -1.6216833000E-03   7.3716570000E-04
   38      5.6625100000E-04   7.6475018000E-03   1.2493516000E-02   8.2042200000E-04  -7.0272775000E-03
   39      3.1415824000E-03  -7.3904976000E-03  -2.4239305800E-02  -3.7794930800E-02   2.1373925200E-02
   40     -1.8930126000E-03  -3.5081000000E-05   1.1286839000E-03  -3.8190762000E-03   8.0755307000E-03
   41     -7.7505910000E-04  -5.1445307000E-03   2.9757359000E-03   3.1886384000E-03   1.7101002700E-02
   42      3.5533910000E-03  -5.5419691000E-03  -9.3420489000E-02   5.1526490000E-02  -9.9234650800E-02
   43      1.2104838000E-03  -5.7401340000E-03   6.5030835000E-02  -3.9499068100E-02   1.3169085780E-01
   44     -2.4553110000E-03  -1.6463190000E-04  -1.3558378130E-01   1.0992198810E-01  -1.2903026800E-01
   45     -2.6412107000E-03  -4.4551550000E-03  -8.2216174000E-03   1.2501019200E-02   5.1382364000E-03
   46     -4.6688343000E-03   8.2838489000E-03   1.7066471000E-02  -5.6850824900E-02  -8.4223829600E-02
   47      2.9193872000E-03   5.3558979000E-03   1.0494680600E-02  -4.8546294100E-02  -5.1189392400E-02
                   15                 16                 17                 18                 19        
    0     -1.7291882000E-03  -2.4512023800E-02  -1.3900122590E-01  -1.5503637560E-01  -1.3855040720E-01
    1     -3.7069940000E-03   9.5250614000E-03   4.6186061000E-03  -1.0475171140E-01  -1.1999003730E-01
    2     -1.1184025300E-02   2.9353028000E-03   3.3976260000E-04  -4.7429270300E-02  -6.2365062000E-02
    3      1.5304345000E-02   1.6989056100E-02   6.8253576400E-02  -1.1414573600E-02   3.5376179000E-03
    4      1.1223492400E-02  -1.1766664200E-02   5.7157481000E-03  -2.7478225100E-02  -1.9521501000E-03
    5     -1.3111246200E-02   4.0796406900E-02   1.3492186750E-01  -3.7582122000E-03   3.4047033000E-03
    6     -2.3177684600E-02  -3.9599080000E-04   2.5953013900E-02  -4.4784011000E-03  -5.0467109000E-03
    7     -1.7135370200E-02   3.2955192000E-03   1.9095039500E-02   2.7723904000E-03  -2.1678536000E-03
    8      5.1160810700E-02   2.0172512200E-02  -2.9848074000E-03  -2.4729210000E-03   5.7261910000E-04
    9      4.4041982300E-02   8.1177297000E-03   4.2304326800E-02  -6.7664480000E-04  -1.6496114000E-03
   10     -2.6708300000E-03  -1.2563959000E-03   4.9458783000E-03   1.1198061000E-03  -2.1493970000E-04
   11     -1.5003832000E-02  -1.2533989400E-02  -1.4263579100E-02  -1.9638901000E-03   1.9156993000E-03
   12     -3.9351530100E-01  -1.0890203950E-01   3.3054008000E-02  -6.5334950000E-04   1.9092585000E-03
   13     -8.1024002900E-02  -6.1457929200E-02   1.8337108200E-02   1.4957015000E-03  -2.3836000000E-04
   14     -2.7278888500E-02  -9.0077903000E-03  -5.1578610100E-02   1.8468487000E-03  -1.3531801000E-03
   15      5.3774160100E-01   1.1132537380E-01  -1.1046538630E-01  -1.6648004000E-03   2.6624304000E-03
   16      1.1132537380E-01   2.5360805070E-01  -6.0419219800E-02  -6.4852890000E-04  -4.5693210000E-04
   17     -1.1046538630E-01  -6.0419219800E-02   2.7547722580E-01  -6.5995510000E-04  -1.9469002000E-03
   18     -1.6648004000E-03  -6.4852890000E-04  -6.5995510000E-04   1.4454840640E-01   1.3292697190E-01
   19      2.6624304000E-03  -4.5693210000E-04  -1.9469002000E-03   1.3292697190E-01   2.1016175880E-01
   20      2.6012078000E-03   4.6834124000E-03  -3.6752583000E-03   5.5640015300E-02   2.8726549300E-02
   21     -3.3241488000E-03   8.8045160000E-04   2.3731796000E-03   2.6381333000E-02   7.5180479000E-03
   22     -2.5743422000E-03  -2.3184470000E-04  -1.8244712000E-03  -7.4372430000E-03  -9.3008448300E-02
   23      2.6961602000E-03  -6.8931439000E-03  -2.3971106500E-02  -1.3748320000E-03   3.1585446000E-02
   24     -8.3594000000E-04   1.7741159000E-03   4.7815012000E-03   4.8617499000E-03  -1.1987339000E-03
   25      1.7834770000E-04  -1.3732151000E-03  -2.7041695000E-03  -6.9716870000E-04   6.0243520000E-04
   26      5.2203004000E-03  -7.1933755000E-03  -1.6158180100E-02   1.4015201000E-03   1.0637650000E-04
   27     -1.1681243000E-03  -4.2384830000E-04  -1.5812143000E-03  -1.7329637000E-03  -8.1235720000E-04
   28      2.7254900000E-05  -7.2446370000E-04  -6.7511480000E-04   9.6646900000E-05  -7.9343600000E-04
   29     -1.9796639000E-03  -5.6708210000E-04  -2.7740769000E-03   3.6670880000E-04  -1.2827064000E-03
   30     -1.7862820000E-03   1.1032022000E-03  -2.5962507000E-03  -3.2776426000E-03   1.7954373000E-03
   31      2.8955415000E-03  -3.9293680000E-04   2.4243905000E-03   1.7584009000E-03  -5.2143730000E-04
   32     -7.0911171000E-03  -4.2124061000E-03  -8.0734440000E-04  -1.0585320000E-03   1.8405620000E-03
   33     -8.2399780000E-04  -4.2127440000E-04  -4.1230422000E-03   9.0757320000E-04  -2.5816259000E-03
   34      7.8288700000E-04  -1.0098639000E-03  -1.9234527000E-03   2.1622296000E-03   2.0947756000E-03
   35     -1.0027165400E-02  -1.1469534000E-03  -1.1264533000E-02  -1.2908929000E-03  -9.6633170000E-04
   36     -8.9163662800E-02   4.3907559700E-02   1.0116879470E-01  -1.2739520000E-04   1.5488523000E-03
   37      6.7725445100E-02  -4.8377224600E-02  -1.3051574030E-01  -1.8060266000E-03   1.1126824000E-03
   38      1.1585783770E-01  -8.0252120400E-02  -1.5521092370E-01   1.2351890000E-04   6.7539940000E-04
   39     -2.6275796600E-02  -2.2849615500E-02   1.3017404300E-02   2.5584290000E-03  -2.4383873000E-03
   40     -5.0601387000E-02  -1.2617917420E-01   1.5901313020E-01  -1.1448690000E-03   1.5462836000E-03
   41      3.8344277100E-02   1.2258772640E-01  -1.2986027020E-01   3.8759590000E-04  -5.3658730000E-04
   42     -4.0351385400E-02   8.0879897000E-03  -6.5109967000E-03   2.0672570000E-03  -1.6911108000E-03
   43     -1.3418370900E-02   2.9586695000E-03  -5.9255432000E-03   8.1978390000E-04   3.1264062000E-03
   44      2.8694659000E-03   1.6626623000E-03  -1.9178697000E-03   6.9151000000E-06  -3.4130200000E-05
   45     -1.3271616300E-02  -3.4032157300E-02  -2.5967733700E-02  -2.2626021000E-03   2.0703282000E-03
   46     -2.5689475600E-02  -1.6160656400E-02  -8.2152891000E-03   8.1184160000E-04   6.9925280000E-04
   47     -2.2608735100E-02  -1.0611942100E-02   3.7277034000E-03   2.3538270000E-04  -3.4245710000E-04
                   20                 21                 22                 23                 24        
    0     -5.9132531800E-02  -1.5365708480E-01   1.0414195800E-01  -1.2178014010E-01  -2.4213263200E-02
    1     -5.7402545800E-02   7.8399208900E-02  -6.0681499100E-02   7.1202421800E-02   1.8837128600E-02
    2     -3.4837830200E-02  -8.6060141500E-02   7.5970740900E-02  -8.2098262200E-02  -7.7099628000E-03
    3      3.8084707000E-03  -1.6532276900E-02  -1.2569692000E-03   1.1234841100E-02  -9.9765832800E-02
    4      1.2762321000E-03   2.1882429700E-02  -5.3072321000E-03   8.5256940000E-04   1.0771216020E-01
    5     -5.0468520000E-04  -1.5411082400E-02  -1.3606870000E-03   1.8795094500E-02  -2.3650724000E-03
    6     -1.8395160000E-03   3.9736153000E-03   2.2201794000E-03   1.2094747000E-03   5.6581548000E-03
    7     -1.3197510000E-03   7.4134110000E-04  -2.2770154000E-03   1.9308532000E-03  -8.8639069000E-03
    8      4.7996958000E-03   1.8151189000E-03   1.2737865000E-03  -1.2712353000E-03  -8.9691840000E-04
    9     -2.9876084000E-03   1.3892577000E-03   6.9793140000E-04  -1.7989922000E-03   2.1795270000E-04
   10     -2.0350736000E-03  -2.2687854000E-03   1.3286826000E-03   1.5102748000E-03  -1.1753490000E-04
   11      2.1373762000E-03  -9.6112590000E-04  -4.1977690000E-04   4.1211337000E-03  -4.7592780000E-04
   12      7.2459721000E-03   2.7708120000E-04  -1.1276000000E-06   6.4931581000E-03  -3.3857800000E-05
   13      3.8556304000E-03   4.5525500000E-04  -6.3368010000E-04   3.5147630000E-04  -3.6844800000E-04
   14     -1.0442000000E-06   3.8104358000E-03  -6.7846400000E-05  -1.0587991800E-02   1.8207346000E-03
   15      2.6012078000E-03  -3.3241488000E-03  -2.5743422000E-03   2.6961602000E-03  -8.3594000000E-04
   16      4.6834124000E-03   8.8045160000E-04  -2.3184470000E-04  -6.8931439000E-03   1.7741159000E-03
   17     -3.6752583000E-03   2.3731796000E-03  -1.8244712000E-03  -2.3971106500E-02   4.7815012000E-03
   18      5.5640015300E-02   2.6381333000E-02  -7.4372430000E-03  -1.3748320000E-03   4.8617499000E-03
   19      2.8726549300E-02   7.5180479000E-03  -9.3008448300E-02   3.1585446000E-02  -1.1987339000E-03
   20     -1.4835330000E-04  -4.4658834000E-03   1.9605925700E-02   3.4840935000E-02   1.0113809000E-03
   21     -4.4658834000E-03   1.4280003640E-01  -1.0079947760E-01   1.0239446620E-01  -5.2143357000E-03
   22      1.9605925700E-02  -1.0079947760E-01   1.5575527140E-01  -9.3998254100E-02   6.7111837000E-03
   23      3.4840935000E-02   1.0239446620E-01  -9.3998254100E-02   4.7909456600E-02   3.3848803000E-03
   24      1.0113809000E-03  -5.2143357000E-03   6.7111837000E-03   3.3848803000E-03   1.1918276490E-01
   25     -1.1388161000E-03  -8.0832530000E-04  -1.3333946000E-03  -2.4675440000E-04  -1.2063109720E-01
   26     -3.3422950000E-03  -3.0623996000E-03   6.8337960000E-04   3.8958523000E-03   9.8022060000E-04
   27      5.1956620000E-04   1.8379032000E-03  -9.0548880000E-04  -5.8308210000E-04  -8.8935080000E-04
   28     -1.2120412000E-03   1.2326000000E-04  -2.8003250000E-04   1.3484325000E-03  -2.3050212000E-03
   29     -1.9569760000E-03  -1.6860000000E-07  -6.6742900000E-05   1.7631245000E-03  -1.8708500000E-05
   30      1.0234764000E-03   9.8940670000E-04   2.0403828000E-03   9.3072170000E-04  -1.6832324000E-03
   31     -1.7756402000E-03  -2.6587777000E-03   2.2386686000E-03   1.2751792000E-03  -9.4122670000E-04
   32      1.5640281000E-03  -2.5237690000E-04   1.8081584000E-03   2.3123507000E-03  -4.3178860000E-04
   33      2.9160340000E-04   3.0731430000E-04  -2.8736958000E-03   2.2307210000E-04   1.8057686000E-03
   34     -1.9922281000E-03  -2.9855370000E-03   9.6101280000E-04   2.2458684000E-03  -9.0910350000E-04
   35      2.6340969000E-03  -5.7877800000E-05  -2.1804202000E-03   5.7742890000E-04   4.3016610000E-04
   36     -1.6507160000E-03   6.5863700000E-04   2.2303157000E-03  -2.7796896000E-03  -8.9116120000E-04
   37      2.5293782000E-03   2.2852565000E-03   2.5847529000E-03  -5.4447153000E-03   2.6662260000E-04
   38     -1.4553529000E-03  -5.1969220000E-04   1.7605406000E-03  -2.8426600000E-05  -2.1223610000E-04
   39     -2.9543760000E-04  -6.5465860000E-04  -1.4439832000E-03  -2.8431060000E-04   1.5744790000E-03
   40      1.8180782000E-03  -7.7380000000E-06  -1.4721315000E-03   8.2777890000E-04   4.5191100000E-05
   41      8.1335420000E-04  -1.4560580000E-04  -1.7725732000E-03   1.1406282000E-03  -3.8285950000E-04
   42     -1.5225602000E-03   1.4221060000E-04  -2.4023512000E-03   1.1576200000E-05   1.5110606000E-03
   43      1.2540748000E-03  -2.1508116000E-03   4.4341840000E-04  -6.4873840000E-04  -9.3471400000E-05
   44      1.4409890000E-03   6.6954590000E-04  -2.0421989000E-03  -4.7343020000E-04   2.2848040000E-04
   45     -2.4743950000E-04   6.2570940000E-04   1.6527276000E-03   2.2696200000E-05  -1.2849564000E-03
   46      3.1268149000E-03  -6.0579820000E-04   1.9134716000E-03  -5.8986943000E-03   8.2141600000E-05
   47     -2.3086801000E-03  -1.2639230000E-04   2.6304393000E-03   3.0744482000E-03  -1.4389000000E-04
                   25                 26                 27                 28                 29        
    0      5.7323475000E-03  -7.6609133000E-03   2.5364900000E-04   1.3732028000E-03  -1.2810561000E-03
    1      3.2482413000E-03   5.2161287000E-03  -4.2791400000E-05   3.4112172000E-03   8.1597420000E-04
    2      2.3656377000E-03   5.1769288000E-03   5.7129050000E-04   3.4108770000E-04  -1.5196060000E-04
    3      1.0619084820E-01   3.0303968000E-03   5.6985804000E-03   1.1238336100E-02   1.4891443000E-03
    4     -2.3470689570E-01   4.2912136000E-03  -9.0531915000E-03  -2.7802292400E-02  -2.7851192000E-03
    5      2.3990106000E-03  -2.2126988600E-02   1.2708550000E-03  -6.3570910000E-04   2.7087222000E-03
    6      1.1332663400E-02  -1.3730856000E-03  -9.9632051800E-02   1.0644918010E-01  -3.2485032000E-03
    7     -2.7462020500E-02   2.4432693000E-03   1.0856948210E-01  -2.3472499720E-01  -3.5229175000E-03
    8      1.0869238000E-03   2.7811235000E-03   2.1502752000E-03  -1.7819456000E-03  -2.1622963000E-02
    9      1.4468841000E-03   1.5047451000E-03  -2.3987294300E-02   5.5871235000E-03   8.0558793000E-03
   10      3.4066797000E-03  -1.3782169000E-03   1.8695613800E-02   3.3884696000E-03  -4.5048982000E-03
   11     -8.4355300000E-05  -4.2342990000E-04   7.6026514000E-03  -2.1022020000E-03   4.6868677000E-03
   12      1.8259180000E-04   1.4829742000E-03  -7.8508010000E-04   1.5321140000E-04  -4.8848323000E-03
   13     -8.7170220000E-04   1.1376548000E-03   2.7982742000E-03  -2.1837414000E-03   9.3362261000E-03
   14     -2.3605680000E-04  -2.3882899000E-03  -4.2881218000E-03   2.0362698000E-03  -1.5786295500E-02
   15      1.7834770000E-04   5.2203004000E-03  -1.1681243000E-03   2.7254900000E-05  -1.9796639000E-03
   16     -1.3732151000E-03  -7.1933755000E-03  -4.2384830000E-04  -7.2446370000E-04  -5.6708210000E-04
   17     -2.7041695000E-03  -1.6158180100E-02  -1.5812143000E-03  -6.7511480000E-04  -2.7740769000E-03
   18     -6.9716870000E-04   1.4015201000E-03  -1.7329637000E-03   9.6646900000E-05   3.6670880000E-04
   19      6.0243520000E-04   1.0637650000E-04  -8.1235720000E-04  -7.9343600000E-04  -1.2827064000E-03
   20     -1.1388161000E-03  -3.3422950000E-03   5.1956620000E-04  -1.2120412000E-03  -1.9569760000E-03
   21     -8.0832530000E-04  -3.0623996000E-03   1.8379032000E-03   1.2326000000E-04  -1.6860000000E-07
   22     -1.3333946000E-03   6.8337960000E-04  -9.0548880000E-04  -2.8003250000E-04  -6.6742900000E-05
   23     -2.4675440000E-04   3.8958523000E-03  -5.8308210000E-04   1.3484325000E-03   1.7631245000E-03
   24     -1.2063109720E-01   9.8022060000E-04  -8.8935080000E-04  -2.3050212000E-03  -1.8708500000E-05
   25      2.6121594010E-01  -8.8276260000E-04  -2.3430488000E-03  -4.0208137000E-03  -6.9704330000E-04
   26     -8.8276260000E-04   2.8142806600E-02  -1.1188140000E-04   8.2090490000E-04   2.4649159000E-03
   27     -2.3430488000E-03  -1.1188140000E-04   1.1957981610E-01  -1.2096754850E-01  -1.1017528000E-03
   28     -4.0208137000E-03   8.2090490000E-04  -1.2096754850E-01   2.6163681380E-01   2.0148410000E-04
   29     -6.9704330000E-04   2.4649159000E-03  -1.1017528000E-03   2.0148410000E-04   2.7743468700E-02
   30      6.2573700000E-05  -3.2885720000E-04   4.7810501000E-03  -6.5315870000E-04  -1.5711112000E-03
   31     -8.0239010000E-04   1.3935455000E-03  -1.0783601000E-03   4.8795080000E-04   6.8479100000E-05
   32      1.2108790000E-03  -2.0898489000E-03  -1.2861456000E-03   1.2207794000E-03  -3.6831025000E-03
   33      1.3424090000E-04  -1.0876090000E-04  -5.1698535000E-03  -7.9410340000E-04   3.3135317000E-03
   34     -3.5157800000E-04   1.8605940000E-04   6.6929235000E-03  -1.2854747000E-03  -9.4241770000E-04
   35     -1.3201325000E-03   1.8661154000E-03  -2.8760266000E-03   1.3626930000E-04   4.6204242000E-03
   36     -5.6348110000E-04  -8.8840100000E-04   1.4358290000E-03   1.6910040000E-04  -4.8034720000E-04
   37      6.0150280000E-04  -5.0897259000E-03   3.6990870000E-04   5.1207620000E-04   1.0847758000E-03
   38      9.9677250000E-04  -3.1744957000E-03  -8.2418270000E-04   9.9254460000E-04   1.8550447000E-03
   39      2.2708620000E-04   9.8078100000E-05  -8.8497250000E-04  -3.5668120000E-04  -3.3985700000E-05
   40      7.8267800000E-04   8.5900620000E-04  -9.3703830000E-04   8.2346120000E-04   9.9901190000E-04
   41     -5.7473210000E-04   5.0591887000E-03   6.6605770000E-04  -1.0894432000E-03  -5.8556170000E-04
   42      6.6583300000E-05   4.4020490000E-04  -4.2567130000E-04  -5.1689320000E-04   1.1002298000E-03
   43      9.7475260000E-04  -1.9861744000E-03  -5.2223100000E-05   9.1429170000E-04   4.6486810000E-03
   44     -1.0498724000E-03   1.7555790000E-03   4.1231980000E-04  -1.0171019000E-03  -1.4437246000E-03
   45     -5.1104580000E-04  -6.2414100000E-04   1.0885346000E-03   3.7609010000E-04   2.7463540000E-04
   46      8.9780100000E-05  -6.0728310000E-04  -5.1030640000E-04   6.4097100000E-04  -2.7857049000E-03
   47      8.7547130000E-04  -1.4389822000E-03  -5.4060850000E-04   1.4157853000E-03   2.1620929000E-03
                   30                 31                 32                 33                 34        
    0     -9.5398900000E-04  -1.3965759000E-03   2.5168034000E-03   1.0508880000E-03   2.1817500000E-05
    1      1.3301294000E-03  -5.7075390000E-04   2.3299030000E-03  -2.0324182000E-03   1.2756682000E-03
    2      1.7721712000E-03  -1.8962561000E-03   2.0190326000E-03   1.1704898000E-03   8.8169250000E-04
    3     -4.4893742000E-03  -5.1129535000E-03   2.2638732000E-03   3.6713562000E-03   1.8927138000E-03
    4      2.5973838000E-03  -2.5384770000E-03   1.7781414000E-03   7.1939220000E-04  -2.5904654000E-03
    5      2.7690363000E-03  -1.1221921000E-03   4.1545941000E-03  -1.3569324000E-03  -1.6861210000E-04
    6     -1.1183490500E-02   4.2254080000E-03  -5.2565967000E-03  -1.5999123400E-02  -1.7359052000E-03
    7     -2.7508129900E-02  -1.2149129000E-03  -1.9919448000E-03   2.1998739300E-02  -5.2875382000E-03
    8      4.6701759000E-03  -4.0694466000E-03   2.7806070000E-04   1.4950418300E-02   2.2258332000E-03
    9     -1.5497734470E-01  -1.3964569440E-01   5.9814624200E-02  -1.5347335420E-01   1.0453277500E-01
   10     -1.0523900930E-01  -1.2073968380E-01   5.6203845100E-02   7.8652563800E-02  -5.9082925300E-02
   11      4.7887131700E-02   6.1282851900E-02  -3.3248841800E-02   8.5490824900E-02  -7.6129838200E-02
   12     -9.1827380000E-04   2.0701346000E-03  -1.7227506000E-03  -1.6199933000E-03  -8.5990360000E-04
   13      1.3830230000E-04  -1.5025838000E-03  -4.2257824000E-03   2.2974029000E-03   4.2369560000E-04
   14      3.8694110000E-04   1.6496979000E-03  -6.5314447000E-03  -1.5579655000E-03   1.7952848000E-03
   15     -1.7862820000E-03   2.8955415000E-03  -7.0911171000E-03  -8.2399780000E-04   7.8288700000E-04
   16      1.1032022000E-03  -3.9293680000E-04  -4.2124061000E-03  -4.2127440000E-04  -1.0098639000E-03
   17     -2.5962507000E-03   2.4243905000E-03  -8.0734440000E-04  -4.1230422000E-03  -1.9234527000E-03
   18     -3.2776426000E-03   1.7584009000E-03  -1.0585320000E-03   9.0757320000E-04   2.1622296000E-03
   19      1.7954373000E-03  -5.2143730000E-04   1.8405620000E-03  -2.5816259000E-03   2.0947756000E-03
   20      1.0234764000E-03  -1.7756402000E-03   1.5640281000E-03   2.9160340000E-04  -1.9922281000E-03
   21      9.8940670000E-04  -2.6587777000E-03  -2.5237690000E-04   3.0731430000E-04  -2.9855370000E-03
   22      2.0403828000E-03   2.2386686000E-03   1.8081584000E-03  -2.8736958000E-03   9.6101280000E-04
   23      9.3072170000E-04   1.2751792000E-03   2.3123507000E-03   2.2307210000E-04   2.2458684000E-03
   24     -1.6832324000E-03  -9.4122670000E-04  -4.3178860000E-04   1.8057686000E-03  -9.0910350000E-04
   25      6.2573700000E-05  -8.0239010000E-04   1.2108790000E-03   1.3424090000E-04  -3.5157800000E-04
   26     -3.2885720000E-04   1.3935455000E-03  -2.0898489000E-03  -1.0876090000E-04   1.8605940000E-04
   27      4.7810501000E-03  -1.0783601000E-03  -1.2861456000E-03  -5.1698535000E-03   6.6929235000E-03
   28     -6.5315870000E-04   4.8795080000E-04   1.2207794000E-03  -7.9410340000E-04  -1.2854747000E-03
   29     -1.5711112000E-03   6.8479100000E-05  -3.6831025000E-03   3.3135317000E-03  -9.4241770000E-04
   30      1.4475899980E-01   1.3321462030E-01  -5.5803393500E-02   2.6210990500E-02  -7.5319472000E-03
   31      1.3321462030E-01   2.1045609230E-01  -2.8868072400E-02   7.5775717000E-03  -9.2935610200E-02
   32     -5.5803393500E-02  -2.8868072400E-02  -4.6816550000E-04   4.5728293000E-03  -1.8517388400E-02
   33      2.6210990500E-02   7.5775717000E-03   4.5728293000E-03   1.4285121910E-01  -1.0115931190E-01
   34     -7.5319472000E-03  -9.2935610200E-02  -1.8517388400E-02  -1.0115931190E-01   1.5449164990E-01
   35      1.4009738000E-03  -3.0883002500E-02   3.5148624600E-02  -1.0234882820E-01   9.2866423900E-02
   36      1.9137848000E-03  -2.4066582000E-03   1.4371044000E-03   2.2574170000E-04  -2.4852929000E-03
   37      1.2546198000E-03   2.2093019000E-03  -1.8980593000E-03  -1.8446682000E-03   2.1921910000E-04
   38     -2.8293960000E-04   1.0254566000E-03   2.2717243000E-03  -1.0785230000E-03   1.6164920000E-03
   39     -1.8334678000E-03   2.2575133000E-03   6.8792250000E-04   7.6283880000E-04   1.3798909000E-03
   40      2.6230960000E-04   2.2837029000E-03  -1.7399763000E-03  -1.2557348000E-03   2.7445706000E-03
   41      1.2674840000E-04  -7.5580770000E-04  -1.2620128000E-03   4.6151780000E-04  -2.1113536000E-03
   42      2.8998800000E-05   9.7128590000E-04   1.5208478000E-03   1.1998138000E-03   2.2768218000E-03
   43     -1.6349705000E-03   1.0183320000E-03  -1.7688312000E-03   1.6447511000E-03   3.0708143000E-03
   44      1.1586110000E-04  -1.7946566000E-03  -1.0792735000E-03   6.6354630000E-04  -8.3401460000E-04
   45      2.4198663000E-03  -1.7302299000E-03   8.8696200000E-05  -1.9071821000E-03  -2.0750578000E-03
   46     -1.2317455000E-03   2.5247372000E-03  -3.1698075000E-03  -6.1829200000E-05  -2.7379504000E-03
   47     -5.0068540000E-04   2.0454736000E-03   1.4216189000E-03  -5.6378130000E-04   8.0165120000E-04
                   35                 36                 37                 38                 39        
    0      1.4028593000E-03  -1.1861624400E-02  -1.1204370500E-02  -1.0918739100E-02   4.0048294000E-03
    1     -9.0046820000E-04   2.2710681000E-03   4.6522419000E-03  -1.1845782000E-03   1.0824655000E-03
    2      5.6279362000E-03   2.4261967000E-03   1.1856718600E-02  -2.3517643000E-03   7.2469065000E-03
    3     -8.0207900000E-05   4.2693251000E-03   1.1651953600E-02   2.6068161000E-03   3.0043603000E-03
    4     -1.1858993000E-03   2.4924790000E-04  -1.0952996000E-03   3.9979150000E-04  -8.8286090000E-04
    5      4.5719600000E-05   1.5751910500E-02   1.0780163100E-02   1.6302804500E-02  -7.5496590000E-04
    6     -9.4277479000E-03   1.6385711000E-03  -2.1316943000E-03   9.9489370000E-04   2.7360423000E-03
    7     -8.4399040000E-04   1.0490928000E-03  -3.6444109000E-03   5.0135845000E-03   8.4981240000E-04
    8      1.7850299600E-02   1.8854185000E-03   4.3121630000E-04  -5.0151610000E-04  -6.0415461000E-03
    9      1.2220858750E-01   3.0647073000E-03   5.7817055000E-03  -3.2527626000E-03  -1.4260920000E-03
   10     -7.1809823300E-02  -3.0326150000E-04  -2.6394088000E-03   5.6625100000E-04   3.1415824000E-03
   11     -8.3448642600E-02   3.1556290000E-04  -9.7404800000E-05   7.6475018000E-03  -7.3904976000E-03
   12     -6.5997950000E-04  -3.8403037200E-02  -1.7115093800E-02   1.2493516000E-02  -2.4239305800E-02
   13      1.1429401200E-02   1.7444973300E-02  -1.6216833000E-03   8.2042200000E-04  -3.7794930800E-02
   14     -2.1324874500E-02   6.9102684000E-03   7.3716570000E-04  -7.0272775000E-03   2.1373925200E-02
   15     -1.0027165400E-02  -8.9163662800E-02   6.7725445100E-02   1.1585783770E-01  -2.6275796600E-02
   16     -1.1469534000E-03   4.3907559700E-02  -4.8377224600E-02  -8.0252120400E-02  -2.2849615500E-02
   17     -1.1264533000E-02   1.0116879470E-01  -1.3051574030E-01  -1.5521092370E-01   1.3017404300E-02
   18     -1.2908929000E-03  -1.2739520000E-04  -1.8060266000E-03   1.2351890000E-04   2.5584290000E-03
   19     -9.6633170000E-04   1.5488523000E-03   1.1126824000E-03   6.7539940000E-04  -2.4383873000E-03
   20      2.6340969000E-03  -1.6507160000E-03   2.5293782000E-03  -1.4553529000E-03  -2.9543760000E-04
   21     -5.7877800000E-05   6.5863700000E-04   2.2852565000E-03  -5.1969220000E-04  -6.5465860000E-04
   22     -2.1804202000E-03   2.2303157000E-03   2.5847529000E-03   1.7605406000E-03  -1.4439832000E-03
   23      5.7742890000E-04  -2.7796896000E-03  -5.4447153000E-03  -2.8426600000E-05  -2.8431060000E-04
   24      4.3016610000E-04  -8.9116120000E-04   2.6662260000E-04  -2.1223610000E-04   1.5744790000E-03
   25     -1.3201325000E-03  -5.6348110000E-04   6.0150280000E-04   9.9677250000E-04   2.2708620000E-04
   26      1.8661154000E-03  -8.8840100000E-04  -5.0897259000E-03  -3.1744957000E-03   9.8078100000E-05
   27     -2.8760266000E-03   1.4358290000E-03   3.6990870000E-04  -8.2418270000E-04  -8.8497250000E-04
   28      1.3626930000E-04   1.6910040000E-04   5.1207620000E-04   9.9254460000E-04  -3.5668120000E-04
   29      4.6204242000E-03  -4.8034720000E-04   1.0847758000E-03   1.8550447000E-03  -3.3985700000E-05
   30      1.4009738000E-03   1.9137848000E-03   1.2546198000E-03  -2.8293960000E-04  -1.8334678000E-03
   31     -3.0883002500E-02  -2.4066582000E-03   2.2093019000E-03   1.0254566000E-03   2.2575133000E-03
   32      3.5148624600E-02   1.4371044000E-03  -1.8980593000E-03   2.2717243000E-03   6.8792250000E-04
   33     -1.0234882820E-01   2.2574170000E-04  -1.8446682000E-03  -1.0785230000E-03   7.6283880000E-04
   34      9.2866423900E-02  -2.4852929000E-03   2.1921910000E-04   1.6164920000E-03   1.3798909000E-03
   35      4.7197363900E-02   9.7303100000E-05   1.0998952000E-03  -1.9298467000E-03   3.5088300000E-04
   36      9.7303100000E-05   1.1721434830E-01  -9.2956802800E-02  -1.2560509250E-01   1.6079819300E-02
   37      1.0998952000E-03  -9.2956802800E-02   1.0926931950E-01   8.5420862000E-02   3.4664347000E-02
   38     -1.9298467000E-03  -1.2560509250E-01   8.5420862000E-02   1.1625864110E-01   1.0907777700E-02
