
$orca_hessian_file

$act_atom
  0

$act_coord
  0

$act_energy
      -21.782381

$multiplicity
  1

$hessian
48
                    0                  1                  2                  3                  4        
    0      7.7656565570E-01  -9.2365172000E-03  -8.9305582800E-02  -4.3477585730E-01   4.5262340600E-02
    1     -9.2365172000E-03   5.1225834810E-01  -3.2800882200E-02   2.0358500200E-02  -7.9216301800E-02
    2     -8.9305582800E-02  -3.2800882200E-02   6.6441827400E-02   5.6147823400E-02  -2.4562945700E-02
    3     -4.3477585730E-01   2.0358500200E-02   5.6147823400E-02   6.9593505570E-01  -3.7510473900E-02
    4      4.5262340600E-02  -7.9216301800E-02  -2.4562945700E-02  -3.7510473900E-02   5.9539172410E-01
    5      1.2574473840E-01   4.0226300000E-05  -1.1495402800E-02  -9.5300902000E-02   3.2071133300E-02
    6     -5.5314927500E-02  -2.3189226000E-02   4.6639385700E-02  -7.5775644900E-02  -7.3471970800E-02
    7     -2.4901829900E-02   2.1513084000E-03   3.1434217200E-02  -7.6086598400E-02  -2.4423780030E-01
    8      1.8668662000E-03   7.1463358000E-03   7.5017841000E-03   7.2333127000E-03   5.3870878000E-03
    9      7.1646181000E-03  -5.1464480000E-03  -1.1682692900E-02  -5.7585110300E-02  -2.8737848200E-02
   10     -3.6694079000E-03  -3.5586079000E-03   3.3749561000E-03  -2.6729817100E-02   2.0929850000E-04
   11      4.7030852000E-03  -4.0281679000E-03  -1.8425496500E-02  -2.7175429500E-02  -1.8139436900E-02
   12      5.0583649000E-03  -8.6352709000E-03  -5.2493704700E-02  -4.2679809600E-02  -1.8440167800E-02
   13      2.3516592000E-03  -4.7609086000E-03  -2.5635377300E-02  -2.1834548700E-02  -1.8523669000E-03
   14     -2.6817162000E-03   3.1373580000E-04   1.2049556600E-02   7.9896300000E-05  -2.1098626000E-03
   15     -1.2827751500E-02   9.7518354000E-03   7.4709764400E-02   4.8180430500E-02   1.0654345400E-02
   16     -4.3676310000E-03  -8.5983676000E-03   2.2622463600E-02   1.5193727000E-02   4.4210427000E-03
   17     -1.0950671700E-02   1.5391459200E-02   5.9381878900E-02   6.0587399600E-02   8.3729612000E-03
   18     -1.4921715210E-01  -1.2313232360E-01  -6.4419749000E-03  -1.8021097000E-02  -2.4234148600E-02
   19     -1.2225700500E-01  -1.9222017350E-01  -7.7988565000E-03  -2.5970550000E-04   5.4562750000E-04
   20     -1.3226045700E-02  -1.3822896600E-02  -3.7018012000E-02   7.0806681000E-03   8.5047123000E-03
   21     -1.1722903600E-01   1.1425254200E-01  -1.6128127900E-02  -1.5480681500E-02   2.6225437500E-02
   22      1.1138754390E-01  -2.2266351910E-01   2.8968138900E-02   6.7199151000E-03  -4.9812675000E-03
   23     -2.4394822300E-02   3.5729044700E-02  -3.1673565300E-02   1.1565036500E-02  -7.7570451000E-03
   24     -1.8167649100E-02   2.6457217700E-02   4.2388560000E-04  -1.0068288020E-01   1.0853684730E-01
   25      4.4668687000E-03  -2.8991124000E-03  -1.2449145000E-03   1.0799552260E-01  -2.4471604840E-01
   26      5.7066598000E-03  -6.2132908000E-03  -7.9031810000E-04  -5.1224310000E-04   2.9592158000E-03
   27      1.0931377000E-03  -2.5894816000E-03  -1.6885920000E-04   5.9640925000E-03  -1.0372611900E-02
   28      1.2978685000E-03   7.9205740000E-04   9.9475700000E-05   1.0700172000E-02  -2.7068071100E-02
   29     -6.2531200000E-05   6.6908380000E-04  -9.5781920000E-04   9.3230120000E-04  -1.9199488000E-03
   30     -9.5069440000E-04  -1.0491464000E-03  -6.5162400000E-04  -5.7041612000E-03   6.9010020000E-04
   31     -1.0770480000E-04  -3.6634070000E-04  -6.2479540000E-04  -1.4042223000E-03   6.3234280000E-04
   32     -9.1400810000E-04  -1.4132480000E-04  -6.6845020000E-04   1.0294386000E-03   1.6186310000E-04
   33      4.5753930000E-04  -2.4513180000E-04  -1.4920580000E-04   1.5048286000E-03   1.5435661000E-03
   34     -2.8428140000E-04  -2.5314250000E-04   3.6975890000E-04  -1.1732469000E-03   1.5060216000E-03
   35     -8.1579400000E-05  -2.3162140000E-04   1.1509560000E-04   6.3265430000E-04   5.1136590000E-04
   36      6.0274920000E-04  -4.9190250000E-04  -4.5930522000E-03  -3.2586402000E-03  -5.4265790000E-04
   37     -3.0356200000E-05   1.0324187000E-03   5.1536140000E-04   3.3557560000E-04  -8.5030940000E-04
   38      1.9522190000E-03  -4.6911235000E-03  -1.6182193100E-02  -7.4059646000E-03  -1.4065976000E-03
   39     -2.6554200000E-05   2.0319008000E-03  -4.0670080000E-03  -1.5789042000E-03  -1.7132528000E-03
   40      5.3722970000E-04  -5.1089820000E-04   2.1619631000E-03   5.8978780000E-04   1.9120440000E-04
   41     -1.2951681000E-03   5.3406521000E-03  -1.4918349900E-02  -5.3487945000E-03   9.4378940000E-04
   42     -1.6586935000E-03   3.2880230000E-04   5.4990367000E-03   2.8231930000E-03   1.3663909000E-03
   43     -7.5582440000E-04  -1.6665510000E-04   2.2860887000E-03   1.7543224000E-03   5.0229500000E-04
   44      2.1996937000E-03  -2.0572758000E-03  -1.0060406100E-02  -6.8344449000E-03  -3.3239737000E-03
   45     -7.7374920000E-04   5.3464960000E-04   2.2619365000E-03   1.1351862000E-03   7.4410390000E-04
   46      3.0704720000E-04  -1.0201052000E-03   8.3534800000E-04   1.3510902000E-03  -4.7739110000E-04
   47      7.3886330000E-04  -6.4395470000E-04  -3.3001295000E-03  -2.7107521000E-03   3.0768160000E-04
                    5                  6                  7                  8                  9        
    0      1.2574473840E-01  -5.5314927500E-02  -2.4901829900E-02   1.8668662000E-03   7.1646181000E-03
    1      4.0226300000E-05  -2.3189226000E-02   2.1513084000E-03   7.1463358000E-03  -5.1464480000E-03
    2     -1.1495402800E-02   4.6639385700E-02   3.1434217200E-02   7.5017841000E-03  -1.1682692900E-02
    3     -9.5300902000E-02  -7.5775644900E-02  -7.6086598400E-02   7.2333127000E-03  -5.7585110300E-02
    4      3.2071133300E-02  -7.3471970800E-02  -2.4423780030E-01   5.3870878000E-03  -2.8737848200E-02
    5      1.5814042770E-01  -1.7263496300E-02  -1.6664563500E-02  -3.8203820400E-02   7.4446716000E-03
    6     -1.7263496300E-02   7.7542511580E-01  -1.9971657200E-02  -2.7363266000E-02  -4.9603617340E-01
    7     -1.6664563500E-02  -1.9971657200E-02   5.8433214510E-01   2.0154049400E-02   2.8373928900E-02
    8     -3.8203820400E-02  -2.7363266000E-02   2.0154049400E-02   1.0946029120E-01  -2.1665465400E-02
    9      7.4446716000E-03  -4.9603617340E-01   2.8373928900E-02  -2.1665465400E-02   8.1425292960E-01
   10     -1.1166301000E-03   2.0564334000E-03  -7.7621293400E-02  -8.9370288000E-03   1.0042624700E-02
   11      8.6160770000E-03   1.6403412900E-02   1.1283330900E-02  -5.6398158000E-03  -5.4839195300E-02
   12      6.3696575000E-03   2.6800134000E-02   1.4336966500E-02   2.0154658600E-02  -7.7766976000E-03
   13      5.4179373000E-03   8.1692069000E-03   6.1884916000E-03   4.7738380000E-03  -2.1834014000E-03
   14     -2.5160765100E-02  -1.9142012800E-02  -4.8977558000E-03  -1.5211249300E-02   6.8626301000E-03
   15     -3.6269595500E-02  -3.5726838800E-02  -2.2734422700E-02   1.9657682000E-03   8.6491158000E-03
   16     -1.0712926200E-02  -1.1247757100E-02  -4.5177984000E-03  -5.7805380000E-04   1.3739567000E-03
   17     -6.3968914500E-02  -1.7475511800E-02  -1.4763144000E-02  -2.5644306000E-02   1.2574122000E-03
   18      9.9632650000E-04  -5.7566123000E-03   6.2573110000E-04   2.5398407000E-03  -7.3100700000E-04
   19      2.9840100000E-04  -1.0737335000E-03   4.4553840000E-04  -1.0197760000E-04  -1.2347730000E-04
   20     -8.7095690000E-04   3.2362457000E-03  -1.4953004000E-03   9.7253325000E-03   6.1695650000E-04
   21     -1.3823968000E-03   4.0502050000E-04   1.6646803000E-03  -3.4717100000E-04   7.5028180000E-04
   22     -1.0548112000E-03  -2.2760958000E-03   1.1242324000E-03  -9.2699600000E-05  -2.1071360000E-04
   23     -2.3918721000E-03  -3.5343944000E-03  -1.4616152000E-03  -5.4179509000E-03   2.0354830000E-04
   24      3.1440385000E-03   6.4169666000E-03  -1.1670338800E-02  -9.6042800000E-05   1.5343871000E-03
   25     -1.2095465000E-03   1.1087006500E-02  -2.6720697900E-02  -1.3779935000E-03   9.7750550000E-04
   26     -3.1822303300E-02  -1.3930136000E-03  -6.6114760000E-04   6.1713340000E-04   1.9414130000E-04
   27     -1.2588992000E-03  -1.0380876150E-01   1.0796464910E-01   1.2670264800E-02  -2.1691496900E-02
   28     -2.2494118000E-03   1.0836600980E-01  -2.3392641060E-01  -2.5047775400E-02   4.3555176000E-03
   29      4.4087410000E-04   1.4633339500E-02  -2.6620867800E-02  -3.9843541000E-02   1.8072070000E-04
   30      1.5854692000E-03  -1.8311292200E-02  -2.6699393200E-02  -9.4146770000E-04  -1.2401776650E-01
   31      2.4147980000E-04  -1.1656315000E-03  -7.9728530000E-04  -2.5733790000E-04  -1.1853609490E-01
   32      1.1465816900E-02  -3.4802430000E-03  -1.8980715000E-03   8.7953280000E-04   2.5031771700E-02
   33     -8.7082050000E-04  -1.9616689900E-02   2.7271424000E-02   5.4385361000E-03  -1.2293153400E-01
   34      7.6365900000E-04   5.2922428000E-03  -2.7865385000E-03  -3.8000100000E-04   1.0872317370E-01
   35     -5.7492128000E-03  -3.1912077000E-03  -3.0385000000E-06   3.8005430000E-04   4.8731265300E-02
   36      1.8071376000E-03   2.1626660000E-03   1.6035253000E-03   9.2041000000E-06  -7.3933380000E-04
   37     -6.9929410000E-04  -5.2671980000E-04  -3.4170940000E-04   7.5921040000E-04  -1.5080800000E-05
   38      4.6703362000E-03   5.4599881000E-03   3.9854842000E-03  -1.9246860000E-04  -2.1720177000E-03
   39      2.6941394000E-03   1.4284570000E-03   1.1008357000E-03   5.6646550000E-04  -9.6944820000E-04
   40     -2.5512700000E-05  -2.0824810000E-04  -5.6664190000E-04   3.0972900000E-05   1.8871570000E-04
   41      7.7244200000E-04   3.5079455000E-03   9.7126930000E-04   2.8882300000E-04  -4.0967190000E-04
   42      1.5804982000E-03  -1.8459210000E-03  -3.9901680000E-04  -1.2870897000E-03   1.2679070000E-04
   43      1.0626100000E-05  -9.8339460000E-04  -3.8075390000E-04  -1.1586580000E-04   4.4926100000E-05
   44     -4.7573050000E-04   3.4989508000E-03   1.2739532000E-03   2.3311293000E-03  -3.3610830000E-04
   45      9.7943330000E-04  -4.4549840000E-04  -4.7848400000E-04  -7.4441430000E-04   4.4460000000E-07
   46     -5.1107665000E-03  -8.5646510000E-04  -2.3447864000E-03  -1.3627610000E-03   8.7271510000E-04
   47     -3.9669954000E-03  -5.3612270000E-04  -6.3679990000E-04  -1.0309287000E-03   5.8203370000E-04
                   10                 11                 12                 13                 14        
    0     -3.6694079000E-03   4.7030852000E-03   5.0583649000E-03   2.3516592000E-03  -2.6817162000E-03
    1     -3.5586079000E-03  -4.0281679000E-03  -8.6352709000E-03  -4.7609086000E-03   3.1373580000E-04
    2      3.3749561000E-03  -1.8425496500E-02  -5.2493704700E-02  -2.5635377300E-02   1.2049556600E-02
    3     -2.6729817100E-02  -2.7175429500E-02  -4.2679809600E-02  -2.1834548700E-02   7.9896300000E-05
    4      2.0929850000E-04  -1.8139436900E-02  -1.8440167800E-02  -1.8523669000E-03  -2.1098626000E-03
    5     -1.1166301000E-03   8.6160770000E-03   6.3696575000E-03   5.4179373000E-03  -2.5160765100E-02
    6      2.0564334000E-03   1.6403412900E-02   2.6800134000E-02   8.1692069000E-03  -1.9142012800E-02
    7     -7.7621293400E-02   1.1283330900E-02   1.4336966500E-02   6.1884916000E-03  -4.8977558000E-03
    8     -8.9370288000E-03  -5.6398158000E-03   2.0154658600E-02   4.7738380000E-03  -1.5211249300E-02
    9      1.0042624700E-02  -5.4839195300E-02  -7.7766976000E-03  -2.1834014000E-03   6.8626301000E-03
   10      5.0706509800E-01   4.3689152600E-02   3.0756908000E-03  -3.1341515000E-03  -5.2119630000E-04
   11      4.3689152600E-02   1.0595346450E-01  -1.7732810800E-02  -4.2779280000E-03  -4.4057466000E-03
   12      3.0756908000E-03  -1.7732810800E-02   5.3510826130E-01   1.2897834300E-02   1.9425047510E-01
   13     -3.1341515000E-03  -4.2779280000E-03   1.2897834300E-02   2.9475869030E-01  -1.7781934800E-02
   14     -5.2119630000E-04  -4.4057466000E-03   1.9425047510E-01  -1.7781934800E-02   2.3713303470E-01
   15     -2.7301101000E-03   1.6333580700E-02  -2.9044220620E-01  -7.5175824000E-02  -4.3227896600E-02
   16     -2.3598430000E-03   5.3900912000E-03  -9.4524853300E-02  -1.0324908060E-01  -1.7779805200E-02
   17     -2.7080076000E-03   1.3576040100E-02   4.2203198300E-02   1.4248285700E-02  -4.9087724100E-02
   18     -1.0398976000E-03   2.7046760000E-04  -1.5070380000E-04  -1.2533600000E-04  -2.8489500000E-05
   19      6.7488000000E-05   2.6837460000E-04   5.5339930000E-04   8.1474900000E-05   4.7025760000E-04
   20      4.4470670000E-04  -3.7601740000E-04  -1.8886350000E-04   4.5917010000E-04  -5.1023150000E-04
   21     -1.9129400000E-04   3.0905360000E-04   3.1472450000E-04   5.2458420000E-04  -5.0365190000E-04
   22      7.5682000000E-06  -1.3431200000E-04   1.7166480000E-04  -1.1054920000E-04   4.2384400000E-05
   23     -7.8597400000E-05   7.2727490000E-04   2.8602280000E-03   6.0669990000E-04  -2.1087400000E-04
   24     -1.4447912000E-03  -2.6800230000E-04  -7.4367720000E-04  -7.7477800000E-05  -1.9149920000E-04
   25      1.3313647000E-03  -2.6140060000E-04  -2.2180290000E-04  -1.6061203000E-03   3.7459340000E-04
   26     -3.3563300000E-04  -8.7636070000E-04   1.5886170000E-04   8.6063250000E-04  -6.7197700000E-05
   27      2.6582398600E-02   4.8427658000E-03  -5.7429270000E-04   9.4779860000E-04  -4.6122540000E-04
   28     -1.5171305000E-03  -3.9131760000E-04   1.0990534000E-03  -1.2643100000E-03   7.0080460000E-04
   29      3.1031430000E-04   6.9885910000E-04  -8.4399560000E-04   6.1557710000E-04  -1.3422326000E-03
   30     -1.1719019820E-01   1.7424400600E-02  -3.5073130000E-04  -8.8872800000E-05   1.4947360000E-04
   31     -2.1834854680E-01   2.0169089600E-02  -2.4060430000E-04  -1.4930569000E-03   2.8040660000E-04
   32      2.7381732400E-02  -3.8369016600E-02  -1.4576115000E-03  -5.6943780000E-04   1.0175268000E-03
   33      1.1082946660E-01   4.1542571600E-02  -7.3558710000E-04   3.6313830000E-04   6.2636000000E-05
   34     -2.0041663900E-01  -5.5301495200E-02  -8.6702300000E-05  -1.3427337000E-03  -1.9870230000E-04
   35     -6.2195679500E-02  -5.4579035300E-02  -1.1971939000E-03   3.5335650000E-04  -6.5737600000E-05
   36      1.0807640000E-04  -2.0724804000E-03  -3.2703519200E-02   8.0039614000E-03   5.3411183000E-03
   37     -7.8802270000E-04  -1.1186750000E-04  -8.0668065000E-03   6.6226180000E-03   1.4745442000E-03
   38      6.0787140000E-04  -2.7371949000E-03  -1.2249357400E-02  -7.0815761000E-03   5.0816279000E-03
   39      2.0378190000E-04  -1.3068295000E-03  -7.4606047000E-03  -2.9035871700E-02  -8.8075660000E-04
   40     -2.7430630000E-04  -1.9882060000E-04  -4.7497440000E-03  -1.5438227600E-02  -1.6999043000E-03
   41      9.9370100000E-05  -2.1576301000E-03  -8.1845388000E-03  -3.1296365000E-03   5.5357650000E-04
   42      3.8151500000E-05   1.2005645000E-03  -1.6228380350E-01   8.6228572200E-02  -1.3642666440E-01
   43     -2.4157500000E-05   6.8041620000E-04   9.4413225900E-02  -6.4305576400E-02   7.9108969400E-02
   44      6.4340420000E-04  -2.4026332000E-03  -1.6643587480E-01   8.2531607300E-02  -1.2658048130E-01
   45      5.8892100000E-05   3.6484540000E-04  -2.1379851800E-02   9.0345771000E-03  -3.2023166000E-03
   46     -6.3811870000E-04   1.3642910000E-03   8.4181169000E-03  -1.0909419330E-01  -3.7776534600E-02
   47     -6.5873510000E-04   3.9723160000E-04  -5.2131283000E-03  -5.1391213800E-02  -3.3193082600E-02
                   15                 16                 17                 18                 19        
    0     -1.2827751500E-02  -4.3676310000E-03  -1.0950671700E-02  -1.4921715210E-01  -1.2225700500E-01
    1      9.7518354000E-03  -8.5983676000E-03   1.5391459200E-02  -1.2313232360E-01  -1.9222017350E-01
    2      7.4709764400E-02   2.2622463600E-02   5.9381878900E-02  -6.4419749000E-03  -7.7988565000E-03
    3      4.8180430500E-02   1.5193727000E-02   6.0587399600E-02  -1.8021097000E-02  -2.5970550000E-04
    4      1.0654345400E-02   4.4210427000E-03   8.3729612000E-03  -2.4234148600E-02   5.4562750000E-04
    5     -3.6269595500E-02  -1.0712926200E-02  -6.3968914500E-02   9.9632650000E-04   2.9840100000E-04
    6     -3.5726838800E-02  -1.1247757100E-02  -1.7475511800E-02  -5.7566123000E-03  -1.0737335000E-03
    7     -2.2734422700E-02  -4.5177984000E-03  -1.4763144000E-02   6.2573110000E-04   4.4553840000E-04
    8      1.9657682000E-03  -5.7805380000E-04  -2.5644306000E-02   2.5398407000E-03  -1.0197760000E-04
    9      8.6491158000E-03   1.3739567000E-03   1.2574122000E-03  -7.3100700000E-04  -1.2347730000E-04
   10     -2.7301101000E-03  -2.3598430000E-03  -2.7080076000E-03  -1.0398976000E-03   6.7488000000E-05
   11      1.6333580700E-02   5.3900912000E-03   1.3576040100E-02   2.7046760000E-04   2.6837460000E-04
   12     -2.9044220620E-01  -9.4524853300E-02   4.2203198300E-02  -1.5070380000E-04   5.5339930000E-04
   13     -7.5175824000E-02  -1.0324908060E-01   1.4248285700E-02  -1.2533600000E-04   8.1474900000E-05
   14     -4.3227896600E-02  -1.7779805200E-02  -4.9087724100E-02  -2.8489500000E-05   4.7025760000E-04
   15      5.4522769200E-01   4.3009777600E-02  -1.6045802560E-01  -5.6443740000E-04  -1.6375100000E-05
   16      4.3009777600E-02   5.2393622210E-01   1.0846893000E-02  -8.9799480000E-04  -5.5427030000E-04
   17     -1.6045802560E-01   1.0846893000E-02   1.6124771370E-01  -2.7794310000E-04  -1.8812220000E-04
   18     -5.6443740000E-04  -8.9799480000E-04  -2.7794310000E-04   1.6578579250E-01   1.3869623870E-01
   19     -1.6375100000E-05  -5.5427030000E-04  -1.8812220000E-04   1.3869623870E-01   2.2156087070E-01
   20     -1.1518166000E-03  -2.1791304000E-03   2.0038827000E-03   4.1890355000E-03   5.9575575000E-03
   21     -2.0148506000E-03   9.9532740000E-04  -1.9475472000E-03   7.6740870000E-03  -1.5694911200E-02
   22     -2.6365950000E-04  -3.6305510000E-04  -1.3073280000E-04   9.9920869000E-03  -3.3573754300E-02
   23     -4.9410560000E-03   2.1475094000E-03  -6.2356478000E-03   2.9519800000E-04   1.3618296000E-03
   24     -3.1775110000E-04   4.5447150000E-04   1.1262000000E-04   1.2619717000E-03   7.8700700000E-04
   25      9.5764380000E-04  -5.2535160000E-04   1.5007730000E-04  -5.9815150000E-04   8.8276160000E-04
   26      2.9194070000E-04   5.4589920000E-04   1.4590130000E-04  -6.2417210000E-04   1.1669460000E-04
   27     -3.6167050000E-04  -1.7363600000E-05   2.5509280000E-04  -2.4301740000E-04  -4.1556700000E-05
   28     -3.8479210000E-04  -1.1522909000E-03  -5.0894630000E-04   4.3956290000E-04   4.4112550000E-04
   29     -1.5818860000E-04  -2.4970790000E-04   8.9622100000E-05   7.2878900000E-05  -1.7728130000E-04
   30      1.5820890000E-04   1.8630720000E-04   5.6082600000E-05  -8.3741970000E-04   1.1564800000E-05
   31      9.3576880000E-04  -2.0594850000E-04  -1.1449180000E-04   1.2460320000E-04   2.4031410000E-04
   32     -2.3550520000E-04  -4.0422210000E-04   4.4103680000E-04  -8.2528910000E-04  -1.2630160000E-04
   33     -5.1340400000E-05   6.1449300000E-05  -3.3476700000E-05   1.6320780000E-04  -3.1682900000E-04
   34      1.2622380000E-04  -2.9785030000E-04  -1.3406810000E-04   8.5001100000E-05   2.5723790000E-04
   35     -6.7414880000E-04   2.7517470000E-04   9.2410100000E-05  -1.2658220000E-04  -3.9493100000E-05
   36     -1.8009704280E-01   9.1992474800E-02   1.0170434670E-01   1.7159000000E-06   1.9554090000E-04
   37      8.7356912300E-02  -9.3518294100E-02  -5.4110074300E-02  -2.3701640000E-04   1.6850100000E-04
   38      1.2226840480E-01  -5.3392276800E-02  -7.5287345600E-02   1.5616100000E-05  -5.3631500000E-05
   39     -3.9943498800E-02  -1.8291152700E-02   9.6809169000E-03   1.0278210000E-04   2.7523000000E-05
   40     -1.9480016300E-02  -2.8812800370E-01   3.5539515200E-02  -5.1012000000E-06   4.6572790000E-04
   41      1.8473796500E-02   4.4929305600E-02  -2.7396693300E-02  -2.3464310000E-04   2.7133560000E-04
   42     -3.4592146800E-02   4.7160235000E-03  -1.4000626400E-02   7.1822130000E-04  -7.7465860000E-04
   43     -1.2584824800E-02   1.5773886000E-03  -4.1008706000E-03   2.1583840000E-04   3.2589560000E-04
   44      1.4897395600E-02   8.1912185000E-03   8.8603972000E-03   1.9453270000E-04  -2.4732560000E-04
   45     -5.2759122000E-03  -2.8636762500E-02  -1.0713266400E-02  -1.8633140000E-04   2.8697830000E-04
   46     -1.9422482700E-02  -2.6464499300E-02  -7.7907338000E-03   9.0907500000E-05   8.6563490000E-04
   47     -1.8244180000E-03  -9.6524327000E-03   1.7817485000E-03  -1.4802300000E-05  -1.1461200000E-05
                   20                 21                 22                 23                 24        
    0     -1.3226045700E-02  -1.1722903600E-01   1.1138754390E-01  -2.4394822300E-02  -1.8167649100E-02
    1     -1.3822896600E-02   1.1425254200E-01  -2.2266351910E-01   3.5729044700E-02   2.6457217700E-02
    2     -3.7018012000E-02  -1.6128127900E-02   2.8968138900E-02  -3.1673565300E-02   4.2388560000E-04
    3      7.0806681000E-03  -1.5480681500E-02   6.7199151000E-03   1.1565036500E-02  -1.0068288020E-01
    4      8.5047123000E-03   2.6225437500E-02  -4.9812675000E-03  -7.7570451000E-03   1.0853684730E-01
    5     -8.7095690000E-04  -1.3823968000E-03  -1.0548112000E-03  -2.3918721000E-03   3.1440385000E-03
    6      3.2362457000E-03   4.0502050000E-04  -2.2760958000E-03  -3.5343944000E-03   6.4169666000E-03
    7     -1.4953004000E-03   1.6646803000E-03   1.1242324000E-03  -1.4616152000E-03  -1.1670338800E-02
    8      9.7253325000E-03  -3.4717100000E-04  -9.2699600000E-05  -5.4179509000E-03  -9.6042800000E-05
    9      6.1695650000E-04   7.5028180000E-04  -2.1071360000E-04   2.0354830000E-04   1.5343871000E-03
   10      4.4470670000E-04  -1.9129400000E-04   7.5682000000E-06  -7.8597400000E-05  -1.4447912000E-03
   11     -3.7601740000E-04   3.0905360000E-04  -1.3431200000E-04   7.2727490000E-04  -2.6800230000E-04
   12     -1.8886350000E-04   3.1472450000E-04   1.7166480000E-04   2.8602280000E-03  -7.4367720000E-04
   13      4.5917010000E-04   5.2458420000E-04  -1.1054920000E-04   6.0669990000E-04  -7.7477800000E-05
   14     -5.1023150000E-04  -5.0365190000E-04   4.2384400000E-05  -2.1087400000E-04  -1.9149920000E-04
   15     -1.1518166000E-03  -2.0148506000E-03  -2.6365950000E-04  -4.9410560000E-03  -3.1775110000E-04
   16     -2.1791304000E-03   9.9532740000E-04  -3.6305510000E-04   2.1475094000E-03   4.5447150000E-04
   17      2.0038827000E-03  -1.9475472000E-03  -1.3073280000E-04  -6.2356478000E-03   1.1262000000E-04
   18      4.1890355000E-03   7.6740870000E-03   9.9920869000E-03   2.9519800000E-04   1.2619717000E-03
   19      5.9575575000E-03  -1.5694911200E-02  -3.3573754300E-02   1.3618296000E-03   7.8700700000E-04
   20      2.7356520000E-02   1.7564536000E-03   2.5250737000E-03   4.9384202000E-03  -1.0361045000E-03
   21      1.7564536000E-03   1.2940135150E-01  -1.2533157640E-01   1.6102443000E-02  -4.3587754000E-03
   22      2.5250737000E-03  -1.2533157640E-01   2.5731373350E-01  -3.0356688100E-02   1.2160713000E-03
   23      4.9384202000E-03   1.6102443000E-02  -3.0356688100E-02   3.1194859200E-02   4.1909213000E-03
   24     -1.0361045000E-03  -4.3587754000E-03   1.2160713000E-03   4.1909213000E-03   1.1645863170E-01
   25      7.4051700000E-05  -2.6284490000E-04   5.8649560000E-04  -4.3748050000E-04  -1.2095373250E-01
   26     -3.4413311000E-03   2.1401506000E-03   5.4896150000E-04   8.2180289000E-03  -6.9336589000E-03
   27      8.2330200000E-05  -6.2014360000E-04  -4.7244910000E-04  -9.8428700000E-05  -1.4669653000E-03
   28     -2.1049120000E-04  -9.8729980000E-04   2.0307740000E-04  -3.6635700000E-05  -2.8072956000E-03
   29     -2.0634400000E-04   1.8722000000E-06  -8.3444000000E-05   2.5194260000E-04   3.7090960000E-04
   30      6.7031390000E-04   1.4078490000E-04  -1.3818300000E-05   3.4602480000E-04  -2.8454230000E-04
   31      2.4282210000E-04  -1.9582360000E-04   2.6324880000E-04  -2.8319800000E-05   6.9452700000E-05
   32     -1.2862387000E-03  -2.4737540000E-04  -3.3185500000E-05   1.0198778000E-03  -6.5697400000E-05
   33      4.2357470000E-04   1.9099900000E-05  -3.7704740000E-04   3.4061990000E-04  -1.1324270000E-04
   34     -8.5868000000E-06  -3.3328990000E-04   9.8051300000E-05  -7.5822100000E-05  -1.3623200000E-04
   35      8.2941930000E-04  -2.3908880000E-04   9.2409100000E-05   2.7418780000E-04   2.1539290000E-04
   36     -5.7617180000E-04   5.3657130000E-04   4.9391300000E-05  -9.3032730000E-04  -5.3863500000E-05
   37     -6.9280300000E-05   1.1524000000E-06   6.8775220000E-04   3.0927110000E-04  -2.7559160000E-04
   38     -6.9327100000E-04   2.0738820000E-04   7.5547700000E-05  -3.6123800000E-05  -2.2640330000E-04
   39     -7.1470420000E-04  -1.8235500000E-04   7.8667800000E-05  -6.7620120000E-04   3.5900900000E-05
   40     -3.1447630000E-04  -1.2039980000E-04   1.7775690000E-04  -3.9946200000E-05  -8.4690000000E-06
   41     -2.0149600000E-05  -9.4246900000E-05  -8.2941700000E-05  -1.3648680000E-03   3.5563980000E-04
   42     -6.7461290000E-04   8.6334800000E-05  -8.8666000000E-04  -1.0556669000E-03   7.4616000000E-04
   43     -1.1836720000E-04  -3.2172310000E-04   2.7460280000E-04  -1.3156150000E-04   1.3646750000E-04
   44     -1.1762600000E-05   3.4795850000E-04  -4.1382040000E-04  -9.8275700000E-05   1.6709240000E-04
   45     -4.8725890000E-04   5.5758580000E-04   2.1667890000E-04  -2.7312300000E-04  -2.6467120000E-04
   46      1.0435200000E-05  -2.2456120000E-04   9.5562630000E-04   2.4935690000E-04  -2.8360640000E-04
   47     -4.1925990000E-04   2.4286300000E-05   1.3011990000E-04   8.0458620000E-04  -1.6309160000E-04
                   25                 26                 27                 28                 29        
    0      4.4668687000E-03   5.7066598000E-03   1.0931377000E-03   1.2978685000E-03  -6.2531200000E-05
    1     -2.8991124000E-03  -6.2132908000E-03  -2.5894816000E-03   7.9205740000E-04   6.6908380000E-04
    2     -1.2449145000E-03  -7.9031810000E-04  -1.6885920000E-04   9.9475700000E-05  -9.5781920000E-04
    3      1.0799552260E-01  -5.1224310000E-04   5.9640925000E-03   1.0700172000E-02   9.3230120000E-04
    4     -2.4471604840E-01   2.9592158000E-03  -1.0372611900E-02  -2.7068071100E-02  -1.9199488000E-03
    5     -1.2095465000E-03  -3.1822303300E-02  -1.2588992000E-03  -2.2494118000E-03   4.4087410000E-04
    6      1.1087006500E-02  -1.3930136000E-03  -1.0380876150E-01   1.0836600980E-01   1.4633339500E-02
    7     -2.6720697900E-02  -6.6114760000E-04   1.0796464910E-01  -2.3392641060E-01  -2.6620867800E-02
    8     -1.3779935000E-03   6.1713340000E-04   1.2670264800E-02  -2.5047775400E-02  -3.9843541000E-02
    9      9.7750550000E-04   1.9414130000E-04  -2.1691496900E-02   4.3555176000E-03   1.8072070000E-04
   10      1.3313647000E-03  -3.3563300000E-04   2.6582398600E-02  -1.5171305000E-03   3.1031430000E-04
   11     -2.6140060000E-04  -8.7636070000E-04   4.8427658000E-03  -3.9131760000E-04   6.9885910000E-04
   12     -2.2180290000E-04   1.5886170000E-04  -5.7429270000E-04   1.0990534000E-03  -8.4399560000E-04
   13     -1.6061203000E-03   8.6063250000E-04   9.4779860000E-04  -1.2643100000E-03   6.1557710000E-04
   14      3.7459340000E-04  -6.7197700000E-05  -4.6122540000E-04   7.0080460000E-04  -1.3422326000E-03
   15      9.5764380000E-04   2.9194070000E-04  -3.6167050000E-04  -3.8479210000E-04  -1.5818860000E-04
   16     -5.2535160000E-04   5.4589920000E-04  -1.7363600000E-05  -1.1522909000E-03  -2.4970790000E-04
   17      1.5007730000E-04   1.4590130000E-04   2.5509280000E-04  -5.0894630000E-04   8.9622100000E-05
   18     -5.9815150000E-04  -6.2417210000E-04  -2.4301740000E-04   4.3956290000E-04   7.2878900000E-05
   19      8.8276160000E-04   1.1669460000E-04  -4.1556700000E-05   4.4112550000E-04  -1.7728130000E-04
   20      7.4051700000E-05  -3.4413311000E-03   8.2330200000E-05  -2.1049120000E-04  -2.0634400000E-04
   21     -2.6284490000E-04   2.1401506000E-03  -6.2014360000E-04  -9.8729980000E-04   1.8722000000E-06
   22      5.8649560000E-04   5.4896150000E-04  -4.7244910000E-04   2.0307740000E-04  -8.3444000000E-05
   23     -4.3748050000E-04   8.2180289000E-03  -9.8428700000E-05  -3.6635700000E-05   2.5194260000E-04
   24     -1.2095373250E-01  -6.9336589000E-03  -1.4669653000E-03  -2.8072956000E-03   3.7090960000E-04
   25      2.7489756770E-01   3.6356391000E-03  -2.5468158000E-03  -3.5366997000E-03  -1.5736490000E-04
   26      3.6356391000E-03   2.3749082800E-02   3.4052410000E-04  -1.8217420000E-04   4.2485235000E-03
   27     -2.5468158000E-03   3.4052410000E-04   1.2514277060E-01  -1.2036462290E-01  -1.5189031500E-02
   28     -3.5366997000E-03  -1.8217420000E-04  -1.2036462290E-01   2.6327299980E-01   2.7621373300E-02
   29     -1.5736490000E-04   4.2485235000E-03  -1.5189031500E-02   2.7621373300E-02   3.1308608200E-02
   30      3.5018090000E-04  -9.1184900000E-05   1.2468415000E-03  -7.8365500000E-04  -5.9048970000E-04
   31      3.2483690000E-04   2.9476800000E-04   9.0559650000E-04   8.9598000000E-04   5.3312200000E-05
   32      1.3458520000E-04  -3.5689710000E-04   6.7276600000E-05   6.6026370000E-04  -4.5553372000E-03
   33     -7.1829430000E-04   7.0486900000E-05  -5.2038467000E-03  -4.9767120000E-04   8.5195290000E-04
   34      1.4611500000E-04   2.5547810000E-04   8.4386840000E-04   8.8538040000E-04  -1.6381986000E-03
   35      1.7909120000E-04   4.5628310000E-04  -1.1096141000E-03  -5.5067950000E-04   1.0682815400E-02
   36     -2.6790320000E-04   2.6239140000E-04   3.6241010000E-04  -1.0874880000E-04  -1.7285000000E-06
   37      3.5653890000E-04  -5.5022830000E-04  -3.3456100000E-05   3.4123930000E-04   5.0299910000E-04
   38      1.9576640000E-04  -1.2864770000E-04   6.5066700000E-05   2.0036480000E-04   2.3414330000E-04
   39     -5.0050000000E-06   3.1311960000E-04  -9.4383000000E-06   2.2269800000E-05  -3.9671300000E-05
   40      5.4654350000E-04  -4.5020530000E-04  -1.6661280000E-04   3.1316070000E-04   1.8742720000E-04
   41     -2.8734800000E-05  -2.6524180000E-04   4.1290600000E-05  -1.4493510000E-04  -1.1626810000E-04
   42     -8.7292100000E-05   9.2684100000E-05  -2.9890020000E-04  -2.9386350000E-04  -8.0293300000E-05
   43      3.4572410000E-04  -7.3750650000E-04  -2.2909460000E-04   1.9689880000E-04   7.3128550000E-04
   44     -4.5921020000E-04   6.6808520000E-04   2.0365980000E-04  -5.0665250000E-04  -9.4488710000E-04
   45     -1.7288580000E-04  -1.6687400000E-05   4.6928080000E-04  -5.2505200000E-05  -7.8045200000E-05
   46      5.8608230000E-04  -8.7103000000E-05  -4.1024610000E-04   1.1229933000E-03   1.5544090000E-04
   47      4.3284140000E-04  -3.5474060000E-04  -2.8221320000E-04   5.4673720000E-04   1.1040800000E-05
                   30                 31                 32                 33                 34        
    0     -9.5069440000E-04  -1.0770480000E-04  -9.1400810000E-04   4.5753930000E-04  -2.8428140000E-04
    1     -1.0491464000E-03  -3.6634070000E-04  -1.4132480000E-04  -2.4513180000E-04  -2.5314250000E-04
    2     -6.5162400000E-04  -6.2479540000E-04  -6.6845020000E-04  -1.4920580000E-04   3.6975890000E-04
    3     -5.7041612000E-03  -1.4042223000E-03   1.0294386000E-03   1.5048286000E-03  -1.1732469000E-03
    4      6.9010020000E-04   6.3234280000E-04   1.6186310000E-04   1.5435661000E-03   1.5060216000E-03
    5      1.5854692000E-03   2.4147980000E-04   1.1465816900E-02  -8.7082050000E-04   7.6365900000E-04
    6     -1.8311292200E-02  -1.1656315000E-03  -3.4802430000E-03  -1.9616689900E-02   5.2922428000E-03
    7     -2.6699393200E-02  -7.9728530000E-04  -1.8980715000E-03   2.7271424000E-02  -2.7865385000E-03
    8     -9.4146770000E-04  -2.5733790000E-04   8.7953280000E-04   5.4385361000E-03  -3.8000100000E-04
    9     -1.2401776650E-01  -1.1853609490E-01   2.5031771700E-02  -1.2293153400E-01   1.0872317370E-01
   10     -1.1719019820E-01  -2.1834854680E-01   2.7381732400E-02   1.1082946660E-01  -2.0041663900E-01
   11      1.7424400600E-02   2.0169089600E-02  -3.8369016600E-02   4.1542571600E-02  -5.5301495200E-02
   12     -3.5073130000E-04  -2.4060430000E-04  -1.4576115000E-03  -7.3558710000E-04  -8.6702300000E-05
   13     -8.8872800000E-05  -1.4930569000E-03  -5.6943780000E-04   3.6313830000E-04  -1.3427337000E-03
   14      1.4947360000E-04   2.8040660000E-04   1.0175268000E-03   6.2636000000E-05  -1.9870230000E-04
   15      1.5820890000E-04   9.3576880000E-04  -2.3550520000E-04  -5.1340400000E-05   1.2622380000E-04
   16      1.8630720000E-04  -2.0594850000E-04  -4.0422210000E-04   6.1449300000E-05  -2.9785030000E-04
   17      5.6082600000E-05  -1.1449180000E-04   4.4103680000E-04  -3.3476700000E-05  -1.3406810000E-04
   18     -8.3741970000E-04   1.2460320000E-04  -8.2528910000E-04   1.6320780000E-04   8.5001100000E-05
   19      1.1564800000E-05   2.4031410000E-04  -1.2630160000E-04  -3.1682900000E-04   2.5723790000E-04
   20      6.7031390000E-04   2.4282210000E-04  -1.2862387000E-03   4.2357470000E-04  -8.5868000000E-06
   21      1.4078490000E-04  -1.9582360000E-04  -2.4737540000E-04   1.9099900000E-05  -3.3328990000E-04
   22     -1.3818300000E-05   2.6324880000E-04  -3.3185500000E-05  -3.7704740000E-04   9.8051300000E-05
   23      3.4602480000E-04  -2.8319800000E-05   1.0198778000E-03   3.4061990000E-04  -7.5822100000E-05
   24     -2.8454230000E-04   6.9452700000E-05  -6.5697400000E-05  -1.1324270000E-04  -1.3623200000E-04
   25      3.5018090000E-04   3.2483690000E-04   1.3458520000E-04  -7.1829430000E-04   1.4611500000E-04
   26     -9.1184900000E-05   2.9476800000E-04  -3.5689710000E-04   7.0486900000E-05   2.5547810000E-04
   27      1.2468415000E-03   9.0559650000E-04   6.7276600000E-05  -5.2038467000E-03   8.4386840000E-04
   28     -7.8365500000E-04   8.9598000000E-04   6.6026370000E-04  -4.9767120000E-04   8.8538040000E-04
   29     -5.9048970000E-04   5.3312200000E-05  -4.5553372000E-03   8.5195290000E-04  -1.6381986000E-03
   30      1.4005774450E-01   1.3235790880E-01  -1.8267738500E-02   7.3553125000E-03   1.2505410800E-02
   31      1.3235790880E-01   2.4860072330E-01  -1.8769525800E-02  -1.2193672800E-02  -3.2999424000E-02
   32     -1.8267738500E-02  -1.8769525800E-02   2.4622272800E-02  -2.3584522000E-03  -6.6399726000E-03
   33      7.3553125000E-03  -1.2193672800E-02  -2.3584522000E-03   1.3756438110E-01  -1.2500395940E-01
   34      1.2505410800E-02  -3.2999424000E-02  -6.6399726000E-03  -1.2500395940E-01   2.3225041250E-01
   35      3.0066190000E-04  -1.5507157000E-03   6.0271909000E-03  -4.5306007500E-02   6.2977704600E-02
   36      5.6440540000E-04  -4.6588140000E-04   4.3235210000E-04   3.8390800000E-04  -4.8522260000E-04
   37      6.2070800000E-05   7.2527050000E-04   1.8846190000E-04  -2.8130240000E-04   6.2778860000E-04
   38      1.8938900000E-05  -2.5129100000E-05   2.2835350000E-04  -2.3915000000E-06   2.2187030000E-04
   39      1.2788780000E-04  -1.0562840000E-04   2.9732100000E-04   4.3766440000E-04  -1.3062600000E-04
   40     -4.4727700000E-05   7.2699370000E-04   1.7557700000E-05  -2.2148340000E-04   7.6117830000E-04
   41     -9.9968000000E-06   1.1072870000E-04  -1.9702850000E-04   6.6398200000E-05   2.5661920000E-04
   42     -2.6885000000E-06   5.1084400000E-04   6.9309650000E-04   6.3551340000E-04   5.8422010000E-04
   43     -4.7794640000E-04   9.3366430000E-04   2.0553570000E-04   1.3909470000E-04   1.0486129000E-03
   44      7.5131400000E-05  -2.7174090000E-04  -5.4259190000E-04   1.8658470000E-04  -4.7723520000E-04
   45      8.0811070000E-04  -4.8891010000E-04   3.0066380000E-04   1.3078580000E-04  -5.2658020000E-04
   46      1.8421450000E-04   8.6722780000E-04  -1.6795790000E-04  -3.5274730000E-04   5.1552950000E-04
   47     -7.3995300000E-05   2.4944940000E-04   2.7395170000E-04  -2.6300680000E-04   8.9920000000E-06
                   35                 36                 37                 38                 39        
    0     -8.1579400000E-05   6.0274920000E-04  -3.0356200000E-05   1.9522190000E-03  -2.6554200000E-05
    1     -2.3162140000E-04  -4.9190250000E-04   1.0324187000E-03  -4.6911235000E-03   2.0319008000E-03
    2      1.1509560000E-04  -4.5930522000E-03   5.1536140000E-04  -1.6182193100E-02  -4.0670080000E-03
    3      6.3265430000E-04  -3.2586402000E-03   3.3557560000E-04  -7.4059646000E-03  -1.5789042000E-03
    4      5.1136590000E-04  -5.4265790000E-04  -8.5030940000E-04  -1.4065976000E-03  -1.7132528000E-03
    5     -5.7492128000E-03   1.8071376000E-03  -6.9929410000E-04   4.6703362000E-03   2.6941394000E-03
    6     -3.1912077000E-03   2.1626660000E-03  -5.2671980000E-04   5.4599881000E-03   1.4284570000E-03
    7     -3.0385000000E-06   1.6035253000E-03  -3.4170940000E-04   3.9854842000E-03   1.1008357000E-03
    8      3.8005430000E-04   9.2041000000E-06   7.5921040000E-04  -1.9246860000E-04   5.6646550000E-04
    9      4.8731265300E-02  -7.3933380000E-04  -1.5080800000E-05  -2.1720177000E-03  -9.6944820000E-04
   10     -6.2195679500E-02   1.0807640000E-04  -7.8802270000E-04   6.0787140000E-04   2.0378190000E-04
   11     -5.4579035300E-02  -2.0724804000E-03  -1.1186750000E-04  -2.7371949000E-03  -1.3068295000E-03
   12     -1.1971939000E-03  -3.2703519200E-02  -8.0668065000E-03  -1.2249357400E-02  -7.4606047000E-03
   13      3.5335650000E-04   8.0039614000E-03   6.6226180000E-03  -7.0815761000E-03  -2.9035871700E-02
   14     -6.5737600000E-05   5.3411183000E-03   1.4745442000E-03   5.0816279000E-03  -8.8075660000E-04
   15     -6.7414880000E-04  -1.8009704280E-01   8.7356912300E-02   1.2226840480E-01  -3.9943498800E-02
   16      2.7517470000E-04   9.1992474800E-02  -9.3518294100E-02  -5.3392276800E-02  -1.8291152700E-02
   17      9.2410100000E-05   1.0170434670E-01  -5.4110074300E-02  -7.5287345600E-02   9.6809169000E-03
   18     -1.2658220000E-04   1.7159000000E-06  -2.3701640000E-04   1.5616100000E-05   1.0278210000E-04
   19     -3.9493100000E-05   1.9554090000E-04   1.6850100000E-04  -5.3631500000E-05   2.7523000000E-05
   20      8.2941930000E-04  -5.7617180000E-04  -6.9280300000E-05  -6.9327100000E-04  -7.1470420000E-04
   21     -2.3908880000E-04   5.3657130000E-04   1.1524000000E-06   2.0738820000E-04  -1.8235500000E-04
   22      9.2409100000E-05   4.9391300000E-05   6.8775220000E-04   7.5547700000E-05   7.8667800000E-05
   23      2.7418780000E-04  -9.3032730000E-04   3.0927110000E-04  -3.6123800000E-05  -6.7620120000E-04
   24      2.1539290000E-04  -5.3863500000E-05  -2.7559160000E-04  -2.2640330000E-04   3.5900900000E-05
   25      1.7909120000E-04  -2.6790320000E-04   3.5653890000E-04   1.9576640000E-04  -5.0050000000E-06
   26      4.5628310000E-04   2.6239140000E-04  -5.5022830000E-04  -1.2864770000E-04   3.1311960000E-04
   27     -1.1096141000E-03   3.6241010000E-04  -3.3456100000E-05   6.5066700000E-05  -9.4383000000E-06
   28     -5.5067950000E-04  -1.0874880000E-04   3.4123930000E-04   2.0036480000E-04   2.2269800000E-05
   29      1.0682815400E-02  -1.7285000000E-06   5.0299910000E-04   2.3414330000E-04  -3.9671300000E-05
   30      3.0066190000E-04   5.6440540000E-04   6.2070800000E-05   1.8938900000E-05   1.2788780000E-04
   31     -1.5507157000E-03  -4.6588140000E-04   7.2527050000E-04  -2.5129100000E-05  -1.0562840000E-04
   32      6.0271909000E-03   4.3235210000E-04   1.8846190000E-04   2.2835350000E-04   2.9732100000E-04
   33     -4.5306007500E-02   3.8390800000E-04  -2.8130240000E-04  -2.3915000000E-06   4.3766440000E-04
   34      6.2977704600E-02  -4.8522260000E-04   6.2778860000E-04   2.2187030000E-04  -1.3062600000E-04
   35      4.1600615500E-02   5.0023780000E-04   1.2475190000E-04  -1.4050220000E-04   3.4609680000E-04
   36      5.0023780000E-04   2.1744009120E-01  -1.0234511990E-01  -1.0502732300E-01  -6.1810940000E-04
   37      1.2475190000E-04  -1.0234511990E-01   1.0955724890E-01   6.2179554300E-02   2.6038114700E-02
   38     -1.4050220000E-04  -1.0502732300E-01   6.2179554300E-02   8.2059486400E-02   4.6588500000E-05
