
$orca_hessian_file

$act_atom
  0

$act_coord
  0

$act_energy
      -21.466599

$multiplicity
  1

$hessian
48
                    0                  1                  2                  3                  4        
    0      7.0293638020E-01   2.5714365700E-02   1.7690804040E-01  -3.9075104870E-01   2.1422232500E-02
    1      2.5714365700E-02   2.8870431430E-01  -1.9866736000E-02  -5.2294395000E-03  -6.4480514800E-02
    2      1.7690804040E-01  -1.9866736000E-02   1.5961710410E-01  -4.9510309700E-02  -3.0413411000E-03
    3     -3.9075104870E-01  -5.2294395000E-03  -4.9510309700E-02   6.7005897950E-01   1.4379631200E-02
    4      2.1422232500E-02  -6.4480514800E-02  -3.0413411000E-03   1.4379631200E-02   6.1377905010E-01
    5      1.0772387810E-01   4.8506449000E-03  -1.3457042900E-02   5.3236803000E-03  -2.1325349000E-03
    6     -2.8370189100E-02  -2.6518980200E-02  -1.4838987000E-03  -1.1768880130E-01  -1.1120494860E-01
    7     -4.7352965000E-03   8.3972380000E-04   4.8423400000E-03  -1.0933946450E-01  -2.7164886210E-01
    8      1.7775921000E-03   4.1192960000E-04   9.2427012000E-03   2.2645832900E-02   2.0745575500E-02
    9      4.9070169000E-03  -2.6807010000E-03  -1.5662766300E-02  -3.6327609800E-02  -8.9784223000E-03
   10     -1.0529471000E-03  -2.4333614000E-03  -7.8061800000E-04  -2.5907337400E-02  -6.4587890000E-04
   11      1.2206929100E-02   4.2609746000E-03   2.2004508600E-02   7.3979768000E-03   4.5307960000E-04
   12      2.2807718200E-02   1.6823787000E-03   1.2039159500E-02  -1.8898038100E-02  -1.7082293600E-02
   13      7.0460630000E-03  -1.6969911000E-03  -9.2668610000E-04  -9.7536716000E-03  -7.6013810000E-04
   14     -2.1166755900E-02  -4.7877724000E-03  -1.5660583600E-02  -2.6898200600E-02  -2.2390658300E-02
   15      7.4172734000E-03  -2.1099304000E-03  -3.0689444000E-03   1.1810750200E-02   6.5771427000E-03
   16     -2.3152139600E-02   5.6337608000E-03   6.7870320000E-04   1.3447546800E-02  -6.0725613000E-03
   17     -1.0659573380E-01   9.8668680000E-04  -2.2920148400E-02   4.0833250800E-02   4.0196738000E-03
   18     -1.3726165180E-01  -1.0286123130E-01  -4.6012447600E-02  -1.4117732700E-02  -2.8525309500E-02
   19     -1.1971081330E-01  -1.4485376660E-01  -5.8831852500E-02   8.0492650000E-04  -1.4901254000E-03
   20     -6.2432658200E-02  -6.1456899700E-02  -4.9446838700E-02   4.3608850000E-03   9.3621380000E-04
   21     -1.5321906570E-01   8.6124151700E-02  -8.3366312400E-02  -1.7066500600E-02   2.2276041300E-02
   22      9.4280715100E-02  -8.1707917800E-02   7.0687535000E-02   1.2095724000E-03  -3.8391072000E-03
   23     -1.1234771910E-01   7.3650615600E-02  -8.6700769800E-02   8.7756376000E-03   1.1340182000E-03
   24     -2.4198509600E-02   2.1159463500E-02  -7.1113599000E-03  -9.8886550100E-02   1.0716454420E-01
   25      5.2822643000E-03   1.9410045000E-03   1.9259296000E-03   1.0688815000E-01  -2.3758589220E-01
   26     -6.2224885000E-03   3.8996317000E-03   2.9038724000E-03   1.5323634000E-03   4.4684145000E-03
   27      3.4652130000E-04  -2.6853080000E-04  -3.1200700000E-05   5.5502825000E-03  -1.0283030200E-02
   28      1.1219764000E-03   2.8039961000E-03   6.0917010000E-04   1.0657799100E-02  -2.7221309300E-02
   29     -6.6309820000E-04   1.1391656000E-03  -5.4687390000E-04   1.0447462000E-03  -2.0854324000E-03
   30     -1.0897898000E-03   7.0936510000E-04   9.6687650000E-04  -4.7145426000E-03   2.0247441000E-03
   31     -3.5913460000E-04  -1.6342620000E-04  -4.1026590000E-04  -3.1142547000E-03  -1.2859008000E-03
   32      2.1549442000E-03   2.5371848000E-03   1.7248819000E-03   2.3852455000E-03   1.3710524000E-03
   33      6.9378360000E-04  -1.7601813000E-03   1.6070210000E-04   2.6405688000E-03   3.8251720000E-04
   34     -3.6722610000E-04   1.0344454000E-03  -3.3001410000E-04   5.0645280000E-04  -1.6651123000E-03
   35      6.5752160000E-04  -1.0871854000E-03   3.2620631000E-03  -1.3963801000E-03  -1.5315288000E-03
   36     -9.6354341000E-03   1.7084495000E-03  -2.4384600000E-05   1.8157594000E-03   2.3731300000E-04
   37     -8.4677248000E-03   2.6449779000E-03   5.5933915000E-03   5.5104947000E-03  -5.4425350000E-04
   38     -1.0275849100E-02  -5.0699910000E-04  -2.4274698000E-03   2.0021647000E-03   7.0763250000E-04
   39      4.1229759000E-03   1.1648551000E-03   6.4098224000E-03   2.5456077000E-03  -7.6436570000E-04
   40      7.8915005000E-03  -3.6322597000E-03  -1.1539035000E-03  -2.8032227000E-03   1.9540646000E-03
   41      1.5161526200E-02  -1.9475992000E-03  -1.5085472000E-03  -7.2337476000E-03   2.9051413000E-03
   42      4.2500494000E-03  -4.4032900000E-05   4.7594720000E-03   2.4352329000E-03   4.5622200000E-04
   43      4.0871582000E-03  -2.2273175000E-03   7.2189740000E-04   1.2921157000E-03   2.6433820000E-04
   44      3.5869064000E-03  -1.5455087000E-03  -2.1160530000E-03  -4.1358782000E-03  -4.2783883000E-03
   45     -2.9560303000E-03   3.2099980000E-03   5.0275513000E-03   1.5936429000E-03   1.9179817000E-03
   46     -9.0009938000E-03  -2.4066676000E-03   2.8245030000E-04   1.4507014000E-03   1.2422032000E-03
   47     -4.7303550000E-04  -5.3813320000E-04  -3.9708040000E-03  -7.1272670000E-03  -1.2809178000E-03
                    5                  6                  7                  8                  9        
    0      1.0772387810E-01  -2.8370189100E-02  -4.7352965000E-03   1.7775921000E-03   4.9070169000E-03
    1      4.8506449000E-03  -2.6518980200E-02   8.3972380000E-04   4.1192960000E-04  -2.6807010000E-03
    2     -1.3457042900E-02  -1.4838987000E-03   4.8423400000E-03   9.2427012000E-03  -1.5662766300E-02
    3      5.3236803000E-03  -1.1768880130E-01  -1.0933946450E-01   2.2645832900E-02  -3.6327609800E-02
    4     -2.1325349000E-03  -1.1120494860E-01  -2.7164886210E-01   2.0745575500E-02  -8.9784223000E-03
    5     -5.2085159800E-02  -2.8217076900E-02  -2.7882593000E-02  -3.7517896800E-02  -5.2653152000E-03
    6     -2.8217076900E-02   6.6724170400E-01   1.0914516300E-02  -1.1305970600E-02  -3.8659836100E-01
    7     -2.7882593000E-02   1.0914516300E-02   6.1379345870E-01   1.3428866000E-03   2.1485905900E-02
    8     -3.7517896800E-02  -1.1305970600E-02   1.3428866000E-03  -3.2494570200E-02  -9.6431598200E-02
    9     -5.2653152000E-03  -3.8659836100E-01   2.1485905900E-02  -9.6431598200E-02   6.9845027950E-01
   10      3.9191800000E-04   2.9896210000E-04  -6.5926904200E-02  -3.3291475000E-03   2.8612883100E-02
   11      5.3897450000E-03   4.8445942600E-02  -3.2303571000E-03  -1.8774499000E-02  -1.9201405690E-01
   12     -5.1321721200E-02   5.7464434000E-03   3.5043768000E-03   2.7959949700E-02  -1.8644440000E-03
   13     -2.8377516400E-02   1.3066595300E-02  -7.5122060000E-03  -3.5169463500E-02  -3.1622093400E-02
   14     -2.5632612000E-03  -3.5137400300E-02   9.3479525000E-03   9.5373838000E-02   1.0720074820E-01
   15     -2.8120501400E-02  -2.2815649600E-02  -1.7109130600E-02   4.7410125400E-02   3.2041404100E-02
   16      3.6973916400E-02  -2.9001093000E-03   1.9265257000E-03   1.9614238300E-02   7.8338039000E-03
   17      1.1277917610E-01   2.9736947900E-02   2.1777434000E-02  -8.9719400000E-03   2.5976398500E-02
   18     -4.5862886000E-03  -4.7435844000E-03   2.2907535000E-03  -2.6569574000E-03  -8.9551110000E-04
   19      2.7853290000E-03  -2.9009142000E-03  -9.7017240000E-04   2.9722060000E-04  -4.6994340000E-04
   20      3.8355617000E-03  -1.3581431000E-03  -6.9018740000E-04   6.4388279000E-03  -2.5571365000E-03
   21     -1.2854852300E-02   2.8719614000E-03   3.8203250000E-04   1.9169586000E-03   1.0134342000E-03
   22     -8.4776320000E-04   9.6154440000E-04  -1.4173047000E-03   7.2677050000E-04  -4.7465000000E-06
   23      1.6158764900E-02   1.7436487000E-03   2.0360929000E-03  -2.8797496000E-03  -9.2935330000E-04
   24     -2.0973115000E-03   5.6108341000E-03  -9.8750342000E-03  -4.6397650000E-04   3.3954110000E-04
   25      3.4655217000E-03   1.1016862500E-02  -2.7039887400E-02   1.0847013000E-03   1.2501374000E-03
   26     -2.6061444100E-02  -8.3609340000E-04   1.3565804000E-03   2.2575824000E-03   7.8994940000E-04
   27      7.7018360000E-04  -9.8330203800E-02   1.0756629920E-01   4.4551507000E-03  -2.2791581500E-02
   28     -1.1124245000E-03   1.0639320640E-01  -2.3751283710E-01  -7.0557686000E-03   5.1700201000E-03
   29      1.8556524000E-03  -3.1954090000E-04  -8.3077009000E-03  -2.4478683600E-02   8.0399037000E-03
   30      3.3745438000E-03  -1.3520324500E-02  -2.7231848800E-02   4.7097708000E-03  -1.4520227210E-01
   31     -1.2426358000E-03   2.3544887000E-03  -4.0226250000E-04  -3.3476552000E-03  -1.2103259730E-01
   32      5.9486960000E-03  -5.6546599000E-03  -1.3810378000E-03   2.5601738000E-03   6.2331387900E-02
   33     -1.3717133000E-03  -1.7179998600E-02   2.3307318500E-02   1.4264023200E-02  -1.4068811080E-01
   34      3.1061120000E-04   1.4541480000E-03  -4.0423908000E-03   3.8554020000E-04   9.1868630800E-02
   35     -1.4835077000E-03  -7.3166378000E-03  -1.1855450000E-03   1.5885037600E-02   1.1483834030E-01
   36      1.4247246400E-02   2.3645464000E-03   1.6593847000E-03   1.1434208000E-03   2.2171861000E-03
   37      9.0238855000E-03  -6.0254410000E-04  -1.6279666000E-03   2.5515157000E-03   4.1752833000E-03
   38      1.6343742700E-02   2.5294160000E-03   5.0467656000E-03  -2.5407257000E-03  -2.2310988000E-03
   39     -1.8454918000E-03   1.1143792000E-03   3.1239210000E-04  -3.7955391000E-03  -6.0349400000E-04
   40     -5.9119855000E-03   1.1825060000E-04   8.5513830000E-04  -7.8094190000E-04  -1.0279997000E-03
   41     -1.9725815700E-02   8.5807332000E-03   1.6708926000E-03  -1.7812580800E-02  -9.8941269000E-03
   42     -2.3000501000E-03   2.5598410000E-03  -4.1278150000E-04  -1.0983285100E-02  -7.1767623000E-03
   43      9.0754600000E-05   5.3841541000E-03  -1.6769515000E-03  -6.5018686000E-03  -4.7147687000E-03
   44     -5.2743109000E-03   1.6726013000E-03  -2.2527823000E-03   9.5357788000E-03   4.5078552000E-03
   45      6.5407902000E-03   1.7374030000E-03  -2.7194235000E-03  -6.4549720000E-04   3.1792848000E-03
   46      9.6148720000E-03  -7.8352320000E-03   2.3628986000E-03   9.0244668000E-03   1.0134607800E-02
   47     -4.1428998000E-03  -1.0798680000E-03  -2.4907413000E-03   4.1767058000E-03   1.3008689000E-03
                   10                 11                 12                 13                 14        
    0     -1.0529471000E-03   1.2206929100E-02   2.2807718200E-02   7.0460630000E-03  -2.1166755900E-02
    1     -2.4333614000E-03   4.2609746000E-03   1.6823787000E-03  -1.6969911000E-03  -4.7877724000E-03
    2     -7.8061800000E-04   2.2004508600E-02   1.2039159500E-02  -9.2668610000E-04  -1.5660583600E-02
    3     -2.5907337400E-02   7.3979768000E-03  -1.8898038100E-02  -9.7536716000E-03  -2.6898200600E-02
    4     -6.4587890000E-04   4.5307960000E-04  -1.7082293600E-02  -7.6013810000E-04  -2.2390658300E-02
    5      3.9191800000E-04   5.3897450000E-03  -5.1321721200E-02  -2.8377516400E-02  -2.5632612000E-03
    6      2.9896210000E-04   4.8445942600E-02   5.7464434000E-03   1.3066595300E-02  -3.5137400300E-02
    7     -6.5926904200E-02  -3.2303571000E-03   3.5043768000E-03  -7.5122060000E-03   9.3479525000E-03
    8     -3.3291475000E-03  -1.8774499000E-02   2.7959949700E-02  -3.5169463500E-02   9.5373838000E-02
    9      2.8612883100E-02  -1.9201405690E-01  -1.8644440000E-03  -3.1622093400E-02   1.0720074820E-01
   10      2.8487588660E-01   2.4448985200E-02  -1.6031220000E-03   1.0147031800E-02   6.0524481000E-03
   11      2.4448985200E-02   1.8148294320E-01   1.7030852800E-02   8.6073581000E-03  -4.0316396100E-02
   12     -1.6031220000E-03   1.7030852800E-02   5.1828754040E-01   3.5079924700E-02   9.4696022800E-02
   13      1.0147031800E-02   8.6073581000E-03   3.5079924700E-02   1.8656234940E-01  -3.9293932900E-02
   14      6.0524481000E-03  -4.0316396100E-02   9.4696022800E-02  -3.9293932900E-02   2.2044208680E-01
   15     -2.4783987000E-03  -1.6075578700E-02  -3.5269670330E-01  -6.9482513500E-02  -2.9053928400E-02
   16     -2.1549967000E-03  -8.9506218000E-03  -9.1814443300E-02  -6.7931206200E-02  -1.4227474300E-02
   17      2.7412761000E-03  -2.0037996300E-02   3.5974478000E-02   1.7408210700E-02  -4.1759892200E-02
   18      5.9692140000E-04  -1.1827071000E-03  -1.4017480000E-04   1.1542119000E-03   8.1647570000E-04
   19      7.2467800000E-05   4.7151940000E-04   2.5511200000E-04  -4.3032520000E-04  -6.6496100000E-05
   20     -2.2350572000E-03   1.9028748000E-03   5.3038600000E-03   2.9071691000E-03   1.0718819000E-03
   21     -1.8886194000E-03  -1.3075920000E-04   4.3796900000E-04   2.9164400000E-04   2.1620677000E-03
   22      9.8360460000E-04   3.1364820000E-04   5.3196070000E-04  -3.4300860000E-04  -3.8361730000E-04
   23      1.6041742000E-03   1.7956874000E-03   4.0507943000E-03  -1.3138940000E-04  -6.0819281000E-03
   24     -3.3779700000E-04   5.9545000000E-06  -1.2315620000E-04  -5.9870820000E-04   1.0378181000E-03
   25      2.8357308000E-03  -4.2686870000E-04   1.0702130000E-04  -9.5455270000E-04   5.2506600000E-05
   26     -1.5728394000E-03  -8.7373250000E-04   8.2151850000E-04   1.4254354000E-03  -9.0372730000E-04
   27      2.0962399000E-02   7.7824430000E-03  -9.9113970000E-04   2.5158104000E-03  -3.3298095000E-03
   28      2.0321644000E-03  -1.9417067000E-03   4.9859910000E-04  -2.0376192000E-03   1.9033154000E-03
   29     -3.6103820000E-03   2.4390378000E-03  -4.3061280000E-03   6.9861269000E-03  -1.1835342500E-02
   30     -1.0397611320E-01   4.7026420000E-02  -8.7334500000E-04   2.6558480000E-04  -1.0098780000E-04
   31     -1.3695904750E-01   5.4706161900E-02   1.2861134000E-03  -1.5654358000E-03   8.2399260000E-04
   32      5.7090879700E-02  -4.5286409300E-02  -2.0235839000E-03  -2.7603429000E-03  -6.0870823000E-03
   33      8.3663300200E-02   8.4458645600E-02  -1.5453106000E-03   2.0886554000E-03  -1.8079843000E-03
   34     -8.5481708400E-02  -7.7310796400E-02  -6.5772900000E-05  -1.3756399000E-03   2.3008531000E-03
   35     -8.1519108000E-02  -9.6524598100E-02  -1.6657025000E-03   9.3377005000E-03  -1.5903736700E-02
   36     -1.5980680000E-04  -1.5449947000E-03  -3.7733387400E-02   1.5694725700E-02   9.3036547000E-03
   37     -2.5524133000E-03  -1.0408824000E-03  -1.3429628800E-02   1.7638846000E-03   1.1069910000E-03
   38      7.0679090000E-04   4.5561971000E-03   6.1583195000E-03  -2.0958648000E-03  -4.3997660000E-04
   39      2.2871886000E-03  -5.4360727000E-03  -2.1592461100E-02  -3.5964429100E-02   1.3019820800E-02
   40     -1.5944560000E-03  -3.3619090000E-04  -4.3899597000E-03  -7.2735635000E-03   6.1187706000E-03
   41     -8.6836590000E-04  -2.7747536000E-03  -2.4586370000E-03   1.1122053000E-03   1.3728234000E-02
   42      3.1258580000E-03  -3.3259482000E-03  -1.0063220350E-01   5.8745757100E-02  -1.1306209480E-01
   43      7.7628250000E-04  -3.7693658000E-03   7.4042207900E-02  -4.2261102900E-02   1.2776758880E-01
   44     -2.3182882000E-03   9.4466450000E-04  -1.4608971270E-01   1.1293233280E-01  -1.4311543270E-01
   45     -2.1433707000E-03  -4.6450469000E-03  -1.0189307200E-02   1.1472443800E-02   2.3205536000E-03
   46     -3.9744021000E-03   3.7450628000E-03   1.1397525900E-02  -6.4331476600E-02  -7.4324467600E-02
   47      3.1973340000E-03   4.0727265000E-03   3.8305302000E-03  -5.1961342800E-02  -4.5948681200E-02
                   15                 16                 17                 18                 19        
    0      7.4172734000E-03  -2.3152139600E-02  -1.0659573380E-01  -1.3726165180E-01  -1.1971081330E-01
    1     -2.1099304000E-03   5.6337608000E-03   9.8668680000E-04  -1.0286123130E-01  -1.4485376660E-01
    2     -3.0689444000E-03   6.7870320000E-04  -2.2920148400E-02  -4.6012447600E-02  -5.8831852500E-02
    3      1.1810750200E-02   1.3447546800E-02   4.0833250800E-02  -1.4117732700E-02   8.0492650000E-04
    4      6.5771427000E-03  -6.0725613000E-03   4.0196738000E-03  -2.8525309500E-02  -1.4901254000E-03
    5     -2.8120501400E-02   3.6973916400E-02   1.1277917610E-01  -4.5862886000E-03   2.7853290000E-03
    6     -2.2815649600E-02  -2.9001093000E-03   2.9736947900E-02  -4.7435844000E-03  -2.9009142000E-03
    7     -1.7109130600E-02   1.9265257000E-03   2.1777434000E-02   2.2907535000E-03  -9.7017240000E-04
    8      4.7410125400E-02   1.9614238300E-02  -8.9719400000E-03  -2.6569574000E-03   2.9722060000E-04
    9      3.2041404100E-02   7.8338039000E-03   2.5976398500E-02  -8.9551110000E-04  -4.6994340000E-04
   10     -2.4783987000E-03  -2.1549967000E-03   2.7412761000E-03   5.9692140000E-04   7.2467800000E-05
   11     -1.6075578700E-02  -8.9506218000E-03  -2.0037996300E-02  -1.1827071000E-03   4.7151940000E-04
   12     -3.5269670330E-01  -9.1814443300E-02   3.5974478000E-02  -1.4017480000E-04   2.5511200000E-04
   13     -6.9482513500E-02  -6.7931206200E-02   1.7408210700E-02   1.1542119000E-03  -4.3032520000E-04
   14     -2.9053928400E-02  -1.4227474300E-02  -4.1759892200E-02   8.1647570000E-04  -6.6496100000E-05
   15      5.1258279700E-01   9.5772359200E-02  -1.1018503110E-01  -1.7181217000E-03   1.4011758000E-03
   16      9.5772359200E-02   3.1172096430E-01  -7.1005351200E-02  -5.0461770000E-04  -8.5388070000E-04
   17     -1.1018503110E-01  -7.1005351200E-02   2.7970025710E-01  -7.6749160000E-04  -1.1798220000E-03
   18     -1.7181217000E-03  -5.0461770000E-04  -7.6749160000E-04   1.3623336180E-01   1.2158454550E-01
   19      1.4011758000E-03  -8.5388070000E-04  -1.1798220000E-03   1.2158454550E-01   2.2627664260E-01
   20      3.5444118000E-03   3.6202796000E-03  -4.4269751000E-03   5.5432606200E-02   4.0410594300E-02
   21     -2.8621265000E-03   9.1331110000E-04   1.8705755000E-03   1.9564063000E-02   1.6141244000E-03
   22     -1.3404384000E-03  -1.0430169000E-03  -1.6991209000E-03   5.1293666000E-03  -8.5169664400E-02
   23      4.2052910000E-03  -5.9599851000E-03  -1.6723683700E-02  -2.0351878000E-03   1.7303434600E-02
   24     -6.8644990000E-04   1.6544672000E-03   3.2733258000E-03   4.1127884000E-03  -4.4298840000E-04
   25      1.6397240000E-04  -1.5054801000E-03  -2.0464728000E-03  -7.7631550000E-04   5.9028850000E-04
   26      4.4606619000E-03  -4.6773029000E-03  -1.0631096300E-02   1.6828720000E-03   7.4269100000E-05
   27     -7.3070800000E-04  -4.1962110000E-04  -1.0659630000E-03  -1.2995178000E-03  -7.0389520000E-04
   28     -3.2332400000E-05  -1.1139185000E-03  -8.6229320000E-04   1.6484430000E-04  -4.6274020000E-04
   29     -1.6235047000E-03  -1.0811282000E-03  -1.6217412000E-03   3.0236780000E-04  -1.0299508000E-03
   30     -1.2693955000E-03   9.8865800000E-04  -1.7816057000E-03  -2.6868902000E-03   1.1692795000E-03
   31      1.2002543000E-03  -9.2164690000E-04   9.4082310000E-04   1.1727299000E-03   1.0769380000E-04
   32     -6.1117896000E-03  -3.2807877000E-03   1.8154470000E-04  -8.3936710000E-04   9.9343630000E-04
   33     -3.4298300000E-04  -2.9446230000E-04  -2.9742166000E-03   7.0234550000E-04  -1.8820561000E-03
   34      1.5845032000E-03  -9.2607430000E-04  -5.6466650000E-04   1.5278425000E-03   1.3904193000E-03
   35     -7.2100635000E-03  -1.0862034000E-03  -7.7876552000E-03  -1.0510734000E-03  -8.7387890000E-04
   36     -9.5922248100E-02   4.8289577500E-02   9.5448254400E-02  -6.2368500000E-05   1.2029183000E-03
   37      6.4302796900E-02  -6.2026854300E-02  -9.6366608000E-02  -1.3754591000E-03   1.0568602000E-03
   38      1.1830439850E-01  -7.5105243100E-02  -1.5156370860E-01   1.7471930000E-04   5.0257250000E-04
   39     -3.2976944100E-02  -2.4327781300E-02   1.9505117400E-02   2.1621277000E-03  -1.6969893000E-03
   40     -4.2726866900E-02  -1.6196132230E-01   1.3831062700E-01  -8.2209560000E-04   1.0917121000E-03
   41      3.2734204800E-02   1.3043594090E-01  -1.0926793250E-01   2.3980590000E-04  -3.2861380000E-04
   42     -3.9094259000E-02   7.9163499000E-03  -8.2555673000E-03   1.8991815000E-03  -1.7825419000E-03
   43     -1.4718052800E-02   2.2077212000E-03  -4.1154622000E-03   5.1298170000E-04   2.5204852000E-03
   44      3.9583342000E-03   2.3334979000E-03   2.7459500000E-05   1.3888120000E-04  -4.5283890000E-04
   45     -1.2736636100E-02  -3.3402898900E-02  -2.0992739300E-02  -1.7483147000E-03   1.5580599000E-03
   46     -2.1004541000E-02  -1.4978013900E-02  -8.3449348000E-03   7.3083140000E-04   1.1241055000E-03
   47     -1.3168085700E-02  -8.2824787000E-03   3.0243321000E-03   3.4379250000E-04  -7.4922800000E-05
                   20                 21                 22                 23                 24        
    0     -6.2432658200E-02  -1.5321906570E-01   9.4280715100E-02  -1.1234771910E-01  -2.4198509600E-02
    1     -6.1456899700E-02   8.6124151700E-02  -8.1707917800E-02   7.3650615600E-02   2.1159463500E-02
    2     -4.9446838700E-02  -8.3366312400E-02   7.0687535000E-02  -8.6700769800E-02  -7.1113599000E-03
    3      4.3608850000E-03  -1.7066500600E-02   1.2095724000E-03   8.7756376000E-03  -9.8886550100E-02
    4      9.3621380000E-04   2.2276041300E-02  -3.8391072000E-03   1.1340182000E-03   1.0716454420E-01
    5      3.8355617000E-03  -1.2854852300E-02  -8.4776320000E-04   1.6158764900E-02  -2.0973115000E-03
    6     -1.3581431000E-03   2.8719614000E-03   9.6154440000E-04   1.7436487000E-03   5.6108341000E-03
    7     -6.9018740000E-04   3.8203250000E-04  -1.4173047000E-03   2.0360929000E-03  -9.8750342000E-03
    8      6.4388279000E-03   1.9169586000E-03   7.2677050000E-04  -2.8797496000E-03  -4.6397650000E-04
    9     -2.5571365000E-03   1.0134342000E-03  -4.7465000000E-06  -9.2935330000E-04   3.3954110000E-04
   10     -2.2350572000E-03  -1.8886194000E-03   9.8360460000E-04   1.6041742000E-03  -3.3779700000E-04
   11      1.9028748000E-03  -1.3075920000E-04   3.1364820000E-04   1.7956874000E-03   5.9545000000E-06
   12      5.3038600000E-03   4.3796900000E-04   5.3196070000E-04   4.0507943000E-03  -1.2315620000E-04
   13      2.9071691000E-03   2.9164400000E-04  -3.4300860000E-04  -1.3138940000E-04  -5.9870820000E-04
   14      1.0718819000E-03   2.1620677000E-03  -3.8361730000E-04  -6.0819281000E-03   1.0378181000E-03
   15      3.5444118000E-03  -2.8621265000E-03  -1.3404384000E-03   4.2052910000E-03  -6.8644990000E-04
   16      3.6202796000E-03   9.1331110000E-04  -1.0430169000E-03  -5.9599851000E-03   1.6544672000E-03
   17     -4.4269751000E-03   1.8705755000E-03  -1.6991209000E-03  -1.6723683700E-02   3.2733258000E-03
   18      5.5432606200E-02   1.9564063000E-02   5.1293666000E-03  -2.0351878000E-03   4.1127884000E-03
   19      4.0410594300E-02   1.6141244000E-03  -8.5169664400E-02   1.7303434600E-02  -4.4298840000E-04
   20      1.9191970600E-02  -1.6660257000E-03   1.4720082200E-02   2.5792204400E-02   8.8422190000E-04
   21     -1.6660257000E-03   1.5072155660E-01  -1.0431093710E-01   9.5763283100E-02  -5.2585367000E-03
   22      1.4720082200E-02  -1.0431093710E-01   1.6719074230E-01  -8.4570857200E-02   5.1188585000E-03
   23      2.5792204400E-02   9.5763283100E-02  -8.4570857200E-02   5.6573017800E-02   2.8818598000E-03
   24      8.8422190000E-04  -5.2585367000E-03   5.1188585000E-03   2.8818598000E-03   1.1894967170E-01
   25     -7.9249360000E-04  -6.3481660000E-04  -8.7163060000E-04  -4.2444610000E-04  -1.2007626710E-01
   26     -4.6830357000E-03  -3.3530367000E-03   1.2098301000E-03   6.5017459000E-03   1.8487050000E-03
   27      3.3842080000E-04   1.3504837000E-03  -6.8627790000E-04  -3.2472940000E-04  -1.0292553000E-03
   28     -7.4958440000E-04   5.4862200000E-05  -3.3183770000E-04   8.3706450000E-04  -2.4688025000E-03
   29     -1.4167820000E-03   3.4869900000E-05  -3.7686560000E-04   1.3700703000E-03   6.0772700000E-05
   30      8.6580310000E-04   6.8547640000E-04   1.5014813000E-03   8.1059650000E-04  -1.2770559000E-03
   31     -9.5618540000E-04  -1.9817562000E-03   1.3421100000E-03   1.0514992000E-03  -7.9386340000E-04
   32      6.1751160000E-04  -5.9103740000E-04   1.1303142000E-03   2.1047773000E-03  -2.8815390000E-04
   33      5.7500110000E-04  -1.0243280000E-04  -2.1138292000E-03   3.2844720000E-04   1.3143076000E-03
   34     -1.2875827000E-03  -2.1664116000E-03   7.3009750000E-04   1.4751794000E-03  -7.3351560000E-04
   35      2.3758504000E-03  -2.7467670000E-04  -1.3351732000E-03   2.8053400000E-04   2.0736670000E-04
   36     -1.6340839000E-03   8.5632860000E-04   1.6040257000E-03  -2.3223618000E-03  -6.3257480000E-04
   37      1.2796006000E-03   1.5956145000E-03   1.9126570000E-03  -3.6421809000E-03   4.0319900000E-05
   38     -1.5141035000E-03  -1.5054260000E-04   1.2127347000E-03  -4.3550070000E-04  -2.3311800000E-05
   39     -2.6631470000E-04  -3.3532670000E-04  -1.0794540000E-03  -4.7171400000E-04   1.2808771000E-03
   40      1.4724753000E-03   1.7724000000E-05  -2.4865810000E-04   2.9968290000E-04   2.1412930000E-04
   41      1.2435255000E-03   3.6911000000E-05  -9.3165110000E-04   7.9204790000E-04  -2.1239590000E-04
   42     -1.0433939000E-03   3.0153540000E-04  -2.1544915000E-03  -1.3253760000E-04   1.5032316000E-03
   43      1.1306732000E-03  -1.8086645000E-03   8.5175070000E-04  -3.6015650000E-04   2.1556200000E-05
   44      1.2753771000E-03   6.2441050000E-04  -1.5180913000E-03  -8.1025250000E-04   1.6248040000E-04
   45     -3.4745370000E-04   1.0411808000E-03   1.3526498000E-03   4.0446000000E-06  -1.0191631000E-03
   46      1.6909023000E-03  -4.7830040000E-04   1.9611840000E-03  -4.3027462000E-03  -4.6362200000E-05
   47     -2.2578508000E-03  -2.1833400000E-05   1.6622249000E-03   2.2630345000E-03  -1.6599550000E-04
                   25                 26                 27                 28                 29        
    0      5.2822643000E-03  -6.2224885000E-03   3.4652130000E-04   1.1219764000E-03  -6.6309820000E-04
    1      1.9410045000E-03   3.8996317000E-03  -2.6853080000E-04   2.8039961000E-03   1.1391656000E-03
    2      1.9259296000E-03   2.9038724000E-03  -3.1200700000E-05   6.0917010000E-04  -5.4687390000E-04
    3      1.0688815000E-01   1.5323634000E-03   5.5502825000E-03   1.0657799100E-02   1.0447462000E-03
    4     -2.3758589220E-01   4.4684145000E-03  -1.0283030200E-02  -2.7221309300E-02  -2.0854324000E-03
    5      3.4655217000E-03  -2.6061444100E-02   7.7018360000E-04  -1.1124245000E-03   1.8556524000E-03
    6      1.1016862500E-02  -8.3609340000E-04  -9.8330203800E-02   1.0639320640E-01  -3.1954090000E-04
    7     -2.7039887400E-02   1.3565804000E-03   1.0756629920E-01  -2.3751283710E-01  -8.3077009000E-03
    8      1.0847013000E-03   2.2575824000E-03   4.4551507000E-03  -7.0557686000E-03  -2.4478683600E-02
    9      1.2501374000E-03   7.8994940000E-04  -2.2791581500E-02   5.1700201000E-03   8.0399037000E-03
   10      2.8357308000E-03  -1.5728394000E-03   2.0962399000E-02   2.0321644000E-03  -3.6103820000E-03
   11     -4.2686870000E-04  -8.7373250000E-04   7.7824430000E-03  -1.9417067000E-03   2.4390378000E-03
   12      1.0702130000E-04   8.2151850000E-04  -9.9113970000E-04   4.9859910000E-04  -4.3061280000E-03
   13     -9.5455270000E-04   1.4254354000E-03   2.5158104000E-03  -2.0376192000E-03   6.9861269000E-03
   14      5.2506600000E-05  -9.0372730000E-04  -3.3298095000E-03   1.9033154000E-03  -1.1835342500E-02
   15      1.6397240000E-04   4.4606619000E-03  -7.3070800000E-04  -3.2332400000E-05  -1.6235047000E-03
   16     -1.5054801000E-03  -4.6773029000E-03  -4.1962110000E-04  -1.1139185000E-03  -1.0811282000E-03
   17     -2.0464728000E-03  -1.0631096300E-02  -1.0659630000E-03  -8.6229320000E-04  -1.6217412000E-03
   18     -7.7631550000E-04   1.6828720000E-03  -1.2995178000E-03   1.6484430000E-04   3.0236780000E-04
   19      5.9028850000E-04   7.4269100000E-05  -7.0389520000E-04  -4.6274020000E-04  -1.0299508000E-03
   20     -7.9249360000E-04  -4.6830357000E-03   3.3842080000E-04  -7.4958440000E-04  -1.4167820000E-03
   21     -6.3481660000E-04  -3.3530367000E-03   1.3504837000E-03   5.4862200000E-05   3.4869900000E-05
   22     -8.7163060000E-04   1.2098301000E-03  -6.8627790000E-04  -3.3183770000E-04  -3.7686560000E-04
   23     -4.2444610000E-04   6.5017459000E-03  -3.2472940000E-04   8.3706450000E-04   1.3700703000E-03
   24     -1.2007626710E-01   1.8487050000E-03  -1.0292553000E-03  -2.4688025000E-03   6.0772700000E-05
   25      2.6451779460E-01  -2.4666022000E-03  -2.5652970000E-03  -3.7923081000E-03  -5.1590200000E-04
   26     -2.4666022000E-03   2.7811349900E-02  -1.3588800000E-04   5.7638330000E-04   2.6319986000E-03
   27     -2.5652970000E-03  -1.3588800000E-04   1.1791481000E-01  -1.1980859390E-01  -4.7715188000E-03
   28     -3.7923081000E-03   5.7638330000E-04  -1.1980859390E-01   2.6503256330E-01   6.3278290000E-03
   29     -5.1590200000E-04   2.6319986000E-03  -4.7715188000E-03   6.3278290000E-03   2.8303256200E-02
   30      1.6159440000E-04  -2.9393470000E-04   3.8383616000E-03  -6.5397260000E-04  -1.8318069000E-03
   31     -5.2345170000E-04   1.1661672000E-03  -3.7394300000E-04   4.0952990000E-04   3.0858450000E-04
   32      6.7505570000E-04  -1.5105783000E-03  -1.1560264000E-03   9.4404770000E-04  -4.4953905000E-03
   33      6.1862200000E-05  -8.1672800000E-05  -5.2741046000E-03  -5.9251990000E-04   3.6179121000E-03
   34     -3.2278330000E-04   4.2585330000E-04   5.1230392000E-03  -8.6275110000E-04  -1.8570091000E-03
   35     -7.6753940000E-04   1.4904084000E-03  -2.3441713000E-03   3.7337710000E-04   6.4935330000E-03
   36     -4.9928400000E-04  -5.7141920000E-04   1.2260092000E-03   6.2629700000E-05  -3.4774310000E-04
   37      7.4326090000E-04  -3.3699853000E-03   1.7593970000E-04   5.6084890000E-04   1.0212603000E-03
   38      7.1045520000E-04  -2.6255050000E-03  -6.3506800000E-04   6.6459460000E-04   1.4841079000E-03
   39      9.4553900000E-05   2.9215590000E-04  -4.5845040000E-04  -3.3020630000E-04  -2.2837520000E-04
   40      8.2505830000E-04  -3.5149980000E-04  -7.3993030000E-04   8.7159410000E-04   1.0866554000E-03
   41     -3.1422410000E-04   3.3085470000E-03   6.1501380000E-04  -8.4130990000E-04  -4.2571410000E-04
   42      2.5028800000E-05   3.3943210000E-04  -4.8650970000E-04  -4.7129380000E-04   8.1576250000E-04
   43      6.9107240000E-04  -1.7602367000E-03  -9.5565600000E-05   7.5291980000E-04   3.7181753000E-03
   44     -9.7743820000E-04   1.5131441000E-03   2.7590050000E-04  -9.3618720000E-04  -1.7413972000E-03
   45     -4.9946700000E-04  -2.7312480000E-04   1.1650024000E-03   2.3378410000E-04   1.7538100000E-04
   46      4.5177630000E-04  -4.0409860000E-04  -3.9880260000E-04   8.7170470000E-04  -1.7234259000E-03
   47      8.1781700000E-04  -1.1295294000E-03  -4.4273720000E-04   1.2634929000E-03   1.9842688000E-03
                   30                 31                 32                 33                 34        
    0     -1.0897898000E-03  -3.5913460000E-04   2.1549442000E-03   6.9378360000E-04  -3.6722610000E-04
    1      7.0936510000E-04  -1.6342620000E-04   2.5371848000E-03  -1.7601813000E-03   1.0344454000E-03
    2      9.6687650000E-04  -4.1026590000E-04   1.7248819000E-03   1.6070210000E-04  -3.3001410000E-04
    3     -4.7145426000E-03  -3.1142547000E-03   2.3852455000E-03   2.6405688000E-03   5.0645280000E-04
    4      2.0247441000E-03  -1.2859008000E-03   1.3710524000E-03   3.8251720000E-04  -1.6651123000E-03
    5      3.3745438000E-03  -1.2426358000E-03   5.9486960000E-03  -1.3717133000E-03   3.1061120000E-04
    6     -1.3520324500E-02   2.3544887000E-03  -5.6546599000E-03  -1.7179998600E-02   1.4541480000E-03
    7     -2.7231848800E-02  -4.0226250000E-04  -1.3810378000E-03   2.3307318500E-02  -4.0423908000E-03
    8      4.7097708000E-03  -3.3476552000E-03   2.5601738000E-03   1.4264023200E-02   3.8554020000E-04
    9     -1.4520227210E-01  -1.2103259730E-01   6.2331387900E-02  -1.4068811080E-01   9.1868630800E-02
   10     -1.0397611320E-01  -1.3695904750E-01   5.7090879700E-02   8.3663300200E-02  -8.5481708400E-02
   11      4.7026420000E-02   5.4706161900E-02  -4.5286409300E-02   8.4458645600E-02  -7.7310796400E-02
   12     -8.7334500000E-04   1.2861134000E-03  -2.0235839000E-03  -1.5453106000E-03  -6.5772900000E-05
   13      2.6558480000E-04  -1.5654358000E-03  -2.7603429000E-03   2.0886554000E-03  -1.3756399000E-03
   14     -1.0098780000E-04   8.2399260000E-04  -6.0870823000E-03  -1.8079843000E-03   2.3008531000E-03
   15     -1.2693955000E-03   1.2002543000E-03  -6.1117896000E-03  -3.4298300000E-04   1.5845032000E-03
   16      9.8865800000E-04  -9.2164690000E-04  -3.2807877000E-03  -2.9446230000E-04  -9.2607430000E-04
   17     -1.7816057000E-03   9.4082310000E-04   1.8154470000E-04  -2.9742166000E-03  -5.6466650000E-04
   18     -2.6868902000E-03   1.1727299000E-03  -8.3936710000E-04   7.0234550000E-04   1.5278425000E-03
   19      1.1692795000E-03   1.0769380000E-04   9.9343630000E-04  -1.8820561000E-03   1.3904193000E-03
   20      8.6580310000E-04  -9.5618540000E-04   6.1751160000E-04   5.7500110000E-04  -1.2875827000E-03
   21      6.8547640000E-04  -1.9817562000E-03  -5.9103740000E-04  -1.0243280000E-04  -2.1664116000E-03
   22      1.5014813000E-03   1.3421100000E-03   1.1303142000E-03  -2.1138292000E-03   7.3009750000E-04
   23      8.1059650000E-04   1.0514992000E-03   2.1047773000E-03   3.2844720000E-04   1.4751794000E-03
   24     -1.2770559000E-03  -7.9386340000E-04  -2.8815390000E-04   1.3143076000E-03  -7.3351560000E-04
   25      1.6159440000E-04  -5.2345170000E-04   6.7505570000E-04   6.1862200000E-05  -3.2278330000E-04
   26     -2.9393470000E-04   1.1661672000E-03  -1.5105783000E-03  -8.1672800000E-05   4.2585330000E-04
   27      3.8383616000E-03  -3.7394300000E-04  -1.1560264000E-03  -5.2741046000E-03   5.1230392000E-03
   28     -6.5397260000E-04   4.0952990000E-04   9.4404770000E-04  -5.9251990000E-04  -8.6275110000E-04
   29     -1.8318069000E-03   3.0858450000E-04  -4.4953905000E-03   3.6179121000E-03  -1.8570091000E-03
   30      1.4372598580E-01   1.2604636820E-01  -5.4800399800E-02   1.9627450600E-02   3.5216330000E-04
   31      1.2604636820E-01   2.1646677890E-01  -3.2816136800E-02  -3.2251064000E-03  -8.3995634800E-02
   32     -5.4800399800E-02  -3.2816136800E-02   1.8425274500E-02   1.0831810000E-03  -1.8393768400E-02
   33      1.9627450600E-02  -3.2251064000E-03   1.0831810000E-03   1.3870941860E-01  -9.8194526600E-02
   34      3.5216330000E-04  -8.3995634800E-02  -1.8393768400E-02  -9.8194526600E-02   1.7045056850E-01
   35      1.4428268000E-03  -2.0774575800E-02   2.4723794400E-02  -9.7823320700E-02   9.5422290500E-02
   36      1.6721801000E-03  -1.9007557000E-03   1.2000453000E-03   2.9497350000E-04  -1.9708746000E-03
   37      8.7099420000E-04   2.0054980000E-03  -1.3436953000E-03  -1.5315669000E-03   1.0430378000E-03
   38     -2.4539180000E-04   9.6630500000E-04   1.8028169000E-03  -8.3795990000E-04   1.0985373000E-03
   39     -1.1566669000E-03   1.3097125000E-03   7.0602010000E-04   1.1639747000E-03   8.9651740000E-04
   40      1.5619800000E-05   2.4030826000E-03  -1.0891014000E-03  -1.0489507000E-03   2.5971366000E-03
   41      8.0697300000E-05  -3.7251360000E-04  -1.0279989000E-03   4.2743550000E-04  -1.4648618000E-03
   42     -2.1354800000E-05   1.0603352000E-03   1.4575895000E-03   1.2630106000E-03   1.8555621000E-03
   43     -1.3748389000E-03   1.3505837000E-03  -1.0588551000E-03   1.3592475000E-03   2.4039650000E-03
   44      1.5100550000E-04  -1.3775184000E-03  -8.8115110000E-04   4.9655270000E-04  -1.0775997000E-03
   45      2.2621829000E-03  -1.6485908000E-03   1.4660430000E-04  -1.2768930000E-03  -1.6705320000E-03
   46     -8.6907920000E-04   1.7315293000E-03  -2.6182455000E-03  -2.1970160000E-04  -9.7757520000E-04
   47     -3.7441360000E-04   1.3339534000E-03   1.1991393000E-03  -5.1503280000E-04   8.6743380000E-04
                   35                 36                 37                 38                 39        
    0      6.5752160000E-04  -9.6354341000E-03  -8.4677248000E-03  -1.0275849100E-02   4.1229759000E-03
    1     -1.0871854000E-03   1.7084495000E-03   2.6449779000E-03  -5.0699910000E-04   1.1648551000E-03
    2      3.2620631000E-03  -2.4384600000E-05   5.5933915000E-03  -2.4274698000E-03   6.4098224000E-03
    3     -1.3963801000E-03   1.8157594000E-03   5.5104947000E-03   2.0021647000E-03   2.5456077000E-03
    4     -1.5315288000E-03   2.3731300000E-04  -5.4425350000E-04   7.0763250000E-04  -7.6436570000E-04
    5     -1.4835077000E-03   1.4247246400E-02   9.0238855000E-03   1.6343742700E-02  -1.8454918000E-03
    6     -7.3166378000E-03   2.3645464000E-03  -6.0254410000E-04   2.5294160000E-03   1.1143792000E-03
    7     -1.1855450000E-03   1.6593847000E-03  -1.6279666000E-03   5.0467656000E-03   3.1239210000E-04
    8      1.5885037600E-02   1.1434208000E-03   2.5515157000E-03  -2.5407257000E-03  -3.7955391000E-03
    9      1.1483834030E-01   2.2171861000E-03   4.1752833000E-03  -2.2310988000E-03  -6.0349400000E-04
   10     -8.1519108000E-02  -1.5980680000E-04  -2.5524133000E-03   7.0679090000E-04   2.2871886000E-03
   11     -9.6524598100E-02  -1.5449947000E-03  -1.0408824000E-03   4.5561971000E-03  -5.4360727000E-03
   12     -1.6657025000E-03  -3.7733387400E-02  -1.3429628800E-02   6.1583195000E-03  -2.1592461100E-02
   13      9.3377005000E-03   1.5694725700E-02   1.7638846000E-03  -2.0958648000E-03  -3.5964429100E-02
   14     -1.5903736700E-02   9.3036547000E-03   1.1069910000E-03  -4.3997660000E-04   1.3019820800E-02
   15     -7.2100635000E-03  -9.5922248100E-02   6.4302796900E-02   1.1830439850E-01  -3.2976944100E-02
   16     -1.0862034000E-03   4.8289577500E-02  -6.2026854300E-02  -7.5105243100E-02  -2.4327781300E-02
   17     -7.7876552000E-03   9.5448254400E-02  -9.6366608000E-02  -1.5156370860E-01   1.9505117400E-02
   18     -1.0510734000E-03  -6.2368500000E-05  -1.3754591000E-03   1.7471930000E-04   2.1621277000E-03
   19     -8.7387890000E-04   1.2029183000E-03   1.0568602000E-03   5.0257250000E-04  -1.6969893000E-03
   20      2.3758504000E-03  -1.6340839000E-03   1.2796006000E-03  -1.5141035000E-03  -2.6631470000E-04
   21     -2.7467670000E-04   8.5632860000E-04   1.5956145000E-03  -1.5054260000E-04  -3.3532670000E-04
   22     -1.3351732000E-03   1.6040257000E-03   1.9126570000E-03   1.2127347000E-03  -1.0794540000E-03
   23      2.8053400000E-04  -2.3223618000E-03  -3.6421809000E-03  -4.3550070000E-04  -4.7171400000E-04
   24      2.0736670000E-04  -6.3257480000E-04   4.0319900000E-05  -2.3311800000E-05   1.2808771000E-03
   25     -7.6753940000E-04  -4.9928400000E-04   7.4326090000E-04   7.1045520000E-04   9.4553900000E-05
   26      1.4904084000E-03  -5.7141920000E-04  -3.3699853000E-03  -2.6255050000E-03   2.9215590000E-04
   27     -2.3441713000E-03   1.2260092000E-03   1.7593970000E-04  -6.3506800000E-04  -4.5845040000E-04
   28      3.7337710000E-04   6.2629700000E-05   5.6084890000E-04   6.6459460000E-04  -3.3020630000E-04
   29      6.4935330000E-03  -3.4774310000E-04   1.0212603000E-03   1.4841079000E-03  -2.2837520000E-04
   30      1.4428268000E-03   1.6721801000E-03   8.7099420000E-04  -2.4539180000E-04  -1.1566669000E-03
   31     -2.0774575800E-02  -1.9007557000E-03   2.0054980000E-03   9.6630500000E-04   1.3097125000E-03
   32      2.4723794400E-02   1.2000453000E-03  -1.3436953000E-03   1.8028169000E-03   7.0602010000E-04
   33     -9.7823320700E-02   2.9497350000E-04  -1.5315669000E-03  -8.3795990000E-04   1.1639747000E-03
   34      9.5422290500E-02  -1.9708746000E-03   1.0430378000E-03   1.0985373000E-03   8.9651740000E-04
   35      6.6643760300E-02   1.9324730000E-04   8.8266340000E-04  -1.6052709000E-03   5.0726100000E-04
   36      1.9324730000E-04   1.3057602600E-01  -8.9117849400E-02  -1.2032895010E-01   9.0450370000E-03
   37      8.8266340000E-04  -8.9117849400E-02   1.1847069550E-01   7.6507364500E-02   3.5899112800E-02
   38     -1.6052709000E-03  -1.2032895010E-01   7.6507364500E-02   1.1708656180E-01   6.8154769000E-03
