
$orca_hessian_file

$act_atom
  0

$act_coord
  0

$act_energy
      -21.835632

$multiplicity
  1

$hessian
48
                    0                  1                  2                  3                  4        
    0      6.6530744820E-01   2.5383996000E-03  -2.0244068210E-01  -3.5526451530E-01   3.6420014400E-02
    1      2.5383996000E-03   5.5944317450E-01  -1.4198039800E-02   1.4262380000E-02  -7.9719477600E-02
    2     -2.0244068210E-01  -1.4198039800E-02   1.2882477780E-01   1.2395646920E-01  -2.7870473500E-02
    3     -3.5526451530E-01   1.4262380000E-02   1.2395646920E-01   6.3330068780E-01  -1.1839291700E-02
    4      3.6420014400E-02  -7.9719477600E-02  -2.7870473500E-02  -1.1839291700E-02   6.0148683850E-01
    5      1.7301687220E-01  -2.8113897000E-03  -7.9079412400E-02  -1.5960019150E-01   5.2428038200E-02
    6     -5.1961853800E-02  -2.5140147800E-02   4.5745729500E-02  -9.7463699900E-02  -8.9379343500E-02
    7     -2.5821529100E-02  -4.4046300000E-05   2.7466992200E-02  -9.1439475900E-02  -2.5172423650E-01
    8      6.3453447000E-03   9.6720531000E-03   2.2612558000E-03   1.5942897000E-03  -7.1087480000E-03
    9      7.8336893000E-03  -3.8388630000E-03  -1.1460541600E-02  -5.4908120100E-02  -2.7911688500E-02
   10     -3.4377459000E-03  -2.8400803000E-03   4.9947070000E-03  -2.4244816700E-02   1.3360050000E-03
   11      6.9799206000E-03  -4.2726226000E-03  -2.3689597400E-02  -3.9116599100E-02  -2.2800433400E-02
   12      2.6984089000E-03  -7.1151904000E-03  -5.5406319900E-02  -4.2697307300E-02  -2.1019187300E-02
   13      1.3464996000E-03  -2.9577167000E-03  -2.6888105700E-02  -2.0007724800E-02  -5.3698172000E-03
   14     -6.9449312000E-03   5.7309070000E-04   2.4687261700E-02   2.0063621900E-02   1.4586364800E-02
   15     -1.3797343900E-02   6.2311418000E-03   7.2298951700E-02   4.2791794500E-02   1.4568644700E-02
   16     -2.5409055000E-03  -1.3486334000E-02   2.4431448900E-02   1.4647520000E-02   6.5795818000E-03
   17     -3.4370574000E-03   1.1080276500E-02   6.0925917600E-02   5.0248477700E-02   1.6534096800E-02
   18     -1.3386915620E-01  -1.2247477390E-01   1.7926485400E-02  -1.6766338000E-02  -2.1928268100E-02
   19     -1.2269242400E-01  -2.1219947820E-01   1.7649238400E-02  -6.9255780000E-04   6.3798900000E-05
   20      1.2807858200E-02   1.3854988600E-02  -3.4671423100E-02   9.9790708000E-03   1.3781336300E-02
   21     -1.0417792890E-01   1.1018810760E-01   1.0962303900E-02  -1.2713708900E-02   2.4835422600E-02
   22      1.0834114020E-01  -2.4444127050E-01  -6.4130992000E-03   6.5338200000E-03  -4.8744566000E-03
   23      3.3734648000E-03  -2.1174556000E-03  -2.5510922400E-02   1.4349727000E-02  -1.3294018600E-02
   24     -1.6141803100E-02   2.5944962600E-02   2.4197055000E-03  -9.9536968200E-02   1.0445696710E-01
   25      4.0134322000E-03  -3.1854685000E-03  -1.3743807000E-03   1.0465159980E-01  -2.4214094110E-01
   26      1.0049697000E-02  -1.0658758000E-02  -5.4782407000E-03   4.5564485000E-03  -1.5659601800E-02
   27      7.3264280000E-04  -2.1538505000E-03   3.7649290000E-04   7.2543356000E-03  -1.0724898300E-02
   28      1.1488089000E-03   4.6624190000E-04  -6.0054210000E-04   9.9469905000E-03  -2.7179164300E-02
   29      5.1084480000E-04   2.6543570000E-04  -2.8776161000E-03  -2.6447405000E-03  -6.0051248000E-03
   30     -7.2308700000E-05  -6.8934340000E-04  -8.7500990000E-04  -5.4081651000E-03   4.0960900000E-04
   31      1.1067340000E-04   1.0951500000E-04  -6.9976710000E-04  -9.0229720000E-04   5.0425370000E-04
   32     -1.6984315000E-03  -1.5037781000E-03   3.6626660000E-04  -3.4343158000E-03   1.3030590000E-03
   33      1.1931150000E-04  -1.5622230000E-04  -4.7375760000E-04   1.5498120000E-04   1.6440820000E-03
   34     -2.5132450000E-04  -2.4386850000E-04   2.1759650000E-04  -1.9555080000E-03   1.2102829000E-03
   35      2.0844550000E-04   4.5614980000E-04   9.2882250000E-04   2.2842675000E-03   1.3987334000E-03
   36      5.8176010000E-04  -1.2382860000E-04  -4.1244857000E-03  -1.6571887000E-03  -4.9386730000E-04
   37      3.9009700000E-04   6.4950000000E-04  -2.6660000000E-06   3.7211360000E-04  -1.7271420000E-04
   38      2.0841712000E-03  -4.8087689000E-03  -1.9857991200E-02  -6.6774098000E-03  -2.2220630000E-03
   39     -4.0918710000E-04   2.3792485000E-03  -3.8090895000E-03  -6.6547400000E-04  -9.0343000000E-04
   40      6.4991060000E-04  -6.6953660000E-04   2.0605691000E-03   4.0222270000E-04   3.4741240000E-04
   41     -2.5175568000E-03   6.5407836000E-03  -1.3682401200E-02  -4.9136534000E-03  -2.0643320000E-04
   42     -1.1183432000E-03   1.6142190000E-04   3.2919690000E-03   2.1054978000E-03   9.4322760000E-04
   43     -6.1079930000E-04   4.5853200000E-05   1.1978351000E-03   9.5865150000E-04   6.7625340000E-04
   44      1.1466781000E-03  -1.3960124000E-03  -9.3668806000E-03  -7.1611363000E-03  -3.4646464000E-03
   45     -4.6082070000E-04  -1.3442000000E-05   1.6117792000E-03   1.4741886000E-03   9.2200730000E-04
   46      3.9575230000E-04  -9.2700750000E-04   2.8687000000E-05  -6.9362610000E-04  -1.0236192000E-03
   47      5.1536200000E-04  -6.7595280000E-04  -3.7798168000E-03  -3.4843258000E-03  -1.4000859000E-03
                    5                  6                  7                  8                  9        
    0      1.7301687220E-01  -5.1961853800E-02  -2.5821529100E-02   6.3453447000E-03   7.8336893000E-03
    1     -2.8113897000E-03  -2.5140147800E-02  -4.4046300000E-05   9.6720531000E-03  -3.8388630000E-03
    2     -7.9079412400E-02   4.5745729500E-02   2.7466992200E-02   2.2612558000E-03  -1.1460541600E-02
    3     -1.5960019150E-01  -9.7463699900E-02  -9.1439475900E-02   1.5942897000E-03  -5.4908120100E-02
    4      5.2428038200E-02  -8.9379343500E-02  -2.5172423650E-01  -7.1087480000E-03  -2.7911688500E-02
    5      2.1456429600E-01  -1.1859341400E-02  -1.4224391600E-02  -3.8081087700E-02  -2.4842880000E-03
    6     -1.1859341400E-02   7.1011371640E-01  -2.1426078800E-02   1.2323825080E-01  -4.2660582620E-01
    7     -1.4224391600E-02  -2.1426078800E-02   6.0347178960E-01  -9.7372513000E-03   4.5337581900E-02
    8     -3.8081087700E-02   1.2323825080E-01  -9.7372513000E-03   1.6933584580E-01  -1.3885851270E-01
    9     -2.4842880000E-03  -4.2660582620E-01   4.5337581900E-02  -1.3885851270E-01   7.2852359990E-01
   10     -6.0820443000E-03   1.8763084300E-02  -8.0021184700E-02  -2.9529342000E-03  -7.9566836000E-03
   11      3.3820169000E-03  -1.0188306760E-01   2.0889091400E-02  -5.0288822300E-02   1.6721242690E-01
   12      1.1802346600E-02   3.7167415100E-02   1.6225505700E-02   2.3134480400E-02  -1.2593772600E-02
   13      8.7936427000E-03   1.4179306300E-02   8.3263543000E-03   9.1844739000E-03  -3.6455419000E-03
   14     -1.9642487900E-02  -4.2490859600E-02  -1.4881954400E-02  -3.4362936900E-02   6.7149285000E-03
   15     -3.0330131200E-02  -3.7543620800E-02  -2.0848011500E-02  -6.4144673000E-03   8.0330572000E-03
   16     -1.0954355300E-02  -1.5366481500E-02  -5.9109599000E-03  -1.6173548000E-03   2.7320847000E-03
   17     -5.1214534400E-02  -2.3946657000E-02  -1.6895224000E-02  -1.9089445700E-02   6.2927137000E-03
   18      3.6149762000E-03  -5.0126983000E-03  -2.2504650000E-04   4.9167060000E-03   4.8104200000E-05
   19      6.6072960000E-04  -1.1694614000E-03   6.9232280000E-04   1.2026270000E-04   1.2474800000E-05
   20     -3.4029516000E-03   4.5654803000E-03  -2.1311287000E-03   6.3436921000E-03   1.5511159000E-03
   21      1.1954671000E-03  -1.0352659000E-03   1.3137349000E-03  -1.6085005000E-03   3.6335000000E-04
   22     -2.5627683000E-03  -2.1004250000E-03   1.1735663000E-03   5.6781220000E-04  -2.2569420000E-04
   23     -4.4051002000E-03  -3.6892848000E-03  -1.5981483000E-03  -4.0017776000E-03   2.2423330000E-04
   24      1.3559063400E-02   7.7628248000E-03  -1.1289378700E-02  -1.1585178000E-03   8.7827760000E-04
   25     -1.9567552600E-02   1.0049882900E-02  -2.7183461900E-02  -2.0837707000E-03   1.2849083000E-03
   26     -3.2623911800E-02   2.5398574000E-03   2.2544191000E-03   8.8320700000E-04  -5.9773310000E-04
   27      4.7291300000E-05  -1.0025492360E-01   1.0504711560E-01  -3.1110016000E-03  -1.8265597300E-02
   28     -6.0283820000E-04   1.0592098360E-01  -2.4179318170E-01   2.1127731000E-03   4.8282309000E-03
   29      9.0930060000E-04   4.8957197000E-03   1.9152561000E-03  -3.3745395800E-02  -7.6359393000E-03
   30     -3.2364799000E-03  -1.8130779400E-02  -2.3614428600E-02  -5.6781570000E-03  -1.2672630510E-01
   31     -1.7748730000E-04  -7.8517430000E-04   4.2101960000E-04  -2.7763410000E-04  -1.2233015590E-01
   32      8.7683619000E-03  -6.5530358000E-03  -1.0173731400E-02  -3.0398972000E-03  -1.8711131700E-02
   33      1.4951106000E-03  -1.5799725500E-02   2.6471765400E-02  -2.7134710000E-04  -1.0671795520E-01
   34      8.5946200000E-05   6.7451612000E-03  -4.8421637000E-03   1.4050361000E-03   1.1102217290E-01
   35     -4.6664014000E-03  -9.6801936000E-03   9.7808433000E-03  -1.3667193000E-03   1.2395567000E-03
   36      7.7955770000E-04   1.4042691000E-03   9.5473480000E-04  -1.9099780000E-04  -6.5091850000E-04
   37     -4.4079220000E-04  -5.8068770000E-04  -3.6835620000E-04   1.9135700000E-04  -3.4657220000E-04
   38      3.5898211000E-03   5.6308144000E-03   3.3342468000E-03   1.2063511000E-03  -1.2659509000E-03
   39      1.1532076000E-03   6.1968710000E-04   5.3924720000E-04  -6.2975500000E-05  -5.5977200000E-04
   40     -3.2932250000E-04  -2.2185230000E-04  -5.8779750000E-04  -1.5399630000E-04   3.0070700000E-05
   41      1.6623900000E-03   4.1897078000E-03   1.4591138000E-03   2.8768130000E-04  -7.0258620000E-04
   42      6.2496740000E-04  -1.8137841000E-03  -4.4513910000E-04  -9.0101130000E-04   8.5887800000E-04
   43     -5.6073610000E-04  -9.7002370000E-04  -5.9662890000E-04  -1.9081000000E-04   3.2888950000E-04
   44      1.1708808000E-03   6.0773897000E-03   2.1435538000E-03   2.9936880000E-03  -1.9942506000E-03
   45      2.2157200000E-04  -1.4457348000E-03  -7.8059740000E-04  -9.7358320000E-04   4.8931080000E-04
   46     -3.6546785000E-03   1.4812577000E-03  -1.0130355000E-03   8.6873120000E-04   6.7878570000E-04
   47     -9.3118000000E-04   3.2194901000E-03   3.9831320000E-04   6.6436150000E-04   4.7595930000E-04
                   10                 11                 12                 13                 14        
    0     -3.4377459000E-03   6.9799206000E-03   2.6984089000E-03   1.3464996000E-03  -6.9449312000E-03
    1     -2.8400803000E-03  -4.2726226000E-03  -7.1151904000E-03  -2.9577167000E-03   5.7309070000E-04
    2      4.9947070000E-03  -2.3689597400E-02  -5.5406319900E-02  -2.6888105700E-02   2.4687261700E-02
    3     -2.4244816700E-02  -3.9116599100E-02  -4.2697307300E-02  -2.0007724800E-02   2.0063621900E-02
    4      1.3360050000E-03  -2.2800433400E-02  -2.1019187300E-02  -5.3698172000E-03   1.4586364800E-02
    5     -6.0820443000E-03   3.3820169000E-03   1.1802346600E-02   8.7936427000E-03  -1.9642487900E-02
    6      1.8763084300E-02  -1.0188306760E-01   3.7167415100E-02   1.4179306300E-02  -4.2490859600E-02
    7     -8.0021184700E-02   2.0889091400E-02   1.6225505700E-02   8.3263543000E-03  -1.4881954400E-02
    8     -2.9529342000E-03  -5.0288822300E-02   2.3134480400E-02   9.1844739000E-03  -3.4362936900E-02
    9     -7.9566836000E-03   1.6721242690E-01  -1.2593772600E-02  -3.6455419000E-03   6.7149285000E-03
   10      5.6193386330E-01   3.6957717600E-02   7.1184756000E-03  -5.8706543000E-03  -6.7182229000E-03
   11      3.6957717600E-02   1.1187665350E-01  -4.2202381500E-02  -1.3693868300E-02   3.0452946500E-02
   12      7.1184756000E-03  -4.2202381500E-02   5.8738124040E-01   1.3044827500E-02   1.5842690320E-01
   13     -5.8706543000E-03  -1.3693868300E-02   1.3044827500E-02   3.6136387900E-01   1.0585949700E-02
   14     -6.7182229000E-03   3.0452946500E-02   1.5842690320E-01   1.0585949700E-02   1.3735593380E-01
   15     -6.6820334000E-03   3.1023798200E-02  -2.9104703950E-01  -9.5971076500E-02  -4.3833929700E-02
   16     -2.9835154000E-03   1.2810089300E-02  -1.1285112730E-01  -1.2330632290E-01  -2.0628886500E-02
   17     -3.3778112000E-03   2.1867677100E-02   4.3850939100E-02   1.6630338900E-02  -6.0125743200E-02
   18     -6.5563030000E-04   6.5120350000E-04   2.4175850000E-04   4.2051800000E-05  -7.7486980000E-04
   19      2.9960500000E-05   2.2407260000E-04   3.6811990000E-04  -2.0677800000E-04   1.4125390000E-04
   20      1.4179162000E-03   5.5955500000E-04   4.1648320000E-04   6.5836770000E-04  -1.6148708000E-03
   21     -2.9475560000E-04   7.9561140000E-04   8.8524230000E-04   1.1177488000E-03  -7.5186310000E-04
   22     -1.7897470000E-04  -2.7589730000E-04  -1.3122070000E-04   2.5914900000E-05   4.1977400000E-05
   23     -7.1158550000E-04   1.1302082000E-03   2.6311166000E-03   1.1709212000E-03  -1.1631078000E-03
   24     -1.7093933000E-03  -6.7640930000E-04  -1.0098346000E-03  -2.8114080000E-04   3.6197390000E-04
   25      5.6787300000E-04   6.9879180000E-04   4.2569500000E-05  -1.1731185000E-03   2.1757650000E-04
   26      2.9857630000E-04  -2.5894966000E-03  -1.3223392000E-03  -5.2130560000E-04   1.1317365000E-03
   27      2.6957454900E-02  -7.6835320000E-04   1.0774970000E-04   9.5182740000E-04  -4.9141460000E-04
   28     -3.5602639000E-03   1.2165296000E-03   7.7689840000E-04  -9.4936410000E-04  -3.9639900000E-05
   29      7.0386205000E-03  -2.8860138000E-03  -2.0848212000E-03  -5.9700220000E-04   1.4023011000E-03
   30     -1.2084284000E-01  -2.1856126100E-02  -1.2061083000E-03  -1.9444751000E-03   1.5754630000E-04
   31     -2.2244882550E-01  -2.8318072200E-02  -4.0531400000E-04  -1.5513375000E-03   3.5856300000E-04
   32     -2.4867291300E-02  -3.6054280100E-02   1.6791865000E-03   2.3865199000E-03   5.6533930000E-04
   33      1.1186847420E-01  -3.0025746000E-03  -1.7453867000E-03   9.6635620000E-04   1.1453628000E-03
   34     -2.4372774420E-01  -3.1722902000E-03  -2.4276200000E-05  -8.9849430000E-04  -1.2811010000E-04
   35     -6.6016445000E-03  -2.8752021900E-02   3.1313307000E-03  -1.1497812000E-03  -2.8743876000E-03
   36      3.4776800000E-04  -1.9693558000E-03  -3.1324029900E-02   8.3791479000E-03   6.2680264000E-03
   37     -4.4931730000E-04   3.7075410000E-04  -9.3071344000E-03   6.8742409000E-03   2.2825714000E-03
   38      1.0513167000E-03  -4.6542009000E-03  -1.2193061900E-02  -7.5023909000E-03   4.3253195000E-03
   39     -2.1364770000E-04  -6.7331830000E-04  -4.6489225000E-03  -2.7386191300E-02   6.9477990000E-04
   40     -1.2141390000E-04   3.5225600000E-05  -3.9941868000E-03  -1.8876899300E-02  -5.7819380000E-04
   41      8.3092100000E-04  -3.5821618000E-03  -7.4124025000E-03  -2.7670815000E-03   2.7818921000E-03
   42     -5.1313470000E-04   2.8707290000E-03  -2.1706033250E-01   1.0404280900E-01  -9.5333185100E-02
   43      5.6117400000E-05   2.0788463000E-03   1.1072372070E-01  -8.4334152700E-02   4.7316373300E-02
   44      3.5343663000E-03  -1.0589928000E-02  -1.1757416490E-01   4.6724310600E-02  -5.5922008100E-02
   45      1.4954241000E-03   2.6144962000E-03  -2.5149081100E-02   5.1655761000E-03  -3.2120896000E-03
   46     -1.7218451000E-03  -2.7479342000E-03   6.5475197000E-03  -1.3109573370E-01  -3.3128713100E-02
   47     -4.8126076000E-03  -6.1825345000E-03  -6.8772952000E-03  -4.3014989300E-02  -2.6997188000E-02
                   15                 16                 17                 18                 19        
    0     -1.3797343900E-02  -2.5409055000E-03  -3.4370574000E-03  -1.3386915620E-01  -1.2269242400E-01
    1      6.2311418000E-03  -1.3486334000E-02   1.1080276500E-02  -1.2247477390E-01  -2.1219947820E-01
    2      7.2298951700E-02   2.4431448900E-02   6.0925917600E-02   1.7926485400E-02   1.7649238400E-02
    3      4.2791794500E-02   1.4647520000E-02   5.0248477700E-02  -1.6766338000E-02  -6.9255780000E-04
    4      1.4568644700E-02   6.5795818000E-03   1.6534096800E-02  -2.1928268100E-02   6.3798900000E-05
    5     -3.0330131200E-02  -1.0954355300E-02  -5.1214534400E-02   3.6149762000E-03   6.6072960000E-04
    6     -3.7543620800E-02  -1.5366481500E-02  -2.3946657000E-02  -5.0126983000E-03  -1.1694614000E-03
    7     -2.0848011500E-02  -5.9109599000E-03  -1.6895224000E-02  -2.2504650000E-04   6.9232280000E-04
    8     -6.4144673000E-03  -1.6173548000E-03  -1.9089445700E-02   4.9167060000E-03   1.2026270000E-04
    9      8.0330572000E-03   2.7320847000E-03   6.2927137000E-03   4.8104200000E-05   1.2474800000E-05
   10     -6.6820334000E-03  -2.9835154000E-03  -3.3778112000E-03  -6.5563030000E-04   2.9960500000E-05
   11      3.1023798200E-02   1.2810089300E-02   2.1867677100E-02   6.5120350000E-04   2.2407260000E-04
   12     -2.9104703950E-01  -1.1285112730E-01   4.3850939100E-02   2.4175850000E-04   3.6811990000E-04
   13     -9.5971076500E-02  -1.2330632290E-01   1.6630338900E-02   4.2051800000E-05  -2.0677800000E-04
   14     -4.3833929700E-02  -2.0628886500E-02  -6.0125743200E-02  -7.7486980000E-04   1.4125390000E-04
   15      5.7623713490E-01   2.6501056000E-02  -1.4956978160E-01  -2.3981440000E-03   3.3979400000E-05
   16      2.6501056000E-02   5.7555932720E-01   7.0950869000E-03  -2.5964509000E-03  -3.8439500000E-04
   17     -1.4956978160E-01   7.0950869000E-03   1.2048751280E-01  -1.3079529000E-03  -1.9556600000E-04
   18     -2.3981440000E-03  -2.5964509000E-03  -1.3079529000E-03   1.5025983530E-01   1.3773409940E-01
   19      3.3979400000E-05  -3.8439500000E-04  -1.9556600000E-04   1.3773409940E-01   2.3464484690E-01
   20     -4.7788622000E-03  -4.4206084000E-03  -1.1646743000E-03  -2.2152437600E-02  -2.1249997700E-02
   21     -3.6784887000E-03   1.9554894000E-03  -3.7506984000E-03   7.0896154000E-03  -1.4483080500E-02
   22      5.2840560000E-04  -2.8472230000E-04   3.5755200000E-04   1.0198177000E-02  -2.5635508200E-02
   23     -7.2214776000E-03   3.3346850000E-03  -7.7413687000E-03  -5.6744830000E-04   2.6848432000E-03
   24      5.5990540000E-04   5.1294550000E-04   7.9401640000E-04   5.3420580000E-04   7.7233210000E-04
   25      4.3041370000E-04  -2.5797070000E-04  -8.4024700000E-05  -5.4624120000E-04   1.0150587000E-03
   26      1.6733833000E-03   6.9711080000E-04   2.1733521000E-03  -1.2452899000E-03  -5.2324900000E-05
   27     -6.3733710000E-04  -1.2299820000E-04  -3.6878310000E-04  -5.5872800000E-05   1.1943800000E-04
   28     -1.4859730000E-04  -5.7038110000E-04  -3.1130840000E-04   2.2498240000E-04   5.9109170000E-04
   29      1.5161295000E-03   2.6055270000E-04   1.2897063000E-03  -3.4806900000E-05  -1.6257100000E-05
   30      2.8674150000E-04   1.2816240000E-04   5.4293920000E-04   1.0223610000E-04   1.4071400000E-05
   31      6.9072100000E-04  -3.4342600000E-05   6.6822300000E-05   1.2039470000E-04   1.6985670000E-04
   32      2.1257130000E-04  -2.9010120000E-04  -9.7379770000E-04  -1.0326230000E-03  -1.6185640000E-04
   33      2.9272050000E-04   2.0734180000E-04   4.2284070000E-04   6.5667700000E-05  -9.7569600000E-05
   34      1.1366460000E-04   1.9673780000E-04   5.7688000000E-05  -8.5490800000E-05   1.5623760000E-04
   35     -1.2890791000E-03  -3.9771350000E-04  -9.6193800000E-04   2.1829600000E-04  -8.8149200000E-05
   36     -2.0567368920E-01   1.0368314400E-01   8.8182449400E-02   3.0564900000E-05  -1.8768000000E-05
   37      1.0153328520E-01  -1.0330639010E-01  -4.7941363000E-02  -9.2828000000E-06  -2.5476910000E-04
   38      1.0674746060E-01  -4.4931717800E-02  -5.3311168100E-02  -3.6173700000E-05  -1.1956580000E-04
   39     -3.9903861300E-02   2.7634370000E-03   6.4962739000E-03  -3.8032090000E-04   1.3650260000E-04
   40      5.6902060000E-04  -3.0279297390E-01   2.5118601800E-02  -7.3614900000E-05   6.6965060000E-04
   41      1.3985342500E-02   3.2479442100E-02  -2.2582876600E-02  -4.3568390000E-04   3.1937390000E-04
   42     -3.0486006800E-02   6.4039317000E-03  -7.5652406000E-03   1.6774730000E-04  -1.8977460000E-04
   43     -1.1734353300E-02   3.3892589000E-03  -2.0387752000E-03   4.1135800000E-05   1.1639500000E-04
   44      1.3994101600E-02   7.7540935000E-03   7.2234668000E-03   1.6555780000E-04   2.5582600000E-05
   45     -3.0358227000E-03  -2.6057149100E-02  -6.8844793000E-03  -5.7205200000E-05   1.5261830000E-04
   46     -1.5816260600E-02  -3.2406598000E-02  -6.0963907000E-03   2.3395830000E-04   5.3170910000E-04
   47      1.9859899000E-03  -5.6217718000E-03   3.1979140000E-03   9.4061100000E-05   5.8360200000E-05
                   20                 21                 22                 23                 24        
    0      1.2807858200E-02  -1.0417792890E-01   1.0834114020E-01   3.3734648000E-03  -1.6141803100E-02
    1      1.3854988600E-02   1.1018810760E-01  -2.4444127050E-01  -2.1174556000E-03   2.5944962600E-02
    2     -3.4671423100E-02   1.0962303900E-02  -6.4130992000E-03  -2.5510922400E-02   2.4197055000E-03
    3      9.9790708000E-03  -1.2713708900E-02   6.5338200000E-03   1.4349727000E-02  -9.9536968200E-02
    4      1.3781336300E-02   2.4835422600E-02  -4.8744566000E-03  -1.3294018600E-02   1.0445696710E-01
    5     -3.4029516000E-03   1.1954671000E-03  -2.5627683000E-03  -4.4051002000E-03   1.3559063400E-02
    6      4.5654803000E-03  -1.0352659000E-03  -2.1004250000E-03  -3.6892848000E-03   7.7628248000E-03
    7     -2.1311287000E-03   1.3137349000E-03   1.1735663000E-03  -1.5981483000E-03  -1.1289378700E-02
    8      6.3436921000E-03  -1.6085005000E-03   5.6781220000E-04  -4.0017776000E-03  -1.1585178000E-03
    9      1.5511159000E-03   3.6335000000E-04  -2.2569420000E-04   2.2423330000E-04   8.7827760000E-04
   10      1.4179162000E-03  -2.9475560000E-04  -1.7897470000E-04  -7.1158550000E-04  -1.7093933000E-03
   11      5.5955500000E-04   7.9561140000E-04  -2.7589730000E-04   1.1302082000E-03  -6.7640930000E-04
   12      4.1648320000E-04   8.8524230000E-04  -1.3122070000E-04   2.6311166000E-03  -1.0098346000E-03
   13      6.5836770000E-04   1.1177488000E-03   2.5914900000E-05   1.1709212000E-03  -2.8114080000E-04
   14     -1.6148708000E-03  -7.5186310000E-04   4.1977400000E-05  -1.1631078000E-03   3.6197390000E-04
   15     -4.7788622000E-03  -3.6784887000E-03   5.2840560000E-04  -7.2214776000E-03   5.5990540000E-04
   16     -4.4206084000E-03   1.9554894000E-03  -2.8472230000E-04   3.3346850000E-03   5.1294550000E-04
   17     -1.1646743000E-03  -3.7506984000E-03   3.5755200000E-04  -7.7413687000E-03   7.9401640000E-04
   18     -2.2152437600E-02   7.0896154000E-03   1.0198177000E-02  -5.6744830000E-04   5.3420580000E-04
   19     -2.1249997700E-02  -1.4483080500E-02  -2.5635508200E-02   2.6848432000E-03   7.7233210000E-04
   20      3.4544121900E-02   4.2389400000E-05  -1.1009221000E-03   2.3764419000E-03  -1.5580460000E-03
   21      4.2389400000E-05   1.1621331270E-01  -1.2259145300E-01  -1.2200407100E-02  -3.0118836000E-03
   22     -1.1009221000E-03  -1.2259145300E-01   2.7160179520E-01   9.4522726000E-03   7.4716850000E-04
   23      2.3764419000E-03  -1.2200407100E-02   9.4522726000E-03   3.4211575000E-02   5.8225589000E-03
   24     -1.5580460000E-03  -3.0118836000E-03   7.4716850000E-04   5.8225589000E-03   1.1187855210E-01
   25      4.1441280000E-04  -1.9753480000E-04   8.3236790000E-04  -5.0192340000E-04  -1.1612858310E-01
   26     -2.6133889000E-03   4.7951559000E-03  -1.4734890000E-04   6.2057330000E-03  -2.0193328100E-02
   27      9.2104600000E-05  -7.3678650000E-04  -3.8519220000E-04   2.7482000000E-06  -1.6291538000E-03
   28     -4.6767240000E-04  -1.0111472000E-03   3.3738140000E-04   4.5621830000E-04  -2.5655739000E-03
   29     -2.1894250000E-04   3.9178790000E-04   3.1706090000E-04   3.0768970000E-04   7.3011420000E-04
   30      9.2075250000E-04   6.3434100000E-05  -8.0910600000E-05  -1.7612360000E-04  -8.5079000000E-05
   31      1.7700490000E-04  -7.0259300000E-05   1.4030840000E-04   6.7229100000E-05   1.2352050000E-04
   32     -2.1364940000E-04   7.2024100000E-05  -1.3665900000E-05   3.6575030000E-04  -4.1794200000E-05
   33     -1.5490000000E-05   2.5468880000E-04  -2.4612090000E-04  -4.4759400000E-05  -4.7195720000E-04
   34     -1.3087000000E-05  -2.2242980000E-04  -2.3864000000E-05   3.4676600000E-05  -1.8394820000E-04
   35      2.6199010000E-04   3.8984100000E-05  -2.9664100000E-05   8.5808000000E-06   1.3939950000E-04
   36     -2.8044110000E-04   4.5724080000E-04  -2.2015130000E-04  -1.5308434000E-03   7.1272800000E-05
   37     -1.9679180000E-04   3.9185700000E-05   7.9954420000E-04   9.6944800000E-04  -2.6682060000E-04
   38     -1.4260050000E-04   4.3659300000E-05   6.0516000000E-05  -1.2844845000E-03  -2.8667810000E-04
   39     -9.0098520000E-04  -1.8396300000E-04  -1.1368810000E-04  -3.5519270000E-04  -3.1067200000E-05
   40     -4.9922070000E-04  -1.2920090000E-04   1.7111970000E-04  -8.1113800000E-05  -1.0439360000E-04
   41     -6.7233300000E-05  -3.9666030000E-04  -1.4917270000E-04  -1.0712345000E-03   1.9149260000E-04
   42     -4.4469400000E-04   3.0755300000E-05  -3.5441920000E-04  -5.4736180000E-04   3.3881000000E-04
   43     -2.3676660000E-04  -1.1753560000E-04  -3.3685900000E-05  -4.8140300000E-05   1.5420500000E-05
   44      4.9840000000E-06   3.4871970000E-04  -1.6924890000E-04   3.0069390000E-04  -5.4783000000E-05
   45     -2.4429900000E-04   1.8038620000E-04   1.0056380000E-04  -7.0950100000E-05  -1.0610170000E-04
   46      1.2168900000E-05  -3.3229240000E-04   3.9048410000E-04   1.8209140000E-04  -4.4084500000E-05
   47      1.8949500000E-05   2.2026700000E-05   6.4596200000E-05   2.7132290000E-04  -4.8768100000E-05
                   25                 26                 27                 28                 29        
    0      4.0134322000E-03   1.0049697000E-02   7.3264280000E-04   1.1488089000E-03   5.1084480000E-04
    1     -3.1854685000E-03  -1.0658758000E-02  -2.1538505000E-03   4.6624190000E-04   2.6543570000E-04
    2     -1.3743807000E-03  -5.4782407000E-03   3.7649290000E-04  -6.0054210000E-04  -2.8776161000E-03
    3      1.0465159980E-01   4.5564485000E-03   7.2543356000E-03   9.9469905000E-03  -2.6447405000E-03
    4     -2.4214094110E-01  -1.5659601800E-02  -1.0724898300E-02  -2.7179164300E-02  -6.0051248000E-03
    5     -1.9567552600E-02  -3.2623911800E-02   4.7291300000E-05  -6.0283820000E-04   9.0930060000E-04
    6      1.0049882900E-02   2.5398574000E-03  -1.0025492360E-01   1.0592098360E-01   4.8957197000E-03
    7     -2.7183461900E-02   2.2544191000E-03   1.0504711560E-01  -2.4179318170E-01   1.9152561000E-03
    8     -2.0837707000E-03   8.8320700000E-04  -3.1110016000E-03   2.1127731000E-03  -3.3745395800E-02
    9      1.2849083000E-03  -5.9773310000E-04  -1.8265597300E-02   4.8282309000E-03  -7.6359393000E-03
   10      5.6787300000E-04   2.9857630000E-04   2.6957454900E-02  -3.5602639000E-03   7.0386205000E-03
   11      6.9879180000E-04  -2.5894966000E-03  -7.6835320000E-04   1.2165296000E-03  -2.8860138000E-03
   12      4.2569500000E-05  -1.3223392000E-03   1.0774970000E-04   7.7689840000E-04  -2.0848212000E-03
   13     -1.1731185000E-03  -5.2130560000E-04   9.5182740000E-04  -9.4936410000E-04  -5.9700220000E-04
   14      2.1757650000E-04   1.1317365000E-03  -4.9141460000E-04  -3.9639900000E-05   1.4023011000E-03
   15      4.3041370000E-04   1.6733833000E-03  -6.3733710000E-04  -1.4859730000E-04   1.5161295000E-03
   16     -2.5797070000E-04   6.9711080000E-04  -1.2299820000E-04  -5.7038110000E-04   2.6055270000E-04
   17     -8.4024700000E-05   2.1733521000E-03  -3.6878310000E-04  -3.1130840000E-04   1.2897063000E-03
   18     -5.4624120000E-04  -1.2452899000E-03  -5.5872800000E-05   2.2498240000E-04  -3.4806900000E-05
   19      1.0150587000E-03  -5.2324900000E-05   1.1943800000E-04   5.9109170000E-04  -1.6257100000E-05
   20      4.1441280000E-04  -2.6133889000E-03   9.2104600000E-05  -4.6767240000E-04  -2.1894250000E-04
   21     -1.9753480000E-04   4.7951559000E-03  -7.3678650000E-04  -1.0111472000E-03   3.9178790000E-04
   22      8.3236790000E-04  -1.4734890000E-04  -3.8519220000E-04   3.3738140000E-04   3.1706090000E-04
   23     -5.0192340000E-04   6.2057330000E-03   2.7482000000E-06   4.5621830000E-04   3.0768970000E-04
   24     -1.1612858310E-01  -2.0193328100E-02  -1.6291538000E-03  -2.5655739000E-03   7.3011420000E-04
   25      2.7292988640E-01   2.3462080300E-02  -2.5195033000E-03  -3.5629520000E-03  -1.4295535000E-03
   26      2.3462080300E-02   2.8472151100E-02  -3.6109670000E-04   7.6507630000E-04   4.9914346000E-03
   27     -2.5195033000E-03  -3.6109670000E-04   1.1652525330E-01  -1.1804575370E-01   7.5628817000E-03
   28     -3.5629520000E-03   7.6507630000E-04  -1.1804575370E-01   2.7277271910E-01  -2.2186664000E-03
   29     -1.4295535000E-03   4.9914346000E-03   7.5628817000E-03  -2.2186664000E-03   2.6738526000E-02
   30      2.0387600000E-04   1.8238100000E-05   6.1381160000E-04  -8.1812490000E-04   9.7986960000E-04
   31      5.4666990000E-04   4.9410700000E-05   8.1475980000E-04   1.0277492000E-03   2.3394840000E-04
   32      5.2013160000E-04  -2.0438580000E-04   1.3603409000E-03   1.8117700000E-05  -3.4547280000E-03
   33     -9.3501750000E-04  -2.7078310000E-04  -3.9449169000E-03   1.1368340000E-04  -3.9951044000E-03
   34      4.3302950000E-04  -9.9512400000E-05   9.3033470000E-04   9.6944930000E-04  -4.6621910000E-04
   35     -4.1148940000E-04   2.6612550000E-04  -4.6796078000E-03  -4.2913290000E-04   8.4897455000E-03
   36     -1.9882000000E-04   2.1468520000E-04   1.9681670000E-04  -1.1112050000E-04  -9.2620900000E-05
   37      1.8160850000E-04  -2.7165910000E-04  -6.4347600000E-05   1.7721530000E-04   2.4474950000E-04
   38      1.4645120000E-04   1.2444900000E-05   1.1249310000E-04   1.5422040000E-04  -2.6870840000E-04
   39      1.6490800000E-05   7.9567000000E-05  -7.5045100000E-05   2.5893200000E-05  -3.9395500000E-05
   40      3.4405890000E-04  -5.3733900000E-05  -7.4340400000E-05   1.7884500000E-04  -1.1983400000E-05
   41     -7.1688800000E-05  -3.8290300000E-04   3.7111600000E-05  -1.4510150000E-04  -1.2466170000E-04
   42     -1.3652620000E-04   4.7825400000E-05  -2.2860200000E-05  -1.9806460000E-04  -8.7121300000E-05
   43      2.6289520000E-04  -2.8699410000E-04  -2.2255380000E-04   1.1999980000E-04   4.0117420000E-04
   44     -1.6015500000E-04  -9.8502400000E-05   3.4101710000E-04  -2.7468260000E-04  -4.8555060000E-04
   45     -3.0947400000E-05   1.5712100000E-05   1.9188380000E-04  -8.8089300000E-05   2.7202600000E-05
   46      3.9046460000E-04   2.2456500000E-04  -5.0749250000E-04   9.7461420000E-04   6.8008300000E-05
   47      2.2509440000E-04  -1.4535550000E-04  -1.5222440000E-04   3.6664900000E-04  -6.7087000000E-05
                   30                 31                 32                 33                 34        
    0     -7.2308700000E-05   1.1067340000E-04  -1.6984315000E-03   1.1931150000E-04  -2.5132450000E-04
    1     -6.8934340000E-04   1.0951500000E-04  -1.5037781000E-03  -1.5622230000E-04  -2.4386850000E-04
    2     -8.7500990000E-04  -6.9976710000E-04   3.6626660000E-04  -4.7375760000E-04   2.1759650000E-04
    3     -5.4081651000E-03  -9.0229720000E-04  -3.4343158000E-03   1.5498120000E-04  -1.9555080000E-03
    4      4.0960900000E-04   5.0425370000E-04   1.3030590000E-03   1.6440820000E-03   1.2102829000E-03
    5     -3.2364799000E-03  -1.7748730000E-04   8.7683619000E-03   1.4951106000E-03   8.5946200000E-05
    6     -1.8130779400E-02  -7.8517430000E-04  -6.5530358000E-03  -1.5799725500E-02   6.7451612000E-03
    7     -2.3614428600E-02   4.2101960000E-04  -1.0173731400E-02   2.6471765400E-02  -4.8421637000E-03
    8     -5.6781570000E-03  -2.7763410000E-04  -3.0398972000E-03  -2.7134710000E-04   1.4050361000E-03
    9     -1.2672630510E-01  -1.2233015590E-01  -1.8711131700E-02  -1.0671795520E-01   1.1102217290E-01
   10     -1.2084284000E-01  -2.2244882550E-01  -2.4867291300E-02   1.1186847420E-01  -2.4372774420E-01
   11     -2.1856126100E-02  -2.8318072200E-02  -3.6054280100E-02  -3.0025746000E-03  -3.1722902000E-03
   12     -1.2061083000E-03  -4.0531400000E-04   1.6791865000E-03  -1.7453867000E-03  -2.4276200000E-05
   13     -1.9444751000E-03  -1.5513375000E-03   2.3865199000E-03   9.6635620000E-04  -8.9849430000E-04
   14      1.5754630000E-04   3.5856300000E-04   5.6533930000E-04   1.1453628000E-03  -1.2811010000E-04
   15      2.8674150000E-04   6.9072100000E-04   2.1257130000E-04   2.9272050000E-04   1.1366460000E-04
   16      1.2816240000E-04  -3.4342600000E-05  -2.9010120000E-04   2.0734180000E-04   1.9673780000E-04
   17      5.4293920000E-04   6.6822300000E-05  -9.7379770000E-04   4.2284070000E-04   5.7688000000E-05
   18      1.0223610000E-04   1.2039470000E-04  -1.0326230000E-03   6.5667700000E-05  -8.5490800000E-05
   19      1.4071400000E-05   1.6985670000E-04  -1.6185640000E-04  -9.7569600000E-05   1.5623760000E-04
   20      9.2075250000E-04   1.7700490000E-04  -2.1364940000E-04  -1.5490000000E-05  -1.3087000000E-05
   21      6.3434100000E-05  -7.0259300000E-05   7.2024100000E-05   2.5468880000E-04  -2.2242980000E-04
   22     -8.0910600000E-05   1.4030840000E-04  -1.3665900000E-05  -2.4612090000E-04  -2.3864000000E-05
   23     -1.7612360000E-04   6.7229100000E-05   3.6575030000E-04  -4.4759400000E-05   3.4676600000E-05
   24     -8.5079000000E-05   1.2352050000E-04  -4.1794200000E-05  -4.7195720000E-04  -1.8394820000E-04
   25      2.0387600000E-04   5.4666990000E-04   5.2013160000E-04  -9.3501750000E-04   4.3302950000E-04
   26      1.8238100000E-05   4.9410700000E-05  -2.0438580000E-04  -2.7078310000E-04  -9.9512400000E-05
   27      6.1381160000E-04   8.1475980000E-04   1.3603409000E-03  -3.9449169000E-03   9.3033470000E-04
   28     -8.1812490000E-04   1.0277492000E-03   1.8117700000E-05   1.1368340000E-04   9.6944930000E-04
   29      9.7986960000E-04   2.3394840000E-04  -3.4547280000E-03  -3.9951044000E-03  -4.6621910000E-04
   30      1.4338890550E-01   1.3580918010E-01   2.7910198200E-02   6.8613249000E-03   1.0825634000E-02
   31      1.3580918010E-01   2.4399936840E-01   3.2499627000E-02  -1.3156318200E-02  -2.4626174400E-02
   32      2.7910198200E-02   3.2499627000E-02   3.1471102800E-02  -7.4513690000E-04  -2.0880520000E-04
   33      6.8613249000E-03  -1.3156318200E-02  -7.4513690000E-04   1.2049054610E-01  -1.2645577030E-01
   34      1.0825634000E-02  -2.4626174400E-02  -2.0880520000E-04  -1.2645577030E-01   2.7017584580E-01
   35      1.0754253000E-03  -3.9964186000E-03   2.7730817000E-03   5.5382315000E-03   2.4100928000E-03
   36      1.0204490000E-04  -7.4919100000E-05   2.7243140000E-04   1.0503000000E-04  -2.5012510000E-04
   37     -7.6716000000E-05   2.5405400000E-04   2.5891240000E-04  -1.2899840000E-04   9.7472300000E-05
   38     -6.2293800000E-05  -7.8818300000E-05  -6.0143200000E-05  -1.1825420000E-04   6.2635600000E-05
   39      1.3005500000E-05  -9.6100000000E-08   1.5931300000E-04  -9.8428000000E-06  -7.5643200000E-05
   40      5.1701700000E-05   2.4108930000E-04  -1.4258000000E-06  -1.2842550000E-04   2.4114700000E-04
   41     -4.9475000000E-05  -6.2959100000E-05  -1.1417060000E-04  -2.4703000000E-06   1.0246020000E-04
   42     -7.0390000000E-06   5.8807500000E-05   4.0024940000E-04   3.8789010000E-04   4.2617000000E-06
   43     -1.2988840000E-04   3.8855600000E-05   1.9060230000E-04   4.2803600000E-05   6.8212990000E-04
   44      1.4141980000E-04   5.3352000000E-06  -3.0325690000E-04   9.1899000000E-05  -1.7893960000E-04
   45      2.0428040000E-04  -3.5230000000E-06   1.5015430000E-04  -4.2376600000E-05  -1.3671320000E-04
   46      7.5449250000E-04   1.2079403000E-03   4.3685400000E-05  -1.0064100000E-05   1.9997690000E-04
   47      1.8727630000E-04   1.5321610000E-04   1.0840610000E-04   2.4623300000E-04  -1.0916840000E-04
                   35                 36                 37                 38                 39        
    0      2.0844550000E-04   5.8176010000E-04   3.9009700000E-04   2.0841712000E-03  -4.0918710000E-04
    1      4.5614980000E-04  -1.2382860000E-04   6.4950000000E-04  -4.8087689000E-03   2.3792485000E-03
    2      9.2882250000E-04  -4.1244857000E-03  -2.6660000000E-06  -1.9857991200E-02  -3.8090895000E-03
    3      2.2842675000E-03  -1.6571887000E-03   3.7211360000E-04  -6.6774098000E-03  -6.6547400000E-04
    4      1.3987334000E-03  -4.9386730000E-04  -1.7271420000E-04  -2.2220630000E-03  -9.0343000000E-04
    5     -4.6664014000E-03   7.7955770000E-04  -4.4079220000E-04   3.5898211000E-03   1.1532076000E-03
    6     -9.6801936000E-03   1.4042691000E-03  -5.8068770000E-04   5.6308144000E-03   6.1968710000E-04
    7      9.7808433000E-03   9.5473480000E-04  -3.6835620000E-04   3.3342468000E-03   5.3924720000E-04
    8     -1.3667193000E-03  -1.9099780000E-04   1.9135700000E-04   1.2063511000E-03  -6.2975500000E-05
    9      1.2395567000E-03  -6.5091850000E-04  -3.4657220000E-04  -1.2659509000E-03  -5.5977200000E-04
   10     -6.6016445000E-03   3.4776800000E-04  -4.4931730000E-04   1.0513167000E-03  -2.1364770000E-04
   11     -2.8752021900E-02  -1.9693558000E-03   3.7075410000E-04  -4.6542009000E-03  -6.7331830000E-04
   12      3.1313307000E-03  -3.1324029900E-02  -9.3071344000E-03  -1.2193061900E-02  -4.6489225000E-03
   13     -1.1497812000E-03   8.3791479000E-03   6.8742409000E-03  -7.5023909000E-03  -2.7386191300E-02
   14     -2.8743876000E-03   6.2680264000E-03   2.2825714000E-03   4.3253195000E-03   6.9477990000E-04
   15     -1.2890791000E-03  -2.0567368920E-01   1.0153328520E-01   1.0674746060E-01  -3.9903861300E-02
   16     -3.9771350000E-04   1.0368314400E-01  -1.0330639010E-01  -4.4931717800E-02   2.7634370000E-03
   17     -9.6193800000E-04   8.8182449400E-02  -4.7941363000E-02  -5.3311168100E-02   6.4962739000E-03
   18      2.1829600000E-04   3.0564900000E-05  -9.2828000000E-06  -3.6173700000E-05  -3.8032090000E-04
   19     -8.8149200000E-05  -1.8768000000E-05  -2.5476910000E-04  -1.1956580000E-04   1.3650260000E-04
   20      2.6199010000E-04  -2.8044110000E-04  -1.9679180000E-04  -1.4260050000E-04  -9.0098520000E-04
   21      3.8984100000E-05   4.5724080000E-04   3.9185700000E-05   4.3659300000E-05  -1.8396300000E-04
   22     -2.9664100000E-05  -2.2015130000E-04   7.9954420000E-04   6.0516000000E-05  -1.1368810000E-04
   23      8.5808000000E-06  -1.5308434000E-03   9.6944800000E-04  -1.2844845000E-03  -3.5519270000E-04
   24      1.3939950000E-04   7.1272800000E-05  -2.6682060000E-04  -2.8667810000E-04  -3.1067200000E-05
   25     -4.1148940000E-04  -1.9882000000E-04   1.8160850000E-04   1.4645120000E-04   1.6490800000E-05
   26      2.6612550000E-04   2.1468520000E-04  -2.7165910000E-04   1.2444900000E-05   7.9567000000E-05
   27     -4.6796078000E-03   1.9681670000E-04  -6.4347600000E-05   1.1249310000E-04  -7.5045100000E-05
   28     -4.2913290000E-04  -1.1112050000E-04   1.7721530000E-04   1.5422040000E-04   2.5893200000E-05
   29      8.4897455000E-03  -9.2620900000E-05   2.4474950000E-04  -2.6870840000E-04  -3.9395500000E-05
   30      1.0754253000E-03   1.0204490000E-04  -7.6716000000E-05  -6.2293800000E-05   1.3005500000E-05
   31     -3.9964186000E-03  -7.4919100000E-05   2.5405400000E-04  -7.8818300000E-05  -9.6100000000E-08
   32      2.7730817000E-03   2.7243140000E-04   2.5891240000E-04  -6.0143200000E-05   1.5931300000E-04
   33      5.5382315000E-03   1.0503000000E-04  -1.2899840000E-04  -1.1825420000E-04  -9.8428000000E-06
   34      2.4100928000E-03  -2.5012510000E-04   9.7472300000E-05   6.2635600000E-05  -7.5643200000E-05
   35      2.7003608600E-02   3.2569090000E-04   8.4487000000E-06   1.4139140000E-04   1.5163230000E-04
   36      3.2569090000E-04   2.4084332170E-01  -1.1236793760E-01  -9.0035898500E-02  -1.0302385000E-03
   37      8.4487000000E-06  -1.1236793760E-01   1.1214804290E-01   5.3401487000E-02   2.3523374200E-02
   38      1.4139140000E-04  -9.0035898500E-02   5.3401487000E-02   6.7571605900E-02  -1.4526399000E-03
