
$orca_hessian_file

$act_atom
  0

$act_coord
  0

$act_energy
      -21.526412

$multiplicity
  1

$hessian
48
                    0                  1                  2                  3                  4        
    0      7.4498076300E-01   1.7315465600E-02   1.5223613220E-01  -4.2917055270E-01   2.8645187500E-02
    1      1.7315465600E-02   3.1939502800E-01  -3.1653933200E-02   4.4813950000E-04  -6.6910480900E-02
    2      1.5223613220E-01  -3.1653933200E-02   1.5326127090E-01  -4.5971918600E-02  -1.0658587000E-03
    3     -4.2917055270E-01   4.4813950000E-04  -4.5971918600E-02   7.0123763770E-01   3.8684480000E-03
    4      2.8645187500E-02  -6.6910480900E-02  -1.0658587000E-03   3.8684480000E-03   6.0452314500E-01
    5      9.7965378400E-02   6.1225560000E-03   9.1891183000E-03   1.3953972200E-02  -6.6958533000E-03
    6     -2.8057841200E-02  -2.6171904100E-02   8.4178572000E-03  -1.0919628460E-01  -1.0328328190E-01
    7     -6.0761162000E-03   1.3628795000E-03   1.0927958900E-02  -1.0048731750E-01  -2.6254035280E-01
    8     -3.7278871000E-03  -6.4181960000E-04   6.9668396000E-03   2.1281150600E-02   2.2685093000E-02
    9      7.4006452000E-03  -2.9210106000E-03  -1.1123715800E-02  -3.6457781100E-02  -1.0829847000E-02
   10     -9.0615360000E-04  -2.5020160000E-03   5.1648060000E-04  -2.5914884600E-02  -5.4276000000E-04
   11      2.8840265000E-03   2.5140081000E-03   1.5821861700E-02   4.8376311000E-03  -1.1980488000E-03
   12      8.5096141000E-03  -4.8518140000E-04   1.9899320000E-04  -2.1009896900E-02  -1.7669020100E-02
   13      2.2906667000E-03  -2.6765410000E-03  -5.0381890000E-03  -1.0451727800E-02  -1.1123840000E-04
   14     -6.2208333000E-03  -1.8494871000E-03  -7.6827612000E-03  -2.4972908800E-02  -2.0904654700E-02
   15      9.9882285000E-03  -2.2786300000E-04   1.1929833700E-02   1.7153004300E-02   4.3245702000E-03
   16     -2.0430464600E-02   2.5999421000E-03   9.2863130000E-04   1.1339730900E-02  -2.7822356000E-03
   17     -8.0209281500E-02   2.8782787000E-03  -2.5520123200E-02   3.3885230600E-02  -2.7400920000E-04
   18     -1.4014114200E-01  -1.0520387190E-01  -4.3382234500E-02  -1.5593275600E-02  -2.8070736500E-02
   19     -1.1465136010E-01  -1.4983716750E-01  -5.1303658900E-02  -3.6274100000E-05  -8.2226550000E-04
   20     -5.8453881500E-02  -5.6192498000E-02  -5.1559978100E-02   4.1305408000E-03   1.5104659000E-03
   21     -1.4605433110E-01   9.0953114500E-02  -7.9912571000E-02  -1.7564688900E-02   2.3146915100E-02
   22      9.2492911500E-02  -1.0051063940E-01   7.1445594500E-02   3.0275218000E-03  -3.3447971000E-03
   23     -1.0445322110E-01   7.7513136800E-02  -9.0253722400E-02   7.2325754000E-03   1.2228316000E-03
   24     -2.3179329600E-02   2.2491745600E-02  -6.8819641000E-03  -9.8201396900E-02   1.0661726720E-01
   25      5.0807914000E-03   1.0131484000E-03   1.5212991000E-03   1.0681164130E-01  -2.3940885730E-01
   26     -5.0525223000E-03   3.0824993000E-03   2.2997113000E-03  -5.4018870000E-04   7.9921984000E-03
   27      4.3542610000E-04  -6.0635850000E-04  -3.1802100000E-04   5.4323169000E-03  -1.0690747000E-02
   28      9.1223750000E-04   2.4090608000E-03   6.5623760000E-04   1.0513200100E-02  -2.7261094600E-02
   29     -3.1138520000E-04   1.1636130000E-03  -3.3662150000E-04   1.0996902000E-03  -8.4168050000E-04
   30     -1.4730870000E-03   3.9035250000E-04   2.4478040000E-04  -5.0194769000E-03   1.4802552000E-03
   31      2.4338200000E-05   4.6130300000E-05   5.3121040000E-04  -1.9865102000E-03  -4.3924970000E-04
   32      1.1228039000E-03   2.4495131000E-03   9.2218890000E-04   2.2847647000E-03   8.6291350000E-04
   33      3.1957970000E-04  -1.6359223000E-03  -4.9326580000E-04   1.9636236000E-03   2.6005330000E-04
   34     -4.1890850000E-04   6.8167900000E-04  -6.8806820000E-04  -1.7493770000E-04  -1.0063358000E-03
   35     -2.9290630000E-04  -1.1604234000E-03   1.7244232000E-03  -1.3639409000E-03  -1.2922107000E-03
   36     -7.8024872000E-03   1.2155599000E-03  -1.7635243000E-03  -2.1142530000E-04   6.2161540000E-04
   37     -6.3318718000E-03   1.9791245000E-03   2.8817974000E-03   2.7370199000E-03  -6.0485430000E-04
   38     -8.3798610000E-03  -7.5231850000E-04  -4.0754435000E-03   1.8813680000E-04   1.1548277000E-03
   39      3.1198505000E-03   1.6211204000E-03   5.8897981000E-03   2.6160201000E-03  -9.4572660000E-04
   40      5.7157918000E-03  -2.4223465000E-03   9.5184540000E-04  -5.5662690000E-04   1.0907389000E-03
   41      1.2460106500E-02  -7.4525880000E-04   2.5146350000E-04  -3.7706281000E-03   2.4434782000E-03
   42      3.2172275000E-03   1.0135200000E-04   6.5278668000E-03   3.1780142000E-03   9.5249960000E-04
   43      4.3408620000E-03  -1.8591359000E-03   3.0866107000E-03   2.4503159000E-03   7.8733340000E-04
   44      2.4752412000E-03  -1.7364187000E-03  -3.6958618000E-03  -4.2854370000E-03  -4.2191354000E-03
   45     -2.0925638000E-03   2.7152618000E-03   4.4019535000E-03   8.4416200000E-04   1.5725478000E-03
   46     -8.0033774000E-03  -2.7686653000E-03  -3.6979577000E-03  -1.5877385000E-03  -6.2669510000E-04
   47     -2.0419095000E-03  -9.9144760000E-04  -7.3123656000E-03  -7.9886703000E-03  -1.3803568000E-03
                    5                  6                  7                  8                  9        
    0      9.7965378400E-02  -2.8057841200E-02  -6.0761162000E-03  -3.7278871000E-03   7.4006452000E-03
    1      6.1225560000E-03  -2.6171904100E-02   1.3628795000E-03  -6.4181960000E-04  -2.9210106000E-03
    2      9.1891183000E-03   8.4178572000E-03   1.0927958900E-02   6.9668396000E-03  -1.1123715800E-02
    3      1.3953972200E-02  -1.0919628460E-01  -1.0048731750E-01   2.1281150600E-02  -3.6457781100E-02
    4     -6.6958533000E-03  -1.0328328190E-01  -2.6254035280E-01   2.2685093000E-02  -1.0829847000E-02
    5     -2.8308342800E-02  -3.3596463200E-02  -2.8306989000E-02  -3.3000845200E-02  -5.3347888000E-03
    6     -3.3596463200E-02   7.0394223750E-01   6.0269850000E-03  -2.9157667700E-02  -4.2493690120E-01
    7     -2.8306989000E-02   6.0269850000E-03   6.0369319460E-01  -6.3535066000E-03   1.9798696600E-02
    8     -3.3000845200E-02  -2.9157667700E-02  -6.3535066000E-03   1.7046795900E-02  -7.6293808000E-02
    9     -5.3347888000E-03  -4.2493690120E-01   1.9798696600E-02  -7.6293808000E-02   7.2832783380E-01
   10     -1.5108182000E-03  -3.3936420000E-04  -6.8967669500E-02  -5.8379796000E-03   2.1226586700E-02
   11      1.2045257900E-02   4.7128672100E-02  -2.5607254000E-03  -2.4552609000E-03  -1.8354404620E-01
   12     -3.6932936100E-02   5.0112537000E-03   3.6014175000E-03   3.0413358600E-02   4.2390200000E-05
   13     -1.9252592000E-02   8.9552913000E-03  -4.7743787000E-03  -2.2109164300E-02  -2.4866389800E-02
   14     -1.6005381200E-02  -2.1296297600E-02   1.4149796500E-02   3.8200023200E-02   8.4369063900E-02
   15     -3.4803388100E-02  -2.4885155800E-02  -1.7666260800E-02   4.4930088000E-02   2.4533505100E-02
   16      3.0877568700E-02  -2.4613266000E-03   2.0615657000E-03   1.7595782600E-02   7.7718053000E-03
   17      7.1336175700E-02   2.9282278700E-02   2.0536842900E-02  -1.5384685000E-02   1.9533070300E-02
   18     -3.4095613000E-03  -4.9244871000E-03   2.2002352000E-03  -2.2783672000E-03  -1.0593520000E-03
   19      1.8946474000E-03  -2.2378566000E-03  -5.5569910000E-04   4.0121210000E-04  -1.5980930000E-04
   20      3.3837084000E-03  -5.8814220000E-04  -5.2799450000E-04   6.7570528000E-03  -2.0508828000E-03
   21     -1.1496525500E-02   2.6609362000E-03   4.8329130000E-04   2.1701799000E-03   9.0004560000E-04
   22      5.7735880000E-04   4.9002710000E-04  -8.5726830000E-04   2.9142730000E-04   7.6243200000E-05
   23      1.3738805000E-02   1.8742373000E-03   1.7935634000E-03  -4.1799149000E-03  -2.8735300000E-04
   24     -3.9186349000E-03   5.7431119000E-03  -1.0342689300E-02  -7.8691400000E-05   4.7618110000E-04
   25      8.0824706000E-03   1.0896268300E-02  -2.6591315200E-02   1.4814698000E-03   1.0196447000E-03
   26     -2.8375157000E-02  -1.0086251000E-03   1.2152404000E-03   2.0363765000E-03   6.5188700000E-04
   27      5.4098490000E-04  -9.8263969200E-02   1.0750881250E-01   5.7766758000E-03  -2.3242250000E-02
   28     -1.0985654000E-03   1.0674225800E-01  -2.3828691970E-01  -1.0177953100E-02   4.9514183000E-03
   29      1.1429328000E-03   1.7804006000E-03  -1.1099926100E-02  -2.7595939500E-02   7.0797300000E-03
   30      4.7252139000E-03  -1.4594525200E-02  -2.7580523200E-02   5.7422738000E-03  -1.3155342790E-01
   31     -1.2539434000E-03   6.2448650000E-04  -1.0962555000E-03  -2.6340283000E-03  -1.1264589500E-01
   32      8.9967591000E-03  -5.2420197000E-03  -3.3846200000E-05   5.2320290000E-03   6.2587063600E-02
   33     -1.0276348000E-03  -1.7191984000E-02   2.3514804200E-02   1.2607787600E-02  -1.4200765100E-01
   34      4.9197980000E-04   2.2331863000E-03  -3.0405882000E-03   4.3819630000E-04   8.9882718300E-02
   35     -2.0783055000E-03  -6.3703783000E-03  -1.7221533000E-03   1.2386885900E-02   1.0882285420E-01
   36      1.3568554900E-02   2.8427492000E-03   2.0776201000E-03   8.0914430000E-04   2.1044821000E-03
   37      7.1811446000E-03  -1.5716000000E-06  -8.8786000000E-04   2.9328709000E-03   3.1626708000E-03
   38      1.5124787600E-02   3.5555907000E-03   4.9565634000E-03  -3.6601916000E-03  -1.9950923000E-03
   39     -2.0401872000E-03  -8.2834400000E-05  -2.1684600000E-04  -2.4274201000E-03  -7.6708070000E-04
   40     -4.8046480000E-03  -3.9803910000E-04  -1.4420340000E-04  -1.0982439000E-03  -5.7366930000E-04
   41     -2.0810140900E-02   4.2741423000E-03  -7.8008870000E-04  -1.4627464800E-02  -7.8367362000E-03
   42     -2.5819045000E-03   7.1416750000E-04  -7.0264360000E-04  -9.5146642000E-03  -5.8301303000E-03
   43     -1.0643022000E-03   3.0555106000E-03  -1.3153155000E-03  -5.6627369000E-03  -3.9019909000E-03
   44     -4.0757977000E-03   1.1568246000E-03  -1.1380445000E-03   8.1758005000E-03   4.0984158000E-03
   45      4.3879200000E-03   1.2195268000E-03  -2.1394657000E-03  -2.5215290000E-04   2.0694910000E-03
   46      8.7599856000E-03  -4.1306687000E-03   1.9401861000E-03   8.6893805000E-03   8.0088280000E-03
   47     -2.3035744000E-03  -2.1040960000E-04  -1.0566913000E-03   4.1024987000E-03   1.3243382000E-03
                   10                 11                 12                 13                 14        
    0     -9.0615360000E-04   2.8840265000E-03   8.5096141000E-03   2.2906667000E-03  -6.2208333000E-03
    1     -2.5020160000E-03   2.5140081000E-03  -4.8518140000E-04  -2.6765410000E-03  -1.8494871000E-03
    2      5.1648060000E-04   1.5821861700E-02   1.9899320000E-04  -5.0381890000E-03  -7.6827612000E-03
    3     -2.5914884600E-02   4.8376311000E-03  -2.1009896900E-02  -1.0451727800E-02  -2.4972908800E-02
    4     -5.4276000000E-04  -1.1980488000E-03  -1.7669020100E-02  -1.1123840000E-04  -2.0904654700E-02
    5     -1.5108182000E-03   1.2045257900E-02  -3.6932936100E-02  -1.9252592000E-02  -1.6005381200E-02
    6     -3.3936420000E-04   4.7128672100E-02   5.0112537000E-03   8.9552913000E-03  -2.1296297600E-02
    7     -6.8967669500E-02  -2.5607254000E-03   3.6014175000E-03  -4.7743787000E-03   1.4149796500E-02
    8     -5.8379796000E-03  -2.4552609000E-03   3.0413358600E-02  -2.2109164300E-02   3.8200023200E-02
    9      2.1226586700E-02  -1.8354404620E-01   4.2390200000E-05  -2.4866389800E-02   8.4369063900E-02
   10      3.1846884820E-01   1.9826893400E-02  -1.2926700000E-03   6.9094462000E-03   7.9396180000E-03
   11      1.9826893400E-02   1.9091035000E-01   1.6220892100E-02   1.1534807400E-02  -5.1870770700E-02
   12     -1.2926700000E-03   1.6220892100E-02   5.1173171270E-01   3.1000638100E-02   1.1264986940E-01
   13      6.9094462000E-03   1.1534807400E-02   3.1000638100E-02   1.9894793830E-01  -4.5753253800E-02
   14      7.9396180000E-03  -5.1870770700E-02   1.1264986940E-01  -4.5753253800E-02   2.7755483440E-01
   15     -1.9497472000E-03  -1.2269291700E-02  -3.3139884090E-01  -6.4654082700E-02  -3.6995590900E-02
   16     -2.0442008000E-03  -7.5470251000E-03  -8.5922663600E-02  -7.2454618400E-02  -1.7485830400E-02
   17      2.8509929000E-03  -2.3095570100E-02   3.4254834700E-02   1.4344422800E-02  -3.5035507900E-02
   18      2.3859570000E-04  -5.5128630000E-04   3.8591820000E-04   1.0546158000E-03   2.1409700000E-05
   19      7.5039100000E-05   4.6660000000E-05  -2.2025120000E-04  -4.4408180000E-04   5.4063250000E-04
   20     -2.1151046000E-03   8.6999770000E-04   2.8411175000E-03   1.8611740000E-03   2.7379669000E-03
   21     -1.5874499000E-03   4.2414000000E-04   6.0168440000E-04   3.2811180000E-04   1.0525925000E-03
   22      9.7964540000E-04   4.2872980000E-04   2.5700410000E-04  -3.9083810000E-04  -5.3590570000E-04
   23      1.6498825000E-03   1.8717320000E-04   1.7183509000E-03  -8.3304580000E-04  -3.1391532000E-03
   24     -4.6312880000E-04   1.5885050000E-04  -1.8285260000E-04  -5.7182630000E-04   8.2349910000E-04
   25      2.5340128000E-03  -5.0684760000E-04   9.7169700000E-05  -1.0495160000E-03  -2.9433000000E-06
   26     -1.6385183000E-03  -1.1909887000E-03   4.5618610000E-04   1.3873789000E-03  -3.0666870000E-04
   27      2.2160326700E-02   7.5688188000E-03  -1.2109882000E-03   2.0158953000E-03  -2.6796493000E-03
   28      1.4241213000E-03  -1.6327969000E-03   7.6001000000E-04  -1.8355316000E-03   1.8694826000E-03
   29     -2.9782486000E-03   1.2823542000E-03  -3.5361753000E-03   5.0912667000E-03  -8.5493915000E-03
   30     -1.0167421180E-01   4.6039543400E-02  -8.7113800000E-04   2.4548720000E-04  -6.0560460000E-04
   31     -1.5367182600E-01   5.5845214800E-02   9.0948370000E-04  -1.4848636000E-03   4.9111890000E-04
   32      6.0995037000E-02  -5.3426378500E-02  -1.7349942000E-03  -1.7988688000E-03  -6.4602191000E-03
   33      8.7922010600E-02   8.2614255700E-02  -1.4434617000E-03   1.7333778000E-03  -1.9377512000E-03
   34     -9.6397014900E-02  -7.4032395400E-02   8.1191600000E-05  -1.6875214000E-03   1.7720242000E-03
   35     -8.0653849200E-02  -9.5727763800E-02  -1.9298308000E-03   7.1282172000E-03  -1.1748821200E-02
   36      1.6666800000E-05  -2.5962660000E-03  -3.7315883800E-02   1.3969944900E-02   1.0696420800E-02
   37     -2.2707929000E-03  -1.4948035000E-03  -1.1579769900E-02   3.1643420000E-03   1.5104920000E-03
   38      7.9260480000E-04   2.3988032000E-03   3.1469913000E-03  -4.1117880000E-03   4.8406220000E-03
   39      1.7688051000E-03  -3.3300140000E-03  -1.9018834900E-02  -3.3728963000E-02   6.5980910000E-03
   40     -1.3829601000E-03  -7.7592500000E-05  -5.5335663000E-03  -8.3148422000E-03   3.3062675000E-03
   41     -1.2530435000E-03  -1.8318210000E-04  -4.4496770000E-03   5.4547780000E-04   9.0092821000E-03
   42      2.5284120000E-03  -1.8814231000E-03  -1.0248059940E-01   6.1586889600E-02  -1.2173672310E-01
   43      2.5869810000E-04  -2.2312217000E-03   7.8540444500E-02  -4.2663812500E-02   1.2296097780E-01
   44     -2.0846720000E-03   1.5002917000E-03  -1.5279127550E-01   1.1271348110E-01  -1.4889263050E-01
   45     -1.7337936000E-03  -3.7045028000E-03  -1.1350076900E-02   1.1092071200E-02   2.3441230000E-04
   46     -2.8705707000E-03   1.0851433000E-03   7.4557635000E-03  -7.1133942900E-02  -6.8008334900E-02
   47      3.5007250000E-03   2.9338254000E-03  -5.2570490000E-04  -5.5709324200E-02  -4.2651423400E-02
                   15                 16                 17                 18                 19        
    0      9.9882285000E-03  -2.0430464600E-02  -8.0209281500E-02  -1.4014114200E-01  -1.1465136010E-01
    1     -2.2786300000E-04   2.5999421000E-03   2.8782787000E-03  -1.0520387190E-01  -1.4983716750E-01
    2      1.1929833700E-02   9.2863130000E-04  -2.5520123200E-02  -4.3382234500E-02  -5.1303658900E-02
    3      1.7153004300E-02   1.1339730900E-02   3.3885230600E-02  -1.5593275600E-02  -3.6274100000E-05
    4      4.3245702000E-03  -2.7822356000E-03  -2.7400920000E-04  -2.8070736500E-02  -8.2226550000E-04
    5     -3.4803388100E-02   3.0877568700E-02   7.1336175700E-02  -3.4095613000E-03   1.8946474000E-03
    6     -2.4885155800E-02  -2.4613266000E-03   2.9282278700E-02  -4.9244871000E-03  -2.2378566000E-03
    7     -1.7666260800E-02   2.0615657000E-03   2.0536842900E-02   2.2002352000E-03  -5.5569910000E-04
    8      4.4930088000E-02   1.7595782600E-02  -1.5384685000E-02  -2.2783672000E-03   4.0121210000E-04
    9      2.4533505100E-02   7.7718053000E-03   1.9533070300E-02  -1.0593520000E-03  -1.5980930000E-04
   10     -1.9497472000E-03  -2.0442008000E-03   2.8509929000E-03   2.3859570000E-04   7.5039100000E-05
   11     -1.2269291700E-02  -7.5470251000E-03  -2.3095570100E-02  -5.5128630000E-04   4.6660000000E-05
   12     -3.3139884090E-01  -8.5922663600E-02   3.4254834700E-02   3.8591820000E-04  -2.2025120000E-04
   13     -6.4654082700E-02  -7.2454618400E-02   1.4344422800E-02   1.0546158000E-03  -4.4408180000E-04
   14     -3.6995590900E-02  -1.7485830400E-02  -3.5035507900E-02   2.1409700000E-05   5.4063250000E-04
   15      4.9999613030E-01   9.1387537200E-02  -1.2330486170E-01  -1.3892516000E-03   1.0381319000E-03
   16      9.1387537200E-02   3.4750502950E-01  -6.5283768900E-02  -3.5922390000E-04  -9.1674210000E-04
   17     -1.2330486170E-01  -6.5283768900E-02   2.9056144990E-01  -1.1349138000E-03  -3.1317740000E-04
   18     -1.3892516000E-03  -3.5922390000E-04  -1.1349138000E-03   1.4321566130E-01   1.2315335170E-01
   19      1.0381319000E-03  -9.1674210000E-04  -3.1317740000E-04   1.2315335170E-01   2.2321772110E-01
   20      3.9792481000E-03   2.8022876000E-03  -1.9569061000E-03   5.0888145200E-02   3.5998709800E-02
   21     -2.5617670000E-03   7.7113100000E-04   9.5753920000E-04   1.6566713500E-02  -4.8066217000E-03
   22     -5.4842620000E-04  -1.2232387000E-03  -1.8421360000E-03   6.1307058000E-03  -7.7653580900E-02
   23      4.6477485000E-03  -4.5668217000E-03  -1.1737018000E-02  -1.3630175000E-03   1.4294632300E-02
   24     -6.5754970000E-04   1.5203859000E-03   2.8344914000E-03   3.4928944000E-03  -3.0300000000E-06
   25      4.4775300000E-04  -1.5521358000E-03  -2.2183426000E-03  -7.2105220000E-04   5.6782620000E-04
   26      3.5354593000E-03  -3.2090629000E-03  -8.1660099000E-03   1.5760590000E-03  -6.3644700000E-05
   27     -4.3803610000E-04  -3.4619660000E-04  -6.6405930000E-04  -1.0780583000E-03  -6.0083750000E-04
   28     -1.2724020000E-04  -1.3032129000E-03  -8.4789260000E-04   2.1137390000E-04  -3.2086500000E-04
   29     -1.4736481000E-03  -1.2052073000E-03  -9.5132050000E-04   2.3240160000E-04  -9.2031830000E-04
   30     -8.8124130000E-04   7.1228500000E-04  -1.8096615000E-03  -2.3645245000E-03   9.0139240000E-04
   31      3.6482450000E-04  -1.0860075000E-03   3.6172380000E-04   8.7043960000E-04   2.5006010000E-04
   32     -5.0794577000E-03  -3.0142788000E-03  -5.6702380000E-04  -7.1367700000E-04   5.9127290000E-04
   33     -1.6948300000E-05  -3.7053770000E-04  -2.3541557000E-03   5.1360530000E-04  -1.5852918000E-03
   34      1.5755120000E-03  -1.0312866000E-03  -2.6809550000E-04   1.2486413000E-03   9.4445500000E-04
   35     -5.3402417000E-03  -9.1336740000E-04  -5.7816687000E-03  -9.1660110000E-04  -7.1321770000E-04
   36     -1.0102347460E-01   5.2709596800E-02   9.4871189200E-02  -2.4726600000E-05   1.0164633000E-03
   37      6.4092166900E-02  -6.8548364500E-02  -8.2533895000E-02  -1.1737909000E-03   1.0487376000E-03
   38      1.1912368530E-01  -7.1930684900E-02  -1.4563848020E-01   1.9409750000E-04   3.8297860000E-04
   39     -3.7153497000E-02  -3.1100173600E-02   2.2515642100E-02   1.9437662000E-03  -1.3511112000E-03
   40     -4.4141982600E-02  -1.8648419950E-01   1.2368936380E-01  -6.3599560000E-04   9.3483630000E-04
   41      3.2666136700E-02   1.2693408450E-01  -9.2172274100E-02   2.9887990000E-04  -2.0911300000E-04
   42     -3.9103926200E-02   7.4848457000E-03  -1.0433155700E-02   1.8381178000E-03  -1.7995200000E-03
   43     -1.6310830600E-02   1.7807724000E-03  -4.0286794000E-03   4.1769430000E-04   2.1419863000E-03
   44      6.0926356000E-03   3.3128678000E-03   1.2086270000E-03   2.1125920000E-04  -5.7155140000E-04
   45     -1.2161179700E-02  -3.2706731200E-02  -1.8224186900E-02  -1.3818591000E-03   1.3426241000E-03
   46     -1.7604062500E-02  -1.4521067400E-02  -7.0516284000E-03   6.3901760000E-04   1.3697403000E-03
   47     -7.6383553000E-03  -7.2951752000E-03   2.9003350000E-03   3.2740650000E-04  -5.6064200000E-05
                   20                 21                 22                 23                 24        
    0     -5.8453881500E-02  -1.4605433110E-01   9.2492911500E-02  -1.0445322110E-01  -2.3179329600E-02
    1     -5.6192498000E-02   9.0953114500E-02  -1.0051063940E-01   7.7513136800E-02   2.2491745600E-02
    2     -5.1559978100E-02  -7.9912571000E-02   7.1445594500E-02  -9.0253722400E-02  -6.8819641000E-03
    3      4.1305408000E-03  -1.7564688900E-02   3.0275218000E-03   7.2325754000E-03  -9.8201396900E-02
    4      1.5104659000E-03   2.3146915100E-02  -3.3447971000E-03   1.2228316000E-03   1.0661726720E-01
    5      3.3837084000E-03  -1.1496525500E-02   5.7735880000E-04   1.3738805000E-02  -3.9186349000E-03
    6     -5.8814220000E-04   2.6609362000E-03   4.9002710000E-04   1.8742373000E-03   5.7431119000E-03
    7     -5.2799450000E-04   4.8329130000E-04  -8.5726830000E-04   1.7935634000E-03  -1.0342689300E-02
    8      6.7570528000E-03   2.1701799000E-03   2.9142730000E-04  -4.1799149000E-03  -7.8691400000E-05
    9     -2.0508828000E-03   9.0004560000E-04   7.6243200000E-05  -2.8735300000E-04   4.7618110000E-04
   10     -2.1151046000E-03  -1.5874499000E-03   9.7964540000E-04   1.6498825000E-03  -4.6312880000E-04
   11      8.6999770000E-04   4.2414000000E-04   4.2872980000E-04   1.8717320000E-04   1.5885050000E-04
   12      2.8411175000E-03   6.0168440000E-04   2.5700410000E-04   1.7183509000E-03  -1.8285260000E-04
   13      1.8611740000E-03   3.2811180000E-04  -3.9083810000E-04  -8.3304580000E-04  -5.7182630000E-04
   14      2.7379669000E-03   1.0525925000E-03  -5.3590570000E-04  -3.1391532000E-03   8.2349910000E-04
   15      3.9792481000E-03  -2.5617670000E-03  -5.4842620000E-04   4.6477485000E-03  -6.5754970000E-04
   16      2.8022876000E-03   7.7113100000E-04  -1.2232387000E-03  -4.5668217000E-03   1.5203859000E-03
   17     -1.9569061000E-03   9.5753920000E-04  -1.8421360000E-03  -1.1737018000E-02   2.8344914000E-03
   18      5.0888145200E-02   1.6566713500E-02   6.1307058000E-03  -1.3630175000E-03   3.4928944000E-03
   19      3.5998709800E-02  -4.8066217000E-03  -7.7653580900E-02   1.4294632300E-02  -3.0300000000E-06
   20      2.4730276900E-02   4.6043200000E-05   1.5250237900E-02   2.0509190200E-02   7.1479220000E-04
   21      4.6043200000E-05   1.4709951560E-01  -1.0458655720E-01   9.0130210200E-02  -5.2557866000E-03
   22      1.5250237900E-02  -1.0458655720E-01   1.7776356320E-01  -8.6926691400E-02   4.2271092000E-03
   23      2.0509190200E-02   9.0130210200E-02  -8.6926691400E-02   6.3384905300E-02   2.5828680000E-03
   24      7.1479220000E-04  -5.2557866000E-03   4.2271092000E-03   2.5828680000E-03   1.1771226990E-01
   25     -7.6299880000E-04  -6.0842890000E-04  -6.4535550000E-04  -4.2844710000E-04  -1.1977324290E-01
   26     -4.9120135000E-03  -3.2237906000E-03   1.7289240000E-03   7.6155012000E-03   3.9622494000E-03
   27      2.4160050000E-04   1.0691446000E-03  -6.2361050000E-04  -1.7992920000E-04  -1.1161952000E-03
   28     -5.1455540000E-04  -7.5614000000E-06  -3.0554980000E-04   5.1253540000E-04  -2.5718415000E-03
   29     -1.0517092000E-03   3.9710000000E-05  -4.5672970000E-04   1.0879133000E-03   1.1458000000E-04
   30      6.2807700000E-04   5.7557040000E-04   1.1377019000E-03   7.3553080000E-04  -1.0574162000E-03
   31     -5.2556090000E-04  -1.5636611000E-03   1.0683170000E-03   8.8196970000E-04  -6.6429810000E-04
   32     -1.9824960000E-04  -6.9569120000E-04   7.5655790000E-04   1.9646375000E-03  -2.3456280000E-04
   33      7.0956220000E-04  -2.6709450000E-04  -1.7306867000E-03   4.0931230000E-04   1.0601791000E-03
   34     -9.2333670000E-04  -1.7666467000E-03   5.7718000000E-04   1.0667210000E-03  -5.8084010000E-04
   35      2.1479830000E-03  -3.0434920000E-04  -1.0015974000E-03   1.0963050000E-04   9.8479200000E-05
   36     -1.4654444000E-03   8.6924840000E-04   1.2241729000E-03  -1.9581891000E-03  -5.1299770000E-04
   37      8.6433330000E-04   1.2097763000E-03   1.4452452000E-03  -2.6955601000E-03  -4.4537200000E-05
   38     -1.3797428000E-03  -1.2017000000E-05   9.0545040000E-04  -3.7107080000E-04   4.2053000000E-06
   39     -3.1718640000E-04  -1.5362480000E-04  -7.9779300000E-04  -8.3739800000E-04   1.1035674000E-03
   40      1.1153364000E-03   4.4784700000E-05   2.2641860000E-04   1.2405590000E-04   2.4777230000E-04
   41      1.1531010000E-03   2.3529800000E-04  -5.1032320000E-04   2.6196030000E-04  -9.2654100000E-05
   42     -9.1030510000E-04   3.5989350000E-04  -1.9602544000E-03  -3.0438930000E-04   1.4930864000E-03
   43      1.1402327000E-03  -1.5496665000E-03   1.0716989000E-03  -1.2544370000E-04   7.2430700000E-05
   44      9.8865650000E-04   5.7966400000E-04  -1.3628885000E-03  -9.7740750000E-04   1.3147630000E-04
   45     -3.9328430000E-04   1.1545406000E-03   1.1839305000E-03   5.2663600000E-05  -9.1776560000E-04
   46      1.0192714000E-03  -4.6053130000E-04   1.7991997000E-03  -3.4833189000E-03  -1.6127660000E-04
   47     -2.2193341000E-03   9.5675000000E-06   1.2519914000E-03   1.7985704000E-03  -2.1898420000E-04
                   25                 26                 27                 28                 29        
    0      5.0807914000E-03  -5.0525223000E-03   4.3542610000E-04   9.1223750000E-04  -3.1138520000E-04
    1      1.0131484000E-03   3.0824993000E-03  -6.0635850000E-04   2.4090608000E-03   1.1636130000E-03
    2      1.5212991000E-03   2.2997113000E-03  -3.1802100000E-04   6.5623760000E-04  -3.3662150000E-04
    3      1.0681164130E-01  -5.4018870000E-04   5.4323169000E-03   1.0513200100E-02   1.0996902000E-03
    4     -2.3940885730E-01   7.9921984000E-03  -1.0690747000E-02  -2.7261094600E-02  -8.4168050000E-04
    5      8.0824706000E-03  -2.8375157000E-02   5.4098490000E-04  -1.0985654000E-03   1.1429328000E-03
    6      1.0896268300E-02  -1.0086251000E-03  -9.8263969200E-02   1.0674225800E-01   1.7804006000E-03
    7     -2.6591315200E-02   1.2152404000E-03   1.0750881250E-01  -2.3828691970E-01  -1.1099926100E-02
    8      1.4814698000E-03   2.0363765000E-03   5.7766758000E-03  -1.0177953100E-02  -2.7595939500E-02
    9      1.0196447000E-03   6.5188700000E-04  -2.3242250000E-02   4.9514183000E-03   7.0797300000E-03
   10      2.5340128000E-03  -1.6385183000E-03   2.2160326700E-02   1.4241213000E-03  -2.9782486000E-03
   11     -5.0684760000E-04  -1.1909887000E-03   7.5688188000E-03  -1.6327969000E-03   1.2823542000E-03
   12      9.7169700000E-05   4.5618610000E-04  -1.2109882000E-03   7.6001000000E-04  -3.5361753000E-03
   13     -1.0495160000E-03   1.3873789000E-03   2.0158953000E-03  -1.8355316000E-03   5.0912667000E-03
   14     -2.9433000000E-06  -3.0666870000E-04  -2.6796493000E-03   1.8694826000E-03  -8.5493915000E-03
   15      4.4775300000E-04   3.5354593000E-03  -4.3803610000E-04  -1.2724020000E-04  -1.4736481000E-03
   16     -1.5521358000E-03  -3.2090629000E-03  -3.4619660000E-04  -1.3032129000E-03  -1.2052073000E-03
   17     -2.2183426000E-03  -8.1660099000E-03  -6.6405930000E-04  -8.4789260000E-04  -9.5132050000E-04
   18     -7.2105220000E-04   1.5760590000E-03  -1.0780583000E-03   2.1137390000E-04   2.3240160000E-04
   19      5.6782620000E-04  -6.3644700000E-05  -6.0083750000E-04  -3.2086500000E-04  -9.2031830000E-04
   20     -7.6299880000E-04  -4.9120135000E-03   2.4160050000E-04  -5.1455540000E-04  -1.0517092000E-03
   21     -6.0842890000E-04  -3.2237906000E-03   1.0691446000E-03  -7.5614000000E-06   3.9710000000E-05
   22     -6.4535550000E-04   1.7289240000E-03  -6.2361050000E-04  -3.0554980000E-04  -4.5672970000E-04
   23     -4.2844710000E-04   7.6155012000E-03  -1.7992920000E-04   5.1253540000E-04   1.0879133000E-03
   24     -1.1977324290E-01   3.9622494000E-03  -1.1161952000E-03  -2.5718415000E-03   1.1458000000E-04
   25      2.6673118550E-01  -7.1798140000E-03  -2.5820625000E-03  -3.6573410000E-03  -1.9400220000E-04
   26     -7.1798140000E-03   2.7429255700E-02  -1.0075600000E-04   4.9924600000E-04   2.8671444000E-03
   27     -2.5820625000E-03  -1.0075600000E-04   1.1875727980E-01  -1.1954998040E-01  -6.9224740000E-03
   28     -3.6573410000E-03   4.9924600000E-04  -1.1954998040E-01   2.6619731020E-01   9.3028370000E-03
   29     -1.9400220000E-04   2.8671444000E-03  -6.9224740000E-03   9.3028370000E-03   2.8620199800E-02
   30      1.7265660000E-04  -3.2726430000E-04   3.4138352000E-03  -7.3292550000E-04  -2.0042658000E-03
   31     -3.3725330000E-04   1.0084668000E-03   1.6307400000E-05   4.8405410000E-04   1.1348560000E-04
   32      3.5716320000E-04  -1.3376070000E-03  -1.2317686000E-03   7.9803100000E-04  -5.1390165000E-03
   33      3.1647100000E-05  -2.3371100000E-05  -5.2108267000E-03  -5.5596490000E-04   3.8467792000E-03
   34     -3.4047180000E-04   5.3291900000E-04   4.2509476000E-03  -5.5785670000E-04  -1.9087645000E-03
   35     -4.5885210000E-04   1.3987305000E-03  -1.8057089000E-03   4.8054020000E-04   7.8260463000E-03
   36     -4.9036290000E-04  -3.6076790000E-04   1.0628048000E-03  -1.0386200000E-05  -2.4222580000E-04
   37      7.0551640000E-04  -2.5394926000E-03   8.8998300000E-05   5.6424880000E-04   9.6695050000E-04
   38      5.3544550000E-04  -2.0835632000E-03  -4.7321890000E-04   5.3537370000E-04   1.2671484000E-03
   39      5.3091500000E-05   3.3184810000E-04  -2.4997360000E-04  -2.7315420000E-04  -3.2682740000E-04
   40      8.6020790000E-04  -9.0220740000E-04  -6.0707530000E-04   8.7552990000E-04   1.0342430000E-03
   41     -7.3061700000E-05   2.3269162000E-03   5.3609550000E-04  -6.5653800000E-04  -4.6179880000E-04
   42      5.1867300000E-05   2.8160970000E-04  -5.1049950000E-04  -4.1584560000E-04   5.0464880000E-04
   43      5.8844890000E-04  -1.6312701000E-03  -9.8177300000E-05   6.6150320000E-04   2.9707210000E-03
   44     -9.1095620000E-04   1.4054400000E-03   1.7534370000E-04  -9.1108770000E-04  -1.7439129000E-03
   45     -4.8738160000E-04  -1.5801270000E-04   1.1499893000E-03   1.5440220000E-04   1.1906110000E-04
   46      5.8189980000E-04  -2.8286270000E-04  -3.3624220000E-04   9.1254310000E-04  -1.0382395000E-03
   47      7.5841740000E-04  -1.0070679000E-03  -4.6393400000E-04   1.1851055000E-03   1.7359714000E-03
                   30                 31                 32                 33                 34        
    0     -1.4730870000E-03   2.4338200000E-05   1.1228039000E-03   3.1957970000E-04  -4.1890850000E-04
    1      3.9035250000E-04   4.6130300000E-05   2.4495131000E-03  -1.6359223000E-03   6.8167900000E-04
    2      2.4478040000E-04   5.3121040000E-04   9.2218890000E-04  -4.9326580000E-04  -6.8806820000E-04
    3     -5.0194769000E-03  -1.9865102000E-03   2.2847647000E-03   1.9636236000E-03  -1.7493770000E-04
    4      1.4802552000E-03  -4.3924970000E-04   8.6291350000E-04   2.6005330000E-04  -1.0063358000E-03
    5      4.7252139000E-03  -1.2539434000E-03   8.9967591000E-03  -1.0276348000E-03   4.9197980000E-04
    6     -1.4594525200E-02   6.2448650000E-04  -5.2420197000E-03  -1.7191984000E-02   2.2331863000E-03
    7     -2.7580523200E-02  -1.0962555000E-03  -3.3846200000E-05   2.3514804200E-02  -3.0405882000E-03
    8      5.7422738000E-03  -2.6340283000E-03   5.2320290000E-03   1.2607787600E-02   4.3819630000E-04
    9     -1.3155342790E-01  -1.1264589500E-01   6.2587063600E-02  -1.4200765100E-01   8.9882718300E-02
   10     -1.0167421180E-01  -1.5367182600E-01   6.0995037000E-02   8.7922010600E-02  -9.6397014900E-02
   11      4.6039543400E-02   5.5845214800E-02  -5.3426378500E-02   8.2614255700E-02  -7.4032395400E-02
   12     -8.7113800000E-04   9.0948370000E-04  -1.7349942000E-03  -1.4434617000E-03   8.1191600000E-05
   13      2.4548720000E-04  -1.4848636000E-03  -1.7988688000E-03   1.7333778000E-03  -1.6875214000E-03
   14     -6.0560460000E-04   4.9111890000E-04  -6.4602191000E-03  -1.9377512000E-03   1.7720242000E-03
   15     -8.8124130000E-04   3.6482450000E-04  -5.0794577000E-03  -1.6948300000E-05   1.5755120000E-03
   16      7.1228500000E-04  -1.0860075000E-03  -3.0142788000E-03  -3.7053770000E-04  -1.0312866000E-03
   17     -1.8096615000E-03   3.6172380000E-04  -5.6702380000E-04  -2.3541557000E-03  -2.6809550000E-04
   18     -2.3645245000E-03   8.7043960000E-04  -7.1367700000E-04   5.1360530000E-04   1.2486413000E-03
   19      9.0139240000E-04   2.5006010000E-04   5.9127290000E-04  -1.5852918000E-03   9.4445500000E-04
   20      6.2807700000E-04  -5.2556090000E-04  -1.9824960000E-04   7.0956220000E-04  -9.2333670000E-04
   21      5.7557040000E-04  -1.5636611000E-03  -6.9569120000E-04  -2.6709450000E-04  -1.7666467000E-03
   22      1.1377019000E-03   1.0683170000E-03   7.5655790000E-04  -1.7306867000E-03   5.7718000000E-04
   23      7.3553080000E-04   8.8196970000E-04   1.9646375000E-03   4.0931230000E-04   1.0667210000E-03
   24     -1.0574162000E-03  -6.6429810000E-04  -2.3456280000E-04   1.0601791000E-03  -5.8084010000E-04
   25      1.7265660000E-04  -3.3725330000E-04   3.5716320000E-04   3.1647100000E-05  -3.4047180000E-04
   26     -3.2726430000E-04   1.0084668000E-03  -1.3376070000E-03  -2.3371100000E-05   5.3291900000E-04
   27      3.4138352000E-03   1.6307400000E-05  -1.2317686000E-03  -5.2108267000E-03   4.2509476000E-03
   28     -7.3292550000E-04   4.8405410000E-04   7.9803100000E-04  -5.5596490000E-04  -5.5785670000E-04
   29     -2.0042658000E-03   1.1348560000E-04  -5.1390165000E-03   3.8467792000E-03  -1.9087645000E-03
   30      1.3455616170E-01   1.1907902100E-01  -5.5012492900E-02   1.6548206200E-02   7.1450632000E-03
   31      1.1907902100E-01   2.2740954340E-01  -4.2386661300E-02  -3.6923209000E-03  -7.8011499400E-02
   32     -5.5012492900E-02  -4.2386661300E-02   2.7908846500E-02   5.8420050000E-04  -1.4835932600E-02
   33      1.6548206200E-02  -3.6923209000E-03   5.8420050000E-04   1.4368098640E-01  -1.0255978390E-01
   34      7.1450632000E-03  -7.8011499400E-02  -1.4835932600E-02  -1.0255978390E-01   1.7426171570E-01
   35      1.8048871000E-03  -1.2966250800E-02   2.0995101800E-02  -9.4612159500E-02   8.8869392300E-02
   36      1.4220268000E-03  -1.5882278000E-03   9.0499270000E-04   3.1708760000E-04  -1.7130889000E-03
   37      6.4771990000E-04   1.8413654000E-03  -1.0985372000E-03  -1.3178473000E-03   1.2837898000E-03
   38     -2.4741880000E-04   8.6161490000E-04   1.5052490000E-03  -6.5609050000E-04   8.2359480000E-04
   39     -7.8143430000E-04   7.5890850000E-04   7.5621840000E-04   1.3692644000E-03   6.6025670000E-04
   40     -1.9812500000E-05   2.2822855000E-03  -6.8651960000E-04  -9.2104620000E-04   2.4663439000E-03
   41      2.0242440000E-04  -3.3051870000E-04  -6.8141390000E-04   5.0973920000E-04  -9.1133530000E-04
   42     -6.0809300000E-05   1.0614444000E-03   1.4430404000E-03   1.2630760000E-03   1.6974075000E-03
   43     -1.2106652000E-03   1.3639066000E-03  -6.3196860000E-04   1.1276278000E-03   2.2175926000E-03
   44      1.9575320000E-04  -1.1597695000E-03  -7.9362810000E-04   3.7568320000E-04  -1.1208764000E-03
   45      2.1412801000E-03  -1.5683407000E-03   2.6158000000E-04  -8.9764210000E-04  -1.5607186000E-03
   46     -6.9379670000E-04   1.3812927000E-03  -2.3238754000E-03  -2.2011900000E-04  -3.6018110000E-04
   47     -3.1177610000E-04   1.1619281000E-03   1.0787248000E-03  -5.5289140000E-04   6.9397740000E-04
                   35                 36                 37                 38                 39        
    0     -2.9290630000E-04  -7.8024872000E-03  -6.3318718000E-03  -8.3798610000E-03   3.1198505000E-03
    1     -1.1604234000E-03   1.2155599000E-03   1.9791245000E-03  -7.5231850000E-04   1.6211204000E-03
    2      1.7244232000E-03  -1.7635243000E-03   2.8817974000E-03  -4.0754435000E-03   5.8897981000E-03
    3     -1.3639409000E-03  -2.1142530000E-04   2.7370199000E-03   1.8813680000E-04   2.6160201000E-03
    4     -1.2922107000E-03   6.2161540000E-04  -6.0485430000E-04   1.1548277000E-03  -9.4572660000E-04
    5     -2.0783055000E-03   1.3568554900E-02   7.1811446000E-03   1.5124787600E-02  -2.0401872000E-03
    6     -6.3703783000E-03   2.8427492000E-03  -1.5716000000E-06   3.5555907000E-03  -8.2834400000E-05
    7     -1.7221533000E-03   2.0776201000E-03  -8.8786000000E-04   4.9565634000E-03  -2.1684600000E-04
    8      1.2386885900E-02   8.0914430000E-04   2.9328709000E-03  -3.6601916000E-03  -2.4274201000E-03
    9      1.0882285420E-01   2.1044821000E-03   3.1626708000E-03  -1.9950923000E-03  -7.6708070000E-04
   10     -8.0653849200E-02   1.6666800000E-05  -2.2707929000E-03   7.9260480000E-04   1.7688051000E-03
   11     -9.5727763800E-02  -2.5962660000E-03  -1.4948035000E-03   2.3988032000E-03  -3.3300140000E-03
   12     -1.9298308000E-03  -3.7315883800E-02  -1.1579769900E-02   3.1469913000E-03  -1.9018834900E-02
   13      7.1282172000E-03   1.3969944900E-02   3.1643420000E-03  -4.1117880000E-03  -3.3728963000E-02
   14     -1.1748821200E-02   1.0696420800E-02   1.5104920000E-03   4.8406220000E-03   6.5980910000E-03
   15     -5.3402417000E-03  -1.0102347460E-01   6.4092166900E-02   1.1912368530E-01  -3.7153497000E-02
   16     -9.1336740000E-04   5.2709596800E-02  -6.8548364500E-02  -7.1930684900E-02  -3.1100173600E-02
   17     -5.7816687000E-03   9.4871189200E-02  -8.2533895000E-02  -1.4563848020E-01   2.2515642100E-02
   18     -9.1660110000E-04  -2.4726600000E-05  -1.1737909000E-03   1.9409750000E-04   1.9437662000E-03
   19     -7.1321770000E-04   1.0164633000E-03   1.0487376000E-03   3.8297860000E-04  -1.3511112000E-03
   20      2.1479830000E-03  -1.4654444000E-03   8.6433330000E-04  -1.3797428000E-03  -3.1718640000E-04
   21     -3.0434920000E-04   8.6924840000E-04   1.2097763000E-03  -1.2017000000E-05  -1.5362480000E-04
   22     -1.0015974000E-03   1.2241729000E-03   1.4452452000E-03   9.0545040000E-04  -7.9779300000E-04
   23      1.0963050000E-04  -1.9581891000E-03  -2.6955601000E-03  -3.7107080000E-04  -8.3739800000E-04
   24      9.8479200000E-05  -5.1299770000E-04  -4.4537200000E-05   4.2053000000E-06   1.1035674000E-03
   25     -4.5885210000E-04  -4.9036290000E-04   7.0551640000E-04   5.3544550000E-04   5.3091500000E-05
   26      1.3987305000E-03  -3.6076790000E-04  -2.5394926000E-03  -2.0835632000E-03   3.3184810000E-04
   27     -1.8057089000E-03   1.0628048000E-03   8.8998300000E-05  -4.7321890000E-04  -2.4997360000E-04
   28      4.8054020000E-04  -1.0386200000E-05   5.6424880000E-04   5.3537370000E-04  -2.7315420000E-04
   29      7.8260463000E-03  -2.4222580000E-04   9.6695050000E-04   1.2671484000E-03  -3.2682740000E-04
   30      1.8048871000E-03   1.4220268000E-03   6.4771990000E-04  -2.4741880000E-04  -7.8143430000E-04
   31     -1.2966250800E-02  -1.5882278000E-03   1.8413654000E-03   8.6161490000E-04   7.5890850000E-04
   32      2.0995101800E-02   9.0499270000E-04  -1.0985372000E-03   1.5052490000E-03   7.5621840000E-04
   33     -9.4612159500E-02   3.1708760000E-04  -1.3178473000E-03  -6.5609050000E-04   1.3692644000E-03
   34      8.8869392300E-02  -1.7130889000E-03   1.2837898000E-03   8.2359480000E-04   6.6025670000E-04
   35      6.8271687100E-02   1.5507140000E-04   8.2197180000E-04  -1.3288389000E-03   7.2433210000E-04
   36      1.5507140000E-04   1.3702175120E-01  -8.6599183300E-02  -1.1851772830E-01   7.2559750000E-03
   37      8.2197180000E-04  -8.6599183300E-02   1.2123147880E-01   7.5270168800E-02   3.4079576500E-02
   38     -1.3288389000E-03  -1.1851772830E-01   7.5270168800E-02   1.1654618580E-01   5.8727700000E-03
