
$orca_hessian_file

$act_atom
  0

$act_coord
  0

$act_energy
      -21.740479

$multiplicity
  1

$hessian
48
                    0                  1                  2                  3                  4        
    0      8.1057971820E-01  -1.1737561000E-02  -2.8070354000E-02  -4.5913145460E-01   4.6586488300E-02
    1     -1.1737561000E-02   4.7556532100E-01  -4.6817056200E-02   1.8631990300E-02  -7.6532296300E-02
    2     -2.8070354000E-02  -4.6817056200E-02   5.4436461900E-02   1.4618542500E-02  -2.0416307100E-02
    3     -4.5913145460E-01   1.8631990300E-02   1.4618542500E-02   7.0820057860E-01  -4.0454188800E-02
    4      4.6586488300E-02  -7.6532296300E-02  -2.0416307100E-02  -4.0454188800E-02   5.9111984650E-01
    5      1.0157878170E-01   4.6453828000E-03   1.8965275400E-02  -5.3769088600E-02   2.3136107600E-02
    6     -5.3922613100E-02  -2.2579019300E-02   4.8561081900E-02  -6.9147047300E-02  -7.1476589400E-02
    7     -2.3769234500E-02   3.4971293000E-03   3.4871149000E-02  -7.0626198500E-02  -2.4351805890E-01
    8     -2.2910636000E-03   6.1255456000E-03   1.4945802900E-02   1.9124711800E-02   1.9450579800E-02
    9      5.7399115000E-03  -4.5994144000E-03  -8.0821179000E-03  -5.2191234700E-02  -2.4594362200E-02
   10     -3.9308536000E-03  -3.5620234000E-03   3.6860687000E-03  -2.6150355000E-02   5.2032650000E-04
   11      4.4616127000E-03  -4.3406761000E-03  -2.2032872600E-02  -3.0458273000E-02  -2.0485524000E-02
   12      6.0620763000E-03  -9.2163556000E-03  -5.4488815500E-02  -4.7668769500E-02  -2.0759580900E-02
   13      3.0090306000E-03  -5.6124435000E-03  -2.6456332300E-02  -2.4003088700E-02  -3.6376460000E-04
   14     -1.0330403000E-03   1.1632020000E-04   7.3612865000E-03  -9.1606496000E-03  -1.0731509800E-02
   15     -1.1807158700E-02   1.1239634400E-02   8.0356295800E-02   5.5828747200E-02   9.3485331000E-03
   16     -5.7614557000E-03  -7.6685155000E-03   2.0512878700E-02   1.5087306600E-02   3.3214122000E-03
   17     -1.5137634200E-02   1.6323646900E-02   5.5654750400E-02   6.6925541700E-02   3.3947569000E-03
   18     -1.5119639050E-01  -1.2049306240E-01  -1.6825613200E-02  -1.8093615800E-02  -2.4950383100E-02
   19     -1.1919276680E-01  -1.8197790790E-01  -1.7602102200E-02  -2.9664780000E-04   6.6430260000E-04
   20     -2.4800680500E-02  -2.4693455000E-02  -4.1072100900E-02   5.7623056000E-03   6.5701611000E-03
   21     -1.2497088070E-01   1.1361874640E-01  -3.3075775400E-02  -1.6417030900E-02   2.6187048700E-02
   22      1.0971927800E-01  -2.0063380800E-01   4.6948884200E-02   6.5364306000E-03  -4.4546593000E-03
   23     -4.2425367800E-02   5.4865160500E-02  -4.2954783300E-02   1.0105528500E-02  -5.4433367000E-03
   24     -1.9283631000E-02   2.6202079500E-02  -1.1568795000E-03  -1.0030403260E-01   1.0910613560E-01
   25      4.7943452000E-03  -2.5195977000E-03  -1.1277587000E-03   1.0824189790E-01  -2.4448216480E-01
   26      3.6959514000E-03  -3.9616797000E-03   1.0327489000E-03  -1.9887289000E-03   8.3301763000E-03
   27      1.1252687000E-03  -2.2620421000E-03  -1.5061620000E-04   5.8660624000E-03  -1.0504216500E-02
   28      1.1683177000E-03   9.7203560000E-04   3.2107970000E-04   1.0544678600E-02  -2.6768787100E-02
   29     -1.4570840000E-04   6.5564030000E-04  -7.2626550000E-04   1.3167559000E-03  -8.0759580000E-04
   30     -1.0149885000E-03  -8.6850530000E-04  -1.0130890000E-03  -5.7737282000E-03   5.5153720000E-04
   31     -2.2260540000E-04  -5.2981530000E-04  -5.6665550000E-04  -1.6612802000E-03   7.4009280000E-04
   32     -2.5947760000E-04   4.4699770000E-04  -1.5802202000E-03   1.4185990000E-03  -2.2296290000E-04
   33      5.6518240000E-04  -4.8667720000E-04  -3.3884520000E-04   1.7003991000E-03   1.1955858000E-03
   34     -2.1990440000E-04  -2.1026240000E-04   5.1518160000E-04  -6.9764530000E-04   1.5627817000E-03
   35     -1.7308210000E-04  -5.5486510000E-04  -3.0568010000E-04   7.5030900000E-05   7.1006200000E-05
   36      5.4991870000E-04  -8.5644220000E-04  -5.6528362000E-03  -4.8489108000E-03  -6.6379840000E-04
   37     -3.4503980000E-04   1.1977980000E-03   4.9580370000E-04   1.3839040000E-04  -1.3053785000E-03
   38      1.4245340000E-03  -4.5410757000E-03  -1.4997351100E-02  -8.2188010000E-03  -1.0557635000E-03
   39     -1.3429160000E-04   2.1127303000E-03  -3.9491201000E-03  -2.1369175000E-03  -2.1690570000E-03
   40      4.4640210000E-04  -3.8381120000E-04   1.9063582000E-03   6.2239800000E-04  -3.2428700000E-05
   41     -7.2784590000E-04   4.8727173000E-03  -1.4033605800E-02  -5.0781030000E-03   1.5693295000E-03
   42     -2.0776290000E-03   4.2874310000E-04   6.5400905000E-03   3.2463238000E-03   1.8735103000E-03
   43     -9.3505410000E-04  -2.0183270000E-04   3.6769514000E-03   2.7440575000E-03   7.4071790000E-04
   44      2.7788679000E-03  -2.3540387000E-03  -1.0590793100E-02  -7.3904513000E-03  -3.9411508000E-03
   45     -1.0830380000E-03   8.6515560000E-04   2.7280514000E-03   8.7063080000E-04   7.2333730000E-04
   46      3.9061350000E-04  -1.3999702000E-03   5.1856700000E-05   1.3422545000E-03  -1.2119421000E-03
   47      1.1245068000E-03  -7.8856470000E-04  -4.1026535000E-03  -3.2829206000E-03   5.8203310000E-04
                    5                  6                  7                  8                  9        
    0      1.0157878170E-01  -5.3922613100E-02  -2.3769234500E-02  -2.2910636000E-03   5.7399115000E-03
    1      4.6453828000E-03  -2.2579019300E-02   3.4971293000E-03   6.1255456000E-03  -4.5994144000E-03
    2      1.8965275400E-02   4.8561081900E-02   3.4871149000E-02   1.4945802900E-02  -8.0821179000E-03
    3     -5.3769088600E-02  -6.9147047300E-02  -7.0626198500E-02   1.9124711800E-02  -5.2191234700E-02
    4      2.3136107600E-02  -7.1476589400E-02  -2.4351805890E-01   1.9450579800E-02  -2.4594362200E-02
    5      1.3035067890E-01  -2.4653076300E-02  -2.0324943800E-02  -3.7423923500E-02   1.0146709100E-02
    6     -2.4653076300E-02   7.7309282200E-01  -1.9900114900E-02  -6.4655272800E-02  -5.0327368200E-01
    7     -2.0324943800E-02  -1.9900114900E-02   5.8080028990E-01   9.3408465000E-03   2.3268897400E-02
    8     -3.7423923500E-02  -6.4655272800E-02   9.3408465000E-03   8.7300694200E-02  -2.3255369000E-03
    9      1.0146709100E-02  -5.0327368200E-01   2.3268897400E-02  -2.3255369000E-03   8.1883942650E-01
   10     -3.8716180000E-04  -8.4968640000E-04  -7.6167401200E-02  -8.5850456000E-03   1.3227524000E-02
   11      1.4935610300E-02   4.8282310300E-02   1.4795720000E-02   5.7862587000E-03  -1.1145640940E-01
   12      3.4847715000E-03   2.7071678400E-02   1.5400449500E-02   2.6005173500E-02  -5.8730202000E-03
   13      3.1321601000E-03   6.5508201000E-03   5.4680284000E-03   3.0833630000E-03  -1.8842178000E-03
   14     -2.6958512600E-02  -1.0656914700E-02   1.1130351000E-03  -7.8975642000E-03   9.6493018000E-03
   15     -4.4191854100E-02  -3.8000088500E-02  -2.5578891700E-02   2.3407379000E-03   6.2540762000E-03
   16     -9.0291352000E-03  -9.0498319000E-03  -3.2486123000E-03  -2.0775200000E-04  -4.5453000000E-05
   17     -6.9906500400E-02  -1.2671921600E-02  -1.2326741400E-02  -3.3291031300E-02  -3.2318707000E-03
   18      2.2438410000E-04  -5.8298536000E-03   9.8950110000E-04   8.0309250000E-04  -1.0151740000E-03
   19      4.1753420000E-04  -1.1114054000E-03   3.9802750000E-04  -4.8428300000E-05  -1.4525390000E-04
   20     -3.7209270000E-04   2.3287046000E-03  -1.2474372000E-03   1.0338684400E-02   2.4420860000E-04
   21     -3.1187532000E-03   1.1848598000E-03   1.4715655000E-03   3.6762200000E-04   9.1382460000E-04
   22     -7.2777360000E-04  -2.0253914000E-03   8.7772100000E-04  -3.7460450000E-04  -6.3160000000E-05
   23     -1.5302795000E-03  -3.0229964000E-03  -1.3022578000E-03  -5.7184692000E-03  -2.4951100000E-05
   24     -6.5466700000E-04   6.1740099000E-03  -1.1725496800E-02   3.2431230000E-04   1.4842686000E-03
   25      5.6290568000E-03   1.1199107900E-02  -2.6521623100E-02  -4.5824700000E-04   8.2449460000E-04
   26     -3.2147678500E-02  -2.4627492000E-03  -8.6116960000E-04   5.1664940000E-04   3.3124410000E-04
   27     -1.5116783000E-03  -1.0295236580E-01   1.0811548210E-01   1.3206290300E-02  -2.2139653800E-02
   28     -2.1986123000E-03   1.0838007170E-01  -2.3473715160E-01  -2.6405533800E-02   4.2706688000E-03
   29      2.3314930000E-04   1.3533615600E-02  -2.7789497800E-02  -3.8976177100E-02   2.2744864000E-03
   30      3.6220413000E-03  -1.7761522200E-02  -2.6769493500E-02   9.5669690000E-04  -1.2109369640E-01
   31      5.3170850000E-04  -1.0820478000E-03  -9.7536590000E-04  -8.3159900000E-05  -1.1288315970E-01
   32      1.1695289400E-02  -2.8416983000E-03   3.2634590000E-04   2.2150637000E-03   3.8188658600E-02
   33     -1.7698833000E-03  -1.9351538500E-02   2.6431344800E-02   6.8396615000E-03  -1.2545014860E-01
   34      6.1577360000E-04   4.6437851000E-03  -2.2539520000E-03  -6.5738250000E-04   1.0206774910E-01
   35     -5.7937255000E-03  -2.4476210000E-03  -1.9967773000E-03   8.1350730000E-04   6.5547628600E-02
   36      2.9234277000E-03   2.9350378000E-03   2.2269812000E-03   6.2411830000E-04  -6.7705230000E-04
   37     -7.1718920000E-04  -3.6929390000E-04  -3.5503910000E-04   1.1933383000E-03   4.0040700000E-05
   38      5.7338978000E-03   5.8325766000E-03   4.6565778000E-03  -3.0985510000E-04  -2.1125614000E-03
   39      4.1584678000E-03   1.9138990000E-03   1.4912721000E-03   1.3871749000E-03  -9.5770800000E-04
   40      6.6840310000E-04  -5.0956300000E-05  -3.9424820000E-04   2.2019180000E-04   2.9745710000E-04
   41      7.7411300000E-05   2.9395713000E-03   4.6678960000E-04   6.6682400000E-05   9.5921600000E-05
   42      2.0718867000E-03  -2.1411758000E-03  -5.6033730000E-04  -2.0614986000E-03  -3.7258520000E-04
   43      7.5434150000E-04  -1.2642862000E-03  -5.7730910000E-04  -5.0852380000E-04   2.1422000000E-05
   44     -1.4195104000E-03   3.3987159000E-03   1.2052304000E-03   3.4725195000E-03   4.6954160000E-04
   45      1.4585308000E-03   7.5797000000E-06  -4.6572660000E-04  -6.4622010000E-04  -1.8755220000E-04
   46     -6.1456524000E-03  -1.0151618000E-03  -2.2924345000E-03  -2.0851878000E-03   1.9676720000E-04
   47     -6.4390893000E-03  -1.4643259000E-03  -9.2686940000E-04  -1.8388422000E-03   2.8574680000E-04
                   10                 11                 12                 13                 14        
    0     -3.9308536000E-03   4.4616127000E-03   6.0620763000E-03   3.0090306000E-03  -1.0330403000E-03
    1     -3.5620234000E-03  -4.3406761000E-03  -9.2163556000E-03  -5.6124435000E-03   1.1632020000E-04
    2      3.6860687000E-03  -2.2032872600E-02  -5.4488815500E-02  -2.6456332300E-02   7.3612865000E-03
    3     -2.6150355000E-02  -3.0458273000E-02  -4.7668769500E-02  -2.4003088700E-02  -9.1606496000E-03
    4      5.2032650000E-04  -2.0485524000E-02  -2.0759580900E-02  -3.6376460000E-04  -1.0731509800E-02
    5     -3.8716180000E-04   1.4935610300E-02   3.4847715000E-03   3.1321601000E-03  -2.6958512600E-02
    6     -8.4968640000E-04   4.8282310300E-02   2.7071678400E-02   6.5508201000E-03  -1.0656914700E-02
    7     -7.6167401200E-02   1.4795720000E-02   1.5400449500E-02   5.4680284000E-03   1.1130351000E-03
    8     -8.5850456000E-03   5.7862587000E-03   2.6005173500E-02   3.0833630000E-03  -7.8975642000E-03
    9      1.3227524000E-02  -1.1145640940E-01  -5.8730202000E-03  -1.8842178000E-03   9.6493018000E-03
   10      4.6943872850E-01   3.9256454100E-02   2.5907467000E-03  -2.4179331000E-03   1.1050372000E-03
   11      3.9256454100E-02   1.2950653610E-01  -1.5741656300E-02  -2.1025715000E-03  -1.7234017000E-02
   12      2.5907467000E-03  -1.5741656300E-02   4.9935440100E-01   1.0162344000E-02   1.9135264450E-01
   13     -2.4179331000E-03  -2.1025715000E-03   1.0162344000E-02   2.6230001510E-01  -2.6252533800E-02
   14      1.1050372000E-03  -1.7234017000E-02   1.9135264450E-01  -2.6252533800E-02   2.6846280730E-01
   15     -2.5646806000E-03   1.7575478000E-02  -2.7461350410E-01  -6.3156091400E-02  -4.0921858900E-02
   16     -2.6700140000E-03   3.7268754000E-03  -8.4678912100E-02  -9.4471980400E-02  -1.6658815400E-02
   17     -2.6955894000E-03   1.1878787900E-02   4.9347996100E-02   1.6510156900E-02  -4.5260702000E-02
   18     -9.9624160000E-04   3.3645370000E-04   5.6969500000E-05   4.7388500000E-05   1.5841440000E-04
   19      7.4520600000E-05   2.1904860000E-04   6.1975110000E-04  -1.3303100000E-05   5.1153570000E-04
   20     -1.6414800000E-04  -5.7177050000E-04  -3.9934710000E-04   4.9395350000E-04  -7.9193900000E-05
   21     -2.8304490000E-04   2.9135970000E-04   8.1152900000E-05   3.5996880000E-04  -3.9912700000E-04
   22      1.5160960000E-04   4.0227000000E-06   5.0333300000E-05  -1.9075710000E-04   1.4775700000E-05
   23      2.5109660000E-04   5.7084790000E-04   2.5688419000E-03   3.0940750000E-04  -1.5495900000E-04
   24     -1.3073541000E-03  -1.4484390000E-04  -7.2355520000E-04  -5.0506400000E-05  -7.6760600000E-05
   25      1.5646342000E-03  -5.3036810000E-04  -2.3903960000E-04  -1.5962911000E-03   2.8697410000E-04
   26     -7.5589100000E-04  -4.2780990000E-04   6.9638740000E-04   1.3606697000E-03  -7.1429000000E-06
   27      2.5891276900E-02   6.3131862000E-03  -6.7734410000E-04   9.2546870000E-04  -6.3285690000E-04
   28     -8.3104750000E-04  -6.4101740000E-04   1.1608419000E-03  -1.3099757000E-03   1.0318148000E-03
   29     -9.0160840000E-04   7.5432550000E-04  -9.5057440000E-04   1.0425646000E-03  -2.3183592000E-03
   30     -1.1157546640E-01   2.8582112700E-02  -4.4181440000E-04  -1.6720990000E-04   1.7421730000E-04
   31     -2.0684934190E-01   3.5415318800E-02  -1.4937650000E-04  -1.4471145000E-03   4.9779300000E-05
   32      4.3787492800E-02  -4.6994947000E-02  -2.0288710000E-03  -1.1236446000E-03   2.8965250000E-04
   33      1.0533617150E-01   5.5984641200E-02  -9.3198880000E-04   4.0099840000E-04   1.8904560000E-04
   34     -1.7666419810E-01  -6.6986725000E-02   1.6440300000E-05  -1.4375020000E-03   9.8481400000E-05
   35     -7.5378349900E-02  -7.1129208700E-02  -1.7147697000E-03   7.9855490000E-04  -5.3642550000E-04
   36      9.0046700000E-05  -2.9349578000E-03  -3.3966731100E-02   8.0024076000E-03   6.7217284000E-03
   37     -1.0865357000E-03  -3.6551320000E-04  -8.0850397000E-03   6.1287281000E-03   1.5169851000E-03
   38      6.5471120000E-04  -3.0703125000E-03  -1.1054720200E-02  -7.2733914000E-03   6.0460791000E-03
   39      4.4407080000E-04  -1.9290781000E-03  -9.5925682000E-03  -2.9406949800E-02  -1.5599307000E-03
   40     -3.8025190000E-04  -4.3474780000E-04  -5.0620994000E-03  -1.3331745000E-02  -1.8436376000E-03
   41     -1.5121350000E-04  -1.8126444000E-03  -9.1114439000E-03  -2.7706457000E-03   1.4062700000E-05
   42      3.4004280000E-04   1.0912287000E-03  -1.3914522030E-01   7.7589602200E-02  -1.4168714760E-01
   43     -2.2492080000E-04   6.5301710000E-04   8.9273270900E-02  -5.4885097800E-02   8.9672167800E-02
   44      1.3229850000E-04  -1.8979293000E-03  -1.7399419680E-01   9.3063929500E-02  -1.4792372910E-01
   45     -2.6219680000E-04  -2.5316470000E-04  -1.8991762200E-02   1.1620035100E-02  -2.1170657000E-03
   46     -8.9615180000E-04   1.8166862000E-03   8.9162259000E-03  -9.6818863700E-02  -4.0030409700E-02
   47      1.4584840000E-04   1.7391454000E-03  -3.9714202000E-03  -5.3815640400E-02  -3.3803282800E-02
                   15                 16                 17                 18                 19        
    0     -1.1807158700E-02  -5.7614557000E-03  -1.5137634200E-02  -1.5119639050E-01  -1.1919276680E-01
    1      1.1239634400E-02  -7.6685155000E-03   1.6323646900E-02  -1.2049306240E-01  -1.8197790790E-01
    2      8.0356295800E-02   2.0512878700E-02   5.5654750400E-02  -1.6825613200E-02  -1.7602102200E-02
    3      5.5828747200E-02   1.5087306600E-02   6.6925541700E-02  -1.8093615800E-02  -2.9664780000E-04
    4      9.3485331000E-03   3.3214122000E-03   3.3947569000E-03  -2.4950383100E-02   6.6430260000E-04
    5     -4.4191854100E-02  -9.0291352000E-03  -6.9906500400E-02   2.2438410000E-04   4.1753420000E-04
    6     -3.8000088500E-02  -9.0498319000E-03  -1.2671921600E-02  -5.8298536000E-03  -1.1114054000E-03
    7     -2.5578891700E-02  -3.2486123000E-03  -1.2326741400E-02   9.8950110000E-04   3.9802750000E-04
    8      2.3407379000E-03  -2.0775200000E-04  -3.3291031300E-02   8.0309250000E-04  -4.8428300000E-05
    9      6.2540762000E-03  -4.5453000000E-05  -3.2318707000E-03  -1.0151740000E-03  -1.4525390000E-04
   10     -2.5646806000E-03  -2.6700140000E-03  -2.6955894000E-03  -9.9624160000E-04   7.4520600000E-05
   11      1.7575478000E-02   3.7268754000E-03   1.1878787900E-02   3.3645370000E-04   2.1904860000E-04
   12     -2.7461350410E-01  -8.4678912100E-02   4.9347996100E-02   5.6969500000E-05   6.1975110000E-04
   13     -6.3156091400E-02  -9.4471980400E-02   1.6510156900E-02   4.7388500000E-05  -1.3303100000E-05
   14     -4.0921858900E-02  -1.6658815400E-02  -4.5260702000E-02   1.5841440000E-04   5.1153570000E-04
   15      5.0587325320E-01   5.2968941400E-02  -1.7430151860E-01  -4.1511830000E-04  -2.8020000000E-05
   16      5.2968941400E-02   4.9455085820E-01   1.0282170000E-03  -5.8617730000E-04  -7.2313040000E-04
   17     -1.7430151860E-01   1.0282170000E-03   1.9626179100E-01  -5.2838440000E-04  -2.0715410000E-04
   18     -4.1511830000E-04  -5.8617730000E-04  -5.2838440000E-04   1.6674595040E-01   1.3594978350E-01
   19     -2.8020000000E-05  -7.2313040000E-04  -2.0715410000E-04   1.3594978350E-01   2.1784795020E-01
   20      3.1374900000E-04  -1.3495276000E-03   3.2231522000E-03   1.6343500800E-02   1.5136471300E-02
   21     -1.5940226000E-03   7.3380900000E-04  -1.3053369000E-03   8.3309623000E-03  -1.5555033600E-02
   22     -4.2591270000E-04  -2.8962440000E-04  -6.9034300000E-05   9.8285373000E-03  -4.0470572300E-02
   23     -3.2162938000E-03   1.7503543000E-03  -4.7863713000E-03   2.8685950000E-04   1.9905373000E-03
   24     -6.0109480000E-04   4.9955590000E-04   1.6873160000E-04   1.6272235000E-03   7.7218750000E-04
   25      1.2003893000E-03  -6.9898070000E-04   4.3026500000E-05  -6.2176250000E-04   7.9598880000E-04
   26     -1.0396130000E-04   4.1690470000E-04  -1.1826319000E-03  -2.0848620000E-04   1.1130010000E-04
   27     -3.6332810000E-04   1.5515700000E-05   4.1963170000E-04  -3.5787930000E-04  -1.4177250000E-04
   28     -3.8310270000E-04  -1.3309941000E-03  -6.1832080000E-04   4.3729890000E-04   3.1203100000E-04
   29     -3.1978640000E-04  -2.2707620000E-04   1.6878370000E-04   8.8439100000E-05  -3.1820420000E-04
   30      2.7819080000E-04   2.5681080000E-04  -1.4781520000E-04  -1.1567546000E-03   1.0194470000E-04
   31      1.0074691000E-03  -5.5162170000E-04  -2.3762090000E-04   1.9649150000E-04   2.7707090000E-04
   32     -3.1350860000E-04  -5.1423240000E-04   1.1754793000E-03  -6.5190370000E-04  -1.1137680000E-04
   33      1.6654400000E-05   1.0935580000E-04   1.1014900000E-05   1.7507050000E-04  -4.7777390000E-04
   34      5.2945200000E-05  -6.4958820000E-04  -2.0915900000E-04   2.3382780000E-04   2.9442100000E-04
   35     -7.4909280000E-04   4.5783500000E-04   3.3300840000E-04  -3.0198140000E-04  -6.0833600000E-05
   36     -1.5881536730E-01   8.3160767200E-02   1.0761595260E-01   9.7577000000E-06   3.0722020000E-04
   37      7.8823835000E-02  -8.7747040400E-02  -5.7581286400E-02  -3.8033550000E-04   3.6064850000E-04
   38      1.2872577420E-01  -5.8240897900E-02  -9.1898466300E-02   9.4822800000E-05  -3.1529600000E-05
   39     -3.9888417100E-02  -2.8093120300E-02   1.1949717400E-02   4.4725920000E-04  -8.4634000000E-05
   40     -2.8852734000E-02  -2.7656803140E-01   4.8893323000E-02  -1.1798100000E-05   4.0895580000E-04
   41      2.2254447300E-02   5.9837455800E-02  -3.4327762000E-02  -4.9908900000E-05   2.6311100000E-04
   42     -3.5857651900E-02   4.3355010000E-03  -1.6529777500E-02   1.0002479000E-03  -1.1295258000E-03
   43     -1.4435324100E-02   3.2513660000E-04  -6.1541257000E-03   2.8638120000E-04   5.3298870000E-04
   44      1.5281734400E-02   8.0625678000E-03   9.3607863000E-03   2.5714880000E-04  -3.3700290000E-04
   45     -6.2951701000E-03  -2.8952613100E-02  -1.2584326900E-02  -3.2865490000E-04   4.1194670000E-04
   46     -1.9216990200E-02  -2.1579273300E-02  -6.0940952000E-03   7.0550800000E-05   1.2180083000E-03
   47     -2.7303420000E-03  -9.5656520000E-03   2.5969259000E-03  -2.6837900000E-05   6.7093400000E-05
                   20                 21                 22                 23                 24        
    0     -2.4800680500E-02  -1.2497088070E-01   1.0971927800E-01  -4.2425367800E-02  -1.9283631000E-02
    1     -2.4693455000E-02   1.1361874640E-01  -2.0063380800E-01   5.4865160500E-02   2.6202079500E-02
    2     -4.1072100900E-02  -3.3075775400E-02   4.6948884200E-02  -4.2954783300E-02  -1.1568795000E-03
    3      5.7623056000E-03  -1.6417030900E-02   6.5364306000E-03   1.0105528500E-02  -1.0030403260E-01
    4      6.5701611000E-03   2.6187048700E-02  -4.4546593000E-03  -5.4433367000E-03   1.0910613560E-01
    5     -3.7209270000E-04  -3.1187532000E-03  -7.2777360000E-04  -1.5302795000E-03  -6.5466700000E-04
    6      2.3287046000E-03   1.1848598000E-03  -2.0253914000E-03  -3.0229964000E-03   6.1740099000E-03
    7     -1.2474372000E-03   1.4715655000E-03   8.7772100000E-04  -1.3022578000E-03  -1.1725496800E-02
    8      1.0338684400E-02   3.6762200000E-04  -3.7460450000E-04  -5.7184692000E-03   3.2431230000E-04
    9      2.4420860000E-04   9.1382460000E-04  -6.3160000000E-05  -2.4951100000E-05   1.4842686000E-03
   10     -1.6414800000E-04  -2.8304490000E-04   1.5160960000E-04   2.5109660000E-04  -1.3073541000E-03
   11     -5.7177050000E-04   2.9135970000E-04   4.0227000000E-06   5.7084790000E-04  -1.4484390000E-04
   12     -3.9934710000E-04   8.1152900000E-05   5.0333300000E-05   2.5688419000E-03  -7.2355520000E-04
   13      4.9395350000E-04   3.5996880000E-04  -1.9075710000E-04   3.0940750000E-04  -5.0506400000E-05
   14     -7.9193900000E-05  -3.9912700000E-04   1.4775700000E-05  -1.5495900000E-04  -7.6760600000E-05
   15      3.1374900000E-04  -1.5940226000E-03  -4.2591270000E-04  -3.2162938000E-03  -6.0109480000E-04
   16     -1.3495276000E-03   7.3380900000E-04  -2.8962440000E-04   1.7503543000E-03   4.9955590000E-04
   17      3.2231522000E-03  -1.3053369000E-03  -6.9034300000E-05  -4.7863713000E-03   1.6873160000E-04
   18      1.6343500800E-02   8.3309623000E-03   9.8285373000E-03   2.8685950000E-04   1.6272235000E-03
   19      1.5136471300E-02  -1.5555033600E-02  -4.0470572300E-02   1.9905373000E-03   7.7218750000E-04
   20      2.7456879300E-02   2.4412805000E-03   5.2495397000E-03   6.9273589000E-03  -7.4490580000E-04
   21      2.4412805000E-03   1.3611139510E-01  -1.2383832770E-01   3.4379705200E-02  -4.7272502000E-03
   22      5.2495397000E-03  -1.2383832770E-01   2.4135307330E-01  -5.1593087900E-02   1.5897593000E-03
   23      6.9273589000E-03   3.4379705200E-02  -5.1593087900E-02   3.7662575500E-02   3.5986799000E-03
   24     -7.4490580000E-04  -4.7272502000E-03   1.5897593000E-03   3.5986799000E-03   1.1742076670E-01
   25     -1.1464080000E-04  -3.4380710000E-04   4.1322180000E-04  -3.8795740000E-04  -1.2169168510E-01
   26     -3.7949958000E-03   7.1054980000E-04   1.1834460000E-03   8.5882130000E-03  -1.7699934000E-03
   27      8.7930900000E-05  -3.0494100000E-04  -4.6642990000E-04  -7.3140600000E-05  -1.4183634000E-03
   28     -1.2096160000E-04  -7.3639290000E-04   6.7099400000E-05  -1.4500290000E-04  -2.7762580000E-03
   29     -3.1330910000E-04  -4.9354500000E-05  -2.6780510000E-04   2.7986560000E-04   3.0360210000E-04
   30      5.2280380000E-04   1.4739450000E-04   9.8147300000E-05   5.7945840000E-04  -3.9063840000E-04
   31      1.9776680000E-04  -3.4610990000E-04   3.1631200000E-04   7.0826000000E-06  -2.8824800000E-05
   32     -1.4532351000E-03  -4.4679940000E-04  -4.9640000000E-06   1.3400916000E-03  -1.1767160000E-04
   33      6.2870920000E-04  -1.7207940000E-04  -5.0194560000E-04   5.2359440000E-04   8.7331000000E-05
   34     -4.1200400000E-05  -4.5150150000E-04   1.6687050000E-04  -1.7921000000E-06  -1.6982050000E-04
   35      1.1239404000E-03  -3.7663540000E-04   2.5775400000E-05   2.9912040000E-04   1.3157430000E-04
   36     -7.6097890000E-04   5.9475630000E-04   2.5682680000E-04  -7.2948420000E-04  -1.1786770000E-04
   37      3.0744000000E-05   9.1052300000E-05   6.9435040000E-04  -5.3225700000E-05  -2.7319980000E-04
   38     -8.8842470000E-04   2.2438180000E-04   2.0329350000E-04   3.2985050000E-04  -1.5388480000E-04
   39     -6.3495890000E-04  -1.7479290000E-04   6.2478200000E-05  -1.0479576000E-03   1.6143870000E-04
   40     -1.4302150000E-04  -9.2246800000E-05   2.5140110000E-04  -5.6737700000E-05   7.8833400000E-05
   41      1.1619950000E-04   9.5513900000E-05  -1.0812870000E-04  -1.7172460000E-03   3.9574770000E-04
   42     -7.4979360000E-04   2.0156370000E-04  -1.1521080000E-03  -1.2060326000E-03   9.7150750000E-04
   43      9.2443700000E-05  -4.7272160000E-04   5.0663310000E-04  -2.8905010000E-04   1.9951240000E-04
   44      5.6844700000E-05   3.2381110000E-04  -6.5388530000E-04  -3.3328630000E-04   1.5635500000E-04
   45     -5.8252820000E-04   7.9508860000E-04   3.3148450000E-04  -2.9644400000E-04  -3.6011250000E-04
   46      1.0331190000E-04  -3.4300470000E-04   1.2411288000E-03   9.8809600000E-05  -4.2491820000E-04
   47     -6.9793700000E-04  -6.2442100000E-05   1.6954620000E-04   1.1974713000E-03  -2.5939630000E-04
                   25                 26                 27                 28                 29        
    0      4.7943452000E-03   3.6959514000E-03   1.1252687000E-03   1.1683177000E-03  -1.4570840000E-04
    1     -2.5195977000E-03  -3.9616797000E-03  -2.2620421000E-03   9.7203560000E-04   6.5564030000E-04
    2     -1.1277587000E-03   1.0327489000E-03  -1.5061620000E-04   3.2107970000E-04  -7.2626550000E-04
    3      1.0824189790E-01  -1.9887289000E-03   5.8660624000E-03   1.0544678600E-02   1.3167559000E-03
    4     -2.4448216480E-01   8.3301763000E-03  -1.0504216500E-02  -2.6768787100E-02  -8.0759580000E-04
    5      5.6290568000E-03  -3.2147678500E-02  -1.5116783000E-03  -2.1986123000E-03   2.3314930000E-04
    6      1.1199107900E-02  -2.4627492000E-03  -1.0295236580E-01   1.0838007170E-01   1.3533615600E-02
    7     -2.6521623100E-02  -8.6116960000E-04   1.0811548210E-01  -2.3473715160E-01  -2.7789497800E-02
    8     -4.5824700000E-04   5.1664940000E-04   1.3206290300E-02  -2.6405533800E-02  -3.8976177100E-02
    9      8.2449460000E-04   3.3124410000E-04  -2.2139653800E-02   4.2706688000E-03   2.2744864000E-03
   10      1.5646342000E-03  -7.5589100000E-04   2.5891276900E-02  -8.3104750000E-04  -9.0160840000E-04
   11     -5.3036810000E-04  -4.2780990000E-04   6.3131862000E-03  -6.4101740000E-04   7.5432550000E-04
   12     -2.3903960000E-04   6.9638740000E-04  -6.7734410000E-04   1.1608419000E-03  -9.5057440000E-04
   13     -1.5962911000E-03   1.3606697000E-03   9.2546870000E-04  -1.3099757000E-03   1.0425646000E-03
   14      2.8697410000E-04  -7.1429000000E-06  -6.3285690000E-04   1.0318148000E-03  -2.3183592000E-03
   15      1.2003893000E-03  -1.0396130000E-04  -3.6332810000E-04  -3.8310270000E-04  -3.1978640000E-04
   16     -6.9898070000E-04   4.1690470000E-04   1.5515700000E-05  -1.3309941000E-03  -2.2707620000E-04
   17      4.3026500000E-05  -1.1826319000E-03   4.1963170000E-04  -6.1832080000E-04   1.6878370000E-04
   18     -6.2176250000E-04  -2.0848620000E-04  -3.5787930000E-04   4.3729890000E-04   8.8439100000E-05
   19      7.9598880000E-04   1.1130010000E-04  -1.4177250000E-04   3.1203100000E-04  -3.1820420000E-04
   20     -1.1464080000E-04  -3.7949958000E-03   8.7930900000E-05  -1.2096160000E-04  -3.1330910000E-04
   21     -3.4380710000E-04   7.1054980000E-04  -3.0494100000E-04  -7.3639290000E-04  -4.9354500000E-05
   22      4.1322180000E-04   1.1834460000E-03  -4.6642990000E-04   6.7099400000E-05  -2.6780510000E-04
   23     -3.8795740000E-04   8.5882130000E-03  -7.3140600000E-05  -1.4500290000E-04   2.7986560000E-04
   24     -1.2169168510E-01  -1.7699934000E-03  -1.4183634000E-03  -2.7762580000E-03   3.0360210000E-04
   25      2.7422705570E-01  -3.9310765000E-03  -2.5175891000E-03  -3.5108907000E-03   1.3213580000E-04
   26     -3.9310765000E-03   2.3251086000E-02   3.4932190000E-04  -1.3252420000E-04   3.9147077000E-03
   27     -2.5175891000E-03   3.4932190000E-04   1.2414895170E-01  -1.2022547060E-01  -1.6994606200E-02
   28     -3.5108907000E-03  -1.3252420000E-04  -1.2022547060E-01   2.6350173090E-01   2.8328406300E-02
   29      1.3213580000E-04   3.9147077000E-03  -1.6994606200E-02   2.8328406300E-02   3.1996723200E-02
   30      3.1740490000E-04  -1.7224910000E-04   1.4796303000E-03  -7.3355700000E-04  -1.1278692000E-03
   31      1.8045780000E-04   4.5256290000E-04   9.0791830000E-04   8.0148660000E-04  -3.8648700000E-05
   32      4.1402000000E-06  -4.8946110000E-04  -3.7703970000E-04   6.9731270000E-04  -4.7808577000E-03
   33     -4.7488790000E-04   1.1544440000E-04  -5.1278765000E-03  -6.5076380000E-04   2.2847376000E-03
   34      8.9738000000E-06   3.6297490000E-04   1.1002368000E-03   6.5061160000E-04  -1.9947619000E-03
   35      2.3211300000E-04   6.5578810000E-04  -5.5914490000E-04  -1.9582320000E-04   1.0480415600E-02
   36     -3.2370720000E-04   3.1120610000E-04   4.9116400000E-04  -1.0178130000E-04   3.5876000000E-06
   37      4.4150290000E-04  -6.9387070000E-04  -1.9435000000E-05   4.0721800000E-04   6.2500650000E-04
   38      1.9527210000E-04  -2.5246260000E-04   5.0023600000E-05   2.1489300000E-04   3.9925050000E-04
   39     -3.9292100000E-05   4.2403500000E-04   2.1972000000E-05  -4.3719000000E-06  -9.6250100000E-05
   40      6.5148010000E-04  -7.5705460000E-04  -2.5082720000E-04   4.4269060000E-04   3.4978630000E-04
   41      1.7601500000E-05  -1.7133680000E-04   7.7556900000E-05  -1.6669130000E-04  -2.5412820000E-04
   42     -4.2615200000E-05   1.0081720000E-04  -4.1155880000E-04  -3.1682940000E-04  -1.1263360000E-04
   43      3.5214290000E-04  -9.6323070000E-04  -2.3862480000E-04   2.7535470000E-04   9.6405770000E-04
   44     -5.4008560000E-04   9.7870920000E-04   1.5732700000E-04  -6.2426440000E-04  -1.1454594000E-03
   45     -2.8325420000E-04  -2.8789300000E-05   6.2026180000E-04  -3.3349800000E-05  -8.4415000000E-06
   46      6.9409010000E-04  -1.6153760000E-04  -3.2949070000E-04   1.0585883000E-03   2.4760080000E-04
   47      5.4981390000E-04  -4.6438280000E-04  -3.6218570000E-04   6.5524530000E-04   2.8733500000E-04
                   30                 31                 32                 33                 34        
    0     -1.0149885000E-03  -2.2260540000E-04  -2.5947760000E-04   5.6518240000E-04  -2.1990440000E-04
    1     -8.6850530000E-04  -5.2981530000E-04   4.4699770000E-04  -4.8667720000E-04  -2.1026240000E-04
    2     -1.0130890000E-03  -5.6665550000E-04  -1.5802202000E-03  -3.3884520000E-04   5.1518160000E-04
    3     -5.7737282000E-03  -1.6612802000E-03   1.4185990000E-03   1.7003991000E-03  -6.9764530000E-04
    4      5.5153720000E-04   7.4009280000E-04  -2.2296290000E-04   1.1955858000E-03   1.5627817000E-03
    5      3.6220413000E-03   5.3170850000E-04   1.1695289400E-02  -1.7698833000E-03   6.1577360000E-04
    6     -1.7761522200E-02  -1.0820478000E-03  -2.8416983000E-03  -1.9351538500E-02   4.6437851000E-03
    7     -2.6769493500E-02  -9.7536590000E-04   3.2634590000E-04   2.6431344800E-02  -2.2539520000E-03
    8      9.5669690000E-04  -8.3159900000E-05   2.2150637000E-03   6.8396615000E-03  -6.5738250000E-04
    9     -1.2109369640E-01  -1.1288315970E-01   3.8188658600E-02  -1.2545014860E-01   1.0206774910E-01
   10     -1.1157546640E-01  -2.0684934190E-01   4.3787492800E-02   1.0533617150E-01  -1.7666419810E-01
   11      2.8582112700E-02   3.5415318800E-02  -4.6994947000E-02   5.5984641200E-02  -6.6986725000E-02
   12     -4.4181440000E-04  -1.4937650000E-04  -2.0288710000E-03  -9.3198880000E-04   1.6440300000E-05
   13     -1.6720990000E-04  -1.4471145000E-03  -1.1236446000E-03   4.0099840000E-04  -1.4375020000E-03
   14      1.7421730000E-04   4.9779300000E-05   2.8965250000E-04   1.8904560000E-04   9.8481400000E-05
   15      2.7819080000E-04   1.0074691000E-03  -3.1350860000E-04   1.6654400000E-05   5.2945200000E-05
   16      2.5681080000E-04  -5.5162170000E-04  -5.1423240000E-04   1.0935580000E-04  -6.4958820000E-04
   17     -1.4781520000E-04  -2.3762090000E-04   1.1754793000E-03   1.1014900000E-05  -2.0915900000E-04
   18     -1.1567546000E-03   1.9649150000E-04  -6.5190370000E-04   1.7507050000E-04   2.3382780000E-04
   19      1.0194470000E-04   2.7707090000E-04  -1.1137680000E-04  -4.7777390000E-04   2.9442100000E-04
   20      5.2280380000E-04   1.9776680000E-04  -1.4532351000E-03   6.2870920000E-04  -4.1200400000E-05
   21      1.4739450000E-04  -3.4610990000E-04  -4.4679940000E-04  -1.7207940000E-04  -4.5150150000E-04
   22      9.8147300000E-05   3.1631200000E-04  -4.9640000000E-06  -5.0194560000E-04   1.6687050000E-04
   23      5.7945840000E-04   7.0826000000E-06   1.3400916000E-03   5.2359440000E-04  -1.7921000000E-06
   24     -3.9063840000E-04  -2.8824800000E-05  -1.1767160000E-04   8.7331000000E-05  -1.6982050000E-04
   25      3.1740490000E-04   1.8045780000E-04   4.1402000000E-06  -4.7488790000E-04   8.9738000000E-06
   26     -1.7224910000E-04   4.5256290000E-04  -4.8946110000E-04   1.1544440000E-04   3.6297490000E-04
   27      1.4796303000E-03   9.0791830000E-04  -3.7703970000E-04  -5.1278765000E-03   1.1002368000E-03
   28     -7.3355700000E-04   8.0148660000E-04   6.9731270000E-04  -6.5076380000E-04   6.5061160000E-04
   29     -1.1278692000E-03  -3.8648700000E-05  -4.7808577000E-03   2.2847376000E-03  -1.9947619000E-03
   30      1.3574392850E-01   1.2651887590E-01  -3.2535727200E-02   8.0956491000E-03   1.2648226700E-02
   31      1.2651887590E-01   2.4416007760E-01  -3.4141102900E-02  -1.1461312000E-02  -4.0254305800E-02
   32     -3.2535727200E-02  -3.4141102900E-02   3.0568484600E-02  -2.1869507000E-03  -9.0498805000E-03
   33      8.0956491000E-03  -1.1461312000E-02  -2.1869507000E-03   1.3829044090E-01  -1.1855328960E-01
   34      1.2648226700E-02  -4.0254305800E-02  -9.0498805000E-03  -1.1855328960E-01   2.1488519530E-01
   35      4.4074030000E-04  -1.6737467000E-03   8.1663930000E-03  -6.2156422100E-02   7.7349934500E-02
   36      7.1788470000E-04  -6.8701380000E-04   4.9735230000E-04   4.7731090000E-04  -6.3289440000E-04
   37      1.4882510000E-04   9.7738200000E-04   6.7921500000E-05  -4.1206060000E-04   8.9893510000E-04
   38     -4.1746400000E-05   3.3455700000E-05   3.7038270000E-04  -1.6080000000E-07   3.3462830000E-04
   39      1.0200780000E-04  -1.0853770000E-04   3.8630980000E-04   7.2791570000E-04  -9.9751000000E-05
   40     -1.0213590000E-04   1.0672987000E-03   2.4803000000E-06  -3.3474970000E-04   1.1333504000E-03
   41      7.2409000000E-06   1.5619490000E-04  -3.0599820000E-04   1.0185500000E-04   2.4813010000E-04
   42     -8.5811300000E-05   7.2060860000E-04   8.3340410000E-04   8.0321460000E-04   8.1197870000E-04
   43     -6.5298050000E-04   1.1984867000E-03   1.3175810000E-04   2.7425260000E-04   1.3013570000E-03
   44      1.4818480000E-04  -4.2872800000E-04  -6.6660430000E-04   2.0619410000E-04  -6.5536320000E-04
   45      1.1542684000E-03  -7.2109560000E-04   4.3532410000E-04   9.4463400000E-05  -7.5038300000E-04
   46      2.2757570000E-04   8.8889980000E-04  -2.9628520000E-04  -3.9424840000E-04   5.6731220000E-04
   47      4.9995000000E-06   3.2579310000E-04   4.5048670000E-04  -4.3263590000E-04   7.1160200000E-05
                   35                 36                 37                 38                 39        
    0     -1.7308210000E-04   5.4991870000E-04  -3.4503980000E-04   1.4245340000E-03  -1.3429160000E-04
    1     -5.5486510000E-04  -8.5644220000E-04   1.1977980000E-03  -4.5410757000E-03   2.1127303000E-03
    2     -3.0568010000E-04  -5.6528362000E-03   4.9580370000E-04  -1.4997351100E-02  -3.9491201000E-03
    3      7.5030900000E-05  -4.8489108000E-03   1.3839040000E-04  -8.2188010000E-03  -2.1369175000E-03
    4      7.1006200000E-05  -6.6379840000E-04  -1.3053785000E-03  -1.0557635000E-03  -2.1690570000E-03
    5     -5.7937255000E-03   2.9234277000E-03  -7.1718920000E-04   5.7338978000E-03   4.1584678000E-03
    6     -2.4476210000E-03   2.9350378000E-03  -3.6929390000E-04   5.8325766000E-03   1.9138990000E-03
    7     -1.9967773000E-03   2.2269812000E-03  -3.5503910000E-04   4.6565778000E-03   1.4912721000E-03
    8      8.1350730000E-04   6.2411830000E-04   1.1933383000E-03  -3.0985510000E-04   1.3871749000E-03
    9      6.5547628600E-02  -6.7705230000E-04   4.0040700000E-05  -2.1125614000E-03  -9.5770800000E-04
   10     -7.5378349900E-02   9.0046700000E-05  -1.0865357000E-03   6.5471120000E-04   4.4407080000E-04
   11     -7.1129208700E-02  -2.9349578000E-03  -3.6551320000E-04  -3.0703125000E-03  -1.9290781000E-03
   12     -1.7147697000E-03  -3.3966731100E-02  -8.0850397000E-03  -1.1054720200E-02  -9.5925682000E-03
   13      7.9855490000E-04   8.0024076000E-03   6.1287281000E-03  -7.2733914000E-03  -2.9406949800E-02
   14     -5.3642550000E-04   6.7217284000E-03   1.5169851000E-03   6.0460791000E-03  -1.5599307000E-03
   15     -7.4909280000E-04  -1.5881536730E-01   7.8823835000E-02   1.2872577420E-01  -3.9888417100E-02
   16      4.5783500000E-04   8.3160767200E-02  -8.7747040400E-02  -5.8240897900E-02  -2.8093120300E-02
   17      3.3300840000E-04   1.0761595260E-01  -5.7581286400E-02  -9.1898466300E-02   1.1949717400E-02
   18     -3.0198140000E-04   9.7577000000E-06  -3.8033550000E-04   9.4822800000E-05   4.4725920000E-04
   19     -6.0833600000E-05   3.0722020000E-04   3.6064850000E-04  -3.1529600000E-05  -8.4634000000E-05
   20      1.1239404000E-03  -7.6097890000E-04   3.0744000000E-05  -8.8842470000E-04  -6.3495890000E-04
   21     -3.7663540000E-04   5.9475630000E-04   9.1052300000E-05   2.2438180000E-04  -1.7479290000E-04
   22      2.5775400000E-05   2.5682680000E-04   6.9435040000E-04   2.0329350000E-04   6.2478200000E-05
   23      2.9912040000E-04  -7.2948420000E-04  -5.3225700000E-05   3.2985050000E-04  -1.0479576000E-03
   24      1.3157430000E-04  -1.1786770000E-04  -2.7319980000E-04  -1.5388480000E-04   1.6143870000E-04
   25      2.3211300000E-04  -3.2370720000E-04   4.4150290000E-04   1.9527210000E-04  -3.9292100000E-05
   26      6.5578810000E-04   3.1120610000E-04  -6.9387070000E-04  -2.5246260000E-04   4.2403500000E-04
   27     -5.5914490000E-04   4.9116400000E-04  -1.9435000000E-05   5.0023600000E-05   2.1972000000E-05
   28     -1.9582320000E-04  -1.0178130000E-04   4.0721800000E-04   2.1489300000E-04  -4.3719000000E-06
   29      1.0480415600E-02   3.5876000000E-06   6.2500650000E-04   3.9925050000E-04  -9.6250100000E-05
   30      4.4074030000E-04   7.1788470000E-04   1.4882510000E-04  -4.1746400000E-05   1.0200780000E-04
   31     -1.6737467000E-03  -6.8701380000E-04   9.7738200000E-04   3.3455700000E-05  -1.0853770000E-04
   32      8.1663930000E-03   4.9735230000E-04   6.7921500000E-05   3.7038270000E-04   3.8630980000E-04
   33     -6.2156422100E-02   4.7731090000E-04  -4.1206060000E-04  -1.6080000000E-07   7.2791570000E-04
   34      7.7349934500E-02  -6.3289440000E-04   8.9893510000E-04   3.3462830000E-04  -9.9751000000E-05
   35      5.5914632400E-02   5.3865380000E-04   2.8014780000E-04  -2.5102650000E-04   4.6287370000E-04
   36      5.3865380000E-04   1.9773752180E-01  -9.4968381500E-02  -1.1280608710E-01  -6.5579400000E-05
   37      2.8014780000E-04  -9.4968381500E-02   1.1008611640E-01   6.7629605100E-02   2.7370206000E-02
   38     -2.5102650000E-04  -1.1280608710E-01   6.7629605100E-02   9.4938709100E-02   1.0361011000E-03
