
$orca_hessian_file

$act_atom
  0

$act_coord
  0

$act_energy
      -21.843008

$multiplicity
  1

$hessian
48
                    0                  1                  2                  3                  4        
    0      5.8527276460E-01   9.7328866000E-03  -2.1903849860E-01  -2.7998025820E-01   3.4825590300E-02
    1      9.7328866000E-03   5.6760029760E-01  -3.8170984000E-03   1.3833730300E-02  -7.8287343100E-02
    2     -2.1903849860E-01  -3.8170984000E-03   1.6615713330E-01   1.3030820700E-01  -2.8523311300E-02
    3     -2.7998025820E-01   1.3833730300E-02   1.3030820700E-01   5.5943703340E-01   1.1032481400E-02
    4      3.4825590300E-02  -7.8287343100E-02  -2.8523311300E-02   1.1032481400E-02   5.9193772600E-01
    5      1.7935996000E-01  -6.5984674000E-03  -1.1217250700E-01  -1.7947102230E-01   6.7856733000E-02
    6     -4.8198106700E-02  -2.5662703700E-02   4.3539874100E-02  -1.1956207570E-01  -1.0024217520E-01
    7     -2.4068451800E-02   1.4056430000E-04   2.4648512900E-02  -1.0338717260E-01  -2.4391243560E-01
    8      6.4345664000E-03   9.9116220000E-03   1.0898080000E-04   4.4207452000E-03  -4.6763209000E-03
    9      5.7059129000E-03  -3.0308732000E-03  -1.1925843600E-02  -5.0930274500E-02  -2.6852670100E-02
   10     -3.6198951000E-03  -2.5995561000E-03   4.3066458000E-03  -2.2930044500E-02   2.7088085000E-03
   11      9.4224893000E-03  -2.8956930000E-03  -2.5478560100E-02  -4.2890625100E-02  -2.4105023300E-02
   12     -6.6485870000E-04  -6.3979951000E-03  -6.1952428000E-02  -4.1720302200E-02  -1.9330379600E-02
   13      1.0224000000E-05  -1.5846622000E-03  -3.3119029400E-02  -1.9649398100E-02  -4.8843449000E-03
   14     -9.9660371000E-03  -2.0816631000E-03   2.5466199300E-02   2.3664196500E-02   1.6937697500E-02
   15     -1.9214775600E-02   3.2245010000E-03   8.2442294000E-02   4.3666206000E-02   1.2650007000E-02
   16     -2.5174464000E-03  -2.3058298200E-02   2.7971481600E-02   1.4751886600E-02   6.5141473000E-03
   17     -2.4550886000E-03   8.3556458000E-03   7.1283407200E-02   5.2865452100E-02   1.6603097500E-02
   18     -1.3248737480E-01  -1.2148081060E-01   2.3438250500E-02  -1.5274199800E-02  -1.9163432800E-02
   19     -1.2202271480E-01  -2.0892897340E-01   2.1320691900E-02  -6.7243910000E-04   2.9023930000E-04
   20      1.7424912700E-02   1.8833479800E-02  -3.4848623700E-02   1.3388055500E-02   1.6231818500E-02
   21     -9.5580255500E-02   1.0355440530E-01   1.6715067600E-02  -9.8302197000E-03   2.3554221800E-02
   22      1.0126505390E-01  -2.4835691670E-01  -1.3671235500E-02   6.3829895000E-03  -5.1439639000E-03
   23      7.7576013000E-03  -1.0403461200E-02  -2.5881037800E-02   1.5593447600E-02  -1.6710127300E-02
   24     -1.3756293700E-02   2.5074766000E-02   2.1954541000E-03  -9.0307265100E-02   9.4028507500E-02
   25      3.9780838000E-03  -4.0122255000E-03  -1.2416232000E-03   9.5213526100E-02  -2.4266546120E-01
   26      1.1606846500E-02  -1.3431854100E-02  -8.4597951000E-03   1.0964032700E-02  -3.2973127800E-02
   27      5.6605270000E-04  -1.6191606000E-03   1.3469598000E-03   8.8184019000E-03  -1.1871116000E-02
   28      9.4147170000E-04   3.9329720000E-04  -1.2249172000E-03   7.7061758000E-03  -2.7385489400E-02
   29      4.9287000000E-04   1.6279290000E-04  -4.0979301000E-03  -5.0051207000E-03  -7.7033677000E-03
   30      2.3087400000E-04  -3.8234100000E-04  -1.6554977000E-03  -4.9097280000E-03  -2.8388440000E-04
   31      1.2651450000E-04   2.1206700000E-04  -8.0685310000E-04  -8.3268020000E-04   6.1044390000E-04
   32     -1.6770594000E-03  -1.5465632000E-03   7.0151560000E-04  -4.4258321000E-03   2.2411407000E-03
   33      4.0334200000E-05  -2.5048690000E-04  -8.5320890000E-04  -6.8637200000E-04   1.0055228000E-03
   34     -1.2819300000E-04  -2.0375000000E-04   3.3467010000E-04  -1.8203928000E-03   1.0108197000E-03
   35      8.6557400000E-05   5.4699160000E-04   1.0787102000E-03   2.7444748000E-03   1.6909145000E-03
   36      8.8289760000E-04   7.6896800000E-05  -4.8520080000E-03  -1.3679718000E-03  -3.4355640000E-04
   37      7.2943930000E-04   8.2814520000E-04   3.3036370000E-04   4.9923510000E-04  -1.5040820000E-04
   38      3.1258613000E-03  -4.9955671000E-03  -2.7218535300E-02  -7.1673165000E-03  -2.0080410000E-03
   39     -9.5990890000E-04   3.4977754000E-03  -3.8015708000E-03  -2.9805930000E-04  -5.6500630000E-04
   40      8.8401360000E-04  -1.1804979000E-03   2.4187401000E-03   4.1303960000E-04   2.7464870000E-04
   41     -3.5690680000E-03   9.7090360000E-03  -1.2987896800E-02  -4.3826988000E-03  -1.4895200000E-05
   42     -1.3877836000E-03  -1.3920000000E-07   2.9289163000E-03   1.7314949000E-03   7.2332710000E-04
   43     -7.6955010000E-04   2.7031100000E-05   1.2728605000E-03   8.6142010000E-04   5.5996310000E-04
   44      5.9422170000E-04  -1.3173704000E-03  -1.0333687900E-02  -7.7526763000E-03  -3.3478014000E-03
   45     -4.6922010000E-04  -1.7045110000E-04   1.1640322000E-03   1.2135902000E-03   8.3256300000E-04
   46      6.3297370000E-04  -9.8917940000E-04  -1.9989860000E-04  -1.4023573000E-03  -1.4773502000E-03
   47      3.9986500000E-04  -4.3183010000E-04  -3.3173728000E-03  -2.8533196000E-03  -1.4993858000E-03
                    5                  6                  7                  8                  9        
    0      1.7935996000E-01  -4.8198106700E-02  -2.4068451800E-02   6.4345664000E-03   5.7059129000E-03
    1     -6.5984674000E-03  -2.5662703700E-02   1.4056430000E-04   9.9116220000E-03  -3.0308732000E-03
    2     -1.1217250700E-01   4.3539874100E-02   2.4648512900E-02   1.0898080000E-04  -1.1925843600E-02
    3     -1.7947102230E-01  -1.1956207570E-01  -1.0338717260E-01   4.4207452000E-03  -5.0930274500E-02
    4      6.7856733000E-02  -1.0024217520E-01  -2.4391243560E-01  -4.6763209000E-03  -2.6852670100E-02
    5      2.5541936910E-01  -5.2559283000E-03  -9.4578276000E-03  -3.3393289700E-02  -5.3814245000E-03
    6     -5.2559283000E-03   6.2864763380E-01  -9.5746177000E-03   1.6427457250E-01  -3.4555261090E-01
    7     -9.4578276000E-03  -9.5746177000E-03   6.0115640010E-01  -3.2917395700E-02   5.2869391500E-02
    8     -3.3393289700E-02   1.6427457250E-01  -3.2917395700E-02   2.1566549930E-01  -1.7240128540E-01
    9     -5.3814245000E-03  -3.4555261090E-01   5.2869391500E-02  -1.7240128540E-01   6.3430081960E-01
   10     -6.2940406000E-03   2.5903852100E-02  -8.0974923900E-02   5.8090190000E-03  -1.0003865600E-02
   11     -9.1487850000E-04  -1.3477823320E-01   3.0308109200E-02  -9.3342778300E-02   2.2635562490E-01
   12      1.3403412500E-02   3.9422878300E-02   1.4001474300E-02   2.3985584500E-02  -1.5134393300E-02
   13      1.1469314100E-02   1.4603106500E-02   8.6296651000E-03   1.0151040000E-02  -4.1117164000E-03
   14     -1.6232236600E-02  -4.7304441400E-02  -1.5339080400E-02  -3.9945620600E-02   1.7840526000E-03
   15     -3.0712935800E-02  -3.5631031900E-02  -1.7631319100E-02  -8.9695422000E-03   5.9788970000E-03
   16     -1.2061629300E-02  -1.4836970100E-02  -5.3371342000E-03  -3.0242086000E-03   2.3048860000E-03
   17     -5.6086194800E-02  -2.6673536800E-02  -1.6684339600E-02  -1.6706895700E-02   9.4758125000E-03
   18      3.7716660000E-03  -5.1936813000E-03  -9.3426610000E-04   4.5377076000E-03   5.4451220000E-04
   19      8.9493740000E-04  -1.2483704000E-03   8.9659040000E-04   2.1216100000E-05   9.4939700000E-05
   20     -5.6980608000E-03   4.9812530000E-03  -2.3399628000E-03   3.9145984000E-03   1.5812677000E-03
   21      1.5921023000E-03  -1.5431371000E-03   6.4085130000E-04  -1.7074291000E-03   3.1841680000E-04
   22     -3.7727516000E-03  -1.5936374000E-03   9.5905110000E-04   7.0461950000E-04  -1.1999400000E-04
   23     -6.4310201000E-03  -3.1353152000E-03  -1.5532777000E-03  -2.7078053000E-03   1.5714050000E-04
   24      2.2378077800E-02   9.3494322000E-03  -1.2197633400E-02  -1.8633822000E-03   4.6824170000E-04
   25     -3.5818584400E-02   7.7899140000E-03  -2.7994533900E-02  -2.4033701000E-03   1.2008716000E-03
   26     -3.5144143800E-02   4.7963326000E-03   4.3157482000E-03   1.2057230000E-03  -7.6910580000E-04
   27      3.4879370000E-04  -9.1799468800E-02   9.5499390000E-02  -9.4284466000E-03  -1.5532617100E-02
   28     -4.5514060000E-04   9.7304107600E-02  -2.4669538970E-01   1.2602494500E-02   5.2690301000E-03
   29      6.7607580000E-04   2.5667706000E-03   1.2184729900E-02  -3.1826821600E-02  -1.0500623100E-02
   30     -4.1324073000E-03  -1.7108512500E-02  -2.0399605500E-02  -6.2693328000E-03  -1.2579459960E-01
   31     -2.3629420000E-04  -8.1915100000E-05   1.2241218000E-03  -7.4617000000E-06  -1.2060059040E-01
   32      6.5578557000E-03  -1.0385852800E-02  -1.3778403200E-02  -5.6118801000E-03  -3.0362094000E-02
   33      1.8846263000E-03  -1.1639929900E-02   2.5243332700E-02  -9.6122120000E-04  -9.3839940900E-02
   34     -2.9816130000E-04   7.1171825000E-03  -6.2829535000E-03   2.6972216000E-03   1.0191828030E-01
   35     -3.4292882000E-03  -1.3153572000E-02   1.4240629400E-02  -3.5050100000E-03  -5.6456184000E-03
   36      2.6075100000E-04   1.4172879000E-03   6.5992530000E-04  -2.5108910000E-04  -9.8956870000E-04
   37     -3.4166020000E-04  -6.8851580000E-04  -2.0183610000E-04   4.0813200000E-05  -5.5511080000E-04
   38      3.1766193000E-03   5.8535034000E-03   2.6973292000E-03   1.5416416000E-03  -1.1509477000E-03
   39      9.7347220000E-04   3.4020300000E-04   2.6234730000E-04  -1.3844480000E-04  -5.0526440000E-04
   40     -2.4258600000E-04  -2.1320920000E-04  -3.0211680000E-04  -2.6047170000E-04  -5.2173900000E-05
   41      2.2015586000E-03   3.4562059000E-03   1.3974788000E-03   5.1847000000E-05  -6.2587410000E-04
   42      5.2295120000E-04  -1.4044862000E-03  -3.9626680000E-04  -5.7720460000E-04   7.5508500000E-04
   43     -5.0633330000E-04  -1.1636986000E-03  -6.5284680000E-04  -4.5882970000E-04   6.0747360000E-04
   44      2.0283855000E-03   7.3757997000E-03   2.4464488000E-03   3.3737112000E-03  -2.0742290000E-03
   45      4.5790520000E-04  -1.5443942000E-03  -5.8737930000E-04  -1.0857981000E-03   2.0738440000E-04
   46     -4.1375080000E-03   2.5876505000E-03  -6.5222250000E-04   1.8100125000E-03   1.0621218000E-03
   47     -5.5824460000E-04   3.8425678000E-03  -1.6869940000E-04   1.1780999000E-03   1.4831477000E-03
                   10                 11                 12                 13                 14        
    0     -3.6198951000E-03   9.4224893000E-03  -6.6485870000E-04   1.0224000000E-05  -9.9660371000E-03
    1     -2.5995561000E-03  -2.8956930000E-03  -6.3979951000E-03  -1.5846622000E-03  -2.0816631000E-03
    2      4.3066458000E-03  -2.5478560100E-02  -6.1952428000E-02  -3.3119029400E-02   2.5466199300E-02
    3     -2.2930044500E-02  -4.2890625100E-02  -4.1720302200E-02  -1.9649398100E-02   2.3664196500E-02
    4      2.7088085000E-03  -2.4105023300E-02  -1.9330379600E-02  -4.8843449000E-03   1.6937697500E-02
    5     -6.2940406000E-03  -9.1487850000E-04   1.3403412500E-02   1.1469314100E-02  -1.6232236600E-02
    6      2.5903852100E-02  -1.3477823320E-01   3.9422878300E-02   1.4603106500E-02  -4.7304441400E-02
    7     -8.0974923900E-02   3.0308109200E-02   1.4001474300E-02   8.6296651000E-03  -1.5339080400E-02
    8      5.8090190000E-03  -9.3342778300E-02   2.3985584500E-02   1.0151040000E-02  -3.9945620600E-02
    9     -1.0003865600E-02   2.2635562490E-01  -1.5134393300E-02  -4.1117164000E-03   1.7840526000E-03
   10      5.7152668430E-01   2.8786455400E-02   7.0182441000E-03  -1.0351056100E-02  -8.3702463000E-03
   11      2.8786455400E-02   1.5879630300E-01  -5.4176201500E-02  -1.7877802100E-02   4.8360682600E-02
   12      7.0182441000E-03  -5.4176201500E-02   5.6911652350E-01   1.0189291900E-02   1.4069003130E-01
   13     -1.0351056100E-02  -1.7877802100E-02   1.0189291900E-02   3.8140331800E-01   3.0923844100E-02
   14     -8.3702463000E-03   4.8360682600E-02   1.4069003130E-01   3.0923844100E-02   9.3823333900E-02
   15     -7.5918961000E-03   3.7496706100E-02  -2.4721612640E-01  -9.4649024200E-02  -4.9249060000E-02
   16     -2.9483908000E-03   1.6215107000E-02  -1.1355428340E-01  -1.3494015630E-01  -2.6586042000E-02
   17     -2.3265866000E-03   2.6677523600E-02   4.0163966200E-02   1.6888909300E-02  -6.5817069800E-02
   18     -6.0179540000E-04   1.7082456000E-03   9.4490360000E-04   6.8230660000E-04  -1.8890608000E-03
   19      4.0060000000E-05   3.9993100000E-04   2.2690530000E-04  -2.1606320000E-04   3.1511000000E-06
   20      1.2616851000E-03   8.7900270000E-04   2.4924240000E-04   7.6509620000E-04  -2.7106369000E-03
   21     -3.7918270000E-04   1.1205515000E-03   1.3995292000E-03   1.7268306000E-03  -1.0164681000E-03
   22     -1.4699980000E-04  -4.8168230000E-04  -3.5204800000E-04  -1.1684280000E-04   7.2876400000E-05
   23     -6.6374440000E-04   1.1477670000E-03   2.1368817000E-03   1.7629487000E-03  -1.4067670000E-03
   24     -1.2921032000E-03  -1.8215977000E-03  -1.2829726000E-03  -5.7051020000E-04   1.3112216000E-03
   25      3.4878460000E-04   1.4294301000E-03   3.9460500000E-04  -4.8151880000E-04  -1.4994190000E-04
   26      4.2537090000E-04  -3.9727172000E-03  -2.0128582000E-03  -1.4332407000E-03   2.3776710000E-03
   27      2.6740357400E-02  -7.9205260000E-04   1.2098101000E-03   1.0366458000E-03  -1.1087358000E-03
   28     -5.1311538000E-03   1.6758043000E-03   4.7328670000E-04  -8.6907980000E-04  -1.4522860000E-04
   29      1.0758053100E-02  -6.7495280000E-03  -3.2596718000E-03  -7.7580960000E-04   3.0098191000E-03
   30     -1.1913283570E-01  -3.4131194900E-02  -3.0436379000E-03  -4.1732282000E-03   1.2893931000E-03
   31     -2.1477756400E-01  -4.0287391300E-02  -5.2353400000E-04  -1.3882031000E-03   2.8350280000E-04
   32     -3.7689738700E-02  -4.1070434200E-02   4.7396857000E-03   4.7786380000E-03  -9.3966880000E-04
   33      1.0336866960E-01  -1.2481284800E-02  -3.1882906000E-03   1.8771718000E-03   2.8157254000E-03
   34     -2.5340858280E-01   7.9290826000E-03   4.8206850000E-04  -6.9849660000E-04  -1.5936500000E-04
   35      4.5069126000E-03  -2.7377416400E-02   5.5031521000E-03  -2.6518741000E-03  -5.1299485000E-03
   36      2.7284010000E-04  -2.0945740000E-03  -3.1427550900E-02   6.2616096000E-03   8.3080627000E-03
   37     -6.4656500000E-04   5.4709230000E-04  -1.0953080900E-02   6.4501396000E-03   3.8190930000E-03
   38      1.2696311000E-03  -5.6231610000E-03  -1.2598653600E-02  -7.7558696000E-03   4.4269107000E-03
   39     -3.9230810000E-04  -2.2494010000E-04  -2.0768148000E-03  -2.5595507800E-02   9.8124490000E-04
   40     -3.0937450000E-04   3.0085350000E-04  -2.4854878000E-03  -2.1334038500E-02  -6.7940400000E-05
   41      6.3937440000E-04  -3.3126245000E-03  -6.4184408000E-03  -3.7882360000E-03   2.6938804000E-03
   42     -3.3383930000E-04   3.3670915000E-03  -2.3872296690E-01   1.0091671870E-01  -6.9211470600E-02
   43     -3.7821000000E-05   3.7291112000E-03   1.0895248800E-01  -8.2415714300E-02   2.7410264000E-02
   44      5.1064288000E-03  -1.9389816200E-02  -8.6152004000E-02   2.4376869300E-02  -2.6825446900E-02
   45      2.9738023000E-03   3.9199950000E-03  -2.7615730400E-02   1.1445479400E-02  -1.0986542000E-03
   46     -3.2923497000E-03  -5.6733846000E-03   1.1858444800E-02  -1.3720294600E-01  -2.6550921100E-02
   47     -7.5252196000E-03  -8.6293645000E-03  -4.3016985000E-03  -3.3714798300E-02  -2.1151102000E-02
                   15                 16                 17                 18                 19        
    0     -1.9214775600E-02  -2.5174464000E-03  -2.4550886000E-03  -1.3248737480E-01  -1.2202271480E-01
    1      3.2245010000E-03  -2.3058298200E-02   8.3556458000E-03  -1.2148081060E-01  -2.0892897340E-01
    2      8.2442294000E-02   2.7971481600E-02   7.1283407200E-02   2.3438250500E-02   2.1320691900E-02
    3      4.3666206000E-02   1.4751886600E-02   5.2865452100E-02  -1.5274199800E-02  -6.7243910000E-04
    4      1.2650007000E-02   6.5141473000E-03   1.6603097500E-02  -1.9163432800E-02   2.9023930000E-04
    5     -3.0712935800E-02  -1.2061629300E-02  -5.6086194800E-02   3.7716660000E-03   8.9493740000E-04
    6     -3.5631031900E-02  -1.4836970100E-02  -2.6673536800E-02  -5.1936813000E-03  -1.2483704000E-03
    7     -1.7631319100E-02  -5.3371342000E-03  -1.6684339600E-02  -9.3426610000E-04   8.9659040000E-04
    8     -8.9695422000E-03  -3.0242086000E-03  -1.6706895700E-02   4.5377076000E-03   2.1216100000E-05
    9      5.9788970000E-03   2.3048860000E-03   9.4758125000E-03   5.4451220000E-04   9.4939700000E-05
   10     -7.5918961000E-03  -2.9483908000E-03  -2.3265866000E-03  -6.0179540000E-04   4.0060000000E-05
   11      3.7496706100E-02   1.6215107000E-02   2.6677523600E-02   1.7082456000E-03   3.9993100000E-04
   12     -2.4721612640E-01  -1.1355428340E-01   4.0163966200E-02   9.4490360000E-04   2.2690530000E-04
   13     -9.4649024200E-02  -1.3494015630E-01   1.6888909300E-02   6.8230660000E-04  -2.1606320000E-04
   14     -4.9249060000E-02  -2.6586042000E-02  -6.5817069800E-02  -1.8890608000E-03   3.1511000000E-06
   15      5.4071783990E-01   1.0760998500E-02  -1.5290047490E-01  -5.7113168000E-03  -3.5795000000E-06
   16      1.0760998500E-02   5.8287489330E-01   2.9779940000E-03  -5.1281853000E-03  -3.1592870000E-04
   17     -1.5290047490E-01   2.9779940000E-03   1.2431902850E-01  -3.6801436000E-03  -1.6698480000E-04
   18     -5.7113168000E-03  -5.1281853000E-03  -3.6801436000E-03   1.5007730220E-01   1.3721213950E-01
   19     -3.5795000000E-06  -3.1592870000E-04  -1.6698480000E-04   1.3721213950E-01   2.2973911110E-01
   20     -8.8174869000E-03  -7.2867852000E-03  -3.8883153000E-03  -2.5487129500E-02  -2.5119392200E-02
   21     -5.7236002000E-03   3.9622060000E-03  -5.7846095000E-03   7.0538690000E-03  -1.4903241600E-02
   22      1.6291676000E-03  -6.7787010000E-04   1.1825146000E-03   9.6019955000E-03  -2.3871461500E-02
   23     -9.4406023000E-03   6.2597741000E-03  -9.5385373000E-03  -8.0894530000E-04   2.6131898000E-03
   24      1.3110868000E-03   6.1503050000E-04   1.5396285000E-03   2.4512280000E-04   7.7629660000E-04
   25     -1.6671900000E-05  -1.2376130000E-04  -3.1705030000E-04  -4.4301180000E-04   9.7740120000E-04
   26      2.2600687000E-03   8.8246630000E-04   3.1328890000E-03  -1.2224742000E-03  -5.9621600000E-05
   27     -1.0929153000E-03  -3.7011630000E-04  -1.2264671000E-03  -3.1480000000E-07   1.6158120000E-04
   28      1.4209890000E-04  -2.5294950000E-04   2.7787000000E-05   1.0304880000E-04   6.0467700000E-04
   29      2.5359698000E-03   8.8915040000E-04   2.5710487000E-03  -6.2396400000E-05   1.0267700000E-05
   30      6.6769050000E-04   3.9484890000E-04   1.5155264000E-03   4.2858520000E-04   7.7036600000E-05
   31      5.7112810000E-04  -1.4493940000E-04   2.9721960000E-04   1.5715480000E-04   7.1032400000E-05
   32      1.0628110000E-04  -4.2199540000E-04  -1.9589735000E-03  -7.4792200000E-04  -1.5060070000E-04
   33      7.8460130000E-04   4.9732460000E-04   9.6257880000E-04  -9.7636000000E-06  -4.2871400000E-05
   34     -1.4890870000E-04   2.9458920000E-04   2.7464600000E-05  -1.0153380000E-04   5.7824300000E-05
   35     -1.4830018000E-03  -7.1746110000E-04  -1.4568092000E-03   2.3681800000E-04  -1.0648530000E-04
   36     -2.0896438970E-01   9.4036380200E-02   9.4333274800E-02   1.0502560000E-04  -9.2757200000E-05
   37      9.2075134000E-02  -9.2119543400E-02  -4.6985747300E-02   5.6058700000E-05  -5.1121460000E-04
   38      1.1228454610E-01  -4.2539173700E-02  -5.7171036000E-02   1.2880960000E-04  -2.1983530000E-04
   39     -4.2654199000E-02   2.5516005400E-02   3.0529323000E-03  -5.4261830000E-04   3.0915620000E-04
   40      2.3228444400E-02  -2.9913468780E-01   2.7000241700E-02  -1.2841770000E-04   7.7222930000E-04
   41      9.5471612000E-03   3.4140199500E-02  -2.5836837700E-02  -2.6627620000E-04   4.8056240000E-04
   42     -2.7214159300E-02   5.6655613000E-03  -6.2852808000E-03  -1.1750010000E-04   8.5236500000E-05
   43     -1.3066550000E-02   3.6154306000E-03  -2.2893971000E-03  -9.8989100000E-05   5.4212600000E-05
   44      1.2405647100E-02   7.4732606000E-03   7.3785523000E-03   1.9305000000E-04   4.9821800000E-05
   45      2.9619280000E-04  -2.2098126600E-02  -4.9035704000E-03  -6.2551000000E-05   4.2682500000E-05
   46     -1.1173530000E-02  -3.4245400800E-02  -4.5907685000E-03   2.6773880000E-04   3.4026380000E-04
   47      2.4944298000E-03  -4.1721382000E-03   3.0982199000E-03   1.4980080000E-04   2.9150600000E-05
                   20                 21                 22                 23                 24        
    0      1.7424912700E-02  -9.5580255500E-02   1.0126505390E-01   7.7576013000E-03  -1.3756293700E-02
    1      1.8833479800E-02   1.0355440530E-01  -2.4835691670E-01  -1.0403461200E-02   2.5074766000E-02
    2     -3.4848623700E-02   1.6715067600E-02  -1.3671235500E-02  -2.5881037800E-02   2.1954541000E-03
    3      1.3388055500E-02  -9.8302197000E-03   6.3829895000E-03   1.5593447600E-02  -9.0307265100E-02
    4      1.6231818500E-02   2.3554221800E-02  -5.1439639000E-03  -1.6710127300E-02   9.4028507500E-02
    5     -5.6980608000E-03   1.5921023000E-03  -3.7727516000E-03  -6.4310201000E-03   2.2378077800E-02
    6      4.9812530000E-03  -1.5431371000E-03  -1.5936374000E-03  -3.1353152000E-03   9.3494322000E-03
    7     -2.3399628000E-03   6.4085130000E-04   9.5905110000E-04  -1.5532777000E-03  -1.2197633400E-02
    8      3.9145984000E-03  -1.7074291000E-03   7.0461950000E-04  -2.7078053000E-03  -1.8633822000E-03
    9      1.5812677000E-03   3.1841680000E-04  -1.1999400000E-04   1.5714050000E-04   4.6824170000E-04
   10      1.2616851000E-03  -3.7918270000E-04  -1.4699980000E-04  -6.6374440000E-04  -1.2921032000E-03
   11      8.7900270000E-04   1.1205515000E-03  -4.8168230000E-04   1.1477670000E-03  -1.8215977000E-03
   12      2.4924240000E-04   1.3995292000E-03  -3.5204800000E-04   2.1368817000E-03  -1.2829726000E-03
   13      7.6509620000E-04   1.7268306000E-03  -1.1684280000E-04   1.7629487000E-03  -5.7051020000E-04
   14     -2.7106369000E-03  -1.0164681000E-03   7.2876400000E-05  -1.4067670000E-03   1.3112216000E-03
   15     -8.8174869000E-03  -5.7236002000E-03   1.6291676000E-03  -9.4406023000E-03   1.3110868000E-03
   16     -7.2867852000E-03   3.9622060000E-03  -6.7787010000E-04   6.2597741000E-03   6.1503050000E-04
   17     -3.8883153000E-03  -5.7846095000E-03   1.1825146000E-03  -9.5385373000E-03   1.5396285000E-03
   18     -2.5487129500E-02   7.0538690000E-03   9.6019955000E-03  -8.0894530000E-04   2.4512280000E-04
   19     -2.5119392200E-02  -1.4903241600E-02  -2.3871461500E-02   2.6131898000E-03   7.7629660000E-04
   20      4.1970084200E-02  -6.9317160000E-04  -1.7698830000E-03   1.4952070000E-03  -1.5995359000E-03
   21     -6.9317160000E-04   1.0594890160E-01  -1.1649655410E-01  -1.5983665900E-02  -2.1099088000E-03
   22     -1.7698830000E-03  -1.1649655410E-01   2.7472928610E-01   1.7347560300E-02   8.4655440000E-04
   23      1.4952070000E-03  -1.5983665900E-02   1.7347560300E-02   4.2091098600E-02   6.6136734000E-03
   24     -1.5995359000E-03  -2.1099088000E-03   8.4655440000E-04   6.6136734000E-03   9.8330960900E-02
   25      6.5921160000E-04  -1.4108910000E-04   7.9704780000E-04  -9.0411140000E-04  -1.0454931770E-01
   26     -1.8210933000E-03   5.2268022000E-03  -1.8026580000E-04   3.8786126000E-03  -2.9593557100E-02
   27     -1.8056900000E-05  -5.7754190000E-04  -2.3978070000E-04   3.8916200000E-05  -2.0129502000E-03
   28     -4.5330680000E-04  -7.8290380000E-04   3.9415400000E-04   5.9307380000E-04  -2.3391071000E-03
   29     -1.4698180000E-04   5.3907660000E-04   4.3884230000E-04   3.1144390000E-04   1.3228594000E-03
   30      6.1954980000E-04   1.7446600000E-05  -9.1965600000E-05  -2.5509990000E-04  -1.2013200000E-05
   31      8.8677000000E-05  -2.5560600000E-05   3.8648700000E-05   1.2184270000E-04   1.3929410000E-04
   32      3.6371620000E-04   1.2364410000E-04  -9.0574000000E-06   2.3893900000E-05   1.7847300000E-05
   33     -7.7897100000E-05   2.9803700000E-04  -2.0307000000E-04  -9.7434700000E-05  -4.5849190000E-04
   34      1.8292900000E-05  -1.9114520000E-04  -9.6307600000E-05   8.0966600000E-05  -1.1465060000E-04
   35     -6.3216400000E-05   7.0051800000E-05  -6.2836300000E-05  -1.6728950000E-04   6.1079100000E-05
   36     -2.7000910000E-04   5.3426530000E-04  -3.0836960000E-04  -1.8193694000E-03   1.6114550000E-04
   37     -3.4767790000E-04   1.0015670000E-04   8.1742770000E-04   1.6034032000E-03  -2.9189170000E-04
   38      1.7474290000E-04   2.8086110000E-04   1.6584760000E-04  -1.7275415000E-03  -2.5867010000E-04
   39     -9.0072700000E-04  -3.2121070000E-04  -1.8887340000E-04  -7.2080300000E-04   9.5536000000E-06
   40     -5.3263870000E-04  -4.8213600000E-05   3.2553170000E-04   4.6571800000E-05  -1.0329920000E-04
   41      1.5440780000E-04  -8.8551460000E-04   2.0407000000E-06  -1.7111184000E-03   9.3867200000E-05
   42     -2.7529030000E-04   1.8997000000E-06  -1.6394500000E-04  -1.6682010000E-04   7.1990300000E-05
   43     -1.4788090000E-04  -8.0778600000E-05  -8.9963100000E-05  -2.0483330000E-04  -1.4554000000E-06
   44      1.5680100000E-05   3.7866950000E-04  -1.1143760000E-04   5.7261150000E-04  -3.1897250000E-04
   45     -1.0497680000E-04   1.1350880000E-04   3.2476900000E-05   1.3039510000E-04  -7.6382000000E-06
   46      1.3926640000E-04  -4.9000260000E-04   4.3917830000E-04   1.0224300000E-05  -2.0480400000E-05
   47      2.0948890000E-04   2.4032000000E-05   1.4484800000E-04   5.0482300000E-05  -7.7993000000E-05
                   25                 26                 27                 28                 29        
    0      3.9780838000E-03   1.1606846500E-02   5.6605270000E-04   9.4147170000E-04   4.9287000000E-04
    1     -4.0122255000E-03  -1.3431854100E-02  -1.6191606000E-03   3.9329720000E-04   1.6279290000E-04
    2     -1.2416232000E-03  -8.4597951000E-03   1.3469598000E-03  -1.2249172000E-03  -4.0979301000E-03
    3      9.5213526100E-02   1.0964032700E-02   8.8184019000E-03   7.7061758000E-03  -5.0051207000E-03
    4     -2.4266546120E-01  -3.2973127800E-02  -1.1871116000E-02  -2.7385489400E-02  -7.7033677000E-03
    5     -3.5818584400E-02  -3.5144143800E-02   3.4879370000E-04  -4.5514060000E-04   6.7607580000E-04
    6      7.7899140000E-03   4.7963326000E-03  -9.1799468800E-02   9.7304107600E-02   2.5667706000E-03
    7     -2.7994533900E-02   4.3157482000E-03   9.5499390000E-02  -2.4669538970E-01   1.2184729900E-02
    8     -2.4033701000E-03   1.2057230000E-03  -9.4284466000E-03   1.2602494500E-02  -3.1826821600E-02
    9      1.2008716000E-03  -7.6910580000E-04  -1.5532617100E-02   5.2690301000E-03  -1.0500623100E-02
   10      3.4878460000E-04   4.2537090000E-04   2.6740357400E-02  -5.1311538000E-03   1.0758053100E-02
   11      1.4294301000E-03  -3.9727172000E-03  -7.9205260000E-04   1.6758043000E-03  -6.7495280000E-03
   12      3.9460500000E-04  -2.0128582000E-03   1.2098101000E-03   4.7328670000E-04  -3.2596718000E-03
   13     -4.8151880000E-04  -1.4332407000E-03   1.0366458000E-03  -8.6907980000E-04  -7.7580960000E-04
   14     -1.4994190000E-04   2.3776710000E-03  -1.1087358000E-03  -1.4522860000E-04   3.0098191000E-03
   15     -1.6671900000E-05   2.2600687000E-03  -1.0929153000E-03   1.4209890000E-04   2.5359698000E-03
   16     -1.2376130000E-04   8.8246630000E-04  -3.7011630000E-04  -2.5294950000E-04   8.8915040000E-04
   17     -3.1705030000E-04   3.1328890000E-03  -1.2264671000E-03   2.7787000000E-05   2.5710487000E-03
   18     -4.4301180000E-04  -1.2224742000E-03  -3.1480000000E-07   1.0304880000E-04  -6.2396400000E-05
   19      9.7740120000E-04  -5.9621600000E-05   1.6158120000E-04   6.0467700000E-04   1.0267700000E-05
   20      6.5921160000E-04  -1.8210933000E-03  -1.8056900000E-05  -4.5330680000E-04  -1.4698180000E-04
   21     -1.4108910000E-04   5.2268022000E-03  -5.7754190000E-04  -7.8290380000E-04   5.3907660000E-04
   22      7.9704780000E-04  -1.8026580000E-04  -2.3978070000E-04   3.9415400000E-04   4.3884230000E-04
   23     -9.0411140000E-04   3.8786126000E-03   3.8916200000E-05   5.9307380000E-04   3.1144390000E-04
   24     -1.0454931770E-01  -2.9593557100E-02  -2.0129502000E-03  -2.3391071000E-03   1.3228594000E-03
   25      2.7493504630E-01   4.0809386500E-02  -2.4149876000E-03  -3.6890374000E-03  -2.1935837000E-03
   26      4.0809386500E-02   3.4338852100E-02  -8.8846880000E-04   1.5668012000E-03   5.3006208000E-03
   27     -2.4149876000E-03  -8.8846880000E-04   1.0283454210E-01  -1.0807474670E-01   1.5590215000E-02
   28     -3.6890374000E-03   1.5668012000E-03  -1.0807474670E-01   2.7947802230E-01  -1.4055168300E-02
   29     -2.1935837000E-03   5.3006208000E-03   1.5590215000E-02  -1.4055168300E-02   2.8574678600E-02
   30      5.6910500000E-05   6.2662900000E-05   2.8415960000E-04  -7.3375190000E-04   1.2360936000E-03
   31      5.9295920000E-04   7.0548000000E-06   7.7978230000E-04   1.0203039000E-03   3.0414170000E-04
   32      5.4946460000E-04  -1.6664650000E-04   1.6250201000E-03  -3.3553620000E-04  -2.6254604000E-03
   33     -7.1789320000E-04  -4.8588960000E-04  -2.7753086000E-03   3.4888190000E-04  -5.4151957000E-03
   34      5.2216410000E-04  -2.5217060000E-04   1.1976490000E-03   8.7060760000E-04  -8.1030900000E-05
   35     -5.9351350000E-04   2.6763740000E-04  -6.0962936000E-03   1.5404730000E-04   6.1880294000E-03
   36     -1.7915560000E-04   1.6967960000E-04   9.9848100000E-05  -1.0084160000E-04  -7.6904700000E-05
   37      8.4655100000E-05  -1.5870540000E-04  -4.4267100000E-05   3.8514400000E-05   6.8353000000E-05
   38      1.1652330000E-04   1.4892200000E-04   2.2088840000E-04   4.3923000000E-06  -5.0661380000E-04
   39      1.6379600000E-05  -4.8885400000E-05  -1.0100040000E-04   2.1604000000E-06  -1.5336400000E-05
   40      2.7460460000E-04   9.9771600000E-05  -6.1934000000E-05   1.4400420000E-04  -5.9888500000E-05
   41     -7.0045000000E-05  -3.7705750000E-04   7.6408700000E-05  -1.9556980000E-04  -1.9808330000E-04
   42     -1.2475460000E-04  -1.5337700000E-05   6.4750800000E-05  -1.4348650000E-04  -1.2048370000E-04
   43      2.7612200000E-05   7.3983500000E-05  -1.9429240000E-04  -6.5505600000E-05   1.9664400000E-04
   44      5.5077200000E-05  -5.3697890000E-04   3.8090800000E-04  -9.9666100000E-05  -2.4615610000E-04
   45     -6.3408900000E-05  -4.9848400000E-05   1.4551700000E-05  -1.1542430000E-04   1.7187750000E-04
   46      4.0626300000E-04   3.0840290000E-04  -5.2500430000E-04   1.1450248000E-03  -1.4412640000E-04
   47      7.2730100000E-05  -1.7249570000E-04  -6.9588500000E-05   3.4013330000E-04  -2.3414140000E-04
                   30                 31                 32                 33                 34        
    0      2.3087400000E-04   1.2651450000E-04  -1.6770594000E-03   4.0334200000E-05  -1.2819300000E-04
    1     -3.8234100000E-04   2.1206700000E-04  -1.5465632000E-03  -2.5048690000E-04  -2.0375000000E-04
    2     -1.6554977000E-03  -8.0685310000E-04   7.0151560000E-04  -8.5320890000E-04   3.3467010000E-04
    3     -4.9097280000E-03  -8.3268020000E-04  -4.4258321000E-03  -6.8637200000E-04  -1.8203928000E-03
    4     -2.8388440000E-04   6.1044390000E-04   2.2411407000E-03   1.0055228000E-03   1.0108197000E-03
    5     -4.1324073000E-03  -2.3629420000E-04   6.5578557000E-03   1.8846263000E-03  -2.9816130000E-04
    6     -1.7108512500E-02  -8.1915100000E-05  -1.0385852800E-02  -1.1639929900E-02   7.1171825000E-03
    7     -2.0399605500E-02   1.2241218000E-03  -1.3778403200E-02   2.5243332700E-02  -6.2829535000E-03
    8     -6.2693328000E-03  -7.4617000000E-06  -5.6118801000E-03  -9.6122120000E-04   2.6972216000E-03
    9     -1.2579459960E-01  -1.2060059040E-01  -3.0362094000E-02  -9.3839940900E-02   1.0191828030E-01
   10     -1.1913283570E-01  -2.1477756400E-01  -3.7689738700E-02   1.0336866960E-01  -2.5340858280E-01
   11     -3.4131194900E-02  -4.0287391300E-02  -4.1070434200E-02  -1.2481284800E-02   7.9290826000E-03
   12     -3.0436379000E-03  -5.2353400000E-04   4.7396857000E-03  -3.1882906000E-03   4.8206850000E-04
   13     -4.1732282000E-03  -1.3882031000E-03   4.7786380000E-03   1.8771718000E-03  -6.9849660000E-04
   14      1.2893931000E-03   2.8350280000E-04  -9.3966880000E-04   2.8157254000E-03  -1.5936500000E-04
   15      6.6769050000E-04   5.7112810000E-04   1.0628110000E-04   7.8460130000E-04  -1.4890870000E-04
   16      3.9484890000E-04  -1.4493940000E-04  -4.2199540000E-04   4.9732460000E-04   2.9458920000E-04
   17      1.5155264000E-03   2.9721960000E-04  -1.9589735000E-03   9.6257880000E-04   2.7464600000E-05
   18      4.2858520000E-04   1.5715480000E-04  -7.4792200000E-04  -9.7636000000E-06  -1.0153380000E-04
   19      7.7036600000E-05   7.1032400000E-05  -1.5060070000E-04  -4.2871400000E-05   5.7824300000E-05
   20      6.1954980000E-04   8.8677000000E-05   3.6371620000E-04  -7.7897100000E-05   1.8292900000E-05
   21      1.7446600000E-05  -2.5560600000E-05   1.2364410000E-04   2.9803700000E-04  -1.9114520000E-04
   22     -9.1965600000E-05   3.8648700000E-05  -9.0574000000E-06  -2.0307000000E-04  -9.6307600000E-05
   23     -2.5509990000E-04   1.2184270000E-04   2.3893900000E-05  -9.7434700000E-05   8.0966600000E-05
   24     -1.2013200000E-05   1.3929410000E-04   1.7847300000E-05  -4.5849190000E-04  -1.1465060000E-04
   25      5.6910500000E-05   5.9295920000E-04   5.4946460000E-04  -7.1789320000E-04   5.2216410000E-04
   26      6.2662900000E-05   7.0548000000E-06  -1.6664650000E-04  -4.8588960000E-04  -2.5217060000E-04
   27      2.8415960000E-04   7.7978230000E-04   1.6250201000E-03  -2.7753086000E-03   1.1976490000E-03
   28     -7.3375190000E-04   1.0203039000E-03  -3.3553620000E-04   3.4888190000E-04   8.7060760000E-04
   29      1.2360936000E-03   3.0414170000E-04  -2.6254604000E-03  -5.4151957000E-03  -8.1030900000E-05
   30      1.4293246450E-01   1.3390592880E-01   4.0012298900E-02   6.6257674000E-03   9.6549714000E-03
   31      1.3390592880E-01   2.3445922780E-01   4.5001640100E-02  -1.3844729000E-02  -2.2898657500E-02
   32      4.0012298900E-02   4.5001640100E-02   4.3164494200E-02   6.5282200000E-05   9.7961090000E-04
   33      6.6257674000E-03  -1.3844729000E-02   6.5282200000E-05   1.0468924330E-01  -1.1738495540E-01
   34      9.6549714000E-03  -2.2898657500E-02   9.7961090000E-04  -1.1738495540E-01   2.7985897270E-01
   35      1.4939306000E-03  -4.5823614000E-03   1.9007786000E-03   1.4016084900E-02  -1.0829451900E-02
   36     -1.4070080000E-04   8.7597500000E-05   2.4623680000E-04   2.8055800000E-05  -1.6720180000E-04
   37     -1.6193390000E-04   9.1731600000E-05   2.5614730000E-04  -1.0175690000E-04  -6.8293300000E-05
   38     -1.0032700000E-04  -8.5602000000E-05  -1.1736210000E-04  -2.0408780000E-04   4.4304500000E-05
   39     -6.8091100000E-05   7.7221800000E-05   8.9948200000E-05  -1.0352060000E-04  -2.2404900000E-05
   40      8.2321700000E-05   1.0021520000E-04  -1.6704700000E-05  -1.5297360000E-04   1.4388570000E-04
   41     -7.7073200000E-05  -1.4907170000E-04  -5.3404600000E-05   1.0451700000E-05   4.9535400000E-05
   42      4.8849600000E-05  -1.6581280000E-04   2.9801680000E-04   3.7392040000E-04  -2.8293180000E-04
   43      4.5857700000E-05  -5.7448590000E-04   2.1215400000E-04   1.7933330000E-04   7.3093670000E-04
   44      4.6272800000E-05   1.4571650000E-04  -1.3961900000E-05   2.0268680000E-04  -2.5606650000E-04
   45     -1.5855410000E-04   2.3020020000E-04   2.7449900000E-04  -1.3834140000E-04  -7.8338000000E-06
   46      1.1416707000E-03   1.3630985000E-03  -7.0196200000E-05   1.7849970000E-04   1.6724130000E-04
   47      3.4520470000E-04  -9.4759800000E-05  -1.5446220000E-04   6.1878350000E-04  -2.8490300000E-04
                   35                 36                 37                 38                 39        
    0      8.6557400000E-05   8.8289760000E-04   7.2943930000E-04   3.1258613000E-03  -9.5990890000E-04
    1      5.4699160000E-04   7.6896800000E-05   8.2814520000E-04  -4.9955671000E-03   3.4977754000E-03
    2      1.0787102000E-03  -4.8520080000E-03   3.3036370000E-04  -2.7218535300E-02  -3.8015708000E-03
    3      2.7444748000E-03  -1.3679718000E-03   4.9923510000E-04  -7.1673165000E-03  -2.9805930000E-04
    4      1.6909145000E-03  -3.4355640000E-04  -1.5040820000E-04  -2.0080410000E-03  -5.6500630000E-04
    5     -3.4292882000E-03   2.6075100000E-04  -3.4166020000E-04   3.1766193000E-03   9.7347220000E-04
    6     -1.3153572000E-02   1.4172879000E-03  -6.8851580000E-04   5.8535034000E-03   3.4020300000E-04
    7      1.4240629400E-02   6.5992530000E-04  -2.0183610000E-04   2.6973292000E-03   2.6234730000E-04
    8     -3.5050100000E-03  -2.5108910000E-04   4.0813200000E-05   1.5416416000E-03  -1.3844480000E-04
    9     -5.6456184000E-03  -9.8956870000E-04  -5.5511080000E-04  -1.1509477000E-03  -5.0526440000E-04
   10      4.5069126000E-03   2.7284010000E-04  -6.4656500000E-04   1.2696311000E-03  -3.9230810000E-04
   11     -2.7377416400E-02  -2.0945740000E-03   5.4709230000E-04  -5.6231610000E-03  -2.2494010000E-04
   12      5.5031521000E-03  -3.1427550900E-02  -1.0953080900E-02  -1.2598653600E-02  -2.0768148000E-03
   13     -2.6518741000E-03   6.2616096000E-03   6.4501396000E-03  -7.7558696000E-03  -2.5595507800E-02
   14     -5.1299485000E-03   8.3080627000E-03   3.8190930000E-03   4.4269107000E-03   9.8124490000E-04
   15     -1.4830018000E-03  -2.0896438970E-01   9.2075134000E-02   1.1228454610E-01  -4.2654199000E-02
   16     -7.1746110000E-04   9.4036380200E-02  -9.2119543400E-02  -4.2539173700E-02   2.5516005400E-02
   17     -1.4568092000E-03   9.4333274800E-02  -4.6985747300E-02  -5.7171036000E-02   3.0529323000E-03
   18      2.3681800000E-04   1.0502560000E-04   5.6058700000E-05   1.2880960000E-04  -5.4261830000E-04
   19     -1.0648530000E-04  -9.2757200000E-05  -5.1121460000E-04  -2.1983530000E-04   3.0915620000E-04
   20     -6.3216400000E-05  -2.7000910000E-04  -3.4767790000E-04   1.7474290000E-04  -9.0072700000E-04
   21      7.0051800000E-05   5.3426530000E-04   1.0015670000E-04   2.8086110000E-04  -3.2121070000E-04
   22     -6.2836300000E-05  -3.0836960000E-04   8.1742770000E-04   1.6584760000E-04  -1.8887340000E-04
   23     -1.6728950000E-04  -1.8193694000E-03   1.6034032000E-03  -1.7275415000E-03  -7.2080300000E-04
   24      6.1079100000E-05   1.6114550000E-04  -2.9189170000E-04  -2.5867010000E-04   9.5536000000E-06
   25     -5.9351350000E-04  -1.7915560000E-04   8.4655100000E-05   1.1652330000E-04   1.6379600000E-05
   26      2.6763740000E-04   1.6967960000E-04  -1.5870540000E-04   1.4892200000E-04  -4.8885400000E-05
   27     -6.0962936000E-03   9.9848100000E-05  -4.4267100000E-05   2.2088840000E-04  -1.0100040000E-04
   28      1.5404730000E-04  -1.0084160000E-04   3.8514400000E-05   4.3923000000E-06   2.1604000000E-06
   29      6.1880294000E-03  -7.6904700000E-05   6.8353000000E-05  -5.0661380000E-04  -1.5336400000E-05
   30      1.4939306000E-03  -1.4070080000E-04  -1.6193390000E-04  -1.0032700000E-04  -6.8091100000E-05
   31     -4.5823614000E-03   8.7597500000E-05   9.1731600000E-05  -8.5602000000E-05   7.7221800000E-05
   32      1.9007786000E-03   2.4623680000E-04   2.5614730000E-04  -1.1736210000E-04   8.9948200000E-05
   33      1.4016084900E-02   2.8055800000E-05  -1.0175690000E-04  -2.0408780000E-04  -1.0352060000E-04
   34     -1.0829451900E-02  -1.6720180000E-04  -6.8293300000E-05   4.4304500000E-05  -2.2404900000E-05
   35      3.4597794500E-02   1.3192110000E-04   6.6719300000E-05   2.8108710000E-04   7.7054200000E-05
   36      1.3192110000E-04   2.4465901760E-01  -1.0064056920E-01  -9.6397671400E-02  -2.4776357000E-03
   37      6.6719300000E-05  -1.0064056920E-01   9.8581124700E-02   5.1555892900E-02   2.3070275700E-02
   38      2.8108710000E-04  -9.6397671400E-02   5.1555892900E-02   8.0307098400E-02  -2.0646903000E-03
