
$orca_hessian_file

$act_atom
  0

$act_coord
  0

$act_energy
      -21.840036

$multiplicity
  1

$hessian
48
                    0                  1                  2                  3                  4        
    0      6.4105532470E-01   4.0926949000E-03  -2.1498451880E-01  -3.3605874020E-01   3.5442946900E-02
    1      4.0926949000E-03   5.6426197960E-01  -1.2441223000E-02   1.3431088500E-02  -7.9242536800E-02
    2     -2.1498451880E-01  -1.2441223000E-02   1.4368726880E-01   1.3084241380E-01  -2.7879172500E-02
    3     -3.3605874020E-01   1.3431088500E-02   1.3084241380E-01   6.1532451970E-01  -5.5312211000E-03
    4      3.5442946900E-02  -7.9242536800E-02  -2.7879172500E-02  -5.5312211000E-03   5.9939195530E-01
    5      1.7852810970E-01  -3.2019296000E-03  -9.1414353000E-02  -1.6902862660E-01   5.5864393600E-02
    6     -5.0461090000E-02  -2.5513109200E-02   4.5128140800E-02  -1.0365815290E-01  -9.2994424100E-02
    7     -2.5531283500E-02  -2.2140160000E-04   2.6698623500E-02  -9.4850856300E-02  -2.5080286970E-01
    8      6.3582689000E-03   9.7289292000E-03   1.4965859000E-03   2.2550693000E-03  -6.4636252000E-03
    9      7.4121672000E-03  -3.5146267000E-03  -1.1383519400E-02  -5.3299076300E-02  -2.7508320600E-02
   10     -3.5109534000E-03  -2.7317603000E-03   5.0841824000E-03  -2.3683254600E-02   1.7566137000E-03
   11      7.7928146000E-03  -3.9260161000E-03  -2.4778126900E-02  -4.1111611900E-02  -2.3612607400E-02
   12      2.0962531000E-03  -6.7466169000E-03  -5.6391783200E-02  -4.2283689200E-02  -2.0793098300E-02
   13      1.1018270000E-03  -2.5877217000E-03  -2.7808890300E-02  -1.9732062200E-02  -5.5614299000E-03
   14     -7.8359195000E-03   1.2388170000E-04   2.6069554600E-02   2.2231751500E-02   1.6106039200E-02
   15     -1.4857834900E-02   5.3876015000E-03   7.3479864800E-02   4.2694255900E-02   1.4590975300E-02
   16     -2.5380154000E-03  -1.5316138900E-02   2.4993072000E-02   1.4604689700E-02   6.6516607000E-03
   17     -3.0212949000E-03   1.0203008300E-02   6.1958777900E-02   4.9933725300E-02   1.7103024700E-02
   18     -1.3088329420E-01  -1.2160198940E-01   2.1449659700E-02  -1.6345826100E-02  -2.1230176100E-02
   19     -1.2199794100E-01  -2.1413453550E-01   2.1565932500E-02  -7.5671530000E-04   5.6002200000E-05
   20      1.6303861500E-02   1.8188297800E-02  -3.5097249300E-02   1.0838344400E-02   1.4724778000E-02
   21     -1.0197853820E-01   1.0888532130E-01   1.4002989000E-02  -1.1992875700E-02   2.4479957400E-02
   22      1.0698971080E-01  -2.4606582880E-01  -1.0470659500E-02   6.4685918000E-03  -4.7908709000E-03
   23      6.1095278000E-03  -6.5674321000E-03  -2.5736372600E-02   1.4805587000E-02  -1.4280590800E-02
   24     -1.5624538000E-02   2.5732032900E-02   2.4676121000E-03  -9.7999442100E-02   1.0230704430E-01
   25      4.0022204000E-03  -3.3339028000E-03  -1.3699099000E-03   1.0283268660E-01  -2.4155771580E-01
   26      1.0747040600E-02  -1.1480125200E-02  -6.4901958000E-03   6.2852352000E-03  -2.0690466500E-02
   27      6.4675460000E-04  -1.9206580000E-03   6.7770360000E-04   7.7502207000E-03  -1.0933237500E-02
   28      1.0782239000E-03   4.2612360000E-04  -7.7135680000E-04   9.3873130000E-03  -2.7167108400E-02
   29      5.6090140000E-04   1.7098780000E-04  -3.2825475000E-03  -3.3597602000E-03  -6.5594021000E-03
   30      7.5870700000E-05  -5.5986970000E-04  -1.1001746000E-03  -5.1298016000E-03   2.1440990000E-04
   31      1.4300580000E-04   1.7129960000E-04  -7.3553930000E-04  -8.5766090000E-04   5.1886360000E-04
   32     -1.6643972000E-03  -1.5679930000E-03   4.9853010000E-04  -4.0465074000E-03   1.6125447000E-03
   33      9.3267900000E-05  -2.0003940000E-04  -6.5588610000E-04  -2.5633650000E-04   1.4397357000E-03
   34     -2.1181180000E-04  -2.3058290000E-04   2.3274290000E-04  -1.9748952000E-03   1.1251269000E-03
   35      1.5686720000E-04   5.3490040000E-04   1.0765801000E-03   2.6001365000E-03   1.6312872000E-03
   36      6.0759770000E-04  -5.7118400000E-05  -4.1678754000E-03  -1.4915033000E-03  -4.4829180000E-04
   37      4.7414060000E-04   6.1877260000E-04  -1.2267230000E-04   3.6519340000E-04  -1.4010400000E-04
   38      2.1488506000E-03  -4.8829085000E-03  -2.1300335200E-02  -6.6777981000E-03  -2.2491250000E-03
   39     -5.0639470000E-04   2.5318000000E-03  -3.7390149000E-03  -5.3964380000E-04  -7.8474640000E-04
   40      6.7818300000E-04  -7.3380540000E-04   2.0766704000E-03   3.8032170000E-04   3.3360850000E-04
   41     -2.6862984000E-03   7.0713664000E-03  -1.3537716900E-02  -4.8442460000E-03  -2.6290330000E-04
   42     -1.1313976000E-03   1.4040650000E-04   2.9603362000E-03   1.8943962000E-03   8.5202930000E-04
   43     -6.3313040000E-04   6.3538700000E-05   1.1620722000E-03   9.1737790000E-04   6.6002260000E-04
   44      9.8693890000E-04  -1.3032630000E-03  -9.3031141000E-03  -7.2223509000E-03  -3.4396679000E-03
   45     -4.8540780000E-04  -8.6917800000E-05   1.4140525000E-03   1.3916952000E-03   8.9641720000E-04
   46      4.2018220000E-04  -9.4349950000E-04  -2.1387240000E-04  -1.0005971000E-03  -1.2312180000E-03
   47      4.9924740000E-04  -6.5048120000E-04  -3.8472860000E-03  -3.5013619000E-03  -1.6045066000E-03
                    5                  6                  7                  8                  9        
    0      1.7852810970E-01  -5.0461090000E-02  -2.5531283500E-02   6.3582689000E-03   7.4121672000E-03
    1     -3.2019296000E-03  -2.5513109200E-02  -2.2140160000E-04   9.7289292000E-03  -3.5146267000E-03
    2     -9.1414353000E-02   4.5128140800E-02   2.6698623500E-02   1.4965859000E-03  -1.1383519400E-02
    3     -1.6902862660E-01  -1.0365815290E-01  -9.4850856300E-02   2.2550693000E-03  -5.3299076300E-02
    4      5.5864393600E-02  -9.2994424100E-02  -2.5080286970E-01  -6.4636252000E-03  -2.7508320600E-02
    5      2.2705506770E-01  -1.0075901100E-02  -1.2534933000E-02  -3.6819981700E-02  -3.9268252000E-03
    6     -1.0075901100E-02   6.8184352370E-01  -1.8981722300E-02   1.4561237490E-01  -3.9937256490E-01
    7     -1.2534933000E-02  -1.8981722300E-02   6.0510157310E-01  -2.0210222500E-02   4.8124306900E-02
    8     -3.6819981700E-02   1.4561237490E-01  -2.0210222500E-02   1.8765333480E-01  -1.5639033610E-01
    9     -3.9268252000E-03  -3.9937256490E-01   4.8124306900E-02  -1.5639033610E-01   6.9491739810E-01
   10     -6.5493709000E-03   2.1476816600E-02  -8.0532155300E-02  -1.5562190000E-04  -9.4365528000E-03
   11      2.0764626000E-03  -1.1904688760E-01   2.4275660700E-02  -6.6866435100E-02   1.9749527810E-01
   12      1.2211460800E-02   3.8263890400E-02   1.5665841100E-02   2.3589169400E-02  -1.3554367600E-02
   13      9.2244121000E-03   1.4752754300E-02   8.4536513000E-03   9.8949950000E-03  -3.7159560000E-03
   14     -1.8379065400E-02  -4.4949811800E-02  -1.5380849100E-02  -3.6948536900E-02   5.5714103000E-03
   15     -2.9984632200E-02  -3.7319609800E-02  -2.0056441300E-02  -7.8498957000E-03   7.2544386000E-03
   16     -1.0993177100E-02  -1.5478022800E-02  -5.8009846000E-03  -2.0404786000E-03   2.6045486000E-03
   17     -5.0675839000E-02  -2.4653986300E-02  -1.6887867700E-02  -1.8165097200E-02   7.1630699000E-03
   18      3.9099255000E-03  -4.9398917000E-03  -4.4217790000E-04   4.9607128000E-03   2.2552910000E-04
   19      7.3009890000E-04  -1.1951152000E-03   7.2932940000E-04   1.3827660000E-04   6.1503400000E-05
   20     -4.1883763000E-03   4.6729193000E-03  -2.2716611000E-03   5.5845365000E-03   1.6130341000E-03
   21      1.4989144000E-03  -1.1987321000E-03   1.1220863000E-03  -1.7334913000E-03   3.1470410000E-04
   22     -2.9067160000E-03  -1.9561713000E-03   1.0989756000E-03   6.1302660000E-04  -1.9035570000E-04
   23     -4.9449505000E-03  -3.5197758000E-03  -1.5971125000E-03  -3.6496828000E-03   1.8314820000E-04
   24      1.6192134800E-02   8.2040341000E-03  -1.1308767700E-02  -1.3217543000E-03   6.8995290000E-04
   25     -2.4093533700E-02   9.5305305000E-03  -2.7427739900E-02  -2.1020931000E-03   1.2699086000E-03
   26     -3.3182096000E-02   3.2704533000E-03   3.1597593000E-03   1.0640599000E-03  -6.9645140000E-04
   27      2.5958890000E-04  -9.7929283700E-02   1.0271981990E-01  -6.5630651000E-03  -1.7213815300E-02
   28     -3.6559920000E-04   1.0391158310E-01  -2.4383336890E-01   7.9279129000E-03   4.8756792000E-03
   29      9.0872040000E-04   2.6209644000E-03   7.7169374000E-03  -3.2953009600E-02  -8.8012020000E-03
   30     -3.7671817000E-03  -1.7815933200E-02  -2.2556801600E-02  -6.0912757000E-03  -1.2555396240E-01
   31     -2.1902120000E-04  -5.8124900000E-04   7.0820820000E-04  -2.0749180000E-04  -1.2138737400E-01
   32      7.8682490000E-03  -7.7749592000E-03  -1.1682072300E-02  -3.9440105000E-03  -2.4642674400E-02
   33      1.7359278000E-03  -1.4286433000E-02   2.5990511600E-02  -7.5813690000E-04  -1.0186545480E-01
   34     -9.0664300000E-05   6.9249965000E-03  -5.2812927000E-03   1.9300779000E-03   1.0812755810E-01
   35     -4.2506936000E-03  -1.1260277000E-02   1.1447867300E-02  -2.2335045000E-03  -2.9521092000E-03
   36      6.3617050000E-04   1.3194042000E-03   8.3204140000E-04  -2.1076390000E-04  -7.2467120000E-04
   37     -3.7868650000E-04  -5.8070950000E-04  -3.2171850000E-04   1.4759550000E-04  -4.1807410000E-04
   38      3.4289677000E-03   5.6140657000E-03   3.1368642000E-03   1.3713466000E-03  -1.1162118000E-03
   39      1.0355049000E-03   5.1650860000E-04   4.5784010000E-04  -1.0012880000E-04  -5.3516210000E-04
   40     -2.9881840000E-04  -1.9601480000E-04  -4.9795190000E-04  -1.8855590000E-04  -1.9210000000E-06
   41      1.8580808000E-03   4.1200305000E-03   1.5091150000E-03   2.4826850000E-04  -6.8268320000E-04
   42      5.6527630000E-04  -1.6664533000E-03  -4.2120870000E-04  -7.7783160000E-04   8.3818040000E-04
   43     -5.5666500000E-04  -1.0453920000E-03  -6.0526200000E-04  -2.6461580000E-04   4.5664760000E-04
   44      1.3726109000E-03   6.5161780000E-03   2.2286913000E-03   3.1696407000E-03  -2.1295407000E-03
   45      2.1015330000E-04  -1.4992166000E-03  -7.6318800000E-04  -9.7891610000E-04   4.6670410000E-04
   46     -3.6297898000E-03   1.9252492000E-03  -7.6699250000E-04   1.2518911000E-03   6.5302850000E-04
   47     -7.1280360000E-04   3.7264717000E-03   3.9119940000E-04   9.9248540000E-04   6.9561270000E-04
                   10                 11                 12                 13                 14        
    0     -3.5109534000E-03   7.7928146000E-03   2.0962531000E-03   1.1018270000E-03  -7.8359195000E-03
    1     -2.7317603000E-03  -3.9260161000E-03  -6.7466169000E-03  -2.5877217000E-03   1.2388170000E-04
    2      5.0841824000E-03  -2.4778126900E-02  -5.6391783200E-02  -2.7808890300E-02   2.6069554600E-02
    3     -2.3683254600E-02  -4.1111611900E-02  -4.2283689200E-02  -1.9732062200E-02   2.2231751500E-02
    4      1.7566137000E-03  -2.3612607400E-02  -2.0793098300E-02  -5.5614299000E-03   1.6106039200E-02
    5     -6.5493709000E-03   2.0764626000E-03   1.2211460800E-02   9.2244121000E-03  -1.8379065400E-02
    6      2.1476816600E-02  -1.1904688760E-01   3.8263890400E-02   1.4752754300E-02  -4.4949811800E-02
    7     -8.0532155300E-02   2.4275660700E-02   1.5665841100E-02   8.4536513000E-03  -1.5380849100E-02
    8     -1.5562190000E-04  -6.6866435100E-02   2.3589169400E-02   9.8949950000E-03  -3.6948536900E-02
    9     -9.4365528000E-03   1.9749527810E-01  -1.3554367600E-02  -3.7159560000E-03   5.5714103000E-03
   10      5.6666223400E-01   3.4951908900E-02   7.6586158000E-03  -7.0778014000E-03  -7.9472133000E-03
   11      3.4951908900E-02   1.2946235500E-01  -4.7580785700E-02  -1.5842489300E-02   3.8172428100E-02
   12      7.6586158000E-03  -4.7580785700E-02   5.8719007520E-01   1.2140495300E-02   1.4945296120E-01
   13     -7.0778014000E-03  -1.5842489300E-02   1.2140495300E-02   3.7066692430E-01   1.7840972200E-02
   14     -7.9472133000E-03   3.8172428100E-02   1.4945296120E-01   1.7840972200E-02   1.1963994650E-01
   15     -7.4431985000E-03   3.4611043600E-02  -2.8341264850E-01  -9.7638841000E-02  -4.5147180000E-02
   16     -3.1782234000E-03   1.4493594600E-02  -1.1446702830E-01  -1.2704537290E-01  -2.1916740000E-02
   17     -3.2954338000E-03   2.3519554200E-02   4.3706714500E-02   1.7080333300E-02  -6.2286786200E-02
   18     -6.0575550000E-04   9.5122720000E-04   4.5979240000E-04   2.1934890000E-04  -1.0736771000E-03
   19      4.4671500000E-05   2.6903380000E-04   3.3114970000E-04  -2.3972900000E-04   8.0621500000E-05
   20      1.4268237000E-03   7.5639320000E-04   4.6151820000E-04   6.8951290000E-04  -1.9257724000E-03
   21     -3.3504720000E-04   8.9049380000E-04   1.0139706000E-03   1.2459504000E-03  -8.5296550000E-04
   22     -1.7704690000E-04  -3.1897670000E-04  -2.1538780000E-04   2.8529400000E-05   5.6243700000E-05
   23     -7.4454050000E-04   1.1519652000E-03   2.4614868000E-03   1.2823035000E-03  -1.3130450000E-03
   24     -1.6597500000E-03  -9.8029130000E-04  -1.1208619000E-03  -3.7383710000E-04   6.5593100000E-04
   25      4.5380990000E-04   9.3842630000E-04   1.4645000000E-04  -9.5829020000E-04   9.6838500000E-05
   26      3.2620240000E-04  -3.0492071000E-03  -1.6410693000E-03  -8.2420460000E-04   1.5638598000E-03
   27      2.6767913600E-02  -1.1709034000E-03   4.2649630000E-04   9.5305750000E-04  -6.8860800000E-04
   28     -3.9678323000E-03   1.4483241000E-03   6.6248340000E-04  -8.6535350000E-04  -1.1003490000E-04
   29      8.5524573000E-03  -4.1756454000E-03  -2.4118971000E-03  -7.4359430000E-04   1.9836121000E-03
   30     -1.1983423610E-01  -2.7680381900E-02  -1.8082147000E-03  -2.7180481000E-03   5.0572910000E-04
   31     -2.2041229090E-01  -3.4748638400E-02  -4.6949020000E-04  -1.5840082000E-03   3.4645230000E-04
   32     -3.1764181300E-02  -3.8395140200E-02   2.7826263000E-03   3.2343006000E-03  -8.5655000000E-06
   33      1.0910704800E-01  -7.9573839000E-03  -2.3833779000E-03   1.2355228000E-03   1.8961003000E-03
   34     -2.4795344850E-01   2.8882276000E-03   1.4288690000E-04  -8.0621920000E-04  -1.0256930000E-04
   35     -3.4876990000E-04  -2.7852824400E-02   4.3382106000E-03  -1.6013821000E-03  -4.1113573000E-03
   36      3.6094010000E-04  -1.9405495000E-03  -3.1224373400E-02   8.3455285000E-03   6.6629392000E-03
   37     -4.7863300000E-04   4.2946640000E-04  -9.7175136000E-03   6.7877645000E-03   2.5632011000E-03
   38      1.1598138000E-03  -5.0456789000E-03  -1.2039944100E-02  -7.5526539000E-03   4.3518703000E-03
   39     -2.9178860000E-04  -5.3484240000E-04  -4.0951955000E-03  -2.6886189400E-02   8.5338750000E-04
   40     -1.6172190000E-04   8.0670200000E-05  -3.7141807000E-03  -1.9396637500E-02  -3.8054230000E-04
   41      8.5853490000E-04  -3.7806104000E-03  -7.3483732000E-03  -2.8949428000E-03   3.0578229000E-03
   42     -4.8141950000E-04   3.1265499000E-03  -2.2382062620E-01   1.0514515400E-01  -8.4557205100E-02
   43     -5.1222800000E-05   2.6618954000E-03   1.1235508750E-01  -8.6572522700E-02   4.0335225300E-02
   44      4.2722170000E-03  -1.3476405700E-02  -1.0497811790E-01   3.8890081400E-02  -4.4487836000E-02
   45      1.9106220000E-03   3.1362303000E-03  -2.5747123000E-02   5.9252950000E-03  -2.7248430000E-03
   46     -2.1951924000E-03  -3.9884801000E-03   7.0203061000E-03  -1.3324178340E-01  -3.1711526700E-02
   47     -5.8270088000E-03  -7.7190840000E-03  -6.6121771000E-03  -4.0868753700E-02  -2.5378129600E-02
                   15                 16                 17                 18                 19        
    0     -1.4857834900E-02  -2.5380154000E-03  -3.0212949000E-03  -1.3088329420E-01  -1.2199794100E-01
    1      5.3876015000E-03  -1.5316138900E-02   1.0203008300E-02  -1.2160198940E-01  -2.1413453550E-01
    2      7.3479864800E-02   2.4993072000E-02   6.1958777900E-02   2.1449659700E-02   2.1565932500E-02
    3      4.2694255900E-02   1.4604689700E-02   4.9933725300E-02  -1.6345826100E-02  -7.5671530000E-04
    4      1.4590975300E-02   6.6516607000E-03   1.7103024700E-02  -2.1230176100E-02   5.6002200000E-05
    5     -2.9984632200E-02  -1.0993177100E-02  -5.0675839000E-02   3.9099255000E-03   7.3009890000E-04
    6     -3.7319609800E-02  -1.5478022800E-02  -2.4653986300E-02  -4.9398917000E-03  -1.1951152000E-03
    7     -2.0056441300E-02  -5.8009846000E-03  -1.6887867700E-02  -4.4217790000E-04   7.2932940000E-04
    8     -7.8498957000E-03  -2.0404786000E-03  -1.8165097200E-02   4.9607128000E-03   1.3827660000E-04
    9      7.2544386000E-03   2.6045486000E-03   7.1630699000E-03   2.2552910000E-04   6.1503400000E-05
   10     -7.4431985000E-03  -3.1782234000E-03  -3.2954338000E-03  -6.0575550000E-04   4.4671500000E-05
   11      3.4611043600E-02   1.4493594600E-02   2.3519554200E-02   9.5122720000E-04   2.6903380000E-04
   12     -2.8341264850E-01  -1.1446702830E-01   4.3706714500E-02   4.5979240000E-04   3.3114970000E-04
   13     -9.7638841000E-02  -1.2704537290E-01   1.7080333300E-02   2.1934890000E-04  -2.3972900000E-04
   14     -4.5147180000E-02  -2.1916740000E-02  -6.2286786200E-02  -1.0736771000E-03   8.0621500000E-05
   15      5.7259677290E-01   2.2422373800E-02  -1.4812525920E-01  -3.1598557000E-03   5.0509000000E-06
   16      2.2422373800E-02   5.8271676030E-01   4.4488299000E-03  -3.1831270000E-03  -3.8460200000E-04
   17     -1.4812525920E-01   4.4488299000E-03   1.1702771980E-01  -1.8408236000E-03  -2.1456570000E-04
   18     -3.1598557000E-03  -3.1831270000E-03  -1.8408236000E-03   1.4733543980E-01   1.3683541870E-01
   19      5.0509000000E-06  -3.8460200000E-04  -2.1456570000E-04   1.3683541870E-01   2.3594995360E-01
   20     -5.7499672000E-03  -5.0539697000E-03  -1.8843465000E-03  -2.5380599600E-02  -2.5469041400E-02
   21     -4.1456741000E-03   2.3046296000E-03  -4.2346577000E-03   7.0243477000E-03  -1.4314870900E-02
   22      7.7634520000E-04  -3.0659550000E-04   5.0559490000E-04   1.0163271700E-02  -2.4854922900E-02
   23     -7.6802251000E-03   3.7984990000E-03  -8.0834306000E-03  -7.5947970000E-04   2.9049933000E-03
   24      8.2489160000E-04   5.4945410000E-04   1.0287944000E-03   4.1260920000E-04   7.6832500000E-04
   25      3.0071200000E-04  -1.9882650000E-04  -1.3190330000E-04  -5.3338100000E-04   1.0288082000E-03
   26      1.9722322000E-03   7.5505320000E-04   2.5318696000E-03  -1.2961070000E-03  -9.0478300000E-05
   27     -7.7753900000E-04  -2.1136350000E-04  -6.1797910000E-04  -3.0061800000E-05   1.4256720000E-04
   28     -5.7457800000E-05  -4.4293890000E-04  -2.2351890000E-04   1.6611890000E-04   6.0229280000E-04
   29      1.8696600000E-03   4.8871330000E-04   1.7007106000E-03  -5.9970300000E-05  -1.9111000000E-06
   30      3.7872290000E-04   1.7462660000E-04   8.0175080000E-04   2.5611730000E-04   4.2987000000E-05
   31      6.3723590000E-04  -8.2323900000E-05   1.1920140000E-04   1.3505180000E-04   1.4081040000E-04
   32      1.8040630000E-04  -3.1551710000E-04  -1.2805765000E-03  -9.4906130000E-04  -1.5999000000E-04
   33      5.1259230000E-04   3.2546140000E-04   6.2504060000E-04   3.4820700000E-05  -7.6886700000E-05
   34      4.4277100000E-05   2.5432290000E-04   7.8445700000E-05  -9.4623300000E-05   1.2332270000E-04
   35     -1.4998749000E-03  -5.8139060000E-04  -1.2133766000E-03   2.4701960000E-04  -9.2523400000E-05
   36     -2.0858525380E-01   1.0410598390E-01   8.6522972500E-02   4.7373900000E-05  -4.8345800000E-05
   37      1.0252483470E-01  -1.0354380560E-01  -4.6918055700E-02   2.2820000000E-05  -3.4938290000E-04
   38      1.0467740940E-01  -4.3547317800E-02  -5.0935736800E-02  -4.6598000000E-06  -1.2984530000E-04
   39     -4.0149609900E-02   7.2631211000E-03   5.7524357000E-03  -4.5087700000E-04   1.6832470000E-04
   40      5.0247639000E-03  -3.0404876900E-01   2.5606843100E-02  -9.0113900000E-05   7.1367760000E-04
   41      1.3202854800E-02   3.2775591000E-02  -2.2629994300E-02  -4.3194560000E-04   3.5529870000E-04
   42     -2.9592059100E-02   6.6158186000E-03  -6.7750020000E-03   7.1106200000E-05  -8.8509900000E-05
   43     -1.1974196800E-02   3.5928381000E-03  -1.9503355000E-03   1.2643000000E-06   8.9847500000E-05
   44      1.3548651200E-02   7.5673236000E-03   6.9736838000E-03   1.6894230000E-04   4.6264900000E-05
   45     -2.2615891000E-03  -2.5093150600E-02  -6.2655010000E-03  -5.7330000000E-05   1.2305820000E-04
   46     -1.4544034900E-02  -3.2867000700E-02  -5.5236005000E-03   2.3804980000E-04   4.8445630000E-04
   47      2.4949118000E-03  -4.8720857000E-03   3.4428676000E-03   1.0883680000E-04   6.7835100000E-05
                   20                 21                 22                 23                 24        
    0      1.6303861500E-02  -1.0197853820E-01   1.0698971080E-01   6.1095278000E-03  -1.5624538000E-02
    1      1.8188297800E-02   1.0888532130E-01  -2.4606582880E-01  -6.5674321000E-03   2.5732032900E-02
    2     -3.5097249300E-02   1.4002989000E-02  -1.0470659500E-02  -2.5736372600E-02   2.4676121000E-03
    3      1.0838344400E-02  -1.1992875700E-02   6.4685918000E-03   1.4805587000E-02  -9.7999442100E-02
    4      1.4724778000E-02   2.4479957400E-02  -4.7908709000E-03  -1.4280590800E-02   1.0230704430E-01
    5     -4.1883763000E-03   1.4989144000E-03  -2.9067160000E-03  -4.9449505000E-03   1.6192134800E-02
    6      4.6729193000E-03  -1.1987321000E-03  -1.9561713000E-03  -3.5197758000E-03   8.2040341000E-03
    7     -2.2716611000E-03   1.1220863000E-03   1.0989756000E-03  -1.5971125000E-03  -1.1308767700E-02
    8      5.5845365000E-03  -1.7334913000E-03   6.1302660000E-04  -3.6496828000E-03  -1.3217543000E-03
    9      1.6130341000E-03   3.1470410000E-04  -1.9035570000E-04   1.8314820000E-04   6.8995290000E-04
   10      1.4268237000E-03  -3.3504720000E-04  -1.7704690000E-04  -7.4454050000E-04  -1.6597500000E-03
   11      7.5639320000E-04   8.9049380000E-04  -3.1897670000E-04   1.1519652000E-03  -9.8029130000E-04
   12      4.6151820000E-04   1.0139706000E-03  -2.1538780000E-04   2.4614868000E-03  -1.1208619000E-03
   13      6.8951290000E-04   1.2459504000E-03   2.8529400000E-05   1.2823035000E-03  -3.7383710000E-04
   14     -1.9257724000E-03  -8.5296550000E-04   5.6243700000E-05  -1.3130450000E-03   6.5593100000E-04
   15     -5.7499672000E-03  -4.1456741000E-03   7.7634520000E-04  -7.6802251000E-03   8.2489160000E-04
   16     -5.0539697000E-03   2.3046296000E-03  -3.0659550000E-04   3.7984990000E-03   5.4945410000E-04
   17     -1.8843465000E-03  -4.2346577000E-03   5.0559490000E-04  -8.0834306000E-03   1.0287944000E-03
   18     -2.5380599600E-02   7.0243477000E-03   1.0163271700E-02  -7.5947970000E-04   4.1260920000E-04
   19     -2.5469041400E-02  -1.4314870900E-02  -2.4854922900E-02   2.9049933000E-03   7.6832500000E-04
   20      3.7135366800E-02  -2.4376720000E-04  -1.4759845000E-03   2.0739758000E-03  -1.6203928000E-03
   21     -2.4376720000E-04   1.1358490290E-01  -1.2151545140E-01  -1.4966728300E-02  -2.6925895000E-03
   22     -1.4759845000E-03  -1.2151545140E-01   2.7248921400E-01   1.3975440400E-02   7.2979570000E-04
   23      2.0739758000E-03  -1.4966728300E-02   1.3975440400E-02   3.6498417700E-02   6.1355360000E-03
   24     -1.6203928000E-03  -2.6925895000E-03   7.2979570000E-04   6.1355360000E-03   1.0929867190E-01
   25      4.8471540000E-04  -1.8022140000E-04   8.5299540000E-04  -5.6564240000E-04  -1.1380994540E-01
   26     -2.4287269000E-03   5.1107839000E-03  -1.4861800000E-04   5.6470258000E-03  -2.3160260200E-02
   27      6.7096700000E-05  -6.6849190000E-04  -3.3000830000E-04   2.1511200000E-05  -1.7095571000E-03
   28     -4.8072790000E-04  -9.2258980000E-04   3.5476650000E-04   5.1565710000E-04  -2.4798058000E-03
   29     -2.0551550000E-04   4.5380770000E-04   3.5952920000E-04   3.0398820000E-04   8.6198530000E-04
   30      8.4872090000E-04   3.9353500000E-05  -8.6322700000E-05  -2.3088810000E-04  -4.9521000000E-05
   31      1.4620550000E-04  -5.8235400000E-05   1.0603490000E-04   9.2540400000E-05   1.2494600000E-04
   32      2.1062500000E-05   1.0118550000E-04  -1.1868000000E-05   2.4305280000E-04  -3.5449200000E-05
   33     -5.7290000000E-05   2.7704610000E-04  -2.2368490000E-04  -7.4625100000E-05  -4.9100780000E-04
   34     -7.0854000000E-06  -2.0707310000E-04  -5.3922100000E-05   6.0860900000E-05  -1.8378160000E-04
   35      1.4313610000E-04   5.7676700000E-05  -5.2033500000E-05  -6.3634600000E-05   1.0265480000E-04
   36     -2.3962730000E-04   4.5775060000E-04  -2.6089610000E-04  -1.6705105000E-03   9.7707900000E-05
   37     -2.2133560000E-04   7.2806100000E-05   8.3724910000E-04   1.1288010000E-03  -2.6912940000E-04
   38     -2.5692800000E-05   2.2000900000E-05   8.0371200000E-05  -1.5765542000E-03  -2.9101930000E-04
   39     -9.4545870000E-04  -1.9833290000E-04  -1.5319550000E-04  -3.7662840000E-04  -2.4915200000E-05
   40     -5.1881610000E-04  -1.2085510000E-04   1.9800520000E-04  -7.6534800000E-05  -1.0762990000E-04
   41     -4.9647900000E-05  -4.8260450000E-04  -1.4241210000E-04  -1.1385587000E-03   1.5372960000E-04
   42     -3.6713480000E-04   2.3047100000E-05  -2.7689000000E-04  -4.2341370000E-04   2.5342660000E-04
   43     -2.0409370000E-04  -9.6739400000E-05  -6.4267000000E-05  -8.6168700000E-05   4.4910000000E-06
   44      3.8988000000E-06   3.4808660000E-04  -1.3896980000E-04   3.7914080000E-04  -1.3769140000E-04
   45     -2.0125760000E-04   1.4011180000E-04   8.0648400000E-05  -1.4522300000E-05  -6.8861700000E-05
   46      4.2382100000E-05  -3.5966760000E-04   3.4768390000E-04   1.5892630000E-04  -2.3442200000E-05
   47      8.6957700000E-05   2.8276100000E-05   7.6032200000E-05   2.0866280000E-04  -5.1519400000E-05
                   25                 26                 27                 28                 29        
    0      4.0022204000E-03   1.0747040600E-02   6.4675460000E-04   1.0782239000E-03   5.6090140000E-04
    1     -3.3339028000E-03  -1.1480125200E-02  -1.9206580000E-03   4.2612360000E-04   1.7098780000E-04
    2     -1.3699099000E-03  -6.4901958000E-03   6.7770360000E-04  -7.7135680000E-04  -3.2825475000E-03
    3      1.0283268660E-01   6.2852352000E-03   7.7502207000E-03   9.3873130000E-03  -3.3597602000E-03
    4     -2.4155771580E-01  -2.0690466500E-02  -1.0933237500E-02  -2.7167108400E-02  -6.5594021000E-03
    5     -2.4093533700E-02  -3.3182096000E-02   2.5958890000E-04  -3.6559920000E-04   9.0872040000E-04
    6      9.5305305000E-03   3.2704533000E-03  -9.7929283700E-02   1.0391158310E-01   2.6209644000E-03
    7     -2.7427739900E-02   3.1597593000E-03   1.0271981990E-01  -2.4383336890E-01   7.7169374000E-03
    8     -2.1020931000E-03   1.0640599000E-03  -6.5630651000E-03   7.9279129000E-03  -3.2953009600E-02
    9      1.2699086000E-03  -6.9645140000E-04  -1.7213815300E-02   4.8756792000E-03  -8.8012020000E-03
   10      4.5380990000E-04   3.2620240000E-04   2.6767913600E-02  -3.9678323000E-03   8.5524573000E-03
   11      9.3842630000E-04  -3.0492071000E-03  -1.1709034000E-03   1.4483241000E-03  -4.1756454000E-03
   12      1.4645000000E-04  -1.6410693000E-03   4.2649630000E-04   6.6248340000E-04  -2.4118971000E-03
   13     -9.5829020000E-04  -8.2420460000E-04   9.5305750000E-04  -8.6535350000E-04  -7.4359430000E-04
   14      9.6838500000E-05   1.5638598000E-03  -6.8860800000E-04  -1.1003490000E-04   1.9836121000E-03
   15      3.0071200000E-04   1.9722322000E-03  -7.7753900000E-04  -5.7457800000E-05   1.8696600000E-03
   16     -1.9882650000E-04   7.5505320000E-04  -2.1136350000E-04  -4.4293890000E-04   4.8871330000E-04
   17     -1.3190330000E-04   2.5318696000E-03  -6.1797910000E-04  -2.2351890000E-04   1.7007106000E-03
   18     -5.3338100000E-04  -1.2961070000E-03  -3.0061800000E-05   1.6611890000E-04  -5.9970300000E-05
   19      1.0288082000E-03  -9.0478300000E-05   1.4256720000E-04   6.0229280000E-04  -1.9111000000E-06
   20      4.8471540000E-04  -2.4287269000E-03   6.7096700000E-05  -4.8072790000E-04  -2.0551550000E-04
   21     -1.8022140000E-04   5.1107839000E-03  -6.6849190000E-04  -9.2258980000E-04   4.5380770000E-04
   22      8.5299540000E-04  -1.4861800000E-04  -3.3000830000E-04   3.5476650000E-04   3.5952920000E-04
   23     -5.6564240000E-04   5.6470258000E-03   2.1511200000E-05   5.1565710000E-04   3.0398820000E-04
   24     -1.1380994540E-01  -2.3160260200E-02  -1.7095571000E-03  -2.4798058000E-03   8.6198530000E-04
   25      2.7267313410E-01   2.8221327900E-02  -2.4801223000E-03  -3.5949312000E-03  -1.6782556000E-03
   26      2.8221327900E-02   3.0006917800E-02  -5.5127640000E-04   1.0679588000E-03   5.0293040000E-03
   27     -2.4801223000E-03  -5.5127640000E-04   1.1225216820E-01  -1.1566034650E-01   1.1918652800E-02
   28     -3.5949312000E-03   1.0679588000E-03  -1.1566034650E-01   2.7518450010E-01  -8.7371534000E-03
   29     -1.6782556000E-03   5.0293040000E-03   1.1918652800E-02  -8.7371534000E-03   2.7171582500E-02
   30      1.5039380000E-04   3.3568700000E-05   4.7230240000E-04  -7.7754110000E-04   1.1484296000E-03
   31      5.7413950000E-04   2.0941400000E-05   7.8939980000E-04   1.0300527000E-03   2.8036350000E-04
   32      5.5496990000E-04  -2.0213760000E-04   1.5115741000E-03  -1.4044390000E-04  -3.1509843000E-03
   33     -8.8654320000E-04  -3.6368690000E-04  -3.4711280000E-03   1.7476550000E-04  -4.6546699000E-03
   34      4.6860880000E-04  -1.8342360000E-04   9.9869980000E-04   9.3782090000E-04  -3.2419950000E-04
   35     -5.0337160000E-04   2.6561180000E-04  -5.3115305000E-03  -2.1701150000E-04   7.6701488000E-03
   36     -1.8672840000E-04   2.0756570000E-04   1.6680090000E-04  -1.1012920000E-04  -8.5921000000E-05
   37      1.4264930000E-04  -2.1615400000E-04  -6.1309100000E-05   1.3483700000E-04   1.7784520000E-04
   38      1.3515480000E-04   4.4274600000E-05   1.4729700000E-04   1.1291800000E-04  -3.5954720000E-04
   39      1.6115200000E-05   3.8357200000E-05  -7.9226500000E-05   1.6764800000E-05  -3.4378300000E-05
   40      3.1387450000E-04  -1.9770000000E-06  -6.6758000000E-05   1.6711830000E-04  -3.0078100000E-05
   41     -7.0165200000E-05  -3.9092370000E-04   5.4825600000E-05  -1.5178700000E-04  -1.5654230000E-04
   42     -1.3947920000E-04   3.1837300000E-05   2.8129900000E-05  -1.7763390000E-04  -1.0997800000E-04
   43      1.9742480000E-04  -1.6940900000E-04  -2.2218680000E-04   7.9662800000E-05   3.3153220000E-04
   44     -9.0902200000E-05  -2.6678940000E-04   3.5682370000E-04  -2.1832190000E-04  -3.6404700000E-04
   45     -3.2596300000E-05   1.1776800000E-05   1.3623040000E-04  -8.7427700000E-05   8.3375500000E-05
   46      3.6596190000E-04   2.5361330000E-04  -4.8546770000E-04   9.5435850000E-04  -3.7717000000E-06
   47      1.7434440000E-04  -1.4284670000E-04  -1.1171100000E-04   3.4318450000E-04  -1.2022770000E-04
                   30                 31                 32                 33                 34        
    0      7.5870700000E-05   1.4300580000E-04  -1.6643972000E-03   9.3267900000E-05  -2.1181180000E-04
    1     -5.5986970000E-04   1.7129960000E-04  -1.5679930000E-03  -2.0003940000E-04  -2.3058290000E-04
    2     -1.1001746000E-03  -7.3553930000E-04   4.9853010000E-04  -6.5588610000E-04   2.3274290000E-04
    3     -5.1298016000E-03  -8.5766090000E-04  -4.0465074000E-03  -2.5633650000E-04  -1.9748952000E-03
    4      2.1440990000E-04   5.1886360000E-04   1.6125447000E-03   1.4397357000E-03   1.1251269000E-03
    5     -3.7671817000E-03  -2.1902120000E-04   7.8682490000E-03   1.7359278000E-03  -9.0664300000E-05
    6     -1.7815933200E-02  -5.8124900000E-04  -7.7749592000E-03  -1.4286433000E-02   6.9249965000E-03
    7     -2.2556801600E-02   7.0820820000E-04  -1.1682072300E-02   2.5990511600E-02  -5.2812927000E-03
    8     -6.0912757000E-03  -2.0749180000E-04  -3.9440105000E-03  -7.5813690000E-04   1.9300779000E-03
    9     -1.2555396240E-01  -1.2138737400E-01  -2.4642674400E-02  -1.0186545480E-01   1.0812755810E-01
   10     -1.1983423610E-01  -2.2041229090E-01  -3.1764181300E-02   1.0910704800E-01  -2.4795344850E-01
   11     -2.7680381900E-02  -3.4748638400E-02  -3.8395140200E-02  -7.9573839000E-03   2.8882276000E-03
   12     -1.8082147000E-03  -4.6949020000E-04   2.7826263000E-03  -2.3833779000E-03   1.4288690000E-04
   13     -2.7180481000E-03  -1.5840082000E-03   3.2343006000E-03   1.2355228000E-03  -8.0621920000E-04
   14      5.0572910000E-04   3.4645230000E-04  -8.5655000000E-06   1.8961003000E-03  -1.0256930000E-04
   15      3.7872290000E-04   6.3723590000E-04   1.8040630000E-04   5.1259230000E-04   4.4277100000E-05
   16      1.7462660000E-04  -8.2323900000E-05  -3.1551710000E-04   3.2546140000E-04   2.5432290000E-04
   17      8.0175080000E-04   1.1920140000E-04  -1.2805765000E-03   6.2504060000E-04   7.8445700000E-05
   18      2.5611730000E-04   1.3505180000E-04  -9.4906130000E-04   3.4820700000E-05  -9.4623300000E-05
   19      4.2987000000E-05   1.4081040000E-04  -1.5999000000E-04  -7.6886700000E-05   1.2332270000E-04
   20      8.4872090000E-04   1.4620550000E-04   2.1062500000E-05  -5.7290000000E-05  -7.0854000000E-06
   21      3.9353500000E-05  -5.8235400000E-05   1.0118550000E-04   2.7704610000E-04  -2.0707310000E-04
   22     -8.6322700000E-05   1.0603490000E-04  -1.1868000000E-05  -2.2368490000E-04  -5.3922100000E-05
   23     -2.3088810000E-04   9.2540400000E-05   2.4305280000E-04  -7.4625100000E-05   6.0860900000E-05
   24     -4.9521000000E-05   1.2494600000E-04  -3.5449200000E-05  -4.9100780000E-04  -1.8378160000E-04
   25      1.5039380000E-04   5.7413950000E-04   5.5496990000E-04  -8.8654320000E-04   4.6860880000E-04
   26      3.3568700000E-05   2.0941400000E-05  -2.0213760000E-04  -3.6368690000E-04  -1.8342360000E-04
   27      4.7230240000E-04   7.8939980000E-04   1.5115741000E-03  -3.4711280000E-03   9.9869980000E-04
   28     -7.7754110000E-04   1.0300527000E-03  -1.4044390000E-04   1.7476550000E-04   9.3782090000E-04
   29      1.1484296000E-03   2.8036350000E-04  -3.1509843000E-03  -4.6546699000E-03  -3.2419950000E-04
   30      1.4228308890E-01   1.3473234840E-01   3.3959206900E-02   6.7683399000E-03   1.0402551100E-02
   31      1.3473234840E-01   2.4118990900E-01   3.9347330400E-02  -1.3314152900E-02  -2.3886443300E-02
   32      3.3959206900E-02   3.9347330400E-02   3.6369968900E-02  -3.9064910000E-04   4.2286950000E-04
   33      6.7683399000E-03  -1.3314152900E-02  -3.9064910000E-04   1.1473405320E-01  -1.2347492890E-01
   34      1.0402551100E-02  -2.3886443300E-02   4.2286950000E-04  -1.2347492890E-01   2.7422958580E-01
   35      1.2978619000E-03  -4.3693275000E-03   2.4086449000E-03   1.0345545900E-02  -4.7161226000E-03
   36      1.8021500000E-05  -7.6042000000E-06   2.4403910000E-04   6.8223500000E-05  -2.1567430000E-04
   37     -9.9250500000E-05   1.8089230000E-04   2.4995100000E-04  -1.1417720000E-04   2.0616200000E-05
   38     -7.6251700000E-05  -7.9626800000E-05  -9.0517700000E-05  -1.6017580000E-04   4.8605400000E-05
   39     -1.9487700000E-05   2.8443900000E-05   1.3742690000E-04  -5.5336200000E-05  -5.8169300000E-05
   40      6.4881500000E-05   1.7809760000E-04  -5.6443000000E-06  -1.3024160000E-04   1.9072610000E-04
   41     -6.1905100000E-05  -1.0053080000E-04  -9.1646800000E-05  -1.4829200000E-05   7.9226100000E-05
   42      8.0345000000E-06  -2.5867500000E-05   3.2964220000E-04   3.8900920000E-04  -1.3070750000E-04
   43     -6.0785100000E-05  -1.6926580000E-04   1.7273850000E-04   7.8566600000E-05   7.1866470000E-04
   44      1.2929960000E-04   3.8698100000E-05  -1.9799440000E-04   1.1102890000E-04  -1.3736850000E-04
   45      7.7069200000E-05   1.1120250000E-04   2.5759040000E-04  -6.8278600000E-05  -8.9304600000E-05
   46      9.1065650000E-04   1.3360242000E-03   5.3005400000E-05   6.9043200000E-05   1.4311370000E-04
   47      2.8349120000E-04   6.8442700000E-05  -4.7934700000E-05   3.7368920000E-04  -1.7962270000E-04
                   35                 36                 37                 38                 39        
    0      1.5686720000E-04   6.0759770000E-04   4.7414060000E-04   2.1488506000E-03  -5.0639470000E-04
    1      5.3490040000E-04  -5.7118400000E-05   6.1877260000E-04  -4.8829085000E-03   2.5318000000E-03
    2      1.0765801000E-03  -4.1678754000E-03  -1.2267230000E-04  -2.1300335200E-02  -3.7390149000E-03
    3      2.6001365000E-03  -1.4915033000E-03   3.6519340000E-04  -6.6777981000E-03  -5.3964380000E-04
    4      1.6312872000E-03  -4.4829180000E-04  -1.4010400000E-04  -2.2491250000E-03  -7.8474640000E-04
    5     -4.2506936000E-03   6.3617050000E-04  -3.7868650000E-04   3.4289677000E-03   1.0355049000E-03
    6     -1.1260277000E-02   1.3194042000E-03  -5.8070950000E-04   5.6140657000E-03   5.1650860000E-04
    7      1.1447867300E-02   8.3204140000E-04  -3.2171850000E-04   3.1368642000E-03   4.5784010000E-04
    8     -2.2335045000E-03  -2.1076390000E-04   1.4759550000E-04   1.3713466000E-03  -1.0012880000E-04
    9     -2.9521092000E-03  -7.2467120000E-04  -4.1807410000E-04  -1.1162118000E-03  -5.3516210000E-04
   10     -3.4876990000E-04   3.6094010000E-04  -4.7863300000E-04   1.1598138000E-03  -2.9178860000E-04
   11     -2.7852824400E-02  -1.9405495000E-03   4.2946640000E-04  -5.0456789000E-03  -5.3484240000E-04
   12      4.3382106000E-03  -3.1224373400E-02  -9.7175136000E-03  -1.2039944100E-02  -4.0951955000E-03
   13     -1.6013821000E-03   8.3455285000E-03   6.7877645000E-03  -7.5526539000E-03  -2.6886189400E-02
   14     -4.1113573000E-03   6.6629392000E-03   2.5632011000E-03   4.3518703000E-03   8.5338750000E-04
   15     -1.4998749000E-03  -2.0858525380E-01   1.0252483470E-01   1.0467740940E-01  -4.0149609900E-02
   16     -5.8139060000E-04   1.0410598390E-01  -1.0354380560E-01  -4.3547317800E-02   7.2631211000E-03
   17     -1.2133766000E-03   8.6522972500E-02  -4.6918055700E-02  -5.0935736800E-02   5.7524357000E-03
   18      2.4701960000E-04   4.7373900000E-05   2.2820000000E-05  -4.6598000000E-06  -4.5087700000E-04
   19     -9.2523400000E-05  -4.8345800000E-05  -3.4938290000E-04  -1.2984530000E-04   1.6832470000E-04
   20      1.4313610000E-04  -2.3962730000E-04  -2.2133560000E-04  -2.5692800000E-05  -9.4545870000E-04
   21      5.7676700000E-05   4.5775060000E-04   7.2806100000E-05   2.2000900000E-05  -1.9833290000E-04
   22     -5.2033500000E-05  -2.6089610000E-04   8.3724910000E-04   8.0371200000E-05  -1.5319550000E-04
   23     -6.3634600000E-05  -1.6705105000E-03   1.1288010000E-03  -1.5765542000E-03  -3.7662840000E-04
   24      1.0265480000E-04   9.7707900000E-05  -2.6912940000E-04  -2.9101930000E-04  -2.4915200000E-05
   25     -5.0337160000E-04  -1.8672840000E-04   1.4264930000E-04   1.3515480000E-04   1.6115200000E-05
   26      2.6561180000E-04   2.0756570000E-04  -2.1615400000E-04   4.4274600000E-05   3.8357200000E-05
   27     -5.3115305000E-03   1.6680090000E-04  -6.1309100000E-05   1.4729700000E-04  -7.9226500000E-05
   28     -2.1701150000E-04  -1.1012920000E-04   1.3483700000E-04   1.1291800000E-04   1.6764800000E-05
   29      7.6701488000E-03  -8.5921000000E-05   1.7784520000E-04  -3.5954720000E-04  -3.4378300000E-05
   30      1.2978619000E-03   1.8021500000E-05  -9.9250500000E-05  -7.6251700000E-05  -1.9487700000E-05
   31     -4.3693275000E-03  -7.6042000000E-06   1.8089230000E-04  -7.9626800000E-05   2.8443900000E-05
   32      2.4086449000E-03   2.4403910000E-04   2.4995100000E-04  -9.0517700000E-05   1.3742690000E-04
   33      1.0345545900E-02   6.8223500000E-05  -1.1417720000E-04  -1.6017580000E-04  -5.5336200000E-05
   34     -4.7161226000E-03  -2.1567430000E-04   2.0616200000E-05   4.8605400000E-05  -5.8169300000E-05
   35      2.9820626400E-02   2.5800120000E-04   2.0207200000E-05   2.1728970000E-04   1.2116910000E-04
   36      2.5800120000E-04   2.4360461120E-01  -1.1250161780E-01  -8.8238622900E-02  -1.1623909000E-03
   37      2.0207200000E-05  -1.1250161780E-01   1.1158069890E-01   5.2069663000E-02   2.3193110600E-02
   38      2.1728970000E-04  -8.8238622900E-02   5.2069663000E-02   6.7235039800E-02  -1.6969471000E-03
