
$orca_hessian_file

$act_atom
  0

$act_coord
  0

$act_energy
      -21.842331

$multiplicity
  1

$hessian
48
                    0                  1                  2                  3                  4        
    0      6.1573150740E-01   6.3191042000E-03  -2.1950938460E-01  -3.1149837170E-01   3.4958828200E-02
    1      6.3191042000E-03   5.6717402700E-01  -9.4709912000E-03   1.3248783600E-02  -7.8773291500E-02
    2     -2.1950938460E-01  -9.4709912000E-03   1.5980219500E-01   1.3357576600E-01  -2.8160485900E-02
    3     -3.1149837170E-01   1.3248783600E-02   1.3357576600E-01   5.9096545110E-01   1.6193674000E-03
    4      3.4958828200E-02  -7.8773291500E-02  -2.8160485900E-02   1.6193674000E-03   5.9618812740E-01
    5      1.8152507210E-01  -4.3233385000E-03  -1.0291960090E-01  -1.7676959590E-01   6.1118341200E-02
    6     -4.9261939700E-02  -2.5710788500E-02   4.4288081600E-02  -1.1063547530E-01  -9.6398994400E-02
    7     -2.5058606800E-02  -1.9769800000E-04   2.5776344200E-02  -9.8637944600E-02  -2.4827586050E-01
    8      6.4693897000E-03   9.8497781000E-03   8.2888690000E-04   3.1701780000E-03  -5.5641351000E-03
    9      6.7115198000E-03  -3.2802127000E-03  -1.1625964300E-02  -5.1947312500E-02  -2.7242283500E-02
   10     -3.5885698000E-03  -2.6644987000E-03   4.8480195000E-03  -2.3297563500E-02   2.1654744000E-03
   11      8.5680837000E-03  -3.4767222000E-03  -2.5373265900E-02  -4.2161631800E-02  -2.3991493800E-02
   12      1.0563697000E-03  -6.5437142000E-03  -5.8933272100E-02  -4.1974515700E-02  -2.0210986200E-02
   13      6.8826740000E-04  -2.2046315000E-03  -2.9949599700E-02  -1.9631944400E-02  -5.4011437000E-03
   14     -8.8196084000E-03  -7.0628930000E-04   2.6367087200E-02   2.3276186800E-02   1.6773461200E-02
   15     -1.7584362600E-02   4.3518189000E-03   7.5575279100E-02   4.3078580000E-02   1.3974100300E-02
   16     -2.5006825000E-03  -1.8242632200E-02   2.6567031600E-02   1.4719886300E-02   6.6310695000E-03
   17     -4.7445199000E-03   9.1836090000E-03   6.2562786000E-02   5.1007436300E-02   1.7152099400E-02
   18     -1.3001616610E-01  -1.2116874270E-01   2.3561724900E-02  -1.5830328500E-02  -2.0330030800E-02
   19     -1.2167607040E-01  -2.1345468540E-01   2.3258490600E-02  -7.5379730000E-04   1.2289960000E-04
   20      1.8041846500E-02   2.0205366500E-02  -3.5257054300E-02   1.1968190400E-02   1.5575513800E-02
   21     -9.9371682500E-02   1.0697381360E-01   1.5960813100E-02  -1.1033800200E-02   2.4075516900E-02
   22      1.0488401140E-01  -2.4729600710E-01  -1.2814570800E-02   6.4395371000E-03  -4.8664641000E-03
   23      7.4629904000E-03  -9.1360455000E-03  -2.5732538800E-02   1.5313884100E-02  -1.5391104000E-02
   24     -1.4842252100E-02   2.5426266600E-02   2.3887613000E-03  -9.5136333700E-02   9.9067073100E-02
   25      3.9896738000E-03  -3.5757999000E-03  -1.3345184000E-03   9.9922186900E-02  -2.4158866240E-01
   26      1.1291408300E-02  -1.2426161400E-02  -7.4927153000E-03   8.6319961000E-03  -2.6623912200E-02
   27      5.8142990000E-04  -1.7354030000E-03   1.0065180000E-03   8.2598338000E-03  -1.1271265900E-02
   28      1.0070495000E-03   3.9684040000E-04  -9.5156840000E-04   8.6777837000E-03  -2.7239568200E-02
   29      5.6370090000E-04   1.3532120000E-04  -3.6815581000E-03  -4.0930339000E-03  -7.0985681000E-03
   30      1.6246290000E-04  -4.6312420000E-04  -1.3600076000E-03  -4.9539510000E-03  -2.4477000000E-05
   31      1.4342680000E-04   2.0246710000E-04  -7.7256580000E-04  -8.3870510000E-04   5.4701330000E-04
   32     -1.6462561000E-03  -1.5722631000E-03   6.0427290000E-04  -4.3535869000E-03   1.9223753000E-03
   33      7.1032900000E-05  -2.3561950000E-04  -7.8486390000E-04  -5.3786370000E-04   1.2178338000E-03
   34     -1.6594140000E-04  -2.2255130000E-04   2.6528220000E-04  -1.9259284000E-03   1.0628317000E-03
   35      1.1286190000E-04   5.6350120000E-04   1.1190199000E-03   2.7318697000E-03   1.7182627000E-03
   36      7.2590140000E-04   1.9298000000E-05  -4.2871292000E-03  -1.3865487000E-03  -4.0137810000E-04
   37      5.8203860000E-04   6.6042930000E-04  -1.4714700000E-04   3.8406020000E-04  -1.4021500000E-04
   38      2.4354625000E-03  -5.0264697000E-03  -2.3777329800E-02  -6.8379052000E-03  -2.1840393000E-03
   39     -6.5920570000E-04   2.8408759000E-03  -3.7602591000E-03  -4.2823200000E-04  -6.7956410000E-04
   40      7.8404250000E-04  -8.7596770000E-04   2.2993333000E-03   3.7966430000E-04   3.0803970000E-04
   41     -2.9935803000E-03   8.0643160000E-03  -1.3589092000E-02  -4.7465649000E-03  -2.2479380000E-04
   42     -1.2259068000E-03   1.0224610000E-04   2.8258082000E-03   1.7476717000E-03   7.7150490000E-04
   43     -6.7359620000E-04   6.1540000000E-05   1.1929084000E-03   8.9270300000E-04   6.2263020000E-04
   44      8.1574660000E-04  -1.2836815000E-03  -9.6009801000E-03  -7.3785735000E-03  -3.3870465000E-03
   45     -5.8033690000E-04  -1.4460200000E-04   1.0781286000E-03   1.3111964000E-03   8.7475540000E-04
   46      3.0702470000E-04  -9.8754060000E-04  -6.0596260000E-04  -1.1980892000E-03  -1.3628803000E-03
   47      4.2678670000E-04  -5.7992960000E-04  -3.8601130000E-03  -3.3346152000E-03  -1.6344748000E-03
                    5                  6                  7                  8                  9        
    0      1.8152507210E-01  -4.9261939700E-02  -2.5058606800E-02   6.4693897000E-03   6.7115198000E-03
    1     -4.3233385000E-03  -2.5710788500E-02  -1.9769800000E-04   9.8497781000E-03  -3.2802127000E-03
    2     -1.0291960090E-01   4.4288081600E-02   2.5776344200E-02   8.2888690000E-04  -1.1625964300E-02
    3     -1.7676959590E-01  -1.1063547530E-01  -9.8637944600E-02   3.1701780000E-03  -5.1947312500E-02
    4      6.1118341200E-02  -9.6398994400E-02  -2.4827586050E-01  -5.5641351000E-03  -2.7242283500E-02
    5      2.4132648140E-01  -7.8946641000E-03  -1.0874278500E-02  -3.5286499500E-02  -4.8459707000E-03
    6     -7.8946641000E-03   6.5524216730E-01  -1.5152427500E-02   1.5863705490E-01  -3.7308362720E-01
    7     -1.0874278500E-02  -1.5152427500E-02   6.0432980610E-01  -2.7826228200E-02   5.0409686400E-02
    8     -3.5286499500E-02   1.5863705490E-01  -2.7826228200E-02   2.0296941380E-01  -1.6699486000E-01
    9     -4.8459707000E-03  -3.7308362720E-01   5.0409686400E-02  -1.6699486000E-01   6.6422747560E-01
   10     -6.6652547000E-03   2.3603989700E-02  -8.0817560200E-02   2.6555368000E-03  -1.0138105400E-02
   11      7.0330520000E-04  -1.2967848110E-01   2.7244805100E-02  -8.1469683100E-02   2.1599247290E-01
   12      1.2893536300E-02   3.8856080600E-02   1.4994703500E-02   2.3688506500E-02  -1.4398455400E-02
   13      1.0091424900E-02   1.4841276100E-02   8.5016684000E-03   1.0133952600E-02  -3.8355426000E-03
   14     -1.7234199900E-02  -4.6210402700E-02  -1.5505700500E-02  -3.8361862500E-02   3.9834621000E-03
   15     -3.0238764500E-02  -3.6496039700E-02  -1.8957268500E-02  -8.6552008000E-03   6.6357870000E-03
   16     -1.1418954400E-02  -1.5268168800E-02  -5.6322531000E-03  -2.5002817000E-03   2.4821475000E-03
   17     -5.2464269600E-02  -2.5389376200E-02  -1.6812282000E-02  -1.7347956800E-02   8.2426073000E-03
   18      3.9638183000E-03  -4.9836783000E-03  -7.0103110000E-04   4.8626376000E-03   3.9469730000E-04
   19      7.1074770000E-04  -1.2268697000E-03   7.8137380000E-04   1.6254630000E-04   9.0321200000E-05
   20     -4.9934594000E-03   4.8235071000E-03  -2.3461312000E-03   4.7783927000E-03   1.6137249000E-03
   21      1.6159218000E-03  -1.3931912000E-03   8.8662210000E-04  -1.7691184000E-03   3.0774780000E-04
   22     -3.2414801000E-03  -1.7822000000E-03   1.0237442000E-03   6.1404930000E-04  -1.5323970000E-04
   23     -5.6710102000E-03  -3.3494009000E-03  -1.5961272000E-03  -3.2295343000E-03   1.6538640000E-04
   24      1.9330050100E-02   8.7138743000E-03  -1.1560336700E-02  -1.5597159000E-03   5.5506310000E-04
   25     -2.9636226200E-02   8.8248625000E-03  -2.7711062100E-02  -2.2342769000E-03   1.2431452000E-03
   26     -3.4031881100E-02   3.9731653000E-03   3.8547046000E-03   1.1875933000E-03  -7.5334640000E-04
   27      3.3479580000E-04  -9.5256301600E-02   9.9704864100E-02  -8.6071790000E-03  -1.6346306000E-02
   28     -3.8242910000E-04   1.0121955440E-01  -2.4533610720E-01   1.1404569100E-02   5.0135578000E-03
   29      8.5442710000E-04   1.8212095000E-03   1.1084336100E-02  -3.2444788200E-02  -9.7175370000E-03
   30     -4.0294608000E-03  -1.7458811400E-02  -2.1521448200E-02  -6.2806237000E-03  -1.2494087230E-01
   31     -2.5293900000E-04  -3.6231870000E-04   9.5923380000E-04  -9.5209100000E-05  -1.2070549540E-01
   32      7.1367057000E-03  -9.0243789000E-03  -1.2852927600E-02  -4.7736727000E-03  -2.8328879300E-02
   33      1.8538177000E-03  -1.2953989300E-02   2.5610728700E-02  -9.4284750000E-04  -9.7937384800E-02
   34     -1.7795950000E-04   7.0502887000E-03  -5.7319181000E-03   2.3364033000E-03   1.0531130770E-01
   35     -3.8562952000E-03  -1.2398895200E-02   1.2855009600E-02  -2.9278552000E-03  -4.8187434000E-03
   36      4.5283690000E-04   1.3039987000E-03   7.2753910000E-04  -2.2755990000E-04  -8.3075420000E-04
   37     -3.4519890000E-04  -6.0216050000E-04  -2.5767230000E-04   1.0896790000E-04  -4.8015870000E-04
   38      3.3085836000E-03   5.6580770000E-03   2.9221120000E-03   1.4527013000E-03  -1.0810909000E-03
   39      9.8008910000E-04   4.3478430000E-04   3.7159820000E-04  -1.2225160000E-04  -5.2451730000E-04
   40     -2.6586700000E-04  -1.8234440000E-04  -3.9592260000E-04  -2.2362390000E-04  -2.6451600000E-05
   41      2.0972216000E-03   3.9264980000E-03   1.5175049000E-03   1.8839840000E-04  -6.7501980000E-04
   42      5.3018850000E-04  -1.5036441000E-03  -4.0199660000E-04  -6.5886190000E-04   7.9508790000E-04
   43     -5.2947440000E-04  -1.1138746000E-03  -6.1644280000E-04  -3.6385960000E-04   5.6063990000E-04
   44      1.6352021000E-03   6.8825109000E-03   2.3332792000E-03   3.2608269000E-03  -2.1514015000E-03
   45      2.9832930000E-04  -1.5242077000E-03  -7.1468200000E-04  -1.0095480000E-03   3.8185120000E-04
   46     -3.8071134000E-03   2.2601759000E-03  -6.2332930000E-04   1.5418113000E-03   7.5068390000E-04
   47     -6.0471080000E-04   3.9354949000E-03   2.2557970000E-04   1.1756390000E-03   9.9515960000E-04
                   10                 11                 12                 13                 14        
    0     -3.5885698000E-03   8.5680837000E-03   1.0563697000E-03   6.8826740000E-04  -8.8196084000E-03
    1     -2.6644987000E-03  -3.4767222000E-03  -6.5437142000E-03  -2.2046315000E-03  -7.0628930000E-04
    2      4.8480195000E-03  -2.5373265900E-02  -5.8933272100E-02  -2.9949599700E-02   2.6367087200E-02
    3     -2.3297563500E-02  -4.2161631800E-02  -4.1974515700E-02  -1.9631944400E-02   2.3276186800E-02
    4      2.1654744000E-03  -2.3991493800E-02  -2.0210986200E-02  -5.4011437000E-03   1.6773461200E-02
    5     -6.6652547000E-03   7.0330520000E-04   1.2893536300E-02   1.0091424900E-02  -1.7234199900E-02
    6      2.3603989700E-02  -1.2967848110E-01   3.8856080600E-02   1.4841276100E-02  -4.6210402700E-02
    7     -8.0817560200E-02   2.7244805100E-02   1.4994703500E-02   8.5016684000E-03  -1.5505700500E-02
    8      2.6555368000E-03  -8.1469683100E-02   2.3688506500E-02   1.0133952600E-02  -3.8361862500E-02
    9     -1.0138105400E-02   2.1599247290E-01  -1.4398455400E-02  -3.8355426000E-03   3.9834621000E-03
   10      5.6951496590E-01   3.2900703400E-02   7.5984356000E-03  -8.4368728000E-03  -8.4953901000E-03
   11      3.2900703400E-02   1.4555335690E-01  -5.1278213000E-02  -1.7197018800E-02   4.3732563100E-02
   12      7.5984356000E-03  -5.1278213000E-02   5.8154370520E-01   1.1085198000E-02   1.4307861280E-01
   13     -8.4368728000E-03  -1.7197018800E-02   1.1085198000E-02   3.7754080560E-01   2.5038509200E-02
   14     -8.4953901000E-03   4.3732563100E-02   1.4307861280E-01   2.5038509200E-02   1.0551027290E-01
   15     -7.6665090000E-03   3.6631837500E-02  -2.6998860250E-01  -9.7334510300E-02  -4.7155159100E-02
   16     -3.1583127000E-03   1.5570248600E-02  -1.1480271400E-01  -1.3068432790E-01  -2.3885161700E-02
   17     -2.9569511000E-03   2.5134063000E-02   4.2745272700E-02   1.7297573000E-02  -6.4208275300E-02
   18     -5.8244140000E-04   1.3012109000E-03   7.0862660000E-04   4.2560150000E-04  -1.4393290000E-03
   19      5.3375700000E-05   3.5340760000E-04   2.4297540000E-04  -2.0993260000E-04   3.1431500000E-05
   20      1.3642725000E-03   8.7659430000E-04   4.4370930000E-04   7.3288640000E-04  -2.2963122000E-03
   21     -3.6889080000E-04   1.0073714000E-03   1.2088476000E-03   1.4528379000E-03  -9.5679400000E-04
   22     -1.7107020000E-04  -4.0191950000E-04  -2.4468220000E-04  -3.2545900000E-05   6.1659100000E-05
   23     -7.3053470000E-04   1.1705048000E-03   2.3345022000E-03   1.4941759000E-03  -1.4189185000E-03
   24     -1.5149187000E-03  -1.3668987000E-03  -1.2156895000E-03  -4.9373090000E-04   9.7059650000E-04
   25      3.9981310000E-04   1.1628782000E-03   2.6333530000E-04  -7.4721230000E-04  -2.4137700000E-05
   26      3.6833810000E-04  -3.4889457000E-03  -1.8738974000E-03  -1.1182031000E-03   1.9622402000E-03
   27      2.6662461100E-02  -1.1399170000E-03   7.8932690000E-04   9.9763440000E-04  -8.9808400000E-04
   28     -4.4274903000E-03   1.5984807000E-03   5.3952880000E-04  -8.0078860000E-04  -1.4268070000E-04
   29      9.7620380000E-03  -5.4071010000E-03  -2.7830639000E-03  -8.0402970000E-04   2.4884525000E-03
   30     -1.1914842290E-01  -3.1595559300E-02  -2.4039348000E-03  -3.4388379000E-03   8.7003450000E-04
   31     -2.1810258350E-01  -3.8690788200E-02  -5.0706780000E-04  -1.5085167000E-03   3.2313000000E-04
   32     -3.5933590200E-02  -4.0138093900E-02   3.7726502000E-03   3.9943839000E-03  -5.0542240000E-04
   33      1.0650422500E-01  -1.0741550100E-02  -2.8615870000E-03   1.5170858000E-03   2.4622476000E-03
   34     -2.5077102230E-01   6.0009699000E-03   3.1398430000E-04  -7.5693790000E-04  -1.0305530000E-04
   35      2.7528748000E-03  -2.7459889400E-02   5.0894611000E-03  -2.0526519000E-03  -4.8535835000E-03
   36      3.4776060000E-04  -1.9315781000E-03  -3.1270177900E-02   7.8429810000E-03   7.2536576000E-03
   37     -5.4532950000E-04   4.6720700000E-04  -1.0217163800E-02   6.6876566000E-03   3.0157568000E-03
   38      1.2313654000E-03  -5.3041642000E-03  -1.2184899500E-02  -7.6189652000E-03   4.3387575000E-03
   39     -3.5031190000E-04  -3.8540180000E-04  -3.3496003000E-03  -2.6362426300E-02   9.7668450000E-04
   40     -2.2108970000E-04   1.4860850000E-04  -3.3171974000E-03  -2.0129038300E-02  -1.8727140000E-04
   41      7.9610730000E-04  -3.7398014000E-03  -7.1686842000E-03  -3.2825243000E-03   3.0638348000E-03
   42     -4.1168860000E-04   3.2614228000E-03  -2.3023577930E-01   1.0452129160E-01  -7.5371088900E-02
   43     -1.1017400000E-04   3.2213021000E-03   1.1226775610E-01  -8.6588549600E-02   3.3675571000E-02
   44      4.7893307000E-03  -1.6235412000E-02  -9.3994679900E-02   3.1454774100E-02  -3.5027000100E-02
   45      2.3505499000E-03   3.5168319000E-03  -2.6464614100E-02   7.7248188000E-03  -2.0210162000E-03
   46     -2.7076251000E-03  -4.9106685000E-03   8.5376087000E-03  -1.3522963280E-01  -2.9869832100E-02
   47     -6.6868657000E-03  -8.5540307000E-03  -5.8295411000E-03  -3.8214687200E-02  -2.3557633700E-02
                   15                 16                 17                 18                 19        
    0     -1.7584362600E-02  -2.5006825000E-03  -4.7445199000E-03  -1.3001616610E-01  -1.2167607040E-01
    1      4.3518189000E-03  -1.8242632200E-02   9.1836090000E-03  -1.2116874270E-01  -2.1345468540E-01
    2      7.5575279100E-02   2.6567031600E-02   6.2562786000E-02   2.3561724900E-02   2.3258490600E-02
    3      4.3078580000E-02   1.4719886300E-02   5.1007436300E-02  -1.5830328500E-02  -7.5379730000E-04
    4      1.3974100300E-02   6.6310695000E-03   1.7152099400E-02  -2.0330030800E-02   1.2289960000E-04
    5     -3.0238764500E-02  -1.1418954400E-02  -5.2464269600E-02   3.9638183000E-03   7.1074770000E-04
    6     -3.6496039700E-02  -1.5268168800E-02  -2.5389376200E-02  -4.9836783000E-03  -1.2268697000E-03
    7     -1.8957268500E-02  -5.6322531000E-03  -1.6812282000E-02  -7.0103110000E-04   7.8137380000E-04
    8     -8.6552008000E-03  -2.5002817000E-03  -1.7347956800E-02   4.8626376000E-03   1.6254630000E-04
    9      6.6357870000E-03   2.4821475000E-03   8.2426073000E-03   3.9469730000E-04   9.0321200000E-05
   10     -7.6665090000E-03  -3.1583127000E-03  -2.9569511000E-03  -5.8244140000E-04   5.3375700000E-05
   11      3.6631837500E-02   1.5570248600E-02   2.5134063000E-02   1.3012109000E-03   3.5340760000E-04
   12     -2.6998860250E-01  -1.1480271400E-01   4.2745272700E-02   7.0862660000E-04   2.4297540000E-04
   13     -9.7334510300E-02  -1.3068432790E-01   1.7297573000E-02   4.2560150000E-04  -2.0993260000E-04
   14     -4.7155159100E-02  -2.3885161700E-02  -6.4208275300E-02  -1.4393290000E-03   3.1431500000E-05
   15      5.6248553590E-01   1.7044787300E-02  -1.4705448650E-01  -4.2562650000E-03  -2.3434900000E-05
   16      1.7044787300E-02   5.8596681330E-01   2.1391200000E-03  -4.0046014000E-03  -3.5415890000E-04
   17     -1.4705448650E-01   2.1391200000E-03   1.2021483840E-01  -2.6787357000E-03  -2.4678850000E-04
   18     -4.2562650000E-03  -4.0046014000E-03  -2.6787357000E-03   1.4682869310E-01   1.3656125160E-01
   19     -2.3434900000E-05  -3.5415890000E-04  -2.4678850000E-04   1.3656125160E-01   2.3482308560E-01
   20     -7.0822644000E-03  -5.9854581000E-03  -2.8044582000E-03  -2.6710746500E-02  -2.7173237600E-02
   21     -4.8578206000E-03   2.9090501000E-03  -4.9990976000E-03   7.0108770000E-03  -1.4400313400E-02
   22      1.1299678000E-03  -4.3232310000E-04   7.9566590000E-04   9.9856329000E-03  -2.4336332200E-02
   23     -8.4623268000E-03   4.6730952000E-03  -8.7991034000E-03  -8.6084390000E-04   2.9113743000E-03
   24      1.0811153000E-03   5.8587880000E-04   1.2818446000E-03   3.1204910000E-04   7.6537380000E-04
   25      1.5082420000E-04  -1.5373820000E-04  -2.1141340000E-04  -4.9923220000E-04   1.0199507000E-03
   26      2.1658931000E-03   8.3140920000E-04   2.8631758000E-03  -1.2984619000E-03  -9.0029000000E-05
   27     -9.2226420000E-04  -2.9316370000E-04  -9.0141830000E-04  -1.1266500000E-05   1.5345390000E-04
   28      4.7823300000E-05  -3.2430470000E-04  -1.0099290000E-04   1.2302990000E-04   6.0355620000E-04
   29      2.1942776000E-03   7.0070140000E-04   2.1246912000E-03  -7.1059800000E-05   2.7309000000E-06
   30      5.0376230000E-04   2.5275170000E-04   1.1171061000E-03   3.6296730000E-04   7.2450600000E-05
   31      5.7306720000E-04  -1.2914610000E-04   1.9137910000E-04   1.4959650000E-04   1.0821740000E-04
   32      1.3494670000E-04  -3.5638330000E-04  -1.5889391000E-03  -8.4920240000E-04  -1.6068520000E-04
   33      6.8503420000E-04   4.2722490000E-04   8.1181320000E-04   8.8830000000E-06  -5.8423800000E-05
   34     -4.8308300000E-05   2.8375840000E-04   6.2055800000E-05  -9.9712700000E-05   9.0986200000E-05
   35     -1.5522121000E-03  -6.8338160000E-04  -1.3768937000E-03   2.5425960000E-04  -1.0037920000E-04
   36     -2.0987481580E-01   1.0181922530E-01   8.7708355600E-02   6.7403300000E-05  -6.9844000000E-05
   37      1.0041313730E-01  -1.0079438780E-01  -4.6608421100E-02   4.7979200000E-05  -4.4775990000E-04
   38      1.0578797600E-01  -4.2855771200E-02  -5.1321070000E-02   4.5713100000E-05  -1.5802000000E-04
   39     -4.0756116900E-02   1.4065035200E-02   4.7012049000E-03  -5.0972110000E-04   2.2457170000E-04
   40      1.1757928300E-02  -3.0323538150E-01   2.6907929900E-02  -1.1169400000E-04   7.6361220000E-04
   41      1.2002341100E-02   3.4166166200E-02  -2.3592583900E-02  -3.9086380000E-04   4.1163960000E-04
   42     -2.8563897000E-02   6.4773893000E-03  -6.3378081000E-03  -2.3578600000E-05   1.2916400000E-05
   43     -1.2393139600E-02   3.6893732000E-03  -2.0133134000E-03  -4.2270000000E-05   6.6806600000E-05
   44      1.2975719800E-02   7.4735284000E-03   7.0445160000E-03   1.7945000000E-04   4.6923300000E-05
   45     -1.1696303000E-03  -2.3914046000E-02  -5.5101987000E-03  -6.3192900000E-05   8.5438900000E-05
   46     -1.3020284000E-02  -3.3430048200E-02  -4.7792696000E-03   2.4666500000E-04   3.6900490000E-04
   47      2.7321435000E-03  -4.4359082000E-03   3.5594796000E-03   1.3042860000E-04   3.9847600000E-05
                   20                 21                 22                 23                 24        
    0      1.8041846500E-02  -9.9371682500E-02   1.0488401140E-01   7.4629904000E-03  -1.4842252100E-02
    1      2.0205366500E-02   1.0697381360E-01  -2.4729600710E-01  -9.1360455000E-03   2.5426266600E-02
    2     -3.5257054300E-02   1.5960813100E-02  -1.2814570800E-02  -2.5732538800E-02   2.3887613000E-03
    3      1.1968190400E-02  -1.1033800200E-02   6.4395371000E-03   1.5313884100E-02  -9.5136333700E-02
    4      1.5575513800E-02   2.4075516900E-02  -4.8664641000E-03  -1.5391104000E-02   9.9067073100E-02
    5     -4.9934594000E-03   1.6159218000E-03  -3.2414801000E-03  -5.6710102000E-03   1.9330050100E-02
    6      4.8235071000E-03  -1.3931912000E-03  -1.7822000000E-03  -3.3494009000E-03   8.7138743000E-03
    7     -2.3461312000E-03   8.8662210000E-04   1.0237442000E-03  -1.5961272000E-03  -1.1560336700E-02
    8      4.7783927000E-03  -1.7691184000E-03   6.1404930000E-04  -3.2295343000E-03  -1.5597159000E-03
    9      1.6137249000E-03   3.0774780000E-04  -1.5323970000E-04   1.6538640000E-04   5.5506310000E-04
   10      1.3642725000E-03  -3.6889080000E-04  -1.7107020000E-04  -7.3053470000E-04  -1.5149187000E-03
   11      8.7659430000E-04   1.0073714000E-03  -4.0191950000E-04   1.1705048000E-03  -1.3668987000E-03
   12      4.4370930000E-04   1.2088476000E-03  -2.4468220000E-04   2.3345022000E-03  -1.2156895000E-03
   13      7.3288640000E-04   1.4528379000E-03  -3.2545900000E-05   1.4941759000E-03  -4.9373090000E-04
   14     -2.2963122000E-03  -9.5679400000E-04   6.1659100000E-05  -1.4189185000E-03   9.7059650000E-04
   15     -7.0822644000E-03  -4.8578206000E-03   1.1299678000E-03  -8.4623268000E-03   1.0811153000E-03
   16     -5.9854581000E-03   2.9090501000E-03  -4.3232310000E-04   4.6730952000E-03   5.8587880000E-04
   17     -2.8044582000E-03  -4.9990976000E-03   7.9566590000E-04  -8.7991034000E-03   1.2818446000E-03
   18     -2.6710746500E-02   7.0108770000E-03   9.9856329000E-03  -8.6084390000E-04   3.1204910000E-04
   19     -2.7173237600E-02  -1.4400313400E-02  -2.4336332200E-02   2.9113743000E-03   7.6537380000E-04
   20      3.9768029600E-02  -4.8222790000E-04  -1.6866437000E-03   1.7805131000E-03  -1.6436467000E-03
   21     -4.8222790000E-04   1.1042453560E-01  -1.1977773420E-01  -1.6184103600E-02  -2.3749332000E-03
   22     -1.6866437000E-03  -1.1977773420E-01   2.7345483600E-01   1.6468363300E-02   7.6403700000E-04
   23      1.7805131000E-03  -1.6184103600E-02   1.6468363300E-02   3.9207619200E-02   6.4256175000E-03
   24     -1.6436467000E-03  -2.3749332000E-03   7.6403700000E-04   6.4256175000E-03   1.0499920880E-01
   25      5.7210040000E-04  -1.6949840000E-04   8.4321320000E-04  -7.0065370000E-04  -1.1022708050E-01
   26     -2.1664377000E-03   5.2727992000E-03  -1.5660740000E-04   4.8832560000E-03  -2.6499633800E-02
   27      2.8867100000E-05  -6.1427490000E-04  -2.8515000000E-04   3.0616000000E-05  -1.8265129000E-03
   28     -4.7924530000E-04  -8.4647740000E-04   3.8283910000E-04   5.5759900000E-04  -2.3999223000E-03
   29     -1.8091280000E-04   5.0243630000E-04   4.0527010000E-04   3.0785100000E-04   1.0534529000E-03
   30      7.4181390000E-04   2.4012800000E-05  -9.5681500000E-05  -2.5744830000E-04  -2.7486900000E-05
   31      1.1905430000E-04  -4.1582400000E-05   7.5340800000E-05   1.1116790000E-04   1.2765540000E-04
   32      2.1386780000E-04   1.1854890000E-04  -4.4214000000E-06   1.3137090000E-04  -1.6444400000E-05
   33     -7.6085400000E-05   2.9208480000E-04  -2.1223840000E-04  -8.9646300000E-05  -4.8633560000E-04
   34      5.2555000000E-06  -1.9745060000E-04  -7.8235500000E-05   7.4787800000E-05  -1.6193870000E-04
   35      3.4255200000E-05   6.6622200000E-05  -6.0667000000E-05  -1.2157010000E-04   7.7475900000E-05
   36     -2.2762390000E-04   4.8717410000E-04  -3.0575180000E-04  -1.7998617000E-03   1.2976190000E-04
   37     -2.6148110000E-04   1.0326550000E-04   8.7113820000E-04   1.3486281000E-03  -2.7740100000E-04
   38      8.5911600000E-05   8.4355800000E-05   1.1590210000E-04  -1.7917580000E-03  -2.7991440000E-04
   39     -9.7621850000E-04  -2.3653240000E-04  -1.8268800000E-04  -4.7898430000E-04  -1.4140300000E-05
   40     -5.3857280000E-04  -9.9100100000E-05   2.4635250000E-04  -4.6299800000E-05  -1.0584640000E-04
   41      7.5413000000E-06  -6.2656170000E-04  -9.9773200000E-05  -1.3268927000E-03   1.1618910000E-04
   42     -3.0464990000E-04   1.2902600000E-05  -2.2305450000E-04  -3.0025680000E-04   1.6454570000E-04
   43     -1.6756050000E-04  -8.5319000000E-05  -7.9101600000E-05  -1.3893390000E-04   5.1440000000E-07
   44      4.8560000000E-06   3.5867250000E-04  -1.1288730000E-04   4.7348480000E-04  -2.2291810000E-04
   45     -1.5819600000E-04   1.1405280000E-04   5.9234100000E-05   4.9876000000E-05  -3.1934000000E-05
   46      6.3881100000E-05  -4.1473960000E-04   3.9461570000E-04   1.0050750000E-04   4.3762000000E-06
   47      1.4867320000E-04   3.0362000000E-05   1.1806070000E-04   1.3672610000E-04  -5.4815900000E-05
                   25                 26                 27                 28                 29        
    0      3.9896738000E-03   1.1291408300E-02   5.8142990000E-04   1.0070495000E-03   5.6370090000E-04
    1     -3.5757999000E-03  -1.2426161400E-02  -1.7354030000E-03   3.9684040000E-04   1.3532120000E-04
    2     -1.3345184000E-03  -7.4927153000E-03   1.0065180000E-03  -9.5156840000E-04  -3.6815581000E-03
    3      9.9922186900E-02   8.6319961000E-03   8.2598338000E-03   8.6777837000E-03  -4.0930339000E-03
    4     -2.4158866240E-01  -2.6623912200E-02  -1.1271265900E-02  -2.7239568200E-02  -7.0985681000E-03
    5     -2.9636226200E-02  -3.4031881100E-02   3.3479580000E-04  -3.8242910000E-04   8.5442710000E-04
    6      8.8248625000E-03   3.9731653000E-03  -9.5256301600E-02   1.0121955440E-01   1.8212095000E-03
    7     -2.7711062100E-02   3.8547046000E-03   9.9704864100E-02  -2.4533610720E-01   1.1084336100E-02
    8     -2.2342769000E-03   1.1875933000E-03  -8.6071790000E-03   1.1404569100E-02  -3.2444788200E-02
    9      1.2431452000E-03  -7.5334640000E-04  -1.6346306000E-02   5.0135578000E-03  -9.7175370000E-03
   10      3.9981310000E-04   3.6833810000E-04   2.6662461100E-02  -4.4274903000E-03   9.7620380000E-03
   11      1.1628782000E-03  -3.4889457000E-03  -1.1399170000E-03   1.5984807000E-03  -5.4071010000E-03
   12      2.6333530000E-04  -1.8738974000E-03   7.8932690000E-04   5.3952880000E-04  -2.7830639000E-03
   13     -7.4721230000E-04  -1.1182031000E-03   9.9763440000E-04  -8.0078860000E-04  -8.0402970000E-04
   14     -2.4137700000E-05   1.9622402000E-03  -8.9808400000E-04  -1.4268070000E-04   2.4884525000E-03
   15      1.5082420000E-04   2.1658931000E-03  -9.2226420000E-04   4.7823300000E-05   2.1942776000E-03
   16     -1.5373820000E-04   8.3140920000E-04  -2.9316370000E-04  -3.2430470000E-04   7.0070140000E-04
   17     -2.1141340000E-04   2.8631758000E-03  -9.0141830000E-04  -1.0099290000E-04   2.1246912000E-03
   18     -4.9923220000E-04  -1.2984619000E-03  -1.1266500000E-05   1.2302990000E-04  -7.1059800000E-05
   19      1.0199507000E-03  -9.0029000000E-05   1.5345390000E-04   6.0355620000E-04   2.7309000000E-06
   20      5.7210040000E-04  -2.1664377000E-03   2.8867100000E-05  -4.7924530000E-04  -1.8091280000E-04
   21     -1.6949840000E-04   5.2727992000E-03  -6.1427490000E-04  -8.4647740000E-04   5.0243630000E-04
   22      8.4321320000E-04  -1.5660740000E-04  -2.8515000000E-04   3.8283910000E-04   4.0527010000E-04
   23     -7.0065370000E-04   4.8832560000E-03   3.0616000000E-05   5.5759900000E-04   3.0785100000E-04
   24     -1.1022708050E-01  -2.6499633800E-02  -1.8265129000E-03  -2.3999223000E-03   1.0534529000E-03
   25      2.7317336190E-01   3.4157785100E-02  -2.4404000000E-03  -3.6418309000E-03  -1.9229964000E-03
   26      3.4157785100E-02   3.1958958200E-02  -7.1257410000E-04   1.3400271000E-03   5.1010939000E-03
   27     -2.4404000000E-03  -7.1257410000E-04   1.0788732570E-01  -1.1252748150E-01   1.4497253600E-02
   28     -3.6418309000E-03   1.3400271000E-03  -1.1252748150E-01   2.7723095010E-01  -1.2617714300E-02
   29     -1.9229964000E-03   5.1010939000E-03   1.4497253600E-02  -1.2617714300E-02   2.7867956300E-02
   30      1.0294730000E-04   5.0146200000E-05   3.5988320000E-04  -7.5027240000E-04   1.2314983000E-03
   31      5.8157700000E-04   1.0083700000E-05   7.7429120000E-04   1.0226494000E-03   3.0608020000E-04
   32      5.6482550000E-04  -1.9330330000E-04   1.5969951000E-03  -2.5912320000E-04  -2.8887983000E-03
   33     -8.1304910000E-04  -4.3693250000E-04  -3.0843334000E-03   2.3883480000E-04  -5.1071944000E-03
   34      4.9455160000E-04  -2.3953530000E-04   1.0892734000E-03   9.0927480000E-04  -2.1564920000E-04
   35     -5.6072990000E-04   2.6895390000E-04  -5.7688285000E-03  -2.6293500000E-05   6.9322697000E-03
   36     -1.8051950000E-04   1.9974300000E-04   1.3111030000E-04  -1.0676370000E-04  -7.7046500000E-05
   37      1.0861090000E-04  -1.7516910000E-04  -5.3906700000E-05   8.6311500000E-05   1.1460870000E-04
   38      1.2219190000E-04   1.0165490000E-04   1.8426480000E-04   6.6797700000E-05  -4.3724100000E-04
   39      1.7522400000E-05  -7.8137000000E-06  -8.6807300000E-05   8.7909000000E-06  -2.5223600000E-05
   40      2.8770350000E-04   4.6783500000E-05  -6.1123800000E-05   1.5526430000E-04  -4.6029200000E-05
   41     -6.8407900000E-05  -3.8887290000E-04   7.1146900000E-05  -1.6617790000E-04  -1.8509440000E-04
   42     -1.3809340000E-04   1.1475900000E-05   6.1385700000E-05  -1.5801450000E-04  -1.2222290000E-04
   43      1.2002470000E-04  -5.1885800000E-05  -2.1367230000E-04   2.0755700000E-05   2.6359970000E-04
   44     -1.6912500000E-05  -4.1200910000E-04   3.6186680000E-04  -1.6307500000E-04  -2.7643040000E-04
   45     -4.6624200000E-05  -1.3967400000E-05   7.7771200000E-05  -8.7021400000E-05   1.3255280000E-04
   46      3.8949920000E-04   2.7237200000E-04  -5.0041110000E-04   9.6164840000E-04  -6.9699500000E-05
   47      1.3049200000E-04  -1.5276130000E-04  -8.4323200000E-05   3.2182670000E-04  -1.7481740000E-04
                   30                 31                 32                 33                 34        
    0      1.6246290000E-04   1.4342680000E-04  -1.6462561000E-03   7.1032900000E-05  -1.6594140000E-04
    1     -4.6312420000E-04   2.0246710000E-04  -1.5722631000E-03  -2.3561950000E-04  -2.2255130000E-04
    2     -1.3600076000E-03  -7.7256580000E-04   6.0427290000E-04  -7.8486390000E-04   2.6528220000E-04
    3     -4.9539510000E-03  -8.3870510000E-04  -4.3535869000E-03  -5.3786370000E-04  -1.9259284000E-03
    4     -2.4477000000E-05   5.4701330000E-04   1.9223753000E-03   1.2178338000E-03   1.0628317000E-03
    5     -4.0294608000E-03  -2.5293900000E-04   7.1367057000E-03   1.8538177000E-03  -1.7795950000E-04
    6     -1.7458811400E-02  -3.6231870000E-04  -9.0243789000E-03  -1.2953989300E-02   7.0502887000E-03
    7     -2.1521448200E-02   9.5923380000E-04  -1.2852927600E-02   2.5610728700E-02  -5.7319181000E-03
    8     -6.2806237000E-03  -9.5209100000E-05  -4.7736727000E-03  -9.4284750000E-04   2.3364033000E-03
    9     -1.2494087230E-01  -1.2070549540E-01  -2.8328879300E-02  -9.7937384800E-02   1.0531130770E-01
   10     -1.1914842290E-01  -2.1810258350E-01  -3.5933590200E-02   1.0650422500E-01  -2.5077102230E-01
   11     -3.1595559300E-02  -3.8690788200E-02  -4.0138093900E-02  -1.0741550100E-02   6.0009699000E-03
   12     -2.4039348000E-03  -5.0706780000E-04   3.7726502000E-03  -2.8615870000E-03   3.1398430000E-04
   13     -3.4388379000E-03  -1.5085167000E-03   3.9943839000E-03   1.5170858000E-03  -7.5693790000E-04
   14      8.7003450000E-04   3.2313000000E-04  -5.0542240000E-04   2.4622476000E-03  -1.0305530000E-04
   15      5.0376230000E-04   5.7306720000E-04   1.3494670000E-04   6.8503420000E-04  -4.8308300000E-05
   16      2.5275170000E-04  -1.2914610000E-04  -3.5638330000E-04   4.2722490000E-04   2.8375840000E-04
   17      1.1171061000E-03   1.9137910000E-04  -1.5889391000E-03   8.1181320000E-04   6.2055800000E-05
   18      3.6296730000E-04   1.4959650000E-04  -8.4920240000E-04   8.8830000000E-06  -9.9712700000E-05
   19      7.2450600000E-05   1.0821740000E-04  -1.6068520000E-04  -5.8423800000E-05   9.0986200000E-05
   20      7.4181390000E-04   1.1905430000E-04   2.1386780000E-04  -7.6085400000E-05   5.2555000000E-06
   21      2.4012800000E-05  -4.1582400000E-05   1.1854890000E-04   2.9208480000E-04  -1.9745060000E-04
   22     -9.5681500000E-05   7.5340800000E-05  -4.4214000000E-06  -2.1223840000E-04  -7.8235500000E-05
   23     -2.5744830000E-04   1.1116790000E-04   1.3137090000E-04  -8.9646300000E-05   7.4787800000E-05
   24     -2.7486900000E-05   1.2765540000E-04  -1.6444400000E-05  -4.8633560000E-04  -1.6193870000E-04
   25      1.0294730000E-04   5.8157700000E-04   5.6482550000E-04  -8.1304910000E-04   4.9455160000E-04
   26      5.0146200000E-05   1.0083700000E-05  -1.9330330000E-04  -4.3693250000E-04  -2.3953530000E-04
   27      3.5988320000E-04   7.7429120000E-04   1.5969951000E-03  -3.0843334000E-03   1.0892734000E-03
   28     -7.5027240000E-04   1.0226494000E-03  -2.5912320000E-04   2.3883480000E-04   9.0927480000E-04
   29      1.2314983000E-03   3.0608020000E-04  -2.8887983000E-03  -5.1071944000E-03  -2.1564920000E-04
   30      1.4179883190E-01   1.3398507340E-01   3.7787442600E-02   6.6915050000E-03   1.0047817100E-02
   31      1.3398507340E-01   2.3836042350E-01   4.3467781100E-02  -1.3496348100E-02  -2.3368611300E-02
   32      3.7787442600E-02   4.3467781100E-02   4.0296065100E-02  -1.4102330000E-04   7.7197730000E-04
   33      6.6915050000E-03  -1.3496348100E-02  -1.4102330000E-04   1.0985577680E-01  -1.2070175280E-01
   34      1.0047817100E-02  -2.3368611300E-02   7.7197730000E-04  -1.2070175280E-01   2.7705350800E-01
   35      1.4460484000E-03  -4.5638601000E-03   2.1344626000E-03   1.2752501700E-02  -8.5084729000E-03
   36     -5.7711300000E-05   5.0098000000E-05   2.2736140000E-04   4.3686600000E-05  -1.9072090000E-04
   37     -1.2386140000E-04   1.2402940000E-04   2.4440040000E-04  -1.0448710000E-04  -3.2963200000E-05
   38     -8.6068300000E-05  -8.3664600000E-05  -1.1143360000E-04  -1.8657090000E-04   4.0643200000E-05
   39     -5.0230100000E-05   5.0096400000E-05   1.1775550000E-04  -8.4020300000E-05  -4.0365900000E-05
   40      7.4687300000E-05   1.3258860000E-04  -9.3167000000E-06  -1.3634340000E-04   1.5662300000E-04
   41     -7.2121100000E-05  -1.2754720000E-04  -7.1272400000E-05  -1.3334700000E-05   6.2626800000E-05
   42      2.8072200000E-05  -9.4014200000E-05   2.8729600000E-04   3.8804560000E-04  -2.3416580000E-04
   43     -1.3801000000E-06  -3.7581680000E-04   1.6902170000E-04   1.2329670000E-04   7.5117540000E-04
   44      9.8188900000E-05   8.1646400000E-05  -9.5550400000E-05   1.5240160000E-04  -1.4499050000E-04
   45     -3.8499900000E-05   1.9222690000E-04   3.1677490000E-04  -9.0534800000E-05  -4.6385800000E-05
   46      1.0317781000E-03   1.3711341000E-03   1.3945500000E-05   1.1903250000E-04   1.5953060000E-04
   47      3.3901020000E-04  -2.3748800000E-05  -1.5025900000E-04   4.8726700000E-04  -2.3033930000E-04
                   35                 36                 37                 38                 39        
    0      1.1286190000E-04   7.2590140000E-04   5.8203860000E-04   2.4354625000E-03  -6.5920570000E-04
    1      5.6350120000E-04   1.9298000000E-05   6.6042930000E-04  -5.0264697000E-03   2.8408759000E-03
    2      1.1190199000E-03  -4.2871292000E-03  -1.4714700000E-04  -2.3777329800E-02  -3.7602591000E-03
    3      2.7318697000E-03  -1.3865487000E-03   3.8406020000E-04  -6.8379052000E-03  -4.2823200000E-04
    4      1.7182627000E-03  -4.0137810000E-04  -1.4021500000E-04  -2.1840393000E-03  -6.7956410000E-04
    5     -3.8562952000E-03   4.5283690000E-04  -3.4519890000E-04   3.3085836000E-03   9.8008910000E-04
    6     -1.2398895200E-02   1.3039987000E-03  -6.0216050000E-04   5.6580770000E-03   4.3478430000E-04
    7      1.2855009600E-02   7.2753910000E-04  -2.5767230000E-04   2.9221120000E-03   3.7159820000E-04
    8     -2.9278552000E-03  -2.2755990000E-04   1.0896790000E-04   1.4527013000E-03  -1.2225160000E-04
    9     -4.8187434000E-03  -8.3075420000E-04  -4.8015870000E-04  -1.0810909000E-03  -5.2451730000E-04
   10      2.7528748000E-03   3.4776060000E-04  -5.4532950000E-04   1.2313654000E-03  -3.5031190000E-04
   11     -2.7459889400E-02  -1.9315781000E-03   4.6720700000E-04  -5.3041642000E-03  -3.8540180000E-04
   12      5.0894611000E-03  -3.1270177900E-02  -1.0217163800E-02  -1.2184899500E-02  -3.3496003000E-03
   13     -2.0526519000E-03   7.8429810000E-03   6.6876566000E-03  -7.6189652000E-03  -2.6362426300E-02
   14     -4.8535835000E-03   7.2536576000E-03   3.0157568000E-03   4.3387575000E-03   9.7668450000E-04
   15     -1.5522121000E-03  -2.0987481580E-01   1.0041313730E-01   1.0578797600E-01  -4.0756116900E-02
   16     -6.8338160000E-04   1.0181922530E-01  -1.0079438780E-01  -4.2855771200E-02   1.4065035200E-02
   17     -1.3768937000E-03   8.7708355600E-02  -4.6608421100E-02  -5.1321070000E-02   4.7012049000E-03
   18      2.5425960000E-04   6.7403300000E-05   4.7979200000E-05   4.5713100000E-05  -5.0972110000E-04
   19     -1.0037920000E-04  -6.9844000000E-05  -4.4775990000E-04  -1.5802000000E-04   2.2457170000E-04
   20      3.4255200000E-05  -2.2762390000E-04  -2.6148110000E-04   8.5911600000E-05  -9.7621850000E-04
   21      6.6622200000E-05   4.8717410000E-04   1.0326550000E-04   8.4355800000E-05  -2.3653240000E-04
   22     -6.0667000000E-05  -3.0575180000E-04   8.7113820000E-04   1.1590210000E-04  -1.8268800000E-04
   23     -1.2157010000E-04  -1.7998617000E-03   1.3486281000E-03  -1.7917580000E-03  -4.7898430000E-04
   24      7.7475900000E-05   1.2976190000E-04  -2.7740100000E-04  -2.7991440000E-04  -1.4140300000E-05
   25     -5.6072990000E-04  -1.8051950000E-04   1.0861090000E-04   1.2219190000E-04   1.7522400000E-05
   26      2.6895390000E-04   1.9974300000E-04  -1.7516910000E-04   1.0165490000E-04  -7.8137000000E-06
   27     -5.7688285000E-03   1.3111030000E-04  -5.3906700000E-05   1.8426480000E-04  -8.6807300000E-05
   28     -2.6293500000E-05  -1.0676370000E-04   8.6311500000E-05   6.6797700000E-05   8.7909000000E-06
   29      6.9322697000E-03  -7.7046500000E-05   1.1460870000E-04  -4.3724100000E-04  -2.5223600000E-05
   30      1.4460484000E-03  -5.7711300000E-05  -1.2386140000E-04  -8.6068300000E-05  -5.0230100000E-05
   31     -4.5638601000E-03   5.0098000000E-05   1.2402940000E-04  -8.3664600000E-05   5.0096400000E-05
   32      2.1344626000E-03   2.2736140000E-04   2.4440040000E-04  -1.1143360000E-04   1.1775550000E-04
   33      1.2752501700E-02   4.3686600000E-05  -1.0448710000E-04  -1.8657090000E-04  -8.4020300000E-05
   34     -8.5084729000E-03  -1.9072090000E-04  -3.2963200000E-05   4.0643200000E-05  -4.0365900000E-05
   35      3.2381022400E-02   1.9009210000E-04   4.2549600000E-05   2.6249590000E-04   9.6163700000E-05
   36      1.9009210000E-04   2.4500219650E-01  -1.0964288430E-01  -8.9460669100E-02  -1.5444995000E-03
   37      4.2549600000E-05  -1.0964288430E-01   1.0807084670E-01   5.1564786700E-02   2.3007324000E-02
   38      2.6249590000E-04  -8.9460669100E-02   5.1564786700E-02   7.0619612700E-02  -1.9519858000E-03
