
$orca_hessian_file

$act_atom
  0

$act_coord
  0

$act_energy
      -21.656680

$multiplicity
  1

$hessian
48
                    0                  1                  2                  3                  4        
    0      8.0591413620E-01  -6.8005982000E-03   4.5552432900E-02  -4.6434828640E-01   4.8461511100E-02
    1     -6.8005982000E-03   4.1147672850E-01  -5.8062478800E-02   1.7073435300E-02  -6.8465725400E-02
    2      4.5552432900E-02  -5.8062478800E-02   6.1016270000E-02  -1.8605226900E-02   1.2575927900E-02
    3     -4.6434828640E-01   1.7073435300E-02  -1.8605226900E-02   7.1976775870E-01  -1.9848414900E-02
    4      4.8461511100E-02  -6.8465725400E-02   1.2575927900E-02  -1.9848414900E-02   5.7866034070E-01
    5      1.0271343190E-01   7.6340012000E-03   4.7596587400E-02  -1.2440487500E-02  -1.5738344000E-02
    6     -4.2882877700E-02  -2.5526277200E-02   2.4927502800E-02  -9.5778996800E-02  -8.9397503100E-02
    7     -1.4021275100E-02   1.7080597000E-03   1.7315108200E-02  -8.4444657500E-02  -2.4151843710E-01
    8      2.5443148000E-03  -1.8845315000E-03  -4.5702925000E-03   4.9867794000E-03   1.3955594000E-02
    9      1.5162514700E-02  -2.9614521000E-03   3.0806190000E-04  -3.3092908400E-02  -1.6400077700E-02
   10     -3.2379224000E-03  -2.9256429000E-03   3.0236836000E-03  -2.4366530600E-02  -9.6684160000E-04
   11     -5.0056168000E-03  -2.6908090000E-04  -4.8710329000E-03  -4.0275382000E-03   1.5154295000E-03
   12      3.7963200000E-05  -6.9637480000E-03  -4.8125840800E-02  -3.8465609600E-02  -1.4825119300E-02
   13      1.2988983000E-03  -5.7667900000E-03  -2.9177872200E-02  -2.3643311100E-02   3.6786147000E-03
   14     -8.6933695000E-03   1.4879851000E-03   1.2659704200E-02  -1.3042895000E-02  -1.3699349900E-02
   15     -1.0408470000E-03   8.7448984000E-03   8.3594595800E-02   4.6430696000E-02  -9.6870138000E-03
   16     -1.5050178000E-02  -7.1861447000E-03   1.3846286100E-02   1.2420293800E-02   1.6108185000E-03
   17     -2.9487366100E-02   1.6718020100E-02   4.7656873400E-02   5.7469141600E-02  -8.7115103000E-03
   18     -1.5335144860E-01  -1.1627241070E-01  -2.9400460400E-02  -1.8692793700E-02  -2.6180501800E-02
   19     -1.1569037460E-01  -1.6436408140E-01  -2.9734291600E-02  -4.7212030000E-04   9.1938490000E-04
   20     -3.9603534000E-02  -3.7352198000E-02  -4.5494350500E-02   5.5837934000E-03   5.8263340000E-03
   21     -1.3234782020E-01   1.0656581340E-01  -5.6563654300E-02  -1.7568280500E-02   2.5269241800E-02
   22      1.0187758080E-01  -1.6169801870E-01   6.5771544400E-02   5.9508993000E-03  -3.5308036000E-03
   23     -7.0113359300E-02   7.5044424200E-02  -6.8057920500E-02   7.2128092000E-03  -2.8251065000E-03
   24     -1.9702402200E-02   2.4696560800E-02  -3.3858058000E-03  -9.8709822300E-02   1.0782908570E-01
   25      4.4223470000E-03  -1.4063017000E-03  -4.5693060000E-04   1.0786955190E-01  -2.4224644790E-01
   26      5.8105230000E-04  -5.7654010000E-04   2.5808192000E-03  -2.4508741000E-03   8.2878143000E-03
   27      7.2257430000E-04  -1.4686723000E-03  -4.6913200000E-04   5.4001753000E-03  -1.1216402800E-02
   28      8.7215390000E-04   1.3328938000E-03   4.1803360000E-04   9.6331315000E-03  -2.6461575300E-02
   29     -9.5848210000E-04   6.8248980000E-04  -5.5579540000E-04   7.5685350000E-04  -3.3861110000E-04
   30     -1.6058126000E-03  -3.0215540000E-04  -1.9948266000E-03  -5.7506202000E-03   4.8918010000E-04
   31     -4.7102790000E-04  -3.4903190000E-04   3.6850870000E-04  -1.1930561000E-03   8.1771120000E-04
   32     -6.3157290000E-04   1.5841316000E-03  -2.9765018000E-03   1.8634229000E-03   2.1869300000E-04
   33      1.1137740000E-04  -1.1425126000E-03  -1.4283468000E-03   5.9202660000E-04   4.0214130000E-04
   34      2.9824190000E-04   4.2693500000E-05   2.7460920000E-04  -1.7897090000E-04   7.2166430000E-04
   35     -1.8252174000E-03  -1.0243186000E-03  -8.3963260000E-04  -1.9347416000E-03  -2.6301160000E-04
   36     -2.7383718000E-03  -7.8185360000E-04  -7.5885074000E-03  -4.3745269000E-03   2.5010080000E-03
   37     -2.3264201000E-03   1.5823400000E-03  -8.1813300000E-05  -4.5813230000E-04  -8.5415980000E-04
   38     -2.1327734000E-03  -4.0048455000E-03  -1.3854795500E-02  -5.6879387000E-03   2.9563038000E-03
   39     -7.1016110000E-04   3.0089008000E-03  -1.2136740000E-04   1.4168130000E-04  -1.2470104000E-03
   40      7.5574520000E-04  -6.8084790000E-04   2.5045853000E-03   1.5762818000E-03  -1.5572600000E-04
   41      4.1190025000E-03   4.3852181000E-03  -8.7596194000E-03  -2.9018084000E-03   1.8714995000E-03
   42     -1.9080343000E-03   3.1196850000E-04   7.6151216000E-03   3.3675925000E-03   2.1250442000E-03
   43      1.7471300000E-04  -3.1598450000E-04   7.4015369000E-03   4.8943829000E-03   1.6958350000E-03
   44      1.9955131000E-03  -2.2281813000E-03  -9.7957782000E-03  -6.2899164000E-03  -3.9873368000E-03
   45     -1.3125040000E-03   1.8181030000E-03   5.6854531000E-03   1.0819147000E-03   1.7248317000E-03
   46     -5.6339490000E-04  -2.9841466000E-03  -5.9864374000E-03  -4.8127828000E-03  -3.9046526000E-03
   47      9.4554380000E-04  -2.1340953000E-03  -1.1734534800E-02  -1.0491373100E-02  -1.6443257000E-03
                    5                  6                  7                  8                  9        
    0      1.0271343190E-01  -4.2882877700E-02  -1.4021275100E-02   2.5443148000E-03   1.5162514700E-02
    1      7.6340012000E-03  -2.5526277200E-02   1.7080597000E-03  -1.8845315000E-03  -2.9614521000E-03
    2      4.7596587400E-02   2.4927502800E-02   1.7315108200E-02  -4.5702925000E-03   3.0806190000E-04
    3     -1.2440487500E-02  -9.5778996800E-02  -8.4444657500E-02   4.9867794000E-03  -3.3092908400E-02
    4     -1.5738344000E-02  -8.9397503100E-02  -2.4151843710E-01   1.3955594000E-02  -1.6400077700E-02
    5      5.5365067000E-03  -2.0707560600E-02  -2.1399367800E-02  -5.5401481900E-02  -2.9759792100E-02
    6     -2.0707560600E-02   7.3657189520E-01  -7.2805063000E-03  -6.2382163000E-02  -4.4621019620E-01
    7     -2.1399367800E-02  -7.2805063000E-03   5.8537873610E-01   3.8770108000E-03   1.0481528900E-02
    8     -5.5401481900E-02  -6.2382163000E-02   3.8770108000E-03   1.5176405600E-02  -3.6301122100E-02
    9     -2.9759792100E-02  -4.4621019620E-01   1.0481528900E-02  -3.6301122100E-02   7.0322098390E-01
   10      5.7925920000E-04   1.5270409000E-03  -7.3610289700E-02  -2.3394213000E-03   1.6452970300E-02
   11      2.8709979800E-02   6.2836505000E-02   2.2533454000E-03  -3.4636901000E-03  -1.8196055110E-01
   12     -6.8086460000E-03   4.9287816000E-03   8.4926249000E-03   2.0647738900E-02  -2.1176961000E-03
   13     -8.2139442000E-03   6.6357201000E-03  -5.6880595000E-03  -1.7995157300E-02  -1.3372444300E-02
   14      8.5319370000E-04  -1.5766497500E-02   7.9290004000E-03   5.3687279700E-02   6.8835544200E-02
   15     -5.1978733900E-02  -2.6650901700E-02  -1.3313070800E-02   4.0197768800E-02   1.1778611100E-02
   16      2.0254119500E-02  -5.0182845000E-03   2.0291615000E-03   2.0173841600E-02   1.2514548100E-02
   17     -1.0209727700E-02   5.7851431000E-03   8.7982198000E-03   4.7830998000E-03   1.8910686700E-02
   18     -7.1220900000E-05  -4.7427993000E-03   2.4589824000E-03  -2.3160140000E-04  -9.3682620000E-04
   19      2.4150310000E-04  -1.1414803000E-03  -2.9646230000E-04   3.5520590000E-04  -1.0913990000E-04
   20     -5.5060500000E-04   1.2167465000E-03  -1.2929364000E-03   7.0592415000E-03  -8.4490570000E-04
   21     -6.2525509000E-03   2.2483697000E-03   1.1908566000E-03   1.1887279000E-03   7.5919040000E-04
   22      1.2160324000E-03  -1.2831263000E-03  -2.4625380000E-04  -2.7321780000E-04   5.6601520000E-04
   23      5.3921782000E-03  -1.1006387000E-03  -1.2505640000E-04  -3.4975962000E-03   1.1532018000E-03
   24     -4.5500386000E-03   6.1951301000E-03  -1.1397726600E-02  -3.3856810000E-04   3.0306980000E-04
   25      1.0771630500E-02   1.0649374400E-02  -2.5761657900E-02   1.4433703000E-03   1.6073241000E-03
   26     -3.0691101300E-02  -1.7663674000E-03   1.5013324000E-03   2.9089327000E-03   5.3736990000E-04
   27     -2.7358530000E-04  -1.0042267570E-01   1.0891147480E-01   1.1808083700E-02  -2.0595849800E-02
   28     -1.3914475000E-03   1.0875636700E-01  -2.3978486620E-01  -2.1272360400E-02   4.1191207000E-03
   29      3.1757945000E-03   7.9433517000E-03  -2.1970698300E-02  -2.7335746800E-02   9.5984669000E-03
   30      8.1718104000E-03  -1.6459768700E-02  -2.5783397000E-02   7.0012358000E-03  -1.1210829190E-01
   31      4.4582500000E-04  -5.7569850000E-04  -1.2353479000E-03  -6.1110810000E-04  -1.0355735990E-01
   32      1.5125238200E-02  -3.7387562000E-03   3.8065982000E-03   8.8766351000E-03   5.9873163400E-02
   33     -3.1842360000E-04  -1.7798662500E-02   2.5108695400E-02   1.2389368900E-02  -1.1798897530E-01
   34     -8.4925740000E-04   3.9302189000E-03  -2.1158610000E-03  -2.0530081000E-03   8.5445784000E-02
   35      1.0429119000E-03  -3.8959062000E-03  -2.9553186000E-03   1.0123874700E-02   9.4917099000E-02
   36      1.0606004400E-02   1.1094340000E-03   1.3649704000E-03   2.3875737000E-03   3.8148129000E-03
   37      3.6656504000E-03  -9.0595790000E-04  -1.0742600000E-05   4.2731686000E-03   2.9408464000E-03
   38      1.2346624200E-02   3.4318247000E-03   3.2281934000E-03  -4.0769723000E-03  -1.0526899000E-03
   39      5.1892405000E-03  -2.5387320000E-04   4.4212540000E-04   5.5453550000E-04  -2.1180310000E-04
   40      8.7652120000E-04  -3.0928150000E-04  -8.2306900000E-05  -4.2027100000E-04   1.2801870000E-04
   41     -1.3529927400E-02   2.7701408000E-03  -1.3793690000E-03  -1.1120404900E-02  -7.8297764000E-03
   42      1.4501030000E-03   6.2896800000E-05  -1.5293757000E-03  -4.8105490000E-03  -2.7075024000E-03
   43      6.5508010000E-04  -6.9659500000E-05  -1.2715874000E-03  -3.7831034000E-03  -2.0296988000E-03
   44     -3.2358456000E-03  -3.5992260000E-04   1.1749500000E-03   5.2093421000E-03   2.8539925000E-03
   45      5.0304491000E-03   8.4244400000E-05  -6.8124990000E-04   3.5787630000E-04   9.3086670000E-04
   46      1.2527385000E-03   9.0537000000E-06   2.5059149000E-03   6.5539877000E-03   4.1740163000E-03
   47     -6.1603258000E-03   8.0659770000E-04  -7.6101220000E-04   1.6413738000E-03   7.6125100000E-04
                   10                 11                 12                 13                 14        
    0     -3.2379224000E-03  -5.0056168000E-03   3.7963200000E-05   1.2988983000E-03  -8.6933695000E-03
    1     -2.9256429000E-03  -2.6908090000E-04  -6.9637480000E-03  -5.7667900000E-03   1.4879851000E-03
    2      3.0236836000E-03  -4.8710329000E-03  -4.8125840800E-02  -2.9177872200E-02   1.2659704200E-02
    3     -2.4366530600E-02  -4.0275382000E-03  -3.8465609600E-02  -2.3643311100E-02  -1.3042895000E-02
    4     -9.6684160000E-04   1.5154295000E-03  -1.4825119300E-02   3.6786147000E-03  -1.3699349900E-02
    5      5.7925920000E-04   2.8709979800E-02  -6.8086460000E-03  -8.2139442000E-03   8.5319370000E-04
    6      1.5270409000E-03   6.2836505000E-02   4.9287816000E-03   6.6357201000E-03  -1.5766497500E-02
    7     -7.3610289700E-02   2.2533454000E-03   8.4926249000E-03  -5.6880595000E-03   7.9290004000E-03
    8     -2.3394213000E-03  -3.4636901000E-03   2.0647738900E-02  -1.7995157300E-02   5.3687279700E-02
    9      1.6452970300E-02  -1.8196055110E-01  -2.1176961000E-03  -1.3372444300E-02   6.8835544200E-02
   10      4.0245099550E-01   2.6410033900E-02  -4.7579980000E-04   2.9477339000E-03   2.7035379000E-03
   11      2.6410033900E-02   2.0361282990E-01   9.3938219000E-03   5.6322768000E-03  -4.6379056200E-02
   12     -4.7579980000E-04   9.3938219000E-03   4.5189272110E-01   1.2340740700E-02   1.6008561770E-01
   13      2.9477339000E-03   5.6322768000E-03   1.2340740700E-02   2.2604694430E-01  -2.2644673900E-02
   14      2.7035379000E-03  -4.6379056200E-02   1.6008561770E-01  -2.2644673900E-02   2.6077010370E-01
   15     -2.1021678000E-03   6.3230450000E-04  -2.4477642290E-01  -4.5537691400E-02  -5.6901071600E-02
   16     -2.4749296000E-03  -6.7937975000E-03  -7.3634989200E-02  -8.0237063200E-02  -2.9680411500E-02
   17     -1.3766598000E-03  -1.5859659900E-02   5.1751305600E-02   2.7290841200E-02  -7.0907153000E-02
   18     -7.2512480000E-04  -1.5767670000E-04   5.8669180000E-04   6.5458440000E-04  -5.3394230000E-04
   19      4.4815230000E-04   1.0251860000E-04   4.2144040000E-04   2.4164260000E-04   5.7513550000E-04
   20     -1.2196680000E-03   2.4688210000E-04  -1.1625310000E-04   5.9285150000E-04   1.7227497000E-03
   21     -6.7532050000E-04   3.6896200000E-04   4.4297450000E-04   3.0013340000E-04   2.1347800000E-05
   22      8.8617100000E-04  -1.2757910000E-04  -1.5905150000E-04  -1.7725490000E-04  -4.8928150000E-04
   23      9.1730580000E-04  -9.6538360000E-04   3.5162670000E-04  -5.8979480000E-04  -1.8414844000E-03
   24     -1.0048900000E-03   2.2874380000E-04  -5.9831300000E-04  -2.9561810000E-04   1.1850060000E-03
   25      1.9423745000E-03  -9.6665690000E-04  -1.8158470000E-04  -1.0826628000E-03  -7.8448720000E-04
   26     -1.5228246000E-03  -1.1948497000E-03   7.9251150000E-04   1.4502281000E-03  -1.0148731000E-03
   27      2.3771628400E-02   7.6878902000E-03  -9.1647510000E-04   1.3879044000E-03  -2.0563889000E-03
   28      3.0875010000E-04  -1.5734731000E-03   8.9459160000E-04  -1.4652623000E-03   1.4512387000E-03
   29     -3.2019597000E-03  -1.3054634000E-03  -2.8959233000E-03   5.1228427000E-03  -8.8840652000E-03
   30     -1.0024390270E-01   4.2482310800E-02  -6.7185850000E-04   1.3002500000E-04  -2.1084664000E-03
   31     -1.8648927470E-01   5.6405845500E-02   7.2434400000E-05  -1.1122315000E-03  -1.4957810000E-04
   32      6.5878503400E-02  -6.2004141900E-02  -1.3937769000E-03  -7.3336150000E-04  -6.8271675000E-03
   33      8.9932419700E-02   7.3327544700E-02  -1.2569295000E-03   9.8211430000E-04  -2.5196895000E-03
   34     -1.3770309890E-01  -7.9670749300E-02  -1.6847820000E-04  -1.6733380000E-03   2.2247035000E-03
   35     -9.0805002700E-02  -1.0114604010E-01  -1.3226824000E-03   3.3108873000E-03  -9.5755867000E-03
   36     -5.9360500000E-05  -3.3838008000E-03  -3.3584488200E-02   9.0384613000E-03   6.5032735000E-03
   37     -1.6271286000E-03  -1.6911409000E-03  -9.6082914000E-03   5.0031971000E-03   1.2958680000E-04
   38      6.1790220000E-04  -6.7305740000E-04  -3.8120176000E-03  -6.6890389000E-03   8.6887620000E-03
   39      6.8608860000E-04  -7.3491380000E-04  -1.1876238700E-02  -2.9001766200E-02  -4.9077770000E-04
   40     -7.1954620000E-04  -9.9878800000E-05  -5.9333009000E-03  -1.0939643300E-02  -1.2465751000E-03
   41     -8.4025410000E-04   3.3284302000E-03  -7.9313364000E-03  -2.7900279000E-03   7.8996445000E-03
   42      1.5330583000E-03  -4.0594180000E-04  -1.0870049900E-01   6.2661968600E-02  -1.3371291720E-01
   43     -4.9355610000E-04  -1.7755910000E-04   8.2222717900E-02  -4.7835757400E-02   1.0529711270E-01
   44     -1.5154208000E-03   1.4445397000E-03  -1.6679404900E-01   1.0597717100E-01  -1.6444370590E-01
   45     -1.0121871000E-03  -1.2820436000E-03  -1.4924601600E-02   1.6420280500E-02  -8.0477330000E-04
   46     -1.9738689000E-03  -9.4953410000E-04   7.5058131000E-03  -8.1940069800E-02  -5.3103943400E-02
   47      2.6909851000E-03   5.1971340000E-04  -3.8220967000E-03  -6.0543227700E-02  -3.6408345500E-02
                   15                 16                 17                 18                 19        
    0     -1.0408470000E-03  -1.5050178000E-02  -2.9487366100E-02  -1.5335144860E-01  -1.1569037460E-01
    1      8.7448984000E-03  -7.1861447000E-03   1.6718020100E-02  -1.1627241070E-01  -1.6436408140E-01
    2      8.3594595800E-02   1.3846286100E-02   4.7656873400E-02  -2.9400460400E-02  -2.9734291600E-02
    3      4.6430696000E-02   1.2420293800E-02   5.7469141600E-02  -1.8692793700E-02  -4.7212030000E-04
    4     -9.6870138000E-03   1.6108185000E-03  -8.7115103000E-03  -2.6180501800E-02   9.1938490000E-04
    5     -5.1978733900E-02   2.0254119500E-02  -1.0209727700E-02  -7.1220900000E-05   2.4150310000E-04
    6     -2.6650901700E-02  -5.0182845000E-03   5.7851431000E-03  -4.7427993000E-03  -1.1414803000E-03
    7     -1.3313070800E-02   2.0291615000E-03   8.7982198000E-03   2.4589824000E-03  -2.9646230000E-04
    8      4.0197768800E-02   2.0173841600E-02   4.7830998000E-03  -2.3160140000E-04   3.5520590000E-04
    9      1.1778611100E-02   1.2514548100E-02   1.8910686700E-02  -9.3682620000E-04  -1.0913990000E-04
   10     -2.1021678000E-03  -2.4749296000E-03  -1.3766598000E-03  -7.2512480000E-04   4.4815230000E-04
   11      6.3230450000E-04  -6.7937975000E-03  -1.5859659900E-02  -1.5767670000E-04   1.0251860000E-04
   12     -2.4477642290E-01  -7.3634989200E-02   5.1751305600E-02   5.8669180000E-04   4.2144040000E-04
   13     -4.5537691400E-02  -8.0237063200E-02   2.7290841200E-02   6.5458440000E-04   2.4164260000E-04
   14     -5.6901071600E-02  -2.9680411500E-02  -7.0907153000E-02  -5.3394230000E-04   5.7513550000E-04
   15      4.3431089950E-01   5.7740983500E-02  -1.7904657720E-01  -9.3562880000E-04  -1.7065200000E-05
   16      5.7740983500E-02   4.2459345080E-01  -4.0788508000E-02  -6.0030150000E-04  -1.0169846000E-03
   17     -1.7904657720E-01  -4.0788508000E-02   2.1155685160E-01  -1.9131337000E-03   1.7955410000E-04
   18     -9.3562880000E-04  -6.0030150000E-04  -1.9131337000E-03   1.6577598730E-01   1.3222841350E-01
   19     -1.7065200000E-05  -1.0169846000E-03   1.7955410000E-04   1.3222841350E-01   2.1357461380E-01
   20      1.1745582000E-03  -8.0358770000E-04   3.3752120000E-03   3.1857619300E-02   2.3190406900E-02
   21     -1.7983261000E-03   4.0449020000E-04  -1.3620582000E-03   1.0410345900E-02  -1.4328543500E-02
   22     -1.8008070000E-04  -6.0113390000E-04  -6.1686070000E-04   8.0276640000E-03  -5.4434546400E-02
   23      1.1934838000E-03   5.2142200000E-04  -4.7320257000E-03  -6.8846300000E-05   5.8627849000E-03
   24     -7.4729770000E-04   1.2828712000E-03   1.8664140000E-03   2.2745455000E-03   6.0305630000E-04
   25      1.0915846000E-03  -1.3705099000E-03  -1.6646610000E-03  -6.2547730000E-04   6.6441950000E-04
   26      8.8053130000E-04  -9.0157570000E-04  -3.8315603000E-03   5.0357840000E-04   7.6094400000E-05
   27     -1.3871820000E-04  -2.1263250000E-04   2.3487190000E-04  -6.0970610000E-04  -3.2638250000E-04
   28     -1.7637720000E-04  -1.4025219000E-03  -9.9957390000E-04   3.4373610000E-04   4.3404000000E-05
   29     -1.2398085000E-03  -1.3258047000E-03  -1.7919543000E-03   7.8660700000E-05  -5.7899620000E-04
   30      1.3426840000E-04  -4.3135600000E-05  -9.4974430000E-04  -1.6079671000E-03   3.7834800000E-04
   31      6.0243520000E-04  -1.0387450000E-03  -7.1203940000E-04   4.5275330000E-04   2.6450120000E-04
   32     -2.0444978000E-03  -2.6693534000E-03  -1.2648157000E-03  -5.7232900000E-04   8.7091100000E-05
   33      4.5082610000E-04  -4.7630850000E-04  -9.3508430000E-04   2.0813720000E-04  -8.3332160000E-04
   34      5.9126400000E-04  -6.2716250000E-04   5.5914060000E-04   5.8820590000E-04   3.6934330000E-04
   35     -2.3076099000E-03  -1.4627550000E-03  -3.8291098000E-03  -5.5481150000E-04  -2.3358090000E-04
   36     -1.3240251360E-01   6.9310976300E-02   1.0481082320E-01  -6.4945000000E-05   5.4854960000E-04
   37      6.9876799000E-02  -7.6973894900E-02  -6.1829455200E-02  -6.9023580000E-04   6.1674070000E-04
   38      1.2565712620E-01  -6.1470264700E-02  -1.1580374160E-01   1.5635530000E-04   1.2804340000E-04
   39     -4.0915358100E-02  -3.4839372900E-02   1.2037065000E-02   1.0699222000E-03  -4.4834380000E-04
   40     -3.5641544700E-02  -2.3926710220E-01   7.7726327400E-02  -1.9385810000E-04   4.7501150000E-04
   41      2.5757856400E-02   9.0850933600E-02  -5.3790919500E-02   3.6925670000E-04   2.0754530000E-04
   42     -3.5662038900E-02   5.5837950000E-03  -1.9233080600E-02   1.3433409000E-03  -1.5437526000E-03
   43     -1.8690284700E-02  -2.1808920000E-04  -9.6954204000E-03   3.4549820000E-04   1.0267801000E-03
   44      1.2731879000E-02   6.6870733000E-03   7.6633390000E-03   4.1483330000E-04  -5.4294660000E-04
   45     -8.0372483000E-03  -2.9382755400E-02  -1.9938406700E-02  -7.2685590000E-04   7.3071670000E-04
   46     -1.3302668300E-02  -1.5819149000E-02  -4.8774144000E-03   1.8807220000E-04   1.4680810000E-03
   47      1.6981947000E-03  -6.4376179000E-03   6.9852917000E-03   1.2371830000E-04   8.3932100000E-05
                   20                 21                 22                 23                 24        
    0     -3.9603534000E-02  -1.3234782020E-01   1.0187758080E-01  -7.0113359300E-02  -1.9702402200E-02
    1     -3.7352198000E-02   1.0656581340E-01  -1.6169801870E-01   7.5044424200E-02   2.4696560800E-02
    2     -4.5494350500E-02  -5.6563654300E-02   6.5771544400E-02  -6.8057920500E-02  -3.3858058000E-03
    3      5.5837934000E-03  -1.7568280500E-02   5.9508993000E-03   7.2128092000E-03  -9.8709822300E-02
    4      5.8263340000E-03   2.5269241800E-02  -3.5308036000E-03  -2.8251065000E-03   1.0782908570E-01
    5     -5.5060500000E-04  -6.2525509000E-03   1.2160324000E-03   5.3921782000E-03  -4.5500386000E-03
    6      1.2167465000E-03   2.2483697000E-03  -1.2831263000E-03  -1.1006387000E-03   6.1951301000E-03
    7     -1.2929364000E-03   1.1908566000E-03  -2.4625380000E-04  -1.2505640000E-04  -1.1397726600E-02
    8      7.0592415000E-03   1.1887279000E-03  -2.7321780000E-04  -3.4975962000E-03  -3.3856810000E-04
    9     -8.4490570000E-04   7.5919040000E-04   5.6601520000E-04   1.1532018000E-03   3.0306980000E-04
   10     -1.2196680000E-03  -6.7532050000E-04   8.8617100000E-04   9.1730580000E-04  -1.0048900000E-03
   11      2.4688210000E-04   3.6896200000E-04  -1.2757910000E-04  -9.6538360000E-04   2.2874380000E-04
   12     -1.1625310000E-04   4.4297450000E-04  -1.5905150000E-04   3.5162670000E-04  -5.9831300000E-04
   13      5.9285150000E-04   3.0013340000E-04  -1.7725490000E-04  -5.8979480000E-04  -2.9561810000E-04
   14      1.7227497000E-03   2.1347800000E-05  -4.8928150000E-04  -1.8414844000E-03   1.1850060000E-03
   15      1.1745582000E-03  -1.7983261000E-03  -1.8008070000E-04   1.1934838000E-03  -7.4729770000E-04
   16     -8.0358770000E-04   4.0449020000E-04  -6.0113390000E-04   5.2142200000E-04   1.2828712000E-03
   17      3.3752120000E-03  -1.3620582000E-03  -6.1686070000E-04  -4.7320257000E-03   1.8664140000E-03
   18      3.1857619300E-02   1.0410345900E-02   8.0276640000E-03  -6.8846300000E-05   2.2745455000E-03
   19      2.3190406900E-02  -1.4328543500E-02  -5.4434546400E-02   5.8627849000E-03   6.0305630000E-04
   20      2.8693912700E-02   2.8584677000E-03   1.0496222500E-02   1.0686659400E-02  -3.1353540000E-04
   21      2.8584677000E-03   1.4077187380E-01  -1.1552828780E-01   6.0875189100E-02  -4.9504561000E-03
   22      1.0496222500E-02  -1.1552828780E-01   2.1558333020E-01  -7.6855579100E-02   2.4157189000E-03
   23      1.0686659400E-02   6.0875189100E-02  -7.6855579100E-02   5.4029200700E-02   3.2928095000E-03
   24     -3.1353540000E-04  -4.9504561000E-03   2.4157189000E-03   3.2928095000E-03   1.1628409080E-01
   25     -3.8833450000E-04  -4.3606120000E-04   6.6935000000E-06  -4.5832560000E-04  -1.2081463150E-01
   26     -4.2019803000E-03  -1.2041188000E-03   1.8552146000E-03   8.2441025000E-03   1.6657796000E-03
   27      1.0398640000E-04   2.6852260000E-04  -5.2231570000E-04  -1.0500870000E-04  -1.3192712000E-03
   28     -2.0366220000E-04  -3.3704520000E-04  -1.1917900000E-04   7.8240000000E-06  -2.6817258000E-03
   29     -5.3643410000E-04   3.7278700000E-05  -4.7719470000E-04   2.3332700000E-04   3.7389860000E-04
   30      3.0363820000E-04   2.4142900000E-04   3.9493950000E-04   7.4084560000E-04  -5.8787370000E-04
   31      3.7710000000E-07  -6.9657120000E-04   4.5882720000E-04   2.2985020000E-04  -2.0709730000E-04
   32     -1.0863001000E-03  -6.2431530000E-04   1.0927830000E-04   1.3825400000E-03  -9.4223300000E-05
   33      7.8855310000E-04  -3.8615080000E-04  -8.7415520000E-04   5.5171390000E-04   4.8616980000E-04
   34     -2.7263930000E-04  -8.4731140000E-04   2.9896420000E-04   4.5461790000E-04  -2.7233720000E-04
   35      1.4966180000E-03  -3.8635380000E-04  -3.4942520000E-04  -7.6761900000E-05   2.1976430000E-04
   36     -9.6365920000E-04   6.9186390000E-04   5.1483510000E-04  -1.0532031000E-03  -1.1872900000E-04
   37      2.6804260000E-04   4.2845510000E-04   7.6104260000E-04  -9.2804850000E-04  -1.4599480000E-04
   38     -1.0605794000E-03   2.0134630000E-04   3.3541020000E-04   1.7382450000E-04  -8.0115000000E-06
   39     -4.6960100000E-04  -1.4121940000E-04  -2.0731850000E-04  -1.7386851000E-03   4.8778550000E-04
   40      1.9021280000E-04  -2.6254700000E-05   4.0309490000E-04  -8.1596800000E-05   2.0436870000E-04
   41      5.9590580000E-04   3.9022390000E-04  -1.7096960000E-04  -1.7475812000E-03   6.3725500000E-05
   42     -9.8855090000E-04   2.7039140000E-04  -1.5860188000E-03  -1.1221439000E-03   1.2821565000E-03
   43      5.9141880000E-04  -8.4875740000E-04   8.5364280000E-04  -4.3918750000E-04   2.2817860000E-04
   44      4.0776080000E-04   4.5677190000E-04  -9.6667140000E-04  -9.1088830000E-04   1.5422470000E-04
   45     -5.8732370000E-04   1.0872919000E-03   5.9270170000E-04  -6.9794500000E-05  -5.7878280000E-04
   46      3.7716010000E-04  -4.3483760000E-04   1.5554237000E-03  -7.3553370000E-04  -4.3981860000E-04
   47     -1.3546927000E-03  -5.2640000000E-06   5.4307670000E-04   1.6878095000E-03  -3.6018320000E-04
                   25                 26                 27                 28                 29        
    0      4.4223470000E-03   5.8105230000E-04   7.2257430000E-04   8.7215390000E-04  -9.5848210000E-04
    1     -1.4063017000E-03  -5.7654010000E-04  -1.4686723000E-03   1.3328938000E-03   6.8248980000E-04
    2     -4.5693060000E-04   2.5808192000E-03  -4.6913200000E-04   4.1803360000E-04  -5.5579540000E-04
    3      1.0786955190E-01  -2.4508741000E-03   5.4001753000E-03   9.6331315000E-03   7.5685350000E-04
    4     -2.4224644790E-01   8.2878143000E-03  -1.1216402800E-02  -2.6461575300E-02  -3.3861110000E-04
    5      1.0771630500E-02  -3.0691101300E-02  -2.7358530000E-04  -1.3914475000E-03   3.1757945000E-03
    6      1.0649374400E-02  -1.7663674000E-03  -1.0042267570E-01   1.0875636700E-01   7.9433517000E-03
    7     -2.5761657900E-02   1.5013324000E-03   1.0891147480E-01  -2.3978486620E-01  -2.1970698300E-02
    8      1.4433703000E-03   2.9089327000E-03   1.1808083700E-02  -2.1272360400E-02  -2.7335746800E-02
    9      1.6073241000E-03   5.3736990000E-04  -2.0595849800E-02   4.1191207000E-03   9.5984669000E-03
   10      1.9423745000E-03  -1.5228246000E-03   2.3771628400E-02   3.0875010000E-04  -3.2019597000E-03
   11     -9.6665690000E-04  -1.1948497000E-03   7.6878902000E-03  -1.5734731000E-03  -1.3054634000E-03
   12     -1.8158470000E-04   7.9251150000E-04  -9.1647510000E-04   8.9459160000E-04  -2.8959233000E-03
   13     -1.0826628000E-03   1.4502281000E-03   1.3879044000E-03  -1.4652623000E-03   5.1228427000E-03
   14     -7.8448720000E-04  -1.0148731000E-03  -2.0563889000E-03   1.4512387000E-03  -8.8840652000E-03
   15      1.0915846000E-03   8.8053130000E-04  -1.3871820000E-04  -1.7637720000E-04  -1.2398085000E-03
   16     -1.3705099000E-03  -9.0157570000E-04  -2.1263250000E-04  -1.4025219000E-03  -1.3258047000E-03
   17     -1.6646610000E-03  -3.8315603000E-03   2.3487190000E-04  -9.9957390000E-04  -1.7919543000E-03
   18     -6.2547730000E-04   5.0357840000E-04  -6.0970610000E-04   3.4373610000E-04   7.8660700000E-05
   19      6.6441950000E-04   7.6094400000E-05  -3.2638250000E-04   4.3404000000E-05  -5.7899620000E-04
   20     -3.8833450000E-04  -4.2019803000E-03   1.0398640000E-04  -2.0366220000E-04  -5.3643410000E-04
   21     -4.3606120000E-04  -1.2041188000E-03   2.6852260000E-04  -3.3704520000E-04   3.7278700000E-05
   22      6.6935000000E-06   1.8552146000E-03  -5.2231570000E-04  -1.1917900000E-04  -4.7719470000E-04
   23     -4.5832560000E-04   8.2441025000E-03  -1.0500870000E-04   7.8240000000E-06   2.3332700000E-04
   24     -1.2081463150E-01   1.6657796000E-03  -1.3192712000E-03  -2.6817258000E-03   3.7389860000E-04
   25      2.7066339820E-01  -8.0942425000E-03  -2.5497224000E-03  -3.4009420000E-03   1.8485180000E-04
   26     -8.0942425000E-03   2.3749529500E-02   1.5514480000E-04   4.3790180000E-04   2.6738074000E-03
   27     -2.5497224000E-03   1.5514480000E-04   1.1969195160E-01  -1.1962155320E-01  -1.5216805100E-02
   28     -3.4009420000E-03   4.3790180000E-04  -1.1962155320E-01   2.6767625460E-01   2.1777062100E-02
   29      1.8485180000E-04   2.6738074000E-03  -1.5216805100E-02   2.1777062100E-02   3.1369137000E-02
   30      1.5256220000E-04  -3.8936070000E-04   1.9099418000E-03  -7.7652570000E-04  -2.1468227000E-03
   31     -3.8135700000E-05   6.5899830000E-04   6.8528990000E-04   6.2546710000E-04  -1.7290890000E-04
   32     -1.5395730000E-04  -9.6173880000E-04  -1.1227196000E-03   5.9404390000E-04  -4.8104818000E-03
   33     -1.7892620000E-04   2.3306060000E-04  -4.8436185000E-03  -4.9264810000E-04   4.1430648000E-03
   34     -1.5130730000E-04   4.6440630000E-04   1.8966181000E-03   1.7690050000E-04  -2.1644139000E-03
   35     -2.9949900000E-05   1.2518862000E-03  -3.7397700000E-04   5.0182080000E-04   7.9188056000E-03
   36     -5.4397980000E-04   1.4642110000E-04   5.8088530000E-04  -1.1498860000E-04  -3.4294610000E-04
   37      4.4856930000E-04  -1.1452461000E-03   6.0147000000E-06   4.1345450000E-04   5.6439930000E-04
   38      2.0919890000E-04  -7.7281780000E-04  -1.2019980000E-04   2.3514160000E-04   5.7629650000E-04
   39     -6.5103100000E-05   3.4499860000E-04  -4.9539600000E-05  -7.6607000000E-05  -3.4734880000E-04
   40      7.2435110000E-04  -1.2209012000E-03  -3.4041060000E-04   6.5783380000E-04   5.3247050000E-04
   41      3.4802900000E-04   5.5548830000E-04   2.5348090000E-04  -2.4380160000E-04   1.3841670000E-04
   42      3.7442300000E-05   1.9761550000E-04  -4.8528170000E-04  -2.9333380000E-04   2.9876940000E-04
   43      3.8583250000E-04  -1.2781973000E-03  -1.6155720000E-04   4.3798350000E-04   1.7989880000E-03
   44     -6.8781330000E-04   1.1987899000E-03  -6.0722400000E-05  -7.3251370000E-04  -1.9050222000E-03
   45     -4.3470020000E-04  -2.2734260000E-04   8.0708500000E-04  -4.8296200000E-05  -8.2207600000E-05
   46      6.2232650000E-04   7.5373000000E-06  -2.3928100000E-04   9.6140460000E-04  -4.3251670000E-04
   47      7.2827830000E-04  -4.9443430000E-04  -4.4491920000E-04   9.9376590000E-04   1.0393785000E-03
                   30                 31                 32                 33                 34        
    0     -1.6058126000E-03  -4.7102790000E-04  -6.3157290000E-04   1.1137740000E-04   2.9824190000E-04
    1     -3.0215540000E-04  -3.4903190000E-04   1.5841316000E-03  -1.1425126000E-03   4.2693500000E-05
    2     -1.9948266000E-03   3.6850870000E-04  -2.9765018000E-03  -1.4283468000E-03   2.7460920000E-04
    3     -5.7506202000E-03  -1.1930561000E-03   1.8634229000E-03   5.9202660000E-04  -1.7897090000E-04
    4      4.8918010000E-04   8.1771120000E-04   2.1869300000E-04   4.0214130000E-04   7.2166430000E-04
    5      8.1718104000E-03   4.4582500000E-04   1.5125238200E-02  -3.1842360000E-04  -8.4925740000E-04
    6     -1.6459768700E-02  -5.7569850000E-04  -3.7387562000E-03  -1.7798662500E-02   3.9302189000E-03
    7     -2.5783397000E-02  -1.2353479000E-03   3.8065982000E-03   2.5108695400E-02  -2.1158610000E-03
    8      7.0012358000E-03  -6.1110810000E-04   8.8766351000E-03   1.2389368900E-02  -2.0530081000E-03
    9     -1.1210829190E-01  -1.0355735990E-01   5.9873163400E-02  -1.1798897530E-01   8.5445784000E-02
   10     -1.0024390270E-01  -1.8648927470E-01   6.5878503400E-02   8.9932419700E-02  -1.3770309890E-01
   11      4.2482310800E-02   5.6405845500E-02  -6.2004141900E-02   7.3327544700E-02  -7.9670749300E-02
   12     -6.7185850000E-04   7.2434400000E-05  -1.3937769000E-03  -1.2569295000E-03  -1.6847820000E-04
   13      1.3002500000E-04  -1.1122315000E-03  -7.3336150000E-04   9.8211430000E-04  -1.6733380000E-03
   14     -2.1084664000E-03  -1.4957810000E-04  -6.8271675000E-03  -2.5196895000E-03   2.2247035000E-03
   15      1.3426840000E-04   6.0243520000E-04  -2.0444978000E-03   4.5082610000E-04   5.9126400000E-04
   16     -4.3135600000E-05  -1.0387450000E-03  -2.6693534000E-03  -4.7630850000E-04  -6.2716250000E-04
   17     -9.4974430000E-04  -7.1203940000E-04  -1.2648157000E-03  -9.3508430000E-04   5.5914060000E-04
   18     -1.6079671000E-03   4.5275330000E-04  -5.7232900000E-04   2.0813720000E-04   5.8820590000E-04
   19      3.7834800000E-04   2.6450120000E-04   8.7091100000E-05  -8.3332160000E-04   3.6934330000E-04
   20      3.0363820000E-04   3.7710000000E-07  -1.0863001000E-03   7.8855310000E-04  -2.7263930000E-04
   21      2.4142900000E-04  -6.9657120000E-04  -6.2431530000E-04  -3.8615080000E-04  -8.4731140000E-04
   22      3.9493950000E-04   4.5882720000E-04   1.0927830000E-04  -8.7415520000E-04   2.9896420000E-04
   23      7.4084560000E-04   2.2985020000E-04   1.3825400000E-03   5.5171390000E-04   4.5461790000E-04
   24     -5.8787370000E-04  -2.0709730000E-04  -9.4223300000E-05   4.8616980000E-04  -2.7233720000E-04
   25      1.5256220000E-04  -3.8135700000E-05  -1.5395730000E-04  -1.7892620000E-04  -1.5130730000E-04
   26     -3.8936070000E-04   6.5899830000E-04  -9.6173880000E-04   2.3306060000E-04   4.6440630000E-04
   27      1.9099418000E-03   6.8528990000E-04  -1.1227196000E-03  -4.8436185000E-03   1.8966181000E-03
   28     -7.7652570000E-04   6.2546710000E-04   5.9404390000E-04  -4.9264810000E-04   1.7690050000E-04
   29     -2.1468227000E-03  -1.7290890000E-04  -4.8104818000E-03   4.1430648000E-03  -2.1644139000E-03
   30      1.2376907860E-01   1.1530638690E-01  -5.2400607500E-02   1.0513543200E-02   1.1304308000E-02
   31      1.1530638690E-01   2.3815097150E-01  -5.3435281600E-02  -9.3616935000E-03  -5.5199401900E-02
   32     -5.2400607500E-02  -5.3435281600E-02   4.1235189200E-02  -1.1612668000E-03  -1.3326877300E-02
   33      1.0513543200E-02  -9.3616935000E-03  -1.1612668000E-03   1.2776953680E-01  -1.0199101070E-01
   34      1.1304308000E-02  -5.5199401900E-02  -1.3326877300E-02  -1.0199101070E-01   1.9074140040E-01
   35      1.0915287000E-03  -3.3909450000E-03   1.2302734300E-02  -8.4987945100E-02   9.4643055600E-02
   36      7.8507920000E-04  -1.0239195000E-03   1.7722030000E-04   2.7942200000E-04  -8.1169180000E-04
   37      1.9710650000E-04   1.2543826000E-03  -5.3049290000E-04  -7.7029390000E-04   1.2788225000E-03
   38     -1.0325290000E-04   3.0993080000E-04   6.4632580000E-04  -2.8859550000E-04   5.6118730000E-04
   39     -1.2872970000E-04   1.1151510000E-04   4.9678410000E-04   1.1198881000E-03   1.2686350000E-04
   40     -1.1703310000E-04   1.6121321000E-03  -1.1357470000E-04  -5.6422950000E-04   1.7057789000E-03
   41      4.3952310000E-04   1.6059040000E-04   3.7269330000E-04   5.5000950000E-04  -2.5766010000E-04
   42     -4.6679000000E-06   9.9756380000E-04   9.7629760000E-04   1.0449215000E-03   1.1287400000E-03
   43     -8.1784540000E-04   1.4599140000E-03  -1.0343800000E-05   6.1624810000E-04   1.6381729000E-03
   44      9.2177800000E-05  -6.7359460000E-04  -6.4397810000E-04   2.6630590000E-04  -9.5787630000E-04
   45      1.5722501000E-03  -1.1419545000E-03   3.9717690000E-04  -3.0151200000E-04  -1.0404440000E-03
   46     -2.6886130000E-04   8.1826170000E-04  -1.3050973000E-03  -3.5651900000E-04   4.9642900000E-04
   47     -2.2998930000E-04   5.6552980000E-04   6.3377000000E-04  -6.1026970000E-04   3.7076140000E-04
                   35                 36                 37                 38                 39        
    0     -1.8252174000E-03  -2.7383718000E-03  -2.3264201000E-03  -2.1327734000E-03  -7.1016110000E-04
    1     -1.0243186000E-03  -7.8185360000E-04   1.5823400000E-03  -4.0048455000E-03   3.0089008000E-03
    2     -8.3963260000E-04  -7.5885074000E-03  -8.1813300000E-05  -1.3854795500E-02  -1.2136740000E-04
    3     -1.9347416000E-03  -4.3745269000E-03  -4.5813230000E-04  -5.6879387000E-03   1.4168130000E-04
    4     -2.6301160000E-04   2.5010080000E-03  -8.5415980000E-04   2.9563038000E-03  -1.2470104000E-03
    5      1.0429119000E-03   1.0606004400E-02   3.6656504000E-03   1.2346624200E-02   5.1892405000E-03
    6     -3.8959062000E-03   1.1094340000E-03  -9.0595790000E-04   3.4318247000E-03  -2.5387320000E-04
    7     -2.9553186000E-03   1.3649704000E-03  -1.0742600000E-05   3.2281934000E-03   4.4212540000E-04
    8      1.0123874700E-02   2.3875737000E-03   4.2731686000E-03  -4.0769723000E-03   5.5453550000E-04
    9      9.4917099000E-02   3.8148129000E-03   2.9408464000E-03  -1.0526899000E-03  -2.1180310000E-04
   10     -9.0805002700E-02  -5.9360500000E-05  -1.6271286000E-03   6.1790220000E-04   6.8608860000E-04
   11     -1.0114604010E-01  -3.3838008000E-03  -1.6911409000E-03  -6.7305740000E-04  -7.3491380000E-04
   12     -1.3226824000E-03  -3.3584488200E-02  -9.6082914000E-03  -3.8120176000E-03  -1.1876238700E-02
   13      3.3108873000E-03   9.0384613000E-03   5.0031971000E-03  -6.6890389000E-03  -2.9001766200E-02
   14     -9.5755867000E-03   6.5032735000E-03   1.2958680000E-04   8.6887620000E-03  -4.9077770000E-04
   15     -2.3076099000E-03  -1.3240251360E-01   6.9876799000E-02   1.2565712620E-01  -4.0915358100E-02
   16     -1.4627550000E-03   6.9310976300E-02  -7.6973894900E-02  -6.1470264700E-02  -3.4839372900E-02
   17     -3.8291098000E-03   1.0481082320E-01  -6.1829455200E-02  -1.1580374160E-01   1.2037065000E-02
   18     -5.5481150000E-04  -6.4945000000E-05  -6.9023580000E-04   1.5635530000E-04   1.0699222000E-03
   19     -2.3358090000E-04   5.4854960000E-04   6.1674070000E-04   1.2804340000E-04  -4.4834380000E-04
   20      1.4966180000E-03  -9.6365920000E-04   2.6804260000E-04  -1.0605794000E-03  -4.6960100000E-04
   21     -3.8635380000E-04   6.9186390000E-04   4.2845510000E-04   2.0134630000E-04  -1.4121940000E-04
   22     -3.4942520000E-04   5.1483510000E-04   7.6104260000E-04   3.3541020000E-04  -2.0731850000E-04
   23     -7.6761900000E-05  -1.0532031000E-03  -9.2804850000E-04   1.7382450000E-04  -1.7386851000E-03
   24      2.1976430000E-04  -1.1872900000E-04  -1.4599480000E-04  -8.0115000000E-06   4.8778550000E-04
   25     -2.9949900000E-05  -5.4397980000E-04   4.4856930000E-04   2.0919890000E-04  -6.5103100000E-05
   26      1.2518862000E-03   1.4642110000E-04  -1.1452461000E-03  -7.7281780000E-04   3.4499860000E-04
   27     -3.7397700000E-04   5.8088530000E-04   6.0147000000E-06  -1.2019980000E-04  -4.9539600000E-05
   28      5.0182080000E-04  -1.1498860000E-04   4.1345450000E-04   2.3514160000E-04  -7.6607000000E-05
   29      7.9188056000E-03  -3.4294610000E-04   5.6439930000E-04   5.7629650000E-04  -3.4734880000E-04
   30      1.0915287000E-03   7.8507920000E-04   1.9710650000E-04  -1.0325290000E-04  -1.2872970000E-04
   31     -3.3909450000E-03  -1.0239195000E-03   1.2543826000E-03   3.0993080000E-04   1.1151510000E-04
   32      1.2302734300E-02   1.7722030000E-04  -5.3049290000E-04   6.4632580000E-04   4.9678410000E-04
   33     -8.4987945100E-02   2.7942200000E-04  -7.7029390000E-04  -2.8859550000E-04   1.1198881000E-03
   34      9.4643055600E-02  -8.1169180000E-04   1.2788225000E-03   5.6118730000E-04   1.2686350000E-04
   35      8.0487328000E-02  -1.7629730000E-04   2.1513670000E-04  -6.7036400000E-04   5.9977630000E-04
   36     -1.7629730000E-04   1.6966183040E-01  -8.7557828400E-02  -1.1600354110E-01   1.7341763000E-03
   37      2.1513670000E-04  -8.7557828400E-02   1.1160147290E-01   6.9254621700E-02   3.0402053100E-02
   38     -6.7036400000E-04  -1.1600354110E-01   6.9254621700E-02   1.0790707930E-01   2.4292358000E-03
