
$orca_hessian_file

$act_atom
  0

$act_coord
  0

$act_energy
      -21.620885

$multiplicity
  1

$hessian
48
                    0                  1                  2                  3                  4        
    0      7.8023324230E-01   3.5439822000E-03   9.4036287800E-02  -4.5146922280E-01   4.6791184600E-02
    1      3.5439822000E-03   3.8077089080E-01  -5.3754657900E-02   1.3405882600E-02  -6.9086884100E-02
    2      9.4036287800E-02  -5.3754657900E-02   1.0949167480E-01  -2.8854752800E-02   5.9708184000E-03
    3     -4.5146922280E-01   1.3405882600E-02  -2.8854752800E-02   7.2022970540E-01  -1.7379250100E-02
    4      4.6791184600E-02  -6.9086884100E-02   5.9708184000E-03  -1.7379250100E-02   5.8367465340E-01
    5      9.8450992900E-02   4.3947654000E-03   2.0699031200E-02  -1.2055117400E-02  -2.6829392000E-02
    6     -3.5884129100E-02  -2.5462818700E-02   2.1710170300E-02  -1.0093771780E-01  -9.3479277700E-02
    7     -1.1871334400E-02   1.5960602000E-03   1.4095878500E-02  -9.0736207200E-02  -2.4505582560E-01
    8     -7.7082166000E-03  -4.0214123000E-03  -1.3488601000E-02  -9.7667100000E-05   1.4829734100E-02
    9      1.2065309400E-02  -4.5551783000E-03  -1.4462365200E-02  -4.3534164200E-02  -1.7542267000E-02
   10     -1.9772867000E-03  -2.7368280000E-03   2.3097698000E-03  -2.4968460200E-02  -1.1750899000E-03
   11     -3.3477230000E-03   1.6194742000E-03   8.0387244000E-03   6.7825809000E-03   3.1088269000E-03
   12     -9.5931530000E-04  -3.5773561000E-03  -2.5678543500E-02  -2.7099459500E-02  -1.5651652000E-02
   13     -1.4056092000E-03  -4.2223331000E-03  -1.8771645300E-02  -1.7234847200E-02   1.0620289000E-03
   14     -4.8831510000E-04   2.4498586000E-03   1.8166402300E-02  -8.1805829000E-03  -1.3443614300E-02
   15      4.7712581000E-03   3.8836159000E-03   4.9778232500E-02   3.1139522300E-02  -1.4131076000E-03
   16     -1.7638093200E-02  -3.0585632000E-03   9.3603222000E-03   1.3883808200E-02   1.7518059000E-03
   17     -4.7052912800E-02   1.1741473900E-02   1.4359861500E-02   4.9264288400E-02   2.1566774000E-03
   18     -1.5017550900E-01  -1.1346629380E-01  -3.5358211400E-02  -1.8362845000E-02  -2.6888010100E-02
   19     -1.1477059270E-01  -1.5927873580E-01  -3.6309495500E-02  -1.9420630000E-04   7.0159140000E-04
   20     -4.7643660300E-02  -4.4360268400E-02  -4.7188305500E-02   5.1938002000E-03   4.3688448000E-03
   21     -1.3215891610E-01   9.9176184700E-02  -6.7101118400E-02  -1.8300898200E-02   2.4732324000E-02
   22      9.5164666000E-02  -1.4166448000E-01   7.2270906800E-02   5.6676561000E-03  -3.2859772000E-03
   23     -8.4363843700E-02   8.2159373600E-02  -8.1907679800E-02   6.8616751000E-03  -2.3924000000E-04
   24     -2.0341029100E-02   2.3878998900E-02  -5.6349980000E-03  -9.8548518100E-02   1.0676834080E-01
   25      4.4629628000E-03  -5.6392850000E-04   8.9223780000E-04   1.0757386030E-01  -2.4083840510E-01
   26     -2.4051881000E-03   1.2879770000E-03   2.6232210000E-03  -2.6440637000E-03   1.0834735100E-02
   27      5.5852530000E-04  -1.1076122000E-03  -2.4045170000E-04   5.5018494000E-03  -1.1232621100E-02
   28      8.9162420000E-04   1.6911314000E-03   6.3322510000E-04   9.8637503000E-03  -2.7188631100E-02
   29     -6.4575140000E-04   9.8960510000E-04   5.1388580000E-04   1.7725797000E-03   2.7944260000E-04
   30     -1.6871326000E-03   5.6742800000E-05  -7.0881380000E-04  -5.0028791000E-03   8.5064300000E-04
   31     -2.9382560000E-04  -6.8491000000E-05   7.0518020000E-04  -1.0780708000E-03   3.3548920000E-04
   32     -2.5401960000E-04   2.1693693000E-03  -4.9755310000E-04   3.1346111000E-03   7.1072270000E-04
   33      1.6612000000E-06  -1.2122201000E-03  -6.8433550000E-04   1.2145021000E-03   5.2308840000E-04
   34      8.4292400000E-05   2.2114480000E-04  -5.7089250000E-04  -7.0421910000E-04   2.9410700000E-05
   35     -1.3480360000E-03  -8.2724900000E-04   1.5204623000E-03  -3.6677840000E-04  -4.5000100000E-05
   36     -4.7274874000E-03   3.1855390000E-04  -3.7718795000E-03  -1.2096876000E-03   2.2612934000E-03
   37     -3.5361982000E-03   1.6497007000E-03   1.3346096000E-03   1.0160399000E-03  -3.4016220000E-04
   38     -4.4116637000E-03  -2.3601899000E-03  -8.3783422000E-03  -1.9158107000E-03   2.2250242000E-03
   39      8.3121160000E-04   2.7110191000E-03   3.4456096000E-03   1.6469851000E-03  -1.3270566000E-03
   40      2.3827041000E-03  -1.1896999000E-03   2.2267903000E-03   1.1627543000E-03  -1.1705130000E-04
   41      7.2252177000E-03   2.1943400000E-03  -5.3679508000E-03  -4.0251321000E-03   1.0224995000E-03
   42      1.0767000000E-05   1.9426290000E-04   7.6003339000E-03   3.2638776000E-03   1.2974707000E-03
   43      2.3675174000E-03  -1.0554649000E-03   6.3887233000E-03   4.0525863000E-03   1.2657647000E-03
   44      1.7513662000E-03  -1.8504263000E-03  -6.7519207000E-03  -4.8458422000E-03  -3.8168932000E-03
   45     -1.0692335000E-03   2.2122362000E-03   5.9248356000E-03   1.4689504000E-03   1.6888973000E-03
   46     -4.1959937000E-03  -3.0035195000E-03  -6.7817705000E-03  -4.3310772000E-03  -1.7327178000E-03
   47     -1.7945343000E-03  -1.8320335000E-03  -1.1832910300E-02  -1.0023787900E-02  -1.1331861000E-03
                    5                  6                  7                  8                  9        
    0      9.8450992900E-02  -3.5884129100E-02  -1.1871334400E-02  -7.7082166000E-03   1.2065309400E-02
    1      4.3947654000E-03  -2.5462818700E-02   1.5960602000E-03  -4.0214123000E-03  -4.5551783000E-03
    2      2.0699031200E-02   2.1710170300E-02   1.4095878500E-02  -1.3488601000E-02  -1.4462365200E-02
    3     -1.2055117400E-02  -1.0093771780E-01  -9.0736207200E-02  -9.7667100000E-05  -4.3534164200E-02
    4     -2.6829392000E-02  -9.3479277700E-02  -2.4505582560E-01   1.4829734100E-02  -1.7542267000E-02
    5     -3.5154397000E-03  -2.5053017200E-02  -1.6230577900E-02  -2.5545799600E-02  -1.2178311800E-02
    6     -2.5053017200E-02   7.2420018130E-01  -2.7790301000E-03  -5.1568952600E-02  -4.3277913740E-01
    7     -1.6230577900E-02  -2.7790301000E-03   5.8923205000E-01   4.9905220000E-03   1.6935811300E-02
    8     -2.5545799600E-02  -5.1568952600E-02   4.9905220000E-03   3.9248292600E-02  -3.3891681900E-02
    9     -1.2178311800E-02  -4.3277913740E-01   1.6935811300E-02  -3.3891681900E-02   7.0514706380E-01
   10     -5.3472740000E-04  -2.8746000000E-06  -7.2525840700E-02  -2.2017878000E-03   1.7051059100E-02
   11      1.5560533300E-02   5.7880581900E-02  -2.4177973000E-03  -1.4246883000E-02  -1.9586791840E-01
   12     -2.0911833600E-02   1.6064715000E-03   5.4453323000E-03   1.7717848900E-02  -6.2274854000E-03
   13     -1.0410099900E-02   8.2219734000E-03  -4.9208157000E-03  -1.9760200400E-02  -1.8096442400E-02
   14     -1.9852887100E-02  -1.6235636400E-02   4.7553981000E-03   3.5789521600E-02   6.7088603800E-02
   15     -3.5831521300E-02  -2.8435015600E-02  -1.4115876400E-02   5.2440590100E-02   2.5417579100E-02
   16      2.8008692700E-02  -4.1756568000E-03   1.1107452000E-03   1.7633405600E-02   1.1957646800E-02
   17      3.2679941400E-02   1.2513941800E-02   1.0624479800E-02  -4.3080637000E-03   2.4967326200E-02
   18     -9.3125640000E-04  -4.6938625000E-03   2.6008837000E-03  -7.6180740000E-04  -8.4931740000E-04
   19      5.7634230000E-04  -1.3750072000E-03  -4.7902630000E-04   4.1140690000E-04  -4.3952300000E-05
   20     -2.5235000000E-06   5.5129810000E-04  -9.8215240000E-04   5.7405178000E-03  -1.5634586000E-03
   21     -8.8089949000E-03   2.5511266000E-03   1.1261798000E-03   1.8368477000E-03   7.8345670000E-04
   22      1.6723838000E-03  -7.0839050000E-04  -5.5899940000E-04  -5.7700170000E-04   3.1319360000E-04
   23      9.6382684000E-03   3.2872370000E-04   3.4092960000E-04  -4.8172154000E-03   5.6115470000E-04
   24     -5.4552684000E-03   6.2111881000E-03  -1.0977011800E-02   1.9220460000E-04   5.1256790000E-04
   25      1.2059470400E-02   1.0563188700E-02  -2.5966176100E-02   1.3878124000E-03   1.1271526000E-03
   26     -3.0518266500E-02  -1.7534184000E-03   1.8432854000E-03   2.8544712000E-03   9.0382930000E-04
   27      1.8517720000E-04  -9.9554901200E-02   1.0836825030E-01   9.3981447000E-03  -2.1370487100E-02
   28     -1.0637852000E-03   1.0795181250E-01  -2.3942092090E-01  -1.6670341900E-02   4.4222057000E-03
   29      1.4163833000E-03   5.2563063000E-03  -1.8502951800E-02  -2.8108274800E-02   8.8557142000E-03
   30      7.3607364000E-03  -1.6108263600E-02  -2.6635117600E-02   7.1238708000E-03  -1.1318757610E-01
   31     -2.8670600000E-04  -2.9819090000E-04  -1.5330719000E-03  -1.1764886000E-03  -1.0301581380E-01
   32      1.2554481500E-02  -4.7226905000E-03   2.5777621000E-03   6.9443416000E-03   6.2232620500E-02
   33     -2.1915170000E-04  -1.7806090200E-02   2.4295941700E-02   1.2478868900E-02  -1.2434608940E-01
   34     -3.6884300000E-05   3.3376362000E-03  -1.9751130000E-03  -8.1833330000E-04   8.5302309200E-02
   35     -8.4244780000E-04  -5.5551996000E-03  -3.4101798000E-03   9.1447352000E-03   1.0026720370E-01
   36      1.0838161100E-02   1.5800397000E-03   9.9410810000E-04  -6.7532250000E-04   2.0405728000E-03
   37      4.6095555000E-03  -7.8437460000E-04  -4.8983460000E-04   3.1090559000E-03   2.7198335000E-03
   38      1.1866508900E-02   3.6468633000E-03   3.1894680000E-03  -6.8376648000E-03  -3.2132812000E-03
   39      1.1155838000E-03  -6.1176480000E-04  -9.2872000000E-05  -9.5516280000E-04  -1.1503851000E-03
   40     -1.7083356000E-03  -3.4709370000E-04  -1.4662180000E-04  -7.8794080000E-04  -3.9165790000E-04
   41     -1.8429804300E-02   2.9317607000E-03  -8.3098290000E-04  -1.0312431000E-02  -8.0911102000E-03
   42     -1.7247120000E-04   6.3351470000E-04  -1.3000102000E-03  -5.3990315000E-03  -3.4669609000E-03
   43     -7.2741090000E-04   8.9139080000E-04  -1.0797986000E-03  -4.0875241000E-03  -2.5910460000E-03
   44     -4.0672920000E-03  -5.9201490000E-04   5.6381300000E-04   4.9606054000E-03   2.5682981000E-03
   45      3.6662923000E-03   2.8360300000E-05  -1.2590476000E-03  -1.3053340000E-04   9.4505330000E-04
   46      6.5067092000E-03  -1.5532868000E-03   2.2131893000E-03   7.7390941000E-03   6.4071460000E-03
   47     -1.6406875000E-03   6.6128360000E-04  -6.0689420000E-04   2.9824480000E-03   1.8233770000E-03
                   10                 11                 12                 13                 14        
    0     -1.9772867000E-03  -3.3477230000E-03  -9.5931530000E-04  -1.4056092000E-03  -4.8831510000E-04
    1     -2.7368280000E-03   1.6194742000E-03  -3.5773561000E-03  -4.2223331000E-03   2.4498586000E-03
    2      2.3097698000E-03   8.0387244000E-03  -2.5678543500E-02  -1.8771645300E-02   1.8166402300E-02
    3     -2.4968460200E-02   6.7825809000E-03  -2.7099459500E-02  -1.7234847200E-02  -8.1805829000E-03
    4     -1.1750899000E-03   3.1088269000E-03  -1.5651652000E-02   1.0620289000E-03  -1.3443614300E-02
    5     -5.3472740000E-04   1.5560533300E-02  -2.0911833600E-02  -1.0410099900E-02  -1.9852887100E-02
    6     -2.8746000000E-06   5.7880581900E-02   1.6064715000E-03   8.2219734000E-03  -1.6235636400E-02
    7     -7.2525840700E-02  -2.4177973000E-03   5.4453323000E-03  -4.9208157000E-03   4.7553981000E-03
    8     -2.2017878000E-03  -1.4246883000E-02   1.7717848900E-02  -1.9760200400E-02   3.5789521600E-02
    9      1.7051059100E-02  -1.9586791840E-01  -6.2274854000E-03  -1.8096442400E-02   6.7088603800E-02
   10      3.7629408790E-01   2.0031157900E-02  -1.3318474000E-03   4.6999345000E-03   4.3824420000E-03
   11      2.0031157900E-02   2.1284700260E-01   1.8035022100E-02   8.0083004000E-03  -4.3855898600E-02
   12     -1.3318474000E-03   1.8035022100E-02   4.7890651660E-01   2.1022916000E-02   1.4725686000E-01
   13      4.6999345000E-03   8.0083004000E-03   2.1022916000E-02   2.2016562480E-01  -2.9236633200E-02
   14      4.3824420000E-03  -4.3855898600E-02   1.4725686000E-01  -2.9236633200E-02   2.7306204870E-01
   15     -1.9368505000E-03  -8.7763479000E-03  -2.7701647170E-01  -5.4939383500E-02  -6.1090424300E-02
   16     -2.0799283000E-03  -6.6218632000E-03  -7.8885289600E-02  -7.9161777000E-02  -2.5531459100E-02
   17      3.3065270000E-04  -2.1329507500E-02   3.9918129200E-02   1.9520115100E-02  -5.7931076200E-02
   18     -4.4408910000E-04  -2.4361250000E-04   6.8126370000E-04   8.9779640000E-04  -7.1503010000E-04
   19      3.3439900000E-04   1.4515500000E-05   1.7151560000E-04   6.7477400000E-05   6.9749220000E-04
   20     -1.5678775000E-03   4.2902870000E-04   3.7773840000E-04   7.2871650000E-04   3.2798764000E-03
   21     -9.5898420000E-04   4.5431550000E-04   5.9051990000E-04   4.3748180000E-04   1.2349540000E-04
   22      1.0106613000E-03   1.0984430000E-04  -2.9158230000E-04  -2.8134050000E-04  -2.4955540000E-04
   23      1.2728412000E-03  -8.3318810000E-04  -2.1421310000E-04  -1.3831102000E-03  -1.1346934000E-03
   24     -7.2459130000E-04   4.6005900000E-05  -6.3167270000E-04  -5.0262210000E-04   9.4078800000E-04
   25      2.0967205000E-03  -6.4472410000E-04   3.6200700000E-05  -1.0190212000E-03  -2.6254580000E-04
   26     -1.6475874000E-03  -1.4884888000E-03   5.6186740000E-04   1.1955271000E-03  -9.2297650000E-04
   27      2.3192019500E-02   7.7568406000E-03  -1.0022918000E-03   1.6494314000E-03  -2.1589645000E-03
   28      5.8121410000E-04  -1.6869673000E-03   7.9410640000E-04  -1.5147989000E-03   1.4137454000E-03
   29     -3.1986400000E-03  -3.3972400000E-04  -2.9456530000E-03   5.3480559000E-03  -7.9150382000E-03
   30     -9.7815529100E-02   4.5170867900E-02  -4.2826020000E-04   2.6007140000E-04  -1.8787046000E-03
   31     -1.7799326560E-01   5.9294031300E-02   2.6759860000E-04  -1.1846934000E-03   1.4318520000E-04
   32      6.8554911400E-02  -6.1571664100E-02  -5.2211680000E-04  -6.3607800000E-04  -6.8150290000E-03
   33      8.8466403100E-02   7.7319892900E-02  -1.0478469000E-03   1.3391318000E-03  -2.6740575000E-03
   34     -1.2317533910E-01  -7.7952731600E-02  -3.1112600000E-04  -1.7942442000E-03   1.9068198000E-03
   35     -8.8776628300E-02  -1.0041618930E-01  -6.1978540000E-04   4.5543871000E-03  -9.5425790000E-03
   36     -4.1968000000E-05  -2.0965076000E-03  -3.3690409400E-02   1.0497539900E-02   9.4138666000E-03
   37     -1.8584249000E-03  -1.3322471000E-03  -9.6222955000E-03   4.7064688000E-03   1.0116757000E-03
   38      7.0132850000E-04   1.2442292000E-03  -2.2656890000E-04  -6.0100640000E-03   1.0421078200E-02
   39      9.4711490000E-04  -4.6824070000E-04  -1.2970312300E-02  -2.9865265900E-02   1.1445735000E-03
   40     -9.4271310000E-04   1.1411630000E-04  -6.1471235000E-03  -1.0385317100E-02  -2.2926990000E-04
   41     -1.2035986000E-03   2.6894242000E-03  -6.8652928000E-03  -1.3710573000E-03   6.8663088000E-03
   42      1.9389174000E-03  -1.1741340000E-03  -1.0712982510E-01   6.2683618400E-02  -1.3219351810E-01
   43     -2.6369940000E-04  -1.0414958000E-03   8.1517196800E-02  -4.6262427600E-02   1.1085520370E-01
   44     -1.8706683000E-03   2.5145857000E-03  -1.6215652890E-01   1.0928871820E-01  -1.6016555210E-01
   45     -1.3930328000E-03  -1.4716237000E-03  -1.3581421200E-02   1.5034209600E-02  -3.5295380000E-04
   46     -2.2658884000E-03  -6.0244060000E-04   6.5634060000E-03  -7.9954765600E-02  -5.8662743100E-02
   47      3.4184118000E-03   7.5801530000E-04  -3.7269303000E-03  -6.1064931800E-02  -3.9449505800E-02
                   15                 16                 17                 18                 19        
    0      4.7712581000E-03  -1.7638093200E-02  -4.7052912800E-02  -1.5017550900E-01  -1.1477059270E-01
    1      3.8836159000E-03  -3.0585632000E-03   1.1741473900E-02  -1.1346629380E-01  -1.5927873580E-01
    2      4.9778232500E-02   9.3603222000E-03   1.4359861500E-02  -3.5358211400E-02  -3.6309495500E-02
    3      3.1139522300E-02   1.3883808200E-02   4.9264288400E-02  -1.8362845000E-02  -1.9420630000E-04
    4     -1.4131076000E-03   1.7518059000E-03   2.1566774000E-03  -2.6888010100E-02   7.0159140000E-04
    5     -3.5831521300E-02   2.8008692700E-02   3.2679941400E-02  -9.3125640000E-04   5.7634230000E-04
    6     -2.8435015600E-02  -4.1756568000E-03   1.2513941800E-02  -4.6938625000E-03  -1.3750072000E-03
    7     -1.4115876400E-02   1.1107452000E-03   1.0624479800E-02   2.6008837000E-03  -4.7902630000E-04
    8      5.2440590100E-02   1.7633405600E-02  -4.3080637000E-03  -7.6180740000E-04   4.1140690000E-04
    9      2.5417579100E-02   1.1957646800E-02   2.4967326200E-02  -8.4931740000E-04  -4.3952300000E-05
   10     -1.9368505000E-03  -2.0799283000E-03   3.3065270000E-04  -4.4408910000E-04   3.3439900000E-04
   11     -8.7763479000E-03  -6.6218632000E-03  -2.1329507500E-02  -2.4361250000E-04   1.4515500000E-05
   12     -2.7701647170E-01  -7.8885289600E-02   3.9918129200E-02   6.8126370000E-04   1.7151560000E-04
   13     -5.4939383500E-02  -7.9161777000E-02   1.9520115100E-02   8.9779640000E-04   6.7477400000E-05
   14     -6.1090424300E-02  -2.5531459100E-02  -5.7931076200E-02  -7.1503010000E-04   6.9749220000E-04
   15      4.6195225970E-01   6.9718119600E-02  -1.5384997570E-01  -1.0053719000E-03   2.0267930000E-04
   16      6.9718119600E-02   4.0195118120E-01  -5.1461351000E-02  -3.5819470000E-04  -1.0533763000E-03
   17     -1.5384997570E-01  -5.1461351000E-02   2.3617735520E-01  -1.8102115000E-03   2.0397450000E-04
   18     -1.0053719000E-03  -3.5819470000E-04  -1.8102115000E-03   1.6032368690E-01   1.3023465280E-01
   19      2.0267930000E-04  -1.0533763000E-03   2.0397450000E-04   1.3023465280E-01   2.1516306330E-01
   20      2.6928231000E-03   7.2429090000E-04   2.2864010000E-03   3.9259902300E-02   2.6640258200E-02
   21     -1.9131610000E-03   3.0700320000E-04  -6.2280540000E-04   1.1807690000E-02  -1.2962658300E-02
   22     -1.3427700000E-05  -8.2241360000E-04  -1.0080599000E-03   6.9406738000E-03  -6.1031992200E-02
   23      3.4865579000E-03  -1.5196676000E-03  -6.2088050000E-03  -4.0858930000E-04   8.9347669000E-03
   24     -2.8079150000E-04   1.5630205000E-03   2.7573646000E-03   2.5849313000E-03   4.7876240000E-04
   25      6.2184240000E-04  -1.5065850000E-03  -2.3834653000E-03  -6.2920030000E-04   6.1421810000E-04
   26      2.2187455000E-03  -2.2461274000E-03  -5.8907121000E-03   9.7415980000E-04  -8.9520700000E-05
   27     -3.2571350000E-04  -3.8294840000E-04  -2.7708460000E-04  -7.2685680000E-04  -4.0581610000E-04
   28     -2.4859450000E-04  -1.3553610000E-03  -1.0911863000E-03   2.9971760000E-04  -7.7614000000E-05
   29     -2.1650010000E-03  -1.3036658000E-03  -1.8165717000E-03   9.9824200000E-05  -6.9055210000E-04
   30     -7.6862150000E-04  -7.0903000000E-05  -1.8951882000E-03  -1.8041316000E-03   5.0937460000E-04
   31      3.6883840000E-04  -9.4731340000E-04  -4.1072390000E-04   5.4381550000E-04   2.7038740000E-04
   32     -4.1682450000E-03  -3.1261393000E-03  -2.4000237000E-03  -5.9665760000E-04   1.7568800000E-04
   33     -9.2051400000E-05  -6.9235400000E-04  -2.0799772000E-03   2.4996060000E-04  -1.0493091000E-03
   34      1.3147121000E-03  -7.3104540000E-04   5.8386540000E-04   7.6404950000E-04   4.6618170000E-04
   35     -4.5815357000E-03  -1.4667854000E-03  -5.4215834000E-03  -7.0163040000E-04  -3.5488660000E-04
   36     -1.2466092810E-01   6.4380150200E-02   9.9730086700E-02  -5.8055000000E-06   6.7343560000E-04
   37      6.7219483600E-02  -7.4476267700E-02  -6.7200174600E-02  -8.4920470000E-04   8.2955760000E-04
   38      1.2176593380E-01  -6.4352111300E-02  -1.2673216240E-01   2.1132140000E-04   1.9771780000E-04
   39     -4.1892072600E-02  -3.5683391800E-02   1.4844589100E-02   1.3334957000E-03  -6.9033210000E-04
   40     -3.9535477600E-02  -2.2449231580E-01   9.2325336400E-02  -3.0998840000E-04   5.7570760000E-04
   41      2.7880030600E-02   1.0368306270E-01  -6.2829319800E-02   4.1152330000E-04   1.1467520000E-04
   42     -3.7265996600E-02   6.4162076000E-03  -1.6647769500E-02   1.5407978000E-03  -1.6936909000E-03
   43     -1.8517958600E-02   8.7176680000E-04  -7.0782856000E-03   3.6139310000E-04   1.3441238000E-03
   44      9.6490973000E-03   5.3483981000E-03   4.8396120000E-03   3.6459540000E-04  -5.8137240000E-04
   45     -9.6244237000E-03  -3.0339124600E-02  -1.9759801000E-02  -8.9812630000E-04   9.1514460000E-04
   46     -1.2608614900E-02  -1.6000552400E-02  -6.8533286000E-03   3.0199870000E-04   1.5540373000E-03
   47      5.5104010000E-04  -7.1290020000E-03   4.5246544000E-03   2.0568010000E-04   5.8989800000E-05
                   20                 21                 22                 23                 24        
    0     -4.7643660300E-02  -1.3215891610E-01   9.5164666000E-02  -8.4363843700E-02  -2.0341029100E-02
    1     -4.4360268400E-02   9.9176184700E-02  -1.4166448000E-01   8.2159373600E-02   2.3878998900E-02
    2     -4.7188305500E-02  -6.7101118400E-02   7.2270906800E-02  -8.1907679800E-02  -5.6349980000E-03
    3      5.1938002000E-03  -1.8300898200E-02   5.6676561000E-03   6.8616751000E-03  -9.8548518100E-02
    4      4.3688448000E-03   2.4732324000E-02  -3.2859772000E-03  -2.3924000000E-04   1.0676834080E-01
    5     -2.5235000000E-06  -8.8089949000E-03   1.6723838000E-03   9.6382684000E-03  -5.4552684000E-03
    6      5.5129810000E-04   2.5511266000E-03  -7.0839050000E-04   3.2872370000E-04   6.2111881000E-03
    7     -9.8215240000E-04   1.1261798000E-03  -5.5899940000E-04   3.4092960000E-04  -1.0977011800E-02
    8      5.7405178000E-03   1.8368477000E-03  -5.7700170000E-04  -4.8172154000E-03   1.9220460000E-04
    9     -1.5634586000E-03   7.8345670000E-04   3.1319360000E-04   5.6115470000E-04   5.1256790000E-04
   10     -1.5678775000E-03  -9.5898420000E-04   1.0106613000E-03   1.2728412000E-03  -7.2459130000E-04
   11      4.2902870000E-04   4.5431550000E-04   1.0984430000E-04  -8.3318810000E-04   4.6005900000E-05
   12      3.7773840000E-04   5.9051990000E-04  -2.9158230000E-04  -2.1421310000E-04  -6.3167270000E-04
   13      7.2871650000E-04   4.3748180000E-04  -2.8134050000E-04  -1.3831102000E-03  -5.0262210000E-04
   14      3.2798764000E-03   1.2349540000E-04  -2.4955540000E-04  -1.1346934000E-03   9.4078800000E-04
   15      2.6928231000E-03  -1.9131610000E-03  -1.3427700000E-05   3.4865579000E-03  -2.8079150000E-04
   16      7.2429090000E-04   3.0700320000E-04  -8.2241360000E-04  -1.5196676000E-03   1.5630205000E-03
   17      2.2864010000E-03  -6.2280540000E-04  -1.0080599000E-03  -6.2088050000E-03   2.7573646000E-03
   18      3.9259902300E-02   1.1807690000E-02   6.9406738000E-03  -4.0858930000E-04   2.5849313000E-03
   19      2.6640258200E-02  -1.2962658300E-02  -6.1031992200E-02   8.9347669000E-03   4.7876240000E-04
   20      2.8083895100E-02   2.7112605000E-03   1.3752594300E-02   1.2957423600E-02  -1.0647000000E-06
   21      2.7112605000E-03   1.3916473420E-01  -1.0833591920E-01   7.3337004000E-02  -5.1163408000E-03
   22      1.3752594300E-02  -1.0833591920E-01   2.0207164960E-01  -8.7071436200E-02   2.8348631000E-03
   23      1.2957423600E-02   7.3337004000E-02  -8.7071436200E-02   6.3239524600E-02   2.9158637000E-03
   24     -1.0647000000E-06  -5.1163408000E-03   2.8348631000E-03   2.9158637000E-03   1.1587450820E-01
   25     -5.8333080000E-04  -4.7453830000E-04  -1.9192690000E-04  -4.1460520000E-04  -1.1990842510E-01
   26     -4.3882236000E-03  -2.0942938000E-03   2.1145870000E-03   8.0159778000E-03   4.1934770000E-03
   27      1.3915120000E-04   5.2619690000E-04  -5.6198290000E-04  -1.3405010000E-04  -1.2596800000E-03
   28     -2.9769790000E-04  -2.0566060000E-04  -1.7764090000E-04   1.3459670000E-04  -2.6825761000E-03
   29     -6.0856900000E-04   5.0907300000E-05  -4.9358360000E-04   4.1151710000E-04   2.8608270000E-04
   30      3.5778710000E-04   3.3254400000E-04   5.7877460000E-04   6.9963560000E-04  -7.1000780000E-04
   31     -1.6670730000E-04  -9.1421180000E-04   6.0093600000E-04   4.2301230000E-04  -3.3434820000E-04
   32     -6.9734230000E-04  -6.3336290000E-04   2.8827120000E-04   1.4471349000E-03  -1.4041030000E-04
   33      7.6559600000E-04  -4.0686640000E-04  -1.0939144000E-03   5.0164770000E-04   6.5094530000E-04
   34     -4.5108120000E-04  -1.0846023000E-03   3.7589190000E-04   6.2516830000E-04  -3.4140300000E-04
   35      1.6665565000E-03  -3.8692760000E-04  -5.4644940000E-04  -3.2936900000E-05   1.4840360000E-04
   36     -1.0687544000E-03   7.6024670000E-04   7.0091890000E-04  -1.4104147000E-03  -2.6189380000E-04
   37      4.0934900000E-04   6.3180340000E-04   8.9118560000E-04  -1.3871291000E-03  -1.2510210000E-04
   38     -1.0999211000E-03   1.3355600000E-04   4.9994130000E-04  -9.0193200000E-05  -3.5107500000E-05
   39     -3.5571600000E-04  -8.2207600000E-05  -3.5796360000E-04  -1.4424993000E-03   6.4011340000E-04
   40      4.5726390000E-04   5.3204000000E-06   4.6803980000E-04   2.9706500000E-05   2.1858230000E-04
   41      6.5334210000E-04   4.5502450000E-04  -2.6436350000E-04  -1.0485259000E-03  -9.9660000000E-07
   42     -9.5545610000E-04   3.4300190000E-04  -1.6467108000E-03  -8.0591260000E-04   1.3688350000E-03
   43      8.3292740000E-04  -1.0321076000E-03   1.0359746000E-03  -1.3968910000E-04   2.1286400000E-04
   44      5.7245390000E-04   5.1196010000E-04  -1.1501803000E-03  -1.0833374000E-03   1.2157370000E-04
   45     -4.6124690000E-04   1.1188732000E-03   8.0914530000E-04   8.7260300000E-05  -6.9315530000E-04
   46      4.9487040000E-04  -4.4761510000E-04   1.5604320000E-03  -1.7655176000E-03  -3.5935210000E-04
   47     -1.6846101000E-03   3.3131900000E-05   6.5210120000E-04   1.4467289000E-03  -3.3391840000E-04
                   25                 26                 27                 28                 29        
    0      4.4629628000E-03  -2.4051881000E-03   5.5852530000E-04   8.9162420000E-04  -6.4575140000E-04
    1     -5.6392850000E-04   1.2879770000E-03  -1.1076122000E-03   1.6911314000E-03   9.8960510000E-04
    2      8.9223780000E-04   2.6232210000E-03  -2.4045170000E-04   6.3322510000E-04   5.1388580000E-04
    3      1.0757386030E-01  -2.6440637000E-03   5.5018494000E-03   9.8637503000E-03   1.7725797000E-03
    4     -2.4083840510E-01   1.0834735100E-02  -1.1232621100E-02  -2.7188631100E-02   2.7944260000E-04
    5      1.2059470400E-02  -3.0518266500E-02   1.8517720000E-04  -1.0637852000E-03   1.4163833000E-03
    6      1.0563188700E-02  -1.7534184000E-03  -9.9554901200E-02   1.0795181250E-01   5.2563063000E-03
    7     -2.5966176100E-02   1.8432854000E-03   1.0836825030E-01  -2.3942092090E-01  -1.8502951800E-02
    8      1.3878124000E-03   2.8544712000E-03   9.3981447000E-03  -1.6670341900E-02  -2.8108274800E-02
    9      1.1271526000E-03   9.0382930000E-04  -2.1370487100E-02   4.4222057000E-03   8.8557142000E-03
   10      2.0967205000E-03  -1.6475874000E-03   2.3192019500E-02   5.8121410000E-04  -3.1986400000E-03
   11     -6.4472410000E-04  -1.4884888000E-03   7.7568406000E-03  -1.6869673000E-03  -3.3972400000E-04
   12      3.6200700000E-05   5.6186740000E-04  -1.0022918000E-03   7.9410640000E-04  -2.9456530000E-03
   13     -1.0190212000E-03   1.1955271000E-03   1.6494314000E-03  -1.5147989000E-03   5.3480559000E-03
   14     -2.6254580000E-04  -9.2297650000E-04  -2.1589645000E-03   1.4137454000E-03  -7.9150382000E-03
   15      6.2184240000E-04   2.2187455000E-03  -3.2571350000E-04  -2.4859450000E-04  -2.1650010000E-03
   16     -1.5065850000E-03  -2.2461274000E-03  -3.8294840000E-04  -1.3553610000E-03  -1.3036658000E-03
   17     -2.3834653000E-03  -5.8907121000E-03  -2.7708460000E-04  -1.0911863000E-03  -1.8165717000E-03
   18     -6.2920030000E-04   9.7415980000E-04  -7.2685680000E-04   2.9971760000E-04   9.9824200000E-05
   19      6.1421810000E-04  -8.9520700000E-05  -4.0581610000E-04  -7.7614000000E-05  -6.9055210000E-04
   20     -5.8333080000E-04  -4.3882236000E-03   1.3915120000E-04  -2.9769790000E-04  -6.0856900000E-04
   21     -4.7453830000E-04  -2.0942938000E-03   5.2619690000E-04  -2.0566060000E-04   5.0907300000E-05
   22     -1.9192690000E-04   2.1145870000E-03  -5.6198290000E-04  -1.7764090000E-04  -4.9358360000E-04
   23     -4.1460520000E-04   8.0159778000E-03  -1.3405010000E-04   1.3459670000E-04   4.1151710000E-04
   24     -1.1990842510E-01   4.1934770000E-03  -1.2596800000E-03  -2.6825761000E-03   2.8608270000E-04
   25      2.6881923400E-01  -1.0775282500E-02  -2.5641217000E-03  -3.4699379000E-03   2.5007790000E-04
   26     -1.0775282500E-02   2.6445328700E-02   7.7475000000E-05   4.9974670000E-04   2.7797487000E-03
   27     -2.5641217000E-03   7.7475000000E-05   1.1922365250E-01  -1.1928791280E-01  -1.2390090500E-02
   28     -3.4699379000E-03   4.9974670000E-04  -1.1928791280E-01   2.6772181950E-01   1.6675605300E-02
   29      2.5007790000E-04   2.7797487000E-03  -1.2390090500E-02   1.6675605300E-02   3.0535470500E-02
   30      1.4955780000E-04  -4.2009140000E-04   2.3320885000E-03  -8.4025150000E-04  -2.2094668000E-03
   31     -9.5356800000E-05   7.2742160000E-04   5.4352540000E-04   6.0884320000E-04  -1.5606500000E-04
   32     -4.8776900000E-05  -1.1222330000E-03  -1.2392365000E-03   5.7425560000E-04  -4.8690684000E-03
   33     -8.3601200000E-05   1.5198050000E-04  -4.9520408000E-03  -4.3298540000E-04   4.2210202000E-03
   34     -2.1897150000E-04   5.1230830000E-04   2.5394691000E-03  -7.0894000000E-06  -2.0489082000E-03
   35     -7.7064200000E-05   1.2179419000E-03  -7.8850660000E-04   6.1545480000E-04   7.7703129000E-03
   36     -4.9203380000E-04  -1.5667970000E-04   7.0523510000E-04  -9.7948700000E-05  -2.0078170000E-04
   37      5.3384040000E-04  -1.5923102000E-03   2.8700700000E-05   4.4828970000E-04   7.0781750000E-04
   38      3.2991490000E-04  -1.3379590000E-03  -2.3290760000E-04   3.2485950000E-04   9.0412760000E-04
   39      6.7657000000E-06   3.9737980000E-04  -6.5192800000E-05  -1.2821730000E-04  -3.1598080000E-04
   40      8.0425460000E-04  -1.2390888000E-03  -3.8348790000E-04   7.2769620000E-04   6.9585640000E-04
   41      3.2059050000E-04   1.1279650000E-03   3.5167120000E-04  -3.4598350000E-04  -3.0001400000E-05
   42      6.8845200000E-05   2.1793560000E-04  -4.9771630000E-04  -3.1732230000E-04   3.8492580000E-04
   43      4.2165910000E-04  -1.3714290000E-03  -1.0735450000E-04   4.8318070000E-04   2.1121693000E-03
   44     -7.4376840000E-04   1.2399964000E-03  -1.5700000000E-08  -7.9878640000E-04  -1.9056231000E-03
   45     -4.5845580000E-04  -2.2311490000E-04   9.0733280000E-04   1.8252800000E-05  -5.4635200000E-05
   46      5.8038230000E-04  -5.4242300000E-05  -2.8753880000E-04   9.4981940000E-04  -6.6426350000E-04
   47      6.9345920000E-04  -6.3579120000E-04  -4.4715210000E-04   1.0832595000E-03   1.2614246000E-03
                   30                 31                 32                 33                 34        
    0     -1.6871326000E-03  -2.9382560000E-04  -2.5401960000E-04   1.6612000000E-06   8.4292400000E-05
    1      5.6742800000E-05  -6.8491000000E-05   2.1693693000E-03  -1.2122201000E-03   2.2114480000E-04
    2     -7.0881380000E-04   7.0518020000E-04  -4.9755310000E-04  -6.8433550000E-04  -5.7089250000E-04
    3     -5.0028791000E-03  -1.0780708000E-03   3.1346111000E-03   1.2145021000E-03  -7.0421910000E-04
    4      8.5064300000E-04   3.3548920000E-04   7.1072270000E-04   5.2308840000E-04   2.9410700000E-05
    5      7.3607364000E-03  -2.8670600000E-04   1.2554481500E-02  -2.1915170000E-04  -3.6884300000E-05
    6     -1.6108263600E-02  -2.9819090000E-04  -4.7226905000E-03  -1.7806090200E-02   3.3376362000E-03
    7     -2.6635117600E-02  -1.5330719000E-03   2.5777621000E-03   2.4295941700E-02  -1.9751130000E-03
    8      7.1238708000E-03  -1.1764886000E-03   6.9443416000E-03   1.2478868900E-02  -8.1833330000E-04
    9     -1.1318757610E-01  -1.0301581380E-01   6.2232620500E-02  -1.2434608940E-01   8.5302309200E-02
   10     -9.7815529100E-02  -1.7799326560E-01   6.8554911400E-02   8.8466403100E-02  -1.2317533910E-01
   11      4.5170867900E-02   5.9294031300E-02  -6.1571664100E-02   7.7319892900E-02  -7.7952731600E-02
   12     -4.2826020000E-04   2.6759860000E-04  -5.2211680000E-04  -1.0478469000E-03  -3.1112600000E-04
   13      2.6007140000E-04  -1.1846934000E-03  -6.3607800000E-04   1.3391318000E-03  -1.7942442000E-03
   14     -1.8787046000E-03   1.4318520000E-04  -6.8150290000E-03  -2.6740575000E-03   1.9068198000E-03
   15     -7.6862150000E-04   3.6883840000E-04  -4.1682450000E-03  -9.2051400000E-05   1.3147121000E-03
   16     -7.0903000000E-05  -9.4731340000E-04  -3.1261393000E-03  -6.9235400000E-04  -7.3104540000E-04
   17     -1.8951882000E-03  -4.1072390000E-04  -2.4000237000E-03  -2.0799772000E-03   5.8386540000E-04
   18     -1.8041316000E-03   5.4381550000E-04  -5.9665760000E-04   2.4996060000E-04   7.6404950000E-04
   19      5.0937460000E-04   2.7038740000E-04   1.7568800000E-04  -1.0493091000E-03   4.6618170000E-04
   20      3.5778710000E-04  -1.6670730000E-04  -6.9734230000E-04   7.6559600000E-04  -4.5108120000E-04
   21      3.3254400000E-04  -9.1421180000E-04  -6.3336290000E-04  -4.0686640000E-04  -1.0846023000E-03
   22      5.7877460000E-04   6.0093600000E-04   2.8827120000E-04  -1.0939144000E-03   3.7589190000E-04
   23      6.9963560000E-04   4.2301230000E-04   1.4471349000E-03   5.0164770000E-04   6.2516830000E-04
   24     -7.1000780000E-04  -3.3434820000E-04  -1.4041030000E-04   6.5094530000E-04  -3.4140300000E-04
   25      1.4955780000E-04  -9.5356800000E-05  -4.8776900000E-05  -8.3601200000E-05  -2.1897150000E-04
   26     -4.2009140000E-04   7.2742160000E-04  -1.1222330000E-03   1.5198050000E-04   5.1230830000E-04
   27      2.3320885000E-03   5.4352540000E-04  -1.2392365000E-03  -4.9520408000E-03   2.5394691000E-03
   28     -8.4025150000E-04   6.0884320000E-04   5.7425560000E-04  -4.3298540000E-04  -7.0894000000E-06
   29     -2.2094668000E-03  -1.5606500000E-04  -4.8690684000E-03   4.2210202000E-03  -2.0489082000E-03
   30      1.2258988440E-01   1.1272396800E-01  -5.5274085100E-02   1.1967378800E-02   1.1369599700E-02
   31      1.1272396800E-01   2.3694503180E-01  -5.4811357800E-02  -7.3952558000E-03  -6.2531444600E-02
   32     -5.5274085100E-02  -5.4811357800E-02   4.0937922300E-02  -4.9330820000E-04  -1.3676332800E-02
   33      1.1967378800E-02  -7.3952558000E-03  -4.9330820000E-04   1.3236636750E-01  -1.0148484660E-01
   34      1.1369599700E-02  -6.2531444600E-02  -1.3676332800E-02  -1.0148484660E-01   1.8396666480E-01
   35      1.3449612000E-03  -4.6879955000E-03   1.4619725400E-02  -8.9330271700E-02   9.2355160800E-02
   36      9.8144980000E-04  -1.1337769000E-03   4.8239940000E-04   2.8264840000E-04  -1.1044422000E-03
   37      3.0951110000E-04   1.4186465000E-03  -6.5065050000E-04  -9.3611000000E-04   1.3198195000E-03
   38     -8.1150200000E-05   5.0552270000E-04   1.0475076000E-03  -3.8209340000E-04   5.7225660000E-04
   39     -2.2732860000E-04   2.3500870000E-04   6.9922070000E-04   1.2837089000E-03   2.1321550000E-04
   40     -8.7268900000E-05   1.8322398000E-03  -1.9407950000E-04  -6.5025410000E-04   1.9299921000E-03
   41      4.9465640000E-04  -1.0060500000E-05   2.6352930000E-04   6.7786750000E-04  -4.0531830000E-04
   42     -3.9234000000E-05   1.0577626000E-03   1.0931272000E-03   1.1012749000E-03   1.3052122000E-03
   43     -9.3211540000E-04   1.4642047000E-03  -1.3610180000E-04   7.5618470000E-04   1.8086510000E-03
   44      1.9353780000E-04  -8.3131960000E-04  -5.1693640000E-04   3.5814990000E-04  -1.0722351000E-03
   45      1.7600897000E-03  -1.2770235000E-03   4.0215370000E-04  -4.6746250000E-04  -1.1998569000E-03
   46     -4.2705750000E-04   8.7785810000E-04  -1.7714638000E-03  -3.4989910000E-04   3.1549090000E-04
   47     -2.7855300000E-04   7.3907090000E-04   6.7520730000E-04  -6.1182870000E-04   4.7713820000E-04
                   35                 36                 37                 38                 39        
    0     -1.3480360000E-03  -4.7274874000E-03  -3.5361982000E-03  -4.4116637000E-03   8.3121160000E-04
    1     -8.2724900000E-04   3.1855390000E-04   1.6497007000E-03  -2.3601899000E-03   2.7110191000E-03
    2      1.5204623000E-03  -3.7718795000E-03   1.3346096000E-03  -8.3783422000E-03   3.4456096000E-03
    3     -3.6677840000E-04  -1.2096876000E-03   1.0160399000E-03  -1.9158107000E-03   1.6469851000E-03
    4     -4.5000100000E-05   2.2612934000E-03  -3.4016220000E-04   2.2250242000E-03  -1.3270566000E-03
    5     -8.4244780000E-04   1.0838161100E-02   4.6095555000E-03   1.1866508900E-02   1.1155838000E-03
    6     -5.5551996000E-03   1.5800397000E-03  -7.8437460000E-04   3.6468633000E-03  -6.1176480000E-04
    7     -3.4101798000E-03   9.9410810000E-04  -4.8983460000E-04   3.1894680000E-03  -9.2872000000E-05
    8      9.1447352000E-03  -6.7532250000E-04   3.1090559000E-03  -6.8376648000E-03  -9.5516280000E-04
    9      1.0026720370E-01   2.0405728000E-03   2.7198335000E-03  -3.2132812000E-03  -1.1503851000E-03
   10     -8.8776628300E-02  -4.1968000000E-05  -1.8584249000E-03   7.0132850000E-04   9.4711490000E-04
   11     -1.0041618930E-01  -2.0965076000E-03  -1.3322471000E-03   1.2442292000E-03  -4.6824070000E-04
   12     -6.1978540000E-04  -3.3690409400E-02  -9.6222955000E-03  -2.2656890000E-04  -1.2970312300E-02
   13      4.5543871000E-03   1.0497539900E-02   4.7064688000E-03  -6.0100640000E-03  -2.9865265900E-02
   14     -9.5425790000E-03   9.4138666000E-03   1.0116757000E-03   1.0421078200E-02   1.1445735000E-03
   15     -4.5815357000E-03  -1.2466092810E-01   6.7219483600E-02   1.2176593380E-01  -4.1892072600E-02
   16     -1.4667854000E-03   6.4380150200E-02  -7.4476267700E-02  -6.4352111300E-02  -3.5683391800E-02
   17     -5.4215834000E-03   9.9730086700E-02  -6.7200174600E-02  -1.2673216240E-01   1.4844589100E-02
   18     -7.0163040000E-04  -5.8055000000E-06  -8.4920470000E-04   2.1132140000E-04   1.3334957000E-03
   19     -3.5488660000E-04   6.7343560000E-04   8.2955760000E-04   1.9771780000E-04  -6.9033210000E-04
   20      1.6665565000E-03  -1.0687544000E-03   4.0934900000E-04  -1.0999211000E-03  -3.5571600000E-04
   21     -3.8692760000E-04   7.6024670000E-04   6.3180340000E-04   1.3355600000E-04  -8.2207600000E-05
   22     -5.4644940000E-04   7.0091890000E-04   8.9118560000E-04   4.9994130000E-04  -3.5796360000E-04
   23     -3.2936900000E-05  -1.4104147000E-03  -1.3871291000E-03  -9.0193200000E-05  -1.4424993000E-03
   24      1.4840360000E-04  -2.6189380000E-04  -1.2510210000E-04  -3.5107500000E-05   6.4011340000E-04
   25     -7.7064200000E-05  -4.9203380000E-04   5.3384040000E-04   3.2991490000E-04   6.7657000000E-06
   26      1.2179419000E-03  -1.5667970000E-04  -1.5923102000E-03  -1.3379590000E-03   3.9737980000E-04
   27     -7.8850660000E-04   7.0523510000E-04   2.8700700000E-05  -2.3290760000E-04  -6.5192800000E-05
   28      6.1545480000E-04  -9.7948700000E-05   4.4828970000E-04   3.2485950000E-04  -1.2821730000E-04
   29      7.7703129000E-03  -2.0078170000E-04   7.0781750000E-04   9.0412760000E-04  -3.1598080000E-04
   30      1.3449612000E-03   9.8144980000E-04   3.0951110000E-04  -8.1150200000E-05  -2.2732860000E-04
   31     -4.6879955000E-03  -1.1337769000E-03   1.4186465000E-03   5.0552270000E-04   2.3500870000E-04
   32      1.4619725400E-02   4.8239940000E-04  -6.5065050000E-04   1.0475076000E-03   6.9922070000E-04
   33     -8.9330271700E-02   2.8264840000E-04  -9.3611000000E-04  -3.8209340000E-04   1.2837089000E-03
   34      9.2355160800E-02  -1.1044422000E-03   1.3198195000E-03   5.7225660000E-04   2.1321550000E-04
   35      7.9231601900E-02   6.9146200000E-05   4.0259030000E-04  -5.7726830000E-04   8.1658810000E-04
   36      6.9146200000E-05   1.6061217760E-01  -8.7032259400E-02  -1.1660015940E-01   3.1301860000E-03
   37      4.0259030000E-04  -8.7032259400E-02   1.1443868650E-01   7.0670760800E-02   3.1714209000E-02
   38     -5.7726830000E-04  -1.1660015940E-01   7.0670760800E-02   1.1078821420E-01   3.4934118000E-03
