
$orca_hessian_file

$act_atom
  0

$act_coord
  0

$act_energy
      -21.820905

$multiplicity
  1

$hessian
48
                    0                  1                  2                  3                  4        
    0      7.0584246700E-01  -9.2673840000E-04  -1.6779788830E-01  -3.8172198710E-01   3.9660172500E-02
    1     -9.2673840000E-04   5.4652007090E-01  -1.8606680200E-02   1.7190285700E-02  -8.0341115200E-02
    2     -1.6779788830E-01  -1.8606680200E-02   1.0180242430E-01   1.0364989560E-01  -2.8084133300E-02
    3     -3.8172198710E-01   1.7190285700E-02   1.0364989560E-01   6.5429840540E-01  -2.3189231800E-02
    4      3.9660172500E-02  -8.0341115200E-02  -2.8084133300E-02  -2.3189231800E-02   6.0152100760E-01
    5      1.5965043760E-01  -3.0122995000E-03  -5.5017573700E-02  -1.4197786140E-01   4.7882013800E-02
    6     -5.4181428900E-02  -2.4125823200E-02   4.6886252300E-02  -8.7434681500E-02  -8.1611558100E-02
    7     -2.5675161900E-02   6.1767750000E-04   2.9126874300E-02  -8.5336775500E-02  -2.4942661780E-01
    8      6.0901172000E-03   9.3685437000E-03   3.2986235000E-03   1.3966627000E-03  -5.7165606000E-03
    9      7.9151955000E-03  -4.6600455000E-03  -1.2562878200E-02  -5.8024212400E-02  -2.9438403200E-02
   10     -3.3526891000E-03  -3.1760885000E-03   4.0871527000E-03  -2.5828730400E-02   5.1598530000E-04
   11      5.4645589000E-03  -4.3226226000E-03  -2.0262628500E-02  -3.2517527600E-02  -2.0011150300E-02
   12      3.4010910000E-03  -8.1104571000E-03  -5.6362035900E-02  -4.2983110100E-02  -2.0068557300E-02
   13      1.6240228000E-03  -3.7044918000E-03  -2.7341511000E-02  -2.0904475600E-02  -4.1523840000E-03
   14     -5.5720437000E-03   4.7138610000E-04   1.9562399300E-02   1.2417380500E-02   8.6575186000E-03
   15     -1.4280018600E-02   7.7630808000E-03   7.4696723500E-02   4.4517476000E-02   1.3206258700E-02
   16     -3.0499195000E-03  -1.1822019500E-02   2.5314063500E-02   1.5290589100E-02   6.0612521000E-03
   17     -6.7566542000E-03   1.3271662900E-02   6.3468585800E-02   5.4986727200E-02   1.4173790000E-02
   18     -1.4153378460E-01  -1.2380128710E-01   9.5781607000E-03  -1.7252635000E-02  -2.2790630800E-02
   19     -1.2360217500E-01  -2.0463244370E-01   8.0994652000E-03  -4.8249300000E-04   2.8497610000E-04
   20      4.0719522000E-03   3.6868514000E-03  -3.4427211600E-02   8.9555699000E-03   1.1996633800E-02
   21     -1.0792782880E-01   1.1174631220E-01   3.0181523000E-03  -1.3592644200E-02   2.5380952900E-02
   22      1.0968367300E-01  -2.3977594980E-01   4.8688540000E-03   6.7258780000E-03  -5.1836649000E-03
   23     -4.6366810000E-03   9.9723308000E-03  -2.5257058500E-02   1.3721335000E-02  -1.1559942100E-02
   24     -1.6689731800E-02   2.6161044800E-02   2.0408191000E-03  -1.0027206320E-01   1.0670167040E-01
   25      4.0649772000E-03  -3.0947597000E-03  -1.3801249000E-03   1.0639560610E-01  -2.4403753830E-01
   26      8.5679535000E-03  -9.3250363000E-03  -3.7014795000E-03   2.9963058000E-03  -8.5202810000E-03
   27      8.8958890000E-04  -2.5896243000E-03  -4.1255300000E-05   6.4678033000E-03  -1.0502188400E-02
   28      1.2835368000E-03   5.4866350000E-04  -3.0668180000E-04   1.0591572500E-02  -2.7225430900E-02
   29      3.0452940000E-04   5.0883860000E-04  -2.0345747000E-03  -1.1143730000E-03  -4.6052701000E-03
   30     -4.8261670000E-04  -9.7547440000E-04  -6.5893080000E-04  -5.8672395000E-03   6.5349000000E-04
   31      4.1950600000E-05  -7.2224800000E-05  -6.9493610000E-04  -1.0841718000E-03   5.2773960000E-04
   32     -1.6634935000E-03  -1.1316156000E-03   1.1854600000E-04  -1.4166930000E-03   7.7556850000E-04
   33      2.2407890000E-04  -1.0260790000E-04  -1.7173230000E-04   9.5943320000E-04   1.7870207000E-03
   34     -3.1875050000E-04  -2.6417860000E-04   2.6267170000E-04  -1.6945301000E-03   1.3774110000E-03
   35      1.8703500000E-04   1.8865920000E-04   4.8617490000E-04   1.3550211000E-03   8.0880160000E-04
   36      6.4388100000E-04  -2.0803900000E-04  -4.2470613000E-03  -2.0929043000E-03  -5.2726520000E-04
   37      3.1266860000E-04   8.0232520000E-04   1.9971160000E-04   3.8357930000E-04  -3.6422660000E-04
   38      2.3034418000E-03  -5.0108647000E-03  -1.9368108600E-02  -7.0713037000E-03  -1.9652043000E-03
   39     -2.2582380000E-04   2.2912161000E-03  -4.1338109000E-03  -1.0014533000E-03  -1.2178922000E-03
   40      6.4799540000E-04  -6.6390940000E-04   2.3570746000E-03   4.5842060000E-04   3.1079850000E-04
   41     -2.2340028000E-03   6.3559150000E-03  -1.5040111600E-02  -5.2647034000E-03   6.8098000000E-05
   42     -1.3135612000E-03   2.3421470000E-04   4.2712870000E-03   2.5075062000E-03   1.0844203000E-03
   43     -6.0683840000E-04   1.9304300000E-05   1.4124850000E-03   1.1116976000E-03   6.1048580000E-04
   44      1.4980109000E-03  -1.7208844000E-03  -1.0081545900E-02  -7.0089468000E-03  -3.2874591000E-03
   45     -5.5952070000E-04   1.1394250000E-04   1.8343024000E-03   1.4923064000E-03   8.7174140000E-04
   46      2.1327580000E-04  -9.6086050000E-04   6.8571480000E-04   3.7277930000E-04  -4.7867840000E-04
   47      5.2272690000E-04  -6.9418440000E-04  -3.5464612000E-03  -3.1074888000E-03  -6.1242360000E-04
                    5                  6                  7                  8                  9        
    0      1.5965043760E-01  -5.4181428900E-02  -2.5675161900E-02   6.0901172000E-03   7.9151955000E-03
    1     -3.0122995000E-03  -2.4125823200E-02   6.1767750000E-04   9.3685437000E-03  -4.6600455000E-03
    2     -5.5017573700E-02   4.6886252300E-02   2.9126874300E-02   3.2986235000E-03  -1.2562878200E-02
    3     -1.4197786140E-01  -8.7434681500E-02  -8.5336775500E-02   1.3966627000E-03  -5.8024212400E-02
    4      4.7882013800E-02  -8.1611558100E-02  -2.4942661780E-01  -5.7165606000E-03  -2.9438403200E-02
    5      1.9589949010E-01  -1.3720870000E-02  -1.5969518500E-02  -3.9254823800E-02   1.5060871000E-03
    6     -1.3720870000E-02   7.5384246530E-01  -2.2208822400E-02   5.7945154200E-02  -4.6924890410E-01
    7     -1.5969518500E-02  -2.2208822400E-02   5.9547800890E-01   1.1427912100E-02   3.8375881000E-02
    8     -3.9254823800E-02   5.7945154200E-02   1.1427912100E-02   1.3555306120E-01  -8.7304601300E-02
    9      1.5060871000E-03  -4.6924890410E-01   3.8375881000E-02  -8.7304601300E-02   7.8378565360E-01
   10     -3.9886357000E-03   1.1445740500E-02  -7.8870475400E-02  -7.3854167000E-03  -1.5758860000E-03
   11      5.3141268000E-03  -5.2487036000E-02   1.4239324400E-02  -2.3109084100E-02   7.6255590800E-02
   12      1.1010460900E-02   3.3044583400E-02   1.6296195100E-02   2.0591125800E-02  -1.0657785900E-02
   13      8.0555026000E-03   1.1846852300E-02   7.7133169000E-03   6.8744484000E-03  -3.3382593000E-03
   14     -2.2004365300E-02  -3.3341349500E-02  -1.2021191900E-02  -2.5363582000E-02   7.2663475000E-03
   15     -3.2027087100E-02  -3.6641250400E-02  -2.1650420500E-02  -2.2731770000E-03   9.5090199000E-03
   16     -1.1588402400E-02  -1.4142277900E-02  -5.8162615000E-03  -9.1448760000E-04   2.7775988000E-03
   17     -5.7446817000E-02  -2.2964536100E-02  -1.7091192200E-02  -2.0192606200E-02   5.2445284000E-03
   18      2.6468116000E-03  -5.2822677000E-03   6.9724600000E-05   4.4964662000E-03  -2.8435930000E-04
   19      6.1215100000E-04  -1.1153160000E-03   6.0367920000E-04   9.2457000000E-06  -9.1098100000E-05
   20     -2.2066678000E-03   4.3531412000E-03  -1.8479384000E-03   7.6064548000E-03   1.2504642000E-03
   21      3.5007990000E-04  -7.2480880000E-04   1.5432798000E-03  -1.2127732000E-03   5.4117500000E-04
   22     -2.1211944000E-03  -2.3342026000E-03   1.2423182000E-03   4.4241200000E-04  -2.7079320000E-04
   23     -3.8078414000E-03  -3.9389199000E-03  -1.6585766000E-03  -4.4951222000E-03   3.1929630000E-04
   24      1.0013237800E-02   7.0856411000E-03  -1.1526148200E-02  -8.8724370000E-04   1.2696752000E-03
   25     -1.3287823700E-02   1.0673512900E-02  -2.6868109400E-02  -2.1440874000E-03   1.2154934000E-03
   26     -3.1769581800E-02   9.5645060000E-04   5.7659750000E-04   5.4230230000E-04  -3.3175590000E-04
   27     -5.6513960000E-04  -1.0312395460E-01   1.0737904070E-01   5.3411521000E-03  -2.0292645100E-02
   28     -1.4298066000E-03   1.0785941540E-01  -2.3718242130E-01  -1.2119803000E-02   4.7191877000E-03
   29      7.6088360000E-04   1.0914375600E-02  -1.2709476800E-02  -3.6644570100E-02  -4.5185009000E-03
   30     -1.3515527000E-03  -1.8441624600E-02  -2.5426561300E-02  -4.1559418000E-03  -1.2773080210E-01
   31     -2.1868900000E-05  -1.0935176000E-03  -1.7649430000E-04  -3.6491030000E-04  -1.2312290600E-01
   32      1.0352946900E-02  -4.6577616000E-03  -6.5895275000E-03  -1.2007488000E-03  -1.5925819000E-03
   33      6.1533440000E-04  -1.8396956700E-02   2.7389165400E-02   1.8988098000E-03  -1.1654716820E-01
   34      4.6120080000E-04   6.2296953000E-03  -3.9760899000E-03   4.0116760000E-04   1.1435982300E-01
   35     -5.3411541000E-03  -6.1188296000E-03   5.7015694000E-03   1.0145690000E-04   1.8097667200E-02
   36      1.0055778000E-03   1.6123114000E-03   1.1745619000E-03  -1.4930770000E-04  -6.2424980000E-04
   37     -5.2976140000E-04  -5.6897910000E-04  -3.7907090000E-04   3.2312450000E-04  -1.8654540000E-04
   38      4.0258123000E-03   5.6418161000E-03   3.6374960000E-03   5.9580340000E-04  -1.7992638000E-03
   39      1.5873153000E-03   8.9238400000E-04   7.1963150000E-04   1.0288090000E-04  -7.0040770000E-04
   40     -3.4800920000E-04  -2.4887630000E-04  -6.3941130000E-04  -6.7801800000E-05   1.0832720000E-04
   41      1.5650473000E-03   4.1233200000E-03   1.3938222000E-03   3.2769250000E-04  -7.9185150000E-04
   42      8.8143540000E-04  -1.8674713000E-03  -4.5347460000E-04  -1.0150763000E-03   7.1289030000E-04
   43     -4.6235770000E-04  -8.9681010000E-04  -5.1627890000E-04  -1.0450230000E-04   1.3065330000E-04
   44      7.4214920000E-04   4.8322475000E-03   1.8108284000E-03   2.3851206000E-03  -1.4496004000E-03
   45      3.7573300000E-04  -1.1340367000E-03  -6.7011560000E-04  -8.6424800000E-04   3.7692520000E-04
   46     -4.2511902000E-03   2.9096690000E-04  -1.8037701000E-03  -2.9284300000E-05   9.9697210000E-04
   47     -1.8116314000E-03   1.5765453000E-03  -2.7002500000E-05  -1.4997810000E-04   4.1105250000E-04
                   10                 11                 12                 13                 14        
    0     -3.3526891000E-03   5.4645589000E-03   3.4010910000E-03   1.6240228000E-03  -5.5720437000E-03
    1     -3.1760885000E-03  -4.3226226000E-03  -8.1104571000E-03  -3.7044918000E-03   4.7138610000E-04
    2      4.0871527000E-03  -2.0262628500E-02  -5.6362035900E-02  -2.7341511000E-02   1.9562399300E-02
    3     -2.5828730400E-02  -3.2517527600E-02  -4.2983110100E-02  -2.0904475600E-02   1.2417380500E-02
    4      5.1598530000E-04  -2.0011150300E-02  -2.0068557300E-02  -4.1523840000E-03   8.6575186000E-03
    5     -3.9886357000E-03   5.3141268000E-03   1.1010460900E-02   8.0555026000E-03  -2.2004365300E-02
    6      1.1445740500E-02  -5.2487036000E-02   3.3044583400E-02   1.1846852300E-02  -3.3341349500E-02
    7     -7.8870475400E-02   1.4239324400E-02   1.6296195100E-02   7.7133169000E-03  -1.2021191900E-02
    8     -7.3854167000E-03  -2.3109084100E-02   2.0591125800E-02   6.8744484000E-03  -2.5363582000E-02
    9     -1.5758860000E-03   7.6255590800E-02  -1.0657785900E-02  -3.3382593000E-03   7.2663475000E-03
   10      5.4661718340E-01   4.2601810400E-02   5.0550517000E-03  -4.2935533000E-03  -3.5428502000E-03
   11      4.2601810400E-02   8.9091382100E-02  -2.9194265000E-02  -8.7561246000E-03   1.3353448600E-02
   12      5.0550517000E-03  -2.9194265000E-02   5.7077292330E-01   1.3060548600E-02   1.7878165770E-01
   13     -4.2935533000E-03  -8.7561246000E-03   1.3060548600E-02   3.3863539810E-01  -1.8008347000E-03
   14     -3.5428502000E-03   1.3353448600E-02   1.7878165770E-01  -1.8008347000E-03   1.7940368930E-01
   15     -4.4250919000E-03   2.2068437000E-02  -2.9302117950E-01  -8.7977394100E-02  -4.4101015800E-02
   16     -2.3998845000E-03   8.8274338000E-03  -1.0593419310E-01  -1.1509530120E-01  -1.9589716300E-02
   17     -3.0834851000E-03   1.8202360000E-02   4.2317461400E-02   1.5606971100E-02  -5.5931321800E-02
   18     -8.1846830000E-04   3.1569010000E-04  -3.5693800000E-05  -1.5032400000E-04  -4.3567490000E-04
   19      2.3373100000E-05   1.6783620000E-04   4.6146630000E-04  -1.2909570000E-04   2.4365470000E-04
   20      1.1866469000E-03   1.2883290000E-04   2.6748120000E-04   5.8397260000E-04  -1.2290351000E-03
   21     -2.2337440000E-04   6.1622820000E-04   7.4770990000E-04   9.5979490000E-04  -5.9227000000E-04
   22     -1.3955690000E-04  -1.9209380000E-04   7.1252000000E-06   1.5716200000E-05   6.2575000000E-05
   23     -5.2494700000E-04   1.0143768000E-03   2.9972042000E-03   1.1408640000E-03  -7.5584870000E-04
   24     -1.6122901000E-03  -3.7538000000E-04  -8.3189310000E-04  -1.5628760000E-04  -4.3469100000E-05
   25      8.7883620000E-04   2.4866750000E-04  -9.5771800000E-05  -1.4368988000E-03   3.7479080000E-04
   26      1.7456540000E-04  -1.7522680000E-03  -6.0521180000E-04   2.5208000000E-05   3.8463630000E-04
   27      2.7174177700E-02   1.3469108000E-03  -3.4968750000E-04   9.8257440000E-04  -3.0728010000E-04
   28     -2.7339699000E-03   4.3677580000E-04   9.6943150000E-04  -1.2050947000E-03   2.0075540000E-04
   29      3.7149218000E-03  -6.2600400000E-04  -1.4412827000E-03  -5.5113400000E-05   1.0310650000E-04
   30     -1.2176640540E-01  -6.1126412000E-03  -4.4800540000E-04  -7.5213750000E-04  -1.0705770000E-04
   31     -2.2487457610E-01  -9.8904485000E-03  -3.2536900000E-04  -1.5028180000E-03   3.8937280000E-04
   32     -4.9850442000E-03  -3.2683662000E-02  -1.4380190000E-04   8.8433510000E-04   1.2877341000E-03
   33      1.1535131490E-01   1.3866524300E-02  -8.0881180000E-04   5.7978740000E-04   1.3323420000E-04
   34     -2.3017045800E-01  -2.4355144100E-02  -1.6567980000E-04  -1.0691361000E-03  -2.7301150000E-04
   35     -2.8854885300E-02  -3.4169918000E-02   5.1885600000E-04  -3.5205200000E-04  -6.3104670000E-04
   36      2.3691950000E-04  -1.8732550000E-03  -3.1782826100E-02   8.1124047000E-03   5.4557806000E-03
   37     -5.0065290000E-04   1.3030150000E-04  -8.7004393000E-03   6.8838246000E-03   1.9184219000E-03
   38      7.6310030000E-04  -3.5533644000E-03  -1.2725074600E-02  -7.3002366000E-03   4.1905775000E-03
   39     -5.1513300000E-05  -8.9083300000E-04  -5.5815919000E-03  -2.8193690900E-02   2.9688690000E-04
   40     -1.3283810000E-04  -4.6689000000E-05  -4.4492212000E-03  -1.7897780200E-02  -9.6978000000E-04
   41      5.5427090000E-04  -2.8522181000E-03  -7.6497232000E-03  -3.1312228000E-03   1.8146129000E-03
   42     -3.8251470000E-04   2.0309822000E-03  -1.9753609960E-01   9.8344892100E-02  -1.1618555170E-01
   43      1.5436130000E-04   1.1545518000E-03   1.0464710410E-01  -7.7709680800E-02   6.1384130400E-02
   44      1.9571358000E-03  -5.5298454000E-03  -1.4184686430E-01   6.2613086200E-02  -8.4245821300E-02
   45      7.7375930000E-04   1.4860154000E-03  -2.3929622900E-02   5.9616919000E-03  -3.6655748000E-03
   46     -8.9768560000E-04  -2.3242850000E-04   7.3527662000E-03  -1.2505202110E-01  -3.5505220900E-02
   47     -2.6743399000E-03  -2.5655346000E-03  -6.5159879000E-03  -4.7047292800E-02  -2.9939183700E-02
                   15                 16                 17                 18                 19        
    0     -1.4280018600E-02  -3.0499195000E-03  -6.7566542000E-03  -1.4153378460E-01  -1.2360217500E-01
    1      7.7630808000E-03  -1.1822019500E-02   1.3271662900E-02  -1.2380128710E-01  -2.0463244370E-01
    2      7.4696723500E-02   2.5314063500E-02   6.3468585800E-02   9.5781607000E-03   8.0994652000E-03
    3      4.4517476000E-02   1.5290589100E-02   5.4986727200E-02  -1.7252635000E-02  -4.8249300000E-04
    4      1.3206258700E-02   6.0612521000E-03   1.4173790000E-02  -2.2790630800E-02   2.8497610000E-04
    5     -3.2027087100E-02  -1.1588402400E-02  -5.7446817000E-02   2.6468116000E-03   6.1215100000E-04
    6     -3.6641250400E-02  -1.4142277900E-02  -2.2964536100E-02  -5.2822677000E-03  -1.1153160000E-03
    7     -2.1650420500E-02  -5.8162615000E-03  -1.7091192200E-02   6.9724600000E-05   6.0367920000E-04
    8     -2.2731770000E-03  -9.1448760000E-04  -2.0192606200E-02   4.4964662000E-03   9.2457000000E-06
    9      9.5090199000E-03   2.7775988000E-03   5.2445284000E-03  -2.8435930000E-04  -9.1098100000E-05
   10     -4.4250919000E-03  -2.3998845000E-03  -3.0834851000E-03  -8.1846830000E-04   2.3373100000E-05
   11      2.2068437000E-02   8.8274338000E-03   1.8202360000E-02   3.1569010000E-04   1.6783620000E-04
   12     -2.9302117950E-01  -1.0593419310E-01   4.2317461400E-02  -3.5693800000E-05   4.6146630000E-04
   13     -8.7977394100E-02  -1.1509530120E-01   1.5606971100E-02  -1.5032400000E-04  -1.2909570000E-04
   14     -4.4101015800E-02  -1.9589716300E-02  -5.5931321800E-02  -4.3567490000E-04   2.4365470000E-04
   15      5.6839259700E-01   3.0063218900E-02  -1.5153191100E-01  -1.5956600000E-03   3.0270900000E-05
   16      3.0063218900E-02   5.5685046220E-01   9.4960183000E-03  -1.9253197000E-03  -4.3886190000E-04
   17     -1.5153191100E-01   9.4960183000E-03   1.3110515370E-01  -8.0197060000E-04  -2.0517250000E-04
   18     -1.5956600000E-03  -1.9253197000E-03  -8.0197060000E-04   1.5816977750E-01   1.3933168950E-01
   19      3.0270900000E-05  -4.3886190000E-04  -2.0517250000E-04   1.3933168950E-01   2.2873157580E-01
   20     -3.7552133000E-03  -3.8221824000E-03  -2.1811740000E-04  -1.3407797600E-02  -1.0954450100E-02
   21     -3.2074970000E-03   1.6471033000E-03  -3.3851743000E-03   7.2738712000E-03  -1.5140305900E-02
   22      2.5692900000E-04  -2.7542670000E-04   2.3442090000E-04   1.0055991700E-02  -2.7722280700E-02
   23     -7.0459544000E-03   3.0637644000E-03  -8.0279314000E-03  -1.5526520000E-04   2.0563747000E-03
   24      1.4904140000E-04   4.6595120000E-04   4.5461070000E-04   7.8069440000E-04   7.7234730000E-04
   25      6.4302640000E-04  -3.5168490000E-04   2.4801000000E-05  -5.4461000000E-04   9.6142220000E-04
   26      9.9085350000E-04   6.4515440000E-04   1.4903389000E-03  -1.0773700000E-03   1.9207800000E-05
   27     -4.1445960000E-04  -1.2378500000E-05  -1.9343000000E-05  -1.1782660000E-04   5.9086700000E-05
   28     -2.9940640000E-04  -8.2488960000E-04  -4.3135970000E-04   3.4158100000E-04   5.6467210000E-04
   29      7.1720720000E-04  -9.2659400000E-05   6.0789810000E-04   2.5884600000E-05  -4.6149500000E-05
   30      2.4261200000E-04   1.0308140000E-04   2.4502310000E-04  -2.7436320000E-04  -1.5188100000E-05
   31      7.9899500000E-04   9.9294000000E-06   8.7422000000E-06   1.0858800000E-04   2.0434520000E-04
   32      8.4295400000E-05  -2.9437430000E-04  -4.2894050000E-04  -1.0661943000E-03  -1.3953100000E-04
   33     -2.6183000000E-06   7.3983400000E-05   1.3018910000E-04   1.2827800000E-04  -1.6159710000E-04
   34      1.5917360000E-04   4.6462100000E-05  -9.1680000000E-07  -5.0166800000E-05   2.0994300000E-04
   35     -7.1963840000E-04   1.3016000000E-06  -3.8756170000E-04   1.1339670000E-04  -7.6981800000E-05
   36     -1.9789041840E-01   1.0023924830E-01   9.2919722600E-02   6.9009000000E-06   4.2113200000E-05
   37      9.6763559100E-02  -1.0013816820E-01  -4.9964865400E-02  -7.7395100000E-05  -9.8333200000E-05
   38      1.1247218220E-01  -4.7624382800E-02  -5.9390944000E-02  -5.6439500000E-05  -1.1328660000E-04
   39     -3.9737204200E-02  -3.9246688000E-03   7.5581934000E-03  -2.3975500000E-04   1.1734040000E-04
   40     -5.8178939000E-03  -2.9751774140E-01   2.7894631700E-02  -4.7355700000E-05   6.0808780000E-04
   41      1.5459001500E-02   3.6067091100E-02  -2.3776126000E-02  -4.0820640000E-04   3.0707250000E-04
   42     -3.2027831900E-02   5.6718830000E-03  -1.0235022300E-02   3.4836440000E-04  -3.9957420000E-04
   43     -1.1630973900E-02   2.7950666000E-03  -2.6462673000E-03   1.0915030000E-04   1.6381470000E-04
   44      1.4382533800E-02   8.1714892000E-03   8.3728230000E-03   1.6701750000E-04  -3.7993800000E-05
   45     -3.9926085000E-03  -2.7343899800E-02  -8.1618444000E-03  -9.1541100000E-05   1.9343310000E-04
   46     -1.7883331800E-02  -3.1082933000E-02  -7.2877792000E-03   1.8883250000E-04   6.6512620000E-04
   47      5.8276280000E-04  -7.6601110000E-03   2.5532064000E-03   6.5491100000E-05   5.8557600000E-05
                   20                 21                 22                 23                 24        
    0      4.0719522000E-03  -1.0792782880E-01   1.0968367300E-01  -4.6366810000E-03  -1.6689731800E-02
    1      3.6868514000E-03   1.1174631220E-01  -2.3977594980E-01   9.9723308000E-03   2.6161044800E-02
    2     -3.4427211600E-02   3.0181523000E-03   4.8688540000E-03  -2.5257058500E-02   2.0408191000E-03
    3      8.9555699000E-03  -1.3592644200E-02   6.7258780000E-03   1.3721335000E-02  -1.0027206320E-01
    4      1.1996633800E-02   2.5380952900E-02  -5.1836649000E-03  -1.1559942100E-02   1.0670167040E-01
    5     -2.2066678000E-03   3.5007990000E-04  -2.1211944000E-03  -3.8078414000E-03   1.0013237800E-02
    6      4.3531412000E-03  -7.2480880000E-04  -2.3342026000E-03  -3.9389199000E-03   7.0856411000E-03
    7     -1.8479384000E-03   1.5432798000E-03   1.2423182000E-03  -1.6585766000E-03  -1.1526148200E-02
    8      7.6064548000E-03  -1.2127732000E-03   4.4241200000E-04  -4.4951222000E-03  -8.8724370000E-04
    9      1.2504642000E-03   5.4117500000E-04  -2.7079320000E-04   3.1929630000E-04   1.2696752000E-03
   10      1.1866469000E-03  -2.2337440000E-04  -1.3955690000E-04  -5.2494700000E-04  -1.6122901000E-03
   11      1.2883290000E-04   6.1622820000E-04  -1.9209380000E-04   1.0143768000E-03  -3.7538000000E-04
   12      2.6748120000E-04   7.4770990000E-04   7.1252000000E-06   2.9972042000E-03  -8.3189310000E-04
   13      5.8397260000E-04   9.5979490000E-04   1.5716200000E-05   1.1408640000E-03  -1.5628760000E-04
   14     -1.2290351000E-03  -5.9227000000E-04   6.2575000000E-05  -7.5584870000E-04  -4.3469100000E-05
   15     -3.7552133000E-03  -3.2074970000E-03   2.5692900000E-04  -7.0459544000E-03   1.4904140000E-04
   16     -3.8221824000E-03   1.6471033000E-03  -2.7542670000E-04   3.0637644000E-03   4.6595120000E-04
   17     -2.1811740000E-04  -3.3851743000E-03   2.3442090000E-04  -8.0279314000E-03   4.5461070000E-04
   18     -1.3407797600E-02   7.2738712000E-03   1.0055991700E-02  -1.5526520000E-04   7.8069440000E-04
   19     -1.0954450100E-02  -1.5140305900E-02  -2.7722280700E-02   2.0563747000E-03   7.7234730000E-04
   20      3.1125509900E-02   6.7586660000E-04  -3.3565800000E-05   3.0236383000E-03  -1.3953663000E-03
   21      6.7586660000E-04   1.2031549200E-01  -1.2359996980E-01  -3.8598679000E-03  -3.5427350000E-03
   22     -3.3565800000E-05  -1.2359996980E-01   2.6909896720E-01  -3.1182549000E-03   8.8696640000E-04
   23      3.0236383000E-03  -3.8598679000E-03  -3.1182549000E-03   3.1740625900E-02   5.2558402000E-03
   24     -1.3953663000E-03  -3.5427350000E-03   8.8696640000E-04   5.2558402000E-03   1.1380586450E-01
   25      3.1407900000E-04  -2.3059100000E-04   7.4781510000E-04  -4.9911280000E-04  -1.1851859670E-01
   26     -2.8204299000E-03   3.9557248000E-03  -5.1132500000E-05   6.8597329000E-03  -1.5823038700E-02
   27      1.0454830000E-04  -8.2861180000E-04  -4.7153130000E-04  -4.3640400000E-05  -1.5413355000E-03
   28     -4.0098350000E-04  -1.1307045000E-03   3.0493000000E-04   2.8634860000E-04  -2.7220263000E-03
   29     -2.0361800000E-04   2.3441950000E-04   2.0907420000E-04   3.0388600000E-04   5.9036560000E-04
   30      9.1025550000E-04   1.1261730000E-04  -7.1759100000E-05  -1.0826000000E-06  -1.6957100000E-04
   31      2.2751180000E-04  -9.6988300000E-05   1.9600180000E-04   1.8071500000E-05   1.2550220000E-04
   32     -7.0042560000E-04  -1.4601700000E-05  -2.2078000000E-05   6.1037010000E-04  -3.8206600000E-05
   33      1.2921120000E-04   1.9794370000E-04  -2.9958080000E-04   6.6105700000E-05  -3.6837030000E-04
   34     -8.6548000000E-06  -2.5643390000E-04   2.9081300000E-05  -3.2737500000E-05  -1.5423040000E-04
   35      4.7445620000E-04  -2.6917100000E-05   3.8345600000E-05   1.5392110000E-04   2.2173510000E-04
   36     -3.6811950000E-04   5.0636900000E-04  -1.4960870000E-04  -1.3239942000E-03   3.4807500000E-05
   37     -1.5699620000E-04  -3.8786000000E-06   7.6095890000E-04   7.7757810000E-04  -2.8064920000E-04
   38     -3.5609410000E-04   1.5388660000E-04   2.4660800000E-05  -7.9995640000E-04  -2.6141240000E-04
   39     -8.6304830000E-04  -1.8329380000E-04  -3.3037400000E-05  -4.2473250000E-04  -3.1869000000E-05
   40     -4.8016350000E-04  -1.2624910000E-04   1.6440660000E-04  -5.8524800000E-05  -7.5276800000E-05
   41     -7.3568200000E-05  -3.0549090000E-04  -1.3020740000E-04  -1.1331239000E-03   2.5220080000E-04
   42     -5.7934680000E-04   2.8028100000E-05  -5.2188800000E-04  -7.6934300000E-04   4.8766170000E-04
   43     -2.4393240000E-04  -1.7324770000E-04   4.2444000000E-05  -3.2135800000E-05   5.4069800000E-05
   44     -2.3936000000E-06   3.7073780000E-04  -2.5876400000E-04   1.8815140000E-04   7.1009100000E-05
   45     -3.4959840000E-04   2.8421300000E-04   1.3580760000E-04  -1.6030050000E-04  -1.6581680000E-04
   46     -4.6828400000E-05  -2.9569990000E-04   4.9423960000E-04   1.6889920000E-04  -1.2204690000E-04
   47     -1.2133080000E-04   2.1999300000E-05   4.6948200000E-05   3.8217980000E-04  -7.5701500000E-05
                   25                 26                 27                 28                 29        
    0      4.0649772000E-03   8.5679535000E-03   8.8958890000E-04   1.2835368000E-03   3.0452940000E-04
    1     -3.0947597000E-03  -9.3250363000E-03  -2.5896243000E-03   5.4866350000E-04   5.0883860000E-04
    2     -1.3801249000E-03  -3.7014795000E-03  -4.1255300000E-05  -3.0668180000E-04  -2.0345747000E-03
    3      1.0639560610E-01   2.9963058000E-03   6.4678033000E-03   1.0591572500E-02  -1.1143730000E-03
    4     -2.4403753830E-01  -8.5202810000E-03  -1.0502188400E-02  -2.7225430900E-02  -4.6052701000E-03
    5     -1.3287823700E-02  -3.1769581800E-02  -5.6513960000E-04  -1.4298066000E-03   7.6088360000E-04
    6      1.0673512900E-02   9.5645060000E-04  -1.0312395460E-01   1.0785941540E-01   1.0914375600E-02
    7     -2.6868109400E-02   5.7659750000E-04   1.0737904070E-01  -2.3718242130E-01  -1.2709476800E-02
    8     -2.1440874000E-03   5.4230230000E-04   5.3411521000E-03  -1.2119803000E-02  -3.6644570100E-02
    9      1.2154934000E-03  -3.3175590000E-04  -2.0292645100E-02   4.7191877000E-03  -4.5185009000E-03
   10      8.7883620000E-04   1.7456540000E-04   2.7174177700E-02  -2.7339699000E-03   3.7149218000E-03
   11      2.4866750000E-04  -1.7522680000E-03   1.3469108000E-03   4.3677580000E-04  -6.2600400000E-04
   12     -9.5771800000E-05  -6.0521180000E-04  -3.4968750000E-04   9.6943150000E-04  -1.4412827000E-03
   13     -1.4368988000E-03   2.5208000000E-05   9.8257440000E-04  -1.2050947000E-03  -5.5113400000E-05
   14      3.7479080000E-04   3.8463630000E-04  -3.0728010000E-04   2.0075540000E-04   1.0310650000E-04
   15      6.4302640000E-04   9.9085350000E-04  -4.1445960000E-04  -2.9940640000E-04   7.1720720000E-04
   16     -3.5168490000E-04   6.4515440000E-04  -1.2378500000E-05  -8.2488960000E-04  -9.2659400000E-05
   17      2.4801000000E-05   1.4903389000E-03  -1.9343000000E-05  -4.3135970000E-04   6.0789810000E-04
   18     -5.4461000000E-04  -1.0773700000E-03  -1.1782660000E-04   3.4158100000E-04   2.5884600000E-05
   19      9.6142220000E-04   1.9207800000E-05   5.9086700000E-05   5.6467210000E-04  -4.6149500000E-05
   20      3.1407900000E-04  -2.8204299000E-03   1.0454830000E-04  -4.0098350000E-04  -2.0361800000E-04
   21     -2.3059100000E-04   3.9557248000E-03  -8.2861180000E-04  -1.1307045000E-03   2.3441950000E-04
   22      7.4781510000E-04  -5.1132500000E-05  -4.7153130000E-04   3.0493000000E-04   2.0907420000E-04
   23     -4.9911280000E-04   6.8597329000E-03  -4.3640400000E-05   2.8634860000E-04   3.0388600000E-04
   24     -1.1851859670E-01  -1.5823038700E-02  -1.5413355000E-03  -2.7220263000E-03   5.9036560000E-04
   25      2.7449785670E-01   1.6911833500E-02  -2.5636451000E-03  -3.5449141000E-03  -9.2094810000E-04
   26      1.6911833500E-02   2.6131660900E-02   4.4325500000E-05   2.1651070000E-04   4.8244484000E-03
   27     -2.5636451000E-03   4.4325500000E-05   1.2287533640E-01  -1.2025202170E-01  -3.8149858000E-03
   28     -3.5449141000E-03   2.1651070000E-04  -1.2025202170E-01   2.6754588240E-01   1.3744080700E-02
   29     -9.2094810000E-04   4.8244484000E-03  -3.8149858000E-03   1.3744080700E-02   2.7886895600E-02
   30      3.0120370000E-04  -1.6920500000E-05   9.1528820000E-04  -8.6000050000E-04   4.0032110000E-04
   31      4.6832120000E-04   1.2103220000E-04   8.5916650000E-04   1.0030451000E-03   1.6047660000E-04
   32      3.8755120000E-04  -2.3071900000E-04   8.6973310000E-04   3.7810030000E-04  -4.0295168000E-03
   33     -9.3664880000E-04  -9.3517400000E-05  -4.8205088000E-03  -9.2492700000E-05  -2.0860488000E-03
   34      3.3728440000E-04   8.2203800000E-05   8.3737680000E-04   1.0019650000E-03  -9.2426010000E-04
   35     -1.5693900000E-04   3.1140560000E-04  -3.0519925000E-03  -7.3586250000E-04   9.9287666000E-03
   36     -2.2444030000E-04   2.4609910000E-04   2.3703720000E-04  -1.1450200000E-04  -6.4727700000E-05
   37      2.4845010000E-04  -3.9179030000E-04  -5.5672400000E-05   2.4387700000E-04   3.4236100000E-04
   38      1.6464180000E-04   1.6122900000E-05   7.6809300000E-05   1.8374700000E-04  -6.7374800000E-05
   39      1.1530200000E-05   1.3868660000E-04  -5.8748400000E-05   3.5481800000E-05  -3.7244400000E-05
   40      4.0617870000E-04  -1.5439180000E-04  -9.0748300000E-05   2.0211680000E-04   3.4430500000E-05
   41     -6.8961700000E-05  -3.3740660000E-04   1.8882100000E-05  -1.4943090000E-04  -7.3681000000E-05
   42     -1.2762850000E-04   5.6230300000E-05  -1.2406560000E-04  -2.5360740000E-04  -4.2457500000E-05
   43      3.1979950000E-04  -4.8137030000E-04  -2.0902280000E-04   1.4934370000E-04   5.0786170000E-04
   44     -2.8673100000E-04   2.3124260000E-04   2.5897350000E-04  -3.3487190000E-04  -6.9345060000E-04
   45     -6.3417600000E-05  -4.8153000000E-06   2.8678940000E-04  -7.5445300000E-05  -6.7482200000E-05
   46      4.6794120000E-04   1.5168900000E-04  -5.4459000000E-04   1.1522250000E-03   1.3183220000E-04
   47      3.1836390000E-04  -1.8000630000E-04  -2.1769810000E-04   4.6248130000E-04  -4.3095000000E-05
                   30                 31                 32                 33                 34        
    0     -4.8261670000E-04   4.1950600000E-05  -1.6634935000E-03   2.2407890000E-04  -3.1875050000E-04
    1     -9.7547440000E-04  -7.2224800000E-05  -1.1316156000E-03  -1.0260790000E-04  -2.6417860000E-04
    2     -6.5893080000E-04  -6.9493610000E-04   1.1854600000E-04  -1.7173230000E-04   2.6267170000E-04
    3     -5.8672395000E-03  -1.0841718000E-03  -1.4166930000E-03   9.5943320000E-04  -1.6945301000E-03
    4      6.5349000000E-04   5.2773960000E-04   7.7556850000E-04   1.7870207000E-03   1.3774110000E-03
    5     -1.3515527000E-03  -2.1868900000E-05   1.0352946900E-02   6.1533440000E-04   4.6120080000E-04
    6     -1.8441624600E-02  -1.0935176000E-03  -4.6577616000E-03  -1.8396956700E-02   6.2296953000E-03
    7     -2.5426561300E-02  -1.7649430000E-04  -6.5895275000E-03   2.7389165400E-02  -3.9760899000E-03
    8     -4.1559418000E-03  -3.6491030000E-04  -1.2007488000E-03   1.8988098000E-03   4.0116760000E-04
    9     -1.2773080210E-01  -1.2312290600E-01  -1.5925819000E-03  -1.1654716820E-01   1.1435982300E-01
   10     -1.2176640540E-01  -2.2487457610E-01  -4.9850442000E-03   1.1535131490E-01  -2.3017045800E-01
   11     -6.1126412000E-03  -9.8904485000E-03  -3.2683662000E-02   1.3866524300E-02  -2.4355144100E-02
   12     -4.4800540000E-04  -3.2536900000E-04  -1.4380190000E-04  -8.0881180000E-04  -1.6567980000E-04
   13     -7.5213750000E-04  -1.5028180000E-03   8.8433510000E-04   5.7978740000E-04  -1.0691361000E-03
   14     -1.0705770000E-04   3.8937280000E-04   1.2877341000E-03   1.3323420000E-04  -2.7301150000E-04
   15      2.4261200000E-04   7.9899500000E-04   8.4295400000E-05  -2.6183000000E-06   1.5917360000E-04
   16      1.0308140000E-04   9.9294000000E-06  -2.9437430000E-04   7.3983400000E-05   4.6462100000E-05
   17      2.4502310000E-04   8.7422000000E-06  -4.2894050000E-04   1.3018910000E-04  -9.1680000000E-07
   18     -2.7436320000E-04   1.0858800000E-04  -1.0661943000E-03   1.2827800000E-04  -5.0166800000E-05
   19     -1.5188100000E-05   2.0434520000E-04  -1.3953100000E-04  -1.6159710000E-04   2.0994300000E-04
   20      9.1025550000E-04   2.2751180000E-04  -7.0042560000E-04   1.2921120000E-04  -8.6548000000E-06
   21      1.1261730000E-04  -9.6988300000E-05  -1.4601700000E-05   1.9794370000E-04  -2.5643390000E-04
   22     -7.1759100000E-05   1.9600180000E-04  -2.2078000000E-05  -2.9958080000E-04   2.9081300000E-05
   23     -1.0826000000E-06   1.8071500000E-05   6.1037010000E-04   6.6105700000E-05  -3.2737500000E-05
   24     -1.6957100000E-04   1.2550220000E-04  -3.8206600000E-05  -3.6837030000E-04  -1.5423040000E-04
   25      3.0120370000E-04   4.6832120000E-04   3.8755120000E-04  -9.3664880000E-04   3.3728440000E-04
   26     -1.6920500000E-05   1.2103220000E-04  -2.3071900000E-04  -9.3517400000E-05   8.2203800000E-05
   27      9.1528820000E-04   8.5916650000E-04   8.6973310000E-04  -4.8205088000E-03   8.3737680000E-04
   28     -8.6000050000E-04   1.0030451000E-03   3.7810030000E-04  -9.2492700000E-05   1.0019650000E-03
   29      4.0032110000E-04   1.6047660000E-04  -4.0295168000E-03  -2.0860488000E-03  -9.2426010000E-04
   30      1.4436338380E-01   1.3686098310E-01   1.0132822000E-02   7.0149414000E-03   1.1748812600E-02
   31      1.3686098310E-01   2.4873134010E-01   1.2854218800E-02  -1.2820867200E-02  -2.6749926400E-02
   32      1.0132822000E-02   1.2854218800E-02   2.3435751800E-02  -1.6359959000E-03  -2.4809754000E-03
   33      7.0149414000E-03  -1.2820867200E-02  -1.6359959000E-03   1.3159040640E-01  -1.3025843410E-01
   34      1.1748812600E-02  -2.6749926400E-02  -2.4809754000E-03  -1.3025843410E-01   2.5747862180E-01
   35      6.0989180000E-04  -2.9011278000E-03   3.7764543000E-03  -1.2921063900E-02   2.6893126200E-02
   36      2.7249630000E-04  -2.1620850000E-04   3.1988230000E-04   2.1289790000E-04  -3.2187020000E-04
   37     -2.5033700000E-05   4.1942620000E-04   2.5558390000E-04  -1.7061210000E-04   2.8276570000E-04
   38     -2.8445400000E-05  -7.5965700000E-05   4.4713000000E-05  -3.6060800000E-05   1.1294220000E-04
   39      7.3651900000E-05  -5.0829800000E-05   2.0221040000E-04   1.2896360000E-04  -1.0518340000E-04
   40      1.7225300000E-05   3.8635580000E-04  -2.5300000000E-07  -1.3827560000E-04   3.9632480000E-04
   41     -3.3960800000E-05   1.0265600000E-05  -1.4094900000E-04   3.0515200000E-05   1.6877450000E-04
   42     -1.1496400000E-05   2.3063880000E-04   5.5196660000E-04   4.4495310000E-04   2.5808640000E-04
   43     -2.5351780000E-04   4.3319760000E-04   2.1140520000E-04   3.3814800000E-05   7.2700950000E-04
   44      1.2218350000E-04  -7.4191800000E-05  -4.2760480000E-04   1.0953560000E-04  -2.9465220000E-04
   45      4.3072800000E-04  -2.1496610000E-04   6.8420400000E-05   4.2538100000E-05  -2.6768840000E-04
   46      4.6128150000E-04   9.9633770000E-04  -1.0336410000E-04  -2.3397010000E-04   3.4292060000E-04
   47      4.6036400000E-05   2.3375760000E-04   2.1605010000E-04  -3.5040300000E-05  -1.1734500000E-05
                   35                 36                 37                 38                 39        
    0      1.8703500000E-04   6.4388100000E-04   3.1266860000E-04   2.3034418000E-03  -2.2582380000E-04
    1      1.8865920000E-04  -2.0803900000E-04   8.0232520000E-04  -5.0108647000E-03   2.2912161000E-03
    2      4.8617490000E-04  -4.2470613000E-03   1.9971160000E-04  -1.9368108600E-02  -4.1338109000E-03
    3      1.3550211000E-03  -2.0929043000E-03   3.8357930000E-04  -7.0713037000E-03  -1.0014533000E-03
    4      8.0880160000E-04  -5.2726520000E-04  -3.6422660000E-04  -1.9652043000E-03  -1.2178922000E-03
    5     -5.3411541000E-03   1.0055778000E-03  -5.2976140000E-04   4.0258123000E-03   1.5873153000E-03
    6     -6.1188296000E-03   1.6123114000E-03  -5.6897910000E-04   5.6418161000E-03   8.9238400000E-04
    7      5.7015694000E-03   1.1745619000E-03  -3.7907090000E-04   3.6374960000E-03   7.1963150000E-04
    8      1.0145690000E-04  -1.4930770000E-04   3.2312450000E-04   5.9580340000E-04   1.0288090000E-04
    9      1.8097667200E-02  -6.2424980000E-04  -1.8654540000E-04  -1.7992638000E-03  -7.0040770000E-04
   10     -2.8854885300E-02   2.3691950000E-04  -5.0065290000E-04   7.6310030000E-04  -5.1513300000E-05
   11     -3.4169918000E-02  -1.8732550000E-03   1.3030150000E-04  -3.5533644000E-03  -8.9083300000E-04
   12      5.1885600000E-04  -3.1782826100E-02  -8.7004393000E-03  -1.2725074600E-02  -5.5815919000E-03
   13     -3.5205200000E-04   8.1124047000E-03   6.8838246000E-03  -7.3002366000E-03  -2.8193690900E-02
   14     -6.3104670000E-04   5.4557806000E-03   1.9184219000E-03   4.1905775000E-03   2.9688690000E-04
   15     -7.1963840000E-04  -1.9789041840E-01   9.6763559100E-02   1.1247218220E-01  -3.9737204200E-02
   16      1.3016000000E-06   1.0023924830E-01  -1.0013816820E-01  -4.7624382800E-02  -3.9246688000E-03
   17     -3.8756170000E-04   9.2919722600E-02  -4.9964865400E-02  -5.9390944000E-02   7.5581934000E-03
   18      1.1339670000E-04   6.9009000000E-06  -7.7395100000E-05  -5.6439500000E-05  -2.3975500000E-04
   19     -7.6981800000E-05   4.2113200000E-05  -9.8333200000E-05  -1.1328660000E-04   1.1734040000E-04
   20      4.7445620000E-04  -3.6811950000E-04  -1.5699620000E-04  -3.5609410000E-04  -8.6304830000E-04
   21     -2.6917100000E-05   5.0636900000E-04  -3.8786000000E-06   1.5388660000E-04  -1.8329380000E-04
   22      3.8345600000E-05  -1.4960870000E-04   7.6095890000E-04   2.4660800000E-05  -3.3037400000E-05
   23      1.5392110000E-04  -1.3239942000E-03   7.7757810000E-04  -7.9995640000E-04  -4.2473250000E-04
   24      2.2173510000E-04   3.4807500000E-05  -2.8064920000E-04  -2.6141240000E-04  -3.1869000000E-05
   25     -1.5693900000E-04  -2.2444030000E-04   2.4845010000E-04   1.6464180000E-04   1.1530200000E-05
   26      3.1140560000E-04   2.4609910000E-04  -3.9179030000E-04   1.6122900000E-05   1.3868660000E-04
   27     -3.0519925000E-03   2.3703720000E-04  -5.5672400000E-05   7.6809300000E-05  -5.8748400000E-05
   28     -7.3586250000E-04  -1.1450200000E-04   2.4387700000E-04   1.8374700000E-04   3.5481800000E-05
   29      9.9287666000E-03  -6.4727700000E-05   3.4236100000E-04  -6.7374800000E-05  -3.7244400000E-05
   30      6.0989180000E-04   2.7249630000E-04  -2.5033700000E-05  -2.8445400000E-05   7.3651900000E-05
   31     -2.9011278000E-03  -2.1620850000E-04   4.1942620000E-04  -7.5965700000E-05  -5.0829800000E-05
   32      3.7764543000E-03   3.1988230000E-04   2.5558390000E-04   4.4713000000E-05   2.0221040000E-04
   33     -1.2921063900E-02   2.1289790000E-04  -1.7061210000E-04  -3.6060800000E-05   1.2896360000E-04
   34      2.6893126200E-02  -3.2187020000E-04   2.8276570000E-04   1.1294220000E-04  -1.0518340000E-04
   35      2.5764419500E-02   4.0331710000E-04   2.9171600000E-05  -8.8227000000E-06   2.1247610000E-04
   36      4.0331710000E-04   2.3371834260E-01  -1.0932174360E-01  -9.4790936300E-02  -9.5299960000E-04
   37      2.9171600000E-05  -1.0932174360E-01   1.1083637880E-01   5.6241925100E-02   2.4333132600E-02
   38     -8.8227000000E-06  -9.4790936300E-02   5.6241925100E-02   7.1930836200E-02  -1.1312306000E-03
