
$orca_hessian_file

$act_atom
  0

$act_coord
  0

$act_energy
      -21.713506

$multiplicity
  1

$hessian
48
                    0                  1                  2                  3                  4        
    0      8.2160134330E-01  -1.1496526900E-02  -1.6938731000E-03  -4.6470573340E-01   4.6730544900E-02
    1     -1.1496526900E-02   4.5374193020E-01  -5.3515038900E-02   1.6653015500E-02  -7.4469094000E-02
    2     -1.6938731000E-03  -5.3515038900E-02   4.8121160700E-02  -7.8999735000E-03  -1.8135391100E-02
    3     -4.6470573340E-01   1.6653015500E-02  -7.8999735000E-03   7.0357896840E-01  -4.0813200500E-02
    4      4.6730544900E-02  -7.4469094000E-02  -1.8135391100E-02  -4.0813200500E-02   5.8855637240E-01
    5      9.4513923400E-02   7.5066579000E-03   3.7184896300E-02  -3.2938324600E-02   2.2642236400E-02
    6     -5.2442933700E-02  -2.2160096500E-02   5.1090101000E-02  -6.5283132400E-02  -7.0859619400E-02
    7     -2.2732754500E-02   4.3386666000E-03   3.8219878400E-02  -6.6976297700E-02  -2.4310963530E-01
    8     -3.9987182000E-03   6.2630041000E-03   2.1951259200E-02   2.9757215100E-02   2.9805854900E-02
    9      4.7450552000E-03  -3.9212067000E-03  -4.3020603000E-03  -4.6381076900E-02  -2.0498537400E-02
   10     -4.0145778000E-03  -3.5109828000E-03   3.9487854000E-03  -2.5621360400E-02   6.8741830000E-04
   11      4.0172432000E-03  -4.7813350000E-03  -2.5941960300E-02  -3.4614369700E-02  -2.2634571600E-02
   12      6.6034299000E-03  -9.9922182000E-03  -5.9960307100E-02  -5.3481777100E-02  -2.3469635700E-02
   13      3.6883709000E-03  -6.3163984000E-03  -2.8948234900E-02  -2.6356001900E-02   6.0560080000E-04
   14     -8.6643410000E-04  -3.9144510000E-04   3.4842904000E-03  -1.6537742200E-02  -1.7353603200E-02
   15     -1.2014543600E-02   1.2510808000E-02   8.9359478900E-02   6.3691093500E-02   8.4796058000E-03
   16     -7.2215906000E-03  -7.9120999000E-03   2.0214075900E-02   1.5302036000E-02   2.6354446000E-03
   17     -1.9644132500E-02   1.7401197600E-02   5.6435886500E-02   7.4043549300E-02  -4.2293220000E-04
   18     -1.5252764580E-01  -1.1892714990E-01  -2.0907142000E-02  -1.7925662100E-02  -2.5167328800E-02
   19     -1.1753523170E-01  -1.7549626760E-01  -2.1399965900E-02  -3.2777030000E-04   7.6341510000E-04
   20     -2.9256695500E-02  -2.8698213300E-02  -4.3305241400E-02   5.1277526000E-03   6.0505007000E-03
   21     -1.2871946450E-01   1.1229639720E-01  -4.1074529200E-02  -1.6621421000E-02   2.5933521600E-02
   22      1.0793618670E-01  -1.8754155550E-01   5.3879229600E-02   6.3381415000E-03  -4.2335146000E-03
   23     -5.0992833300E-02   6.2186850500E-02  -4.9603140500E-02   9.5435889000E-03  -4.8053216000E-03
   24     -1.9759638300E-02   2.5913076100E-02  -1.7125869000E-03  -9.9781487100E-02   1.0933619290E-01
   25      4.9378141000E-03  -2.2995822000E-03  -1.2146237000E-03   1.0814164230E-01  -2.4465690660E-01
   26      2.9258454000E-03  -2.9957754000E-03   1.8957798000E-03  -1.9338733000E-03   9.3556409000E-03
   27      1.1159522000E-03  -2.0843755000E-03  -2.3255160000E-04   5.7328567000E-03  -1.0636011200E-02
   28      1.0819496000E-03   1.0385333000E-03   4.0138100000E-04   1.0458991800E-02  -2.6528276700E-02
   29     -1.2181190000E-04   5.9621020000E-04  -8.0773370000E-04   1.0701004000E-03  -6.4101970000E-04
   30     -1.0692053000E-03  -7.5415090000E-04  -1.3245003000E-03  -5.8285492000E-03   4.0124650000E-04
   31     -2.9249640000E-04  -6.2974410000E-04  -5.5102740000E-04  -1.8346090000E-03   8.3342380000E-04
   32      4.0988800000E-05   6.7752110000E-04  -2.2840061000E-03   1.1670424000E-03  -5.3835270000E-04
   33      6.1103860000E-04  -6.5904360000E-04  -5.6210280000E-04   1.6428033000E-03   8.9756470000E-04
   34     -1.8352660000E-04  -1.9819490000E-04   6.3988580000E-04  -3.2681620000E-04   1.6426370000E-03
   35     -1.9810020000E-04  -7.6684760000E-04  -8.0917370000E-04  -6.4150410000E-04  -4.7462950000E-04
   36      6.0510340000E-04  -1.1756075000E-03  -6.8389949000E-03  -6.2414585000E-03  -7.7390410000E-04
   37     -5.5456390000E-04   1.3723611000E-03   2.8412570000E-04  -2.1758950000E-04  -1.6922939000E-03
   38      1.1659299000E-03  -4.7913493000E-03  -1.5788044200E-02  -9.2933897000E-03  -8.6176460000E-04
   39     -3.2430840000E-04   2.3058802000E-03  -4.0616073000E-03  -2.6158991000E-03  -2.5434724000E-03
   40      4.3059800000E-04  -3.5104360000E-04   1.9301802000E-03   6.1211980000E-04  -2.1022210000E-04
   41     -4.4802140000E-04   4.8968772000E-03  -1.3913444300E-02  -4.8555802000E-03   1.9582895000E-03
   42     -2.4228354000E-03   5.1021750000E-04   7.2481546000E-03   3.5457476000E-03   2.3019613000E-03
   43     -1.0829417000E-03  -9.5321700000E-05   4.8633350000E-03   3.6095507000E-03   1.0893992000E-03
   44      3.1678838000E-03  -2.5881787000E-03  -1.1506367900E-02  -8.1092723000E-03  -4.5449746000E-03
   45     -1.2956144000E-03   9.8098130000E-04   2.8724945000E-03   6.7472740000E-04   6.8107190000E-04
   46      3.0874590000E-04  -1.6712063000E-03  -6.1659510000E-04   1.3581479000E-03  -1.9137679000E-03
   47      1.3888056000E-03  -1.0001352000E-03  -5.1141608000E-03  -3.8852191000E-03   6.0003840000E-04
                    5                  6                  7                  8                  9        
    0      9.4513923400E-02  -5.2442933700E-02  -2.2732754500E-02  -3.9987182000E-03   4.7450552000E-03
    1      7.5066579000E-03  -2.2160096500E-02   4.3386666000E-03   6.2630041000E-03  -3.9212067000E-03
    2      3.7184896300E-02   5.1090101000E-02   3.8219878400E-02   2.1951259200E-02  -4.3020603000E-03
    3     -3.2938324600E-02  -6.5283132400E-02  -6.6976297700E-02   2.9757215100E-02  -4.6381076900E-02
    4      2.2642236400E-02  -7.0859619400E-02  -2.4310963530E-01   2.9805854900E-02  -2.0498537400E-02
    5      1.1417832840E-01  -3.1798916600E-02  -2.4960585000E-02  -4.0497735200E-02   9.6299011000E-03
    6     -3.1798916600E-02   7.6894265300E-01  -2.1051747000E-02  -8.2601492100E-02  -5.0668921770E-01
    7     -2.4960585000E-02  -2.1051747000E-02   5.7900713310E-01  -1.5618228000E-03   1.9653970600E-02
    8     -4.0497735200E-02  -8.2601492100E-02  -1.5618228000E-03   6.4697202100E-02  -3.1978060000E-04
    9      9.6299011000E-03  -5.0668921770E-01   1.9653970600E-02  -3.1978060000E-04   8.1861739340E-01
   10     -3.5834680000E-04  -1.6328975000E-03  -7.5122651400E-02  -8.3334506000E-03   1.3894025800E-02
   11      2.1524006300E-02   6.2632770300E-02   1.8311824000E-02   1.5560611800E-02  -1.3290360100E-01
   12      3.4268416000E-03   2.8711502600E-02   1.7530716200E-02   3.2363915800E-02  -4.0900375000E-03
   13      1.3721189000E-03   5.7871052000E-03   4.8345245000E-03   1.2944854000E-03  -2.1830028000E-03
   14     -2.5568605400E-02  -4.6176107000E-03   6.1045773000E-03   1.6453687000E-03   1.4084221500E-02
   15     -5.1693156000E-02  -4.0232451700E-02  -2.8189374200E-02   1.0791085000E-03   3.9333883000E-03
   16     -7.6351369000E-03  -7.5252470000E-03  -2.3640669000E-03   8.5393680000E-04  -5.2384360000E-04
   17     -7.6604575500E-02  -1.0014828800E-02  -1.1155219000E-02  -3.7480933800E-02  -5.8424858000E-03
   18      3.0376200000E-05  -5.7472781000E-03   1.1841372000E-03   8.2167500000E-05  -1.1634238000E-03
   19      4.2365820000E-04  -1.1935356000E-03   3.5144310000E-04   2.8719000000E-05  -1.5635180000E-04
   20     -1.7575170000E-04   2.0445276000E-03  -1.1439158000E-03   1.0222021700E-02   9.2816800000E-05
   21     -3.8159917000E-03   1.5530377000E-03   1.3552799000E-03   6.6718660000E-04   9.9777180000E-04
   22     -4.8787260000E-04  -1.8171920000E-03   7.4970970000E-04  -4.5927560000E-04   1.2724400000E-05
   23     -1.0492105000E-03  -2.7749332000E-03  -1.2009941000E-03  -5.7139387000E-03  -1.9095310000E-04
   24     -1.7537034000E-03   6.0444744000E-03  -1.1786017100E-02   3.0128620000E-04   1.4115618000E-03
   25      7.6995201000E-03   1.1316084400E-02  -2.6287187000E-02   5.8098300000E-05   7.6968900000E-04
   26     -3.1798313100E-02  -2.7738915000E-03  -8.3242890000E-04   2.8699140000E-04   2.3153880000E-04
   27     -1.4594582000E-03  -1.0234686190E-01   1.0835926240E-01   1.2731576500E-02  -2.2383424100E-02
   28     -2.1021882000E-03   1.0843208020E-01  -2.3568109120E-01  -2.5650997600E-02   4.2604051000E-03
   29      1.8397760000E-04   1.2467030000E-02  -2.6514298200E-02  -3.7475815700E-02   3.2166286000E-03
   30      4.2438421000E-03  -1.7335383200E-02  -2.6714666500E-02   1.9942248000E-03  -1.1986702180E-01
   31      6.8243620000E-04  -1.0314128000E-03  -1.0405132000E-03   2.1263700000E-05  -1.0984486390E-01
   32      1.2051235600E-02  -2.2507898000E-03   1.4814353000E-03   3.3772593000E-03   4.3649723200E-02
   33     -2.0229381000E-03  -1.8936907700E-02   2.5990936100E-02   7.4702816000E-03  -1.2700952030E-01
   34      3.2968060000E-04   4.2417247000E-03  -2.1610286000E-03  -8.9721580000E-04   9.8413573600E-02
   35     -5.4349888000E-03  -1.8914532000E-03  -2.3588370000E-03   1.8069818000E-03   7.3293838100E-02
   36      3.9685814000E-03   3.5437555000E-03   2.7520303000E-03   1.5091900000E-03  -3.8063030000E-04
   37     -4.8842180000E-04  -1.4632860000E-04  -2.4269660000E-04   1.5741662000E-03   1.0964270000E-04
   38      6.8271213000E-03   6.3018444000E-03   5.2827020000E-03   8.3520200000E-05  -1.8250807000E-03
   39      5.4884416000E-03   2.2366973000E-03   1.8284540000E-03   2.2625620000E-03  -7.5113310000E-04
   40      1.3854027000E-03   9.7563000000E-05  -2.4370170000E-04   4.5674460000E-04   4.0529450000E-04
   41     -3.1098420000E-04   2.4863451000E-03   9.1432000000E-05  -4.6425470000E-04   2.7532770000E-04
   42      2.3467475000E-03  -2.3721555000E-03  -7.8972290000E-04  -2.8396187000E-03  -7.2180710000E-04
   43      1.2706164000E-03  -1.4925324000E-03  -8.8667590000E-04  -1.0520729000E-03  -6.2598700000E-05
   44     -1.8896249000E-03   3.5523398000E-03   1.3978206000E-03   4.6144226000E-03   1.0551826000E-03
   45      1.8338335000E-03   3.5420170000E-04  -4.1420670000E-04  -4.5910510000E-04  -2.6787790000E-04
   46     -7.2797760000E-03  -9.6394870000E-04  -2.1422291000E-03  -2.4014378000E-03  -3.2892080000E-04
   47     -8.6197760000E-03  -1.8510422000E-03  -1.1615688000E-03  -2.6129606000E-03  -1.4521700000E-04
                   10                 11                 12                 13                 14        
    0     -4.0145778000E-03   4.0172432000E-03   6.6034299000E-03   3.6883709000E-03  -8.6643410000E-04
    1     -3.5109828000E-03  -4.7813350000E-03  -9.9922182000E-03  -6.3163984000E-03  -3.9144510000E-04
    2      3.9487854000E-03  -2.5941960300E-02  -5.9960307100E-02  -2.8948234900E-02   3.4842904000E-03
    3     -2.5621360400E-02  -3.4614369700E-02  -5.3481777100E-02  -2.6356001900E-02  -1.6537742200E-02
    4      6.8741830000E-04  -2.2634571600E-02  -2.3469635700E-02   6.0560080000E-04  -1.7353603200E-02
    5     -3.5834680000E-04   2.1524006300E-02   3.4268416000E-03   1.3721189000E-03  -2.5568605400E-02
    6     -1.6328975000E-03   6.2632770300E-02   2.8711502600E-02   5.7871052000E-03  -4.6176107000E-03
    7     -7.5122651400E-02   1.8311824000E-02   1.7530716200E-02   4.8345245000E-03   6.1045773000E-03
    8     -8.3334506000E-03   1.5560611800E-02   3.2363915800E-02   1.2944854000E-03   1.6453687000E-03
    9      1.3894025800E-02  -1.3290360100E-01  -4.0900375000E-03  -2.1830028000E-03   1.4084221500E-02
   10      4.4722959540E-01   3.6235450000E-02   2.3982393000E-03  -1.8105295000E-03   2.0001025000E-03
   11      3.6235450000E-02   1.4078983980E-01  -1.5992453400E-02  -8.3838300000E-04  -2.7066691700E-02
   12      2.3982393000E-03  -1.5992453400E-02   4.7590934050E-01   9.0311946000E-03   1.8520806400E-01
   13     -1.8105295000E-03  -8.3838300000E-04   9.0311946000E-03   2.4587331670E-01  -2.8669881200E-02
   14      2.0001025000E-03  -2.7066691700E-02   1.8520806400E-01  -2.8669881200E-02   2.7992337620E-01
   15     -2.5821755000E-03   1.9704373900E-02  -2.6015369270E-01  -5.5643437400E-02  -3.9505461300E-02
   16     -2.8329439000E-03   2.4224089000E-03  -7.9293781700E-02  -8.9389186000E-02  -1.6958814500E-02
   17     -2.6327766000E-03   1.0924592500E-02   5.5630226800E-02   1.9867599300E-02  -4.4036590800E-02
   18     -9.0599200000E-04   3.5414220000E-04   1.9230240000E-04   1.9132230000E-04   2.5134660000E-04
   19      7.0457600000E-05   2.1183100000E-04   5.9392980000E-04  -6.9756900000E-05   5.6242540000E-04
   20     -4.4731070000E-04  -6.3625670000E-04  -3.9838970000E-04   5.5340330000E-04  -1.8845200000E-05
   21     -3.7042140000E-04   2.8837250000E-04   7.0964100000E-05   2.8733350000E-04  -3.4151440000E-04
   22      2.6095640000E-04   1.2307600000E-05   3.0072800000E-05  -3.0427420000E-04  -8.9033100000E-05
   23      4.1855320000E-04   4.7194660000E-04   2.5106989000E-03   2.7075210000E-04  -2.5926290000E-04
   24     -1.2136878000E-03  -3.4107800000E-05  -6.6997620000E-04  -5.0196500000E-05   4.5062700000E-05
   25      1.6731306000E-03  -7.1442080000E-04  -2.8471820000E-04  -1.5689173000E-03   1.5392270000E-04
   26     -9.7399770000E-04  -1.9329990000E-04   1.0566778000E-03   1.6241046000E-03   9.4377400000E-05
   27      2.5458451300E-02   6.8341581000E-03  -7.3755020000E-04   8.9252300000E-04  -7.8803070000E-04
   28     -4.6103430000E-04  -7.1986050000E-04   1.1911993000E-03  -1.3506253000E-03   1.2391149000E-03
   29     -1.4164498000E-03   5.7007840000E-04  -1.2279537000E-03   1.4300701000E-03  -3.0663401000E-03
   30     -1.0848480590E-01   3.3129259700E-02  -6.2374740000E-04  -1.2946750000E-04   2.2050870000E-04
   31     -1.9957500410E-01   4.1561486200E-02  -1.3642650000E-04  -1.3657504000E-03  -1.2022360000E-04
   32      5.0245851600E-02  -5.1927468900E-02  -2.3494054000E-03  -1.3683489000E-03  -4.7476850000E-04
   33      1.0227371660E-01   6.2367166500E-02  -1.0513164000E-03   4.2918650000E-04   1.6990920000E-04
   34     -1.6349611730E-01  -7.0535006200E-02   8.4573200000E-05  -1.4312128000E-03   4.1249400000E-04
   35     -7.9511144400E-02  -7.9659761100E-02  -2.0188131000E-03   1.0747716000E-03  -1.3072154000E-03
   36      1.0152370000E-04  -3.7577215000E-03  -3.4713545900E-02   8.0087239000E-03   7.3813614000E-03
   37     -1.2495855000E-03  -6.4544400000E-04  -8.3366375000E-03   5.7430183000E-03   1.6185654000E-03
   38      6.9437220000E-04  -3.5865640000E-03  -1.0252895000E-02  -7.4162201000E-03   6.2412715000E-03
   39      5.8963270000E-04  -2.4467340000E-03  -1.1094331000E-02  -2.9492353200E-02  -1.9676279000E-03
   40     -4.3986380000E-04  -6.2834330000E-04  -5.4649381000E-03  -1.2264257100E-02  -1.8994099000E-03
   41     -2.9855450000E-04  -1.3989973000E-03  -9.6941637000E-03  -2.6747464000E-03  -5.9886400000E-05
   42      5.2094680000E-04   1.1316056000E-03  -1.2723012750E-01   7.2463452300E-02  -1.4130814930E-01
   43     -3.5004240000E-04   7.2310010000E-04   8.6799894200E-02  -5.0473505400E-02   9.4887272300E-02
   44     -1.3519340000E-04  -1.8932856000E-03  -1.7513684520E-01   9.7622247700E-02  -1.5639401460E-01
   45     -4.1061770000E-04  -7.1010450000E-04  -1.7641437500E-02   1.3075247100E-02  -1.4279034000E-03
   46     -1.0728034000E-03   2.0189566000E-03   9.3185365000E-03  -9.0712047000E-02  -4.1496063700E-02
   47      5.6410960000E-04   2.4632100000E-03  -3.1651984000E-03  -5.5193738500E-02  -3.3136463300E-02
                   15                 16                 17                 18                 19        
    0     -1.2014543600E-02  -7.2215906000E-03  -1.9644132500E-02  -1.5252764580E-01  -1.1753523170E-01
    1      1.2510808000E-02  -7.9120999000E-03   1.7401197600E-02  -1.1892714990E-01  -1.7549626760E-01
    2      8.9359478900E-02   2.0214075900E-02   5.6435886500E-02  -2.0907142000E-02  -2.1399965900E-02
    3      6.3691093500E-02   1.5302036000E-02   7.4043549300E-02  -1.7925662100E-02  -3.2777030000E-04
    4      8.4796058000E-03   2.6354446000E-03  -4.2293220000E-04  -2.5167328800E-02   7.6341510000E-04
    5     -5.1693156000E-02  -7.6351369000E-03  -7.6604575500E-02   3.0376200000E-05   4.2365820000E-04
    6     -4.0232451700E-02  -7.5252470000E-03  -1.0014828800E-02  -5.7472781000E-03  -1.1935356000E-03
    7     -2.8189374200E-02  -2.3640669000E-03  -1.1155219000E-02   1.1841372000E-03   3.5144310000E-04
    8      1.0791085000E-03   8.5393680000E-04  -3.7480933800E-02   8.2167500000E-05   2.8719000000E-05
    9      3.9333883000E-03  -5.2384360000E-04  -5.8424858000E-03  -1.1634238000E-03  -1.5635180000E-04
   10     -2.5821755000E-03  -2.8329439000E-03  -2.6327766000E-03  -9.0599200000E-04   7.0457600000E-05
   11      1.9704373900E-02   2.4224089000E-03   1.0924592500E-02   3.5414220000E-04   2.1183100000E-04
   12     -2.6015369270E-01  -7.9293781700E-02   5.5630226800E-02   1.9230240000E-04   5.9392980000E-04
   13     -5.5643437400E-02  -8.9389186000E-02   1.9867599300E-02   1.9132230000E-04  -6.9756900000E-05
   14     -3.9505461300E-02  -1.6958814500E-02  -4.4036590800E-02   2.5134660000E-04   5.6242540000E-04
   15      4.7640377760E-01   5.6553171100E-02  -1.8352994240E-01  -4.7672030000E-04   7.7280000000E-06
   16      5.6553171100E-02   4.7567729720E-01  -8.6706761000E-03  -5.4879600000E-04  -7.6417470000E-04
   17     -1.8352994240E-01  -8.6706761000E-03   2.1688621070E-01  -8.3355310000E-04  -1.2488270000E-04
   18     -4.7672030000E-04  -5.4879600000E-04  -8.3355310000E-04   1.6712128400E-01   1.3443685370E-01
   19      7.7280000000E-06  -7.6417470000E-04  -1.2488270000E-04   1.3443685370E-01   2.1567996370E-01
   20      6.9839620000E-04  -1.2884735000E-03   3.6837764000E-03   2.1286328800E-02   1.7893753300E-02
   21     -1.6094895000E-03   6.3738230000E-04  -1.3395055000E-03   8.8901609000E-03  -1.5348798700E-02
   22     -4.3860740000E-04  -2.5395120000E-04  -7.7160900000E-05   9.4565373000E-03  -4.5015155500E-02
   23     -2.6292757000E-03   1.6998572000E-03  -4.6487853000E-03   2.0597730000E-04   2.9501391000E-03
   24     -8.1220710000E-04   4.9039450000E-04   2.1101140000E-04   1.8329749000E-03   7.4396030000E-04
   25      1.3960597000E-03  -8.0191170000E-04  -6.9129000000E-06  -6.1894140000E-04   7.4544030000E-04
   26     -3.6770200000E-04   3.3132050000E-04  -2.0191343000E-03  -2.1495600000E-05   1.1156570000E-04
   27     -3.1386270000E-04   4.7620900000E-05   4.8813990000E-04  -4.3394510000E-04  -2.1207320000E-04
   28     -3.6315050000E-04  -1.3843399000E-03  -6.8164140000E-04   4.2103370000E-04   2.3019710000E-04
   29     -2.5356430000E-04  -2.1913660000E-04   2.9780920000E-04   1.0038730000E-04  -4.0272330000E-04
   30      3.6881850000E-04   4.5836720000E-04   1.7870900000E-05  -1.3228949000E-03   1.7099400000E-04
   31      1.0469406000E-03  -7.8870990000E-04  -2.8685620000E-04   2.5623050000E-04   2.9942020000E-04
   32     -2.6402590000E-04  -6.5648150000E-04   1.4954287000E-03  -6.1096760000E-04  -8.1950600000E-05
   33      1.3337500000E-04   1.0910670000E-04  -1.2211700000E-05   1.9160750000E-04  -5.9018840000E-04
   34     -1.5743500000E-05  -8.4968490000E-04  -1.9002400000E-04   3.3789540000E-04   3.2523270000E-04
   35     -6.3213520000E-04   4.9061940000E-04   4.0946760000E-04  -3.8344460000E-04  -9.3656300000E-05
   36     -1.4661994660E-01   7.8271455700E-02   1.0928648590E-01   2.6903000000E-06   3.7857880000E-04
   37      7.4692543700E-02  -8.4422216200E-02  -5.8822623000E-02  -4.6048670000E-04   4.3096340000E-04
   38      1.3048514980E-01  -5.9877037900E-02  -9.9509679200E-02   1.2767070000E-04  -1.0666100000E-05
   39     -3.9514264200E-02  -3.2093919600E-02   1.3208460300E-02   6.5362790000E-04  -1.6537610000E-04
   40     -3.2586676300E-02  -2.6735662980E-01   5.7992635900E-02  -4.3589800000E-05   4.1085530000E-04
   41      2.4812040300E-02   6.9998312900E-02  -3.9986505200E-02   5.2734800000E-05   2.5669020000E-04
   42     -3.5998861200E-02   4.1786645000E-03  -1.8256138300E-02   1.1438254000E-03  -1.3062641000E-03
   43     -1.5825699600E-02  -4.4329420000E-04  -7.8587741000E-03   3.1174880000E-04   6.8584820000E-04
   44      1.5543075400E-02   8.1744333000E-03   1.0083027900E-02   2.9246820000E-04  -3.9986160000E-04
   45     -6.7844134000E-03  -2.8841020300E-02  -1.3412946500E-02  -4.3090300000E-04   5.0354540000E-04
   46     -1.9041992500E-02  -1.8749532400E-02  -4.3309538000E-03   7.6525800000E-05   1.3521182000E-03
   47     -2.8063603000E-03  -8.8792077000E-03   4.0700046000E-03  -2.6996800000E-05   7.4924700000E-05
                   20                 21                 22                 23                 24        
    0     -2.9256695500E-02  -1.2871946450E-01   1.0793618670E-01  -5.0992833300E-02  -1.9759638300E-02
    1     -2.8698213300E-02   1.1229639720E-01  -1.8754155550E-01   6.2186850500E-02   2.5913076100E-02
    2     -4.3305241400E-02  -4.1074529200E-02   5.3879229600E-02  -4.9603140500E-02  -1.7125869000E-03
    3      5.1277526000E-03  -1.6621421000E-02   6.3381415000E-03   9.5435889000E-03  -9.9781487100E-02
    4      6.0505007000E-03   2.5933521600E-02  -4.2335146000E-03  -4.8053216000E-03   1.0933619290E-01
    5     -1.7575170000E-04  -3.8159917000E-03  -4.8787260000E-04  -1.0492105000E-03  -1.7537034000E-03
    6      2.0445276000E-03   1.5530377000E-03  -1.8171920000E-03  -2.7749332000E-03   6.0444744000E-03
    7     -1.1439158000E-03   1.3552799000E-03   7.4970970000E-04  -1.2009941000E-03  -1.1786017100E-02
    8      1.0222021700E-02   6.6718660000E-04  -4.5927560000E-04  -5.7139387000E-03   3.0128620000E-04
    9      9.2816800000E-05   9.9777180000E-04   1.2724400000E-05  -1.9095310000E-04   1.4115618000E-03
   10     -4.4731070000E-04  -3.7042140000E-04   2.6095640000E-04   4.1855320000E-04  -1.2136878000E-03
   11     -6.3625670000E-04   2.8837250000E-04   1.2307600000E-05   4.7194660000E-04  -3.4107800000E-05
   12     -3.9838970000E-04   7.0964100000E-05   3.0072800000E-05   2.5106989000E-03  -6.6997620000E-04
   13      5.5340330000E-04   2.8733350000E-04  -3.0427420000E-04   2.7075210000E-04  -5.0196500000E-05
   14     -1.8845200000E-05  -3.4151440000E-04  -8.9033100000E-05  -2.5926290000E-04   4.5062700000E-05
   15      6.9839620000E-04  -1.6094895000E-03  -4.3860740000E-04  -2.6292757000E-03  -8.1220710000E-04
   16     -1.2884735000E-03   6.3738230000E-04  -2.5395120000E-04   1.6998572000E-03   4.9039450000E-04
   17      3.6837764000E-03  -1.3395055000E-03  -7.7160900000E-05  -4.6487853000E-03   2.1101140000E-04
   18      2.1286328800E-02   8.8901609000E-03   9.4565373000E-03   2.0597730000E-04   1.8329749000E-03
   19      1.7893753300E-02  -1.5348798700E-02  -4.5015155500E-02   2.9501391000E-03   7.4396030000E-04
   20      2.8012702300E-02   2.6806521000E-03   6.8324154000E-03   8.1160547000E-03  -6.1422810000E-04
   21      2.6806521000E-03   1.3890521560E-01  -1.2191342140E-01   4.3161202500E-02  -4.8309812000E-03
   22      6.8324154000E-03  -1.2191342140E-01   2.3241152620E-01  -6.0355650400E-02   1.8598369000E-03
   23      8.1160547000E-03   4.3161202500E-02  -6.0355650400E-02   4.2511791200E-02   3.4471646000E-03
   24     -6.1422810000E-04  -4.8309812000E-03   1.8598369000E-03   3.4471646000E-03   1.1745128610E-01
   25     -1.9951130000E-04  -4.0560940000E-04   2.9039890000E-04  -3.8220530000E-04  -1.2188410290E-01
   26     -3.8671927000E-03   7.0962700000E-05   1.4487406000E-03   8.4476278000E-03  -2.9975720000E-04
   27      1.0143930000E-04  -1.3473140000E-04  -4.8209940000E-04  -4.6006400000E-05  -1.3908025000E-03
   28     -1.1805500000E-04  -6.0520900000E-04  -5.5548000000E-06  -1.3518710000E-04  -2.7504453000E-03
   29     -3.9742860000E-04  -4.2677900000E-05  -3.4011670000E-04   3.2803990000E-04   3.0674430000E-04
   30      4.7856820000E-04   1.7298040000E-04   1.8910470000E-04   6.9770660000E-04  -4.6275450000E-04
   31      1.6486230000E-04  -4.4681170000E-04   3.6615930000E-04   5.9000200000E-05  -8.6250900000E-05
   32     -1.4788891000E-03  -5.4204170000E-04   3.3563400000E-05   1.5170747000E-03  -1.4613490000E-04
   33      7.2700450000E-04  -2.6498620000E-04  -6.0691520000E-04   6.0152740000E-04   2.0258320000E-04
   34     -8.2499300000E-05  -5.5702060000E-04   2.1777600000E-04   7.7702500000E-05  -2.0868570000E-04
   35      1.2869372000E-03  -4.1940640000E-04  -4.7968500000E-05   3.0251710000E-04   9.3302000000E-05
   36     -8.7153090000E-04   6.1925830000E-04   3.5953910000E-04  -6.5503390000E-04  -1.5366520000E-04
   37      1.1424460000E-04   1.7048630000E-04   7.1836610000E-04  -2.5527600000E-04  -2.5427360000E-04
   38     -9.9689890000E-04   2.2308360000E-04   2.6464440000E-04   4.6320670000E-04  -1.1299360000E-04
   39     -6.2734820000E-04  -1.8163370000E-04  -3.7692000000E-06  -1.3118758000E-03   2.6352490000E-04
   40     -5.9478100000E-05  -6.8455800000E-05   2.8444310000E-04  -8.1132000000E-05   1.3538970000E-04
   41      2.4781000000E-04   2.0028700000E-04  -1.4622480000E-04  -1.9499080000E-03   3.8958230000E-04
   42     -8.2713850000E-04   2.3480880000E-04  -1.3231456000E-03  -1.3039103000E-03   1.0829025000E-03
   43      2.4206380000E-04  -5.7909840000E-04   6.2630880000E-04  -4.1302080000E-04   2.1632650000E-04
   44      1.5896780000E-04   3.5486880000E-04  -7.5145530000E-04  -3.8172640000E-04   1.6584990000E-04
   45     -6.4215520000E-04   9.1850990000E-04   4.0300690000E-04  -2.6304460000E-04  -4.2779540000E-04
   46      1.8621390000E-04  -3.8555440000E-04   1.4283614000E-03  -3.4067400000E-05  -4.6151720000E-04
   47     -8.5176590000E-04  -7.0948900000E-05   2.8385690000E-04   1.4477135000E-03  -2.8649160000E-04
                   25                 26                 27                 28                 29        
    0      4.9378141000E-03   2.9258454000E-03   1.1159522000E-03   1.0819496000E-03  -1.2181190000E-04
    1     -2.2995822000E-03  -2.9957754000E-03  -2.0843755000E-03   1.0385333000E-03   5.9621020000E-04
    2     -1.2146237000E-03   1.8957798000E-03  -2.3255160000E-04   4.0138100000E-04  -8.0773370000E-04
    3      1.0814164230E-01  -1.9338733000E-03   5.7328567000E-03   1.0458991800E-02   1.0701004000E-03
    4     -2.4465690660E-01   9.3556409000E-03  -1.0636011200E-02  -2.6528276700E-02  -6.4101970000E-04
    5      7.6995201000E-03  -3.1798313100E-02  -1.4594582000E-03  -2.1021882000E-03   1.8397760000E-04
    6      1.1316084400E-02  -2.7738915000E-03  -1.0234686190E-01   1.0843208020E-01   1.2467030000E-02
    7     -2.6287187000E-02  -8.3242890000E-04   1.0835926240E-01  -2.3568109120E-01  -2.6514298200E-02
    8      5.8098300000E-05   2.8699140000E-04   1.2731576500E-02  -2.5650997600E-02  -3.7475815700E-02
    9      7.6968900000E-04   2.3153880000E-04  -2.2383424100E-02   4.2604051000E-03   3.2166286000E-03
   10      1.6731306000E-03  -9.7399770000E-04   2.5458451300E-02  -4.6103430000E-04  -1.4164498000E-03
   11     -7.1442080000E-04  -1.9329990000E-04   6.8341581000E-03  -7.1986050000E-04   5.7007840000E-04
   12     -2.8471820000E-04   1.0566778000E-03  -7.3755020000E-04   1.1911993000E-03  -1.2279537000E-03
   13     -1.5689173000E-03   1.6241046000E-03   8.9252300000E-04  -1.3506253000E-03   1.4300701000E-03
   14      1.5392270000E-04   9.4377400000E-05  -7.8803070000E-04   1.2391149000E-03  -3.0663401000E-03
   15      1.3960597000E-03  -3.6770200000E-04  -3.1386270000E-04  -3.6315050000E-04  -2.5356430000E-04
   16     -8.0191170000E-04   3.3132050000E-04   4.7620900000E-05  -1.3843399000E-03  -2.1913660000E-04
   17     -6.9129000000E-06  -2.0191343000E-03   4.8813990000E-04  -6.8164140000E-04   2.9780920000E-04
   18     -6.1894140000E-04  -2.1495600000E-05  -4.3394510000E-04   4.2103370000E-04   1.0038730000E-04
   19      7.4544030000E-04   1.1156570000E-04  -2.1207320000E-04   2.3019710000E-04  -4.0272330000E-04
   20     -1.9951130000E-04  -3.8671927000E-03   1.0143930000E-04  -1.1805500000E-04  -3.9742860000E-04
   21     -4.0560940000E-04   7.0962700000E-05  -1.3473140000E-04  -6.0520900000E-04  -4.2677900000E-05
   22      2.9039890000E-04   1.4487406000E-03  -4.8209940000E-04  -5.5548000000E-06  -3.4011670000E-04
   23     -3.8220530000E-04   8.4476278000E-03  -4.6006400000E-05  -1.3518710000E-04   3.2803990000E-04
   24     -1.2188410290E-01  -2.9975720000E-04  -1.3908025000E-03  -2.7504453000E-03   3.0674430000E-04
   25      2.7407820160E-01  -6.0275950000E-03  -2.5051292000E-03  -3.4901229000E-03   1.9466000000E-04
   26     -6.0275950000E-03   2.2856835500E-02   3.2976640000E-04  -2.1072500000E-05   3.7585239000E-03
   27     -2.5051292000E-03   3.2976640000E-04   1.2351439750E-01  -1.2025230550E-01  -1.6792999900E-02
   28     -3.4901229000E-03  -2.1072500000E-05  -1.2025230550E-01   2.6409679880E-01   2.7010161900E-02
   29      1.9466000000E-04   3.7585239000E-03  -1.6792999900E-02   2.7010161900E-02   3.1927760600E-02
   30      2.9181770000E-04  -2.0772210000E-04   1.6295123000E-03  -7.1964040000E-04  -1.3862806000E-03
   31      9.3885200000E-05   5.5193200000E-04   8.8437540000E-04   7.4220890000E-04  -8.4127100000E-05
   32     -2.8835800000E-05  -5.7601540000E-04  -5.9722600000E-04   7.0271890000E-04  -4.8878312000E-03
   33     -3.5520380000E-04   1.3138920000E-04  -5.0580147000E-03  -6.8795120000E-04   2.9011433000E-03
   34     -6.6556400000E-05   4.1591660000E-04   1.3385905000E-03   4.9068400000E-04  -2.1314106000E-03
   35      2.0188490000E-04   8.2607830000E-04  -4.3973520000E-04  -2.9905000000E-06   1.0246220300E-02
   36     -3.7089290000E-04   3.8197430000E-04   5.5220320000E-04  -9.0042900000E-05  -1.0602700000E-05
   37      4.7993980000E-04  -7.8551210000E-04  -7.4142000000E-06   4.3018870000E-04   6.8365210000E-04
   38      1.9226040000E-04  -2.7174900000E-04   2.6261000000E-05   2.3228970000E-04   4.6324300000E-04
   39     -7.0150700000E-05   4.3532520000E-04   1.7842100000E-05  -2.4422100000E-05  -1.5830490000E-04
   40      6.8989620000E-04  -9.2777450000E-04  -3.0318290000E-04   5.2346630000E-04   4.4276890000E-04
   41      3.6756000000E-05  -6.9068300000E-05   9.5835300000E-05  -1.9190120000E-04  -3.4426990000E-04
   42     -2.1018000000E-05   9.8498000000E-05  -4.7342970000E-04  -3.2167850000E-04  -1.0720110000E-04
   43      3.5742640000E-04  -1.1060610000E-03  -2.3992760000E-04   3.3730970000E-04   1.1240005000E-03
   44     -6.0536860000E-04   1.1433882000E-03   1.3328010000E-04  -6.8290000000E-04  -1.2823166000E-03
   45     -3.3734070000E-04  -5.7536200000E-05   7.0985830000E-04  -3.0814400000E-05   3.9363300000E-05
   46      7.6286530000E-04  -1.6900360000E-04  -2.5830480000E-04   1.0116585000E-03   2.6775830000E-04
   47      6.4237100000E-04  -5.1482970000E-04  -3.8444850000E-04   7.2112780000E-04   4.8608290000E-04
                   30                 31                 32                 33                 34        
    0     -1.0692053000E-03  -2.9249640000E-04   4.0988800000E-05   6.1103860000E-04  -1.8352660000E-04
    1     -7.5415090000E-04  -6.2974410000E-04   6.7752110000E-04  -6.5904360000E-04  -1.9819490000E-04
    2     -1.3245003000E-03  -5.5102740000E-04  -2.2840061000E-03  -5.6210280000E-04   6.3988580000E-04
    3     -5.8285492000E-03  -1.8346090000E-03   1.1670424000E-03   1.6428033000E-03  -3.2681620000E-04
    4      4.0124650000E-04   8.3342380000E-04  -5.3835270000E-04   8.9756470000E-04   1.6426370000E-03
    5      4.2438421000E-03   6.8243620000E-04   1.2051235600E-02  -2.0229381000E-03   3.2968060000E-04
    6     -1.7335383200E-02  -1.0314128000E-03  -2.2507898000E-03  -1.8936907700E-02   4.2417247000E-03
    7     -2.6714666500E-02  -1.0405132000E-03   1.4814353000E-03   2.5990936100E-02  -2.1610286000E-03
    8      1.9942248000E-03   2.1263700000E-05   3.3772593000E-03   7.4702816000E-03  -8.9721580000E-04
    9     -1.1986702180E-01  -1.0984486390E-01   4.3649723200E-02  -1.2700952030E-01   9.8413573600E-02
   10     -1.0848480590E-01  -1.9957500410E-01   5.0245851600E-02   1.0227371660E-01  -1.6349611730E-01
   11      3.3129259700E-02   4.1561486200E-02  -5.1927468900E-02   6.2367166500E-02  -7.0535006200E-02
   12     -6.2374740000E-04  -1.3642650000E-04  -2.3494054000E-03  -1.0513164000E-03   8.4573200000E-05
   13     -1.2946750000E-04  -1.3657504000E-03  -1.3683489000E-03   4.2918650000E-04  -1.4312128000E-03
   14      2.2050870000E-04  -1.2022360000E-04  -4.7476850000E-04   1.6990920000E-04   4.1249400000E-04
   15      3.6881850000E-04   1.0469406000E-03  -2.6402590000E-04   1.3337500000E-04  -1.5743500000E-05
   16      4.5836720000E-04  -7.8870990000E-04  -6.5648150000E-04   1.0910670000E-04  -8.4968490000E-04
   17      1.7870900000E-05  -2.8685620000E-04   1.4954287000E-03  -1.2211700000E-05  -1.9002400000E-04
   18     -1.3228949000E-03   2.5623050000E-04  -6.1096760000E-04   1.9160750000E-04   3.3789540000E-04
   19      1.7099400000E-04   2.9942020000E-04  -8.1950600000E-05  -5.9018840000E-04   3.2523270000E-04
   20      4.7856820000E-04   1.6486230000E-04  -1.4788891000E-03   7.2700450000E-04  -8.2499300000E-05
   21      1.7298040000E-04  -4.4681170000E-04  -5.4204170000E-04  -2.6498620000E-04  -5.5702060000E-04
   22      1.8910470000E-04   3.6615930000E-04   3.3563400000E-05  -6.0691520000E-04   2.1777600000E-04
   23      6.9770660000E-04   5.9000200000E-05   1.5170747000E-03   6.0152740000E-04   7.7702500000E-05
   24     -4.6275450000E-04  -8.6250900000E-05  -1.4613490000E-04   2.0258320000E-04  -2.0868570000E-04
   25      2.9181770000E-04   9.3885200000E-05  -2.8835800000E-05  -3.5520380000E-04  -6.6556400000E-05
   26     -2.0772210000E-04   5.5193200000E-04  -5.7601540000E-04   1.3138920000E-04   4.1591660000E-04
   27      1.6295123000E-03   8.8437540000E-04  -5.9722600000E-04  -5.0580147000E-03   1.3385905000E-03
   28     -7.1964040000E-04   7.4220890000E-04   7.0271890000E-04  -6.8795120000E-04   4.9068400000E-04
   29     -1.3862806000E-03  -8.4127100000E-05  -4.8878312000E-03   2.9011433000E-03  -2.1314106000E-03
   30      1.3340566870E-01   1.2325952980E-01  -3.8488414400E-02   8.7532912000E-03   1.2602784700E-02
   31      1.2325952980E-01   2.4148701730E-01  -3.9901001300E-02  -1.0855252000E-02  -4.5018709700E-02
   32     -3.8488414400E-02  -3.9901001300E-02   3.3712026800E-02  -1.9128993000E-03  -1.0179791300E-02
   33      8.7532912000E-03  -1.0855252000E-02  -1.9128993000E-03   1.3847927670E-01  -1.1504309180E-01
   34      1.2602784700E-02  -4.5018709700E-02  -1.0179791300E-02  -1.1504309180E-01   2.0617947290E-01
   35      6.4226160000E-04  -2.2100579000E-03   9.5410400000E-03  -6.9690815400E-02   8.2190894600E-02
   36      8.2657220000E-04  -8.1279320000E-04   4.8907020000E-04   5.0108260000E-04  -7.0908110000E-04
   37      1.8915480000E-04   1.1050713000E-03  -4.6572300000E-05  -4.9185690000E-04   1.0470504000E-03
   38     -2.5543900000E-05   7.3173200000E-05   4.3253300000E-04  -3.4272000000E-05   4.1706800000E-04
   39      5.9090100000E-05  -7.9721900000E-05   4.2398600000E-04   8.9139230000E-04  -4.9698300000E-05
   40     -1.1903590000E-04   1.2750350000E-03  -2.6986900000E-05  -4.1733750000E-04   1.3559432000E-03
   41      2.7483300000E-05   1.7471840000E-04  -3.6391800000E-04   1.2592650000E-04   1.9358250000E-04
   42     -4.9741800000E-05   8.3595260000E-04   9.0597960000E-04   8.7767900000E-04   9.4300040000E-04
   43     -7.2576610000E-04   1.3108493000E-03   7.4764300000E-05   3.6107260000E-04   1.4267501000E-03
   44      7.5103700000E-05  -5.2161360000E-04  -7.4689110000E-04   2.3275440000E-04  -7.6364990000E-04
   45      1.3433646000E-03  -8.6239060000E-04   4.8511480000E-04   3.6615900000E-05  -8.6847880000E-04
   46      8.4533800000E-05   9.0536120000E-04  -3.8753320000E-04  -3.5474270000E-04   5.3595860000E-04
   47     -9.4368500000E-05   3.8603490000E-04   6.1319020000E-04  -4.9186360000E-04   1.0237260000E-04
                   35                 36                 37                 38                 39        
    0     -1.9810020000E-04   6.0510340000E-04  -5.5456390000E-04   1.1659299000E-03  -3.2430840000E-04
    1     -7.6684760000E-04  -1.1756075000E-03   1.3723611000E-03  -4.7913493000E-03   2.3058802000E-03
    2     -8.0917370000E-04  -6.8389949000E-03   2.8412570000E-04  -1.5788044200E-02  -4.0616073000E-03
    3     -6.4150410000E-04  -6.2414585000E-03  -2.1758950000E-04  -9.2933897000E-03  -2.6158991000E-03
    4     -4.7462950000E-04  -7.7390410000E-04  -1.6922939000E-03  -8.6176460000E-04  -2.5434724000E-03
    5     -5.4349888000E-03   3.9685814000E-03  -4.8842180000E-04   6.8271213000E-03   5.4884416000E-03
    6     -1.8914532000E-03   3.5437555000E-03  -1.4632860000E-04   6.3018444000E-03   2.2366973000E-03
    7     -2.3588370000E-03   2.7520303000E-03  -2.4269660000E-04   5.2827020000E-03   1.8284540000E-03
    8      1.8069818000E-03   1.5091900000E-03   1.5741662000E-03   8.3520200000E-05   2.2625620000E-03
    9      7.3293838100E-02  -3.8063030000E-04   1.0964270000E-04  -1.8250807000E-03  -7.5113310000E-04
   10     -7.9511144400E-02   1.0152370000E-04  -1.2495855000E-03   6.9437220000E-04   5.8963270000E-04
   11     -7.9659761100E-02  -3.7577215000E-03  -6.4544400000E-04  -3.5865640000E-03  -2.4467340000E-03
   12     -2.0188131000E-03  -3.4713545900E-02  -8.3366375000E-03  -1.0252895000E-02  -1.1094331000E-02
   13      1.0747716000E-03   8.0087239000E-03   5.7430183000E-03  -7.4162201000E-03  -2.9492353200E-02
   14     -1.3072154000E-03   7.3813614000E-03   1.6185654000E-03   6.2412715000E-03  -1.9676279000E-03
   15     -6.3213520000E-04  -1.4661994660E-01   7.4692543700E-02   1.3048514980E-01  -3.9514264200E-02
   16      4.9061940000E-04   7.8271455700E-02  -8.4422216200E-02  -5.9877037900E-02  -3.2093919600E-02
   17      4.0946760000E-04   1.0928648590E-01  -5.8822623000E-02  -9.9509679200E-02   1.3208460300E-02
   18     -3.8344460000E-04   2.6903000000E-06  -4.6048670000E-04   1.2767070000E-04   6.5362790000E-04
   19     -9.3656300000E-05   3.7857880000E-04   4.3096340000E-04  -1.0666100000E-05  -1.6537610000E-04
   20      1.2869372000E-03  -8.7153090000E-04   1.1424460000E-04  -9.9689890000E-04  -6.2734820000E-04
   21     -4.1940640000E-04   6.1925830000E-04   1.7048630000E-04   2.2308360000E-04  -1.8163370000E-04
   22     -4.7968500000E-05   3.5953910000E-04   7.1836610000E-04   2.6464440000E-04  -3.7692000000E-06
   23      3.0251710000E-04  -6.5503390000E-04  -2.5527600000E-04   4.6320670000E-04  -1.3118758000E-03
   24      9.3302000000E-05  -1.5366520000E-04  -2.5427360000E-04  -1.1299360000E-04   2.6352490000E-04
   25      2.0188490000E-04  -3.7089290000E-04   4.7993980000E-04   1.9226040000E-04  -7.0150700000E-05
   26      8.2607830000E-04   3.8197430000E-04  -7.8551210000E-04  -2.7174900000E-04   4.3532520000E-04
   27     -4.3973520000E-04   5.5220320000E-04  -7.4142000000E-06   2.6261000000E-05   1.7842100000E-05
   28     -2.9905000000E-06  -9.0042900000E-05   4.3018870000E-04   2.3228970000E-04  -2.4422100000E-05
   29      1.0246220300E-02  -1.0602700000E-05   6.8365210000E-04   4.6324300000E-04  -1.5830490000E-04
   30      6.4226160000E-04   8.2657220000E-04   1.8915480000E-04  -2.5543900000E-05   5.9090100000E-05
   31     -2.2100579000E-03  -8.1279320000E-04   1.1050713000E-03   7.3173200000E-05  -7.9721900000E-05
   32      9.5410400000E-03   4.8907020000E-04  -4.6572300000E-05   4.3253300000E-04   4.2398600000E-04
   33     -6.9690815400E-02   5.0108260000E-04  -4.9185690000E-04  -3.4272000000E-05   8.9139230000E-04
   34      8.2190894600E-02  -7.0908110000E-04   1.0470504000E-03   4.1706800000E-04  -4.9698300000E-05
   35      6.2797836300E-02   4.9703050000E-04   3.8122640000E-04  -3.6670350000E-04   5.0534100000E-04
   36      4.9703050000E-04   1.8625978620E-01  -9.1098369200E-02  -1.1517177470E-01   4.0065950000E-04
   37      3.8122640000E-04  -9.1098369200E-02   1.1093087490E-01   6.9736496900E-02   2.8096803900E-02
   38     -3.6670350000E-04  -1.1517177470E-01   6.9736496900E-02   1.0156396030E-01   1.4679943000E-03
