
$orca_hessian_file

$act_atom
  0

$act_coord
  0

$act_energy
      -21.842995

$multiplicity
  1

$hessian
48
                    0                  1                  2                  3                  4        
    0      5.9135722630E-01   9.1860979000E-03  -2.1876516050E-01  -2.8580420440E-01   3.4857106700E-02
    1      9.1860979000E-03   5.6784223560E-01  -4.6873248000E-03   1.3699899800E-02  -7.8336039900E-02
    2     -2.1876516050E-01  -4.6873248000E-03   1.6843583410E-01   1.3159532130E-01  -2.8522876300E-02
    3     -2.8580420440E-01   1.3699899800E-02   1.3159532130E-01   5.6533540490E-01   9.5120692000E-03
    4      3.4857106700E-02  -7.8336039900E-02  -2.8522876300E-02   9.5120692000E-03   5.9266617250E-01
    5      1.8042811260E-01  -6.1621357000E-03  -1.1115072200E-01  -1.7973977290E-01   6.6799306900E-02
    6     -4.8488290500E-02  -2.5747413200E-02   4.3524646800E-02  -1.1816736270E-01  -9.9772575700E-02
    7     -2.4363577400E-02   4.1075600000E-05   2.4773152000E-02  -1.0268549800E-01  -2.4480150880E-01
    8      6.4670336000E-03   9.8898838000E-03   3.1985870000E-04   4.1754870000E-03  -4.7938976000E-03
    9      5.8622365000E-03  -3.0678608000E-03  -1.1877199100E-02  -5.1005467600E-02  -2.6877656600E-02
   10     -3.6295301000E-03  -2.6164588000E-03   4.4346865000E-03  -2.2975791300E-02   2.6315036000E-03
   11      9.3238699000E-03  -2.9837338000E-03  -2.5627585000E-02  -4.2905331000E-02  -2.4144938600E-02
   12     -2.9321430000E-04  -6.3856337000E-03  -6.1365591400E-02  -4.1749732900E-02  -1.9489294400E-02
   13      1.5935370000E-04  -1.6858208000E-03  -3.2468251300E-02  -1.9624467000E-02  -5.0162121000E-03
   14     -9.7874408000E-03  -1.8140978000E-03   2.5874844400E-02   2.3787795200E-02   1.7005008600E-02
   15     -1.9650827600E-02   3.3203992000E-03   7.9733800400E-02   4.3568390500E-02   1.2958558800E-02
   16     -2.4508822000E-03  -2.2064050000E-02   2.7853483300E-02   1.4752845500E-02   6.5530761000E-03
   17     -4.4327326000E-03   8.3058651000E-03   6.6937642000E-02   5.2485941900E-02   1.6784302200E-02
   18     -1.3170353630E-01  -1.2138082990E-01   2.3793364400E-02  -1.5361741700E-02  -1.9368265000E-02
   19     -1.2189888150E-01  -2.1007784350E-01   2.2104371000E-02  -6.9466530000E-04   2.5145740000E-04
   20      1.7826689800E-02   1.9458322400E-02  -3.4983063800E-02   1.3139031400E-02   1.6150813800E-02
   21     -9.6225128500E-02   1.0422616410E-01   1.6823459800E-02  -1.0030126600E-02   2.3656007700E-02
   22      1.0193279110E-01  -2.4828127670E-01  -1.3886342800E-02   6.3920281000E-03  -5.0782276000E-03
   23      7.8828039000E-03  -1.0486347500E-02  -2.5858460100E-02   1.5570615000E-02  -1.6485735000E-02
   24     -1.3956888900E-02   2.5147224400E-02   2.2389499000E-03  -9.1187338700E-02   9.4892748600E-02
   25      3.9843381000E-03  -3.9351899000E-03  -1.2605911000E-03   9.6057694000E-02  -2.4237257850E-01
   26      1.1585678300E-02  -1.3264720700E-02  -8.3368255000E-03   1.0626445600E-02  -3.2086956900E-02
   27      5.6309570000E-04  -1.6255622000E-03   1.3045084000E-03   8.7443123000E-03  -1.1766027500E-02
   28      9.5826460000E-04   3.9471820000E-04  -1.1870981000E-03   7.8733100000E-03  -2.7343127800E-02
   29      5.1076370000E-04   1.5127250000E-04  -4.0445762000E-03  -4.8507143000E-03  -7.6027371000E-03
   30      2.2336320000E-04  -3.8968290000E-04  -1.6150321000E-03  -4.9121974000E-03  -2.5420470000E-04
   31      1.3345350000E-04   2.1001170000E-04  -8.0681830000E-04  -8.3357340000E-04   5.9971150000E-04
   32     -1.6649521000E-03  -1.5490994000E-03   6.8885650000E-04  -4.4439353000E-03   2.1936234000E-03
   33      4.9145600000E-05  -2.5183430000E-04  -8.5842350000E-04  -6.9100540000E-04   1.0260754000E-03
   34     -1.3356020000E-04  -2.1015830000E-04   3.2439180000E-04  -1.8408110000E-03   1.0145494000E-03
   35      8.4400500000E-05   5.5337680000E-04   1.0960827000E-03   2.7586371000E-03   1.7079199000E-03
   36      8.7608650000E-04   6.9420200000E-05  -4.6726132000E-03  -1.3657910000E-03  -3.5483350000E-04
   37      6.8965830000E-04   7.8919990000E-04   1.7275740000E-04   4.6920550000E-04  -1.5028980000E-04
   38      2.9527740000E-03  -5.0037793000E-03  -2.6587049900E-02  -7.1074928000E-03  -2.0515443000E-03
   39     -8.9852550000E-04   3.3475238000E-03  -3.7721769000E-03  -3.1648820000E-04  -5.8065030000E-04
   40      8.9223870000E-04  -1.1052956000E-03   2.4481030000E-03   4.0173710000E-04   2.7885080000E-04
   41     -3.4337725000E-03   9.3580494000E-03  -1.3093754500E-02  -4.4535676000E-03  -6.3183900000E-05
   42     -1.3559373000E-03   2.0360300000E-05   2.8891226000E-03   1.7207427000E-03   7.2798310000E-04
   43     -7.5203720000E-04   3.4156700000E-05   1.2553405000E-03   8.6860710000E-04   5.7107520000E-04
   44      6.4152090000E-04  -1.3029823000E-03  -1.0173028800E-02  -7.6848987000E-03  -3.3548706000E-03
   45     -5.5460060000E-04  -1.6827270000E-04   1.0230233000E-03   1.2226064000E-03   8.3295810000E-04
   46      4.3516620000E-04  -9.9926430000E-04  -5.4698270000E-04  -1.3725902000E-03  -1.4684119000E-03
   47      3.8041150000E-04  -4.6254890000E-04  -3.4980527000E-03  -2.9535619000E-03  -1.5342347000E-03
                    5                  6                  7                  8                  9        
    0      1.8042811260E-01  -4.8488290500E-02  -2.4363577400E-02   6.4670336000E-03   5.8622365000E-03
    1     -6.1621357000E-03  -2.5747413200E-02   4.1075600000E-05   9.8898838000E-03  -3.0678608000E-03
    2     -1.1115072200E-01   4.3524646800E-02   2.4773152000E-02   3.1985870000E-04  -1.1877199100E-02
    3     -1.7973977290E-01  -1.1816736270E-01  -1.0268549800E-01   4.1754870000E-03  -5.1005467600E-02
    4      6.6799306900E-02  -9.9772575700E-02  -2.4480150880E-01  -4.7938976000E-03  -2.6877656600E-02
    5      2.5341393880E-01  -5.7490647000E-03  -9.6806762000E-03  -3.3665629400E-02  -5.3407341000E-03
    6     -5.7490647000E-03   6.3174461710E-01  -1.0413533500E-02   1.6429546850E-01  -3.4886791480E-01
    7     -9.6806762000E-03  -1.0413533500E-02   6.0203421870E-01  -3.2533962900E-02   5.2526915200E-02
    8     -3.3665629400E-02   1.6429546850E-01  -3.2533962900E-02   2.1458324640E-01  -1.7223331520E-01
    9     -5.3407341000E-03  -3.4886791480E-01   5.2526915200E-02  -1.7223331520E-01   6.3801306080E-01
   10     -6.4117033000E-03   2.5617849200E-02  -8.0976222700E-02   5.3915198000E-03  -1.0098048500E-02
   11     -6.5102920000E-04  -1.3451816560E-01   2.9933488300E-02  -9.2203668100E-02   2.2554413130E-01
   12      1.3310275300E-02   3.9404179800E-02   1.4136497000E-02   2.4022337700E-02  -1.5101266800E-02
   13      1.1179187500E-02   1.4706126300E-02   8.6054191000E-03   1.0255323900E-02  -4.0578244000E-03
   14     -1.6374964800E-02  -4.7285335800E-02  -1.5364960800E-02  -3.9923120100E-02   2.1611519000E-03
   15     -3.0613376600E-02  -3.5744795300E-02  -1.7802410900E-02  -9.0934164000E-03   6.0204532000E-03
   16     -1.1916942000E-02  -1.4963211700E-02  -5.3855376000E-03  -2.9758757000E-03   2.3148061000E-03
   17     -5.5260930400E-02  -2.6248441200E-02  -1.6599417300E-02  -1.6912628700E-02   9.2791124000E-03
   18      3.8251147000E-03  -5.1500739000E-03  -9.0824880000E-04   4.6062630000E-03   5.2251270000E-04
   19      8.5137410000E-04  -1.2492716000E-03   8.7234460000E-04   5.5318100000E-05   9.7411000000E-05
   20     -5.6110410000E-03   4.9528339000E-03  -2.3551990000E-03   4.0645927000E-03   1.5893901000E-03
   21      1.6266791000E-03  -1.5254832000E-03   6.7553590000E-04  -1.7303342000E-03   3.1234080000E-04
   22     -3.6783725000E-03  -1.6139589000E-03   9.6999610000E-04   6.8128040000E-04  -1.2392380000E-04
   23     -6.3321058000E-03  -3.1693274000E-03  -1.5597013000E-03  -2.7984540000E-03   1.5566170000E-04
   24      2.1953744000E-02   9.2481109000E-03  -1.2058817200E-02  -1.8118463000E-03   4.7743940000E-04
   25     -3.4909665000E-02   7.9634477000E-03  -2.7968680700E-02  -2.3741059000E-03   1.2068414000E-03
   26     -3.4997809600E-02   4.6708295000E-03   4.2915148000E-03   1.2144949000E-03  -7.6600400000E-04
   27      3.5511870000E-04  -9.2333111100E-02   9.6206933500E-02  -9.4482161000E-03  -1.5623093100E-02
   28     -4.0482740000E-04   9.7953165100E-02  -2.4658668750E-01   1.2636124800E-02   5.2192262000E-03
   29      7.1453010000E-04   2.2980494000E-03   1.2218644700E-02  -3.1913402400E-02  -1.0406961400E-02
   30     -4.1525428000E-03  -1.7135638000E-02  -2.0543336100E-02  -6.2655923000E-03  -1.2566687200E-01
   31     -2.4237360000E-04  -1.1709010000E-04   1.1956697000E-03  -1.7024700000E-05  -1.2059705040E-01
   32      6.5963107000E-03  -1.0232774400E-02  -1.3687639600E-02  -5.5114499000E-03  -3.0174463900E-02
   33      1.8890362000E-03  -1.1795336400E-02   2.5284286700E-02  -9.4540090000E-04  -9.4465174600E-02
   34     -2.8621930000E-04   7.1244197000E-03  -6.2133729000E-03   2.6674868000E-03   1.0244047430E-01
   35     -3.4858694000E-03  -1.3111507100E-02   1.4076647800E-02  -3.4491428000E-03  -5.4652611000E-03
   36      3.0071480000E-04   1.3953834000E-03   6.6854240000E-04  -2.4819920000E-04  -9.6710900000E-04
   37     -3.3489720000E-04  -6.6646060000E-04  -2.0683340000E-04   5.3310600000E-05  -5.4598010000E-04
   38      3.2037646000E-03   5.8239127000E-03   2.7341249000E-03   1.5412444000E-03  -1.1231200000E-03
   39      9.6129360000E-04   3.5676640000E-04   2.8028890000E-04  -1.3598480000E-04  -5.1132500000E-04
   40     -2.4012700000E-04  -2.0094190000E-04  -3.1009570000E-04  -2.5980460000E-04  -5.0631800000E-05
   41      2.2086589000E-03   3.5556314000E-03   1.4250123000E-03   7.1168800000E-05  -6.3480100000E-04
   42      5.2388340000E-04  -1.4101291000E-03  -3.9624880000E-04  -5.8056190000E-04   7.6364480000E-04
   43     -5.1020890000E-04  -1.1635095000E-03  -6.4159500000E-04  -4.4991580000E-04   6.1496630000E-04
   44      1.9537678000E-03   7.3084304000E-03   2.4228350000E-03   3.3685642000E-03  -2.1122971000E-03
   45      4.2151850000E-04  -1.5309226000E-03  -6.0732900000E-04  -1.0737224000E-03   2.3653470000E-04
   46     -4.0517203000E-03   2.5429588000E-03  -6.2818940000E-04   1.7743391000E-03   9.9833560000E-04
   47     -5.6086920000E-04   3.8848136000E-03  -9.3862700000E-05   1.2143253000E-03   1.4047094000E-03
                   10                 11                 12                 13                 14        
    0     -3.6295301000E-03   9.3238699000E-03  -2.9321430000E-04   1.5935370000E-04  -9.7874408000E-03
    1     -2.6164588000E-03  -2.9837338000E-03  -6.3856337000E-03  -1.6858208000E-03  -1.8140978000E-03
    2      4.4346865000E-03  -2.5627585000E-02  -6.1365591400E-02  -3.2468251300E-02   2.5874844400E-02
    3     -2.2975791300E-02  -4.2905331000E-02  -4.1749732900E-02  -1.9624467000E-02   2.3787795200E-02
    4      2.6315036000E-03  -2.4144938600E-02  -1.9489294400E-02  -5.0162121000E-03   1.7005008600E-02
    5     -6.4117033000E-03  -6.5102920000E-04   1.3310275300E-02   1.1179187500E-02  -1.6374964800E-02
    6      2.5617849200E-02  -1.3451816560E-01   3.9404179800E-02   1.4706126300E-02  -4.7285335800E-02
    7     -8.0976222700E-02   2.9933488300E-02   1.4136497000E-02   8.6054191000E-03  -1.5364960800E-02
    8      5.3915198000E-03  -9.2203668100E-02   2.4022337700E-02   1.0255323900E-02  -3.9923120100E-02
    9     -1.0098048500E-02   2.2554413130E-01  -1.5101266800E-02  -4.0578244000E-03   2.1611519000E-03
   10      5.7123355190E-01   2.9697380500E-02   7.1732357000E-03  -1.0093560900E-02  -8.5007152000E-03
   11      2.9697380500E-02   1.5738073540E-01  -5.4162849300E-02  -1.7980477600E-02   4.8127289100E-02
   12      7.1732357000E-03  -5.4162849300E-02   5.7130269350E-01   1.0606622700E-02   1.4076744130E-01
   13     -1.0093560900E-02  -1.7980477600E-02   1.0606622700E-02   3.8104968220E-01   3.0017996100E-02
   14     -8.5007152000E-03   4.8127289100E-02   1.4076744130E-01   3.0017996100E-02   9.5410720800E-02
   15     -7.6782095000E-03   3.7754029700E-02  -2.5147862080E-01  -9.5506178700E-02  -4.8945924400E-02
   16     -3.0157776000E-03   1.6298109300E-02  -1.1402163610E-01  -1.3440482200E-01  -2.6080261100E-02
   17     -2.4426681000E-03   2.6536057400E-02   4.0886912000E-02   1.7106489500E-02  -6.5710570900E-02
   18     -5.9471020000E-04   1.6514390000E-03   9.1427040000E-04   6.4409330000E-04  -1.8194136000E-03
   19      4.1583200000E-05   3.9843590000E-04   2.3045280000E-04  -2.1542680000E-04   1.5556000000E-06
   20      1.2793153000E-03   8.8922460000E-04   2.9658590000E-04   7.6102760000E-04  -2.6450574000E-03
   21     -3.8181790000E-04   1.1056277000E-03   1.3706278000E-03   1.6714517000E-03  -1.0162638000E-03
   22     -1.5380600000E-04  -4.7206650000E-04  -3.3420650000E-04  -1.0213510000E-04   7.6072300000E-05
   23     -6.7820100000E-04   1.1600958000E-03   2.1655176000E-03   1.7123655000E-03  -1.4279338000E-03
   24     -1.3313077000E-03  -1.7582424000E-03  -1.2823299000E-03  -5.6363570000E-04   1.2688822000E-03
   25      3.5516950000E-04   1.3944867000E-03   3.7507750000E-04  -5.1860670000E-04  -1.3680180000E-04
   26      4.1234990000E-04  -3.9098295000E-03  -2.0123274000E-03  -1.3855000000E-03   2.3250165000E-03
   27      2.6695893800E-02  -8.4343850000E-04   1.1512445000E-03   1.0306453000E-03  -1.0892251000E-03
   28     -5.0105172000E-03   1.6580042000E-03   4.8197810000E-04  -8.7017230000E-04  -1.3974040000E-04
   29      1.0671292500E-02  -6.5637245000E-03  -3.1806232000E-03  -7.9419740000E-04   2.9450917000E-03
   30     -1.1911113130E-01  -3.3888504800E-02  -2.9930091000E-03  -4.0882064000E-03   1.2558998000E-03
   31     -2.1518636870E-01  -4.0201045400E-02  -5.3051700000E-04  -1.4188326000E-03   2.9364760000E-04
   32     -3.7583675100E-02  -4.0998758800E-02   4.6560830000E-03   4.7016627000E-03  -9.1786000000E-04
   33      1.0387749030E-01  -1.2223554500E-02  -3.1823928000E-03   1.8329106000E-03   2.8191449000E-03
   34     -2.5299038790E-01   7.5144002000E-03   4.6211440000E-04  -7.0197900000E-04  -1.4980070000E-04
   35      4.1175876000E-03  -2.7328590600E-02   5.5104242000E-03  -2.5788206000E-03  -5.1804112000E-03
   36      2.9033680000E-04  -2.0677411000E-03  -3.1380917400E-02   6.5977645000E-03   8.1173732000E-03
   37     -6.3319170000E-04   5.3414390000E-04  -1.0844670700E-02   6.4932256000E-03   3.6563078000E-03
   38      1.2771158000E-03  -5.6168201000E-03  -1.2515251000E-02  -7.7443843000E-03   4.4445143000E-03
   39     -3.8755450000E-04  -2.4783710000E-04  -2.3114778000E-03  -2.5722368400E-02   9.9863430000E-04
   40     -2.9809810000E-04   2.7302330000E-04  -2.6454331000E-03  -2.1115643700E-02  -7.1957400000E-05
   41      6.6961410000E-04  -3.4404758000E-03  -6.5789584000E-03  -3.6775029000E-03   2.8077609000E-03
   42     -3.4153780000E-04   3.3576320000E-03  -2.3697050050E-01   1.0153607510E-01  -7.0000908100E-02
   43     -6.3621000000E-05   3.6910796000E-03   1.0954751740E-01  -8.3278485300E-02   2.8373748100E-02
   44      5.1075832000E-03  -1.9024642100E-02  -8.7229690700E-02   2.5455973300E-02  -2.8141138100E-02
   45      2.8748330000E-03   3.8789348000E-03  -2.7399553700E-02   1.0777637500E-02  -1.2318114000E-03
   46     -3.2237975000E-03  -5.6102901000E-03   1.1237895700E-02  -1.3672662980E-01  -2.7166000900E-02
   47     -7.4414825000E-03  -8.7282788000E-03  -4.5702858000E-03  -3.4560892000E-02  -2.1614181500E-02
                   15                 16                 17                 18                 19        
    0     -1.9650827600E-02  -2.4508822000E-03  -4.4327326000E-03  -1.3170353630E-01  -1.2189888150E-01
    1      3.3203992000E-03  -2.2064050000E-02   8.3058651000E-03  -1.2138082990E-01  -2.1007784350E-01
    2      7.9733800400E-02   2.7853483300E-02   6.6937642000E-02   2.3793364400E-02   2.2104371000E-02
    3      4.3568390500E-02   1.4752845500E-02   5.2485941900E-02  -1.5361741700E-02  -6.9466530000E-04
    4      1.2958558800E-02   6.5530761000E-03   1.6784302200E-02  -1.9368265000E-02   2.5145740000E-04
    5     -3.0613376600E-02  -1.1916942000E-02  -5.5260930400E-02   3.8251147000E-03   8.5137410000E-04
    6     -3.5744795300E-02  -1.4963211700E-02  -2.6248441200E-02  -5.1500739000E-03  -1.2492716000E-03
    7     -1.7802410900E-02  -5.3855376000E-03  -1.6599417300E-02  -9.0824880000E-04   8.7234460000E-04
    8     -9.0934164000E-03  -2.9758757000E-03  -1.6912628700E-02   4.6062630000E-03   5.5318100000E-05
    9      6.0204532000E-03   2.3148061000E-03   9.2791124000E-03   5.2251270000E-04   9.7411000000E-05
   10     -7.6782095000E-03  -3.0157776000E-03  -2.4426681000E-03  -5.9471020000E-04   4.1583200000E-05
   11      3.7754029700E-02   1.6298109300E-02   2.6536057400E-02   1.6514390000E-03   3.9843590000E-04
   12     -2.5147862080E-01  -1.1402163610E-01   4.0886912000E-02   9.1427040000E-04   2.3045280000E-04
   13     -9.5506178700E-02  -1.3440482200E-01   1.7106489500E-02   6.4409330000E-04  -2.1542680000E-04
   14     -4.8945924400E-02  -2.6080261100E-02  -6.5710570900E-02  -1.8194136000E-03   1.5556000000E-06
   15      5.4588263310E-01   1.1767257100E-02  -1.5043203040E-01  -5.4632598000E-03  -4.0051800000E-05
   16      1.1767257100E-02   5.8417118570E-01   2.2581048000E-03  -4.9206722000E-03  -3.2562500000E-04
   17     -1.5043203040E-01   2.2581048000E-03   1.2559893600E-01  -3.5398383000E-03  -2.4126010000E-04
   18     -5.4632598000E-03  -4.9206722000E-03  -3.5398383000E-03   1.4914725630E-01   1.3704054860E-01
   19     -4.0051800000E-05  -3.2562500000E-04  -2.4126010000E-04   1.3704054860E-01   2.3098655140E-01
   20     -8.4812808000E-03  -7.0303304000E-03  -3.6835497000E-03  -2.6016757800E-02  -2.5889346900E-02
   21     -5.5805606000E-03   3.7428710000E-03  -5.6744057000E-03   7.0385098000E-03  -1.4780529500E-02
   22      1.5637935000E-03  -6.2232760000E-04   1.1616612000E-03   9.6794776000E-03  -2.3929207900E-02
   23     -9.2381692000E-03   5.9232589000E-03  -9.3868312000E-03  -8.3397050000E-04   2.6924776000E-03
   24      1.2861954000E-03   6.1115440000E-04   1.5029956000E-03   2.5123060000E-04   7.7436860000E-04
   25      9.0476000000E-06  -1.2609490000E-04  -2.9790730000E-04  -4.5386030000E-04   9.8833580000E-04
   26      2.2674072000E-03   8.7727740000E-04   3.1034422000E-03  -1.2430322000E-03  -6.7437100000E-05
   27     -1.0723285000E-03  -3.6219440000E-04  -1.1824352000E-03  -1.6634000000E-06   1.6044350000E-04
   28      1.2369520000E-04  -2.6569340000E-04  -3.1156000000E-06   1.0244060000E-04   6.0555670000E-04
   29      2.4878878000E-03   8.6552740000E-04   2.5106044000E-03  -6.5201500000E-05   1.0262600000E-05
   30      6.5761880000E-04   3.8050820000E-04   1.4657368000E-03   4.2295100000E-04   7.7341500000E-05
   31      5.6955290000E-04  -1.4593100000E-04   2.8316720000E-04   1.5692570000E-04   7.7454700000E-05
   32      1.0266750000E-04  -4.1484500000E-04  -1.9103473000E-03  -7.5937580000E-04  -1.5250760000E-04
   33      7.8665710000E-04   4.9654790000E-04   9.5141950000E-04  -7.6949000000E-06  -4.5514000000E-05
   34     -1.3377960000E-04   2.9702470000E-04   3.5413900000E-05  -1.0164740000E-04   6.3003700000E-05
   35     -1.5136352000E-03  -7.2517770000E-04  -1.4585257000E-03   2.4105530000E-04  -1.0549190000E-04
   36     -2.0961677230E-01   9.5845485800E-02   9.2762957700E-02   9.7084000000E-05  -9.0108700000E-05
   37      9.4073866200E-02  -9.3976469200E-02  -4.6850416600E-02   5.5837200000E-05  -5.0537780000E-04
   38      1.1082062920E-01  -4.2565905400E-02  -5.5583491900E-02   1.1326990000E-04  -2.0685280000E-04
   39     -4.2208136800E-02   2.3428120500E-02   3.3445566000E-03  -5.3871460000E-04   2.9210420000E-04
   40      2.1097471700E-02  -3.0015184020E-01   2.7118303200E-02  -1.2428680000E-04   7.7164970000E-04
   41      1.0009146400E-02   3.4352942600E-02  -2.5361105300E-02  -2.9065110000E-04   4.6776050000E-04
   42     -2.7482173100E-02   5.8266884000E-03  -6.2753194000E-03  -1.0417730000E-04   7.6389900000E-05
   43     -1.2957806600E-02   3.6463689000E-03  -2.2327439000E-03  -8.9584400000E-05   5.5937300000E-05
   44      1.2542805800E-02   7.4713307000E-03   7.3014370000E-03   1.9057080000E-04   4.9782200000E-05
   45      9.5526800000E-05  -2.2447688300E-02  -4.8944299000E-03  -6.2952900000E-05   4.9962200000E-05
   46     -1.1365205100E-02  -3.4183486900E-02  -4.3857782000E-03   2.6278220000E-04   3.3960660000E-04
   47      2.5994590000E-03  -4.1906971000E-03   3.2798620000E-03   1.4716360000E-04   3.1558800000E-05
                   20                 21                 22                 23                 24        
    0      1.7826689800E-02  -9.6225128500E-02   1.0193279110E-01   7.8828039000E-03  -1.3956888900E-02
    1      1.9458322400E-02   1.0422616410E-01  -2.4828127670E-01  -1.0486347500E-02   2.5147224400E-02
    2     -3.4983063800E-02   1.6823459800E-02  -1.3886342800E-02  -2.5858460100E-02   2.2389499000E-03
    3      1.3139031400E-02  -1.0030126600E-02   6.3920281000E-03   1.5570615000E-02  -9.1187338700E-02
    4      1.6150813800E-02   2.3656007700E-02  -5.0782276000E-03  -1.6485735000E-02   9.4892748600E-02
    5     -5.6110410000E-03   1.6266791000E-03  -3.6783725000E-03  -6.3321058000E-03   2.1953744000E-02
    6      4.9528339000E-03  -1.5254832000E-03  -1.6139589000E-03  -3.1693274000E-03   9.2481109000E-03
    7     -2.3551990000E-03   6.7553590000E-04   9.6999610000E-04  -1.5597013000E-03  -1.2058817200E-02
    8      4.0645927000E-03  -1.7303342000E-03   6.8128040000E-04  -2.7984540000E-03  -1.8118463000E-03
    9      1.5893901000E-03   3.1234080000E-04  -1.2392380000E-04   1.5566170000E-04   4.7743940000E-04
   10      1.2793153000E-03  -3.8181790000E-04  -1.5380600000E-04  -6.7820100000E-04  -1.3313077000E-03
   11      8.8922460000E-04   1.1056277000E-03  -4.7206650000E-04   1.1600958000E-03  -1.7582424000E-03
   12      2.9658590000E-04   1.3706278000E-03  -3.3420650000E-04   2.1655176000E-03  -1.2823299000E-03
   13      7.6102760000E-04   1.6714517000E-03  -1.0213510000E-04   1.7123655000E-03  -5.6363570000E-04
   14     -2.6450574000E-03  -1.0162638000E-03   7.6072300000E-05  -1.4279338000E-03   1.2688822000E-03
   15     -8.4812808000E-03  -5.5805606000E-03   1.5637935000E-03  -9.2381692000E-03   1.2861954000E-03
   16     -7.0303304000E-03   3.7428710000E-03  -6.2232760000E-04   5.9232589000E-03   6.1115440000E-04
   17     -3.6835497000E-03  -5.6744057000E-03   1.1616612000E-03  -9.3868312000E-03   1.5029956000E-03
   18     -2.6016757800E-02   7.0385098000E-03   9.6794776000E-03  -8.3397050000E-04   2.5123060000E-04
   19     -2.5889346900E-02  -1.4780529500E-02  -2.3929207900E-02   2.6924776000E-03   7.7436860000E-04
   20      4.1665473000E-02  -6.7443510000E-04  -1.7851810000E-03   1.5407974000E-03  -1.6137389000E-03
   21     -6.7443510000E-04   1.0670982340E-01  -1.1714513940E-01  -1.6249136300E-02  -2.1414807000E-03
   22     -1.7851810000E-03  -1.1714513940E-01   2.7455762090E-01   1.7544338500E-02   8.2826510000E-04
   23      1.5407974000E-03  -1.6249136300E-02   1.7544338500E-02   4.1626422800E-02   6.6003882000E-03
   24     -1.6137389000E-03  -2.1414807000E-03   8.2826510000E-04   6.6003882000E-03   9.9526730800E-02
   25      6.4743030000E-04  -1.4850940000E-04   8.0813410000E-04  -8.6919260000E-04  -1.0555748030E-01
   26     -1.8851984000E-03   5.2591781000E-03  -1.7417640000E-04   4.0652331000E-03  -2.9181066800E-02
   27     -1.1030800000E-05  -5.8037200000E-04  -2.4551760000E-04   3.6280100000E-05  -1.9823589000E-03
   28     -4.5814200000E-04  -7.8855440000E-04   3.9338400000E-04   5.8837110000E-04  -2.3463859000E-03
   29     -1.5262250000E-04   5.3406280000E-04   4.3324600000E-04   3.1178440000E-04   1.2748483000E-03
   30      6.3910670000E-04   1.7331700000E-05  -9.2614900000E-05  -2.5809280000E-04  -1.2383700000E-05
   31      9.2793300000E-05  -2.8059800000E-05   4.4447500000E-05   1.2110410000E-04   1.3620560000E-04
   32      3.4656810000E-04   1.2334000000E-04  -7.5050000000E-06   3.7889500000E-05   1.2068800000E-05
   33     -7.8605400000E-05   2.9798560000E-04  -2.0383410000E-04  -9.6031000000E-05  -4.6640580000E-04
   34      1.6615700000E-05  -1.9194350000E-04  -9.3504600000E-05   8.0870400000E-05  -1.2640470000E-04
   35     -5.0268900000E-05   6.9398300000E-05  -6.3022000000E-05  -1.6188550000E-04   6.1652500000E-05
   36     -2.5859960000E-04   5.2385970000E-04  -3.0965720000E-04  -1.8276773000E-03   1.5625700000E-04
   37     -3.3080860000E-04   1.0674870000E-04   8.3278190000E-04   1.5629548000E-03  -2.8821860000E-04
   38      1.6400690000E-04   2.3493500000E-04   1.6040740000E-04  -1.7683970000E-03  -2.6507560000E-04
   39     -9.1868560000E-04  -3.0248180000E-04  -1.9192310000E-04  -6.6801480000E-04   6.4656000000E-06
   40     -5.3262890000E-04  -6.0299600000E-05   3.1158810000E-04   2.3896300000E-05  -1.0452750000E-04
   41      1.2653830000E-04  -8.3230790000E-04  -2.0435300000E-05  -1.6279476000E-03   9.4432500000E-05
   42     -2.7607110000E-04   3.0621000000E-06  -1.7187030000E-04  -1.8683800000E-04   8.5860600000E-05
   43     -1.4806080000E-04  -8.0398200000E-05  -8.7711100000E-05  -1.9402510000E-04  -1.6976000000E-06
   44      1.2839500000E-05   3.7443830000E-04  -1.1011060000E-04   5.5561130000E-04  -3.0517500000E-04
   45     -1.1443270000E-04   1.1209250000E-04   3.6290200000E-05   1.1599070000E-04  -9.1037000000E-06
   46      1.2337920000E-04  -4.7352740000E-04   4.3024390000E-04   2.3565300000E-05  -1.1491600000E-05
   47      2.0076120000E-04   2.5763700000E-05   1.4020650000E-04   6.4180700000E-05  -7.2816900000E-05
                   25                 26                 27                 28                 29        
    0      3.9843381000E-03   1.1585678300E-02   5.6309570000E-04   9.5826460000E-04   5.1076370000E-04
    1     -3.9351899000E-03  -1.3264720700E-02  -1.6255622000E-03   3.9471820000E-04   1.5127250000E-04
    2     -1.2605911000E-03  -8.3368255000E-03   1.3045084000E-03  -1.1870981000E-03  -4.0445762000E-03
    3      9.6057694000E-02   1.0626445600E-02   8.7443123000E-03   7.8733100000E-03  -4.8507143000E-03
    4     -2.4237257850E-01  -3.2086956900E-02  -1.1766027500E-02  -2.7343127800E-02  -7.6027371000E-03
    5     -3.4909665000E-02  -3.4997809600E-02   3.5511870000E-04  -4.0482740000E-04   7.1453010000E-04
    6      7.9634477000E-03   4.6708295000E-03  -9.2333111100E-02   9.7953165100E-02   2.2980494000E-03
    7     -2.7968680700E-02   4.2915148000E-03   9.6206933500E-02  -2.4658668750E-01   1.2218644700E-02
    8     -2.3741059000E-03   1.2144949000E-03  -9.4482161000E-03   1.2636124800E-02  -3.1913402400E-02
    9      1.2068414000E-03  -7.6600400000E-04  -1.5623093100E-02   5.2192262000E-03  -1.0406961400E-02
   10      3.5516950000E-04   4.1234990000E-04   2.6695893800E-02  -5.0105172000E-03   1.0671292500E-02
   11      1.3944867000E-03  -3.9098295000E-03  -8.4343850000E-04   1.6580042000E-03  -6.5637245000E-03
   12      3.7507750000E-04  -2.0123274000E-03   1.1512445000E-03   4.8197810000E-04  -3.1806232000E-03
   13     -5.1860670000E-04  -1.3855000000E-03   1.0306453000E-03  -8.7017230000E-04  -7.9419740000E-04
   14     -1.3680180000E-04   2.3250165000E-03  -1.0892251000E-03  -1.3974040000E-04   2.9450917000E-03
   15      9.0476000000E-06   2.2674072000E-03  -1.0723285000E-03   1.2369520000E-04   2.4878878000E-03
   16     -1.2609490000E-04   8.7727740000E-04  -3.6219440000E-04  -2.6569340000E-04   8.6552740000E-04
   17     -2.9790730000E-04   3.1034422000E-03  -1.1824352000E-03  -3.1156000000E-06   2.5106044000E-03
   18     -4.5386030000E-04  -1.2430322000E-03  -1.6634000000E-06   1.0244060000E-04  -6.5201500000E-05
   19      9.8833580000E-04  -6.7437100000E-05   1.6044350000E-04   6.0555670000E-04   1.0262600000E-05
   20      6.4743030000E-04  -1.8851984000E-03  -1.1030800000E-05  -4.5814200000E-04  -1.5262250000E-04
   21     -1.4850940000E-04   5.2591781000E-03  -5.8037200000E-04  -7.8855440000E-04   5.3406280000E-04
   22      8.0813410000E-04  -1.7417640000E-04  -2.4551760000E-04   3.9338400000E-04   4.3324600000E-04
   23     -8.6919260000E-04   4.0652331000E-03   3.6280100000E-05   5.8837110000E-04   3.1178440000E-04
   24     -1.0555748030E-01  -2.9181066800E-02  -1.9823589000E-03  -2.3463859000E-03   1.2748483000E-03
   25      2.7453688000E-01   3.9823829000E-02  -2.4159750000E-03  -3.6828442000E-03  -2.1537344000E-03
   26      3.9823829000E-02   3.3994234300E-02  -8.6733550000E-04   1.5338742000E-03   5.2609387000E-03
   27     -2.4159750000E-03  -8.6733550000E-04   1.0354472130E-01  -1.0881763690E-01   1.5588224100E-02
   28     -3.6828442000E-03   1.5338742000E-03  -1.0881763690E-01   2.7920256790E-01  -1.4091355100E-02
   29     -2.1537344000E-03   5.2609387000E-03   1.5588224100E-02  -1.4091355100E-02   2.8481370900E-02
   30      6.1880200000E-05   6.3490900000E-05   2.9247640000E-04  -7.3233480000E-04   1.2398848000E-03
   31      5.9137720000E-04   6.8830000000E-06   7.7617040000E-04   1.0201683000E-03   3.0710010000E-04
   32      5.5331540000E-04  -1.7052710000E-04   1.6259214000E-03  -3.2738730000E-04  -2.6538320000E-03
   33     -7.3310080000E-04  -4.8358500000E-04  -2.8016319000E-03   3.2726490000E-04  -5.3838918000E-03
   34      5.1829900000E-04  -2.5595630000E-04   1.1865841000E-03   8.7280970000E-04  -1.0345680000E-04
   35     -5.9087210000E-04   2.6885010000E-04  -6.0699055000E-03   1.3524510000E-04   6.2664267000E-03
   36     -1.7870790000E-04   1.7519180000E-04   1.0404150000E-04  -1.0171110000E-04  -7.5364400000E-05
   37      8.7044300000E-05  -1.5747710000E-04  -4.5785000000E-05   4.6196300000E-05   7.2818300000E-05
   38      1.1756530000E-04   1.3883210000E-04   2.1705940000E-04   1.2598000000E-05  -4.9743090000E-04
   39      1.6822400000E-05  -4.1931600000E-05  -9.7798500000E-05   2.6403000000E-06  -1.6604700000E-05
   40      2.7665510000E-04   9.0296000000E-05  -6.1769800000E-05   1.4534440000E-04  -5.6992500000E-05
   41     -6.9648600000E-05  -3.8173210000E-04   7.7352400000E-05  -1.9002930000E-04  -1.9712400000E-04
   42     -1.2748390000E-04  -1.0610900000E-05   6.8426100000E-05  -1.4652240000E-04  -1.2313750000E-04
   43      4.2077600000E-05   5.5488800000E-05  -1.9894300000E-04  -5.1495400000E-05   2.0766130000E-04
   44      4.5132000000E-05  -5.2159860000E-04   3.7620890000E-04  -1.0705020000E-04  -2.4094050000E-04
   45     -6.0031500000E-05  -4.2328000000E-05   2.4039600000E-05  -1.0883930000E-04   1.6877800000E-04
   46      4.0002240000E-04   3.0071150000E-04  -5.1725930000E-04   1.1297923000E-03  -1.3535200000E-04
   47      8.0760200000E-05  -1.6752120000E-04  -6.9086700000E-05   3.4452800000E-04  -2.2709390000E-04
                   30                 31                 32                 33                 34        
    0      2.2336320000E-04   1.3345350000E-04  -1.6649521000E-03   4.9145600000E-05  -1.3356020000E-04
    1     -3.8968290000E-04   2.1001170000E-04  -1.5490994000E-03  -2.5183430000E-04  -2.1015830000E-04
    2     -1.6150321000E-03  -8.0681830000E-04   6.8885650000E-04  -8.5842350000E-04   3.2439180000E-04
    3     -4.9121974000E-03  -8.3357340000E-04  -4.4439353000E-03  -6.9100540000E-04  -1.8408110000E-03
    4     -2.5420470000E-04   5.9971150000E-04   2.1936234000E-03   1.0260754000E-03   1.0145494000E-03
    5     -4.1525428000E-03  -2.4237360000E-04   6.5963107000E-03   1.8890362000E-03  -2.8621930000E-04
    6     -1.7135638000E-02  -1.1709010000E-04  -1.0232774400E-02  -1.1795336400E-02   7.1244197000E-03
    7     -2.0543336100E-02   1.1956697000E-03  -1.3687639600E-02   2.5284286700E-02  -6.2133729000E-03
    8     -6.2655923000E-03  -1.7024700000E-05  -5.5114499000E-03  -9.4540090000E-04   2.6674868000E-03
    9     -1.2566687200E-01  -1.2059705040E-01  -3.0174463900E-02  -9.4465174600E-02   1.0244047430E-01
   10     -1.1911113130E-01  -2.1518636870E-01  -3.7583675100E-02   1.0387749030E-01  -2.5299038790E-01
   11     -3.3888504800E-02  -4.0201045400E-02  -4.0998758800E-02  -1.2223554500E-02   7.5144002000E-03
   12     -2.9930091000E-03  -5.3051700000E-04   4.6560830000E-03  -3.1823928000E-03   4.6211440000E-04
   13     -4.0882064000E-03  -1.4188326000E-03   4.7016627000E-03   1.8329106000E-03  -7.0197900000E-04
   14      1.2558998000E-03   2.9364760000E-04  -9.1786000000E-04   2.8191449000E-03  -1.4980070000E-04
   15      6.5761880000E-04   5.6955290000E-04   1.0266750000E-04   7.8665710000E-04  -1.3377960000E-04
   16      3.8050820000E-04  -1.4593100000E-04  -4.1484500000E-04   4.9654790000E-04   2.9702470000E-04
   17      1.4657368000E-03   2.8316720000E-04  -1.9103473000E-03   9.5141950000E-04   3.5413900000E-05
   18      4.2295100000E-04   1.5692570000E-04  -7.5937580000E-04  -7.6949000000E-06  -1.0164740000E-04
   19      7.7341500000E-05   7.7454700000E-05  -1.5250760000E-04  -4.5514000000E-05   6.3003700000E-05
   20      6.3910670000E-04   9.2793300000E-05   3.4656810000E-04  -7.8605400000E-05   1.6615700000E-05
   21      1.7331700000E-05  -2.8059800000E-05   1.2334000000E-04   2.9798560000E-04  -1.9194350000E-04
   22     -9.2614900000E-05   4.4447500000E-05  -7.5050000000E-06  -2.0383410000E-04  -9.3504600000E-05
   23     -2.5809280000E-04   1.2110410000E-04   3.7889500000E-05  -9.6031000000E-05   8.0870400000E-05
   24     -1.2383700000E-05   1.3620560000E-04   1.2068800000E-05  -4.6640580000E-04  -1.2640470000E-04
   25      6.1880200000E-05   5.9137720000E-04   5.5331540000E-04  -7.3310080000E-04   5.1829900000E-04
   26      6.3490900000E-05   6.8830000000E-06  -1.7052710000E-04  -4.8358500000E-04  -2.5595630000E-04
   27      2.9247640000E-04   7.7617040000E-04   1.6259214000E-03  -2.8016319000E-03   1.1865841000E-03
   28     -7.3233480000E-04   1.0201683000E-03  -3.2738730000E-04   3.2726490000E-04   8.7280970000E-04
   29      1.2398848000E-03   3.0710010000E-04  -2.6538320000E-03  -5.3838918000E-03  -1.0345680000E-04
   30      1.4275956330E-01   1.3389540400E-01   3.9797258800E-02   6.6399533000E-03   9.7142238000E-03
   31      1.3389540400E-01   2.3495731700E-01   4.4945560400E-02  -1.3794291100E-02  -2.2968973500E-02
   32      3.9797258800E-02   4.4945560400E-02   4.2924765400E-02   3.1500200000E-05   9.4135810000E-04
   33      6.6399533000E-03  -1.3794291100E-02   3.1500200000E-05   1.0545534120E-01  -1.1790784120E-01
   34      9.7142238000E-03  -2.2968973500E-02   9.4135810000E-04  -1.1790784120E-01   2.7942698860E-01
   35      1.4953411000E-03  -4.5939949000E-03   1.9240052000E-03   1.3786746000E-02  -1.0369534100E-02
   36     -1.2939030000E-04   8.3775700000E-05   2.4180460000E-04   2.9794000000E-05  -1.7062880000E-04
   37     -1.5621540000E-04   9.4252800000E-05   2.5297950000E-04  -1.0206560000E-04  -6.4556100000E-05
   38     -9.9201900000E-05  -8.4986100000E-05  -1.1639240000E-04  -2.0361300000E-04   4.3411200000E-05
   39     -6.7592800000E-05   7.2534800000E-05   9.5551700000E-05  -1.0063600000E-04  -2.5440600000E-05
   40      8.0987100000E-05   1.0408730000E-04  -1.4893000000E-05  -1.4968150000E-04   1.4481330000E-04
   41     -7.7995800000E-05  -1.4639180000E-04  -5.3016300000E-05   4.3503000000E-06   5.1223500000E-05
   42      4.8489500000E-05  -1.5582860000E-04   2.9353990000E-04   3.8041080000E-04  -2.8264530000E-04
   43      4.1377500000E-05  -5.4871630000E-04   2.0239010000E-04   1.7204130000E-04   7.4224480000E-04
   44      5.0331700000E-05   1.3336340000E-04  -2.0602900000E-05   1.8887120000E-04  -2.2978030000E-04
   45     -1.4466390000E-04   2.3238800000E-04   2.9576560000E-04  -1.2900980000E-04  -1.3114000000E-05
   46      1.1160042000E-03   1.3743244000E-03  -5.3337600000E-05   1.7154550000E-04   1.6319920000E-04
   47      3.4991180000E-04  -9.0984300000E-05  -1.6560880000E-04   6.0203680000E-04  -2.8042400000E-04
                   35                 36                 37                 38                 39        
    0      8.4400500000E-05   8.7608650000E-04   6.8965830000E-04   2.9527740000E-03  -8.9852550000E-04
    1      5.5337680000E-04   6.9420200000E-05   7.8919990000E-04  -5.0037793000E-03   3.3475238000E-03
    2      1.0960827000E-03  -4.6726132000E-03   1.7275740000E-04  -2.6587049900E-02  -3.7721769000E-03
    3      2.7586371000E-03  -1.3657910000E-03   4.6920550000E-04  -7.1074928000E-03  -3.1648820000E-04
    4      1.7079199000E-03  -3.5483350000E-04  -1.5028980000E-04  -2.0515443000E-03  -5.8065030000E-04
    5     -3.4858694000E-03   3.0071480000E-04  -3.3489720000E-04   3.2037646000E-03   9.6129360000E-04
    6     -1.3111507100E-02   1.3953834000E-03  -6.6646060000E-04   5.8239127000E-03   3.5676640000E-04
    7      1.4076647800E-02   6.6854240000E-04  -2.0683340000E-04   2.7341249000E-03   2.8028890000E-04
    8     -3.4491428000E-03  -2.4819920000E-04   5.3310600000E-05   1.5412444000E-03  -1.3598480000E-04
    9     -5.4652611000E-03  -9.6710900000E-04  -5.4598010000E-04  -1.1231200000E-03  -5.1132500000E-04
   10      4.1175876000E-03   2.9033680000E-04  -6.3319170000E-04   1.2771158000E-03  -3.8755450000E-04
   11     -2.7328590600E-02  -2.0677411000E-03   5.3414390000E-04  -5.6168201000E-03  -2.4783710000E-04
   12      5.5104242000E-03  -3.1380917400E-02  -1.0844670700E-02  -1.2515251000E-02  -2.3114778000E-03
   13     -2.5788206000E-03   6.5977645000E-03   6.4932256000E-03  -7.7443843000E-03  -2.5722368400E-02
   14     -5.1804112000E-03   8.1173732000E-03   3.6563078000E-03   4.4445143000E-03   9.9863430000E-04
   15     -1.5136352000E-03  -2.0961677230E-01   9.4073866200E-02   1.1082062920E-01  -4.2208136800E-02
   16     -7.2517770000E-04   9.5845485800E-02  -9.3976469200E-02  -4.2565905400E-02   2.3428120500E-02
   17     -1.4585257000E-03   9.2762957700E-02  -4.6850416600E-02  -5.5583491900E-02   3.3445566000E-03
   18      2.4105530000E-04   9.7084000000E-05   5.5837200000E-05   1.1326990000E-04  -5.3871460000E-04
   19     -1.0549190000E-04  -9.0108700000E-05  -5.0537780000E-04  -2.0685280000E-04   2.9210420000E-04
   20     -5.0268900000E-05  -2.5859960000E-04  -3.3080860000E-04   1.6400690000E-04  -9.1868560000E-04
   21      6.9398300000E-05   5.2385970000E-04   1.0674870000E-04   2.3493500000E-04  -3.0248180000E-04
   22     -6.3022000000E-05  -3.0965720000E-04   8.3278190000E-04   1.6040740000E-04  -1.9192310000E-04
   23     -1.6188550000E-04  -1.8276773000E-03   1.5629548000E-03  -1.7683970000E-03  -6.6801480000E-04
   24      6.1652500000E-05   1.5625700000E-04  -2.8821860000E-04  -2.6507560000E-04   6.4656000000E-06
   25     -5.9087210000E-04  -1.7870790000E-04   8.7044300000E-05   1.1756530000E-04   1.6822400000E-05
   26      2.6885010000E-04   1.7519180000E-04  -1.5747710000E-04   1.3883210000E-04  -4.1931600000E-05
   27     -6.0699055000E-03   1.0404150000E-04  -4.5785000000E-05   2.1705940000E-04  -9.7798500000E-05
   28      1.3524510000E-04  -1.0171110000E-04   4.6196300000E-05   1.2598000000E-05   2.6403000000E-06
   29      6.2664267000E-03  -7.5364400000E-05   7.2818300000E-05  -4.9743090000E-04  -1.6604700000E-05
   30      1.4953411000E-03  -1.2939030000E-04  -1.5621540000E-04  -9.9201900000E-05  -6.7592800000E-05
   31     -4.5939949000E-03   8.3775700000E-05   9.4252800000E-05  -8.4986100000E-05   7.2534800000E-05
   32      1.9240052000E-03   2.4180460000E-04   2.5297950000E-04  -1.1639240000E-04   9.5551700000E-05
   33      1.3786746000E-02   2.9794000000E-05  -1.0206560000E-04  -2.0361300000E-04  -1.0063600000E-04
   34     -1.0369534100E-02  -1.7062880000E-04  -6.4556100000E-05   4.3411200000E-05  -2.5440600000E-05
   35      3.4387688500E-02   1.3986570000E-04   6.3674900000E-05   2.8329050000E-04   8.0013300000E-05
   36      1.3986570000E-04   2.4515923000E-01  -1.0269158390E-01  -9.4807675600E-02  -2.2872400000E-03
   37      6.3674900000E-05  -1.0269158390E-01   1.0057620010E-01   5.1513978500E-02   2.3043301500E-02
   38      2.8329050000E-04  -9.4807675600E-02   5.1513978500E-02   7.8039826700E-02  -2.0647513000E-03
