
$orca_hessian_file

$act_atom
  0

$act_coord
  0

$act_energy
      -21.798038

$multiplicity
  1

$hessian
48
                    0                  1                  2                  3                  4        
    0      7.5347894230E-01  -6.5481972000E-03  -1.1942943210E-01  -4.1700666610E-01   4.3738141800E-02
    1     -6.5481972000E-03   5.2641413610E-01  -2.6667794800E-02   1.9962334000E-02  -7.9954552500E-02
    2     -1.1942943210E-01  -2.6667794800E-02   7.6073630400E-02   7.4641236600E-02  -2.6316211700E-02
    3     -4.1700666610E-01   1.9962334000E-02   7.4641236600E-02   6.8230254910E-01  -3.3966852500E-02
    4      4.3738141800E-02  -7.9954552500E-02  -2.6316211700E-02  -3.3966852500E-02   5.9747981460E-01
    5      1.3893909340E-01  -1.6228514000E-03  -2.6526309400E-02  -1.1443154910E-01   3.8245845200E-02
    6     -5.5295757400E-02  -2.3429895300E-02   4.6693778600E-02  -7.9206993800E-02  -7.5251557500E-02
    7     -2.5200471500E-02   1.5690041000E-03   3.0521945500E-02  -7.8888975500E-02  -2.4524844880E-01
    8      3.8064323000E-03   7.9580703000E-03   5.3798022000E-03   4.0063837000E-03   4.8534210000E-04
    9      7.5560253000E-03  -5.1657524000E-03  -1.2546242200E-02  -5.8662798300E-02  -2.9673433900E-02
   10     -3.5126811000E-03  -3.4824008000E-03   3.3911486000E-03  -2.6739466100E-02   1.6356060000E-04
   11      4.7827397000E-03  -4.0490909000E-03  -1.8066623300E-02  -2.7514114200E-02  -1.7954041700E-02
   12      4.4764424000E-03  -8.5109170000E-03  -5.3863372600E-02  -4.2174987000E-02  -1.8460365000E-02
   13      2.1175348000E-03  -4.4458156000E-03  -2.6325395500E-02  -2.1441532500E-02  -2.5557985000E-03
   14     -3.7057381000E-03   2.6774390000E-04   1.4133002800E-02   3.8494990000E-03   1.3429081000E-03
   15     -1.3606579600E-02   9.1396246000E-03   7.4882024900E-02   4.6448019700E-02   1.1384680500E-02
   16     -3.9197332000E-03  -9.6287738000E-03   2.4057789300E-02   1.5361935900E-02   4.9826488000E-03
   17     -9.7153292000E-03   1.4972562900E-02   6.2171617200E-02   5.9023325200E-02   1.0451553200E-02
   18     -1.4748864840E-01  -1.2383006110E-01  -7.5711590000E-04  -1.7812978800E-02  -2.3740698500E-02
   19     -1.2318130570E-01  -1.9647289110E-01  -2.3508165000E-03  -3.2415200000E-04   4.8200420000E-04
   20     -6.9625056000E-03  -7.7267170000E-03  -3.5655593100E-02   7.7702764000E-03   9.7168226000E-03
   21     -1.1348383910E-01   1.1352571790E-01  -8.4581418000E-03  -1.4794530200E-02   2.6004349400E-02
   22      1.1103530720E-01  -2.3051206260E-01   1.9769454700E-02   6.7784567000E-03  -5.1644725000E-03
   23     -1.6398332200E-02   2.5898036300E-02  -2.8117778000E-02   1.2418070400E-02  -9.1450287000E-03
   24     -1.7579398400E-02   2.6409820500E-02   1.1465059000E-03  -1.0057024830E-01   1.0806103630E-01
   25      4.3047975000E-03  -3.0126342000E-03  -1.3200808000E-03   1.0756819930E-01  -2.4484472890E-01
   26      6.7738364000E-03  -7.3934994000E-03  -1.8052748000E-03   7.6860860000E-04  -9.1448370000E-04
   27      1.0411896000E-03  -2.6875024000E-03  -1.9515730000E-04   6.0486114000E-03  -1.0380205100E-02
   28      1.3190468000E-03   6.9896250000E-04  -2.4365400000E-05   1.0737096500E-02  -2.7156848900E-02
   29      4.5260300000E-05   6.4923940000E-04  -1.2249588000E-03   3.9298190000E-04  -2.7521201000E-03
   30     -8.5214100000E-04  -1.0823475000E-03  -5.9919380000E-04  -5.8045714000E-03   7.1302170000E-04
   31     -7.1479700000E-05  -2.7758130000E-04  -6.4112900000E-04  -1.2725394000E-03   5.8517480000E-04
   32     -1.2393335000E-03  -4.7515810000E-04  -3.2007930000E-04   5.0234670000E-04   3.3814700000E-04
   33      3.7177480000E-04  -1.7145850000E-04  -1.0910980000E-04   1.4025004000E-03   1.6473955000E-03
   34     -2.8715430000E-04  -2.6261710000E-04   3.0885170000E-04  -1.3835519000E-03   1.4905665000E-03
   35      1.5709900000E-05  -9.0171500000E-05   2.1487750000E-04   7.7544430000E-04   5.8284190000E-04
   36      6.2843970000E-04  -3.6814600000E-04  -4.3862868000E-03  -2.7522258000E-03  -5.2653860000E-04
   37      1.0381300000E-04   9.6778580000E-04   4.3355100000E-04   3.7242370000E-04  -6.8036010000E-04
   38      2.1753398000E-03  -4.8794226000E-03  -1.7503931900E-02  -7.3009838000E-03  -1.5904373000E-03
   39     -6.0124100000E-05   2.0976187000E-03  -4.1507427000E-03  -1.3705307000E-03  -1.5545338000E-03
   40      5.7525630000E-04  -5.8694960000E-04   2.3161368000E-03   5.6604270000E-04   2.4939460000E-04
   41     -1.6239936000E-03   5.7427090000E-03  -1.5353440800E-02  -5.4117652000E-03   6.2342290000E-04
   42     -1.5229978000E-03   2.9313350000E-04   5.0996979000E-03   2.7082034000E-03   1.2289047000E-03
   43     -6.7595860000E-04  -9.1767900000E-05   1.8666611000E-03   1.4363873000E-03   5.0023770000E-04
   44      1.9393477000E-03  -1.9482557000E-03  -1.0129014100E-02  -6.7996826000E-03  -3.2007524000E-03
   45     -6.5666250000E-04   3.6602840000E-04   2.0315510000E-03   1.2466464000E-03   7.7665500000E-04
   46      2.0308380000E-04  -9.2184220000E-04   9.8025530000E-04   1.2341939000E-03  -3.2819160000E-04
   47      5.9690490000E-04  -6.3540030000E-04  -3.2699269000E-03  -2.6900779000E-03   8.6192700000E-05
                    5                  6                  7                  8                  9        
    0      1.3893909340E-01  -5.5295757400E-02  -2.5200471500E-02   3.8064323000E-03   7.5560253000E-03
    1     -1.6228514000E-03  -2.3429895300E-02   1.5690041000E-03   7.9580703000E-03  -5.1657524000E-03
    2     -2.6526309400E-02   4.6693778600E-02   3.0521945500E-02   5.3798022000E-03  -1.2546242200E-02
    3     -1.1443154910E-01  -7.9206993800E-02  -7.8888975500E-02   4.0063837000E-03  -5.8662798300E-02
    4      3.8245845200E-02  -7.5251557500E-02  -2.4524844880E-01   4.8534210000E-04  -2.9673433900E-02
    5      1.7176949540E-01  -1.5508465800E-02  -1.6204418000E-02  -3.8943774500E-02   5.6013394000E-03
    6     -1.5508465800E-02   7.7273991260E-01  -2.0713571300E-02  -4.4330786000E-03  -4.9057221410E-01
    7     -1.6204418000E-02  -2.0713571300E-02   5.8698841810E-01   2.0994988500E-02   3.1277041400E-02
    8     -3.8943774500E-02  -4.4330786000E-03   2.0994988500E-02   1.1645482690E-01  -3.8115981700E-02
    9      5.6013394000E-03  -4.9057221410E-01   3.1277041400E-02  -3.8115981700E-02   8.0908851140E-01
   10     -1.7870332000E-03   4.4764369000E-03  -7.8084407700E-02  -8.9234059000E-03   6.9792341000E-03
   11      7.1132003000E-03  -2.9557361000E-03   1.0980466700E-02  -1.0019341600E-02  -1.8108603100E-02
   12      8.2095658000E-03   2.8066156300E-02   1.4783137400E-02   1.9180913300E-02  -8.6327390000E-03
   13      6.4023543000E-03   9.1917522000E-03   6.6341936000E-03   5.2750693000E-03  -2.5357591000E-03
   14     -2.3978736600E-02  -2.3167984300E-02  -7.3039622000E-03  -1.7588622300E-02   6.7000320000E-03
   15     -3.4176132900E-02  -3.5527096500E-02  -2.2096358800E-02   1.0406422000E-03   9.3325885000E-03
   16     -1.1284747200E-02  -1.2213207700E-02  -5.0469623000E-03  -5.9951670000E-04   2.0368590000E-03
   17     -6.2211977300E-02  -1.9715049800E-02  -1.5830592000E-02  -2.2840525000E-02   3.0705409000E-03
   18      1.6234025000E-03  -5.5856498000E-03   4.3701630000E-04   3.3459975000E-03  -6.0825840000E-04
   19      4.5554890000E-04  -1.0580272000E-03   5.0993850000E-04  -1.0255280000E-04  -1.2708700000E-04
   20     -1.2554491000E-03   3.7144645000E-03  -1.6254074000E-03   9.0895400000E-03   8.2710530000E-04
   21     -7.0946380000E-04  -3.4643000000E-05   1.6718056000E-03  -6.7012750000E-04   6.8944940000E-04
   22     -1.4632322000E-03  -2.3733852000E-03   1.1856016000E-03   1.1483880000E-04  -2.4905900000E-04
   23     -2.9412977000E-03  -3.7648128000E-03  -1.5620095000E-03  -5.1138239000E-03   2.8305080000E-04
   24      5.5871854000E-03   6.5756093000E-03  -1.1661645800E-02  -3.8694210000E-04   1.5031395000E-03
   25     -5.5457784000E-03   1.0994255000E-02  -2.6745595600E-02  -1.7732652000E-03   1.0645478000E-03
   26     -3.1521510000E-02  -6.8465990000E-04  -4.0687630000E-04   5.4373650000E-04   2.9191100000E-05
   27     -1.0618853000E-03  -1.0390609850E-01   1.0788556200E-01   1.1290107600E-02  -2.1410026200E-02
   28     -2.1466471000E-03   1.0830824300E-01  -2.3433183680E-01  -2.2460986200E-02   4.4623915000E-03
   29      5.6307470000E-04   1.4315407100E-02  -2.3814969700E-02  -3.9352563900E-02  -1.1506832000E-03
   30      6.8806110000E-04  -1.8414917300E-02  -2.6462595000E-02  -1.9889718000E-03  -1.2556275450E-01
   31      1.2035600000E-05  -1.2089159000E-03  -6.4874770000E-04  -2.8759480000E-04  -1.2076770010E-01
   32      1.1178879100E-02  -3.7428868000E-03  -3.2127641000E-03   3.1785610000E-04   1.7037392300E-02
   33     -4.8589430000E-04  -1.9509047200E-02   2.7521481700E-02   4.5066043000E-03  -1.2158522070E-01
   34      8.6140230000E-04   5.6256007000E-03  -3.1470700000E-03  -2.5781110000E-04   1.1150757020E-01
   35     -5.6459426000E-03  -3.7706316000E-03   1.5540038000E-03   3.9588770000E-04   3.9253813400E-02
   36      1.4108408000E-03   1.9076932000E-03   1.4151643000E-03  -6.9607600000E-05  -6.8710930000E-04
   37     -6.7591350000E-04  -5.5038370000E-04  -3.4149210000E-04   6.0502900000E-04  -5.1504200000E-05
   38      4.4004603000E-03   5.4746179000E-03   3.8432518000E-03   1.0166100000E-05  -2.1140218000E-03
   39      2.2046194000E-03   1.2268700000E-03   9.5629740000E-04   3.7555970000E-04  -8.9066750000E-04
   40     -2.1295710000E-04  -2.3318970000E-04  -6.0216910000E-04   8.3356000000E-06   1.5609580000E-04
   41      1.1388237000E-03   3.7506473000E-03   1.1721269000E-03   3.0571880000E-04  -6.2007010000E-04
   42      1.2876579000E-03  -1.8056522000E-03  -4.0622900000E-04  -1.1073036000E-03   3.4497250000E-04
   43     -1.9065940000E-04  -9.1018320000E-04  -3.8370690000E-04  -7.0811300000E-05   4.8686100000E-05
   44     -8.8342000000E-06   3.7721705000E-03   1.3922079000E-03   2.1354188000E-03  -7.1599810000E-04
   45      8.2162570000E-04  -6.5817150000E-04  -5.1765950000E-04  -7.8062780000E-04   9.7101400000E-05
   46     -4.8429488000E-03  -6.5397100000E-04  -2.3067188000E-03  -9.6572960000E-04   1.0378698000E-03
   47     -3.1301023000E-03   2.2219900000E-05  -4.9799200000E-04  -7.7430200000E-04   5.6913510000E-04
                   10                 11                 12                 13                 14        
    0     -3.5126811000E-03   4.7827397000E-03   4.4764424000E-03   2.1175348000E-03  -3.7057381000E-03
    1     -3.4824008000E-03  -4.0490909000E-03  -8.5109170000E-03  -4.4458156000E-03   2.6774390000E-04
    2      3.3911486000E-03  -1.8066623300E-02  -5.3863372600E-02  -2.6325395500E-02   1.4133002800E-02
    3     -2.6739466100E-02  -2.7514114200E-02  -4.2174987000E-02  -2.1441532500E-02   3.8494990000E-03
    4      1.6356060000E-04  -1.7954041700E-02  -1.8460365000E-02  -2.5557985000E-03   1.3429081000E-03
    5     -1.7870332000E-03   7.1132003000E-03   8.2095658000E-03   6.4023543000E-03  -2.3978736600E-02
    6      4.4764369000E-03  -2.9557361000E-03   2.8066156300E-02   9.1917522000E-03  -2.3167984300E-02
    7     -7.8084407700E-02   1.0980466700E-02   1.4783137400E-02   6.6341936000E-03  -7.3039622000E-03
    8     -8.9234059000E-03  -1.0019341600E-02   1.9180913300E-02   5.2750693000E-03  -1.7588622300E-02
    9      6.9792341000E-03  -1.8108603100E-02  -8.6327390000E-03  -2.5357591000E-03   6.7000320000E-03
   10      5.2246315290E-01   4.4749270500E-02   3.4938278000E-03  -3.4542666000E-03  -1.3353262000E-03
   11      4.4749270500E-02   9.5880097200E-02  -2.0001680400E-02  -5.4262289000E-03   7.6734210000E-04
   12      3.4938278000E-03  -2.0001680400E-02   5.4832979950E-01   1.3554218700E-02   1.9189791730E-01
   13     -3.4542666000E-03  -5.4262289000E-03   1.3554218700E-02   3.1047660020E-01  -1.2698217500E-02
   14     -1.3353262000E-03   7.6734210000E-04   1.9189791730E-01  -1.2698217500E-02   2.1932453870E-01
   15     -2.9945681000E-03   1.6904812800E-02  -2.9299970250E-01  -7.9940634300E-02  -4.4135609000E-02
   16     -2.2659192000E-03   6.1807382000E-03  -9.8716620900E-02  -1.0730567050E-01  -1.8563573200E-02
   17     -2.7610617000E-03   1.4659038000E-02   4.0919457700E-02   1.4356948000E-02  -5.1321302900E-02
   18     -9.9502800000E-04   2.0097060000E-04  -1.3146390000E-04  -2.2221840000E-04  -2.1761780000E-04
   19      5.7495800000E-05   2.1334620000E-04   5.4865630000E-04   1.9638100000E-05   3.7234850000E-04
   20      7.3041830000E-04  -2.3009490000E-04  -2.3037100000E-05   4.9352520000E-04  -7.7805380000E-04
   21     -1.8630200000E-04   4.0271130000E-04   4.7422020000E-04   6.8782040000E-04  -5.0297350000E-04
   22     -4.7249600000E-05  -1.3609590000E-04   1.3160750000E-04  -5.2019100000E-05   9.2118900000E-05
   23     -2.3545020000E-04   8.2143590000E-04   2.9992176000E-03   8.5043350000E-04  -3.2340940000E-04
   24     -1.4953629000E-03  -2.9202930000E-04  -7.6143760000E-04  -8.7629600000E-05  -1.8230990000E-04
   25      1.2030897000E-03  -1.0946370000E-04  -1.8969370000E-04  -1.5668502000E-03   4.0641540000E-04
   26     -1.3853230000E-04  -1.1306797000E-03  -5.2267600000E-05   5.7124970000E-04  -6.9340000000E-06
   27      2.6858080600E-02   3.8635831000E-03  -5.1283910000E-04   9.5664520000E-04  -3.9086510000E-04
   28     -1.8855353000E-03  -1.9187430000E-04   1.0481913000E-03  -1.2458914000E-03   5.4105280000E-04
   29      1.1481885000E-03   4.8786200000E-04  -9.3372600000E-04   4.2807780000E-04  -9.2001770000E-04
   30     -1.1940141720E-01   1.0432378500E-02  -3.1409030000E-04  -1.8301510000E-04   5.9702200000E-05
   31     -2.2214909050E-01   1.0974061400E-02  -3.1777490000E-04  -1.4216148000E-03   3.9018640000E-04
   32      1.7401621800E-02  -3.5105584800E-02  -1.1709431000E-03  -1.5685580000E-04   1.2442330000E-03
   33      1.1313020000E-01   3.3243784500E-02  -6.9397200000E-04   4.4712010000E-04   3.5868000000E-05
   34     -2.1111959540E-01  -4.6892002000E-02  -9.0717400000E-05  -1.3525592000E-03  -3.2355040000E-04
   35     -5.2899523200E-02  -4.6794041600E-02  -8.7150700000E-04   1.4192880000E-04  -2.5441200000E-05
   36      1.3620370000E-04  -1.8672156000E-03  -3.2266772200E-02   8.0546098000E-03   5.0342049000E-03
   37     -6.6833800000E-04  -3.2493300000E-05  -8.2332869000E-03   6.7891562000E-03   1.5674536000E-03
   38      6.0860650000E-04  -2.8145789000E-03  -1.2641218400E-02  -7.0826606000E-03   4.6168561000E-03
   39      1.1122000000E-04  -1.1044247000E-03  -6.6971829000E-03  -2.8755662200E-02  -4.7333930000E-04
   40     -2.2652860000E-04  -1.3241220000E-04  -4.6839666000E-03  -1.6371010500E-02  -1.5216736000E-03
   41      2.2403250000E-04  -2.2995586000E-03  -7.9257323000E-03  -3.2510000000E-03   8.9204600000E-04
   42     -1.0914630000E-04   1.3693916000E-03  -1.7381116420E-01   9.0298441100E-02  -1.3127777010E-01
   43      6.0447100000E-05   7.5282620000E-04   9.7470321700E-02  -6.9099732100E-02   7.3689097600E-02
   44      9.5741780000E-04  -2.9584485000E-03  -1.6001689650E-01   7.6540305400E-02  -1.1374487460E-01
   45      2.4876870000E-04   6.4343110000E-04  -2.2350267800E-02   7.8583089000E-03  -3.5230163000E-03
   46     -5.6441440000E-04   1.0729937000E-03   8.1733819000E-03  -1.1504835950E-01  -3.6923022100E-02
   47     -1.1303718000E-03  -3.1002350000E-04  -5.7066907000E-03  -5.0119533700E-02  -3.2290626200E-02
                   15                 16                 17                 18                 19        
    0     -1.3606579600E-02  -3.9197332000E-03  -9.7153292000E-03  -1.4748864840E-01  -1.2318130570E-01
    1      9.1396246000E-03  -9.6287738000E-03   1.4972562900E-02  -1.2383006110E-01  -1.9647289110E-01
    2      7.4882024900E-02   2.4057789300E-02   6.2171617200E-02  -7.5711590000E-04  -2.3508165000E-03
    3      4.6448019700E-02   1.5361935900E-02   5.9023325200E-02  -1.7812978800E-02  -3.2415200000E-04
    4      1.1384680500E-02   4.9826488000E-03   1.0451553200E-02  -2.3740698500E-02   4.8200420000E-04
    5     -3.4176132900E-02  -1.1284747200E-02  -6.2211977300E-02   1.6234025000E-03   4.5554890000E-04
    6     -3.5527096500E-02  -1.2213207700E-02  -1.9715049800E-02  -5.5856498000E-03  -1.0580272000E-03
    7     -2.2096358800E-02  -5.0469623000E-03  -1.5830592000E-02   4.3701630000E-04   5.0993850000E-04
    8      1.0406422000E-03  -5.9951670000E-04  -2.2840525000E-02   3.3459975000E-03  -1.0255280000E-04
    9      9.3325885000E-03   2.0368590000E-03   3.0705409000E-03  -6.0825840000E-04  -1.2708700000E-04
   10     -2.9945681000E-03  -2.2659192000E-03  -2.7610617000E-03  -9.9502800000E-04   5.7495800000E-05
   11      1.6904812800E-02   6.1807382000E-03   1.4659038000E-02   2.0097060000E-04   2.1334620000E-04
   12     -2.9299970250E-01  -9.8716620900E-02   4.0919457700E-02  -1.3146390000E-04   5.4865630000E-04
   13     -7.9940634300E-02  -1.0730567050E-01   1.4356948000E-02  -2.2221840000E-04   1.9638100000E-05
   14     -4.4135609000E-02  -1.8563573200E-02  -5.1321302900E-02  -2.1761780000E-04   3.7234850000E-04
   15      5.5638096480E-01   3.7644921500E-02  -1.5564177910E-01  -8.5046720000E-04   2.7940000000E-06
   16      3.7644921500E-02   5.3596482750E-01   1.1465049700E-02  -1.2340716000E-03  -5.2104140000E-04
   17     -1.5564177910E-01   1.1465049700E-02   1.4760265590E-01  -3.7988620000E-04  -2.2185550000E-04
   18     -8.5046720000E-04  -1.2340716000E-03  -3.7988620000E-04   1.6423138220E-01   1.3945333980E-01
   19      2.7940000000E-06  -5.2104140000E-04  -2.2185550000E-04   1.3945333980E-01   2.2351137960E-01
   20     -2.1175814000E-03  -2.7836565000E-03   1.2313860000E-03  -2.2138035000E-03   2.9604960000E-04
   21     -2.4195294000E-03   1.2299712000E-03  -2.4762895000E-03   7.4895248000E-03  -1.5621685100E-02
   22     -9.0803600000E-05  -3.2033310000E-04  -1.8289500000E-05   9.9713020000E-03  -3.1084013300E-02
   23     -5.8931964000E-03   2.4923374000E-03  -7.1450411000E-03   1.9072980000E-04   1.4755156000E-03
   24     -1.7224640000E-04   4.5044490000E-04   1.8178900000E-04   1.0842748000E-03   7.8334630000E-04
   25      8.5029850000E-04  -4.5038670000E-04   1.2836530000E-04  -5.7807280000E-04   9.1051290000E-04
   26      4.8642730000E-04   5.8193800000E-04   6.4996430000E-04  -8.2032220000E-04   9.0707100000E-05
   27     -3.5466970000E-04  -1.1929200000E-05   1.8107830000E-04  -2.0023470000E-04  -3.1400000000E-06
   28     -3.6486570000E-04  -1.0453400000E-03  -4.7329010000E-04   4.2737890000E-04   4.9298770000E-04
   29      4.8801500000E-05  -2.3941140000E-04   1.4933720000E-04   6.6831900000E-05  -1.2154580000E-04
   30      1.8606190000E-04   1.4497790000E-04   1.0169850000E-04  -6.6089100000E-04  -9.6820000000E-06
   31      9.0222860000E-04  -5.9725600000E-05  -1.1917500000E-05   1.2113330000E-04   2.2678960000E-04
   32     -1.5654100000E-04  -3.4402110000E-04   1.5248050000E-04  -9.1701500000E-04  -1.2691850000E-04
   33     -5.5062100000E-05   7.7032800000E-05   3.3813100000E-05   1.6037370000E-04  -2.5791450000E-04
   34      1.4213380000E-04  -2.0132420000E-04  -1.4198850000E-04   2.0217500000E-05   2.4262090000E-04
   35     -6.0619840000E-04   2.0008550000E-04  -3.8734400000E-05  -3.7196000000E-05  -5.0541100000E-05
   36     -1.8798260310E-01   9.5495398400E-02   9.8246072600E-02  -8.8378000000E-06   1.2894530000E-04
   37      9.1073221800E-02  -9.6021211500E-02  -5.2293747500E-02  -1.7566570000E-04   7.0180600000E-05
   38      1.1846402820E-01  -5.0917640100E-02  -6.8196389600E-02  -2.4389000000E-05  -8.2155300000E-05
   39     -3.9851295400E-02  -1.3053815400E-02   8.8339172000E-03  -3.7449400000E-05   6.4767900000E-05
   40     -1.4481866700E-02  -2.9176630380E-01   3.1856629800E-02  -1.7058900000E-05   5.1403540000E-04
   41      1.7232072600E-02   4.0723161000E-02  -2.5587069500E-02  -3.1274180000E-04   2.8505340000E-04
   42     -3.3738703800E-02   4.9871477000E-03  -1.2870684800E-02   5.6103040000E-04  -6.4690370000E-04
   43     -1.2043180300E-02   2.0614278000E-03  -3.5213510000E-03   1.7653610000E-04   2.5072780000E-04
   44      1.4706069500E-02   8.2601139000E-03   8.8147777000E-03   2.0271320000E-04  -1.5608940000E-04
   45     -4.7896791000E-03  -2.8279311300E-02  -9.7926738000E-03  -1.4170660000E-04   2.4804770000E-04
   46     -1.9127625900E-02  -2.8375912100E-02  -7.9570156000E-03   1.8595120000E-04   7.8963450000E-04
   47     -1.0378407000E-03  -9.2286467000E-03   1.9097830000E-03   4.9442000000E-05   2.3905400000E-05
                   20                 21                 22                 23                 24        
    0     -6.9625056000E-03  -1.1348383910E-01   1.1103530720E-01  -1.6398332200E-02  -1.7579398400E-02
    1     -7.7267170000E-03   1.1352571790E-01  -2.3051206260E-01   2.5898036300E-02   2.6409820500E-02
    2     -3.5655593100E-02  -8.4581418000E-03   1.9769454700E-02  -2.8117778000E-02   1.1465059000E-03
    3      7.7702764000E-03  -1.4794530200E-02   6.7784567000E-03   1.2418070400E-02  -1.0057024830E-01
    4      9.7168226000E-03   2.6004349400E-02  -5.1644725000E-03  -9.1450287000E-03   1.0806103630E-01
    5     -1.2554491000E-03  -7.0946380000E-04  -1.4632322000E-03  -2.9412977000E-03   5.5871854000E-03
    6      3.7144645000E-03  -3.4643000000E-05  -2.3733852000E-03  -3.7648128000E-03   6.5756093000E-03
    7     -1.6254074000E-03   1.6718056000E-03   1.1856016000E-03  -1.5620095000E-03  -1.1661645800E-02
    8      9.0895400000E-03  -6.7012750000E-04   1.1483880000E-04  -5.1138239000E-03  -3.8694210000E-04
    9      8.2710530000E-04   6.8944940000E-04  -2.4905900000E-04   2.8305080000E-04   1.5031395000E-03
   10      7.3041830000E-04  -1.8630200000E-04  -4.7249600000E-05  -2.3545020000E-04  -1.4953629000E-03
   11     -2.3009490000E-04   4.0271130000E-04  -1.3609590000E-04   8.2143590000E-04  -2.9202930000E-04
   12     -2.3037100000E-05   4.7422020000E-04   1.3160750000E-04   2.9992176000E-03  -7.6143760000E-04
   13      4.9352520000E-04   6.8782040000E-04  -5.2019100000E-05   8.5043350000E-04  -8.7629600000E-05
   14     -7.7805380000E-04  -5.0297350000E-04   9.2118900000E-05  -3.2340940000E-04  -1.8230990000E-04
   15     -2.1175814000E-03  -2.4195294000E-03  -9.0803600000E-05  -5.8931964000E-03  -1.7224640000E-04
   16     -2.7836565000E-03   1.2299712000E-03  -3.2033310000E-04   2.4923374000E-03   4.5044490000E-04
   17      1.2313860000E-03  -2.4762895000E-03  -1.8289500000E-05  -7.1450411000E-03   1.8178900000E-04
   18     -2.2138035000E-03   7.4895248000E-03   9.9713020000E-03   1.9072980000E-04   1.0842748000E-03
   19      2.9604960000E-04  -1.5621685100E-02  -3.1084013300E-02   1.4755156000E-03   7.8334630000E-04
   20      2.8240590700E-02   1.3726923000E-03   1.4686705000E-03   4.1417971000E-03  -1.1741610000E-03
   21      1.3726923000E-03   1.2584569020E-01  -1.2488604210E-01   8.0546652000E-03  -4.1000677000E-03
   22      1.4686705000E-03  -1.2488604210E-01   2.6297762940E-01  -1.9847584700E-02   1.0862697000E-03
   23      4.1417971000E-03   8.0546652000E-03  -1.9847584700E-02   3.0408360200E-02   4.5645140000E-03
   24     -1.1741610000E-03  -4.1000677000E-03   1.0862697000E-03   4.5645140000E-03   1.1555434350E-01
   25      1.6964530000E-04  -2.4165230000E-04   6.4628040000E-04  -4.6675090000E-04  -1.2026943430E-01
   26     -3.2050702000E-03   2.8321078000E-03   2.7962850000E-04   7.7800064000E-03  -1.0165114400E-02
   27      8.7775700000E-05  -7.4273220000E-04  -4.7955290000E-04  -9.0269000000E-05  -1.4888384000E-03
   28     -2.7409550000E-04  -1.0807458000E-03   2.4843770000E-04   6.4786300000E-05  -2.8028947000E-03
   29     -1.8540260000E-04   6.3087400000E-05   2.0820400000E-05   2.6487780000E-04   4.3952070000E-04
   30      7.5930550000E-04   1.3502440000E-04  -4.3897400000E-05   2.2369170000E-04  -2.4432690000E-04
   31      2.5093830000E-04  -1.4708820000E-04   2.3896160000E-04  -2.0460300000E-05   9.9139500000E-05
   32     -1.1311296000E-03  -1.5447780000E-04  -3.4827900000E-05   8.7723610000E-04  -5.0109700000E-05
   33      3.1930220000E-04   9.8441500000E-05  -3.4404620000E-04   2.4013570000E-04  -2.0654120000E-04
   34     -5.2068000000E-06  -3.0336430000E-04   7.5246700000E-05  -7.8939300000E-05  -1.3411360000E-04
   35      7.0223720000E-04  -1.5835260000E-04   9.2217200000E-05   2.5259500000E-04   2.4141250000E-04
   36     -4.9712030000E-04   5.2543050000E-04  -2.7839000000E-05  -1.0683337000E-03  -1.8857500000E-05
   37     -1.0567180000E-04  -1.4614300000E-05   7.0609060000E-04   4.8676580000E-04  -2.7678050000E-04
   38     -5.7869030000E-04   2.0953760000E-04   3.5948500000E-05  -2.7764690000E-04  -2.4422810000E-04
   39     -7.7558450000E-04  -1.8357980000E-04   5.2977200000E-05  -5.5576800000E-04   8.3230000000E-07
   40     -3.9528010000E-04  -1.2620450000E-04   1.5993100000E-04  -4.6137600000E-05  -4.0589300000E-05
   41     -5.3486500000E-05  -1.7811750000E-04  -9.6578200000E-05  -1.2499630000E-03   3.1996730000E-04
   42     -6.4497810000E-04   5.3764600000E-05  -7.3898100000E-04  -9.6453830000E-04   6.5227610000E-04
   43     -1.7590460000E-04  -2.6247570000E-04   1.8021410000E-04  -7.8239100000E-05   1.0634110000E-04
   44     -2.0158900000E-05   3.5629030000E-04  -3.5873010000E-04   1.0330500000E-05   1.4596860000E-04
   45     -4.4215040000E-04   4.4737560000E-04   1.7768610000E-04  -2.3882490000E-04  -2.2851330000E-04
   46     -3.4129900000E-05  -2.4949020000E-04   7.6175710000E-04   2.1272560000E-04  -2.2794750000E-04
   47     -3.1242190000E-04   1.6852200000E-05   8.1641000000E-05   6.1232110000E-04  -1.3196890000E-04
                   25                 26                 27                 28                 29        
    0      4.3047975000E-03   6.7738364000E-03   1.0411896000E-03   1.3190468000E-03   4.5260300000E-05
    1     -3.0126342000E-03  -7.3934994000E-03  -2.6875024000E-03   6.9896250000E-04   6.4923940000E-04
    2     -1.3200808000E-03  -1.8052748000E-03  -1.9515730000E-04  -2.4365400000E-05  -1.2249588000E-03
    3      1.0756819930E-01   7.6860860000E-04   6.0486114000E-03   1.0737096500E-02   3.9298190000E-04
    4     -2.4484472890E-01  -9.1448370000E-04  -1.0380205100E-02  -2.7156848900E-02  -2.7521201000E-03
    5     -5.5457784000E-03  -3.1521510000E-02  -1.0618853000E-03  -2.1466471000E-03   5.6307470000E-04
    6      1.0994255000E-02  -6.8465990000E-04  -1.0390609850E-01   1.0830824300E-01   1.4315407100E-02
    7     -2.6745595600E-02  -4.0687630000E-04   1.0788556200E-01  -2.3433183680E-01  -2.3814969700E-02
    8     -1.7732652000E-03   5.4373650000E-04   1.1290107600E-02  -2.2460986200E-02  -3.9352563900E-02
    9      1.0645478000E-03   2.9191100000E-05  -2.1410026200E-02   4.4623915000E-03  -1.1506832000E-03
   10      1.2030897000E-03  -1.3853230000E-04   2.6858080600E-02  -1.8855353000E-03   1.1481885000E-03
   11     -1.0946370000E-04  -1.1306797000E-03   3.8635831000E-03  -1.9187430000E-04   4.8786200000E-04
   12     -1.8969370000E-04  -5.2267600000E-05  -5.1283910000E-04   1.0481913000E-03  -9.3372600000E-04
   13     -1.5668502000E-03   5.7124970000E-04   9.5664520000E-04  -1.2458914000E-03   4.2807780000E-04
   14      4.0641540000E-04  -6.9340000000E-06  -3.9086510000E-04   5.4105280000E-04  -9.2001770000E-04
   15      8.5029850000E-04   4.8642730000E-04  -3.5466970000E-04  -3.6486570000E-04   4.8801500000E-05
   16     -4.5038670000E-04   5.8193800000E-04  -1.1929200000E-05  -1.0453400000E-03  -2.3941140000E-04
   17      1.2836530000E-04   6.4996430000E-04   1.8107830000E-04  -4.7329010000E-04   1.4933720000E-04
   18     -5.7807280000E-04  -8.2032220000E-04  -2.0023470000E-04   4.2737890000E-04   6.6831900000E-05
   19      9.1051290000E-04   9.0707100000E-05  -3.1400000000E-06   4.9298770000E-04  -1.2154580000E-04
   20      1.6964530000E-04  -3.2050702000E-03   8.7775700000E-05  -2.7409550000E-04  -1.8540260000E-04
   21     -2.4165230000E-04   2.8321078000E-03  -7.4273220000E-04  -1.0807458000E-03   6.3087400000E-05
   22      6.4628040000E-04   2.7962850000E-04  -4.7955290000E-04   2.4843770000E-04   2.0820400000E-05
   23     -4.6675090000E-04   7.7800064000E-03  -9.0269000000E-05   6.4786300000E-05   2.6487780000E-04
   24     -1.2026943430E-01  -1.0165114400E-02  -1.4888384000E-03  -2.8028947000E-03   4.3952070000E-04
   25      2.7513606860E-01   8.4640215000E-03  -2.5583146000E-03  -3.5441045000E-03  -3.8118040000E-04
   26      8.4640215000E-03   2.4259196000E-02   2.9614160000E-04  -1.0966820000E-04   4.4402095000E-03
   27     -2.5583146000E-03   2.9614160000E-04   1.2511870530E-01  -1.2043302310E-01  -1.2777237200E-02
   28     -3.5441045000E-03  -1.0966820000E-04  -1.2043302310E-01   2.6399709530E-01   2.5052439700E-02
   29     -3.8118040000E-04   4.4402095000E-03  -1.2777237200E-02   2.5052439700E-02   3.0425786100E-02
   30      3.4566120000E-04  -5.8798100000E-05   1.1504560000E-03  -8.1435210000E-04  -2.8918880000E-04
   31      3.7729530000E-04   2.3507190000E-04   8.9715130000E-04   9.2728720000E-04   9.2803600000E-05
   32      2.1720570000E-04  -3.0453160000E-04   3.1126410000E-04   6.0412650000E-04  -4.4251357000E-03
   33     -8.1302020000E-04   3.5988200000E-05  -5.1850855000E-03  -3.8247220000E-04  -9.2829000000E-06
   34      2.1096930000E-04   1.9852740000E-04   8.0352400000E-04   9.6285620000E-04  -1.4236378000E-03
   35      9.1955900000E-05   3.9573470000E-04  -1.5774379000E-03  -6.8862520000E-04   1.0619083400E-02
   36     -2.4982950000E-04   2.5946180000E-04   3.0504930000E-04  -1.1200700000E-04  -1.9344100000E-05
   37      3.1662750000E-04  -4.9400920000E-04  -4.2824900000E-05   3.0629920000E-04   4.4605620000E-04
   38      1.8447120000E-04  -6.0667600000E-05   7.2610600000E-05   1.9473320000E-04   1.3478320000E-04
   39      3.1628000000E-06   2.4339770000E-04  -2.9582000000E-05   2.9093800000E-05  -3.1601800000E-05
   40      4.8930920000E-04  -3.2435510000E-04  -1.3442930000E-04   2.6508130000E-04   1.2304370000E-04
   41     -4.9235700000E-05  -2.8977380000E-04   2.6124100000E-05  -1.4330340000E-04  -8.0320200000E-05
   42     -1.0537380000E-04   7.6661900000E-05  -2.4044620000E-04  -2.7917650000E-04  -6.6419300000E-05
   43      3.3831320000E-04  -6.4648290000E-04  -2.1431850000E-04   1.7230930000E-04   6.3758910000E-04
   44     -4.0161630000E-04   5.3425980000E-04   2.1738360000E-04  -4.4977840000E-04  -8.5024760000E-04
   45     -1.2553090000E-04  -2.0660200000E-05   4.0654090000E-04  -6.1904600000E-05  -9.4407500000E-05
   46      5.3583400000E-04   6.7630000000E-06  -4.5572310000E-04   1.1382404000E-03   1.3460660000E-04
   47      3.8529110000E-04  -2.7866520000E-04  -2.5321700000E-04   5.0549530000E-04  -4.6367400000E-05
                   30                 31                 32                 33                 34        
    0     -8.5214100000E-04  -7.1479700000E-05  -1.2393335000E-03   3.7177480000E-04  -2.8715430000E-04
    1     -1.0823475000E-03  -2.7758130000E-04  -4.7515810000E-04  -1.7145850000E-04  -2.6261710000E-04
    2     -5.9919380000E-04  -6.4112900000E-04  -3.2007930000E-04  -1.0910980000E-04   3.0885170000E-04
    3     -5.8045714000E-03  -1.2725394000E-03   5.0234670000E-04   1.4025004000E-03  -1.3835519000E-03
    4      7.1302170000E-04   5.8517480000E-04   3.3814700000E-04   1.6473955000E-03   1.4905665000E-03
    5      6.8806110000E-04   1.2035600000E-05   1.1178879100E-02  -4.8589430000E-04   8.6140230000E-04
    6     -1.8414917300E-02  -1.2089159000E-03  -3.7428868000E-03  -1.9509047200E-02   5.6256007000E-03
    7     -2.6462595000E-02  -6.4874770000E-04  -3.2127641000E-03   2.7521481700E-02  -3.1470700000E-03
    8     -1.9889718000E-03  -2.8759480000E-04   3.1785610000E-04   4.5066043000E-03  -2.5781110000E-04
    9     -1.2556275450E-01  -1.2076770010E-01   1.7037392300E-02  -1.2158522070E-01   1.1150757020E-01
   10     -1.1940141720E-01  -2.2214909050E-01   1.7401621800E-02   1.1313020000E-01  -2.1111959540E-01
   11      1.0432378500E-02   1.0974061400E-02  -3.5105584800E-02   3.3243784500E-02  -4.6892002000E-02
   12     -3.1409030000E-04  -3.1777490000E-04  -1.1709431000E-03  -6.9397200000E-04  -9.0717400000E-05
   13     -1.8301510000E-04  -1.4216148000E-03  -1.5685580000E-04   4.4712010000E-04  -1.3525592000E-03
   14      5.9702200000E-05   3.9018640000E-04   1.2442330000E-03   3.5868000000E-05  -3.2355040000E-04
   15      1.8606190000E-04   9.0222860000E-04  -1.5654100000E-04  -5.5062100000E-05   1.4213380000E-04
   16      1.4497790000E-04  -5.9725600000E-05  -3.4402110000E-04   7.7032800000E-05  -2.0132420000E-04
   17      1.0169850000E-04  -1.1917500000E-05   1.5248050000E-04   3.3813100000E-05  -1.4198850000E-04
   18     -6.6089100000E-04   1.2113330000E-04  -9.1701500000E-04   1.6037370000E-04   2.0217500000E-05
   19     -9.6820000000E-06   2.2678960000E-04  -1.2691850000E-04  -2.5791450000E-04   2.4262090000E-04
   20      7.5930550000E-04   2.5093830000E-04  -1.1311296000E-03   3.1930220000E-04  -5.2068000000E-06
   21      1.3502440000E-04  -1.4708820000E-04  -1.5447780000E-04   9.8441500000E-05  -3.0336430000E-04
   22     -4.3897400000E-05   2.3896160000E-04  -3.4827900000E-05  -3.4404620000E-04   7.5246700000E-05
   23      2.2369170000E-04  -2.0460300000E-05   8.7723610000E-04   2.4013570000E-04  -7.8939300000E-05
   24     -2.4432690000E-04   9.9139500000E-05  -5.0109700000E-05  -2.0654120000E-04  -1.3411360000E-04
   25      3.4566120000E-04   3.7729530000E-04   2.1720570000E-04  -8.1302020000E-04   2.1096930000E-04
   26     -5.8798100000E-05   2.3507190000E-04  -3.0453160000E-04   3.5988200000E-05   1.9852740000E-04
   27      1.1504560000E-03   8.9715130000E-04   3.1126410000E-04  -5.1850855000E-03   8.0352400000E-04
   28     -8.1435210000E-04   9.2728720000E-04   6.0412650000E-04  -3.8247220000E-04   9.6285620000E-04
   29     -2.8918880000E-04   9.2803600000E-05  -4.4251357000E-03  -9.2829000000E-06  -1.4236378000E-03
   30      1.4196489030E-01   1.3461082080E-01  -9.6946344000E-03   7.1744314000E-03   1.2342395100E-02
   31      1.3461082080E-01   2.4979872880E-01  -9.1431948000E-03  -1.2426494300E-02  -3.0385500700E-02
   32     -9.6946344000E-03  -9.1431948000E-03   2.2659974600E-02  -2.2546147000E-03  -5.3226095000E-03
   33      7.1744314000E-03  -1.2426494300E-02  -2.2546147000E-03   1.3668369720E-01  -1.2771641150E-01
   34      1.2342395100E-02  -3.0385500700E-02  -5.3226095000E-03  -1.2771641150E-01   2.4087931420E-01
   35      3.3820720000E-04  -1.8537813000E-03   5.1725740000E-03  -3.5523979900E-02   5.2992186900E-02
   36      4.6073480000E-04  -3.6285620000E-04   3.9831650000E-04   3.3358700000E-04  -4.3098080000E-04
   37      3.1012600000E-05   6.1187350000E-04   2.1835620000E-04  -2.3600860000E-04   5.0392580000E-04
   38      1.1374200000E-05  -3.8131800000E-05   1.7366100000E-04   5.0784000000E-06   1.6483460000E-04
   39      1.1552970000E-04  -9.0367600000E-05   2.5876850000E-04   3.1793690000E-04  -1.2845720000E-04
   40     -2.4856200000E-05   5.9570960000E-04   1.9597900000E-05  -1.8024060000E-04   6.0913730000E-04
   41     -1.8314100000E-05   8.1211300000E-05  -1.6157240000E-04   5.4230300000E-05   2.3353350000E-04
   42      4.2401000000E-06   4.3251750000E-04   6.5513190000E-04   5.7857210000E-04   4.5166320000E-04
   43     -3.9711690000E-04   7.7269200000E-04   2.1561510000E-04   8.8178100000E-05   9.3217790000E-04
   44      8.1082000000E-05  -2.2651110000E-04  -5.1641300000E-04   1.4133140000E-04  -3.7275040000E-04
   45      6.6232380000E-04  -3.9777460000E-04   2.1733620000E-04   1.1361370000E-04  -4.1835340000E-04
   46      2.3139020000E-04   8.0774830000E-04  -1.9832050000E-04  -3.8334160000E-04   5.6185180000E-04
   47     -4.6400000000E-05   1.8641220000E-04   1.8755190000E-04  -2.3325460000E-04   5.9159600000E-05
                   35                 36                 37                 38                 39        
    0      1.5709900000E-05   6.2843970000E-04   1.0381300000E-04   2.1753398000E-03  -6.0124100000E-05
    1     -9.0171500000E-05  -3.6814600000E-04   9.6778580000E-04  -4.8794226000E-03   2.0976187000E-03
    2      2.1487750000E-04  -4.3862868000E-03   4.3355100000E-04  -1.7503931900E-02  -4.1507427000E-03
    3      7.7544430000E-04  -2.7522258000E-03   3.7242370000E-04  -7.3009838000E-03  -1.3705307000E-03
    4      5.8284190000E-04  -5.2653860000E-04  -6.8036010000E-04  -1.5904373000E-03  -1.5545338000E-03
    5     -5.6459426000E-03   1.4108408000E-03  -6.7591350000E-04   4.4004603000E-03   2.2046194000E-03
    6     -3.7706316000E-03   1.9076932000E-03  -5.5038370000E-04   5.4746179000E-03   1.2268700000E-03
    7      1.5540038000E-03   1.4151643000E-03  -3.4149210000E-04   3.8432518000E-03   9.5629740000E-04
    8      3.9588770000E-04  -6.9607600000E-05   6.0502900000E-04   1.0166100000E-05   3.7555970000E-04
    9      3.9253813400E-02  -6.8710930000E-04  -5.1504200000E-05  -2.1140218000E-03  -8.9066750000E-04
   10     -5.2899523200E-02   1.3620370000E-04  -6.6833800000E-04   6.0860650000E-04   1.1122000000E-04
   11     -4.6794041600E-02  -1.8672156000E-03  -3.2493300000E-05  -2.8145789000E-03  -1.1044247000E-03
   12     -8.7150700000E-04  -3.2266772200E-02  -8.2332869000E-03  -1.2641218400E-02  -6.6971829000E-03
   13      1.4192880000E-04   8.0546098000E-03   6.7891562000E-03  -7.0826606000E-03  -2.8755662200E-02
   14     -2.5441200000E-05   5.0342049000E-03   1.5674536000E-03   4.6168561000E-03  -4.7333930000E-04
   15     -6.0619840000E-04  -1.8798260310E-01   9.1073221800E-02   1.1846402820E-01  -3.9851295400E-02
   16      2.0008550000E-04   9.5495398400E-02  -9.6021211500E-02  -5.0917640100E-02  -1.3053815400E-02
   17     -3.8734400000E-05   9.8246072600E-02  -5.2293747500E-02  -6.8196389600E-02   8.8339172000E-03
   18     -3.7196000000E-05  -8.8378000000E-06  -1.7566570000E-04  -2.4389000000E-05  -3.7449400000E-05
   19     -5.0541100000E-05   1.2894530000E-04   7.0180600000E-05  -8.2155300000E-05   6.4767900000E-05
   20      7.0223720000E-04  -4.9712030000E-04  -1.0567180000E-04  -5.7869030000E-04  -7.7558450000E-04
   21     -1.5835260000E-04   5.2543050000E-04  -1.4614300000E-05   2.0953760000E-04  -1.8357980000E-04
   22      9.2217200000E-05  -2.7839000000E-05   7.0609060000E-04   3.5948500000E-05   5.2977200000E-05
   23      2.5259500000E-04  -1.0683337000E-03   4.8676580000E-04  -2.7764690000E-04  -5.5576800000E-04
   24      2.4141250000E-04  -1.8857500000E-05  -2.7678050000E-04  -2.4422810000E-04   8.3230000000E-07
   25      9.1955900000E-05  -2.4982950000E-04   3.1662750000E-04   1.8447120000E-04   3.1628000000E-06
   26      3.9573470000E-04   2.5946180000E-04  -4.9400920000E-04  -6.0667600000E-05   2.4339770000E-04
   27     -1.5774379000E-03   3.0504930000E-04  -4.2824900000E-05   7.2610600000E-05  -2.9582000000E-05
   28     -6.8862520000E-04  -1.1200700000E-04   3.0629920000E-04   1.9473320000E-04   2.9093800000E-05
   29      1.0619083400E-02  -1.9344100000E-05   4.4605620000E-04   1.3478320000E-04  -3.1601800000E-05
   30      3.3820720000E-04   4.6073480000E-04   3.1012600000E-05   1.1374200000E-05   1.1552970000E-04
   31     -1.8537813000E-03  -3.6285620000E-04   6.1187350000E-04  -3.8131800000E-05  -9.0367600000E-05
   32      5.1725740000E-03   3.9831650000E-04   2.1835620000E-04   1.7366100000E-04   2.5876850000E-04
   33     -3.5523979900E-02   3.3358700000E-04  -2.3600860000E-04   5.0784000000E-06   3.1793690000E-04
   34      5.2992186900E-02  -4.3098080000E-04   5.0392580000E-04   1.6483460000E-04  -1.2845720000E-04
   35      3.4895454800E-02   4.6882050000E-04   8.1444400000E-05  -1.0687360000E-04   2.9373140000E-04
   36      4.6882050000E-04   2.2466302260E-01  -1.0530560750E-01  -1.0074633840E-01  -7.7530110000E-04
   37      8.1444400000E-05  -1.0530560750E-01   1.0980182550E-01   5.9609146000E-02   2.5421590800E-02
   38     -1.0687360000E-04  -1.0074633840E-01   5.9609146000E-02   7.7290436900E-02  -4.3496030000E-04
