*************************************************
******************* ORCA 6.1.0 ******************
*************************************************
$Calculation_Status
   &GeometryIndex 0
   &version [&Type "String"] "6.1.0"
   &progName [&Type "String"] "orca"
   &Status [&Type "String"] "NORMAL TERMINATION"
$End
$Geometry
   &GeometryIndex 1
   &NAtoms [&Type "Integer"] 16
   &NCorelessECP [&Type "Integer"] 0
   &NGhostAtoms [&Type "Integer"] 0
   &CartesianCoordinates [&Type "Coordinates", &Dim(16,4), &Units "Bohr"] 
              C      0.000000000000    0.000000000000    0.000000000000
              C      2.645616587490    0.000000000000    0.000000000000
              C      3.968424881235    2.291171994907    0.000000000000
              C      6.614041468724    2.291171994907    0.000000000000
              C      4.539101386691    1.572390093430    3.530146368173
              C      2.074940082033    0.718780011751    3.530146368173
              H     -1.501729453831   -1.227006737660   -0.636045911881
              H     -1.501729453831    0.880616157860   -1.065183819634
              H      3.666068699807   -1.767474081139    0.000000000000
              H      2.947972768917    4.058646076046    0.000000000000
              H      8.115770922555    3.518176842840   -0.636045911881
              H      8.115770922555    1.410555837047   -1.065183819634
              H      0.926855866630    1.459203056913    5.046379470081
              H      1.630892235084   -0.573174723406    5.046379470081
              H      5.687185602094    0.831967048268    5.046379470081
              Cl     5.270960193015    3.701724052502    6.029122097396
$End
$Single_Point_Data
   &GeometryIndex 1
   &FinalEnergy [&Type "Double"]      -2.1356929229970000e+01  "Final single point energy"
   &Converged [&Type "Boolean"] true
$End
$Hessian
   &GeometryIndex 1
   &HESSIAN [&Type "ArrayOfDoubles", &Dim (48,48)] "The Hessian"
                                                         0                           1                           2                           3                           4                           5                           6                           7

0                                      6.6269012059999999e-01         3.9443557800000001e-02         2.0658230170000000e-01        -3.2597432640000001e-01         1.9040789200000002e-02         1.1504769049999999e-01        -3.5278568599999997e-02        -6.7575474999999998e-03
1                                      3.9443557800000001e-02         2.3049406000000000e-01        -2.1426931999999999e-02        -8.1787694000000008e-03        -5.7675918000000000e-02         1.7320081000000000e-03        -2.6807556800000000e-02        -1.7381030000000001e-04
2                                      2.0658230170000000e-01        -2.1426931999999999e-02         1.3839418460000000e-01        -6.3824581599999999e-02        -5.3929036999999999e-03        -4.1009547600000001e-02        -5.2659309999999997e-03         1.5106671999999999e-03
3                                     -3.2597432640000001e-01        -8.1787694000000008e-03        -6.3824581599999999e-02         6.0273399920000004e-01         2.5037741600000000e-02        -1.2389659700000000e-02        -1.2170883940000000e-01        -1.2466988549999999e-01
4                                      1.9040789200000002e-02        -5.7675918000000000e-02        -5.3929036999999999e-03         2.5037741600000000e-02         6.4228964050000004e-01        -3.2630119000000000e-03        -1.2579092340000000e-01        -3.0089460899999998e-01
5                                      1.1504769049999999e-01         1.7320081000000000e-03        -4.1009547600000001e-02        -1.2389659700000000e-02        -3.2630119000000000e-03        -5.8808870899999997e-02        -2.4169690899999999e-02        -2.5458389400000000e-02
6                                     -3.5278568599999997e-02        -2.6807556800000000e-02        -5.2659309999999997e-03        -1.2170883940000000e-01        -1.2579092340000000e-01        -2.4169690899999999e-02         6.0761039740000000e-01         2.6522703000000002e-02
7                                     -6.7575474999999998e-03        -1.7381030000000001e-04         1.5106671999999999e-03        -1.2466988549999999e-01        -3.0089460899999998e-01        -2.5458389400000000e-02         2.6522703000000002e-02         6.4166283960000003e-01
8                                      1.0236866600000000e-02         2.0312362000000001e-03         8.3757810000000005e-03         2.1501481199999999e-02         2.1297469199999999e-02        -3.8585018700000001e-02         9.4899130000000009e-03        -1.5471770000000001e-03
9                                      4.1621810999999996e-03        -2.6514290999999999e-03        -2.5070679400000000e-02        -4.2353176499999999e-02        -1.0607392600000000e-02        -1.1145735100000000e-02        -3.2643266220000000e-01         1.8395626200000001e-02
10                                    -1.3635884999999999e-03        -2.4691268000000001e-03        -2.6330907000000001e-03        -2.5281848100000000e-02        -1.1147741000000001e-03         7.6030309999999997e-04        -5.4273367999999999e-03        -5.9063823400000000e-02
11                                     2.1852957300000000e-02         6.0515906999999997e-03         2.1461848400000001e-02         8.5551538999999992e-03         1.7196238000000000e-03         1.6089851000000001e-03         5.7018053999999999e-02         6.6238549999999999e-04
12                                     3.6212106299999998e-02         3.2928083000000000e-03         1.7487367699999999e-02        -1.7816368700000002e-02        -1.6492913800000002e-02        -5.7217713900000002e-02         9.0681511999999992e-03         7.6893459999999997e-03
13                                     1.0804732799999999e-02        -6.9014930000000003e-04         7.7409699999999996e-04        -1.0524401399999999e-02        -1.7283714000000000e-03        -3.3689721600000000e-02         2.0966512999999999e-02        -1.2468126899999999e-02
14                                    -4.1238227199999998e-02        -8.0362725999999999e-03        -1.1393701799999999e-02        -2.0509964200000001e-02        -2.1087456800000001e-02         9.3633251999999997e-03        -5.9997484400000002e-02         4.6893042999999997e-03
15                                    -1.7291882000000001e-03        -3.7069939999999999e-03        -1.1184025300000001e-02         1.5304345000000000e-02         1.1223492400000000e-02        -1.3111246199999999e-02        -2.3177684600000002e-02        -1.7135370200000000e-02
16                                    -2.4512023800000001e-02         9.5250613999999997e-03         2.9353028000000001e-03         1.6989056100000000e-02        -1.1766664200000001e-02         4.0796406899999998e-02        -3.9599079999999998e-04         3.2955191999999999e-03
17                                    -1.3900122590000000e-01         4.6186061000000004e-03         3.3976260000000001e-04         6.8253576400000002e-02         5.7157481000000001e-03         1.3492186749999999e-01         2.5953013899999999e-02         1.9095039500000001e-02
18                                    -1.5503637560000000e-01        -1.0475171140000000e-01        -4.7429270300000000e-02        -1.1414573600000000e-02        -2.7478225100000000e-02        -3.7582122000000000e-03        -4.4784011000000004e-03         2.7723904000000001e-03
19                                    -1.3855040720000000e-01        -1.1999003730000000e-01        -6.2365061999999999e-02         3.5376179000000002e-03        -1.9521501000000000e-03         3.4047032999999999e-03        -5.0467109000000001e-03        -2.1678536000000002e-03
20                                    -5.9132531799999999e-02        -5.7402545800000003e-02        -3.4837830200000003e-02         3.8084706999999998e-03         1.2762321000000000e-03        -5.0468520000000001e-04        -1.8395160000000000e-03        -1.3197510000000001e-03
21                                    -1.5365708480000001e-01         7.8399208900000003e-02        -8.6060141500000006e-02        -1.6532276900000000e-02         2.1882429700000001e-02        -1.5411082400000000e-02         3.9736153000000003e-03         7.4134110000000000e-04
22                                     1.0414195800000001e-01        -6.0681499100000001e-02         7.5970740900000000e-02        -1.2569692000000000e-03        -5.3072320999999999e-03        -1.3606870000000000e-03         2.2201794000000002e-03        -2.2770154000000000e-03
23                                    -1.2178014010000000e-01         7.1202421799999999e-02        -8.2098262199999994e-02         1.1234841100000000e-02         8.5256939999999999e-04         1.8795094500000002e-02         1.2094746999999999e-03         1.9308532000000000e-03
24                                    -2.4213263200000001e-02         1.8837128599999999e-02        -7.7099628000000002e-03        -9.9765832799999996e-02         1.0771216020000000e-01        -2.3650723999999999e-03         5.6581547999999997e-03        -8.8639068999999994e-03
25                                     5.7323475000000002e-03         3.2482412999999999e-03         2.3656377000000001e-03         1.0619084819999999e-01        -2.3470689570000000e-01         2.3990105999999998e-03         1.1332663400000000e-02        -2.7462020500000000e-02
26                                    -7.6609132999999998e-03         5.2161287000000002e-03         5.1769288000000002e-03         3.0303968000000001e-03         4.2912135999999997e-03        -2.2126988600000001e-02        -1.3730856000000000e-03         2.4432693000000002e-03
27                                     2.5364900000000000e-04        -4.2791399999999998e-05         5.7129049999999997e-04         5.6985804000000001e-03        -9.0531915000000001e-03         1.2708550000000000e-03        -9.9632051799999996e-02         1.0856948210000000e-01
28                                     1.3732028000000001e-03         3.4112171999999999e-03         3.4108769999999998e-04         1.1238336099999999e-02        -2.7802292400000001e-02        -6.3570909999999996e-04         1.0644918010000000e-01        -2.3472499720000001e-01
29                                    -1.2810561000000001e-03         8.1597419999999998e-04        -1.5196059999999999e-04         1.4891443000000001e-03        -2.7851192000000000e-03         2.7087221999999998e-03        -3.2485031999999999e-03        -3.5229175000000001e-03
30                                    -9.5398900000000003e-04         1.3301293999999999e-03         1.7721712000000000e-03        -4.4893742000000000e-03         2.5973837999999998e-03         2.7690363000000000e-03        -1.1183490500000001e-02        -2.7508129900000001e-02
31                                    -1.3965759000000000e-03        -5.7075390000000000e-04        -1.8962561000000001e-03        -5.1129534999999997e-03        -2.5384769999999999e-03        -1.1221921000000000e-03         4.2254079999999999e-03        -1.2149128999999999e-03
32                                     2.5168033999999999e-03         2.3299029999999999e-03         2.0190325999999998e-03         2.2638732000000001e-03         1.7781413999999999e-03         4.1545940999999998e-03        -5.2565967000000003e-03        -1.9919448000000001e-03
33                                     1.0508880000000000e-03        -2.0324181999999999e-03         1.1704898000000001e-03         3.6713561999999998e-03         7.1939219999999997e-04        -1.3569324000000001e-03        -1.5999123399999999e-02         2.1998739300000000e-02
34                                     2.1817499999999999e-05         1.2756682000000001e-03         8.8169249999999995e-04         1.8927137999999999e-03        -2.5904653999999998e-03        -1.6861210000000001e-04        -1.7359051999999999e-03        -5.2875381999999997e-03
35                                     1.4028592999999999e-03        -9.0046820000000004e-04         5.6279362000000001e-03        -8.0207899999999995e-05        -1.1858992999999999e-03         4.5719600000000002e-05        -9.4277479000000001e-03        -8.4399040000000000e-04
36                                    -1.1861624400000000e-02         2.2710680999999998e-03         2.4261967000000001e-03         4.2693250999999996e-03         2.4924790000000000e-04         1.5751910500000001e-02         1.6385710999999999e-03         1.0490928000000000e-03
37                                    -1.1204370500000000e-02         4.6522419000000004e-03         1.1856718600000000e-02         1.1651953600000001e-02        -1.0952996000000001e-03         1.0780163100000000e-02        -2.1316943000000001e-03        -3.6444109000000001e-03
38                                    -1.0918739100000000e-02        -1.1845782000000000e-03        -2.3517643000000002e-03         2.6068161000000001e-03         3.9979149999999999e-04         1.6302804500000000e-02         9.9489369999999997e-04         5.0135845000000004e-03
39                                     4.0048293999999998e-03         1.0824655000000001e-03         7.2469064999999997e-03         3.0043602999999999e-03        -8.8286090000000005e-04        -7.5496590000000000e-04         2.7360422999999998e-03         8.4981239999999995e-04
40                                     1.0381792100000000e-02        -6.2295646999999997e-03        -6.0365645000000001e-03        -7.4554957000000002e-03         3.5473231999999999e-03        -5.4390847999999997e-03         6.2146330000000004e-04         3.1584534000000000e-03
41                                     1.6432974600000001e-02        -3.1585544999999998e-03        -6.8902356999999996e-03        -1.3818186300000000e-02         2.8721802999999999e-03        -1.6394703199999999e-02         1.4400754900000000e-02         5.6014573000000003e-03
42                                     4.9668610000000004e-03        -2.5159290000000001e-04         2.8580544999999998e-03         1.8287982000000000e-03        -3.6962010000000001e-04        -1.6569275000000000e-03         5.3214003000000001e-03        -1.9788830000000001e-04
43                                     3.6337028000000002e-03        -2.5783722999999999e-03        -1.7594825999999999e-03        -1.5198729999999999e-04        -8.8075899999999995e-04         1.0307596000000000e-03         8.1068514999999997e-03        -2.4810907999999999e-03
44                                     5.1538249999999999e-03        -1.5333415000000001e-03        -1.7100688000000000e-03        -4.8819763999999998e-03        -4.7045702999999996e-03        -5.4914307999999997e-03         3.2715667999999999e-03        -3.1092818000000000e-03
45                                    -4.6362154000000001e-03         3.7668965999999998e-03         6.4298131000000000e-03         3.5440040999999999e-03         2.2124902000000002e-03         8.4977462999999993e-03         1.8844891999999999e-03        -3.4558048000000001e-03
46                                    -1.0789387200000000e-02        -1.5472582000000000e-03         4.8743472000000003e-03         6.0940428999999999e-03         4.2169444000000004e-03         1.0234053200000001e-02        -1.3108843699999999e-02         3.7433969999999999e-03
47                                     1.7865551000000000e-03        -3.5517610000000000e-04        -9.5210309999999997e-04        -7.2391775000000000e-03        -1.7840082000000000e-03        -4.9798676999999996e-03        -1.7591154000000000e-03        -3.1531089999999999e-03
                                                         8                           9                          10                          11                          12                          13                          14                          15

0                                      1.0236866600000000e-02         4.1621810999999996e-03        -1.3635884999999999e-03         2.1852957300000000e-02         3.6212106299999998e-02         1.0804732799999999e-02        -4.1238227199999998e-02        -1.7291882000000001e-03
1                                      2.0312362000000001e-03        -2.6514290999999999e-03        -2.4691268000000001e-03         6.0515906999999997e-03         3.2928083000000000e-03        -6.9014930000000003e-04        -8.0362725999999999e-03        -3.7069939999999999e-03
2                                      8.3757810000000005e-03        -2.5070679400000000e-02        -2.6330907000000001e-03         2.1461848400000001e-02         1.7487367699999999e-02         7.7409699999999996e-04        -1.1393701799999999e-02        -1.1184025300000001e-02
3                                      2.1501481199999999e-02        -4.2353176499999999e-02        -2.5281848100000000e-02         8.5551538999999992e-03        -1.7816368700000002e-02        -1.0524401399999999e-02        -2.0509964200000001e-02         1.5304345000000000e-02
4                                      2.1297469199999999e-02        -1.0607392600000000e-02        -1.1147741000000001e-03         1.7196238000000000e-03        -1.6492913800000002e-02        -1.7283714000000000e-03        -2.1087456800000001e-02         1.1223492400000000e-02
5                                     -3.8585018700000001e-02        -1.1145735100000000e-02         7.6030309999999997e-04         1.6089851000000001e-03        -5.7217713900000002e-02        -3.3689721600000000e-02         9.3633251999999997e-03        -1.3111246199999999e-02
6                                      9.4899130000000009e-03        -3.2643266220000000e-01        -5.4273367999999999e-03         5.7018053999999999e-02         9.0681511999999992e-03         2.0966512999999999e-02        -5.9997484400000002e-02        -2.3177684600000002e-02
7                                     -1.5471770000000001e-03         1.8395626200000001e-02        -5.9063823400000000e-02         6.6238549999999999e-04         7.6893459999999997e-03        -1.2468126899999999e-02         4.6893042999999997e-03        -1.7135370200000000e-02
8                                     -5.5548542300000003e-02        -1.1228489370000000e-01        -2.7870816000000001e-03        -4.3641646100000001e-02         1.7292397800000001e-02        -4.1783332200000002e-02         1.3348897590000000e-01         5.1160810700000003e-02
9                                     -1.1228489370000000e-01         6.6114385639999995e-01         4.1768771000000003e-02        -2.0943531990000000e-01        -6.6872188999999999e-03        -3.7182941900000002e-02         1.3827404639999999e-01         4.4041982299999997e-02
10                                    -2.7870816000000001e-03         4.1768771000000003e-02         2.3049907470000000e-01         1.4884730400000001e-02        -1.6183230000000001e-03         1.3309534300000000e-02         6.5878845000000002e-03        -2.6708299999999999e-03
11                                    -4.3641646100000001e-02        -2.0943531990000000e-01         1.4884730400000001e-02         1.4802721029999999e-01         1.6505381300000000e-02         2.3420508999999999e-03        -1.4711518900000000e-02        -1.5003832000000000e-02
12                                     1.7292397800000001e-02        -6.6872188999999999e-03        -1.6183230000000001e-03         1.6505381300000000e-02         5.4075655369999998e-01         4.6466060800000000e-02         7.4543865799999998e-02        -3.9351530099999998e-01
13                                    -4.1783332200000002e-02        -3.7182941900000002e-02         1.3309534300000000e-02         2.3420508999999999e-03         4.6466060800000000e-02         1.6983206689999999e-01        -3.3249563000000003e-02        -8.1024002900000003e-02
14                                     1.3348897590000000e-01         1.3827404639999999e-01         6.5878845000000002e-03        -1.4711518900000000e-02         7.4543865799999998e-02        -3.3249563000000003e-02         1.6159740540000000e-01        -2.7278888500000001e-02
15                                     5.1160810700000003e-02         4.4041982299999997e-02        -2.6708299999999999e-03        -1.5003832000000000e-02        -3.9351530099999998e-01        -8.1024002900000003e-02        -2.7278888500000001e-02         5.3774160100000001e-01
16                                     2.0172512199999999e-02         8.1177296999999995e-03        -1.2563959000000001e-03        -1.2533989400000001e-02        -1.0890203950000001e-01        -6.1457929199999997e-02        -9.0077903000000004e-03         1.1132537380000000e-01
17                                    -2.9848074000000000e-03         4.2304326800000000e-02         4.9458782999999996e-03        -1.4263579100000000e-02         3.3054008000000003e-02         1.8337108200000000e-02        -5.1578610099999998e-02        -1.1046538630000000e-01
18                                    -2.4729209999999999e-03        -6.7664479999999996e-04         1.1198060999999999e-03        -1.9638900999999999e-03        -6.5334949999999996e-04         1.4957015000000001e-03         1.8468486999999999e-03        -1.6648004000000001e-03
19                                     5.7261910000000005e-04        -1.6496114000000000e-03        -2.1493970000000000e-04         1.9156993000000000e-03         1.9092585000000000e-03        -2.3835999999999999e-04        -1.3531801000000001e-03         2.6624304000000001e-03
20                                     4.7996957999999999e-03        -2.9876083999999998e-03        -2.0350735999999999e-03         2.1373761999999999e-03         7.2459721000000003e-03         3.8556303999999998e-03        -1.0442000000000001e-06         2.6012078000000002e-03
21                                     1.8151189000000000e-03         1.3892577000000001e-03        -2.2687853999999999e-03        -9.6112590000000005e-04         2.7708120000000000e-04         4.5525500000000000e-04         3.8104357999999999e-03        -3.3241488000000001e-03
22                                     1.2737865000000000e-03         6.9793139999999997e-04         1.3286826000000001e-03        -4.1977690000000000e-04        -1.1276000000000000e-06        -6.3368010000000000e-04        -6.7846400000000001e-05        -2.5743421999999999e-03
23                                    -1.2712353000000000e-03        -1.7989922000000000e-03         1.5102748000000001e-03         4.1211336999999997e-03         6.4931581000000002e-03         3.5147629999999997e-04        -1.0587991800000000e-02         2.6961602000000000e-03
24                                    -8.9691840000000005e-04         2.1795270000000001e-04        -1.1753490000000000e-04        -4.7592780000000001e-04        -3.3857800000000000e-05        -3.6844800000000001e-04         1.8207346000000001e-03        -8.3593999999999997e-04
25                                     1.0869237999999999e-03         1.4468841000000001e-03         3.4066796999999999e-03        -8.4355299999999995e-05         1.8259179999999999e-04        -8.7170219999999998e-04        -2.3605680000000001e-04         1.7834770000000000e-04
26                                     2.7811235000000001e-03         1.5047451000000001e-03        -1.3782168999999999e-03        -4.2342990000000000e-04         1.4829742000000000e-03         1.1376547999999999e-03        -2.3882898999999999e-03         5.2203003999999999e-03
27                                     2.1502752000000002e-03        -2.3987294300000000e-02         1.8695613800000000e-02         7.6026514000000003e-03        -7.8508009999999999e-04         2.7982742000000000e-03        -4.2881218000000000e-03        -1.1681243000000001e-03
28                                    -1.7819456000000000e-03         5.5871235000000000e-03         3.3884696000000001e-03        -2.1022020000000001e-03         1.5321139999999999e-04        -2.1837414000000000e-03         2.0362698000000001e-03         2.7254899999999999e-05
29                                    -2.1622962999999999e-02         8.0558793000000007e-03        -4.5048982000000003e-03         4.6868676999999997e-03        -4.8848323000000001e-03         9.3362260999999992e-03        -1.5786295499999999e-02        -1.9796638999999999e-03
30                                     4.6701759000000002e-03        -1.5497734469999999e-01        -1.0523900930000001e-01         4.7887131700000002e-02        -9.1827380000000000e-04         1.3830230000000000e-04         3.8694110000000000e-04        -1.7862819999999999e-03
31                                    -4.0694466000000002e-03        -1.3964569439999999e-01        -1.2073968380000000e-01         6.1282851899999997e-02         2.0701346000000002e-03        -1.5025838000000001e-03         1.6496979000000000e-03         2.8955414999999999e-03
32                                     2.7806070000000003e-04         5.9814624199999999e-02         5.6203845099999997e-02        -3.3248841799999998e-02        -1.7227506000000001e-03        -4.2257824000000001e-03        -6.5314446999999998e-03        -7.0911170999999997e-03
33                                     1.4950418300000001e-02        -1.5347335420000000e-01         7.8652563800000005e-02         8.5490824899999998e-02        -1.6199933000000000e-03         2.2974028999999999e-03        -1.5579655000000001e-03        -8.2399779999999998e-04
34                                     2.2258332000000000e-03         1.0453277499999999e-01        -5.9082925299999998e-02        -7.6129838199999994e-02        -8.5990359999999996e-04         4.2369560000000002e-04         1.7952847999999999e-03         7.8288700000000001e-04
35                                     1.7850299600000001e-02         1.2220858749999999e-01        -7.1809823300000006e-02        -8.3448642599999998e-02        -6.5997950000000005e-04         1.1429401200000000e-02        -2.1324874500000000e-02        -1.0027165399999999e-02
36                                     1.8854185000000000e-03         3.0647073000000000e-03        -3.0326149999999999e-04         3.1556290000000001e-04        -3.8403037199999997e-02         1.7444973300000000e-02         6.9102683999999999e-03        -8.9163662800000001e-02
37                                     4.3121629999999999e-04         5.7817054999999996e-03        -2.6394088000000000e-03        -9.7404800000000006e-05        -1.7115093800000002e-02        -1.6216833000000000e-03         7.3716570000000004e-04         6.7725445100000004e-02
38                                    -5.0151609999999995e-04        -3.2527626000000000e-03         5.6625100000000004e-04         7.6475018000000004e-03         1.2493516000000000e-02         8.2042200000000001e-04        -7.0272774999999999e-03         1.1585783769999999e-01
39                                    -6.0415460999999997e-03        -1.4260919999999999e-03         3.1415824000000001e-03        -7.3904976000000004e-03        -2.4239305799999999e-02        -3.7794930800000001e-02         2.1373925200000001e-02        -2.6275796600000002e-02
40                                     1.5799659000000001e-03        -1.9259351000000000e-03        -1.8930125999999999e-03        -3.5080999999999998e-05         1.1286839000000000e-03        -3.8190761999999999e-03         8.0755306999999998e-03        -5.0601386999999998e-02
41                                    -1.9137036800000000e-02        -1.3859712700000000e-02        -7.7505909999999996e-04        -5.1445307000000003e-03         2.9757359000000001e-03         3.1886383999999999e-03         1.7101002700000000e-02         3.8344277099999997e-02
42                                    -1.2175369800000000e-02        -8.7174573999999998e-03         3.5533909999999999e-03        -5.5419691000000004e-03        -9.3420488999999995e-02         5.1526490000000001e-02        -9.9234650800000004e-02        -4.0351385400000002e-02
43                                    -6.0767236000000002e-03        -5.4970232999999999e-03         1.2104838000000001e-03        -5.7401340000000000e-03         6.5030834999999995e-02        -3.9499068100000000e-02         1.3169085780000001e-01        -1.3418370900000001e-02
44                                     1.0187388200000000e-02         4.5283672000000002e-03        -2.4553110000000000e-03        -1.6463190000000000e-04        -1.3558378130000001e-01         1.0992198810000001e-01        -1.2903026800000000e-01         2.8694659000000002e-03
45                                    -1.2812272000000001e-03         4.7113075000000003e-03        -2.6412107000000000e-03        -4.4551549999999997e-03        -8.2216174000000006e-03         1.2501019200000000e-02         5.1382364000000002e-03        -1.3271616300000001e-02
46                                     7.3741442000000001e-03         1.2831481299999999e-02        -4.6688342999999998e-03         8.2838488999999998e-03         1.7066471000000000e-02        -5.6850824899999999e-02        -8.4223829599999994e-02        -2.5689475600000001e-02
47                                     5.5314409999999998e-03         3.1451272999999998e-03         2.9193871999999999e-03         5.3558979000000000e-03         1.0494680600000000e-02        -4.8546294099999998e-02        -5.1189392399999999e-02        -2.2608735099999999e-02
                                                        16                          17                          18                          19                          20                          21                          22                          23

0                                     -2.4512023800000001e-02        -1.3900122590000000e-01        -1.5503637560000000e-01        -1.3855040720000000e-01        -5.9132531799999999e-02        -1.5365708480000001e-01         1.0414195800000001e-01        -1.2178014010000000e-01
1                                      9.5250613999999997e-03         4.6186061000000004e-03        -1.0475171140000000e-01        -1.1999003730000000e-01        -5.7402545800000003e-02         7.8399208900000003e-02        -6.0681499100000001e-02         7.1202421799999999e-02
2                                      2.9353028000000001e-03         3.3976260000000001e-04        -4.7429270300000000e-02        -6.2365061999999999e-02        -3.4837830200000003e-02        -8.6060141500000006e-02         7.5970740900000000e-02        -8.2098262199999994e-02
3                                      1.6989056100000000e-02         6.8253576400000002e-02        -1.1414573600000000e-02         3.5376179000000002e-03         3.8084706999999998e-03        -1.6532276900000000e-02        -1.2569692000000000e-03         1.1234841100000000e-02
4                                     -1.1766664200000001e-02         5.7157481000000001e-03        -2.7478225100000000e-02        -1.9521501000000000e-03         1.2762321000000000e-03         2.1882429700000001e-02        -5.3072320999999999e-03         8.5256939999999999e-04
5                                      4.0796406899999998e-02         1.3492186749999999e-01        -3.7582122000000000e-03         3.4047032999999999e-03        -5.0468520000000001e-04        -1.5411082400000000e-02        -1.3606870000000000e-03         1.8795094500000002e-02
6                                     -3.9599079999999998e-04         2.5953013899999999e-02        -4.4784011000000004e-03        -5.0467109000000001e-03        -1.8395160000000000e-03         3.9736153000000003e-03         2.2201794000000002e-03         1.2094746999999999e-03
7                                      3.2955191999999999e-03         1.9095039500000001e-02         2.7723904000000001e-03        -2.1678536000000002e-03        -1.3197510000000001e-03         7.4134110000000000e-04        -2.2770154000000000e-03         1.9308532000000000e-03
8                                      2.0172512199999999e-02        -2.9848074000000000e-03        -2.4729209999999999e-03         5.7261910000000005e-04         4.7996957999999999e-03         1.8151189000000000e-03         1.2737865000000000e-03        -1.2712353000000000e-03
9                                      8.1177296999999995e-03         4.2304326800000000e-02        -6.7664479999999996e-04        -1.6496114000000000e-03        -2.9876083999999998e-03         1.3892577000000001e-03         6.9793139999999997e-04        -1.7989922000000000e-03
10                                    -1.2563959000000001e-03         4.9458782999999996e-03         1.1198060999999999e-03        -2.1493970000000000e-04        -2.0350735999999999e-03        -2.2687853999999999e-03         1.3286826000000001e-03         1.5102748000000001e-03
11                                    -1.2533989400000001e-02        -1.4263579100000000e-02        -1.9638900999999999e-03         1.9156993000000000e-03         2.1373761999999999e-03        -9.6112590000000005e-04        -4.1977690000000000e-04         4.1211336999999997e-03
12                                    -1.0890203950000001e-01         3.3054008000000003e-02        -6.5334949999999996e-04         1.9092585000000000e-03         7.2459721000000003e-03         2.7708120000000000e-04        -1.1276000000000000e-06         6.4931581000000002e-03
13                                    -6.1457929199999997e-02         1.8337108200000000e-02         1.4957015000000001e-03        -2.3835999999999999e-04         3.8556303999999998e-03         4.5525500000000000e-04        -6.3368010000000000e-04         3.5147629999999997e-04
14                                    -9.0077903000000004e-03        -5.1578610099999998e-02         1.8468486999999999e-03        -1.3531801000000001e-03        -1.0442000000000001e-06         3.8104357999999999e-03        -6.7846400000000001e-05        -1.0587991800000000e-02
15                                     1.1132537380000000e-01        -1.1046538630000000e-01        -1.6648004000000001e-03         2.6624304000000001e-03         2.6012078000000002e-03        -3.3241488000000001e-03        -2.5743421999999999e-03         2.6961602000000000e-03
16                                     2.5360805069999998e-01        -6.0419219800000000e-02        -6.4852889999999998e-04        -4.5693209999999999e-04         4.6834123999999998e-03         8.8045159999999996e-04        -2.3184470000000001e-04        -6.8931438999999999e-03
17                                    -6.0419219800000000e-02         2.7547722580000000e-01        -6.5995509999999997e-04        -1.9469002000000000e-03        -3.6752582999999999e-03         2.3731796000000002e-03        -1.8244712000000001e-03        -2.3971106499999999e-02
18                                    -6.4852889999999998e-04        -6.5995509999999997e-04         1.4454840640000000e-01         1.3292697190000000e-01         5.5640015299999998e-02         2.6381333000000000e-02        -7.4372429999999996e-03        -1.3748320000000001e-03
19                                    -4.5693209999999999e-04        -1.9469002000000000e-03         1.3292697190000000e-01         2.1016175879999999e-01         2.8726549300000001e-02         7.5180478999999998e-03        -9.3008448300000005e-02         3.1585446000000003e-02
20                                     4.6834123999999998e-03        -3.6752582999999999e-03         5.5640015299999998e-02         2.8726549300000001e-02        -1.4835329999999999e-04        -4.4658833999999996e-03         1.9605925699999999e-02         3.4840935000000003e-02
21                                     8.8045159999999996e-04         2.3731796000000002e-03         2.6381333000000000e-02         7.5180478999999998e-03        -4.4658833999999996e-03         1.4280003640000000e-01        -1.0079947760000001e-01         1.0239446620000001e-01
22                                    -2.3184470000000001e-04        -1.8244712000000001e-03        -7.4372429999999996e-03        -9.3008448300000005e-02         1.9605925699999999e-02        -1.0079947760000001e-01         1.5575527140000001e-01        -9.3998254099999998e-02
23                                    -6.8931438999999999e-03        -2.3971106499999999e-02        -1.3748320000000001e-03         3.1585446000000003e-02         3.4840935000000003e-02         1.0239446620000001e-01        -9.3998254099999998e-02         4.7909456599999997e-02
24                                     1.7741159000000000e-03         4.7815011999999997e-03         4.8617499000000002e-03        -1.1987339000000001e-03         1.0113809000000000e-03        -5.2143357000000003e-03         6.7111836999999997e-03         3.3848802999999999e-03
25                                    -1.3732150999999999e-03        -2.7041694999999999e-03        -6.9716869999999998e-04         6.0243519999999997e-04        -1.1388161000000000e-03        -8.0832530000000003e-04        -1.3333946000000001e-03        -2.4675439999999999e-04
26                                    -7.1933754999999999e-03        -1.6158180099999999e-02         1.4015201000000001e-03         1.0637649999999999e-04        -3.3422949999999999e-03        -3.0623996000000001e-03         6.8337960000000001e-04         3.8958523000000001e-03
27                                    -4.2384829999999999e-04        -1.5812142999999999e-03        -1.7329636999999999e-03        -8.1235719999999995e-04         5.1956620000000002e-04         1.8379032000000000e-03        -9.0548880000000003e-04        -5.8308209999999999e-04
28                                    -7.2446369999999997e-04        -6.7511480000000004e-04         9.6646900000000005e-05        -7.9343600000000001e-04        -1.2120411999999999e-03         1.2326000000000001e-04        -2.8003250000000000e-04         1.3484325000000001e-03
29                                    -5.6708210000000004e-04        -2.7740769000000002e-03         3.6670879999999999e-04        -1.2827063999999999e-03        -1.9569760000000000e-03        -1.6859999999999999e-07        -6.6742900000000001e-05         1.7631245000000000e-03
30                                     1.1032022000000000e-03        -2.5962506999999998e-03        -3.2776426000000001e-03         1.7954373000000001e-03         1.0234764000000001e-03         9.8940669999999999e-04         2.0403828000000001e-03         9.3072170000000004e-04
31                                    -3.9293679999999998e-04         2.4243905000000000e-03         1.7584008999999999e-03        -5.2143730000000002e-04        -1.7756402000000001e-03        -2.6587777000000000e-03         2.2386685999999999e-03         1.2751792000000001e-03
32                                    -4.2124060999999997e-03        -8.0734440000000001e-04        -1.0585320000000000e-03         1.8405620000000000e-03         1.5640280999999999e-03        -2.5237689999999999e-04         1.8081584000000000e-03         2.3123507000000001e-03
33                                    -4.2127439999999999e-04        -4.1230421999999996e-03         9.0757320000000002e-04        -2.5816259000000000e-03         2.9160340000000001e-04         3.0731429999999999e-04        -2.8736958000000002e-03         2.2307210000000000e-04
34                                    -1.0098639000000000e-03        -1.9234527000000000e-03         2.1622296000000001e-03         2.0947755999999999e-03        -1.9922281000000000e-03        -2.9855369999999999e-03         9.6101279999999997e-04         2.2458684000000000e-03
35                                    -1.1469534000000000e-03        -1.1264533000000000e-02        -1.2908929000000000e-03        -9.6633169999999998e-04         2.6340969000000001e-03        -5.7877799999999997e-05        -2.1804201999999998e-03         5.7742890000000004e-04
36                                     4.3907559700000001e-02         1.0116879469999999e-01        -1.2739520000000000e-04         1.5488523000000000e-03        -1.6507160000000000e-03         6.5863700000000000e-04         2.2303156999999999e-03        -2.7796895999999999e-03
