
$orca_hessian_file

$act_atom
  0

$act_coord
  0

$act_energy
      -21.763322

$multiplicity
  1

$hessian
48
                    0                  1                  2                  3                  4        
    0      7.9568988680E-01  -1.1017116100E-02  -5.8005323800E-02  -4.4901208960E-01   4.6177380700E-02
    1     -1.1017116100E-02   4.9523252220E-01  -3.9761700100E-02   1.9893403900E-02  -7.8084213300E-02
    2     -5.8005323800E-02  -3.9761700100E-02   5.9689787300E-02   3.5944221500E-02  -2.2544171200E-02
    3     -4.4901208960E-01   1.9893403900E-02   3.5944221500E-02   7.0505398500E-01  -3.9544531700E-02
    4      4.6177380700E-02  -7.8084213300E-02  -2.2544171200E-02  -3.9544531700E-02   5.9333087450E-01
    5      1.1266820930E-01   2.1754039000E-03   3.3657522000E-03  -7.4699688500E-02   2.6678088600E-02
    6     -5.4880608300E-02  -2.2919931300E-02   4.7154617300E-02  -7.2526141300E-02  -7.2301958600E-02
    7     -2.4466308400E-02   2.7834322000E-03   3.2779614100E-02  -7.3446231100E-02  -2.4377384180E-01
    8     -2.2621850000E-04   6.4778795000E-03   1.0493928500E-02   1.2067467100E-02   1.1586713700E-02
    9      6.5630766000E-03  -4.9660248000E-03  -1.0278787400E-02  -5.5561749400E-02  -2.7124468200E-02
   10     -3.8120624000E-03  -3.5797216000E-03   3.4856208000E-03  -2.6522414400E-02   3.4382430000E-04
   11      4.6471658000E-03  -4.1177851000E-03  -1.9698873100E-02  -2.8153028500E-02  -1.9010170500E-02
   12      5.5799481000E-03  -8.8168707000E-03  -5.2396907500E-02  -4.4370739200E-02  -1.9178422200E-02
   13      2.6303194000E-03  -5.1193524000E-03  -2.5536648200E-02  -2.2617431900E-02  -1.1462159000E-03
   14     -1.7453763000E-03   3.0237740000E-04   9.9590843000E-03  -4.0139652000E-03  -5.9329485000E-03
   15     -1.2181858000E-02   1.0400333400E-02   7.6102235300E-02   5.1050376900E-02   9.9955862000E-03
   16     -4.9232014000E-03  -7.9339737000E-03   2.1357908700E-02   1.5070109200E-02   3.8800704000E-03
   17     -1.2587308500E-02   1.5744386900E-02   5.6903727900E-02   6.2928106300E-02   6.1073834000E-03
   18     -1.5030586830E-01  -1.2197100460E-01  -1.1918514800E-02  -1.8121928000E-02  -2.4636029000E-02
   19     -1.2083416030E-01  -1.8745954230E-01  -1.3001349600E-02  -3.0234790000E-04   6.0265130000E-04
   20     -1.9325387200E-02  -1.9606565200E-02  -3.8875404500E-02   6.4148491000E-03   7.4258626000E-03
   21     -1.2113703950E-01   1.1431937970E-01  -2.4530450900E-02  -1.6017608600E-02   2.6282492900E-02
   22      1.1093798370E-01  -2.1256730570E-01   3.8391546300E-02   6.6765920000E-03  -4.7278347000E-03
   23     -3.3307123500E-02   4.5756478700E-02  -3.6735449200E-02   1.0759077800E-02  -6.4796553000E-03
   24     -1.8747065300E-02   2.6391868900E-02  -3.8135400000E-04  -1.0060467150E-01   1.0887032420E-01
   25      4.6262148000E-03  -2.7333446000E-03  -1.1541087000E-03   1.0823607950E-01  -2.4454162650E-01
   26      4.6582590000E-03  -5.0469406000E-03   1.5447900000E-04  -1.4972306000E-03   6.1449762000E-03
   27      1.1174133000E-03  -2.4389190000E-03  -1.4223130000E-04   5.9209000000E-03  -1.0413291800E-02
   28      1.2453412000E-03   8.8640490000E-04   2.1905140000E-04   1.0626018000E-02  -2.6942995600E-02
   29     -1.2780630000E-04   6.7201400000E-04  -7.8740050000E-04   1.2491797000E-03  -1.2572349000E-03
   30     -1.0025105000E-03  -9.7635190000E-04  -7.8112400000E-04  -5.6691919000E-03   6.3952970000E-04
   31     -1.6031810000E-04  -4.4684940000E-04  -5.9672340000E-04  -1.5249142000E-03   6.7781700000E-04
   32     -5.9046450000E-04   1.6796900000E-04  -1.0695067000E-03   1.3556543000E-03  -1.4710000000E-05
   33      5.3987990000E-04  -3.4347040000E-04  -2.3895140000E-04   1.5574298000E-03   1.4039826000E-03
   34     -2.5213400000E-04  -2.3376910000E-04   4.2708880000E-04  -9.6849370000E-04   1.5270082000E-03
   35     -1.3983830000E-04  -3.8135850000E-04  -4.0565100000E-05   4.3566660000E-04   3.5763620000E-04
   36      5.6783820000E-04  -6.5401090000E-04  -4.9856876000E-03  -3.9205285000E-03  -5.8880410000E-04
   37     -1.7676950000E-04   1.1005980000E-03   5.5132610000E-04   2.6504380000E-04  -1.0495885000E-03
   38      1.6947492000E-03  -4.5480831000E-03  -1.5232963100E-02  -7.6584837000E-03  -1.2317263000E-03
   39     -5.1198800000E-05   2.0305040000E-03  -3.9862054000E-03  -1.8107607000E-03  -1.9042832000E-03
   40      4.8795000000E-04  -4.4193400000E-04   2.0032464000E-03   6.0664700000E-04   9.7554500000E-05
   41     -1.0027223000E-03   5.0384186000E-03  -1.4407653400E-02  -5.2226682000E-03   1.2531279000E-03
   42     -1.8399556000E-03   3.6984510000E-04   5.9646070000E-03   3.0078309000E-03   1.5762900000E-03
   43     -8.4189000000E-04  -2.1655390000E-04   2.8545281000E-03   2.1893542000E-03   5.7488080000E-04
   44      2.4744704000E-03  -2.1839990000E-03  -1.0166993500E-02  -6.9994026000E-03  -3.5534413000E-03
   45     -8.9984900000E-04   6.9836470000E-04   2.4798570000E-03   1.0248860000E-03   7.4620250000E-04
   46      3.7877040000E-04  -1.1863973000E-03   5.2477040000E-04   1.3631173000E-03  -7.6836470000E-04
   47      9.1471540000E-04  -6.8849640000E-04  -3.5519500000E-03  -2.9097552000E-03   4.7026950000E-04
                    5                  6                  7                  8                  9        
    0      1.1266820930E-01  -5.4880608300E-02  -2.4466308400E-02  -2.2621850000E-04   6.5630766000E-03
    1      2.1754039000E-03  -2.2919931300E-02   2.7834322000E-03   6.4778795000E-03  -4.9660248000E-03
    2      3.3657522000E-03   4.7154617300E-02   3.2779614100E-02   1.0493928500E-02  -1.0278787400E-02
    3     -7.4699688500E-02  -7.2526141300E-02  -7.3446231100E-02   1.2067467100E-02  -5.5561749400E-02
    4      2.6678088600E-02  -7.2301958600E-02  -2.4377384180E-01   1.1586713700E-02  -2.7124468200E-02
    5      1.4457503530E-01  -2.0091979400E-02  -1.7863349600E-02  -3.7361676400E-02   9.0631742000E-03
    6     -2.0091979400E-02   7.7532424750E-01  -1.9619767100E-02  -4.6770734000E-02  -4.9994575770E-01
    7     -1.7863349600E-02  -1.9619767100E-02   5.8240246890E-01   1.6253941300E-02   2.5858288700E-02
    8     -3.7361676400E-02  -4.6770734000E-02   1.6253941300E-02   1.0066200730E-01  -9.8889745000E-03
    9      9.0631742000E-03  -4.9994575770E-01   2.5858288700E-02  -9.8889745000E-03   8.1723467130E-01
   10     -6.5821380000E-04   3.3222080000E-04  -7.6991072300E-02  -8.7893115000E-03   1.2051087100E-02
   11      1.1042132800E-02   3.3113378200E-02   1.2569302400E-02  -7.5805480000E-04  -8.5510872100E-02
   12      4.6695456000E-03   2.6469422100E-02   1.4498336700E-02   2.2289815800E-02  -6.9199166000E-03
   13      4.3704699000E-03   7.3270109000E-03   5.8498742000E-03   4.1313396000E-03  -1.9343700000E-03
   14     -2.6324202200E-02  -1.5208417800E-02  -2.2578598000E-03  -1.2529575800E-02   7.6706891000E-03
   15     -3.9358299600E-02  -3.6528715300E-02  -2.3846618900E-02   2.4417334000E-03   7.6691797000E-03
   16     -9.9785709000E-03  -1.0230813300E-02  -3.9321102000E-03  -5.1875100000E-04   6.4988560000E-04
   17     -6.6241141500E-02  -1.5123119100E-02  -1.3553187700E-02  -2.9190599400E-02  -8.5567650000E-04
   18      5.5991940000E-04  -5.8320630000E-03   8.1126550000E-04   1.6569936000E-03  -8.7373220000E-04
   19      4.6497260000E-04  -1.0583726000E-03   4.3516380000E-04  -1.0862460000E-04  -1.4193240000E-04
   20     -5.8831010000E-04   2.7483794000E-03  -1.3681593000E-03   1.0153613400E-02   4.2409600000E-04
   21     -2.3216628000E-03   7.9083630000E-04   1.5779825000E-03   2.3430200000E-05   8.3741500000E-04
   22     -9.7033140000E-04  -2.1936791000E-03   1.0027865000E-03  -2.3539300000E-04  -1.2999810000E-04
   23     -1.9027960000E-03  -3.2786258000E-03  -1.3693251000E-03  -5.6277278000E-03   1.0410400000E-04
   24      1.0077797000E-03   6.2940190000E-03  -1.1687939800E-02   1.5819960000E-04   1.5250569000E-03
   25      2.6054475000E-03   1.1146325000E-02  -2.6658824200E-02  -9.2606870000E-04   8.9195730000E-04
   26     -3.2069501600E-02  -1.9914358000E-03  -8.0458980000E-04   6.0871130000E-04   3.0419090000E-04
   27     -1.4110798000E-03  -1.0346815980E-01   1.0801754090E-01   1.3237599700E-02  -2.1915646300E-02
   28     -2.2513760000E-03   1.0838068780E-01  -2.3409667290E-01  -2.6257333800E-02   4.2964972000E-03
   29      3.3637260000E-04   1.4311470200E-02  -2.7858733000E-02  -3.9718912600E-02   1.2967792000E-03
   30      2.5225235000E-03  -1.8120679000E-02  -2.6801092100E-02   3.5839300000E-05  -1.2249905480E-01
   31      3.6836690000E-04  -1.1349562000E-03  -9.0033750000E-04  -1.6875580000E-04  -1.1584898320E-01
   32      1.1527765500E-02  -3.2253235000E-03  -7.5822280000E-04   1.4786564000E-03   3.2043986500E-02
   33     -1.1322615000E-03  -1.9518134500E-02   2.6914101400E-02   6.1567591000E-03  -1.2413972780E-01
   34      7.3283320000E-04   4.9794103000E-03  -2.4815902000E-03  -5.1038990000E-04   1.0552907000E-01
   35     -5.8712182000E-03  -2.8314392000E-03  -1.1819842000E-03   4.6071310000E-04   5.7427124600E-02
   36      2.2572504000E-03   2.4855812000E-03   1.8616590000E-03   2.1702860000E-04  -7.5281240000E-04
   37     -7.0504630000E-04  -4.7017780000E-04  -3.5335360000E-04   9.3875070000E-04   1.2849800000E-05
   38      5.0714635000E-03   5.5668277000E-03   4.2479082000E-03  -3.2830420000E-04  -2.1797938000E-03
   39      3.2838013000E-03   1.6478955000E-03   1.2653889000E-03   8.8193100000E-04  -1.0018891000E-03
   40      2.5416230000E-04  -1.5054390000E-04  -4.9446140000E-04   9.4504000000E-05   2.3163200000E-04
   41      3.8365190000E-04   3.2462258000E-03   7.4113080000E-04   2.4066310000E-04  -1.5193800000E-04
   42      1.8184159000E-03  -1.9632063000E-03  -4.4852660000E-04  -1.5788489000E-03  -9.9946800000E-05
   43      2.7050860000E-04  -1.1095479000E-03  -4.4860660000E-04  -2.3143480000E-04   3.7511700000E-05
   44     -9.5294630000E-04   3.4002839000E-03   1.1887249000E-03   2.7753286000E-03   3.3360600000E-05
   45      1.1643522000E-03  -2.2853650000E-04  -4.8807960000E-04  -7.0202150000E-04  -1.1916640000E-04
   46     -5.4933655000E-03  -9.7590700000E-04  -2.3428550000E-03  -1.7370657000E-03   5.8699740000E-04
   47     -4.9903816000E-03  -1.0201080000E-03  -7.6521040000E-04  -1.3587707000E-03   4.9853730000E-04
                   10                 11                 12                 13                 14        
    0     -3.8120624000E-03   4.6471658000E-03   5.5799481000E-03   2.6303194000E-03  -1.7453763000E-03
    1     -3.5797216000E-03  -4.1177851000E-03  -8.8168707000E-03  -5.1193524000E-03   3.0237740000E-04
    2      3.4856208000E-03  -1.9698873100E-02  -5.2396907500E-02  -2.5536648200E-02   9.9590843000E-03
    3     -2.6522414400E-02  -2.8153028500E-02  -4.4370739200E-02  -2.2617431900E-02  -4.0139652000E-03
    4      3.4382430000E-04  -1.9010170500E-02  -1.9178422200E-02  -1.1462159000E-03  -5.9329485000E-03
    5     -6.5821380000E-04   1.1042132800E-02   4.6695456000E-03   4.3704699000E-03  -2.6324202200E-02
    6      3.3222080000E-04   3.3113378200E-02   2.6469422100E-02   7.3270109000E-03  -1.5208417800E-02
    7     -7.6991072300E-02   1.2569302400E-02   1.4498336700E-02   5.8498742000E-03  -2.2578598000E-03
    8     -8.7893115000E-03  -7.5805480000E-04   2.2289815800E-02   4.1313396000E-03  -1.2529575800E-02
    9      1.2051087100E-02  -8.5510872100E-02  -6.9199166000E-03  -1.9343700000E-03   7.6706891000E-03
   10      4.8940082100E-01   4.1779088300E-02   2.7960572000E-03  -2.8271931000E-03   2.7311660000E-04
   11      4.1779088300E-02   1.1751901670E-01  -1.6369190200E-02  -3.2319935000E-03  -1.0118801300E-02
   12      2.7960572000E-03  -1.6369190200E-02   5.1887361240E-01   1.1614261800E-02   1.9411555950E-01
   13     -2.8271931000E-03  -3.2319935000E-03   1.1614261800E-02   2.7860494130E-01  -2.2424424900E-02
   14      2.7311660000E-04  -1.0118801300E-02   1.9411555950E-01  -2.2424424900E-02   2.5365674570E-01
   15     -2.5991430000E-03   1.6575000800E-02  -2.8439707280E-01  -6.9565005500E-02  -4.2063807300E-02
   16     -2.5042352000E-03   4.6283832000E-03  -8.9785311100E-02  -9.8996425500E-02  -1.7072723100E-02
   17     -2.7041141000E-03   1.2703515400E-02   4.4992436900E-02   1.4875842500E-02  -4.7058397500E-02
   18     -1.0409212000E-03   3.0165440000E-04  -6.7840900000E-05  -5.8674700000E-05   6.4600900000E-05
   19      7.7883600000E-05   2.1026150000E-04   6.3424010000E-04   2.2278400000E-05   4.6343330000E-04
   20      1.4009910000E-04  -4.8952840000E-04  -3.1404530000E-04   4.7661100000E-04  -2.6602490000E-04
   21     -2.2096680000E-04   3.1430720000E-04   1.5126360000E-04   4.5942060000E-04  -4.2461700000E-04
   22      6.9627000000E-05  -2.5133700000E-05   8.8952300000E-05  -9.5519300000E-05   8.2626200000E-05
   23      8.6859000000E-05   6.4521120000E-04   2.7110868000E-03   4.2449430000E-04  -1.5236160000E-04
   24     -1.3822577000E-03  -2.2459340000E-04  -7.3255300000E-04  -6.9957400000E-05  -1.6245750000E-04
   25      1.4465281000E-03  -4.0048930000E-04  -2.4095190000E-04  -1.6224926000E-03   3.2632760000E-04
   26     -5.4130180000E-04  -6.5641880000E-04   4.1034030000E-04   1.1111488000E-03  -6.9845700000E-05
   27      2.6263854200E-02   5.6442044000E-03  -6.1901020000E-04   9.5207550000E-04  -5.3878100000E-04
   28     -1.1734234000E-03  -5.3433320000E-04   1.1344513000E-03  -1.2820458000E-03   8.6118420000E-04
   29     -3.4381950000E-04   7.7882460000E-04  -8.3923330000E-04   8.0182770000E-04  -1.7887821000E-03
   30     -1.1454741340E-01   2.3452297600E-02  -3.8265510000E-04  -7.8367300000E-05   1.9241530000E-04
   31     -2.1316738270E-01   2.8317509700E-02  -1.9770400000E-04  -1.4893818000E-03   1.8652780000E-04
   32      3.6165796100E-02  -4.2397513800E-02  -1.7608857000E-03  -8.5717760000E-04   7.4336250000E-04
   33      1.0820026180E-01   4.8989678100E-02  -7.8252220000E-04   3.0872400000E-04   7.3360500000E-05
   34     -1.8897452280E-01  -6.1944628300E-02  -4.5950100000E-05  -1.4090048000E-03  -8.2684500000E-05
   35     -6.9627735500E-02  -6.2715724200E-02  -1.4889976000E-03   5.7296530000E-04  -1.7436980000E-04
   36      9.5281400000E-05  -2.4069329000E-03  -3.3282762300E-02   8.0117983000E-03   5.9674597000E-03
   37     -9.2824020000E-04  -2.1738110000E-04  -7.9944903000E-03   6.4131849000E-03   1.4557775000E-03
   38      6.2317820000E-04  -2.8208634000E-03  -1.1718565800E-02  -7.1428452000E-03   5.5917300000E-03
   39      3.1402210000E-04  -1.5649000000E-03  -8.4116719000E-03  -2.9238029000E-02  -1.2262419000E-03
   40     -3.2441840000E-04  -2.9902530000E-04  -4.8561538000E-03  -1.4405132100E-02  -1.8015328000E-03
   41     -2.2470500000E-05  -2.0169766000E-03  -8.5895769000E-03  -2.9331000000E-03   2.6404140000E-04
   42      1.8334020000E-04   1.1168376000E-03  -1.5080080350E-01   8.2097955500E-02  -1.3994277180E-01
   43     -1.2150370000E-04   6.6315060000E-04   9.1715600600E-02  -5.9536582500E-02   8.4416583500E-02
   44      3.7837230000E-04  -2.0772451000E-03  -1.7107170320E-01   8.7957008200E-02  -1.3798601930E-01
   45     -1.1094590000E-04   7.4992900000E-05  -2.0306698500E-02   1.0160269900E-02  -2.7576493000E-03
   46     -7.4697070000E-04   1.6132444000E-03   8.6339541000E-03  -1.0296093300E-01  -3.8795780600E-02
   47     -2.4516390000E-04   1.0612987000E-03  -4.6396794000E-03  -5.2595517800E-02  -3.3746583800E-02
                   15                 16                 17                 18                 19        
    0     -1.2181858000E-02  -4.9232014000E-03  -1.2587308500E-02  -1.5030586830E-01  -1.2083416030E-01
    1      1.0400333400E-02  -7.9339737000E-03   1.5744386900E-02  -1.2197100460E-01  -1.8745954230E-01
    2      7.6102235300E-02   2.1357908700E-02   5.6903727900E-02  -1.1918514800E-02  -1.3001349600E-02
    3      5.1050376900E-02   1.5070109200E-02   6.2928106300E-02  -1.8121928000E-02  -3.0234790000E-04
    4      9.9955862000E-03   3.8800704000E-03   6.1073834000E-03  -2.4636029000E-02   6.0265130000E-04
    5     -3.9358299600E-02  -9.9785709000E-03  -6.6241141500E-02   5.5991940000E-04   4.6497260000E-04
    6     -3.6528715300E-02  -1.0230813300E-02  -1.5123119100E-02  -5.8320630000E-03  -1.0583726000E-03
    7     -2.3846618900E-02  -3.9321102000E-03  -1.3553187700E-02   8.1126550000E-04   4.3516380000E-04
    8      2.4417334000E-03  -5.1875100000E-04  -2.9190599400E-02   1.6569936000E-03  -1.0862460000E-04
    9      7.6691797000E-03   6.4988560000E-04  -8.5567650000E-04  -8.7373220000E-04  -1.4193240000E-04
   10     -2.5991430000E-03  -2.5042352000E-03  -2.7041141000E-03  -1.0409212000E-03   7.7883600000E-05
   11      1.6575000800E-02   4.6283832000E-03   1.2703515400E-02   3.0165440000E-04   2.1026150000E-04
   12     -2.8439707280E-01  -8.9785311100E-02   4.4992436900E-02  -6.7840900000E-05   6.3424010000E-04
   13     -6.9565005500E-02  -9.8996425500E-02   1.4875842500E-02  -5.8674700000E-05   2.2278400000E-05
   14     -4.2063807300E-02  -1.7072723100E-02  -4.7058397500E-02   6.4600900000E-05   4.6343330000E-04
   15      5.2851579870E-01   4.8266393300E-02  -1.6683680350E-01  -4.3365710000E-04  -3.6819100000E-05
   16      4.8266393300E-02   5.1030671180E-01   7.5228661000E-03  -7.0003020000E-04  -6.7533870000E-04
   17     -1.6683680350E-01   7.5228661000E-03   1.7771889410E-01  -3.3882570000E-04  -2.6762670000E-04
   18     -4.3365710000E-04  -7.0003020000E-04  -3.3882570000E-04   1.6649438690E-01   1.3745756810E-01
   19     -3.6819100000E-05  -6.7533870000E-04  -2.6762670000E-04   1.3745756810E-01   2.1971001880E-01
   20     -3.2412210000E-04  -1.6816440000E-03   2.6653521000E-03   1.0515804600E-02   1.1032895900E-02
   21     -1.7270668000E-03   8.6690010000E-04  -1.5131208000E-03   7.9417106000E-03  -1.5682958200E-02
   22     -3.5746700000E-04  -2.9849180000E-04  -7.7444600000E-05   9.9735990000E-03  -3.6657150900E-02
   23     -4.0014559000E-03   1.8916677000E-03  -5.4095794000E-03   3.2468910000E-04   1.4942466000E-03
   24     -4.5696190000E-04   4.7101060000E-04   1.1178260000E-04   1.4409203000E-03   7.8693570000E-04
   25      1.0651225000E-03  -6.0842860000E-04   1.3167840000E-04  -6.1326590000E-04   8.4325850000E-04
   26      1.0223160000E-04   4.8082900000E-04  -4.8030560000E-04  -4.1744300000E-04   1.1271460000E-04
   27     -3.7033920000E-04  -9.5032000000E-06   3.3105190000E-04  -2.9664010000E-04  -8.5451300000E-05
   28     -3.9120970000E-04  -1.2508840000E-03  -5.6326140000E-04   4.4388220000E-04   3.8556600000E-04
   29     -2.8264720000E-04  -2.4163100000E-04   9.5724100000E-05   7.8930400000E-05  -2.4268390000E-04
   30      1.6567100000E-04   2.2656100000E-04  -1.4614600000E-05  -9.9921320000E-04   4.9780100000E-05
   31      9.7249850000E-04  -3.5554370000E-04  -1.7305970000E-04   1.5249920000E-04   2.5776620000E-04
   32     -2.9194670000E-04  -4.3137610000E-04   8.2708010000E-04  -7.2610410000E-04  -1.2178990000E-04
   33     -7.4088000000E-06   2.6031200000E-05  -1.1417990000E-04   1.6572000000E-04  -3.8698290000E-04
   34      9.7324000000E-05  -4.6103620000E-04  -1.7524320000E-04   1.5157560000E-04   2.7180420000E-04
   35     -7.2460380000E-04   3.8845700000E-04   2.3560990000E-04  -2.1450760000E-04  -4.5058100000E-05
   36     -1.7019935220E-01   8.7814279900E-02   1.0502891230E-01   7.8356000000E-06   2.3602630000E-04
   37      8.3168686300E-02  -9.0761651700E-02  -5.5993642400E-02  -3.0571230000E-04   2.6974020000E-04
   38      1.2588159920E-01  -5.5971916700E-02  -8.3505790500E-02   5.3452600000E-05  -5.3280100000E-05
   39     -3.9984824400E-02  -2.3380247300E-02   1.0744421100E-02   2.6239270000E-04  -2.3578100000E-05
   40     -2.4363209400E-02  -2.8325215770E-01   4.1234387900E-02  -2.5170000000E-07   4.2205660000E-04
   41      2.0111819600E-02   5.1330146900E-02  -3.0212644800E-02  -1.4587730000E-04   2.6712890000E-04
   42     -3.5336020100E-02   4.5117911000E-03  -1.5156012900E-02   8.5626790000E-04  -9.6475170000E-04
   43     -1.3355637000E-02   1.0265730000E-03  -4.8978295000E-03   2.5234130000E-04   4.2081010000E-04
   44      1.5090543100E-02   8.0881785000E-03   9.0180085000E-03   2.2607030000E-04  -2.6158660000E-04
   45     -5.7777496000E-03  -2.8873855300E-02  -1.1597049600E-02  -2.3829120000E-04   3.5280420000E-04
   46     -1.9450834600E-02  -2.4183078200E-02  -7.2111360000E-03   8.3158600000E-05   1.0730341000E-03
   47     -2.4214768000E-03  -9.7918245000E-03   1.9305466000E-03  -2.0842600000E-05   5.6346100000E-05
                   20                 21                 22                 23                 24        
    0     -1.9325387200E-02  -1.2113703950E-01   1.1093798370E-01  -3.3307123500E-02  -1.8747065300E-02
    1     -1.9606565200E-02   1.1431937970E-01  -2.1256730570E-01   4.5756478700E-02   2.6391868900E-02
    2     -3.8875404500E-02  -2.4530450900E-02   3.8391546300E-02  -3.6735449200E-02  -3.8135400000E-04
    3      6.4148491000E-03  -1.6017608600E-02   6.6765920000E-03   1.0759077800E-02  -1.0060467150E-01
    4      7.4258626000E-03   2.6282492900E-02  -4.7278347000E-03  -6.4796553000E-03   1.0887032420E-01
    5     -5.8831010000E-04  -2.3216628000E-03  -9.7033140000E-04  -1.9027960000E-03   1.0077797000E-03
    6      2.7483794000E-03   7.9083630000E-04  -2.1936791000E-03  -3.2786258000E-03   6.2940190000E-03
    7     -1.3681593000E-03   1.5779825000E-03   1.0027865000E-03  -1.3693251000E-03  -1.1687939800E-02
    8      1.0153613400E-02   2.3430200000E-05  -2.3539300000E-04  -5.6277278000E-03   1.5819960000E-04
    9      4.2409600000E-04   8.3741500000E-04  -1.2999810000E-04   1.0410400000E-04   1.5250569000E-03
   10      1.4009910000E-04  -2.2096680000E-04   6.9627000000E-05   8.6859000000E-05  -1.3822577000E-03
   11     -4.8952840000E-04   3.1430720000E-04  -2.5133700000E-05   6.4521120000E-04  -2.2459340000E-04
   12     -3.1404530000E-04   1.5126360000E-04   8.8952300000E-05   2.7110868000E-03  -7.3255300000E-04
   13      4.7661100000E-04   4.5942060000E-04  -9.5519300000E-05   4.2449430000E-04  -6.9957400000E-05
   14     -2.6602490000E-04  -4.2461700000E-04   8.2626200000E-05  -1.5236160000E-04  -1.6245750000E-04
   15     -3.2412210000E-04  -1.7270668000E-03  -3.5746700000E-04  -4.0014559000E-03  -4.5696190000E-04
   16     -1.6816440000E-03   8.6690010000E-04  -2.9849180000E-04   1.8916677000E-03   4.7101060000E-04
   17      2.6653521000E-03  -1.5131208000E-03  -7.7444600000E-05  -5.4095794000E-03   1.1178260000E-04
   18      1.0515804600E-02   7.9417106000E-03   9.9735990000E-03   3.2468910000E-04   1.4409203000E-03
   19      1.1032895900E-02  -1.5682958200E-02  -3.6657150900E-02   1.4942466000E-03   7.8693570000E-04
   20      2.7141687700E-02   2.1263012000E-03   3.8001902000E-03   5.8686249000E-03  -8.8924920000E-04
   21      2.1263012000E-03   1.3291899960E-01  -1.2501843750E-01   2.5114884800E-02  -4.5696841000E-03
   22      3.8001902000E-03  -1.2501843750E-01   2.4989992730E-01  -4.1302105700E-02   1.3811724000E-03
   23      5.8686249000E-03   2.5114884800E-02  -4.1302105700E-02   3.3676039100E-02   3.8601612000E-03
   24     -8.8924920000E-04  -4.5696841000E-03   1.3811724000E-03   3.8601612000E-03   1.1709829640E-01
   25     -2.7207400000E-05  -2.9558210000E-04   5.0636970000E-04  -4.1652650000E-04  -1.2141948600E-01
   26     -3.6439161000E-03   1.4213933000E-03   8.7243240000E-04   8.5004775000E-03  -4.0414801000E-03
   27      7.9466000000E-05  -4.7115650000E-04  -4.6545150000E-04  -9.2894900000E-05  -1.4429224000E-03
   28     -1.5364490000E-04  -8.6972740000E-04   1.3737550000E-04  -1.0930750000E-04  -2.7965304000E-03
   29     -2.4879930000E-04  -3.7274800000E-05  -1.8052330000E-04   2.5474060000E-04   3.2564750000E-04
   30      5.9068320000E-04   1.3832630000E-04   3.2707600000E-05   4.6661320000E-04  -3.3110300000E-04
   31      2.2757480000E-04  -2.6590180000E-04   2.8386140000E-04  -1.9278000000E-05   2.5149700000E-05
   32     -1.3910231000E-03  -3.4755780000E-04  -3.0378300000E-05   1.1696997000E-03  -9.0079300000E-05
   33      5.2722260000E-04  -7.7030600000E-05  -4.2596010000E-04   4.3756550000E-04  -1.4696700000E-05
   34     -1.9330700000E-05  -3.7613100000E-04   1.2748840000E-04  -5.1167700000E-05  -1.4731680000E-04
   35      9.7260570000E-04  -3.1408680000E-04   6.8440800000E-05   2.8645370000E-04   1.7739150000E-04
   36     -6.6649460000E-04   5.6414800000E-04   1.5536090000E-04  -8.2284290000E-04  -8.3560400000E-05
   37     -2.4987200000E-05   3.5542600000E-05   6.8589480000E-04   1.3214860000E-04  -2.7575850000E-04
   38     -7.9119430000E-04   2.2204310000E-04   1.4929830000E-04   1.5845380000E-04  -1.9529600000E-04
   39     -6.6709960000E-04  -1.7774780000E-04   8.6126800000E-05  -8.4256720000E-04   8.8894700000E-05
   40     -2.3124950000E-04  -1.1158960000E-04   2.1167610000E-04  -4.2786700000E-05   3.1833300000E-05
   41      3.4795300000E-05  -5.0982000000E-06  -8.7225300000E-05  -1.5251010000E-03   3.8435410000E-04
   42     -7.0458930000E-04   1.5589190000E-04  -9.9143640000E-04  -1.1346329000E-03   8.5384800000E-04
   43     -3.1780400000E-05  -3.8950250000E-04   3.7925080000E-04  -2.0531730000E-04   1.6592440000E-04
   44      1.1474600000E-05   3.1866500000E-04  -5.5160960000E-04  -2.0778620000E-04   1.6145930000E-04
   45     -5.3581470000E-04   6.7874250000E-04   2.4993490000E-04  -2.9803920000E-04  -3.1781690000E-04
   46      4.1334900000E-05  -3.1092160000E-04   1.0420450000E-03   2.0957470000E-04  -3.4497270000E-04
   47     -5.5395300000E-04  -4.7155500000E-05   9.5610600000E-05   1.0011006000E-03  -2.0226610000E-04
                   25                 26                 27                 28                 29        
    0      4.6262148000E-03   4.6582590000E-03   1.1174133000E-03   1.2453412000E-03  -1.2780630000E-04
    1     -2.7333446000E-03  -5.0469406000E-03  -2.4389190000E-03   8.8640490000E-04   6.7201400000E-04
    2     -1.1541087000E-03   1.5447900000E-04  -1.4223130000E-04   2.1905140000E-04  -7.8740050000E-04
    3      1.0823607950E-01  -1.4972306000E-03   5.9209000000E-03   1.0626018000E-02   1.2491797000E-03
    4     -2.4454162650E-01   6.1449762000E-03  -1.0413291800E-02  -2.6942995600E-02  -1.2572349000E-03
    5      2.6054475000E-03  -3.2069501600E-02  -1.4110798000E-03  -2.2513760000E-03   3.3637260000E-04
    6      1.1146325000E-02  -1.9914358000E-03  -1.0346815980E-01   1.0838068780E-01   1.4311470200E-02
    7     -2.6658824200E-02  -8.0458980000E-04   1.0801754090E-01  -2.3409667290E-01  -2.7858733000E-02
    8     -9.2606870000E-04   6.0871130000E-04   1.3237599700E-02  -2.6257333800E-02  -3.9718912600E-02
    9      8.9195730000E-04   3.0419090000E-04  -2.1915646300E-02   4.2964972000E-03   1.2967792000E-03
   10      1.4465281000E-03  -5.4130180000E-04   2.6263854200E-02  -1.1734234000E-03  -3.4381950000E-04
   11     -4.0048930000E-04  -6.5641880000E-04   5.6442044000E-03  -5.3433320000E-04   7.7882460000E-04
   12     -2.4095190000E-04   4.1034030000E-04  -6.1901020000E-04   1.1344513000E-03  -8.3923330000E-04
   13     -1.6224926000E-03   1.1111488000E-03   9.5207550000E-04  -1.2820458000E-03   8.0182770000E-04
   14      3.2632760000E-04  -6.9845700000E-05  -5.3878100000E-04   8.6118420000E-04  -1.7887821000E-03
   15      1.0651225000E-03   1.0223160000E-04  -3.7033920000E-04  -3.9120970000E-04  -2.8264720000E-04
   16     -6.0842860000E-04   4.8082900000E-04  -9.5032000000E-06  -1.2508840000E-03  -2.4163100000E-04
   17      1.3167840000E-04  -4.8030560000E-04   3.3105190000E-04  -5.6326140000E-04   9.5724100000E-05
   18     -6.1326590000E-04  -4.1744300000E-04  -2.9664010000E-04   4.4388220000E-04   7.8930400000E-05
   19      8.4325850000E-04   1.1271460000E-04  -8.5451300000E-05   3.8556600000E-04  -2.4268390000E-04
   20     -2.7207400000E-05  -3.6439161000E-03   7.9466000000E-05  -1.5364490000E-04  -2.4879930000E-04
   21     -2.9558210000E-04   1.4213933000E-03  -4.7115650000E-04  -8.6972740000E-04  -3.7274800000E-05
   22      5.0636970000E-04   8.7243240000E-04  -4.6545150000E-04   1.3737550000E-04  -1.8052330000E-04
   23     -4.1652650000E-04   8.5004775000E-03  -9.2894900000E-05  -1.0930750000E-04   2.5474060000E-04
   24     -1.2141948600E-01  -4.0414801000E-03  -1.4429224000E-03  -2.7965304000E-03   3.2564750000E-04
   25      2.7455596590E-01  -6.3654670000E-04  -2.5355329000E-03  -3.5270490000E-03   1.3580300000E-05
   26     -6.3654670000E-04   2.3469215300E-02   3.5430930000E-04  -1.8649860000E-04   4.0750497000E-03
   27     -2.5355329000E-03   3.5430930000E-04   1.2475253070E-01  -1.2028169160E-01  -1.6509945200E-02
   28     -3.5270490000E-03  -1.8649860000E-04  -1.2028169160E-01   2.6315933620E-01   2.8597183200E-02
   29      1.3580300000E-05   4.0750497000E-03  -1.6509945200E-02   2.8597183200E-02   3.1813203300E-02
   30      3.3726420000E-04  -1.2819780000E-04   1.3505996000E-03  -7.4971340000E-04  -8.6686570000E-04
   31      2.6297370000E-04   3.6876760000E-04   9.1287530000E-04   8.4991810000E-04   7.3213000000E-06
   32      6.8703400000E-05  -4.1576560000E-04  -1.5802550000E-04   6.8276640000E-04  -4.6705792000E-03
   33     -6.0628990000E-04   9.0723000000E-05  -5.1753859000E-03  -5.8497780000E-04   1.6092589000E-03
   34      7.6395100000E-05   3.0946170000E-04   9.3911760000E-04   7.8162900000E-04  -1.8281367000E-03
   35      2.2868990000E-04   5.4048010000E-04  -7.7579890000E-04  -3.8776460000E-04   1.0625817300E-02
   36     -2.9407290000E-04   2.7544500000E-04   4.2104190000E-04  -1.0488010000E-04   2.8317000000E-06
   37      3.9956070000E-04  -6.1521560000E-04  -2.6544700000E-05   3.7625990000E-04   5.6423810000E-04
   38      2.0208110000E-04  -2.0214180000E-04   6.0417300000E-05   2.0662540000E-04   3.2239310000E-04
   39     -1.9100100000E-05   3.7850190000E-04   7.9914000000E-06   1.1116900000E-05  -6.0003400000E-05
   40      6.0271020000E-04  -5.9727880000E-04  -2.0790080000E-04   3.7152600000E-04   2.6312180000E-04
   41     -4.8686000000E-06  -2.3070440000E-04   6.0747900000E-05  -1.5296780000E-04  -1.7435560000E-04
   42     -6.9485400000E-05   9.7968600000E-05  -3.5559900000E-04  -3.0491770000E-04  -9.8413100000E-05
   43      3.5210800000E-04  -8.4269400000E-04  -2.3992870000E-04   2.3206120000E-04   8.3463910000E-04
   44     -4.9878640000E-04   8.2679040000E-04   1.8759330000E-04  -5.6766380000E-04  -1.0384495000E-03
   45     -2.0919610000E-04  -1.7575700000E-05   5.4438250000E-04  -5.4346600000E-05  -5.1908700000E-05
   46      6.4589570000E-04  -1.2926440000E-04  -3.8124790000E-04   1.0929939000E-03   1.9883670000E-04
   47      4.8809410000E-04  -4.0660380000E-04  -3.2663310000E-04   5.9734100000E-04   1.2515360000E-04
                   30                 31                 32                 33                 34        
    0     -1.0025105000E-03  -1.6031810000E-04  -5.9046450000E-04   5.3987990000E-04  -2.5213400000E-04
    1     -9.7635190000E-04  -4.4684940000E-04   1.6796900000E-04  -3.4347040000E-04  -2.3376910000E-04
    2     -7.8112400000E-04  -5.9672340000E-04  -1.0695067000E-03  -2.3895140000E-04   4.2708880000E-04
    3     -5.6691919000E-03  -1.5249142000E-03   1.3556543000E-03   1.5574298000E-03  -9.6849370000E-04
    4      6.3952970000E-04   6.7781700000E-04  -1.4710000000E-05   1.4039826000E-03   1.5270082000E-03
    5      2.5225235000E-03   3.6836690000E-04   1.1527765500E-02  -1.1322615000E-03   7.3283320000E-04
    6     -1.8120679000E-02  -1.1349562000E-03  -3.2253235000E-03  -1.9518134500E-02   4.9794103000E-03
    7     -2.6801092100E-02  -9.0033750000E-04  -7.5822280000E-04   2.6914101400E-02  -2.4815902000E-03
    8      3.5839300000E-05  -1.6875580000E-04   1.4786564000E-03   6.1567591000E-03  -5.1038990000E-04
    9     -1.2249905480E-01  -1.1584898320E-01   3.2043986500E-02  -1.2413972780E-01   1.0552907000E-01
   10     -1.1454741340E-01  -2.1316738270E-01   3.6165796100E-02   1.0820026180E-01  -1.8897452280E-01
   11      2.3452297600E-02   2.8317509700E-02  -4.2397513800E-02   4.8989678100E-02  -6.1944628300E-02
   12     -3.8265510000E-04  -1.9770400000E-04  -1.7608857000E-03  -7.8252220000E-04  -4.5950100000E-05
   13     -7.8367300000E-05  -1.4893818000E-03  -8.5717760000E-04   3.0872400000E-04  -1.4090048000E-03
   14      1.9241530000E-04   1.8652780000E-04   7.4336250000E-04   7.3360500000E-05  -8.2684500000E-05
   15      1.6567100000E-04   9.7249850000E-04  -2.9194670000E-04  -7.4088000000E-06   9.7324000000E-05
   16      2.2656100000E-04  -3.5554370000E-04  -4.3137610000E-04   2.6031200000E-05  -4.6103620000E-04
   17     -1.4614600000E-05  -1.7305970000E-04   8.2708010000E-04  -1.1417990000E-04  -1.7524320000E-04
   18     -9.9921320000E-04   1.5249920000E-04  -7.2610410000E-04   1.6572000000E-04   1.5157560000E-04
   19      4.9780100000E-05   2.5776620000E-04  -1.2178990000E-04  -3.8698290000E-04   2.7180420000E-04
   20      5.9068320000E-04   2.2757480000E-04  -1.3910231000E-03   5.2722260000E-04  -1.9330700000E-05
   21      1.3832630000E-04  -2.6590180000E-04  -3.4755780000E-04  -7.7030600000E-05  -3.7613100000E-04
   22      3.2707600000E-05   2.8386140000E-04  -3.0378300000E-05  -4.2596010000E-04   1.2748840000E-04
   23      4.6661320000E-04  -1.9278000000E-05   1.1696997000E-03   4.3756550000E-04  -5.1167700000E-05
   24     -3.3110300000E-04   2.5149700000E-05  -9.0079300000E-05  -1.4696700000E-05  -1.4731680000E-04
   25      3.3726420000E-04   2.6297370000E-04   6.8703400000E-05  -6.0628990000E-04   7.6395100000E-05
   26     -1.2819780000E-04   3.6876760000E-04  -4.1576560000E-04   9.0723000000E-05   3.0946170000E-04
   27      1.3505996000E-03   9.1287530000E-04  -1.5802550000E-04  -5.1753859000E-03   9.3911760000E-04
   28     -7.4971340000E-04   8.4991810000E-04   6.8276640000E-04  -5.8497780000E-04   7.8162900000E-04
   29     -8.6686570000E-04   7.3213000000E-06  -4.6705792000E-03   1.6092589000E-03  -1.8281367000E-03
   30      1.3798356680E-01   1.2961467700E-01  -2.5835261400E-02   7.6519521000E-03   1.2607010100E-02
   31      1.2961467700E-01   2.4660919470E-01  -2.7102567400E-02  -1.1881420100E-02  -3.6268867000E-02
   32     -2.5835261400E-02  -2.7102567400E-02   2.7403811500E-02  -2.3386418000E-03  -7.8714245000E-03
   33      7.6519521000E-03  -1.1881420100E-02  -2.3386418000E-03   1.3800577580E-01  -1.2189967030E-01
   34      1.2607010100E-02  -3.6268867000E-02  -7.8714245000E-03  -1.2189967030E-01   2.2361319440E-01
   35      3.3053210000E-04  -1.4787600000E-03   7.0092600000E-03  -5.4085325600E-02   7.1003861100E-02
   36      6.5392890000E-04  -5.6603090000E-04   4.7699130000E-04   4.1710530000E-04  -5.5378600000E-04
   37      9.9799300000E-05   8.4783320000E-04   1.3843280000E-04  -3.3686930000E-04   7.6003650000E-04
   38      5.9313000000E-06   1.0275000000E-06   3.0121170000E-04  -2.5951400000E-05   2.7002030000E-04
   39      1.2630990000E-04  -1.1238930000E-04   3.4334010000E-04   5.7116890000E-04  -1.2509730000E-04
   40     -6.9149700000E-05   8.8652030000E-04   1.6892300000E-05  -2.7691930000E-04   9.3545930000E-04
   41     -2.3695000000E-06   1.3412770000E-04  -2.4565930000E-04   8.0697800000E-05   2.6368590000E-04
   42     -3.0530400000E-05   6.1455140000E-04   7.6672990000E-04   6.8564280000E-04   6.9212830000E-04
   43     -5.6090580000E-04   1.0734871000E-03   1.7858080000E-04   1.9236910000E-04   1.1743978000E-03
   44      9.4600000000E-05  -3.5254200000E-04  -6.0562260000E-04   2.4525490000E-04  -5.6400890000E-04
   45      9.6458340000E-04  -5.9963340000E-04   3.7758840000E-04   1.2023190000E-04  -6.2705670000E-04
   46      1.7566460000E-04   8.7899020000E-04  -2.3149420000E-04  -3.0290990000E-04   5.6137710000E-04
   47     -6.3002600000E-05   2.8046280000E-04   3.3482290000E-04  -2.7520880000E-04   4.0063500000E-05
                   35                 36                 37                 38                 39        
    0     -1.3983830000E-04   5.6783820000E-04  -1.7676950000E-04   1.6947492000E-03  -5.1198800000E-05
    1     -3.8135850000E-04  -6.5401090000E-04   1.1005980000E-03  -4.5480831000E-03   2.0305040000E-03
    2     -4.0565100000E-05  -4.9856876000E-03   5.5132610000E-04  -1.5232963100E-02  -3.9862054000E-03
    3      4.3566660000E-04  -3.9205285000E-03   2.6504380000E-04  -7.6584837000E-03  -1.8107607000E-03
    4      3.5763620000E-04  -5.8880410000E-04  -1.0495885000E-03  -1.2317263000E-03  -1.9042832000E-03
    5     -5.8712182000E-03   2.2572504000E-03  -7.0504630000E-04   5.0714635000E-03   3.2838013000E-03
    6     -2.8314392000E-03   2.4855812000E-03  -4.7017780000E-04   5.5668277000E-03   1.6478955000E-03
    7     -1.1819842000E-03   1.8616590000E-03  -3.5335360000E-04   4.2479082000E-03   1.2653889000E-03
    8      4.6071310000E-04   2.1702860000E-04   9.3875070000E-04  -3.2830420000E-04   8.8193100000E-04
    9      5.7427124600E-02  -7.5281240000E-04   1.2849800000E-05  -2.1797938000E-03  -1.0018891000E-03
   10     -6.9627735500E-02   9.5281400000E-05  -9.2824020000E-04   6.2317820000E-04   3.1402210000E-04
   11     -6.2715724200E-02  -2.4069329000E-03  -2.1738110000E-04  -2.8208634000E-03  -1.5649000000E-03
   12     -1.4889976000E-03  -3.3282762300E-02  -7.9944903000E-03  -1.1718565800E-02  -8.4116719000E-03
   13      5.7296530000E-04   8.0117983000E-03   6.4131849000E-03  -7.1428452000E-03  -2.9238029000E-02
   14     -1.7436980000E-04   5.9674597000E-03   1.4557775000E-03   5.5917300000E-03  -1.2262419000E-03
   15     -7.2460380000E-04  -1.7019935220E-01   8.3168686300E-02   1.2588159920E-01  -3.9984824400E-02
   16      3.8845700000E-04   8.7814279900E-02  -9.0761651700E-02  -5.5971916700E-02  -2.3380247300E-02
   17      2.3560990000E-04   1.0502891230E-01  -5.5993642400E-02  -8.3505790500E-02   1.0744421100E-02
   18     -2.1450760000E-04   7.8356000000E-06  -3.0571230000E-04   5.3452600000E-05   2.6239270000E-04
   19     -4.5058100000E-05   2.3602630000E-04   2.6974020000E-04  -5.3280100000E-05  -2.3578100000E-05
   20      9.7260570000E-04  -6.6649460000E-04  -2.4987200000E-05  -7.9119430000E-04  -6.6709960000E-04
   21     -3.1408680000E-04   5.6414800000E-04   3.5542600000E-05   2.2204310000E-04  -1.7774780000E-04
   22      6.8440800000E-05   1.5536090000E-04   6.8589480000E-04   1.4929830000E-04   8.6126800000E-05
   23      2.8645370000E-04  -8.2284290000E-04   1.3214860000E-04   1.5845380000E-04  -8.4256720000E-04
   24      1.7739150000E-04  -8.3560400000E-05  -2.7575850000E-04  -1.9529600000E-04   8.8894700000E-05
   25      2.2868990000E-04  -2.9407290000E-04   3.9956070000E-04   2.0208110000E-04  -1.9100100000E-05
   26      5.4048010000E-04   2.7544500000E-04  -6.1521560000E-04  -2.0214180000E-04   3.7850190000E-04
   27     -7.7579890000E-04   4.2104190000E-04  -2.6544700000E-05   6.0417300000E-05   7.9914000000E-06
   28     -3.8776460000E-04  -1.0488010000E-04   3.7625990000E-04   2.0662540000E-04   1.1116900000E-05
   29      1.0625817300E-02   2.8317000000E-06   5.6423810000E-04   3.2239310000E-04  -6.0003400000E-05
   30      3.3053210000E-04   6.5392890000E-04   9.9799300000E-05   5.9313000000E-06   1.2630990000E-04
   31     -1.4787600000E-03  -5.6603090000E-04   8.4783320000E-04   1.0275000000E-06  -1.1238930000E-04
   32      7.0092600000E-03   4.7699130000E-04   1.3843280000E-04   3.0121170000E-04   3.4334010000E-04
   33     -5.4085325600E-02   4.1710530000E-04  -3.3686930000E-04  -2.5951400000E-05   5.7116890000E-04
   34      7.1003861100E-02  -5.5378600000E-04   7.6003650000E-04   2.7002030000E-04  -1.2509730000E-04
   35      4.8726182400E-02   5.3381130000E-04   1.9069810000E-04  -1.8356750000E-04   4.0663360000E-04
   36      5.3381130000E-04   2.0829641760E-01  -9.8808109600E-02  -1.0928571490E-01  -3.9263090000E-04
   37      1.9069810000E-04  -9.8808109600E-02   1.0961483750E-01   6.4985419900E-02   2.6681854300E-02
   38     -1.8356750000E-04  -1.0928571490E-01   6.4985419900E-02   8.8188484000E-02   5.5348840000E-04
