
$orca_hessian_file

$act_atom
  0

$act_coord
  0

$act_energy
      -21.810702

$multiplicity
  1

$hessian
48
                    0                  1                  2                  3                  4        
    0      7.2858067890E-01  -3.5383258000E-03  -1.4587469740E-01  -3.9791767000E-01   4.1759497600E-02
    1     -3.5383258000E-03   5.3783650750E-01  -2.1921780500E-02   1.8831535800E-02  -8.0328116500E-02
    2     -1.4587469740E-01  -2.1921780500E-02   8.8482770100E-02   9.0545815100E-02  -2.7574562800E-02
    3     -3.9791767000E-01   1.8831535800E-02   9.0545815100E-02   6.6692019380E-01  -2.8957150000E-02
    4      4.1759497600E-02  -8.0328116500E-02  -2.7574562800E-02  -2.8957150000E-02   5.9969134590E-01
    5      1.5054527870E-01  -2.8123773000E-03  -4.1412506600E-02  -1.3032891520E-01   4.3954583300E-02
    6     -5.4893461300E-02  -2.3744484000E-02   4.6917762200E-02  -8.3076765000E-02  -7.7973509900E-02
    7     -2.5433762300E-02   1.0504740000E-03   2.9828228000E-02  -8.2060633300E-02  -2.4709509590E-01
    8      5.3098284000E-03   8.8195972000E-03   4.0010130000E-03   2.1445300000E-03  -3.2413330000E-03
    9      7.7843534000E-03  -4.9863023000E-03  -1.2857712100E-02  -5.8834967600E-02  -2.9933034400E-02
   10     -3.4181628000E-03  -3.3589030000E-03   3.6470440000E-03  -2.6434540900E-02   2.4239800000E-04
   11      5.0165729000E-03  -4.1112375000E-03  -1.8691921600E-02  -2.9337952900E-02  -1.8614056400E-02
   12      3.8661781000E-03  -8.4249204000E-03  -5.5617539200E-02  -4.2447443700E-02  -1.9090613300E-02
   13      1.8751269000E-03  -4.0222690000E-03  -2.7138978400E-02  -2.1229298900E-02  -3.3475423000E-03
   14     -4.7127705000E-03   3.1606770000E-04   1.6561652000E-02   7.9047721000E-03   4.9169428000E-03
   15     -1.4272297300E-02   8.4617778000E-03   7.5310705500E-02   4.5421623000E-02   1.2250398700E-02
   16     -3.4715393000E-03  -1.0801306500E-02   2.5157002400E-02   1.5423478900E-02   5.5415762000E-03
   17     -8.5041406000E-03   1.4312910900E-02   6.3863350500E-02   5.7402525400E-02   1.2393563500E-02
   18     -1.4490492700E-01  -1.2402139310E-01   4.7276370000E-03  -1.7518644100E-02  -2.3236716100E-02
   19     -1.2360176300E-01  -2.0054706140E-01   3.0329391000E-03  -3.9134020000E-04   4.0249640000E-04
   20     -1.0565430000E-03  -1.7654472000E-03  -3.4815382700E-02   8.4203404000E-03   1.0938755800E-02
   21     -1.1028795480E-01   1.1256063920E-01  -2.0586791000E-03  -1.4119119600E-02   2.5685751700E-02
   22      1.1030594210E-01  -2.3610408260E-01   1.1676768700E-02   6.7834103000E-03  -5.2341500000E-03
   23     -9.8201031000E-03   1.7243120200E-02  -2.6066156800E-02   1.3179374000E-02  -1.0472475100E-02
   24     -1.7053390700E-02   2.6293024400E-02   1.6913613000E-03  -1.0038156550E-01   1.0743781390E-01
   25      4.1647783000E-03  -3.0809875000E-03  -1.3746941000E-03   1.0699785710E-01  -2.4468777390E-01
   26      7.7438347000E-03  -8.4647711000E-03  -2.7929791000E-03   2.0718597000E-03  -4.9325022000E-03
   27      9.6966200000E-04  -2.7018530000E-03  -1.6566890000E-04   6.2113663000E-03  -1.0425713200E-02
   28      1.3104816000E-03   5.9713820000E-04  -1.7162670000E-04   1.0711207700E-02  -2.7205024700E-02
   29      1.7749710000E-04   5.9899230000E-04  -1.5931733000E-03  -3.2234990000E-04  -3.6918553000E-03
   30     -6.9714940000E-04  -1.0661523000E-03  -6.0308790000E-04  -5.8874057000E-03   7.0500720000E-04
   31      1.2184000000E-06  -1.7772490000E-04  -6.9619180000E-04  -1.1956986000E-03   5.5954880000E-04
   32     -1.4973987000E-03  -8.1974690000E-04  -5.5324800000E-05  -3.4303040000E-04   5.4225960000E-04
   33      2.9557200000E-04  -1.1924250000E-04  -1.1100140000E-04   1.2260942000E-03   1.7351067000E-03
   34     -3.1159980000E-04  -2.7057360000E-04   2.9434120000E-04  -1.5349659000E-03   1.4476260000E-03
   35      1.0983080000E-04   4.7129200000E-05   3.2190180000E-04   9.9595920000E-04   6.4777210000E-04
   36      6.5118670000E-04  -2.5639630000E-04  -4.2943096000E-03  -2.3809575000E-03  -5.2857550000E-04
   37      2.2775440000E-04   8.8218520000E-04   3.1148950000E-04   3.8453020000E-04  -5.1705690000E-04
   38      2.3120629000E-03  -5.0038009000E-03  -1.8742786400E-02  -7.2298430000E-03  -1.7936559000E-03
   39     -1.2986320000E-04   2.2096698000E-03  -4.1934949000E-03  -1.1874010000E-03  -1.3967078000E-03
   40      6.2271030000E-04  -6.5255660000E-04   2.4162406000E-03   4.9559690000E-04   2.7653750000E-04
   41     -1.9597967000E-03   6.1503702000E-03  -1.5476113400E-02  -5.4010195000E-03   3.1382450000E-04
   42     -1.4021388000E-03   2.8752520000E-04   4.6976673000E-03   2.6074270000E-03   1.1433072000E-03
   43     -6.3743320000E-04  -2.6479600000E-05   1.5896738000E-03   1.2459865000E-03   5.4558170000E-04
   44      1.7047027000E-03  -1.8721419000E-03  -1.0202652000E-02  -6.8797458000E-03  -3.1870858000E-03
   45     -5.8877840000E-04   2.1489740000E-04   1.8852422000E-03   1.3652354000E-03   8.2513730000E-04
   46      1.4507650000E-04  -9.9624370000E-04   9.2410710000E-04   9.3002450000E-04  -2.9235040000E-04
   47      5.0584170000E-04  -7.1688440000E-04  -3.3816909000E-03  -2.8223194000E-03  -2.0017520000E-04
                    5                  6                  7                  8                  9        
    0      1.5054527870E-01  -5.4893461300E-02  -2.5433762300E-02   5.3098284000E-03   7.7843534000E-03
    1     -2.8123773000E-03  -2.3744484000E-02   1.0504740000E-03   8.8195972000E-03  -4.9863023000E-03
    2     -4.1412506600E-02   4.6917762200E-02   2.9828228000E-02   4.0010130000E-03  -1.2857712100E-02
    3     -1.3032891520E-01  -8.3076765000E-02  -8.2060633300E-02   2.1445300000E-03  -5.8834967600E-02
    4      4.3954583300E-02  -7.7973509900E-02  -2.4709509590E-01  -3.2413330000E-03  -2.9933034400E-02
    5      1.8485102070E-01  -1.4405609500E-02  -1.6051522100E-02  -3.9282485100E-02   3.6030950000E-03
    6     -1.4405609500E-02   7.6606806440E-01  -2.1569928900E-02   2.4001715500E-02  -4.8218675400E-01
    7     -1.6051522100E-02  -2.1569928900E-02   5.9083284810E-01   1.8174226900E-02   3.4692192900E-02
    8     -3.9282485100E-02   2.4001715500E-02   1.8174226900E-02   1.2428149330E-01  -6.0201527500E-02
    9      3.6030950000E-03  -4.8218675400E-01   3.4692192900E-02  -6.0201527500E-02   7.9982168120E-01
   10     -2.8587343000E-03   7.6700668000E-03  -7.8467223100E-02  -8.4629417000E-03   2.9149264000E-03
   11      6.1043227000E-03  -2.6061169300E-02   1.1923589300E-02  -1.5231228400E-02   2.6080253600E-02
   12      9.8670246000E-03   3.0288254500E-02   1.5554948700E-02   1.9384330300E-02  -9.6123044000E-03
   13      7.3488275000E-03   1.0440946900E-02   7.1431060000E-03   5.8941036000E-03  -2.9590767000E-03
   14     -2.2970490100E-02  -2.7877955700E-02  -9.7219451000E-03  -2.0791088400E-02   6.8998897000E-03
   15     -3.2952105100E-02  -3.5902722600E-02  -2.1787224400E-02  -3.4123120000E-04   9.6862511000E-03
   16     -1.1602307100E-02  -1.3187569500E-02  -5.4987377000E-03  -7.0586150000E-04   2.5330587000E-03
   17     -6.0270929900E-02  -2.1650756100E-02  -1.6696341800E-02  -2.1018203300E-02   4.4442550000E-03
   18      2.1191336000E-03  -5.4358997000E-03   2.3762250000E-04   4.0324518000E-03  -4.4773870000E-04
   19      5.7421910000E-04  -1.0724175000E-03   5.5908790000E-04  -6.1431600000E-05  -1.2259520000E-04
   20     -1.7060269000E-03   4.1030089000E-03  -1.7369946000E-03   8.3215730000E-03   1.0458608000E-03
   21     -1.3855850000E-04  -4.3344740000E-04   1.6294193000E-03  -9.5884700000E-04   6.2552960000E-04
   22     -1.8473129000E-03  -2.3882840000E-03   1.2281515000E-03   3.0809310000E-04  -2.6902490000E-04
   23     -3.4338343000E-03  -3.9145784000E-03  -1.6366083000E-03  -4.7846764000E-03   3.2858110000E-04
   24      8.0135735000E-03   6.7970888000E-03  -1.1622500600E-02  -6.6987170000E-04   1.4149848000E-03
   25     -9.7668292000E-03   1.0864403300E-02  -2.6787766400E-02  -2.0462514000E-03   1.1427636000E-03
   26     -3.1495959700E-02   1.1320190000E-04  -8.1658000000E-06   4.9934320000E-04  -1.5642720000E-04
   27     -8.1024070000E-04  -1.0369676310E-01   1.0773161730E-01   8.8546825000E-03  -2.0983302500E-02
   28     -1.8598252000E-03   1.0817212740E-01  -2.3543493880E-01  -1.8166846600E-02   4.5917277000E-03
   29      6.7375370000E-04   1.3119985400E-02  -1.9152433400E-02  -3.8237429100E-02  -2.7437572000E-03
   30     -2.9719780000E-04  -1.8460799200E-02  -2.6052374500E-02  -3.0920520000E-03  -1.2692696060E-01
   31      7.8283300000E-05  -1.1641077000E-03  -4.3873560000E-04  -3.6888590000E-04  -1.2237815000E-01
   32      1.0887643100E-02  -4.0870222000E-03  -4.7799663000E-03  -3.7913180000E-04   8.0239458000E-03
   33      4.2587500000E-05  -1.9136522500E-02   2.7587110200E-02   3.2885735000E-03  -1.1966526660E-01
   34      6.6564290000E-04   5.9202355000E-03  -3.5526428000E-03   1.4124200000E-05   1.1358860160E-01
   35     -5.5427210000E-03  -4.7111371000E-03   3.4948188000E-03   3.7574340000E-04   2.8870540500E-02
   36      1.1578593000E-03   1.7331442000E-03   1.2806841000E-03  -1.1800940000E-04  -6.4333430000E-04
   37     -6.1148620000E-04  -5.5680620000E-04  -3.5105140000E-04   4.6090280000E-04  -1.1056170000E-04
   38      4.1960235000E-03   5.5519052000E-03   3.7400710000E-03   2.7430700000E-04  -2.0009285000E-03
   39      1.8614802000E-03   1.0522164000E-03   8.3423270000E-04   2.2665860000E-04  -7.9655210000E-04
   40     -2.9177880000E-04  -2.4610450000E-04  -6.2545490000E-04  -3.2170500000E-05   1.3761740000E-04
   41      1.4396431000E-03   3.9651338000E-03   1.3174209000E-03   3.1644710000E-04  -7.5549890000E-04
   42      1.0679694000E-03  -1.8267053000E-03  -4.3588720000E-04  -1.0336563000E-03   5.3942380000E-04
   43     -3.4917870000E-04  -8.7866550000E-04  -4.4156940000E-04  -6.7593100000E-05   7.0036400000E-05
   44      3.9489390000E-04   4.2142993000E-03   1.5911501000E-03   2.1525739000E-03  -1.0862853000E-03
   45      6.5462500000E-04  -8.8892820000E-04  -5.8551650000E-04  -8.2757530000E-04   2.2495700000E-04
   46     -4.5702042000E-03  -2.8590210000E-04  -2.1204513000E-03  -5.1773260000E-04   1.0878205000E-03
   47     -2.4323472000E-03   7.2121610000E-04  -2.8552770000E-04  -4.9825160000E-04   5.0571520000E-04
                   10                 11                 12                 13                 14        
    0     -3.4181628000E-03   5.0165729000E-03   3.8661781000E-03   1.8751269000E-03  -4.7127705000E-03
    1     -3.3589030000E-03  -4.1112375000E-03  -8.4249204000E-03  -4.0222690000E-03   3.1606770000E-04
    2      3.6470440000E-03  -1.8691921600E-02  -5.5617539200E-02  -2.7138978400E-02   1.6561652000E-02
    3     -2.6434540900E-02  -2.9337952900E-02  -4.2447443700E-02  -2.1229298900E-02   7.9047721000E-03
    4      2.4239800000E-04  -1.8614056400E-02  -1.9090613300E-02  -3.3475423000E-03   4.9169428000E-03
    5     -2.8587343000E-03   6.1043227000E-03   9.8670246000E-03   7.3488275000E-03  -2.2970490100E-02
    6      7.6700668000E-03  -2.6061169300E-02   3.0288254500E-02   1.0440946900E-02  -2.7877955700E-02
    7     -7.8467223100E-02   1.1923589300E-02   1.5554948700E-02   7.1431060000E-03  -9.7219451000E-03
    8     -8.4629417000E-03  -1.5231228400E-02   1.9384330300E-02   5.8941036000E-03  -2.0791088400E-02
    9      2.9149264000E-03   2.6080253600E-02  -9.6123044000E-03  -2.9590767000E-03   6.8998897000E-03
   10      5.3572806810E-01   4.4502548800E-02   4.1083631000E-03  -3.7499511000E-03  -2.2760301000E-03
   11      4.4502548800E-02   8.9271507200E-02  -2.3719173500E-02  -6.8611745000E-03   6.3884741000E-03
   12      4.1083631000E-03  -2.3719173500E-02   5.5961359700E-01   1.3401976500E-02   1.8676595260E-01
   13     -3.7499511000E-03  -6.8611745000E-03   1.3401976500E-02   3.2525659020E-01  -7.2753407000E-03
   14     -2.2760301000E-03   6.3884741000E-03   1.8676595260E-01  -7.2753407000E-03   2.0021983430E-01
   15     -3.5327750000E-03   1.8719400000E-02  -2.9309369650E-01  -8.3902568700E-02  -4.4420146400E-02
   16     -2.2338526000E-03   7.2495377000E-03  -1.0233929500E-01  -1.1123287360E-01  -1.9161931300E-02
   17     -2.8516736000E-03   1.6206566700E-02   4.1193284200E-02   1.4938685300E-02  -5.3625279800E-02
   18     -9.1370710000E-04   2.4012860000E-04  -1.1328710000E-04  -2.0034800000E-04  -3.2327200000E-04
   19      4.1256200000E-05   1.6966220000E-04   5.1767420000E-04  -6.5990300000E-05   2.9379510000E-04
   20      9.8245930000E-04  -5.9090400000E-05   1.4680230000E-04   5.4017400000E-04  -1.0322342000E-03
   21     -1.9486100000E-04   5.1066330000E-04   6.2891420000E-04   8.4629600000E-04  -5.3442810000E-04
   22     -9.9998300000E-05  -1.5490820000E-04   7.3887500000E-05  -1.2199000000E-06   8.4283900000E-05
   23     -3.8527830000E-04   9.1654980000E-04   3.0613760000E-03   1.0400356000E-03  -5.1541590000E-04
   24     -1.5517945000E-03  -3.1966550000E-04  -7.8930160000E-04  -1.1678410000E-04  -1.4315250000E-04
   25      1.0492442000E-03   4.9718200000E-05  -1.4379800000E-04  -1.5251844000E-03   3.9854560000E-04
   26      4.6284000000E-05  -1.4117717000E-03  -2.9718150000E-04   2.9445020000E-04   1.3453590000E-04
   27      2.7071165700E-02   2.6662497000E-03  -4.4399170000E-04   9.5191910000E-04  -3.4665410000E-04
   28     -2.3071962000E-03   7.2403900000E-05   1.0201706000E-03  -1.2361301000E-03   3.6835540000E-04
   29      2.2666475000E-03   8.0236900000E-05  -1.1387315000E-03   1.9469030000E-04  -4.6323630000E-04
   30     -1.2100505980E-01   2.4799173000E-03  -3.2990510000E-04  -3.8525570000E-04  -3.9309900000E-05
   31     -2.2436208390E-01   7.0656320000E-04  -3.0169520000E-04  -1.5080116000E-03   3.7597200000E-04
   32      6.4182202000E-03  -3.3096557300E-02  -7.3910450000E-04   2.7235010000E-04   1.3431512000E-03
   33      1.1483254380E-01   2.3892497600E-02  -6.8730680000E-04   4.9973340000E-04   2.7073200000E-05
   34     -2.2114614840E-01  -3.6373085900E-02  -1.3973730000E-04  -1.2129395000E-03  -3.1803810000E-04
   35     -4.1601648900E-02  -3.9746247300E-02  -3.5205630000E-04  -6.7975900000E-05  -1.5253380000E-04
   36      1.8257400000E-04  -1.8117069000E-03  -3.1993218000E-02   8.0730089000E-03   5.0865782000E-03
   37     -5.7359930000E-04   3.6636800000E-05  -8.4487637000E-03   6.8854188000E-03   1.7246739000E-03
   38      6.6833220000E-04  -3.0727391000E-03  -1.2820368800E-02  -7.1760493000E-03   4.3164505000E-03
   39      2.5551300000E-05  -9.7676400000E-04  -6.0843979000E-03  -2.8477435800E-02  -5.8494600000E-05
   40     -1.7088150000E-04  -8.4850500000E-05  -4.5913824000E-03  -1.7228702800E-02  -1.2380431000E-03
   41      3.8031570000E-04  -2.5172600000E-03  -7.7646613000E-03  -3.2684948000E-03   1.3141911000E-03
   42     -2.3979390000E-04   1.6328415000E-03  -1.8561164230E-01   9.4349155600E-02  -1.2454188230E-01
   43      1.2090200000E-04   8.8942220000E-04   1.0095595520E-01  -7.3642846000E-02   6.7851874100E-02
   44      1.3515220000E-03  -3.9161426000E-03  -1.5184995200E-01   6.9942346600E-02  -9.9480632100E-02
   45      4.8550390000E-04   9.8790750000E-04  -2.3190448700E-02   6.8326045000E-03  -3.6861996000E-03
   46     -7.1203110000E-04   5.9923060000E-04   7.8472295000E-03  -1.2051145430E-01  -3.6339182000E-02
   47     -1.8270666000E-03  -1.2246989000E-03  -6.1200013000E-03  -4.8677649500E-02  -3.1247378500E-02
                   15                 16                 17                 18                 19        
    0     -1.4272297300E-02  -3.4715393000E-03  -8.5041406000E-03  -1.4490492700E-01  -1.2360176300E-01
    1      8.4617778000E-03  -1.0801306500E-02   1.4312910900E-02  -1.2402139310E-01  -2.0054706140E-01
    2      7.5310705500E-02   2.5157002400E-02   6.3863350500E-02   4.7276370000E-03   3.0329391000E-03
    3      4.5421623000E-02   1.5423478900E-02   5.7402525400E-02  -1.7518644100E-02  -3.9134020000E-04
    4      1.2250398700E-02   5.5415762000E-03   1.2393563500E-02  -2.3236716100E-02   4.0249640000E-04
    5     -3.2952105100E-02  -1.1602307100E-02  -6.0270929900E-02   2.1191336000E-03   5.7421910000E-04
    6     -3.5902722600E-02  -1.3187569500E-02  -2.1650756100E-02  -5.4358997000E-03  -1.0724175000E-03
    7     -2.1787224400E-02  -5.4987377000E-03  -1.6696341800E-02   2.3762250000E-04   5.5908790000E-04
    8     -3.4123120000E-04  -7.0586150000E-04  -2.1018203300E-02   4.0324518000E-03  -6.1431600000E-05
    9      9.6862511000E-03   2.5330587000E-03   4.4442550000E-03  -4.4773870000E-04  -1.2259520000E-04
   10     -3.5327750000E-03  -2.2338526000E-03  -2.8516736000E-03  -9.1370710000E-04   4.1256200000E-05
   11      1.8719400000E-02   7.2495377000E-03   1.6206566700E-02   2.4012860000E-04   1.6966220000E-04
   12     -2.9309369650E-01  -1.0233929500E-01   4.1193284200E-02  -1.1328710000E-04   5.1767420000E-04
   13     -8.3902568700E-02  -1.1123287360E-01   1.4938685300E-02  -2.0034800000E-04  -6.5990300000E-05
   14     -4.4420146400E-02  -1.9161931300E-02  -5.3625279800E-02  -3.2327200000E-04   2.9379510000E-04
   15      5.6308947130E-01   3.2984556200E-02  -1.5269282980E-01  -1.2270353000E-03   1.9489300000E-05
   16      3.2984556200E-02   5.4675145690E-01   1.0489185800E-02  -1.5841186000E-03  -4.8268600000E-04
   17     -1.5269282980E-01   1.0489185800E-02   1.3774599250E-01  -5.7220580000E-04  -2.0814610000E-04
   18     -1.2270353000E-03  -1.5841186000E-03  -5.7220580000E-04   1.6165712600E-01   1.3963899790E-01
   19      1.9489300000E-05  -4.8268600000E-04  -2.0814610000E-04   1.3963899790E-01   2.2585249110E-01
   20     -3.0741391000E-03  -3.3980632000E-03   4.1030730000E-04  -8.1905799000E-03  -5.4853050000E-03
   21     -2.8648359000E-03   1.4683946000E-03  -3.0284708000E-03   7.3681803000E-03  -1.5436836500E-02
   22      1.0053460000E-04  -2.9059020000E-04   1.2763150000E-04   9.9846629000E-03  -2.9162371500E-02
   23     -6.6704700000E-03   2.8372349000E-03  -7.8605949000E-03   3.2851400000E-05   1.7375680000E-03
   24     -1.6813900000E-05   4.5511810000E-04   3.0231210000E-04   9.2176140000E-04   7.7442310000E-04
   25      7.4642720000E-04  -3.9309060000E-04   8.8810600000E-05  -5.5561370000E-04   9.3743040000E-04
   26      7.0919900000E-04   6.2156620000E-04   1.1076128000E-03  -9.6807850000E-04   5.2561700000E-05
   27     -3.7169550000E-04  -1.3380300000E-05   8.7918200000E-05  -1.5660430000E-04   3.1745500000E-05
   28     -3.3893240000E-04  -9.4327090000E-04  -4.4505370000E-04   3.9079350000E-04   5.4016540000E-04
   29      3.4299450000E-04  -1.9721540000E-04   3.2016080000E-04   5.1686100000E-05  -7.6346000000E-05
   30      2.1883470000E-04   1.1572000000E-04   1.6411930000E-04  -4.7343460000E-04  -1.7548700000E-05
   31      8.5451100000E-04  -2.6105500000E-05  -1.3796500000E-05   1.1122570000E-04   2.1682100000E-04
   32     -4.4543100000E-05  -3.2996790000E-04  -1.7587660000E-04  -1.0073746000E-03  -1.2902670000E-04
   33     -4.4703400000E-05   6.8119700000E-05   6.6351000000E-05   1.4870280000E-04  -2.0755460000E-04
   34      1.4409400000E-04  -6.1295200000E-05  -7.1766100000E-05  -1.8845500000E-05   2.2715970000E-04
   35     -5.9502420000E-04   1.2614150000E-04  -1.7283780000E-04   4.3343900000E-05  -6.5619200000E-05
   36     -1.9366005790E-01   9.8164162300E-02   9.5264207800E-02  -2.0128000000E-06   7.5002800000E-05
   37      9.4140026400E-02  -9.8208804400E-02  -5.0890242600E-02  -1.2338740000E-04  -2.0091400000E-05
   38      1.1517203620E-01  -4.8969470700E-02  -6.2945600200E-02  -4.1477100000E-05  -9.9682600000E-05
   39     -3.9765814200E-02  -8.0835353000E-03   8.1286332000E-03  -1.5167200000E-04   9.5681400000E-05
   40     -9.7433926000E-03  -2.9471797800E-01   2.9611002000E-02  -3.1267500000E-05   5.6399210000E-04
   41      1.6277286300E-02   3.8154509000E-02  -2.4516986800E-02  -3.7412720000E-04   2.9791160000E-04
   42     -3.2834129900E-02   5.2809391000E-03  -1.1666304500E-02   4.4387550000E-04  -5.2430850000E-04
   43     -1.1751859300E-02   2.4562155000E-03  -3.0501858000E-03   1.4060410000E-04   2.0025900000E-04
   44      1.4503823500E-02   8.2723844000E-03   8.7081980000E-03   1.8103770000E-04  -8.7431100000E-05
   45     -4.3623777000E-03  -2.7814109600E-02  -8.9388984000E-03  -1.0839050000E-04   2.2135020000E-04
   46     -1.8645062800E-02  -2.9858657400E-02  -7.7345833000E-03   1.8149050000E-04   7.3704150000E-04
   47     -2.4495590000E-04  -8.5427447000E-03   2.2241208000E-03   4.8845100000E-05   5.4331500000E-05
                   20                 21                 22                 23                 24        
    0     -1.0565430000E-03  -1.1028795480E-01   1.1030594210E-01  -9.8201031000E-03  -1.7053390700E-02
    1     -1.7654472000E-03   1.1256063920E-01  -2.3610408260E-01   1.7243120200E-02   2.6293024400E-02
    2     -3.4815382700E-02  -2.0586791000E-03   1.1676768700E-02  -2.6066156800E-02   1.6913613000E-03
    3      8.4203404000E-03  -1.4119119600E-02   6.7834103000E-03   1.3179374000E-02  -1.0038156550E-01
    4      1.0938755800E-02   2.5685751700E-02  -5.2341500000E-03  -1.0472475100E-02   1.0743781390E-01
    5     -1.7060269000E-03  -1.3855850000E-04  -1.8473129000E-03  -3.4338343000E-03   8.0135735000E-03
    6      4.1030089000E-03  -4.3344740000E-04  -2.3882840000E-03  -3.9145784000E-03   6.7970888000E-03
    7     -1.7369946000E-03   1.6294193000E-03   1.2281515000E-03  -1.6366083000E-03  -1.1622500600E-02
    8      8.3215730000E-03  -9.5884700000E-04   3.0809310000E-04  -4.7846764000E-03  -6.6987170000E-04
    9      1.0458608000E-03   6.2552960000E-04  -2.6902490000E-04   3.2858110000E-04   1.4149848000E-03
   10      9.8245930000E-04  -1.9486100000E-04  -9.9998300000E-05  -3.8527830000E-04  -1.5517945000E-03
   11     -5.9090400000E-05   5.1066330000E-04  -1.5490820000E-04   9.1654980000E-04  -3.1966550000E-04
   12      1.4680230000E-04   6.2891420000E-04   7.3887500000E-05   3.0613760000E-03  -7.8930160000E-04
   13      5.4017400000E-04   8.4629600000E-04  -1.2199000000E-06   1.0400356000E-03  -1.1678410000E-04
   14     -1.0322342000E-03  -5.3442810000E-04   8.4283900000E-05  -5.1541590000E-04  -1.4315250000E-04
   15     -3.0741391000E-03  -2.8648359000E-03   1.0053460000E-04  -6.6704700000E-03  -1.6813900000E-05
   16     -3.3980632000E-03   1.4683946000E-03  -2.9059020000E-04   2.8372349000E-03   4.5511810000E-04
   17      4.1030730000E-04  -3.0284708000E-03   1.2763150000E-04  -7.8605949000E-03   3.0231210000E-04
   18     -8.1905799000E-03   7.3681803000E-03   9.9846629000E-03   3.2851400000E-05   9.2176140000E-04
   19     -5.4853050000E-03  -1.5436836500E-02  -2.9162371500E-02   1.7375680000E-03   7.7442310000E-04
   20      2.9646457200E-02   1.0096055000E-03   6.3396930000E-04   3.4976132000E-03  -1.2939383000E-03
   21      1.0096055000E-03   1.2270542960E-01  -1.2415525430E-01   1.4392490000E-03  -3.8149176000E-03
   22      6.3396930000E-04  -1.2415525430E-01   2.6680589270E-01  -1.0730787200E-02   9.7735540000E-04
   23      3.4976132000E-03   1.4392490000E-03  -1.0730787200E-02   3.0875242100E-02   4.9356113000E-03
   24     -1.2939383000E-03  -3.8149176000E-03   9.7735540000E-04   4.9356113000E-03   1.1457180470E-01
   25      2.4982550000E-04  -2.3580020000E-04   7.0107220000E-04  -4.9240610000E-04  -1.1941417240E-01
   26     -2.9806710000E-03   3.4432794000E-03   7.6130600000E-05   7.2744272000E-03  -1.3284350800E-02
   27      9.6588400000E-05  -8.1837850000E-04  -4.8190130000E-04  -6.8612200000E-05  -1.5138482000E-03
   28     -3.4248840000E-04  -1.1346360000E-03   2.8452530000E-04   1.7769660000E-04  -2.7772937000E-03
   29     -1.8684160000E-04   1.4540430000E-04   1.2564340000E-04   2.8663600000E-04   5.1981100000E-04
   30      8.4364700000E-04   1.2688330000E-04  -6.1324300000E-05   1.0626690000E-04  -2.0695210000E-04
   31      2.4504960000E-04  -1.1941790000E-04   2.1896510000E-04  -4.3154000000E-06   1.1786220000E-04
   32     -9.2859430000E-04  -7.6171500000E-05  -2.5919200000E-05   7.3935170000E-04  -4.0655500000E-05
   33      2.2041930000E-04   1.5747290000E-04  -3.2147130000E-04   1.4544540000E-04  -2.9152750000E-04
   34     -5.2956000000E-06  -2.7786430000E-04   5.1775000000E-05  -6.0329700000E-05  -1.3910420000E-04
   35      5.8318610000E-04  -8.2952000000E-05   7.2919600000E-05   2.1220460000E-04   2.4368970000E-04
   36     -4.2969020000E-04   5.2016240000E-04  -9.8571100000E-05  -1.2101368000E-03   1.4651100000E-05
   37     -1.3442780000E-04  -1.6715300000E-05   7.3853390000E-04   6.5353790000E-04  -2.8093780000E-04
   38     -4.6190670000E-04   1.9815170000E-04   1.8573700000E-05  -5.4974890000E-04  -2.5417500000E-04
   39     -8.3235780000E-04  -1.8443380000E-04   1.0731700000E-05  -4.7762300000E-04  -2.0675700000E-05
   40     -4.5072910000E-04  -1.2782510000E-04   1.6446150000E-04  -4.9109800000E-05  -5.7467100000E-05
   41     -6.8688700000E-05  -2.5119750000E-04  -1.1186980000E-04  -1.1826007000E-03   2.8468050000E-04
   42     -6.1589990000E-04   3.0806300000E-05  -6.1377030000E-04  -8.7181200000E-04   5.6687920000E-04
   43     -2.2079440000E-04  -2.1431430000E-04   9.6602400000E-05  -4.8364300000E-05   7.5541900000E-05
   44     -8.8000000000E-06   3.6977500000E-04  -3.1067260000E-04   1.1501070000E-04   1.1604530000E-04
   45     -3.9312440000E-04   3.5970870000E-04   1.5307700000E-04  -1.9541970000E-04  -1.9817720000E-04
   46     -5.0688300000E-05  -2.7697590000E-04   6.0243290000E-04   1.9048110000E-04  -1.7108460000E-04
   47     -2.1090010000E-04   1.3176400000E-05   5.7456100000E-05   4.7599260000E-04  -1.0127540000E-04
                   25                 26                 27                 28                 29        
    0      4.1647783000E-03   7.7438347000E-03   9.6966200000E-04   1.3104816000E-03   1.7749710000E-04
    1     -3.0809875000E-03  -8.4647711000E-03  -2.7018530000E-03   5.9713820000E-04   5.9899230000E-04
    2     -1.3746941000E-03  -2.7929791000E-03  -1.6566890000E-04  -1.7162670000E-04  -1.5931733000E-03
    3      1.0699785710E-01   2.0718597000E-03   6.2113663000E-03   1.0711207700E-02  -3.2234990000E-04
    4     -2.4468777390E-01  -4.9325022000E-03  -1.0425713200E-02  -2.7205024700E-02  -3.6918553000E-03
    5     -9.7668292000E-03  -3.1495959700E-02  -8.1024070000E-04  -1.8598252000E-03   6.7375370000E-04
    6      1.0864403300E-02   1.1320190000E-04  -1.0369676310E-01   1.0817212740E-01   1.3119985400E-02
    7     -2.6787766400E-02  -8.1658000000E-06   1.0773161730E-01  -2.3543493880E-01  -1.9152433400E-02
    8     -2.0462514000E-03   4.9934320000E-04   8.8546825000E-03  -1.8166846600E-02  -3.8237429100E-02
    9      1.1427636000E-03  -1.5642720000E-04  -2.0983302500E-02   4.5917277000E-03  -2.7437572000E-03
   10      1.0492442000E-03   4.6284000000E-05   2.7071165700E-02  -2.3071962000E-03   2.2666475000E-03
   11      4.9718200000E-05  -1.4117717000E-03   2.6662497000E-03   7.2403900000E-05   8.0236900000E-05
   12     -1.4379800000E-04  -2.9718150000E-04  -4.4399170000E-04   1.0201706000E-03  -1.1387315000E-03
   13     -1.5251844000E-03   2.9445020000E-04   9.5191910000E-04  -1.2361301000E-03   1.9469030000E-04
   14      3.9854560000E-04   1.3453590000E-04  -3.4665410000E-04   3.6835540000E-04  -4.6323630000E-04
   15      7.4642720000E-04   7.0919900000E-04  -3.7169550000E-04  -3.3893240000E-04   3.4299450000E-04
   16     -3.9309060000E-04   6.2156620000E-04  -1.3380300000E-05  -9.4327090000E-04  -1.9721540000E-04
   17      8.8810600000E-05   1.1076128000E-03   8.7918200000E-05  -4.4505370000E-04   3.2016080000E-04
   18     -5.5561370000E-04  -9.6807850000E-04  -1.5660430000E-04   3.9079350000E-04   5.1686100000E-05
   19      9.3743040000E-04   5.2561700000E-05   3.1745500000E-05   5.4016540000E-04  -7.6346000000E-05
   20      2.4982550000E-04  -2.9806710000E-03   9.6588400000E-05  -3.4248840000E-04  -1.8684160000E-04
   21     -2.3580020000E-04   3.4432794000E-03  -8.1837850000E-04  -1.1346360000E-03   1.4540430000E-04
   22      7.0107220000E-04   7.6130600000E-05  -4.8190130000E-04   2.8452530000E-04   1.2564340000E-04
   23     -4.9240610000E-04   7.2744272000E-03  -6.8612200000E-05   1.7769660000E-04   2.8663600000E-04
   24     -1.1941417240E-01  -1.3284350800E-02  -1.5138482000E-03  -2.7772937000E-03   5.1981100000E-04
   25      2.7506034310E-01   1.3129107800E-02  -2.5678747000E-03  -3.5414975000E-03  -6.4312800000E-04
   26      1.3129107800E-02   2.5081827300E-02   1.9865520000E-04   2.1657300000E-05   4.6437254000E-03
   27     -2.5678747000E-03   1.9865520000E-04   1.2444582320E-01  -1.2043656100E-01  -8.9796420000E-03
   28     -3.5414975000E-03   2.1657300000E-05  -1.2043656100E-01   2.6544409710E-01   2.0449498000E-02
   29     -6.4312800000E-04   4.6437254000E-03  -8.9796420000E-03   2.0449498000E-02   2.9198829300E-02
   30      3.3130100000E-04  -3.5017300000E-05   1.0501597000E-03  -8.4531630000E-04   4.5881600000E-05
   31      4.2401170000E-04   1.6649360000E-04   8.8417330000E-04   9.7658280000E-04   1.2869970000E-04
   32      3.0568010000E-04  -2.6260780000E-04   5.8545050000E-04   5.1521440000E-04  -4.2554896000E-03
   33     -8.9066400000E-04  -1.9096300000E-05  -5.0721382000E-03  -2.4220310000E-04  -1.0020538000E-03
   34      2.7988890000E-04   1.4685380000E-04   8.0481460000E-04   9.9839410000E-04  -1.1825850000E-03
   35     -2.1348600000E-05   3.5161570000E-04  -2.2306027000E-03  -7.6087240000E-04   1.0383550600E-02
   36     -2.3721520000E-04   2.5614160000E-04   2.6096430000E-04  -1.1552820000E-04  -3.9198100000E-05
   37      2.7934790000E-04  -4.4388150000E-04  -4.9841500000E-05   2.7428890000E-04   3.9211110000E-04
   38      1.7348080000E-04   5.1260000000E-07   7.7804500000E-05   1.8679670000E-04   3.0630100000E-05
   39      7.6319000000E-06   1.8148380000E-04  -4.6865300000E-05   3.3507600000E-05  -3.1796800000E-05
   40      4.4259100000E-04  -2.2444970000E-04  -1.0655110000E-04   2.3021010000E-04   7.1712400000E-05
   41     -6.4451700000E-05  -3.1133330000E-04   1.8667900000E-05  -1.4530830000E-04  -6.7469300000E-05
   42     -1.2659410000E-04   6.3688400000E-05  -1.8509790000E-04  -2.6794110000E-04  -5.6031500000E-05
   43      3.3198750000E-04  -5.6425530000E-04  -2.0783250000E-04   1.5857600000E-04   5.6489260000E-04
   44     -3.4111660000E-04   3.8682110000E-04   2.4006810000E-04  -3.9109970000E-04  -7.6781670000E-04
   45     -8.3430100000E-05  -2.1192200000E-05   3.5070980000E-04  -7.1604200000E-05  -8.9699000000E-05
   46      5.1038330000E-04   8.2920400000E-05  -4.8392690000E-04   1.1640801000E-03   1.5067570000E-04
   47      3.5505700000E-04  -2.2509860000E-04  -2.2466450000E-04   4.9149860000E-04  -4.6066700000E-05
                   30                 31                 32                 33                 34        
    0     -6.9714940000E-04   1.2184000000E-06  -1.4973987000E-03   2.9557200000E-04  -3.1159980000E-04
    1     -1.0661523000E-03  -1.7772490000E-04  -8.1974690000E-04  -1.1924250000E-04  -2.7057360000E-04
    2     -6.0308790000E-04  -6.9619180000E-04  -5.5324800000E-05  -1.1100140000E-04   2.9434120000E-04
    3     -5.8874057000E-03  -1.1956986000E-03  -3.4303040000E-04   1.2260942000E-03  -1.5349659000E-03
    4      7.0500720000E-04   5.5954880000E-04   5.4225960000E-04   1.7351067000E-03   1.4476260000E-03
    5     -2.9719780000E-04   7.8283300000E-05   1.0887643100E-02   4.2587500000E-05   6.6564290000E-04
    6     -1.8460799200E-02  -1.1641077000E-03  -4.0870222000E-03  -1.9136522500E-02   5.9202355000E-03
    7     -2.6052374500E-02  -4.3873560000E-04  -4.7799663000E-03   2.7587110200E-02  -3.5526428000E-03
    8     -3.0920520000E-03  -3.6888590000E-04  -3.7913180000E-04   3.2885735000E-03   1.4124200000E-05
    9     -1.2692696060E-01  -1.2237815000E-01   8.0239458000E-03  -1.1966526660E-01   1.1358860160E-01
   10     -1.2100505980E-01  -2.2436208390E-01   6.4182202000E-03   1.1483254380E-01  -2.2114614840E-01
   11      2.4799173000E-03   7.0656320000E-04  -3.3096557300E-02   2.3892497600E-02  -3.6373085900E-02
   12     -3.2990510000E-04  -3.0169520000E-04  -7.3910450000E-04  -6.8730680000E-04  -1.3973730000E-04
   13     -3.8525570000E-04  -1.5080116000E-03   2.7235010000E-04   4.9973340000E-04  -1.2129395000E-03
   14     -3.9309900000E-05   3.7597200000E-04   1.3431512000E-03   2.7073200000E-05  -3.1803810000E-04
   15      2.1883470000E-04   8.5451100000E-04  -4.4543100000E-05  -4.4703400000E-05   1.4409400000E-04
   16      1.1572000000E-04  -2.6105500000E-05  -3.2996790000E-04   6.8119700000E-05  -6.1295200000E-05
   17      1.6411930000E-04  -1.3796500000E-05  -1.7587660000E-04   6.6351000000E-05  -7.1766100000E-05
   18     -4.7343460000E-04   1.1122570000E-04  -1.0073746000E-03   1.4870280000E-04  -1.8845500000E-05
   19     -1.7548700000E-05   2.1682100000E-04  -1.2902670000E-04  -2.0755460000E-04   2.2715970000E-04
   20      8.4364700000E-04   2.4504960000E-04  -9.2859430000E-04   2.2041930000E-04  -5.2956000000E-06
   21      1.2688330000E-04  -1.1941790000E-04  -7.6171500000E-05   1.5747290000E-04  -2.7786430000E-04
   22     -6.1324300000E-05   2.1896510000E-04  -2.5919200000E-05  -3.2147130000E-04   5.1775000000E-05
   23      1.0626690000E-04  -4.3154000000E-06   7.3935170000E-04   1.4544540000E-04  -6.0329700000E-05
   24     -2.0695210000E-04   1.1786220000E-04  -4.0655500000E-05  -2.9152750000E-04  -1.3910420000E-04
   25      3.3130100000E-04   4.2401170000E-04   3.0568010000E-04  -8.9066400000E-04   2.7988890000E-04
   26     -3.5017300000E-05   1.6649360000E-04  -2.6260780000E-04  -1.9096300000E-05   1.4685380000E-04
   27      1.0501597000E-03   8.8417330000E-04   5.8545050000E-04  -5.0721382000E-03   8.0481460000E-04
   28     -8.4531630000E-04   9.7658280000E-04   5.1521440000E-04  -2.4220310000E-04   9.9839410000E-04
   29      4.5881600000E-05   1.2869970000E-04  -4.2554896000E-03  -1.0020538000E-03  -1.1825850000E-03
   30      1.4351148660E-01   1.3617872730E-01  -7.6640900000E-05   7.0753165000E-03   1.2098612900E-02
   31      1.3617872730E-01   2.4988335540E-01   1.6096618000E-03  -1.2632820500E-02  -2.8311200100E-02
   32     -7.6640900000E-05   1.6096618000E-03   2.2070050500E-02  -2.0133221000E-03  -3.9126471000E-03
   33      7.0753165000E-03  -1.2632820500E-02  -2.0133221000E-03   1.3491105910E-01  -1.2967651850E-01
   34      1.2098612900E-02  -2.8311200100E-02  -3.9126471000E-03  -1.2967651850E-01   2.4939487960E-01
   35      4.4032720000E-04  -2.3238668000E-03   4.4256795000E-03  -2.4544052900E-02   4.0777654800E-02
   36      3.6202200000E-04  -2.8908030000E-04   3.5514230000E-04   2.7499470000E-04  -3.6747240000E-04
   37      2.9531000000E-06   5.1256020000E-04   2.4226020000E-04  -1.9751130000E-04   3.8482220000E-04
   38     -5.8410000000E-06  -7.1839200000E-05   9.6872900000E-05  -7.4610000000E-06   1.3778230000E-04
   39      9.7411700000E-05  -7.0829900000E-05   2.2667150000E-04   2.1647460000E-04  -1.1608190000E-04
   40     -5.0101000000E-06   4.8000300000E-04   7.0947000000E-06  -1.5473190000E-04   4.9598850000E-04
   41     -2.6890000000E-05   4.4714100000E-05  -1.4834070000E-04   4.3790200000E-05   2.0243340000E-04
   42      3.7852000000E-06   3.1154930000E-04   5.9602730000E-04   5.0912050000E-04   3.6008310000E-04
   43     -3.2375310000E-04   6.1306640000E-04   2.2093480000E-04   5.2329000000E-05   8.1985390000E-04
   44      9.7098000000E-05  -1.2817080000E-04  -4.6649600000E-04   1.2058520000E-04  -3.3190960000E-04
   45      5.3670690000E-04  -3.0746720000E-04   1.3802620000E-04   8.2657800000E-05  -3.3425200000E-04
   46      3.2947330000E-04   9.3894720000E-04  -1.3640190000E-04  -3.3222510000E-04   4.5441160000E-04
   47     -1.2205000000E-06   2.5162920000E-04   2.0567010000E-04  -1.5033530000E-04   1.6824300000E-05
                   35                 36                 37                 38                 39        
    0      1.0983080000E-04   6.5118670000E-04   2.2775440000E-04   2.3120629000E-03  -1.2986320000E-04
    1      4.7129200000E-05  -2.5639630000E-04   8.8218520000E-04  -5.0038009000E-03   2.2096698000E-03
    2      3.2190180000E-04  -4.2943096000E-03   3.1148950000E-04  -1.8742786400E-02  -4.1934949000E-03
    3      9.9595920000E-04  -2.3809575000E-03   3.8453020000E-04  -7.2298430000E-03  -1.1874010000E-03
    4      6.4777210000E-04  -5.2857550000E-04  -5.1705690000E-04  -1.7936559000E-03  -1.3967078000E-03
    5     -5.5427210000E-03   1.1578593000E-03  -6.1148620000E-04   4.1960235000E-03   1.8614802000E-03
    6     -4.7111371000E-03   1.7331442000E-03  -5.5680620000E-04   5.5519052000E-03   1.0522164000E-03
    7      3.4948188000E-03   1.2806841000E-03  -3.5105140000E-04   3.7400710000E-03   8.3423270000E-04
    8      3.7574340000E-04  -1.1800940000E-04   4.6090280000E-04   2.7430700000E-04   2.2665860000E-04
    9      2.8870540500E-02  -6.4333430000E-04  -1.1056170000E-04  -2.0009285000E-03  -7.9655210000E-04
   10     -4.1601648900E-02   1.8257400000E-04  -5.7359930000E-04   6.6833220000E-04   2.5551300000E-05
   11     -3.9746247300E-02  -1.8117069000E-03   3.6636800000E-05  -3.0727391000E-03  -9.7676400000E-04
   12     -3.5205630000E-04  -3.1993218000E-02  -8.4487637000E-03  -1.2820368800E-02  -6.0843979000E-03
   13     -6.7975900000E-05   8.0730089000E-03   6.8854188000E-03  -7.1760493000E-03  -2.8477435800E-02
   14     -1.5253380000E-04   5.0865782000E-03   1.7246739000E-03   4.3164505000E-03  -5.8494600000E-05
   15     -5.9502420000E-04  -1.9366005790E-01   9.4140026400E-02   1.1517203620E-01  -3.9765814200E-02
   16      1.2614150000E-04   9.8164162300E-02  -9.8208804400E-02  -4.8969470700E-02  -8.0835353000E-03
   17     -1.7283780000E-04   9.5264207800E-02  -5.0890242600E-02  -6.2945600200E-02   8.1286332000E-03
   18      4.3343900000E-05  -2.0128000000E-06  -1.2338740000E-04  -4.1477100000E-05  -1.5167200000E-04
   19     -6.5619200000E-05   7.5002800000E-05  -2.0091400000E-05  -9.9682600000E-05   9.5681400000E-05
   20      5.8318610000E-04  -4.2969020000E-04  -1.3442780000E-04  -4.6190670000E-04  -8.3235780000E-04
   21     -8.2952000000E-05   5.2016240000E-04  -1.6715300000E-05   1.9815170000E-04  -1.8443380000E-04
   22      7.2919600000E-05  -9.8571100000E-05   7.3853390000E-04   1.8573700000E-05   1.0731700000E-05
   23      2.1220460000E-04  -1.2101368000E-03   6.5353790000E-04  -5.4974890000E-04  -4.7762300000E-04
   24      2.4368970000E-04   1.4651100000E-05  -2.8093780000E-04  -2.5417500000E-04  -2.0675700000E-05
   25     -2.1348600000E-05  -2.3721520000E-04   2.7934790000E-04   1.7348080000E-04   7.6319000000E-06
   26      3.5161570000E-04   2.5614160000E-04  -4.4388150000E-04   5.1260000000E-07   1.8148380000E-04
   27     -2.2306027000E-03   2.6096430000E-04  -4.9841500000E-05   7.7804500000E-05  -4.6865300000E-05
   28     -7.6087240000E-04  -1.1552820000E-04   2.7428890000E-04   1.8679670000E-04   3.3507600000E-05
   29      1.0383550600E-02  -3.9198100000E-05   3.9211110000E-04   3.0630100000E-05  -3.1796800000E-05
   30      4.4032720000E-04   3.6202200000E-04   2.9531000000E-06  -5.8410000000E-06   9.7411700000E-05
   31     -2.3238668000E-03  -2.8908030000E-04   5.1256020000E-04  -7.1839200000E-05  -7.0829900000E-05
   32      4.4256795000E-03   3.5514230000E-04   2.4226020000E-04   9.6872900000E-05   2.2667150000E-04
   33     -2.4544052900E-02   2.7499470000E-04  -1.9751130000E-04  -7.4610000000E-06   2.1647460000E-04
   34      4.0777654800E-02  -3.6747240000E-04   3.8482220000E-04   1.3778230000E-04  -1.1608190000E-04
   35      2.9254535000E-02   4.3624250000E-04   5.0279800000E-05  -6.5750500000E-05   2.4837190000E-04
   36      4.3624250000E-04   2.2984670300E-01  -1.0755270460E-01  -9.7257148800E-02  -8.8596200000E-04
   37      5.0279800000E-05  -1.0755270460E-01   1.1023091730E-01   5.7634116500E-02   2.4842238600E-02
   38     -6.5750500000E-05  -9.7257148800E-02   5.7634116500E-02   7.4132981500E-02  -8.5339360000E-04
