
$orca_hessian_file

$act_atom
  0

$act_coord
  0

$act_energy
      -21.829180

$multiplicity
  1

$hessian
48
                    0                  1                  2                  3                  4        
    0      6.8604033160E-01   9.9652450000E-04  -1.8629108120E-01  -3.6912269620E-01   3.7835919600E-02
    1      9.9652450000E-04   5.5348888990E-01  -1.6108525600E-02   1.5570113500E-02  -8.0116909100E-02
    2     -1.8629108120E-01  -1.6108525600E-02   1.1501695600E-01   1.1466083250E-01  -2.8040223400E-02
    3     -3.6912269620E-01   1.5570113500E-02   1.1466083250E-01   6.4482223500E-01  -1.7538371100E-02
    4      3.7835919600E-02  -8.0116909100E-02  -2.8040223400E-02  -1.7538371100E-02   6.0221566920E-01
    5      1.6671440750E-01  -2.8804461000E-03  -6.7189751200E-02  -1.5084491590E-01   5.0252703200E-02
    6     -5.3217940000E-02  -2.4627476100E-02   4.6401377100E-02  -9.2134240300E-02  -8.5554252700E-02
    7     -2.5842605900E-02   2.5930290000E-04   2.8296935900E-02  -8.8379764100E-02  -2.5118683980E-01
    8      6.3216890000E-03   9.6110920000E-03   2.8464719000E-03   1.3176406000E-03  -6.9599549000E-03
    9      7.9631680000E-03  -4.2418688000E-03  -1.1943383600E-02  -5.6561369900E-02  -2.8600220700E-02
   10     -3.3690155000E-03  -2.9915809000E-03   4.6086867000E-03  -2.5009044000E-02   9.1055050000E-04
   11      6.1736358000E-03  -4.4097320000E-03  -2.2142763300E-02  -3.6096719600E-02  -2.1549162200E-02
   12      3.0335881000E-03  -7.6301077000E-03  -5.5840326800E-02  -4.3048391100E-02  -2.0804358500E-02
   13      1.4701421000E-03  -3.3247836000E-03  -2.6973340400E-02  -2.0396551900E-02  -4.8625531000E-03
   14     -6.2202524000E-03   6.5200040000E-04   2.2469673300E-02   1.6676898400E-02   1.2053633500E-02
   15     -1.3826670600E-02   7.0163098000E-03   7.3138366300E-02   4.3506617800E-02   1.4041971600E-02
   16     -2.6963542000E-03  -1.2510162600E-02   2.4781203100E-02   1.4935729900E-02   6.4042445000E-03
   17     -4.8293426000E-03   1.2124231800E-02   6.1820225800E-02   5.2193125400E-02   1.5566217000E-02
   18     -1.3768696200E-01  -1.2327406830E-01   1.3873721200E-02  -1.7036600600E-02  -2.2402747300E-02
   19     -1.2328936200E-01  -2.0872138910E-01   1.2941995900E-02  -5.8760890000E-04   1.4965250000E-04
   20      8.5980450000E-03   8.8044461000E-03  -3.4404243400E-02   9.4003608000E-03   1.2891370800E-02
   21     -1.0607464290E-01   1.1106954810E-01   7.2522787000E-03  -1.3185081000E-02   2.5119790100E-02
   22      1.0914207440E-01  -2.4238608410E-01  -1.1276271000E-03   6.6234766000E-03  -5.0398525000E-03
   23     -3.1436810000E-04   3.5737104000E-03  -2.5227798700E-02   1.4038299500E-02  -1.2433340700E-02
   24     -1.6440468500E-02   2.6067401000E-02   2.2653563000E-03  -1.0012575040E-01   1.0579898290E-01
   25      4.0220122000E-03  -3.1164795000E-03  -1.3760810000E-03   1.0570884980E-01  -2.4306461890E-01
   26      9.3195539000E-03  -9.9861222000E-03  -4.5710267000E-03   3.6296097000E-03  -1.1822022400E-02
   27      8.1704830000E-04  -2.3937107000E-03   1.3439070000E-04   6.8173840000E-03  -1.0594809300E-02
   28      1.2345613000E-03   5.1780680000E-04  -4.4209350000E-04   1.0334085500E-02  -2.7205303000E-02
   29      4.1989640000E-04   3.8752050000E-04  -2.4705892000E-03  -1.9013084000E-03  -5.3782223000E-03
   30     -2.6488690000E-04  -8.3686720000E-04  -7.3150930000E-04  -5.6897460000E-03   5.5449530000E-04
   31      7.6975100000E-05   2.4452500000E-05  -6.9609730000E-04  -9.7809640000E-04   5.0970620000E-04
   32     -1.7164367000E-03  -1.3647743000E-03   2.3488280000E-04  -2.5208754000E-03   1.0234550000E-03
   33      1.6598540000E-04  -1.1677620000E-04  -2.9700880000E-04   5.9287320000E-04   1.7673774000E-03
   34     -2.8829160000E-04  -2.5642750000E-04   2.2440500000E-04  -1.8579116000E-03   1.3000489000E-03
   35      2.2698090000E-04   3.3340600000E-04   7.0159240000E-04   1.8269265000E-03   1.0884203000E-03
   36      6.0939230000E-04  -1.7043840000E-04  -4.1629219000E-03  -1.8581108000E-03  -5.2049050000E-04
   37      3.5649870000E-04   7.1510430000E-04   7.9195700000E-05   3.9026960000E-04  -2.3023260000E-04
   38      2.1711645000E-03  -4.8819671000E-03  -1.9436414000E-02  -6.8327348000E-03  -2.1174047000E-03
   39     -3.1761270000E-04   2.3265229000E-03  -3.9734350000E-03  -8.2158540000E-04  -1.0441142000E-03
   40      6.4896410000E-04  -6.5685910000E-04   2.1875330000E-03   4.2963530000E-04   3.3939420000E-04
   41     -2.3977130000E-03   6.3891083000E-03  -1.4277923300E-02  -5.0621020000E-03  -9.5801600000E-05
   42     -1.1861253000E-03   1.9375980000E-04   3.7609627000E-03   2.3317920000E-03   1.0272357000E-03
   43     -6.1211880000E-04   3.1714100000E-05   1.3084550000E-03   1.0213029000E-03   6.5057400000E-04
   44      1.3095436000E-03  -1.5481975000E-03  -9.6820189000E-03  -7.1266432000E-03  -3.4229658000E-03
   45     -4.9150870000E-04   5.1133800000E-05   1.7523810000E-03   1.5126697000E-03   9.1359160000E-04
   46      3.1407600000E-04  -9.5659490000E-04   3.3557810000E-04  -2.6611510000E-04  -7.7353100000E-04
   47      5.1427740000E-04  -6.9575070000E-04  -3.6872735000E-03  -3.3583941000E-03  -1.0567020000E-03
                    5                  6                  7                  8                  9        
    0      1.6671440750E-01  -5.3217940000E-02  -2.5842605900E-02   6.3216890000E-03   7.9631680000E-03
    1     -2.8804461000E-03  -2.4627476100E-02   2.5930290000E-04   9.6110920000E-03  -4.2418688000E-03
    2     -6.7189751200E-02   4.6401377100E-02   2.8296935900E-02   2.8464719000E-03  -1.1943383600E-02
    3     -1.5084491590E-01  -9.2134240300E-02  -8.8379764100E-02   1.3176406000E-03  -5.6561369900E-02
    4      5.0252703200E-02  -8.5554252700E-02  -2.5118683980E-01  -6.9599549000E-03  -2.8600220700E-02
    5      2.0486217990E-01  -1.2974177700E-02  -1.5436395000E-02  -3.8874137900E-02  -6.2225730000E-04
    6     -1.2974177700E-02   7.3506697540E-01  -2.2351105200E-02   9.2810109000E-02  -4.5066986870E-01
    7     -1.5436395000E-02  -2.2351105200E-02   6.0001508450E-01   1.5648885000E-03   4.1997843400E-02
    8     -3.8874137900E-02   9.2810109000E-02   1.5648885000E-03   1.5107687280E-01  -1.1501677790E-01
    9     -6.2225730000E-04  -4.5066986870E-01   4.1997843400E-02  -1.1501677790E-01   7.5957029880E-01
   10     -5.1688466000E-03   1.5313348700E-02  -7.9416127800E-02  -5.4895335000E-03  -5.3823091000E-03
   11      4.4732693000E-03  -7.8985427600E-02   1.7397667700E-02  -3.4970192300E-02   1.2557436540E-01
   12      1.1536218300E-02   3.5486068500E-02   1.6521126900E-02   2.2084295700E-02  -1.1643515000E-02
   13      8.5129726000E-03   1.3119306600E-02   8.1054101000E-03   8.0872845000E-03  -3.5312856000E-03
   14     -2.0901949700E-02  -3.8541312700E-02  -1.3804453400E-02  -3.0334075000E-02   7.3032909000E-03
   15     -3.1163221400E-02  -3.7284450700E-02  -2.1366957100E-02  -4.4338652000E-03   8.8713259000E-03
   16     -1.1263226000E-02  -1.4925977400E-02  -5.9348682000E-03  -1.2368691000E-03   2.8257239000E-03
   17     -5.3896598900E-02  -2.3555761500E-02  -1.7039009600E-02  -1.9736424000E-02   5.7347865000E-03
   18      3.1685449000E-03  -5.1462783000E-03  -7.1105400000E-05   4.7636421000E-03  -1.2352800000E-04
   19      6.0649550000E-04  -1.1450335000E-03   6.5034780000E-04   8.3591800000E-05  -3.7514800000E-05
   20     -2.7409362000E-03   4.4808051000E-03  -1.9783368000E-03   6.9874923000E-03   1.4219315000E-03
   21      7.8761330000E-04  -9.0817700000E-04   1.4469758000E-03  -1.4294035000E-03   4.4676690000E-04
   22     -2.3433687000E-03  -2.2243274000E-03   1.2222692000E-03   5.2801380000E-04  -2.5201110000E-04
   23     -4.0728541000E-03  -3.8462479000E-03  -1.6297672000E-03  -4.2660684000E-03   2.7653820000E-04
   24      1.1665587600E-02   7.3974353000E-03  -1.1394591000E-02  -1.0381996000E-03   1.0790234000E-03
   25     -1.6250192800E-02   1.0414078700E-02  -2.7006519800E-02  -2.1195740000E-03   1.2723957000E-03
   26     -3.2181022900E-02   1.7613235000E-03   1.3436651000E-03   6.8604770000E-04  -4.7589130000E-04
   27     -2.4758540000E-04  -1.0201728430E-01   1.0657374220E-01   1.1216009000E-03  -1.9352325600E-02
   28     -9.2411670000E-04   1.0718962870E-01  -2.3941980360E-01  -5.0351014000E-03   4.7912080000E-03
   29      8.4998360000E-04   7.9575017000E-03  -5.3207335000E-03  -3.5014780700E-02  -6.2017590000E-03
   30     -2.3984774000E-03  -1.8341847900E-02  -2.4595318400E-02  -5.0339928000E-03  -1.2763405000E-01
   31     -1.1147480000E-04  -9.6755910000E-04   1.1076940000E-04  -3.2862130000E-04  -1.2303573780E-01
   32      9.6346202000E-03  -5.4887303000E-03  -8.4433048000E-03  -2.1085902000E-03  -1.0811929600E-02
   33      1.1201576000E-03  -1.7254808100E-02   2.6978280000E-02   6.3150790000E-04  -1.1199552210E-01
   34      2.8124270000E-04   6.5186579000E-03  -4.4163670000E-03   8.7270850000E-04   1.1338757860E-01
   35     -5.0403464000E-03  -7.8765416000E-03   7.8544807000E-03  -5.1625330000E-04   8.4252181000E-03
   36      8.9458180000E-04   1.5019852000E-03   1.0700586000E-03  -1.7343000000E-04  -6.1824430000E-04
   37     -4.5338980000E-04  -5.8085230000E-04  -3.9995700000E-04   2.2884010000E-04  -2.8175440000E-04
   38      3.8039355000E-03   5.6513968000E-03   3.5018081000E-03   9.3883130000E-04  -1.5156733000E-03
   39      1.3567162000E-03   7.4273770000E-04   6.2056770000E-04  -2.5481000000E-06  -6.1684270000E-04
   40     -3.6138050000E-04  -2.4460560000E-04  -6.3883710000E-04  -1.0689210000E-04   7.1083600000E-05
   41      1.5983291000E-03   4.1876484000E-03   1.4231050000E-03   3.1725230000E-04  -7.4980970000E-04
   42      7.3324060000E-04  -1.8966184000E-03  -4.5764450000E-04  -9.8636560000E-04   8.2718140000E-04
   43     -5.6595640000E-04  -9.0398060000E-04  -5.6803990000E-04  -1.2309210000E-04   2.2298340000E-04
   44      9.8096570000E-04   5.5188056000E-03   2.0285112000E-03   2.7037072000E-03  -1.7636482000E-03
   45      2.7356750000E-04  -1.3236883000E-03  -7.4950320000E-04  -9.3590260000E-04   4.5750180000E-04
   46     -3.8946205000E-03   9.7014920000E-04  -1.3758236000E-03   4.2321930000E-04   7.9388580000E-04
   47     -1.3056861000E-03   2.4992319000E-03   2.4093810000E-04   2.6384630000E-04   3.6499930000E-04
                   10                 11                 12                 13                 14        
    0     -3.3690155000E-03   6.1736358000E-03   3.0335881000E-03   1.4701421000E-03  -6.2202524000E-03
    1     -2.9915809000E-03  -4.4097320000E-03  -7.6301077000E-03  -3.3247836000E-03   6.5200040000E-04
    2      4.6086867000E-03  -2.2142763300E-02  -5.5840326800E-02  -2.6973340400E-02   2.2469673300E-02
    3     -2.5009044000E-02  -3.6096719600E-02  -4.3048391100E-02  -2.0396551900E-02   1.6676898400E-02
    4      9.1055050000E-04  -2.1549162200E-02  -2.0804358500E-02  -4.8625531000E-03   1.2053633500E-02
    5     -5.1688466000E-03   4.4732693000E-03   1.1536218300E-02   8.5129726000E-03  -2.0901949700E-02
    6      1.5313348700E-02  -7.8985427600E-02   3.5486068500E-02   1.3119306600E-02  -3.8541312700E-02
    7     -7.9416127800E-02   1.7397667700E-02   1.6521126900E-02   8.1054101000E-03  -1.3804453400E-02
    8     -5.4895335000E-03  -3.4970192300E-02   2.2084295700E-02   8.0872845000E-03  -3.0334075000E-02
    9     -5.3823091000E-03   1.2557436540E-01  -1.1643515000E-02  -3.5312856000E-03   7.3032909000E-03
   10      5.5529043250E-01   3.9711204700E-02   6.1544390000E-03  -4.9697997000E-03  -5.1019689000E-03
   11      3.9711204700E-02   9.7157994100E-02  -3.5736259700E-02  -1.1154072600E-02   2.1710469500E-02
   12      6.1544390000E-03  -3.5736259700E-02   5.8126740900E-01   1.3168919100E-02   1.6874613690E-01
   13     -4.9697997000E-03  -1.1154072600E-02   1.3168919100E-02   3.5064376780E-01   3.9833942000E-03
   14     -5.1019689000E-03   2.1710469500E-02   1.6874613690E-01   3.9833942000E-03   1.5779905070E-01
   15     -5.5788100000E-03   2.6536038900E-02  -2.9338480060E-01  -9.2370206700E-02  -4.3639854900E-02
   16     -2.6840192000E-03   1.0806083100E-02  -1.0975143820E-01  -1.1925288520E-01  -1.9974250700E-02
   17     -3.2970014000E-03   2.0163385900E-02   4.3347551200E-02   1.6137632200E-02  -5.8074685000E-02
   18     -7.2840760000E-04   4.3867470000E-04   7.6994600000E-05  -8.3957900000E-05  -5.6642680000E-04
   19      1.8599800000E-05   1.9744490000E-04   4.1086260000E-04  -1.5231950000E-04   1.9770120000E-04
   20      1.3369197000E-03   3.3324340000E-04   3.5197640000E-04   6.2438430000E-04  -1.3940692000E-03
   21     -2.5792850000E-04   7.1167770000E-04   8.1273790000E-04   1.0400308000E-03  -6.6085630000E-04
   22     -1.6737880000E-04  -2.2871670000E-04  -5.8285500000E-05   3.7861100000E-05   4.3618600000E-05
   23     -6.3652260000E-04   1.0883720000E-03   2.8348204000E-03   1.1510856000E-03  -9.8020050000E-04
   24     -1.6783754000E-03  -4.8726540000E-04  -9.0901500000E-04  -2.1697370000E-04   1.2850120000E-04
   25      7.1247960000E-04   4.7112710000E-04  -3.5290700000E-05  -1.3200454000E-03   3.1587600000E-04
   26      2.5592180000E-04  -2.1550047000E-03  -9.5716910000E-04  -2.4020010000E-04   7.3184330000E-04
   27      2.7122030800E-02   1.1264780000E-04  -1.6013230000E-04   9.6843840000E-04  -3.5012360000E-04
   28     -3.1480451000E-03   8.2958010000E-04   8.8907870000E-04  -1.1458703000E-03   6.0977500000E-05
   29      5.3687556000E-03  -1.6515480000E-03  -1.7666488000E-03  -3.4660770000E-04   7.5643610000E-04
   30     -1.2163841430E-01  -1.4477287200E-02  -7.3714070000E-04  -1.2632472000E-03  -5.9249400000E-05
   31     -2.2407018770E-01  -1.9834418800E-02  -3.5762830000E-04  -1.5132787000E-03   3.7321790000E-04
   32     -1.5712891000E-02  -3.3865609300E-02   6.6704960000E-04   1.5872949000E-03   1.0287187000E-03
   33      1.1424508080E-01   4.4694040000E-03  -1.1693787000E-03   7.3672450000E-04   4.9590830000E-04
   34     -2.3778171270E-01  -1.2639546300E-02  -1.3341320000E-04  -9.8579450000E-04  -1.9334820000E-04
   35     -1.6506867500E-02  -3.0616407900E-02   1.7473752000E-03  -7.2618820000E-04  -1.5723532000E-03
   36      3.0227180000E-04  -1.9494004000E-03  -3.1552104600E-02   8.2426117000E-03   5.8949590000E-03
   37     -4.5973230000E-04   2.4141300000E-04  -8.9784239000E-03   6.8672419000E-03   2.0857613000E-03
   38      9.0624370000E-04  -4.1243105000E-03  -1.2483654500E-02  -7.4198705000E-03   4.2402890000E-03
   39     -1.3091750000E-04  -8.0203750000E-04  -5.1250745000E-03  -2.7843391300E-02   5.2914350000E-04
   40     -1.1267120000E-04  -3.3466000000E-06  -4.2401276000E-03  -1.8404553300E-02  -7.5829930000E-04
   41      7.2147000000E-04  -3.2476293000E-03  -7.5147931000E-03  -2.8976642000E-03   2.3380884000E-03
   42     -4.8191550000E-04   2.4808605000E-03  -2.0838196760E-01   1.0169299040E-01  -1.0623246610E-01
   43      1.3528450000E-04   1.5689045000E-03   1.0806031900E-01  -8.1224088400E-02   5.4412852100E-02
   44      2.7238193000E-03  -7.8327439000E-03  -1.3022596530E-01   5.4727919800E-02  -6.9320127400E-02
   45      1.1179662000E-03   2.0370927000E-03  -2.4565277900E-02   5.2664508000E-03  -3.5042961000E-03
   46     -1.2660913000E-03  -1.4044300000E-03   6.7843286000E-03  -1.2849830920E-01  -3.4346712300E-02
   47     -3.7193901000E-03  -4.3205249000E-03  -6.7906065000E-03  -4.5054024500E-02  -2.8497108900E-02
                   15                 16                 17                 18                 19        
    0     -1.3826670600E-02  -2.6963542000E-03  -4.8293426000E-03  -1.3768696200E-01  -1.2328936200E-01
    1      7.0163098000E-03  -1.2510162600E-02   1.2124231800E-02  -1.2327406830E-01  -2.0872138910E-01
    2      7.3138366300E-02   2.4781203100E-02   6.1820225800E-02   1.3873721200E-02   1.2941995900E-02
    3      4.3506617800E-02   1.4935729900E-02   5.2193125400E-02  -1.7036600600E-02  -5.8760890000E-04
    4      1.4041971600E-02   6.4042445000E-03   1.5566217000E-02  -2.2402747300E-02   1.4965250000E-04
    5     -3.1163221400E-02  -1.1263226000E-02  -5.3896598900E-02   3.1685449000E-03   6.0649550000E-04
    6     -3.7284450700E-02  -1.4925977400E-02  -2.3555761500E-02  -5.1462783000E-03  -1.1450335000E-03
    7     -2.1366957100E-02  -5.9348682000E-03  -1.7039009600E-02  -7.1105400000E-05   6.5034780000E-04
    8     -4.4338652000E-03  -1.2368691000E-03  -1.9736424000E-02   4.7636421000E-03   8.3591800000E-05
    9      8.8713259000E-03   2.8257239000E-03   5.7347865000E-03  -1.2352800000E-04  -3.7514800000E-05
   10     -5.5788100000E-03  -2.6840192000E-03  -3.2970014000E-03  -7.2840760000E-04   1.8599800000E-05
   11      2.6536038900E-02   1.0806083100E-02   2.0163385900E-02   4.3867470000E-04   1.9744490000E-04
   12     -2.9338480060E-01  -1.0975143820E-01   4.3347551200E-02   7.6994600000E-05   4.1086260000E-04
   13     -9.2370206700E-02  -1.1925288520E-01   1.6137632200E-02  -8.3957900000E-05  -1.5231950000E-04
   14     -4.3639854900E-02  -1.9974250700E-02  -5.8074685000E-02  -5.6642680000E-04   1.9770120000E-04
   15      5.7383286870E-01   2.8624171100E-02  -1.5079015240E-01  -1.9312345000E-03   4.0444000000E-05
   16      2.8624171100E-02   5.6655022280E-01   8.6721582000E-03  -2.2218901000E-03  -4.0079870000E-04
   17     -1.5079015240E-01   8.6721582000E-03   1.2563826950E-01  -1.0109202000E-03  -1.9161260000E-04
   18     -1.9312345000E-03  -2.2218901000E-03  -1.0109202000E-03   1.5417735100E-01   1.3865947330E-01
   19      4.0444000000E-05  -4.0079870000E-04  -1.9161260000E-04   1.3865947330E-01   2.3191379620E-01
   20     -4.2025358000E-03  -4.0775408000E-03  -6.7045430000E-04  -1.8004896700E-02  -1.6166662700E-02
   21     -3.4237946000E-03   1.7767929000E-03  -3.5407693000E-03   7.1801193000E-03  -1.4794601100E-02
   22      3.7529170000E-04  -2.7697010000E-04   2.9118070000E-04   1.0148141800E-02  -2.6586274600E-02
   23     -7.1050554000E-03   3.1559357000E-03  -7.8297959000E-03  -3.5629160000E-04   2.3774033000E-03
   24      3.3248810000E-04   4.8240720000E-04   6.0910550000E-04   6.5573160000E-04   7.7278460000E-04
   25      5.4351030000E-04  -3.0494390000E-04  -2.9067100000E-05  -5.4592080000E-04   9.9011960000E-04
   26      1.3316905000E-03   6.6622930000E-04   1.8318593000E-03  -1.1699121000E-03  -1.3192700000E-05
   27     -5.1215220000E-04  -5.3114800000E-05  -1.7535590000E-04  -8.4362800000E-05   8.8394100000E-05
   28     -2.4386130000E-04  -7.2275630000E-04  -4.2151040000E-04   2.8596210000E-04   5.7769490000E-04
   29      1.1283978000E-03   6.1262700000E-05   9.3331680000E-04  -4.3729000000E-06  -2.8855000000E-05
   30      2.4808270000E-04   1.0441430000E-04   3.6209210000E-04  -7.8259300000E-05  -6.8969000000E-06
   31      7.5154430000E-04   3.4705000000E-06   4.1308500000E-05   1.1087210000E-04   1.9084180000E-04
   32      1.9086010000E-04  -2.7866270000E-04  -6.7892960000E-04  -1.0750183000E-03  -1.5366450000E-04
   33      1.0376880000E-04   1.1378070000E-04   2.4800760000E-04   9.9121200000E-05  -1.2626220000E-04
   34      1.4862810000E-04   1.2794860000E-04   3.5584000000E-05  -7.1361600000E-05   1.8631640000E-04
   35     -9.8003710000E-04  -1.8114270000E-04  -6.6460200000E-04   1.7140730000E-04  -8.4532300000E-05
   36     -2.0187339220E-01   1.0212519530E-01   9.0628899800E-02   1.9140000000E-05   9.9370000000E-06
   37      9.9292959100E-02  -1.0189973440E-01  -4.9046594400E-02  -4.2418800000E-05  -1.6773810000E-04
   38      1.0973188630E-01  -4.6387742600E-02  -5.6393618500E-02  -5.4233400000E-05  -1.1308230000E-04
   39     -3.9790906200E-02  -6.0303230000E-04   7.0504232000E-03  -3.1187350000E-04   1.2461140000E-04
   40     -2.6810750000E-03  -3.0037439790E-01   2.6134351600E-02  -6.1794000000E-05   6.3603770000E-04
   41      1.4703367100E-02   3.3877287800E-02  -2.3083662400E-02  -4.2766990000E-04   3.0827210000E-04
   42     -3.1276943500E-02   6.0473520000E-03  -8.7695164000E-03   2.5865510000E-04  -2.9163760000E-04
   43     -1.1630222800E-02   3.1258606000E-03  -2.2871640000E-03   7.5535900000E-05   1.3914590000E-04
   44      1.4243663200E-02   7.9777482000E-03   7.7389632000E-03   1.7048680000E-04  -8.8158000000E-06
   45     -3.5908071000E-03  -2.6783760400E-02  -7.5021730000E-03  -6.8013700000E-05   1.7241010000E-04
   46     -1.6963697100E-02  -3.1850210600E-02  -6.6907047000E-03   2.2368660000E-04   5.7596740000E-04
   47      1.3104521000E-03  -6.5984734000E-03   2.9027501000E-03   8.3264800000E-05   4.7513200000E-05
                   20                 21                 22                 23                 24        
    0      8.5980450000E-03  -1.0607464290E-01   1.0914207440E-01  -3.1436810000E-04  -1.6440468500E-02
    1      8.8044461000E-03   1.1106954810E-01  -2.4238608410E-01   3.5737104000E-03   2.6067401000E-02
    2     -3.4404243400E-02   7.2522787000E-03  -1.1276271000E-03  -2.5227798700E-02   2.2653563000E-03
    3      9.4003608000E-03  -1.3185081000E-02   6.6234766000E-03   1.4038299500E-02  -1.0012575040E-01
    4      1.2891370800E-02   2.5119790100E-02  -5.0398525000E-03  -1.2433340700E-02   1.0579898290E-01
    5     -2.7409362000E-03   7.8761330000E-04  -2.3433687000E-03  -4.0728541000E-03   1.1665587600E-02
    6      4.4808051000E-03  -9.0817700000E-04  -2.2243274000E-03  -3.8462479000E-03   7.3974353000E-03
    7     -1.9783368000E-03   1.4469758000E-03   1.2222692000E-03  -1.6297672000E-03  -1.1394591000E-02
    8      6.9874923000E-03  -1.4294035000E-03   5.2801380000E-04  -4.2660684000E-03  -1.0381996000E-03
    9      1.4219315000E-03   4.4676690000E-04  -2.5201110000E-04   2.7653820000E-04   1.0790234000E-03
   10      1.3369197000E-03  -2.5792850000E-04  -1.6737880000E-04  -6.3652260000E-04  -1.6783754000E-03
   11      3.3324340000E-04   7.1167770000E-04  -2.2871670000E-04   1.0883720000E-03  -4.8726540000E-04
   12      3.5197640000E-04   8.1273790000E-04  -5.8285500000E-05   2.8348204000E-03  -9.0901500000E-04
   13      6.2438430000E-04   1.0400308000E-03   3.7861100000E-05   1.1510856000E-03  -2.1697370000E-04
   14     -1.3940692000E-03  -6.6085630000E-04   4.3618600000E-05  -9.8020050000E-04   1.2850120000E-04
   15     -4.2025358000E-03  -3.4237946000E-03   3.7529170000E-04  -7.1050554000E-03   3.3248810000E-04
   16     -4.0775408000E-03   1.7767929000E-03  -2.7697010000E-04   3.1559357000E-03   4.8240720000E-04
   17     -6.7045430000E-04  -3.5407693000E-03   2.9118070000E-04  -7.8297959000E-03   6.0910550000E-04
   18     -1.8004896700E-02   7.1801193000E-03   1.0148141800E-02  -3.5629160000E-04   6.5573160000E-04
   19     -1.6166662700E-02  -1.4794601100E-02  -2.6586274600E-02   2.3774033000E-03   7.7278460000E-04
   20      3.2602912700E-02   3.5320520000E-04  -6.0787250000E-04   2.6785381000E-03  -1.4796954000E-03
   21      3.5320520000E-04   1.1835654370E-01  -1.2319943410E-01  -8.3647996000E-03  -3.2874732000E-03
   22     -6.0787250000E-04  -1.2319943410E-01   2.7054107030E-01   3.5690615000E-03   8.0707630000E-04
   23      2.6785381000E-03  -8.3647996000E-03   3.5690615000E-03   3.2710815900E-02   5.5367003000E-03
   24     -1.4796954000E-03  -3.2874732000E-03   8.0707630000E-04   5.5367003000E-03   1.1313092000E-01
   25      3.6154000000E-04  -2.1902510000E-04   7.9381620000E-04  -4.9255430000E-04  -1.1754156970E-01
   26     -2.7241079000E-03   4.3987781000E-03  -1.1685940000E-04   6.5600558000E-03  -1.7906001800E-02
   27      1.0467180000E-04  -7.9684540000E-04  -4.3731460000E-04  -2.0480800000E-05  -1.5763811000E-03
   28     -4.3974970000E-04  -1.0837465000E-03   3.2109210000E-04   3.8061290000E-04  -2.6471334000E-03
   29     -2.1739160000E-04   3.1739150000E-04   2.7066250000E-04   3.1076860000E-04   6.5000640000E-04
   30      9.4028320000E-04   9.0562500000E-05  -7.6240000000E-05  -9.7176100000E-05  -1.2674480000E-04
   31      2.0396970000E-04  -8.3029500000E-05   1.7046430000E-04   4.1395600000E-05   1.2468460000E-04
   32     -4.5914110000E-04   3.2558000000E-05  -1.8709100000E-05   4.8882400000E-04  -4.1111200000E-05
   33      5.0101100000E-05   2.2901830000E-04  -2.7329770000E-04   2.4477000000E-06  -4.2945340000E-04
   34     -1.2773200000E-05  -2.4008530000E-04   4.9222000000E-06   1.6910000000E-06  -1.7197720000E-04
   35      3.7267860000E-04   1.0871000000E-05   1.8339000000E-06   8.4124700000E-05   1.8212630000E-04
   36     -3.2553620000E-04   4.8065020000E-04  -1.8524810000E-04  -1.4223419000E-03   5.4287800000E-05
   37     -1.7553240000E-04   1.2856500000E-05   7.7480700000E-04   8.6768950000E-04  -2.7715720000E-04
   38     -2.5187700000E-04   9.7988700000E-05   4.3513900000E-05  -1.0284561000E-03  -2.7550900000E-04
   39     -8.7687780000E-04  -1.8178340000E-04  -7.3622200000E-05  -3.7985050000E-04  -3.4043900000E-05
   40     -4.9148890000E-04  -1.3045730000E-04   1.6365490000E-04  -7.2168100000E-05  -9.2254900000E-05
   41     -7.1869700000E-05  -3.4704190000E-04  -1.4157080000E-04  -1.0847336000E-03   2.2298190000E-04
   42     -5.1738150000E-04   3.1962500000E-05  -4.3405810000E-04  -6.6291810000E-04   4.1535480000E-04
   43     -2.5337430000E-04  -1.4387970000E-04   3.1316000000E-06  -3.0571500000E-05   3.2801000000E-05
   44      7.7163000000E-06   3.6187940000E-04  -2.1170180000E-04   2.4460120000E-04   1.9718400000E-05
   45     -2.9445670000E-04   2.2943620000E-04   1.1777820000E-04  -1.1927610000E-04  -1.3591080000E-04
   46     -1.9299400000E-05  -3.1380720000E-04   4.2347110000E-04   1.7633890000E-04  -6.6105000000E-05
   47     -4.8491100000E-05   1.8629000000E-05   4.8541000000E-05   3.2380720000E-04  -5.2301300000E-05
                   25                 26                 27                 28                 29        
    0      4.0220122000E-03   9.3195539000E-03   8.1704830000E-04   1.2345613000E-03   4.1989640000E-04
    1     -3.1164795000E-03  -9.9861222000E-03  -2.3937107000E-03   5.1780680000E-04   3.8752050000E-04
    2     -1.3760810000E-03  -4.5710267000E-03   1.3439070000E-04  -4.4209350000E-04  -2.4705892000E-03
    3      1.0570884980E-01   3.6296097000E-03   6.8173840000E-03   1.0334085500E-02  -1.9013084000E-03
    4     -2.4306461890E-01  -1.1822022400E-02  -1.0594809300E-02  -2.7205303000E-02  -5.3782223000E-03
    5     -1.6250192800E-02  -3.2181022900E-02  -2.4758540000E-04  -9.2411670000E-04   8.4998360000E-04
    6      1.0414078700E-02   1.7613235000E-03  -1.0201728430E-01   1.0718962870E-01   7.9575017000E-03
    7     -2.7006519800E-02   1.3436651000E-03   1.0657374220E-01  -2.3941980360E-01  -5.3207335000E-03
    8     -2.1195740000E-03   6.8604770000E-04   1.1216009000E-03  -5.0351014000E-03  -3.5014780700E-02
    9      1.2723957000E-03  -4.7589130000E-04  -1.9352325600E-02   4.7912080000E-03  -6.2017590000E-03
   10      7.1247960000E-04   2.5592180000E-04   2.7122030800E-02  -3.1480451000E-03   5.3687556000E-03
   11      4.7112710000E-04  -2.1550047000E-03   1.1264780000E-04   8.2958010000E-04  -1.6515480000E-03
   12     -3.5290700000E-05  -9.5716910000E-04  -1.6013230000E-04   8.8907870000E-04  -1.7666488000E-03
   13     -1.3200454000E-03  -2.4020010000E-04   9.6843840000E-04  -1.1458703000E-03  -3.4660770000E-04
   14      3.1587600000E-04   7.3184330000E-04  -3.5012360000E-04   6.0977500000E-05   7.5643610000E-04
   15      5.4351030000E-04   1.3316905000E-03  -5.1215220000E-04  -2.4386130000E-04   1.1283978000E-03
   16     -3.0494390000E-04   6.6622930000E-04  -5.3114800000E-05  -7.2275630000E-04   6.1262700000E-05
   17     -2.9067100000E-05   1.8318593000E-03  -1.7535590000E-04  -4.2151040000E-04   9.3331680000E-04
   18     -5.4592080000E-04  -1.1699121000E-03  -8.4362800000E-05   2.8596210000E-04  -4.3729000000E-06
   19      9.9011960000E-04  -1.3192700000E-05   8.8394100000E-05   5.7769490000E-04  -2.8855000000E-05
   20      3.6154000000E-04  -2.7241079000E-03   1.0467180000E-04  -4.3974970000E-04  -2.1739160000E-04
   21     -2.1902510000E-04   4.3987781000E-03  -7.9684540000E-04  -1.0837465000E-03   3.1739150000E-04
   22      7.9381620000E-04  -1.1685940000E-04  -4.3731460000E-04   3.2109210000E-04   2.7066250000E-04
   23     -4.9255430000E-04   6.5600558000E-03  -2.0480800000E-05   3.8061290000E-04   3.1076860000E-04
   24     -1.1754156970E-01  -1.7906001800E-02  -1.5763811000E-03  -2.6471334000E-03   6.5000640000E-04
   25      2.7365140140E-01   2.0002438700E-02  -2.5507686000E-03  -3.5483764000E-03  -1.1806744000E-03
   26      2.0002438700E-02   2.7249169200E-02  -1.5410110000E-04   4.6564550000E-04   4.9380434000E-03
   27     -2.5507686000E-03  -1.5410110000E-04   1.2020062690E-01  -1.1954131490E-01   2.0134208000E-03
   28     -3.5483764000E-03   4.6564550000E-04  -1.1954131490E-01   2.7008387390E-01   5.7691724000E-03
   29     -1.1806744000E-03   4.9380434000E-03   2.0134208000E-03   5.7691724000E-03   2.6959372400E-02
   30      2.5672370000E-04   1.7893000000E-06   7.6900800000E-04  -8.5081070000E-04   7.2459940000E-04
   31      5.1031510000E-04   8.3151800000E-05   8.3832280000E-04   1.0236584000E-03   1.9302200000E-04
   32      4.6229680000E-04  -2.1044360000E-04   1.1399413000E-03   2.0413370000E-04  -3.7581493000E-03
   33     -9.5303720000E-04  -1.7751750000E-04  -4.4222665000E-03   3.0843000000E-05  -3.1243598000E-03
   34      3.8949050000E-04  -5.7018000000E-06   8.7925650000E-04   9.9206900000E-04  -6.7140920000E-04
   35     -2.9285910000E-04   2.7954520000E-04  -3.9064735000E-03  -6.1544580000E-04   9.2743274000E-03
   36     -2.1159230000E-04   2.2708370000E-04   2.1843100000E-04  -1.1292540000E-04  -8.5708800000E-05
   37      2.1388330000E-04  -3.3721250000E-04  -6.0233500000E-05   2.1987500000E-04   2.9782160000E-04
   38      1.5808930000E-04   1.0412200000E-05   8.8175800000E-05   1.6492860000E-04  -1.6896110000E-04
   39      1.3742300000E-05   1.0828490000E-04  -6.7766600000E-05   3.5565000000E-05  -4.0039200000E-05
   40      3.7459930000E-04  -1.0422600000E-04  -8.2786300000E-05   1.8540060000E-04   9.9791000000E-06
   41     -7.2036500000E-05  -3.6496300000E-04   2.5312200000E-05  -1.4987750000E-04  -9.5720900000E-05
   42     -1.3163910000E-04   5.4463800000E-05  -7.4016800000E-05  -2.3394420000E-04  -6.0236000000E-05
   43      3.0681650000E-04  -3.8716690000E-04  -2.1871270000E-04   1.3573410000E-04   4.5958860000E-04
   44     -2.2685970000E-04   7.4778800000E-05   3.0627170000E-04  -2.9564840000E-04  -6.0323950000E-04
   45     -4.2469000000E-05   8.0154000000E-06   2.4103550000E-04  -7.7196000000E-05  -2.6781100000E-05
   46      4.1806230000E-04   1.9565190000E-04  -5.3741950000E-04   1.1329498000E-03   1.0871690000E-04
   47      2.6853100000E-04  -1.5518610000E-04  -1.9231280000E-04   4.4849260000E-04  -4.1867900000E-05
                   30                 31                 32                 33                 34        
    0     -2.6488690000E-04   7.6975100000E-05  -1.7164367000E-03   1.6598540000E-04  -2.8829160000E-04
    1     -8.3686720000E-04   2.4452500000E-05  -1.3647743000E-03  -1.1677620000E-04  -2.5642750000E-04
    2     -7.3150930000E-04  -6.9609730000E-04   2.3488280000E-04  -2.9700880000E-04   2.2440500000E-04
    3     -5.6897460000E-03  -9.7809640000E-04  -2.5208754000E-03   5.9287320000E-04  -1.8579116000E-03
    4      5.5449530000E-04   5.0970620000E-04   1.0234550000E-03   1.7673774000E-03   1.3000489000E-03
    5     -2.3984774000E-03  -1.1147480000E-04   9.6346202000E-03   1.1201576000E-03   2.8124270000E-04
    6     -1.8341847900E-02  -9.6755910000E-04  -5.4887303000E-03  -1.7254808100E-02   6.5186579000E-03
    7     -2.4595318400E-02   1.1076940000E-04  -8.4433048000E-03   2.6978280000E-02  -4.4163670000E-03
    8     -5.0339928000E-03  -3.2862130000E-04  -2.1085902000E-03   6.3150790000E-04   8.7270850000E-04
    9     -1.2763405000E-01  -1.2303573780E-01  -1.0811929600E-02  -1.1199552210E-01   1.1338757860E-01
   10     -1.2163841430E-01  -2.2407018770E-01  -1.5712891000E-02   1.1424508080E-01  -2.3778171270E-01
   11     -1.4477287200E-02  -1.9834418800E-02  -3.3865609300E-02   4.4694040000E-03  -1.2639546300E-02
   12     -7.3714070000E-04  -3.5762830000E-04   6.6704960000E-04  -1.1693787000E-03  -1.3341320000E-04
   13     -1.2632472000E-03  -1.5132787000E-03   1.5872949000E-03   7.3672450000E-04  -9.8579450000E-04
   14     -5.9249400000E-05   3.7321790000E-04   1.0287187000E-03   4.9590830000E-04  -1.9334820000E-04
   15      2.4808270000E-04   7.5154430000E-04   1.9086010000E-04   1.0376880000E-04   1.4862810000E-04
   16      1.0441430000E-04   3.4705000000E-06  -2.7866270000E-04   1.1378070000E-04   1.2794860000E-04
   17      3.6209210000E-04   4.1308500000E-05  -6.7892960000E-04   2.4800760000E-04   3.5584000000E-05
   18     -7.8259300000E-05   1.1087210000E-04  -1.0750183000E-03   9.9121200000E-05  -7.1361600000E-05
   19     -6.8969000000E-06   1.9084180000E-04  -1.5366450000E-04  -1.2626220000E-04   1.8631640000E-04
   20      9.4028320000E-04   2.0396970000E-04  -4.5914110000E-04   5.0101100000E-05  -1.2773200000E-05
   21      9.0562500000E-05  -8.3029500000E-05   3.2558000000E-05   2.2901830000E-04  -2.4008530000E-04
   22     -7.6240000000E-05   1.7046430000E-04  -1.8709100000E-05  -2.7329770000E-04   4.9222000000E-06
   23     -9.7176100000E-05   4.1395600000E-05   4.8882400000E-04   2.4477000000E-06   1.6910000000E-06
   24     -1.2674480000E-04   1.2468460000E-04  -4.1111200000E-05  -4.2945340000E-04  -1.7197720000E-04
   25      2.5672370000E-04   5.1031510000E-04   4.6229680000E-04  -9.5303720000E-04   3.8949050000E-04
   26      1.7893000000E-06   8.3151800000E-05  -2.1044360000E-04  -1.7751750000E-04  -5.7018000000E-06
   27      7.6900800000E-04   8.3832280000E-04   1.1399413000E-03  -4.4222665000E-03   8.7925650000E-04
   28     -8.5081070000E-04   1.0236584000E-03   2.0413370000E-04   3.0843000000E-05   9.9206900000E-04
   29      7.2459940000E-04   1.9302200000E-04  -3.7581493000E-03  -3.1243598000E-03  -6.7140920000E-04
   30      1.4426991320E-01   1.3666052890E-01   1.9783986600E-02   6.9505055000E-03   1.1301909300E-02
   31      1.3666052890E-01   2.4662705100E-01   2.3447469400E-02  -1.2996042800E-02  -2.5561362600E-02
   32      1.9783986600E-02   2.3447469400E-02   2.6792028900E-02  -1.1853867000E-03  -1.1941555000E-03
   33      6.9505055000E-03  -1.2996042800E-02  -1.1853867000E-03   1.2651950950E-01  -1.2904084740E-01
   34      1.1301909300E-02  -2.5561362600E-02  -1.1941555000E-03  -1.2904084740E-01   2.6454829230E-01
   35      8.3135490000E-04  -3.4865575000E-03   3.2266344000E-03  -2.3776069000E-03   1.3368534200E-02
   36      1.8827100000E-04  -1.4429840000E-04   2.9612510000E-04   1.5657730000E-04  -2.8416810000E-04
   37     -5.1755400000E-05   3.3418840000E-04   2.6593990000E-04  -1.4768860000E-04   1.8674450000E-04
   38     -4.6688400000E-05  -7.7612900000E-05  -1.3366500000E-05  -7.3709500000E-05   8.5008200000E-05
   39      4.5824300000E-05  -2.6928100000E-05   1.8173690000E-04   5.3796100000E-05  -9.2624100000E-05
   40      3.5439700000E-05   3.1136660000E-04   1.0897000000E-06  -1.3035460000E-04   3.1141300000E-04
   41     -4.0262900000E-05  -2.5002600000E-05  -1.3137290000E-04   1.5103300000E-05   1.3285870000E-04
   42     -1.3127800000E-05   1.4425480000E-04   4.7862180000E-04   4.0404320000E-04   1.4010650000E-04
   43     -1.9762840000E-04   2.4163150000E-04   2.0586990000E-04   2.3163100000E-05   6.8107290000E-04
   44      1.3726320000E-04  -3.5101200000E-05  -3.8727710000E-04   9.5393900000E-05  -2.3685290000E-04
   45      3.2363630000E-04  -1.1786250000E-04   6.8608600000E-05  -3.7699000000E-06  -1.9545670000E-04
   46      6.0366730000E-04   1.0869132000E-03  -3.1387400000E-05  -1.1094280000E-04   2.7334600000E-04
   47      1.0327470000E-04   2.1135150000E-04   2.0717060000E-04   1.0755790000E-04  -4.8245200000E-05
                   35                 36                 37                 38                 39        
    0      2.2698090000E-04   6.0939230000E-04   3.5649870000E-04   2.1711645000E-03  -3.1761270000E-04
    1      3.3340600000E-04  -1.7043840000E-04   7.1510430000E-04  -4.8819671000E-03   2.3265229000E-03
    2      7.0159240000E-04  -4.1629219000E-03   7.9195700000E-05  -1.9436414000E-02  -3.9734350000E-03
    3      1.8269265000E-03  -1.8581108000E-03   3.9026960000E-04  -6.8327348000E-03  -8.2158540000E-04
    4      1.0884203000E-03  -5.2049050000E-04  -2.3023260000E-04  -2.1174047000E-03  -1.0441142000E-03
    5     -5.0403464000E-03   8.9458180000E-04  -4.5338980000E-04   3.8039355000E-03   1.3567162000E-03
    6     -7.8765416000E-03   1.5019852000E-03  -5.8085230000E-04   5.6513968000E-03   7.4273770000E-04
    7      7.8544807000E-03   1.0700586000E-03  -3.9995700000E-04   3.5018081000E-03   6.2056770000E-04
    8     -5.1625330000E-04  -1.7343000000E-04   2.2884010000E-04   9.3883130000E-04  -2.5481000000E-06
    9      8.4252181000E-03  -6.1824430000E-04  -2.8175440000E-04  -1.5156733000E-03  -6.1684270000E-04
   10     -1.6506867500E-02   3.0227180000E-04  -4.5973230000E-04   9.0624370000E-04  -1.3091750000E-04
   11     -3.0616407900E-02  -1.9494004000E-03   2.4141300000E-04  -4.1243105000E-03  -8.0203750000E-04
   12      1.7473752000E-03  -3.1552104600E-02  -8.9784239000E-03  -1.2483654500E-02  -5.1250745000E-03
   13     -7.2618820000E-04   8.2426117000E-03   6.8672419000E-03  -7.4198705000E-03  -2.7843391300E-02
   14     -1.5723532000E-03   5.8949590000E-03   2.0857613000E-03   4.2402890000E-03   5.2914350000E-04
   15     -9.8003710000E-04  -2.0187339220E-01   9.9292959100E-02   1.0973188630E-01  -3.9790906200E-02
   16     -1.8114270000E-04   1.0212519530E-01  -1.0189973440E-01  -4.6387742600E-02  -6.0303230000E-04
   17     -6.6460200000E-04   9.0628899800E-02  -4.9046594400E-02  -5.6393618500E-02   7.0504232000E-03
   18      1.7140730000E-04   1.9140000000E-05  -4.2418800000E-05  -5.4233400000E-05  -3.1187350000E-04
   19     -8.4532300000E-05   9.9370000000E-06  -1.6773810000E-04  -1.1308230000E-04   1.2461140000E-04
   20      3.7267860000E-04  -3.2553620000E-04  -1.7553240000E-04  -2.5187700000E-04  -8.7687780000E-04
   21      1.0871000000E-05   4.8065020000E-04   1.2856500000E-05   9.7988700000E-05  -1.8178340000E-04
   22      1.8339000000E-06  -1.8524810000E-04   7.7480700000E-04   4.3513900000E-05  -7.3622200000E-05
   23      8.4124700000E-05  -1.4223419000E-03   8.6768950000E-04  -1.0284561000E-03  -3.7985050000E-04
   24      1.8212630000E-04   5.4287800000E-05  -2.7715720000E-04  -2.7550900000E-04  -3.4043900000E-05
   25     -2.9285910000E-04  -2.1159230000E-04   2.1388330000E-04   1.5808930000E-04   1.3742300000E-05
   26      2.7954520000E-04   2.2708370000E-04  -3.3721250000E-04   1.0412200000E-05   1.0828490000E-04
   27     -3.9064735000E-03   2.1843100000E-04  -6.0233500000E-05   8.8175800000E-05  -6.7766600000E-05
   28     -6.1544580000E-04  -1.1292540000E-04   2.1987500000E-04   1.6492860000E-04   3.5565000000E-05
   29      9.2743274000E-03  -8.5708800000E-05   2.9782160000E-04  -1.6896110000E-04  -4.0039200000E-05
   30      8.3135490000E-04   1.8827100000E-04  -5.1755400000E-05  -4.6688400000E-05   4.5824300000E-05
   31     -3.4865575000E-03  -1.4429840000E-04   3.3418840000E-04  -7.7612900000E-05  -2.6928100000E-05
   32      3.2266344000E-03   2.9612510000E-04   2.6593990000E-04  -1.3366500000E-05   1.8173690000E-04
   33     -2.3776069000E-03   1.5657730000E-04  -1.4768860000E-04  -7.3709500000E-05   5.3796100000E-05
   34      1.3368534200E-02  -2.8416810000E-04   1.8674450000E-04   8.5008200000E-05  -9.2624100000E-05
   35      2.5190015500E-02   3.7154100000E-04   1.3632900000E-05   5.8931100000E-05   1.8204690000E-04
   36      3.7154100000E-04   2.3734614900E-01  -1.1099256160E-01  -9.2528751500E-02  -9.8673650000E-04
   37      1.3632900000E-05  -1.1099256160E-01   1.1157953840E-01   5.4910898800E-02   2.3901793000E-02
   38      5.8931100000E-05  -9.2528751500E-02   5.4910898800E-02   6.9631176400E-02  -1.2891381000E-03
