
$orca_hessian_file

$act_atom
  0

$act_coord
  0

$act_energy
      -12.271226

$multiplicity
  1

$hessian
18
                    0                  1                  2                  3                  4        
    0      5.7709782760E-01  -4.3400000000E-08  -2.1306000000E-06  -4.2302692400E-02  -1.4725000000E-06
    1     -4.3400000000E-08   5.7709796230E-01  -7.1220000000E-06  -1.4644000000E-06  -3.2678922560E-01
    2     -2.1306000000E-06  -7.1220000000E-06  -4.7144195100E-02   1.1750000000E-07   6.1157915000E-03
    3     -4.2302692400E-02  -1.4644000000E-06   1.1750000000E-07   4.1501889400E-02   1.6135000000E-06
    4     -1.4725000000E-06  -3.2678922560E-01   6.1157915000E-03   1.6135000000E-06   3.5131047720E-01
    5      1.6310000000E-07   6.0335918000E-03  -4.4917625000E-03  -4.3900000000E-08  -6.0773245000E-03
    6     -2.5566877940E-01   1.2319550350E-01   5.3015944000E-03   1.7920500000E-04  -3.1708930000E-04
    7      1.2318867430E-01  -1.1342895740E-01  -3.0491080000E-03   2.3857673100E-02  -1.3421514600E-02
    8      5.2241527000E-03  -3.0165306000E-03  -4.4909864000E-03  -9.6012360000E-04   1.6194880000E-04
    9     -2.5567135750E-01  -1.2319399510E-01  -5.2998770000E-03   1.7894460000E-04   3.1694870000E-04
   10     -1.2318715370E-01  -1.1342635260E-01  -3.0481411000E-03  -2.3857839600E-02  -1.3421284000E-02
   11     -5.2224169000E-03  -3.0156382000E-03  -4.4909532000E-03   9.6012490000E-04   1.6194080000E-04
   12     -1.1362465900E-02   5.4000000000E-09   1.5210000000E-07   1.3106400000E-05  -2.3000000000E-09
   13     -2.3000000000E-09  -1.1361314100E-02  -5.6286000000E-06   3.7900000000E-08   1.0282891000E-03
   14      1.0220000000E-07  -2.3427000000E-06   2.9961060100E-02  -5.1400000000E-08  -7.6388420000E-04
   15     -1.2092532400E-02  -6.0000000000E-09   1.4360000000E-07   4.2954700000E-04   2.0000000000E-09
   16     -2.3000000000E-09  -1.2092112600E-02  -5.7919000000E-06  -2.0500000000E-08   1.2932580000E-03
   17      1.2960000000E-07   8.0417000000E-06   3.0656837100E-02  -2.3400000000E-08   4.0152760000E-04
                    5                  6                  7                  8                  9        
    0      1.6310000000E-07  -2.5566877940E-01   1.2318867430E-01   5.2241527000E-03  -2.5567135750E-01
    1      6.0335918000E-03   1.2319550350E-01  -1.1342895740E-01  -3.0165306000E-03  -1.2319399510E-01
    2     -4.4917625000E-03   5.3015944000E-03  -3.0491080000E-03  -4.4909864000E-03  -5.2998770000E-03
    3     -4.3900000000E-08   1.7920500000E-04   2.3857673100E-02  -9.6012360000E-04   1.7894460000E-04
    4     -6.0773245000E-03  -3.1708930000E-04  -1.3421514600E-02   1.6194880000E-04   3.1694870000E-04
    5      3.7314488100E-02  -3.3937410000E-04  -9.1224260000E-04  -4.7736650000E-04   3.3936140000E-04
    6     -3.3937410000E-04   2.7384139660E-01  -1.3416215040E-01  -5.2631059000E-03  -2.0192414200E-02
    7     -9.1224260000E-04  -1.3416215040E-01   1.1896569880E-01   3.0382071000E-03  -1.2076999200E-02
    8     -4.7736650000E-04  -5.2631059000E-03   3.0382071000E-03   3.7312472800E-02  -6.1955810000E-04
    9      3.3936140000E-04  -2.0192414200E-02  -1.2076999200E-02  -6.1955810000E-04   2.7384421190E-01
   10     -9.1208190000E-04   1.2077274200E-02   6.9848087000E-03   7.5034150000E-04   1.3416052170E-01
   11     -4.7737420000E-04   6.1970750000E-04   7.5042020000E-04  -4.7522470000E-04   5.2614680000E-03
   12     -1.5100000000E-08   7.6935310000E-04  -4.3664230000E-04   7.8942194000E-03   7.6931980000E-04
   13      9.1159983000E-03  -4.3003080000E-04   2.6117420000E-04  -4.5579408000E-03   4.2999490000E-04
   14     -1.7537908400E-02  -6.5958280000E-04   3.8536580000E-04  -1.7538198400E-02   6.5947110000E-04
   15     -9.1400000000E-08   1.0712388000E-03  -3.7055550000E-04  -6.2755845000E-03   1.0712953000E-03
   16     -7.2479411000E-03  -3.6350730000E-04   6.3879020000E-04   3.6239740000E-03   3.6352900000E-04
   17     -1.4330076500E-02   3.4076090000E-04  -2.1264260000E-04  -1.4330696700E-02  -3.4086550000E-04
                   10                 11                 12                 13                 14        
    0     -1.2318715370E-01  -5.2224169000E-03  -1.1362465900E-02  -2.3000000000E-09   1.0220000000E-07
    1     -1.1342635260E-01  -3.0156382000E-03   5.4000000000E-09  -1.1361314100E-02  -2.3427000000E-06
    2     -3.0481411000E-03  -4.4909532000E-03   1.5210000000E-07  -5.6286000000E-06   2.9961060100E-02
    3     -2.3857839600E-02   9.6012490000E-04   1.3106400000E-05   3.7900000000E-08  -5.1400000000E-08
    4     -1.3421284000E-02   1.6194080000E-04  -2.3000000000E-09   1.0282891000E-03  -7.6388420000E-04
    5     -9.1208190000E-04  -4.7737420000E-04  -1.5100000000E-08   9.1159983000E-03  -1.7537908400E-02
    6      1.2077274200E-02   6.1970750000E-04   7.6935310000E-04  -4.3003080000E-04  -6.5958280000E-04
    7      6.9848087000E-03   7.5042020000E-04  -4.3664230000E-04   2.6117420000E-04   3.8536580000E-04
    8      7.5034150000E-04  -4.7522470000E-04   7.8942194000E-03  -4.5579408000E-03  -1.7538198400E-02
    9      1.3416052170E-01   5.2614680000E-03   7.6931980000E-04   4.2999490000E-04   6.5947110000E-04
   10      1.1896288150E-01   3.0372033000E-03   4.3664420000E-04   2.6116420000E-04   3.8534680000E-04
   11      3.0372033000E-03   3.7312412800E-02  -7.8943988000E-03  -4.5578486000E-03  -1.7538134600E-02
   12      4.3664420000E-04  -7.8943988000E-03   7.6543873000E-03  -2.2000000000E-09   1.3750000000E-07
   13      2.6116420000E-04  -4.5578486000E-03  -2.2000000000E-09   7.6545058000E-03  -2.0277000000E-06
   14      3.8534680000E-04  -1.7538134600E-02   1.3750000000E-07  -2.0277000000E-06   4.5612382500E-02
   15      3.7055320000E-04   6.2755153000E-03   2.1562993000E-03   2.5000000000E-09  -7.6600000000E-08
   16      6.3878220000E-04   3.6239225000E-03  -2.7000000000E-09   2.1561808000E-03  -2.4580000000E-06
   17     -2.1266870000E-04  -1.4330725900E-02  -9.5100000000E-08   7.4475000000E-06  -2.2959201100E-02
                   15                 16                 17        
     0     -1.2092532400E-02  -2.3000000000E-09   1.2960000000E-07
     1     -6.0000000000E-09  -1.2092112600E-02   8.0417000000E-06
     2      1.4360000000E-07  -5.7919000000E-06   3.0656837100E-02
     3      4.2954700000E-04  -2.0500000000E-08  -2.3400000000E-08
     4      2.0000000000E-09   1.2932580000E-03   4.0152760000E-04
     5     -9.1400000000E-08  -7.2479411000E-03  -1.4330076500E-02
     6      1.0712388000E-03  -3.6350730000E-04   3.4076090000E-04
     7     -3.7055550000E-04   6.3879020000E-04  -2.1264260000E-04
     8     -6.2755845000E-03   3.6239740000E-03  -1.4330696700E-02
     9      1.0712953000E-03   3.6352900000E-04  -3.4086550000E-04
    10      3.7055320000E-04   6.3878220000E-04  -2.1266870000E-04
    11      6.2755153000E-03   3.6239225000E-03  -1.4330725900E-02
    12      2.1562993000E-03  -2.7000000000E-09  -9.5100000000E-08
    13      2.5000000000E-09   2.1561808000E-03   7.4475000000E-06
    14     -7.6600000000E-08  -2.4580000000E-06  -2.2959201100E-02
    15      7.3641520000E-03   3.8000000000E-09   9.3600000000E-08
    16      3.8000000000E-09   7.3651014000E-03   8.2944000000E-06
    17      9.3600000000E-08   8.2944000000E-06   3.5293863200E-02

$vibrational_frequencies
18
    0        0.0000000000000000
    1        0.0000000000000000
    2        0.0000000000000000
    3        0.0000000000000000
    4        0.0000000000000000
    5        0.0000000000000000
    6     -345.2857301719532188
    7      170.4370820499578372
    8      195.5516167994967134
    9      195.5575385080068429
   10      985.9465002932402058
   11      993.4872214766836578
   12      993.5430281252075702
   13     1343.8962576373999127
   14     1344.0015012382991699
   15     3090.3495888481111251
   16     3179.3838784676422620
   17     3179.4075144293706217

$normal_modes
18 18
                    0                  1                  2                  3                  4        
    0      0.0000000000E+00   0.0000000000E+00   0.0000000000E+00   0.0000000000E+00   0.0000000000E+00
    1      0.0000000000E+00   0.0000000000E+00   0.0000000000E+00   0.0000000000E+00   0.0000000000E+00
    2      0.0000000000E+00   0.0000000000E+00   0.0000000000E+00   0.0000000000E+00   0.0000000000E+00
    3      0.0000000000E+00   0.0000000000E+00   0.0000000000E+00   0.0000000000E+00   0.0000000000E+00
    4      0.0000000000E+00   0.0000000000E+00   0.0000000000E+00   0.0000000000E+00   0.0000000000E+00
    5      0.0000000000E+00   0.0000000000E+00   0.0000000000E+00   0.0000000000E+00   0.0000000000E+00
    6      0.0000000000E+00   0.0000000000E+00   0.0000000000E+00   0.0000000000E+00   0.0000000000E+00
    7      0.0000000000E+00   0.0000000000E+00   0.0000000000E+00   0.0000000000E+00   0.0000000000E+00
    8      0.0000000000E+00   0.0000000000E+00   0.0000000000E+00   0.0000000000E+00   0.0000000000E+00
    9      0.0000000000E+00   0.0000000000E+00   0.0000000000E+00   0.0000000000E+00   0.0000000000E+00
   10      0.0000000000E+00   0.0000000000E+00   0.0000000000E+00   0.0000000000E+00   0.0000000000E+00
   11      0.0000000000E+00   0.0000000000E+00   0.0000000000E+00   0.0000000000E+00   0.0000000000E+00
   12      0.0000000000E+00   0.0000000000E+00   0.0000000000E+00   0.0000000000E+00   0.0000000000E+00
   13      0.0000000000E+00   0.0000000000E+00   0.0000000000E+00   0.0000000000E+00   0.0000000000E+00
   14      0.0000000000E+00   0.0000000000E+00   0.0000000000E+00   0.0000000000E+00   0.0000000000E+00
   15      0.0000000000E+00   0.0000000000E+00   0.0000000000E+00   0.0000000000E+00   0.0000000000E+00
   16      0.0000000000E+00   0.0000000000E+00   0.0000000000E+00   0.0000000000E+00   0.0000000000E+00
   17      0.0000000000E+00   0.0000000000E+00   0.0000000000E+00   0.0000000000E+00   0.0000000000E+00
                    5                  6                  7                  8                  9        
    0      0.0000000000E+00  -3.3775106791E-06  -3.0896853866E-06  -4.8698271186E-01   1.1496825236E-03
    1      0.0000000000E+00   1.4212298069E-04   2.2795556435E-03   1.1496729611E-03   4.8698605648E-01
    2      0.0000000000E+00  -9.8500607688E-01   2.4075850626E-01   1.4869089448E-06  -2.9307328435E-05
    3      0.0000000000E+00  -7.9563746641E-07  -3.3346029099E-06  -5.0570918070E-01   1.1939878617E-03
    4      0.0000000000E+00   1.5958577046E-02   5.9333604244E-04   1.1667187562E-03   4.9417412152E-01
    5      0.0000000000E+00  -3.0162088009E-02   2.4014323112E-01   3.0122236758E-05   1.2086196006E-02
    6      0.0000000000E+00   1.3772317904E-02  -1.4017314814E-03  -4.9704200849E-01   6.2077751368E-03
    7      0.0000000000E+00  -7.5969723899E-03   3.3552481152E-03  -3.8453939153E-03   5.0283170499E-01
    8      0.0000000000E+00  -3.0159187420E-02   2.4005082741E-01  -1.0610425733E-02  -6.2107418341E-03
    9      0.0000000000E+00  -1.3772779575E-02   1.3953564410E-03  -4.9706562784E-01  -3.8609464059E-03
   10      0.0000000000E+00  -7.5963196705E-03   3.3554204777E-03   6.2194259968E-03   5.0280822378E-01
   11      0.0000000000E+00  -3.0160078750E-02   2.4005237063E-01   1.0584227921E-02  -6.2601795315E-03
   12      0.0000000000E+00   1.5672082931E-07   1.7423460111E-07   2.7471249293E-02  -6.4855826431E-05
   13      0.0000000000E+00  -9.4275225961E-06  -1.2959548949E-04  -6.4854444567E-05  -2.7471447360E-02
   14      0.0000000000E+00   5.0949489397E-02  -2.6230001653E-01   4.2483418503E-07   1.4274497845E-04
   15      0.0000000000E+00   6.1903857827E-07   6.9915552170E-07   1.0929577662E-01  -2.5802542921E-04
   16      0.0000000000E+00  -3.6163195486E-05  -5.1607795928E-04  -2.5802526624E-04  -1.0929612211E-01
   17      0.0000000000E+00   1.5391145996E-01   8.3682941581E-01  -2.1359699144E-06  -4.9007204698E-04
                   10                 11                 12                 13                 14        
    0     -1.7335911144E-07   1.1718052336E-02  -8.5821091307E-06   2.7111144283E-05   9.7696600952E-02
    1     -5.7071987999E-06  -8.6156352585E-06  -1.1714608998E-02   9.7692620765E-02  -2.7115574654E-05
    2     -1.7153689465E-02  -2.7478369108E-07   3.5268569990E-06  -1.8627213409E-05  -2.5973540140E-07
    3      2.3406104644E-06  -4.0727469738E-02   3.1147282679E-05  -2.1989613457E-04  -8.0898281686E-01
    4      1.0478174829E-02   5.2686890405E-06   6.8213500395E-03   5.7021027641E-02  -1.1239668325E-05
    5      5.7719224139E-01   6.0065191074E-04   8.1527124640E-01   5.0938185269E-02  -1.1161263471E-05
    6      9.0882939198E-03  -1.5283307020E-02   1.4693844108E-02  -3.7512199170E-01  -1.5934822115E-01
    7     -5.2193378998E-03  -1.4661698829E-02   3.2260872385E-02  -5.9253210049E-01  -3.7484681655E-01
    8      5.7697781468E-01  -7.0642656010E-01  -4.0727715615E-01  -2.5429351086E-02   4.4110572852E-02
    9     -9.0839430887E-03  -1.5299725779E-02  -1.4672622941E-02   3.7502883330E-01  -1.5954898868E-01
   10     -5.2195287000E-03   1.4708611241E-02   3.2237147349E-02  -5.9233193831E-01   3.7517106984E-01
   11      5.7696208860E-01   7.0584492150E-01  -4.0830632570E-01  -2.5456121890E-02  -4.4095793734E-02
   12      6.5126789973E-09  -2.3834060235E-03   1.7373052532E-06  -7.3596472288E-09  -3.9701714840E-05
   13      5.1775418835E-07   1.7397967852E-06   2.3832198477E-03  -3.9674794684E-05   1.5697095872E-08
   14     -6.5856067871E-03  -6.0517651509E-08   1.2857070620E-06  -8.4420150953E-07  -1.1888318325E-09
   15     -1.5483078509E-07   6.5887141943E-03  -4.7999244403E-06  -2.5777904641E-07  -8.8829321977E-04
   16     -1.0373321454E-06  -4.7921576903E-06  -6.5894664690E-03  -8.8809356952E-04   2.3060031324E-07
   17     -1.9835690531E-02  -2.3087744811E-07   3.0805864570E-06   7.8336569893E-06  -1.0612699956E-08
                   15                 16                 17        
     0      1.4554670051E-07  -5.1625225158E-04   9.8438531563E-02
     1      1.6880830137E-05  -9.8441512376E-02  -5.1625662779E-04
     2      2.4451330116E-03   4.7979573171E-07  -3.4746864386E-07
     3      1.0695474577E-07  -1.9600623975E-04   3.8214968025E-02
     4      5.7716162389E-01   8.1153911395E-01   4.2506514680E-03
     5     -1.0160676627E-02  -1.6086967910E-02  -8.4395124559E-05
     6      4.9992558654E-01  -3.6470423740E-01  -6.0096798242E-01
     7     -2.8871707675E-01   1.7225827501E-01   3.6883697682E-01
     8     -1.0165938094E-02   7.9686606937E-03   1.3969749263E-02
     9     -4.9992727756E-01   3.7098300029E-01  -5.9711605948E-01
    10     -2.8871817656E-01   1.7610964500E-01  -3.6700465838E-01
    11     -1.0162446167E-02   8.1120041070E-03  -1.3881251747E-02
    12     -5.8255974053E-09   2.3574952672E-07  -4.4125307577E-05
    13      2.7110768631E-07   4.4104322314E-05   2.2738940601E-07
    14     -1.5649399127E-05  -2.4900858630E-09  -1.2233421486E-11
    15      1.6580902839E-08   1.1104978088E-06  -2.1430272783E-04
    16      1.0904362937E-06   2.1430841974E-04   1.1358412563E-06
    17      9.4502285346E-05   2.5574689567E-08   1.1222565483E-09

#
# The atoms: label  mass x y z (in bohrs)
#
$atoms
6
 C     12.01100      0.000000113455     0.000015401165    -2.599439901889
 H      1.00800      0.000000101906     2.024719164840    -2.636246774537
 H      1.00800      1.753443356225    -1.012336236401    -2.636246404889
 H      1.00800     -1.753443203241    -1.012336265743    -2.636246309920
 I    126.90000     -0.000000018169    -0.000001389120     2.264279214821
 Cl    35.45300      0.000000019352    -0.000001572222    -6.999214461229

$actual_temperature
  0.000000

$frequency_scale_factor
  1.000000


$end

