
$orca_hessian_file

$act_atom
  0

$act_coord
  0

$act_energy
      -12.271787

$multiplicity
  1

$hessian
18
                    0                  1                  2                  3                  4        
    0      5.8200442940E-01   2.7400000000E-08  -2.1207000000E-06  -4.1982867000E-02  -1.4874000000E-06
    1      2.7400000000E-08   5.8200423050E-01  -7.3439000000E-06  -1.4816000000E-06  -3.3019625030E-01
    2     -2.1207000000E-06  -7.3439000000E-06  -4.7394771200E-02   1.3270000000E-07   9.4760146000E-03
    3     -4.1982867000E-02  -1.4816000000E-06   1.3270000000E-07   4.1343800600E-02   1.6266000000E-06
    4     -1.4874000000E-06  -3.3019625030E-01   9.4760146000E-03   1.6266000000E-06   3.5489507340E-01
    5      1.8310000000E-07   9.9826854000E-03  -4.0420380000E-03  -5.5300000000E-08  -9.1833250000E-03
    6     -2.5814399930E-01   1.2480872610E-01   8.2112435000E-03   6.1827600000E-05  -2.9335420000E-04
    7      1.2480162410E-01  -1.1404073900E-01  -4.7292698000E-03   2.3834121800E-02  -1.3539157900E-02
    8      8.6439801000E-03  -4.9912411000E-03  -4.0414068000E-03  -1.0921484000E-03   2.6890180000E-04
    9     -2.5814674050E-01  -1.2480727120E-01  -8.2095432000E-03   6.1567200000E-05   2.9321530000E-04
   10     -1.2480015960E-01  -1.1403813600E-01  -4.7282696000E-03  -2.3834283200E-02  -1.3538925500E-02
   11     -8.6422567000E-03  -4.9903094000E-03  -4.0413227000E-03   1.0921512000E-03   2.6889290000E-04
   12     -1.1613769600E-02   5.8000000000E-09   1.5100000000E-07   1.0076220000E-04  -2.0000000000E-09
   13     -2.3000000000E-09  -1.1612500700E-02  -5.3654000000E-06   3.8800000000E-08   1.2018295000E-03
   14      9.6600000000E-08  -2.9064000000E-06   3.0181306800E-02  -5.1900000000E-08  -1.0210198000E-03
   15     -1.2117053000E-02  -6.5000000000E-09   1.3680000000E-07   4.1490950000E-04   1.6000000000E-09
   16     -2.3000000000E-09  -1.2116604600E-02  -5.7659000000E-06  -2.2500000000E-08   1.1774308000E-03
   17      1.1770000000E-07   9.1153000000E-06   2.9338231900E-02  -2.8300000000E-08   1.9053540000E-04
                    5                  6                  7                  8                  9        
    0      1.8310000000E-07  -2.5814399930E-01   1.2480162410E-01   8.6439801000E-03  -2.5814674050E-01
    1      9.9826854000E-03   1.2480872610E-01  -1.1404073900E-01  -4.9912411000E-03  -1.2480727120E-01
    2     -4.0420380000E-03   8.2112435000E-03  -4.7292698000E-03  -4.0414068000E-03  -8.2095432000E-03
    3     -5.5300000000E-08   6.1827600000E-05   2.3834121800E-02  -1.0921484000E-03   6.1567200000E-05
    4     -9.1833250000E-03  -2.9335420000E-04  -1.3539157900E-02   2.6890180000E-04   2.9321530000E-04
    5      3.8424662600E-02  -3.1254660000E-04  -1.0798233000E-03  -5.2350800000E-04   3.1253310000E-04
    6     -3.1254660000E-04   2.7648846110E-01  -1.3578291710E-01  -7.9526566000E-03  -2.0307542900E-02
    7     -1.0798233000E-03  -1.3578291710E-01   1.1974338990E-01   4.5915217000E-03  -1.2052798500E-02
    8     -5.2350800000E-04  -7.9526566000E-03   4.5915217000E-03   3.8422472900E-02  -7.7848880000E-04
    9      3.1253310000E-04  -2.0307542900E-02  -1.2052798500E-02  -7.7848880000E-04   2.7649143730E-01
   10     -1.0796627000E-03   1.2053075200E-02   6.8684256000E-03   8.1153040000E-04   1.3578133740E-01
   11     -5.2351660000E-04   7.7863960000E-04   8.1160670000E-04  -5.2113800000E-04   7.9510340000E-03
   12     -1.6100000000E-08   9.2102670000E-04  -4.7358560000E-04   7.9052474000E-03   9.2099430000E-04
   13      9.1284881000E-03  -4.6667510000E-04   3.6982400000E-04  -4.5645353000E-03   4.6663840000E-04
   14     -1.7664291300E-02  -8.8171920000E-04   5.1480560000E-04  -1.7664493700E-02   8.8161250000E-04
   15     -9.8100000000E-08   9.8022670000E-04  -3.2644480000E-04  -6.7259338000E-03   9.8028460000E-04
   16     -7.7683626000E-03  -3.1885490000E-04   5.9825750000E-04   3.8838224000E-03   3.1887850000E-04
   17     -1.5671308600E-02   1.5703930000E-04  -1.0884100000E-04  -1.5671926300E-02  -1.5714760000E-04
                   10                 11                 12                 13                 14        
    0     -1.2480015960E-01  -8.6422567000E-03  -1.1613769600E-02  -2.3000000000E-09   9.6600000000E-08
    1     -1.1403813600E-01  -4.9903094000E-03   5.8000000000E-09  -1.1612500700E-02  -2.9064000000E-06
    2     -4.7282696000E-03  -4.0413227000E-03   1.5100000000E-07  -5.3654000000E-06   3.0181306800E-02
    3     -2.3834283200E-02   1.0921512000E-03   1.0076220000E-04   3.8800000000E-08  -5.1900000000E-08
    4     -1.3538925500E-02   2.6889290000E-04  -2.0000000000E-09   1.2018295000E-03  -1.0210198000E-03
    5     -1.0796627000E-03  -5.2351660000E-04  -1.6100000000E-08   9.1284881000E-03  -1.7664291300E-02
    6      1.2053075200E-02   7.7863960000E-04   9.2102670000E-04  -4.6667510000E-04  -8.8171920000E-04
    7      6.8684256000E-03   8.1160670000E-04  -4.7358560000E-04   3.6982400000E-04   5.1480560000E-04
    8      8.1153040000E-04  -5.2113800000E-04   7.9052474000E-03  -4.5645353000E-03  -1.7664493700E-02
    9      1.3578133740E-01   7.9510340000E-03   9.2099430000E-04   4.6663840000E-04   8.8161250000E-04
   10      1.1974057140E-01   4.5904837000E-03   4.7358730000E-04   3.6981380000E-04   5.1478550000E-04
   11      4.5904837000E-03   3.8422359200E-02  -7.9054255000E-03  -4.5644401000E-03  -1.7664425300E-02
   12      4.7358730000E-04  -7.9054255000E-03   7.6017724000E-03  -3.0000000000E-09   1.4090000000E-07
   13      3.6981380000E-04  -4.5644401000E-03  -3.0000000000E-09   7.6018966000E-03  -2.5713000000E-06
   14      5.1478550000E-04  -1.7664425300E-02   1.4090000000E-07  -2.5713000000E-06   4.6789092400E-02
   15      3.2644280000E-04   6.7258574000E-03   2.0692140000E-03   3.0000000000E-09  -7.8900000000E-08
   16      5.9825080000E-04   3.8837661000E-03  -2.5000000000E-09   2.0691369000E-03  -3.0936000000E-06
   17     -1.0886730000E-04  -1.5671956600E-02  -9.7700000000E-08   8.4239000000E-06  -2.3977188900E-02
                   15                 16                 17        
     0     -1.2117053000E-02  -2.3000000000E-09   1.1770000000E-07
     1     -6.5000000000E-09  -1.2116604600E-02   9.1153000000E-06
     2      1.3680000000E-07  -5.7659000000E-06   2.9338231900E-02
     3      4.1490950000E-04  -2.2500000000E-08  -2.8300000000E-08
     4      1.6000000000E-09   1.1774308000E-03   1.9053540000E-04
     5     -9.8100000000E-08  -7.7683626000E-03  -1.5671308600E-02
     6      9.8022670000E-04  -3.1885490000E-04   1.5703930000E-04
     7     -3.2644480000E-04   5.9825750000E-04  -1.0884100000E-04
     8     -6.7259338000E-03   3.8838224000E-03  -1.5671926300E-02
     9      9.8028460000E-04   3.1887850000E-04  -1.5714760000E-04
    10      3.2644280000E-04   5.9825080000E-04  -1.0886730000E-04
    11      6.7258574000E-03   3.8837661000E-03  -1.5671956600E-02
    12      2.0692140000E-03  -2.5000000000E-09  -9.7700000000E-08
    13      3.0000000000E-09   2.0691369000E-03   8.4239000000E-06
    14     -7.8900000000E-08  -3.0936000000E-06  -2.3977188900E-02
    15      7.6724181000E-03   3.8000000000E-09   1.1660000000E-07
    16      3.8000000000E-09   7.6735287000E-03   9.6336000000E-06
    17      1.1660000000E-07   9.6336000000E-06   4.1654148400E-02

$vibrational_frequencies
18
    0        0.0000000000000000
    1        0.0000000000000000
    2        0.0000000000000000
    3        0.0000000000000000
    4        0.0000000000000000
    5        0.0000000000000000
    6     -345.4533770836035274
    7      177.4001687810816463
    8      196.3179850501605301
    9      196.3251913844677858
   10      998.3420093121122818
   11     1005.6453747931836915
   12     1005.7055820524179808
   13     1342.0634861404287221
   14     1342.1777692757630120
   15     3106.8581213488214416
   16     3196.2073789740925349
   17     3196.2337427518264121

$normal_modes
18 18
                    0                  1                  2                  3                  4        
    0      0.0000000000E+00   0.0000000000E+00   0.0000000000E+00   0.0000000000E+00   0.0000000000E+00
    1      0.0000000000E+00   0.0000000000E+00   0.0000000000E+00   0.0000000000E+00   0.0000000000E+00
    2      0.0000000000E+00   0.0000000000E+00   0.0000000000E+00   0.0000000000E+00   0.0000000000E+00
    3      0.0000000000E+00   0.0000000000E+00   0.0000000000E+00   0.0000000000E+00   0.0000000000E+00
    4      0.0000000000E+00   0.0000000000E+00   0.0000000000E+00   0.0000000000E+00   0.0000000000E+00
    5      0.0000000000E+00   0.0000000000E+00   0.0000000000E+00   0.0000000000E+00   0.0000000000E+00
    6      0.0000000000E+00   0.0000000000E+00   0.0000000000E+00   0.0000000000E+00   0.0000000000E+00
    7      0.0000000000E+00   0.0000000000E+00   0.0000000000E+00   0.0000000000E+00   0.0000000000E+00
    8      0.0000000000E+00   0.0000000000E+00   0.0000000000E+00   0.0000000000E+00   0.0000000000E+00
    9      0.0000000000E+00   0.0000000000E+00   0.0000000000E+00   0.0000000000E+00   0.0000000000E+00
   10      0.0000000000E+00   0.0000000000E+00   0.0000000000E+00   0.0000000000E+00   0.0000000000E+00
   11      0.0000000000E+00   0.0000000000E+00   0.0000000000E+00   0.0000000000E+00   0.0000000000E+00
   12      0.0000000000E+00   0.0000000000E+00   0.0000000000E+00   0.0000000000E+00   0.0000000000E+00
   13      0.0000000000E+00   0.0000000000E+00   0.0000000000E+00   0.0000000000E+00   0.0000000000E+00
   14      0.0000000000E+00   0.0000000000E+00   0.0000000000E+00   0.0000000000E+00   0.0000000000E+00
   15      0.0000000000E+00   0.0000000000E+00   0.0000000000E+00   0.0000000000E+00   0.0000000000E+00
   16      0.0000000000E+00   0.0000000000E+00   0.0000000000E+00   0.0000000000E+00   0.0000000000E+00
   17      0.0000000000E+00   0.0000000000E+00   0.0000000000E+00   0.0000000000E+00   0.0000000000E+00
                    5                  6                  7                  8                  9        
    0      0.0000000000E+00  -3.3174906128E-06  -3.6403086945E-06  -4.8682294733E-01   7.6706619666E-04
    1      0.0000000000E+00   1.4623310534E-04   3.5161396066E-03   7.6705327208E-04   4.8682713109E-01
    2      0.0000000000E+00  -9.8659017980E-01   2.1708049868E-01   1.3815091282E-06  -8.2872343811E-05
    3      0.0000000000E+00  -7.3792763921E-07  -3.7933318149E-06  -5.0612225179E-01   7.9733657708E-04
    4      0.0000000000E+00   2.5026613618E-02   2.8810905896E-03   7.7836344654E-04   4.9395626886E-01
    5      0.0000000000E+00  -1.2951874006E-02   2.5720652465E-01   8.1350169603E-06   4.1617064165E-03
    6      0.0000000000E+00   2.1624184958E-02  -4.8021202434E-04  -4.9698058890E-01   6.0875225797E-03
    7      0.0000000000E+00  -1.2118433970E-02   4.1447986447E-03  -4.5055590094E-03   5.0307798710E-01
    8      0.0000000000E+00  -1.2952795097E-02   2.5714788918E-01  -3.8260945587E-03  -2.4195615326E-03
    9      0.0000000000E+00  -2.1624479036E-02   4.7297147582E-04  -4.9699718789E-01  -4.5212199783E-03
   10      0.0000000000E+00  -1.2117751505E-02   4.1449966775E-03   6.0907750707E-03   5.0306122977E-01
   11      0.0000000000E+00  -1.2953468858E-02   2.5714936737E-01   3.8215338360E-03  -2.4310594423E-03
   12      0.0000000000E+00   1.5430287794E-07   2.0234100962E-07   2.7375515045E-02  -4.3135251732E-05
   13      0.0000000000E+00  -9.6027000743E-06  -1.9890586130E-04  -4.3133651586E-05  -2.7375748684E-02
   14      0.0000000000E+00   5.2722493341E-02  -2.5835076411E-01   4.7655512898E-07   2.2451468669E-04
   15      0.0000000000E+00   6.0095355609E-07   8.2274631167E-07   1.0959237272E-01  -1.7267697896E-04
   16      0.0000000000E+00  -3.7643492998E-05  -7.9687056145E-04  -1.7267663128E-04  -1.0959282467E-01
   17      0.0000000000E+00   1.4663411411E-01   8.2925795518E-01  -2.2754362289E-06  -7.5596164343E-04
                   10                 11                 12                 13                 14        
    0     -1.5804949285E-08  -1.3152230645E-02  -4.2473273345E-06   1.7779094507E-05   9.7571385193E-02
    1     -2.5474794229E-06  -4.2037143970E-06   1.3149677936E-02  -9.7566674083E-02   1.7770714967E-05
    2     -1.4724638385E-02   6.6182317293E-08  -3.6495259122E-06   1.8950480009E-05  -2.6133224522E-07
    3      1.8040070527E-06   5.4987513979E-02   1.6469398318E-05  -1.5180381218E-04  -8.0784379392E-01
    4      1.5536739513E-02   4.4962320325E-06  -1.4497827353E-02  -5.8032112497E-02   1.5165841371E-05
    5      5.7707182502E-01   2.6633104370E-04  -8.1432697396E-01  -6.5852728691E-02   1.5004640379E-05
    6      1.3458122019E-02   2.4622262673E-02  -1.7530757921E-02   3.7499731957E-01  -1.5847615099E-01
    7     -7.7562653816E-03   1.7550590937E-02  -4.4865874586E-02   5.9124932872E-01  -3.7506394145E-01
    8      5.7686943547E-01   7.0517751997E-01   4.0753471754E-01   3.2926322667E-02   5.7014448038E-02
    9     -1.3454195382E-02   2.4605602969E-02   1.7547766747E-02  -3.7505038949E-01  -1.5833215339E-01
   10     -7.7560814696E-03  -1.7521447501E-02  -4.4875071111E-02   5.9139398856E-01   3.7484391226E-01
   11      5.7687127668E-01  -7.0544218141E-01   4.0707413666E-01   3.2907669012E-02  -5.7025861546E-02
   12     -2.3404043643E-08   2.3353191082E-03   7.6242988927E-07  -8.7146569403E-09  -2.9118008436E-05
   13      3.9449797709E-07   7.5951129019E-07  -2.3351109114E-03   2.9043904182E-05  -4.5107245907E-10
   14     -6.4474880146E-03  -1.7749884712E-08  -1.1821832449E-06   9.5027474445E-07  -1.8771371596E-09
   15     -7.3807089921E-08  -6.8662639326E-03  -2.2419472268E-06  -1.6715332640E-07  -9.7553146979E-04
   16     -1.2425414322E-06  -2.2508660372E-06   6.8670486618E-03   9.7536334148E-04  -1.9418832647E-07
   17     -2.1143913823E-02  -6.3581939147E-09  -2.5465200358E-06  -9.2888379323E-06  -6.8482737659E-09
                   15                 16                 17        
     0     -8.2862933595E-08  -1.8649205463E-04   9.8433118074E-02
     1      2.2221904834E-05   9.8436344033E-02   1.8650847730E-04
     2      3.7411079099E-03  -9.0632853000E-07  -3.4046837806E-07
     3     -4.9097379342E-09  -7.6636817457E-05   3.8120314163E-02
     4      5.7700818519E-01  -8.1137782218E-01  -1.5411054526E-03
     5     -1.5125145578E-02   2.4466104033E-02   4.6336427329E-05
     6      4.9984786952E-01   3.6882530377E-01  -5.9821953200E-01
     7     -2.8867498085E-01  -1.7489254009E-01   3.6746601745E-01
     8     -1.5134182032E-02  -1.2268882947E-02   2.1159033405E-02
     9     -4.9984676609E-01  -3.6655137553E-01  -5.9962173521E-01
    10     -2.8867433811E-01  -1.7349121679E-01  -3.6812225672E-01
    11     -1.5130623453E-02  -1.2185843217E-02  -2.1201330449E-02
    12     -5.7220088776E-09   8.2681885336E-08  -4.6003403429E-05
    13      2.8278832419E-07  -4.5984123498E-05  -9.0926710661E-08
    14     -1.8467398649E-05   4.5075800153E-09  -1.0979637424E-10
    15      1.7320963095E-08   4.1164305764E-07  -2.0995765188E-04
    16      1.1584267132E-06  -2.0996449443E-04  -3.8617992881E-07
    17      8.9192351973E-05  -3.2578120170E-08   8.9131438781E-10

#
# The atoms: label  mass x y z (in bohrs)
#
$atoms
6
 C     12.01100     -0.000000062478     0.000010613155    -2.591837036010
 H      1.00800     -0.000000039278     2.021020320427    -2.652211169493
 H      1.00800      1.750247717857    -1.010490597675    -2.652209566525
 H      1.00800     -1.750247806841    -1.010490603691    -2.652209522790
 I    126.90000     -0.000000000059    -0.000001126076     2.249485753749
 Cl    35.45300      0.000000025025    -0.000000677166    -6.947477060060

$actual_temperature
  0.000000

$frequency_scale_factor
  1.000000


$end

