
$orca_hessian_file

$act_atom
  0

$act_coord
  0

$act_energy
      -12.272088

$multiplicity
  1

$hessian
18
                    0                  1                  2                  3                  4        
    0      5.9137624690E-01   7.9000000000E-09  -2.1146000000E-06  -4.1377113600E-02  -1.5192000000E-06
    1      7.9000000000E-09   5.9137750560E-01  -7.6417000000E-06  -1.5056000000E-06  -3.3673505780E-01
    2     -2.1146000000E-06  -7.6417000000E-06  -4.9440556000E-02   1.3840000000E-07   1.0930486200E-02
    3     -4.1377113600E-02  -1.5056000000E-06   1.3840000000E-07   4.1013916800E-02   1.6567000000E-06
    4     -1.5192000000E-06  -3.3673505780E-01   1.0930486200E-02   1.6567000000E-06   3.6175874080E-01
    5      1.9350000000E-07   1.1990402600E-02  -2.8430937000E-03  -5.3400000000E-08  -9.9070654000E-03
    6     -2.6289739510E-01   1.2790349140E-01   9.4713533000E-03  -1.4507860000E-04  -2.5211610000E-04
    7      1.2789616110E-01  -1.1522276320E-01  -5.4559089000E-03   2.3763141400E-02  -1.3729096500E-02
    8      1.0382858400E-02  -5.9956430000E-03  -2.8425397000E-03  -9.8377620000E-04   2.8737910000E-04
    9     -2.6290019940E-01  -1.2790199130E-01  -9.4696340000E-03  -1.4533760000E-04   2.5197830000E-04
   10     -1.2789464460E-01  -1.1522008470E-01  -5.4548779000E-03  -2.3763302600E-02  -1.3728863700E-02
   11     -1.0381110000E-02  -5.9946758000E-03  -2.8424356000E-03   9.8378000000E-04   2.8737150000E-04
   12     -1.1698186500E-02   5.7000000000E-09   1.3830000000E-07   2.4097890000E-04  -9.0000000000E-10
   13     -2.5000000000E-09  -1.1696736800E-02  -5.6645000000E-06   3.7700000000E-08   1.4441531000E-03
   14      7.7700000000E-08  -3.8125000000E-06   3.0233714500E-02  -5.2600000000E-08  -1.3695465000E-03
   15     -1.2503352300E-02  -8.2000000000E-09   1.1860000000E-07   4.1263410000E-04   1.1000000000E-09
   16     -2.7000000000E-09  -1.2502863100E-02  -6.3932000000E-06  -2.7700000000E-08   9.9012410000E-04
   17      9.5000000000E-08   1.1370300000E-05   2.7734910500E-02  -3.6200000000E-08  -2.2862490000E-04
                    5                  6                  7                  8                  9        
    0      1.9350000000E-07  -2.6289739510E-01   1.2789616110E-01   1.0382858400E-02  -2.6290019940E-01
    1      1.1990402600E-02   1.2790349140E-01  -1.1522276320E-01  -5.9956430000E-03  -1.2790199130E-01
    2     -2.8430937000E-03   9.4713533000E-03  -5.4559089000E-03  -2.8425397000E-03  -9.4696340000E-03
    3     -5.3400000000E-08  -1.4507860000E-04   2.3763141400E-02  -9.8377620000E-04  -1.4533760000E-04
    4     -9.9070654000E-03  -2.5211610000E-04  -1.3729096500E-02   2.8737910000E-04   2.5197830000E-04
    5      3.9658130700E-02  -2.4203230000E-04  -9.9487770000E-04  -6.5115850000E-04   2.4202100000E-04
    6     -2.4203230000E-04   2.8155264290E-01  -1.3889993100E-01  -8.5793698000E-03  -2.0485802200E-02
    7     -9.9487770000E-04  -1.3889993100E-01   1.2121421160E-01   4.9540503000E-03  -1.1996055200E-02
    8     -6.5115850000E-04  -8.5793698000E-03   4.9540503000E-03   3.9655610700E-02  -7.4063350000E-04
    9      2.4202100000E-04  -2.0485802200E-02  -1.1996055200E-02  -7.4063350000E-04   2.8155567450E-01
   10     -9.9471670000E-04   1.1996332300E-02   6.6540666000E-03   7.0891990000E-04   1.3889829950E-01
   11     -6.5116600000E-04   7.4078400000E-04   7.0899590000E-04  -6.4847210000E-04   8.5777265000E-03
   12     -1.7200000000E-08   1.1372592000E-03  -5.1746440000E-04   7.6015791000E-03   1.1372289000E-03
   13      8.7776249000E-03  -5.1017480000E-04   5.3484310000E-04  -4.3895492000E-03   5.1013870000E-04
   14     -1.7518312500E-02  -1.1827646000E-03   6.9041460000E-04  -1.7518320500E-02   1.1826651000E-03
   15     -1.1160000000E-07   8.3837390000E-04  -2.4585190000E-04  -7.6806579000E-03   8.3843590000E-04
   16     -8.8713677000E-03  -2.3760190000E-04   5.4873850000E-04   4.4348430000E-03   2.3762990000E-04
   17     -1.7994400000E-02  -2.0797050000E-04   9.7325800000E-05  -1.7995119800E-02   2.0785490000E-04
                   10                 11                 12                 13                 14        
    0     -1.2789464460E-01  -1.0381110000E-02  -1.1698186500E-02  -2.5000000000E-09   7.7700000000E-08
    1     -1.1522008470E-01  -5.9946758000E-03   5.7000000000E-09  -1.1696736800E-02  -3.8125000000E-06
    2     -5.4548779000E-03  -2.8424356000E-03   1.3830000000E-07  -5.6645000000E-06   3.0233714500E-02
    3     -2.3763302600E-02   9.8378000000E-04   2.4097890000E-04   3.7700000000E-08  -5.2600000000E-08
    4     -1.3728863700E-02   2.8737150000E-04  -9.0000000000E-10   1.4441531000E-03  -1.3695465000E-03
    5     -9.9471670000E-04  -6.5116600000E-04  -1.7200000000E-08   8.7776249000E-03  -1.7518312500E-02
    6      1.1996332300E-02   7.4078400000E-04   1.1372592000E-03  -5.1017480000E-04  -1.1827646000E-03
    7      6.6540666000E-03   7.0899590000E-04  -5.1746440000E-04   5.3484310000E-04   6.9041460000E-04
    8      7.0891990000E-04  -6.4847210000E-04   7.6015791000E-03  -4.3895492000E-03  -1.7518320500E-02
    9      1.3889829950E-01   8.5777265000E-03   1.1372289000E-03   5.1013870000E-04   1.1826651000E-03
   10      1.2121131670E-01   4.9529848000E-03   5.1746500000E-04   5.3483190000E-04   6.9039310000E-04
   11      4.9529848000E-03   3.9655493600E-02  -7.6017549000E-03  -4.3894565000E-03  -1.7518259200E-02
   12      5.1746500000E-04  -7.6017549000E-03   7.2309620000E-03  -2.8000000000E-09   1.5140000000E-07
   13      5.3483190000E-04  -4.3894565000E-03  -2.8000000000E-09   7.2311812000E-03  -3.3734000000E-06
   14      6.9039310000E-04  -1.7518259200E-02   1.5140000000E-07  -3.3734000000E-06   4.7604009400E-02
   15      2.4585030000E-04   7.6805744000E-03   1.9517575000E-03   3.7000000000E-09  -7.6900000000E-08
   16      5.4873330000E-04   4.4347800000E-03  -2.6000000000E-09   1.9517276000E-03  -4.0753000000E-06
   17      9.7296800000E-05  -1.7995160600E-02  -9.6600000000E-08   1.0418700000E-05  -2.5282831700E-02
                   15                 16                 17        
     0     -1.2503352300E-02  -2.7000000000E-09   9.5000000000E-08
     1     -8.2000000000E-09  -1.2502863100E-02   1.1370300000E-05
     2      1.1860000000E-07  -6.3932000000E-06   2.7734910500E-02
     3      4.1263410000E-04  -2.7700000000E-08  -3.6200000000E-08
     4      1.1000000000E-09   9.9012410000E-04  -2.2862490000E-04
     5     -1.1160000000E-07  -8.8713677000E-03  -1.7994400000E-02
     6      8.3837390000E-04  -2.3760190000E-04  -2.0797050000E-04
     7     -2.4585190000E-04   5.4873850000E-04   9.7325800000E-05
     8     -7.6806579000E-03   4.4348430000E-03  -1.7995119800E-02
     9      8.3843590000E-04   2.3762990000E-04   2.0785490000E-04
    10      2.4585030000E-04   5.4873330000E-04   9.7296800000E-05
    11      7.6805744000E-03   4.4347800000E-03  -1.7995160600E-02
    12      1.9517575000E-03  -2.6000000000E-09  -9.6600000000E-08
    13      3.7000000000E-09   1.9517276000E-03   1.0418700000E-05
    14     -7.6900000000E-08  -4.0753000000E-06  -2.5282831700E-02
    15      8.4621509000E-03   5.0000000000E-09   1.5340000000E-07
    16      5.0000000000E-09   8.4635396000E-03   1.2213300000E-05
    17      1.5340000000E-07   1.2213300000E-05   5.1532601700E-02

$vibrational_frequencies
18
    0        0.0000000000000000
    1        0.0000000000000000
    2        0.0000000000000000
    3        0.0000000000000000
    4        0.0000000000000000
    5        0.0000000000000000
    6     -350.3058623264762446
    7      186.3586341298441482
    8      197.7828697632758974
    9      197.7920625665252885
   10     1012.0021455105345467
   11     1022.5359176768702127
   12     1022.6031971755728591
   13     1337.0023688452172337
   14     1337.1246402134308937
   15     3136.9860586158411024
   16     3227.1934054225225736
   17     3227.2312396678657933

$normal_modes
18 18
                    0                  1                  2                  3                  4        
    0      0.0000000000E+00   0.0000000000E+00   0.0000000000E+00   0.0000000000E+00   0.0000000000E+00
    1      0.0000000000E+00   0.0000000000E+00   0.0000000000E+00   0.0000000000E+00   0.0000000000E+00
    2      0.0000000000E+00   0.0000000000E+00   0.0000000000E+00   0.0000000000E+00   0.0000000000E+00
    3      0.0000000000E+00   0.0000000000E+00   0.0000000000E+00   0.0000000000E+00   0.0000000000E+00
    4      0.0000000000E+00   0.0000000000E+00   0.0000000000E+00   0.0000000000E+00   0.0000000000E+00
    5      0.0000000000E+00   0.0000000000E+00   0.0000000000E+00   0.0000000000E+00   0.0000000000E+00
    6      0.0000000000E+00   0.0000000000E+00   0.0000000000E+00   0.0000000000E+00   0.0000000000E+00
    7      0.0000000000E+00   0.0000000000E+00   0.0000000000E+00   0.0000000000E+00   0.0000000000E+00
    8      0.0000000000E+00   0.0000000000E+00   0.0000000000E+00   0.0000000000E+00   0.0000000000E+00
    9      0.0000000000E+00   0.0000000000E+00   0.0000000000E+00   0.0000000000E+00   0.0000000000E+00
   10      0.0000000000E+00   0.0000000000E+00   0.0000000000E+00   0.0000000000E+00   0.0000000000E+00
   11      0.0000000000E+00   0.0000000000E+00   0.0000000000E+00   0.0000000000E+00   0.0000000000E+00
   12      0.0000000000E+00   0.0000000000E+00   0.0000000000E+00   0.0000000000E+00   0.0000000000E+00
   13      0.0000000000E+00   0.0000000000E+00   0.0000000000E+00   0.0000000000E+00   0.0000000000E+00
   14      0.0000000000E+00   0.0000000000E+00   0.0000000000E+00   0.0000000000E+00   0.0000000000E+00
   15      0.0000000000E+00   0.0000000000E+00   0.0000000000E+00   0.0000000000E+00   0.0000000000E+00
   16      0.0000000000E+00   0.0000000000E+00   0.0000000000E+00   0.0000000000E+00   0.0000000000E+00
   17      0.0000000000E+00   0.0000000000E+00   0.0000000000E+00   0.0000000000E+00   0.0000000000E+00
                    5                  6                  7                  8                  9        
    0      0.0000000000E+00  -2.9969552915E-06  -5.2220542145E-06  -4.8664437419E-01  -7.9477169923E-04
    1      0.0000000000E+00   1.5799837774E-04   7.0827222949E-03   7.9473544357E-04  -4.8664968735E-01
    2      0.0000000000E+00  -9.8693028527E-01   1.8998362210E-01   8.6459381798E-07   2.4019435902E-04
    3      0.0000000000E+00  -3.9907995290E-07  -5.2811871673E-06  -5.0663618946E-01  -8.2731051926E-04
    4      0.0000000000E+00   2.9376593797E-02   8.4165198162E-03   8.0540226523E-04  -4.9313137393E-01
    5      0.0000000000E+00   2.1064480950E-02   2.8835723460E-01  -2.8315033950E-05   1.8271188250E-02
    6      0.0000000000E+00   2.5391067515E-02   1.2539526827E-03  -4.9648558415E-01  -6.6882008379E-03
    7      0.0000000000E+00  -1.4256825777E-02   6.9156063858E-03  -5.0484161074E-03  -5.0325211167E-01
    8      0.0000000000E+00   2.1071154664E-02   2.8873253005E-01   1.5329816748E-02  -8.2656471102E-03
    9      0.0000000000E+00  -2.5390581301E-02  -1.2640355528E-03  -4.9650478144E-01   5.0663836388E-03
   10      0.0000000000E+00  -1.4256084111E-02   6.9158830845E-03   6.6920024683E-03  -5.0323309035E-01
   11      0.0000000000E+00   2.1070543177E-02   2.8873359071E-01  -1.5300128895E-02  -8.3160682592E-03
   12      0.0000000000E+00   1.3350498394E-07   2.8671988225E-07   2.7105788295E-02   4.4268844510E-05
   13      0.0000000000E+00  -1.0249825697E-05  -3.9596223670E-04  -4.4265837246E-05   2.7106050146E-02
   14      0.0000000000E+00   5.4265891318E-02  -2.5029979264E-01   1.0078957715E-06  -4.6935841764E-04
   15      0.0000000000E+00   5.3498481340E-07   1.1797114447E-06   1.1048386910E-01   1.8043627482E-04
   16      0.0000000000E+00  -4.1395904827E-05  -1.6147847293E-03  -1.8043080138E-04   1.1048444813E-01
   17      0.0000000000E+00   1.3832302541E-01   8.0693877693E-01  -3.9395935900E-06   1.5506055930E-03
                   10                 11                 12                 13                 14        
    0      3.2166716452E-08   1.0670055163E-02   3.3093490185E-07  -2.7724390520E-06  -9.7882544654E-02
    1     -6.5361167181E-06  -3.7479910005E-07   1.0668388857E-02   9.7876063386E-02  -2.7657801991E-06
    2      1.0152203547E-02  -8.5837142764E-08  -1.4400871472E-06  -2.0562356220E-05   2.4943722817E-07
    3     -1.9428830197E-06  -6.2099083853E-02  -3.2422889133E-06   2.7491095458E-05   8.0739514036E-01
    4     -1.6317507511E-02   8.4471326496E-07  -1.9038617413E-02   5.8808497964E-02  -6.2420769213E-06
    5     -5.7688960965E-01   2.3772468170E-05  -8.1385616087E-01   7.0194210735E-02  -5.0042414790E-06
    6     -1.4112768255E-02  -2.9797650599E-02  -1.8661132849E-02  -3.7517158652E-01   1.5772334501E-01
    7      8.1793534893E-03  -1.8648797311E-02  -5.1344254864E-02  -5.9077088984E-01   3.7511538837E-01
    8     -5.7693227388E-01  -7.0481390400E-01   4.0687750411E-01  -3.5127015817E-02  -6.0794166919E-02
    9      1.4108713154E-02  -2.9793541831E-02   1.8660331036E-02   3.7517584598E-01   1.5769477078E-01
   10      8.1792557498E-03   1.8651795440E-02  -5.1340970162E-02  -5.9080017750E-01  -3.7507738660E-01
   11     -5.7693028339E-01   7.0479304585E-01   4.0691672812E-01  -3.5125686150E-02   6.0795642839E-02
   12      1.7506243492E-08  -2.1716681944E-03  -5.9525977353E-08   4.6789737769E-09   4.5217792045E-05
   13      2.0093692913E-07   6.2623467544E-08  -2.1714660048E-03  -4.5079307819E-05  -3.6953158113E-09
   14      6.1789360646E-03   4.9885529870E-10   5.3057137106E-08  -1.0703302522E-06   1.8809284595E-09
   15      9.6975467286E-08   7.6182681242E-03   2.1593212866E-07   1.9785050858E-08   1.0756027371E-03
   16      3.2651284122E-07  -2.0643644873E-07   7.6190632847E-03  -1.0753437858E-03   4.7244278157E-08
   17      2.3652528160E-02  -5.5565004566E-08   2.0587257080E-06   1.2460399185E-05   9.0787081020E-09
                   15                 16                 17        
     0     -1.8718317975E-08   2.6054766674E-05  -9.8456444095E-02
     1      2.1991211797E-05  -9.8460532980E-02  -2.6065812346E-05
     2      4.2146452892E-03   9.3119469423E-07   3.3827735758E-07
     3      3.2805993396E-09   1.4447422070E-05  -3.7979188668E-02
     4      5.7698917686E-01   8.1132221381E-01   2.1897077980E-04
     5     -1.6010103816E-02  -2.6300198137E-02  -6.9612051303E-06
     6      4.9981972151E-01  -3.6776749428E-01   5.9881564920E-01
     7     -2.8866690173E-01   1.7439249765E-01  -3.6766760617E-01
     8     -1.6020121961E-02   1.3151908053E-02  -2.2767159642E-02
     9     -4.9981938664E-01   3.6744603240E-01   5.9901848465E-01
    10     -2.8866671217E-01   1.7419021570E-01   3.6775563132E-01
    11     -1.6016595436E-02   1.3137062345E-02   2.2770080632E-02
    12     -5.7606799673E-09  -8.9058671402E-09   5.0785079552E-05
    13      3.0036921022E-07   5.0769402089E-05   1.7237186165E-08
    14     -2.9719930796E-05  -6.6745239539E-09   2.0191949874E-10
    15      1.7346780143E-08  -6.6089647900E-08   1.9693506028E-04
    16      1.2675723082E-06   1.9695534723E-04   4.0537542397E-08
    17      4.4581570849E-05   2.7641630501E-08  -4.5514495984E-10

#
# The atoms: label  mass x y z (in bohrs)
#
$atoms
6
 C     12.01100      0.000000000358     0.000007008109    -2.612146834403
 H      1.00800     -0.000000004932     2.015107753801    -2.681883542627
 H      1.00800      1.745128929600    -1.007541825351    -2.681882942294
 H      1.00800     -1.745128926719    -1.007541817989    -2.681882917700
 I    126.90000     -0.000000005460    -0.000001064670     2.233386098666
 Cl    35.45300      0.000000019480     0.000000751105    -6.880438487430

$actual_temperature
  0.000000

$frequency_scale_factor
  1.000000


$end

