
$orca_hessian_file

$act_atom
  0

$act_coord
  0

$act_energy
      -12.265481

$multiplicity
  1

$hessian
18
                    0                  1                  2                  3                  4        
    0      5.4714508780E-01  -2.5700000000E-08  -1.9852000000E-06  -4.4212380900E-02  -1.4055000000E-06
    1     -2.5700000000E-08   5.4714340070E-01  -6.6975000000E-06  -1.4076000000E-06  -3.0604209100E-01
    2     -1.9852000000E-06  -6.6975000000E-06  -3.8998034400E-02   2.6800000000E-08  -7.6059933000E-03
    3     -4.4212380900E-02  -1.4076000000E-06   2.6800000000E-08   4.2424740400E-02   1.5387000000E-06
    4     -1.4055000000E-06  -3.0604209100E-01  -7.6059933000E-03   1.5387000000E-06   3.2988341240E-01
    5      7.3500000000E-08  -1.0402643500E-02  -7.9176901000E-03   7.8000000000E-09   7.0661899000E-03
    6     -2.4058707160E-01   1.1338188930E-01  -6.6127114000E-03   7.5373770000E-04  -3.7183060000E-04
    7      1.1337815580E-01  -1.0967238360E-01   3.8119285000E-03   2.4058748200E-02  -1.2914591000E-02
    8     -9.0094147000E-03   5.2021615000E-03  -7.9176032000E-03  -3.1833470000E-04  -3.1966910000E-04
    9     -2.4058928090E-01  -1.1338045790E-01   6.6143316000E-03   7.5348120000E-04   3.7169220000E-04
   10     -1.1337672190E-01  -1.0966999360E-01   3.8126947000E-03  -2.4058902600E-02  -1.2914348400E-02
   11      9.0111019000E-03   5.2028393000E-03  -7.9177622000E-03   3.1832190000E-04  -3.1966830000E-04
   12     -9.9868179000E-03   5.0000000000E-09   1.6360000000E-07  -3.0140360000E-04  -9.0000000000E-10
   13     -1.5000000000E-09  -9.9880245000E-03  -5.9102000000E-06   3.5900000000E-08   3.2190230000E-04
   14      8.2500000000E-08   1.9780000000E-07   2.8193839900E-02  -1.0500000000E-08   2.9700190000E-04
   15     -1.1769536500E-02  -3.1000000000E-09   1.7450000000E-07   5.8182510000E-04   6.0000000000E-09
   16     -1.3000000000E-09  -1.1770908000E-02  -6.0221000000E-06  -1.2700000000E-08   1.6657157000E-03
   17      1.4200000000E-07   4.1424000000E-06   3.4557250000E-02  -1.1300000000E-08   8.8213890000E-04
                    5                  6                  7                  8                  9        
    0      7.3500000000E-08  -2.4058707160E-01   1.1337815580E-01  -9.0094147000E-03  -2.4058928090E-01
    1     -1.0402643500E-02   1.1338188930E-01  -1.0967238360E-01   5.2021615000E-03  -1.1338045790E-01
    2     -7.9176901000E-03  -6.6127114000E-03   3.8119285000E-03  -7.9176032000E-03   6.6143316000E-03
    3      7.8000000000E-09   7.5373770000E-04   2.4058748200E-02  -3.1833470000E-04   7.5348120000E-04
    4      7.0661899000E-03  -3.7183060000E-04  -1.2914591000E-02  -3.1966910000E-04   3.7169220000E-04
    5      3.4300543600E-02  -4.3371350000E-04  -1.1585530000E-04  -2.1601090000E-04   4.3370560000E-04
    6     -4.3371350000E-04   2.5806234280E-01  -1.2449460630E-01   6.1231324000E-03  -1.9778698100E-02
    7     -1.1585530000E-04  -1.2449460630E-01   1.1429867410E-01  -3.5349269000E-03  -1.2209476900E-02
    8     -2.1601090000E-04   6.1231324000E-03  -3.5349269000E-03   3.4300564000E-02   1.1598610000E-04
    9      4.3370560000E-04  -1.9778698100E-02  -1.2209476900E-02   1.1598610000E-04   2.5806480870E-01
   10     -1.1569100000E-04   1.2209757400E-02   7.5909860000E-03   4.3472020000E-04   1.2449305200E-01
   11     -2.1601590000E-04  -1.1584000000E-04   4.3480270000E-04  -2.1600860000E-04  -6.1247440000E-03
   12     -9.8000000000E-09   1.6096010000E-04  -2.6692640000E-04   7.8100532000E-03   1.6091780000E-04
   13      9.0190677000E-03  -2.6310480000E-04  -1.5017830000E-04  -4.5087227000E-03   2.6307120000E-04
   14     -1.6603197900E-02   2.5779900000E-04  -1.4876240000E-04  -1.6603256300E-02  -2.5788150000E-04
   15     -6.3600000000E-08   1.3887291000E-03  -4.6589440000E-04  -4.7214223000E-03   1.3887713000E-03
   16     -5.4510679000E-03  -4.6210510000E-04   8.4749290000E-04   2.7264371000E-03   4.6211940000E-04
   17     -9.3476288000E-03   7.8133340000E-04  -4.4718660000E-04  -9.3476850000E-03  -7.8139780000E-04
                   10                 11                 12                 13                 14        
    0     -1.1337672190E-01   9.0111019000E-03  -9.9868179000E-03  -1.5000000000E-09   8.2500000000E-08
    1     -1.0966999360E-01   5.2028393000E-03   5.0000000000E-09  -9.9880245000E-03   1.9780000000E-07
    2      3.8126947000E-03  -7.9177622000E-03   1.6360000000E-07  -5.9102000000E-06   2.8193839900E-02
    3     -2.4058902600E-02   3.1832190000E-04  -3.0140360000E-04   3.5900000000E-08  -1.0500000000E-08
    4     -1.2914348400E-02  -3.1966830000E-04  -9.0000000000E-10   3.2190230000E-04   2.9700190000E-04
    5     -1.1569100000E-04  -2.1601590000E-04  -9.8000000000E-09   9.0190677000E-03  -1.6603197900E-02
    6      1.2209757400E-02  -1.1584000000E-04   1.6096010000E-04  -2.6310480000E-04   2.5779900000E-04
    7      7.5909860000E-03   4.3480270000E-04  -2.6692640000E-04  -1.5017830000E-04  -1.4876240000E-04
    8      4.3472020000E-04  -2.1600860000E-04   7.8100532000E-03  -4.5087227000E-03  -1.6603256300E-02
    9      1.2449305200E-01  -6.1247440000E-03   1.6091780000E-04   2.6307120000E-04  -2.5788150000E-04
   10      1.1429605840E-01  -3.5357368000E-03   2.6692690000E-04  -1.5018490000E-04  -1.4879250000E-04
   11     -3.5357368000E-03   3.4300654300E-02  -7.8102172000E-03  -4.5086330000E-03  -1.6603168600E-02
   12      2.6692690000E-04  -7.8102172000E-03   7.6810715000E-03  -2.2000000000E-09   9.0300000000E-08
   13     -1.5018490000E-04  -4.5086330000E-03  -2.2000000000E-09   7.6811715000E-03   2.1960000000E-07
   14     -1.4879250000E-04  -1.6603168600E-02   9.0300000000E-08   2.1960000000E-07   3.9584389000E-02
   15      4.6588810000E-04   4.7213773000E-03   2.2852721000E-03   1.4000000000E-09  -7.9800000000E-08
   16      8.4748260000E-04   2.7263960000E-03  -2.4000000000E-09   2.2853138000E-03   1.3560000000E-07
   17     -4.4719450000E-04  -9.3476990000E-03  -8.0100000000E-08   3.9785000000E-06  -1.7968606200E-02
                   15                 16                 17        
     0     -1.1769536500E-02  -1.3000000000E-09   1.4200000000E-07
     1     -3.1000000000E-09  -1.1770908000E-02   4.1424000000E-06
     2      1.7450000000E-07  -6.0221000000E-06   3.4557250000E-02
     3      5.8182510000E-04  -1.2700000000E-08  -1.1300000000E-08
     4      6.0000000000E-09   1.6657157000E-03   8.8213890000E-04
     5     -6.3600000000E-08  -5.4510679000E-03  -9.3476288000E-03
     6      1.3887291000E-03  -4.6210510000E-04   7.8133340000E-04
     7     -4.6589440000E-04   8.4749290000E-04  -4.4718660000E-04
     8     -4.7214223000E-03   2.7264371000E-03  -9.3476850000E-03
     9      1.3887713000E-03   4.6211940000E-04  -7.8139780000E-04
    10      4.6588810000E-04   8.4748260000E-04  -4.4719450000E-04
    11      4.7213773000E-03   2.7263960000E-03  -9.3476990000E-03
    12      2.2852721000E-03  -2.4000000000E-09  -8.0100000000E-08
    13      1.4000000000E-09   2.2853138000E-03   3.9785000000E-06
    14     -7.9800000000E-08   1.3560000000E-07  -1.7968606200E-02
    15      6.1249390000E-03   2.0000000000E-09   1.3900000000E-08
    16      2.0000000000E-09   6.1249029000E-03   4.1213000000E-06
    17      1.3900000000E-08   4.1213000000E-06   1.1454368900E-02

$vibrational_frequencies
18
    0        0.0000000000000000
    1        0.0000000000000000
    2        0.0000000000000000
    3        0.0000000000000000
    4        0.0000000000000000
    5        0.0000000000000000
    6     -333.9909475288883414
    7      138.4250230230802003
    8      188.4885602139912066
    9      188.4891860751746719
   10      949.7987058099112119
   11      949.7994829945859010
   12      952.1316303090769679
   13     1357.6827259459168999
   14     1357.6988538679038356
   15     2995.9193707187246218
   16     3080.5341448953577128
   17     3080.5561163992438196

$normal_modes
18 18
                    0                  1                  2                  3                  4        
    0      0.0000000000E+00   0.0000000000E+00   0.0000000000E+00   0.0000000000E+00   0.0000000000E+00
    1      0.0000000000E+00   0.0000000000E+00   0.0000000000E+00   0.0000000000E+00   0.0000000000E+00
    2      0.0000000000E+00   0.0000000000E+00   0.0000000000E+00   0.0000000000E+00   0.0000000000E+00
    3      0.0000000000E+00   0.0000000000E+00   0.0000000000E+00   0.0000000000E+00   0.0000000000E+00
    4      0.0000000000E+00   0.0000000000E+00   0.0000000000E+00   0.0000000000E+00   0.0000000000E+00
    5      0.0000000000E+00   0.0000000000E+00   0.0000000000E+00   0.0000000000E+00   0.0000000000E+00
    6      0.0000000000E+00   0.0000000000E+00   0.0000000000E+00   0.0000000000E+00   0.0000000000E+00
    7      0.0000000000E+00   0.0000000000E+00   0.0000000000E+00   0.0000000000E+00   0.0000000000E+00
    8      0.0000000000E+00   0.0000000000E+00   0.0000000000E+00   0.0000000000E+00   0.0000000000E+00
    9      0.0000000000E+00   0.0000000000E+00   0.0000000000E+00   0.0000000000E+00   0.0000000000E+00
   10      0.0000000000E+00   0.0000000000E+00   0.0000000000E+00   0.0000000000E+00   0.0000000000E+00
   11      0.0000000000E+00   0.0000000000E+00   0.0000000000E+00   0.0000000000E+00   0.0000000000E+00
   12      0.0000000000E+00   0.0000000000E+00   0.0000000000E+00   0.0000000000E+00   0.0000000000E+00
   13      0.0000000000E+00   0.0000000000E+00   0.0000000000E+00   0.0000000000E+00   0.0000000000E+00
   14      0.0000000000E+00   0.0000000000E+00   0.0000000000E+00   0.0000000000E+00   0.0000000000E+00
   15      0.0000000000E+00   0.0000000000E+00   0.0000000000E+00   0.0000000000E+00   0.0000000000E+00
   16      0.0000000000E+00   0.0000000000E+00   0.0000000000E+00   0.0000000000E+00   0.0000000000E+00
   17      0.0000000000E+00   0.0000000000E+00   0.0000000000E+00   0.0000000000E+00   0.0000000000E+00
                    5                  6                  7                  8                  9        
    0      0.0000000000E+00   3.7613414016E-06   1.3368196190E-06   4.8813576912E-01  -2.6997020696E-03
    1      0.0000000000E+00  -1.4371804282E-04   3.4143717770E-04  -2.6996927942E-03  -4.8813934674E-01
    2      0.0000000000E+00   9.5429513274E-01   3.5294842619E-01  -2.4732428627E-06  -6.1223068347E-05
    3      0.0000000000E+00   1.8096171752E-06   1.0988946213E-06   5.0397530059E-01  -2.7874188217E-03
    4      0.0000000000E+00   1.8888860067E-02   2.8204827358E-03  -2.7310992351E-03  -4.9380487529E-01
    5      0.0000000000E+00   1.3120510187E-01   1.8386344365E-01  -2.3062582917E-04  -4.1400902239E-02
    6      0.0000000000E+00   1.6582820847E-02   2.1206704992E-03   4.9630368506E-01  -7.1712442714E-03
    7      0.0000000000E+00  -9.6372975371E-03  -8.9568424320E-04   1.6472830255E-03  -5.0143574250E-01
    8      0.0000000000E+00   1.3120250621E-01   1.8382539998E-01   3.5950425292E-02   2.0479651393E-02
    9      0.0000000000E+00  -1.6580434914E-02  -2.1188937273E-03   4.9635233728E-01   1.6812987090E-03
   10      0.0000000000E+00  -9.6380097292E-03  -8.9592715916E-04  -7.1934000948E-03  -5.0138693686E-01
   11      0.0000000000E+00   1.3120385571E-01   1.8382708861E-01  -3.5725558561E-02   2.0875293143E-02
   12      0.0000000000E+00  -1.8911850997E-07  -7.3767274424E-08  -2.7962265276E-02   1.5465043831E-04
   13      0.0000000000E+00   8.0797656588E-06  -1.9483582298E-05   1.5464872668E-04   2.7962405125E-02
   14      0.0000000000E+00  -4.1271666778E-02  -2.7157545805E-01   9.0811776083E-08  -1.7712156131E-05
   15      0.0000000000E+00  -7.1665153124E-07  -2.7061589148E-07  -1.0783831080E-01   5.9641114250E-04
   16      0.0000000000E+00   3.0756605281E-05  -7.5187929140E-05   5.9640991652E-04   1.0783891514E-01
   17      0.0000000000E+00  -1.8676627311E-01   8.3681871831E-01   6.7659369347E-07   8.5446880432E-05
                   10                 11                 12                 13                 14        
    0     -5.7204438286E-03   1.0712154475E-04  -3.5657434008E-08  -8.7144431101E-05   9.7880509636E-02
    1      1.0712212408E-04   5.7187702428E-03  -4.7016718385E-06  -9.7877817994E-02  -8.7148768014E-05
    2     -6.7339265099E-07  -1.6571172880E-05  -3.1246028062E-02  -8.8832237155E-06  -2.6338209567E-07
    3     -1.1773245197E-02   2.1916562226E-04   2.2170341371E-06   7.1727083479E-04  -8.1067949065E-01
    4      5.1744001724E-04   2.7639754889E-02  -1.2797991883E-02  -5.5333520042E-02  -4.4690905244E-05
    5     -1.5259856899E-02  -8.1544154688E-01   5.7733041222E-01   4.5071216991E-03   6.8399357443E-06
    6     -2.3809745021E-02  -6.4268501754E-03  -1.1086353921E-02   3.7509470286E-01  -1.6086716595E-01
    7      7.1716571040E-03   1.5633215860E-02   6.3629093285E-03   5.9453248857E-01  -3.7445191815E-01
    8      7.1413080253E-01   3.9498704304E-01   5.7660593953E-01  -2.2217819228E-03  -3.8660678220E-03
    9     -2.3557195312E-02   7.3153264179E-03   1.1091101442E-02  -3.7480310562E-01  -1.6152704933E-01
   10     -6.5808486572E-03   1.5893110483E-02   6.3630902831E-03   5.9387258863E-01   3.7550545089E-01
   11     -6.9882674852E-01   4.2144333157E-01   5.7662707937E-01  -2.2259362966E-03   3.8633559587E-03
   12      2.5602623727E-03  -4.7940187672E-05  -5.6330570929E-08   6.0833933460E-08  -7.3127038491E-05
   13     -4.7942616910E-05  -2.5602842663E-03   1.7050427048E-06   7.3074872441E-05   6.8872920706E-08
   14     -1.8761945001E-07  -3.9056741955E-06  -6.8078829608E-03  -1.3349924587E-07  -6.4467746104E-09
   15     -5.5446855628E-03   1.0381265174E-04   1.5692866174E-08   6.2146808314E-07  -6.8329011610E-04
   16      1.0380390381E-04   5.5445946500E-03  -2.4632592290E-06   6.8262604030E-04   5.9490907316E-07
   17     -3.5691386965E-07  -8.5203492052E-06  -1.4249613510E-02   1.7984020203E-06  -5.0635746750E-09
                   15                 16                 17        
     0     -1.2890779495E-07  -3.5934729742E-04  -9.8291042421E-02
     1      1.7760891251E-04  -9.8292191142E-02   3.5934196923E-04
     2      3.2747115496E-03   1.1278720762E-05   2.9415533525E-07
     3     -1.6977811696E-07  -1.3830268976E-04  -3.9056520939E-02
     4     -5.7860257433E-01   8.1021920217E-01  -2.9567359467E-03
     5     -1.2152424177E-02   2.1456530376E-02  -7.8178103846E-05
     6     -4.9927495492E-01  -3.6697945111E-01   6.0006789143E-01
     7      2.8828343510E-01   1.7274168830E-01  -3.6885981547E-01
     8     -1.2097343728E-02  -1.0702967681E-02   1.8648942669E-02
     9      4.9927652140E-01   3.7135269573E-01   5.9737465233E-01
    10      2.8828453555E-01   1.7542627953E-01   3.6758158238E-01
    11     -1.2100927062E-02  -1.0841434012E-02  -1.8574450023E-02
    12      5.6770463033E-09   1.3802024419E-07   3.6738600396E-05
    13     -2.8582568390E-07   3.6774030084E-05  -1.3011361995E-07
    14      4.2357424867E-06   5.4251330312E-09   1.3405072315E-10
    15     -1.6359257471E-08   8.4010250834E-07   2.3294139033E-04
    16     -1.3005629821E-06   2.3317112894E-04  -8.6582753104E-07
    17     -9.1066358720E-05  -1.3421396492E-06   4.6492710882E-09

#
# The atoms: label  mass x y z (in bohrs)
#
$atoms
6
 C     12.01100      0.000000066979     0.000002240664    -2.634455897641
 H      1.00800      0.000000070041     2.042577768772    -2.564786794146
 H      1.00800      1.768923290784    -1.021284645044    -2.564786062063
 H      1.00800     -1.768923198088    -1.021284672402    -2.564786001677
 I    126.90000     -0.000000010641    -0.000000269893     2.337301153080
 Cl    35.45300      0.000000010768    -0.000000033342    -7.254820545810

$actual_temperature
  0.000000

$frequency_scale_factor
  1.000000


$end

