
$orca_hessian_file

$act_atom
  0

$act_coord
  0

$act_energy
      -12.272091

$multiplicity
  1

$hessian
18
                    0                  1                  2                  3                  4        
    0      5.9294519400E-01   5.8000000000E-09  -2.1108000000E-06  -4.1273056300E-02  -1.5224000000E-06
    1      5.8000000000E-09   5.9294889750E-01  -7.5504000000E-06  -1.5130000000E-06  -3.3783882550E-01
    2     -2.1108000000E-06  -7.5504000000E-06  -4.9949382100E-02   1.2440000000E-07   1.0767989400E-02
    3     -4.1273056300E-02  -1.5130000000E-06   1.2440000000E-07   4.0952634000E-02   1.6582000000E-06
    4     -1.5224000000E-06  -3.3783882550E-01   1.0767989400E-02   1.6582000000E-06   3.6291359120E-01
    5      1.9330000000E-07   1.1868584200E-02  -2.6192128000E-03  -5.1000000000E-08  -9.6153867000E-03
    6     -2.6369914740E-01   1.2842568740E-01   9.3308650000E-03  -1.7757100000E-04  -2.4555370000E-04
    7      1.2841935120E-01  -1.1542230070E-01  -5.3745937000E-03   2.3746527800E-02  -1.3756336200E-02
    8      1.0277725900E-02  -5.9348974000E-03  -2.6189152000E-03  -9.4118410000E-04   2.7617460000E-04
    9     -2.6370196260E-01  -1.2842417730E-01  -9.3291810000E-03  -1.7781840000E-04   2.4542040000E-04
   10     -1.2841782930E-01  -1.1541961000E-01  -5.3735698000E-03  -2.3746681900E-02  -1.3756092800E-02
   11     -1.0275973900E-02  -5.9339305000E-03  -2.6188515000E-03   9.4118780000E-04   2.7617380000E-04
   12     -1.1682276500E-02   5.6000000000E-09   1.6660000000E-07   2.6056620000E-04  -3.2000000000E-09
   13     -2.5000000000E-09  -1.1680481300E-02  -5.6502000000E-06   3.7400000000E-08   1.4738818000E-03
   14      7.0500000000E-08  -3.9041000000E-06   3.0216635200E-02  -3.4000000000E-08  -1.4115483000E-03
   15     -1.2588751100E-02  -8.6000000000E-09   1.3590000000E-07   4.1524540000E-04   8.0000000000E-10
   16     -2.9000000000E-09  -1.2587679900E-02  -6.6254000000E-06  -2.8500000000E-08   9.6378140000E-04
   17      9.5000000000E-08   1.1698300000E-05   2.7589726500E-02  -4.3100000000E-08  -2.9340290000E-04
                    5                  6                  7                  8                  9        
    0      1.9330000000E-07  -2.6369914740E-01   1.2841935120E-01   1.0277725900E-02  -2.6370196260E-01
    1      1.1868584200E-02   1.2842568740E-01  -1.1542230070E-01  -5.9348974000E-03  -1.2842417730E-01
    2     -2.6192128000E-03   9.3308650000E-03  -5.3745937000E-03  -2.6189152000E-03  -9.3291810000E-03
    3     -5.1000000000E-08  -1.7757100000E-04   2.3746527800E-02  -9.4118410000E-04  -1.7781840000E-04
    4     -9.6153867000E-03  -2.4555370000E-04  -1.3756336200E-02   2.7617460000E-04   2.4542040000E-04
    5      3.9764240100E-02  -2.3004520000E-04  -9.5175410000E-04  -6.7363300000E-04   2.3003630000E-04
    6     -2.3004520000E-04   2.8240351350E-01  -1.3942573790E-01  -8.3269025000E-03  -2.0510190900E-02
    7     -9.5175410000E-04  -1.3942573790E-01   1.2145850270E-01   4.8079739000E-03  -1.1985196600E-02
    8     -6.7363300000E-04  -8.3269025000E-03   4.8079739000E-03   3.9761573400E-02  -7.0932250000E-04
    9      2.3003630000E-04  -2.0510190900E-02  -1.1985196600E-02  -7.0932250000E-04   2.8240653850E-01
   10     -9.5159220000E-04   1.1985480000E-02   6.6200728000E-03   6.7749540000E-04   1.3942408490E-01
   11     -6.7363830000E-04   7.0947990000E-04   6.7756730000E-04  -6.7088360000E-04   8.3252530000E-03
   12     -1.8800000000E-08   1.1643850000E-03  -5.2179990000E-04   7.5312874000E-03   1.1643598000E-03
   13      8.6961908000E-03  -5.1457500000E-04   5.5672420000E-04  -4.3489110000E-03   5.1453910000E-04
   14     -1.7471338000E-02  -1.2190153000E-03   7.1160640000E-04  -1.7471143300E-02   1.2189352000E-03
   15     -1.1460000000E-07   8.1901070000E-04  -2.3314460000E-04  -7.8316042000E-03   8.1907360000E-04
   16     -9.0460421000E-03  -2.2530080000E-04   5.4333720000E-04   4.5221645000E-03   2.2532940000E-04
   17     -1.8326417900E-02  -2.6438180000E-04   1.2920020000E-04  -1.8326998200E-02   2.6427900000E-04
                   10                 11                 12                 13                 14        
    0     -1.2841782930E-01  -1.0275973900E-02  -1.1682276500E-02  -2.5000000000E-09   7.0500000000E-08
    1     -1.1541961000E-01  -5.9339305000E-03   5.6000000000E-09  -1.1680481300E-02  -3.9041000000E-06
    2     -5.3735698000E-03  -2.6188515000E-03   1.6660000000E-07  -5.6502000000E-06   3.0216635200E-02
    3     -2.3746681900E-02   9.4118780000E-04   2.6056620000E-04   3.7400000000E-08  -3.4000000000E-08
    4     -1.3756092800E-02   2.7617380000E-04  -3.2000000000E-09   1.4738818000E-03  -1.4115483000E-03
    5     -9.5159220000E-04  -6.7363830000E-04  -1.8800000000E-08   8.6961908000E-03  -1.7471338000E-02
    6      1.1985480000E-02   7.0947990000E-04   1.1643850000E-03  -5.1457500000E-04  -1.2190153000E-03
    7      6.6200728000E-03   6.7756730000E-04  -5.2179990000E-04   5.5672420000E-04   7.1160640000E-04
    8      6.7749540000E-04  -6.7088360000E-04   7.5312874000E-03  -4.3489110000E-03  -1.7471143300E-02
    9      1.3942408490E-01   8.3252530000E-03   1.1643598000E-03   5.1453910000E-04   1.2189352000E-03
   10      1.2145558490E-01   4.8069075000E-03   5.2180280000E-04   5.5671300000E-04   7.1157380000E-04
   11      4.8069075000E-03   3.9761465200E-02  -7.5314652000E-03  -4.3488188000E-03  -1.7471064500E-02
   12      5.2180280000E-04  -7.5314652000E-03   7.1549275000E-03  -2.8000000000E-09   1.3410000000E-07
   13      5.5671300000E-04  -4.3488188000E-03  -2.8000000000E-09   7.1550779000E-03  -3.5196000000E-06
   14      7.1157380000E-04  -1.7471064500E-02   1.3410000000E-07  -3.5196000000E-06   4.7626790700E-02
   15      2.3314340000E-04   7.8315184000E-03   1.9380380000E-03   3.8000000000E-09  -9.0500000000E-08
   16      5.4333210000E-04   4.5221007000E-03  -2.5000000000E-09   1.9380844000E-03  -4.2082000000E-06
   17      1.2918530000E-04  -1.8327027200E-02  -1.0410000000E-07   1.0708700000E-05  -2.5429880000E-02
                   15                 16                 17        
     0     -1.2588751100E-02  -2.9000000000E-09   9.5000000000E-08
     1     -8.6000000000E-09  -1.2587679900E-02   1.1698300000E-05
     2      1.3590000000E-07  -6.6254000000E-06   2.7589726500E-02
     3      4.1524540000E-04  -2.8500000000E-08  -4.3100000000E-08
     4      8.0000000000E-10   9.6378140000E-04  -2.9340290000E-04
     5     -1.1460000000E-07  -9.0460421000E-03  -1.8326417900E-02
     6      8.1901070000E-04  -2.2530080000E-04  -2.6438180000E-04
     7     -2.3314460000E-04   5.4333720000E-04   1.2920020000E-04
     8     -7.8316042000E-03   4.5221645000E-03  -1.8326998200E-02
     9      8.1907360000E-04   2.2532940000E-04   2.6427900000E-04
    10      2.3314340000E-04   5.4333210000E-04   1.2918530000E-04
    11      7.8315184000E-03   4.5221007000E-03  -1.8327027200E-02
    12      1.9380380000E-03  -2.5000000000E-09  -1.0410000000E-07
    13      3.8000000000E-09   1.9380844000E-03   1.0708700000E-05
    14     -9.0500000000E-08  -4.2082000000E-06  -2.5429880000E-02
    15      8.5973834000E-03   5.3000000000E-09   1.5500000000E-07
    16      5.3000000000E-09   8.5991448000E-03   1.2610400000E-05
    17      1.5500000000E-07   1.2610400000E-05   5.2820596900E-02

$vibrational_frequencies
18
    0        0.0000000000000000
    1        0.0000000000000000
    2        0.0000000000000000
    3        0.0000000000000000
    4        0.0000000000000000
    5        0.0000000000000000
    6     -351.6031581927692855
    7      187.3372074711562618
    8      197.9504560472675507
    9      197.9624309069163246
   10     1013.2216877761624119
   11     1024.5672725425206409
   12     1024.6393233322628475
   13     1335.9901521760948526
   14     1336.0771157415413199
   15     3141.8916681000273456
   16     3232.2765512195355768
   17     3232.3139643495314886

$normal_modes
18 18
                    0                  1                  2                  3                  4        
    0      0.0000000000E+00   0.0000000000E+00   0.0000000000E+00   0.0000000000E+00   0.0000000000E+00
    1      0.0000000000E+00   0.0000000000E+00   0.0000000000E+00   0.0000000000E+00   0.0000000000E+00
    2      0.0000000000E+00   0.0000000000E+00   0.0000000000E+00   0.0000000000E+00   0.0000000000E+00
    3      0.0000000000E+00   0.0000000000E+00   0.0000000000E+00   0.0000000000E+00   0.0000000000E+00
    4      0.0000000000E+00   0.0000000000E+00   0.0000000000E+00   0.0000000000E+00   0.0000000000E+00
    5      0.0000000000E+00   0.0000000000E+00   0.0000000000E+00   0.0000000000E+00   0.0000000000E+00
    6      0.0000000000E+00   0.0000000000E+00   0.0000000000E+00   0.0000000000E+00   0.0000000000E+00
    7      0.0000000000E+00   0.0000000000E+00   0.0000000000E+00   0.0000000000E+00   0.0000000000E+00
    8      0.0000000000E+00   0.0000000000E+00   0.0000000000E+00   0.0000000000E+00   0.0000000000E+00
    9      0.0000000000E+00   0.0000000000E+00   0.0000000000E+00   0.0000000000E+00   0.0000000000E+00
   10      0.0000000000E+00   0.0000000000E+00   0.0000000000E+00   0.0000000000E+00   0.0000000000E+00
   11      0.0000000000E+00   0.0000000000E+00   0.0000000000E+00   0.0000000000E+00   0.0000000000E+00
   12      0.0000000000E+00   0.0000000000E+00   0.0000000000E+00   0.0000000000E+00   0.0000000000E+00
   13      0.0000000000E+00   0.0000000000E+00   0.0000000000E+00   0.0000000000E+00   0.0000000000E+00
   14      0.0000000000E+00   0.0000000000E+00   0.0000000000E+00   0.0000000000E+00   0.0000000000E+00
   15      0.0000000000E+00   0.0000000000E+00   0.0000000000E+00   0.0000000000E+00   0.0000000000E+00
   16      0.0000000000E+00   0.0000000000E+00   0.0000000000E+00   0.0000000000E+00   0.0000000000E+00
   17      0.0000000000E+00   0.0000000000E+00   0.0000000000E+00   0.0000000000E+00   0.0000000000E+00
                    5                  6                  7                  8                  9        
    0      0.0000000000E+00  -3.5102313346E-06  -2.3711549028E-06   4.8656855466E-01   6.8031377766E-04
    1      0.0000000000E+00   1.5933498028E-04   7.8041417762E-03  -6.8027938454E-04   4.8657815753E-01
    2      0.0000000000E+00  -9.8666012606E-01   1.8768721880E-01  -1.3715579302E-06  -2.7467942804E-04
    3      0.0000000000E+00  -1.0710877578E-06  -2.1089494950E-06   5.0669893859E-01   7.0835560637E-04
    4      0.0000000000E+00   2.9001505352E-02   9.3050705929E-03  -6.8927451140E-04   4.9295682184E-01
    5      0.0000000000E+00   2.6610482791E-02   2.9277005870E-01   2.9242640600E-05  -2.2193860627E-02
    6      0.0000000000E+00   2.5066319827E-02   1.4078241292E-03   4.9636236549E-01   6.6664484417E-03
    7      0.0000000000E+00  -1.4064460289E-02   7.5888367839E-03   5.2594842222E-03   5.0324212470E-01
    8      0.0000000000E+00   2.6613452779E-02   2.9327766116E-01  -1.8656432156E-02   1.0116001885E-02
    9      0.0000000000E+00  -2.5067012437E-02  -1.4119568770E-03   4.9637907714E-01  -5.2783220851E-03
   10      0.0000000000E+00  -1.4063623373E-02   7.5888863338E-03  -6.6665406358E-03   5.0322564529E-01
   11      0.0000000000E+00   2.6611919755E-02   2.9327883175E-01   1.8625011148E-02   1.0168500717E-02
   12      0.0000000000E+00   1.6397213941E-07   1.2620436476E-07  -2.7055795322E-02  -3.7829567768E-05
   13      0.0000000000E+00  -1.0244477187E-05  -4.3546102104E-04   3.7826594186E-05  -2.7056249401E-02
   14      0.0000000000E+00   5.4309696201E-02  -2.4907495837E-01  -7.5749167808E-07   5.2024451989E-04
   15      0.0000000000E+00   6.5244496269E-07   5.2904517410E-07  -1.1063183336E-01  -1.5468170401E-04
   16      0.0000000000E+00  -4.2144736891E-05  -1.7813499383E-03   1.5467640137E-04  -1.1063301243E-01
   17      0.0000000000E+00   1.3760188938E-01   8.0294868890E-01   3.2379564783E-06  -1.7148117811E-03
                   10                 11                 12                 13                 14        
    0     -5.1907764055E-08   9.8929977162E-03  -1.0794400922E-06   4.0526267081E-06   9.7976805395E-02
    1      8.2282901407E-06  -1.1235944151E-06  -9.8851263683E-03  -9.7969196331E-02   4.0456144720E-06
    2     -9.4318627100E-03  -1.5845643327E-07   1.2587967315E-06   2.0811475562E-05  -2.3064518853E-07
    3      2.1426913136E-06  -6.1533950110E-02   8.0437455228E-06  -3.8021957297E-05  -8.0749791624E-01
    4      1.5769919805E-02   2.3603373709E-06   1.8969380064E-02  -5.8813815275E-02   6.9825117507E-06
    5      5.7684968446E-01   8.9326229257E-05   8.1394724014E-01  -6.8855426902E-02   5.8536100252E-06
    6      1.3635317374E-02  -2.9598587952E-02   1.8433079700E-02   3.7521932738E-01  -1.5774684245E-01
    7     -7.9134027411E-03  -1.8432611640E-02   5.0875017731E-02   5.9084418847E-01  -3.7517175537E-01
    8      5.7697564808E-01  -7.0488768844E-01  -4.0681115695E-01   3.4464959787E-02   5.9676451683E-02
    9     -1.3631078233E-02  -2.9597425252E-02  -1.8427652198E-02  -3.7522770311E-01  -1.5770842149E-01
   10     -7.9134294370E-03   1.8443510706E-02   5.0868861536E-02   5.9088325693E-01   3.7511836728E-01
   11      5.7696920152E-01   7.0480664623E-01  -4.0696082597E-01   3.4462149264E-02  -5.9678774518E-02
   12     -1.1193380397E-08  -2.1420564172E-03   2.2632563018E-07  -5.5213375603E-09  -5.0665647849E-05
   13     -3.7173298988E-07   2.2945713138E-07   2.1417729972E-03   5.0554247878E-05   2.8733620010E-09
   14     -6.1401451572E-03  -1.6308305190E-08  -4.7352266809E-07   1.0849391882E-06  -4.6185391615E-09
   15     -1.2379721179E-07   7.7482291142E-03  -8.2742181119E-07  -3.4032986688E-08  -1.0840587049E-03
   16      1.6107509790E-07  -8.1764861445E-07  -7.7494064238E-03   1.0830040874E-03  -6.1480859383E-08
   17     -2.4036622201E-02  -1.2347463505E-07  -3.7144573390E-06  -1.2972132736E-05  -5.7160027607E-09
                   15                 16                 17        
     0      4.4635544813E-08   2.5632496937E-06   9.8463724491E-02
     1      2.2754730127E-05  -9.8467792361E-02   2.5736284421E-06
     2      4.1359677335E-03   9.0890516026E-07  -3.3428048653E-07
     3     -7.8773220863E-09   5.3882477923E-06   3.7951129797E-02
     4      5.7699782331E-01   8.1135269461E-01  -2.5772344185E-05
     5     -1.5494060573E-02  -2.5507169077E-02   6.6718718676E-07
     6      4.9983381151E-01  -3.6762027958E-01  -5.9892999755E-01
     7     -2.8867583555E-01   1.7432934221E-01   3.6770896593E-01
     8     -1.5504515907E-02   1.2750125560E-02   2.2083097994E-02
     9     -4.9983419942E-01   3.6758461599E-01  -5.9895674921E-01
    10     -2.8867605041E-01   1.7430253029E-01  -3.6771344182E-01
    11     -1.5500994753E-02   1.2746194554E-02  -2.2079721091E-02
    12     -5.8911377080E-09   3.1831991629E-09  -5.1563696863E-05
    13      3.0166088482E-07   5.1548226823E-05  -5.1573402277E-09
    14     -3.1828974273E-05  -7.5442046482E-09  -3.2396729424E-10
    15      1.7217642014E-08  -1.8999599114E-08  -1.9432092696E-04
    16      1.2779543623E-06   1.9436268922E-04   6.5676084162E-09
    17      3.4794127206E-05   2.7536586479E-08  -5.7227324214E-10

#
# The atoms: label  mass x y z (in bohrs)
#
$atoms
6
 C     12.01100      0.000000008375     0.000000613806    -2.617770191147
 H      1.00800      0.000000008850     2.014240715835    -2.686254394331
 H      1.00800      1.744383100426    -1.007119406797    -2.686254984458
 H      1.00800     -1.744383082808    -1.007119406841    -2.686254992507
 I    126.90000     -0.000000003204    -0.000000521043     2.231838781996
 Cl    35.45300      0.000000007879     0.000001602981    -6.872622039974

$actual_temperature
  0.000000

$frequency_scale_factor
  1.000000


$end

