
$orca_hessian_file

$act_atom
  0

$act_coord
  0

$act_energy
      -12.261015

$multiplicity
  1

$hessian
18
                    0                  1                  2                  3                  4        
    0      5.2885075410E-01   1.2000000000E-09  -1.8932000000E-06  -4.5282871500E-02  -1.3648000000E-06
    1      1.2000000000E-09   5.2885362220E-01  -6.6961000000E-06  -1.3696000000E-06  -2.9340833770E-01
    2     -1.8932000000E-06  -6.6961000000E-06  -3.0515394400E-02   4.9000000000E-09  -1.5180892300E-02
    3     -4.5282871500E-02  -1.3696000000E-06   4.9000000000E-09   4.3001622600E-02   1.4965000000E-06
    4     -1.3648000000E-06  -2.9340833770E-01  -1.5180892300E-02   1.4965000000E-06   3.1706144290E-01
    5      2.6200000000E-08  -1.9592976600E-02  -1.0476644400E-02   4.4300000000E-08   1.4904406100E-02
    6     -2.3137417670E-01   1.0744585020E-01  -1.3140767100E-02   1.0148721000E-03  -4.3779100000E-04
    7      1.0744105080E-01  -1.0731568180E-01   7.6000246000E-03   2.4241052200E-02  -1.2736307200E-02
    8     -1.6967970500E-02   9.7972170000E-03  -1.0476729400E-02   2.4101840000E-04  -6.7095290000E-04
    9     -2.3137619450E-01  -1.0744448410E-01   1.3142393600E-02   1.0146076000E-03   4.3764500000E-04
   10     -1.0743968530E-01  -1.0731343000E-01   7.6006826000E-03  -2.4241202200E-02  -1.2736067300E-02
   11      1.6969630600E-02   9.7977703000E-03  -1.0476944900E-02  -2.4103900000E-04  -6.7095080000E-04
   12     -9.0144982000E-03   4.6000000000E-09   1.1380000000E-07  -4.2884240000E-04   4.0000000000E-09
   13     -1.0000000000E-09  -9.0138521000E-03  -6.5816000000E-06   3.3900000000E-08   1.7261000000E-05
   14      5.7000000000E-08   1.3653000000E-06   2.6945563800E-02  -1.7000000000E-08   5.8916610000E-04
   15     -1.1803013200E-02  -2.3000000000E-09   1.4790000000E-07   6.8061170000E-04   1.0400000000E-08
   16     -9.0000000000E-10  -1.1802320600E-02  -6.5373000000E-06  -1.0700000000E-08   1.8020084000E-03
   17      1.4990000000E-07   3.3201000000E-06   3.5000149300E-02  -1.1600000000E-08   1.0292238000E-03
                    5                  6                  7                  8                  9        
    0      2.6200000000E-08  -2.3137417670E-01   1.0744105080E-01  -1.6967970500E-02  -2.3137619450E-01
    1     -1.9592976600E-02   1.0744585020E-01  -1.0731568180E-01   9.7972170000E-03  -1.0744448410E-01
    2     -1.0476644400E-02  -1.3140767100E-02   7.6000246000E-03  -1.0476729400E-02   1.3142393600E-02
    3      4.4300000000E-08   1.0148721000E-03   2.4241052200E-02   2.4101840000E-04   1.0146076000E-03
    4      1.4904406100E-02  -4.3779100000E-04  -1.2736307200E-02  -6.7095290000E-04   4.3764500000E-04
    5      3.3952217300E-02  -4.6073240000E-04   5.4405380000E-04  -5.2576600000E-05   4.6073020000E-04
    6     -4.6073240000E-04   2.4853310460E-01  -1.1867487200E-01   1.2906908000E-02  -1.9594031100E-02
    7      5.4405380000E-04  -1.1867487200E-01   1.1152281070E-01  -7.4536901000E-03  -1.2332622900E-02
    8     -5.2576600000E-05   1.2906908000E-02  -7.4536901000E-03   3.3952237900E-02   7.0299420000E-04
    9      4.6073020000E-04  -1.9594031100E-02  -1.2332622900E-02   7.0299420000E-04   2.4853540510E-01
   10      5.4422050000E-04   1.2332901900E-02   7.8935258000E-03   1.2563710000E-04   1.1867339210E-01
   11     -5.2577300000E-05  -7.0285560000E-04   1.2572660000E-04  -5.2561400000E-05  -1.2908487900E-02
   12     -1.0400000000E-08  -9.7645500000E-05  -1.9119070000E-04   7.4909739000E-03  -9.7696600000E-05
   13      8.6503710000E-03  -1.8668580000E-04  -3.2107090000E-04  -4.3242610000E-03   1.8665430000E-04
   14     -1.5708700000E-02   5.0902930000E-04  -2.9660140000E-04  -1.5708669900E-02  -5.0913930000E-04
   15     -5.7800000000E-08   1.5178767000E-03  -4.8341730000E-04  -4.3739240000E-03   1.5179096000E-03
   16     -5.0500748000E-03  -4.7940340000E-04   9.5672340000E-04   2.5260501000E-03   4.7941570000E-04
   17     -7.6617190000E-03   8.8841780000E-04  -5.1951340000E-04  -7.6617006000E-03  -8.8849080000E-04
                   10                 11                 12                 13                 14        
    0     -1.0743968530E-01   1.6969630600E-02  -9.0144982000E-03  -1.0000000000E-09   5.7000000000E-08
    1     -1.0731343000E-01   9.7977703000E-03   4.6000000000E-09  -9.0138521000E-03   1.3653000000E-06
    2      7.6006826000E-03  -1.0476944900E-02   1.1380000000E-07  -6.5816000000E-06   2.6945563800E-02
    3     -2.4241202200E-02  -2.4103900000E-04  -4.2884240000E-04   3.3900000000E-08  -1.7000000000E-08
    4     -1.2736067300E-02  -6.7095080000E-04   4.0000000000E-09   1.7261000000E-05   5.8916610000E-04
    5      5.4422050000E-04  -5.2577300000E-05  -1.0400000000E-08   8.6503710000E-03  -1.5708700000E-02
    6      1.2332901900E-02  -7.0285560000E-04  -9.7645500000E-05  -1.8668580000E-04   5.0902930000E-04
    7      7.8935258000E-03   1.2572660000E-04  -1.9119070000E-04  -3.2107090000E-04  -2.9660140000E-04
    8      1.2563710000E-04  -5.2561400000E-05   7.4909739000E-03  -4.3242610000E-03  -1.5708669900E-02
    9      1.1867339210E-01  -1.2908487900E-02  -9.7696600000E-05   1.8665430000E-04  -5.0913930000E-04
   10      1.1152033490E-01  -7.4543821000E-03   1.9118670000E-04  -3.2107590000E-04  -2.9663460000E-04
   11     -7.4543821000E-03   3.3952416200E-02  -7.4911307000E-03  -4.3241744000E-03  -1.5708609300E-02
   12      1.9118670000E-04  -7.4911307000E-03   7.3820480000E-03  -2.4000000000E-09   1.1150000000E-07
   13     -3.2107590000E-04  -4.3241744000E-03  -2.4000000000E-09   7.3820217000E-03   1.3929000000E-06
   14     -2.9663460000E-04  -1.5708609300E-02   1.1150000000E-07   1.3929000000E-06   3.5135686400E-02
   15      4.8340690000E-04   4.3738826000E-03   2.2566348000E-03   1.1000000000E-09  -4.1500000000E-08
   16      9.5671250000E-04   2.5260104000E-03  -2.1000000000E-09   2.2567163000E-03   1.3118000000E-06
   17     -5.1952350000E-04  -7.6617233000E-03  -5.8100000000E-08   3.2531000000E-06  -1.4955270900E-02
                   15                 16                 17        
     0     -1.1803013200E-02  -9.0000000000E-10   1.4990000000E-07
     1     -2.3000000000E-09  -1.1802320600E-02   3.3201000000E-06
     2      1.4790000000E-07  -6.5373000000E-06   3.5000149300E-02
     3      6.8061170000E-04  -1.0700000000E-08  -1.1600000000E-08
     4      1.0400000000E-08   1.8020084000E-03   1.0292238000E-03
     5     -5.7800000000E-08  -5.0500748000E-03  -7.6617190000E-03
     6      1.5178767000E-03  -4.7940340000E-04   8.8841780000E-04
     7     -4.8341730000E-04   9.5672340000E-04  -5.1951340000E-04
     8     -4.3739240000E-03   2.5260501000E-03  -7.6617006000E-03
     9      1.5179096000E-03   4.7941570000E-04  -8.8849080000E-04
    10      4.8340690000E-04   9.5671250000E-04  -5.1952350000E-04
    11      4.3738826000E-03   2.5260104000E-03  -7.6617233000E-03
    12      2.2566348000E-03  -2.1000000000E-09  -5.8100000000E-08
    13      1.1000000000E-09   2.2567163000E-03   3.2531000000E-06
    14     -4.1500000000E-08   1.3118000000E-06  -1.4955270900E-02
    15      5.8299805000E-03   1.3000000000E-09  -7.1000000000E-09
    16      1.3000000000E-09   5.8301601000E-03   3.2400000000E-06
    17     -7.1000000000E-09   3.2400000000E-06   2.9402645000E-03

$vibrational_frequencies
18
    0        0.0000000000000000
    1        0.0000000000000000
    2        0.0000000000000000
    3        0.0000000000000000
    4        0.0000000000000000
    5        0.0000000000000000
    6     -322.5727668557609604
    7      122.3798809796401628
    8      185.0374479378434671
    9      185.0401435603423010
   10      931.7650475544498931
   11      931.7653612107671961
   12      947.4089844784011802
   13     1367.4591080558614067
   14     1367.4931392142957520
   15     2940.5424192685136404
   16     3022.2285113650673338
   17     3022.2427263917143136

$normal_modes
18 18
                    0                  1                  2                  3                  4        
    0      0.0000000000E+00   0.0000000000E+00   0.0000000000E+00   0.0000000000E+00   0.0000000000E+00
    1      0.0000000000E+00   0.0000000000E+00   0.0000000000E+00   0.0000000000E+00   0.0000000000E+00
    2      0.0000000000E+00   0.0000000000E+00   0.0000000000E+00   0.0000000000E+00   0.0000000000E+00
    3      0.0000000000E+00   0.0000000000E+00   0.0000000000E+00   0.0000000000E+00   0.0000000000E+00
    4      0.0000000000E+00   0.0000000000E+00   0.0000000000E+00   0.0000000000E+00   0.0000000000E+00
    5      0.0000000000E+00   0.0000000000E+00   0.0000000000E+00   0.0000000000E+00   0.0000000000E+00
    6      0.0000000000E+00   0.0000000000E+00   0.0000000000E+00   0.0000000000E+00   0.0000000000E+00
    7      0.0000000000E+00   0.0000000000E+00   0.0000000000E+00   0.0000000000E+00   0.0000000000E+00
    8      0.0000000000E+00   0.0000000000E+00   0.0000000000E+00   0.0000000000E+00   0.0000000000E+00
    9      0.0000000000E+00   0.0000000000E+00   0.0000000000E+00   0.0000000000E+00   0.0000000000E+00
   10      0.0000000000E+00   0.0000000000E+00   0.0000000000E+00   0.0000000000E+00   0.0000000000E+00
   11      0.0000000000E+00   0.0000000000E+00   0.0000000000E+00   0.0000000000E+00   0.0000000000E+00
   12      0.0000000000E+00   0.0000000000E+00   0.0000000000E+00   0.0000000000E+00   0.0000000000E+00
   13      0.0000000000E+00   0.0000000000E+00   0.0000000000E+00   0.0000000000E+00   0.0000000000E+00
   14      0.0000000000E+00   0.0000000000E+00   0.0000000000E+00   0.0000000000E+00   0.0000000000E+00
   15      0.0000000000E+00   0.0000000000E+00   0.0000000000E+00   0.0000000000E+00   0.0000000000E+00
   16      0.0000000000E+00   0.0000000000E+00   0.0000000000E+00   0.0000000000E+00   0.0000000000E+00
   17      0.0000000000E+00   0.0000000000E+00   0.0000000000E+00   0.0000000000E+00   0.0000000000E+00
                    5                  6                  7                  8                  9        
    0      0.0000000000E+00   2.8359240154E-06  -1.2607107245E-06   4.8929437194E-01  -2.4450725099E-04
    1      0.0000000000E+00  -1.3546581438E-04   2.3317217758E-05   2.4450555385E-04   4.8929735019E-01
    2      0.0000000000E+00   9.2170041524E-01   4.0335775589E-01  -1.2647190593E-06   9.6470733634E-05
    3      0.0000000000E+00   8.5141777549E-07  -1.7590904934E-06   5.0336748745E-01  -2.5149242629E-04
    4      0.0000000000E+00   3.4927061222E-02   9.0279735073E-03   2.4662788248E-04   4.9361411737E-01
    5      0.0000000000E+00   1.8731002891E-01   1.8334830131E-01   1.9745415274E-05   4.2484810847E-02
    6      0.0000000000E+00   3.0306099951E-02   7.7983320316E-03   4.9603760080E-01   4.0005228600E-03
    7      0.0000000000E+00  -1.7799400320E-02  -4.4748749514E-03   4.4835690654E-03   5.0090880966E-01
    8      0.0000000000E+00   1.8732008569E-01   1.8334631974E-01   3.6752862049E-02  -2.1203813126E-02
    9      0.0000000000E+00  -3.0305279099E-02  -7.8021792450E-03   4.9603298387E-01  -4.4962682173E-03
   10      0.0000000000E+00  -1.7799909533E-02  -4.4750649183E-03  -3.9829166544E-03   5.0091298939E-01
   11      0.0000000000E+00   1.8732045296E-01   1.8334808035E-01  -3.6777569490E-02  -2.1166322745E-02
   12      0.0000000000E+00  -1.3658098026E-07   7.7114858143E-08  -2.8126627744E-02   1.4053980713E-05
   13      0.0000000000E+00   8.8177505944E-06  -1.3702861643E-06  -1.4054685531E-05  -2.8126770829E-02
   14      0.0000000000E+00  -3.5656607787E-02  -2.7007548144E-01  -1.6317675106E-08  -2.5255289925E-06
   15      0.0000000000E+00  -5.1944277594E-07   3.1048642911E-07  -1.0760858650E-01   5.3776609173E-05
   16      0.0000000000E+00   3.3445236415E-05  -5.2134289063E-06  -5.3774720029E-05  -1.0760902205E-01
   17      0.0000000000E+00  -2.0060830766E-01   8.1441360523E-01   6.2795745976E-07  -2.6903582991E-05
                   10                 11                 12                 13                 14        
    0      1.7725728476E-05   3.6727276710E-04   1.5029294696E-07   2.9767939634E-06   9.7684262698E-02
    1      3.7153641508E-04  -1.7902135256E-05   9.3268058933E-06  -9.7682240593E-02   2.9695606543E-06
    2      1.1992163961E-06  -2.1029721628E-08   3.9711091990E-02   1.7155173890E-05  -2.8954694543E-07
    3     -1.9213758842E-03  -3.9877917828E-02  -2.1192042100E-06  -2.9096616863E-05  -8.0981042716E-01
    4     -4.7933439997E-02   2.3111625892E-03   2.8504961228E-02  -5.6137466264E-02   6.2886515007E-06
    5      8.1311039790E-01  -3.9200929929E-02  -5.7618795041E-01   3.6831777822E-02   1.6082897380E-06
    6      1.2605202639E-03  -4.6090623581E-02   2.4655172898E-02   3.7502615483E-01  -1.6033394867E-01
    7     -4.1746352497E-02   5.5126808350E-03  -1.4274417036E-02   5.9327010485E-01  -3.7500447764E-01
    8     -3.7265794468E-01   7.2380852556E-01  -5.7610957521E-01  -1.8462092519E-02  -3.1890528896E-02
    9     -5.6905768109E-03  -4.5760540682E-02  -2.4659196219E-02  -3.7503142458E-01  -1.6030313844E-01
   10     -4.2085432912E-02  -1.4705571456E-03  -1.4274292856E-02   5.9330066022E-01   3.7496380132E-01
   11     -4.4055855123E-01  -6.8460318104E-01  -5.7610842203E-01  -1.8457155193E-02   3.1893216185E-02
   12      1.2232092096E-04   2.5371749475E-03   1.5696593070E-08  -7.4946605100E-09  -9.3364611905E-05
   13      2.5371191160E-03  -1.2232005320E-04  -3.8492232069E-07   9.3416821281E-05   4.9299017574E-10
   14      4.3372974097E-07  -2.6287870849E-08   6.5700327304E-03  -1.6180459990E-07  -5.4359370949E-09
   15     -2.6325514637E-04  -5.4606351874E-03   6.7542926493E-08  -4.5665342352E-09  -6.1903409105E-04
   16     -5.4608521844E-03   2.6325909596E-04  -5.3814825553E-07   6.1856632602E-04  -3.0101153753E-08
   17      1.0578144301E-06  -2.4296785332E-08   1.2171779986E-02  -2.7458364661E-06  -4.5800054504E-09
                   15                 16                 17        
     0     -3.5385556588E-08   9.8060925866E-02   4.9885826296E-07
     1      1.9976496826E-05  -4.9006553936E-07   9.8061685926E-02
     2     -6.8423469841E-03  -3.4671017545E-07   1.1853743995E-06
     3      1.5839249811E-07   3.9859897065E-02  -4.3272704027E-06
     4      5.7658449975E-01  -2.9166252783E-07  -8.1037498362E-01
     5      2.6656905159E-02  -1.4065085078E-07  -4.6197734000E-02
     6      4.9948944670E-01  -5.9773360455E-01   3.6801942763E-01
     7     -2.8843643551E-01   3.6811878297E-01  -1.7262565392E-01
     8      2.6669222919E-02  -4.0006248691E-02   2.3090877536E-02
     9     -4.9948910415E-01  -5.9773742743E-01  -3.6802092560E-01
    10     -2.8843642063E-01  -3.6811264144E-01  -1.7262152207E-01
    11      2.6672708380E-02   4.0010435151E-02   2.3093420792E-02
    12     -5.3949658790E-09  -3.4774712077E-05  -3.4741025746E-09
    13      2.0178202402E-07  -4.4242018657E-09  -3.4754873202E-05
    14     -1.0192004265E-05   2.8115615644E-10   1.0795466514E-09
    15      1.7055937815E-08  -2.4090614662E-04   9.0519444281E-09
    16      7.0852682742E-07   1.5540190463E-08  -2.4092120166E-04
    17      8.0048735456E-05   1.4238809182E-09  -2.3449904486E-08

#
# The atoms: label  mass x y z (in bohrs)
#
$atoms
6
 C     12.01100     -0.000000000000     0.000000000000    -2.677434961529
 H      1.00800     -0.000000000000     2.050352855305    -2.539107008526
 H      1.00800      1.775658485025    -1.025176427652    -2.539107008526
 H      1.00800     -1.775658485025    -1.025176427652    -2.539107008526
 I    126.90000     -0.000000000000     0.000000000000     2.377582446710
 Cl    35.45300     -0.000000000000     0.000000000000    -7.386632487261

$actual_temperature
  0.000000

$frequency_scale_factor
  1.000000


$end

