
$orca_hessian_file

$act_atom
  0

$act_coord
  0

$act_energy
      -12.268946

$multiplicity
  1

$hessian
18
                    0                  1                  2                  3                  4        
    0      5.6266718450E-01  -4.7700000000E-08  -2.0964000000E-06  -4.3246596400E-02  -1.4338000000E-06
    1     -4.7700000000E-08   5.6266307520E-01  -7.0517000000E-06  -1.4339000000E-06  -3.1675923930E-01
    2     -2.0964000000E-06  -7.0517000000E-06  -4.4303545500E-02   8.0200000000E-08  -4.4379220000E-04
    3     -4.3246596400E-02  -1.4339000000E-06   8.0200000000E-08   4.1950890600E-02   1.5801000000E-06
    4     -1.4338000000E-06  -3.1675923930E-01  -4.4379220000E-04   1.5801000000E-06   3.4086949550E-01
    5      1.2120000000E-07  -1.8336813000E-03  -6.0575280000E-03  -2.0200000000E-08   9.9748000000E-06
    6     -2.4838559910E-01   1.1844351570E-01  -4.0945830000E-04   4.8145400000E-04  -3.3367720000E-04
    7      1.1843846040E-01  -1.1162767840E-01   2.3071220000E-04   2.3942380600E-02  -1.3139760400E-02
    8     -1.5894046000E-03   9.1763970000E-04  -6.0572406000E-03  -7.1385310000E-04  -4.9885800000E-05
    9     -2.4838799320E-01  -1.1844203490E-01   4.1115720000E-04   4.8118640000E-04   3.3353310000E-04
   10     -1.1843697530E-01  -1.1162517110E-01   2.3159210000E-04  -2.3942548500E-02  -1.3139533700E-02
   11      1.5911204000E-03   9.1843070000E-04  -6.0572925000E-03   7.1385110000E-04  -4.9891600000E-05
   12     -1.0768381300E-02   5.1000000000E-09   1.5580000000E-07  -1.6107590000E-04  -3.7000000000E-09
   13     -1.9000000000E-09  -1.0769931400E-02  -5.6141000000E-06   3.7300000000E-08   6.5780200000E-04
   14      1.1070000000E-07  -9.9910000000E-07   2.9266271300E-02  -4.5400000000E-08  -1.7779680000E-04
   15     -1.1878614500E-02  -4.4000000000E-09   1.6150000000E-07   4.9414120000E-04   1.4000000000E-09
   16     -1.8000000000E-09  -1.1881055100E-02  -5.8463000000E-06  -1.5800000000E-08   1.5112359000E-03
   17      1.4870000000E-07   5.6616000000E-06   3.3209335300E-02  -1.2600000000E-08   7.1139160000E-04
                    5                  6                  7                  8                  9        
    0      1.2120000000E-07  -2.4838559910E-01   1.1843846040E-01  -1.5894046000E-03  -2.4838799320E-01
    1     -1.8336813000E-03   1.1844351570E-01  -1.1162767840E-01   9.1763970000E-04  -1.1844203490E-01
    2     -6.0575280000E-03  -4.0945830000E-04   2.3071220000E-04  -6.0572406000E-03   4.1115720000E-04
    3     -2.0200000000E-08   4.8145400000E-04   2.3942380600E-02  -7.1385310000E-04   4.8118640000E-04
    4      9.9748000000E-06  -3.3367720000E-04  -1.3139760400E-02  -4.9885800000E-05   3.3353310000E-04
    5      3.5470762700E-02  -3.9843610000E-04  -5.9334370000E-04  -3.4436370000E-04   3.9842500000E-04
    6     -3.9843610000E-04   2.6619278690E-01  -1.2946279000E-01   1.1399500000E-05  -1.9985374900E-02
    7     -5.9334370000E-04  -1.2946279000E-01   1.1669142960E-01  -6.4166000000E-06  -1.2130704000E-02
    8     -3.4436370000E-04   1.1399500000E-05  -6.4166000000E-06   3.5469163100E-02  -3.1467650000E-04
    9      3.9842500000E-04  -1.9985374900E-02  -1.2130704000E-02  -3.1467650000E-04   2.6619542980E-01
   10     -5.9318330000E-04   1.2130976400E-02   7.2950739000E-03   6.4264970000E-04   1.2946119860E-01
   11     -3.4437010000E-04   3.1482370000E-04   6.4273250000E-04  -3.4272580000E-04  -1.3026800000E-05
   12     -1.3400000000E-08   4.4697460000E-04  -3.5105070000E-04   7.9439338000E-03   4.4693980000E-04
   13      9.1738402000E-03  -3.4646470000E-04   3.8454100000E-05  -4.5863941000E-03   3.4642960000E-04
   14     -1.7210892000E-02  -1.5835470000E-04   9.0381700000E-05  -1.7211039700E-02   1.5823900000E-04
   15     -7.6400000000E-08   1.2497585000E-03  -4.3629630000E-04  -5.3373992000E-03   1.2498121000E-03
   16     -6.1636066000E-03  -4.3156040000E-04   7.4248120000E-04   3.0824071000E-03   4.3157770000E-04
   17     -1.1513608900E-02   6.4002600000E-04  -3.6406620000E-04  -1.1513793400E-02  -6.4011790000E-04
                   10                 11                 12                 13                 14        
    0     -1.1843697530E-01   1.5911204000E-03  -1.0768381300E-02  -1.9000000000E-09   1.1070000000E-07
    1     -1.1162517110E-01   9.1843070000E-04   5.1000000000E-09  -1.0769931400E-02  -9.9910000000E-07
    2      2.3159210000E-04  -6.0572925000E-03   1.5580000000E-07  -5.6141000000E-06   2.9266271300E-02
    3     -2.3942548500E-02   7.1385110000E-04  -1.6107590000E-04   3.7300000000E-08  -4.5400000000E-08
    4     -1.3139533700E-02  -4.9891600000E-05  -3.7000000000E-09   6.5780200000E-04  -1.7779680000E-04
    5     -5.9318330000E-04  -3.4437010000E-04  -1.3400000000E-08   9.1738402000E-03  -1.7210892000E-02
    6      1.2130976400E-02   3.1482370000E-04   4.4697460000E-04  -3.4646470000E-04  -1.5835470000E-04
    7      7.2950739000E-03   6.4273250000E-04  -3.5105070000E-04   3.8454100000E-05   9.0381700000E-05
    8      6.4264970000E-04  -3.4272580000E-04   7.9439338000E-03  -4.5863941000E-03  -1.7211039700E-02
    9      1.2946119860E-01  -1.3026800000E-05   4.4693980000E-04   3.4642960000E-04   1.5823900000E-04
   10      1.1668871370E-01  -7.3311000000E-06   3.5105400000E-04   3.8445600000E-05   9.0364100000E-05
   11     -7.3311000000E-06   3.5469175900E-02  -7.9441097000E-03  -4.5863027000E-03  -1.7210971900E-02
   12      3.5105400000E-04  -7.9441097000E-03   7.7773406000E-03  -2.2000000000E-09   1.2360000000E-07
   13      3.8445600000E-05  -4.5863027000E-03  -2.2000000000E-09   7.7773478000E-03  -8.7610000000E-07
   14      9.0364100000E-05  -1.7210971900E-02   1.2360000000E-07  -8.7610000000E-07   4.2961062300E-02
   15      4.3629480000E-04   5.3373413000E-03   2.2582022000E-03   1.8000000000E-09  -7.3100000000E-08
   16      7.4247160000E-04   3.0823623000E-03  -2.6000000000E-09   2.2578818000E-03  -1.0739000000E-06
   17     -3.6409140000E-04  -1.1513815700E-02  -9.0100000000E-08   5.3469000000E-06  -2.0594430000E-02
                   15                 16                 17        
     0     -1.1878614500E-02  -1.8000000000E-09   1.4870000000E-07
     1     -4.4000000000E-09  -1.1881055100E-02   5.6616000000E-06
     2      1.6150000000E-07  -5.8463000000E-06   3.3209335300E-02
     3      4.9414120000E-04  -1.5800000000E-08  -1.2600000000E-08
     4      1.4000000000E-09   1.5112359000E-03   7.1139160000E-04
     5     -7.6400000000E-08  -6.1636066000E-03  -1.1513608900E-02
     6      1.2497585000E-03  -4.3156040000E-04   6.4002600000E-04
     7     -4.3629630000E-04   7.4248120000E-04  -3.6406620000E-04
     8     -5.3373992000E-03   3.0824071000E-03  -1.1513793400E-02
     9      1.2498121000E-03   4.3157770000E-04  -6.4011790000E-04
    10      4.3629480000E-04   7.4247160000E-04  -3.6409140000E-04
    11      5.3373413000E-03   3.0823623000E-03  -1.1513815700E-02
    12      2.2582022000E-03  -2.6000000000E-09  -9.0100000000E-08
    13      1.8000000000E-09   2.2578818000E-03   5.3469000000E-06
    14     -7.3100000000E-08  -1.0739000000E-06  -2.0594430000E-02
    15      6.6267005000E-03   2.8000000000E-09   4.6000000000E-08
    16      2.8000000000E-09   6.6269846000E-03   5.7574000000E-06
    17      4.6000000000E-08   5.7574000000E-06   2.1926312800E-02

$vibrational_frequencies
18
    0        0.0000000000000000
    1        0.0000000000000000
    2        0.0000000000000000
    3        0.0000000000000000
    4        0.0000000000000000
    5        0.0000000000000000
    6     -341.5421241104277783
    7      154.2010600830724911
    8      192.1650733907895017
    9      192.1662610863294560
   10      965.6562705297075127
   11      969.8846384558299860
   12      969.9290647530597198
   13     1350.3291761731536553
   14     1350.3772888691571552
   15     3044.1385708872553550
   16     3131.0940748351258662
   17     3131.1302046500950382

$normal_modes
18 18
                    0                  1                  2                  3                  4        
    0      0.0000000000E+00   0.0000000000E+00   0.0000000000E+00   0.0000000000E+00   0.0000000000E+00
    1      0.0000000000E+00   0.0000000000E+00   0.0000000000E+00   0.0000000000E+00   0.0000000000E+00
    2      0.0000000000E+00   0.0000000000E+00   0.0000000000E+00   0.0000000000E+00   0.0000000000E+00
    3      0.0000000000E+00   0.0000000000E+00   0.0000000000E+00   0.0000000000E+00   0.0000000000E+00
    4      0.0000000000E+00   0.0000000000E+00   0.0000000000E+00   0.0000000000E+00   0.0000000000E+00
    5      0.0000000000E+00   0.0000000000E+00   0.0000000000E+00   0.0000000000E+00   0.0000000000E+00
    6      0.0000000000E+00   0.0000000000E+00   0.0000000000E+00   0.0000000000E+00   0.0000000000E+00
    7      0.0000000000E+00   0.0000000000E+00   0.0000000000E+00   0.0000000000E+00   0.0000000000E+00
    8      0.0000000000E+00   0.0000000000E+00   0.0000000000E+00   0.0000000000E+00   0.0000000000E+00
    9      0.0000000000E+00   0.0000000000E+00   0.0000000000E+00   0.0000000000E+00   0.0000000000E+00
   10      0.0000000000E+00   0.0000000000E+00   0.0000000000E+00   0.0000000000E+00   0.0000000000E+00
   11      0.0000000000E+00   0.0000000000E+00   0.0000000000E+00   0.0000000000E+00   0.0000000000E+00
   12      0.0000000000E+00   0.0000000000E+00   0.0000000000E+00   0.0000000000E+00   0.0000000000E+00
   13      0.0000000000E+00   0.0000000000E+00   0.0000000000E+00   0.0000000000E+00   0.0000000000E+00
   14      0.0000000000E+00   0.0000000000E+00   0.0000000000E+00   0.0000000000E+00   0.0000000000E+00
   15      0.0000000000E+00   0.0000000000E+00   0.0000000000E+00   0.0000000000E+00   0.0000000000E+00
   16      0.0000000000E+00   0.0000000000E+00   0.0000000000E+00   0.0000000000E+00   0.0000000000E+00
   17      0.0000000000E+00   0.0000000000E+00   0.0000000000E+00   0.0000000000E+00   0.0000000000E+00
                    5                  6                  7                  8                  9        
    0      0.0000000000E+00   3.5619629615E-06  -1.7927246183E-06  -3.3085493412E-03  -4.8734667788E-01
    1      0.0000000000E+00  -1.4915794987E-04   9.1858294978E-04   4.8734808716E-01  -3.3085452962E-03
    2      0.0000000000E+00   9.7436242363E-01   2.9892505102E-01   2.8158976794E-05   1.5346367212E-06
    3      0.0000000000E+00   1.1660182514E-06  -2.2419526838E-06  -3.4267018839E-03  -5.0477193352E-01
    4      0.0000000000E+00   1.3994620491E-03  -4.8374284119E-04   4.9416717647E-01  -3.3547608685E-03
    5      0.0000000000E+00   7.9882090050E-02   2.0387118303E-01   3.1190333424E-02  -2.1015114887E-04
    6      0.0000000000E+00   1.4479366662E-03  -1.2764685623E-03   1.2473876640E-03  -4.9683289363E-01
    7      0.0000000000E+00  -8.9708236071E-04   1.6328381225E-03   5.0207230480E-01  -8.0235272292E-03
    8      0.0000000000E+00   7.9882255533E-02   2.0378763946E-01  -1.5813918591E-02  -2.6934131925E-02
    9      0.0000000000E+00  -1.4467142949E-03   1.2721421423E-03  -7.9929811727E-03  -4.9676991762E-01
   10      0.0000000000E+00  -8.9772332376E-04   1.6329300090E-03   5.0213518377E-01   1.2060094786E-03
   11      0.0000000000E+00   7.9883169651E-02   2.0378936862E-01  -1.5446027567E-02   2.7149916022E-02
   12      0.0000000000E+00  -1.7084302222E-07   1.0518700879E-07   1.8831873121E-04   2.7739370416E-02
   13      0.0000000000E+00   8.3341868781E-06  -5.2093186918E-05  -2.7739464668E-02   1.8831944197E-04
   14      0.0000000000E+00  -4.6284912595E-02  -2.6914869644E-01   5.3816062751E-05  -3.5702187189E-07
   15      0.0000000000E+00  -6.6313864025E-07   4.1759804884E-07   7.3604526844E-04   1.0841837320E-01
   16      0.0000000000E+00   3.1941844287E-05  -2.0384046153E-04  -1.0841851101E-01   7.3604087707E-04
   17      0.0000000000E+00  -1.7124295144E-01   8.4473079891E-01  -2.0018915743E-04   5.9784904396E-07
                   10                 11                 12                 13                 14        
    0      2.5528274307E-07  -9.7068001274E-03   8.0080494772E-06  -6.5486937587E-05  -9.7809928110E-02
    1      4.0344846951E-07   8.0394474042E-06   9.7043487333E-03  -9.7807629230E-02   6.5490384247E-05
    2      2.4014177709E-02   5.4130581185E-07   2.4549607922E-06  -9.1358684449E-06   2.7531331062E-07
    3     -2.1937952887E-06   1.4933872619E-02  -1.3651338594E-05   5.3796732524E-04   8.1029625667E-01
    4     -1.6150714632E-04   7.6975644550E-06   9.4309435319E-03  -5.5750987622E-02   3.2726305177E-05
    5     -5.7704095728E-01  -6.8175560761E-04  -8.1628394376E-01  -2.4563518171E-02   1.3585512028E-05
    6     -1.2108839943E-04  -3.3521152022E-03  -1.0543870707E-02   3.7506991902E-01   1.6054600932E-01
    7      9.5762184869E-05   1.0546469761E-02  -8.8452674904E-03   5.9406031337E-01   3.7459537989E-01
    8     -5.7712724753E-01   7.0721743015E-01   4.0751031202E-01   1.2292229088E-02  -2.1306464061E-02
    9      1.1719587852E-04  -3.3399132605E-03   1.0550684455E-02  -3.7484998392E-01   1.6104057536E-01
   10      9.6048024191E-05  -1.0560841759E-02  -8.8255576119E-03   5.9356606774E-01  -3.7538596473E-01
   11     -5.7709988575E-01  -7.0656866979E-01   4.0867195274E-01   1.2323250591E-02   2.1289140742E-02
   12     -2.9077617003E-08   2.5078307408E-03  -2.0618025555E-06   3.1748500005E-08   5.3319773501E-05
   13     -1.7528803656E-08  -2.0640297345E-06  -2.5077272750E-03   5.3272749923E-05  -3.9926141813E-08
   14      6.7989722129E-03   1.1793231921E-07   3.9494592568E-07  -2.9738714884E-07   1.7241840458E-09
   15      1.9063986954E-07  -5.9222949706E-03   4.8613757131E-06   5.2376598048E-07   7.6413457774E-04
   16     -9.3551749154E-07   4.8540715692E-06   5.9226993253E-03   7.6373582141E-04  -4.9691046244E-07
   17      1.6751597129E-02   3.3260876030E-07   6.4556625077E-07   2.6822030801E-06   6.8293879670E-09
                   15                 16                 17        
     0      1.2343991734E-07   3.6180420023E-04   9.8403004770E-02
     1     -2.0552072359E-04   9.8404704497E-02  -3.6180137779E-04
     2     -1.8653454578E-04  -5.5186166713E-06  -3.2827447329E-07
     3      1.6723175386E-07   1.3726122719E-04   3.8539264035E-02
     4      5.7895163864E-01  -8.1034492176E-01   2.9741421526E-03
     5     -1.5551539009E-04  -8.1174413957E-04   2.8513249912E-06
     6      4.9929023698E-01   3.6702024938E-01  -6.0042964066E-01
     7     -2.8829784007E-01  -1.7328613745E-01   3.6877150676E-01
     8     -1.5563987042E-04   4.0995017526E-04  -7.1203041691E-04
     9     -4.9929170839E-01  -3.7142105333E-01  -5.9772091589E-01
    10     -2.8829888272E-01  -1.7598542680E-01  -3.6748205196E-01
    11     -1.5211297556E-04   4.1776584562E-04   7.1321210151E-04
    12     -5.8156626968E-09  -1.5025169472E-07  -3.9761851944E-05
    13      3.3242677818E-07  -3.9805588947E-05   1.4225572303E-07
    14     -7.0332604549E-06  -1.0527730311E-07   4.9024918502E-10
    15      1.6076961501E-08  -8.1550913063E-07  -2.2521446490E-04
    16      1.4827879207E-06  -2.2548609651E-04   8.4163167414E-07
    17      1.0154180360E-04   1.7923486936E-06  -5.2063744202E-09

#
# The atoms: label  mass x y z (in bohrs)
#
$atoms
6
 C     12.01100      0.000000117985     0.000005861020    -2.609249140087
 H      1.00800      0.000000101718     2.034070870454    -2.597429198150
 H      1.00800      1.761552151613    -1.017026190665    -2.597427325630
 H      1.00800     -1.761551995189    -1.017026217807    -2.597427224865
 I    126.90000     -0.000000018386    -0.000000697476     2.299412733344
 Cl    35.45300      0.000000018499    -0.000000014010    -7.124958745977

$actual_temperature
  0.000000

$frequency_scale_factor
  1.000000


$end

