*************************************************
******************* ORCA 6.1.0 ******************
*************************************************
$Calculation_Status
   &GeometryIndex 0
   &version [&Type "String"] "6.1.0"
   &progName [&Type "String"] "orca"
   &Status [&Type "String"] "NORMAL TERMINATION"
$End
$Geometry
   &GeometryIndex 1
   &NAtoms [&Type "Integer"] 6
   &NCorelessECP [&Type "Integer"] 0
   &NGhostAtoms [&Type "Integer"] 0
   &CartesianCoordinates [&Type "Coordinates", &Dim(6,4), &Units "Bohr"] 
              C      0.000000000000    0.000000000000   -0.138327953003
              H      0.000000000000    2.050352855305    0.000000000000
              H      1.775658485025   -1.025176427652    0.000000000000
              H     -1.775658485025   -1.025176427652    0.000000000000
              I      0.000000000000    0.000000000000    4.916689455236
              Cl     0.000000000000    0.000000000000   -4.847525478735
$End
$Single_Point_Data
   &GeometryIndex 1
   &FinalEnergy [&Type "Double"]      -1.2261014823780000e+01  "Final single point energy"
   &Converged [&Type "Boolean"] true
$End
$Hessian
   &GeometryIndex 1
   &HESSIAN [&Type "ArrayOfDoubles", &Dim (18,18)] "The Hessian"
                                                         0                           1                           2                           3                           4                           5                           6                           7

0                                      5.2885075410000004e-01         1.2000000000000000e-09        -1.8931999999999999e-06        -4.5282871500000002e-02        -1.3648000000000000e-06         2.6200000000000000e-08        -2.3137417669999999e-01         1.0744105079999999e-01
1                                      1.2000000000000000e-09         5.2885362219999998e-01        -6.6961000000000001e-06        -1.3696000000000000e-06        -2.9340833770000002e-01        -1.9592976599999999e-02         1.0744585020000000e-01        -1.0731568180000001e-01
2                                     -1.8931999999999999e-06        -6.6961000000000001e-06        -3.0515394400000000e-02         4.9000000000000000e-09        -1.5180892300000000e-02        -1.0476644400000000e-02        -1.3140767100000001e-02         7.6000245999999997e-03
3                                     -4.5282871500000002e-02        -1.3696000000000000e-06         4.9000000000000000e-09         4.3001622599999997e-02         1.4965000000000000e-06         4.4300000000000000e-08         1.0148721000000000e-03         2.4241052200000002e-02
4                                     -1.3648000000000000e-06        -2.9340833770000002e-01        -1.5180892300000000e-02         1.4965000000000000e-06         3.1706144289999999e-01         1.4904406100000000e-02        -4.3779099999999998e-04        -1.2736307200000000e-02
5                                      2.6200000000000000e-08        -1.9592976599999999e-02        -1.0476644400000000e-02         4.4300000000000000e-08         1.4904406100000000e-02         3.3952217299999997e-02        -4.6073240000000002e-04         5.4405380000000002e-04
6                                     -2.3137417669999999e-01         1.0744585020000000e-01        -1.3140767100000001e-02         1.0148721000000000e-03        -4.3779099999999998e-04        -4.6073240000000002e-04         2.4853310460000000e-01        -1.1867487200000000e-01
7                                      1.0744105079999999e-01        -1.0731568180000001e-01         7.6000245999999997e-03         2.4241052200000002e-02        -1.2736307200000000e-02         5.4405380000000002e-04        -1.1867487200000000e-01         1.1152281070000000e-01
8                                     -1.6967970499999999e-02         9.7972170000000004e-03        -1.0476729400000001e-02         2.4101839999999999e-04        -6.7095290000000003e-04        -5.2576600000000001e-05         1.2906908000000000e-02        -7.4536901000000003e-03
9                                     -2.3137619449999999e-01        -1.0744448410000000e-01         1.3142393600000000e-02         1.0146076000000000e-03         4.3764500000000002e-04         4.6073019999999998e-04        -1.9594031099999999e-02        -1.2332622900000000e-02
10                                    -1.0743968530000000e-01        -1.0731343000000000e-01         7.6006826000000003e-03        -2.4241202199999999e-02        -1.2736067300000001e-02         5.4422050000000005e-04         1.2332901900000000e-02         7.8935258000000005e-03
11                                     1.6969630600000001e-02         9.7977702999999996e-03        -1.0476944900000000e-02        -2.4103899999999999e-04        -6.7095079999999997e-04        -5.2577300000000002e-05        -7.0285560000000005e-04         1.2572660000000001e-04
12                                    -9.0144982000000002e-03         4.5999999999999998e-09         1.1380000000000000e-07        -4.2884240000000000e-04         4.0000000000000002e-09        -1.0400000000000000e-08        -9.7645499999999999e-05        -1.9119070000000001e-04
13                                    -1.0000000000000001e-09        -9.0138521000000006e-03        -6.5815999999999998e-06         3.3899999999999999e-08         1.7261000000000000e-05         8.6503710000000004e-03        -1.8668579999999999e-04        -3.2107090000000000e-04
14                                     5.7000000000000001e-08         1.3653000000000001e-06         2.6945563799999999e-02        -1.7000000000000000e-08         5.8916610000000005e-04        -1.5708699999999999e-02         5.0902930000000003e-04        -2.9660139999999999e-04
15                                    -1.1803013200000000e-02        -2.2999999999999999e-09         1.4789999999999999e-07         6.8061170000000004e-04         1.0400000000000000e-08        -5.7800000000000001e-08         1.5178767000000001e-03        -4.8341729999999998e-04
16                                    -8.9999999999999999e-10        -1.1802320599999999e-02        -6.5373000000000001e-06        -1.0700000000000000e-08         1.8020084000000000e-03        -5.0500748000000002e-03        -4.7940340000000002e-04         9.5672339999999995e-04
17                                     1.4990000000000001e-07         3.3201000000000002e-06         3.5000149299999998e-02        -1.1600000000000000e-08         1.0292238000000000e-03        -7.6617190000000000e-03         8.8841780000000002e-04        -5.1951340000000001e-04
                                                         8                           9                          10                          11                          12                          13                          14                          15

0                                     -1.6967970499999999e-02        -2.3137619449999999e-01        -1.0743968530000000e-01         1.6969630600000001e-02        -9.0144982000000002e-03        -1.0000000000000001e-09         5.7000000000000001e-08        -1.1803013200000000e-02
1                                      9.7972170000000004e-03        -1.0744448410000000e-01        -1.0731343000000000e-01         9.7977702999999996e-03         4.5999999999999998e-09        -9.0138521000000006e-03         1.3653000000000001e-06        -2.2999999999999999e-09
2                                     -1.0476729400000001e-02         1.3142393600000000e-02         7.6006826000000003e-03        -1.0476944900000000e-02         1.1380000000000000e-07        -6.5815999999999998e-06         2.6945563799999999e-02         1.4789999999999999e-07
3                                      2.4101839999999999e-04         1.0146076000000000e-03        -2.4241202199999999e-02        -2.4103899999999999e-04        -4.2884240000000000e-04         3.3899999999999999e-08        -1.7000000000000000e-08         6.8061170000000004e-04
4                                     -6.7095290000000003e-04         4.3764500000000002e-04        -1.2736067300000001e-02        -6.7095079999999997e-04         4.0000000000000002e-09         1.7261000000000000e-05         5.8916610000000005e-04         1.0400000000000000e-08
5                                     -5.2576600000000001e-05         4.6073019999999998e-04         5.4422050000000005e-04        -5.2577300000000002e-05        -1.0400000000000000e-08         8.6503710000000004e-03        -1.5708699999999999e-02        -5.7800000000000001e-08
6                                      1.2906908000000000e-02        -1.9594031099999999e-02         1.2332901900000000e-02        -7.0285560000000005e-04        -9.7645499999999999e-05        -1.8668579999999999e-04         5.0902930000000003e-04         1.5178767000000001e-03
7                                     -7.4536901000000003e-03        -1.2332622900000000e-02         7.8935258000000005e-03         1.2572660000000001e-04        -1.9119070000000001e-04        -3.2107090000000000e-04        -2.9660139999999999e-04        -4.8341729999999998e-04
8                                      3.3952237900000001e-02         7.0299420000000004e-04         1.2563710000000001e-04        -5.2561400000000001e-05         7.4909738999999996e-03        -4.3242610000000003e-03        -1.5708669900000000e-02        -4.3739240000000004e-03
9                                      7.0299420000000004e-04         2.4853540510000000e-01         1.1867339210000000e-01        -1.2908487900000000e-02        -9.7696599999999996e-05         1.8665430000000001e-04        -5.0913930000000003e-04         1.5179096000000000e-03
10                                     1.2563710000000001e-04         1.1867339210000000e-01         1.1152033490000000e-01        -7.4543821000000003e-03         1.9118670000000000e-04        -3.2107590000000002e-04        -2.9663459999999998e-04         4.8340690000000001e-04
11                                    -5.2561400000000001e-05        -1.2908487900000000e-02        -7.4543821000000003e-03         3.3952416200000002e-02        -7.4911307000000002e-03        -4.3241744000000002e-03        -1.5708609299999999e-02         4.3738826000000001e-03
12                                     7.4909738999999996e-03        -9.7696599999999996e-05         1.9118670000000000e-04        -7.4911307000000002e-03         7.3820480000000004e-03        -2.4000000000000000e-09         1.1150000000000000e-07         2.2566347999999998e-03
13                                    -4.3242610000000003e-03         1.8665430000000001e-04        -3.2107590000000002e-04        -4.3241744000000002e-03        -2.4000000000000000e-09         7.3820216999999997e-03         1.3929000000000000e-06         1.0999999999999999e-09
14                                    -1.5708669900000000e-02        -5.0913930000000003e-04        -2.9663459999999998e-04        -1.5708609299999999e-02         1.1150000000000000e-07         1.3929000000000000e-06         3.5135686399999998e-02        -4.1500000000000001e-08
15                                    -4.3739240000000004e-03         1.5179096000000000e-03         4.8340690000000001e-04         4.3738826000000001e-03         2.2566347999999998e-03         1.0999999999999999e-09        -4.1500000000000001e-08         5.8299805000000000e-03
16                                     2.5260501000000002e-03         4.7941569999999998e-04         9.5671250000000003e-04         2.5260104000000001e-03        -2.1000000000000002e-09         2.2567162999999999e-03         1.3118000000000001e-06         1.3000000000000001e-09
17                                    -7.6617005999999998e-03        -8.8849079999999997e-04        -5.1952349999999999e-04        -7.6617233000000002e-03        -5.8099999999999997e-08         3.2530999999999998e-06        -1.4955270900000000e-02        -7.0999999999999999e-09
                                                        16                          17

0                                     -8.9999999999999999e-10         1.4990000000000001e-07
1                                     -1.1802320599999999e-02         3.3201000000000002e-06
2                                     -6.5373000000000001e-06         3.5000149299999998e-02
3                                     -1.0700000000000000e-08        -1.1600000000000000e-08
4                                      1.8020084000000000e-03         1.0292238000000000e-03
5                                     -5.0500748000000002e-03        -7.6617190000000000e-03
6                                     -4.7940340000000002e-04         8.8841780000000002e-04
7                                      9.5672339999999995e-04        -5.1951340000000001e-04
8                                      2.5260501000000002e-03        -7.6617005999999998e-03
9                                      4.7941569999999998e-04        -8.8849079999999997e-04
10                                     9.5671250000000003e-04        -5.1952349999999999e-04
11                                     2.5260104000000001e-03        -7.6617233000000002e-03
12                                    -2.1000000000000002e-09        -5.8099999999999997e-08
13                                     2.2567162999999999e-03         3.2530999999999998e-06
14                                     1.3118000000000001e-06        -1.4955270900000000e-02
15                                     1.3000000000000001e-09        -7.0999999999999999e-09
16                                     5.8301600999999996e-03         3.2399999999999999e-06
17                                     3.2399999999999999e-06         2.9402644999999999e-03
   &MODES [&Type "ArrayOfDoubles", &Dim (18,18)] "The modes of vibrations"
                                                         0                           1                           2                           3                           4                           5                           6                           7

0                                      0.0000000000000000e+00         0.0000000000000000e+00         0.0000000000000000e+00         0.0000000000000000e+00         0.0000000000000000e+00         0.0000000000000000e+00         8.2203633598017574e-07        -2.1362720314795811e-07
1                                      0.0000000000000000e+00         0.0000000000000000e+00         0.0000000000000000e+00         0.0000000000000000e+00         0.0000000000000000e+00         0.0000000000000000e+00        -3.9266856620495898e-05         3.9510983116303895e-06
2                                      0.0000000000000000e+00         0.0000000000000000e+00         0.0000000000000000e+00         0.0000000000000000e+00         0.0000000000000000e+00         0.0000000000000000e+00         2.6716908778344417e-01         6.8348898433086683e-02
3                                      0.0000000000000000e+00         0.0000000000000000e+00         0.0000000000000000e+00         0.0000000000000000e+00         0.0000000000000000e+00         0.0000000000000000e+00         2.4679658014581386e-07        -2.9807756442261368e-07
4                                      0.0000000000000000e+00         0.0000000000000000e+00         0.0000000000000000e+00         0.0000000000000000e+00         0.0000000000000000e+00         0.0000000000000000e+00         1.0124147642005475e-02         1.5297884701428925e-03
5                                      0.0000000000000000e+00         0.0000000000000000e+00         0.0000000000000000e+00         0.0000000000000000e+00         0.0000000000000000e+00         0.0000000000000000e+00         5.4294702192101543e-02         3.1068336336473056e-02
6                                      0.0000000000000000e+00         0.0000000000000000e+00         0.0000000000000000e+00         0.0000000000000000e+00         0.0000000000000000e+00         0.0000000000000000e+00         8.7846907133350798e-03         1.3214259455502511e-03
7                                      0.0000000000000000e+00         0.0000000000000000e+00         0.0000000000000000e+00         0.0000000000000000e+00         0.0000000000000000e+00         0.0000000000000000e+00        -5.1594308388791029e-03        -7.5826674728317247e-04
8                                      0.0000000000000000e+00         0.0000000000000000e+00         0.0000000000000000e+00         0.0000000000000000e+00         0.0000000000000000e+00         0.0000000000000000e+00         5.4297617305779165e-02         3.1068000560133549e-02
9                                      0.0000000000000000e+00         0.0000000000000000e+00         0.0000000000000000e+00         0.0000000000000000e+00         0.0000000000000000e+00         0.0000000000000000e+00        -8.7844527767605429e-03        -1.3220778551673912e-03
10                                     0.0000000000000000e+00         0.0000000000000000e+00         0.0000000000000000e+00         0.0000000000000000e+00         0.0000000000000000e+00         0.0000000000000000e+00        -5.1595784422090772e-03        -7.5829893713703043e-04
11                                     0.0000000000000000e+00         0.0000000000000000e+00         0.0000000000000000e+00         0.0000000000000000e+00         0.0000000000000000e+00         0.0000000000000000e+00         5.4297723765155466e-02         3.1068298895861369e-02
12                                     0.0000000000000000e+00         0.0000000000000000e+00         0.0000000000000000e+00         0.0000000000000000e+00         0.0000000000000000e+00         0.0000000000000000e+00        -3.9590104659052923e-08         1.3067098698013869e-08
13                                     0.0000000000000000e+00         0.0000000000000000e+00         0.0000000000000000e+00         0.0000000000000000e+00         0.0000000000000000e+00         0.0000000000000000e+00         2.5559610733086396e-06        -2.3219474152076899e-07
14                                     0.0000000000000000e+00         0.0000000000000000e+00         0.0000000000000000e+00         0.0000000000000000e+00         0.0000000000000000e+00         0.0000000000000000e+00        -1.0335617971291178e-02        -4.5764241249255773e-02
15                                     0.0000000000000000e+00         0.0000000000000000e+00         0.0000000000000000e+00         0.0000000000000000e+00         0.0000000000000000e+00         0.0000000000000000e+00        -1.5056850393890100e-07         5.2611868988008895e-08
16                                     0.0000000000000000e+00         0.0000000000000000e+00         0.0000000000000000e+00         0.0000000000000000e+00         0.0000000000000000e+00         0.0000000000000000e+00         9.6946178563530051e-06        -8.8341458072596582e-07
17                                     0.0000000000000000e+00         0.0000000000000000e+00         0.0000000000000000e+00         0.0000000000000000e+00         0.0000000000000000e+00         0.0000000000000000e+00        -5.8149413488822820e-02         1.3800223740083906e-01
                                                         8                           9                          10                          11                          12                          13                          14                          15

0                                      2.4045556523165779e-01        -1.2015848519915083e-04         1.7639127123082204e-05         3.6547842278099535e-04         1.4766652530482706e-07         2.8216336292890357e-06         9.2592454824515572e-02        -3.5235851393987662e-08
1                                      1.2015817986814728e-04         2.4045597082645725e-01         3.6972122557133369e-04        -1.7814672754850735e-05         9.1638167078013397e-06        -9.2590719557699569e-02         2.8147718285586318e-06         1.9891982531990294e-05
2                                     -6.2152510576147850e-07         4.7408725805088622e-05         1.1933574683095918e-06        -2.0926979021011035e-08         3.9017126809051998e-02         1.6260989561298253e-05        -2.7445426442184251e-07        -6.8133991595189019e-03
3                                      2.4737156332761495e-01        -1.2359121809205989e-04        -1.9119887523094863e-03        -3.9683090654137700e-02        -2.0821703773758876e-06        -2.7580005082218782e-05        -7.6759892864990387e-01         1.5772238911647171e-07
4                                      1.2120116290904534e-04         2.4257736478575156e-01        -4.7699254937433502e-02         2.2998711953445146e-03         2.8006827090062393e-02        -5.3211396093456251e-02         5.9608545317647067e-06         5.7414515153094625e-01
5                                      9.7035552883855230e-06         2.0878360435895110e-02         8.0913784122861687e-01        -3.9009410240667161e-02        -5.6611886504448106e-01         3.4911983901791697e-02         1.5244573772434936e-06         2.6544128151978593e-02
6                                      2.4376941267891042e-01         1.9659816423058946e-03         1.2543618281158236e-03        -4.5865443671669788e-02         2.4224315153291522e-02         3.5547855288268160e-01        -1.5197651586181149e-01         4.9737626347517955e-01
7                                      2.2033753006383710e-03         2.4616220397727537e-01        -4.1542395259160494e-02         5.4857481342406138e-03        -1.4024966620544199e-02         5.6234690734077097e-01        -3.5545730905068218e-01        -2.8721615139615186e-01
8                                      1.8061581584649506e-02        -1.0420214760070101e-02        -3.7083727578802089e-01         7.2027229355367339e-01        -5.6604185947842689e-01        -1.7499787274660950e-02        -3.0228229957835202e-02         2.6556393799116635e-02
9                                      2.4376714376472830e-01        -2.2096063648314470e-03        -5.6627747572938203e-03        -4.5536973422424916e-02        -2.4228268165556090e-02        -3.5548354796036180e-01        -1.5194731161754788e-01        -4.9737592237154732e-01
10                                    -1.9573380163923435e-03         2.4616425802325884e-01        -4.1879819051965000e-02        -1.4633726056688023e-03        -1.4024844610040259e-02         5.6237587006457790e-01         3.5541875298341274e-01        -2.8721613658201250e-01
11                                    -1.8073723644935608e-02        -1.0401790818116896e-02        -4.3840614508821940e-01        -6.8125849028495400e-01        -5.6604072644546921e-01        -1.7495107298022280e-02         3.0230777171788382e-02         2.6559864514050298e-02
12                                    -1.3822362487963849e-02         6.9065642293712645e-06         1.2172330618561518e-04         2.5247793498689554e-03         1.5422289631880104e-08        -7.1040140484218641e-09        -8.8497966522692992e-05        -5.3721414700139315e-09
13                                    -6.9069409894978854e-06        -1.3822371985668764e-02         2.5247236903634396e-03        -1.2172244752022942e-04        -3.7819566890268433e-07         8.8547627989229701e-05         4.6729298368994423e-10         2.0092834754657874e-07
14                                    -8.0190495043871374e-09        -1.2411236756323513e-06         4.3161069787024046e-07        -2.6159439078661958e-08         6.4552191173106697e-03        -1.5337080969101332e-07        -5.1525880012503853e-09        -1.0148885091053512e-05
15                                    -5.2882446591381568e-02         2.6427502134158377e-05        -2.6196897909602372e-04        -5.4339567603355057e-03         6.6362590298010773e-08        -4.3285113870429924e-09        -5.8676683968150484e-04         1.6983779489860125e-08
16                                    -2.6426690027961559e-05        -5.2882427947304515e-02        -5.4341724803235354e-03         2.6197291983944817e-04        -5.2874392709717047e-07         5.8632460590946425e-04        -2.8532126281968762e-08         7.0552927258500314e-07
17                                     3.0859922898266437e-07        -1.3221259351167637e-05         1.0526463400238286e-06        -2.4178081189524481e-08         1.1959073886155679e-02        -2.6027143996924070e-06        -4.3412719310850947e-09         7.9710074356739306e-05
                                                        16                          17

0                                      9.2916134861486130e-02         4.7268519136066833e-07
1                                     -4.6435412825509540e-07         9.2916786627708831e-02
2                                     -3.2851993937360243e-07         1.1231826081045145e-06
3                                      3.7768637595184541e-02        -4.1002360595138752e-06
4                                     -2.7636038035289719e-07        -7.6785789200728860e-01
5                                     -1.3327156871170998e-07        -4.3773926097667594e-02
6                                     -5.6637336147514206e-01         3.4871093953689314e-01
7                                      3.4880533893683086e-01        -1.6356868536241900e-01
8                                     -3.7907310845866925e-02         2.1879392759754129e-02
9                                     -5.6637698378057144e-01        -3.4871235891376245e-01
10                                    -3.4879951962785050e-01        -1.6356477029707150e-01
11                                     3.7911277662880632e-02         2.1881802581609447e-02
12                                    -3.2950248108941867e-05        -3.2918304901240569e-09
13                                    -4.1920850081793747e-09        -3.2931425837858641e-05
14                                     2.6640522836762659e-10         1.0229072130637479e-09
15                                    -2.2826694537757348e-04         8.5770255839190079e-09
16                                     1.4724870483579579e-08        -2.2828104246392378e-04
17                                     1.3491766496158059e-09        -2.2219583020564996e-08
$End
$THERMOCHEMISTRY_Energies
   &GeometryIndex 1
   &temperature [&Type "Double"]       2.9814999999999998e+02
   &pressure [&Type "Double"]       1.0000000000000000e+00
   &totalMass [&Type "Double"]       1.7738800000000001e+02
   &spinDegeneracy [&Type "Integer"] 1
   &elEnergy [&Type "Double"]      -1.2261014823780000e+01
   &transEnergy [&Type "Double"]       1.4162714244859817e-03
   &rotEnergy [&Type "Double"]       1.4162714244859817e-03
   &vibEnergy [&Type "Double"]       2.0197021778262849e-03
   &numOfFreqs [&Type "Integer"] 18
   &freqScalingFactor [&Type "Double"]       1.0000000000000000e+00
   &FREQ [&Type "ArrayOfDoubles", &Units "cm^-1", &Dim (18,1)] 
                                                         0

0                                      0.0000000000000000e+00
1                                      0.0000000000000000e+00
2                                      0.0000000000000000e+00
3                                      0.0000000000000000e+00
4                                      0.0000000000000000e+00
5                                      0.0000000000000000e+00
6                                     -3.2257276685576096e+02
7                                      1.2237988097964016e+02
8                                      1.8503744793784347e+02
9                                      1.8504014356034230e+02
10                                     9.3176504755444989e+02
11                                     9.3176536121076720e+02
12                                     9.4740898447840118e+02
13                                     1.3674591080558614e+03
14                                     1.3674931392142958e+03
15                                     2.9405424192685136e+03
16                                     3.0222285113650673e+03
17                                     3.0222427263917143e+03
   &zpe [&Type "Double"]       3.4225738749450681e-02
   &innerEnergyU [&Type "Double"]      -1.2221936840003753e+01
   &enthalpyH [&Type "Double"]      -1.2220992630961494e+01
   &qEl [&Type "Double"]       0.0000000000000000e+00
   &qRot [&Type "Double"]       1.1352450197411478e-02
   &qVib [&Type "Double"]       3.7480475276225771e-03
   &qTrans [&Type "Double"]       1.9683005332529695e-02
   &entropyS [&Type "Double"]       3.4783503057563746e-02
   &freeEnergyG [&Type "Double"]      -1.2255776134019058e+01
   &isLinear [&Type "Boolean"] false
$End
$Geometry
   &GeometryIndex 2
   &NAtoms [&Type "Integer"] 6
   &NCorelessECP [&Type "Integer"] 0
   &NGhostAtoms [&Type "Integer"] 0
   &CartesianCoordinates [&Type "Coordinates", &Dim(6,4), &Units "Bohr"] 
              C      0.000000093187   -0.000000661033   -0.122027772059
              H      0.000000050747    2.047340490412   -0.011767968574
              H      1.773049134607   -1.023672508780   -0.011768980855
              H     -1.773049093599   -1.023672543701   -0.011768891572
              I     -0.000000106733    0.000002786879    4.897145006793
              Cl    -0.000000078210    0.000002436224   -4.808975370234
$End
$Single_Point_Data
   &GeometryIndex 2
   &FinalEnergy [&Type "Double"]      -1.2262651182780001e+01  "Final single point energy"
   &Converged [&Type "Boolean"] true
$End
$Geometry
   &GeometryIndex 3
   &NAtoms [&Type "Integer"] 6
   &NCorelessECP [&Type "Integer"] 0
   &NGhostAtoms [&Type "Integer"] 0
   &CartesianCoordinates [&Type "Coordinates", &Dim(6,4), &Units "Bohr"] 
              C      0.000000038716    0.000000363787   -0.114402262766
              H      0.000000029648    2.045040887817   -0.023412487973
              H      1.771058150144   -1.022519084938   -0.023411876207
              H     -1.771058123739   -1.022519103927   -0.023411811775
              I     -0.000000058476   -0.000001625161    4.882396212585
              Cl    -0.000000036294   -0.000001437579   -4.766921750366
$End
$Single_Point_Data
   &GeometryIndex 3
   &FinalEnergy [&Type "Double"]      -1.2264099859640000e+01  "Final single point energy"
   &Converged [&Type "Boolean"] true
$End
$Geometry
   &GeometryIndex 4
   &NAtoms [&Type "Integer"] 6
   &NCorelessECP [&Type "Integer"] 0
   &NGhostAtoms [&Type "Integer"] 0
   &CartesianCoordinates [&Type "Coordinates", &Dim(6,4), &Units "Bohr"] 
              C      0.000000028672    0.000000509205   -0.104927535682
              H      0.000000031733    2.042576037313   -0.035258432187
              H      1.768923252477   -1.021286376503   -0.035257700104
              H     -1.768923236395   -1.021286403861   -0.035257639718
              I     -0.000000048948   -0.000002001352    4.866829515039
              Cl    -0.000000027539   -0.000001764801   -4.725292183850
$End
$Single_Point_Data
   &GeometryIndex 4
   &FinalEnergy [&Type "Double"]      -1.2265480557909999e+01  "Final single point energy"
   &Converged [&Type "Boolean"] true
$End
$Hessian
   &GeometryIndex 4
   &HESSIAN [&Type "ArrayOfDoubles", &Dim (18,18)] "The Hessian"
                                                         0                           1                           2                           3                           4                           5                           6                           7

0                                      5.4714508780000004e-01        -2.5699999999999999e-08        -1.9852000000000001e-06        -4.4212380900000001e-02        -1.4054999999999999e-06         7.3500000000000003e-08        -2.4058707160000001e-01         1.1337815580000001e-01
1                                     -2.5699999999999999e-08         5.4714340070000000e-01        -6.6974999999999998e-06        -1.4076000000000001e-06        -3.0604209100000002e-01        -1.0402643499999999e-02         1.1338188930000000e-01        -1.0967238360000001e-01
2                                     -1.9852000000000001e-06        -6.6974999999999998e-06        -3.8998034399999999e-02         2.6799999999999998e-08        -7.6059932999999998e-03        -7.9176900999999994e-03        -6.6127114000000004e-03         3.8119285000000002e-03
3                                     -4.4212380900000001e-02        -1.4076000000000001e-06         2.6799999999999998e-08         4.2424740400000001e-02         1.5387000000000000e-06         7.8000000000000004e-09         7.5373770000000001e-04         2.4058748200000001e-02
4                                     -1.4054999999999999e-06        -3.0604209100000002e-01        -7.6059932999999998e-03         1.5387000000000000e-06         3.2988341240000002e-01         7.0661899000000004e-03        -3.7183060000000001e-04        -1.2914591000000000e-02
5                                      7.3500000000000003e-08        -1.0402643499999999e-02        -7.9176900999999994e-03         7.8000000000000004e-09         7.0661899000000004e-03         3.4300543599999997e-02        -4.3371350000000002e-04        -1.1585530000000000e-04
6                                     -2.4058707160000001e-01         1.1338188930000000e-01        -6.6127114000000004e-03         7.5373770000000001e-04        -3.7183060000000001e-04        -4.3371350000000002e-04         2.5806234280000001e-01        -1.2449460630000000e-01
7                                      1.1337815580000001e-01        -1.0967238360000001e-01         3.8119285000000002e-03         2.4058748200000001e-02        -1.2914591000000000e-02        -1.1585530000000000e-04        -1.2449460630000000e-01         1.1429867410000000e-01
8                                     -9.0094146999999992e-03         5.2021615000000000e-03        -7.9176031999999997e-03        -3.1833470000000000e-04        -3.1966910000000000e-04        -2.1601090000000000e-04         6.1231324000000000e-03        -3.5349269000000002e-03
9                                     -2.4058928090000001e-01        -1.1338045790000000e-01         6.6143316000000004e-03         7.5348120000000003e-04         3.7169219999999998e-04         4.3370559999999998e-04        -1.9778698099999999e-02        -1.2209476900000000e-02
10                                    -1.1337672190000000e-01        -1.0966999360000000e-01         3.8126947000000000e-03        -2.4058902600000001e-02        -1.2914348399999999e-02        -1.1569100000000000e-04         1.2209757400000000e-02         7.5909860000000001e-03
11                                     9.0111019000000004e-03         5.2028392999999996e-03        -7.9177621999999993e-03         3.1832190000000003e-04        -3.1966830000000000e-04        -2.1601589999999999e-04        -1.1584000000000000e-04         4.3480270000000000e-04
12                                    -9.9868179000000001e-03         5.0000000000000001e-09         1.6360000000000001e-07        -3.0140359999999999e-04        -8.9999999999999999e-10        -9.8000000000000001e-09         1.6096010000000001e-04        -2.6692639999999999e-04
13                                    -1.5000000000000000e-09        -9.9880244999999996e-03        -5.9101999999999998e-06         3.5899999999999997e-08         3.2190229999999999e-04         9.0190676999999993e-03        -2.6310480000000001e-04        -1.5017829999999999e-04
14                                     8.2500000000000004e-08         1.9780000000000001e-07         2.8193839900000000e-02        -1.0500000000000000e-08         2.9700190000000001e-04        -1.6603197900000002e-02         2.5779900000000002e-04        -1.4876240000000001e-04
15                                    -1.1769536500000000e-02        -3.1000000000000000e-09         1.7450000000000001e-07         5.8182510000000004e-04         6.0000000000000000e-09        -6.3600000000000000e-08         1.3887291000000000e-03        -4.6589439999999998e-04
16                                    -1.3000000000000001e-09        -1.1770908000000000e-02        -6.0221000000000003e-06        -1.2700000000000000e-08         1.6657156999999999e-03        -5.4510679000000003e-03        -4.6210510000000002e-04         8.4749290000000002e-04
17                                     1.4200000000000000e-07         4.1424000000000004e-06         3.4557249999999998e-02        -1.1300000000000000e-08         8.8213889999999996e-04        -9.3476288000000005e-03         7.8133339999999997e-04        -4.4718660000000001e-04
                                                         8                           9                          10                          11                          12                          13                          14                          15

0                                     -9.0094146999999992e-03        -2.4058928090000001e-01        -1.1337672190000000e-01         9.0111019000000004e-03        -9.9868179000000001e-03        -1.5000000000000000e-09         8.2500000000000004e-08        -1.1769536500000000e-02
1                                      5.2021615000000000e-03        -1.1338045790000000e-01        -1.0966999360000000e-01         5.2028392999999996e-03         5.0000000000000001e-09        -9.9880244999999996e-03         1.9780000000000001e-07        -3.1000000000000000e-09
2                                     -7.9176031999999997e-03         6.6143316000000004e-03         3.8126947000000000e-03        -7.9177621999999993e-03         1.6360000000000001e-07        -5.9101999999999998e-06         2.8193839900000000e-02         1.7450000000000001e-07
3                                     -3.1833470000000000e-04         7.5348120000000003e-04        -2.4058902600000001e-02         3.1832190000000003e-04        -3.0140359999999999e-04         3.5899999999999997e-08        -1.0500000000000000e-08         5.8182510000000004e-04
4                                     -3.1966910000000000e-04         3.7169219999999998e-04        -1.2914348399999999e-02        -3.1966830000000000e-04        -8.9999999999999999e-10         3.2190229999999999e-04         2.9700190000000001e-04         6.0000000000000000e-09
5                                     -2.1601090000000000e-04         4.3370559999999998e-04        -1.1569100000000000e-04        -2.1601589999999999e-04        -9.8000000000000001e-09         9.0190676999999993e-03        -1.6603197900000002e-02        -6.3600000000000000e-08
6                                      6.1231324000000000e-03        -1.9778698099999999e-02         1.2209757400000000e-02        -1.1584000000000000e-04         1.6096010000000001e-04        -2.6310480000000001e-04         2.5779900000000002e-04         1.3887291000000000e-03
7                                     -3.5349269000000002e-03        -1.2209476900000000e-02         7.5909860000000001e-03         4.3480270000000000e-04        -2.6692639999999999e-04        -1.5017829999999999e-04        -1.4876240000000001e-04        -4.6589439999999998e-04
8                                      3.4300563999999999e-02         1.1598610000000000e-04         4.3472020000000000e-04        -2.1600860000000000e-04         7.8100532000000000e-03        -4.5087227000000004e-03        -1.6603256300000001e-02        -4.7214223000000000e-03
9                                      1.1598610000000000e-04         2.5806480869999998e-01         1.2449305200000001e-01        -6.1247439999999997e-03         1.6091780000000001e-04         2.6307119999999999e-04        -2.5788150000000001e-04         1.3887712999999999e-03
10                                     4.3472020000000000e-04         1.2449305200000001e-01         1.1429605840000000e-01        -3.5357368000000001e-03         2.6692689999999999e-04        -1.5018489999999999e-04        -1.4879250000000000e-04         4.6588810000000000e-04
11                                    -2.1600860000000000e-04        -6.1247439999999997e-03        -3.5357368000000001e-03         3.4300654299999997e-02        -7.8102171999999996e-03        -4.5086329999999997e-03        -1.6603168599999999e-02         4.7213773000000002e-03
