
$orca_hessian_file

$act_atom
  0

$act_coord
  0

$act_energy
      -12.272091

$multiplicity
  1

$hessian
18
                    0                  1                  2                  3                  4        
    0      5.9294662500E-01   1.1700000000E-08  -2.1081000000E-06  -4.1272593700E-02  -1.5221000000E-06
    1      1.1700000000E-08   5.9295036600E-01  -7.5609000000E-06  -1.5142000000E-06  -3.3784003660E-01
    2     -2.1081000000E-06  -7.5609000000E-06  -4.9951860600E-02   1.2080000000E-07   1.0759819600E-02
    3     -4.1272593700E-02  -1.5142000000E-06   1.2080000000E-07   4.0952208800E-02   1.6600000000E-06
    4     -1.5221000000E-06  -3.3784003660E-01   1.0759819600E-02   1.6600000000E-06   3.6291502960E-01
    5      1.9340000000E-07   1.1859892200E-02  -2.6183314000E-03  -5.0800000000E-08  -9.6064335000E-03
    6     -2.6370003530E-01   1.2842630630E-01   9.3237804000E-03  -1.7764360000E-04  -2.4556350000E-04
    7      1.2842011370E-01  -1.1542244410E-01  -5.3705015000E-03   2.3746323900E-02  -1.3756352800E-02
    8      1.0270216400E-02  -5.9305438000E-03  -2.6180103000E-03  -9.4052110000E-04   2.7582790000E-04
    9     -2.6370285900E-01  -1.2842480100E-01  -9.3221032000E-03  -1.7789330000E-04   2.4543320000E-04
   10     -1.2841859800E-01  -1.1541975650E-01  -5.3694776000E-03  -2.3746478700E-02  -1.3756109000E-02
   11     -1.0268463200E-02  -5.9295764000E-03  -2.6179510000E-03   9.4052540000E-04   2.7582990000E-04
   12     -1.1681567300E-02   5.7000000000E-09   1.7110000000E-07   2.6061780000E-04  -6.1000000000E-09
   13     -2.4000000000E-09  -1.1679718500E-02  -5.6601000000E-06   3.7500000000E-08   1.4738200000E-03
   14      6.7000000000E-08  -3.9102000000E-06   3.0216073500E-02  -3.3100000000E-08  -1.4115363000E-03
   15     -1.2589569700E-02  -8.5000000000E-09   1.3900000000E-07   4.1530400000E-04  -1.5000000000E-09
   16     -2.8000000000E-09  -1.2588410300E-02  -6.6194000000E-06  -2.8400000000E-08   9.6364870000E-04
   17      9.4500000000E-08   1.1699200000E-05   2.7590079800E-02  -4.1200000000E-08  -2.9350750000E-04
                    5                  6                  7                  8                  9        
    0      1.9340000000E-07  -2.6370003530E-01   1.2842011370E-01   1.0270216400E-02  -2.6370285900E-01
    1      1.1859892200E-02   1.2842630630E-01  -1.1542244410E-01  -5.9305438000E-03  -1.2842480100E-01
    2     -2.6183314000E-03   9.3237804000E-03  -5.3705015000E-03  -2.6180103000E-03  -9.3221032000E-03
    3     -5.0800000000E-08  -1.7764360000E-04   2.3746323900E-02  -9.4052110000E-04  -1.7789330000E-04
    4     -9.6064335000E-03  -2.4556350000E-04  -1.3756352800E-02   2.7582790000E-04   2.4543320000E-04
    5      3.9761909900E-02  -2.2996490000E-04  -9.5092180000E-04  -6.7366530000E-04   2.2995660000E-04
    6     -2.2996490000E-04   2.8240460940E-01  -1.3942642530E-01  -8.3191390000E-03  -2.0510186200E-02
    7     -9.5092180000E-04  -1.3942642530E-01   1.2145869720E-01   4.8034340000E-03  -1.1985209200E-02
    8     -6.7366530000E-04  -8.3191390000E-03   4.8034340000E-03   3.9759258000E-02  -7.0864040000E-04
    9      2.2995660000E-04  -2.0510186200E-02  -1.1985209200E-02  -7.0864040000E-04   2.8240763630E-01
   10     -9.5075980000E-04   1.1985491300E-02   6.6201113000E-03   6.7706620000E-04   1.3942477550E-01
   11     -6.7367010000E-04   7.0880080000E-04   6.7713660000E-04  -6.7092240000E-04   8.3174867000E-03
   12     -1.9500000000E-08   1.1643510000E-03  -5.2175170000E-04   7.5301726000E-03   1.1643307000E-03
   13      8.6948646000E-03  -5.1453890000E-04   5.5672770000E-04  -4.3482454000E-03   5.1450300000E-04
   14     -1.7469615400E-02  -1.2190062000E-03   7.1160160000E-04  -1.7469435300E-02   1.2189267000E-03
   15     -1.1480000000E-07   8.1890470000E-04  -2.3305130000E-04  -7.8320885000E-03   8.1897150000E-04
   16     -9.0466416000E-03  -2.2526990000E-04   5.4326070000E-04   4.5224612000E-03   2.2529850000E-04
   17     -1.8326627700E-02  -2.6447110000E-04   1.2925110000E-04  -1.8327224600E-02   2.6437360000E-04
                   10                 11                 12                 13                 14        
    0     -1.2841859800E-01  -1.0268463200E-02  -1.1681567300E-02  -2.4000000000E-09   6.7000000000E-08
    1     -1.1541975650E-01  -5.9295764000E-03   5.7000000000E-09  -1.1679718500E-02  -3.9102000000E-06
    2     -5.3694776000E-03  -2.6179510000E-03   1.7110000000E-07  -5.6601000000E-06   3.0216073500E-02
    3     -2.3746478700E-02   9.4052540000E-04   2.6061780000E-04   3.7500000000E-08  -3.3100000000E-08
    4     -1.3756109000E-02   2.7582990000E-04  -6.1000000000E-09   1.4738200000E-03  -1.4115363000E-03
    5     -9.5075980000E-04  -6.7367010000E-04  -1.9500000000E-08   8.6948646000E-03  -1.7469615400E-02
    6      1.1985491300E-02   7.0880080000E-04   1.1643510000E-03  -5.1453890000E-04  -1.2190062000E-03
    7      6.6201113000E-03   6.7713660000E-04  -5.2175170000E-04   5.5672770000E-04   7.1160160000E-04
    8      6.7706620000E-04  -6.7092240000E-04   7.5301726000E-03  -4.3482454000E-03  -1.7469435300E-02
    9      1.3942477550E-01   8.3174867000E-03   1.1643307000E-03   5.1450300000E-04   1.2189267000E-03
   10      1.2145578200E-01   4.8023659000E-03   5.2175760000E-04   5.5671650000E-04   7.1156840000E-04
   11      4.8023659000E-03   3.9759148800E-02  -7.5303514000E-03  -4.3481531000E-03  -1.7469357300E-02
   12      5.2175760000E-04  -7.5303514000E-03   7.1540503000E-03  -2.9000000000E-09   1.3530000000E-07
   13      5.5671650000E-04  -4.3481531000E-03  -2.9000000000E-09   7.1541817000E-03  -3.5155000000E-06
   14      7.1156840000E-04  -1.7469357300E-02   1.3530000000E-07  -3.5155000000E-06   4.7620516000E-02
   15      2.3305230000E-04   7.8320017000E-03   1.9382175000E-03   3.8000000000E-09  -8.9700000000E-08
   16      5.4325580000E-04   4.5223971000E-03  -2.5000000000E-09   1.9382725000E-03  -4.2079000000E-06
   17      1.2923710000E-04  -1.8327248100E-02  -1.0820000000E-07   1.0709600000E-05  -2.5428181500E-02
                   15                 16                 17        
     0     -1.2589569700E-02  -2.8000000000E-09   9.4500000000E-08
     1     -8.5000000000E-09  -1.2588410300E-02   1.1699200000E-05
     2      1.3900000000E-07  -6.6194000000E-06   2.7590079800E-02
     3      4.1530400000E-04  -2.8400000000E-08  -4.1200000000E-08
     4     -1.5000000000E-09   9.6364870000E-04  -2.9350750000E-04
     5     -1.1480000000E-07  -9.0466416000E-03  -1.8326627700E-02
     6      8.1890470000E-04  -2.2526990000E-04  -2.6447110000E-04
     7     -2.3305130000E-04   5.4326070000E-04   1.2925110000E-04
     8     -7.8320885000E-03   4.5224612000E-03  -1.8327224600E-02
     9      8.1897150000E-04   2.2529850000E-04   2.6437360000E-04
    10      2.3305230000E-04   5.4325580000E-04   1.2923710000E-04
    11      7.8320017000E-03   4.5223971000E-03  -1.8327248100E-02
    12      1.9382175000E-03  -2.5000000000E-09  -1.0820000000E-07
    13      3.8000000000E-09   1.9382725000E-03   1.0709600000E-05
    14     -8.9700000000E-08  -4.2079000000E-06  -2.5428181500E-02
    15      8.5981720000E-03   5.2000000000E-09   1.5230000000E-07
    16      5.2000000000E-09   8.5999726000E-03   1.2610600000E-05
    17      1.5230000000E-07   1.2610600000E-05   5.2819202200E-02

$vibrational_frequencies
18
    0        0.0000000000000000
    1        0.0000000000000000
    2        0.0000000000000000
    3        0.0000000000000000
    4        0.0000000000000000
    5        0.0000000000000000
    6     -351.6066090995903437
    7      187.3298677832514443
    8      197.9518670071041697
    9      197.9641011370070487
   10     1013.1967821127165053
   11     1024.5488392200470571
   12     1024.6209968808086614
   13     1335.9859104216400283
   14     1336.0681114198598607
   15     3141.8953781162840642
   16     3232.2805870018337373
   17     3232.3181389450865026

$normal_modes
18 18
                    0                  1                  2                  3                  4        
    0      0.0000000000E+00   0.0000000000E+00   0.0000000000E+00   0.0000000000E+00   0.0000000000E+00
    1      0.0000000000E+00   0.0000000000E+00   0.0000000000E+00   0.0000000000E+00   0.0000000000E+00
    2      0.0000000000E+00   0.0000000000E+00   0.0000000000E+00   0.0000000000E+00   0.0000000000E+00
    3      0.0000000000E+00   0.0000000000E+00   0.0000000000E+00   0.0000000000E+00   0.0000000000E+00
    4      0.0000000000E+00   0.0000000000E+00   0.0000000000E+00   0.0000000000E+00   0.0000000000E+00
    5      0.0000000000E+00   0.0000000000E+00   0.0000000000E+00   0.0000000000E+00   0.0000000000E+00
    6      0.0000000000E+00   0.0000000000E+00   0.0000000000E+00   0.0000000000E+00   0.0000000000E+00
    7      0.0000000000E+00   0.0000000000E+00   0.0000000000E+00   0.0000000000E+00   0.0000000000E+00
    8      0.0000000000E+00   0.0000000000E+00   0.0000000000E+00   0.0000000000E+00   0.0000000000E+00
    9      0.0000000000E+00   0.0000000000E+00   0.0000000000E+00   0.0000000000E+00   0.0000000000E+00
   10      0.0000000000E+00   0.0000000000E+00   0.0000000000E+00   0.0000000000E+00   0.0000000000E+00
   11      0.0000000000E+00   0.0000000000E+00   0.0000000000E+00   0.0000000000E+00   0.0000000000E+00
   12      0.0000000000E+00   0.0000000000E+00   0.0000000000E+00   0.0000000000E+00   0.0000000000E+00
   13      0.0000000000E+00   0.0000000000E+00   0.0000000000E+00   0.0000000000E+00   0.0000000000E+00
   14      0.0000000000E+00   0.0000000000E+00   0.0000000000E+00   0.0000000000E+00   0.0000000000E+00
   15      0.0000000000E+00   0.0000000000E+00   0.0000000000E+00   0.0000000000E+00   0.0000000000E+00
   16      0.0000000000E+00   0.0000000000E+00   0.0000000000E+00   0.0000000000E+00   0.0000000000E+00
   17      0.0000000000E+00   0.0000000000E+00   0.0000000000E+00   0.0000000000E+00   0.0000000000E+00
                    5                  6                  7                  8                  9        
    0      0.0000000000E+00  -3.6026076587E-06  -4.6668713006E-06  -4.8656795315E-01   6.5247855883E-04
    1      0.0000000000E+00   1.5936524582E-04   7.7966877572E-03   6.5244010382E-04   4.8657812338E-01
    2      0.0000000000E+00  -9.8666077510E-01   1.8769142715E-01   1.3357332519E-06  -2.7431216760E-04
    3      0.0000000000E+00  -1.2193841612E-06  -4.5078233073E-06  -5.0669844344E-01   6.7932484772E-04
    4      0.0000000000E+00   2.8979994334E-02   9.2957528679E-03   6.6107486554E-04   4.9295616429E-01
    5      0.0000000000E+00   2.6621279949E-02   2.9279081049E-01  -2.8182816973E-05  -2.2224120857E-02
    6      0.0000000000E+00   2.5047550180E-02   1.4038666882E-03  -4.9636222653E-01   6.6380553233E-03
    7      0.0000000000E+00  -1.4053648595E-02   7.5819756708E-03  -5.2894673203E-03   5.0324111732E-01
    8      0.0000000000E+00   2.6624833861E-02   2.9329883030E-01   1.8681192148E-02   1.0132903480E-02
    9      0.0000000000E+00  -2.5048472388E-02  -1.4126907354E-03  -4.9637826457E-01  -5.3066763952E-03
   10      0.0000000000E+00  -1.4052773041E-02   7.5820842437E-03   6.6389329819E-03   5.0322524054E-01
   11      0.0000000000E+00   2.6623186589E-02   2.9329973381E-01  -1.8651225202E-02   1.0183336805E-02
   12      0.0000000000E+00   1.6999047225E-07   2.5394769946E-07   2.7055371641E-02  -3.6281256620E-05
   13      0.0000000000E+00  -1.0252646127E-05  -4.3504207492E-04  -3.6278062517E-05  -2.7055852011E-02
   14      0.0000000000E+00   5.4308708092E-02  -2.4906971694E-01   8.7783183382E-07   5.1975782118E-04
   15      0.0000000000E+00   6.7294317882E-07   1.0511480995E-06   1.1063310496E-01  -1.4835466424E-04
   16      0.0000000000E+00  -4.2130044109E-05  -1.7796707932E-03  -1.4834842764E-04  -1.1063436443E-01
   17      0.0000000000E+00   1.3760469518E-01   8.0292671588E-01  -3.6453545118E-06  -1.7132361280E-03
                   10                 11                 12                 13                 14        
    0     -4.4455470810E-08   9.8811241261E-03   5.8456662403E-08   9.9905547562E-06   9.7978118344E-02
    1      8.1808161775E-06  -1.0390345489E-07   9.8723748150E-03  -9.7970409029E-02   9.9828320171E-06
    2     -9.4309708465E-03  -1.6112735852E-07  -1.2692545911E-06   2.0816423082E-05  -2.2647455676E-07
    3      2.1178859511E-06  -6.1497698871E-02  -1.6933502903E-06  -8.6956611030E-05  -8.0750191308E-01
    4      1.5755460732E-02   3.9313291701E-07  -1.8956153484E-02  -5.8810817651E-02   1.0552129369E-05
    5      5.7685394148E-01   5.1811541148E-06  -8.1394811252E-01  -6.8803057170E-02   1.0011179564E-05
    6      1.3622781585E-02  -2.9580978004E-02  -1.8417593433E-02   3.7521042560E-01  -1.5777236692E-01
    7     -7.9058720767E-03  -1.8428205299E-02  -5.0838555179E-02   5.9082565772E-01  -3.7520825899E-01
    8      5.7697389669E-01  -7.0484859870E-01   4.0688835679E-01   3.4442383934E-02   5.9634462035E-02
    9     -1.3618557018E-02  -2.9575995511E-02   1.8418276737E-02  -3.7523792154E-01  -1.5768847329E-01
   10     -7.9058785476E-03   1.8428621174E-02  -5.0836203936E-02   5.9091019597E-01   3.7508324976E-01
   11      5.7696784599E-01   7.0485120835E-01   4.0689256823E-01   3.4432342996E-02  -5.9640972788E-02
   12     -1.2028109301E-08  -2.1417914865E-03  -5.3054072940E-09  -8.5955778872E-09  -5.0754250497E-05
   13     -3.6078382518E-07   8.4535468752E-09  -2.1414959403E-03   5.0648298834E-05  -2.0676194684E-10
   14     -6.1398202650E-03  -1.4764723581E-08   4.4337697443E-07   1.0849475459E-06  -4.7767127613E-09
   15     -1.2221449886E-07   7.7491627653E-03   2.7903423129E-08  -9.9782949667E-08  -1.0839141883E-03
   16      1.2026896477E-07  -1.8059130386E-08   7.7503935017E-03   1.0827539955E-03  -1.2706385498E-07
   17     -2.4038119966E-02  -1.1407188760E-07   3.5964652601E-06  -1.2973486584E-05  -5.6999313081E-09
                   15                 16                 17        
     0      3.9325862674E-08   3.9136427023E-05  -9.8463765910E-02
     1      2.2697941619E-05  -9.8467800114E-02  -3.9148281824E-05
     2      4.1328040210E-03   9.0760890446E-07   3.3344841365E-07
     3     -2.9438085655E-09   1.9486737852E-05  -3.7951150780E-02
     4      5.7699865965E-01   8.1135300230E-01   3.2709801907E-04
     5     -1.5479803385E-02  -2.5483621136E-02  -1.0129681764E-05
     6      4.9983400088E-01  -3.6784346575E-01   5.9879394316E-01
     7     -2.8867593566E-01   1.7446604971E-01  -3.6764446461E-01
     8     -1.5490211209E-02   1.2746549836E-02  -2.2057839014E-02
     9     -4.9983430805E-01   3.6736285939E-01   5.9909384561E-01
    10     -2.8867610960E-01   1.7416607305E-01   3.6777847725E-01
    11     -1.5486670915E-02   1.2726229758E-02   2.2063924405E-02
    12     -5.9938201067E-09  -1.5972872051E-08   5.1567877748E-05
    13      3.0165005088E-07   5.1552256514E-05   2.4304881220E-08
    14     -3.1848060684E-05  -7.4872105091E-09   3.3072408902E-10
    15      1.6948149578E-08  -9.1165515414E-08   1.9429096452E-04
    16      1.2779828927E-06   1.9433502826E-04   6.5613225625E-08
    17      3.4714940836E-05   2.7560742935E-08   8.3568102347E-10

#
# The atoms: label  mass x y z (in bohrs)
#
$atoms
6
 C     12.01100     -0.000000025935     0.000001085980    -2.617871869764
 H      1.00800     -0.000000021955     2.014242410711    -2.686301458886
 H      1.00800      1.744384165509    -1.007119428926    -2.686301971544
 H      1.00800     -1.744384207850    -1.007119428021    -2.686301968847
 I    126.90000     -0.000000000075    -0.000000538508     2.231864596601
 Cl    35.45300      0.000000010882     0.000001458572    -6.872675983372

$actual_temperature
  0.000000

$frequency_scale_factor
  1.000000


$end

