
$orca_hessian_file

$act_atom
  0

$act_coord
  0

$act_energy
      -11.819809

$multiplicity
  1

$hessian
18
                    0                  1                  2                  3                  4        
    0      5.8784287190E-01   1.5730000000E-07  -2.0831000000E-06  -4.1283370600E-02  -1.5375000000E-06
    1      1.5730000000E-07   5.8784212050E-01  -7.5713000000E-06  -1.5504000000E-06  -3.3671938590E-01
    2     -2.0831000000E-06  -7.5713000000E-06  -3.0505420700E-02   1.8000000000E-07   1.1847063100E-02
    3     -4.1283370600E-02  -1.5504000000E-06   1.8000000000E-07   4.1203871700E-02   1.6764000000E-06
    4     -1.5375000000E-06  -3.3671938590E-01   1.1847063100E-02   1.6764000000E-06   3.6222344940E-01
    5      1.9060000000E-07   1.2825669500E-02  -5.1433020000E-03  -7.2300000000E-08  -1.1411161000E-02
    6     -2.6285352280E-01   1.2792694650E-01   1.0264773800E-02  -1.7715570000E-04  -7.7880400000E-05
    7      1.2792486540E-01  -1.1513820020E-01  -5.9145792000E-03   2.3891328600E-02  -1.3928635600E-02
    8      1.1107205300E-02  -6.4125815000E-03  -5.1431970000E-03  -9.8919220000E-04   4.4197540000E-04
    9     -2.6285647310E-01  -1.2792555330E-01  -1.0263093900E-02  -1.7740330000E-04   7.7739600000E-05
   10     -1.2792348360E-01  -1.1513560060E-01  -5.9136022000E-03  -2.3891467500E-02  -1.3928379600E-02
   11     -1.1105528900E-02  -6.4116295000E-03  -5.1430245000E-03   9.8919430000E-04   4.4196380000E-04
   12     -1.0773072700E-02   4.9000000000E-09   1.0910000000E-07   1.8387500000E-04   1.0000000000E-10
   13     -9.0000000000E-10  -1.0772790700E-02  -5.4362000000E-06   3.4700000000E-08   1.3712793000E-03
   14      1.0740000000E-07   1.2930000000E-06   2.3445080100E-02  -5.5400000000E-08  -1.3169742000E-03
   15     -1.0076432600E-02  -5.1000000000E-09   1.1400000000E-07   2.5018290000E-04   1.9000000000E-09
   16     -7.0000000000E-10  -1.0076143100E-02  -5.8742000000E-06  -2.1800000000E-08   9.8167240000E-04
   17      1.0870000000E-07   4.8198000000E-06   2.2489864100E-02  -5.4600000000E-08  -2.8670000000E-06
                    5                  6                  7                  8                  9        
    0      1.9060000000E-07  -2.6285352280E-01   1.2792486540E-01   1.1107205300E-02  -2.6285647310E-01
    1      1.2825669500E-02   1.2792694650E-01  -1.1513820020E-01  -6.4125815000E-03  -1.2792555330E-01
    2     -5.1433020000E-03   1.0264773800E-02  -5.9145792000E-03  -5.1431970000E-03  -1.0263093900E-02
    3     -7.2300000000E-08  -1.7715570000E-04   2.3891328600E-02  -9.8919220000E-04  -1.7740330000E-04
    4     -1.1411161000E-02  -7.7880400000E-05  -1.3928635600E-02   4.4197540000E-04   7.7739600000E-05
    5      3.6862908100E-02  -1.1125560000E-04  -1.0766920000E-03  -5.3520550000E-04   1.1124310000E-04
    6     -1.1125560000E-04   2.8195893820E-01  -1.3900409420E-01  -9.8819092000E-03  -2.0798214600E-02
    7     -1.0766920000E-03  -1.3900409420E-01   1.2145927810E-01   5.7049013000E-03  -1.1983067600E-02
    8     -5.3520550000E-04  -9.8819092000E-03   5.7049013000E-03   3.6860135600E-02  -8.7666890000E-04
    9      1.1124310000E-04  -2.0798214600E-02  -1.1983067600E-02  -8.7666890000E-04   2.8196210890E-01
   10     -1.0765301000E-03   1.1983355400E-02   6.6985211000E-03   6.3545920000E-04   1.3900256580E-01
   11     -5.3521590000E-04   8.7681340000E-04   6.3553310000E-04  -5.3235310000E-04   9.8803098000E-03
   12     -1.2200000000E-08   1.0729700000E-03  -5.1330290000E-04   6.9998939000E-03   1.0729440000E-03
   13      8.0835275000E-03  -5.1277130000E-04   4.7866710000E-04  -4.0419879000E-03   5.1273820000E-04
   14     -1.5693494300E-02  -1.1416518000E-03   6.5659480000E-04  -1.5693574400E-02   1.1415463000E-03
   15     -9.3600000000E-08   7.9698500000E-04  -3.1572930000E-04  -6.3593289000E-03   7.9703810000E-04
   16     -7.3448139000E-03  -3.1555600000E-04   4.3036940000E-04   3.6722336000E-03   3.1557720000E-04
   17     -1.4955690400E-02  -6.7706000000E-06  -5.7580000000E-06  -1.4955805700E-02   6.6636000000E-06
                   10                 11                 12                 13                 14        
    0     -1.2792348360E-01  -1.1105528900E-02  -1.0773072700E-02  -9.0000000000E-10   1.0740000000E-07
    1     -1.1513560060E-01  -6.4116295000E-03   4.9000000000E-09  -1.0772790700E-02   1.2930000000E-06
    2     -5.9136022000E-03  -5.1430245000E-03   1.0910000000E-07  -5.4362000000E-06   2.3445080100E-02
    3     -2.3891467500E-02   9.8919430000E-04   1.8387500000E-04   3.4700000000E-08  -5.5400000000E-08
    4     -1.3928379600E-02   4.4196380000E-04   1.0000000000E-10   1.3712793000E-03  -1.3169742000E-03
    5     -1.0765301000E-03  -5.3521590000E-04  -1.2200000000E-08   8.0835275000E-03  -1.5693494300E-02
    6      1.1983355400E-02   8.7681340000E-04   1.0729700000E-03  -5.1277130000E-04  -1.1416518000E-03
    7      6.6985211000E-03   6.3553310000E-04  -5.1330290000E-04   4.7866710000E-04   6.5659480000E-04
    8      6.3545920000E-04  -5.3235310000E-04   6.9998939000E-03  -4.0419879000E-03  -1.5693574400E-02
    9      1.3900256580E-01   9.8803098000E-03   1.0729440000E-03   5.1273820000E-04   1.1415463000E-03
   10      1.2145643960E-01   5.7038560000E-03   5.1330310000E-04   4.7865720000E-04   6.5657400000E-04
   11      5.7038560000E-03   3.6859980600E-02  -7.0000448000E-03  -4.0419024000E-03  -1.5693524300E-02
   12      5.1330310000E-04  -7.0000448000E-03   6.6978778000E-03  -3.1000000000E-09   1.2220000000E-07
   13      4.7865720000E-04  -4.0419024000E-03  -3.1000000000E-09   6.6985540000E-03   1.2597000000E-06
   14      6.5657400000E-04  -1.5693524300E-02   1.2220000000E-07   1.2597000000E-06   4.2254642400E-02
   15      3.1572670000E-04   6.3592562000E-03   1.7454059000E-03   2.4000000000E-09  -6.8700000000E-08
   16      4.3036240000E-04   3.6721789000E-03  -2.0000000000E-09   1.7456331000E-03   1.2527000000E-06
   17     -5.7569000000E-06  -1.4955862800E-02  -6.8200000000E-08   4.5394000000E-06  -1.8619129600E-02
                   15                 16                 17        
     0     -1.0076432600E-02  -7.0000000000E-10   1.0870000000E-07
     1     -5.1000000000E-09  -1.0076143100E-02   4.8198000000E-06
     2      1.1400000000E-07  -5.8742000000E-06   2.2489864100E-02
     3      2.5018290000E-04  -2.1800000000E-08  -5.4600000000E-08
     4      1.9000000000E-09   9.8167240000E-04  -2.8670000000E-06
     5     -9.3600000000E-08  -7.3448139000E-03  -1.4955690400E-02
     6      7.9698500000E-04  -3.1555600000E-04  -6.7706000000E-06
     7     -3.1572930000E-04   4.3036940000E-04  -5.7580000000E-06
     8     -6.3593289000E-03   3.6722336000E-03  -1.4955805700E-02
     9      7.9703810000E-04   3.1557720000E-04   6.6636000000E-06
    10      3.1572670000E-04   4.3036240000E-04  -5.7569000000E-06
    11      6.3592562000E-03   3.6721789000E-03  -1.4955862800E-02
    12      1.7454059000E-03  -2.0000000000E-09  -6.8200000000E-08
    13      2.4000000000E-09   1.7456331000E-03   4.5394000000E-06
    14     -6.8700000000E-08   1.2527000000E-06  -1.8619129600E-02
    15      6.4868208000E-03   3.3000000000E-09   1.2110000000E-07
    16      3.3000000000E-09   6.4881057000E-03   5.0228000000E-06
    17      1.2110000000E-07   5.0228000000E-06   4.0996624400E-02

$vibrational_frequencies
18
    0        0.0000000000000000
    1        0.0000000000000000
    2        0.0000000000000000
    3        0.0000000000000000
    4        0.0000000000000000
    5        0.0000000000000000
    6     -279.6326354752744692
    7      127.2275506877459890
    8      176.8337826593503337
    9      176.8483236106593779
   10      971.8584342417225344
   11      982.6325436923806365
   12      982.7099936888905631
   13     1339.0892364529909173
   14     1339.1147508879175803
   15     3141.3564470599071683
   16     3228.2943846658340590
   17     3228.3125985481169664

$normal_modes
18 18
                    0                  1                  2                  3                  4        
    0      0.0000000000E+00   0.0000000000E+00   0.0000000000E+00   0.0000000000E+00   0.0000000000E+00
    1      0.0000000000E+00   0.0000000000E+00   0.0000000000E+00   0.0000000000E+00   0.0000000000E+00
    2      0.0000000000E+00   0.0000000000E+00   0.0000000000E+00   0.0000000000E+00   0.0000000000E+00
    3      0.0000000000E+00   0.0000000000E+00   0.0000000000E+00   0.0000000000E+00   0.0000000000E+00
    4      0.0000000000E+00   0.0000000000E+00   0.0000000000E+00   0.0000000000E+00   0.0000000000E+00
    5      0.0000000000E+00   0.0000000000E+00   0.0000000000E+00   0.0000000000E+00   0.0000000000E+00
    6      0.0000000000E+00   0.0000000000E+00   0.0000000000E+00   0.0000000000E+00   0.0000000000E+00
    7      0.0000000000E+00   0.0000000000E+00   0.0000000000E+00   0.0000000000E+00   0.0000000000E+00
    8      0.0000000000E+00   0.0000000000E+00   0.0000000000E+00   0.0000000000E+00   0.0000000000E+00
    9      0.0000000000E+00   0.0000000000E+00   0.0000000000E+00   0.0000000000E+00   0.0000000000E+00
   10      0.0000000000E+00   0.0000000000E+00   0.0000000000E+00   0.0000000000E+00   0.0000000000E+00
   11      0.0000000000E+00   0.0000000000E+00   0.0000000000E+00   0.0000000000E+00   0.0000000000E+00
   12      0.0000000000E+00   0.0000000000E+00   0.0000000000E+00   0.0000000000E+00   0.0000000000E+00
   13      0.0000000000E+00   0.0000000000E+00   0.0000000000E+00   0.0000000000E+00   0.0000000000E+00
   14      0.0000000000E+00   0.0000000000E+00   0.0000000000E+00   0.0000000000E+00   0.0000000000E+00
   15      0.0000000000E+00   0.0000000000E+00   0.0000000000E+00   0.0000000000E+00   0.0000000000E+00
   16      0.0000000000E+00   0.0000000000E+00   0.0000000000E+00   0.0000000000E+00   0.0000000000E+00
   17      0.0000000000E+00   0.0000000000E+00   0.0000000000E+00   0.0000000000E+00   0.0000000000E+00
                    5                  6                  7                  8                  9        
    0      0.0000000000E+00  -3.2830041248E-06   8.7316560905E-08   4.9077212703E-01  -2.3191557646E-04
    1      0.0000000000E+00   1.8450406698E-04   6.1563035708E-04  -2.3190862205E-04  -4.9078240735E-01
    2      0.0000000000E+00  -9.8637964905E-01   1.0516687265E-01  -1.6961266919E-06  -1.2451204324E-04
    3      0.0000000000E+00  -2.9303627705E-07   2.0926598212E-07   5.0671431004E-01  -2.3946550749E-04
    4      0.0000000000E+00   2.9116889148E-02  -9.7835753185E-04  -2.3500024841E-04  -4.9719839650E-01
    5      0.0000000000E+00  -7.5144935681E-02   1.2668895720E-01  -6.2779641311E-06  -9.6095468838E-03
    6      0.0000000000E+00   2.5122773625E-02  -1.3520534676E-03   4.9956942701E-01  -4.3514661405E-03
    7      0.0000000000E+00  -1.4127168231E-02   1.4972398635E-03   3.8908845093E-03  -5.0432646812E-01
    8      0.0000000000E+00  -7.5162443802E-02   1.2666453765E-01   8.3350999371E-03   4.7991838050E-03
    9      0.0000000000E+00  -2.5123230504E-02   1.3523361157E-03   4.9957318794E-01   3.8793706751E-03
   10      0.0000000000E+00  -1.4127093486E-02   1.4971616914E-03  -4.3674577410E-03  -5.0432273441E-01
   11      0.0000000000E+00  -7.5161628697E-02   1.2666661829E-01  -8.3339997418E-03   4.8065061585E-03
   12      0.0000000000E+00   1.5390961899E-07  -1.3930632984E-08  -2.8523469964E-02   1.3479499165E-05
   13      0.0000000000E+00  -1.1861963658E-05  -3.6312952363E-05   1.3478414454E-05   2.8523950455E-02
   14      0.0000000000E+00   5.0331387730E-02  -5.2605590272E-01   9.6786416091E-08  -2.3189068049E-05
   15      0.0000000000E+00   2.5853500081E-07   2.7933505630E-09  -4.7471082099E-02   2.2431076414E-05
   16      0.0000000000E+00  -1.9778768600E-05  -6.0305318389E-05   2.2431911553E-05   4.7471746706E-02
   17      0.0000000000E+00   7.1184300651E-02   8.1489705223E-01   1.6657287250E-07   5.5595677879E-05
                   10                 11                 12                 13                 14        
    0      1.0035115007E-07  -1.2206188753E-02   9.0665699554E-06  -5.4008982367E-04  -9.7265739424E-02
    1     -7.8571083817E-07  -9.0074752489E-06  -1.2200492313E-02   9.7261987748E-02  -5.4005977026E-04
    2     -1.8696800285E-02  -2.2876393877E-07   3.0316990670E-06  -1.8016894456E-05   4.2169801038E-07
    3      1.2482085394E-06   5.3252308779E-02  -3.8308300066E-05   4.4918059285E-03   8.0811721067E-01
    4      1.8492410412E-02   1.5597271971E-05   2.0913118485E-02   5.7706607367E-02  -3.2504746131E-04
    5      5.7696296276E-01   6.1493555577E-04   8.1439261847E-01   6.2849123913E-02  -3.5194300118E-04
    6      1.6015731391E-02   2.9004387858E-02   1.3970154406E-02  -3.7404611768E-01   1.6082407729E-01
    7     -9.2405420620E-03   1.4040658915E-02   4.5138450635E-02  -5.8957130016E-01   3.7820633772E-01
    8      5.7688546480E-01   7.0501425116E-01  -4.0777079634E-01  -3.1724841268E-02  -5.4281982963E-02
    9     -1.6012556398E-02   2.8978151828E-02  -1.4014366513E-02   3.7580440395E-01   1.5665292838E-01
   10     -9.2401502921E-03  -1.3973711111E-02   4.5157182068E-02  -5.9374290183E-01  -3.7163121036E-01
   11      5.7690351095E-01  -7.0560789778E-01  -4.0671781283E-01  -3.1122076528E-02   5.4630180870E-02
   12     -4.7337756402E-08   2.1722567631E-03  -1.6213334305E-06   2.5498294510E-07   4.5368966729E-05
   13      1.0952884646E-07   1.6183694101E-06   2.1720936917E-03  -4.5222908338E-05   2.4671574268E-07
   14     -6.1197627845E-03  -8.3997342853E-08   3.0421972910E-07   3.1691694870E-07  -1.1351135003E-09
   15      4.2960736089E-09  -3.0184678021E-03   2.2531816106E-06   1.9345256412E-06   3.4921782572E-04
   16     -2.0367759252E-07  -2.2576687087E-06  -3.0187358885E-03  -3.4871705123E-04   1.9432933431E-06
   17     -9.3045405310E-03  -1.0077973592E-07   2.7208252426E-07   2.1772264466E-06  -1.4341856886E-08
                   15                 16                 17        
     0      3.8016432362E-07  -9.8281166272E-02   1.5979899134E-03
     1     -2.2297451328E-05   1.5979774917E-03   9.8281321813E-02
     2     -4.6024682745E-03   2.9239449794E-07  -1.2942857503E-06
     3      1.6256747400E-07  -3.8380749836E-02   6.1954902962E-04
     4     -5.7688626462E-01  -1.3186252467E-02  -8.1111470881E-01
     5      1.7896230214E-02   4.8802323333E-04   3.0011734929E-02
     6     -4.9983281379E-01   6.0460697024E-01   3.5792769074E-01
     7      2.8858298496E-01  -3.7060879531E-01  -1.6791028411E-01
     8      1.7906635468E-02  -2.6228453752E-02  -1.4576942602E-02
     9      4.9982813063E-01   5.9266346783E-01  -3.7739004097E-01
    10      2.8858009346E-01   3.6495242849E-01  -1.7986240989E-01
    11      1.7903035133E-02   2.5736984793E-02  -1.5419102329E-02
    12      4.9998006383E-09   4.6967655485E-05  -7.6780351096E-07
    13     -4.0455061002E-08  -7.6038870526E-07  -4.6974016511E-05
    14      2.8084405813E-05   4.9489108522E-11   5.8098489454E-09
    15     -8.0584190752E-09   7.9275179932E-05  -1.2825904570E-06
    16     -7.6093542269E-08  -1.2947946129E-06  -7.9317291299E-05
    17     -3.0278005948E-05  -5.6244346600E-10  -1.2604779348E-08

#
# The atoms: label  mass x y z (in bohrs)
#
$atoms
6
 C     12.01100      0.000000002173     0.000001980240    -1.105171212688
 H      1.00800      0.000000240797     2.015809936471    -1.182887511657
 H      1.00800      1.745742398537    -1.007900628924    -1.182886091439
 H      1.00800     -1.745742117351    -1.007900744628    -1.182886411978
 I    126.90000      0.000000033637     0.000000258544     3.801033061690
 Br    79.90000     -0.000000060335    -0.000000816337    -5.826030473063

$actual_temperature
  0.000000

$frequency_scale_factor
  1.000000


$end

