
$orca_hessian_file

$act_atom
  0

$act_coord
  0

$act_energy
      -11.819071

$multiplicity
  1

$hessian
18
                    0                  1                  2                  3                  4        
    0      5.6996603350E-01   1.1250000000E-07  -1.9640000000E-06  -4.2323071100E-02  -1.4328000000E-06
    1      1.1250000000E-07   5.6996429070E-01   2.2121000000E-06  -1.4395000000E-06  -3.2448998370E-01
    2     -1.9640000000E-06   2.2121000000E-06  -1.9127616200E-02   2.3400000000E-07   1.9744069500E-02
    3     -4.2323071100E-02  -1.4395000000E-06   2.3400000000E-07   4.1849900000E-02   1.5799000000E-06
    4     -1.4328000000E-06  -3.2448998370E-01   1.9744069500E-02   1.5799000000E-06   3.4979059910E-01
    5      2.2470000000E-07   2.1431815500E-02  -9.1060390000E-03  -1.3070000000E-07  -2.0711533400E-02
    6     -2.5394088750E-01   1.2218185410E-01   1.7094822300E-02   1.1711200000E-04  -1.5304990000E-04
    7      1.2217930870E-01  -1.1285853710E-01  -9.8778796000E-03   2.4094434800E-02  -1.3707514600E-02
    8      1.8560211300E-02  -1.0715605900E-02  -9.1062583000E-03  -1.9518391000E-03   8.4104590000E-04
    9     -2.5394377520E-01  -1.2218052870E-01  -1.7093232500E-02   1.1684890000E-04   1.5290750000E-04
   10     -1.2217798550E-01  -1.1285603560E-01  -9.8768739000E-03  -2.4094599000E-02  -1.3707276000E-02
   11     -1.8558653100E-02  -1.0714600800E-02  -9.1059976000E-03   1.9518466000E-03   8.4102550000E-04
   12     -1.1083771400E-02   4.7000000000E-09   7.1400000000E-08   1.4996700000E-05  -3.5000000000E-09
   13     -1.7000000000E-09  -1.1084409700E-02   4.1854000000E-06   3.7300000000E-08   1.1498824000E-03
   14      9.1400000000E-08  -2.8514000000E-06   2.3292150300E-02  -7.3300000000E-08  -9.4674400000E-04
   15     -8.6745282000E-03  -3.1000000000E-09   6.8700000000E-08   2.2421340000E-04  -1.2000000000E-09
   16     -1.1000000000E-09  -8.6753246000E-03   4.2864000000E-06  -1.3600000000E-08   9.6429290000E-04
   17      8.9700000000E-08  -9.6960000000E-07   2.3153760800E-02  -3.7500000000E-08   2.3213650000E-04
                    5                  6                  7                  8                  9        
    0      2.2470000000E-07  -2.5394088750E-01   1.2217930870E-01   1.8560211300E-02  -2.5394377520E-01
    1      2.1431815500E-02   1.2218185410E-01  -1.1285853710E-01  -1.0715605900E-02  -1.2218052870E-01
    2     -9.1060390000E-03   1.7094822300E-02  -9.8778796000E-03  -9.1062583000E-03  -1.7093232500E-02
    3     -1.3070000000E-07   1.1711200000E-04   2.4094434800E-02  -1.9518391000E-03   1.1684890000E-04
    4     -2.0711533400E-02  -1.5304990000E-04  -1.3707514600E-02   8.4104590000E-04   1.5290750000E-04
    5      3.5318944200E-02  -2.4717580000E-04  -2.1102420000E-03   4.0758000000E-06   2.4715430000E-04
    6     -2.4717580000E-04   2.7279684200E-01  -1.3334082600E-01  -1.7936123200E-02  -2.0616574900E-02
    7     -2.1102420000E-03  -1.3334082600E-01   1.1883302660E-01   1.0355259700E-02  -1.2122162500E-02
    8      4.0758000000E-06  -1.7936123200E-02   1.0355259700E-02   3.5316987000E-02  -1.7036863000E-03
    9      2.4715430000E-04  -2.0616574900E-02  -1.2122162500E-02  -1.7036863000E-03   2.7279997140E-01
   10     -2.1100784000E-03   1.2122443500E-02   7.0268124000E-03   1.2697317000E-03   1.3333938100E-01
   11      4.0593000000E-06   1.7038426000E-03   1.2697971000E-03   5.9907000000E-06   1.7934605500E-02
   12     -6.4000000000E-09   8.6531330000E-04  -4.9089940000E-04   7.5132178000E-03   8.6528820000E-04
   13      8.6761503000E-03  -4.9062470000E-04   2.9793520000E-04  -4.3383348000E-03   4.9059050000E-04
   14     -1.5271688600E-02  -8.1726760000E-04   4.7767810000E-04  -1.5271553800E-02   8.1715300000E-04
   15     -6.6100000000E-08   7.7819510000E-04  -3.1985570000E-04  -4.4817805000E-03   7.7824160000E-04
   16     -5.1761120000E-03  -3.1979700000E-04   4.0827750000E-04   2.5879034000E-03   3.1981210000E-04
   17     -1.0949351600E-02   2.0190180000E-04  -1.1461320000E-04  -1.0949241500E-02  -2.0199400000E-04
                   10                 11                 12                 13                 14        
    0     -1.2217798550E-01  -1.8558653100E-02  -1.1083771400E-02  -1.7000000000E-09   9.1400000000E-08
    1     -1.1285603560E-01  -1.0714600800E-02   4.7000000000E-09  -1.1084409700E-02  -2.8514000000E-06
    2     -9.8768739000E-03  -9.1059976000E-03   7.1400000000E-08   4.1854000000E-06   2.3292150300E-02
    3     -2.4094599000E-02   1.9518466000E-03   1.4996700000E-05   3.7300000000E-08  -7.3300000000E-08
    4     -1.3707276000E-02   8.4102550000E-04  -3.5000000000E-09   1.1498824000E-03  -9.4674400000E-04
    5     -2.1100784000E-03   4.0593000000E-06  -6.4000000000E-09   8.6761503000E-03  -1.5271688600E-02
    6      1.2122443500E-02   1.7038426000E-03   8.6531330000E-04  -4.9062470000E-04  -8.1726760000E-04
    7      7.0268124000E-03   1.2697971000E-03  -4.9089940000E-04   2.9793520000E-04   4.7767810000E-04
    8      1.2697317000E-03   5.9907000000E-06   7.5132178000E-03  -4.3383348000E-03  -1.5271553800E-02
    9      1.3333938100E-01   1.7934605500E-02   8.6528820000E-04   4.9059050000E-04   8.1715300000E-04
   10      1.1883030290E-01   1.0354160200E-02   4.9090320000E-04   2.9792550000E-04   4.7767940000E-04
   11      1.0354160200E-02   3.5316723500E-02  -7.5133680000E-03  -4.3382465000E-03  -1.5271500300E-02
   12      4.9090320000E-04  -7.5133680000E-03   7.4209364000E-03  -2.9000000000E-09   1.2910000000E-07
   13      2.9792550000E-04  -4.3382465000E-03  -2.9000000000E-09   7.4214034000E-03  -2.7693000000E-06
   14      4.7767940000E-04  -1.5271500300E-02   1.2910000000E-07  -2.7693000000E-06   3.7620169100E-02
   15      3.1985690000E-04   4.4817265000E-03   1.9172368000E-03   1.5000000000E-09  -3.2600000000E-08
   16      4.0827090000E-04   2.5878646000E-03  -2.1000000000E-09   1.9172633000E-03  -2.9929000000E-06
   17     -1.1461900000E-04  -1.0949275700E-02  -4.3900000000E-08  -9.8520000000E-07  -1.5097576700E-02
                   15                 16                 17        
     0     -8.6745282000E-03  -1.1000000000E-09   8.9700000000E-08
     1     -3.1000000000E-09  -8.6753246000E-03  -9.6960000000E-07
     2      6.8700000000E-08   4.2864000000E-06   2.3153760800E-02
     3      2.2421340000E-04  -1.3600000000E-08  -3.7500000000E-08
     4     -1.2000000000E-09   9.6429290000E-04   2.3213650000E-04
     5     -6.6100000000E-08  -5.1761120000E-03  -1.0949351600E-02
     6      7.7819510000E-04  -3.1979700000E-04   2.0190180000E-04
     7     -3.1985570000E-04   4.0827750000E-04  -1.1461320000E-04
     8     -4.4817805000E-03   2.5879034000E-03  -1.0949241500E-02
     9      7.7824160000E-04   3.1981210000E-04  -2.0199400000E-04
    10      3.1985690000E-04   4.0827090000E-04  -1.1461900000E-04
    11      4.4817265000E-03   2.5878646000E-03  -1.0949275700E-02
    12      1.9172368000E-03  -2.1000000000E-09  -4.3900000000E-08
    13      1.5000000000E-09   1.9172633000E-03  -9.8520000000E-07
    14     -3.2600000000E-08  -2.9929000000E-06  -1.5097576700E-02
    15      4.9766413000E-03   1.7000000000E-09   8.4000000000E-08
    16      1.7000000000E-09   4.9772200000E-03  -9.4950000000E-07
    17      8.4000000000E-08  -9.4950000000E-07   2.4791684700E-02

$vibrational_frequencies
18
    0        0.0000000000000000
    1        0.0000000000000000
    2        0.0000000000000000
    3        0.0000000000000000
    4        0.0000000000000000
    5        0.0000000000000000
    6     -255.0840423358664282
    7      110.5509993411736076
    8      171.0581954008018499
    9      171.0652108281218489
   10      936.0258679904977726
   11      936.0798501844643624
   12      957.4211979034515707
   13     1352.3504506529709488
   14     1352.4083375735556274
   15     3091.6343337050689115
   16     3176.0592035315921748
   17     3176.0831583229009993

$normal_modes
18 18
                    0                  1                  2                  3                  4        
    0      0.0000000000E+00   0.0000000000E+00   0.0000000000E+00   0.0000000000E+00   0.0000000000E+00
    1      0.0000000000E+00   0.0000000000E+00   0.0000000000E+00   0.0000000000E+00   0.0000000000E+00
    2      0.0000000000E+00   0.0000000000E+00   0.0000000000E+00   0.0000000000E+00   0.0000000000E+00
    3      0.0000000000E+00   0.0000000000E+00   0.0000000000E+00   0.0000000000E+00   0.0000000000E+00
    4      0.0000000000E+00   0.0000000000E+00   0.0000000000E+00   0.0000000000E+00   0.0000000000E+00
    5      0.0000000000E+00   0.0000000000E+00   0.0000000000E+00   0.0000000000E+00   0.0000000000E+00
    6      0.0000000000E+00   0.0000000000E+00   0.0000000000E+00   0.0000000000E+00   0.0000000000E+00
    7      0.0000000000E+00   0.0000000000E+00   0.0000000000E+00   0.0000000000E+00   0.0000000000E+00
    8      0.0000000000E+00   0.0000000000E+00   0.0000000000E+00   0.0000000000E+00   0.0000000000E+00
    9      0.0000000000E+00   0.0000000000E+00   0.0000000000E+00   0.0000000000E+00   0.0000000000E+00
   10      0.0000000000E+00   0.0000000000E+00   0.0000000000E+00   0.0000000000E+00   0.0000000000E+00
   11      0.0000000000E+00   0.0000000000E+00   0.0000000000E+00   0.0000000000E+00   0.0000000000E+00
   12      0.0000000000E+00   0.0000000000E+00   0.0000000000E+00   0.0000000000E+00   0.0000000000E+00
   13      0.0000000000E+00   0.0000000000E+00   0.0000000000E+00   0.0000000000E+00   0.0000000000E+00
   14      0.0000000000E+00   0.0000000000E+00   0.0000000000E+00   0.0000000000E+00   0.0000000000E+00
   15      0.0000000000E+00   0.0000000000E+00   0.0000000000E+00   0.0000000000E+00   0.0000000000E+00
   16      0.0000000000E+00   0.0000000000E+00   0.0000000000E+00   0.0000000000E+00   0.0000000000E+00
   17      0.0000000000E+00   0.0000000000E+00   0.0000000000E+00   0.0000000000E+00   0.0000000000E+00
                    5                  6                  7                  8                  9        
    0      0.0000000000E+00  -1.7157944429E-06  -1.6822522869E-06   4.8788467253E-01   2.3192048125E-04
    1      0.0000000000E+00  -1.4420856433E-04   3.0293859648E-04  -2.3191484396E-04   4.8788729286E-01
    2      0.0000000000E+00  -9.5031520162E-01   1.7415239094E-01  -5.8352539887E-07  -1.0640108413E-04
    3      0.0000000000E+00   1.1408659400E-06  -2.3442754091E-06   5.0517345826E-01   2.4016654721E-04
    4      0.0000000000E+00   4.2544905231E-02  -7.6977297250E-03  -2.3655985449E-04   4.9743346556E-01
    5      0.0000000000E+00  -1.6674403474E-01   6.4623909871E-02  -2.8823533654E-05   5.8032242936E-02
    6      0.0000000000E+00   3.6927588861E-02  -6.9176208215E-03   4.9935585780E-01   3.5938430656E-03
    7      0.0000000000E+00  -2.1584753798E-02   4.3501383337E-03   3.1110240523E-03   5.0322861037E-01
    8      0.0000000000E+00  -1.6670654694E-01   6.4562829010E-02   5.0299572268E-02  -2.9029251049E-02
    9      0.0000000000E+00  -3.6925509849E-02   6.9132073338E-03   4.9935874485E-01  -3.1191487707E-03
   10      0.0000000000E+00  -2.1584870849E-02   4.3502970294E-03  -3.5893400438E-03   5.0322527199E-01
   11      0.0000000000E+00  -1.6670627223E-01   6.4565009284E-02  -5.0275233843E-02  -2.9076155075E-02
   12      0.0000000000E+00   6.9569026619E-08   1.0072158877E-07  -2.9090071894E-02  -1.3829407178E-05
   13      0.0000000000E+00   9.3174327152E-06  -1.8332313589E-05   1.3828594776E-05  -2.9090219573E-02
   14      0.0000000000E+00   4.5097692839E-02  -5.3406503919E-01  -4.4509057435E-08   1.9448469823E-05
   15      0.0000000000E+00   1.0681427743E-07   1.7817006063E-07  -4.6112288407E-02  -2.1917707863E-05
   16      0.0000000000E+00   1.4761251889E-05  -2.9073243693E-05   2.1918340007E-05  -4.6112438767E-02
   17      0.0000000000E+00   7.7540635471E-02   8.1959708815E-01   2.1499264706E-07  -1.3970950007E-05
                   10                 11                 12                 13                 14        
    0      2.6599891195E-02   2.9413677982E-05  -2.5415337316E-07   1.6428876369E-04  -9.5403841309E-02
    1      2.9368168099E-05  -2.6598824230E-02   9.9380935237E-07  -9.5403261388E-02  -1.6428211680E-04
    2     -2.4073702510E-07  -1.0973821465E-06  -3.2017422571E-02  -1.1689152705E-05   3.1846494000E-07
    3     -7.9034685938E-02  -8.6242336365E-05   2.3577485137E-06  -1.3896133028E-03   8.0426580788E-01
    4     -3.7070243772E-05   3.3899527544E-02   3.5302774648E-02  -6.0306190447E-02  -1.0849773283E-04
    5     -8.9800365505E-04   8.1164325703E-01   5.7597031141E-01  -1.0057398613E-01  -1.7636932613E-04
    6     -4.5203318630E-02   1.9495028269E-02   3.0569294127E-02   3.7410990955E-01   1.5647904822E-01
    7     -1.9621694997E-02   6.7732722512E-02  -1.7651373654E-02   5.8747117345E-01   3.7538919696E-01
    8     -7.0246375790E-01  -4.0662563548E-01   5.7594014298E-01   5.0440565013E-02  -8.7014223536E-02
    9     -4.5155199850E-02  -1.9596082939E-02  -3.0564881737E-02  -3.7464195196E-01   1.5518258261E-01
   10      1.9471451123E-02   6.7773985968E-02  -1.7651548642E-02   5.8876862910E-01  -3.7335912818E-01
   11      7.0337149667E-01  -4.0506438110E-01   5.7593287120E-01   5.0142240257E-02   8.7186876845E-02
   12     -2.5982843308E-03  -2.8826204586E-06  -3.8837529659E-09   6.3606820944E-08  -3.8354544540E-05
   13     -2.8801323161E-06   2.5981824003E-03   3.2774548446E-09  -3.8411747731E-05  -7.0796623069E-08
   14     -2.4030385956E-08   3.1599189942E-07  -6.2150680410E-03   7.9430372741E-07  -4.3234528048E-10
   15      2.2650730725E-03   2.5195523375E-06  -4.1036489185E-08  -5.5463188973E-07   3.2425371014E-04
   16      2.5226577482E-06  -2.2652359784E-03  -1.5273746078E-07   3.2417950324E-04   5.6611983171E-07
   17     -4.8461092802E-08   2.5300260545E-07  -7.1140510050E-03   3.8437518129E-07  -3.0628767716E-10
                   15                 16                 17        
     0     -3.2956036569E-07  -9.7991127814E-02   8.5593046271E-04
     1      1.9923753973E-05   8.5591730850E-04   9.7990905495E-02
     2      8.0332201979E-03   2.8813021449E-07  -2.0332761401E-06
     3     -1.3503477749E-07  -3.8565043139E-02   3.3243407251E-04
     4      5.7619253219E-01  -7.0715924068E-03  -8.0984427524E-01
     5     -3.3520226892E-02   4.8543531128E-04   5.5578225469E-02
     6      4.9921455228E-01   6.0084677629E-01   3.6198810483E-01
     7     -2.8821856709E-01  -3.6883267411E-01  -1.7023270830E-01
     8     -3.3537890171E-02  -4.8366100121E-02  -2.7357915208E-02
     9     -4.9921046898E-01   5.9444380306E-01  -3.7242426074E-01
    10     -2.8821605370E-01   3.6580070031E-01  -1.7664202365E-01
    11     -3.3534104202E-02   4.7877300401E-02  -2.8195554011E-02
    12     -5.0792952256E-09   3.6287165761E-05  -3.2134552269E-07
    13      1.8113830748E-08  -3.1402000557E-07  -3.6293144877E-05
    14      1.8674622935E-06  -3.9032022350E-11   2.8607629560E-09
    15      7.7980014741E-09   7.9940605109E-05  -6.9149477761E-07
    16      3.0318670807E-08  -7.0311537616E-07  -7.9980057172E-05
    17      5.8485234962E-05  -8.0669398479E-10  -1.1209640777E-08

#
# The atoms: label  mass x y z (in bohrs)
#
$atoms
6
 C     12.01100     -0.000000053199    -0.000003329401    -0.987854865622
 H      1.00800      0.000000134246     2.022531777352    -1.125527563262
 H      1.00800      1.751566265707    -1.011271927613    -1.125526658978
 H      1.00800     -1.751566163629    -1.011272023693    -1.125526836516
 I    126.90000      0.000000024156     0.000000277421     3.877873269691
 Br    79.90000     -0.000000033349     0.000000213468    -5.967877339494

$actual_temperature
  0.000000

$frequency_scale_factor
  1.000000


$end

