
$orca_hessian_file

$act_atom
  0

$act_coord
  0

$act_energy
      -11.819769

$multiplicity
  1

$hessian
18
                    0                  1                  2                  3                  4        
    0      5.9163278560E-01  -1.9000000000E-09  -2.1743000000E-06  -4.1193573100E-02  -1.5619000000E-06
    1     -1.9000000000E-09   5.9163161260E-01  -5.3340000000E-06  -1.5644000000E-06  -3.3889337100E-01
    2     -2.1743000000E-06  -5.3340000000E-06  -3.4936397800E-02   1.1520000000E-07  -1.1244350000E-03
    3     -4.1193573100E-02  -1.5644000000E-06   1.1520000000E-07   4.1057950200E-02   1.7044000000E-06
    4     -1.5619000000E-06  -3.3889337100E-01  -1.1244350000E-03   1.7044000000E-06   3.6426196310E-01
    5      1.2010000000E-07  -1.7400740000E-03  -3.8744364000E-03   5.4000000000E-09   2.6438782000E-03
    6     -2.6446213440E-01   1.2890684440E-01  -9.9240070000E-04  -2.0853050000E-04  -6.4510400000E-05
    7      1.2890571790E-01  -1.1561394030E-01   5.6864090000E-04   2.3825214500E-02  -1.3926818400E-02
    8     -1.5077905000E-03   8.6985160000E-04  -3.8743389000E-03   8.6539300000E-05  -9.0898000000E-05
    9     -2.6446481840E-01  -1.2890527770E-01   9.9422440000E-04  -2.0878510000E-04   6.4364700000E-05
   10     -1.2890415560E-01  -1.1561123960E-01   5.6954020000E-04  -2.3825360300E-02  -1.3926574100E-02
   11      1.5096184000E-03   8.7070530000E-04  -3.8743393000E-03  -8.6545000000E-05  -9.0904600000E-05
   12     -1.0216490100E-02   5.1000000000E-09   1.1190000000E-07   2.5123850000E-04   1.4000000000E-09
   13      3.0000000000E-10  -1.0216455100E-02  -4.0625000000E-06   3.3100000000E-08   1.3943465000E-03
   14      1.0860000000E-07   5.2550000000E-07   2.2990108300E-02  -5.7600000000E-08  -1.3747520000E-03
   15     -1.1295769600E-02  -5.6000000000E-09   1.2360000000E-07   3.0169990000E-04   1.8000000000E-09
   16      1.2000000000E-09  -1.1296606600E-02  -4.3496000000E-06  -2.7300000000E-08   1.0904539000E-03
   17      1.1780000000E-07   4.3256000000E-06   2.3569404200E-02  -5.7300000000E-08   3.7111500000E-05
                    5                  6                  7                  8                  9        
    0      1.2010000000E-07  -2.6446213440E-01   1.2890571790E-01  -1.5077905000E-03  -2.6446481840E-01
    1     -1.7400740000E-03   1.2890684440E-01  -1.1561394030E-01   8.6985160000E-04  -1.2890527770E-01
    2     -3.8744364000E-03  -9.9240070000E-04   5.6864090000E-04  -3.8743389000E-03   9.9422440000E-04
    3      5.4000000000E-09  -2.0853050000E-04   2.3825214500E-02   8.6539300000E-05  -2.0878510000E-04
    4      2.6438782000E-03  -6.4510400000E-05  -1.3926818400E-02  -9.0898000000E-05   6.4364700000E-05
    5      3.8365723600E-02  -3.6296800000E-05   1.2114890000E-04  -7.3403690000E-04   3.6295600000E-05
    6     -3.6296800000E-05   2.8346159590E-01  -1.3995212110E-01   2.2895793000E-03  -2.0789148400E-02
    7      1.2114890000E-04  -1.3995212110E-01   1.2185920880E-01  -1.3222999000E-03  -1.1944364600E-02
    8     -7.3403690000E-04   2.2895793000E-03  -1.3222999000E-03   3.8362634400E-02   1.2340330000E-04
    9      3.6295600000E-05  -2.0789148400E-02  -1.1944364600E-02   1.2340330000E-04   2.8346449850E-01
   10      1.2131430000E-04   1.1944648600E-02   6.6496063000E-03  -2.9226100000E-05   1.3995042420E-01
   11     -7.3403430000E-04  -1.2327070000E-04  -2.9137900000E-05  -7.3097580000E-04  -2.2912997000E-03
   12     -1.7800000000E-08   1.1070875000E-03  -4.9410520000E-04   6.6870768000E-03   1.1070595000E-03
   13      7.7223648000E-03  -4.9424030000E-04   5.3527710000E-04  -3.8614869000E-03   4.9420710000E-04
   14     -1.6159520300E-02  -1.1883282000E-03   6.8664630000E-04  -1.6159511600E-02   1.1882171000E-03
   15     -1.0640000000E-07   8.9112990000E-04  -3.4034150000E-04  -7.6788082000E-03   8.9119380000E-04
   16     -8.8686322000E-03  -3.4062110000E-04   4.9666650000E-04   4.4340593000E-03   3.4064620000E-04
   17     -1.6863695700E-02   5.0717100000E-05  -2.4998400000E-05  -1.6863771200E-02  -5.0840600000E-05
                   10                 11                 12                 13                 14        
    0     -1.2890415560E-01   1.5096184000E-03  -1.0216490100E-02   3.0000000000E-10   1.0860000000E-07
    1     -1.1561123960E-01   8.7070530000E-04   5.1000000000E-09  -1.0216455100E-02   5.2550000000E-07
    2      5.6954020000E-04  -3.8743393000E-03   1.1190000000E-07  -4.0625000000E-06   2.2990108300E-02
    3     -2.3825360300E-02  -8.6545000000E-05   2.5123850000E-04   3.3100000000E-08  -5.7600000000E-08
    4     -1.3926574100E-02  -9.0904600000E-05   1.4000000000E-09   1.3943465000E-03  -1.3747520000E-03
    5      1.2131430000E-04  -7.3403430000E-04  -1.7800000000E-08   7.7223648000E-03  -1.6159520300E-02
    6      1.1944648600E-02  -1.2327070000E-04   1.1070875000E-03  -4.9424030000E-04  -1.1883282000E-03
    7      6.6496063000E-03  -2.9137900000E-05  -4.9410520000E-04   5.3527710000E-04   6.8664630000E-04
    8     -2.9226100000E-05  -7.3097580000E-04   6.6870768000E-03  -3.8614869000E-03  -1.6159511600E-02
    9      1.3995042420E-01  -2.2912997000E-03   1.1070595000E-03   4.9420710000E-04   1.1882171000E-03
   10      1.2185628190E-01  -1.3232495000E-03   4.9410390000E-04   5.3526660000E-04   6.8662380000E-04
   11     -1.3232495000E-03   3.8362666400E-02  -6.6872359000E-03  -3.8614052000E-03  -1.6159478900E-02
   12      4.9410390000E-04  -6.6872359000E-03   6.1585651000E-03  -2.9000000000E-09   1.3920000000E-07
   13      5.3526660000E-04  -3.8614052000E-03  -2.9000000000E-09   6.1590653000E-03   5.1470000000E-07
   14      6.8662380000E-04  -1.6159478900E-02   1.3920000000E-07   5.1470000000E-07   4.5980641900E-02
   15      3.4033930000E-04   7.6787329000E-03   1.5925394000E-03   2.6000000000E-09  -7.9000000000E-08
   16      4.9665890000E-04   4.4339919000E-03  -2.3000000000E-09   1.5924997000E-03   4.4170000000E-07
   17     -2.5002600000E-05  -1.6863838100E-02  -7.4100000000E-08   4.0751000000E-06  -2.0492239500E-02
                   15                 16                 17        
     0     -1.1295769600E-02   1.2000000000E-09   1.1780000000E-07
     1     -5.6000000000E-09  -1.1296606600E-02   4.3256000000E-06
     2      1.2360000000E-07  -4.3496000000E-06   2.3569404200E-02
     3      3.0169990000E-04  -2.7300000000E-08  -5.7300000000E-08
     4      1.8000000000E-09   1.0904539000E-03   3.7111500000E-05
     5     -1.0640000000E-07  -8.8686322000E-03  -1.6863695700E-02
     6      8.9112990000E-04  -3.4062110000E-04   5.0717100000E-05
     7     -3.4034150000E-04   4.9666650000E-04  -2.4998400000E-05
     8     -7.6788082000E-03   4.4340593000E-03  -1.6863771200E-02
     9      8.9119380000E-04   3.4064620000E-04  -5.0840600000E-05
    10      3.4033930000E-04   4.9665890000E-04  -2.5002600000E-05
    11      7.6787329000E-03   4.4339919000E-03  -1.6863838100E-02
    12      1.5925394000E-03  -2.3000000000E-09  -7.4100000000E-08
    13      2.6000000000E-09   1.5924997000E-03   4.0751000000E-06
    14     -7.9000000000E-08   4.4170000000E-07  -2.0492239500E-02
    15      7.6192065000E-03   3.4000000000E-09   1.3710000000E-07
    16      3.4000000000E-09   7.6203276000E-03   4.4888000000E-06
    17      1.3710000000E-07   4.4888000000E-06   4.7514140300E-02

$vibrational_frequencies
18
    0        0.0000000000000000
    1        0.0000000000000000
    2        0.0000000000000000
    3        0.0000000000000000
    4        0.0000000000000000
    5        0.0000000000000000
    6     -290.4495464450204736
    7      134.3451542596660602
    8      178.2253888487858262
    9      178.2341578580332850
   10      990.7141220445948875
   11     1012.8299005024447297
   12     1012.9096907704913519
   13     1335.4182434139117959
   14     1335.4315568477932175
   15     3148.3014696640861985
   16     3236.0079038912745091
   17     3236.0208623351250026

$normal_modes
18 18
                    0                  1                  2                  3                  4        
    0      0.0000000000E+00   0.0000000000E+00   0.0000000000E+00   0.0000000000E+00   0.0000000000E+00
    1      0.0000000000E+00   0.0000000000E+00   0.0000000000E+00   0.0000000000E+00   0.0000000000E+00
    2      0.0000000000E+00   0.0000000000E+00   0.0000000000E+00   0.0000000000E+00   0.0000000000E+00
    3      0.0000000000E+00   0.0000000000E+00   0.0000000000E+00   0.0000000000E+00   0.0000000000E+00
    4      0.0000000000E+00   0.0000000000E+00   0.0000000000E+00   0.0000000000E+00   0.0000000000E+00
    5      0.0000000000E+00   0.0000000000E+00   0.0000000000E+00   0.0000000000E+00   0.0000000000E+00
    6      0.0000000000E+00   0.0000000000E+00   0.0000000000E+00   0.0000000000E+00   0.0000000000E+00
    7      0.0000000000E+00   0.0000000000E+00   0.0000000000E+00   0.0000000000E+00   0.0000000000E+00
    8      0.0000000000E+00   0.0000000000E+00   0.0000000000E+00   0.0000000000E+00   0.0000000000E+00
    9      0.0000000000E+00   0.0000000000E+00   0.0000000000E+00   0.0000000000E+00   0.0000000000E+00
   10      0.0000000000E+00   0.0000000000E+00   0.0000000000E+00   0.0000000000E+00   0.0000000000E+00
   11      0.0000000000E+00   0.0000000000E+00   0.0000000000E+00   0.0000000000E+00   0.0000000000E+00
   12      0.0000000000E+00   0.0000000000E+00   0.0000000000E+00   0.0000000000E+00   0.0000000000E+00
   13      0.0000000000E+00   0.0000000000E+00   0.0000000000E+00   0.0000000000E+00   0.0000000000E+00
   14      0.0000000000E+00   0.0000000000E+00   0.0000000000E+00   0.0000000000E+00   0.0000000000E+00
   15      0.0000000000E+00   0.0000000000E+00   0.0000000000E+00   0.0000000000E+00   0.0000000000E+00
   16      0.0000000000E+00   0.0000000000E+00   0.0000000000E+00   0.0000000000E+00   0.0000000000E+00
   17      0.0000000000E+00   0.0000000000E+00   0.0000000000E+00   0.0000000000E+00   0.0000000000E+00
                    5                  6                  7                  8                  9        
    0      0.0000000000E+00  -3.4155262186E-06   9.9779770194E-08   4.9020240041E-01   3.6979060409E-05
    1      0.0000000000E+00   1.4035894575E-04   6.6266801029E-04   3.6978578654E-05  -4.9021027231E-01
    2      0.0000000000E+00  -9.9301812866E-01   1.1969636036E-01  -1.6883634504E-06  -7.9189074193E-05
    3      0.0000000000E+00  -2.5737468374E-07   2.7963586591E-07   5.0719362402E-01   3.8379904144E-05
    4      0.0000000000E+00  -2.3278848203E-03  -1.9555100551E-03   3.7411463905E-05  -4.9671466859E-01
    5      0.0000000000E+00  -4.5276232980E-02   1.5445755349E-01  -3.4792201487E-06   2.0952375194E-02
    6      0.0000000000E+00  -2.2137527458E-03  -2.3104226687E-03   4.9932434879E-01  -4.4977139680E-03
    7      0.0000000000E+00   1.3514524414E-03   1.9783513138E-03   4.5818657070E-03  -5.0455910807E-01
    8      0.0000000000E+00  -4.5262946051E-02   1.5450265428E-01  -1.8128080097E-02  -1.0461219868E-02
    9      0.0000000000E+00   2.2134608291E-03   2.3109102400E-03   4.9932370169E-01   4.5729334780E-03
   10      0.0000000000E+00   1.3515810725E-03   1.9783098003E-03  -4.5056874890E-03  -5.0455991037E-01
   11      0.0000000000E+00  -4.5262539811E-02   1.5450449073E-01   1.8126335875E-02  -1.0458753027E-02
   12      0.0000000000E+00   1.5644244820E-07  -9.0490517452E-09  -2.8000649257E-02  -2.1118916151E-06
   13      0.0000000000E+00  -7.8124194638E-06  -3.7769160883E-05  -2.1126241778E-06   2.8001000869E-02
   14      0.0000000000E+00   4.9040707184E-02  -5.2010557793E-01   1.1163492849E-07  -2.7836087661E-05
   15      0.0000000000E+00   2.7190268351E-07  -1.0306320477E-08  -4.8215607616E-02  -3.6378555459E-06
   16      0.0000000000E+00  -1.3424344814E-05  -6.4875584767E-05  -3.6364968648E-06   4.8216131752E-02
   17      0.0000000000E+00   7.3100915322E-02   8.0220966757E-01   1.4239913797E-07   5.5705606714E-05
                   10                 11                 12                 13                 14        
    0     -5.2458015432E-08  -3.7980158655E-03  -7.0623982166E-07  -1.3778669936E-07  -9.8123387515E-02
    1      2.8333278871E-08  -7.4713230880E-07   3.8011657504E-03  -9.8119730536E-02   1.4074119266E-07
    2     -1.4697678535E-02   2.9346904751E-08  -4.1571822388E-07  -6.8905130722E-06   3.2757403605E-07
    3      2.0087700511E-06   1.3135866728E-03   1.6331929351E-06  -3.3825425416E-06   8.1059004561E-01
    4     -4.2431314530E-03   5.6446118960E-07  -3.0526913941E-03  -5.6292715006E-02  -4.4698488134E-06
    5      5.7722573618E-01  -1.5861862929E-04   8.1648205868E-01   4.7574508477E-03  -2.7653549464E-06
    6     -3.6668114117E-03   2.6215372001E-03   7.4797787123E-04   3.7536618905E-01   1.6043008259E-01
    7      2.1296820977E-03  -7.5648026918E-04  -1.7606958212E-03   5.9387104362E-01   3.7537343202E-01
    8      5.7723634258E-01  -7.0701032910E-01  -4.0837154436E-01  -2.3924123596E-03   4.1097655943E-03
    9      3.6708323596E-03   2.6268011748E-03  -7.4840078875E-04  -3.7536120002E-01   1.6042327547E-01
   10      2.1296840646E-03   7.5697078282E-04  -1.7628293039E-03   5.9387783034E-01  -3.7537055715E-01
   11      5.7723553433E-01   7.0716987104E-01  -4.0809626224E-01  -2.3896551747E-03  -4.1109480032E-03
   12     -1.9454071052E-08  -1.9116170715E-03  -3.7335638790E-07  -3.8985100388E-09   1.4556016564E-04
   13     -8.0148580868E-08  -3.7089016879E-07   1.9115288027E-03   1.4539469846E-04  -3.9574320810E-09
   14     -6.0196628822E-03   2.8226515906E-09  -5.3060966190E-08   1.2138335788E-07   5.3333539728E-10
   15     -3.7286118502E-08   3.5242522463E-03   6.8387502512E-07   6.6375401558E-09   2.4522492505E-04
   16     -8.1777760145E-08   6.8806450506E-07  -3.5244052646E-03   2.4477707151E-04   5.2502738307E-09
   17     -1.0076622745E-02  -2.0542960873E-08  -3.3034593945E-08   1.1535922963E-06  -2.8568297874E-10
                   15                 16                 17        
     0      2.1591830776E-08   9.8415415078E-02   2.0900081022E-06
     1      7.0821223443E-06  -2.0880542275E-06   9.8415514464E-02
     2      4.4510291448E-04  -3.4392369665E-07  -3.6262320419E-06
     3     -2.4617361096E-08   3.8313242417E-02  -3.6467743655E-06
     4     -5.7737893783E-01   1.2909118373E-05  -8.1156641842E-01
     5     -4.1703512040E-03  -2.6484498117E-08  -6.6201534413E-03
     6     -4.9997020015E-01  -5.9912705778E-01   3.6804613132E-01
     7      2.8865299504E-01   3.6802995630E-01  -1.7417592630E-01
     8     -4.1715522519E-03  -5.7343435776E-03   3.3075663486E-03
     9      4.9996991146E-01  -5.9911933243E-01  -3.6806710054E-01
    10      2.8865285680E-01  -3.6801824157E-01  -1.7418382067E-01
    11     -4.1750002329E-03   5.7384242138E-03   3.3103080710E-03
    12      5.2417651950E-09  -5.4949235791E-05  -4.8732280177E-09
    13     -3.7511740239E-08  -2.7202754626E-09  -5.4969374573E-05
    14      5.4480532151E-05   1.9169526167E-10   3.5787446264E-08
    15     -7.6184524944E-09  -7.3615513210E-05   4.1082453279E-09
    16     -8.3009404197E-08   7.5592776475E-09  -7.3686556719E-05
    17      4.4721937729E-06   2.4976778255E-10   5.1702753394E-07

#
# The atoms: label  mass x y z (in bohrs)
#
$atoms
6
 C     12.01100     -0.000000016510     0.000000016374    -1.198562784167
 H      1.00800     -0.000000018547     2.015674427388    -1.187975516390
 H      1.00800      1.745625224443    -1.007837187035    -1.187975297194
 H      1.00800     -1.745625258610    -1.007837185340    -1.187975312930
 I    126.90000     -0.000000006687     0.000000305725     3.767102017158
 Br    79.90000      0.000000013768    -0.000000488719    -5.757908270854

$actual_temperature
  0.000000

$frequency_scale_factor
  1.000000


$end

