
$orca_hessian_file

$act_atom
  0

$act_coord
  0

$act_energy
      -11.815629

$multiplicity
  1

$hessian
18
                    0                  1                  2                  3                  4        
    0      5.2076450230E-01   3.4000000000E-09  -1.6967000000E-06  -4.5674409100E-02  -1.1852000000E-06
    1      3.4000000000E-09   5.2076499890E-01   1.2157000000E-06  -1.1909000000E-06  -2.8918987090E-01
    2     -1.6967000000E-06   1.2157000000E-06   3.7179574000E-03   2.7230000000E-07   2.2500352900E-02
    3     -4.5674409100E-02  -1.1909000000E-06   2.7230000000E-07   4.3464314400E-02   1.3249000000E-06
    4     -1.1852000000E-06  -2.8918987090E-01   2.2500352900E-02   1.3249000000E-06   3.1309558150E-01
    5      2.2610000000E-07   2.4705964800E-02  -1.6238067500E-02  -1.5190000000E-07  -2.4637756200E-02
    6     -2.2830987570E-01   1.0544946410E-01   1.9482793200E-02   1.0505722000E-03  -4.1855090000E-04
    7      1.0544594250E-01  -1.0655531100E-01  -1.1254415000E-02   2.4487552800E-02  -1.2856204100E-02
    8      2.1396052900E-02  -1.2352471700E-02  -1.6238215500E-02  -2.7274692000E-03   1.1578347000E-03
    9     -2.2831238920E-01  -1.0544827990E-01  -1.9481411300E-02   1.0503433000E-03   4.1840870000E-04
   10     -1.0544475690E-01  -1.0655310280E-01  -1.1253523600E-02  -2.4487718000E-02  -1.2855953600E-02
   11     -2.1394710700E-02  -1.2351529400E-02  -1.6237937200E-02   2.7274837000E-03   1.1578021000E-03
   12     -1.1330031900E-02   4.7000000000E-09   2.8700000000E-08  -6.5617400000E-05   5.0000000000E-10
   13     -2.3000000000E-09  -1.1329595200E-02   3.2061000000E-06   4.0200000000E-08   9.7705430000E-04
   14      5.4700000000E-08  -2.5907000000E-06   2.2990593100E-02  -7.8000000000E-08  -5.8978370000E-04
   15     -7.1377964000E-03  -1.4000000000E-09   1.3800000000E-08   1.7479660000E-04   2.0000000000E-09
   16     -1.6000000000E-09  -7.1371188000E-03   3.1639000000E-06  -8.9000000000E-09   8.2939290000E-04
   17      7.3700000000E-08  -5.8870000000E-07   2.2005669700E-02  -5.7000000000E-08   4.1155020000E-04
                    5                  6                  7                  8                  9        
    0      2.2610000000E-07  -2.2830987570E-01   1.0544594250E-01   2.1396052900E-02  -2.2831238920E-01
    1      2.4705964800E-02   1.0544946410E-01  -1.0655531100E-01  -1.2352471700E-02  -1.0544827990E-01
    2     -1.6238067500E-02   1.9482793200E-02  -1.1254415000E-02  -1.6238215500E-02  -1.9481411300E-02
    3     -1.5190000000E-07   1.0505722000E-03   2.4487552800E-02  -2.7274692000E-03   1.0503433000E-03
    4     -2.4637756200E-02  -4.1855090000E-04  -1.2856204100E-02   1.1578347000E-03   4.1840870000E-04
    5      3.5980297200E-02  -3.6055970000E-04  -2.9399544000E-03   7.4854860000E-04   3.6052820000E-04
    6     -3.6055970000E-04   2.4567442730E-01  -1.1675723470E-01  -2.1336547700E-02  -1.9787644800E-02
    7     -2.9399544000E-03  -1.1675723470E-01   1.1088085330E-01   1.2317861800E-02  -1.2446880100E-02
    8      7.4854860000E-04  -2.1336547700E-02   1.2317861800E-02   3.5980387200E-02  -2.3655778000E-03
    9      3.6052820000E-04  -1.9787644800E-02  -1.2446880100E-02  -2.3655778000E-03   2.4567717850E-01
   10     -2.9397902000E-03   1.2447184600E-02   8.0080383000E-03   1.7825809000E-03   1.1675591270E-01
   11      7.4852870000E-04   2.3657388000E-03   1.7826462000E-03   7.4851590000E-04   2.1335213500E-02
   12      8.0000000000E-10   7.1174550000E-04  -4.4878480000E-04   8.3022188000E-03   7.1170560000E-04
   13      9.5862323000E-03  -4.4433080000E-04   1.8994910000E-04  -4.7931912000E-03   4.4429470000E-04
   14     -1.4348655300E-02  -5.0839110000E-04   2.9876490000E-04  -1.4348603800E-02   5.0827830000E-04
   15     -4.3600000000E-08   6.6077560000E-04  -2.8059570000E-04  -3.2686769000E-03   6.6080660000E-04
   16     -3.7746963000E-03  -2.7653230000E-04   3.3267440000E-04   1.8873855000E-03   2.7654400000E-04
   17     -6.8906516000E-03   3.5696660000E-04  -2.0490350000E-04  -6.8906324000E-03  -3.5703100000E-04
                   10                 11                 12                 13                 14        
    0     -1.0544475690E-01  -2.1394710700E-02  -1.1330031900E-02  -2.3000000000E-09   5.4700000000E-08
    1     -1.0655310280E-01  -1.2351529400E-02   4.7000000000E-09  -1.1329595200E-02  -2.5907000000E-06
    2     -1.1253523600E-02  -1.6237937200E-02   2.8700000000E-08   3.2061000000E-06   2.2990593100E-02
    3     -2.4487718000E-02   2.7274837000E-03  -6.5617400000E-05   4.0200000000E-08  -7.8000000000E-08
    4     -1.2855953600E-02   1.1578021000E-03   5.0000000000E-10   9.7705430000E-04  -5.8978370000E-04
    5     -2.9397902000E-03   7.4852870000E-04   8.0000000000E-10   9.5862323000E-03  -1.4348655300E-02
    6      1.2447184600E-02   2.3657388000E-03   7.1174550000E-04  -4.4433080000E-04  -5.0839110000E-04
    7      8.0080383000E-03   1.7826462000E-03  -4.4878480000E-04   1.8994910000E-04   2.9876490000E-04
    8      1.7825809000E-03   7.4851590000E-04   8.3022188000E-03  -4.7931912000E-03  -1.4348603800E-02
    9      1.1675591270E-01   2.1335213500E-02   7.1170560000E-04   4.4429470000E-04   5.0827830000E-04
   10      1.1087840950E-01   1.2316821200E-02   4.4878410000E-04   1.8993990000E-04   2.9877920000E-04
   11      1.2316821200E-02   3.5980088300E-02  -8.3023713000E-03  -4.7930976000E-03  -1.4348544600E-02
   12      4.4878410000E-04  -8.3023713000E-03   8.1373654000E-03  -2.6000000000E-09   1.3060000000E-07
   13      1.8993990000E-04  -4.7930976000E-03  -2.6000000000E-09   8.1374606000E-03  -2.5409000000E-06
   14      2.9877920000E-04  -1.4348544600E-02   1.3060000000E-07  -2.5409000000E-06   3.0877596400E-02
   15      2.8059360000E-04   3.2686460000E-03   1.8348327000E-03   8.0000000000E-10   5.4000000000E-09
   16      3.3266880000E-04   1.8873575000E-03  -2.0000000000E-09   1.8351913000E-03  -2.6288000000E-06
   17     -2.0486740000E-04  -6.8906511000E-03  -7.7000000000E-09  -6.0870000000E-07  -1.0822385800E-02
                   15                 16                 17        
     0     -7.1377964000E-03  -1.6000000000E-09   7.3700000000E-08
     1     -1.4000000000E-09  -7.1371188000E-03  -5.8870000000E-07
     2      1.3800000000E-08   3.1639000000E-06   2.2005669700E-02
     3      1.7479660000E-04  -8.9000000000E-09  -5.7000000000E-08
     4      2.0000000000E-09   8.2939290000E-04   4.1155020000E-04
     5     -4.3600000000E-08  -3.7746963000E-03  -6.8906516000E-03
     6      6.6077560000E-04  -2.7653230000E-04   3.5696660000E-04
     7     -2.8059570000E-04   3.3267440000E-04  -2.0490350000E-04
     8     -3.2686769000E-03   1.8873855000E-03  -6.8906324000E-03
     9      6.6080660000E-04   2.7654400000E-04  -3.5703100000E-04
    10      2.8059360000E-04   3.3266880000E-04  -2.0486740000E-04
    11      3.2686460000E-03   1.8873575000E-03  -6.8906511000E-03
    12      1.8348327000E-03  -2.0000000000E-09  -7.7000000000E-09
    13      8.0000000000E-10   1.8351913000E-03  -6.0870000000E-07
    14      5.4000000000E-09  -2.6288000000E-06  -1.0822385800E-02
    15      3.8065849000E-03   8.0000000000E-10   5.5200000000E-08
    16      8.0000000000E-10   3.8071915000E-03  -5.8180000000E-07
    17      5.5200000000E-08  -5.8180000000E-07   9.4886513000E-03

$vibrational_frequencies
18
    0        0.0000000000000000
    1        0.0000000000000000
    2        0.0000000000000000
    3        0.0000000000000000
    4        0.0000000000000000
    5        0.0000000000000000
    6     -209.0207949007395030
    7       89.4854560548904630
    8      161.1124480434023951
    9      161.1248652275350821
   10      919.2767673506215260
   11      919.2818818412149540
   12      989.6682380826152894
   13     1381.1690040253308780
   14     1381.1753142928807847
   15     2929.5242072289670432
   16     3008.5524107246733365
   17     3008.5553463157066290

$normal_modes
18 18
                    0                  1                  2                  3                  4        
    0      0.0000000000E+00   0.0000000000E+00   0.0000000000E+00   0.0000000000E+00   0.0000000000E+00
    1      0.0000000000E+00   0.0000000000E+00   0.0000000000E+00   0.0000000000E+00   0.0000000000E+00
    2      0.0000000000E+00   0.0000000000E+00   0.0000000000E+00   0.0000000000E+00   0.0000000000E+00
    3      0.0000000000E+00   0.0000000000E+00   0.0000000000E+00   0.0000000000E+00   0.0000000000E+00
    4      0.0000000000E+00   0.0000000000E+00   0.0000000000E+00   0.0000000000E+00   0.0000000000E+00
    5      0.0000000000E+00   0.0000000000E+00   0.0000000000E+00   0.0000000000E+00   0.0000000000E+00
    6      0.0000000000E+00   0.0000000000E+00   0.0000000000E+00   0.0000000000E+00   0.0000000000E+00
    7      0.0000000000E+00   0.0000000000E+00   0.0000000000E+00   0.0000000000E+00   0.0000000000E+00
    8      0.0000000000E+00   0.0000000000E+00   0.0000000000E+00   0.0000000000E+00   0.0000000000E+00
    9      0.0000000000E+00   0.0000000000E+00   0.0000000000E+00   0.0000000000E+00   0.0000000000E+00
   10      0.0000000000E+00   0.0000000000E+00   0.0000000000E+00   0.0000000000E+00   0.0000000000E+00
   11      0.0000000000E+00   0.0000000000E+00   0.0000000000E+00   0.0000000000E+00   0.0000000000E+00
   12      0.0000000000E+00   0.0000000000E+00   0.0000000000E+00   0.0000000000E+00   0.0000000000E+00
   13      0.0000000000E+00   0.0000000000E+00   0.0000000000E+00   0.0000000000E+00   0.0000000000E+00
   14      0.0000000000E+00   0.0000000000E+00   0.0000000000E+00   0.0000000000E+00   0.0000000000E+00
   15      0.0000000000E+00   0.0000000000E+00   0.0000000000E+00   0.0000000000E+00   0.0000000000E+00
   16      0.0000000000E+00   0.0000000000E+00   0.0000000000E+00   0.0000000000E+00   0.0000000000E+00
   17      0.0000000000E+00   0.0000000000E+00   0.0000000000E+00   0.0000000000E+00   0.0000000000E+00
                    5                  6                  7                  8                  9        
    0      0.0000000000E+00  -9.9373433625E-07  -4.6799923436E-06  -4.8272554169E-01  -1.2894121239E-05
    1      0.0000000000E+00   1.0591145521E-04   3.1864788034E-04   1.2889160104E-05  -4.8273660993E-01
    2      0.0000000000E+00   8.4459995783E-01   3.3477105097E-01  -1.2891789884E-06   8.9720433175E-05
    3      0.0000000000E+00  -3.6402041361E-06  -5.8975967439E-06  -5.0269773457E-01  -1.3570577444E-05
    4      0.0000000000E+00  -3.7346808229E-02  -1.9500349923E-02   1.3438200829E-05  -4.9697494227E-01
    5      0.0000000000E+00   3.0197846906E-01   7.6864112531E-02   2.7450191598E-06  -9.8779636674E-02
    6      0.0000000000E+00  -3.2417087969E-02  -1.7158612833E-02  -4.9837907624E-01  -2.5170063739E-03
    7      0.0000000000E+00   1.8884397573E-02   1.0281590951E-02  -2.4801555992E-03  -5.0123735806E-01
    8      0.0000000000E+00   3.0193624782E-01   7.6756755603E-02  -8.5575928058E-02   4.9418309436E-02
    9      0.0000000000E+00   3.2410769734E-02   1.7146932782E-02  -4.9837880029E-01   2.4905379312E-03
   10      0.0000000000E+00   1.8884953084E-02   1.0281657429E-02   2.5067585018E-03  -5.0123696967E-01
   11      0.0000000000E+00   3.0193756638E-01   7.6760215895E-02   8.5574998762E-02   4.9421691123E-02
   12      0.0000000000E+00   8.7251837984E-08   2.9721114188E-07   2.9657079404E-02   7.9377084034E-07
   13      0.0000000000E+00  -6.8673305693E-06  -1.9857206092E-05  -7.9308359137E-07   2.9657636047E-02
   14      0.0000000000E+00  -3.0960830788E-02  -5.2047661207E-01   2.7164732034E-07  -1.8805167564E-05
   15      0.0000000000E+00   1.3644044891E-07   4.5323608256E-07   4.4380279862E-02   1.1827422130E-06
   16      0.0000000000E+00  -1.0344943756E-05  -2.9772238830E-05  -1.1831142245E-06   4.4380979621E-02
   17      0.0000000000E+00  -8.9219771816E-02   7.7340829595E-01  -2.6055026003E-07   1.5618233348E-05
                   10                 11                 12                 13                 14        
    0     -3.7335157099E-02  -1.5311425252E-04   2.1312968998E-07  -2.7604598012E-05   9.3861169203E-02
    1     -1.5305632772E-04   3.7327402302E-02   5.5803918966E-06   9.3859087431E-02   2.7606277249E-05
    2      1.3259997203E-07   4.5907413909E-06   5.6401826067E-02   2.4100556082E-06  -3.8322589332E-07
    3      9.0040135501E-02   3.6809776484E-04  -1.9153217022E-06   2.4046159660E-04  -8.0157521536E-01
    4      1.7679265935E-04  -4.3165280287E-02  -4.8930829213E-02   6.1874002176E-02   2.2709603940E-05
    5      3.3249108562E-03  -8.0982020246E-01  -5.7428024688E-01   1.2013854826E-01   3.8654700629E-05
    6      5.4955700599E-02  -2.0066262608E-02  -4.2402259265E-02  -3.7391019881E-01  -1.5406172211E-01
    7      2.0626779959E-02  -7.8201955387E-02   2.4445646907E-02  -5.8556674830E-01  -3.7408196021E-01
    8      6.9963055678E-01   4.0774120187E-01  -5.7436283031E-01  -6.0041402178E-02   1.0403398550E-01
    9      5.4783938838E-02   2.0517465485E-02   4.2398317602E-02   3.7399601719E-01  -1.5383465128E-01
   10     -1.9984383727E-02  -7.8366495895E-02   2.4445582810E-02  -5.8579486206E-01   3.7373297075E-01
   11     -7.0295581415E-01   4.0198188140E-01  -5.7436306364E-01  -5.9981756551E-02  -1.0406895337E-01
   12      2.9921207447E-03   1.2280953883E-05   1.3251720620E-08  -2.4537802885E-08   9.0996519571E-05
   13      1.2278246391E-05  -2.9919307858E-03   1.5048404831E-08   9.1047787556E-05   3.1635966753E-08
   14     -1.1975057270E-08   1.9333331661E-07   5.5766759439E-03  -8.8979460468E-07   2.1960359875E-09
   15     -1.6601447274E-03  -6.8241903396E-06   2.0804700883E-08   7.2371212867E-08  -2.5740425750E-04
   16     -6.8271879486E-06   1.6604278985E-03  -3.6319697389E-07  -2.5697064239E-04  -8.3898734400E-08
   17      3.4575690753E-09   2.2806947365E-07   4.4013476817E-03  -4.0481713239E-07   7.6085590825E-09
                   15                 16                 17        
     0      2.9236719274E-09  -9.7580074181E-02  -3.7746412252E-05
     1      2.4173563622E-05   3.7744080824E-05  -9.7580687913E-02
     2      1.0530664249E-02   3.3054810346E-07   2.6184852356E-06
     3     -1.7934832953E-07  -3.9481369745E-02  -1.0963911532E-05
     4      5.7540124540E-01  -3.0849612917E-04   8.0835328415E-01
     5     -4.4894266216E-02   2.8556030945E-05  -7.4427368309E-02
     6      4.9850192604E-01   5.9643384420E-01  -3.6672247374E-01
     7     -2.8787473978E-01  -3.6713494727E-01   1.7224223458E-01
     8     -4.4919863084E-02  -6.4459107040E-02   3.7174066801E-02
     9     -4.9850176476E-01   5.9615853058E-01   3.6717947557E-01
    10     -2.8787443957E-01   3.6699739890E-01   1.7251874461E-01
    11     -4.4916340090E-02   6.4426590608E-02   3.7220694002E-02
    12     -4.9588489953E-09   2.7994052913E-05   1.5364744327E-08
    13      2.3653147434E-07  -8.1215114483E-09   2.8001097311E-05
    14      2.8077549317E-05   1.0930838022E-10   2.4329468681E-09
    15      7.6643126987E-09   7.6920307894E-05   2.2730296033E-08
    16      3.7988619053E-07  -3.3800772778E-08   7.6960273270E-05
    17      7.2108433636E-05   1.0012473020E-10   1.3879842335E-08

#
# The atoms: label  mass x y z (in bohrs)
#
$atoms
6
 C     12.01100      0.000000000000     0.000000000000    -0.858881724732
 H      1.00800      0.000000000000     2.050352855305    -1.044074885856
 H      1.00800      1.775658485025    -1.025176427652    -1.044074885856
 H      1.00800     -1.775658485025    -1.025176427652    -1.044074885856
 I    126.90000      0.000000000000     0.000000000000     3.993934987178
 Br    79.90000      0.000000000000     0.000000000000    -6.174681339453

$actual_temperature
  0.000000

$frequency_scale_factor
  1.000000


$end

