*************************************************
******************* ORCA 6.1.0 ******************
*************************************************
$Calculation_Status
   &GeometryIndex 0
   &version [&Type "String"] "6.1.0"
   &progName [&Type "String"] "orca"
   &Status [&Type "String"] "NORMAL TERMINATION"
$End
$Geometry
   &GeometryIndex 1
   &NAtoms [&Type "Integer"] 6
   &NCorelessECP [&Type "Integer"] 0
   &NGhostAtoms [&Type "Integer"] 0
   &CartesianCoordinates [&Type "Coordinates", &Dim(6,4), &Units "Bohr"] 
              C      0.000000000000    0.000000000000    0.185193161124
              H      0.000000000000    2.050352855305    0.000000000000
              H      1.775658485025   -1.025176427652    0.000000000000
              H     -1.775658485025   -1.025176427652    0.000000000000
              I      0.000000000000    0.000000000000    5.038009873034
              Br     0.000000000000    0.000000000000   -5.130606453596
$End
$Single_Point_Data
   &GeometryIndex 1
   &FinalEnergy [&Type "Double"]      -1.1815629434010001e+01  "Final single point energy"
   &Converged [&Type "Boolean"] true
$End
$Hessian
   &GeometryIndex 1
   &HESSIAN [&Type "ArrayOfDoubles", &Dim (18,18)] "The Hessian"
                                                         0                           1                           2                           3                           4                           5                           6                           7

0                                      5.2076450230000004e-01         3.3999999999999998e-09        -1.6967000000000000e-06        -4.5674409100000000e-02        -1.1852000000000001e-06         2.2609999999999999e-07        -2.2830987570000000e-01         1.0544594250000000e-01
1                                      3.3999999999999998e-09         5.2076499890000005e-01         1.2157000000000001e-06        -1.1908999999999999e-06        -2.8918987089999998e-01         2.4705964800000001e-02         1.0544946410000000e-01        -1.0655531100000000e-01
2                                     -1.6967000000000000e-06         1.2157000000000001e-06         3.7179574000000002e-03         2.7230000000000002e-07         2.2500352899999999e-02        -1.6238067500000002e-02         1.9482793200000001e-02        -1.1254415000000000e-02
3                                     -4.5674409100000000e-02        -1.1908999999999999e-06         2.7230000000000002e-07         4.3464314400000002e-02         1.3249000000000000e-06        -1.5190000000000000e-07         1.0505721999999999e-03         2.4487552800000000e-02
4                                     -1.1852000000000001e-06        -2.8918987089999998e-01         2.2500352899999999e-02         1.3249000000000000e-06         3.1309558150000000e-01        -2.4637756199999999e-02        -4.1855089999999999e-04        -1.2856204099999999e-02
5                                      2.2609999999999999e-07         2.4705964800000001e-02        -1.6238067500000002e-02        -1.5190000000000000e-07        -2.4637756199999999e-02         3.5980297199999997e-02        -3.6055970000000001e-04        -2.9399544000000000e-03
6                                     -2.2830987570000000e-01         1.0544946410000000e-01         1.9482793200000001e-02         1.0505721999999999e-03        -4.1855089999999999e-04        -3.6055970000000001e-04         2.4567442730000000e-01        -1.1675723470000000e-01
7                                      1.0544594250000000e-01        -1.0655531100000000e-01        -1.1254415000000000e-02         2.4487552800000000e-02        -1.2856204099999999e-02        -2.9399544000000000e-03        -1.1675723470000000e-01         1.1088085330000000e-01
8                                      2.1396052900000000e-02        -1.2352471699999999e-02        -1.6238215500000000e-02        -2.7274691999999998e-03         1.1578347000000000e-03         7.4854860000000002e-04        -2.1336547700000000e-02         1.2317861800000000e-02
9                                     -2.2831238919999999e-01        -1.0544827990000000e-01        -1.9481411300000001e-02         1.0503432999999999e-03         4.1840870000000002e-04         3.6052820000000000e-04        -1.9787644800000000e-02        -1.2446880100000000e-02
10                                    -1.0544475690000001e-01        -1.0655310279999999e-01        -1.1253523600000001e-02        -2.4487717999999999e-02        -1.2855953599999999e-02        -2.9397901999999999e-03         1.2447184599999999e-02         8.0080383000000008e-03
11                                    -2.1394710700000000e-02        -1.2351529400000000e-02        -1.6237937200000000e-02         2.7274837000000000e-03         1.1578020999999999e-03         7.4852869999999995e-04         2.3657387999999999e-03         1.7826462000000000e-03
12                                    -1.1330031900000001e-02         4.6999999999999999e-09         2.8699999999999999e-08        -6.5617400000000006e-05         5.0000000000000003e-10         8.0000000000000003e-10         7.1174550000000002e-04        -4.4878479999999998e-04
13                                    -2.2999999999999999e-09        -1.1329595200000001e-02         3.2061000000000001e-06         4.0200000000000003e-08         9.7705430000000009e-04         9.5862323000000006e-03        -4.4433080000000000e-04         1.8994910000000000e-04
14                                     5.4700000000000000e-08        -2.5907000000000000e-06         2.2990593100000001e-02        -7.7999999999999997e-08        -5.8978370000000000e-04        -1.4348655300000001e-02        -5.0839110000000000e-04         2.9876490000000001e-04
15                                    -7.1377964000000002e-03        -1.3999999999999999e-09         1.3799999999999999e-08         1.7479660000000000e-04         2.0000000000000001e-09        -4.3600000000000000e-08         6.6077560000000004e-04        -2.8059569999999999e-04
16                                    -1.6000000000000001e-09        -7.1371187999999999e-03         3.1638999999999999e-06        -8.9000000000000003e-09         8.2939289999999996e-04        -3.7746962999999998e-03        -2.7653230000000001e-04         3.3267440000000001e-04
17                                     7.3700000000000005e-08        -5.8869999999999997e-07         2.2005669700000001e-02        -5.7000000000000001e-08         4.1155020000000002e-04        -6.8906515999999996e-03         3.5696660000000000e-04        -2.0490349999999999e-04
                                                         8                           9                          10                          11                          12                          13                          14                          15

0                                      2.1396052900000000e-02        -2.2831238919999999e-01        -1.0544475690000001e-01        -2.1394710700000000e-02        -1.1330031900000001e-02        -2.2999999999999999e-09         5.4700000000000000e-08        -7.1377964000000002e-03
1                                     -1.2352471699999999e-02        -1.0544827990000000e-01        -1.0655310279999999e-01        -1.2351529400000000e-02         4.6999999999999999e-09        -1.1329595200000001e-02        -2.5907000000000000e-06        -1.3999999999999999e-09
2                                     -1.6238215500000000e-02        -1.9481411300000001e-02        -1.1253523600000001e-02        -1.6237937200000000e-02         2.8699999999999999e-08         3.2061000000000001e-06         2.2990593100000001e-02         1.3799999999999999e-08
3                                     -2.7274691999999998e-03         1.0503432999999999e-03        -2.4487717999999999e-02         2.7274837000000000e-03        -6.5617400000000006e-05         4.0200000000000003e-08        -7.7999999999999997e-08         1.7479660000000000e-04
4                                      1.1578347000000000e-03         4.1840870000000002e-04        -1.2855953599999999e-02         1.1578020999999999e-03         5.0000000000000003e-10         9.7705430000000009e-04        -5.8978370000000000e-04         2.0000000000000001e-09
5                                      7.4854860000000002e-04         3.6052820000000000e-04        -2.9397901999999999e-03         7.4852869999999995e-04         8.0000000000000003e-10         9.5862323000000006e-03        -1.4348655300000001e-02        -4.3600000000000000e-08
6                                     -2.1336547700000000e-02        -1.9787644800000000e-02         1.2447184599999999e-02         2.3657387999999999e-03         7.1174550000000002e-04        -4.4433080000000000e-04        -5.0839110000000000e-04         6.6077560000000004e-04
7                                      1.2317861800000000e-02        -1.2446880100000000e-02         8.0080383000000008e-03         1.7826462000000000e-03        -4.4878479999999998e-04         1.8994910000000000e-04         2.9876490000000001e-04        -2.8059569999999999e-04
8                                      3.5980387199999998e-02        -2.3655778000000001e-03         1.7825809000000001e-03         7.4851590000000003e-04         8.3022188000000004e-03        -4.7931911999999997e-03        -1.4348603800000000e-02        -3.2686769000000002e-03
9                                     -2.3655778000000001e-03         2.4567717850000001e-01         1.1675591270000001e-01         2.1335213499999998e-02         7.1170559999999996e-04         4.4429469999999999e-04         5.0827830000000002e-04         6.6080659999999999e-04
10                                     1.7825809000000001e-03         1.1675591270000001e-01         1.1087840950000000e-01         1.2316821200000000e-02         4.4878410000000001e-04         1.8993990000000001e-04         2.9877920000000001e-04         2.8059359999999998e-04
11                                     7.4851590000000003e-04         2.1335213499999998e-02         1.2316821200000000e-02         3.5980088299999997e-02        -8.3023712999999999e-03        -4.7930975999999998e-03        -1.4348544600000001e-02         3.2686460000000001e-03
12                                     8.3022188000000004e-03         7.1170559999999996e-04         4.4878410000000001e-04        -8.3023712999999999e-03         8.1373654000000007e-03        -2.6000000000000001e-09         1.3059999999999999e-07         1.8348327000000000e-03
13                                    -4.7931911999999997e-03         4.4429469999999999e-04         1.8993990000000001e-04        -4.7930975999999998e-03        -2.6000000000000001e-09         8.1374606000000002e-03        -2.5409000000000001e-06         8.0000000000000003e-10
14                                    -1.4348603800000000e-02         5.0827830000000002e-04         2.9877920000000001e-04        -1.4348544600000001e-02         1.3059999999999999e-07        -2.5409000000000001e-06         3.0877596399999999e-02         5.4000000000000004e-09
15                                    -3.2686769000000002e-03         6.6080659999999999e-04         2.8059359999999998e-04         3.2686460000000001e-03         1.8348327000000000e-03         8.0000000000000003e-10         5.4000000000000004e-09         3.8065848999999999e-03
16                                     1.8873855000000001e-03         2.7654399999999999e-04         3.3266880000000000e-04         1.8873575000000001e-03        -2.0000000000000001e-09         1.8351913000000000e-03        -2.6288000000000001e-06         8.0000000000000003e-10
17                                    -6.8906324000000000e-03        -3.5703100000000000e-04        -2.0486739999999999e-04        -6.8906510999999998e-03        -7.6999999999999995e-09        -6.0869999999999999e-07        -1.0822385800000001e-02         5.5199999999999998e-08
                                                        16                          17

0                                     -1.6000000000000001e-09         7.3700000000000005e-08
1                                     -7.1371187999999999e-03        -5.8869999999999997e-07
2                                      3.1638999999999999e-06         2.2005669700000001e-02
3                                     -8.9000000000000003e-09        -5.7000000000000001e-08
4                                      8.2939289999999996e-04         4.1155020000000002e-04
5                                     -3.7746962999999998e-03        -6.8906515999999996e-03
6                                     -2.7653230000000001e-04         3.5696660000000000e-04
7                                      3.3267440000000001e-04        -2.0490349999999999e-04
8                                      1.8873855000000001e-03        -6.8906324000000000e-03
9                                      2.7654399999999999e-04        -3.5703100000000000e-04
10                                     3.3266880000000000e-04        -2.0486739999999999e-04
11                                     1.8873575000000001e-03        -6.8906510999999998e-03
12                                    -2.0000000000000001e-09        -7.6999999999999995e-09
13                                     1.8351913000000000e-03        -6.0869999999999999e-07
14                                    -2.6288000000000001e-06        -1.0822385800000001e-02
15                                     8.0000000000000003e-10         5.5199999999999998e-08
16                                     3.8071914999999999e-03        -5.8179999999999998e-07
17                                    -5.8179999999999998e-07         9.4886512999999995e-03
   &MODES [&Type "ArrayOfDoubles", &Dim (18,18)] "The modes of vibrations"
                                                         0                           1                           2                           3                           4                           5                           6                           7

0                                      0.0000000000000000e+00         0.0000000000000000e+00         0.0000000000000000e+00         0.0000000000000000e+00         0.0000000000000000e+00         0.0000000000000000e+00        -3.2063203264878467e-07        -5.1204881526419484e-07
1                                      0.0000000000000000e+00         0.0000000000000000e+00         0.0000000000000000e+00         0.0000000000000000e+00         0.0000000000000000e+00         0.0000000000000000e+00         3.4172719937030751e-05         3.4864003535466906e-05
2                                      0.0000000000000000e+00         0.0000000000000000e+00         0.0000000000000000e+00         0.0000000000000000e+00         0.0000000000000000e+00         0.0000000000000000e+00         2.7251327782299967e-01         3.6628077024116100e-02
3                                      0.0000000000000000e+00         0.0000000000000000e+00         0.0000000000000000e+00         0.0000000000000000e+00         0.0000000000000000e+00         0.0000000000000000e+00        -1.1745252315997047e-06        -6.4526973633370028e-07
4                                      0.0000000000000000e+00         0.0000000000000000e+00         0.0000000000000000e+00         0.0000000000000000e+00         0.0000000000000000e+00         0.0000000000000000e+00        -1.2050084815142983e-02        -2.1335785066246356e-03
5                                      0.0000000000000000e+00         0.0000000000000000e+00         0.0000000000000000e+00         0.0000000000000000e+00         0.0000000000000000e+00         0.0000000000000000e+00         9.7434461928225080e-02         8.4098808006956467e-03
6                                      0.0000000000000000e+00         0.0000000000000000e+00         0.0000000000000000e+00         0.0000000000000000e+00         0.0000000000000000e+00         0.0000000000000000e+00        -1.0459492470998970e-02        -1.8773636210181303e-03
7                                      0.0000000000000000e+00         0.0000000000000000e+00         0.0000000000000000e+00         0.0000000000000000e+00         0.0000000000000000e+00         0.0000000000000000e+00         6.0931202217146775e-03         1.1249327091165488e-03
8                                      0.0000000000000000e+00         0.0000000000000000e+00         0.0000000000000000e+00         0.0000000000000000e+00         0.0000000000000000e+00         0.0000000000000000e+00         9.7420839088782171e-02         8.3981346302425437e-03
9                                      0.0000000000000000e+00         0.0000000000000000e+00         0.0000000000000000e+00         0.0000000000000000e+00         0.0000000000000000e+00         0.0000000000000000e+00         1.0457453869164499e-02         1.8760856795589887e-03
10                                     0.0000000000000000e+00         0.0000000000000000e+00         0.0000000000000000e+00         0.0000000000000000e+00         0.0000000000000000e+00         0.0000000000000000e+00         6.0932994592307072e-03         1.1249399825796673e-03
11                                     0.0000000000000000e+00         0.0000000000000000e+00         0.0000000000000000e+00         0.0000000000000000e+00         0.0000000000000000e+00         0.0000000000000000e+00         9.7421264528181506e-02         8.3985132288128227e-03
12                                     0.0000000000000000e+00         0.0000000000000000e+00         0.0000000000000000e+00         0.0000000000000000e+00         0.0000000000000000e+00         0.0000000000000000e+00         2.8152125920180158e-08         3.2518560268951146e-08
13                                     0.0000000000000000e+00         0.0000000000000000e+00         0.0000000000000000e+00         0.0000000000000000e+00         0.0000000000000000e+00         0.0000000000000000e+00        -2.2157694254837286e-06        -2.1726229675623851e-06
14                                     0.0000000000000000e+00         0.0000000000000000e+00         0.0000000000000000e+00         0.0000000000000000e+00         0.0000000000000000e+00         0.0000000000000000e+00        -9.9896257439417956e-03        -5.6946553117494025e-02
15                                     0.0000000000000000e+00         0.0000000000000000e+00         0.0000000000000000e+00         0.0000000000000000e+00         0.0000000000000000e+00         0.0000000000000000e+00         4.4023011858707864e-08         4.9589610851673084e-08
16                                     0.0000000000000000e+00         0.0000000000000000e+00         0.0000000000000000e+00         0.0000000000000000e+00         0.0000000000000000e+00         0.0000000000000000e+00        -3.3378340900952233e-06        -3.2574496925278970e-06
17                                     0.0000000000000000e+00         0.0000000000000000e+00         0.0000000000000000e+00         0.0000000000000000e+00         0.0000000000000000e+00         0.0000000000000000e+00        -2.8787086997439114e-02         8.4620395201305404e-02
                                                         8                           9                          10                          11                          12                          13                          14                          15

0                                     -2.4640157433100132e-01        -6.5815438031662719e-06        -3.6882760845716074e-02        -1.5125941714265017e-04         2.0814738499334755e-07        -2.6261079249891024e-05         8.9292761577767124e-02         2.9102852924498346e-09
1                                      6.5791201567177750e-06        -2.4640315418652547e-01        -1.5120171896704405e-04         3.6875215877305301e-02         5.4499398025021985e-06         8.9290955523795651e-02         2.6262625464904533e-05         2.4062879974784308e-05
2                                     -6.5804624966965900e-07         4.5795983305613438e-05         1.3099323630580774e-07         4.5351288701230975e-06         5.5083327930078758e-02         2.2927579418845388e-06        -3.6457353571778927e-07         1.0482447430044953e-02
3                                     -2.5659614524703173e-01        -6.9268272127197403e-06         8.8949104336255982e-02         3.6363860610719189e-04        -1.8705474764307372e-06         2.2875830476095158e-04        -7.6256097382197663e-01        -1.7852714620369967e-07
4                                      6.8593715361736502e-06        -2.5367082340173636e-01         1.7465043355029621e-04        -4.2642373453112822e-02        -4.7786979595462915e-02         5.8862587817844772e-02         2.1604282871528425e-05         5.7276665210352085e-01
5                                      1.4011627397506868e-06        -5.0420070790238573e-02         3.2846223632153246e-03        -8.0000999122112715e-01        -5.6085537239414951e-01         1.1429139215925943e-01         3.6773300358340191e-05        -4.4688708557333610e-02
6                                     -2.5439173690510081e-01        -1.2847550752736088e-03         5.4289793315776845e-02        -1.9823178680569962e-02        -4.1411027176138322e-02        -3.5571194911001947e-01        -1.4656323522734782e-01         4.9621943213915792e-01
7                                     -1.2659662509134433e-03        -2.5584648746545835e-01         2.0376841866015512e-02        -7.7254612137915055e-02         2.3874184205248380e-02        -5.5706715150824915e-01        -3.5587465580372324e-01        -2.8655664589980168e-01
8                                     -4.3681225825051323e-02         2.5224578101585293e-02         6.9115301799328321e-01         4.0280180012630135e-01        -5.6093602528113695e-01        -5.7119180659098531e-02         9.8970446909367835e-02        -4.4714188224858537e-02
9                                     -2.5439159604632311e-01         1.2712447932192673e-03         5.4120112820175710e-02         2.0268915658843780e-02         4.1407177657777391e-02         3.5579359069793470e-01        -1.4634721638136930e-01        -4.9621927160155627e-01
10                                     1.2795453896139548e-03        -2.5584628921941965e-01        -1.9742229655233600e-02        -7.7417159392190377e-02         2.3874121606993655e-02        -5.5728416295225380e-01         3.5554265235017818e-01        -2.8655634706812128e-01
11                                     4.3680751477199034e-02         2.5226304214961623e-02        -6.9443798266894152e-01         3.9711224841246157e-01        -5.6093625315576645e-01        -5.7062437990971923e-02        -9.9003712824303841e-02        -4.4710681361928621e-02
12                                     1.5138107317606763e-02         4.0516429609529939e-07         2.9558647243497532e-03         1.2132181660029579e-05         1.2941936874529073e-08        -2.3343545372278198e-08         8.6567540075024931e-05        -4.9361438822686737e-09
13                                    -4.0482018996453854e-07         1.5138141415533586e-02         1.2129468855676570e-05        -2.9556863540417160e-03         1.4696620232414585e-08         8.6616481916886089e-05         3.0096182058025667e-08         2.3544846619555868e-07
14                                     1.3865917920895015e-07        -9.5987180324647156e-06        -1.1829953526949716e-08         1.9099126504230771e-07         5.4463107172220623e-03        -8.4648820531414213e-07         2.0891505988414088e-09         2.7948990465882936e-05
15                                     2.2653391798615814e-02         6.0370687842906687e-07        -1.6400284800760184e-03        -6.7415216822798616e-06         2.0318352102379671e-08         6.8848898132349372e-08        -2.4487588625711048e-04         7.6292200620474041e-09
16                                    -6.0390673860311757e-07         2.2653374820906812e-02        -6.7444617867222062e-06         1.6403133738255753e-03        -3.5470656556549985e-07        -2.4446385351393872e-04        -7.9815218061082670e-08         3.7814680324824479e-07
17                                    -1.3299481530995069e-07         7.9720118187390392e-06         3.4156731408124944e-09         2.2530662616107662e-07         4.2984579506138371e-03        -3.8511463889950783e-07         7.2382355543987652e-09         7.1778270298913246e-05
                                                        16                          17

0                                     -9.2503569819973125e-02        -3.5782672250186626e-05
1                                      3.5780483311572126e-05        -9.2504096819563564e-02
2                                      3.1335167372953631e-07         2.4822597271177338e-06
3                                     -3.7427391539132764e-02        -1.0393519000337538e-05
4                                     -2.9244693103316622e-04         7.6629907065054348e-01
5                                      2.7070432406246216e-05        -7.0555318181894311e-02
6                                      5.6540497855603533e-01        -3.4764390313248567e-01
7                                     -3.4803512410774817e-01         1.6328141033191818e-01
8                                     -6.1105687391853153e-02         3.5240102812382310e-02
9                                      5.6514398784822439e-01         3.4807712964835147e-01
10                                     3.4790473155397478e-01         1.6354353505758124e-01
11                                     6.1074862594044550e-02         3.5284304253795293e-02
12                                     2.6537690710777118e-05         1.4565400462369816e-08
13                                    -7.6989980547494314e-09         2.6544352905480706e-05
14                                     1.0362172263597437e-10         2.3063739092067748e-09
15                                     7.2918606914300983e-05         2.1547762676927085e-08
16                                    -3.2042321866097716e-08         7.2956449908756922e-05
17                                     9.4915842688536712e-11         1.3157749824213558e-08
$End
$THERMOCHEMISTRY_Energies
   &GeometryIndex 1
   &temperature [&Type "Double"]       2.9814999999999998e+02
   &pressure [&Type "Double"]       1.0000000000000000e+00
   &totalMass [&Type "Double"]       2.2183500000000001e+02
   &spinDegeneracy [&Type "Integer"] 1
   &elEnergy [&Type "Double"]      -1.1815629434010001e+01
   &transEnergy [&Type "Double"]       1.4162714244859817e-03
   &rotEnergy [&Type "Double"]       1.4162714244859817e-03
   &vibEnergy [&Type "Double"]       2.1582948958747631e-03
   &numOfFreqs [&Type "Integer"] 18
   &freqScalingFactor [&Type "Double"]       1.0000000000000000e+00
   &FREQ [&Type "ArrayOfDoubles", &Units "cm^-1", &Dim (18,1)] 
                                                         0

0                                      0.0000000000000000e+00
1                                      0.0000000000000000e+00
2                                      0.0000000000000000e+00
3                                      0.0000000000000000e+00
4                                      0.0000000000000000e+00
5                                      0.0000000000000000e+00
6                                     -2.0902079490073950e+02
7                                      8.9485456054890463e+01
8                                      1.6111244804340240e+02
9                                      1.6112486522753508e+02
10                                     9.1927676735062153e+02
11                                     9.1928188184121495e+02
12                                     9.8966823808261529e+02
13                                     1.3811690040253309e+03
14                                     1.3811753142928808e+03
15                                     2.9295242072289670e+03
16                                     3.0085524107246733e+03
17                                     3.0085553463157066e+03
   &zpe [&Type "Double"]       3.4056159171010562e-02
   &innerEnergyU [&Type "Double"]      -1.1776582437094145e+01
   &enthalpyH [&Type "Double"]      -1.1775638228051886e+01
   &qEl [&Type "Double"]       0.0000000000000000e+00
   &qRot [&Type "Double"]       1.1928896237318177e-02
   &qVib [&Type "Double"]       4.1192228619361046e-03
   &qTrans [&Type "Double"]       1.9999675746369457e-02
   &entropyS [&Type "Double"]       3.6047794845623739e-02
   &freeEnergyG [&Type "Double"]      -1.1811686022897510e+01
   &isLinear [&Type "Boolean"] false
$End
$Geometry
   &GeometryIndex 2
   &NAtoms [&Type "Integer"] 6
   &NCorelessECP [&Type "Integer"] 0
   &NGhostAtoms [&Type "Integer"] 0
   &CartesianCoordinates [&Type "Coordinates", &Dim(6,4), &Units "Bohr"] 
              C      0.000000012425   -0.000002212157    0.172739934126
              H      0.000000104862    2.043648334387   -0.006099227250
              H      1.769851422717   -1.021830595252   -0.006100657940
              H     -1.769851298832   -1.021830644812   -0.006100561203
              I     -0.000000138803    0.000007946763    5.026899082730
              Br    -0.000000102370    0.000007171072   -5.088741989901
$End
$Single_Point_Data
   &GeometryIndex 2
   &FinalEnergy [&Type "Double"]      -1.1816419663210000e+01  "Final single point energy"
   &Converged [&Type "Boolean"] true
$End
$Geometry
   &GeometryIndex 3
   &NAtoms [&Type "Integer"] 6
   &NCorelessECP [&Type "Integer"] 0
   &NGhostAtoms [&Type "Integer"] 0
   &CartesianCoordinates [&Type "Coordinates", &Dim(6,4), &Units "Bohr"] 
              C     -0.000000002063   -0.000001676724    0.161429379737
              H      0.000000121725    2.038083631578   -0.011978428485
              H      1.765033014877   -1.019046212367   -0.011979155615
              H     -1.765032916340   -1.019046296033   -0.011979162501
              I     -0.000000109310    0.000005542489    5.013255015779
              Br    -0.000000108889    0.000005011056   -5.046151068354
$End
$Single_Point_Data
   &GeometryIndex 3
   &FinalEnergy [&Type "Double"]      -1.1817162430170001e+01  "Final single point energy"
   &Converged [&Type "Boolean"] true
$End
$Geometry
   &GeometryIndex 4
   &NAtoms [&Type "Integer"] 6
   &NCorelessECP [&Type "Integer"] 0
   &NGhostAtoms [&Type "Integer"] 0
   &CartesianCoordinates [&Type "Coordinates", &Dim(6,4), &Units "Bohr"] 
              C     -0.000000028846   -0.000000801824    0.149301219693
              H      0.000000117037    2.033421422313   -0.017958796747
              H      1.760995829339   -1.016712300620   -0.017958422021
              H     -1.760995768911   -1.016712400875   -0.017958532005
              I     -0.000000056388    0.000002097409    5.000565846363
              Br    -0.000000092230    0.000001983597   -5.003394734721
$End
$Single_Point_Data
   &GeometryIndex 4
   &FinalEnergy [&Type "Double"]      -1.1817794087019999e+01  "Final single point energy"
   &Converged [&Type "Boolean"] true
$End
$Hessian
   &GeometryIndex 4
   &HESSIAN [&Type "ArrayOfDoubles", &Dim (18,18)] "The Hessian"
                                                         0                           1                           2                           3                           4                           5                           6                           7

0                                      5.4860496370000000e-01         5.6599999999999997e-08        -1.8433000000000000e-06        -4.3758074700000003e-02        -1.3284000000000001e-06         2.3190000000000001e-07        -2.4287576220000001e-01         1.1496212020000000e-01
1                                      5.6599999999999997e-08         5.4860045250000000e-01         1.5661999999999999e-06        -1.3306000000000000e-06        -3.0924708210000001e-01         2.4399439799999999e-02         1.1496934900000000e-01        -1.1012900730000000e-01
2                                     -1.8433000000000000e-06         1.5661999999999999e-06        -7.6517940000000000e-03         2.5489999999999999e-07         2.2366822000000001e-02        -1.2649035600000001e-02         1.9382784399999999e-02        -1.1188321700000000e-02
3                                     -4.3758074700000003e-02        -1.3306000000000000e-06         2.5489999999999999e-07         4.2579267499999997e-02         1.4826000000000000e-06        -1.5050000000000000e-07         5.1039460000000005e-04         2.4288452299999999e-02
4                                     -1.3284000000000001e-06        -3.0924708210000001e-01         2.2366822000000001e-02         1.4826000000000000e-06         3.3403068580000000e-01        -2.4038576300000000e-02        -2.3065350000000000e-04        -1.3374499800000000e-02
5                                      2.3190000000000001e-07         2.4399439799999999e-02        -1.2649035600000001e-02        -1.5050000000000000e-07        -2.4038576300000000e-02         3.5412877099999997e-02        -3.1601150000000000e-04        -2.6237720999999999e-03
6                                     -2.4287576220000001e-01         1.1496934900000000e-01         1.9382784399999999e-02         5.1039460000000005e-04        -2.3065350000000000e-04        -3.1601150000000000e-04         2.6121073820000001e-01        -1.2622418810000000e-01
7                                      1.1496212020000000e-01        -1.1012900730000000e-01        -1.1188321700000000e-02         2.4288452299999999e-02        -1.3374499800000000e-02        -2.6237720999999999e-03        -1.2622418810000000e-01         1.1544945320000000e-01
8                                      2.1130571099999999e-02        -1.2199442600000001e-02        -1.2649253700000000e-02        -2.4304213000000000e-03         1.0391031000000000e-03         4.0331379999999998e-04        -2.0818012600000001e-02         1.2018901500000000e-02
9                                     -2.4287847330000001e-01        -1.1496807750000000e-01        -1.9381294699999999e-02         5.1012300000000002e-04         2.3051250000000000e-04         3.1598519999999998e-04        -2.0345833599999998e-02        -1.2251499300000000e-02
10                                    -1.1496084460000000e-01        -1.1012662820000001e-01        -1.1187350200000000e-02        -2.4288632500000001e-02        -1.3374269500000001e-02        -2.6236074000000002e-03         1.2251776700000000e-02         7.4534871000000004e-03
11                                    -2.1129116500000000e-02        -1.2198449500000000e-02        -1.2648965900000000e-02         2.4304317000000001e-03         1.0390757000000000e-03         4.0329450000000001e-04         2.1141527000000000e-03         1.5853007000000000e-03
12                                    -1.1248033300000000e-02         4.6999999999999999e-09         5.3099999999999999e-08        -4.5149499999999999e-05        -7.4000000000000001e-09        -2.1000000000000002e-09         7.7186650000000002e-04        -4.7167260000000001e-04
13                                    -2.1999999999999998e-09        -1.1250555000000001e-02         3.6457000000000001e-06         3.8700000000000002e-08         1.0525464000000000e-03         9.1433191999999996e-03        -4.6747379999999999e-04         2.2468499999999999e-04
14                                     7.7799999999999995e-08        -2.9871000000000002e-06         2.3041221200000000e-02        -8.2899999999999995e-08        -7.4705029999999996e-04        -1.4874071500000001e-02        -6.5864869999999998e-04         3.7801810000000002e-04
15                                    -7.8446201999999993e-03        -2.1000000000000002e-09         4.5599999999999998e-08         2.0343900000000000e-04        -5.6999999999999998e-09        -5.2999999999999998e-08         7.2859659999999996e-04        -3.0321249999999998e-04
16                                    -1.5000000000000000e-09        -7.8471798999999991e-03         3.6380000000000002e-06        -1.0500000000000000e-08         9.1261920000000000e-04        -4.2568032000000000e-03        -2.9881029999999999e-04         3.7588170000000002e-04
17                                     7.9000000000000006e-08        -1.2680000000000000e-07         2.2557827900000001e-02        -3.1900000000000001e-08         3.4062580000000000e-04        -8.6963783999999995e-03         2.9573579999999999e-04        -1.7012639999999999e-04
                                                         8                           9                          10                          11                          12                          13                          14                          15

0                                      2.1130571099999999e-02        -2.4287847330000001e-01        -1.1496084460000000e-01        -2.1129116500000000e-02        -1.1248033300000000e-02        -2.1999999999999998e-09         7.7799999999999995e-08        -7.8446201999999993e-03
1                                     -1.2199442600000001e-02        -1.1496807750000000e-01        -1.1012662820000001e-01        -1.2198449500000000e-02         4.6999999999999999e-09        -1.1250555000000001e-02        -2.9871000000000002e-06        -2.1000000000000002e-09
2                                     -1.2649253700000000e-02        -1.9381294699999999e-02        -1.1187350200000000e-02        -1.2648965900000000e-02         5.3099999999999999e-08         3.6457000000000001e-06         2.3041221200000000e-02         4.5599999999999998e-08
3                                     -2.4304213000000000e-03         5.1012300000000002e-04        -2.4288632500000001e-02         2.4304317000000001e-03        -4.5149499999999999e-05         3.8700000000000002e-08        -8.2899999999999995e-08         2.0343900000000000e-04
4                                      1.0391031000000000e-03         2.3051250000000000e-04        -1.3374269500000001e-02         1.0390757000000000e-03        -7.4000000000000001e-09         1.0525464000000000e-03        -7.4705029999999996e-04        -5.6999999999999998e-09
5                                      4.0331379999999998e-04         3.1598519999999998e-04        -2.6236074000000002e-03         4.0329450000000001e-04        -2.1000000000000002e-09         9.1433191999999996e-03        -1.4874071500000001e-02        -5.2999999999999998e-08
6                                     -2.0818012600000001e-02        -2.0345833599999998e-02         1.2251776700000000e-02         2.1141527000000000e-03         7.7186650000000002e-04        -4.6747379999999999e-04        -6.5864869999999998e-04         7.2859659999999996e-04
7                                      1.2018901500000000e-02        -1.2251499300000000e-02         7.4534871000000004e-03         1.5853007000000000e-03        -4.7167260000000001e-04         2.2468499999999999e-04         3.7801810000000002e-04        -3.0321249999999998e-04
8                                      3.5412775399999999e-02        -2.1139924000000000e-03         1.5852377000000000e-03         4.0344110000000002e-04         7.9182898000000005e-03        -4.5719881000000004e-03        -1.4873956000000001e-02        -3.6864347000000000e-03
9                                     -2.1139924000000000e-03         2.6121369490000002e-01         1.2622280229999999e-01         2.0816579700000001e-02         7.7184439999999997e-04         4.6743879999999998e-04         6.5853519999999998e-04         7.2864469999999999e-04
10                                     1.5852377000000000e-03         1.2622280229999999e-01         1.1544685950000000e-01         1.2017813299999999e-02         4.7167999999999998e-04         2.2467550000000001e-04         3.7803460000000001e-04         3.0321809999999999e-04
11                                     4.0344110000000002e-04         2.0816579700000001e-02         1.2017813299999999e-02         3.5412481599999997e-02        -7.9184410999999996e-03        -4.5718976999999999e-03        -1.4873902099999999e-02         3.6863934000000002e-03
