
$orca_hessian_file

$act_atom
  0

$act_coord
  0

$act_energy
      -11.819769

$multiplicity
  1

$hessian
18
                    0                  1                  2                  3                  4        
    0      5.9163233860E-01  -1.3000000000E-09  -2.1740000000E-06  -4.1193785500E-02  -1.5632000000E-06
    1     -1.3000000000E-09   5.9163105400E-01  -5.3724000000E-06  -1.5646000000E-06  -3.3889304210E-01
    2     -2.1740000000E-06  -5.3724000000E-06  -3.4936288500E-02   1.1570000000E-07  -1.1225160000E-03
    3     -4.1193785500E-02  -1.5646000000E-06   1.1570000000E-07   4.1058154900E-02   1.7046000000E-06
    4     -1.5632000000E-06  -3.3889304210E-01  -1.1225160000E-03   1.7046000000E-06   3.6426161320E-01
    5      1.2010000000E-07  -1.7378783000E-03  -3.8744075000E-03   5.3000000000E-09   2.6418579000E-03
    6     -2.6446190560E-01   1.2890669340E-01  -9.9077370000E-04  -2.0847470000E-04  -6.4512700000E-05
    7      1.2890546150E-01  -1.1561386470E-01   5.6770510000E-04   2.3825300400E-02  -1.3926816400E-02
    8     -1.5059313000E-03   8.6877520000E-04  -3.8743131000E-03   8.6421800000E-05  -9.0835300000E-05
    9     -2.6446458780E-01  -1.2890512700E-01   9.9259960000E-04  -2.0872910000E-04   6.4367200000E-05
   10     -1.2890389850E-01  -1.1561116430E-01   5.6860510000E-04  -2.3825446100E-02  -1.3926571900E-02
   11      1.5077609000E-03   8.6962990000E-04  -3.8743175000E-03  -8.6427500000E-05  -9.0840400000E-05
   12     -1.0216496500E-02   5.1000000000E-09   1.1110000000E-07   2.5120110000E-04   1.6000000000E-09
   13      3.0000000000E-10  -1.0216517000E-02  -4.0658000000E-06   3.3100000000E-08   1.3943742000E-03
   14      1.0700000000E-07   5.2310000000E-07   2.2990169200E-02  -5.7600000000E-08  -1.3747507000E-03
   15     -1.1295563200E-02  -5.6000000000E-09   1.2140000000E-07   3.0163320000E-04   2.6000000000E-09
   16      1.2000000000E-09  -1.1296465800E-02  -4.3561000000E-06  -2.7300000000E-08   1.0904430000E-03
   17      1.1740000000E-07   4.3225000000E-06   2.3569157500E-02  -5.7700000000E-08   3.7084500000E-05
                    5                  6                  7                  8                  9        
    0      1.2010000000E-07  -2.6446190560E-01   1.2890546150E-01  -1.5059313000E-03  -2.6446458780E-01
    1     -1.7378783000E-03   1.2890669340E-01  -1.1561386470E-01   8.6877520000E-04  -1.2890512700E-01
    2     -3.8744075000E-03  -9.9077370000E-04   5.6770510000E-04  -3.8743131000E-03   9.9259960000E-04
    3      5.3000000000E-09  -2.0847470000E-04   2.3825300400E-02   8.6421800000E-05  -2.0872910000E-04
    4      2.6418579000E-03  -6.4512700000E-05  -1.3926816400E-02  -9.0835300000E-05   6.4367200000E-05
    5      3.8365452200E-02  -3.6311200000E-05   1.2100090000E-04  -7.3401390000E-04   3.6310100000E-05
    6     -3.6311200000E-05   2.8346133620E-01  -1.3995192890E-01   2.2878625000E-03  -2.0789147900E-02
    7      1.2100090000E-04  -1.3995192890E-01   1.2185916270E-01  -1.3213008000E-03  -1.1944341200E-02
    8     -7.3401390000E-04   2.2878625000E-03  -1.3213008000E-03   3.8362360100E-02   1.2328200000E-04
    9      3.6310100000E-05  -2.0789147900E-02  -1.1944341200E-02   1.2328200000E-04   2.8346423850E-01
   10      1.2116660000E-04   1.1944625300E-02   6.6495864000E-03  -2.9150600000E-05   1.3995023210E-01
   11     -7.3401160000E-04  -1.2314780000E-04  -2.9063200000E-05  -7.3095290000E-04  -2.2895857000E-03
   12     -1.7700000000E-08   1.1070897000E-03  -4.9412830000E-04   6.6870640000E-03   1.1070614000E-03
   13      7.7223547000E-03  -4.9425360000E-04   5.3527990000E-04  -3.8614822000E-03   4.9422040000E-04
   14     -1.6159380900E-02  -1.1883254000E-03   6.8664430000E-04  -1.6159380600E-02   1.1882139000E-03
   15     -1.0660000000E-07   8.9110230000E-04  -3.4036350000E-04  -7.6786990000E-03   8.9116500000E-04
   16     -8.8685018000E-03  -3.4062350000E-04   4.9665210000E-04   4.4339937000E-03   3.4064860000E-04
   17     -1.6863638400E-02   5.0695600000E-05  -2.4986400000E-05  -1.6863699700E-02  -5.0819900000E-05
                   10                 11                 12                 13                 14        
    0     -1.2890389850E-01   1.5077609000E-03  -1.0216496500E-02   3.0000000000E-10   1.0700000000E-07
    1     -1.1561116430E-01   8.6962990000E-04   5.1000000000E-09  -1.0216517000E-02   5.2310000000E-07
    2      5.6860510000E-04  -3.8743175000E-03   1.1110000000E-07  -4.0658000000E-06   2.2990169200E-02
    3     -2.3825446100E-02  -8.6427500000E-05   2.5120110000E-04   3.3100000000E-08  -5.7600000000E-08
    4     -1.3926571900E-02  -9.0840400000E-05   1.6000000000E-09   1.3943742000E-03  -1.3747507000E-03
    5      1.2116660000E-04  -7.3401160000E-04  -1.7700000000E-08   7.7223547000E-03  -1.6159380900E-02
    6      1.1944625300E-02  -1.2314780000E-04   1.1070897000E-03  -4.9425360000E-04  -1.1883254000E-03
    7      6.6495864000E-03  -2.9063200000E-05  -4.9412830000E-04   5.3527990000E-04   6.8664430000E-04
    8     -2.9150600000E-05  -7.3095290000E-04   6.6870640000E-03  -3.8614822000E-03  -1.6159380600E-02
    9      1.3995023210E-01  -2.2895857000E-03   1.1070614000E-03   4.9422040000E-04   1.1882139000E-03
   10      1.2185623600E-01  -1.3222520000E-03   4.9412680000E-04   5.3526930000E-04   6.8662160000E-04
   11     -1.3222520000E-03   3.8362392800E-02  -6.6872234000E-03  -3.8614008000E-03  -1.6159345800E-02
   12      4.9412680000E-04  -6.6872234000E-03   6.1585881000E-03  -2.8000000000E-09   1.3980000000E-07
   13      5.3526930000E-04  -3.8614008000E-03  -2.8000000000E-09   6.1590845000E-03   5.1720000000E-07
   14      6.8662160000E-04  -1.6159345800E-02   1.3980000000E-07   5.1720000000E-07   4.5979820200E-02
   15      3.4036050000E-04   7.6786235000E-03   1.5925561000E-03   2.6000000000E-09  -7.7600000000E-08
   16      4.9664460000E-04   4.4339265000E-03  -2.3000000000E-09   1.5925091000E-03   4.4450000000E-07
   17     -2.4990700000E-05  -1.6863765000E-02  -7.3700000000E-08   4.0768000000E-06  -2.0491882200E-02
                   15                 16                 17        
     0     -1.1295563200E-02   1.2000000000E-09   1.1740000000E-07
     1     -5.6000000000E-09  -1.1296465800E-02   4.3225000000E-06
     2      1.2140000000E-07  -4.3561000000E-06   2.3569157500E-02
     3      3.0163320000E-04  -2.7300000000E-08  -5.7700000000E-08
     4      2.6000000000E-09   1.0904430000E-03   3.7084500000E-05
     5     -1.0660000000E-07  -8.8685018000E-03  -1.6863638400E-02
     6      8.9110230000E-04  -3.4062350000E-04   5.0695600000E-05
     7     -3.4036350000E-04   4.9665210000E-04  -2.4986400000E-05
     8     -7.6786990000E-03   4.4339937000E-03  -1.6863699700E-02
     9      8.9116500000E-04   3.4064860000E-04  -5.0819900000E-05
    10      3.4036050000E-04   4.9664460000E-04  -2.4990700000E-05
    11      7.6786235000E-03   4.4339265000E-03  -1.6863765000E-02
    12      1.5925561000E-03  -2.3000000000E-09  -7.3700000000E-08
    13      2.6000000000E-09   1.5925091000E-03   4.0768000000E-06
    14     -7.7600000000E-08   4.4450000000E-07  -2.0491882200E-02
    15      7.6191067000E-03   3.4000000000E-09   1.3830000000E-07
    16      3.4000000000E-09   7.6202170000E-03   4.4932000000E-06
    17      1.3830000000E-07   4.4932000000E-06   4.7513827800E-02

$vibrational_frequencies
18
    0        0.0000000000000000
    1        0.0000000000000000
    2        0.0000000000000000
    3        0.0000000000000000
    4        0.0000000000000000
    5        0.0000000000000000
    6     -290.4489468231017213
    7      134.3442371902935406
    8      178.2252784705808040
    9      178.2338526997803285
   10      990.7114407928053197
   11     1012.8265148780931213
   12     1012.9063348667655191
   13     1335.4184943714212750
   14     1335.4346506225990652
   15     3148.2998488345183432
   16     3236.0060071876937400
   17     3236.0191529512289890

$normal_modes
18 18
                    0                  1                  2                  3                  4        
    0      0.0000000000E+00   0.0000000000E+00   0.0000000000E+00   0.0000000000E+00   0.0000000000E+00
    1      0.0000000000E+00   0.0000000000E+00   0.0000000000E+00   0.0000000000E+00   0.0000000000E+00
    2      0.0000000000E+00   0.0000000000E+00   0.0000000000E+00   0.0000000000E+00   0.0000000000E+00
    3      0.0000000000E+00   0.0000000000E+00   0.0000000000E+00   0.0000000000E+00   0.0000000000E+00
    4      0.0000000000E+00   0.0000000000E+00   0.0000000000E+00   0.0000000000E+00   0.0000000000E+00
    5      0.0000000000E+00   0.0000000000E+00   0.0000000000E+00   0.0000000000E+00   0.0000000000E+00
    6      0.0000000000E+00   0.0000000000E+00   0.0000000000E+00   0.0000000000E+00   0.0000000000E+00
    7      0.0000000000E+00   0.0000000000E+00   0.0000000000E+00   0.0000000000E+00   0.0000000000E+00
    8      0.0000000000E+00   0.0000000000E+00   0.0000000000E+00   0.0000000000E+00   0.0000000000E+00
    9      0.0000000000E+00   0.0000000000E+00   0.0000000000E+00   0.0000000000E+00   0.0000000000E+00
   10      0.0000000000E+00   0.0000000000E+00   0.0000000000E+00   0.0000000000E+00   0.0000000000E+00
   11      0.0000000000E+00   0.0000000000E+00   0.0000000000E+00   0.0000000000E+00   0.0000000000E+00
   12      0.0000000000E+00   0.0000000000E+00   0.0000000000E+00   0.0000000000E+00   0.0000000000E+00
   13      0.0000000000E+00   0.0000000000E+00   0.0000000000E+00   0.0000000000E+00   0.0000000000E+00
   14      0.0000000000E+00   0.0000000000E+00   0.0000000000E+00   0.0000000000E+00   0.0000000000E+00
   15      0.0000000000E+00   0.0000000000E+00   0.0000000000E+00   0.0000000000E+00   0.0000000000E+00
   16      0.0000000000E+00   0.0000000000E+00   0.0000000000E+00   0.0000000000E+00   0.0000000000E+00
   17      0.0000000000E+00   0.0000000000E+00   0.0000000000E+00   0.0000000000E+00   0.0000000000E+00
                    5                  6                  7                  8                  9        
    0      0.0000000000E+00   3.3690754582E-06   7.6855554560E-08   4.9020293821E-01  -1.9777692392E-05
    1      0.0000000000E+00  -1.4050919318E-04   6.6269319950E-04  -1.9777692906E-05  -4.9021048935E-01
    2      0.0000000000E+00   9.9301812966E-01   1.1969162426E-01  -1.6674045895E-06  -7.9293123526E-05
    3      0.0000000000E+00   2.0380945718E-07   2.6052985216E-07   5.0719312399E-01  -2.0365957354E-05
    4      0.0000000000E+00   2.3229477132E-03  -1.9552823083E-03  -2.0096589295E-05  -4.9671475318E-01
    5      0.0000000000E+00   4.5276572568E-02   1.5445867897E-01  -1.0517958224E-06   2.0950327279E-02
    6      0.0000000000E+00   2.2096306027E-03  -2.3102710452E-03   4.9932388053E-01  -4.5554201488E-03
    7      0.0000000000E+00  -1.3493216766E-03   1.9782780238E-03   4.5229478413E-03  -5.0455953518E-01
    8      0.0000000000E+00   4.5263360597E-02   1.5450341396E-01  -1.8127650347E-02  -1.0458098540E-02
    9      0.0000000000E+00  -2.2094404581E-03   2.3107153622E-03   4.9932428131E-01   4.5150366192E-03
   10      0.0000000000E+00  -1.3494472336E-03   1.9782337032E-03  -4.5636062936E-03  -5.0455932425E-01
   11      0.0000000000E+00   4.5263049698E-02   1.5450525392E-01   1.8123480313E-02  -1.0459827688E-02
   12      0.0000000000E+00  -1.5371286458E-07  -9.0748821860E-09  -2.8000714544E-02   1.1300835045E-06
   13      0.0000000000E+00   7.8209230935E-06  -3.7743434988E-05   1.1293242861E-06   2.8001052446E-02
   14      0.0000000000E+00  -4.9041067558E-02  -5.2010536331E-01   1.0585958839E-07  -2.7832555462E-05
   15      0.0000000000E+00  -2.6729547600E-07  -6.0324797793E-09  -4.8215579867E-02   1.9446526833E-06
   16      0.0000000000E+00   1.3441909204E-05  -6.4921218690E-05   1.9459286552E-06   4.8216081524E-02
   17      0.0000000000E+00  -7.3100359061E-02   8.0221000525E-01   1.4840073974E-07   5.5715653764E-05
                   10                 11                 12                 13                 14        
    0     -5.2115602196E-08   3.7961697600E-03   4.7634434565E-07   1.8629629975E-07   9.8123251920E-02
    1      1.1398884105E-08   5.1639067805E-07  -3.7992013657E-03  -9.8119739311E-02   1.8316835597E-07
    2     -1.4697733051E-02  -2.2310205339E-08   4.2068147398E-07  -6.8834080512E-06  -3.2815510596E-07
    3      2.0125247915E-06  -1.3059095207E-03  -1.5561331756E-06  -6.0593514812E-06  -8.1059012685E-01
    4     -4.2398469898E-03  -3.7552288793E-07   3.0488959363E-03  -5.6292555352E-02   4.6564009103E-06
    5      5.7722502862E-01   1.0907593961E-04  -8.1648261121E-01   4.7474473526E-03   2.7553559902E-06
    6     -3.6639848216E-03  -2.6168248676E-03  -7.4985066419E-04   3.7536561826E-01  -1.6043152788E-01
    7      2.1281286635E-03   7.5823684193E-04   1.7534273031E-03   5.9386989673E-01  -3.7537532148E-01
    8      5.7723680190E-01   7.0703505027E-01   4.0832819879E-01  -2.3875135485E-03  -4.1018745536E-03
    9      3.6680094695E-03  -2.6220095081E-03   7.5059559700E-04  -3.7536168935E-01  -1.6042224188E-01
   10      2.1281284315E-03  -7.5851619571E-04   1.7556536848E-03   5.9387916193E-01   3.7536852417E-01
   11      5.7723585254E-01  -7.0714521993E-01   4.0813862879E-01  -2.3847272901E-03   4.1030749098E-03
   12     -1.9267703574E-08   1.9116323647E-03   2.5747500692E-07  -4.3780409246E-09  -1.4554165547E-04
   13     -8.1995669611E-08   2.5504522304E-07  -1.9115454148E-03   1.4538097465E-04   3.4840347352E-09
   14     -6.0196490927E-03  -2.5297771000E-09   5.6897068627E-08   1.2173252392E-07  -5.6785109030E-10
   15     -3.7727634966E-08  -3.5242157724E-03  -4.7030363384E-07   5.8254878712E-09  -2.4522772144E-04
   16     -7.8511234245E-08  -4.7443669026E-07   3.5243664582E-03   2.4479584290E-04  -6.0590842580E-09
   17     -1.0076637334E-02   2.1169729698E-08   4.5517646510E-08   1.1542001336E-06   3.2757728360E-10
                   15                 16                 17        
     0      2.0636137639E-08   9.8415419276E-02   6.9278342462E-06
     1      7.0726434867E-06  -6.9258006532E-06   9.8415518355E-02
     2      4.4437410554E-04  -3.4406550904E-07  -3.6343130762E-06
     3     -2.5248905415E-08   3.8313253764E-02  -1.7642266146E-06
     4     -5.7737887896E-01   5.2794663504E-05  -8.1156652121E-01
     5     -4.1671326212E-03   2.9804611546E-07  -6.6148936534E-03
     6     -4.9997025001E-01  -5.9914518611E-01   3.6801666495E-01
     7      2.8865301761E-01   3.6803854231E-01  -1.7415777073E-01
     8     -4.1684051479E-03  -5.7300146264E-03   3.3047013429E-03
     9      4.9996997760E-01  -5.9910126070E-01  -3.6809653592E-01
    10      2.8865288949E-01  -3.6800969564E-01  -1.7420184713E-01
    11     -4.1718643938E-03   5.7337734532E-03   3.3080089937E-03
    12      5.2363643197E-09  -5.4948531220E-05  -7.5735792800E-09
    13     -3.7518872067E-08  -1.6847926549E-11  -5.4969009773E-05
    14      5.4476871296E-05   1.9187457883E-10   3.5788679510E-08
    15     -7.6634590793E-09  -7.3616692348E-05   4.8993936961E-10
    16     -8.3012979848E-08   1.1182246966E-08  -7.3688052977E-05
    17      4.4676975103E-06   2.3647071897E-10   5.1703296943E-07

#
# The atoms: label  mass x y z (in bohrs)
#
$atoms
6
 C     12.01100     -0.000000002697    -0.000000001405    -1.198554700068
 H      1.00800     -0.000000002686     2.015674782764    -1.187980369981
 H      1.00800      1.745625567307    -1.007837386074    -1.187979888469
 H      1.00800     -1.745625572569    -1.007837386018    -1.187979891129
 I    126.90000      0.000000001806     0.000000115028     3.767106897854
 Br    79.90000     -0.000000002363    -0.000000182614    -5.757917060881

$actual_temperature
  0.000000

$frequency_scale_factor
  1.000000


$end

