
$orca_hessian_file

$act_atom
  0

$act_coord
  0

$act_energy
      -11.817794

$multiplicity
  1

$hessian
18
                    0                  1                  2                  3                  4        
    0      5.4860496370E-01   5.6600000000E-08  -1.8433000000E-06  -4.3758074700E-02  -1.3284000000E-06
    1      5.6600000000E-08   5.4860045250E-01   1.5662000000E-06  -1.3306000000E-06  -3.0924708210E-01
    2     -1.8433000000E-06   1.5662000000E-06  -7.6517940000E-03   2.5490000000E-07   2.2366822000E-02
    3     -4.3758074700E-02  -1.3306000000E-06   2.5490000000E-07   4.2579267500E-02   1.4826000000E-06
    4     -1.3284000000E-06  -3.0924708210E-01   2.2366822000E-02   1.4826000000E-06   3.3403068580E-01
    5      2.3190000000E-07   2.4399439800E-02  -1.2649035600E-02  -1.5050000000E-07  -2.4038576300E-02
    6     -2.4287576220E-01   1.1496934900E-01   1.9382784400E-02   5.1039460000E-04  -2.3065350000E-04
    7      1.1496212020E-01  -1.1012900730E-01  -1.1188321700E-02   2.4288452300E-02  -1.3374499800E-02
    8      2.1130571100E-02  -1.2199442600E-02  -1.2649253700E-02  -2.4304213000E-03   1.0391031000E-03
    9     -2.4287847330E-01  -1.1496807750E-01  -1.9381294700E-02   5.1012300000E-04   2.3051250000E-04
   10     -1.1496084460E-01  -1.1012662820E-01  -1.1187350200E-02  -2.4288632500E-02  -1.3374269500E-02
   11     -2.1129116500E-02  -1.2198449500E-02  -1.2648965900E-02   2.4304317000E-03   1.0390757000E-03
   12     -1.1248033300E-02   4.7000000000E-09   5.3100000000E-08  -4.5149500000E-05  -7.4000000000E-09
   13     -2.2000000000E-09  -1.1250555000E-02   3.6457000000E-06   3.8700000000E-08   1.0525464000E-03
   14      7.7800000000E-08  -2.9871000000E-06   2.3041221200E-02  -8.2900000000E-08  -7.4705030000E-04
   15     -7.8446202000E-03  -2.1000000000E-09   4.5600000000E-08   2.0343900000E-04  -5.7000000000E-09
   16     -1.5000000000E-09  -7.8471799000E-03   3.6380000000E-06  -1.0500000000E-08   9.1261920000E-04
   17      7.9000000000E-08  -1.2680000000E-07   2.2557827900E-02  -3.1900000000E-08   3.4062580000E-04
                    5                  6                  7                  8                  9        
    0      2.3190000000E-07  -2.4287576220E-01   1.1496212020E-01   2.1130571100E-02  -2.4287847330E-01
    1      2.4399439800E-02   1.1496934900E-01  -1.1012900730E-01  -1.2199442600E-02  -1.1496807750E-01
    2     -1.2649035600E-02   1.9382784400E-02  -1.1188321700E-02  -1.2649253700E-02  -1.9381294700E-02
    3     -1.5050000000E-07   5.1039460000E-04   2.4288452300E-02  -2.4304213000E-03   5.1012300000E-04
    4     -2.4038576300E-02  -2.3065350000E-04  -1.3374499800E-02   1.0391031000E-03   2.3051250000E-04
    5      3.5412877100E-02  -3.1601150000E-04  -2.6237721000E-03   4.0331380000E-04   3.1598520000E-04
    6     -3.1601150000E-04   2.6121073820E-01  -1.2622418810E-01  -2.0818012600E-02  -2.0345833600E-02
    7     -2.6237721000E-03  -1.2622418810E-01   1.1544945320E-01   1.2018901500E-02  -1.2251499300E-02
    8      4.0331380000E-04  -2.0818012600E-02   1.2018901500E-02   3.5412775400E-02  -2.1139924000E-03
    9      3.1598520000E-04  -2.0345833600E-02  -1.2251499300E-02  -2.1139924000E-03   2.6121369490E-01
   10     -2.6236074000E-03   1.2251776700E-02   7.4534871000E-03   1.5852377000E-03   1.2622280230E-01
   11      4.0329450000E-04   2.1141527000E-03   1.5853007000E-03   4.0344110000E-04   2.0816579700E-02
   12     -2.1000000000E-09   7.7186650000E-04  -4.7167260000E-04   7.9182898000E-03   7.7184440000E-04
   13      9.1433192000E-03  -4.6747380000E-04   2.2468500000E-04  -4.5719881000E-03   4.6743880000E-04
   14     -1.4874071500E-02  -6.5864870000E-04   3.7801810000E-04  -1.4873956000E-02   6.5853520000E-04
   15     -5.3000000000E-08   7.2859660000E-04  -3.0321250000E-04  -3.6864347000E-03   7.2864470000E-04
   16     -4.2568032000E-03  -2.9881030000E-04   3.7588170000E-04   2.1281885000E-03   2.9882310000E-04
   17     -8.6963784000E-03   2.9573580000E-04  -1.7012640000E-04  -8.6963206000E-03  -2.9581300000E-04
                   10                 11                 12                 13                 14        
    0     -1.1496084460E-01  -2.1129116500E-02  -1.1248033300E-02  -2.2000000000E-09   7.7800000000E-08
    1     -1.1012662820E-01  -1.2198449500E-02   4.7000000000E-09  -1.1250555000E-02  -2.9871000000E-06
    2     -1.1187350200E-02  -1.2648965900E-02   5.3100000000E-08   3.6457000000E-06   2.3041221200E-02
    3     -2.4288632500E-02   2.4304317000E-03  -4.5149500000E-05   3.8700000000E-08  -8.2900000000E-08
    4     -1.3374269500E-02   1.0390757000E-03  -7.4000000000E-09   1.0525464000E-03  -7.4705030000E-04
    5     -2.6236074000E-03   4.0329450000E-04  -2.1000000000E-09   9.1433192000E-03  -1.4874071500E-02
    6      1.2251776700E-02   2.1141527000E-03   7.7186650000E-04  -4.6747380000E-04  -6.5864870000E-04
    7      7.4534871000E-03   1.5853007000E-03  -4.7167260000E-04   2.2468500000E-04   3.7801810000E-04
    8      1.5852377000E-03   4.0344110000E-04   7.9182898000E-03  -4.5719881000E-03  -1.4873956000E-02
    9      1.2622280230E-01   2.0816579700E-02   7.7184440000E-04   4.6743880000E-04   6.5853520000E-04
   10      1.1544685950E-01   1.2017813300E-02   4.7168000000E-04   2.2467550000E-04   3.7803460000E-04
   11      1.2017813300E-02   3.5412481600E-02  -7.9184411000E-03  -4.5718977000E-03  -1.4873902100E-02
   12      4.7168000000E-04  -7.9184411000E-03   7.8344099000E-03  -2.5000000000E-09   1.3110000000E-07
   13      2.2467550000E-04  -4.5718977000E-03  -2.5000000000E-09   7.8340926000E-03  -2.9274000000E-06
   14      3.7803460000E-04  -1.4873902100E-02   1.3110000000E-07  -2.9274000000E-06   3.4414999500E-02
   15      3.0321810000E-04   3.6863934000E-03   1.9150621000E-03   1.0000000000E-09  -1.2400000000E-08
   16      3.7587560000E-04   2.1281575000E-03  -2.1000000000E-09   1.9145554000E-03  -3.0878000000E-06
   17     -1.7012790000E-04  -8.6963492000E-03  -3.0800000000E-08  -1.5160000000E-07  -1.2834291200E-02
                   15                 16                 17        
     0     -7.8446202000E-03  -1.5000000000E-09   7.9000000000E-08
     1     -2.1000000000E-09  -7.8471799000E-03  -1.2680000000E-07
     2      4.5600000000E-08   3.6380000000E-06   2.2557827900E-02
     3      2.0343900000E-04  -1.0500000000E-08  -3.1900000000E-08
     4     -5.7000000000E-09   9.1261920000E-04   3.4062580000E-04
     5     -5.3000000000E-08  -4.2568032000E-03  -8.6963784000E-03
     6      7.2859660000E-04  -2.9881030000E-04   2.9573580000E-04
     7     -3.0321250000E-04   3.7588170000E-04  -1.7012640000E-04
     8     -3.6864347000E-03   2.1281885000E-03  -8.6963206000E-03
     9      7.2864470000E-04   2.9882310000E-04  -2.9581300000E-04
    10      3.0321810000E-04   3.7587560000E-04  -1.7012790000E-04
    11      3.6863934000E-03   2.1281575000E-03  -8.6963492000E-03
    12      1.9150621000E-03  -2.1000000000E-09  -3.0800000000E-08
    13      1.0000000000E-09   1.9145554000E-03  -1.5160000000E-07
    14     -1.2400000000E-08  -3.0878000000E-06  -1.2834291200E-02
    15      4.2688778000E-03   1.3000000000E-09   6.1000000000E-08
    16      1.3000000000E-09   4.2682480000E-03  -9.3000000000E-08
    17      6.1000000000E-08  -9.3000000000E-08   1.6365511500E-02

$vibrational_frequencies
18
    0        0.0000000000000000
    1        0.0000000000000000
    2        0.0000000000000000
    3        0.0000000000000000
    4        0.0000000000000000
    5        0.0000000000000000
    6     -229.7290189632488477
    7       99.5544135374874202
    8      165.8581136186155902
    9      165.8716290983403781
   10      921.0237887209329983
   11      921.0267652353983294
   12      968.2204504066710342
   13     1365.8858633602728787
   14     1365.9489967373913260
   15     3024.6862143499643025
   16     3106.0698818155115077
   17     3106.0751659519637542

$normal_modes
18 18
                    0                  1                  2                  3                  4        
    0      0.0000000000E+00   0.0000000000E+00   0.0000000000E+00   0.0000000000E+00   0.0000000000E+00
    1      0.0000000000E+00   0.0000000000E+00   0.0000000000E+00   0.0000000000E+00   0.0000000000E+00
    2      0.0000000000E+00   0.0000000000E+00   0.0000000000E+00   0.0000000000E+00   0.0000000000E+00
    3      0.0000000000E+00   0.0000000000E+00   0.0000000000E+00   0.0000000000E+00   0.0000000000E+00
    4      0.0000000000E+00   0.0000000000E+00   0.0000000000E+00   0.0000000000E+00   0.0000000000E+00
    5      0.0000000000E+00   0.0000000000E+00   0.0000000000E+00   0.0000000000E+00   0.0000000000E+00
    6      0.0000000000E+00   0.0000000000E+00   0.0000000000E+00   0.0000000000E+00   0.0000000000E+00
    7      0.0000000000E+00   0.0000000000E+00   0.0000000000E+00   0.0000000000E+00   0.0000000000E+00
    8      0.0000000000E+00   0.0000000000E+00   0.0000000000E+00   0.0000000000E+00   0.0000000000E+00
    9      0.0000000000E+00   0.0000000000E+00   0.0000000000E+00   0.0000000000E+00   0.0000000000E+00
   10      0.0000000000E+00   0.0000000000E+00   0.0000000000E+00   0.0000000000E+00   0.0000000000E+00
   11      0.0000000000E+00   0.0000000000E+00   0.0000000000E+00   0.0000000000E+00   0.0000000000E+00
   12      0.0000000000E+00   0.0000000000E+00   0.0000000000E+00   0.0000000000E+00   0.0000000000E+00
   13      0.0000000000E+00   0.0000000000E+00   0.0000000000E+00   0.0000000000E+00   0.0000000000E+00
   14      0.0000000000E+00   0.0000000000E+00   0.0000000000E+00   0.0000000000E+00   0.0000000000E+00
   15      0.0000000000E+00   0.0000000000E+00   0.0000000000E+00   0.0000000000E+00   0.0000000000E+00
   16      0.0000000000E+00   0.0000000000E+00   0.0000000000E+00   0.0000000000E+00   0.0000000000E+00
   17      0.0000000000E+00   0.0000000000E+00   0.0000000000E+00   0.0000000000E+00   0.0000000000E+00
                    5                  6                  7                  8                  9        
    0      0.0000000000E+00  -6.6882270207E-07  -3.5166402498E-06  -1.5007164779E-04   4.8488020231E-01
    1      0.0000000000E+00  -1.0990047207E-04   4.2221702942E-04   4.8487583210E-01   1.5007801694E-04
    2      0.0000000000E+00  -9.0196467817E-01   2.4442814697E-01  -8.3102022640E-05   4.8443635762E-08
    3      0.0000000000E+00   1.9713953484E-06  -4.6675802534E-06  -1.5577062568E-04   5.0387642920E-01
    4      0.0000000000E+00   4.2600299683E-02  -1.3965486137E-02   4.9716404058E-01   1.5372898309E-04
    5      0.0000000000E+00  -2.3989973339E-01   5.2360725782E-02   8.3416248796E-02   2.5008878839E-05
    6      0.0000000000E+00   3.7018472154E-02  -1.2504730402E-02   2.7802865181E-03   4.9881954207E-01
    7      0.0000000000E+00  -2.1467080053E-02   7.6255163715E-03   5.0217493544E-01   3.0697265792E-03
    8      0.0000000000E+00  -2.3986714698E-01   5.2243563730E-02  -4.1755168578E-02   7.2233199406E-02
    9      0.0000000000E+00  -3.7014972579E-02   1.2495862618E-02  -3.0892615430E-03   4.9881736472E-01
   10      0.0000000000E+00  -2.1467336006E-02   7.6257863476E-03   5.0217667476E-01  -2.7587188308E-03
   11      0.0000000000E+00  -2.3986742454E-01   5.2246437080E-02  -4.1709348707E-02  -7.2261872513E-02
   12      0.0000000000E+00   1.0846016139E-08   2.1926245423E-07   9.0917161164E-06  -2.9379900121E-02
   13      0.0000000000E+00   6.6539075351E-06  -2.5499267897E-05  -2.9379676718E-02  -9.0925223657E-06
   14      0.0000000000E+00   3.9034122038E-02  -5.3156329740E-01   2.3275774690E-05  -1.5389781407E-07
   15      0.0000000000E+00   1.4294510803E-08   3.5115905412E-07   1.3982921179E-05  -4.5170365798E-02
   16      0.0000000000E+00   1.0167997625E-05  -3.9192675330E-05  -4.5170092865E-02  -1.3982485589E-05
   17      0.0000000000E+00   8.2671577500E-02   8.0552503673E-01  -2.3866117360E-05   2.8337068747E-07
                   10                 11                 12                 13                 14        
    0      3.3465249182E-02   2.7287147023E-04   1.8979776969E-07   8.6678600358E-05  -9.4402114465E-02
    1      2.7285442855E-04  -3.3467756101E-02  -1.4656221474E-08  -9.4402433511E-02  -8.6675660507E-05
    2     -1.3789152506E-07  -1.7962151234E-06   4.4155146655E-02   1.2035095923E-06   3.4948442400E-07
    3     -8.7382932632E-02  -7.1136307547E-04  -1.9869383232E-06  -7.4142818538E-04   8.0239471603E-01
    4     -3.2403973992E-04   3.9776307519E-02  -4.3739302711E-02  -6.1647624158E-02  -6.1269301723E-05
    5     -6.6106632741E-03   8.1036097585E-01  -5.7507588938E-01  -1.1441194573E-01  -1.0829334607E-04
    6     -5.1844060895E-02   2.0199631676E-02  -3.7872996335E-02   3.7396036212E-01   1.5473054139E-01
    7     -2.1232725529E-02   7.5313381209E-02   2.1877290636E-02   5.8605992015E-01   3.7466999291E-01
    8     -6.9846853688E-01  -4.1087353760E-01  -5.7512308999E-01   5.7308727128E-02  -9.9033509108E-02
    9     -5.1502583287E-02  -2.1043440598E-02   3.7868969056E-02  -3.7423917330E-01   1.5403661549E-01
   10      2.0001495820E-02   7.5647628765E-02   2.1877259798E-02   5.8675508797E-01  -3.7358855008E-01
   11      7.0508105913E-01  -3.9942216606E-01  -5.7512191372E-01   5.7128333141E-02   9.9138209730E-02
   12     -2.8389645487E-03  -2.3158353299E-05   1.2753591983E-08   6.5172920700E-08  -7.3461406530E-05
   13     -2.3156832028E-05   2.8390545799E-03   1.8723227351E-08  -7.3481949287E-05  -7.2269811820E-08
   14      6.0640622110E-09  -2.0717699874E-07   5.9779047436E-03  -3.8083113295E-07  -3.6844936342E-09
   15      1.8844669179E-03   1.5381091085E-05   2.7086842159E-08  -2.6240080138E-07   2.8954795284E-04
   16      1.5382466174E-05  -1.8843307096E-03  -2.1989543963E-07   2.8955901415E-04   2.7406110417E-07
   17     -1.2354947019E-08  -2.2439635867E-07   5.6342913867E-03   1.0709209460E-07  -1.3595666794E-09
                   15                 16                 17        
     0     -1.7510357979E-07  -1.5035085358E-03  -9.7761132555E-02
     1     -1.8488731931E-04   9.7761509997E-02  -1.5035216135E-03
     2      9.6510232259E-03   2.0503986377E-05   9.2459085385E-11
     3     -4.8646491749E-08  -6.0256209577E-04  -3.8895091507E-02
     4      5.7732543991E-01  -8.0759317019E-01   1.2423474477E-02
     5     -4.0959701987E-02   6.7494845779E-02  -1.0381593923E-03
     6      4.9808327532E-01   3.7720977543E-01   5.9116538624E-01
     7     -2.8760260533E-01  -1.7922872129E-01  -3.6436843428E-01
     8     -4.0763439015E-02  -3.4764376614E-02  -5.7996892301E-02
     9     -4.9808106167E-01  -3.5884757644E-01   6.0249583872E-01
    10     -2.8760127093E-01  -1.6793162008E-01   3.6970445283E-01
    11     -4.0759749687E-02  -3.2961341217E-02   5.9034881480E-02
    12     -5.2447430222E-09   4.7440515122E-07   3.1139365724E-05
    13      2.9550578182E-07  -3.1199545864E-05   4.8264643260E-07
    14      1.6822238602E-05  -1.9617174470E-07   3.0801160651E-09
    15      7.3391984357E-09   1.2105759516E-06   7.8261765718E-05
    16      5.5877019319E-07  -7.8382159544E-05   1.2012678114E-06
    17      6.7704277462E-05   1.4192543708E-07  -2.7584834061E-09

#
# The atoms: label  mass x y z (in bohrs)
#
$atoms
6
 C     12.01100      0.000000037385    -0.000002657773    -0.916984608928
 H      1.00800      0.000000183268     2.033419566364    -1.084244625368
 H      1.00800      1.760995895570    -1.016714156569    -1.084244250642
 H      1.00800     -1.760995702680    -1.016714256824    -1.084244360626
 I    126.90000      0.000000009843     0.000000241460     3.934280017742
 Br    79.90000     -0.000000025999     0.000000127648    -6.069680563342

$actual_temperature
  0.000000

$frequency_scale_factor
  1.000000


$end

