
$orca_hessian_file

$act_atom
  0

$act_coord
  0

$act_energy
      -11.819770

$multiplicity
  1

$hessian
18
                    0                  1                  2                  3                  4        
    0      5.9056750620E-01   6.7300000000E-08  -2.1568000000E-06  -4.1254224700E-02  -1.5613000000E-06
    1      6.7300000000E-08   5.9056294410E-01  -6.2235000000E-06  -1.5660000000E-06  -3.3822908710E-01
    2     -2.1568000000E-06  -6.2235000000E-06  -3.4226679600E-02   1.2960000000E-07   1.6337367000E-03
    3     -4.1254224700E-02  -1.5660000000E-06   1.2960000000E-07   4.1101492300E-02   1.7086000000E-06
    4     -1.5613000000E-06  -3.3822908710E-01   1.6337367000E-03   1.7086000000E-06   3.6358802240E-01
    5      1.3500000000E-07   1.3390593000E-03  -4.0274066000E-03  -1.1800000000E-08  -3.6017680000E-04
    6     -2.6397917330E-01   1.2859458030E-01   1.3936420000E-03  -1.8632510000E-04  -7.4575100000E-05
    7      1.2859153490E-01  -1.1549092230E-01  -8.0944860000E-04   2.3837522200E-02  -1.3905530200E-02
    8      1.1585349000E-03  -6.6953230000E-04  -4.0270601000E-03  -1.4470440000E-04   2.2893400000E-05
    9     -2.6398195080E-01  -1.2859308180E-01  -1.3918366000E-03  -1.8659480000E-04   7.4429000000E-05
   10     -1.2859004210E-01  -1.1548826340E-01  -8.0852650000E-04  -2.3837672900E-02  -1.3905294500E-02
   11     -1.1567320000E-03  -6.6865370000E-04  -4.0270371000E-03   1.4469990000E-04   2.2890300000E-05
   12     -1.0330957400E-02   5.4000000000E-09   1.0960000000E-07   2.3429600000E-04  -1.8000000000E-09
   13      3.0000000000E-10  -1.0331721800E-02  -4.6969000000E-06   3.3800000000E-08   1.3814513000E-03
   14      1.1080000000E-07   7.6350000000E-07   2.3135054700E-02  -6.9600000000E-08  -1.3532408000E-03
   15     -1.1021200100E-02  -5.2000000000E-09   1.1220000000E-07   2.9135640000E-04   5.0000000000E-10
   16      9.0000000000E-10  -1.1022949400E-02  -4.8411000000E-06  -2.5700000000E-08   1.0704381000E-03
   17      1.0810000000E-07   4.5867000000E-06   2.3173128700E-02  -4.3800000000E-08   3.3897300000E-05
                    5                  6                  7                  8                  9        
    0      1.3500000000E-07  -2.6397917330E-01   1.2859153490E-01   1.1585349000E-03  -2.6398195080E-01
    1      1.3390593000E-03   1.2859458030E-01  -1.1549092230E-01  -6.6953230000E-04  -1.2859308180E-01
    2     -4.0274066000E-03   1.3936420000E-03  -8.0944860000E-04  -4.0270601000E-03  -1.3918366000E-03
    3     -1.1800000000E-08  -1.8632510000E-04   2.3837522200E-02  -1.4470440000E-04  -1.8659480000E-04
    4     -3.6017680000E-04  -7.4575100000E-05  -1.3905530200E-02   2.2893400000E-05   7.4429000000E-05
    5      3.7923348200E-02  -5.3487800000E-05  -1.3628570000E-04  -7.1214290000E-04   5.3484200000E-05
    6     -5.3487800000E-05   2.8296875910E-01  -1.3964320620E-01  -3.1165360000E-04  -2.0769420600E-02
    7     -1.3628570000E-04  -1.3964320620E-01   1.2172164310E-01   1.7971690000E-04  -1.1954119100E-02
    8     -7.1214290000E-04  -3.1165360000E-04   1.7971690000E-04   3.7920564500E-02  -9.0979600000E-05
    9      5.3484200000E-05  -2.0769420600E-02  -1.1954119100E-02  -9.0979600000E-05   2.8297176590E-01
   10     -1.3612040000E-04   1.1954394900E-02   6.6707821000E-03   1.1419470000E-04   1.3964158740E-01
   11     -7.1214470000E-04   9.1119000000E-05   1.1427750000E-04  -7.0922050000E-04   3.0994900000E-04
   12     -1.6500000000E-08   1.0928883000E-03  -4.9570810000E-04   6.7702611000E-03   1.0928646000E-03
   13      7.8185328000E-03  -4.9546230000E-04   5.1962370000E-04  -3.9095092000E-03   4.9542860000E-04
   14     -1.6064916800E-02  -1.1686025000E-03   6.7547940000E-04  -1.6065140600E-02   1.1684886000E-03
   15     -1.0310000000E-07   8.7327160000E-04  -3.3602370000E-04  -7.3814584000E-03   8.7333570000E-04
   16     -8.5250092000E-03  -3.3573160000E-04   4.8440360000E-04   4.2622365000E-03   3.3575580000E-04
   17     -1.6406737300E-02   4.8982900000E-05  -2.3739500000E-05  -1.6407000500E-02  -4.9105600000E-05
                   10                 11                 12                 13                 14        
    0     -1.2859004210E-01  -1.1567320000E-03  -1.0330957400E-02   3.0000000000E-10   1.1080000000E-07
    1     -1.1548826340E-01  -6.6865370000E-04   5.4000000000E-09  -1.0331721800E-02   7.6350000000E-07
    2     -8.0852650000E-04  -4.0270371000E-03   1.0960000000E-07  -4.6969000000E-06   2.3135054700E-02
    3     -2.3837672900E-02   1.4469990000E-04   2.3429600000E-04   3.3800000000E-08  -6.9600000000E-08
    4     -1.3905294500E-02   2.2890300000E-05  -1.8000000000E-09   1.3814513000E-03  -1.3532408000E-03
    5     -1.3612040000E-04  -7.1214470000E-04  -1.6500000000E-08   7.8185328000E-03  -1.6064916800E-02
    6      1.1954394900E-02   9.1119000000E-05   1.0928883000E-03  -4.9546230000E-04  -1.1686025000E-03
    7      6.6707821000E-03   1.1427750000E-04  -4.9570810000E-04   5.1962370000E-04   6.7547940000E-04
    8      1.1419470000E-04  -7.0922050000E-04   6.7702611000E-03  -3.9095092000E-03  -1.6065140600E-02
    9      1.3964158740E-01   3.0994900000E-04   1.0928646000E-03   4.9542860000E-04   1.1684886000E-03
   10      1.2171876600E-01   1.7874170000E-04   4.9570980000E-04   5.1961320000E-04   6.7546940000E-04
   11      1.7874170000E-04   3.7920545600E-02  -6.7704181000E-03  -3.9094263000E-03  -1.6065093600E-02
   12      4.9570980000E-04  -6.7704181000E-03   6.2857509000E-03  -3.0000000000E-09   1.4050000000E-07
   13      5.1961320000E-04  -3.9094263000E-03  -3.0000000000E-09   6.2861113000E-03   8.0310000000E-07
   14      6.7546940000E-04  -1.6065093600E-02   1.4050000000E-07   8.0310000000E-07   4.5150551600E-02
   15      3.3602300000E-04   7.3813821000E-03   1.6251576000E-03   2.6000000000E-09  -6.7800000000E-08
   16      4.8439660000E-04   4.2621706000E-03  -2.3000000000E-09   1.6249224000E-03   7.2540000000E-07
   17     -2.3758900000E-05  -1.6407049700E-02  -7.6600000000E-08   4.2965000000E-06  -2.0090455400E-02
                   15                 16                 17        
     0     -1.1021200100E-02   9.0000000000E-10   1.0810000000E-07
     1     -5.2000000000E-09  -1.1022949400E-02   4.5867000000E-06
     2      1.1220000000E-07  -4.8411000000E-06   2.3173128700E-02
     3      2.9135640000E-04  -2.5700000000E-08  -4.3800000000E-08
     4      5.0000000000E-10   1.0704381000E-03   3.3897300000E-05
     5     -1.0310000000E-07  -8.5250092000E-03  -1.6406737300E-02
     6      8.7327160000E-04  -3.3573160000E-04   4.8982900000E-05
     7     -3.3602370000E-04   4.8440360000E-04  -2.3739500000E-05
     8     -7.3814584000E-03   4.2622365000E-03  -1.6407000500E-02
     9      8.7333570000E-04   3.3575580000E-04  -4.9105600000E-05
    10      3.3602300000E-04   4.8439660000E-04  -2.3758900000E-05
    11      7.3813821000E-03   4.2621706000E-03  -1.6407049700E-02
    12      1.6251576000E-03  -2.3000000000E-09  -7.6600000000E-08
    13      2.6000000000E-09   1.6249224000E-03   4.2965000000E-06
    14     -6.7800000000E-08   7.2540000000E-07  -2.0090455400E-02
    15      7.3580788000E-03   2.8000000000E-09   1.3500000000E-07
    16      2.8000000000E-09   7.3587886000E-03   4.7179000000E-06
    17      1.3500000000E-07   4.7179000000E-06   4.6138114100E-02

$vibrational_frequencies
18
    0        0.0000000000000000
    1        0.0000000000000000
    2        0.0000000000000000
    3        0.0000000000000000
    4        0.0000000000000000
    5        0.0000000000000000
    6     -288.0368334690525103
    7      132.8707940584284302
    8      178.0608485905842713
    9      178.0640613730892312
   10      985.6145710353837330
   11     1006.9751656903011963
   12     1007.0502075820430719
   13     1336.0564459233989965
   14     1336.1188796685773923
   15     3145.2744538460246986
   16     3232.9261104536481071
   17     3232.9403205113885633

$normal_modes
18 18
                    0                  1                  2                  3                  4        
    0      0.0000000000E+00   0.0000000000E+00   0.0000000000E+00   0.0000000000E+00   0.0000000000E+00
    1      0.0000000000E+00   0.0000000000E+00   0.0000000000E+00   0.0000000000E+00   0.0000000000E+00
    2      0.0000000000E+00   0.0000000000E+00   0.0000000000E+00   0.0000000000E+00   0.0000000000E+00
    3      0.0000000000E+00   0.0000000000E+00   0.0000000000E+00   0.0000000000E+00   0.0000000000E+00
    4      0.0000000000E+00   0.0000000000E+00   0.0000000000E+00   0.0000000000E+00   0.0000000000E+00
    5      0.0000000000E+00   0.0000000000E+00   0.0000000000E+00   0.0000000000E+00   0.0000000000E+00
    6      0.0000000000E+00   0.0000000000E+00   0.0000000000E+00   0.0000000000E+00   0.0000000000E+00
    7      0.0000000000E+00   0.0000000000E+00   0.0000000000E+00   0.0000000000E+00   0.0000000000E+00
    8      0.0000000000E+00   0.0000000000E+00   0.0000000000E+00   0.0000000000E+00   0.0000000000E+00
    9      0.0000000000E+00   0.0000000000E+00   0.0000000000E+00   0.0000000000E+00   0.0000000000E+00
   10      0.0000000000E+00   0.0000000000E+00   0.0000000000E+00   0.0000000000E+00   0.0000000000E+00
   11      0.0000000000E+00   0.0000000000E+00   0.0000000000E+00   0.0000000000E+00   0.0000000000E+00
   12      0.0000000000E+00   0.0000000000E+00   0.0000000000E+00   0.0000000000E+00   0.0000000000E+00
   13      0.0000000000E+00   0.0000000000E+00   0.0000000000E+00   0.0000000000E+00   0.0000000000E+00
   14      0.0000000000E+00   0.0000000000E+00   0.0000000000E+00   0.0000000000E+00   0.0000000000E+00
   15      0.0000000000E+00   0.0000000000E+00   0.0000000000E+00   0.0000000000E+00   0.0000000000E+00
   16      0.0000000000E+00   0.0000000000E+00   0.0000000000E+00   0.0000000000E+00   0.0000000000E+00
   17      0.0000000000E+00   0.0000000000E+00   0.0000000000E+00   0.0000000000E+00   0.0000000000E+00
                    5                  6                  7                  8                  9        
    0      0.0000000000E+00  -3.2253423621E-06  -1.3034148313E-06   4.9055977575E-01   3.3687506734E-04
    1      0.0000000000E+00   1.6118700270E-04   6.5141115015E-04   3.3687520013E-04  -4.9056208328E-01
    2      0.0000000000E+00  -9.9223889718E-01   1.1376343296E-01  -1.4995171241E-06  -9.2742287798E-05
    3      0.0000000000E+00  -9.9408625982E-08  -1.4346580927E-06   5.0707795414E-01   3.4846582184E-04
    4      0.0000000000E+00   4.5469951336E-03  -1.6590209622E-03   3.4111096715E-04  -4.9682521087E-01
    5      0.0000000000E+00  -5.0712961197E-02   1.4785845295E-01  -1.1555513428E-05   1.4161784885E-02
    6      0.0000000000E+00   3.7126066821E-03  -2.0461471680E-03   4.9939315678E-01  -4.1030344045E-03
    7      0.0000000000E+00  -2.0568910288E-03   1.8115040742E-03   4.8052210885E-03  -5.0451233002E-01
    8      0.0000000000E+00  -5.0697595803E-02   1.4788738259E-01  -1.2249137325E-02  -7.0768478842E-03
    9      0.0000000000E+00  -3.7125664162E-03   2.0436292045E-03   4.9938706102E-01   4.7886747810E-03
   10      0.0000000000E+00  -2.0567529741E-03   1.8117062756E-03  -4.1122467459E-03  -5.0451830351E-01
   11      0.0000000000E+00  -5.0697475880E-02   1.4788911319E-01   1.2255535561E-02  -7.0603354159E-03
   12      0.0000000000E+00   1.4844235161E-07   7.1417890324E-08  -2.8128269003E-02  -1.9315701322E-05
   13      0.0000000000E+00  -9.1145205868E-06  -3.7232067240E-05  -1.9316390642E-05   2.8128379800E-02
   14      0.0000000000E+00   4.9559168570E-02  -5.2164888690E-01   5.3654132289E-08  -2.6443715639E-05
   15      0.0000000000E+00   2.4983565123E-07   1.3237331398E-07  -4.8066848152E-02  -3.3009048612E-05
   16      0.0000000000E+00  -1.5221556529E-05  -6.3570123835E-05  -3.3007710242E-05   4.8066989696E-02
   17      0.0000000000E+00   7.2366055063E-02   8.0580284263E-01   2.0526315627E-07   5.5629996690E-05
                   10                 11                 12                 13                 14        
    0     -5.6834924786E-08   2.3463343001E-04   1.4558618058E-07  -8.7490216232E-05   9.8091560124E-02
    1     -6.1237447407E-08   1.8545257645E-07  -2.3482619943E-04   9.8090544546E-02   8.7482696085E-05
    2     -1.5429020194E-02  -6.4588863109E-08   5.3805019420E-08   7.7451183060E-06  -3.1931816181E-07
    3      1.9602646176E-06   1.1137609564E-02   6.1786884563E-06   7.2745890350E-04  -8.1054200414E-01
    4      5.8487718568E-04   1.3144971015E-06  -1.9688859198E-03   5.6210557951E-02   5.4744642603E-05
    5      5.7727420508E-01   5.5739127810E-04  -8.1638927656E-01   1.0672193977E-02   1.2344058993E-05
    6      5.1319670397E-04   4.2611977454E-03  -3.9701782699E-03  -3.7516371318E-01  -1.6081721210E-01
    7     -2.8462784702E-04   3.9792701334E-03  -8.8444013318E-03  -5.9352159033E-01  -3.7584614633E-01
    8      5.7722365174E-01   7.0675780674E-01   4.0870911420E-01  -5.3320103954E-03   9.2301190614E-03
    9     -5.0921663761E-04   4.2507851158E-03   3.9773022197E-03   3.7544544749E-01  -1.6014003589E-01
   10     -2.8459350659E-04  -3.9671400909E-03  -8.8474225765E-03  -5.9419896330E-01   3.7478223814E-01
   11      5.7722907371E-01  -7.0730876518E-01   4.0774734088E-01  -5.3181454406E-03  -9.2385124271E-03
   12     -2.8064177548E-08   1.9685704896E-03   1.3397843464E-06   1.1394875461E-07  -1.2342252572E-04
   13      3.7296455521E-08   1.3373568314E-06  -1.9685167664E-03  -1.2332927933E-04  -1.0609823805E-07
   14     -6.0563682222E-03  -2.9821708891E-08  -2.5507961629E-07  -1.5178698710E-07   1.0787317081E-09
   15     -2.1825597140E-08  -3.4097192293E-03  -2.3176011086E-06   2.3927571148E-07  -2.7489566943E-04
   16     -2.4754037488E-07  -2.3215287705E-06   3.4098031370E-03  -2.7475556127E-04  -2.5098801699E-07
   17     -9.9087566586E-03  -2.4081997601E-08  -4.5047057013E-07  -1.2012427208E-06  -3.5526840025E-09
                   15                 16                 17        
     0     -2.6100304267E-07  -9.8403038208E-02  -1.0359707642E-03
     1     -1.5327311642E-05   1.0359648877E-03  -9.8403048713E-02
     2      6.1986682082E-04   2.9977244318E-07   4.0156122170E-06
     3     -2.6226651878E-08  -3.8337225474E-02  -3.9912871315E-04
     4      5.7745776273E-01  -8.5404966183E-03   8.1149620798E-01
     5     -5.4170600525E-04   1.2770883761E-05  -1.2007689594E-03
     6      4.9995640208E-01   6.0297301622E-01  -3.6179775855E-01
     7     -2.8864573058E-01  -3.6986054918E-01   1.7031111342E-01
     8     -5.3896919830E-04  -1.0449898340E-03   5.9171236429E-04
     9     -4.9995322831E-01   5.9523299045E-01   3.7440777678E-01
    10     -2.8864386792E-01   3.6619029351E-01   1.7805241178E-01
    11     -5.3549122877E-04   1.0281645021E-03   6.1097445764E-04
    12     -5.1861389530E-09   5.3164349669E-05   5.6349636433E-07
    13      4.9667416083E-08  -5.5619577874E-07   5.3189125587E-05
    14     -4.8450198296E-05   5.2376679407E-10  -5.0899177141E-08
    15      7.7634921754E-09   7.5401808524E-05   7.8799155062E-07
    16      1.0367964842E-07  -8.0043446823E-07   7.5478185481E-05
    17      4.1577664918E-06   5.2547043564E-09  -5.4700398244E-07

#
# The atoms: label  mass x y z (in bohrs)
#
$atoms
6
 C     12.01100     -0.000000139535     0.000008574037    -1.178003999572
 H      1.00800     -0.000000074094     2.016278338915    -1.186027584885
 H      1.00800      1.746141550442    -1.008124170123    -1.186026134311
 H      1.00800     -1.746141720709    -1.008124182878    -1.186026159297
 I    126.90000      0.000000011625    -0.000000446062     3.774622010545
 Br    79.90000      0.000000005595    -0.000000958739    -5.773016052337

$actual_temperature
  0.000000

$frequency_scale_factor
  1.000000


$end

