*************************************************
******************* ORCA 6.1.0 ******************
*************************************************
$Calculation_Status
   &GeometryIndex 0
   &version [&Type "String"] "6.1.0"
   &progName [&Type "String"] "orca"
   &Status [&Type "String"] "NORMAL TERMINATION"
$End
$Geometry
   &GeometryIndex 1
   &NAtoms [&Type "Integer"] 6
   &NCorelessECP [&Type "Integer"] 0
   &NGhostAtoms [&Type "Integer"] 0
   &CartesianCoordinates [&Type "Coordinates", &Dim(6,4), &Units "Bohr"] 
              C      0.000296687003    0.000260782206    0.519249498448
              H      0.000128501377    1.939082001087   -0.105061214141
              H      1.679331585075   -0.969359586835   -0.105074442224
              H     -1.679195524793   -0.969431396428   -0.105134913461
              I      0.000107714390    0.000103934937    4.626554132717
              Cl    -0.000017007535   -0.000018897261   -4.714449074658
$End
$Single_Point_Data
   &GeometryIndex 1
   &FinalEnergy [&Type "Double"]      -1.2280291571039999e+01  "Final single point energy"
   &Converged [&Type "Boolean"] true
$End
$Geometry
   &GeometryIndex 2
   &NAtoms [&Type "Integer"] 6
   &NCorelessECP [&Type "Integer"] 0
   &NGhostAtoms [&Type "Integer"] 0
   &CartesianCoordinates [&Type "Coordinates", &Dim(6,4), &Units "Bohr"] 
              C      0.000205877161    0.000188240195    0.527957722905
              H      0.000074283270    1.938379466951   -0.096930029893
              H      1.678661803528   -0.969047231667   -0.096928248845
              H     -1.678376904214   -0.968970502539   -0.096903361239
              I      0.000097276666    0.000098421534    4.637420799858
              Cl    -0.000010380895   -0.000011556766   -4.758532896105
$End
$Single_Point_Data
   &GeometryIndex 2
   &FinalEnergy [&Type "Double"]      -1.2280362969320000e+01  "Final single point energy"
   &Converged [&Type "Boolean"] true
$End
$Geometry
   &GeometryIndex 3
   &NAtoms [&Type "Integer"] 6
   &NCorelessECP [&Type "Integer"] 0
   &NGhostAtoms [&Type "Integer"] 0
   &CartesianCoordinates [&Type "Coordinates", &Dim(6,4), &Units "Bohr"] 
              C      0.000118446087    0.000117921965    0.539492734694
              H      0.000083072525    1.938725254994   -0.085718337461
              H      1.678966356685   -0.969212016726   -0.085714898272
              H     -1.678664440682   -0.969135612067   -0.085683458677
              I      0.000133233236    0.000129807235    4.637959865220
              Cl     0.000015287665    0.000011482306   -4.804251918824
$End
$Single_Point_Data
   &GeometryIndex 3
   &FinalEnergy [&Type "Double"]      -1.2280396002140000e+01  "Final single point energy"
   &Converged [&Type "Boolean"] true
$End
$Geometry
   &GeometryIndex 4
   &NAtoms [&Type "Integer"] 6
   &NCorelessECP [&Type "Integer"] 0
   &NGhostAtoms [&Type "Integer"] 0
   &CartesianCoordinates [&Type "Coordinates", &Dim(6,4), &Units "Bohr"] 
              C      0.000117972859    0.000117219824    0.542071376264
              H      0.000115463399    1.938736681715   -0.084449792804
              H      1.679008920274   -0.969192839809   -0.084451101519
              H     -1.678765157841   -0.969187411888   -0.084451055706
              I      0.000152055981    0.000145094615    4.639986278789
              Cl     0.000022700843    0.000018093251   -4.812621718344
$End
$Single_Point_Data
   &GeometryIndex 4
   &FinalEnergy [&Type "Double"]      -1.2280397392839999e+01  "Final single point energy"
   &Converged [&Type "Boolean"] true
$End
$Geometry
   &GeometryIndex 5
   &NAtoms [&Type "Integer"] 6
   &NCorelessECP [&Type "Integer"] 0
   &NGhostAtoms [&Type "Integer"] 0
   &CartesianCoordinates [&Type "Coordinates", &Dim(6,4), &Units "Bohr"] 
              C      0.000120840555    0.000119283955    0.543485924614
              H      0.000126310758    1.938460771533   -0.084277705782
              H      1.678779644938   -0.969046011585   -0.084278318444
              H     -1.678546892630   -0.969059465600   -0.084279580845
              I      0.000150772018    0.000144512228    4.640512307959
              Cl     0.000021279878    0.000017747178   -4.815078640821
$End
$Single_Point_Data
   &GeometryIndex 5
   &FinalEnergy [&Type "Double"]      -1.2280397824420000e+01  "Final single point energy"
   &Converged [&Type "Boolean"] true
$End
$Hessian
   &GeometryIndex 5
   &HESSIAN [&Type "ArrayOfDoubles", &Dim (18,18)] "The Hessian"
                                                         0                           1                           2                           3                           4                           5                           6                           7

0                                      5.1197239179999998e-01        -5.6358000000000003e-06        -6.2724999999999997e-06        -4.1349585899999999e-02        -1.5937000000000001e-06         6.1450000000000000e-07        -2.2556895539999999e-01         1.0636008240000000e-01
1                                     -5.6358000000000003e-06         5.1198043820000005e-01         2.9050000000000001e-07        -1.2972000000000000e-06        -2.8698236040000003e-01         8.4745027400000006e-02         1.0636834350000000e-01        -1.0275462730000000e-01
2                                     -6.2724999999999997e-06         2.9050000000000001e-07         2.2902328960000001e-01         5.5659999999999999e-07         7.8781756499999994e-02        -5.4998123300000000e-02         6.8218005299999995e-02        -3.9401354899999998e-02
3                                     -4.1349585899999999e-02        -1.2972000000000000e-06         5.5659999999999999e-07         4.4065552399999999e-02         1.5209999999999999e-06        -4.4610000000000000e-07        -1.2534842000000001e-03         2.6164483100000000e-02
4                                     -1.5937000000000001e-06        -2.8698236040000003e-01         7.8781756499999994e-02         1.5209999999999999e-06         3.1886202050000001e-01        -8.4789365899999997e-02         1.8875514000000000e-03        -1.7459566700000002e-02
5                                      6.1450000000000000e-07         8.4745027400000006e-02        -5.4998123300000000e-02        -4.4610000000000000e-07        -8.4789365899999997e-02         6.9336353399999995e-02        -4.5984429999999999e-04        -7.4619287999999999e-03
6                                     -2.2556895539999999e-01         1.0636834350000000e-01         6.8218005299999995e-02        -1.2534842000000001e-03         1.8875514000000000e-03        -4.5984429999999999e-04         2.5014433590000001e-01        -1.1899487160000000e-01
7                                      1.0636008240000000e-01        -1.0275462730000000e-01        -3.9401354899999998e-02         2.6164483100000000e-02        -1.7459566700000002e-02        -7.4619287999999999e-03        -1.1899487160000000e-01         1.1276964840000001e-01
8                                      7.3392190299999993e-02        -4.2374194200000000e-02        -5.4998174499999997e-02        -6.6971024000000001e-03         3.3329406000000002e-03         4.1043236000000002e-03        -7.3425910900000002e-02         4.2396864899999998e-02
9                                     -2.2556117279999999e-01        -1.0636136829999999e-01        -6.8212136000000007e-02        -1.2531027000000001e-03        -1.8875270000000000e-03         4.5985859999999999e-04        -2.5538832500000001e-02        -1.2129021300000001e-02
10                                    -1.0635276770000000e-01        -1.0275003920000000e-01        -3.9397261000000003e-02        -2.6164902500000000e-02        -1.7458480799999999e-02        -7.4615603000000004e-03         1.2129173199999999e-02         6.8524933000000000e-03
11                                    -7.3386449500000006e-02        -4.2370237599999999e-02        -5.4996521200000002e-02         6.6971575000000002e-03         3.3328296000000000e-03         4.1042646000000000e-03         6.2371060999999997e-03         4.1361195999999999e-03
12                                    -1.7684949900000000e-02        -6.3000000000000002e-09        -2.4610000000000001e-07         2.6258869999999998e-04         7.8000000000000004e-09        -8.1100000000000005e-08         1.9423940000000001e-03        -9.6973019999999999e-04
13                                    -4.5300000000000002e-08        -1.7685440500000000e-02         7.8466000000000004e-06         1.1870000000000000e-07         2.5086879999999998e-03         1.5234516199999999e-02        -9.6506350000000001e-04         8.1905480000000000e-04
14                                    -2.9750000000000001e-07        -1.8746000000000000e-06        -7.1394774699999997e-02        -1.5239999999999999e-07        -1.3673069999999999e-03        -1.9158317000000001e-02        -1.1827338999999999e-03         6.8609200000000002e-04
15                                    -1.8077278999999999e-03        -3.5999999999999998e-08         9.2700000000000003e-08        -4.7196830000000001e-04         4.0399999999999998e-08        -1.0150000000000000e-07         2.7454219999999997e-04        -4.3094240000000000e-04
16                                    -3.9900000000000000e-08        -1.8079707999999999e-03         8.7223999999999997e-06         7.6899999999999994e-08         5.2969940000000004e-04        -2.6668859999999999e-04        -4.2513309999999999e-04        -2.2700260000000001e-04
17                                     2.1479999999999999e-07         9.8849999999999994e-07         7.3643042000000004e-03        -1.3200000000000001e-08         7.0914619999999998e-04        -3.3885013000000000e-03         6.1337770000000004e-04        -3.5579280000000001e-04
                                                         8                           9                          10                          11                          12                          13                          14                          15

0                                      7.3392190299999993e-02        -2.2556117279999999e-01        -1.0635276770000000e-01        -7.3386449500000006e-02        -1.7684949900000000e-02        -4.5300000000000002e-08        -2.9750000000000001e-07        -1.8077278999999999e-03
1                                     -4.2374194200000000e-02        -1.0636136829999999e-01        -1.0275003920000000e-01        -4.2370237599999999e-02        -6.3000000000000002e-09        -1.7685440500000000e-02        -1.8746000000000000e-06        -3.5999999999999998e-08
2                                     -5.4998174499999997e-02        -6.8212136000000007e-02        -3.9397261000000003e-02        -5.4996521200000002e-02        -2.4610000000000001e-07         7.8466000000000004e-06        -7.1394774699999997e-02         9.2700000000000003e-08
3                                     -6.6971024000000001e-03        -1.2531027000000001e-03        -2.6164902500000000e-02         6.6971575000000002e-03         2.6258869999999998e-04         1.1870000000000000e-07        -1.5239999999999999e-07        -4.7196830000000001e-04
4                                      3.3329406000000002e-03        -1.8875270000000000e-03        -1.7458480799999999e-02         3.3328296000000000e-03         7.8000000000000004e-09         2.5086879999999998e-03        -1.3673069999999999e-03         4.0399999999999998e-08
5                                      4.1043236000000002e-03         4.5985859999999999e-04        -7.4615603000000004e-03         4.1042646000000000e-03        -8.1100000000000005e-08         1.5234516199999999e-02        -1.9158317000000001e-02        -1.0150000000000000e-07
6                                     -7.3425910900000002e-02        -2.5538832500000001e-02         1.2129173199999999e-02         6.2371060999999997e-03         1.9423940000000001e-03        -9.6506350000000001e-04        -1.1827338999999999e-03         2.7454219999999997e-04
7                                      4.2396864899999998e-02        -1.2129021300000001e-02         6.8524933000000000e-03         4.1361195999999999e-03        -9.6973019999999999e-04         8.1905480000000000e-04         6.8609200000000002e-04        -4.3094240000000000e-04
8                                      6.9336255999999999e-02        -6.2367287999999998e-03         4.1360232000000000e-03         4.1043221999999997e-03         1.3195877300000000e-02        -7.6210677999999999e-03        -1.9158021200000000e-02        -2.2832549999999999e-04
9                                     -6.2367287999999998e-03         2.5013642790000001e-01         1.1898780720000000e-01         7.3419978200000000e-02         1.9424255000000000e-03         9.6501880000000005e-04         1.1824775000000001e-03         2.7425449999999999e-04
10                                     4.1360232000000000e-03         1.1898780720000000e-01         1.1276400340000001e-01         4.2392508400000001e-02         9.6977000000000001e-04         8.1916729999999998e-04         6.8609659999999996e-04         4.3091979999999999e-04
11                                     4.1043221999999997e-03         7.3419978200000000e-02         4.2392508400000001e-02         6.9334000600000001e-02        -1.3196317700000000e-02        -7.6209179000000004e-03        -1.9156968100000001e-02         2.2852540000000001e-04
12                                     1.3195877300000000e-02         1.9424255000000000e-03         9.6977000000000001e-04        -1.3196317700000000e-02         1.2632631000000000e-02         1.5000000000000000e-09         1.0029000000000000e-06         9.0491070000000000e-04
13                                    -7.6210677999999999e-03         9.6501880000000005e-04         8.1916729999999998e-04        -7.6209179000000004e-03         1.5000000000000000e-09         1.2632967900000000e-02        -9.2419999999999998e-07        -3.0199999999999999e-08
14                                    -1.9158021200000000e-02         1.1824775000000001e-03         6.8609659999999996e-04        -1.9156968100000001e-02         1.0029000000000000e-06        -9.2419999999999998e-07         1.4020734509999999e-01        -2.9660000000000000e-07
15                                    -2.2832549999999999e-04         2.7425449999999999e-04         4.3091979999999999e-04         2.2852540000000001e-04         9.0491070000000000e-04        -3.0199999999999999e-08        -2.9660000000000000e-07         8.2598869999999996e-04
16                                     1.2943330000000000e-04         4.2509060000000003e-04        -2.2714390000000000e-04         1.2969790000000000e-04        -4.2699999999999999e-08         9.0556250000000001e-04        -2.0828000000000002e-06         4.8300000000000002e-08
17                                    -3.3887061000000000e-03        -6.1344939999999999e-04        -3.5580690000000000e-04        -3.3890981000000001e-03        -2.3530000000000000e-07         5.4720000000000003e-07        -1.1339264100000000e-02         1.0540000000000000e-07
                                                        16                          17

0                                     -3.9900000000000000e-08         2.1479999999999999e-07
1                                     -1.8079707999999999e-03         9.8849999999999994e-07
2                                      8.7223999999999997e-06         7.3643042000000004e-03
3                                      7.6899999999999994e-08        -1.3200000000000001e-08
4                                      5.2969940000000004e-04         7.0914619999999998e-04
5                                     -2.6668859999999999e-04        -3.3885013000000000e-03
6                                     -4.2513309999999999e-04         6.1337770000000004e-04
7                                     -2.2700260000000001e-04        -3.5579280000000001e-04
8                                      1.2943330000000000e-04        -3.3887061000000000e-03
9                                      4.2509060000000003e-04        -6.1344939999999999e-04
10                                    -2.2714390000000000e-04        -3.5580690000000000e-04
11                                     1.2969790000000000e-04        -3.3890981000000001e-03
12                                    -4.2699999999999999e-08        -2.3530000000000000e-07
13                                     9.0556250000000001e-04         5.4720000000000003e-07
14                                    -2.0828000000000002e-06        -1.1339264100000000e-02
15                                     4.8300000000000002e-08         1.0540000000000000e-07
16                                     8.2685549999999999e-04         9.1780000000000003e-07
17                                     9.1780000000000003e-07         1.4141265500000000e-02
   &MODES [&Type "ArrayOfDoubles", &Dim (18,18)] "The modes of vibrations"
                                                         0                           1                           2                           3                           4                           5                           6                           7

0                                      0.0000000000000000e+00         0.0000000000000000e+00         0.0000000000000000e+00         0.0000000000000000e+00         0.0000000000000000e+00         0.0000000000000000e+00        -2.3264018007293955e-01         1.3094561684712290e-02
1                                      0.0000000000000000e+00         0.0000000000000000e+00         0.0000000000000000e+00         0.0000000000000000e+00         0.0000000000000000e+00         0.0000000000000000e+00         1.3094335374011810e-02         2.3264170646227378e-01
2                                      0.0000000000000000e+00         0.0000000000000000e+00         0.0000000000000000e+00         0.0000000000000000e+00         0.0000000000000000e+00         0.0000000000000000e+00        -8.7280062328956029e-07        -2.3038158213407546e-06
3                                      0.0000000000000000e+00         0.0000000000000000e+00         0.0000000000000000e+00         0.0000000000000000e+00         0.0000000000000000e+00         0.0000000000000000e+00        -2.6742743372729139e-01         1.5070884002459152e-02
4                                      0.0000000000000000e+00         0.0000000000000000e+00         0.0000000000000000e+00         0.0000000000000000e+00         0.0000000000000000e+00         0.0000000000000000e+00         1.5264476337441622e-02         2.7118889415091318e-01
5                                      0.0000000000000000e+00         0.0000000000000000e+00         0.0000000000000000e+00         0.0000000000000000e+00         0.0000000000000000e+00         0.0000000000000000e+00         6.5059057845700072e-03         1.1557886504954733e-01
6                                      0.0000000000000000e+00         0.0000000000000000e+00         0.0000000000000000e+00         0.0000000000000000e+00         0.0000000000000000e+00         0.0000000000000000e+00        -2.7034992827486898e-01         1.3592698347908412e-02
7                                      0.0000000000000000e+00         0.0000000000000000e+00         0.0000000000000000e+00         0.0000000000000000e+00         0.0000000000000000e+00         0.0000000000000000e+00         1.6703597972749520e-02         2.6826757371471127e-01
8                                      0.0000000000000000e+00         0.0000000000000000e+00         0.0000000000000000e+00         0.0000000000000000e+00         0.0000000000000000e+00         0.0000000000000000e+00        -1.0336837795056271e-01        -5.2175963777613979e-02
9                                      0.0000000000000000e+00         0.0000000000000000e+00         0.0000000000000000e+00         0.0000000000000000e+00         0.0000000000000000e+00         0.0000000000000000e+00        -2.7016707869871376e-01         1.6811884001076145e-02
10                                     0.0000000000000000e+00         0.0000000000000000e+00         0.0000000000000000e+00         0.0000000000000000e+00         0.0000000000000000e+00         0.0000000000000000e+00         1.3507738442375456e-02         2.6847756191011568e-01
11                                     0.0000000000000000e+00         0.0000000000000000e+00         0.0000000000000000e+00         0.0000000000000000e+00         0.0000000000000000e+00         0.0000000000000000e+00         9.6858238216057976e-02        -6.3441487294529655e-02
12                                     0.0000000000000000e+00         0.0000000000000000e+00         0.0000000000000000e+00         0.0000000000000000e+00         0.0000000000000000e+00         0.0000000000000000e+00         1.5407032334773599e-02        -8.6721317735272661e-04
13                                     0.0000000000000000e+00         0.0000000000000000e+00         0.0000000000000000e+00         0.0000000000000000e+00         0.0000000000000000e+00         0.0000000000000000e+00        -8.6719675306763276e-04        -1.5407096922802238e-02
14                                     0.0000000000000000e+00         0.0000000000000000e+00         0.0000000000000000e+00         0.0000000000000000e+00         0.0000000000000000e+00         0.0000000000000000e+00        -3.3215065390735229e-06        -1.1999355435960957e-05
15                                     0.0000000000000000e+00         0.0000000000000000e+00         0.0000000000000000e+00         0.0000000000000000e+00         0.0000000000000000e+00         0.0000000000000000e+00         4.6639122099675204e-02        -2.6251289953254570e-03
16                                     0.0000000000000000e+00         0.0000000000000000e+00         0.0000000000000000e+00         0.0000000000000000e+00         0.0000000000000000e+00         0.0000000000000000e+00        -2.6251209620500432e-03        -4.6639112030821391e-02
17                                     0.0000000000000000e+00         0.0000000000000000e+00         0.0000000000000000e+00         0.0000000000000000e+00         0.0000000000000000e+00         0.0000000000000000e+00         1.2305029465179117e-05         4.4827914349438540e-05
                                                         8                           9                          10                          11                          12                          13                          14                          15

0                                     -1.5683625912239117e-05        -2.6838482692425061e-06        -8.1918426225162988e-02        -5.1257099325380036e-02         7.0146122438099630e-07         8.8768678978549671e-04        -7.0103400814793673e-02         1.3156508487835472e-04
1                                      7.0318548897409147e-05         9.3127648109267922e-06         5.1256848636602716e-02        -8.1917122750239685e-02         1.2589282500702782e-05         7.0098948310206813e-02         8.8803433741175587e-04         1.7835216876005850e-04
2                                      4.1403914482309394e-02        -2.5787420905242092e-01         9.6926644095737339e-07         3.6701986194912105e-07        -8.9458804975126316e-02         1.4633805641168924e-05         2.6611329562192333e-07         3.7461658751796412e-02
3                                     -1.8029219368183781e-05        -2.8537402564158300e-07         1.9602774649797242e-01         1.2266629614277258e-01        -2.0648424378991939e-06        -9.1824562851227608e-03         7.2563573784990354e-01         5.7861043507103418e-05
4                                     -2.1760632896777100e-03         2.0023487688166620e-02        -7.8369350575050373e-02         1.2525055465684562e-01         1.7104695323461469e-01         1.1938712217960093e-01         1.5065607013401911e-03         5.4720067074352730e-01
5                                      2.9970732643388447e-02        -1.7584862686444092e-01        -3.7881174580910065e-01         6.0542812187883710e-01         5.1885080060136823e-01         2.8524579969842900e-01         3.6054617280940151e-03        -1.5470560483435022e-01
6                                     -1.9751169105741454e-03         1.7325888821223146e-02         1.2375253891487210e-01         1.2011631569708141e-01         1.4805220949999565e-01        -3.6716423661904130e-01         8.7185246382777720e-02         4.7497754154798666e-01
7                                      1.2072236234707111e-03        -1.0008185721402602e-02        -8.0935311527497930e-02         1.9752990640378951e-01        -8.5586670985930965e-02        -5.1895062442803630e-01         3.5941845686153523e-01        -2.7419302460917627e-01
8                                      2.9912958229256919e-02        -1.7584752595117747e-01         7.1375084785011211e-01         2.5351020062770319e-02         5.1876267607782034e-01        -1.3958717761255499e-01        -2.4887371928983221e-01        -1.5510658692181514e-01
9                                      1.9387450483842412e-03        -1.7326763042843762e-02         1.6212813295253800e-01         5.8759396154202788e-02        -1.4805178640179889e-01         3.6483314017661761e-01         9.6453391750631709e-02        -4.7660419762678369e-01
10                                     1.2070683576465935e-03        -1.0008379031294189e-02        -1.4224772704357105e-01         1.5916487958339914e-01        -8.5584215255122900e-02        -5.0968654921253687e-01        -3.7244422659901449e-01        -2.7519955261807444e-01
11                                     2.9925378347135403e-02        -1.7585582073184911e-01        -3.3490211447708057e-01        -6.3079436356286789e-01         5.1878148227945009e-01        -1.4585292202211239e-01         2.4526406046922133e-01        -1.5570990242066457e-01
12                                     1.5998564406964232e-06         2.5635846277780027e-07         3.9575935974428180e-03         2.4762702094186921e-03        -6.1750213749790096e-08         6.9809648892094871e-06        -5.5017257746082322e-04         2.7986670205155286e-08
13                                    -4.0844328097366969e-06        -4.4044778035709686e-07        -2.4761953672912010e-03         3.9573586384935118e-03        -5.6587358713267523e-08         5.5035877076932470e-04         6.9527362346340019e-06         2.8783559357867789e-07
14                                     3.7330721726646941e-02         2.8968748135557967e-02        -4.4915200221518245e-07         1.1844569285036127e-07        -3.1752042184804239e-03        -1.0429197057669264e-07         1.6952240148900023e-08         8.6623692823053106e-05
15                                     1.1336287117613116e-06         2.4615266601430349e-08        -1.1452051553796447e-04        -7.1757358646721639e-05         3.0060349020301111e-08         1.6295002626677365e-06        -1.3312621569161663e-04        -6.8664072162310023e-08
16                                    -1.5976534798812922e-05        -1.7753395698608026e-06         7.1869556717547698e-05        -1.1517088090953039e-04        -5.3886739640690916e-07         1.3327661151776635e-04         1.7736172848672464e-06         8.6671085071964859e-07
17                                    -1.5020163443804624e-01        -1.3266754333295782e-03         2.2768356461879796e-07        -1.1552307996356727e-07        -2.5787097494965332e-03         9.3990204604344697e-07        -3.1502462742906447e-08         2.3416187750466410e-04
                                                        16                          17

0                                      8.2411493550173742e-02         3.0657951318229792e-02
1                                      3.0658010698352799e-02        -8.2412315742648692e-02
2                                     -7.9077471780784837e-05         5.0243023499639544e-05
3                                      3.5945309760420624e-02         1.3376673345454022e-02
4                                     -2.5818591898379661e-01         6.9166879269231141e-01
5                                      8.2113712731973099e-02        -2.2006279534972106e-01
6                                     -3.9311823928187417e-01        -5.0354479232585814e-01
7                                      2.6109340657052199e-01         2.6250407997117176e-01
8                                      1.4983198536195555e-01         1.8055259704216056e-01
9                                     -6.2531253186064839e-01         1.2467290461549813e-01
10                                    -3.6840244714058723e-01         2.8321148907464119e-02
11                                    -2.3096361902121296e-01         3.8886112236159134e-02
12                                     2.1103256715599653e-05         7.8587809326286220e-06
13                                     7.8452516922679984e-06        -2.1095312624891568e-05
14                                    -1.8392409656301492e-07         1.1578376011376320e-07
15                                    -6.1408265455300826e-05        -2.2868487963866906e-05
16                                    -2.2847423557134200e-05         6.1414994881563910e-05
17                                    -4.7376029911724111e-07         3.0792445096324006e-07
$End
$THERMOCHEMISTRY_Energies
   &GeometryIndex 5
   &temperature [&Type "Double"]       2.9814999999999998e+02
   &pressure [&Type "Double"]       1.0000000000000000e+00
   &totalMass [&Type "Double"]       1.7738800000000001e+02
   &spinDegeneracy [&Type "Integer"] 1
   &elEnergy [&Type "Double"]      -1.2280397824420000e+01
   &transEnergy [&Type "Double"]       1.4162714244859817e-03
   &rotEnergy [&Type "Double"]       1.4162714244859817e-03
   &vibEnergy [&Type "Double"]       2.5873719355904092e-03
   &numOfFreqs [&Type "Integer"] 18
   &freqScalingFactor [&Type "Double"]       1.0000000000000000e+00
   &FREQ [&Type "ArrayOfDoubles", &Units "cm^-1", &Dim (18,1)] 
                                                         0

0                                      0.0000000000000000e+00
1                                      0.0000000000000000e+00
2                                      0.0000000000000000e+00
3                                      0.0000000000000000e+00
4                                      0.0000000000000000e+00
5                                      0.0000000000000000e+00
6                                      8.8966245853279887e+01
7                                      8.9012947944328090e+01
8                                      1.1252392268985599e+02
9                                      4.8342774714216830e+02
10                                     9.1419331554244434e+02
11                                     9.1419891599199389e+02
12                                     1.2687968858482184e+03
13                                     1.4361902359590620e+03
14                                     1.4362877802867108e+03
15                                     3.1019717631029616e+03
16                                     3.1229140620965418e+03
17                                     3.1229780868146531e+03
   &zpe [&Type "Double"]       3.6659047633638975e-02
   &innerEnergyU [&Type "Double"]      -1.2238318862001799e+01
   &enthalpyH [&Type "Double"]      -1.2237374652959540e+01
   &qEl [&Type "Double"]       0.0000000000000000e+00
   &qRot [&Type "Double"]       1.1222810273519722e-02
   &qVib [&Type "Double"]       5.0153292988662675e-03
   &qTrans [&Type "Double"]       1.9683005332529695e-02
   &entropyS [&Type "Double"]       3.5921144904915686e-02
   &freeEnergyG [&Type "Double"]      -1.2273295797864455e+01
   &isLinear [&Type "Boolean"] false
$End
$Calculation_Info
   &GeometryIndex 5
   &Mult [&Type "Integer"] 1
   &Charge [&Type "Integer"] -1
   &NumOfAtoms [&Type "Integer"] 6
   &NumOfElectrons [&Type "Integer"] 0
   &NumOfBasisFuncts [&Type "Integer"] 0
   &NumOfAuxCBasisFuncts [&Type "Integer"] 0
   &NumOfAuxJBasisFuncts [&Type "Integer"] 0
   &NumOfAuxJKBasisFuncts [&Type "Integer"] 0
   &NumOfCABSBasisFuncts [&Type "Integer"] 0
$End
$Calculation_Timings
   &GeometryIndex 5
   &GSTEP [&Type "Double"]       1.1208999999999913e-02
   &XTB [&Type "Double"]       7.5720600000000005e-01
   &XTBGRAD [&Type "Double"]       1.6370000000001106e-03
   &SUM [&Type "Double"]       7.7005200000000007e-01
$End
