*************************************************
******************* ORCA 6.1.0 ******************
*************************************************
$Calculation_Status
   &GeometryIndex 0
   &version [&Type "String"] "6.1.0"
   &progName [&Type "String"] "orca"
   &Status [&Type "String"] "NORMAL TERMINATION"
$End
$Geometry
   &GeometryIndex 1
   &NAtoms [&Type "Integer"] 6
   &NCorelessECP [&Type "Integer"] 0
   &NGhostAtoms [&Type "Integer"] 0
   &CartesianCoordinates [&Type "Coordinates", &Dim(6,4), &Units "Bohr"] 
              C     -0.000022676714   -0.000610381541    0.524083417899
              H     -0.000000000000    1.938866572308   -0.101786318751
              H      1.678734431617   -0.969257541623   -0.101580338603
              H     -1.678713644629   -0.969244313540   -0.101569000246
              I      0.000003779452    0.000005669178    4.629420847262
              Cl    -0.000001889726   -0.000011338357   -4.732550761295
$End
$Single_Point_Data
   &GeometryIndex 1
   &FinalEnergy [&Type "Double"]      -1.2280328015900000e+01  "Final single point energy"
   &Converged [&Type "Boolean"] true
$End
$Geometry
   &GeometryIndex 2
   &NAtoms [&Type "Integer"] 6
   &NCorelessECP [&Type "Integer"] 0
   &NGhostAtoms [&Type "Integer"] 0
   &CartesianCoordinates [&Type "Coordinates", &Dim(6,4), &Units "Bohr"] 
              C     -0.000010212406   -0.000305630584    0.531024263904
              H      0.000007879089    1.937913880511   -0.094987920624
              H      1.678553399296   -0.968965386207   -0.095046912141
              H     -1.678556730423   -0.968975180636   -0.095048709825
              I      0.000007177124    0.000084229536    4.637575352571
              Cl    -0.000001512681   -0.000003246195   -4.767498227619
$End
$Single_Point_Data
   &GeometryIndex 2
   &FinalEnergy [&Type "Double"]      -1.2280374094340001e+01  "Final single point energy"
   &Converged [&Type "Boolean"] true
$End
$Geometry
   &GeometryIndex 3
   &NAtoms [&Type "Integer"] 6
   &NCorelessECP [&Type "Integer"] 0
   &NGhostAtoms [&Type "Integer"] 0
   &CartesianCoordinates [&Type "Coordinates", &Dim(6,4), &Units "Bohr"] 
              C      0.000001949065   -0.000006072872    0.540843086787
              H      0.000006046973    1.938197317387   -0.085348447753
              H      1.678841051478   -0.969185245397   -0.085420836437
              H     -1.678848913533   -0.969195539854   -0.085423307682
              I      0.000003608114   -0.000004139391    4.638455503688
              Cl    -0.000003742097   -0.000057653449   -4.807088152337
$End
$Single_Point_Data
   &GeometryIndex 3
   &FinalEnergy [&Type "Double"]      -1.2280396933440000e+01  "Final single point energy"
   &Converged [&Type "Boolean"] true
$End
$Geometry
   &GeometryIndex 4
   &NAtoms [&Type "Integer"] 6
   &NCorelessECP [&Type "Integer"] 0
   &NGhostAtoms [&Type "Integer"] 0
   &CartesianCoordinates [&Type "Coordinates", &Dim(6,4), &Units "Bohr"] 
              C      0.000001426988   -0.000017927230    0.542659887042
              H      0.000001254827    1.938381381696   -0.084619045557
              H      1.678732961048   -0.969241990747   -0.084588534362
              H     -1.678732659587   -0.969242038527   -0.084585883734
              I      0.000001311259   -0.000059452043    4.640148876635
              Cl    -0.000004294535   -0.000071306725   -4.812997453758
$End
$Single_Point_Data
   &GeometryIndex 4
   &FinalEnergy [&Type "Double"]      -1.2280397698410001e+01  "Final single point energy"
   &Converged [&Type "Boolean"] true
$End
$Geometry
   &GeometryIndex 5
   &NAtoms [&Type "Integer"] 6
   &NCorelessECP [&Type "Integer"] 0
   &NGhostAtoms [&Type "Integer"] 0
   &CartesianCoordinates [&Type "Coordinates", &Dim(6,4), &Units "Bohr"] 
              C      0.000000736423   -0.000034063556    0.543743107196
              H     -0.000000532506    1.938207656656   -0.084528251236
              H      1.678517005933   -0.969161025786   -0.084481590559
              H     -1.678515311935   -0.969158205902   -0.084478049500
              I      0.000001742823   -0.000049240184    4.640545346505
              Cl    -0.000003640739   -0.000056454804   -4.814782716140
$End
$Single_Point_Data
   &GeometryIndex 5
   &FinalEnergy [&Type "Double"]      -1.2280397964080001e+01  "Final single point energy"
   &Converged [&Type "Boolean"] true
$End
$Hessian
   &GeometryIndex 5
   &HESSIAN [&Type "ArrayOfDoubles", &Dim (18,18)] "The Hessian"
                                                         0                           1                           2                           3                           4                           5                           6                           7

0                                      5.1190784499999997e-01         1.1186000000000000e-06        -3.5320000000000001e-07        -4.1350071699999998e-02        -8.6730000000000004e-07         3.6650000000000001e-07        -2.2553178380000000e-01         1.0634290239999999e-01
1                                      1.1186000000000000e-06         5.1185494610000004e-01         2.2329700000000001e-05        -9.1320000000000000e-07        -2.8687836239999998e-01         8.4782118099999998e-02         1.0635271559999999e-01        -1.0274445600000000e-01
2                                     -3.5320000000000001e-07         2.2329700000000001e-05         2.2926885470000000e-01         3.0880000000000001e-07         7.8807868099999998e-02        -5.5047759799999998e-02         6.8254804700000005e-02        -3.9424150300000002e-02
3                                     -4.1350071699999998e-02        -9.1320000000000000e-07         3.0880000000000001e-07         4.4070024800000003e-02         1.0377000000000000e-06        -3.2130000000000000e-07        -1.2543463000000000e-03         2.6168819600000000e-02
4                                     -8.6730000000000004e-07        -2.8687836239999998e-01         7.8807868099999998e-02         1.0377000000000000e-06         3.1877051830000003e-01        -8.4818155100000001e-02         1.8904194000000001e-03        -1.7465676600000000e-02
5                                      3.6650000000000001e-07         8.4782118099999998e-02        -5.5047759799999998e-02        -3.2130000000000000e-07        -8.4818155100000001e-02         6.9372589799999995e-02        -4.5880580000000001e-04        -7.4643295999999998e-03
6                                     -2.2553178380000000e-01         1.0635271559999999e-01         6.8254804700000005e-02        -1.2543463000000000e-03         1.8904194000000001e-03        -4.5880580000000001e-04         2.5011950849999998e-01        -1.1898110160000000e-01
7                                      1.0634290239999999e-01        -1.0274445600000000e-01        -3.9424150300000002e-02         2.6168819600000000e-02        -1.7465676600000000e-02        -7.4643295999999998e-03        -1.1898110160000000e-01         1.1276867760000001e-01
8                                      7.3438074199999995e-02        -4.2402208699999999e-02        -5.5045655800000003e-02        -6.6992796000000000e-03         3.3355545999999999e-03         4.1072425000000003e-03        -7.3464729600000001e-02         4.2420380700000003e-02
9                                     -2.2553736760000001e-01        -1.0635292780000000e-01        -6.8254643700000006e-02        -1.2547018000000000e-03        -1.8905909000000000e-03         4.5877089999999998e-04        -2.5550282099999998e-02        -1.2128836200000000e-02
10                                    -1.0634313190000000e-01        -1.0274263480000000e-01        -3.9422934399999998e-02        -2.6169020700000000e-02        -1.7465516399999999e-02        -7.4641159000000002e-03         1.2129256600000001e-02         6.8503226999999996e-03
11                                    -7.3437913600000002e-02        -4.2400995099999998e-02        -5.5044462199999998e-02         6.6993744000000003e-03         3.3355212000000002e-03         4.1071880000000003e-03         6.2402155000000001e-03         4.1365559999999996e-03
12                                    -1.7688121399999999e-02         9.3999999999999998e-09        -2.2590000000000000e-07         2.6353910000000001e-04        -1.8000000000000000e-09        -5.0000000000000003e-10         1.9446104000000000e-03        -9.7061640000000002e-04
13                                    -1.3399999999999999e-08        -1.7688603000000001e-02         6.9666000000000004e-06         8.0099999999999996e-08         2.5120846000000001e-03         1.5231656000000000e-02        -9.6607580000000000e-04         8.2014489999999995e-04
14                                    -2.1290000000000001e-07        -2.0868000000000001e-06        -7.1479551899999993e-02        -7.3399999999999996e-08        -1.3692236999999999e-03        -1.9149335800000000e-02        -1.1843082000000001e-03         6.8708479999999997e-04
15                                    -1.8005006000000000e-03        -2.6000000000000001e-09         1.0930000000000001e-07        -4.7444410000000001e-04         2.8999999999999999e-09        -9.8999999999999993e-09         2.7229330000000000e-04        -4.3116770000000001e-04
16                                    -8.4000000000000008e-09        -1.8008900000000001e-03         9.9202000000000003e-06        -3.4999999999999999e-09         5.2695249999999997e-04        -2.6717350000000001e-04        -4.2521410000000002e-04        -2.2901260000000000e-04
17                                     3.8899999999999998e-08         8.4280000000000000e-07         7.3485750000000004e-03        -8.9000000000000003e-09         7.0843489999999996e-04        -3.3899247000000001e-03         6.1282340000000000e-04        -3.5554160000000000e-04
                                                         8                           9                          10                          11                          12                          13                          14                          15

0                                      7.3438074199999995e-02        -2.2553736760000001e-01        -1.0634313190000000e-01        -7.3437913600000002e-02        -1.7688121399999999e-02        -1.3399999999999999e-08        -2.1290000000000001e-07        -1.8005006000000000e-03
1                                     -4.2402208699999999e-02        -1.0635292780000000e-01        -1.0274263480000000e-01        -4.2400995099999998e-02         9.3999999999999998e-09        -1.7688603000000001e-02        -2.0868000000000001e-06        -2.6000000000000001e-09
2                                     -5.5045655800000003e-02        -6.8254643700000006e-02        -3.9422934399999998e-02        -5.5044462199999998e-02        -2.2590000000000000e-07         6.9666000000000004e-06        -7.1479551899999993e-02         1.0930000000000001e-07
3                                     -6.6992796000000000e-03        -1.2547018000000000e-03        -2.6169020700000000e-02         6.6993744000000003e-03         2.6353910000000001e-04         8.0099999999999996e-08        -7.3399999999999996e-08        -4.7444410000000001e-04
4                                      3.3355545999999999e-03        -1.8905909000000000e-03        -1.7465516399999999e-02         3.3355212000000002e-03        -1.8000000000000000e-09         2.5120846000000001e-03        -1.3692236999999999e-03         2.8999999999999999e-09
5                                      4.1072425000000003e-03         4.5877089999999998e-04        -7.4641159000000002e-03         4.1071880000000003e-03        -5.0000000000000003e-10         1.5231656000000000e-02        -1.9149335800000000e-02        -9.8999999999999993e-09
6                                     -7.3464729600000001e-02        -2.5550282099999998e-02         1.2129256600000001e-02         6.2402155000000001e-03         1.9446104000000000e-03        -9.6607580000000000e-04        -1.1843082000000001e-03         2.7229330000000000e-04
7                                      4.2420380700000003e-02        -1.2128836200000000e-02         6.8503226999999996e-03         4.1365559999999996e-03        -9.7061640000000002e-04         8.2014489999999995e-04         6.8708479999999997e-04        -4.3116770000000001e-04
8                                      6.9371992199999996e-02        -6.2398986999999996e-03         4.1365187999999999e-03         4.1075134000000003e-03         1.3192866600000000e-02        -7.6193262999999997e-03        -1.9151169700000002e-02        -2.2703299999999999e-04
9                                     -6.2398986999999996e-03         2.5012549330000000e-01         1.1898111760000001e-01         7.3464477900000005e-02         1.9445204000000001e-03         9.6601010000000004e-04         1.1841573000000000e-03         2.7233779999999999e-04
10                                     4.1365187999999999e-03         1.1898111760000001e-01         1.1276672540000000e-01         4.2419016200000000e-02         9.7061490000000005e-04         8.2010839999999998e-04         6.8705670000000004e-04         4.3116349999999999e-04
11                                     4.1075134000000003e-03         7.3464477900000005e-02         4.2419016200000000e-02         6.9370836800000002e-02        -1.3193092000000000e-02        -7.6191471999999998e-03        -1.9151151100000000e-02         2.2693769999999999e-04
12                                     1.3192866600000000e-02         1.9445204000000001e-03         9.7061490000000005e-04        -1.3193092000000000e-02         1.2630776300000000e-02        -1.0700000000000000e-08         4.9780000000000002e-07         9.0467520000000004e-04
13                                    -7.6193262999999997e-03         9.6601010000000004e-04         8.2010839999999998e-04        -7.6191471999999998e-03        -1.0700000000000000e-08         1.2631372700000001e-02        -9.6669999999999999e-07         9.6999999999999992e-09
14                                    -1.9151169700000002e-02         1.1841573000000000e-03         6.8705670000000004e-04        -1.9151151100000000e-02         4.9780000000000002e-07        -9.6669999999999999e-07         1.4026786320000001e-01        -6.0600000000000000e-08
15                                    -2.2703299999999999e-04         2.7233779999999999e-04         4.3116349999999999e-04         2.2693769999999999e-04         9.0467520000000004e-04         9.6999999999999992e-09        -6.0600000000000000e-08         8.2563839999999999e-04
16                                     1.2908099999999999e-04         4.2522719999999999e-04        -2.2900530000000000e-04         1.2904879999999999e-04         4.5999999999999998e-09         9.0489240000000005e-04        -1.8643000000000001e-06        -5.7999999999999998e-09
17                                    -3.3899224999999998e-03        -6.1286380000000001e-04        -3.5554130000000001e-04        -3.3899249000000002e-03        -4.6100000000000003e-08         8.1760000000000002e-07        -1.1336654800000000e-02         5.6599999999999997e-08
                                                        16                          17

0                                     -8.4000000000000008e-09         3.8899999999999998e-08
1                                     -1.8008900000000001e-03         8.4280000000000000e-07
2                                      9.9202000000000003e-06         7.3485750000000004e-03
3                                     -3.4999999999999999e-09        -8.9000000000000003e-09
4                                      5.2695249999999997e-04         7.0843489999999996e-04
5                                     -2.6717350000000001e-04        -3.3899247000000001e-03
6                                     -4.2521410000000002e-04         6.1282340000000000e-04
7                                     -2.2901260000000000e-04        -3.5554160000000000e-04
8                                      1.2908099999999999e-04        -3.3899224999999998e-03
9                                      4.2522719999999999e-04        -6.1286380000000001e-04
10                                    -2.2900530000000000e-04        -3.5554130000000001e-04
11                                     1.2904879999999999e-04        -3.3899249000000002e-03
12                                     4.5999999999999998e-09        -4.6100000000000003e-08
13                                     9.0489240000000005e-04         8.1760000000000002e-07
14                                    -1.8643000000000001e-06        -1.1336654800000000e-02
15                                    -5.7999999999999998e-09         5.6599999999999997e-08
16                                     8.2706290000000003e-04         9.8770000000000009e-07
17                                     9.8770000000000009e-07         1.4157851900000001e-02
   &MODES [&Type "ArrayOfDoubles", &Dim (18,18)] "The modes of vibrations"
                                                         0                           1                           2                           3                           4                           5                           6                           7

0                                      0.0000000000000000e+00         0.0000000000000000e+00         0.0000000000000000e+00         0.0000000000000000e+00         0.0000000000000000e+00         0.0000000000000000e+00         2.3300276733443270e-01         9.4587065539775833e-04
1                                      0.0000000000000000e+00         0.0000000000000000e+00         0.0000000000000000e+00         0.0000000000000000e+00         0.0000000000000000e+00         0.0000000000000000e+00         9.4583242701603881e-04        -2.3300647059089430e-01
2                                      0.0000000000000000e+00         0.0000000000000000e+00         0.0000000000000000e+00         0.0000000000000000e+00         0.0000000000000000e+00         0.0000000000000000e+00        -6.2338210524073897e-07         1.3369745939003671e-06
3                                      0.0000000000000000e+00         0.0000000000000000e+00         0.0000000000000000e+00         0.0000000000000000e+00         0.0000000000000000e+00         0.0000000000000000e+00         2.6786299357117260e-01         1.0862325358607600e-03
4                                      0.0000000000000000e+00         0.0000000000000000e+00         0.0000000000000000e+00         0.0000000000000000e+00         0.0000000000000000e+00         0.0000000000000000e+00         1.1026755306517558e-03        -2.7163221464904658e-01
5                                      0.0000000000000000e+00         0.0000000000000000e+00         0.0000000000000000e+00         0.0000000000000000e+00         0.0000000000000000e+00         0.0000000000000000e+00         4.6965708570187936e-04        -1.1573458822925650e-01
6                                      0.0000000000000000e+00         0.0000000000000000e+00         0.0000000000000000e+00         0.0000000000000000e+00         0.0000000000000000e+00         0.0000000000000000e+00         2.7068965523770272e-01         2.7190375079240475e-03
7                                      0.0000000000000000e+00         0.0000000000000000e+00         0.0000000000000000e+00         0.0000000000000000e+00         0.0000000000000000e+00         0.0000000000000000e+00        -5.2543228325383482e-04        -2.6880732195099988e-01
8                                      0.0000000000000000e+00         0.0000000000000000e+00         0.0000000000000000e+00         0.0000000000000000e+00         0.0000000000000000e+00         0.0000000000000000e+00         1.0003484700764685e-01         5.8301841418883900e-02
9                                      0.0000000000000000e+00         0.0000000000000000e+00         0.0000000000000000e+00         0.0000000000000000e+00         0.0000000000000000e+00         0.0000000000000000e+00         2.7070218566100324e-01        -5.2029778273378281e-04
10                                     0.0000000000000000e+00         0.0000000000000000e+00         0.0000000000000000e+00         0.0000000000000000e+00         0.0000000000000000e+00         0.0000000000000000e+00         2.7078915122900056e-03        -2.6879525291679252e-01
11                                     0.0000000000000000e+00         0.0000000000000000e+00         0.0000000000000000e+00         0.0000000000000000e+00         0.0000000000000000e+00         0.0000000000000000e+00        -1.0050804743570914e-01         5.7487026938038664e-02
12                                     0.0000000000000000e+00         0.0000000000000000e+00         0.0000000000000000e+00         0.0000000000000000e+00         0.0000000000000000e+00         0.0000000000000000e+00        -1.5431257232446821e-02        -6.2641034139822519e-05
13                                     0.0000000000000000e+00         0.0000000000000000e+00         0.0000000000000000e+00         0.0000000000000000e+00         0.0000000000000000e+00         0.0000000000000000e+00        -6.2638994089603636e-05         1.5431442384846793e-02
14                                     0.0000000000000000e+00         0.0000000000000000e+00         0.0000000000000000e+00         0.0000000000000000e+00         0.0000000000000000e+00         0.0000000000000000e+00         2.8935003100846821e-08         1.5559638997838656e-05
15                                     0.0000000000000000e+00         0.0000000000000000e+00         0.0000000000000000e+00         0.0000000000000000e+00         0.0000000000000000e+00         0.0000000000000000e+00        -4.6712508639663919e-02        -1.8963013704844815e-04
16                                     0.0000000000000000e+00         0.0000000000000000e+00         0.0000000000000000e+00         0.0000000000000000e+00         0.0000000000000000e+00         0.0000000000000000e+00        -1.8962910807785786e-04         4.6712530602858585e-02
17                                     0.0000000000000000e+00         0.0000000000000000e+00         0.0000000000000000e+00         0.0000000000000000e+00         0.0000000000000000e+00         0.0000000000000000e+00         2.0836825294992542e-07        -5.7690208426943685e-05
                                                         8                           9                          10                          11                          12                          13                          14                          15

0                                     -5.6437308520301519e-08         6.7722292805279959e-07        -9.6644175413882830e-02         1.5494676674690940e-03        -5.8561062123779459e-07        -1.9579151014603448e-04        -7.0098742016535640e-02        -2.3888450707692239e-05
1                                      8.9671973242976040e-05        -1.5790902607872782e-05        -1.5494310924481691e-03        -9.6639722182113141e-02         4.8532290163714178e-06         7.0091554625514030e-02        -1.9588047517959720e-04        -5.0513016227193722e-04
2                                      4.1369227403436536e-02         2.5786468269995072e-01         3.4783739849198432e-07        -1.1306543519254059e-06        -8.9491724259059699e-02         1.2035698453193540e-05         2.7607606226416202e-07         3.7486409220062529e-02
3                                     -8.9877767696778204e-08         6.7600346512243167e-07         2.3125780223234466e-01        -3.7073445442741917e-03         3.0366606705734768e-06         2.0320934743753506e-03         7.2566764382616888e-01        -1.1269992064154875e-05
4                                     -2.1514702315241522e-03        -2.0012156143686281e-02         2.3696766044545223e-03         1.4785020083263997e-01         1.7117127061579784e-01         1.1945360346844656e-01        -3.3806105384900172e-04         5.5289919560537149e-01
5                                      2.9961484366546134e-02         1.7596230830869408e-01         1.1447962581912037e-02         7.1395296494933957e-01         5.1885203315807049e-01         2.8534362140937275e-01        -8.0114330610218682e-04        -1.5663215427849919e-01
6                                     -1.9555940283492710e-03        -1.7317146804887277e-02         1.6927581782772311e-01         3.3444337892624298e-02         1.4815819824171941e-01        -3.6578784379548485e-01         9.2814763621683852e-02         4.7328474948674243e-01
7                                      1.2287328802862332e-03         1.0005760551409771e-02         3.9493322061092906e-02         2.0986946939694617e-01        -8.5609610493160071e-02        -5.1329599723535424e-01         3.6742038807820387e-01        -2.7356324030643037e-01
8                                      2.9895269303812734e-02         1.7592885394702473e-01         6.1264175021016798e-01        -3.6699102011355372e-01         5.1868665315300766e-01        -1.4344519761570662e-01        -2.4672166603415935e-01        -1.5464196640167116e-01
9                                      1.9554041559930358e-03         1.7318396549799459e-02         1.6811192376156217e-01        -3.8855154433606778e-02        -1.4815273953994720e-01         3.6629549404640288e-01         9.0763303518806418e-02        -4.7298863554441078e-01
10                                     1.2287267501035093e-03         1.0005688647520408e-02        -3.2745253948320001e-02         2.1102668281788148e-01        -8.5609857032323516e-02        -5.1535017059675647e-01        -3.6454174006716361e-01        -2.7337891828605110e-01
11                                     2.9895229980832803e-02         1.7592743142087103e-01        -6.2410085907470880e-01        -3.4715577503803274e-01         5.1868392373508054e-01        -1.4206377234839271e-01         2.4751934264850944e-01        -1.5452646273354717e-01
12                                     2.7561957339232525e-08        -4.5431005561825727e-08         4.6681845601794034e-03        -7.4849196566228017e-05         1.4814348160820244e-09        -1.5396349975163755e-06        -5.5002580503219129e-04        -1.1904205363660756e-08
13                                    -5.8789587978081265e-06         9.4888451082201113e-07         7.4847139459116059e-05         4.6675575842562763e-03         2.1237963849715787e-07         5.5037518636775009e-04        -1.5411923693429398e-06         1.1145804009436064e-07
14                                     3.7334510796858525e-02        -2.8964328104922919e-02         5.0580929607968316e-08         1.6577223875114015e-06        -3.1709634295300220e-03        -7.0073083299381775e-08         1.9869560995723761e-09         8.6494946316801737e-05
15                                    -7.1580846438686220e-08        -1.2157178087565773e-07        -1.3522517030500539e-04         2.2230351231731252e-06        -4.8445836704855717e-08        -3.6753351047090594e-07        -1.3441490523223056e-04         3.7010217515062330e-08
16                                    -1.8036485297042411e-05         1.9734207856602816e-06        -2.2162248873760803e-06        -1.3735588482239851e-04        -1.0340626992841657e-06         1.3408826111915121e-04        -3.5579369297277873e-07         1.3618324194622007e-06
17                                    -1.5020182241233246e-01         1.3065012884554156e-03         1.8019855280409981e-08        -3.9597148035098764e-08        -2.5778363366598853e-03         8.7447728862915102e-07        -2.0779349209638537e-09         2.3415559335612234e-04
                                                        16                          17

0                                     -2.0422020839062963e-03         8.7898408205449571e-02
1                                      8.7897729080989695e-02         2.0420651514185604e-03
2                                      2.1673182913472828e-04         1.4952988816835993e-05
3                                     -8.9439376483549003e-04         3.8347967532307403e-02
4                                     -7.3376419456164099e-01        -1.6900806886956925e-02
5                                      2.3376282522367697e-01         5.3893528947650130e-03
6                                      3.5108528155850799e-01        -5.3512884704703623e-01
7                                     -1.6486937504889126e-01         3.3200410415406828e-01
8                                     -1.2295201178135405e-01         2.0043340220539690e-01
9                                     -3.2584412601550666e-01        -5.5112468168290452e-01
10                                    -1.4926198046808850e-01        -3.3944826194455041e-01
11                                    -1.1350385470726852e-01        -2.0600871559154291e-01
12                                    -5.2932602020722376e-07         2.2496863731772810e-05
13                                     2.2482746604572290e-05         5.2179444481608256e-07
14                                     5.0383776018723432e-07         3.5263209892116772e-08
15                                     1.5379468414773548e-06        -6.5264639833068015e-05
16                                    -6.5268667154750145e-05        -1.5156927164684452e-06
17                                     1.3393107370373174e-06         9.5137937486696897e-08
$End
$THERMOCHEMISTRY_Energies
   &GeometryIndex 5
   &temperature [&Type "Double"]       2.9814999999999998e+02
   &pressure [&Type "Double"]       1.0000000000000000e+00
   &totalMass [&Type "Double"]       1.7738800000000001e+02
   &spinDegeneracy [&Type "Integer"] 1
   &elEnergy [&Type "Double"]      -1.2280397964080001e+01
   &transEnergy [&Type "Double"]       1.4162714244859817e-03
   &rotEnergy [&Type "Double"]       1.4162714244859817e-03
   &vibEnergy [&Type "Double"]       2.5871111222680486e-03
   &numOfFreqs [&Type "Integer"] 18
   &freqScalingFactor [&Type "Double"]       1.0000000000000000e+00
   &FREQ [&Type "ArrayOfDoubles", &Units "cm^-1", &Dim (18,1)] 
                                                         0

0                                      0.0000000000000000e+00
1                                      0.0000000000000000e+00
2                                      0.0000000000000000e+00
3                                      0.0000000000000000e+00
4                                      0.0000000000000000e+00
5                                      0.0000000000000000e+00
6                                      8.8946441626036474e+01
7                                      8.9022737225639645e+01
8                                      1.1259544093678132e+02
9                                      4.8363788126835880e+02
10                                     9.1408355753583987e+02
11                                     9.1413119082676701e+02
12                                     1.2690389611117894e+03
13                                     1.4362931108181524e+03
14                                     1.4364047670844989e+03
15                                     3.1019714019223170e+03
16                                     3.1227564831414970e+03
17                                     3.1229257498694224e+03
   &zpe [&Type "Double"]       3.6659835456115765e-02
   &innerEnergyU [&Type "Double"]      -1.2238318474652646e+01
   &enthalpyH [&Type "Double"]      -1.2237374265610386e+01
   &qEl [&Type "Double"]       0.0000000000000000e+00
   &qRot [&Type "Double"]       1.1222692784682062e-02
   &qVib [&Type "Double"]       5.0147857850783850e-03
   &qTrans [&Type "Double"]       1.9683005332529695e-02
   &entropyS [&Type "Double"]       3.5920483902290141e-02
   &freeEnergyG [&Type "Double"]      -1.2273294749512676e+01
   &isLinear [&Type "Boolean"] false
$End
$Calculation_Info
   &GeometryIndex 5
   &Mult [&Type "Integer"] 1
   &Charge [&Type "Integer"] -1
   &NumOfAtoms [&Type "Integer"] 6
   &NumOfElectrons [&Type "Integer"] 0
   &NumOfBasisFuncts [&Type "Integer"] 0
   &NumOfAuxCBasisFuncts [&Type "Integer"] 0
   &NumOfAuxJBasisFuncts [&Type "Integer"] 0
   &NumOfAuxJKBasisFuncts [&Type "Integer"] 0
   &NumOfCABSBasisFuncts [&Type "Integer"] 0
$End
$Calculation_Timings
   &GeometryIndex 5
   &GSTEP [&Type "Double"]       1.2672000000000072e-02
   &XTB [&Type "Double"]       5.3444099999999994e-01
   &XTBGRAD [&Type "Double"]       1.7209999999999726e-03
   &SUM [&Type "Double"]       5.4883399999999993e-01
$End
