
$orca_hessian_file

$act_atom
  0

$act_coord
  0

$act_energy
      -12.280398

$multiplicity
  1

$hessian
18
                    0                  1                  2                  3                  4        
    0      5.1190784500E-01   1.1186000000E-06  -3.5320000000E-07  -4.1350071700E-02  -8.6730000000E-07
    1      1.1186000000E-06   5.1185494610E-01   2.2329700000E-05  -9.1320000000E-07  -2.8687836240E-01
    2     -3.5320000000E-07   2.2329700000E-05   2.2926885470E-01   3.0880000000E-07   7.8807868100E-02
    3     -4.1350071700E-02  -9.1320000000E-07   3.0880000000E-07   4.4070024800E-02   1.0377000000E-06
    4     -8.6730000000E-07  -2.8687836240E-01   7.8807868100E-02   1.0377000000E-06   3.1877051830E-01
    5      3.6650000000E-07   8.4782118100E-02  -5.5047759800E-02  -3.2130000000E-07  -8.4818155100E-02
    6     -2.2553178380E-01   1.0635271560E-01   6.8254804700E-02  -1.2543463000E-03   1.8904194000E-03
    7      1.0634290240E-01  -1.0274445600E-01  -3.9424150300E-02   2.6168819600E-02  -1.7465676600E-02
    8      7.3438074200E-02  -4.2402208700E-02  -5.5045655800E-02  -6.6992796000E-03   3.3355546000E-03
    9     -2.2553736760E-01  -1.0635292780E-01  -6.8254643700E-02  -1.2547018000E-03  -1.8905909000E-03
   10     -1.0634313190E-01  -1.0274263480E-01  -3.9422934400E-02  -2.6169020700E-02  -1.7465516400E-02
   11     -7.3437913600E-02  -4.2400995100E-02  -5.5044462200E-02   6.6993744000E-03   3.3355212000E-03
   12     -1.7688121400E-02   9.4000000000E-09  -2.2590000000E-07   2.6353910000E-04  -1.8000000000E-09
   13     -1.3400000000E-08  -1.7688603000E-02   6.9666000000E-06   8.0100000000E-08   2.5120846000E-03
   14     -2.1290000000E-07  -2.0868000000E-06  -7.1479551900E-02  -7.3400000000E-08  -1.3692237000E-03
   15     -1.8005006000E-03  -2.6000000000E-09   1.0930000000E-07  -4.7444410000E-04   2.9000000000E-09
   16     -8.4000000000E-09  -1.8008900000E-03   9.9202000000E-06  -3.5000000000E-09   5.2695250000E-04
   17      3.8900000000E-08   8.4280000000E-07   7.3485750000E-03  -8.9000000000E-09   7.0843490000E-04
                    5                  6                  7                  8                  9        
    0      3.6650000000E-07  -2.2553178380E-01   1.0634290240E-01   7.3438074200E-02  -2.2553736760E-01
    1      8.4782118100E-02   1.0635271560E-01  -1.0274445600E-01  -4.2402208700E-02  -1.0635292780E-01
    2     -5.5047759800E-02   6.8254804700E-02  -3.9424150300E-02  -5.5045655800E-02  -6.8254643700E-02
    3     -3.2130000000E-07  -1.2543463000E-03   2.6168819600E-02  -6.6992796000E-03  -1.2547018000E-03
    4     -8.4818155100E-02   1.8904194000E-03  -1.7465676600E-02   3.3355546000E-03  -1.8905909000E-03
    5      6.9372589800E-02  -4.5880580000E-04  -7.4643296000E-03   4.1072425000E-03   4.5877090000E-04
    6     -4.5880580000E-04   2.5011950850E-01  -1.1898110160E-01  -7.3464729600E-02  -2.5550282100E-02
    7     -7.4643296000E-03  -1.1898110160E-01   1.1276867760E-01   4.2420380700E-02  -1.2128836200E-02
    8      4.1072425000E-03  -7.3464729600E-02   4.2420380700E-02   6.9371992200E-02  -6.2398987000E-03
    9      4.5877090000E-04  -2.5550282100E-02  -1.2128836200E-02  -6.2398987000E-03   2.5012549330E-01
   10     -7.4641159000E-03   1.2129256600E-02   6.8503227000E-03   4.1365188000E-03   1.1898111760E-01
   11      4.1071880000E-03   6.2402155000E-03   4.1365560000E-03   4.1075134000E-03   7.3464477900E-02
   12     -5.0000000000E-10   1.9446104000E-03  -9.7061640000E-04   1.3192866600E-02   1.9445204000E-03
   13      1.5231656000E-02  -9.6607580000E-04   8.2014490000E-04  -7.6193263000E-03   9.6601010000E-04
   14     -1.9149335800E-02  -1.1843082000E-03   6.8708480000E-04  -1.9151169700E-02   1.1841573000E-03
   15     -9.9000000000E-09   2.7229330000E-04  -4.3116770000E-04  -2.2703300000E-04   2.7233780000E-04
   16     -2.6717350000E-04  -4.2521410000E-04  -2.2901260000E-04   1.2908100000E-04   4.2522720000E-04
   17     -3.3899247000E-03   6.1282340000E-04  -3.5554160000E-04  -3.3899225000E-03  -6.1286380000E-04
                   10                 11                 12                 13                 14        
    0     -1.0634313190E-01  -7.3437913600E-02  -1.7688121400E-02  -1.3400000000E-08  -2.1290000000E-07
    1     -1.0274263480E-01  -4.2400995100E-02   9.4000000000E-09  -1.7688603000E-02  -2.0868000000E-06
    2     -3.9422934400E-02  -5.5044462200E-02  -2.2590000000E-07   6.9666000000E-06  -7.1479551900E-02
    3     -2.6169020700E-02   6.6993744000E-03   2.6353910000E-04   8.0100000000E-08  -7.3400000000E-08
    4     -1.7465516400E-02   3.3355212000E-03  -1.8000000000E-09   2.5120846000E-03  -1.3692237000E-03
    5     -7.4641159000E-03   4.1071880000E-03  -5.0000000000E-10   1.5231656000E-02  -1.9149335800E-02
    6      1.2129256600E-02   6.2402155000E-03   1.9446104000E-03  -9.6607580000E-04  -1.1843082000E-03
    7      6.8503227000E-03   4.1365560000E-03  -9.7061640000E-04   8.2014490000E-04   6.8708480000E-04
    8      4.1365188000E-03   4.1075134000E-03   1.3192866600E-02  -7.6193263000E-03  -1.9151169700E-02
    9      1.1898111760E-01   7.3464477900E-02   1.9445204000E-03   9.6601010000E-04   1.1841573000E-03
   10      1.1276672540E-01   4.2419016200E-02   9.7061490000E-04   8.2010840000E-04   6.8705670000E-04
   11      4.2419016200E-02   6.9370836800E-02  -1.3193092000E-02  -7.6191472000E-03  -1.9151151100E-02
   12      9.7061490000E-04  -1.3193092000E-02   1.2630776300E-02  -1.0700000000E-08   4.9780000000E-07
   13      8.2010840000E-04  -7.6191472000E-03  -1.0700000000E-08   1.2631372700E-02  -9.6670000000E-07
   14      6.8705670000E-04  -1.9151151100E-02   4.9780000000E-07  -9.6670000000E-07   1.4026786320E-01
   15      4.3116350000E-04   2.2693770000E-04   9.0467520000E-04   9.7000000000E-09  -6.0600000000E-08
   16     -2.2900530000E-04   1.2904880000E-04   4.6000000000E-09   9.0489240000E-04  -1.8643000000E-06
   17     -3.5554130000E-04  -3.3899249000E-03  -4.6100000000E-08   8.1760000000E-07  -1.1336654800E-02
                   15                 16                 17        
     0     -1.8005006000E-03  -8.4000000000E-09   3.8900000000E-08
     1     -2.6000000000E-09  -1.8008900000E-03   8.4280000000E-07
     2      1.0930000000E-07   9.9202000000E-06   7.3485750000E-03
     3     -4.7444410000E-04  -3.5000000000E-09  -8.9000000000E-09
     4      2.9000000000E-09   5.2695250000E-04   7.0843490000E-04
     5     -9.9000000000E-09  -2.6717350000E-04  -3.3899247000E-03
     6      2.7229330000E-04  -4.2521410000E-04   6.1282340000E-04
     7     -4.3116770000E-04  -2.2901260000E-04  -3.5554160000E-04
     8     -2.2703300000E-04   1.2908100000E-04  -3.3899225000E-03
     9      2.7233780000E-04   4.2522720000E-04  -6.1286380000E-04
    10      4.3116350000E-04  -2.2900530000E-04  -3.5554130000E-04
    11      2.2693770000E-04   1.2904880000E-04  -3.3899249000E-03
    12      9.0467520000E-04   4.6000000000E-09  -4.6100000000E-08
    13      9.7000000000E-09   9.0489240000E-04   8.1760000000E-07
    14     -6.0600000000E-08  -1.8643000000E-06  -1.1336654800E-02
    15      8.2563840000E-04  -5.8000000000E-09   5.6600000000E-08
    16     -5.8000000000E-09   8.2706290000E-04   9.8770000000E-07
    17      5.6600000000E-08   9.8770000000E-07   1.4157851900E-02

$vibrational_frequencies
18
    0        0.0000000000000000
    1        0.0000000000000000
    2        0.0000000000000000
    3        0.0000000000000000
    4        0.0000000000000000
    5        0.0000000000000000
    6       88.9464416260364743
    7       89.0227372256396450
    8      112.5954409367813156
    9      483.6378812683587967
   10      914.0835575358398728
   11      914.1311908267670105
   12     1269.0389611117893764
   13     1436.2931108181523996
   14     1436.4047670844988716
   15     3101.9714019223169998
   16     3122.7564831414970286
   17     3122.9257498694223614

$normal_modes
18 18
                    0                  1                  2                  3                  4        
    0      0.0000000000E+00   0.0000000000E+00   0.0000000000E+00   0.0000000000E+00   0.0000000000E+00
    1      0.0000000000E+00   0.0000000000E+00   0.0000000000E+00   0.0000000000E+00   0.0000000000E+00
    2      0.0000000000E+00   0.0000000000E+00   0.0000000000E+00   0.0000000000E+00   0.0000000000E+00
    3      0.0000000000E+00   0.0000000000E+00   0.0000000000E+00   0.0000000000E+00   0.0000000000E+00
    4      0.0000000000E+00   0.0000000000E+00   0.0000000000E+00   0.0000000000E+00   0.0000000000E+00
    5      0.0000000000E+00   0.0000000000E+00   0.0000000000E+00   0.0000000000E+00   0.0000000000E+00
    6      0.0000000000E+00   0.0000000000E+00   0.0000000000E+00   0.0000000000E+00   0.0000000000E+00
    7      0.0000000000E+00   0.0000000000E+00   0.0000000000E+00   0.0000000000E+00   0.0000000000E+00
    8      0.0000000000E+00   0.0000000000E+00   0.0000000000E+00   0.0000000000E+00   0.0000000000E+00
    9      0.0000000000E+00   0.0000000000E+00   0.0000000000E+00   0.0000000000E+00   0.0000000000E+00
   10      0.0000000000E+00   0.0000000000E+00   0.0000000000E+00   0.0000000000E+00   0.0000000000E+00
   11      0.0000000000E+00   0.0000000000E+00   0.0000000000E+00   0.0000000000E+00   0.0000000000E+00
   12      0.0000000000E+00   0.0000000000E+00   0.0000000000E+00   0.0000000000E+00   0.0000000000E+00
   13      0.0000000000E+00   0.0000000000E+00   0.0000000000E+00   0.0000000000E+00   0.0000000000E+00
   14      0.0000000000E+00   0.0000000000E+00   0.0000000000E+00   0.0000000000E+00   0.0000000000E+00
   15      0.0000000000E+00   0.0000000000E+00   0.0000000000E+00   0.0000000000E+00   0.0000000000E+00
   16      0.0000000000E+00   0.0000000000E+00   0.0000000000E+00   0.0000000000E+00   0.0000000000E+00
   17      0.0000000000E+00   0.0000000000E+00   0.0000000000E+00   0.0000000000E+00   0.0000000000E+00
                    5                  6                  7                  8                  9        
    0      0.0000000000E+00   4.2889660451E-01   1.7411565659E-03  -3.3509260715E-07   1.6857009758E-06
    1      0.0000000000E+00   1.7410278900E-03  -4.2891778475E-01   5.3242112514E-04  -3.9305727600E-05
    2      0.0000000000E+00  -1.1474819433E-06   2.4610998125E-06   2.4562692003E-01   6.4186064772E-01
    3      0.0000000000E+00   4.9306508129E-01   1.9995343984E-03  -5.3364301544E-07   1.6826655649E-06
    4      0.0000000000E+00   2.0297346524E-03  -5.0001996716E-01  -1.2774205361E-02  -4.9813008009E-02
    5      0.0000000000E+00   8.6451475081E-04  -2.1304396859E-01   1.7789423652E-01   4.3799437753E-01
    6      0.0000000000E+00   4.9826821945E-01   5.0051981028E-03  -1.1611203983E-02  -4.3104759242E-02
    7      0.0000000000E+00  -9.6718217026E-04  -4.9481991106E-01   7.2955163019E-03   2.4905713653E-02
    8      0.0000000000E+00   1.8413775383E-01   1.0732189799E-01   1.7750108917E-01   4.3791110502E-01
    9      0.0000000000E+00   4.9829128465E-01  -9.5776298320E-04   1.1610076629E-02   4.3107870029E-02
   10      0.0000000000E+00   4.9845136531E-03  -4.9479769441E-01   7.2954799044E-03   2.4905534674E-02
   11      0.0000000000E+00  -1.8500879094E-01   1.0582198934E-01   1.7750085570E-01   4.3790756416E-01
   12      0.0000000000E+00  -2.8404872208E-02  -1.1530947415E-04   1.6364721113E-07  -1.1308401892E-07
   13      0.0000000000E+00  -1.1530185749E-04   2.8406164285E-02  -3.4905910337E-05   2.3619040047E-06
   14      0.0000000000E+00   5.3261704671E-08   2.8642148321E-05   2.2167106986E-01  -7.2096194809E-02
   15      0.0000000000E+00  -8.5985400830E-02  -3.4907072794E-04  -4.2500631380E-07  -3.0260887687E-07
   16      0.0000000000E+00  -3.4905714426E-04   8.5988320819E-02  -1.0709038118E-04   4.9121156509E-06
   17      0.0000000000E+00   3.8355096465E-07  -1.0619600536E-04  -8.9181290870E-01   3.2520613311E-03
                   10                 11                 12                 13                 14        
    0     -1.0259484829E-01   1.6448636915E-03  -6.1620712760E-07  -2.0211584522E-04  -7.2363450090E-02
    1     -1.6448342301E-03  -1.0258953672E-01   5.1067965698E-06   7.2355608244E-02  -2.0220886398E-04
    2      3.6925479445E-07  -1.2002653106E-06  -9.4167414916E-02   1.2424468067E-05   2.8499536194E-07
    3      2.4549704143E-01  -3.9355945018E-03   3.1953176419E-06   2.0977328885E-03   7.4911207841E-01
    4      2.5155847280E-03   1.5695288920E-01   1.8011448763E-01   1.2331211916E-01  -3.4898292742E-04
    5      1.2152848108E-02   7.5790888325E-01   5.4596059123E-01   2.9456061284E-01  -8.2702616307E-04
    6      1.7969863962E-01   3.5503404325E-02   1.5589904701E-01  -3.7760329426E-01   9.5813367284E-02
    7      4.1925044814E-02   2.2279049600E-01  -9.0082471635E-02  -5.2987616394E-01   3.7929078540E-01
    8      6.5036394742E-01  -3.8958554397E-01   5.4578657058E-01  -1.4807867479E-01  -2.5469260150E-01
    9      1.7846308109E-01  -4.1247348427E-02  -1.5589330310E-01   3.7812734231E-01   9.3695629840E-02
   10     -3.4761477829E-02   2.2401895554E-01  -9.0082731055E-02  -5.3199668992E-01  -3.7631913576E-01
   11     -6.6252862812E-01  -3.6852910302E-01   5.4578369856E-01  -1.4665262759E-01   2.5551604897E-01
   12      4.9556187394E-03  -7.9457434547E-05   1.5588356147E-09  -1.5893673256E-06  -5.6779570854E-04
   13      7.9455703199E-05   4.9549249459E-03   2.2347587672E-07   5.6815306188E-04  -1.5909842872E-06
   14      5.3695349742E-08   1.7597833263E-06  -3.3366373419E-03  -7.2336540269E-08   2.0511494844E-09
   15     -1.4355139120E-04   2.3599006522E-06  -5.0976995289E-08  -3.7940534837E-07  -1.3875750130E-04
   16     -2.3526845267E-06  -1.4581246999E-04  -1.0880895642E-06   1.3841949638E-04  -3.6728846201E-07
   17      1.9129392027E-08  -4.2035024323E-08  -2.7125210282E-03   9.0272410781E-07  -2.1450675949E-09
                   15                 16                 17        
     0     -2.4171477609E-05  -2.1435405504E-03   9.2260156547E-02
     1     -5.1111487122E-04   9.2259403738E-02   2.1433977520E-03
     2      3.7930542763E-02   2.2748652936E-04   1.5694995134E-05
     3     -1.1403517297E-05  -9.3877551006E-04   4.0250893731E-02
     4      5.5944986514E-01  -7.7017515449E-01  -1.7739469019E-02
     5     -1.5848790934E-01   2.4536264016E-01   5.6567866462E-03
     6      4.7889215860E-01   3.6850688950E-01  -5.6168333658E-01
     7     -2.7680437793E-01  -1.7305054858E-01   3.4847901400E-01
     8     -1.5647414201E-01  -1.2905315546E-01   2.1037943055E-01
     9     -4.7859253634E-01  -3.4201321345E-01  -5.7847292627E-01
    10     -2.7661787209E-01  -1.5666868146E-01  -3.5629257032E-01
    11     -1.5635726987E-01  -1.1913616048E-01  -2.1623140553E-01
    12     -1.2045244663E-08  -5.5559231755E-07   2.3613216804E-05
    13      1.1277857880E-07   2.3598388921E-05   5.4768724652E-07
    14      8.7519725904E-05   5.2883927516E-07   3.7013062368E-08
    15      3.7448709208E-08   1.6142630766E-06  -6.8503241536E-05
    16      1.3779672126E-06  -6.8507439014E-05  -1.5909053435E-06
    17      2.3692983489E-04   1.4057702208E-06   9.9858930159E-08

#
# The atoms: label  mass x y z (in bohrs)
#
$atoms
6
 C     12.01100      0.000000160820     0.000015385541    -1.849102493984
 H      1.00800     -0.000001108109     1.938257105754    -2.477373852416
 H      1.00800      1.678516430329    -0.969111576688    -2.477327191740
 H      1.00800     -1.678515887538    -0.969108756804    -2.477323650680
 I    126.90000      0.000001167220     0.000000208914     2.247699745324
 Cl    35.45300     -0.000004216342    -0.000007005706    -7.207628317321

$actual_temperature
  0.000000

$frequency_scale_factor
  1.000000


$end

