
$orca_hessian_file

$act_atom
  0

$act_coord
  0

$act_energy
      -12.286256

$multiplicity
  1

$hessian
18
                    0                  1                  2                  3                  4        
    0      5.0696646930E-01  -2.2432000000E-06  -4.7490000000E-07  -4.2592612200E-02  -9.7640000000E-07
    1     -2.2432000000E-06   5.0696379240E-01  -1.4630000000E-07  -7.0480000000E-07  -2.7649792940E-01
    2     -4.7490000000E-07  -1.4630000000E-07   2.6622249360E-01  -2.9290000000E-07  -7.2436615100E-02
    3     -4.2592612200E-02  -7.0480000000E-07  -2.9290000000E-07   4.4434836500E-02   1.2857000000E-06
    4     -9.7640000000E-07  -2.7649792940E-01  -7.2436615100E-02   1.2857000000E-06   3.0897170910E-01
    5     -2.6420000000E-07  -7.7231027100E-02  -5.6018454700E-02   4.7410000000E-07   8.3431966000E-02
    6     -2.1801485900E-01   1.0128418060E-01  -6.2733552500E-02  -1.3427623000E-03   2.0482849000E-03
    7      1.0128143160E-01  -1.0106186400E-01   3.6219992800E-02   2.6429680900E-02  -1.7785620700E-02
    8     -6.6885414200E-02   3.8616004400E-02  -5.6021104600E-02   6.1272303000E-03  -3.3298185000E-03
    9     -2.1801548480E-01  -1.0128127690E-01   6.2734584000E-02  -1.3432253000E-03  -2.0485529000E-03
   10     -1.0127828150E-01  -1.0105819780E-01   3.6219432600E-02  -2.6430116500E-02  -1.7785630500E-02
   11      6.6886358300E-02   3.8615151000E-02  -5.6022101800E-02  -6.1271980000E-03  -3.3297361000E-03
   12     -1.3717126000E-03   3.0500000000E-08   3.3410000000E-07  -3.4983250000E-04  -2.0900000000E-08
   13      2.1600000000E-08  -1.3729422000E-03  -3.1920000000E-07   2.3000000000E-09   3.5497740000E-04
   14      1.7080000000E-07  -6.8300000000E-08   3.2573413000E-03  -1.7900000000E-08  -9.0723290000E-04
   15     -2.6971800700E-02   1.3700000000E-08  -5.9800000000E-07   1.1935958000E-03  -2.0400000000E-08
   16      4.7900000000E-08  -2.6972859000E-02  -2.3449000000E-06  -1.4760000000E-07   2.7424940000E-03
   17     -3.7590000000E-07   8.6200000000E-08  -1.0141817380E-01  -1.9560000000E-07  -3.4285634000E-03
                    5                  6                  7                  8                  9        
    0     -2.6420000000E-07  -2.1801485900E-01   1.0128143160E-01  -6.6885414200E-02  -2.1801548480E-01
    1     -7.7231027100E-02   1.0128418060E-01  -1.0106186400E-01   3.8616004400E-02  -1.0128127690E-01
    2     -5.6018454700E-02  -6.2733552500E-02   3.6219992800E-02  -5.6021104600E-02   6.2734584000E-02
    3      4.7410000000E-07  -1.3427623000E-03   2.6429680900E-02   6.1272303000E-03  -1.3432253000E-03
    4      8.3431966000E-02   2.0482849000E-03  -1.7785620700E-02  -3.3298185000E-03  -2.0485529000E-03
    5      7.2771698600E-02   1.7992600000E-04   6.9713387000E-03   3.8980422000E-03  -1.7977510000E-04
    6      1.7992600000E-04   2.4283167760E-01  -1.1454647310E-01   7.2255918700E-02  -2.6005901200E-02
    7      6.9713387000E-03  -1.1454647310E-01   1.1056694360E-01  -4.1716721700E-02  -1.2189716500E-02
    8      3.8980422000E-03   7.2255918700E-02  -4.1716721700E-02   7.2773721100E-02   5.9475634000E-03
    9     -1.7977510000E-04  -2.6005901200E-02  -1.2189716500E-02   5.9475634000E-03   2.4283245760E-01
   10      6.9716261000E-03   1.2190147300E-02   6.8763935000E-03  -3.6413209000E-03   1.1454336360E-01
   11      3.8981022000E-03  -5.9472885000E-03  -3.6411055000E-03   3.8981954000E-03  -7.2257110800E-02
   12     -9.0800000000E-08   1.7794460000E-04  -3.0472010000E-04   3.0739450000E-04   1.7803940000E-04
   13      3.5506410000E-04  -3.0521900000E-04  -1.7467590000E-04  -1.7759940000E-04   3.0520330000E-04
   14     -2.7677691000E-03  -7.8566770000E-04   4.5387970000E-04  -2.7678328000E-03   7.8556120000E-04
   15     -2.7000000000E-07   2.3539004000E-03  -6.7020270000E-04  -1.7752692800E-02   2.3541144000E-03
   16     -2.0498967900E-02  -6.7092080000E-04   1.5788235000E-03   1.0249456100E-02   6.7097950000E-04
   17     -2.1781619300E-02  -2.9693361000E-03   1.7126161000E-03  -2.1781021300E-02   2.9691772000E-03
                   10                 11                 12                 13                 14        
    0     -1.0127828150E-01   6.6886358300E-02  -1.3717126000E-03   2.1600000000E-08   1.7080000000E-07
    1     -1.0105819780E-01   3.8615151000E-02   3.0500000000E-08  -1.3729422000E-03  -6.8300000000E-08
    2      3.6219432600E-02  -5.6022101800E-02   3.3410000000E-07  -3.1920000000E-07   3.2573413000E-03
    3     -2.6430116500E-02  -6.1271980000E-03  -3.4983250000E-04   2.3000000000E-09  -1.7900000000E-08
    4     -1.7785630500E-02  -3.3297361000E-03  -2.0900000000E-08   3.5497740000E-04  -9.0723290000E-04
    5      6.9716261000E-03   3.8981022000E-03  -9.0800000000E-08   3.5506410000E-04  -2.7677691000E-03
    6      1.2190147300E-02  -5.9472885000E-03   1.7794460000E-04  -3.0521900000E-04  -7.8566770000E-04
    7      6.8763935000E-03  -3.6411055000E-03  -3.0472010000E-04  -1.7467590000E-04   4.5387970000E-04
    8     -3.6413209000E-03   3.8981954000E-03   3.0739450000E-04  -1.7759940000E-04  -2.7678328000E-03
    9      1.1454336360E-01  -7.2257110800E-02   1.7803940000E-04   3.0520330000E-04   7.8556120000E-04
   10      1.1056337320E-01  -4.1716237500E-02   3.0473540000E-04  -1.7465850000E-04   4.5382020000E-04
   11     -4.1716237500E-02   7.2775298600E-02  -3.0757600000E-04  -1.7755570000E-04  -2.7675643000E-03
   12      3.0473540000E-04  -3.0757600000E-04   5.8756400000E-04  -9.5000000000E-09   1.2820000000E-07
   13     -1.7465850000E-04  -1.7755570000E-04  -9.5000000000E-09   5.8822370000E-04  -4.7000000000E-09
   14      4.5382020000E-04  -2.7675643000E-03   1.2820000000E-07  -4.7000000000E-09   1.2186567500E-02
   15      6.7015170000E-04   1.7752815000E-02   7.7799720000E-04   1.3000000000E-09  -1.7460000000E-07
   16      1.5787201000E-03   1.0249483800E-02  -1.5300000000E-08   7.7907550000E-04  -3.9390000000E-07
   17      1.7126795000E-03  -2.1781930200E-02  -1.9000000000E-07   4.1490000000E-07  -7.1407426000E-03
                   15                 16                 17        
     0     -2.6971800700E-02   4.7900000000E-08  -3.7590000000E-07
     1      1.3700000000E-08  -2.6972859000E-02   8.6200000000E-08
     2     -5.9800000000E-07  -2.3449000000E-06  -1.0141817380E-01
     3      1.1935958000E-03  -1.4760000000E-07  -1.9560000000E-07
     4     -2.0400000000E-08   2.7424940000E-03  -3.4285634000E-03
     5     -2.7000000000E-07  -2.0498967900E-02  -2.1781619300E-02
     6      2.3539004000E-03  -6.7092080000E-04  -2.9693361000E-03
     7     -6.7020270000E-04   1.5788235000E-03   1.7126161000E-03
     8     -1.7752692800E-02   1.0249456100E-02  -2.1781021300E-02
     9      2.3541144000E-03   6.7097950000E-04   2.9691772000E-03
    10      6.7015170000E-04   1.5787201000E-03   1.7126795000E-03
    11      1.7752815000E-02   1.0249483800E-02  -2.1781930200E-02
    12      7.7799720000E-04  -1.5300000000E-08  -1.9000000000E-07
    13      1.3000000000E-09   7.7907550000E-04   4.1490000000E-07
    14     -1.7460000000E-07  -3.9390000000E-07  -7.1407426000E-03
    15      2.0292192900E-02   5.6400000000E-08   9.2040000000E-07
    16      5.6400000000E-08   2.0293745900E-02   2.7667000000E-06
    17      9.2040000000E-07   2.7667000000E-06   1.7390348720E-01

$vibrational_frequencies
18
    0        0.0000000000000000
    1        0.0000000000000000
    2        0.0000000000000000
    3        0.0000000000000000
    4        0.0000000000000000
    5        0.0000000000000000
    6       93.3507538318352914
    7       93.3536682656083059
    8       93.4046658312013847
    9      634.1283946557550735
   10      983.4190859798449083
   11      983.4290983063970089
   12     1306.5346751668505476
   13     1438.7590457384364981
   14     1438.7994898144270337
   15     3061.1922452495023208
   16     3075.2718335980462143
   17     3075.2907193830451433

$normal_modes
18 18
                    0                  1                  2                  3                  4        
    0      0.0000000000E+00   0.0000000000E+00   0.0000000000E+00   0.0000000000E+00   0.0000000000E+00
    1      0.0000000000E+00   0.0000000000E+00   0.0000000000E+00   0.0000000000E+00   0.0000000000E+00
    2      0.0000000000E+00   0.0000000000E+00   0.0000000000E+00   0.0000000000E+00   0.0000000000E+00
    3      0.0000000000E+00   0.0000000000E+00   0.0000000000E+00   0.0000000000E+00   0.0000000000E+00
    4      0.0000000000E+00   0.0000000000E+00   0.0000000000E+00   0.0000000000E+00   0.0000000000E+00
    5      0.0000000000E+00   0.0000000000E+00   0.0000000000E+00   0.0000000000E+00   0.0000000000E+00
    6      0.0000000000E+00   0.0000000000E+00   0.0000000000E+00   0.0000000000E+00   0.0000000000E+00
    7      0.0000000000E+00   0.0000000000E+00   0.0000000000E+00   0.0000000000E+00   0.0000000000E+00
    8      0.0000000000E+00   0.0000000000E+00   0.0000000000E+00   0.0000000000E+00   0.0000000000E+00
    9      0.0000000000E+00   0.0000000000E+00   0.0000000000E+00   0.0000000000E+00   0.0000000000E+00
   10      0.0000000000E+00   0.0000000000E+00   0.0000000000E+00   0.0000000000E+00   0.0000000000E+00
   11      0.0000000000E+00   0.0000000000E+00   0.0000000000E+00   0.0000000000E+00   0.0000000000E+00
   12      0.0000000000E+00   0.0000000000E+00   0.0000000000E+00   0.0000000000E+00   0.0000000000E+00
   13      0.0000000000E+00   0.0000000000E+00   0.0000000000E+00   0.0000000000E+00   0.0000000000E+00
   14      0.0000000000E+00   0.0000000000E+00   0.0000000000E+00   0.0000000000E+00   0.0000000000E+00
   15      0.0000000000E+00   0.0000000000E+00   0.0000000000E+00   0.0000000000E+00   0.0000000000E+00
   16      0.0000000000E+00   0.0000000000E+00   0.0000000000E+00   0.0000000000E+00   0.0000000000E+00
   17      0.0000000000E+00   0.0000000000E+00   0.0000000000E+00   0.0000000000E+00   0.0000000000E+00
                    5                  6                  7                  8                  9        
    0      0.0000000000E+00   3.3772054280E-01  -3.6968907467E-01   4.9835691606E-03   4.6981677574E-06
    1      0.0000000000E+00   3.4600857608E-02   1.5958285943E-02  -3.9420238975E-01   1.2156810941E-05
    2      0.0000000000E+00   2.3218110143E-01   1.5793634579E-01   1.5197670942E-02   6.4212112916E-01
    3      0.0000000000E+00   4.1479758095E-01  -4.5406762106E-01   6.1528952934E-03   6.6981139069E-07
    4      0.0000000000E+00   4.5060327888E-02   2.1237831635E-02  -4.8951067218E-01   4.3681018472E-02
    5      0.0000000000E+00   1.9446282130E-01   1.3772178584E-01   2.9724524871E-01   4.1537801907E-01
    6      0.0000000000E+00   4.1989849614E-01  -4.5676902338E-01   8.6598284652E-03   3.7813745749E-02
    7      0.0000000000E+00   3.9523324470E-02   2.1196608164E-02  -4.8564037341E-01  -2.1833343177E-02
    8      0.0000000000E+00   2.1822916108E-02   3.8465105393E-01  -1.3018761473E-01   4.1540220578E-01
    9      0.0000000000E+00   4.1671116756E-01  -4.5903145307E-01   3.6533653365E-03  -3.7810484770E-02
   10      0.0000000000E+00   4.3626280950E-02   1.6698081332E-02  -4.8552643387E-01  -2.1832126692E-02
   11      0.0000000000E+00   4.4159307430E-01  -7.4858297365E-02  -1.2399114162E-01   4.1539149247E-01
   12      0.0000000000E+00  -1.5983049731E-02   1.7494023065E-02  -2.3591289642E-04  -2.2945520662E-08
   13      0.0000000000E+00  -1.6387194871E-03  -7.5608133065E-04   1.8654666807E-02  -2.1531290502E-07
   14      0.0000000000E+00  -9.1351678106E-02  -6.2138838827E-02  -5.9769014360E-03   1.7435041895E-04
   15      0.0000000000E+00  -9.2785686159E-02   1.0157591716E-01  -1.3689707624E-03  -1.6213054673E-06
   16      0.0000000000E+00  -9.5019606405E-03  -4.3814016557E-03   1.0830819916E-01  -3.7899540417E-06
   17      0.0000000000E+00   2.2961833696E-01   1.5618849009E-01   1.5020408491E-02  -2.5359724259E-01
                   10                 11                 12                 13                 14        
    0     -2.3096887312E-02   1.1009676449E-01  -1.7781269597E-06   3.4928755215E-03   7.1963107504E-02
    1      1.1009875923E-01   2.3097848369E-02  -5.2582423644E-07   7.1957033201E-02  -3.4931564921E-03
    2     -1.9657711968E-06  -2.7308846034E-06  -9.8482353695E-02   6.4093842886E-07  -1.0553636642E-06
    3      4.9098703991E-02  -2.3402722663E-01   1.0621925028E-05  -3.6331315145E-02  -7.4857695873E-01
    4     -1.5226564033E-01  -3.1945344069E-02  -1.8454523564E-01   1.2197003348E-01  -5.9177810864E-03
    5      7.4312434525E-01   1.5590882311E-01   5.4403505597E-01  -2.9397902166E-01   1.4272513644E-02
    6      8.1521373032E-04  -1.8014337314E-01  -1.5983886447E-01  -3.8159480756E-01  -7.7375590038E-02
    7     -2.0618665779E-01  -8.0207488401E-02   9.2276464621E-02  -5.4922931215E-01  -3.5118910148E-01
    8     -5.0656282074E-01   5.6562036057E-01   5.4406215550E-01   1.3461389032E-01  -2.6168265471E-01
    9      7.1645172060E-02  -1.6528242807E-01   1.5984849946E-01   3.7230246755E-01  -1.1395747006E-01
   10     -2.2103345066E-01  -9.4205261873E-03   9.2269303389E-02  -5.1264272908E-01   4.0273131554E-01
   11     -2.3652768604E-01  -7.2150415207E-01   5.4407046142E-01   1.5932503270E-01   2.4742748397E-01
   12     -1.2222247719E-05   5.8213451183E-05  -2.4267543259E-08   1.0067662547E-06   2.0529724778E-05
   13      5.8238753543E-05   1.2223642029E-05  -2.7116239058E-08   2.0647915312E-05  -9.9991166683E-07
   14     -5.0078011084E-08  -5.2369674260E-08  -5.1994050876E-04  -1.8964757494E-08   5.2735497728E-09
   15      4.4124941258E-03  -2.1032659385E-02   1.1332367957E-07   1.1022925754E-04   2.2699120718E-03
   16     -2.1032495420E-02  -4.4124190169E-03   2.6006537488E-07   2.2713191431E-03  -1.1018071873E-04
   17     -1.1687014957E-07   4.0093950153E-07  -1.1180239006E-02   9.9082588539E-07  -1.5442656879E-07
                   15                 16                 17        
     0     -2.2146610948E-05  -8.9657869362E-02  -1.7738774090E-02
     1     -7.5349160127E-05  -1.7738489530E-02   8.9658047493E-02
     2      3.6905746458E-02  -1.5367826348E-05   2.9547808901E-05
     3     -1.0717429598E-05  -4.2204046127E-02  -8.3532497283E-03
     4     -5.5335211039E-01   1.5004351440E-01  -7.5760942145E-01
     5     -1.6093409675E-01   4.8989768684E-02  -2.4738698314E-01
     6     -4.7992958164E-01   4.8903051071E-01   4.5599882975E-01
     7      2.7704421594E-01  -3.1506343623E-01  -2.2588589016E-01
     8     -1.6120357728E-01   1.8974571805E-01   1.6586599436E-01
     9      4.8020465375E-01   6.2558858789E-01  -2.3546882097E-01
    10      2.7721402359E-01   3.7719206319E-01  -8.8914229972E-02
    11     -1.6131330153E-01  -2.3853378451E-01   8.1132026304E-02
    12      1.2504972740E-08   1.4944686516E-05   2.9562134489E-06
    13      3.6769332851E-09   2.9671909338E-06  -1.4961623869E-05
    14      6.5768887451E-05  -3.0939204828E-08   5.2351358560E-08
    15     -5.7920529673E-08  -1.6952541982E-04  -3.3534567498E-05
    16     -2.4894950436E-07  -3.3538974995E-05   1.6936901069E-04
    17      1.0068990169E-03  -4.1764301421E-07   8.6119791648E-07

#
# The atoms: label  mass x y z (in bohrs)
#
$atoms
6
 C     12.01100     -0.000071440706    -0.000073725379    -3.784198948073
 H      1.00800     -0.000075698094     1.942921218972    -3.141867976018
 H      1.00800      1.682603741617    -0.971568022641    -3.141843828887
 H      1.00800     -1.682752695697    -0.971561783353    -3.141843688870
 I    126.90000      0.000033537350     0.000039206707     2.431576480847
 Cl    35.45300     -0.000089452685    -0.000109428254    -7.153529515596

$actual_temperature
  0.000000

$frequency_scale_factor
  1.000000


$end

