*************************************************
******************* ORCA 6.1.0 ******************
*************************************************
$Calculation_Status
   &GeometryIndex 0
   &version [&Type "String"] "6.1.0"
   &progName [&Type "String"] "orca"
   &Status [&Type "String"] "NORMAL TERMINATION"
$End
$Geometry
   &GeometryIndex 1
   &NAtoms [&Type "Integer"] 6
   &NCorelessECP [&Type "Integer"] 0
   &NGhostAtoms [&Type "Integer"] 0
   &CartesianCoordinates [&Type "Coordinates", &Dim(6,4), &Units "Bohr"] 
              C     -0.000018897261   -0.000068030141   -0.818043546113
              H     -0.000000000000    1.942957829388   -0.176472075016
              H      1.682519553063   -0.971341909549   -0.176481523647
              H     -1.682508214706   -0.971328681466   -0.176483413373
              I      0.000003779452    0.000020786987    5.283749859489
              Cl     0.000001889726    0.000011338357   -4.190613210883
$End
$Single_Point_Data
   &GeometryIndex 1
   &FinalEnergy [&Type "Double"]      -1.2286172506600000e+01  "Final single point energy"
   &Converged [&Type "Boolean"] true
$End
$Geometry
   &GeometryIndex 2
   &NAtoms [&Type "Integer"] 6
   &NCorelessECP [&Type "Integer"] 0
   &NGhostAtoms [&Type "Integer"] 0
   &CartesianCoordinates [&Type "Coordinates", &Dim(6,4), &Units "Bohr"] 
              C     -0.000009003017   -0.000006514940   -0.825233730817
              H      0.000006486852    1.942392470207   -0.183273023280
              H      1.682155845366   -0.971095723894   -0.183230034347
              H     -1.682160213475   -0.971099055759   -0.183222749038
              I      0.000002553161    0.000025051156    5.319283245311
              Cl     0.000002441387    0.000035106805   -4.198667617372
$End
$Single_Point_Data
   &GeometryIndex 2
   &FinalEnergy [&Type "Double"]      -1.2286224436190000e+01  "Final single point energy"
   &Converged [&Type "Boolean"] true
$End
$Geometry
   &GeometryIndex 3
   &NAtoms [&Type "Integer"] 6
   &NCorelessECP [&Type "Integer"] 0
   &NGhostAtoms [&Type "Integer"] 0
   &CartesianCoordinates [&Type "Coordinates", &Dim(6,4), &Units "Bohr"] 
              C      0.000001056117    0.000054446559   -0.835351578992
              H      0.000005039253    1.942822389036   -0.193111560633
              H      1.682514366546   -0.971330140616   -0.193073772218
              H     -1.682517297971   -0.971330970127   -0.193067931312
              I     -0.000000733816    0.000019914865    5.367470149437
              Cl    -0.000004319854    0.000015693860   -4.207209215825
$End
$Single_Point_Data
   &GeometryIndex 3
   &FinalEnergy [&Type "Double"]      -1.2286254457469999e+01  "Final single point energy"
   &Converged [&Type "Boolean"] true
$End
$Geometry
   &GeometryIndex 4
   &NAtoms [&Type "Integer"] 6
   &NCorelessECP [&Type "Integer"] 0
   &NGhostAtoms [&Type "Integer"] 0
   &CartesianCoordinates [&Type "Coordinates", &Dim(6,4), &Units "Bohr"] 
              C      0.000001403057    0.000056245845   -0.837458140667
              H      0.000002929733    1.943003023573   -0.195192286101
              H      1.682642659220   -0.971422111144   -0.195167119548
              H     -1.682642686233   -0.971418827377   -0.195163441943
              I     -0.000000810197    0.000021694732    5.376290207727
              Cl    -0.000005385306    0.000011307947   -4.207653129011
$End
$Single_Point_Data
   &GeometryIndex 4
   &FinalEnergy [&Type "Double"]      -1.2286255733290000e+01  "Final single point energy"
   &Converged [&Type "Boolean"] true
$End
$Geometry
   &GeometryIndex 5
   &NAtoms [&Type "Integer"] 6
   &NCorelessECP [&Type "Integer"] 0
   &NGhostAtoms [&Type "Integer"] 0
   &CartesianCoordinates [&Type "Coordinates", &Dim(6,4), &Units "Bohr"] 
              C      0.000000647194    0.000051511925   -0.838040618105
              H      0.000002256321    1.943024031670   -0.195612930110
              H      1.682656990768   -0.971435164250   -0.195591397999
              H     -1.682657041195   -0.971431116335   -0.195588142478
              I     -0.000000179098    0.000025946771    5.377768652578
              Cl    -0.000004563715    0.000016123794   -4.207279473428
$End
$Single_Point_Data
   &GeometryIndex 5
   &FinalEnergy [&Type "Double"]      -1.2286255882570000e+01  "Final single point energy"
   &Converged [&Type "Boolean"] true
$End
$Hessian
   &GeometryIndex 5
   &HESSIAN [&Type "ArrayOfDoubles", &Dim (18,18)] "The Hessian"
                                                         0                           1                           2                           3                           4                           5                           6                           7

0                                      5.0693841309999998e-01        -2.8229999999999998e-07        -9.9510000000000001e-07        -4.2593067900000003e-02        -1.6665000000000001e-06        -5.1080000000000005e-07        -2.1800119930000000e-01         1.0127365540000000e-01
1                                     -2.8229999999999998e-07         5.0693822970000002e-01         2.6280000000000000e-07        -1.6609000000000001e-06        -2.7648111199999997e-01        -7.7237688799999996e-02         1.0127640920000000e-01        -1.0105799420000000e-01
2                                     -9.9510000000000001e-07         2.6280000000000000e-07         2.6629768129999998e-01        -4.7849999999999995e-07        -7.2441553300000003e-02        -5.6028671100000003e-02        -6.2737010999999995e-02         3.6222109699999998e-02
3                                     -4.2593067900000003e-02        -1.6609000000000001e-06        -4.7849999999999995e-07         4.4436023200000001e-02         1.9174999999999999e-06         6.1910000000000003e-07        -1.3430955000000000e-03         2.6430720000000001e-02
4                                     -1.6665000000000001e-06        -2.7648111199999997e-01        -7.2441553300000003e-02         1.9174999999999999e-06         3.0895725280000003e-01         8.3438168199999996e-02         2.0489893999999999e-03        -1.7787128499999999e-02
5                                     -5.1080000000000005e-07        -7.7237688799999996e-02        -5.6028671100000003e-02         6.1910000000000003e-07         8.3438168199999996e-02         7.2780489599999998e-02         1.7975610000000000e-04         6.9718877999999998e-03
6                                     -2.1800119930000000e-01         1.0127640920000000e-01        -6.2737010999999995e-02        -1.3430955000000000e-03         2.0489893999999999e-03         1.7975610000000000e-04         2.4282022100000000e-01        -1.1453933950000000e-01
7                                      1.0127365540000000e-01        -1.0105799420000000e-01         3.6222109699999998e-02         2.6430720000000001e-02        -1.7787128499999999e-02         6.9718877999999998e-03        -1.1453933950000000e-01         1.1056452620000000e-01
8                                     -6.6890405999999999e-02         3.8618883200000002e-02        -5.6030723599999999e-02         6.1276535999999996e-03        -3.3302847000000000e-03         3.8982629999999999e-03         7.2260460200000001e-02        -4.1719511399999999e-02
9                                     -2.1800252949999999e-01        -1.0127444100000001e-01         6.2738852700000000e-02        -1.3435175000000000e-03        -2.0492357000000002e-03        -1.7961430000000000e-04        -2.6008022200000001e-02        -1.2189887599999999e-02
10                                    -1.0127170230000000e-01        -1.0105526280000000e-01         3.6222162299999999e-02        -2.6430901300000000e-02        -1.7786832200000002e-02         6.9721345000000002e-03         1.2190281300000000e-02         6.8765010000000001e-03
11                                     6.6892267199999994e-02         3.8618799900000000e-02        -5.6031824600000002e-02        -6.1276433000000000e-03        -3.3301937000000002e-03         3.8983148999999998e-03        -5.9478824000000000e-03        -3.6412186000000001e-03
12                                    -1.3693727000000000e-03         2.4000000000000000e-09         2.0199999999999999e-08        -3.5021359999999998e-04         2.1999999999999998e-09        -1.1600000000000000e-08         1.7758509999999999e-04        -3.0474199999999999e-04
13                                    -3.2000000000000001e-09        -1.3705519999999999e-03        -5.2269999999999999e-07         9.1999999999999997e-09         3.5462440000000003e-04         3.5519369999999998e-04        -3.0520580000000002e-04        -1.7508110000000001e-04
14                                     1.2700000000000000e-08        -2.5820000000000002e-07         3.2526411000000002e-03        -1.5399999999999999e-08        -9.0710020000000005e-04        -2.7673234000000001e-03        -7.8560100000000003e-04         4.5385720000000002e-04
15                                    -2.6972243800000000e-02        -2.7500000000000001e-08        -3.8830000000000000e-07         1.1938713000000001e-03        -6.8999999999999997e-09        -2.3850000000000002e-07         2.3545110000000001e-03        -6.7040630000000001e-04
16                                    -1.0999999999999999e-09        -2.6973308599999999e-02        -2.4588000000000001e-06        -8.4400000000000001e-08         2.7431955000000001e-03        -2.0499695400000000e-02        -6.7113470000000001e-04         1.5791766000000000e-03
17                                    -3.6800000000000001e-07         1.0999999999999999e-09        -1.0145910310000000e-01        -1.3560000000000000e-07        -3.4290363000000000e-03        -2.1781073000000001e-02        -2.9697218000000001e-03         1.7128753999999999e-03
                                                         8                           9                          10                          11                          12                          13                          14                          15

0                                     -6.6890405999999999e-02        -2.1800252949999999e-01        -1.0127170230000000e-01         6.6892267199999994e-02        -1.3693727000000000e-03        -3.2000000000000001e-09         1.2700000000000000e-08        -2.6972243800000000e-02
1                                      3.8618883200000002e-02        -1.0127444100000001e-01        -1.0105526280000000e-01         3.8618799900000000e-02         2.4000000000000000e-09        -1.3705519999999999e-03        -2.5820000000000002e-07        -2.7500000000000001e-08
2                                     -5.6030723599999999e-02         6.2738852700000000e-02         3.6222162299999999e-02        -5.6031824600000002e-02         2.0199999999999999e-08        -5.2269999999999999e-07         3.2526411000000002e-03        -3.8830000000000000e-07
3                                      6.1276535999999996e-03        -1.3435175000000000e-03        -2.6430901300000000e-02        -6.1276433000000000e-03        -3.5021359999999998e-04         9.1999999999999997e-09        -1.5399999999999999e-08         1.1938713000000001e-03
4                                     -3.3302847000000000e-03        -2.0492357000000002e-03        -1.7786832200000002e-02        -3.3301937000000002e-03         2.1999999999999998e-09         3.5462440000000003e-04        -9.0710020000000005e-04        -6.8999999999999997e-09
5                                      3.8982629999999999e-03        -1.7961430000000000e-04         6.9721345000000002e-03         3.8983148999999998e-03        -1.1600000000000000e-08         3.5519369999999998e-04        -2.7673234000000001e-03        -2.3850000000000002e-07
6                                      7.2260460200000001e-02        -2.6008022200000001e-02         1.2190281300000000e-02        -5.9478824000000000e-03         1.7758509999999999e-04        -3.0520580000000002e-04        -7.8560100000000003e-04         2.3545110000000001e-03
7                                     -4.1719511399999999e-02        -1.2189887599999999e-02         6.8765010000000001e-03        -3.6412186000000001e-03        -3.0474199999999999e-04        -1.7508110000000001e-04         4.5385720000000002e-04        -6.7040630000000001e-04
8                                      7.2782391099999996e-02         5.9481070999999998e-03        -3.6414060999999998e-03         3.8984305000000002e-03         3.0753209999999999e-04        -1.7759790000000000e-04        -2.7675949999999999e-03        -1.7753346999999999e-02
9                                      5.9481070999999998e-03         2.4282175180000001e-01         1.1453717450000001e-01        -7.2262445699999997e-02         1.7759680000000000e-04         3.0519040000000002e-04         7.8558730000000002e-04         2.3547206000000000e-03
10                                    -3.6414060999999998e-03         1.1453717450000001e-01         1.1056157140000000e-01        -4.1719575699999997e-02         3.0474050000000002e-04        -1.7510130000000001e-04         4.5384750000000001e-04         6.7040730000000003e-04
11                                     3.8984305000000002e-03        -7.2262445699999997e-02        -4.1719575699999997e-02         7.2783728100000000e-02        -3.0756440000000000e-04        -1.7756790000000001e-04        -2.7676251000000002e-03         1.7753268499999999e-02
12                                     3.0753209999999999e-04         1.7759680000000000e-04         3.0474050000000002e-04        -3.0756440000000000e-04         5.8724780000000000e-04        -1.3999999999999999e-09         4.8900000000000001e-08         7.7715650000000005e-04
13                                    -1.7759790000000000e-04         3.0519040000000002e-04        -1.7510130000000001e-04        -1.7756790000000001e-04        -1.3999999999999999e-09         5.8790280000000001e-04        -9.6699999999999999e-08         1.0800000000000001e-08
14                                    -2.7675949999999999e-03         7.8558730000000002e-04         4.5384750000000001e-04        -2.7676251000000002e-03         4.8900000000000001e-08        -9.6699999999999999e-08         1.2188272199999999e-02        -3.2500000000000000e-08
15                                    -1.7753346999999999e-02         2.3547206000000000e-03         6.7040730000000003e-04         1.7753268499999999e-02         7.7715650000000005e-04         1.0800000000000001e-08        -3.2500000000000000e-08         2.0291984400000001e-02
16                                     1.0249916899999999e-02         6.7119949999999999e-04         1.5791240999999999e-03         1.0249756000000000e-02        -1.6999999999999999e-09         7.7820720000000001e-04        -2.4960000000000001e-07         2.2500000000000000e-08
17                                    -2.1780766000000000e-02         2.9695129000000000e-03         1.7128374000000000e-03        -2.1781023800000000e-02        -2.5300000000000002e-08         5.9149999999999997e-07        -7.1383697999999997e-03         7.3779999999999995e-07
                                                        16                          17

0                                     -1.0999999999999999e-09        -3.6800000000000001e-07
1                                     -2.6973308599999999e-02         1.0999999999999999e-09
2                                     -2.4588000000000001e-06        -1.0145910310000000e-01
3                                     -8.4400000000000001e-08        -1.3560000000000000e-07
4                                      2.7431955000000001e-03        -3.4290363000000000e-03
5                                     -2.0499695400000000e-02        -2.1781073000000001e-02
6                                     -6.7113470000000001e-04        -2.9697218000000001e-03
7                                      1.5791766000000000e-03         1.7128753999999999e-03
8                                      1.0249916899999999e-02        -2.1780766000000000e-02
9                                      6.7119949999999999e-04         2.9695129000000000e-03
10                                     1.5791240999999999e-03         1.7128374000000000e-03
11                                     1.0249756000000000e-02        -2.1781023800000000e-02
12                                    -1.6999999999999999e-09        -2.5300000000000002e-08
13                                     7.7820720000000001e-04         5.9149999999999997e-07
14                                    -2.4960000000000001e-07        -7.1383697999999997e-03
15                                     2.2500000000000000e-08         7.3779999999999995e-07
16                                     2.0293605300000000e-02         2.7309000000000000e-06
17                                     2.7309000000000000e-06         1.7394033570000000e-01
   &MODES [&Type "ArrayOfDoubles", &Dim (18,18)] "The modes of vibrations"
                                                         0                           1                           2                           3                           4                           5                           6                           7

0                                      0.0000000000000000e+00         0.0000000000000000e+00         0.0000000000000000e+00         0.0000000000000000e+00         0.0000000000000000e+00         0.0000000000000000e+00        -2.2159917718675190e-01         4.4328436990507034e-04
1                                      0.0000000000000000e+00         0.0000000000000000e+00         0.0000000000000000e+00         0.0000000000000000e+00         0.0000000000000000e+00         0.0000000000000000e+00        -3.9661892003823809e-04         2.2522315989164911e-02
2                                      0.0000000000000000e+00         0.0000000000000000e+00         0.0000000000000000e+00         0.0000000000000000e+00         0.0000000000000000e+00         0.0000000000000000e+00         2.6501780685844018e-04         1.1973474133892026e-01
3                                      0.0000000000000000e+00         0.0000000000000000e+00         0.0000000000000000e+00         0.0000000000000000e+00         0.0000000000000000e+00         0.0000000000000000e+00        -2.7214743882181242e-01         5.4454911830649358e-04
4                                      0.0000000000000000e+00         0.0000000000000000e+00         0.0000000000000000e+00         0.0000000000000000e+00         0.0000000000000000e+00         0.0000000000000000e+00        -4.9032550781837785e-04         2.9049279083279620e-02
5                                      0.0000000000000000e+00         0.0000000000000000e+00         0.0000000000000000e+00         0.0000000000000000e+00         0.0000000000000000e+00         0.0000000000000000e+00         5.3617898562997488e-04         9.6930104886330928e-02
6                                      0.0000000000000000e+00         0.0000000000000000e+00         0.0000000000000000e+00         0.0000000000000000e+00         0.0000000000000000e+00         0.0000000000000000e+00        -2.7448996156585270e-01         1.3422898639809354e-03
7                                      0.0000000000000000e+00         0.0000000000000000e+00         0.0000000000000000e+00         0.0000000000000000e+00         0.0000000000000000e+00         0.0000000000000000e+00         8.3293177855273831e-04         2.7200660266304192e-02
8                                      0.0000000000000000e+00         0.0000000000000000e+00         0.0000000000000000e+00         0.0000000000000000e+00         0.0000000000000000e+00         0.0000000000000000e+00         1.3782332110378481e-01         1.2089765026232246e-01
9                                      0.0000000000000000e+00         0.0000000000000000e+00         0.0000000000000000e+00         0.0000000000000000e+00         0.0000000000000000e+00         0.0000000000000000e+00        -2.7450012066888013e-01        -2.4436069441242139e-04
10                                     0.0000000000000000e+00         0.0000000000000000e+00         0.0000000000000000e+00         0.0000000000000000e+00         0.0000000000000000e+00         0.0000000000000000e+00        -1.8122498214784939e-03         2.7206375429791544e-02
11                                     0.0000000000000000e+00         0.0000000000000000e+00         0.0000000000000000e+00         0.0000000000000000e+00         0.0000000000000000e+00         0.0000000000000000e+00        -1.3760769093298386e-01         1.2144836561259825e-01
12                                     0.0000000000000000e+00         0.0000000000000000e+00         0.0000000000000000e+00         0.0000000000000000e+00         0.0000000000000000e+00         0.0000000000000000e+00         1.0486616813196750e-02        -2.0990494625212327e-05
13                                     0.0000000000000000e+00         0.0000000000000000e+00         0.0000000000000000e+00         0.0000000000000000e+00         0.0000000000000000e+00         0.0000000000000000e+00         1.8770751458928918e-05        -1.0658061931253144e-03
14                                     0.0000000000000000e+00         0.0000000000000000e+00         0.0000000000000000e+00         0.0000000000000000e+00         0.0000000000000000e+00         0.0000000000000000e+00        -1.0387617666390282e-04        -4.7110900007744039e-02
15                                     0.0000000000000000e+00         0.0000000000000000e+00         0.0000000000000000e+00         0.0000000000000000e+00         0.0000000000000000e+00         0.0000000000000000e+00         6.0885754797066649e-02        -1.2174464539441917e-04
16                                     0.0000000000000000e+00         0.0000000000000000e+00         0.0000000000000000e+00         0.0000000000000000e+00         0.0000000000000000e+00         0.0000000000000000e+00         1.0896629869380167e-04        -6.1881560583270127e-03
17                                     0.0000000000000000e+00         0.0000000000000000e+00         0.0000000000000000e+00         0.0000000000000000e+00         0.0000000000000000e+00         0.0000000000000000e+00         2.6065309877274623e-04         1.1841731032729545e-01
                                                         8                           9                          10                          11                          12                          13                          14                          15

0                                      4.4400122272120483e-04        -1.2715613461405689e-06         3.4162299815224026e-03         1.0425494886695705e-01        -5.3354382173885497e-07         5.4582595574111960e-04         6.9799033320504189e-02        -1.7271006711009207e-06
1                                     -2.2045310877758581e-01        -4.9670505451183008e-06        -1.0425648108036679e-01         3.4164221875516844e-03        -6.0937666625354713e-07         6.9793508099918189e-02        -5.4584352780677199e-04        -7.7087287132195464e-05
2                                      1.2236293078651162e-02        -2.3050548414426514e-01         2.7830023369354376e-06        -7.9387222299032155e-07        -9.3107079074200474e-02         6.2990307682672992e-07        -3.7010779662085696e-07         3.6493036348348787e-02
3                                      5.4338657607520509e-04        -7.6340589371411162e-07        -7.2646592099791484e-03        -2.2162360263432518e-01         2.8900904239738932e-06        -5.6738935979649156e-03        -7.2609713453991942e-01        -1.9868806445257047e-06
4                                     -2.7372529341703022e-01        -1.5674896208892859e-02         1.4420594900786896e-01        -4.7250734663940482e-03        -1.7447559515996880e-01         1.1832142572694317e-01        -9.2037123199870997e-04        -5.4706266711417795e-01
5                                      1.6975635658997154e-01        -1.4914251986862889e-01        -7.0364274487589984e-01         2.3062840324126383e-02         5.1426834848432390e-01        -2.8517391026520444e-01         2.2317027025055163e-03        -1.5912602169626780e-01
6                                      1.9814389627722116e-03        -1.3569335878438121e-02         2.8174835970904047e-02        -1.6466239543831712e-01        -1.5111759917654469e-01        -3.6636570836472993e-01        -8.9930105912437885e-02        -4.7462660185686578e-01
7                                     -2.7157658765537845e-01         7.8342505922349547e-03         2.0118925754031045e-01        -4.0141791061611858e-02         8.7238716331718813e-02        -5.1784636385354899e-01        -3.6162096113455133e-01         2.7398815914384617e-01
8                                     -6.7818030863275411e-02        -1.4914764945262707e-01         3.7177691984297301e-01         5.9784149281786203e-01         5.1429701936211769e-01         1.4064023460080319e-01        -2.4804594139306077e-01        -1.5944949226286018e-01
9                                     -8.7988395671834325e-04         1.3567793016510656e-02        -3.8891572679598738e-02        -1.6246875220381615e-01         1.5112278908743640e-01         3.6490993810415773e-01        -9.5637473557809757e-02         4.7464892079638760e-01
10                                    -2.7157546839536517e-01         7.8341876052311268e-03         2.0338788325011847e-01         2.6883862548098044e-02         8.7237775357090791e-02        -5.1213576466228283e-01         3.6967099250779806e-01         2.7400145534614406e-01
11                                    -6.7264923982244554e-02        -1.4914706818169629e-01         3.3183306379263694e-01        -6.2089980345174511e-01         5.1429640298338308e-01         1.4449671978321249e-01         2.4581969544240356e-01        -1.5946260191620781e-01
12                                    -2.1013057360731718e-05         3.5271140278691300e-08         1.8193434076398050e-06         5.5237525356210601e-05        -6.8998228834258263e-09         1.6387354164651876e-07         1.9962105357648749e-05         6.6749220410779614e-09
13                                     1.0432341069043729e-02         1.0008327621182897e-07        -5.5266719918452112e-05         1.8169864263853007e-06        -1.8146062946031514e-08         2.0078539975799209e-05        -1.5699960155424547e-07         2.3024957890367229e-09
14                                    -4.8128540313881335e-03        -6.1815784761969347e-05         9.3250033147646364e-09         1.6723537453280463e-09        -4.9135717681018107e-04        -3.0822006431139610e-08        -8.3726170952173216e-10         6.5021336657202170e-05
15                                    -1.2197678114162043e-04         3.7011067020785883e-07        -6.5263774294055648e-04        -1.9915692452826362e-02        -2.4276054484167701e-08         1.7205597906075960e-05         2.2020323058637545e-03        -1.6854900719719772e-08
16                                     6.0570630867047892e-02         1.5081474590125434e-06         1.9915510295243074e-02        -6.5264875966616225e-04         2.4591028839202670e-07         2.2033733647407543e-03        -1.7224143526739985e-05        -2.4708024114626834e-07
17                                     1.2095740034893188e-02         9.1034962585565038e-02        -4.4753724016011328e-08         1.3417904873858193e-07        -1.0564474445012554e-02         9.4765111552252982e-07        -2.6761983667118007e-08         9.9549695654873932e-04
                                                        16                          17

0                                      8.7126815382394723e-02        -1.7387821012788019e-03
1                                      1.7387478791716924e-03         8.7127093864441452e-02
2                                      1.0328723471016866e-06         3.1609692052374752e-05
3                                      4.1016998112591775e-02        -8.2372764437092501e-04
4                                     -1.4710078721453622e-02        -7.3627151564766724e-01
5                                     -4.8037740089452918e-03        -2.4045281254836173e-01
6                                     -5.3488283349130683e-01         3.4675273436395071e-01
7                                      3.3331979586350791e-01        -1.5965145060896427e-01
8                                     -2.0573100457607982e-01         1.2417200452198102e-01
9                                     -5.4827780982810026e-01        -3.2513103506894375e-01
10                                    -3.3940712646322624e-01        -1.4621675896624503e-01
11                                     2.1052086466584405e-01         1.1586541132729043e-01
12                                    -1.4510820192356176e-05         2.8932202304062140e-07
13                                    -2.9635635432204574e-07        -1.4528805754692245e-05
14                                     2.2554071756845198e-09         5.2405824894645400e-08
15                                     1.6478261058126964e-04        -3.2876927229254465e-06
16                                     3.3084771492816962e-06         1.6464118887328175e-04
17                                     3.7604422836912120e-08         9.1404288107393959e-07
$End
$THERMOCHEMISTRY_Energies
   &GeometryIndex 5
   &temperature [&Type "Double"]       2.9814999999999998e+02
   &pressure [&Type "Double"]       1.0000000000000000e+00
   &totalMass [&Type "Double"]       1.7738800000000001e+02
   &spinDegeneracy [&Type "Integer"] 1
   &elEnergy [&Type "Double"]      -1.2286255882570000e+01
   &transEnergy [&Type "Double"]       1.4162714244859817e-03
   &rotEnergy [&Type "Double"]       1.4162714244859817e-03
   &vibEnergy [&Type "Double"]       2.4865560382381665e-03
   &numOfFreqs [&Type "Integer"] 18
   &freqScalingFactor [&Type "Double"]       1.0000000000000000e+00
   &FREQ [&Type "ArrayOfDoubles", &Units "cm^-1", &Dim (18,1)] 
                                                         0

0                                      0.0000000000000000e+00
1                                      0.0000000000000000e+00
2                                      0.0000000000000000e+00
3                                      0.0000000000000000e+00
4                                      0.0000000000000000e+00
5                                      0.0000000000000000e+00
6                                      9.3327990287764806e+01
7                                      9.3359200071536989e+01
8                                      9.3379613265704791e+01
9                                      6.3422234347060237e+02
10                                     9.8343501968023168e+02
11                                     9.8344241615391672e+02
12                                     1.3065985516720375e+03
13                                     1.4387897577418851e+03
14                                     1.4388270027038600e+03
15                                     3.0611649276110020e+03
16                                     3.0752206795187449e+03
17                                     3.0752407649137817e+03
   &zpe [&Type "Double"]       3.7081753339800447e-02
   &innerEnergyU [&Type "Double"]      -1.2243855030342990e+01
   &enthalpyH [&Type "Double"]      -1.2242910821300731e+01
   &qEl [&Type "Double"]       0.0000000000000000e+00
   &qRot [&Type "Double"]       1.1304510921225941e-02
   &qVib [&Type "Double"]       4.8858808637607916e-03
   &qTrans [&Type "Double"]       1.9683005332529695e-02
   &entropyS [&Type "Double"]       3.5873397117516428e-02
   &freeEnergyG [&Type "Double"]      -1.2278784218418247e+01
   &isLinear [&Type "Boolean"] false
$End
$Calculation_Info
   &GeometryIndex 5
   &Mult [&Type "Integer"] 1
   &Charge [&Type "Integer"] -1
   &NumOfAtoms [&Type "Integer"] 6
   &NumOfElectrons [&Type "Integer"] 0
   &NumOfBasisFuncts [&Type "Integer"] 0
   &NumOfAuxCBasisFuncts [&Type "Integer"] 0
   &NumOfAuxJBasisFuncts [&Type "Integer"] 0
   &NumOfAuxJKBasisFuncts [&Type "Integer"] 0
   &NumOfCABSBasisFuncts [&Type "Integer"] 0
$End
$Calculation_Timings
   &GeometryIndex 5
   &GSTEP [&Type "Double"]       1.0172999999999988e-02
   &XTB [&Type "Double"]       4.4328999999999980e-01
   &XTBGRAD [&Type "Double"]       1.6710000000001446e-03
   &SUM [&Type "Double"]       4.5513399999999993e-01
$End
