*************************************************
******************* ORCA 6.1.0 ******************
*************************************************
$Calculation_Status
   &GeometryIndex 0
   &version [&Type "String"] "6.1.0"
   &progName [&Type "String"] "orca"
   &Status [&Type "String"] "NORMAL TERMINATION"
$End
$Geometry
   &GeometryIndex 1
   &NAtoms [&Type "Integer"] 6
   &NCorelessECP [&Type "Integer"] 0
   &NGhostAtoms [&Type "Integer"] 0
   &CartesianCoordinates [&Type "Coordinates", &Dim(6,4), &Units "Bohr"] 
              C     -0.000253223302   -0.000170075352   -0.815970516544
              H     -0.000136060282    1.942749959513   -0.174612584500
              H      1.682457192101   -0.971574345864   -0.174578569430
              H     -1.682632936631   -0.971513874627   -0.174656048202
              I      0.000015117809    0.000007558905    5.274441068553
              Cl    -0.000103934937   -0.000137950008   -4.189035289561
$End
$Single_Point_Data
   &GeometryIndex 1
   &FinalEnergy [&Type "Double"]      -1.2286154089069999e+01  "Final single point energy"
   &Converged [&Type "Boolean"] true
$End
$Geometry
   &GeometryIndex 2
   &NAtoms [&Type "Integer"] 6
   &NCorelessECP [&Type "Integer"] 0
   &NGhostAtoms [&Type "Integer"] 0
   &CartesianCoordinates [&Type "Coordinates", &Dim(6,4), &Units "Bohr"] 
              C     -0.000188033420   -0.000146153677   -0.823983645401
              H     -0.000095934041    1.942184507362   -0.182165720909
              H      1.681959848635   -0.971247851478   -0.182144363629
              H     -1.682247410777   -0.971298272954   -0.182147964744
              I      0.000009786783    0.000004530886    5.314019784944
              Cl    -0.000092102422   -0.000135487571   -4.197990029944
$End
$Single_Point_Data
   &GeometryIndex 2
   &FinalEnergy [&Type "Double"]      -1.2286218208279999e+01  "Final single point energy"
   &Converged [&Type "Boolean"] true
$End
$Geometry
   &GeometryIndex 3
   &NAtoms [&Type "Integer"] 6
   &NCorelessECP [&Type "Integer"] 0
   &NGhostAtoms [&Type "Integer"] 0
   &CartesianCoordinates [&Type "Coordinates", &Dim(6,4), &Units "Bohr"] 
              C     -0.000123004292   -0.000122189391   -0.834870406157
              H     -0.000110528666    1.942667038761   -0.192753963263
              H      1.682374698656   -0.971498828867   -0.192732424422
              H     -1.682653537322   -0.971527360028   -0.192727289224
              I     -0.000011562744   -0.000005215028    5.365766710332
              Cl    -0.000129910873   -0.000152172881   -4.207094566950
$End
$Single_Point_Data
   &GeometryIndex 3
   &FinalEnergy [&Type "Double"]      -1.2286254002650001e+01  "Final single point energy"
   &Converged [&Type "Boolean"] true
$End
$Geometry
   &GeometryIndex 4
   &NAtoms [&Type "Integer"] 6
   &NCorelessECP [&Type "Integer"] 0
   &NGhostAtoms [&Type "Integer"] 0
   &CartesianCoordinates [&Type "Coordinates", &Dim(6,4), &Units "Bohr"] 
              C     -0.000118499725   -0.000120392256   -0.837319817219
              H     -0.000123841814    1.942854217362   -0.195170766305
              H      1.682536812022   -0.971604363389   -0.195146920246
              H     -1.682791274326   -0.971603447758   -0.195149228978
              I     -0.000016355125   -0.000007764801    5.376060100015
              Cl    -0.000140686275   -0.000156976592   -4.207685306951
$End
$Single_Point_Data
   &GeometryIndex 4
   &FinalEnergy [&Type "Double"]      -1.2286255683660000e+01  "Final single point energy"
   &Converged [&Type "Boolean"] true
$End
$Geometry
   &GeometryIndex 5
   &NAtoms [&Type "Integer"] 6
   &NCorelessECP [&Type "Integer"] 0
   &NGhostAtoms [&Type "Integer"] 0
   &CartesianCoordinates [&Type "Coordinates", &Dim(6,4), &Units "Bohr"] 
              C     -0.000121746877   -0.000121424293   -0.837983025255
              H     -0.000126004265    1.942873520058   -0.195652053199
              H      1.682553435446   -0.971615721555   -0.195627906068
              H     -1.682803001869   -0.971609482267   -0.195627766051
              I     -0.000016768821   -0.000008492207    5.377792403666
              Cl    -0.000139758857   -0.000157127169   -4.207313592777
$End
$Single_Point_Data
   &GeometryIndex 5
   &FinalEnergy [&Type "Double"]      -1.2286255864259999e+01  "Final single point energy"
   &Converged [&Type "Boolean"] true
$End
$Hessian
   &GeometryIndex 5
   &HESSIAN [&Type "ArrayOfDoubles", &Dim (18,18)] "The Hessian"
                                                         0                           1                           2                           3                           4                           5                           6                           7

0                                      5.0696646930000000e-01        -2.2432000000000000e-06        -4.7490000000000000e-07        -4.2592612199999998e-02        -9.7640000000000009e-07        -2.6420000000000000e-07        -2.1801485900000001e-01         1.0128143160000000e-01
1                                     -2.2432000000000000e-06         5.0696379240000000e-01        -1.4630000000000001e-07        -7.0480000000000001e-07        -2.7649792940000001e-01        -7.7231027100000002e-02         1.0128418060000000e-01        -1.0106186400000000e-01
2                                     -4.7490000000000000e-07        -1.4630000000000001e-07         2.6622249360000000e-01        -2.9289999999999998e-07        -7.2436615100000004e-02        -5.6018454699999998e-02        -6.2733552499999998e-02         3.6219992800000003e-02
3                                     -4.2592612199999998e-02        -7.0480000000000001e-07        -2.9289999999999998e-07         4.4434836499999998e-02         1.2857000000000000e-06         4.7409999999999999e-07        -1.3427623000000001e-03         2.6429680899999999e-02
4                                     -9.7640000000000009e-07        -2.7649792940000001e-01        -7.2436615100000004e-02         1.2857000000000000e-06         3.0897170909999999e-01         8.3431965999999996e-02         2.0482848999999999e-03        -1.7785620700000001e-02
5                                     -2.6420000000000000e-07        -7.7231027100000002e-02        -5.6018454699999998e-02         4.7409999999999999e-07         8.3431965999999996e-02         7.2771698600000004e-02         1.7992600000000001e-04         6.9713387000000003e-03
6                                     -2.1801485900000001e-01         1.0128418060000000e-01        -6.2733552499999998e-02        -1.3427623000000001e-03         2.0482848999999999e-03         1.7992600000000001e-04         2.4283167759999999e-01        -1.1454647310000000e-01
7                                      1.0128143160000000e-01        -1.0106186400000000e-01         3.6219992800000003e-02         2.6429680899999999e-02        -1.7785620700000001e-02         6.9713387000000003e-03        -1.1454647310000000e-01         1.1056694359999999e-01
8                                     -6.6885414200000007e-02         3.8616004400000001e-02        -5.6021104600000003e-02         6.1272302999999997e-03        -3.3298185000000002e-03         3.8980422000000001e-03         7.2255918700000005e-02        -4.1716721700000001e-02
9                                     -2.1801548479999999e-01        -1.0128127689999999e-01         6.2734583999999996e-02        -1.3432253000000001e-03        -2.0485528999999998e-03        -1.7977510000000000e-04        -2.6005901200000001e-02        -1.2189716499999999e-02
10                                    -1.0127828150000000e-01        -1.0105819780000000e-01         3.6219432599999997e-02        -2.6430116500000000e-02        -1.7785630500000000e-02         6.9716261000000003e-03         1.2190147300000001e-02         6.8763935000000003e-03
11                                     6.6886358300000004e-02         3.8615151000000000e-02        -5.6022101800000002e-02        -6.1271980000000004e-03        -3.3297360999999998e-03         3.8981022000000001e-03        -5.9472885000000000e-03        -3.6411055000000001e-03
12                                    -1.3717126000000000e-03         3.0500000000000002e-08         3.3410000000000001e-07        -3.4983250000000002e-04        -2.0899999999999999e-08        -9.0800000000000006e-08         1.7794459999999999e-04        -3.0472010000000000e-04
13                                     2.1600000000000002e-08        -1.3729421999999999e-03        -3.1920000000000000e-07         2.2999999999999999e-09         3.5497740000000000e-04         3.5506410000000002e-04        -3.0521900000000002e-04        -1.7467590000000001e-04
14                                     1.7079999999999999e-07        -6.8299999999999996e-08         3.2573413000000001e-03        -1.7900000000000001e-08        -9.0723289999999999e-04        -2.7677690999999998e-03        -7.8566770000000001e-04         4.5387969999999999e-04
15                                    -2.6971800700000000e-02         1.3700000000000000e-08        -5.9800000000000003e-07         1.1935958000000000e-03        -2.0400000000000001e-08        -2.7000000000000001e-07         2.3539004000000001e-03        -6.7020269999999997e-04
16                                     4.7899999999999999e-08        -2.6972858999999998e-02        -2.3449000000000002e-06        -1.4760000000000000e-07         2.7424939999999998e-03        -2.0498967900000001e-02        -6.7092080000000004e-04         1.5788235000000000e-03
17                                    -3.7590000000000002e-07         8.6200000000000004e-08        -1.0141817380000000e-01        -1.9560000000000000e-07        -3.4285634000000001e-03        -2.1781619299999999e-02        -2.9693361000000000e-03         1.7126161000000000e-03
                                                         8                           9                          10                          11                          12                          13                          14                          15

0                                     -6.6885414200000007e-02        -2.1801548479999999e-01        -1.0127828150000000e-01         6.6886358300000004e-02        -1.3717126000000000e-03         2.1600000000000002e-08         1.7079999999999999e-07        -2.6971800700000000e-02
1                                      3.8616004400000001e-02        -1.0128127689999999e-01        -1.0105819780000000e-01         3.8615151000000000e-02         3.0500000000000002e-08        -1.3729421999999999e-03        -6.8299999999999996e-08         1.3700000000000000e-08
2                                     -5.6021104600000003e-02         6.2734583999999996e-02         3.6219432599999997e-02        -5.6022101800000002e-02         3.3410000000000001e-07        -3.1920000000000000e-07         3.2573413000000001e-03        -5.9800000000000003e-07
3                                      6.1272302999999997e-03        -1.3432253000000001e-03        -2.6430116500000000e-02        -6.1271980000000004e-03        -3.4983250000000002e-04         2.2999999999999999e-09        -1.7900000000000001e-08         1.1935958000000000e-03
4                                     -3.3298185000000002e-03        -2.0485528999999998e-03        -1.7785630500000000e-02        -3.3297360999999998e-03        -2.0899999999999999e-08         3.5497740000000000e-04        -9.0723289999999999e-04        -2.0400000000000001e-08
5                                      3.8980422000000001e-03        -1.7977510000000000e-04         6.9716261000000003e-03         3.8981022000000001e-03        -9.0800000000000006e-08         3.5506410000000002e-04        -2.7677690999999998e-03        -2.7000000000000001e-07
6                                      7.2255918700000005e-02        -2.6005901200000001e-02         1.2190147300000001e-02        -5.9472885000000000e-03         1.7794459999999999e-04        -3.0521900000000002e-04        -7.8566770000000001e-04         2.3539004000000001e-03
7                                     -4.1716721700000001e-02        -1.2189716499999999e-02         6.8763935000000003e-03        -3.6411055000000001e-03        -3.0472010000000000e-04        -1.7467590000000001e-04         4.5387969999999999e-04        -6.7020269999999997e-04
8                                      7.2773721099999994e-02         5.9475633999999996e-03        -3.6413208999999998e-03         3.8981953999999998e-03         3.0739450000000001e-04        -1.7759939999999999e-04        -2.7678327999999999e-03        -1.7752692800000001e-02
9                                      5.9475633999999996e-03         2.4283245760000000e-01         1.1454336360000000e-01        -7.2257110799999996e-02         1.7803940000000001e-04         3.0520329999999998e-04         7.8556120000000001e-04         2.3541144000000002e-03
10                                    -3.6413208999999998e-03         1.1454336360000000e-01         1.1056337320000000e-01        -4.1716237500000003e-02         3.0473540000000002e-04        -1.7465849999999999e-04         4.5382019999999998e-04         6.7015170000000004e-04
11                                     3.8981953999999998e-03        -7.2257110799999996e-02        -4.1716237500000003e-02         7.2775298599999996e-02        -3.0757600000000000e-04        -1.7755570000000000e-04        -2.7675642999999998e-03         1.7752815000000002e-02
12                                     3.0739450000000001e-04         1.7803940000000001e-04         3.0473540000000002e-04        -3.0757600000000000e-04         5.8756399999999995e-04        -9.5000000000000007e-09         1.2820000000000000e-07         7.7799719999999996e-04
13                                    -1.7759939999999999e-04         3.0520329999999998e-04        -1.7465849999999999e-04        -1.7755570000000000e-04        -9.5000000000000007e-09         5.8822370000000004e-04        -4.6999999999999999e-09         1.3000000000000001e-09
14                                    -2.7678327999999999e-03         7.8556120000000001e-04         4.5382019999999998e-04        -2.7675642999999998e-03         1.2820000000000000e-07        -4.6999999999999999e-09         1.2186567500000000e-02        -1.7459999999999999e-07
15                                    -1.7752692800000001e-02         2.3541144000000002e-03         6.7015170000000004e-04         1.7752815000000002e-02         7.7799719999999996e-04         1.3000000000000001e-09        -1.7459999999999999e-07         2.0292192899999999e-02
16                                     1.0249456100000000e-02         6.7097950000000000e-04         1.5787201000000001e-03         1.0249483800000000e-02        -1.5300000000000001e-08         7.7907550000000001e-04        -3.9390000000000000e-07         5.6400000000000002e-08
17                                    -2.1781021300000002e-02         2.9691772000000000e-03         1.7126795000000001e-03        -2.1781930200000001e-02        -1.9000000000000001e-07         4.1489999999999999e-07        -7.1407425999999996e-03         9.2040000000000001e-07
                                                        16                          17

0                                      4.7899999999999999e-08        -3.7590000000000002e-07
1                                     -2.6972858999999998e-02         8.6200000000000004e-08
2                                     -2.3449000000000002e-06        -1.0141817380000000e-01
3                                     -1.4760000000000000e-07        -1.9560000000000000e-07
4                                      2.7424939999999998e-03        -3.4285634000000001e-03
5                                     -2.0498967900000001e-02        -2.1781619299999999e-02
6                                     -6.7092080000000004e-04        -2.9693361000000000e-03
7                                      1.5788235000000000e-03         1.7126161000000000e-03
8                                      1.0249456100000000e-02        -2.1781021300000002e-02
9                                      6.7097950000000000e-04         2.9691772000000000e-03
10                                     1.5787201000000001e-03         1.7126795000000001e-03
11                                     1.0249483800000000e-02        -2.1781930200000001e-02
12                                    -1.5300000000000001e-08        -1.9000000000000001e-07
13                                     7.7907550000000001e-04         4.1489999999999999e-07
14                                    -3.9390000000000000e-07        -7.1407425999999996e-03
15                                     5.6400000000000002e-08         9.2040000000000001e-07
16                                     2.0293745900000000e-02         2.7667000000000001e-06
17                                     2.7667000000000001e-06         1.7390348720000001e-01
   &MODES [&Type "ArrayOfDoubles", &Dim (18,18)] "The modes of vibrations"
                                                         0                           1                           2                           3                           4                           5                           6                           7

0                                      0.0000000000000000e+00         0.0000000000000000e+00         0.0000000000000000e+00         0.0000000000000000e+00         0.0000000000000000e+00         0.0000000000000000e+00         1.3709791891298315e-01        -1.7407839239109438e-01
1                                      0.0000000000000000e+00         0.0000000000000000e+00         0.0000000000000000e+00         0.0000000000000000e+00         0.0000000000000000e+00         0.0000000000000000e+00         1.4046245251313793e-02         7.5144031906653700e-03
2                                      0.0000000000000000e+00         0.0000000000000000e+00         0.0000000000000000e+00         0.0000000000000000e+00         0.0000000000000000e+00         0.0000000000000000e+00         9.4254100008666908e-02         7.4368725121777238e-02
3                                      0.0000000000000000e+00         0.0000000000000000e+00         0.0000000000000000e+00         0.0000000000000000e+00         0.0000000000000000e+00         0.0000000000000000e+00         1.6838740292927956e-01        -2.1381037993044408e-01
4                                      0.0000000000000000e+00         0.0000000000000000e+00         0.0000000000000000e+00         0.0000000000000000e+00         0.0000000000000000e+00         0.0000000000000000e+00         1.8292275405342975e-02         1.0000424254297584e-02
5                                      0.0000000000000000e+00         0.0000000000000000e+00         0.0000000000000000e+00         0.0000000000000000e+00         0.0000000000000000e+00         0.0000000000000000e+00         7.8942334645877590e-02         6.4850136827139013e-02
6                                      0.0000000000000000e+00         0.0000000000000000e+00         0.0000000000000000e+00         0.0000000000000000e+00         0.0000000000000000e+00         0.0000000000000000e+00         1.7045812344563654e-01        -2.1508241041483342e-01
7                                      0.0000000000000000e+00         0.0000000000000000e+00         0.0000000000000000e+00         0.0000000000000000e+00         0.0000000000000000e+00         0.0000000000000000e+00         1.6044524530320067e-02         9.9810130354372299e-03
8                                      0.0000000000000000e+00         0.0000000000000000e+00         0.0000000000000000e+00         0.0000000000000000e+00         0.0000000000000000e+00         0.0000000000000000e+00         8.8590298897611268e-03         1.8112365684636109e-01
9                                      0.0000000000000000e+00         0.0000000000000000e+00         0.0000000000000000e+00         0.0000000000000000e+00         0.0000000000000000e+00         0.0000000000000000e+00         1.6916422491077032e-01        -2.1614773841901400e-01
10                                     0.0000000000000000e+00         0.0000000000000000e+00         0.0000000000000000e+00         0.0000000000000000e+00         0.0000000000000000e+00         0.0000000000000000e+00         1.7710122927553418e-02         7.8627564442611212e-03
11                                     0.0000000000000000e+00         0.0000000000000000e+00         0.0000000000000000e+00         0.0000000000000000e+00         0.0000000000000000e+00         0.0000000000000000e+00         1.7926505444335455e-01        -3.5249113255642756e-02
12                                     0.0000000000000000e+00         0.0000000000000000e+00         0.0000000000000000e+00         0.0000000000000000e+00         0.0000000000000000e+00         0.0000000000000000e+00        -6.4883315588894650e-03         8.2375477671564369e-03
13                                     0.0000000000000000e+00         0.0000000000000000e+00         0.0000000000000000e+00         0.0000000000000000e+00         0.0000000000000000e+00         0.0000000000000000e+00        -6.6523945952864255e-04        -3.5602194269568165e-04
14                                     0.0000000000000000e+00         0.0000000000000000e+00         0.0000000000000000e+00         0.0000000000000000e+00         0.0000000000000000e+00         0.0000000000000000e+00        -3.7084285289608714e-02        -2.9259802112884096e-02
15                                     0.0000000000000000e+00         0.0000000000000000e+00         0.0000000000000000e+00         0.0000000000000000e+00         0.0000000000000000e+00         0.0000000000000000e+00        -3.7666421982250814e-02         4.7829848316128028e-02
16                                     0.0000000000000000e+00         0.0000000000000000e+00         0.0000000000000000e+00         0.0000000000000000e+00         0.0000000000000000e+00         0.0000000000000000e+00        -3.8573283655957834e-03        -2.0631049411578028e-03
17                                     0.0000000000000000e+00         0.0000000000000000e+00         0.0000000000000000e+00         0.0000000000000000e+00         0.0000000000000000e+00         0.0000000000000000e+00         9.3213743765447901e-02         7.3545698610163482e-02
                                                         8                           9                          10                          11                          12                          13                          14                          15

0                                      2.7942758383416103e-03         1.6865474664706713e-06        -2.1415830645046940e-02         1.0208379236920309e-01        -1.6808811762413243e-06         3.3841564024918278e-03         6.9722878131396410e-02        -2.1896000316390138e-05
1                                     -2.2102837898063460e-01         4.3640499341364029e-06         1.0208546069268529e-01         2.1416759775332816e-02        -4.9706690301071315e-07         6.9717301149037569e-02        -3.3844136647358460e-03        -7.4496510452414928e-05
2                                      8.5212993626298771e-03         2.3050853427821436e-01        -1.8226968192126175e-06        -2.5321276072979728e-06        -9.3096352659943343e-02         6.2098860216111267e-07        -1.0225099317319327e-06         3.6488121727781445e-02
3                                      3.4499143285162135e-03         2.4044877967418315e-07         4.5525161695750833e-02        -2.1699444959045047e-01         1.0041011828282007e-05        -3.5200467924350685e-02        -7.2527357247489632e-01        -1.0596151366659595e-05
4                                     -2.7446751510930706e-01         1.5680604618868887e-02        -1.4118331713671886e-01        -2.9620324323662368e-02        -1.7445245462122347e-01         1.1817359856366301e-01        -5.7335590944558095e-03        -5.4709038835299340e-01
5                                      1.6666473159680514e-01         1.4911233099154675e-01         6.8903765737063605e-01         1.4456159543630284e-01         5.1428177261972607e-01        -2.8482864110684225e-01         1.3828206756592075e-02        -1.5911296954855625e-01
6                                      4.8555460283233563e-03         1.3574372049648184e-02         7.5588017346776772e-04        -1.6703232638693746e-01        -1.5109727516991164e-01        -3.6971730117658358e-01        -7.4966868743049878e-02        -4.7449870754646067e-01
7                                     -2.7229744743687229e-01        -7.8377298388870344e-03        -1.9117981071857862e-01        -7.4369892980379076e-02         8.7229863729225185e-02        -5.3213402014558076e-01        -3.4025649770839822e-01         2.7390918881595727e-01
8                                     -7.2995898031935569e-02         1.4912101353213070e-01        -4.6969374848836010e-01         5.2445384491376545e-01         5.1430739007567972e-01         1.3042390316076938e-01        -2.5353640881391404e-01        -1.5937940064456177e-01
9                                      2.0484335943688320e-03        -1.3573201424080672e-02         6.6430634164044794e-02        -1.5325297839466645e-01         1.5110638322163070e-01         3.6071419421266532e-01        -1.1040994577733576e-01         4.7477066694736947e-01
10                                    -2.7223356179568131e-01        -7.8372931450174273e-03        -2.0494601208770841e-01        -8.7348892021276679e-03         8.7223094145687560e-02        -4.9668622975630228e-01         3.9019418987093651e-01         2.7407707493002309e-01
11                                    -6.9521549722168965e-02         1.4911716766901348e-01        -2.1931253327432124e-01        -6.6899223057415080e-01         5.1431524174811649e-01         1.5436588741035911e-01         2.3972500506993805e-01        -1.5948788325806404e-01
12                                    -1.3227582184157673e-04        -8.2369791241745184e-09        -1.1332678023443045e-05         5.3976607680305692e-05        -2.2940351044244917e-08         9.7542968416013148e-07         1.9890629357434858e-05         1.2363466704702682e-08
13                                     1.0459629042993553e-02        -7.7292990204644384e-08         5.3999972637368557e-05         1.1333990973602724e-05        -2.5633251638335850e-08         2.0005229035529619e-05        -9.6878416881634336e-07         3.6353251774447896e-09
14                                    -3.3512349748740407e-03         6.2588283889677097e-05        -4.6433192054272119e-08        -4.8558147721015383e-08        -4.9150495646890498e-04        -1.8374461127561075e-08         5.1093828613959152e-09         6.5024647961153719e-05
15                                    -7.6757877768997729e-04        -5.8201596228420675e-07         4.0913403457339109e-03        -1.9501877676193748e-02         1.0712600625660447e-07         1.0679826559460600e-04         2.1992491464638826e-03        -5.7265102051762061e-08
16                                     6.0728159730265824e-02        -1.3605170605041332e-06        -1.9501691023184893e-02        -4.0912779668252014e-03         2.4584239659022796e-07         2.2006221443383331e-03        -1.0675076564640582e-04        -2.4613239646790783e-07
17                                     8.4219087116330447e-03        -9.1036295228371714e-02        -1.0836401012620787e-07         3.7175865265209014e-07        -1.0568791608737988e-02         9.5998547417922958e-07        -1.4961923143233194e-07         9.9550496657937614e-04
                                                        16                          17

0                                     -8.5488875636865816e-02        -1.6913936729133373e-02
1                                     -1.6913668997518946e-02         8.5489027306197354e-02
2                                     -1.4653239083814365e-05         2.8173861829354388e-05
3                                     -4.0241603736466160e-02        -7.9648309781772605e-03
4                                      1.4306665364210031e-01        -7.2238125107912154e-01
5                                      4.6711797551446624e-02        -2.3588370645831774e-01
6                                      4.6629112213224444e-01         4.3479528607091839e-01
7                                     -3.0041332800764564e-01        -2.1538239535215453e-01
8                                      1.8092274786624721e-01         1.5815337181283132e-01
9                                      5.9649939677153607e-01        -2.2451972832655673e-01
10                                     3.5965304117719771e-01        -8.4779796644590719e-02
11                                    -2.2744222212526713e-01         7.7359458587445834e-02
12                                     1.4249774794429298e-05         2.8187521290665542e-06
13                                     2.8292197721986683e-06        -1.4265921545796453e-05
14                                    -2.9500565345385140e-08         4.9917066527155326e-08
15                                    -1.6164267158411062e-04        -3.1975239665785032e-05
16                                    -3.1979449018067174e-05         1.6149350097027136e-04
17                                    -3.9822306682549563e-07         8.2115297239376788e-07
$End
$THERMOCHEMISTRY_Energies
   &GeometryIndex 5
   &temperature [&Type "Double"]       2.9814999999999998e+02
   &pressure [&Type "Double"]       1.0000000000000000e+00
   &totalMass [&Type "Double"]       1.7738800000000001e+02
   &spinDegeneracy [&Type "Integer"] 1
   &elEnergy [&Type "Double"]      -1.2286255864259999e+01
   &transEnergy [&Type "Double"]       1.4162714244859817e-03
   &rotEnergy [&Type "Double"]       1.4162714244859817e-03
   &vibEnergy [&Type "Double"]       2.4865293997600154e-03
   &numOfFreqs [&Type "Integer"] 18
   &freqScalingFactor [&Type "Double"]       1.0000000000000000e+00
   &FREQ [&Type "ArrayOfDoubles", &Units "cm^-1", &Dim (18,1)] 
                                                         0

0                                      0.0000000000000000e+00
1                                      0.0000000000000000e+00
2                                      0.0000000000000000e+00
3                                      0.0000000000000000e+00
4                                      0.0000000000000000e+00
5                                      0.0000000000000000e+00
6                                      9.3350753831835291e+01
7                                      9.3353668265608306e+01
8                                      9.3404665831201385e+01
9                                      6.3412839465575507e+02
10                                     9.8341908597984491e+02
11                                     9.8342909830639701e+02
12                                     1.3065346751668505e+03
13                                     1.4387590457384365e+03
14                                     1.4387994898144270e+03
15                                     3.0611922452495023e+03
16                                     3.0752718335980462e+03
17                                     3.0752907193830451e+03
   &zpe [&Type "Double"]       3.7081583408383419e-02
   &innerEnergyU [&Type "Double"]      -1.2243855208602884e+01
   &enthalpyH [&Type "Double"]      -1.2242910999560625e+01
   &qEl [&Type "Double"]       0.0000000000000000e+00
   &qRot [&Type "Double"]       1.1304530955849552e-02
   &qVib [&Type "Double"]       4.8857968092171789e-03
   &qTrans [&Type "Double"]       1.9683005332529695e-02
   &entropyS [&Type "Double"]       3.5873333097596424e-02
   &freeEnergyG [&Type "Double"]      -1.2278784332658221e+01
   &isLinear [&Type "Boolean"] false
$End
$Calculation_Info
   &GeometryIndex 5
   &Mult [&Type "Integer"] 1
   &Charge [&Type "Integer"] -1
   &NumOfAtoms [&Type "Integer"] 6
   &NumOfElectrons [&Type "Integer"] 0
   &NumOfBasisFuncts [&Type "Integer"] 0
   &NumOfAuxCBasisFuncts [&Type "Integer"] 0
   &NumOfAuxJBasisFuncts [&Type "Integer"] 0
   &NumOfAuxJKBasisFuncts [&Type "Integer"] 0
   &NumOfCABSBasisFuncts [&Type "Integer"] 0
$End
$Calculation_Timings
   &GeometryIndex 5
   &GSTEP [&Type "Double"]       1.0796999999999946e-02
   &XTB [&Type "Double"]       7.1934400000000021e-01
   &XTBGRAD [&Type "Double"]       1.5370000000001216e-03
   &SUM [&Type "Double"]       7.3167800000000027e-01
$End
