
$orca_hessian_file

$act_atom
  0

$act_coord
  0

$act_energy
      -12.286256

$multiplicity
  1

$hessian
18
                    0                  1                  2                  3                  4        
    0      5.0693841310E-01  -2.8230000000E-07  -9.9510000000E-07  -4.2593067900E-02  -1.6665000000E-06
    1     -2.8230000000E-07   5.0693822970E-01   2.6280000000E-07  -1.6609000000E-06  -2.7648111200E-01
    2     -9.9510000000E-07   2.6280000000E-07   2.6629768130E-01  -4.7850000000E-07  -7.2441553300E-02
    3     -4.2593067900E-02  -1.6609000000E-06  -4.7850000000E-07   4.4436023200E-02   1.9175000000E-06
    4     -1.6665000000E-06  -2.7648111200E-01  -7.2441553300E-02   1.9175000000E-06   3.0895725280E-01
    5     -5.1080000000E-07  -7.7237688800E-02  -5.6028671100E-02   6.1910000000E-07   8.3438168200E-02
    6     -2.1800119930E-01   1.0127640920E-01  -6.2737011000E-02  -1.3430955000E-03   2.0489894000E-03
    7      1.0127365540E-01  -1.0105799420E-01   3.6222109700E-02   2.6430720000E-02  -1.7787128500E-02
    8     -6.6890406000E-02   3.8618883200E-02  -5.6030723600E-02   6.1276536000E-03  -3.3302847000E-03
    9     -2.1800252950E-01  -1.0127444100E-01   6.2738852700E-02  -1.3435175000E-03  -2.0492357000E-03
   10     -1.0127170230E-01  -1.0105526280E-01   3.6222162300E-02  -2.6430901300E-02  -1.7786832200E-02
   11      6.6892267200E-02   3.8618799900E-02  -5.6031824600E-02  -6.1276433000E-03  -3.3301937000E-03
   12     -1.3693727000E-03   2.4000000000E-09   2.0200000000E-08  -3.5021360000E-04   2.2000000000E-09
   13     -3.2000000000E-09  -1.3705520000E-03  -5.2270000000E-07   9.2000000000E-09   3.5462440000E-04
   14      1.2700000000E-08  -2.5820000000E-07   3.2526411000E-03  -1.5400000000E-08  -9.0710020000E-04
   15     -2.6972243800E-02  -2.7500000000E-08  -3.8830000000E-07   1.1938713000E-03  -6.9000000000E-09
   16     -1.1000000000E-09  -2.6973308600E-02  -2.4588000000E-06  -8.4400000000E-08   2.7431955000E-03
   17     -3.6800000000E-07   1.1000000000E-09  -1.0145910310E-01  -1.3560000000E-07  -3.4290363000E-03
                    5                  6                  7                  8                  9        
    0     -5.1080000000E-07  -2.1800119930E-01   1.0127365540E-01  -6.6890406000E-02  -2.1800252950E-01
    1     -7.7237688800E-02   1.0127640920E-01  -1.0105799420E-01   3.8618883200E-02  -1.0127444100E-01
    2     -5.6028671100E-02  -6.2737011000E-02   3.6222109700E-02  -5.6030723600E-02   6.2738852700E-02
    3      6.1910000000E-07  -1.3430955000E-03   2.6430720000E-02   6.1276536000E-03  -1.3435175000E-03
    4      8.3438168200E-02   2.0489894000E-03  -1.7787128500E-02  -3.3302847000E-03  -2.0492357000E-03
    5      7.2780489600E-02   1.7975610000E-04   6.9718878000E-03   3.8982630000E-03  -1.7961430000E-04
    6      1.7975610000E-04   2.4282022100E-01  -1.1453933950E-01   7.2260460200E-02  -2.6008022200E-02
    7      6.9718878000E-03  -1.1453933950E-01   1.1056452620E-01  -4.1719511400E-02  -1.2189887600E-02
    8      3.8982630000E-03   7.2260460200E-02  -4.1719511400E-02   7.2782391100E-02   5.9481071000E-03
    9     -1.7961430000E-04  -2.6008022200E-02  -1.2189887600E-02   5.9481071000E-03   2.4282175180E-01
   10      6.9721345000E-03   1.2190281300E-02   6.8765010000E-03  -3.6414061000E-03   1.1453717450E-01
   11      3.8983149000E-03  -5.9478824000E-03  -3.6412186000E-03   3.8984305000E-03  -7.2262445700E-02
   12     -1.1600000000E-08   1.7758510000E-04  -3.0474200000E-04   3.0753210000E-04   1.7759680000E-04
   13      3.5519370000E-04  -3.0520580000E-04  -1.7508110000E-04  -1.7759790000E-04   3.0519040000E-04
   14     -2.7673234000E-03  -7.8560100000E-04   4.5385720000E-04  -2.7675950000E-03   7.8558730000E-04
   15     -2.3850000000E-07   2.3545110000E-03  -6.7040630000E-04  -1.7753347000E-02   2.3547206000E-03
   16     -2.0499695400E-02  -6.7113470000E-04   1.5791766000E-03   1.0249916900E-02   6.7119950000E-04
   17     -2.1781073000E-02  -2.9697218000E-03   1.7128754000E-03  -2.1780766000E-02   2.9695129000E-03
                   10                 11                 12                 13                 14        
    0     -1.0127170230E-01   6.6892267200E-02  -1.3693727000E-03  -3.2000000000E-09   1.2700000000E-08
    1     -1.0105526280E-01   3.8618799900E-02   2.4000000000E-09  -1.3705520000E-03  -2.5820000000E-07
    2      3.6222162300E-02  -5.6031824600E-02   2.0200000000E-08  -5.2270000000E-07   3.2526411000E-03
    3     -2.6430901300E-02  -6.1276433000E-03  -3.5021360000E-04   9.2000000000E-09  -1.5400000000E-08
    4     -1.7786832200E-02  -3.3301937000E-03   2.2000000000E-09   3.5462440000E-04  -9.0710020000E-04
    5      6.9721345000E-03   3.8983149000E-03  -1.1600000000E-08   3.5519370000E-04  -2.7673234000E-03
    6      1.2190281300E-02  -5.9478824000E-03   1.7758510000E-04  -3.0520580000E-04  -7.8560100000E-04
    7      6.8765010000E-03  -3.6412186000E-03  -3.0474200000E-04  -1.7508110000E-04   4.5385720000E-04
    8     -3.6414061000E-03   3.8984305000E-03   3.0753210000E-04  -1.7759790000E-04  -2.7675950000E-03
    9      1.1453717450E-01  -7.2262445700E-02   1.7759680000E-04   3.0519040000E-04   7.8558730000E-04
   10      1.1056157140E-01  -4.1719575700E-02   3.0474050000E-04  -1.7510130000E-04   4.5384750000E-04
   11     -4.1719575700E-02   7.2783728100E-02  -3.0756440000E-04  -1.7756790000E-04  -2.7676251000E-03
   12      3.0474050000E-04  -3.0756440000E-04   5.8724780000E-04  -1.4000000000E-09   4.8900000000E-08
   13     -1.7510130000E-04  -1.7756790000E-04  -1.4000000000E-09   5.8790280000E-04  -9.6700000000E-08
   14      4.5384750000E-04  -2.7676251000E-03   4.8900000000E-08  -9.6700000000E-08   1.2188272200E-02
   15      6.7040730000E-04   1.7753268500E-02   7.7715650000E-04   1.0800000000E-08  -3.2500000000E-08
   16      1.5791241000E-03   1.0249756000E-02  -1.7000000000E-09   7.7820720000E-04  -2.4960000000E-07
   17      1.7128374000E-03  -2.1781023800E-02  -2.5300000000E-08   5.9150000000E-07  -7.1383698000E-03
                   15                 16                 17        
     0     -2.6972243800E-02  -1.1000000000E-09  -3.6800000000E-07
     1     -2.7500000000E-08  -2.6973308600E-02   1.1000000000E-09
     2     -3.8830000000E-07  -2.4588000000E-06  -1.0145910310E-01
     3      1.1938713000E-03  -8.4400000000E-08  -1.3560000000E-07
     4     -6.9000000000E-09   2.7431955000E-03  -3.4290363000E-03
     5     -2.3850000000E-07  -2.0499695400E-02  -2.1781073000E-02
     6      2.3545110000E-03  -6.7113470000E-04  -2.9697218000E-03
     7     -6.7040630000E-04   1.5791766000E-03   1.7128754000E-03
     8     -1.7753347000E-02   1.0249916900E-02  -2.1780766000E-02
     9      2.3547206000E-03   6.7119950000E-04   2.9695129000E-03
    10      6.7040730000E-04   1.5791241000E-03   1.7128374000E-03
    11      1.7753268500E-02   1.0249756000E-02  -2.1781023800E-02
    12      7.7715650000E-04  -1.7000000000E-09  -2.5300000000E-08
    13      1.0800000000E-08   7.7820720000E-04   5.9150000000E-07
    14     -3.2500000000E-08  -2.4960000000E-07  -7.1383698000E-03
    15      2.0291984400E-02   2.2500000000E-08   7.3780000000E-07
    16      2.2500000000E-08   2.0293605300E-02   2.7309000000E-06
    17      7.3780000000E-07   2.7309000000E-06   1.7394033570E-01

$vibrational_frequencies
18
    0        0.0000000000000000
    1        0.0000000000000000
    2        0.0000000000000000
    3        0.0000000000000000
    4        0.0000000000000000
    5        0.0000000000000000
    6       93.3279902877648055
    7       93.3592000715369892
    8       93.3796132657047906
    9      634.2223434706023681
   10      983.4350196802316759
   11      983.4424161539167244
   12     1306.5985516720375017
   13     1438.7897577418850688
   14     1438.8270027038599892
   15     3061.1649276110019855
   16     3075.2206795187448733
   17     3075.2407649137817316

$normal_modes
18 18
                    0                  1                  2                  3                  4        
    0      0.0000000000E+00   0.0000000000E+00   0.0000000000E+00   0.0000000000E+00   0.0000000000E+00
    1      0.0000000000E+00   0.0000000000E+00   0.0000000000E+00   0.0000000000E+00   0.0000000000E+00
    2      0.0000000000E+00   0.0000000000E+00   0.0000000000E+00   0.0000000000E+00   0.0000000000E+00
    3      0.0000000000E+00   0.0000000000E+00   0.0000000000E+00   0.0000000000E+00   0.0000000000E+00
    4      0.0000000000E+00   0.0000000000E+00   0.0000000000E+00   0.0000000000E+00   0.0000000000E+00
    5      0.0000000000E+00   0.0000000000E+00   0.0000000000E+00   0.0000000000E+00   0.0000000000E+00
    6      0.0000000000E+00   0.0000000000E+00   0.0000000000E+00   0.0000000000E+00   0.0000000000E+00
    7      0.0000000000E+00   0.0000000000E+00   0.0000000000E+00   0.0000000000E+00   0.0000000000E+00
    8      0.0000000000E+00   0.0000000000E+00   0.0000000000E+00   0.0000000000E+00   0.0000000000E+00
    9      0.0000000000E+00   0.0000000000E+00   0.0000000000E+00   0.0000000000E+00   0.0000000000E+00
   10      0.0000000000E+00   0.0000000000E+00   0.0000000000E+00   0.0000000000E+00   0.0000000000E+00
   11      0.0000000000E+00   0.0000000000E+00   0.0000000000E+00   0.0000000000E+00   0.0000000000E+00
   12      0.0000000000E+00   0.0000000000E+00   0.0000000000E+00   0.0000000000E+00   0.0000000000E+00
   13      0.0000000000E+00   0.0000000000E+00   0.0000000000E+00   0.0000000000E+00   0.0000000000E+00
   14      0.0000000000E+00   0.0000000000E+00   0.0000000000E+00   0.0000000000E+00   0.0000000000E+00
   15      0.0000000000E+00   0.0000000000E+00   0.0000000000E+00   0.0000000000E+00   0.0000000000E+00
   16      0.0000000000E+00   0.0000000000E+00   0.0000000000E+00   0.0000000000E+00   0.0000000000E+00
   17      0.0000000000E+00   0.0000000000E+00   0.0000000000E+00   0.0000000000E+00   0.0000000000E+00
                    5                  6                  7                  8                  9        
    0      0.0000000000E+00  -3.9444542491E-01   1.6495865345E-03   7.9352344149E-04  -3.5418275936E-06
    1      0.0000000000E+00  -7.0597969012E-04   8.3811908798E-02  -3.9399600860E-01  -1.3835303136E-05
    2      0.0000000000E+00   4.7173036814E-04   4.4556684250E-01   2.1868825800E-02  -6.4205371349E-01
    3      0.0000000000E+00  -4.8442107731E-01   2.0264213086E-03   9.7114594249E-04  -2.1264031560E-06
    4      0.0000000000E+00  -8.7277694678E-04   1.0810058479E-01  -4.8920459165E-01  -4.3661110089E-02
    5      0.0000000000E+00   9.5439590751E-04   3.6070433940E-01   3.0339026427E-01  -4.1542399339E-01
    6      0.0000000000E+00  -4.8859075606E-01   4.9950402843E-03   3.5412476011E-03  -3.7796248201E-02
    7      0.0000000000E+00   1.4826143918E-03   1.0122135124E-01  -4.8536440315E-01   2.1821648642E-02
    8      0.0000000000E+00   2.4532482090E-01   4.4989435556E-01  -1.2120506542E-01  -4.1543828141E-01
    9      0.0000000000E+00  -4.8860883921E-01  -9.0933526746E-04  -1.5725374384E-03   3.7791950688E-02
   10      0.0000000000E+00  -3.2257956006E-03   1.0124261898E-01  -4.8536240280E-01   2.1821473197E-02
   11      0.0000000000E+00  -2.4494100028E-01   4.5194372316E-01  -1.2021654725E-01  -4.1543666233E-01
   12      0.0000000000E+00   1.8666125377E-02  -7.8111568189E-05  -3.7554747014E-05   9.8244806100E-08
   13      0.0000000000E+00   3.3411843532E-05  -3.9661663347E-03   1.8644784663E-02   2.7877358054E-07
   14      0.0000000000E+00  -1.8489907391E-04  -1.7531298543E-01  -8.6015810293E-03  -1.7218268930E-04
   15      0.0000000000E+00   1.0837633843E-01  -4.5304626404E-04  -2.1799812748E-04   1.0309122626E-06
   16      0.0000000000E+00   1.9395946562E-04  -2.3027879168E-02   1.0825243941E-01   4.2008183889E-06
   17      0.0000000000E+00   4.6396120962E-04   4.4066430904E-01   2.1617627990E-02   2.5357026104E-01
                   10                 11                 12                 13                 14        
    0      3.6844137176E-03   1.1243904694E-01  -5.6441738752E-07   5.6335941138E-04   7.2041488699E-02
    1     -1.1244091034E-01   3.6846141013E-03  -6.4463830705E-07   7.2035470698E-02  -5.6338001358E-04
    2      3.0014759082E-06  -8.5619183662E-07  -9.8494729373E-02   6.5013732464E-07  -3.8199836558E-07
    3     -7.8349555480E-03  -2.3902123526E-01   3.0573257909E-06  -5.8561549225E-03  -7.4942468433E-01
    4      1.5552652473E-01  -5.0959955673E-03  -1.8457164265E-01   1.2212224071E-01  -9.4994028649E-04
    5     -7.5888069467E-01   2.4873292002E-02   5.4402653711E-01  -2.9433449351E-01   2.3034013134E-03
    6      3.0386640450E-02  -1.7758852708E-01  -1.5986203393E-01  -3.7813439915E-01  -9.2819318558E-02
    7      2.1698318448E-01  -4.3292954230E-02   9.2286793243E-02  -5.3448103678E-01  -3.7323887088E-01
    8      4.0096246177E-01   6.4477253508E-01   5.4405686703E-01   1.4515799212E-01  -2.5601499095E-01
    9     -4.1944671365E-02  -1.7522268107E-01   1.5986752416E-01   3.7663186548E-01  -9.8710048589E-02
   10      2.1935440854E-01   2.8994267571E-02   9.2285797818E-02  -5.2858699717E-01   3.8154752813E-01
   11      3.5788289981E-01  -6.6964094180E-01   5.4405621499E-01   1.4913835838E-01   2.5371722170E-01
   12      1.9621670217E-06   5.9573715915E-05  -7.2990818140E-09   1.6913761794E-07   2.0603434161E-05
   13     -5.9605314073E-05   1.9596213351E-06  -1.9196086665E-08   2.0723518812E-05  -1.6204357687E-07
   14      1.0057042505E-08   1.8036348712E-09  -5.1978960823E-04  -3.1812095445E-08  -8.6416067839E-10
   15     -7.0387165552E-04  -2.1479090469E-02  -2.5680790767E-08   1.7758289812E-05   2.2727776866E-03
   16      2.1478934300E-02  -7.0388221684E-04   2.6013991144E-07   2.2741518771E-03  -1.7777508974E-05
   17     -4.8267018196E-08   1.4471221293E-07  -1.1175788799E-02   9.7809231865E-07  -2.7621774288E-08
                   15                 16                 17        
     0     -1.7468716957E-06   9.1375512898E-02  -1.8235735215E-03
     1     -7.7969745623E-05   1.8235370886E-03   9.1375832116E-02
     2      3.6910791220E-02   1.0832398735E-06   3.3151133432E-05
     3     -2.0096255063E-06   4.3017172424E-02  -8.6389658605E-04
     4     -5.5332517956E-01  -1.5427408681E-02  -7.7217567374E-01
     5     -1.6094762049E-01  -5.0380277529E-03  -2.5217845399E-01
     6     -4.8005990079E-01  -5.6096613926E-01   3.6366207383E-01
     7      2.7712464489E-01   3.4957397642E-01  -1.6743682706E-01
     8     -1.6127479399E-01  -2.1576337870E-01   1.3022723169E-01
     9      4.8008247522E-01  -5.7501431521E-01  -3.4098599596E-01
    10      2.7713809330E-01  -3.5595815279E-01  -1.5334699492E-01
    11     -1.6128805371E-01   2.2078681403E-01   1.2151556885E-01
    12      6.7513333645E-09  -1.5218433405E-05   3.0343076341E-07
    13      2.3288536625E-09  -3.1080803032E-07  -1.5237300553E-05
    14      6.5765669902E-05   2.3653910288E-09   5.4961386236E-08
    15     -1.7047847583E-08   1.7281815584E-04  -3.4480165122E-06
    16     -2.4990869788E-07   3.4698134564E-06   1.7266988909E-04
    17      1.0068929308E-03   3.9438184546E-08   9.5861603026E-07

#
# The atoms: label  mass x y z (in bohrs)
#
$atoms
6
 C     12.01100      0.000001631071     0.000025343273    -3.784243124285
 H      1.00800      0.000003240198     1.942997863017    -3.141815436290
 H      1.00800      1.682657974645    -0.971461332903    -3.141793904179
 H      1.00800     -1.682656057318    -0.971457284987    -3.141790648658
 I    126.90000      0.000000804779    -0.000000221881     2.431566146398
 Cl    35.45300     -0.000003579838    -0.000010044859    -7.153481979608

$actual_temperature
  0.000000

$frequency_scale_factor
  1.000000


$end

